_data/ctd/2013/Sta1086_2013.cnv
* Sea-Bird SBE 9 Data File:
* FileName = C:\Seabird\CTDDATA\sta1086.hex
* Software Version Seasave V 7.21f
* Temperature SN = 4306
* Conductivity SN = 3123
* Number of Bytes Per Scan = 35
* Number of Voltage Words = 4
* Number of Scans Averaged by the Deck Unit = 1
* NMEA Latitude = 60 52.35 N
* NMEA Longitude = 005 24.05 E
* NMEA UTC (Time) = Nov 10 2013 11:37:15
** Ship: 01 F/F "Håkon Mosby"
** Station: 1086
** Echodepth: 478
** Log: 7296.352
** Wind-Dir Force: 09 03
** Air-temp (dry): 5.3
** Weather Sky: 1 5
** Sea Ice: 1 0
** UNIS station:
# nquan = 11                                
# nvalues = 455                         
# units = specified
# name 0 = scan: Scan Count
# name 1 = prDM: Pressure, Digiquartz [db]
# name 2 = t068C: Temperature [ITS-68, deg C]
# name 3 = c0S/m: Conductivity [S/m]
# name 4 = sbeox0V: Oxygen raw, SBE 43 [V]
# name 5 = sbeox0ML/L: Oxygen, SBE 43 [ml/l], WS = 2
# name 6 = sal00: Salinity, Practical [PSU]
# name 7 = sigma-t00: Density [sigma-t, Kg/m^3 ]
# name 8 = svCM: Sound Velocity [Chen-Millero, m/s]
# name 9 = avgsvCM: Average Sound Velocity [Chen-Millero, m/s], minP = 0, minS = 0
# name 10 = flag: flag
# span 0 =        287,       9688       
# span 1 =      2.000,    456.000       
# span 2 =     8.1573,    13.3121       
# span 3 =   2.347716,   3.837066       
# span 4 =     1.7474,     2.7667       
# span 5 =    3.78899,    6.26253       
# span 6 =    20.8948,    35.0830       
# span 7 =    16.0546,    27.3087       
# span 8 =    1470.25,    1497.84       
# span 9 =    1470.25,    1495.46       
# span 10 = 0.0000e+00, 0.0000e+00      
# interval = decibars: 1                
# start_time = Nov 10 2013 11:37:18 [System UTC, first data scan.]
# bad_flag = -9.990e-29
*END*
[from data line 263]
       5921    265.000     8.1660   3.654707     1.9106    4.24322    35.0668    27.3015    1487.53    1488.29 0.0000e+00
       5941    266.000     8.1669   3.654867     1.9110    4.24588    35.0671    27.3016    1487.55    1488.29 0.0000e+00
       5961    267.000     8.1677   3.655028     1.9121    4.25367    35.0675    27.3019    1487.57    1488.29 0.0000e+00
       5981    268.000     8.1682   3.655124     1.9133    4.25046    35.0676    27.3018    1487.59    1488.28 0.0000e+00
       6001    269.000     8.1683   3.655185     1.9131    4.23559    35.0677    27.3019    1487.61    1488.28 0.0000e+00
       6021    270.000     8.1685   3.655248     1.9120    4.23147    35.0677    27.3018    1487.63    1488.28 0.0000e+00
       6041    271.000     8.1688   3.655334     1.9114    4.23195    35.0678    27.3019    1487.64    1488.28 0.0000e+00
       6060    272.000     8.1691   3.655419     1.9107    4.23403    35.0679    27.3020    1487.66    1488.27 0.0000e+00
       6080    273.000     8.1698   3.655554     1.9106    4.23788    35.0682    27.3021    1487.68    1488.27 0.0000e+00
       6100    274.000     8.1703   3.655682     1.9106    4.23364    35.0686    27.3023    1487.70    1488.27 0.0000e+00
       6120    275.000     8.1701   3.655714     1.9097    4.22152    35.0686    27.3024    1487.72    1488.27 0.0000e+00
       6140    276.000     8.1701   3.655770     1.9082    4.21710    35.0688    27.3025    1487.73    1488.27 0.0000e+00
       6160    277.000     8.1699   3.655831     1.9069    4.22150    35.0691    27.3028    1487.75    1488.26 0.0000e+00
       6180    278.000     8.1708   3.655988     1.9069    4.22945    35.0694    27.3029    1487.77    1488.26 0.0000e+00
       6200    279.000     8.1719   3.656189     1.9069    4.23677    35.0700    27.3032    1487.79    1488.26 0.0000e+00
       6221    280.000     8.1727   3.656342     1.9081    4.24593    35.0704    27.3033    1487.81    1488.26 0.0000e+00
       6241    281.000     8.1739   3.656557     1.9089    4.24578    35.0710    27.3036    1487.83    1488.26 0.0000e+00
       6261    282.000     8.1750   3.656755     1.9095    4.24474    35.0715    27.3039    1487.85    1488.26 0.0000e+00
       6281    283.000     8.1756   3.656883     1.9099    4.23821    35.0718    27.3040    1487.87    1488.26 0.0000e+00
       6301    284.000     8.1761   3.656998     1.9089    4.22489    35.0721    27.3041    1487.89    1488.25 0.0000e+00
       6322    285.000     8.1765   3.657092     1.9077    4.21880    35.0722    27.3042    1487.91    1488.25 0.0000e+00
       6342    286.000     8.1773   3.657264     1.9062    4.21056    35.0727    27.3045    1487.93    1488.25 0.0000e+00
       6363    287.000     8.1776   3.657346     1.9041    4.20044    35.0728    27.3045    1487.95    1488.25 0.0000e+00
       6383    288.000     8.1778   3.657431     1.9019    4.19740    35.0731    27.3047    1487.96    1488.25 0.0000e+00
       6403    289.000     8.1782   3.657517     1.9005    4.19377    35.0731    27.3046    1487.98    1488.25 0.0000e+00
       6424    290.000     8.1782   3.657580     1.8984    4.18848    35.0733    27.3048    1488.00    1488.25 0.0000e+00
       6444    291.000     8.1784   3.657676     1.8970    4.19055    35.0736    27.3050    1488.02    1488.25 0.0000e+00
       6464    292.000     8.1786   3.657750     1.8959    4.18961    35.0738    27.3051    1488.03    1488.25 0.0000e+00
       6484    293.000     8.1787   3.657814     1.8948    4.19143    35.0739    27.3051    1488.05    1488.25 0.0000e+00
       6505    294.000     8.1789   3.657877     1.8945    4.19170    35.0738    27.3051    1488.07    1488.24 0.0000e+00
       6525    295.000     8.1790   3.657941     1.8936    4.18241    35.0740    27.3052    1488.08    1488.24 0.0000e+00
       6545    296.000     8.1791   3.657993     1.8921    4.17735    35.0739    27.3051    1488.10    1488.24 0.0000e+00
       6565    297.000     8.1792   3.658047     1.8909    4.17566    35.0739    27.3051    1488.12    1488.24 0.0000e+00
       6585    298.000     8.1793   3.658111     1.8898    4.17502    35.0740    27.3052    1488.14    1488.24 0.0000e+00
       6605    299.000     8.1795   3.658178     1.8890    4.17746    35.0741    27.3052    1488.15    1488.24 0.0000e+00
       6625    300.000     8.1798   3.658272     1.8886    4.17946    35.0743    27.3053    1488.17    1488.24 0.0000e+00
       6645    301.000     8.1802   3.658393     1.8881    4.17503    35.0747    27.3056    1488.19    1488.24 0.0000e+00
       6664    302.000     8.1804   3.658456     1.8874    4.17535    35.0747    27.3056    1488.21    1488.24 0.0000e+00
       6683    303.000     8.1807   3.658541     1.8871    4.17391    35.0748    27.3056    1488.22    1488.24 0.0000e+00
       6702    304.000     8.1809   3.658614     1.8863    4.17088    35.0749    27.3057    1488.24    1488.24 0.0000e+00
       6721    305.000     8.1809   3.658681     1.8857    4.16896    35.0752    27.3058    1488.26    1488.24 0.0000e+00
       6741    306.000     8.1812   3.658741     1.8850    4.16724    35.0750    27.3057    1488.28    1488.24 0.0000e+00
       6760    307.000     8.1814   3.658817     1.8842    4.16383    35.0752    27.3058    1488.29    1488.24 0.0000e+00
       6779    308.000     8.1816   3.658901     1.8835    4.16207    35.0754    27.3059    1488.31    1488.24 0.0000e+00
       6799    309.000     8.1818   3.658964     1.8825    4.15741    35.0754    27.3059    1488.33    1488.24 0.0000e+00
       6819    310.000     8.1820   3.659031     1.8814    4.15297    35.0754    27.3059    1488.35    1488.24 0.0000e+00
       6838    311.000     8.1820   3.659097     1.8802    4.14953    35.0756    27.3060    1488.36    1488.24 0.0000e+00
       6858    312.000     8.1821   3.659158     1.8791    4.14787    35.0757    27.3061    1488.38    1488.24 0.0000e+00
       6878    313.000     8.1823   3.659232     1.8780    4.14678    35.0758    27.3061    1488.40    1488.24 0.0000e+00
       6897    314.000     8.1825   3.659296     1.8774    4.14867    35.0758    27.3061    1488.41    1488.25 0.0000e+00
       6917    315.000     8.1828   3.659383     1.8766    4.14741    35.0760    27.3062    1488.43    1488.25 0.0000e+00
       6937    316.000     8.1829   3.659449     1.8763    4.14221    35.0761    27.3063    1488.45    1488.25 0.0000e+00
       6957    317.000     8.1830   3.659516     1.8745    4.13257    35.0762    27.3064    1488.47    1488.25 0.0000e+00
       6977    318.000     8.1831   3.659572     1.8736    4.13184    35.0763    27.3064    1488.48    1488.25 0.0000e+00
       6997    319.000     8.1828   3.659590     1.8721    4.12128    35.0763    27.3064    1488.50    1488.25 0.0000e+00
       7017    320.000     8.1823   3.659602     1.8700    4.11638    35.0764    27.3066    1488.51    1488.25 0.0000e+00
       7037    321.000     8.1826   3.659682     1.8688    4.11676    35.0765    27.3066    1488.53    1488.25 0.0000e+00
       7057    322.000     8.1831   3.659811     1.8671    4.10795    35.0769    27.3069    1488.55    1488.25 0.0000e+00
       7077    323.000     8.1830   3.659830     1.8654    4.10939    35.0767    27.3067    1488.56    1488.25 0.0000e+00
       7097    324.000     8.1835   3.659940     1.8645    4.10666    35.0769    27.3068    1488.58    1488.25 0.0000e+00
       7118    325.000     8.1838   3.660023     1.8629    4.10024    35.0770    27.3069    1488.60    1488.25 0.0000e+00
       7138    326.000     8.1840   3.660081     1.8615    4.09750    35.0770    27.3068    1488.62    1488.26 0.0000e+00
       7158    327.000     8.1840   3.660122     1.8602    4.09815    35.0769    27.3067    1488.63    1488.26 0.0000e+00
       7179    328.000     8.1842   3.660199     1.8595    4.10306    35.0771    27.3068    1488.65    1488.26 0.0000e+00
       7200    329.000     8.1843   3.660286     1.8593    4.10748    35.0774    27.3071    1488.67    1488.26 0.0000e+00
       7221    330.000     8.1845   3.660338     1.8593    4.10929    35.0773    27.3070    1488.69    1488.26 0.0000e+00
       7242    331.000     8.1846   3.660400     1.8594    4.10872    35.0774    27.3070    1488.70    1488.26 0.0000e+00
       7263    332.000     8.1847   3.660466     1.8591    4.10170    35.0775    27.3071    1488.72    1488.26 0.0000e+00
       7284    333.000     8.1848   3.660535     1.8581    4.09954    35.0777    27.3072    1488.74    1488.26 0.0000e+00
       7305    334.000     8.1854   3.660649     1.8577    4.09485    35.0778    27.3072    1488.76    1488.27 0.0000e+00
       7326    335.000     8.1855   3.660700     1.8563    4.08713    35.0778    27.3072    1488.77    1488.27 0.0000e+00
       7347    336.000     8.1855   3.660737     1.8552    4.08094    35.0777    27.3071    1488.79    1488.27 0.0000e+00
       7367    337.000     8.1863   3.660886     1.8532    4.07341    35.0780    27.3072    1488.81    1488.27 0.0000e+00
       7388    338.000     8.1867   3.660995     1.8518    4.07001    35.0783    27.3074    1488.83    1488.27 0.0000e+00
       7407    339.000     8.1868   3.661045     1.8498    4.06385    35.0782    27.3074    1488.84    1488.27 0.0000e+00
       7428    340.000     8.1870   3.661111     1.8486    4.06392    35.0783    27.3074    1488.86    1488.28 0.0000e+00
       7448    341.000     8.1871   3.661165     1.8470    4.05861    35.0783    27.3073    1488.88    1488.28 0.0000e+00
       7468    342.000     8.1871   3.661215     1.8455    4.05356    35.0783    27.3074    1488.89    1488.28 0.0000e+00
       7489    343.000     8.1873   3.661271     1.8440    4.05288    35.0782    27.3073    1488.91    1488.28 0.0000e+00
       7510    344.000     8.1873   3.661330     1.8430    4.05413    35.0784    27.3074    1488.93    1488.28 0.0000e+00
       7530    345.000     8.1873   3.661377     1.8422    4.05454    35.0784    27.3074    1488.95    1488.28 0.0000e+00
       7549    346.000     8.1876   3.661458     1.8414    4.05481    35.0785    27.3074    1488.96    1488.29 0.0000e+00
       7568    347.000     8.1875   3.661516     1.8411    4.05510    35.0788    27.3077    1488.98    1488.29 0.0000e+00
       7587    348.000     8.1877   3.661570     1.8405    4.05202    35.0787    27.3075    1489.00    1488.29 0.0000e+00
       7608    349.000     8.1877   3.661618     1.8399    4.05088    35.0787    27.3076    1489.01    1488.29 0.0000e+00
       7629    350.000     8.1879   3.661687     1.8392    4.04654    35.0787    27.3076    1489.03    1488.29 0.0000e+00
       7648    351.000     8.1879   3.661744     1.8383    4.04296    35.0789    27.3077    1489.05    1488.30 0.0000e+00
       7668    352.000     8.1880   3.661798     1.8373    4.04290    35.0789    27.3077    1489.06    1488.30 0.0000e+00
       7687    353.000     8.1881   3.661856     1.8368    4.04097    35.0789    27.3077    1489.08    1488.30 0.0000e+00
       7706    354.000     8.1883   3.661909     1.8359    4.03755    35.0788    27.3076    1489.10    1488.30 0.0000e+00
       7725    355.000     8.1884   3.661970     1.8352    4.03568    35.0789    27.3076    1489.11    1488.31 0.0000e+00
       7744    356.000     8.1885   3.662035     1.8341    4.03289    35.0790    27.3077    1489.13    1488.31 0.0000e+00
       7764    357.000     8.1885   3.662097     1.8335    4.03143    35.0792    27.3078    1489.15    1488.31 0.0000e+00
       7784    358.000     8.1886   3.662172     1.8323    4.02190    35.0794    27.3080    1489.17    1488.31 0.0000e+00
       7803    359.000     8.1886   3.662236     1.8306    4.01190    35.0796    27.3082    1489.18    1488.32 0.0000e+00
       7822    360.000     8.1888   3.662293     1.8288    4.00946    35.0795    27.3081    1489.20    1488.32 0.0000e+00
       7842    361.000     8.1888   3.662345     1.8275    4.01163    35.0796    27.3081    1489.22    1488.32 0.0000e+00
       7862    362.000     8.1889   3.662405     1.8265    4.01023    35.0797    27.3082    1489.23    1488.32 0.0000e+00
       7881    363.000     8.1890   3.662465     1.8254    4.00374    35.0797    27.3082    1489.25    1488.33 0.0000e+00
       7901    364.000     8.1891   3.662511     1.8238    3.99611    35.0797    27.3081    1489.27    1488.33 0.0000e+00
       7920    365.000     8.1890   3.662552     1.8223    3.99285    35.0797    27.3082    1489.28    1488.33 0.0000e+00
       7940    366.000     8.1890   3.662613     1.8208    3.99385    35.0799    27.3083    1489.30    1488.33 0.0000e+00
       7959    367.000     8.1890   3.662652     1.8201    3.99629    35.0798    27.3083    1489.32    1488.34 0.0000e+00
       7978    368.000     8.1891   3.662700     1.8193    3.99576    35.0798    27.3082    1489.33    1488.34 0.0000e+00
       7997    369.000     8.1891   3.662753     1.8188    3.99777    35.0799    27.3083    1489.35    1488.34 0.0000e+00
       8017    370.000     8.1893   3.662821     1.8185    3.99908    35.0799    27.3083    1489.37    1488.34 0.0000e+00
       8036    371.000     8.1893   3.662871     1.8182    3.99703    35.0800    27.3083    1489.38    1488.35 0.0000e+00
       8056    372.000     8.1895   3.662934     1.8178    3.99904    35.0800    27.3083    1489.40    1488.35 0.0000e+00
       8075    373.000     8.1896   3.662991     1.8178    4.00138    35.0800    27.3083    1489.42    1488.35 0.0000e+00
       8095    374.000     8.1897   3.663039     1.8177    3.99937    35.0799    27.3082    1489.43    1488.36 0.0000e+00
       8114    375.000     8.1897   3.663087     1.8173    3.99355    35.0800    27.3083    1489.45    1488.36 0.0000e+00
       8134    376.000     8.1898   3.663141     1.8165    3.99495    35.0800    27.3082    1489.47    1488.36 0.0000e+00
       8154    377.000     8.1899   3.663199     1.8166    4.00034    35.0800    27.3083    1489.48    1488.36 0.0000e+00
       8173    378.000     8.1901   3.663255     1.8166    3.99655    35.0799    27.3082    1489.50    1488.37 0.0000e+00
       8192    379.000     8.1901   3.663312     1.8159    3.98737    35.0801    27.3083    1489.52    1488.37 0.0000e+00
       8211    380.000     8.1903   3.663369     1.8149    3.98816    35.0800    27.3082    1489.54    1488.37 0.0000e+00
       8230    381.000     8.1905   3.663433     1.8146    3.99196    35.0800    27.3082    1489.55    1488.38 0.0000e+00
       8249    382.000     8.1906   3.663498     1.8142    3.99121    35.0801    27.3082    1489.57    1488.38 0.0000e+00
       8269    383.000     8.1906   3.663549     1.8140    3.99063    35.0802    27.3083    1489.59    1488.38 0.0000e+00
       8288    384.000     8.1907   3.663609     1.8135    3.98953    35.0802    27.3083    1489.60    1488.39 0.0000e+00
       8306    385.000     8.1908   3.663656     1.8133    3.99042    35.0802    27.3083    1489.62    1488.39 0.0000e+00
       8325    386.000     8.1909   3.663708     1.8131    3.98904    35.0801    27.3082    1489.64    1488.39 0.0000e+00
       8344    387.000     8.1910   3.663780     1.8126    3.98155    35.0803    27.3084    1489.65    1488.40 0.0000e+00
       8363    388.000     8.1911   3.663818     1.8114    3.97612    35.0802    27.3082    1489.67    1488.40 0.0000e+00
       8382    389.000     8.1911   3.663873     1.8106    3.98201    35.0803    27.3083    1489.69    1488.40 0.0000e+00
       8400    390.000     8.1912   3.663924     1.8105    3.98687    35.0802    27.3083    1489.70    1488.41 0.0000e+00
       8419    391.000     8.1912   3.663978     1.8105    3.98634    35.0803    27.3083    1489.72    1488.41 0.0000e+00
       8438    392.000     8.1914   3.664046     1.8102    3.98008    35.0804    27.3083    1489.74    1488.41 0.0000e+00
       8457    393.000     8.1914   3.664097     1.8093    3.97854    35.0805    27.3084    1489.75    1488.42 0.0000e+00
       8476    394.000     8.1915   3.664151     1.8092    3.97895    35.0805    27.3084    1489.77    1488.42 0.0000e+00
