_data/ctd/2013/Sta1086_2013.cnv
* Sea-Bird SBE 9 Data File:
* FileName = C:\Seabird\CTDDATA\sta1086.hex
* Software Version Seasave V 7.21f
* Temperature SN = 4306
* Conductivity SN = 3123
* Number of Bytes Per Scan = 35
* Number of Voltage Words = 4
* Number of Scans Averaged by the Deck Unit = 1
* NMEA Latitude = 60 52.35 N
* NMEA Longitude = 005 24.05 E
* NMEA UTC (Time) = Nov 10 2013 11:37:15
** Ship: 01 F/F "Håkon Mosby"
** Station: 1086
** Echodepth: 478
** Log: 7296.352
** Wind-Dir Force: 09 03
** Air-temp (dry): 5.3
** Weather Sky: 1 5
** Sea Ice: 1 0
** UNIS station:
# nquan = 11                                
# nvalues = 455                         
# units = specified
# name 0 = scan: Scan Count
# name 1 = prDM: Pressure, Digiquartz [db]
# name 2 = t068C: Temperature [ITS-68, deg C]
# name 3 = c0S/m: Conductivity [S/m]
# name 4 = sbeox0V: Oxygen raw, SBE 43 [V]
# name 5 = sbeox0ML/L: Oxygen, SBE 43 [ml/l], WS = 2
# name 6 = sal00: Salinity, Practical [PSU]
# name 7 = sigma-t00: Density [sigma-t, Kg/m^3 ]
# name 8 = svCM: Sound Velocity [Chen-Millero, m/s]
# name 9 = avgsvCM: Average Sound Velocity [Chen-Millero, m/s], minP = 0, minS = 0
# name 10 = flag: flag
# span 0 =        287,       9688       
# span 1 =      2.000,    456.000       
# span 2 =     8.1573,    13.3121       
# span 3 =   2.347716,   3.837066       
# span 4 =     1.7474,     2.7667       
# span 5 =    3.78899,    6.26253       
# span 6 =    20.8948,    35.0830       
# span 7 =    16.0546,    27.3087       
# span 8 =    1470.25,    1497.84       
# span 9 =    1470.25,    1495.46       
# span 10 = 0.0000e+00, 0.0000e+00      
# interval = decibars: 1                
# start_time = Nov 10 2013 11:37:18 [System UTC, first data scan.]
# bad_flag = -9.990e-29
*END*
[from data line 394]
       8514    396.000     8.1918   3.664271     1.8074    3.97081    35.0805    27.3084    1489.81    1488.43 0.0000e+00
       8533    397.000     8.1919   3.664324     1.8069    3.97432    35.0805    27.3083    1489.82    1488.43 0.0000e+00
       8552    398.000     8.1920   3.664387     1.8065    3.97028    35.0806    27.3084    1489.84    1488.43 0.0000e+00
       8571    399.000     8.1921   3.664433     1.8055    3.96948    35.0805    27.3083    1489.86    1488.44 0.0000e+00
       8590    400.000     8.1922   3.664492     1.8053    3.96950    35.0806    27.3083    1489.87    1488.44 0.0000e+00
       8609    401.000     8.1923   3.664538     1.8045    3.96781    35.0805    27.3083    1489.89    1488.44 0.0000e+00
       8629    402.000     8.1925   3.664600     1.8043    3.96639    35.0805    27.3082    1489.91    1488.45 0.0000e+00
       8648    403.000     8.1925   3.664657     1.8033    3.96378    35.0806    27.3083    1489.92    1488.45 0.0000e+00
       8667    404.000     8.1926   3.664718     1.8031    3.97034    35.0807    27.3084    1489.94    1488.45 0.0000e+00
       8686    405.000     8.1927   3.664775     1.8031    3.96969    35.0807    27.3084    1489.96    1488.46 0.0000e+00
       8705    406.000     8.1928   3.664814     1.8027    3.96249    35.0805    27.3082    1489.97    1488.46 0.0000e+00
       8725    407.000     8.1929   3.664873     1.8018    3.96247    35.0806    27.3083    1489.99    1488.47 0.0000e+00
       8744    408.000     8.1930   3.664934     1.8016    3.96637    35.0807    27.3083    1490.01    1488.47 0.0000e+00
       8763    409.000     8.1931   3.664988     1.8015    3.96371    35.0807    27.3083    1490.02    1488.47 0.0000e+00
       8782    410.000     8.1931   3.665036     1.8008    3.95951    35.0807    27.3083    1490.04    1488.48 0.0000e+00
       8801    411.000     8.1932   3.665089     1.8002    3.95293    35.0807    27.3083    1490.06    1488.48 0.0000e+00
       8820    412.000     8.1933   3.665145     1.7992    3.94611    35.0807    27.3083    1490.07    1488.49 0.0000e+00
       8839    413.000     8.1934   3.665208     1.7974    3.93715    35.0808    27.3084    1490.09    1488.49 0.0000e+00
       8858    414.000     8.1936   3.665277     1.7958    3.94260    35.0809    27.3084    1490.11    1488.49 0.0000e+00
       8877    415.000     8.1938   3.665340     1.7958    3.95393    35.0809    27.3084    1490.13    1488.50 0.0000e+00
       8897    416.000     8.1942   3.665429     1.7958    3.95457    35.0809    27.3083    1490.14    1488.50 0.0000e+00
       8916    417.000     8.1943   3.665484     1.7958    3.95507    35.0810    27.3083    1490.16    1488.50 0.0000e+00
       8936    418.000     8.1945   3.665543     1.7958    3.94935    35.0809    27.3083    1490.18    1488.51 0.0000e+00
       8955    419.000     8.1947   3.665596     1.7948    3.92902    35.0808    27.3082    1490.20    1488.51 0.0000e+00
       8974    420.000     8.1948   3.665673     1.7922    3.91987    35.0810    27.3083    1490.21    1488.52 0.0000e+00
       8994    421.000     8.1948   3.665729     1.7909    3.92668    35.0812    27.3084    1490.23    1488.52 0.0000e+00
       9013    422.000     8.1950   3.665789     1.7899    3.92941    35.0811    27.3084    1490.25    1488.52 0.0000e+00
       9032    423.000     8.1953   3.665856     1.7894    3.92906    35.0811    27.3083    1490.26    1488.53 0.0000e+00
       9051    424.000     8.1955   3.665919     1.7885    3.92985    35.0811    27.3083    1490.28    1488.53 0.0000e+00
       9070    425.000     8.1957   3.666003     1.7885    3.93286    35.0813    27.3084    1490.30    1488.54 0.0000e+00
       9089    426.000     8.1959   3.666061     1.7880    3.92612    35.0812    27.3083    1490.32    1488.54 0.0000e+00
       9108    427.000     8.1959   3.666111     1.7873    3.92250    35.0813    27.3084    1490.33    1488.55 0.0000e+00
       9127    428.000     8.1964   3.666203     1.7862    3.91494    35.0813    27.3083    1490.35    1488.55 0.0000e+00
       9146    429.000     8.1964   3.666266     1.7850    3.91569    35.0815    27.3085    1490.37    1488.55 0.0000e+00
       9166    430.000     8.1966   3.666328     1.7845    3.91624    35.0815    27.3084    1490.38    1488.56 0.0000e+00
       9185    431.000     8.1970   3.666419     1.7835    3.91290    35.0816    27.3084    1490.40    1488.56 0.0000e+00
       9204    432.000     8.1973   3.666498     1.7828    3.90694    35.0817    27.3084    1490.42    1488.57 0.0000e+00
       9223    433.000     8.1973   3.666549     1.7814    3.90517    35.0817    27.3085    1490.44    1488.57 0.0000e+00
       9243    434.000     8.1974   3.666609     1.7808    3.90285    35.0818    27.3085    1490.45    1488.58 0.0000e+00
       9262    435.000     8.1974   3.666662     1.7793    3.89754    35.0819    27.3086    1490.47    1488.58 0.0000e+00
       9282    436.000     8.1976   3.666730     1.7786    3.90091    35.0819    27.3086    1490.49    1488.58 0.0000e+00
       9301    437.000     8.1983   3.666827     1.7777    3.90003    35.0818    27.3084    1490.51    1488.59 0.0000e+00
       9321    438.000     8.1985   3.666900     1.7775    3.89933    35.0819    27.3084    1490.52    1488.59 0.0000e+00
       9340    439.000     8.1985   3.666955     1.7764    3.88846    35.0820    27.3085    1490.54    1488.60 0.0000e+00
       9359    440.000     8.1988   3.667021     1.7749    3.88266    35.0819    27.3084    1490.56    1488.60 0.0000e+00
       9379    441.000     8.1993   3.667137     1.7736    3.87726    35.0822    27.3086    1490.58    1488.61 0.0000e+00
       9399    442.000     8.1997   3.667228     1.7718    3.86873    35.0823    27.3086    1490.60    1488.61 0.0000e+00
       9418    443.000     8.1999   3.667294     1.7700    3.86443    35.0823    27.3086    1490.61    1488.62 0.0000e+00
       9438    444.000     8.2003   3.667375     1.7683    3.86078    35.0823    27.3085    1490.63    1488.62 0.0000e+00
       9458    445.000     8.2009   3.667495     1.7667    3.85667    35.0825    27.3086    1490.65    1488.62 0.0000e+00
       9477    446.000     8.2012   3.667577     1.7651    3.84857    35.0826    27.3086    1490.67    1488.63 0.0000e+00
       9497    447.000     8.2014   3.667637     1.7628    3.83700    35.0826    27.3086    1490.68    1488.63 0.0000e+00
       9517    448.000     8.2016   3.667713     1.7606    3.83134    35.0827    27.3086    1490.70    1488.64 0.0000e+00
       9538    449.000     8.2018   3.667780     1.7582    3.82614    35.0828    27.3086    1490.72    1488.64 0.0000e+00
       9559    450.000     8.2020   3.667852     1.7563    3.82677    35.0829    27.3087    1490.74    1488.65 0.0000e+00
       9580    451.000     8.2021   3.667901     1.7549    3.82376    35.0828    27.3086    1490.75    1488.65 0.0000e+00
       9601    452.000     8.2024   3.667972     1.7530    3.81734    35.0828    27.3086    1490.77    1488.66 0.0000e+00
       9623    453.000     8.2029   3.668071     1.7518    3.82534    35.0829    27.3086    1490.79    1488.66 0.0000e+00
       9644    454.000     8.2031   3.668140     1.7512    3.82096    35.0830    27.3086    1490.81    1488.67 0.0000e+00
       9664    455.000     8.2033   3.668203     1.7499    3.80757    35.0830    27.3085    1490.82    1488.67 0.0000e+00
       9688    456.000     8.2031   3.668224     1.7474    3.78899    35.0829    27.3085    1490.84    1488.68 0.0000e+00
