_data/ctd/2013/Sta1087_2013.cnv
* Sea-Bird SBE 9 Data File:
* FileName = C:\Seabird\CTDDATA\sta1087.hex
* Software Version Seasave V 7.21f
* Temperature SN = 4306
* Conductivity SN = 3123
* Number of Bytes Per Scan = 35
* Number of Voltage Words = 4
* Number of Scans Averaged by the Deck Unit = 1
* NMEA Latitude = 60 52.35 N
* NMEA Longitude = 005 24.09 E
* NMEA UTC (Time) = Nov 11 2013 02:08:41
** Ship: 01 F/F "Håkon Mosby"
** Station: 1087
** Echodepth: 478
** Log: 7331.890
** Wind-Dir Force: 26 01
** Air-temp (dry): 1.2
** Weather Sky: 1 5
** Sea Ice: 1 0
** UNIS station:
# nquan = 11                                
# nvalues = 456                         
# units = specified
# name 0 = scan: Scan Count
# name 1 = prDM: Pressure, Digiquartz [db]
# name 2 = t068C: Temperature [ITS-68, deg C]
# name 3 = c0S/m: Conductivity [S/m]
# name 4 = sbeox0V: Oxygen raw, SBE 43 [V]
# name 5 = sbeox0ML/L: Oxygen, SBE 43 [ml/l], WS = 2
# name 6 = sal00: Salinity, Practical [PSU]
# name 7 = sigma-t00: Density [sigma-t, Kg/m^3 ]
# name 8 = svCM: Sound Velocity [Chen-Millero, m/s]
# name 9 = avgsvCM: Average Sound Velocity [Chen-Millero, m/s], minP = 0, minS = 0
# name 10 = flag: flag
# span 0 =        321,      10983       
# span 1 =      2.000,    457.000       
# span 2 =     8.1604,    13.2753       
# span 3 =   2.326727,   3.835280       
# span 4 =     1.7050,     2.8128       
# span 5 =    3.66295,    6.33160       
# span 6 =    20.8294,    35.0850       
# span 7 =    16.0351,    27.3093       
# span 8 =    1469.26,    1497.86       
# span 9 =    1469.26,    1495.51       
# span 10 = 0.0000e+00, 0.0000e+00      
# interval = decibars: 1                
# start_time = Nov 11 2013 02:08:43 [System UTC, first data scan.]
# bad_flag = -9.990e-29
*END*
        321      2.000     9.0987   2.326727     2.4851    6.19025    20.8294    16.0351    1469.26    1469.26 0.0000e+00
        350      3.000    11.6319   3.213675     2.5061    5.96243    27.7198    21.0070    1486.89    1475.09 0.0000e+00
        374      4.000    12.5703   3.537510     2.5669    6.09198    30.0666    22.6562    1492.95    1479.51 0.0000e+00
        399      5.000    12.7650   3.605722     2.6124    5.79865    30.5525    22.9956    1494.21    1482.43 0.0000e+00
        427      6.000    13.0204   3.690130     2.5756    5.29695    31.1371    23.3989    1495.78    1484.64 0.0000e+00
        455      7.000    13.0777   3.712789     2.5196    5.12287    31.3021    23.5153    1496.18    1486.28 0.0000e+00
        483      8.000    13.1669   3.751727     2.4717    5.06162    31.5927    23.7227    1496.84    1487.59 0.0000e+00
        510      9.000    13.2400   3.784584     2.4449    5.09589    31.8391    23.8989    1497.39    1488.67 0.0000e+00
        537     10.000    13.2698   3.801269     2.4361    5.14185    31.9699    23.9942    1497.66    1489.57 0.0000e+00
        564     11.000    13.2753   3.809974     2.4351    5.14505    32.0464    24.0522    1497.79    1490.31 0.0000e+00
        588     12.000    13.2369   3.816855     2.4325    5.14857    32.1429    24.1344    1497.79    1490.93 0.0000e+00
        610     13.000    13.2224   3.823379     2.4343    5.19532    32.2159    24.1938    1497.84    1491.46 0.0000e+00
        632     14.000    13.2016   3.827412     2.4430    5.27145    32.2710    24.2405    1497.86    1491.91 0.0000e+00
        653     15.000    13.1626   3.828576     2.4582    5.35042    32.3147    24.2820    1497.79    1492.30 0.0000e+00
        674     16.000    13.1312   3.829297     2.4759    5.40789    32.3478    24.3138    1497.74    1492.64 0.0000e+00
        695     17.000    13.1120   3.829977     2.4927    5.45382    32.3702    24.3349    1497.72    1492.94 0.0000e+00
        716     18.000    13.0641   3.828020     2.5096    5.50022    32.3922    24.3614    1497.61    1493.20 0.0000e+00
        737     19.000    13.0799   3.831912     2.5252    5.52846    32.4150    24.3759    1497.70    1493.44 0.0000e+00
        758     20.000    13.0362   3.829415     2.5395    5.56741    32.4284    24.3949    1497.59    1493.64 0.0000e+00
        781     21.000    12.9948   3.828602     2.5543    5.60607    32.4558    24.4242    1497.50    1493.83 0.0000e+00
        804     22.000    12.9356   3.825958     2.5676    5.63156    32.4812    24.4554    1497.35    1493.99 0.0000e+00
        826     23.000    12.8477   3.821620     2.5777    5.65303    32.5152    24.4989    1497.11    1494.12 0.0000e+00
        849     24.000    12.8012   3.819697     2.5866    5.67498    32.5366    24.5245    1496.99    1494.24 0.0000e+00
        872     25.000    12.7979   3.820495     2.5943    5.69851    32.5466    24.5329    1497.01    1494.35 0.0000e+00
        894     26.000    12.7498   3.818501     2.6035    5.73640    32.5688    24.5594    1496.89    1494.45 0.0000e+00
        916     27.000    12.7246   3.818070     2.6126    5.76542    32.5860    24.5777    1496.84    1494.54 0.0000e+00
        938     28.000    12.6960   3.818711     2.6220    5.78604    32.6165    24.6067    1496.80    1494.62 0.0000e+00
        960     29.000    12.6813   3.819583     2.6291    5.79966    32.6371    24.6256    1496.79    1494.69 0.0000e+00
        982     30.000    12.7121   3.826244     2.6370    5.83012    32.6734    24.6477    1496.95    1494.77 0.0000e+00
       1005     31.000    12.7134   3.830504     2.6468    5.87004    32.7123    24.6777    1497.02    1494.84 0.0000e+00
       1027     32.000    12.5971   3.822563     2.6589    5.92665    32.7373    24.7194    1496.67    1494.90 0.0000e+00
       1049     33.000    12.5567   3.822245     2.6706    5.94664    32.7690    24.7518    1496.59    1494.95 0.0000e+00
       1072     34.000    12.5118   3.821840     2.6787    5.95204    32.8039    24.7874    1496.50    1494.99 0.0000e+00
       1094     35.000    12.5731   3.831601     2.6848    5.95890    32.8432    24.8062    1496.77    1495.05 0.0000e+00
       1116     36.000    12.5840   3.833475     2.6924    5.99807    32.8512    24.8102    1496.83    1495.09 0.0000e+00
       1139     37.000    12.5750   3.835280     2.7030    6.03370    32.8759    24.8311    1496.85    1495.14 0.0000e+00
       1162     38.000    12.5085   3.831934     2.7127    6.05761    32.9016    24.8638    1496.67    1495.18 0.0000e+00
       1184     39.000    12.5163   3.834980     2.7203    6.07155    32.9235    24.8793    1496.74    1495.22 0.0000e+00
       1207     40.000    12.4884   3.833298     2.7288    6.11345    32.9314    24.8908    1496.67    1495.26 0.0000e+00
       1229     41.000    12.4539   3.831330     2.7400    6.16623    32.9424    24.9060    1496.58    1495.29 0.0000e+00
       1252     42.000    12.4287   3.830344     2.7523    6.20471    32.9547    24.9203    1496.53    1495.32 0.0000e+00
       1274     43.000    12.4149   3.831713     2.7640    6.23913    32.9795    24.9422    1496.53    1495.35 0.0000e+00
       1296     44.000    12.3900   3.831036     2.7764    6.26941    32.9945    24.9585    1496.48    1495.37 0.0000e+00
       1318     45.000    12.3864   3.831418     2.7861    6.27754    33.0009    24.9642    1496.49    1495.40 0.0000e+00
       1341     46.000    12.3522   3.830217     2.7937    6.29029    33.0190    24.9848    1496.41    1495.42 0.0000e+00
       1364     47.000    12.3218   3.829857     2.7996    6.28751    33.0419    25.0084    1496.35    1495.44 0.0000e+00
       1387     48.000    12.3045   3.829693     2.8017    6.29083    33.0552    25.0219    1496.32    1495.46 0.0000e+00
       1410     49.000    12.2585   3.830576     2.8066    6.32765    33.1039    25.0685    1496.24    1495.47 0.0000e+00
       1432     50.000    12.2137   3.831118     2.8122    6.33160    33.1484    25.1114    1496.16    1495.49 0.0000e+00
       1455     51.000    12.2056   3.834119     2.8128    6.29305    33.1840    25.1407    1496.19    1495.50 0.0000e+00
       1478     52.000    12.0762   3.820738     2.8084    6.27280    33.1692    25.1536    1495.75    1495.51 0.0000e+00
       1500     53.000    11.7210   3.783220     2.8017    6.26130    33.1206    25.1821    1494.48    1495.49 0.0000e+00
       1522     54.000    11.6225   3.774124     2.7864    6.18928    33.1193    25.1993    1494.16    1495.46 0.0000e+00
       1544     55.000    11.5837   3.774801     2.7706    6.18249    33.1602    25.2382    1494.09    1495.44 0.0000e+00
       1567     56.000    11.4104   3.758175     2.7619    6.21171    33.1520    25.2635    1493.49    1495.40 0.0000e+00
       1590     57.000    11.1237   3.729565     2.7534    6.21382    33.1273    25.2959    1492.48    1495.35 0.0000e+00
       1612     58.000    11.1120   3.731811     2.7416    6.17264    33.1596    25.3231    1492.49    1495.30 0.0000e+00
       1635     59.000    11.1719   3.743080     2.7324    6.19240    33.2166    25.3567    1492.79    1495.26 0.0000e+00
       1657     60.000    11.0476   3.735470     2.7327    6.25230    33.2532    25.4074    1492.41    1495.21 0.0000e+00
       1679     61.000    11.1304   3.755160     2.7331    6.22213    33.3727    25.4856    1492.86    1495.17 0.0000e+00
       1702     62.000    10.9796   3.748529     2.7320    6.24913    33.4436    25.5678    1492.44    1495.13 0.0000e+00
       1725     63.000    10.8867   3.745593     2.7326    6.24348    33.4988    25.6272    1492.19    1495.08 0.0000e+00
       1748     64.000    10.7765   3.740179     2.7288    6.23861    33.5452    25.6828    1491.88    1495.03 0.0000e+00
       1772     65.000    10.6124   3.731151     2.7267    6.24434    33.6052    25.7583    1491.38    1494.98 0.0000e+00
       1795     66.000    10.4651   3.721306     2.7207    6.23047    33.6417    25.8124    1490.92    1494.91 0.0000e+00
       1818     67.000    10.1374   3.689744     2.7150    6.24728    33.6259    25.8562    1489.75    1494.84 0.0000e+00
       1841     68.000     9.9294   3.674823     2.7051    6.20310    33.6672    25.9235    1489.06    1494.75 0.0000e+00
       1864     69.000    10.0002   3.690467     2.6916    6.17309    33.7601    25.9842    1489.45    1494.67 0.0000e+00
       1886     70.000     9.6816   3.668348     2.6863    6.23365    33.8322    26.0937    1488.40    1494.58 0.0000e+00
       1908     71.000     9.5649   3.664576     2.6786    6.17905    33.9030    26.1683    1488.08    1494.49 0.0000e+00
       1931     72.000     9.5554   3.670927     2.6658    6.14610    33.9769    26.2276    1488.15    1494.40 0.0000e+00
       1954     73.000     9.4741   3.666601     2.6578    6.15883    34.0089    26.2660    1487.91    1494.31 0.0000e+00
       1978     74.000     9.4879   3.671755     2.6503    6.14343    34.0486    26.2947    1488.03    1494.23 0.0000e+00
       2001     75.000     9.3579   3.662709     2.6450    6.15586    34.0783    26.3392    1487.61    1494.14 0.0000e+00
       2025     76.000     9.2560   3.658129     2.6388    6.14051    34.1276    26.3942    1487.31    1494.05 0.0000e+00
       2049     77.000     9.2055   3.658674     2.6318    6.12128    34.1811    26.4443    1487.21    1493.96 0.0000e+00
       2073     78.000     9.1384   3.658185     2.6245    6.10819    34.2399    26.5011    1487.05    1493.87 0.0000e+00
       2098     79.000     9.0174   3.652661     2.6167    6.08268    34.2983    26.5662    1486.69    1493.78 0.0000e+00
       2122     80.000     8.9924   3.653563     2.6067    6.05568    34.3313    26.5961    1486.66    1493.69 0.0000e+00
       2146     81.000     8.9135   3.649409     2.5981    6.03994    34.3636    26.6339    1486.42    1493.60 0.0000e+00
       2171     82.000     8.8131   3.643291     2.5879    6.01102    34.3962    26.6753    1486.11    1493.51 0.0000e+00
       2195     83.000     8.6887   3.634831     2.5769    5.98386    34.4276    26.7194    1485.70    1493.41 0.0000e+00
       2219     84.000     8.5668   3.627997     2.5643    5.94236    34.4738    26.7746    1485.32    1493.32 0.0000e+00
       2244     85.000     8.4999   3.625122     2.5495    5.89885    34.5082    26.8120    1485.13    1493.22 0.0000e+00
       2269     86.000     8.4241   3.620224     2.5346    5.85824    34.5300    26.8408    1484.89    1493.12 0.0000e+00
       2294     87.000     8.3650   3.617200     2.5181    5.80959    34.5554    26.8697    1484.72    1493.03 0.0000e+00
       2318     88.000     8.2854   3.613443     2.5020    5.77119    34.5932    26.9115    1484.48    1492.93 0.0000e+00
       2342     89.000     8.2546   3.614632     2.4863    5.72819    34.6357    26.9496    1484.44    1492.83 0.0000e+00
       2366     90.000     8.2171   3.617439     2.4708    5.68085    34.7022    27.0075    1484.39    1492.74 0.0000e+00
       2390     91.000     8.1961   3.620312     2.4547    5.62617    34.7532    27.0507    1484.40    1492.65 0.0000e+00
       2413     92.000     8.1917   3.622343     2.4380    5.56037    34.7788    27.0715    1484.43    1492.56 0.0000e+00
       2436     93.000     8.1827   3.625690     2.4190    5.48909    34.8230    27.1076    1484.46    1492.47 0.0000e+00
       2459     94.000     8.1822   3.628947     2.3994    5.43228    34.8578    27.1350    1484.52    1492.38 0.0000e+00
       2483     95.000     8.1846   3.631297     2.3804    5.37473    34.8801    27.1521    1484.57    1492.30 0.0000e+00
       2506     96.000     8.1877   3.634049     2.3605    5.30946    34.9059    27.1719    1484.64    1492.22 0.0000e+00
       2530     97.000     8.1902   3.636089     2.3406    5.26133    34.9248    27.1863    1484.68    1492.14 0.0000e+00
       2553     98.000     8.1909   3.637534     2.3233    5.23020    34.9391    27.1974    1484.72    1492.07 0.0000e+00
       2576     99.000     8.1915   3.639848     2.3082    5.20014    34.9627    27.2159    1484.77    1491.99 0.0000e+00
       2599    100.000     8.1920   3.640335     2.2943    5.17842    34.9669    27.2192    1484.79    1491.92 0.0000e+00
       2623    101.000     8.1923   3.640500     2.2833    5.17121    34.9679    27.2199    1484.81    1491.85 0.0000e+00
       2646    102.000     8.1924   3.640776     2.2740    5.15717    34.9703    27.2217    1484.83    1491.78 0.0000e+00
       2670    103.000     8.1920   3.641403     2.2660    5.15017    34.9769    27.2270    1484.85    1491.71 0.0000e+00
       2693    104.000     8.1917   3.642624     2.2603    5.15175    34.9898    27.2372    1484.89    1491.65 0.0000e+00
       2715    105.000     8.1892   3.642922     2.2559    5.14583    34.9950    27.2416    1484.90    1491.58 0.0000e+00
       2738    106.000     8.1883   3.643199     2.2517    5.13560    34.9984    27.2444    1484.92    1491.52 0.0000e+00
       2761    107.000     8.1877   3.644025     2.2479    5.13248    35.0073    27.2515    1484.94    1491.46 0.0000e+00
       2784    108.000     8.1861   3.644297     2.2451    5.13403    35.0113    27.2549    1484.96    1491.40 0.0000e+00
       2807    109.000     8.1850   3.644677     2.2432    5.13327    35.0160    27.2588    1484.98    1491.34 0.0000e+00
       2829    110.000     8.1877   3.645455     2.2412    5.12931    35.0211    27.2624    1485.01    1491.28 0.0000e+00
       2852    111.000     8.1847   3.645634     2.2399    5.12586    35.0256    27.2663    1485.02    1491.22 0.0000e+00
       2874    112.000     8.1840   3.645817     2.2376    5.11045    35.0277    27.2681    1485.04    1491.17 0.0000e+00
       2897    113.000     8.1848   3.646257     2.2349    5.10504    35.0312    27.2707    1485.06    1491.11 0.0000e+00
       2919    114.000     8.1872   3.646959     2.2327    5.10109    35.0358    27.2740    1485.09    1491.06 0.0000e+00
       2942    115.000     8.1865   3.647207     2.2305    5.09589    35.0387    27.2763    1485.11    1491.01 0.0000e+00
       2965    116.000     8.1850   3.647282     2.2284    5.08115    35.0405    27.2780    1485.12    1490.96 0.0000e+00
       2987    117.000     8.1841   3.647424     2.2246    5.06675    35.0424    27.2796    1485.14    1490.91 0.0000e+00
       3010    118.000     8.1823   3.647511     2.2217    5.06702    35.0446    27.2817    1485.15    1490.86 0.0000e+00
       3033    119.000     8.1797   3.647454     2.2196    5.06717    35.0461    27.2832    1485.16    1490.81 0.0000e+00
       3056    120.000     8.1784   3.647454     2.2175    5.06388    35.0470    27.2841    1485.17    1490.76 0.0000e+00
       3079    121.000     8.1776   3.647533     2.2159    5.05963    35.0481    27.2851    1485.18    1490.72 0.0000e+00
       3102    122.000     8.1768   3.647678     2.2140    5.04931    35.0500    27.2867    1485.20    1490.67 0.0000e+00
       3124    123.000     8.1768   3.647739     2.2112    5.03137    35.0501    27.2868    1485.22    1490.63 0.0000e+00
       3147    124.000     8.1768   3.647789     2.2075    5.01249    35.0502    27.2869    1485.23    1490.58 0.0000e+00
       3169    125.000     8.1769   3.647841     2.2030    4.99267    35.0502    27.2868    1485.25    1490.54 0.0000e+00
       3192    126.000     8.1769   3.647902     2.1980    4.97519    35.0503    27.2869    1485.27    1490.50 0.0000e+00
       3214    127.000     8.1769   3.647966     2.1926    4.95702    35.0505    27.2871    1485.28    1490.46 0.0000e+00
       3237    128.000     8.1768   3.648031     2.1873    4.93567    35.0508    27.2874    1485.30    1490.42 0.0000e+00
       3260    129.000     8.1767   3.648078     2.1807    4.90862    35.0510    27.2875    1485.32    1490.38 0.0000e+00
       3282    130.000     8.1765   3.648144     2.1739    4.89143    35.0514    27.2878    1485.33    1490.34 0.0000e+00
       3305    131.000     8.1764   3.648187     2.1677    4.87320    35.0514    27.2879    1485.35    1490.30 0.0000e+00
       3328    132.000     8.1761   3.648257     2.1610    4.85324    35.0520    27.2884    1485.36    1490.26 0.0000e+00
