_data/ctd/2013/Sta1084_2013.cnv
* Sea-Bird SBE 9 Data File:
* FileName = C:\Seabird\CTDDATA\sta1084.hex
* Software Version Seasave V 7.21f
* Temperature SN = 4306
* Conductivity SN = 3123
* Number of Bytes Per Scan = 35
* Number of Voltage Words = 4
* Number of Scans Averaged by the Deck Unit = 1
* NMEA Latitude = 60 52.35 N
* NMEA Longitude = 005 24.05 E
* NMEA UTC (Time) = Nov 09 2013 20:51:29
** Ship: 01 F/F "Håkon Mosby"
** Station: 1084
** Echodepth: 477
** Log: 7265.671
** Wind-Dir Force: 14 02
** Air-temp (dry): 3.6
** Weather Sky: 1 5
** Sea Ice: 1 0
** UNIS station:
# nquan = 11                                
# nvalues = 460                         
# units = specified
# name 0 = scan: Scan Count
# name 1 = prDM: Pressure, Digiquartz [db]
# name 2 = t068C: Temperature [ITS-68, deg C]
# name 3 = c0S/m: Conductivity [S/m]
# name 4 = sbeox0V: Oxygen raw, SBE 43 [V]
# name 5 = sbeox0ML/L: Oxygen, SBE 43 [ml/l], WS = 2
# name 6 = sal00: Salinity, Practical [PSU]
# name 7 = sigma-t00: Density [sigma-t, Kg/m^3 ]
# name 8 = svCM: Sound Velocity [Chen-Millero, m/s]
# name 9 = avgsvCM: Average Sound Velocity [Chen-Millero, m/s], minP = 0, minS = 0
# name 10 = flag: flag
# span 0 =        631,       8753       
# span 1 =      3.000,    462.000       
# span 2 =     8.1566,    13.3711       
# span 3 =   2.654440,   3.836620       
# span 4 =     1.6912,     2.6909       
# span 5 =    3.59445,    6.08154       
# span 6 =    23.4237,    35.0825       
# span 7 =    17.9198,    27.3075       
# span 8 =    1476.11,    1497.92       
# span 9 =    1476.11,    1495.58       
# span 10 = 0.0000e+00, 0.0000e+00      
# interval = decibars: 1                
# start_time = Nov 09 2013 20:51:32 [System UTC, first data scan.]
# bad_flag = -9.990e-29
*END*
[from data line 394]
       7599    397.000     8.1919   3.664125     1.7790    3.88587    35.0784    27.3067    1489.82    1488.42 0.0000e+00
       7616    398.000     8.1920   3.664176     1.7786    3.88911    35.0783    27.3066    1489.84    1488.42 0.0000e+00
       7633    399.000     8.1921   3.664229     1.7786    3.88630    35.0783    27.3066    1489.85    1488.43 0.0000e+00
       7651    400.000     8.1922   3.664269     1.7777    3.87666    35.0782    27.3065    1489.87    1488.43 0.0000e+00
       7669    401.000     8.1923   3.664334     1.7766    3.86901    35.0783    27.3066    1489.89    1488.43 0.0000e+00
       7686    402.000     8.1924   3.664394     1.7751    3.87093    35.0784    27.3066    1489.90    1488.44 0.0000e+00
       7703    403.000     8.1924   3.664452     1.7749    3.88031    35.0785    27.3067    1489.92    1488.44 0.0000e+00
       7720    404.000     8.1925   3.664498     1.7748    3.88316    35.0784    27.3066    1489.94    1488.44 0.0000e+00
       7738    405.000     8.1927   3.664556     1.7749    3.88457    35.0784    27.3065    1489.95    1488.45 0.0000e+00
       7755    406.000     8.1928   3.664590     1.7749    3.88098    35.0781    27.3064    1489.97    1488.45 0.0000e+00
       7773    407.000     8.1929   3.664663     1.7744    3.87479    35.0783    27.3065    1489.99    1488.45 0.0000e+00
       7791    408.000     8.1930   3.664714     1.7737    3.86491    35.0783    27.3065    1490.00    1488.46 0.0000e+00
       7808    409.000     8.1929   3.664755     1.7720    3.85938    35.0784    27.3065    1490.02    1488.46 0.0000e+00
       7825    410.000     8.1929   3.664820     1.7712    3.86852    35.0786    27.3067    1490.04    1488.47 0.0000e+00
       7842    411.000     8.1930   3.664875     1.7712    3.87555    35.0786    27.3067    1490.05    1488.47 0.0000e+00
       7860    412.000     8.1930   3.664929     1.7713    3.87660    35.0787    27.3068    1490.07    1488.47 0.0000e+00
       7878    413.000     8.1932   3.664981     1.7713    3.87810    35.0786    27.3067    1490.09    1488.48 0.0000e+00
       7895    414.000     8.1932   3.665042     1.7715    3.88273    35.0788    27.3068    1490.10    1488.48 0.0000e+00
       7913    415.000     8.1933   3.665099     1.7720    3.88408    35.0788    27.3068    1490.12    1488.49 0.0000e+00
       7930    416.000     8.1934   3.665160     1.7721    3.87823    35.0789    27.3068    1490.14    1488.49 0.0000e+00
       7948    417.000     8.1936   3.665228     1.7717    3.87357    35.0789    27.3069    1490.16    1488.49 0.0000e+00
       7965    418.000     8.1937   3.665283     1.7713    3.87234    35.0789    27.3068    1490.17    1488.50 0.0000e+00
       7983    419.000     8.1938   3.665331     1.7707    3.86526    35.0789    27.3068    1490.19    1488.50 0.0000e+00
       8001    420.000     8.1939   3.665400     1.7696    3.86036    35.0790    27.3069    1490.21    1488.51 0.0000e+00
       8018    421.000     8.1941   3.665462     1.7687    3.85912    35.0790    27.3069    1490.22    1488.51 0.0000e+00
       8035    422.000     8.1943   3.665531     1.7677    3.86160    35.0791    27.3069    1490.24    1488.51 0.0000e+00
       8052    423.000     8.1946   3.665607     1.7676    3.86497    35.0791    27.3069    1490.26    1488.52 0.0000e+00
       8069    424.000     8.1947   3.665668     1.7671    3.85963    35.0792    27.3069    1490.28    1488.52 0.0000e+00
       8087    425.000     8.1948   3.665729     1.7663    3.85271    35.0793    27.3069    1490.29    1488.53 0.0000e+00
       8105    426.000     8.1950   3.665801     1.7652    3.84698    35.0794    27.3070    1490.31    1488.53 0.0000e+00
       8122    427.000     8.1953   3.665870     1.7639    3.84192    35.0793    27.3069    1490.33    1488.53 0.0000e+00
       8139    428.000     8.1955   3.665953     1.7626    3.83907    35.0795    27.3070    1490.35    1488.54 0.0000e+00
       8157    429.000     8.1960   3.666067     1.7616    3.84096    35.0798    27.3072    1490.36    1488.54 0.0000e+00
       8174    430.000     8.1963   3.666127     1.7608    3.83599    35.0796    27.3070    1490.38    1488.55 0.0000e+00
       8192    431.000     8.1966   3.666203     1.7594    3.82464    35.0797    27.3070    1490.40    1488.55 0.0000e+00
       8210    432.000     8.1968   3.666287     1.7575    3.81579    35.0799    27.3071    1490.42    1488.56 0.0000e+00
       8227    433.000     8.1970   3.666335     1.7557    3.81047    35.0797    27.3070    1490.43    1488.56 0.0000e+00
       8244    434.000     8.1973   3.666420     1.7538    3.80596    35.0799    27.3070    1490.45    1488.56 0.0000e+00
       8262    435.000     8.1975   3.666496     1.7521    3.80529    35.0800    27.3071    1490.47    1488.57 0.0000e+00
       8280    436.000     8.1977   3.666557     1.7509    3.80612    35.0800    27.3071    1490.49    1488.57 0.0000e+00
       8298    437.000     8.1979   3.666611     1.7496    3.80065    35.0799    27.3070    1490.50    1488.58 0.0000e+00
       8316    438.000     8.1980   3.666664     1.7481    3.79350    35.0799    27.3069    1490.52    1488.58 0.0000e+00
       8333    439.000     8.1986   3.666794     1.7464    3.78745    35.0802    27.3071    1490.54    1488.59 0.0000e+00
       8351    440.000     8.1988   3.666844     1.7448    3.78948    35.0801    27.3070    1490.56    1488.59 0.0000e+00
       8368    441.000     8.1994   3.666965     1.7443    3.79221    35.0803    27.3070    1490.58    1488.60 0.0000e+00
       8386    442.000     8.1998   3.667057     1.7430    3.78527    35.0804    27.3071    1490.59    1488.60 0.0000e+00
       8404    443.000     8.2004   3.667164     1.7418    3.77736    35.0805    27.3070    1490.61    1488.60 0.0000e+00
       8423    444.000     8.2006   3.667242     1.7399    3.76236    35.0806    27.3071    1490.63    1488.61 0.0000e+00
       8441    445.000     8.2008   3.667316     1.7375    3.74883    35.0807    27.3072    1490.65    1488.61 0.0000e+00
       8459    446.000     8.2014   3.667416     1.7348    3.73769    35.0807    27.3071    1490.67    1488.62 0.0000e+00
       8477    447.000     8.2024   3.667570     1.7318    3.73235    35.0809    27.3071    1490.69    1488.62 0.0000e+00
       8495    448.000     8.2027   3.667664     1.7295    3.72701    35.0811    27.3072    1490.70    1488.63 0.0000e+00
       8514    449.000     8.2033   3.667770     1.7268    3.71250    35.0812    27.3071    1490.72    1488.63 0.0000e+00
       8532    450.000     8.2037   3.667875     1.7234    3.70081    35.0814    27.3073    1490.74    1488.64 0.0000e+00
       8551    451.000     8.2042   3.667952     1.7205    3.69080    35.0813    27.3071    1490.76    1488.64 0.0000e+00
       8570    452.000     8.2044   3.668034     1.7168    3.67426    35.0815    27.3072    1490.78    1488.65 0.0000e+00
       8589    453.000     8.2047   3.668110     1.7131    3.66934    35.0815    27.3072    1490.79    1488.65 0.0000e+00
       8607    454.000     8.2049   3.668185     1.7104    3.66826    35.0816    27.3073    1490.81    1488.66 0.0000e+00
       8626    455.000     8.2052   3.668247     1.7079    3.66237    35.0815    27.3071    1490.83    1488.66 0.0000e+00
       8644    456.000     8.2055   3.668346     1.7054    3.65449    35.0818    27.3073    1490.85    1488.67 0.0000e+00
       8662    457.000     8.2060   3.668440     1.7029    3.65318    35.0818    27.3073    1490.87    1488.67 0.0000e+00
       8680    458.000     8.2070   3.668613     1.7013    3.65676    35.0822    27.3074    1490.89    1488.67 0.0000e+00
       8697    459.000     8.2075   3.668707     1.7000    3.64876    35.0823    27.3073    1490.91    1488.68 0.0000e+00
       8715    460.000     8.2078   3.668799     1.6979    3.62931    35.0825    27.3075    1490.92    1488.68 0.0000e+00
       8732    461.000     8.2083   3.668882     1.6948    3.61195    35.0824    27.3073    1490.94    1488.69 0.0000e+00
       8753    462.000     8.2080   3.668885     1.6912    3.59445    35.0822    27.3073    1490.96    1488.69 0.0000e+00
