_data/ctd/2013/Sta1086_2013.cnv
* Sea-Bird SBE 9 Data File:
* FileName = C:\Seabird\CTDDATA\sta1086.hex
* Software Version Seasave V 7.21f
* Temperature SN = 4306
* Conductivity SN = 3123
* Number of Bytes Per Scan = 35
* Number of Voltage Words = 4
* Number of Scans Averaged by the Deck Unit = 1
* NMEA Latitude = 60 52.35 N
* NMEA Longitude = 005 24.05 E
* NMEA UTC (Time) = Nov 10 2013 11:37:15
** Ship: 01 F/F "Håkon Mosby"
** Station: 1086
** Echodepth: 478
** Log: 7296.352
** Wind-Dir Force: 09 03
** Air-temp (dry): 5.3
** Weather Sky: 1 5
** Sea Ice: 1 0
** UNIS station:
# nquan = 11                                
# nvalues = 455                         
# units = specified
# name 0 = scan: Scan Count
# name 1 = prDM: Pressure, Digiquartz [db]
# name 2 = t068C: Temperature [ITS-68, deg C]
# name 3 = c0S/m: Conductivity [S/m]
# name 4 = sbeox0V: Oxygen raw, SBE 43 [V]
# name 5 = sbeox0ML/L: Oxygen, SBE 43 [ml/l], WS = 2
# name 6 = sal00: Salinity, Practical [PSU]
# name 7 = sigma-t00: Density [sigma-t, Kg/m^3 ]
# name 8 = svCM: Sound Velocity [Chen-Millero, m/s]
# name 9 = avgsvCM: Average Sound Velocity [Chen-Millero, m/s], minP = 0, minS = 0
# name 10 = flag: flag
# span 0 =        287,       9688       
# span 1 =      2.000,    456.000       
# span 2 =     8.1573,    13.3121       
# span 3 =   2.347716,   3.837066       
# span 4 =     1.7474,     2.7667       
# span 5 =    3.78899,    6.26253       
# span 6 =    20.8948,    35.0830       
# span 7 =    16.0546,    27.3087       
# span 8 =    1470.25,    1497.84       
# span 9 =    1470.25,    1495.46       
# span 10 = 0.0000e+00, 0.0000e+00      
# interval = decibars: 1                
# start_time = Nov 10 2013 11:37:18 [System UTC, first data scan.]
# bad_flag = -9.990e-29
*END*
[from data line 132]
       3243    134.000     8.1768   3.648378     2.1962    4.98996    35.0516    27.2880    1485.40    1490.09 0.0000e+00
       3264    135.000     8.1768   3.648441     2.1927    4.97949    35.0518    27.2881    1485.42    1490.06 0.0000e+00
       3284    136.000     8.1766   3.648491     2.1896    4.96789    35.0521    27.2884    1485.43    1490.02 0.0000e+00
       3305    137.000     8.1762   3.648578     2.1856    4.95096    35.0529    27.2891    1485.45    1489.99 0.0000e+00
       3326    138.000     8.1762   3.648640     2.1813    4.93990    35.0531    27.2892    1485.46    1489.96 0.0000e+00
       3347    139.000     8.1762   3.648699     2.1776    4.93123    35.0532    27.2893    1485.48    1489.92 0.0000e+00
       3367    140.000     8.1763   3.648762     2.1736    4.91674    35.0533    27.2894    1485.50    1489.89 0.0000e+00
       3388    141.000     8.1764   3.648813     2.1696    4.90238    35.0533    27.2894    1485.52    1489.86 0.0000e+00
       3408    142.000     8.1760   3.648875     2.1648    4.88301    35.0539    27.2899    1485.53    1489.83 0.0000e+00
       3429    143.000     8.1753   3.648909     2.1600    4.86797    35.0544    27.2904    1485.55    1489.80 0.0000e+00
       3449    144.000     8.1752   3.648969     2.1550    4.85489    35.0547    27.2906    1485.56    1489.77 0.0000e+00
       3470    145.000     8.1753   3.649012     2.1505    4.84775    35.0546    27.2905    1485.58    1489.74 0.0000e+00
       3491    146.000     8.1751   3.649059     2.1464    4.84085    35.0548    27.2907    1485.59    1489.71 0.0000e+00
       3511    147.000     8.1751   3.649110     2.1427    4.83109    35.0549    27.2908    1485.61    1489.69 0.0000e+00
       3532    148.000     8.1750   3.649157     2.1389    4.81480    35.0550    27.2909    1485.63    1489.66 0.0000e+00
       3552    149.000     8.1748   3.649186     2.1342    4.79420    35.0550    27.2909    1485.64    1489.63 0.0000e+00
       3573    150.000     8.1746   3.649223     2.1292    4.77346    35.0551    27.2911    1485.66    1489.60 0.0000e+00
       3593    151.000     8.1748   3.649322     2.1234    4.75349    35.0555    27.2913    1485.68    1489.58 0.0000e+00
       3614    152.000     8.1744   3.649366     2.1177    4.72578    35.0559    27.2917    1485.69    1489.55 0.0000e+00
       3634    153.000     8.1741   3.649420     2.1102    4.69493    35.0563    27.2920    1485.71    1489.53 0.0000e+00
       3655    154.000     8.1744   3.649474     2.1028    4.67044    35.0561    27.2918    1485.72    1489.50 0.0000e+00
       3676    155.000     8.1739   3.649532     2.0947    4.63949    35.0567    27.2924    1485.74    1489.48 0.0000e+00
       3696    156.000     8.1744   3.649573     2.0859    4.60167    35.0561    27.2919    1485.76    1489.45 0.0000e+00
       3717    157.000     8.1746   3.649637     2.0761    4.56507    35.0561    27.2919    1485.78    1489.43 0.0000e+00
       3737    158.000     8.1748   3.649755     2.0657    4.52903    35.0567    27.2923    1485.79    1489.41 0.0000e+00
       3758    159.000     8.1754   3.649875     2.0553    4.49385    35.0569    27.2924    1485.81    1489.39 0.0000e+00
       3778    160.000     8.1756   3.649958     2.0442    4.45483    35.0571    27.2925    1485.83    1489.36 0.0000e+00
       3799    161.000     8.1759   3.650053     2.0323    4.40955    35.0574    27.2926    1485.85    1489.34 0.0000e+00
       3820    162.000     8.1727   3.649832     2.0195    4.36317    35.0577    27.2934    1485.85    1489.32 0.0000e+00
       3840    163.000     8.1724   3.649834     2.0061    4.31680    35.0575    27.2933    1485.87    1489.30 0.0000e+00
       3861    164.000     8.1719   3.649843     1.9920    4.27176    35.0576    27.2935    1485.88    1489.28 0.0000e+00
       3882    165.000     8.1711   3.649820     1.9784    4.24240    35.0577    27.2936    1485.90    1489.26 0.0000e+00
       3903    166.000     8.1702   3.649782     1.9659    4.20855    35.0577    27.2938    1485.91    1489.24 0.0000e+00
       3924    167.000     8.1702   3.649822     1.9529    4.18220    35.0577    27.2937    1485.92    1489.22 0.0000e+00
       3945    168.000     8.1704   3.649884     1.9425    4.16075    35.0576    27.2937    1485.94    1489.20 0.0000e+00
       3965    169.000     8.1704   3.649933     1.9318    4.13013    35.0577    27.2937    1485.96    1489.18 0.0000e+00
       3986    170.000     8.1703   3.649967     1.9217    4.10614    35.0577    27.2937    1485.97    1489.16 0.0000e+00
       4007    171.000     8.1697   3.649951     1.9120    4.08716    35.0576    27.2938    1485.99    1489.14 0.0000e+00
       4027    172.000     8.1694   3.649973     1.9037    4.07846    35.0577    27.2938    1486.00    1489.12 0.0000e+00
       4047    173.000     8.1691   3.649995     1.8970    4.07441    35.0577    27.2939    1486.02    1489.10 0.0000e+00
       4067    174.000     8.1688   3.650017     1.8916    4.06689    35.0578    27.2940    1486.03    1489.09 0.0000e+00
       4087    175.000     8.1690   3.650075     1.8866    4.06161    35.0577    27.2939    1486.05    1489.07 0.0000e+00
       4107    176.000     8.1686   3.650070     1.8827    4.05400    35.0576    27.2939    1486.07    1489.05 0.0000e+00
       4127    177.000     8.1670   3.649986     1.8783    4.04585    35.0578    27.2943    1486.08    1489.04 0.0000e+00
       4147    178.000     8.1670   3.650020     1.8752    4.05144    35.0577    27.2942    1486.09    1489.02 0.0000e+00
       4167    179.000     8.1674   3.650108     1.8735    4.06388    35.0577    27.2942    1486.11    1489.00 0.0000e+00
       4187    180.000     8.1665   3.650067     1.8733    4.07564    35.0577    27.2943    1486.12    1488.99 0.0000e+00
       4206    181.000     8.1661   3.650074     1.8734    4.07830    35.0577    27.2944    1486.14    1488.97 0.0000e+00
       4227    182.000     8.1646   3.649981     1.8737    4.07972    35.0577    27.2946    1486.15    1488.96 0.0000e+00
       4247    183.000     8.1635   3.649923     1.8737    4.08050    35.0577    27.2948    1486.16    1488.94 0.0000e+00
       4267    184.000     8.1629   3.649907     1.8740    4.08735    35.0576    27.2948    1486.18    1488.93 0.0000e+00
       4288    185.000     8.1625   3.649910     1.8750    4.09763    35.0576    27.2948    1486.19    1488.91 0.0000e+00
       4308    186.000     8.1609   3.649800     1.8762    4.09432    35.0575    27.2950    1486.20    1488.90 0.0000e+00
       4328    187.000     8.1582   3.649595     1.8763    4.09184    35.0575    27.2955    1486.21    1488.88 0.0000e+00
       4348    188.000     8.1573   3.649563     1.8767    4.09930    35.0576    27.2956    1486.22    1488.87 0.0000e+00
       4369    189.000     8.1576   3.649625     1.8775    4.10256    35.0575    27.2955    1486.24    1488.85 0.0000e+00
       4389    190.000     8.1582   3.649750     1.8784    4.10400    35.0577    27.2956    1486.26    1488.84 0.0000e+00
       4409    191.000     8.1578   3.649785     1.8787    4.10035    35.0580    27.2959    1486.27    1488.83 0.0000e+00
       4430    192.000     8.1584   3.649897     1.8787    4.09996    35.0581    27.2959    1486.29    1488.81 0.0000e+00
       4450    193.000     8.1604   3.650178     1.8789    4.10375    35.0587    27.2960    1486.32    1488.80 0.0000e+00
       4470    194.000     8.1618   3.650406     1.8794    4.11013    35.0592    27.2962    1486.34    1488.79 0.0000e+00
       4491    195.000     8.1617   3.650452     1.8802    4.11058    35.0593    27.2963    1486.36    1488.78 0.0000e+00
       4511    196.000     8.1616   3.650499     1.8805    4.11101    35.0595    27.2964    1486.37    1488.76 0.0000e+00
       4531    197.000     8.1613   3.650507     1.8810    4.11402    35.0594    27.2964    1486.39    1488.75 0.0000e+00
       4551    198.000     8.1606   3.650515     1.8815    4.11374    35.0597    27.2968    1486.40    1488.74 0.0000e+00
       4572    199.000     8.1601   3.650560     1.8816    4.11700    35.0602    27.2972    1486.42    1488.73 0.0000e+00
       4592    200.000     8.1608   3.650677     1.8824    4.12027    35.0602    27.2972    1486.44    1488.72 0.0000e+00
       4612    201.000     8.1608   3.650690     1.8828    4.12364    35.0599    27.2969    1486.45    1488.70 0.0000e+00
       4633    202.000     8.1607   3.650751     1.8835    4.12289    35.0601    27.2971    1486.47    1488.69 0.0000e+00
       4654    203.000     8.1606   3.650793     1.8836    4.11895    35.0602    27.2972    1486.48    1488.68 0.0000e+00
       4674    204.000     8.1605   3.650852     1.8835    4.11916    35.0605    27.2974    1486.50    1488.67 0.0000e+00
       4695    205.000     8.1612   3.651064     1.8835    4.12249    35.0615    27.2981    1486.52    1488.66 0.0000e+00
       4715    206.000     8.1612   3.651152     1.8839    4.12923    35.0620    27.2985    1486.54    1488.65 0.0000e+00
       4736    207.000     8.1613   3.651212     1.8847    4.13041    35.0621    27.2985    1486.56    1488.64 0.0000e+00
       4757    208.000     8.1614   3.651269     1.8849    4.13370    35.0621    27.2985    1486.57    1488.63 0.0000e+00
       4777    209.000     8.1614   3.651321     1.8860    4.13627    35.0622    27.2986    1486.59    1488.62 0.0000e+00
       4798    210.000     8.1615   3.651387     1.8861    4.13730    35.0623    27.2987    1486.61    1488.61 0.0000e+00
       4819    211.000     8.1616   3.651430     1.8872    4.14639    35.0622    27.2986    1486.62    1488.60 0.0000e+00
       4840    212.000     8.1616   3.651477     1.8883    4.14589    35.0622    27.2986    1486.64    1488.59 0.0000e+00
       4861    213.000     8.1618   3.651555     1.8884    4.14022    35.0623    27.2987    1486.66    1488.58 0.0000e+00
       4882    214.000     8.1617   3.651603     1.8885    4.14041    35.0625    27.2988    1486.67    1488.57 0.0000e+00
       4904    215.000     8.1611   3.651607     1.8885    4.14065    35.0626    27.2990    1486.69    1488.57 0.0000e+00
       4925    216.000     8.1608   3.651633     1.8885    4.14011    35.0627    27.2991    1486.70    1488.56 0.0000e+00
       4946    217.000     8.1611   3.651708     1.8883    4.14391    35.0627    27.2991    1486.72    1488.55 0.0000e+00
       4967    218.000     8.1613   3.651779     1.8892    4.16154    35.0628    27.2991    1486.74    1488.54 0.0000e+00
       4988    219.000     8.1614   3.651824     1.8912    4.16909    35.0627    27.2990    1486.75    1488.53 0.0000e+00
       5008    220.000     8.1612   3.651861     1.8922    4.16032    35.0628    27.2992    1486.77    1488.52 0.0000e+00
       5029    221.000     8.1610   3.651890     1.8924    4.16205    35.0629    27.2992    1486.79    1488.52 0.0000e+00
       5049    222.000     8.1612   3.651950     1.8933    4.16628    35.0628    27.2991    1486.80    1488.51 0.0000e+00
       5070    223.000     8.1611   3.651991     1.8936    4.16604    35.0629    27.2992    1486.82    1488.50 0.0000e+00
       5090    224.000     8.1615   3.652074     1.8943    4.16942    35.0629    27.2991    1486.84    1488.49 0.0000e+00
       5111    225.000     8.1614   3.652113     1.8946    4.16894    35.0629    27.2992    1486.85    1488.49 0.0000e+00
       5132    226.000     8.1612   3.652143     1.8952    4.16696    35.0629    27.2992    1486.87    1488.48 0.0000e+00
       5153    227.000     8.1612   3.652185     1.8946    4.16217    35.0629    27.2992    1486.88    1488.47 0.0000e+00
       5173    228.000     8.1612   3.652234     1.8945    4.16578    35.0630    27.2993    1486.90    1488.47 0.0000e+00
       5194    229.000     8.1612   3.652289     1.8946    4.16607    35.0631    27.2993    1486.92    1488.46 0.0000e+00
       5214    230.000     8.1603   3.652253     1.8944    4.16160    35.0631    27.2995    1486.93    1488.45 0.0000e+00
       5234    231.000     8.1590   3.652183     1.8937    4.16362    35.0632    27.2997    1486.94    1488.45 0.0000e+00
       5255    232.000     8.1593   3.652243     1.8942    4.17933    35.0630    27.2996    1486.96    1488.44 0.0000e+00
       5275    233.000     8.1594   3.652301     1.8957    4.19133    35.0631    27.2996    1486.98    1488.43 0.0000e+00
       5295    234.000     8.1595   3.652361     1.8974    4.19461    35.0631    27.2996    1486.99    1488.43 0.0000e+00
       5314    235.000     8.1585   3.652289     1.8984    4.19366    35.0629    27.2996    1487.01    1488.42 0.0000e+00
       5334    236.000     8.1579   3.652272     1.8994    4.19431    35.0628    27.2996    1487.02    1488.41 0.0000e+00
       5354    237.000     8.1579   3.652331     1.8999    4.18821    35.0629    27.2997    1487.04    1488.41 0.0000e+00
       5374    238.000     8.1588   3.652486     1.8996    4.18815    35.0632    27.2998    1487.06    1488.40 0.0000e+00
       5395    239.000     8.1601   3.652693     1.9000    4.19608    35.0637    27.3000    1487.08    1488.40 0.0000e+00
       5415    240.000     8.1607   3.652809     1.9008    4.19841    35.0638    27.3000    1487.10    1488.39 0.0000e+00
       5436    241.000     8.1607   3.652861     1.9013    4.20038    35.0639    27.3001    1487.11    1488.39 0.0000e+00
       5456    242.000     8.1613   3.652977     1.9019    4.20220    35.0640    27.3001    1487.13    1488.38 0.0000e+00
       5477    243.000     8.1628   3.653204     1.9024    4.20742    35.0645    27.3002    1487.16    1488.38 0.0000e+00
       5497    244.000     8.1645   3.653451     1.9036    4.21332    35.0650    27.3003    1487.18    1488.37 0.0000e+00
       5517    245.000     8.1654   3.653588     1.9043    4.20903    35.0650    27.3003    1487.20    1488.37 0.0000e+00
       5538    246.000     8.1660   3.653718     1.9043    4.20014    35.0654    27.3004    1487.22    1488.36 0.0000e+00
       5558    247.000     8.1663   3.653785     1.9035    4.19552    35.0653    27.3003    1487.24    1488.36 0.0000e+00
       5578    248.000     8.1664   3.653856     1.9031    4.19879    35.0655    27.3004    1487.25    1488.35 0.0000e+00
       5599    249.000     8.1666   3.653935     1.9027    4.19370    35.0656    27.3005    1487.27    1488.35 0.0000e+00
       5619    250.000     8.1664   3.653964     1.9020    4.19471    35.0657    27.3006    1487.29    1488.34 0.0000e+00
       5639    251.000     8.1658   3.653957     1.9017    4.19531    35.0657    27.3007    1487.30    1488.34 0.0000e+00
       5660    252.000     8.1665   3.654098     1.9012    4.19637    35.0660    27.3009    1487.32    1488.34 0.0000e+00
       5681    253.000     8.1668   3.654182     1.9013    4.20216    35.0661    27.3009    1487.34    1488.33 0.0000e+00
       5701    254.000     8.1666   3.654204     1.9018    4.20477    35.0661    27.3009    1487.35    1488.33 0.0000e+00
       5721    255.000     8.1663   3.654221     1.9017    4.19985    35.0661    27.3009    1487.37    1488.32 0.0000e+00
       5741    256.000     8.1662   3.654261     1.9015    4.20503    35.0661    27.3010    1487.38    1488.32 0.0000e+00
       5761    257.000     8.1661   3.654294     1.9024    4.21928    35.0661    27.3010    1487.40    1488.32 0.0000e+00
       5781    258.000     8.1659   3.654343     1.9038    4.22557    35.0664    27.3012    1487.42    1488.31 0.0000e+00
       5801    259.000     8.1660   3.654414     1.9051    4.22823    35.0665    27.3013    1487.43    1488.31 0.0000e+00
       5822    260.000     8.1657   3.654435     1.9061    4.22898    35.0666    27.3014    1487.45    1488.31 0.0000e+00
       5842    261.000     8.1658   3.654492     1.9070    4.22953    35.0666    27.3014    1487.47    1488.30 0.0000e+00
       5862    262.000     8.1658   3.654534     1.9076    4.23167    35.0666    27.3014    1487.48    1488.30 0.0000e+00
       5881    263.000     8.1656   3.654565     1.9082    4.23701    35.0666    27.3015    1487.50    1488.30 0.0000e+00
