_data/ctd/2013/Sta1087_2013.cnv
* Sea-Bird SBE 9 Data File:
* FileName = C:\Seabird\CTDDATA\sta1087.hex
* Software Version Seasave V 7.21f
* Temperature SN = 4306
* Conductivity SN = 3123
* Number of Bytes Per Scan = 35
* Number of Voltage Words = 4
* Number of Scans Averaged by the Deck Unit = 1
* NMEA Latitude = 60 52.35 N
* NMEA Longitude = 005 24.09 E
* NMEA UTC (Time) = Nov 11 2013 02:08:41
** Ship: 01 F/F "Håkon Mosby"
** Station: 1087
** Echodepth: 478
** Log: 7331.890
** Wind-Dir Force: 26 01
** Air-temp (dry): 1.2
** Weather Sky: 1 5
** Sea Ice: 1 0
** UNIS station:
# nquan = 11                                
# nvalues = 456                         
# units = specified
# name 0 = scan: Scan Count
# name 1 = prDM: Pressure, Digiquartz [db]
# name 2 = t068C: Temperature [ITS-68, deg C]
# name 3 = c0S/m: Conductivity [S/m]
# name 4 = sbeox0V: Oxygen raw, SBE 43 [V]
# name 5 = sbeox0ML/L: Oxygen, SBE 43 [ml/l], WS = 2
# name 6 = sal00: Salinity, Practical [PSU]
# name 7 = sigma-t00: Density [sigma-t, Kg/m^3 ]
# name 8 = svCM: Sound Velocity [Chen-Millero, m/s]
# name 9 = avgsvCM: Average Sound Velocity [Chen-Millero, m/s], minP = 0, minS = 0
# name 10 = flag: flag
# span 0 =        321,      10983       
# span 1 =      2.000,    457.000       
# span 2 =     8.1604,    13.2753       
# span 3 =   2.326727,   3.835280       
# span 4 =     1.7050,     2.8128       
# span 5 =    3.66295,    6.33160       
# span 6 =    20.8294,    35.0850       
# span 7 =    16.0351,    27.3093       
# span 8 =    1469.26,    1497.86       
# span 9 =    1469.26,    1495.51       
# span 10 = 0.0000e+00, 0.0000e+00      
# interval = decibars: 1                
# start_time = Nov 11 2013 02:08:43 [System UTC, first data scan.]
# bad_flag = -9.990e-29
*END*
[from data line 132]
       3372    134.000     8.1763   3.648422     2.1482    4.81240    35.0526    27.2888    1485.40    1490.19 0.0000e+00
       3394    135.000     8.1759   3.648473     2.1412    4.78677    35.0531    27.2892    1485.41    1490.16 0.0000e+00
       3417    136.000     8.1757   3.648536     2.1335    4.75352    35.0535    27.2896    1485.43    1490.12 0.0000e+00
       3439    137.000     8.1752   3.648565     2.1246    4.71585    35.0538    27.2899    1485.45    1490.09 0.0000e+00
       3462    138.000     8.1753   3.648670     2.1147    4.68563    35.0543    27.2903    1485.46    1490.05 0.0000e+00
       3484    139.000     8.1753   3.648717     2.1057    4.66691    35.0543    27.2903    1485.48    1490.02 0.0000e+00
       3506    140.000     8.1754   3.648764     2.0971    4.63862    35.0543    27.2903    1485.50    1489.99 0.0000e+00
       3529    141.000     8.1753   3.648815     2.0876    4.59919    35.0544    27.2904    1485.51    1489.96 0.0000e+00
       3551    142.000     8.1751   3.648850     2.0771    4.55576    35.0545    27.2905    1485.53    1489.92 0.0000e+00
       3573    143.000     8.1751   3.648912     2.0651    4.51263    35.0547    27.2906    1485.54    1489.89 0.0000e+00
       3595    144.000     8.1752   3.648971     2.0533    4.47828    35.0547    27.2907    1485.56    1489.86 0.0000e+00
       3618    145.000     8.1753   3.649026     2.0413    4.44315    35.0547    27.2906    1485.58    1489.83 0.0000e+00
       3640    146.000     8.1753   3.649083     2.0293    4.39901    35.0549    27.2907    1485.60    1489.80 0.0000e+00
       3662    147.000     8.1753   3.649145     2.0163    4.34947    35.0550    27.2909    1485.61    1489.78 0.0000e+00
       3684    148.000     8.1754   3.649199     2.0021    4.30057    35.0550    27.2909    1485.63    1489.75 0.0000e+00
       3706    149.000     8.1754   3.649262     1.9878    4.25762    35.0552    27.2910    1485.65    1489.72 0.0000e+00
       3728    150.000     8.1754   3.649323     1.9736    4.21784    35.0554    27.2911    1485.66    1489.69 0.0000e+00
       3750    151.000     8.1751   3.649374     1.9601    4.18245    35.0557    27.2915    1485.68    1489.67 0.0000e+00
       3772    152.000     8.1752   3.649434     1.9468    4.14963    35.0558    27.2915    1485.69    1489.64 0.0000e+00
       3794    153.000     8.1751   3.649487     1.9347    4.12517    35.0560    27.2917    1485.71    1489.61 0.0000e+00
       3816    154.000     8.1750   3.649548     1.9233    4.09912    35.0562    27.2919    1485.73    1489.59 0.0000e+00
       3839    155.000     8.1750   3.649610     1.9128    4.08142    35.0564    27.2920    1485.74    1489.56 0.0000e+00
       3861    156.000     8.1751   3.649654     1.9041    4.07420    35.0563    27.2919    1485.76    1489.54 0.0000e+00
       3883    157.000     8.1752   3.649714     1.8968    4.05550    35.0564    27.2919    1485.78    1489.52 0.0000e+00
       3905    158.000     8.1752   3.649780     1.8889    4.03626    35.0566    27.2921    1485.79    1489.49 0.0000e+00
       3928    159.000     8.1753   3.649841     1.8824    4.03012    35.0567    27.2922    1485.81    1489.47 0.0000e+00
       3950    160.000     8.1754   3.649887     1.8771    4.02560    35.0566    27.2921    1485.83    1489.45 0.0000e+00
       3973    161.000     8.1753   3.649951     1.8724    4.01981    35.0569    27.2923    1485.84    1489.42 0.0000e+00
       3994    162.000     8.1753   3.650006     1.8690    4.02400    35.0570    27.2924    1485.86    1489.40 0.0000e+00
       4016    163.000     8.1753   3.650074     1.8669    4.02643    35.0572    27.2926    1485.88    1489.38 0.0000e+00
       4038    164.000     8.1753   3.650131     1.8652    4.02634    35.0573    27.2927    1485.89    1489.36 0.0000e+00
       4060    165.000     8.1753   3.650179     1.8641    4.02774    35.0574    27.2927    1485.91    1489.34 0.0000e+00
       4083    166.000     8.1756   3.650273     1.8629    4.02723    35.0576    27.2928    1485.93    1489.32 0.0000e+00
       4105    167.000     8.1757   3.650342     1.8623    4.02966    35.0577    27.2929    1485.95    1489.30 0.0000e+00
       4128    168.000     8.1750   3.650332     1.8619    4.02785    35.0578    27.2931    1485.96    1489.28 0.0000e+00
       4150    169.000     8.1741   3.650304     1.8610    4.01831    35.0580    27.2934    1485.97    1489.26 0.0000e+00
       4173    170.000     8.1740   3.650328     1.8595    4.01990    35.0578    27.2933    1485.99    1489.24 0.0000e+00
       4195    171.000     8.1731   3.650294     1.8597    4.03530    35.0579    27.2935    1486.00    1489.22 0.0000e+00
       4217    172.000     8.1728   3.650295     1.8605    4.04318    35.0577    27.2934    1486.02    1489.20 0.0000e+00
       4240    173.000     8.1733   3.650403     1.8619    4.04919    35.0579    27.2934    1486.04    1489.18 0.0000e+00
       4262    174.000     8.1738   3.650505     1.8628    4.04398    35.0580    27.2934    1486.05    1489.16 0.0000e+00
       4284    175.000     8.1744   3.650612     1.8628    4.04054    35.0580    27.2934    1486.07    1489.15 0.0000e+00
       4307    176.000     8.1740   3.650623     1.8629    4.04391    35.0581    27.2935    1486.09    1489.13 0.0000e+00
       4329    177.000     8.1725   3.650509     1.8633    4.04614    35.0579    27.2935    1486.10    1489.11 0.0000e+00
       4352    178.000     8.1694   3.650272     1.8634    4.04817    35.0580    27.2941    1486.10    1489.10 0.0000e+00
       4374    179.000     8.1676   3.650142     1.8640    4.05226    35.0579    27.2943    1486.11    1489.08 0.0000e+00
       4397    180.000     8.1661   3.650039     1.8647    4.05780    35.0578    27.2944    1486.12    1489.06 0.0000e+00
       4419    181.000     8.1656   3.650033     1.8654    4.06518    35.0577    27.2945    1486.14    1489.05 0.0000e+00
       4442    182.000     8.1662   3.650154     1.8674    4.07777    35.0579    27.2946    1486.16    1489.03 0.0000e+00
       4465    183.000     8.1653   3.650125     1.8689    4.07186    35.0581    27.2948    1486.17    1489.01 0.0000e+00
       4487    184.000     8.1649   3.650140     1.8693    4.07865    35.0581    27.2949    1486.19    1489.00 0.0000e+00
       4509    185.000     8.1645   3.650156     1.8714    4.09308    35.0582    27.2950    1486.20    1488.98 0.0000e+00
       4532    186.000     8.1639   3.650164     1.8731    4.09153    35.0584    27.2953    1486.21    1488.97 0.0000e+00
       4554    187.000     8.1635   3.650183     1.8740    4.09297    35.0585    27.2954    1486.23    1488.95 0.0000e+00
       4577    188.000     8.1630   3.650206     1.8754    4.10510    35.0588    27.2957    1486.24    1488.94 0.0000e+00
       4600    189.000     8.1626   3.650237     1.8775    4.11014    35.0590    27.2960    1486.26    1488.93 0.0000e+00
       4622    190.000     8.1623   3.650269     1.8787    4.10427    35.0592    27.2961    1486.28    1488.91 0.0000e+00
       4645    191.000     8.1618   3.650276     1.8791    4.11097    35.0593    27.2963    1486.29    1488.90 0.0000e+00
       4668    192.000     8.1618   3.650330     1.8808    4.12160    35.0594    27.2964    1486.31    1488.88 0.0000e+00
       4690    193.000     8.1620   3.650420     1.8822    4.11784    35.0597    27.2965    1486.32    1488.87 0.0000e+00
       4713    194.000     8.1652   3.650829     1.8825    4.11661    35.0604    27.2966    1486.35    1488.86 0.0000e+00
       4735    195.000     8.1647   3.650819     1.8833    4.11961    35.0603    27.2966    1486.37    1488.85 0.0000e+00
       4758    196.000     8.1622   3.650614     1.8836    4.11716    35.0601    27.2968    1486.37    1488.83 0.0000e+00
       4780    197.000     8.1611   3.650558     1.8835    4.11507    35.0601    27.2970    1486.39    1488.82 0.0000e+00
       4803    198.000     8.1608   3.650577     1.8834    4.11551    35.0601    27.2971    1486.40    1488.81 0.0000e+00
       4826    199.000     8.1604   3.650589     1.8834    4.11976    35.0602    27.2972    1486.42    1488.80 0.0000e+00
       4849    200.000     8.1605   3.650660     1.8841    4.12984    35.0603    27.2973    1486.43    1488.78 0.0000e+00
       4872    201.000     8.1608   3.650762     1.8853    4.13416    35.0606    27.2975    1486.45    1488.77 0.0000e+00
       4895    202.000     8.1615   3.650897     1.8862    4.13610    35.0609    27.2976    1486.47    1488.76 0.0000e+00
       4919    203.000     8.1616   3.650975     1.8872    4.13334    35.0612    27.2978    1486.49    1488.75 0.0000e+00
       4942    204.000     8.1619   3.651050     1.8866    4.11790    35.0612    27.2978    1486.51    1488.74 0.0000e+00
       4966    205.000     8.1620   3.651115     1.8852    4.11499    35.0613    27.2978    1486.52    1488.73 0.0000e+00
       4989    206.000     8.1621   3.651182     1.8847    4.12310    35.0614    27.2979    1486.54    1488.72 0.0000e+00
       5013    207.000     8.1624   3.651273     1.8849    4.13224    35.0616    27.2980    1486.56    1488.71 0.0000e+00
       5036    208.000     8.1625   3.651346     1.8859    4.13486    35.0618    27.2982    1486.58    1488.70 0.0000e+00
       5060    209.000     8.1624   3.651383     1.8861    4.13040    35.0618    27.2982    1486.59    1488.69 0.0000e+00
       5084    210.000     8.1626   3.651466     1.8861    4.13191    35.0620    27.2983    1486.61    1488.68 0.0000e+00
       5108    211.000     8.1627   3.651540     1.8866    4.14046    35.0622    27.2985    1486.63    1488.67 0.0000e+00
       5133    212.000     8.1628   3.651602     1.8873    4.13813    35.0623    27.2985    1486.64    1488.66 0.0000e+00
       5157    213.000     8.1629   3.651662     1.8875    4.14007    35.0624    27.2985    1486.66    1488.65 0.0000e+00
       5181    214.000     8.1631   3.651734     1.8877    4.13506    35.0625    27.2986    1486.68    1488.64 0.0000e+00
       5204    215.000     8.1631   3.651787     1.8873    4.13909    35.0626    27.2986    1486.69    1488.63 0.0000e+00
       5227    216.000     8.1630   3.651833     1.8882    4.14823    35.0627    27.2987    1486.71    1488.62 0.0000e+00
       5250    217.000     8.1630   3.651898     1.8889    4.14950    35.0629    27.2989    1486.73    1488.61 0.0000e+00
       5273    218.000     8.1630   3.651941     1.8894    4.15008    35.0628    27.2989    1486.74    1488.60 0.0000e+00
       5295    219.000     8.1626   3.651968     1.8899    4.15437    35.0631    27.2991    1486.76    1488.60 0.0000e+00
       5318    220.000     8.1626   3.652012     1.8908    4.15606    35.0630    27.2991    1486.78    1488.59 0.0000e+00
       5341    221.000     8.1625   3.652033     1.8910    4.15194    35.0629    27.2990    1486.79    1488.58 0.0000e+00
       5364    222.000     8.1624   3.652071     1.8910    4.15323    35.0629    27.2990    1486.81    1488.57 0.0000e+00
       5388    223.000     8.1623   3.652105     1.8915    4.16154    35.0629    27.2990    1486.82    1488.56 0.0000e+00
       5411    224.000     8.1623   3.652163     1.8922    4.15968    35.0630    27.2991    1486.84    1488.56 0.0000e+00
       5434    225.000     8.1621   3.652195     1.8922    4.15813    35.0631    27.2992    1486.86    1488.55 0.0000e+00
       5457    226.000     8.1619   3.652222     1.8924    4.15830    35.0631    27.2993    1486.87    1488.54 0.0000e+00
       5480    227.000     8.1617   3.652273     1.8921    4.15737    35.0634    27.2995    1486.89    1488.53 0.0000e+00
       5503    228.000     8.1617   3.652308     1.8924    4.16558    35.0632    27.2994    1486.90    1488.53 0.0000e+00
       5526    229.000     8.1617   3.652353     1.8933    4.16818    35.0632    27.2994    1486.92    1488.52 0.0000e+00
       5549    230.000     8.1616   3.652392     1.8934    4.16730    35.0633    27.2994    1486.94    1488.51 0.0000e+00
       5573    231.000     8.1609   3.652370     1.8942    4.17341    35.0633    27.2995    1486.95    1488.51 0.0000e+00
       5596    232.000     8.1606   3.652383     1.8945    4.16478    35.0632    27.2995    1486.97    1488.50 0.0000e+00
       5619    233.000     8.1621   3.652629     1.8938    4.16793    35.0639    27.2998    1486.99    1488.49 0.0000e+00
       5642    234.000     8.1636   3.652847     1.8947    4.17813    35.0642    27.2999    1487.01    1488.49 0.0000e+00
       5665    235.000     8.1635   3.652885     1.8956    4.18595    35.0642    27.2999    1487.03    1488.48 0.0000e+00
       5688    236.000     8.1628   3.652849     1.8970    4.18914    35.0641    27.2999    1487.04    1488.47 0.0000e+00
       5711    237.000     8.1622   3.652850     1.8980    4.18807    35.0642    27.3001    1487.05    1488.47 0.0000e+00
       5734    238.000     8.1621   3.652888     1.8983    4.18663    35.0642    27.3001    1487.07    1488.46 0.0000e+00
       5757    239.000     8.1622   3.652952     1.8988    4.19515    35.0643    27.3002    1487.09    1488.46 0.0000e+00
       5780    240.000     8.1622   3.653005     1.9003    4.19815    35.0644    27.3002    1487.10    1488.45 0.0000e+00
       5803    241.000     8.1629   3.653127     1.9003    4.19359    35.0645    27.3002    1487.12    1488.44 0.0000e+00
       5825    242.000     8.1626   3.653148     1.9009    4.19723    35.0646    27.3003    1487.14    1488.44 0.0000e+00
       5848    243.000     8.1626   3.653210     1.9012    4.19764    35.0648    27.3005    1487.16    1488.43 0.0000e+00
       5870    244.000     8.1628   3.653285     1.9016    4.20137    35.0649    27.3005    1487.17    1488.43 0.0000e+00
       5893    245.000     8.1630   3.653354     1.9021    4.20282    35.0649    27.3005    1487.19    1488.42 0.0000e+00
       5915    246.000     8.1630   3.653403     1.9026    4.20591    35.0650    27.3006    1487.21    1488.42 0.0000e+00
       5938    247.000     8.1627   3.653422     1.9031    4.20615    35.0650    27.3006    1487.22    1488.41 0.0000e+00
       5961    248.000     8.1619   3.653406     1.9034    4.20962    35.0651    27.3009    1487.24    1488.41 0.0000e+00
       5984    249.000     8.1621   3.653476     1.9043    4.21217    35.0652    27.3009    1487.25    1488.40 0.0000e+00
       6007    250.000     8.1627   3.653606     1.9045    4.21658    35.0655    27.3010    1487.27    1488.40 0.0000e+00
       6031    251.000     8.1639   3.653798     1.9059    4.22581    35.0659    27.3012    1487.29    1488.40 0.0000e+00
       6054    252.000     8.1652   3.653994     1.9069    4.22414    35.0662    27.3012    1487.32    1488.39 0.0000e+00
       6077    253.000     8.1651   3.654030     1.9074    4.21655    35.0662    27.3012    1487.33    1488.39 0.0000e+00
       6099    254.000     8.1649   3.654063     1.9069    4.21554    35.0663    27.3013    1487.35    1488.38 0.0000e+00
       6122    255.000     8.1640   3.654016     1.9069    4.21725    35.0662    27.3014    1487.36    1488.38 0.0000e+00
       6144    256.000     8.1648   3.654154     1.9068    4.21820    35.0664    27.3014    1487.38    1488.38 0.0000e+00
       6167    257.000     8.1652   3.654259     1.9068    4.21933    35.0666    27.3015    1487.40    1488.37 0.0000e+00
       6190    258.000     8.1653   3.654337     1.9069    4.21966    35.0669    27.3017    1487.42    1488.37 0.0000e+00
       6213    259.000     8.1656   3.654400     1.9069    4.21999    35.0668    27.3016    1487.43    1488.36 0.0000e+00
       6236    260.000     8.1659   3.654491     1.9069    4.22131    35.0670    27.3017    1487.45    1488.36 0.0000e+00
       6259    261.000     8.1659   3.654551     1.9072    4.22560    35.0671    27.3018    1487.47    1488.36 0.0000e+00
       6282    262.000     8.1659   3.654600     1.9073    4.22583    35.0672    27.3019    1487.48    1488.35 0.0000e+00
       6305    263.000     8.1657   3.654656     1.9080    4.23082    35.0675    27.3021    1487.50    1488.35 0.0000e+00
