_data/ctd/2013/Sta1087_2013.cnv
* Sea-Bird SBE 9 Data File:
* FileName = C:\Seabird\CTDDATA\sta1087.hex
* Software Version Seasave V 7.21f
* Temperature SN = 4306
* Conductivity SN = 3123
* Number of Bytes Per Scan = 35
* Number of Voltage Words = 4
* Number of Scans Averaged by the Deck Unit = 1
* NMEA Latitude = 60 52.35 N
* NMEA Longitude = 005 24.09 E
* NMEA UTC (Time) = Nov 11 2013 02:08:41
** Ship: 01 F/F "Håkon Mosby"
** Station: 1087
** Echodepth: 478
** Log: 7331.890
** Wind-Dir Force: 26 01
** Air-temp (dry): 1.2
** Weather Sky: 1 5
** Sea Ice: 1 0
** UNIS station:
# nquan = 11                                
# nvalues = 456                         
# units = specified
# name 0 = scan: Scan Count
# name 1 = prDM: Pressure, Digiquartz [db]
# name 2 = t068C: Temperature [ITS-68, deg C]
# name 3 = c0S/m: Conductivity [S/m]
# name 4 = sbeox0V: Oxygen raw, SBE 43 [V]
# name 5 = sbeox0ML/L: Oxygen, SBE 43 [ml/l], WS = 2
# name 6 = sal00: Salinity, Practical [PSU]
# name 7 = sigma-t00: Density [sigma-t, Kg/m^3 ]
# name 8 = svCM: Sound Velocity [Chen-Millero, m/s]
# name 9 = avgsvCM: Average Sound Velocity [Chen-Millero, m/s], minP = 0, minS = 0
# name 10 = flag: flag
# span 0 =        321,      10983       
# span 1 =      2.000,    457.000       
# span 2 =     8.1604,    13.2753       
# span 3 =   2.326727,   3.835280       
# span 4 =     1.7050,     2.8128       
# span 5 =    3.66295,    6.33160       
# span 6 =    20.8294,    35.0850       
# span 7 =    16.0351,    27.3093       
# span 8 =    1469.26,    1497.86       
# span 9 =    1469.26,    1495.51       
# span 10 = 0.0000e+00, 0.0000e+00      
# interval = decibars: 1                
# start_time = Nov 11 2013 02:08:43 [System UTC, first data scan.]
# bad_flag = -9.990e-29
*END*
[from data line 394]
       9434    396.000     8.1916   3.664312     1.8053    3.96586    35.0811    27.3089    1489.81    1488.46 0.0000e+00
       9457    397.000     8.1920   3.664404     1.8044    3.96674    35.0812    27.3089    1489.82    1488.46 0.0000e+00
       9480    398.000     8.1923   3.664476     1.8041    3.96299    35.0812    27.3089    1489.84    1488.47 0.0000e+00
       9504    399.000     8.1924   3.664529     1.8028    3.94486    35.0812    27.3088    1489.86    1488.47 0.0000e+00
       9527    400.000     8.1925   3.664584     1.7995    3.91862    35.0812    27.3088    1489.87    1488.48 0.0000e+00
       9550    401.000     8.1926   3.664645     1.7963    3.93164    35.0813    27.3089    1489.89    1488.48 0.0000e+00
       9574    402.000     8.1928   3.664710     1.7959    3.94647    35.0813    27.3089    1489.91    1488.48 0.0000e+00
       9597    403.000     8.1930   3.664777     1.7959    3.94458    35.0814    27.3089    1489.93    1488.49 0.0000e+00
       9620    404.000     8.1931   3.664832     1.7950    3.93289    35.0814    27.3089    1489.94    1488.49 0.0000e+00
       9644    405.000     8.1932   3.664890     1.7936    3.92966    35.0814    27.3089    1489.96    1488.49 0.0000e+00
       9667    406.000     8.1933   3.664942     1.7925    3.93095    35.0814    27.3088    1489.98    1488.50 0.0000e+00
       9691    407.000     8.1934   3.664999     1.7921    3.93295    35.0814    27.3089    1489.99    1488.50 0.0000e+00
       9714    408.000     8.1934   3.665048     1.7913    3.92937    35.0815    27.3089    1490.01    1488.50 0.0000e+00
       9737    409.000     8.1935   3.665098     1.7909    3.93177    35.0814    27.3088    1490.03    1488.51 0.0000e+00
       9760    410.000     8.1935   3.665143     1.7904    3.93120    35.0814    27.3088    1490.04    1488.51 0.0000e+00
       9783    411.000     8.1936   3.665202     1.7905    3.93941    35.0815    27.3089    1490.06    1488.52 0.0000e+00
       9806    412.000     8.1937   3.665263     1.7910    3.94014    35.0816    27.3089    1490.08    1488.52 0.0000e+00
       9829    413.000     8.1938   3.665321     1.7910    3.93819    35.0816    27.3089    1490.09    1488.52 0.0000e+00
       9852    414.000     8.1940   3.665379     1.7910    3.93818    35.0816    27.3089    1490.11    1488.53 0.0000e+00
       9876    415.000     8.1942   3.665445     1.7909    3.93905    35.0816    27.3089    1490.13    1488.53 0.0000e+00
       9899    416.000     8.1943   3.665509     1.7910    3.93970    35.0817    27.3089    1490.15    1488.53 0.0000e+00
       9923    417.000     8.1945   3.665567     1.7910    3.93636    35.0816    27.3089    1490.16    1488.54 0.0000e+00
       9946    418.000     8.1946   3.665631     1.7901    3.92465    35.0817    27.3089    1490.18    1488.54 0.0000e+00
       9970    419.000     8.1947   3.665693     1.7888    3.92335    35.0818    27.3090    1490.20    1488.55 0.0000e+00
       9994    420.000     8.1950   3.665758     1.7879    3.92232    35.0818    27.3089    1490.21    1488.55 0.0000e+00
      10017    421.000     8.1950   3.665813     1.7871    3.92263    35.0819    27.3090    1490.23    1488.55 0.0000e+00
      10040    422.000     8.1952   3.665874     1.7865    3.92163    35.0818    27.3089    1490.25    1488.56 0.0000e+00
      10064    423.000     8.1953   3.665941     1.7859    3.91802    35.0820    27.3090    1490.27    1488.56 0.0000e+00
      10087    424.000     8.1956   3.666010     1.7849    3.91945    35.0819    27.3089    1490.28    1488.57 0.0000e+00
      10111    425.000     8.1957   3.666072     1.7850    3.92450    35.0820    27.3090    1490.30    1488.57 0.0000e+00
      10134    426.000     8.1958   3.666133     1.7846    3.91632    35.0821    27.3090    1490.32    1488.57 0.0000e+00
      10157    427.000     8.1960   3.666195     1.7837    3.91392    35.0821    27.3090    1490.33    1488.58 0.0000e+00
      10180    428.000     8.1961   3.666253     1.7830    3.91285    35.0821    27.3090    1490.35    1488.58 0.0000e+00
      10203    429.000     8.1963   3.666325     1.7825    3.91638    35.0822    27.3090    1490.37    1488.59 0.0000e+00
      10227    430.000     8.1965   3.666388     1.7821    3.91072    35.0822    27.3090    1490.39    1488.59 0.0000e+00
      10250    431.000     8.1967   3.666462     1.7813    3.91249    35.0823    27.3091    1490.40    1488.60 0.0000e+00
      10273    432.000     8.1971   3.666544     1.7813    3.91048    35.0823    27.3090    1490.42    1488.60 0.0000e+00
      10297    433.000     8.1976   3.666659     1.7801    3.90659    35.0826    27.3091    1490.44    1488.60 0.0000e+00
      10320    434.000     8.1982   3.666748     1.7799    3.90573    35.0825    27.3089    1490.46    1488.61 0.0000e+00
      10344    435.000     8.1985   3.666845     1.7786    3.89560    35.0827    27.3091    1490.48    1488.61 0.0000e+00
      10368    436.000     8.1990   3.666946     1.7771    3.88266    35.0828    27.3091    1490.49    1488.62 0.0000e+00
      10391    437.000     8.1992   3.667020     1.7744    3.86573    35.0830    27.3092    1490.51    1488.62 0.0000e+00
      10415    438.000     8.1994   3.667087     1.7712    3.85655    35.0830    27.3092    1490.53    1488.63 0.0000e+00
      10438    439.000     8.1996   3.667145     1.7685    3.85144    35.0829    27.3091    1490.55    1488.63 0.0000e+00
      10462    440.000     8.2001   3.667245     1.7657    3.84354    35.0830    27.3091    1490.56    1488.63 0.0000e+00
      10486    441.000     8.2004   3.667322     1.7633    3.84094    35.0831    27.3091    1490.58    1488.64 0.0000e+00
      10510    442.000     8.2007   3.667398     1.7612    3.83610    35.0831    27.3091    1490.60    1488.64 0.0000e+00
      10535    443.000     8.2012   3.667504     1.7589    3.82841    35.0833    27.3091    1490.62    1488.65 0.0000e+00
      10559    444.000     8.2017   3.667600     1.7567    3.82068    35.0833    27.3091    1490.64    1488.65 0.0000e+00
      10584    445.000     8.2021   3.667690     1.7540    3.80919    35.0834    27.3091    1490.66    1488.66 0.0000e+00
      10609    446.000     8.2030   3.667849     1.7513    3.80467    35.0837    27.3092    1490.68    1488.66 0.0000e+00
      10635    447.000     8.2034   3.667937     1.7487    3.79103    35.0838    27.3092    1490.69    1488.67 0.0000e+00
      10683    448.000     8.2034   3.667981     1.7416    3.76639    35.0838    27.3092    1490.71    1488.67 0.0000e+00
      10718    449.000     8.2038   3.668086     1.7382    3.76905    35.0841    27.3093    1490.73    1488.67 0.0000e+00
      10753    450.000     8.2046   3.668217     1.7356    3.76402    35.0842    27.3093    1490.75    1488.68 0.0000e+00
      10787    451.000     8.2053   3.668340     1.7329    3.75129    35.0843    27.3093    1490.77    1488.68 0.0000e+00
      10821    452.000     8.2065   3.668512     1.7300    3.74163    35.0845    27.3093    1490.79    1488.69 0.0000e+00
      10854    453.000     8.2071   3.668635     1.7264    3.71792    35.0847    27.3093    1490.81    1488.69 0.0000e+00
      10887    454.000     8.2073   3.668696     1.7205    3.68191    35.0847    27.3093    1490.82    1488.70 0.0000e+00
      10920    455.000     8.2079   3.668811     1.7131    3.66295    35.0849    27.3093    1490.84    1488.70 0.0000e+00
      10952    456.000     8.2085   3.668921     1.7079    3.66688    35.0850    27.3093    1490.86    1488.71 0.0000e+00
      10983    457.000     8.2088   3.668995     1.7050    3.66994    35.0850    27.3093    1490.88    1488.71 0.0000e+00
