_data/ctd/2013/Sta1084_2013.cnv
* Sea-Bird SBE 9 Data File:
* FileName = C:\Seabird\CTDDATA\sta1084.hex
* Software Version Seasave V 7.21f
* Temperature SN = 4306
* Conductivity SN = 3123
* Number of Bytes Per Scan = 35
* Number of Voltage Words = 4
* Number of Scans Averaged by the Deck Unit = 1
* NMEA Latitude = 60 52.35 N
* NMEA Longitude = 005 24.05 E
* NMEA UTC (Time) = Nov 09 2013 20:51:29
** Ship: 01 F/F "Håkon Mosby"
** Station: 1084
** Echodepth: 477
** Log: 7265.671
** Wind-Dir Force: 14 02
** Air-temp (dry): 3.6
** Weather Sky: 1 5
** Sea Ice: 1 0
** UNIS station:
# nquan = 11                                
# nvalues = 460                         
# units = specified
# name 0 = scan: Scan Count
# name 1 = prDM: Pressure, Digiquartz [db]
# name 2 = t068C: Temperature [ITS-68, deg C]
# name 3 = c0S/m: Conductivity [S/m]
# name 4 = sbeox0V: Oxygen raw, SBE 43 [V]
# name 5 = sbeox0ML/L: Oxygen, SBE 43 [ml/l], WS = 2
# name 6 = sal00: Salinity, Practical [PSU]
# name 7 = sigma-t00: Density [sigma-t, Kg/m^3 ]
# name 8 = svCM: Sound Velocity [Chen-Millero, m/s]
# name 9 = avgsvCM: Average Sound Velocity [Chen-Millero, m/s], minP = 0, minS = 0
# name 10 = flag: flag
# span 0 =        631,       8753       
# span 1 =      3.000,    462.000       
# span 2 =     8.1566,    13.3711       
# span 3 =   2.654440,   3.836620       
# span 4 =     1.6912,     2.6909       
# span 5 =    3.59445,    6.08154       
# span 6 =    23.4237,    35.0825       
# span 7 =    17.9198,    27.3075       
# span 8 =    1476.11,    1497.92       
# span 9 =    1476.11,    1495.58       
# span 10 = 0.0000e+00, 0.0000e+00      
# interval = decibars: 1                
# start_time = Nov 09 2013 20:51:32 [System UTC, first data scan.]
# bad_flag = -9.990e-29
*END*
[from data line 132]
       3017    135.000     8.1739   3.648109     2.2473    5.16525    35.0512    27.2881    1485.40    1490.03 0.0000e+00
       3035    136.000     8.1736   3.648152     2.2459    5.16480    35.0514    27.2883    1485.42    1490.00 0.0000e+00
       3052    137.000     8.1737   3.648210     2.2453    5.16764    35.0515    27.2883    1485.44    1489.97 0.0000e+00
       3070    138.000     8.1737   3.648252     2.2444    5.16720    35.0514    27.2883    1485.45    1489.93 0.0000e+00
       3088    139.000     8.1735   3.648286     2.2440    5.16789    35.0515    27.2884    1485.47    1489.90 0.0000e+00
       3105    140.000     8.1732   3.648319     2.2434    5.16231    35.0517    27.2886    1485.48    1489.87 0.0000e+00
       3123    141.000     8.1730   3.648353     2.2424    5.15352    35.0518    27.2887    1485.50    1489.84 0.0000e+00
       3140    142.000     8.1727   3.648416     2.2407    5.15338    35.0523    27.2891    1485.52    1489.81 0.0000e+00
       3157    143.000     8.1725   3.648482     2.2404    5.15822    35.0527    27.2895    1485.53    1489.78 0.0000e+00
       3175    144.000     8.1724   3.648530     2.2395    5.15391    35.0528    27.2896    1485.55    1489.75 0.0000e+00
       3192    145.000     8.1725   3.648624     2.2388    5.15209    35.0532    27.2899    1485.57    1489.72 0.0000e+00
       3209    146.000     8.1728   3.648698     2.2379    5.14352    35.0532    27.2898    1485.58    1489.69 0.0000e+00
       3226    147.000     8.1730   3.648757     2.2361    5.13743    35.0532    27.2898    1485.60    1489.66 0.0000e+00
       3244    148.000     8.1731   3.648815     2.2352    5.13935    35.0532    27.2898    1485.62    1489.64 0.0000e+00
       3261    149.000     8.1731   3.648833     2.2340    5.13247    35.0529    27.2896    1485.63    1489.61 0.0000e+00
       3279    150.000     8.1734   3.648937     2.2323    5.12320    35.0532    27.2898    1485.65    1489.58 0.0000e+00
       3296    151.000     8.1735   3.649007     2.2305    5.12031    35.0534    27.2899    1485.67    1489.56 0.0000e+00
       3313    152.000     8.1736   3.649071     2.2290    5.11600    35.0535    27.2899    1485.69    1489.53 0.0000e+00
       3331    153.000     8.1739   3.649201     2.2273    5.10783    35.0541    27.2904    1485.70    1489.51 0.0000e+00
       3348    154.000     8.1737   3.649338     2.2252    5.10128    35.0553    27.2913    1485.72    1489.48 0.0000e+00
       3366    155.000     8.1736   3.649393     2.2233    5.09620    35.0555    27.2915    1485.74    1489.46 0.0000e+00
       3383    156.000     8.1736   3.649421     2.2212    5.09149    35.0553    27.2914    1485.75    1489.43 0.0000e+00
       3401    157.000     8.1738   3.649466     2.2195    5.08614    35.0551    27.2912    1485.77    1489.41 0.0000e+00
       3418    158.000     8.1736   3.649532     2.2172    5.07698    35.0555    27.2915    1485.79    1489.39 0.0000e+00
       3436    159.000     8.1732   3.649595     2.2151    5.06902    35.0561    27.2921    1485.80    1489.36 0.0000e+00
       3453    160.000     8.1728   3.649607     2.2126    5.06337    35.0562    27.2922    1485.82    1489.34 0.0000e+00
       3470    161.000     8.1729   3.649658     2.2106    5.06327    35.0561    27.2921    1485.83    1489.32 0.0000e+00
       3488    162.000     8.1724   3.649664     2.2089    5.05762    35.0562    27.2922    1485.85    1489.30 0.0000e+00
       3505    163.000     8.1718   3.649686     2.2067    5.04688    35.0566    27.2926    1485.86    1489.28 0.0000e+00
       3523    164.000     8.1715   3.649713     2.2042    5.03694    35.0567    27.2927    1485.88    1489.26 0.0000e+00
       3541    165.000     8.1720   3.649781     2.2015    5.03280    35.0564    27.2925    1485.90    1489.24 0.0000e+00
       3558    166.000     8.1721   3.649839     2.1996    5.03369    35.0564    27.2925    1485.91    1489.22 0.0000e+00
       3575    167.000     8.1705   3.649722     2.1981    5.02727    35.0563    27.2926    1485.92    1489.20 0.0000e+00
       3593    168.000     8.1676   3.649514     2.1956    5.01549    35.0565    27.2932    1485.93    1489.18 0.0000e+00
       3610    169.000     8.1671   3.649513     2.1931    5.00873    35.0565    27.2933    1485.94    1489.16 0.0000e+00
       3628    170.000     8.1665   3.649467     2.1908    5.00607    35.0561    27.2931    1485.96    1489.14 0.0000e+00
       3645    171.000     8.1643   3.649303     2.1889    5.00400    35.0561    27.2934    1485.97    1489.12 0.0000e+00
       3661    172.000     8.1642   3.649330     2.1871    5.00291    35.0560    27.2933    1485.98    1489.10 0.0000e+00
       3676    173.000     8.1622   3.649173     2.1859    5.00485    35.0558    27.2935    1485.99    1489.08 0.0000e+00
       3691    174.000     8.1620   3.649198     2.1850    5.00163    35.0558    27.2935    1486.01    1489.07 0.0000e+00
       3706    175.000     8.1637   3.649421     2.1838    4.99485    35.0560    27.2934    1486.03    1489.05 0.0000e+00
       3721    176.000     8.1618   3.649263     2.1819    4.99125    35.0557    27.2935    1486.04    1489.03 0.0000e+00
       3736    177.000     8.1603   3.649181     2.1811    4.98945    35.0558    27.2938    1486.05    1489.01 0.0000e+00
       3751    178.000     8.1607   3.649275     2.1795    4.97775    35.0560    27.2938    1486.07    1489.00 0.0000e+00
       3768    179.000     8.1613   3.649411     2.1771    4.96580    35.0563    27.2940    1486.09    1488.98 0.0000e+00
       3784    180.000     8.1620   3.649552     2.1747    4.95582    35.0567    27.2942    1486.11    1488.97 0.0000e+00
       3802    181.000     8.1620   3.649613     2.1717    4.94549    35.0568    27.2943    1486.12    1488.95 0.0000e+00
       3819    182.000     8.1615   3.649603     2.1690    4.93078    35.0567    27.2943    1486.14    1488.93 0.0000e+00
       3836    183.000     8.1628   3.649809     2.1650    4.91116    35.0572    27.2945    1486.16    1488.92 0.0000e+00
       3853    184.000     8.1622   3.649797     2.1611    4.89694    35.0572    27.2945    1486.17    1488.90 0.0000e+00
       3870    185.000     8.1617   3.649791     2.1570    4.87704    35.0571    27.2946    1486.19    1488.89 0.0000e+00
       3886    186.000     8.1612   3.649775     2.1519    4.85360    35.0569    27.2945    1486.20    1488.88 0.0000e+00
       3904    187.000     8.1596   3.649656     2.1461    4.82866    35.0568    27.2947    1486.21    1488.86 0.0000e+00
       3921    188.000     8.1590   3.649650     2.1397    4.79927    35.0568    27.2948    1486.23    1488.85 0.0000e+00
       3939    189.000     8.1589   3.649687     2.1323    4.77226    35.0569    27.2948    1486.24    1488.83 0.0000e+00
       3956    190.000     8.1590   3.649740     2.1251    4.75284    35.0568    27.2948    1486.26    1488.82 0.0000e+00
       3973    191.000     8.1593   3.649808     2.1187    4.72669    35.0568    27.2947    1486.28    1488.81 0.0000e+00
       3990    192.000     8.1595   3.649889     2.1100    4.69852    35.0570    27.2948    1486.30    1488.79 0.0000e+00
       4008    193.000     8.1604   3.650050     2.1027    4.67488    35.0573    27.2949    1486.32    1488.78 0.0000e+00
       4025    194.000     8.1617   3.650243     2.0939    4.63243    35.0576    27.2950    1486.34    1488.77 0.0000e+00
       4043    195.000     8.1593   3.650052     2.0842    4.58919    35.0575    27.2952    1486.34    1488.76 0.0000e+00
       4060    196.000     8.1600   3.650169     2.0736    4.53712    35.0575    27.2952    1486.36    1488.74 0.0000e+00
       4077    197.000     8.1619   3.650420     2.0609    4.48116    35.0578    27.2951    1486.39    1488.73 0.0000e+00
       4095    198.000     8.1625   3.650537     2.0474    4.43394    35.0580    27.2952    1486.41    1488.72 0.0000e+00
       4112    199.000     8.1624   3.650569     2.0335    4.38703    35.0580    27.2951    1486.42    1488.71 0.0000e+00
       4130    200.000     8.1620   3.650582     2.0192    4.33584    35.0580    27.2952    1486.44    1488.70 0.0000e+00
       4147    201.000     8.1614   3.650582     2.0042    4.28688    35.0581    27.2954    1486.45    1488.69 0.0000e+00
       4164    202.000     8.1604   3.650524     1.9897    4.24666    35.0580    27.2955    1486.46    1488.67 0.0000e+00
       4181    203.000     8.1592   3.650458     1.9758    4.20670    35.0580    27.2957    1486.48    1488.66 0.0000e+00
       4199    204.000     8.1588   3.650486     1.9612    4.16430    35.0582    27.2959    1486.49    1488.65 0.0000e+00
       4216    205.000     8.1588   3.650549     1.9469    4.12813    35.0584    27.2961    1486.51    1488.64 0.0000e+00
       4234    206.000     8.1589   3.650605     1.9328    4.09550    35.0584    27.2961    1486.53    1488.63 0.0000e+00
       4252    207.000     8.1586   3.650627     1.9201    4.06743    35.0585    27.2962    1486.54    1488.62 0.0000e+00
       4270    208.000     8.1581   3.650645     1.9077    4.04119    35.0587    27.2964    1486.56    1488.61 0.0000e+00
       4288    209.000     8.1583   3.650704     1.8966    4.02244    35.0587    27.2963    1486.57    1488.60 0.0000e+00
       4306    210.000     8.1586   3.650810     1.8860    4.00994    35.0590    27.2966    1486.59    1488.59 0.0000e+00
       4324    211.000     8.1589   3.650878     1.8778    4.00330    35.0590    27.2965    1486.61    1488.58 0.0000e+00
       4342    212.000     8.1591   3.650967     1.8702    3.99826    35.0592    27.2966    1486.63    1488.57 0.0000e+00
       4360    213.000     8.1593   3.651041     1.8647    3.99913    35.0593    27.2967    1486.64    1488.56 0.0000e+00
       4377    214.000     8.1596   3.651123     1.8601    3.99998    35.0594    27.2967    1486.66    1488.56 0.0000e+00
       4395    215.000     8.1598   3.651195     1.8566    3.99961    35.0595    27.2968    1486.68    1488.55 0.0000e+00
       4413    216.000     8.1597   3.651238     1.8534    3.99341    35.0596    27.2968    1486.69    1488.54 0.0000e+00
       4430    217.000     8.1600   3.651321     1.8504    3.99521    35.0597    27.2969    1486.71    1488.53 0.0000e+00
       4448    218.000     8.1608   3.651468     1.8489    4.00325    35.0600    27.2970    1486.73    1488.52 0.0000e+00
       4466    219.000     8.1613   3.651586     1.8478    4.00606    35.0603    27.2971    1486.75    1488.51 0.0000e+00
       4483    220.000     8.1620   3.651729     1.8469    4.00933    35.0606    27.2973    1486.77    1488.51 0.0000e+00
       4501    221.000     8.1623   3.651812     1.8468    4.00887    35.0607    27.2973    1486.79    1488.50 0.0000e+00
       4519    222.000     8.1619   3.651837     1.8457    4.00622    35.0609    27.2975    1486.80    1488.49 0.0000e+00
       4537    223.000     8.1616   3.651861     1.8456    4.01347    35.0610    27.2976    1486.82    1488.48 0.0000e+00
       4554    224.000     8.1617   3.651907     1.8458    4.02036    35.0609    27.2976    1486.83    1488.48 0.0000e+00
       4572    225.000     8.1617   3.651946     1.8465    4.02518    35.0608    27.2975    1486.85    1488.47 0.0000e+00
       4589    226.000     8.1618   3.652002     1.8469    4.02649    35.0608    27.2975    1486.87    1488.46 0.0000e+00
       4607    227.000     8.1616   3.652038     1.8475    4.02932    35.0609    27.2976    1486.88    1488.45 0.0000e+00
       4624    228.000     8.1615   3.652098     1.8480    4.02774    35.0612    27.2978    1486.90    1488.45 0.0000e+00
       4642    229.000     8.1604   3.652050     1.8481    4.02496    35.0613    27.2981    1486.91    1488.44 0.0000e+00
       4659    230.000     8.1594   3.651976     1.8481    4.03008    35.0610    27.2980    1486.93    1488.43 0.0000e+00
       4676    231.000     8.1588   3.651967     1.8488    4.03905    35.0610    27.2981    1486.94    1488.43 0.0000e+00
       4693    232.000     8.1581   3.651929     1.8496    4.05006    35.0609    27.2981    1486.95    1488.42 0.0000e+00
       4710    233.000     8.1570   3.651861     1.8517    4.05925    35.0607    27.2982    1486.97    1488.42 0.0000e+00
       4727    234.000     8.1566   3.651865     1.8529    4.05683    35.0607    27.2982    1486.98    1488.41 0.0000e+00
       4744    235.000     8.1578   3.652070     1.8537    4.06274    35.0612    27.2984    1487.00    1488.40 0.0000e+00
       4762    236.000     8.1591   3.652259     1.8554    4.07344    35.0615    27.2984    1487.02    1488.40 0.0000e+00
       4780    237.000     8.1594   3.652338     1.8572    4.07850    35.0615    27.2984    1487.04    1488.39 0.0000e+00
       4797    238.000     8.1594   3.652389     1.8587    4.07729    35.0616    27.2985    1487.06    1488.39 0.0000e+00
       4814    239.000     8.1597   3.652464     1.8593    4.07593    35.0616    27.2984    1487.08    1488.38 0.0000e+00
       4831    240.000     8.1599   3.652547     1.8603    4.08118    35.0618    27.2986    1487.09    1488.38 0.0000e+00
       4849    241.000     8.1605   3.652652     1.8614    4.08274    35.0619    27.2985    1487.11    1488.37 0.0000e+00
       4866    242.000     8.1608   3.652727     1.8620    4.08634    35.0619    27.2985    1487.13    1488.36 0.0000e+00
       4884    243.000     8.1615   3.652854     1.8632    4.09356    35.0621    27.2985    1487.15    1488.36 0.0000e+00
       4901    244.000     8.1640   3.653188     1.8642    4.09510    35.0626    27.2986    1487.17    1488.35 0.0000e+00
       4918    245.000     8.1655   3.653434     1.8652    4.09802    35.0633    27.2989    1487.20    1488.35 0.0000e+00
       4936    246.000     8.1654   3.653484     1.8663    4.09581    35.0634    27.2990    1487.21    1488.35 0.0000e+00
       4953    247.000     8.1652   3.653501     1.8663    4.08464    35.0633    27.2990    1487.23    1488.34 0.0000e+00
       4970    248.000     8.1645   3.653499     1.8655    4.07980    35.0635    27.2992    1487.24    1488.34 0.0000e+00
       4988    249.000     8.1639   3.653487     1.8652    4.08466    35.0635    27.2993    1487.26    1488.33 0.0000e+00
       5005    250.000     8.1640   3.653533     1.8652    4.08743    35.0634    27.2992    1487.27    1488.33 0.0000e+00
       5022    251.000     8.1640   3.653597     1.8652    4.08937    35.0636    27.2994    1487.29    1488.32 0.0000e+00
       5040    252.000     8.1641   3.653642     1.8654    4.09560    35.0635    27.2993    1487.31    1488.32 0.0000e+00
       5057    253.000     8.1645   3.653731     1.8663    4.09926    35.0636    27.2993    1487.33    1488.32 0.0000e+00
       5075    254.000     8.1654   3.653887     1.8664    4.10159    35.0639    27.2994    1487.35    1488.31 0.0000e+00
       5092    255.000     8.1653   3.653943     1.8675    4.10593    35.0641    27.2995    1487.36    1488.31 0.0000e+00
       5109    256.000     8.1646   3.653983     1.8678    4.10389    35.0648    27.3002    1487.38    1488.30 0.0000e+00
       5126    257.000     8.1653   3.654094     1.8682    4.10809    35.0648    27.3001    1487.40    1488.30 0.0000e+00
       5144    258.000     8.1655   3.654144     1.8688    4.11286    35.0646    27.2999    1487.41    1488.30 0.0000e+00
       5161    259.000     8.1654   3.654182     1.8696    4.12346    35.0647    27.2999    1487.43    1488.29 0.0000e+00
       5178    260.000     8.1657   3.654275     1.8715    4.13043    35.0649    27.3001    1487.45    1488.29 0.0000e+00
       5196    261.000     8.1666   3.654434     1.8725    4.12306    35.0652    27.3002    1487.47    1488.29 0.0000e+00
       5213    262.000     8.1673   3.654572     1.8726    4.11723    35.0655    27.3003    1487.49    1488.28 0.0000e+00
       5229    263.000     8.1670   3.654582     1.8726    4.11667    35.0654    27.3003    1487.50    1488.28 0.0000e+00
       5246    264.000     8.1669   3.654618     1.8726    4.11738    35.0654    27.3003    1487.52    1488.28 0.0000e+00
