_data/ctd/2013/Sta1085_2013.cnv
* Sea-Bird SBE 9 Data File:
* FileName = C:\Seabird\CTDDATA\sta1085.hex
* Software Version Seasave V 7.21f
* Temperature SN = 4306
* Conductivity SN = 3123
* Number of Bytes Per Scan = 35
* Number of Voltage Words = 4
* Number of Scans Averaged by the Deck Unit = 1
* NMEA Latitude = 60 52.35 N
* NMEA Longitude = 005 24.03 E
* NMEA UTC (Time) = Nov 10 2013 05:37:23
** Ship: 01 F/F "Håkon Mosby"
** Station: 1085
** Echodepth: 477
** Log: 7285.803
** Wind-Dir Force: 06 07
** Air-temp (dry): 4.9
** Weather Sky: 1 5
** Sea Ice: 1 0
** UNIS station:
# nquan = 11                                
# nvalues = 450                         
# units = specified
# name 0 = scan: Scan Count
# name 1 = prDM: Pressure, Digiquartz [db]
# name 2 = t068C: Temperature [ITS-68, deg C]
# name 3 = c0S/m: Conductivity [S/m]
# name 4 = sbeox0V: Oxygen raw, SBE 43 [V]
# name 5 = sbeox0ML/L: Oxygen, SBE 43 [ml/l], WS = 2
# name 6 = sal00: Salinity, Practical [PSU]
# name 7 = sigma-t00: Density [sigma-t, Kg/m^3 ]
# name 8 = svCM: Sound Velocity [Chen-Millero, m/s]
# name 9 = avgsvCM: Average Sound Velocity [Chen-Millero, m/s], minP = 0, minS = 0
# name 10 = flag: flag
# span 0 =        278,      10584       
# span 1 =      3.000,    452.000       
# span 2 =     8.1575,    13.3497       
# span 3 =   3.123028,   3.836396       
# span 4 =     1.7399,     2.7185       
# span 5 =    3.77005,    6.06901       
# span 6 =    27.0760,    35.0828       
# span 7 =    20.5591,    27.3085       
# span 8 =    1484.27,    1497.81       
# span 9 =    1485.05,    1496.30       
# span 10 = 0.0000e+00, 0.0000e+00      
# interval = decibars: 1                
# start_time = Nov 10 2013 05:37:25 [System UTC, first data scan.]
# bad_flag = -9.990e-29
*END*
[from data line 394]
       9306    397.000     8.1917   3.664266     1.8079    3.97907    35.0801    27.3080    1489.82    1488.54 0.0000e+00
       9329    398.000     8.1917   3.664310     1.8074    3.97886    35.0801    27.3080    1489.84    1488.54 0.0000e+00
       9352    399.000     8.1918   3.664370     1.8072    3.97888    35.0801    27.3081    1489.85    1488.55 0.0000e+00
       9375    400.000     8.1918   3.664415     1.8070    3.97982    35.0801    27.3081    1489.87    1488.55 0.0000e+00
       9398    401.000     8.1918   3.664463     1.8069    3.98156    35.0802    27.3081    1489.89    1488.55 0.0000e+00
       9421    402.000     8.1920   3.664522     1.8068    3.98084    35.0801    27.3080    1489.90    1488.56 0.0000e+00
       9443    403.000     8.1921   3.664580     1.8066    3.97575    35.0802    27.3081    1489.92    1488.56 0.0000e+00
       9466    404.000     8.1923   3.664646     1.8059    3.97628    35.0802    27.3080    1489.94    1488.56 0.0000e+00
       9489    405.000     8.1924   3.664699     1.8059    3.97883    35.0802    27.3080    1489.96    1488.57 0.0000e+00
       9512    406.000     8.1925   3.664751     1.8052    3.96907    35.0802    27.3080    1489.97    1488.57 0.0000e+00
       9535    407.000     8.1926   3.664806     1.8042    3.96503    35.0802    27.3080    1489.99    1488.57 0.0000e+00
       9558    408.000     8.1926   3.664855     1.8031    3.96263    35.0802    27.3080    1490.01    1488.58 0.0000e+00
       9581    409.000     8.1927   3.664920     1.8024    3.97027    35.0803    27.3081    1490.02    1488.58 0.0000e+00
       9604    410.000     8.1928   3.664962     1.8024    3.96842    35.0802    27.3080    1490.04    1488.59 0.0000e+00
       9627    411.000     8.1929   3.665029     1.8018    3.96758    35.0803    27.3081    1490.06    1488.59 0.0000e+00
       9650    412.000     8.1931   3.665095     1.8019    3.97283    35.0804    27.3081    1490.07    1488.59 0.0000e+00
       9673    413.000     8.1933   3.665172     1.8019    3.96877    35.0805    27.3082    1490.09    1488.60 0.0000e+00
       9696    414.000     8.1936   3.665253     1.8012    3.96155    35.0806    27.3082    1490.11    1488.60 0.0000e+00
       9719    415.000     8.1937   3.665315     1.8003    3.94714    35.0807    27.3082    1490.13    1488.60 0.0000e+00
       9742    416.000     8.1939   3.665386     1.7972    3.93227    35.0808    27.3083    1490.14    1488.61 0.0000e+00
       9765    417.000     8.1941   3.665443     1.7959    3.95018    35.0807    27.3082    1490.16    1488.61 0.0000e+00
       9789    418.000     8.1942   3.665495     1.7957    3.94602    35.0807    27.3082    1490.18    1488.61 0.0000e+00
       9812    419.000     8.1943   3.665564     1.7942    3.93289    35.0809    27.3083    1490.19    1488.62 0.0000e+00
       9835    420.000     8.1946   3.665645     1.7924    3.92723    35.0809    27.3083    1490.21    1488.62 0.0000e+00
       9858    421.000     8.1948   3.665712     1.7911    3.93342    35.0810    27.3083    1490.23    1488.63 0.0000e+00
       9882    422.000     8.1950   3.665777     1.7904    3.92908    35.0810    27.3083    1490.25    1488.63 0.0000e+00
       9905    423.000     8.1951   3.665832     1.7891    3.92218    35.0810    27.3083    1490.26    1488.63 0.0000e+00
       9927    424.000     8.1953   3.665900     1.7877    3.91783    35.0811    27.3083    1490.28    1488.64 0.0000e+00
       9950    425.000     8.1954   3.665948     1.7863    3.92093    35.0810    27.3082    1490.30    1488.64 0.0000e+00
       9973    426.000     8.1958   3.666037     1.7861    3.92443    35.0811    27.3082    1490.32    1488.65 0.0000e+00
       9996    427.000     8.1960   3.666116     1.7854    3.91819    35.0813    27.3083    1490.33    1488.65 0.0000e+00
      10019    428.000     8.1963   3.666196     1.7845    3.91537    35.0813    27.3083    1490.35    1488.65 0.0000e+00
      10042    429.000     8.1966   3.666263     1.7837    3.91565    35.0813    27.3082    1490.37    1488.66 0.0000e+00
      10065    430.000     8.1967   3.666334     1.7829    3.90512    35.0815    27.3084    1490.39    1488.66 0.0000e+00
      10088    431.000     8.1968   3.666368     1.7811    3.90051    35.0812    27.3082    1490.40    1488.67 0.0000e+00
      10111    432.000     8.1971   3.666467     1.7798    3.89765    35.0815    27.3084    1490.42    1488.67 0.0000e+00
      10134    433.000     8.1975   3.666564     1.7787    3.89945    35.0817    27.3084    1490.44    1488.67 0.0000e+00
      10157    434.000     8.1977   3.666616     1.7779    3.89435    35.0816    27.3083    1490.46    1488.68 0.0000e+00
      10181    435.000     8.1980   3.666700     1.7762    3.88396    35.0817    27.3084    1490.47    1488.68 0.0000e+00
      10205    436.000     8.1980   3.666741     1.7746    3.88022    35.0817    27.3083    1490.49    1488.69 0.0000e+00
      10228    437.000     8.1983   3.666818     1.7730    3.87759    35.0817    27.3083    1490.51    1488.69 0.0000e+00
      10251    438.000     8.1989   3.666932     1.7717    3.88139    35.0818    27.3083    1490.53    1488.69 0.0000e+00
      10275    439.000     8.1992   3.667010     1.7713    3.87916    35.0819    27.3083    1490.54    1488.70 0.0000e+00
      10298    440.000     8.1993   3.667063     1.7698    3.86264    35.0819    27.3083    1490.56    1488.70 0.0000e+00
      10322    441.000     8.1994   3.667120     1.7674    3.85658    35.0819    27.3083    1490.58    1488.71 0.0000e+00
      10346    442.000     8.1996   3.667190     1.7658    3.85616    35.0820    27.3084    1490.59    1488.71 0.0000e+00
      10369    443.000     8.1999   3.667264     1.7643    3.85536    35.0820    27.3083    1490.61    1488.72 0.0000e+00
      10392    444.000     8.2005   3.667379     1.7632    3.85509    35.0822    27.3084    1490.63    1488.72 0.0000e+00
      10416    445.000     8.2019   3.667602     1.7623    3.85207    35.0827    27.3085    1490.65    1488.72 0.0000e+00
      10440    446.000     8.2027   3.667732     1.7611    3.83962    35.0828    27.3085    1490.67    1488.73 0.0000e+00
      10464    447.000     8.2029   3.667788     1.7582    3.81019    35.0827    27.3084    1490.69    1488.73 0.0000e+00
      10488    448.000     8.2030   3.667846     1.7533    3.78611    35.0828    27.3084    1490.71    1488.74 0.0000e+00
      10512    449.000     8.2032   3.667912     1.7490    3.78131    35.0828    27.3084    1490.72    1488.74 0.0000e+00
      10536    450.000     8.2035   3.667989     1.7453    3.77582    35.0828    27.3084    1490.74    1488.75 0.0000e+00
      10560    451.000     8.2036   3.668039     1.7420    3.77303    35.0828    27.3084    1490.76    1488.75 0.0000e+00
      10584    452.000     8.2036   3.668071     1.7399    3.77005    35.0827    27.3083    1490.78    1488.75 0.0000e+00
