_data/ctd/2013/Sta1085_2013.cnv
* Sea-Bird SBE 9 Data File:
* FileName = C:\Seabird\CTDDATA\sta1085.hex
* Software Version Seasave V 7.21f
* Temperature SN = 4306
* Conductivity SN = 3123
* Number of Bytes Per Scan = 35
* Number of Voltage Words = 4
* Number of Scans Averaged by the Deck Unit = 1
* NMEA Latitude = 60 52.35 N
* NMEA Longitude = 005 24.03 E
* NMEA UTC (Time) = Nov 10 2013 05:37:23
** Ship: 01 F/F "Håkon Mosby"
** Station: 1085
** Echodepth: 477
** Log: 7285.803
** Wind-Dir Force: 06 07
** Air-temp (dry): 4.9
** Weather Sky: 1 5
** Sea Ice: 1 0
** UNIS station:
# nquan = 11                                
# nvalues = 450                         
# units = specified
# name 0 = scan: Scan Count
# name 1 = prDM: Pressure, Digiquartz [db]
# name 2 = t068C: Temperature [ITS-68, deg C]
# name 3 = c0S/m: Conductivity [S/m]
# name 4 = sbeox0V: Oxygen raw, SBE 43 [V]
# name 5 = sbeox0ML/L: Oxygen, SBE 43 [ml/l], WS = 2
# name 6 = sal00: Salinity, Practical [PSU]
# name 7 = sigma-t00: Density [sigma-t, Kg/m^3 ]
# name 8 = svCM: Sound Velocity [Chen-Millero, m/s]
# name 9 = avgsvCM: Average Sound Velocity [Chen-Millero, m/s], minP = 0, minS = 0
# name 10 = flag: flag
# span 0 =        278,      10584       
# span 1 =      3.000,    452.000       
# span 2 =     8.1575,    13.3497       
# span 3 =   3.123028,   3.836396       
# span 4 =     1.7399,     2.7185       
# span 5 =    3.77005,    6.06901       
# span 6 =    27.0760,    35.0828       
# span 7 =    20.5591,    27.3085       
# span 8 =    1484.27,    1497.81       
# span 9 =    1485.05,    1496.30       
# span 10 = 0.0000e+00, 0.0000e+00      
# interval = decibars: 1                
# start_time = Nov 10 2013 05:37:25 [System UTC, first data scan.]
# bad_flag = -9.990e-29
*END*
        278      3.000    11.3306   3.123028     2.4731    5.69182    27.0760    20.5591    1485.05    1485.05 0.0000e+00
        315      4.000    13.1279   3.714929     2.5239    5.79726    31.2819    23.4900    1496.28    1487.84 0.0000e+00
        341      5.000    13.1032   3.706269     2.5718    5.56147    31.2208    23.4475    1496.14    1489.50 0.0000e+00
        366      6.000    13.1412   3.720338     2.5281    5.10887    31.3208    23.5175    1496.40    1490.64 0.0000e+00
        391      7.000    13.2986   3.773814     2.4764    5.00492    31.6902    23.7722    1497.38    1491.60 0.0000e+00
        415      8.000    13.3460   3.789586     2.4449    5.02864    31.7977    23.8459    1497.68    1492.36 0.0000e+00
        439      9.000    13.3497   3.798699     2.4279    5.05530    31.8793    23.9083    1497.80    1492.96 0.0000e+00
        464     10.000    13.2746   3.809274     2.4209    5.09668    32.0408    24.0481    1497.76    1493.44 0.0000e+00
        489     11.000    13.2540   3.813477     2.4201    5.11790    32.0972    24.0957    1497.78    1493.83 0.0000e+00
        515     12.000    13.2201   3.817496     2.4203    5.12237    32.1631    24.1534    1497.76    1494.16 0.0000e+00
        540     13.000    13.2067   3.818878     2.4221    5.16374    32.1870    24.1745    1497.76    1494.43 0.0000e+00
        566     14.000    13.1951   3.820438     2.4320    5.22539    32.2111    24.1954    1497.76    1494.67 0.0000e+00
        590     15.000    13.1837   3.825536     2.4438    5.26587    32.2682    24.2419    1497.81    1494.88 0.0000e+00
        615     16.000    13.1567   3.829334     2.4566    5.30627    32.3265    24.2923    1497.80    1495.06 0.0000e+00
        637     17.000    13.1148   3.830175     2.4679    5.34282    32.3697    24.3340    1497.73    1495.22 0.0000e+00
        658     18.000    13.0861   3.830609     2.4803    5.39193    32.3978    24.3614    1497.69    1495.36 0.0000e+00
        679     19.000    13.0655   3.830292     2.4937    5.43762    32.4121    24.3765    1497.65    1495.48 0.0000e+00
        701     20.000    13.0334   3.830053     2.5083    5.47670    32.4368    24.4020    1497.59    1495.58 0.0000e+00
        723     21.000    12.9885   3.828247     2.5210    5.50850    32.4578    24.4270    1497.48    1495.67 0.0000e+00
        745     22.000    12.9207   3.824662     2.5336    5.54090    32.4817    24.4587    1497.30    1495.75 0.0000e+00
        767     23.000    12.8765   3.823812     2.5434    5.54499    32.5112    24.4902    1497.20    1495.81 0.0000e+00
        788     24.000    12.8105   3.820509     2.5490    5.55419    32.5363    24.5225    1497.02    1495.86 0.0000e+00
        812     25.000    12.7654   3.819342     2.5556    5.58202    32.5637    24.5525    1496.92    1495.90 0.0000e+00
        843     26.000    12.7161   3.818295     2.5639    5.60104    32.5959    24.5870    1496.81    1495.94 0.0000e+00
        870     27.000    12.7000   3.818567     2.5701    5.62490    32.6120    24.6025    1496.79    1495.97 0.0000e+00
        893     28.000    12.7225   3.825190     2.5766    5.63887    32.6551    24.6316    1496.93    1496.00 0.0000e+00
        917     29.000    12.7464   3.832583     2.5833    5.67253    32.7043    24.6650    1497.09    1496.04 0.0000e+00
        940     30.000    12.7417   3.834200     2.5937    5.72370    32.7233    24.6807    1497.11    1496.08 0.0000e+00
        963     31.000    12.7222   3.834146     2.6069    5.77443    32.7393    24.6969    1497.08    1496.11 0.0000e+00
        986     32.000    12.6718   3.832817     2.6205    5.80475    32.7701    24.7304    1496.97    1496.14 0.0000e+00
       1009     33.000    12.6426   3.831852     2.6300    5.80706    32.7859    24.7483    1496.90    1496.16 0.0000e+00
       1032     34.000    12.5821   3.828725     2.6370    5.82071    32.8083    24.7774    1496.74    1496.18 0.0000e+00
       1055     35.000    12.5307   3.827317     2.6416    5.81320    32.8393    24.8113    1496.62    1496.19 0.0000e+00
       1078     36.000    12.5718   3.833287     2.6424    5.81409    32.8600    24.8194    1496.80    1496.21 0.0000e+00
       1100     37.000    12.5733   3.834860     2.6476    5.85470    32.8733    24.8295    1496.84    1496.22 0.0000e+00
       1123     38.000    12.5525   3.835055     2.6548    5.87919    32.8930    24.8487    1496.81    1496.24 0.0000e+00
       1145     39.000    12.5281   3.834239     2.6609    5.89731    32.9061    24.8636    1496.76    1496.25 0.0000e+00
       1167     40.000    12.4824   3.832776     2.6672    5.91270    32.9317    24.8922    1496.65    1496.26 0.0000e+00
       1189     41.000    12.4804   3.836360     2.6718    5.91485    32.9674    24.9202    1496.70    1496.27 0.0000e+00
       1212     42.000    12.4656   3.836396     2.6756    5.93548    32.9803    24.9331    1496.68    1496.28 0.0000e+00
       1234     43.000    12.4450   3.836232     2.6823    5.97337    32.9964    24.9495    1496.65    1496.29 0.0000e+00
       1257     44.000    12.4049   3.835926     2.6898    5.99633    33.0283    24.9819    1496.57    1496.30 0.0000e+00
       1280     45.000    12.3683   3.835803     2.6967    6.01749    33.0589    25.0127    1496.50    1496.30 0.0000e+00
       1302     46.000    12.3225   3.835237     2.7034    6.03730    33.0935    25.0482    1496.40    1496.30 0.0000e+00
       1325     47.000    12.2924   3.835183     2.7087    6.03619    33.1191    25.0738    1496.34    1496.30 0.0000e+00
       1348     48.000    12.2757   3.835830     2.7112    6.03690    33.1397    25.0929    1496.33    1496.30 0.0000e+00
       1370     49.000    12.2589   3.835066     2.7134    6.03869    33.1468    25.1016    1496.29    1496.30 0.0000e+00
       1393     50.000    12.2395   3.834263     2.7150    6.04900    33.1558    25.1123    1496.26    1496.30 0.0000e+00
       1416     51.000    12.2185   3.833178     2.7172    6.05665    33.1635    25.1223    1496.21    1496.30 0.0000e+00
       1438     52.000    12.1628   3.829150     2.7185    6.05679    33.1737    25.1407    1496.05    1496.30 0.0000e+00
       1461     53.000    11.8641   3.800309     2.7178    6.06901    33.1594    25.1857    1495.02    1496.27 0.0000e+00
       1483     54.000    11.7251   3.789216     2.7117    6.01776    33.1750    25.2236    1494.58    1496.24 0.0000e+00
       1505     55.000    11.5364   3.774602     2.6993    5.98743    33.2006    25.2782    1493.97    1496.20 0.0000e+00
       1528     56.000    11.3938   3.765118     2.6877    5.97989    33.2352    25.3311    1493.54    1496.15 0.0000e+00
       1550     57.000    11.3537   3.765146     2.6772    5.97150    33.2711    25.3663    1493.46    1496.10 0.0000e+00
       1573     58.000    11.2184   3.753534     2.6700    5.99786    33.2783    25.3964    1493.01    1496.05 0.0000e+00
       1596     59.000    10.9785   3.732250     2.6657    6.01408    33.2842    25.4439    1492.19    1495.99 0.0000e+00
       1618     60.000    10.8957   3.727540     2.6581    5.98239    33.3122    25.4803    1491.95    1495.92 0.0000e+00
       1641     61.000    10.9128   3.736885     2.6503    5.98955    33.3891    25.5372    1492.12    1495.86 0.0000e+00
       1663     62.000    10.8950   3.741631     2.6495    6.02650    33.4522    25.5894    1492.15    1495.80 0.0000e+00
       1686     63.000    10.9097   3.747775     2.6508    6.03514    33.4995    25.6237    1492.27    1495.74 0.0000e+00
       1709     64.000    10.8938   3.751124     2.6526    6.04538    33.5469    25.6634    1492.29    1495.69 0.0000e+00
       1733     65.000    10.7315   3.742756     2.6545    6.06451    33.6118    25.7426    1491.81    1495.63 0.0000e+00
       1755     66.000    10.3783   3.715728     2.6546    6.06140    33.6658    25.8462    1490.64    1495.55 0.0000e+00
       1778     67.000    10.1009   3.691215     2.6451    6.00839    33.6747    25.9005    1489.67    1495.46 0.0000e+00
       1802     68.000     9.9129   3.677761     2.6312    5.98504    33.7126    25.9617    1489.06    1495.37 0.0000e+00
       1824     69.000     9.6201   3.662114     2.6196    5.98655    33.8265    26.0994    1488.15    1495.26 0.0000e+00
       1847     70.000     9.5390   3.661097     2.6055    5.93505    33.8921    26.1640    1487.96    1495.16 0.0000e+00
       1870     71.000     9.5472   3.668997     2.5911    5.91035    33.9653    26.2199    1488.09    1495.06 0.0000e+00
       1894     72.000     9.4344   3.664815     2.5803    5.92938    34.0287    26.2879    1487.77    1494.96 0.0000e+00
       1917     73.000     9.3938   3.665219     2.5743    5.93593    34.0710    26.3276    1487.69    1494.86 0.0000e+00
       1940     74.000     9.3709   3.667750     2.5681    5.92543    34.1186    26.3686    1487.69    1494.76 0.0000e+00
       1964     75.000     9.2920   3.662321     2.5631    5.92472    34.1371    26.3959    1487.44    1494.66 0.0000e+00
       1987     76.000     9.2119   3.658058     2.5576    5.91063    34.1690    26.4338    1487.20    1494.56 0.0000e+00
       2011     77.000     9.0239   3.648758     2.5513    5.90183    34.2521    26.5290    1486.63    1494.46 0.0000e+00
       2035     78.000     8.8827   3.641248     2.5417    5.85320    34.3093    26.5962    1486.19    1494.35 0.0000e+00
       2059     79.000     8.8375   3.639561     2.5284    5.81129    34.3348    26.6233    1486.07    1494.25 0.0000e+00
       2083     80.000     8.7447   3.635769     2.5166    5.79985    34.3845    26.6768    1485.81    1494.14 0.0000e+00
       2107     81.000     8.6077   3.626900     2.5056    5.77452    34.4237    26.7290    1485.36    1494.03 0.0000e+00
       2131     82.000     8.5174   3.623052     2.4919    5.72603    34.4706    26.7798    1485.10    1493.92 0.0000e+00
       2155     83.000     8.4551   3.619851     2.4777    5.68616    34.4971    26.8102    1484.92    1493.81 0.0000e+00
       2179     84.000     8.3879   3.617128     2.4625    5.64476    34.5336    26.8491    1484.73    1493.70 0.0000e+00
       2203     85.000     8.3554   3.615451     2.4479    5.61147    34.5472    26.8648    1484.64    1493.60 0.0000e+00
       2227     86.000     8.3240   3.614028     2.4327    5.56194    34.5624    26.8815    1484.56    1493.49 0.0000e+00
       2251     87.000     8.2896   3.614598     2.4181    5.54774    34.6018    26.9177    1484.49    1493.39 0.0000e+00
       2275     88.000     8.2640   3.614906     2.4067    5.52423    34.6298    26.9436    1484.45    1493.29 0.0000e+00
       2299     89.000     8.2122   3.613761     2.3950    5.49253    34.6682    26.9816    1484.32    1493.18 0.0000e+00
       2322     90.000     8.1928   3.613014     2.3829    5.44601    34.6789    26.9929    1484.27    1493.08 0.0000e+00
       2347     91.000     8.1886   3.613420     2.3682    5.37982    34.6870    26.9999    1484.28    1492.99 0.0000e+00
       2371     92.000     8.1898   3.614580     2.3517    5.33322    34.6977    27.0081    1484.32    1492.89 0.0000e+00
       2395     93.000     8.1914   3.616634     2.3374    5.31610    34.7176    27.0235    1484.37    1492.80 0.0000e+00
       2420     94.000     8.1886   3.619799     2.3259    5.30431    34.7537    27.0522    1484.42    1492.71 0.0000e+00
       2444     95.000     8.1940   3.622451     2.3170    5.29961    34.7762    27.0691    1484.48    1492.62 0.0000e+00
       2467     96.000     8.1848   3.625439     2.3101    5.28386    34.8168    27.1024    1484.51    1492.54 0.0000e+00
       2490     97.000     8.1841   3.628092     2.3032    5.25589    34.8453    27.1249    1484.56    1492.46 0.0000e+00
       2513     98.000     8.1857   3.631438     2.2948    5.21083    34.8790    27.1511    1484.63    1492.38 0.0000e+00
       2536     99.000     8.1872   3.633745     2.2843    5.16257    34.9017    27.1687    1484.68    1492.30 0.0000e+00
       2559    100.000     8.1899   3.636269     2.2723    5.11486    34.9256    27.1870    1484.73    1492.22 0.0000e+00
       2582    101.000     8.1920   3.639829     2.2603    5.07968    34.9610    27.2145    1484.80    1492.15 0.0000e+00
       2604    102.000     8.1920   3.641830     2.2476    5.03650    34.9820    27.2310    1484.84    1492.08 0.0000e+00
       2628    103.000     8.1914   3.642850     2.2349    5.00402    34.9930    27.2397    1484.87    1492.01 0.0000e+00
       2651    104.000     8.1907   3.643543     2.2229    4.97861    35.0006    27.2458    1484.90    1491.94 0.0000e+00
       2675    105.000     8.1904   3.643919     2.2125    4.97565    35.0044    27.2489    1484.92    1491.87 0.0000e+00
       2698    106.000     8.1901   3.644272     2.2059    4.98301    35.0080    27.2517    1484.94    1491.80 0.0000e+00
       2722    107.000     8.1895   3.644633     2.2012    4.98928    35.0120    27.2549    1484.95    1491.74 0.0000e+00
       2744    108.000     8.1892   3.644969     2.1987    4.99347    35.0154    27.2577    1484.97    1491.68 0.0000e+00
       2766    109.000     8.1886   3.645376     2.1965    4.98989    35.0199    27.2613    1484.99    1491.61 0.0000e+00
       2789    110.000     8.1879   3.645802     2.1947    4.98672    35.0247    27.2651    1485.01    1491.55 0.0000e+00
       2811    111.000     8.1879   3.646005     2.1925    4.98290    35.0263    27.2664    1485.03    1491.50 0.0000e+00
       2834    112.000     8.1878   3.646425     2.1915    4.99211    35.0304    27.2697    1485.05    1491.44 0.0000e+00
       2857    113.000     8.1872   3.646636     2.1912    4.99071    35.0328    27.2716    1485.07    1491.38 0.0000e+00
       2879    114.000     8.1863   3.646827     2.1903    4.98398    35.0353    27.2737    1485.09    1491.33 0.0000e+00
       2902    115.000     8.1854   3.646952     2.1889    4.97717    35.0370    27.2752    1485.10    1491.27 0.0000e+00
       2924    116.000     8.1850   3.647004     2.1875    4.97124    35.0375    27.2756    1485.12    1491.22 0.0000e+00
       2947    117.000     8.1837   3.647069     2.1856    4.96595    35.0390    27.2770    1485.13    1491.17 0.0000e+00
       2969    118.000     8.1834   3.647270     2.1842    4.96684    35.0410    27.2786    1485.15    1491.11 0.0000e+00
       2991    119.000     8.1823   3.647366     2.1830    4.97023    35.0426    27.2801    1485.16    1491.06 0.0000e+00
       3014    120.000     8.1823   3.647474     2.1829    4.97540    35.0433    27.2806    1485.18    1491.02 0.0000e+00
       3036    121.000     8.1815   3.647559     2.1827    4.98242    35.0445    27.2817    1485.19    1490.97 0.0000e+00
       3059    122.000     8.1806   3.647577     2.1840    4.99033    35.0451    27.2823    1485.21    1490.92 0.0000e+00
       3082    123.000     8.1807   3.647634     2.1844    4.98246    35.0451    27.2823    1485.23    1490.87 0.0000e+00
       3104    124.000     8.1805   3.647691     2.1837    4.96783    35.0454    27.2826    1485.24    1490.83 0.0000e+00
       3127    125.000     8.1801   3.647735     2.1819    4.95941    35.0458    27.2829    1485.26    1490.78 0.0000e+00
       3149    126.000     8.1791   3.647761     2.1799    4.95067    35.0466    27.2837    1485.27    1490.74 0.0000e+00
       3171    127.000     8.1780   3.647834     2.1779    4.94690    35.0480    27.2850    1485.28    1490.70 0.0000e+00
       3194    128.000     8.1771   3.647937     2.1761    4.94433    35.0495    27.2863    1485.30    1490.65 0.0000e+00
       3217    129.000     8.1772   3.647985     2.1743    4.93482    35.0495    27.2862    1485.32    1490.61 0.0000e+00
       3239    130.000     8.1767   3.648070     2.1716    4.92212    35.0504    27.2870    1485.33    1490.57 0.0000e+00
       3262    131.000     8.1764   3.648157     2.1688    4.90827    35.0511    27.2877    1485.35    1490.53 0.0000e+00
       3284    132.000     8.1762   3.648228     2.1652    4.89481    35.0516    27.2881    1485.36    1490.49 0.0000e+00
       3306    133.000     8.1762   3.648286     2.1618    4.89076    35.0517    27.2882    1485.38    1490.45 0.0000e+00
