_data/ctd/2013/Sta1085_2013.cnv
* Sea-Bird SBE 9 Data File:
* FileName = C:\Seabird\CTDDATA\sta1085.hex
* Software Version Seasave V 7.21f
* Temperature SN = 4306
* Conductivity SN = 3123
* Number of Bytes Per Scan = 35
* Number of Voltage Words = 4
* Number of Scans Averaged by the Deck Unit = 1
* NMEA Latitude = 60 52.35 N
* NMEA Longitude = 005 24.03 E
* NMEA UTC (Time) = Nov 10 2013 05:37:23
** Ship: 01 F/F "Håkon Mosby"
** Station: 1085
** Echodepth: 477
** Log: 7285.803
** Wind-Dir Force: 06 07
** Air-temp (dry): 4.9
** Weather Sky: 1 5
** Sea Ice: 1 0
** UNIS station:
# nquan = 11                                
# nvalues = 450                         
# units = specified
# name 0 = scan: Scan Count
# name 1 = prDM: Pressure, Digiquartz [db]
# name 2 = t068C: Temperature [ITS-68, deg C]
# name 3 = c0S/m: Conductivity [S/m]
# name 4 = sbeox0V: Oxygen raw, SBE 43 [V]
# name 5 = sbeox0ML/L: Oxygen, SBE 43 [ml/l], WS = 2
# name 6 = sal00: Salinity, Practical [PSU]
# name 7 = sigma-t00: Density [sigma-t, Kg/m^3 ]
# name 8 = svCM: Sound Velocity [Chen-Millero, m/s]
# name 9 = avgsvCM: Average Sound Velocity [Chen-Millero, m/s], minP = 0, minS = 0
# name 10 = flag: flag
# span 0 =        278,      10584       
# span 1 =      3.000,    452.000       
# span 2 =     8.1575,    13.3497       
# span 3 =   3.123028,   3.836396       
# span 4 =     1.7399,     2.7185       
# span 5 =    3.77005,    6.06901       
# span 6 =    27.0760,    35.0828       
# span 7 =    20.5591,    27.3085       
# span 8 =    1484.27,    1497.81       
# span 9 =    1485.05,    1496.30       
# span 10 = 0.0000e+00, 0.0000e+00      
# interval = decibars: 1                
# start_time = Nov 10 2013 05:37:25 [System UTC, first data scan.]
# bad_flag = -9.990e-29
*END*
[from data line 263]
       6292    266.000     8.1680   3.655031     1.9107    4.23791    35.0678    27.3020    1487.56    1488.46 0.0000e+00
       6314    267.000     8.1686   3.655139     1.9116    4.25032    35.0678    27.3020    1487.58    1488.45 0.0000e+00
       6337    268.000     8.1688   3.655229     1.9128    4.24718    35.0681    27.3022    1487.59    1488.45 0.0000e+00
       6359    269.000     8.1693   3.655342     1.9123    4.23469    35.0683    27.3023    1487.61    1488.45 0.0000e+00
       6380    270.000     8.1696   3.655432     1.9117    4.23125    35.0685    27.3024    1487.63    1488.44 0.0000e+00
       6403    271.000     8.1704   3.655581     1.9106    4.22326    35.0688    27.3025    1487.65    1488.44 0.0000e+00
       6425    272.000     8.1710   3.655703     1.9089    4.21802    35.0691    27.3026    1487.67    1488.44 0.0000e+00
       6447    273.000     8.1710   3.655749     1.9082    4.22192    35.0691    27.3026    1487.69    1488.43 0.0000e+00
       6469    274.000     8.1705   3.655763     1.9070    4.21333    35.0692    27.3028    1487.70    1488.43 0.0000e+00
       6492    275.000     8.1709   3.655858     1.9057    4.21794    35.0694    27.3028    1487.72    1488.43 0.0000e+00
       6514    276.000     8.1710   3.655929     1.9058    4.23126    35.0696    27.3029    1487.74    1488.43 0.0000e+00
       6537    277.000     8.1711   3.655982     1.9068    4.23505    35.0695    27.3029    1487.75    1488.42 0.0000e+00
       6559    278.000     8.1713   3.656051     1.9069    4.23049    35.0696    27.3029    1487.77    1488.42 0.0000e+00
       6581    279.000     8.1714   3.656120     1.9070    4.23067    35.0698    27.3030    1487.79    1488.42 0.0000e+00
       6603    280.000     8.1716   3.656186     1.9070    4.23180    35.0698    27.3030    1487.80    1488.42 0.0000e+00
       6625    281.000     8.1718   3.656234     1.9071    4.23209    35.0696    27.3029    1487.82    1488.42 0.0000e+00
       6647    282.000     8.1719   3.656308     1.9072    4.23366    35.0698    27.3030    1487.84    1488.41 0.0000e+00
       6670    283.000     8.1721   3.656367     1.9073    4.23388    35.0698    27.3030    1487.86    1488.41 0.0000e+00
       6693    284.000     8.1722   3.656431     1.9071    4.23093    35.0699    27.3030    1487.87    1488.41 0.0000e+00
       6715    285.000     8.1726   3.656519     1.9070    4.23219    35.0699    27.3030    1487.89    1488.41 0.0000e+00
       6738    286.000     8.1731   3.656622     1.9068    4.23377    35.0701    27.3030    1487.91    1488.41 0.0000e+00
       6761    287.000     8.1742   3.656810     1.9070    4.23478    35.0705    27.3032    1487.93    1488.40 0.0000e+00
       6783    288.000     8.1753   3.657001     1.9068    4.22982    35.0710    27.3034    1487.95    1488.40 0.0000e+00
       6806    289.000     8.1771   3.657290     1.9062    4.22659    35.0718    27.3038    1487.98    1488.40 0.0000e+00
       6829    290.000     8.1777   3.657444     1.9058    4.22442    35.0723    27.3041    1488.00    1488.40 0.0000e+00
       6851    291.000     8.1783   3.657582     1.9046    4.21059    35.0727    27.3043    1488.01    1488.40 0.0000e+00
       6873    292.000     8.1783   3.657657     1.9025    4.19789    35.0731    27.3046    1488.03    1488.40 0.0000e+00
       6896    293.000     8.1785   3.657743     1.9000    4.19057    35.0733    27.3047    1488.05    1488.40 0.0000e+00
       6918    294.000     8.1785   3.657799     1.8980    4.19136    35.0734    27.3048    1488.07    1488.39 0.0000e+00
       6940    295.000     8.1787   3.657872     1.8964    4.18705    35.0735    27.3049    1488.08    1488.39 0.0000e+00
       6963    296.000     8.1791   3.657975     1.8946    4.18239    35.0737    27.3050    1488.10    1488.39 0.0000e+00
       6985    297.000     8.1792   3.658044     1.8930    4.18145    35.0739    27.3051    1488.12    1488.39 0.0000e+00
       7008    298.000     8.1794   3.658120     1.8918    4.17894    35.0740    27.3052    1488.14    1488.39 0.0000e+00
       7031    299.000     8.1796   3.658201     1.8902    4.16753    35.0742    27.3053    1488.15    1488.39 0.0000e+00
       7054    300.000     8.1800   3.658305     1.8880    4.16209    35.0744    27.3054    1488.17    1488.39 0.0000e+00
       7076    301.000     8.1805   3.658414     1.8863    4.15939    35.0746    27.3055    1488.19    1488.39 0.0000e+00
       7099    302.000     8.1808   3.658515     1.8848    4.16011    35.0749    27.3057    1488.21    1488.39 0.0000e+00
       7121    303.000     8.1810   3.658599     1.8838    4.16417    35.0751    27.3058    1488.23    1488.39 0.0000e+00
       7144    304.000     8.1813   3.658693     1.8834    4.16197    35.0754    27.3059    1488.24    1488.39 0.0000e+00
       7167    305.000     8.1815   3.658771     1.8825    4.15556    35.0755    27.3060    1488.26    1488.39 0.0000e+00
       7190    306.000     8.1817   3.658847     1.8809    4.14510    35.0757    27.3061    1488.28    1488.39 0.0000e+00
       7212    307.000     8.1818   3.658907     1.8791    4.13852    35.0757    27.3061    1488.30    1488.39 0.0000e+00
       7235    308.000     8.1822   3.659002     1.8771    4.13573    35.0759    27.3062    1488.31    1488.39 0.0000e+00
       7258    309.000     8.1824   3.659078     1.8759    4.13525    35.0760    27.3063    1488.33    1488.39 0.0000e+00
       7281    310.000     8.1825   3.659133     1.8746    4.13541    35.0760    27.3063    1488.35    1488.39 0.0000e+00
       7304    311.000     8.1827   3.659216     1.8738    4.13513    35.0762    27.3064    1488.37    1488.39 0.0000e+00
       7326    312.000     8.1828   3.659294     1.8729    4.12975    35.0765    27.3066    1488.38    1488.39 0.0000e+00
       7349    313.000     8.1825   3.659334     1.8715    4.11801    35.0767    27.3068    1488.40    1488.39 0.0000e+00
       7372    314.000     8.1822   3.659356     1.8693    4.11579    35.0768    27.3069    1488.41    1488.39 0.0000e+00
       7395    315.000     8.1822   3.659406     1.8683    4.11190    35.0768    27.3069    1488.43    1488.39 0.0000e+00
       7418    316.000     8.1822   3.659450     1.8661    4.09940    35.0768    27.3069    1488.45    1488.39 0.0000e+00
       7441    317.000     8.1819   3.659474     1.8638    4.08983    35.0769    27.3070    1488.46    1488.39 0.0000e+00
       7465    318.000     8.1824   3.659577     1.8611    4.08389    35.0770    27.3071    1488.48    1488.39 0.0000e+00
       7488    319.000     8.1826   3.659647     1.8591    4.08253    35.0771    27.3071    1488.50    1488.39 0.0000e+00
       7511    320.000     8.1832   3.659768     1.8571    4.07720    35.0773    27.3072    1488.52    1488.39 0.0000e+00
       7534    321.000     8.1835   3.659838     1.8554    4.07854    35.0773    27.3071    1488.53    1488.39 0.0000e+00
       7558    322.000     8.1836   3.659894     1.8544    4.08204    35.0773    27.3071    1488.55    1488.39 0.0000e+00
       7582    323.000     8.1840   3.659983     1.8538    4.07942    35.0774    27.3071    1488.57    1488.39 0.0000e+00
       7606    324.000     8.1849   3.660155     1.8529    4.07677    35.0778    27.3073    1488.59    1488.39 0.0000e+00
       7629    325.000     8.1853   3.660241     1.8522    4.08010    35.0779    27.3073    1488.61    1488.39 0.0000e+00
       7653    326.000     8.1853   3.660305     1.8517    4.07139    35.0781    27.3074    1488.62    1488.39 0.0000e+00
       7677    327.000     8.1854   3.660366     1.8498    4.05692    35.0781    27.3075    1488.64    1488.39 0.0000e+00
       7702    328.000     8.1855   3.660415     1.8476    4.04972    35.0781    27.3074    1488.66    1488.39 0.0000e+00
       7726    329.000     8.1856   3.660476     1.8455    4.04690    35.0782    27.3075    1488.67    1488.39 0.0000e+00
       7751    330.000     8.1856   3.660521     1.8439    4.04769    35.0782    27.3075    1488.69    1488.39 0.0000e+00
       7775    331.000     8.1857   3.660578     1.8428    4.04920    35.0782    27.3075    1488.71    1488.40 0.0000e+00
       7800    332.000     8.1859   3.660639     1.8421    4.05048    35.0782    27.3074    1488.73    1488.40 0.0000e+00
       7824    333.000     8.1859   3.660698     1.8414    4.04680    35.0783    27.3075    1488.74    1488.40 0.0000e+00
       7849    334.000     8.1860   3.660742     1.8405    4.04250    35.0782    27.3074    1488.76    1488.40 0.0000e+00
       7874    335.000     8.1862   3.660804     1.8395    4.04130    35.0782    27.3074    1488.78    1488.40 0.0000e+00
       7899    336.000     8.1862   3.660854     1.8386    4.04391    35.0782    27.3074    1488.79    1488.40 0.0000e+00
       7923    337.000     8.1862   3.660902     1.8387    4.04933    35.0783    27.3075    1488.81    1488.40 0.0000e+00
       7947    338.000     8.1862   3.660957     1.8387    4.04813    35.0784    27.3076    1488.83    1488.40 0.0000e+00
       7971    339.000     8.1862   3.661008     1.8386    4.04812    35.0784    27.3076    1488.84    1488.40 0.0000e+00
       7994    340.000     8.1863   3.661063     1.8383    4.04146    35.0785    27.3076    1488.86    1488.41 0.0000e+00
       8018    341.000     8.1864   3.661126     1.8373    4.03598    35.0786    27.3077    1488.88    1488.41 0.0000e+00
       8042    342.000     8.1864   3.661174     1.8361    4.02999    35.0786    27.3077    1488.89    1488.41 0.0000e+00
       8067    343.000     8.1864   3.661227     1.8349    4.03242    35.0787    27.3078    1488.91    1488.41 0.0000e+00
       8091    344.000     8.1865   3.661291     1.8345    4.03653    35.0788    27.3078    1488.93    1488.41 0.0000e+00
       8115    345.000     8.1868   3.661350     1.8343    4.03529    35.0786    27.3077    1488.94    1488.41 0.0000e+00
       8140    346.000     8.1869   3.661432     1.8339    4.03597    35.0789    27.3079    1488.96    1488.41 0.0000e+00
       8164    347.000     8.1871   3.661492     1.8337    4.03410    35.0789    27.3078    1488.98    1488.42 0.0000e+00
       8187    348.000     8.1873   3.661564     1.8331    4.02994    35.0790    27.3079    1489.00    1488.42 0.0000e+00
       8211    349.000     8.1873   3.661611     1.8326    4.02693    35.0790    27.3079    1489.01    1488.42 0.0000e+00
       8234    350.000     8.1874   3.661668     1.8312    4.01728    35.0790    27.3079    1489.03    1488.42 0.0000e+00
       8257    351.000     8.1874   3.661722     1.8301    4.01962    35.0791    27.3080    1489.05    1488.42 0.0000e+00
       8280    352.000     8.1876   3.661777     1.8291    4.01544    35.0790    27.3079    1489.06    1488.42 0.0000e+00
       8303    353.000     8.1877   3.661831     1.8281    4.01433    35.0790    27.3079    1489.08    1488.43 0.0000e+00
       8325    354.000     8.1879   3.661898     1.8276    4.01974    35.0791    27.3079    1489.10    1488.43 0.0000e+00
       8348    355.000     8.1879   3.661952     1.8273    4.01554    35.0792    27.3079    1489.11    1488.43 0.0000e+00
       8370    356.000     8.1880   3.662000     1.8265    4.01226    35.0791    27.3079    1489.13    1488.43 0.0000e+00
       8393    357.000     8.1881   3.662055     1.8256    4.00614    35.0791    27.3079    1489.15    1488.43 0.0000e+00
       8416    358.000     8.1881   3.662098     1.8244    4.00647    35.0791    27.3078    1489.16    1488.44 0.0000e+00
       8439    359.000     8.1884   3.662176     1.8242    4.01305    35.0792    27.3078    1489.18    1488.44 0.0000e+00
       8462    360.000     8.1886   3.662229     1.8240    4.01229    35.0791    27.3077    1489.20    1488.44 0.0000e+00
       8485    361.000     8.1887   3.662287     1.8237    4.01224    35.0791    27.3077    1489.21    1488.44 0.0000e+00
       8508    362.000     8.1888   3.662358     1.8236    4.01006    35.0793    27.3079    1489.23    1488.44 0.0000e+00
       8531    363.000     8.1889   3.662408     1.8229    4.00721    35.0792    27.3078    1489.25    1488.45 0.0000e+00
       8554    364.000     8.1889   3.662468     1.8226    4.00233    35.0794    27.3079    1489.27    1488.45 0.0000e+00
       8576    365.000     8.1890   3.662519     1.8209    3.99318    35.0794    27.3079    1489.28    1488.45 0.0000e+00
       8599    366.000     8.1891   3.662588     1.8203    4.00366    35.0795    27.3080    1489.30    1488.45 0.0000e+00
       8622    367.000     8.1892   3.662637     1.8203    4.00573    35.0795    27.3080    1489.32    1488.46 0.0000e+00
       8645    368.000     8.1893   3.662688     1.8200    3.99785    35.0794    27.3079    1489.33    1488.46 0.0000e+00
       8668    369.000     8.1894   3.662748     1.8190    3.99436    35.0795    27.3080    1489.35    1488.46 0.0000e+00
       8691    370.000     8.1895   3.662800     1.8181    3.98742    35.0795    27.3079    1489.37    1488.46 0.0000e+00
       8714    371.000     8.1896   3.662868     1.8166    3.98656    35.0796    27.3080    1489.38    1488.47 0.0000e+00
       8738    372.000     8.1897   3.662916     1.8159    3.98734    35.0796    27.3080    1489.40    1488.47 0.0000e+00
       8760    373.000     8.1897   3.662970     1.8152    3.98690    35.0797    27.3080    1489.42    1488.47 0.0000e+00
       8783    374.000     8.1898   3.663026     1.8147    3.98621    35.0797    27.3080    1489.43    1488.47 0.0000e+00
       8806    375.000     8.1899   3.663075     1.8139    3.98336    35.0796    27.3080    1489.45    1488.48 0.0000e+00
       8829    376.000     8.1900   3.663136     1.8133    3.98110    35.0797    27.3080    1489.47    1488.48 0.0000e+00
       8852    377.000     8.1901   3.663191     1.8125    3.98386    35.0797    27.3080    1489.48    1488.48 0.0000e+00
       8875    378.000     8.1902   3.663236     1.8125    3.98570    35.0796    27.3079    1489.50    1488.48 0.0000e+00
       8898    379.000     8.1902   3.663283     1.8121    3.98357    35.0796    27.3079    1489.52    1488.49 0.0000e+00
       8921    380.000     8.1901   3.663321     1.8119    3.98121    35.0797    27.3080    1489.53    1488.49 0.0000e+00
       8943    381.000     8.1900   3.663365     1.8111    3.97727    35.0798    27.3081    1489.55    1488.49 0.0000e+00
       8966    382.000     8.1902   3.663417     1.8105    3.98308    35.0796    27.3079    1489.57    1488.50 0.0000e+00
       8988    383.000     8.1902   3.663472     1.8109    3.98585    35.0798    27.3080    1489.58    1488.50 0.0000e+00
       9010    384.000     8.1903   3.663526     1.8107    3.98660    35.0798    27.3080    1489.60    1488.50 0.0000e+00
       9032    385.000     8.1904   3.663573     1.8110    3.98820    35.0797    27.3079    1489.62    1488.50 0.0000e+00
       9055    386.000     8.1904   3.663629     1.8110    3.98552    35.0798    27.3080    1489.63    1488.51 0.0000e+00
       9078    387.000     8.1907   3.663706     1.8106    3.98384    35.0798    27.3080    1489.65    1488.51 0.0000e+00
       9100    388.000     8.1909   3.663768     1.8106    3.98686    35.0798    27.3080    1489.67    1488.51 0.0000e+00
       9123    389.000     8.1910   3.663821     1.8106    3.98743    35.0798    27.3080    1489.69    1488.52 0.0000e+00
       9145    390.000     8.1911   3.663881     1.8106    3.98751    35.0799    27.3080    1489.70    1488.52 0.0000e+00
       9168    391.000     8.1912   3.663935     1.8105    3.98417    35.0799    27.3080    1489.72    1488.52 0.0000e+00
       9191    392.000     8.1913   3.663995     1.8098    3.97881    35.0800    27.3080    1489.74    1488.53 0.0000e+00
       9214    393.000     8.1914   3.664054     1.8093    3.97969    35.0800    27.3080    1489.75    1488.53 0.0000e+00
       9237    394.000     8.1915   3.664098     1.8084    3.97491    35.0799    27.3079    1489.77    1488.53 0.0000e+00
       9261    395.000     8.1915   3.664155     1.8081    3.98174    35.0800    27.3080    1489.79    1488.53 0.0000e+00
