_data/ctd/2013/Sta1084_2013.cnv
* Sea-Bird SBE 9 Data File:
* FileName = C:\Seabird\CTDDATA\sta1084.hex
* Software Version Seasave V 7.21f
* Temperature SN = 4306
* Conductivity SN = 3123
* Number of Bytes Per Scan = 35
* Number of Voltage Words = 4
* Number of Scans Averaged by the Deck Unit = 1
* NMEA Latitude = 60 52.35 N
* NMEA Longitude = 005 24.05 E
* NMEA UTC (Time) = Nov 09 2013 20:51:29
** Ship: 01 F/F "Håkon Mosby"
** Station: 1084
** Echodepth: 477
** Log: 7265.671
** Wind-Dir Force: 14 02
** Air-temp (dry): 3.6
** Weather Sky: 1 5
** Sea Ice: 1 0
** UNIS station:
# nquan = 11                                
# nvalues = 460                         
# units = specified
# name 0 = scan: Scan Count
# name 1 = prDM: Pressure, Digiquartz [db]
# name 2 = t068C: Temperature [ITS-68, deg C]
# name 3 = c0S/m: Conductivity [S/m]
# name 4 = sbeox0V: Oxygen raw, SBE 43 [V]
# name 5 = sbeox0ML/L: Oxygen, SBE 43 [ml/l], WS = 2
# name 6 = sal00: Salinity, Practical [PSU]
# name 7 = sigma-t00: Density [sigma-t, Kg/m^3 ]
# name 8 = svCM: Sound Velocity [Chen-Millero, m/s]
# name 9 = avgsvCM: Average Sound Velocity [Chen-Millero, m/s], minP = 0, minS = 0
# name 10 = flag: flag
# span 0 =        631,       8753       
# span 1 =      3.000,    462.000       
# span 2 =     8.1566,    13.3711       
# span 3 =   2.654440,   3.836620       
# span 4 =     1.6912,     2.6909       
# span 5 =    3.59445,    6.08154       
# span 6 =    23.4237,    35.0825       
# span 7 =    17.9198,    27.3075       
# span 8 =    1476.11,    1497.92       
# span 9 =    1476.11,    1495.58       
# span 10 = 0.0000e+00, 0.0000e+00      
# interval = decibars: 1                
# start_time = Nov 09 2013 20:51:32 [System UTC, first data scan.]
# bad_flag = -9.990e-29
*END*
[from data line 263]
       5281    266.000     8.1674   3.654766     1.8728    4.12252    35.0655    27.3003    1487.55    1488.27 0.0000e+00
       5299    267.000     8.1692   3.655056     1.8731    4.12623    35.0664    27.3007    1487.58    1488.27 0.0000e+00
       5316    268.000     8.1714   3.655418     1.8737    4.12482    35.0675    27.3013    1487.60    1488.27 0.0000e+00
       5333    269.000     8.1717   3.655490     1.8736    4.11724    35.0675    27.3013    1487.62    1488.27 0.0000e+00
       5350    270.000     8.1716   3.655529     1.8729    4.10914    35.0676    27.3013    1487.64    1488.26 0.0000e+00
       5368    271.000     8.1715   3.655561     1.8719    4.09949    35.0675    27.3013    1487.65    1488.26 0.0000e+00
       5385    272.000     8.1709   3.655570     1.8702    4.09193    35.0677    27.3015    1487.67    1488.26 0.0000e+00
       5402    273.000     8.1710   3.655654     1.8688    4.09336    35.0681    27.3018    1487.69    1488.26 0.0000e+00
       5420    274.000     8.1715   3.655778     1.8677    4.09987    35.0684    27.3020    1487.70    1488.26 0.0000e+00
       5437    275.000     8.1722   3.655901     1.8677    4.11060    35.0685    27.3020    1487.72    1488.25 0.0000e+00
       5453    276.000     8.1728   3.656017     1.8682    4.11893    35.0687    27.3020    1487.74    1488.25 0.0000e+00
       5470    277.000     8.1734   3.656154     1.8690    4.12579    35.0691    27.3022    1487.76    1488.25 0.0000e+00
       5487    278.000     8.1742   3.656290     1.8702    4.13028    35.0693    27.3022    1487.78    1488.25 0.0000e+00
       5504    279.000     8.1744   3.656362     1.8711    4.12485    35.0694    27.3023    1487.80    1488.25 0.0000e+00
       5522    280.000     8.1749   3.656469     1.8710    4.11322    35.0695    27.3023    1487.82    1488.24 0.0000e+00
       5539    281.000     8.1757   3.656621     1.8701    4.10501    35.0699    27.3025    1487.84    1488.24 0.0000e+00
       5556    282.000     8.1758   3.656674     1.8690    4.10681    35.0698    27.3024    1487.85    1488.24 0.0000e+00
       5574    283.000     8.1762   3.656777     1.8690    4.11108    35.0701    27.3026    1487.87    1488.24 0.0000e+00
       5591    284.000     8.1763   3.656841     1.8686    4.10280    35.0702    27.3026    1487.89    1488.24 0.0000e+00
       5608    285.000     8.1765   3.656898     1.8672    4.09624    35.0701    27.3025    1487.91    1488.24 0.0000e+00
       5626    286.000     8.1766   3.656959     1.8664    4.09845    35.0702    27.3026    1487.92    1488.24 0.0000e+00
       5643    287.000     8.1770   3.657052     1.8658    4.09978    35.0703    27.3026    1487.94    1488.24 0.0000e+00
       5661    288.000     8.1775   3.657173     1.8654    4.10294    35.0706    27.3028    1487.96    1488.24 0.0000e+00
       5678    289.000     8.1780   3.657309     1.8652    4.10045    35.0711    27.3031    1487.98    1488.23 0.0000e+00
       5695    290.000     8.1783   3.657403     1.8645    4.09541    35.0713    27.3032    1488.00    1488.23 0.0000e+00
       5713    291.000     8.1783   3.657445     1.8640    4.09325    35.0713    27.3032    1488.01    1488.23 0.0000e+00
       5730    292.000     8.1784   3.657501     1.8629    4.08841    35.0713    27.3032    1488.03    1488.23 0.0000e+00
       5747    293.000     8.1784   3.657552     1.8621    4.08371    35.0714    27.3032    1488.05    1488.23 0.0000e+00
       5764    294.000     8.1785   3.657620     1.8609    4.07873    35.0715    27.3033    1488.06    1488.23 0.0000e+00
       5781    295.000     8.1785   3.657675     1.8596    4.08087    35.0716    27.3034    1488.08    1488.23 0.0000e+00
       5798    296.000     8.1786   3.657729     1.8592    4.08403    35.0716    27.3034    1488.10    1488.23 0.0000e+00
       5816    297.000     8.1787   3.657797     1.8586    4.08106    35.0718    27.3035    1488.11    1488.23 0.0000e+00
       5834    298.000     8.1789   3.657863     1.8578    4.07852    35.0718    27.3035    1488.13    1488.23 0.0000e+00
       5851    299.000     8.1791   3.657937     1.8572    4.07652    35.0719    27.3035    1488.15    1488.23 0.0000e+00
       5869    300.000     8.1796   3.658072     1.8564    4.07680    35.0724    27.3038    1488.17    1488.23 0.0000e+00
       5886    301.000     8.1802   3.658192     1.8560    4.07367    35.0726    27.3039    1488.19    1488.23 0.0000e+00
       5904    302.000     8.1804   3.658261     1.8549    4.06292    35.0726    27.3039    1488.20    1488.23 0.0000e+00
       5921    303.000     8.1810   3.658401     1.8534    4.05694    35.0730    27.3042    1488.22    1488.23 0.0000e+00
       5939    304.000     8.1814   3.658510     1.8519    4.05323    35.0733    27.3043    1488.24    1488.23 0.0000e+00
       5956    305.000     8.1815   3.658586     1.8505    4.05139    35.0736    27.3045    1488.26    1488.23 0.0000e+00
       5974    306.000     8.1817   3.658672     1.8494    4.05543    35.0738    27.3046    1488.28    1488.23 0.0000e+00
       5991    307.000     8.1821   3.658774     1.8490    4.05390    35.0740    27.3047    1488.29    1488.23 0.0000e+00
       6008    308.000     8.1823   3.658849     1.8479    4.04380    35.0741    27.3048    1488.31    1488.23 0.0000e+00
       6026    309.000     8.1824   3.658914     1.8463    4.03494    35.0742    27.3049    1488.33    1488.23 0.0000e+00
       6043    310.000     8.1826   3.658989     1.8445    4.03114    35.0744    27.3050    1488.35    1488.23 0.0000e+00
       6061    311.000     8.1829   3.659080     1.8431    4.02796    35.0746    27.3051    1488.36    1488.23 0.0000e+00
       6078    312.000     8.1831   3.659157     1.8414    4.02181    35.0747    27.3051    1488.38    1488.23 0.0000e+00
       6096    313.000     8.1832   3.659226     1.8398    4.01967    35.0749    27.3052    1488.40    1488.23 0.0000e+00
       6113    314.000     8.1832   3.659286     1.8384    4.01988    35.0750    27.3054    1488.41    1488.23 0.0000e+00
       6131    315.000     8.1834   3.659348     1.8374    4.01837    35.0750    27.3053    1488.43    1488.23 0.0000e+00
       6149    316.000     8.1834   3.659404     1.8362    4.01497    35.0751    27.3054    1488.45    1488.23 0.0000e+00
       6167    317.000     8.1832   3.659437     1.8351    4.01116    35.0752    27.3055    1488.46    1488.23 0.0000e+00
       6185    318.000     8.1832   3.659468     1.8339    4.00462    35.0750    27.3054    1488.48    1488.23 0.0000e+00
       6203    319.000     8.1830   3.659510     1.8322    3.99498    35.0752    27.3056    1488.50    1488.24 0.0000e+00
       6221    320.000     8.1831   3.659553     1.8302    3.99129    35.0751    27.3055    1488.51    1488.24 0.0000e+00
       6240    321.000     8.1831   3.659615     1.8288    3.99370    35.0753    27.3056    1488.53    1488.24 0.0000e+00
       6258    322.000     8.1829   3.659638     1.8277    3.99070    35.0752    27.3056    1488.55    1488.24 0.0000e+00
       6276    323.000     8.1827   3.659662     1.8263    3.98606    35.0752    27.3056    1488.56    1488.24 0.0000e+00
       6295    324.000     8.1826   3.659693     1.8251    3.98472    35.0752    27.3056    1488.58    1488.24 0.0000e+00
       6313    325.000     8.1826   3.659732     1.8239    3.98480    35.0751    27.3055    1488.59    1488.24 0.0000e+00
       6332    326.000     8.1822   3.659759     1.8232    3.98559    35.0753    27.3058    1488.61    1488.24 0.0000e+00
       6351    327.000     8.1822   3.659805     1.8225    3.98167    35.0753    27.3058    1488.63    1488.24 0.0000e+00
       6370    328.000     8.1821   3.659845     1.8212    3.97092    35.0754    27.3058    1488.64    1488.24 0.0000e+00
       6388    329.000     8.1820   3.659880     1.8197    3.96647    35.0754    27.3058    1488.66    1488.25 0.0000e+00
       6407    330.000     8.1821   3.659932     1.8181    3.96426    35.0754    27.3058    1488.67    1488.25 0.0000e+00
       6426    331.000     8.1823   3.660005     1.8169    3.96343    35.0755    27.3059    1488.69    1488.25 0.0000e+00
       6446    332.000     8.1822   3.660037     1.8157    3.95874    35.0754    27.3058    1488.71    1488.25 0.0000e+00
       6464    333.000     8.1822   3.660078     1.8144    3.95850    35.0754    27.3058    1488.72    1488.25 0.0000e+00
       6483    334.000     8.1823   3.660133     1.8137    3.95254    35.0754    27.3058    1488.74    1488.25 0.0000e+00
       6502    335.000     8.1824   3.660188     1.8116    3.94064    35.0754    27.3058    1488.76    1488.25 0.0000e+00
       6521    336.000     8.1825   3.660245     1.8101    3.94376    35.0754    27.3058    1488.78    1488.26 0.0000e+00
       6540    337.000     8.1824   3.660282     1.8091    3.95082    35.0754    27.3058    1488.79    1488.26 0.0000e+00
       6559    338.000     8.1824   3.660332     1.8090    3.95713    35.0755    27.3059    1488.81    1488.26 0.0000e+00
       6577    339.000     8.1826   3.660388     1.8091    3.95421    35.0754    27.3058    1488.82    1488.26 0.0000e+00
       6595    340.000     8.1827   3.660475     1.8084    3.94751    35.0758    27.3060    1488.84    1488.26 0.0000e+00
       6614    341.000     8.1822   3.660481     1.8078    3.94627    35.0759    27.3062    1488.86    1488.26 0.0000e+00
       6632    342.000     8.1842   3.660748     1.8069    3.93912    35.0762    27.3062    1488.88    1488.27 0.0000e+00
       6651    343.000     8.1848   3.660856     1.8057    3.93071    35.0763    27.3061    1488.90    1488.27 0.0000e+00
       6669    344.000     8.1861   3.661041     1.8041    3.91987    35.0765    27.3061    1488.92    1488.27 0.0000e+00
       6688    345.000     8.1864   3.661122     1.8020    3.89924    35.0766    27.3061    1488.94    1488.27 0.0000e+00
       6706    346.000     8.1866   3.661200     1.7981    3.89598    35.0768    27.3062    1488.96    1488.27 0.0000e+00
       6723    347.000     8.1867   3.661257     1.7972    3.91479    35.0768    27.3062    1488.97    1488.28 0.0000e+00
       6741    348.000     8.1868   3.661301     1.7970    3.92781    35.0767    27.3061    1488.99    1488.28 0.0000e+00
       6759    349.000     8.1872   3.661408     1.7978    3.92868    35.0769    27.3063    1489.01    1488.28 0.0000e+00
       6776    350.000     8.1875   3.661488     1.7970    3.91649    35.0770    27.3063    1489.03    1488.28 0.0000e+00
       6794    351.000     8.1876   3.661545     1.7962    3.91641    35.0770    27.3063    1489.04    1488.28 0.0000e+00
       6811    352.000     8.1874   3.661581     1.7960    3.91885    35.0772    27.3064    1489.06    1488.29 0.0000e+00
       6829    353.000     8.1872   3.661592     1.7956    3.92029    35.0770    27.3063    1489.07    1488.29 0.0000e+00
       6847    354.000     8.1870   3.661626     1.7956    3.92341    35.0771    27.3064    1489.09    1488.29 0.0000e+00
       6865    355.000     8.1866   3.661619     1.7956    3.92400    35.0769    27.3064    1489.11    1488.29 0.0000e+00
       6883    356.000     8.1864   3.661644     1.7956    3.92452    35.0769    27.3064    1489.12    1488.30 0.0000e+00
       6900    357.000     8.1865   3.661702     1.7956    3.92501    35.0770    27.3064    1489.14    1488.30 0.0000e+00
       6918    358.000     8.1866   3.661781     1.7956    3.92323    35.0772    27.3066    1489.16    1488.30 0.0000e+00
       6936    359.000     8.1870   3.661865     1.7953    3.91824    35.0772    27.3065    1489.17    1488.30 0.0000e+00
       6954    360.000     8.1877   3.661999     1.7946    3.91677    35.0775    27.3066    1489.19    1488.31 0.0000e+00
       6971    361.000     8.1885   3.662129     1.7943    3.91460    35.0776    27.3066    1489.21    1488.31 0.0000e+00
       6989    362.000     8.1886   3.662182     1.7934    3.90849    35.0776    27.3066    1489.23    1488.31 0.0000e+00
       7006    363.000     8.1887   3.662234     1.7926    3.90576    35.0776    27.3065    1489.25    1488.31 0.0000e+00
       7024    364.000     8.1886   3.662281     1.7916    3.90468    35.0777    27.3067    1489.26    1488.32 0.0000e+00
       7041    365.000     8.1887   3.662340     1.7909    3.90673    35.0778    27.3067    1489.28    1488.32 0.0000e+00
       7059    366.000     8.1888   3.662395     1.7906    3.90456    35.0778    27.3067    1489.30    1488.32 0.0000e+00
       7076    367.000     8.1885   3.662409     1.7896    3.90365    35.0777    27.3067    1489.31    1488.32 0.0000e+00
       7094    368.000     8.1885   3.662451     1.7895    3.90992    35.0777    27.3067    1489.33    1488.33 0.0000e+00
       7112    369.000     8.1888   3.662534     1.7894    3.90979    35.0778    27.3067    1489.35    1488.33 0.0000e+00
       7130    370.000     8.1892   3.662614     1.7892    3.90505    35.0778    27.3066    1489.36    1488.33 0.0000e+00
       7147    371.000     8.1893   3.662682     1.7885    3.90389    35.0779    27.3067    1489.38    1488.33 0.0000e+00
       7165    372.000     8.1895   3.662740     1.7884    3.91148    35.0779    27.3067    1489.40    1488.34 0.0000e+00
       7183    373.000     8.1897   3.662810     1.7888    3.91200    35.0780    27.3067    1489.42    1488.34 0.0000e+00
       7201    374.000     8.1899   3.662872     1.7884    3.90766    35.0779    27.3066    1489.43    1488.34 0.0000e+00
       7218    375.000     8.1900   3.662938     1.7883    3.90435    35.0781    27.3067    1489.45    1488.35 0.0000e+00
       7236    376.000     8.1900   3.662976     1.7874    3.89860    35.0780    27.3067    1489.47    1488.35 0.0000e+00
       7254    377.000     8.1903   3.663044     1.7869    3.89728    35.0779    27.3066    1489.48    1488.35 0.0000e+00
       7271    378.000     8.1903   3.663097     1.7860    3.89485    35.0780    27.3067    1489.50    1488.36 0.0000e+00
       7289    379.000     8.1905   3.663153     1.7853    3.89396    35.0780    27.3066    1489.52    1488.36 0.0000e+00
       7306    380.000     8.1905   3.663218     1.7847    3.89373    35.0782    27.3067    1489.53    1488.36 0.0000e+00
       7323    381.000     8.1907   3.663266     1.7842    3.89218    35.0780    27.3066    1489.55    1488.36 0.0000e+00
       7340    382.000     8.1908   3.663318     1.7834    3.89366    35.0780    27.3066    1489.57    1488.37 0.0000e+00
       7358    383.000     8.1908   3.663376     1.7834    3.89882    35.0781    27.3067    1489.58    1488.37 0.0000e+00
       7374    384.000     8.1909   3.663436     1.7834    3.89815    35.0782    27.3067    1489.60    1488.37 0.0000e+00
       7392    385.000     8.1911   3.663473     1.7831    3.89520    35.0779    27.3064    1489.62    1488.38 0.0000e+00
       7409    386.000     8.1911   3.663540     1.7827    3.88983    35.0782    27.3066    1489.63    1488.38 0.0000e+00
       7426    387.000     8.1912   3.663590     1.7819    3.88677    35.0781    27.3066    1489.65    1488.38 0.0000e+00
       7444    388.000     8.1913   3.663649     1.7812    3.88989    35.0782    27.3066    1489.67    1488.39 0.0000e+00
       7461    389.000     8.1914   3.663700     1.7811    3.89355    35.0781    27.3066    1489.69    1488.39 0.0000e+00
       7478    390.000     8.1915   3.663761     1.7810    3.89469    35.0782    27.3066    1489.70    1488.39 0.0000e+00
       7495    391.000     8.1915   3.663800     1.7810    3.89607    35.0781    27.3066    1489.72    1488.40 0.0000e+00
       7513    392.000     8.1915   3.663857     1.7810    3.89657    35.0783    27.3067    1489.74    1488.40 0.0000e+00
       7530    393.000     8.1916   3.663912     1.7810    3.89653    35.0783    27.3067    1489.75    1488.40 0.0000e+00
       7547    394.000     8.1916   3.663964     1.7810    3.89069    35.0784    27.3067    1489.77    1488.41 0.0000e+00
       7565    395.000     8.1917   3.664013     1.7800    3.88519    35.0783    27.3067    1489.79    1488.41 0.0000e+00
