_data/ctd/2013/Sta1086_2013.cnv
* Sea-Bird SBE 9 Data File:
* FileName = C:\Seabird\CTDDATA\sta1086.hex
* Software Version Seasave V 7.21f
* Temperature SN = 4306
* Conductivity SN = 3123
* Number of Bytes Per Scan = 35
* Number of Voltage Words = 4
* Number of Scans Averaged by the Deck Unit = 1
* NMEA Latitude = 60 52.35 N
* NMEA Longitude = 005 24.05 E
* NMEA UTC (Time) = Nov 10 2013 11:37:15
** Ship: 01 F/F "Håkon Mosby"
** Station: 1086
** Echodepth: 478
** Log: 7296.352
** Wind-Dir Force: 09 03
** Air-temp (dry): 5.3
** Weather Sky: 1 5
** Sea Ice: 1 0
** UNIS station:
# nquan = 11                                
# nvalues = 455                         
# units = specified
# name 0 = scan: Scan Count
# name 1 = prDM: Pressure, Digiquartz [db]
# name 2 = t068C: Temperature [ITS-68, deg C]
# name 3 = c0S/m: Conductivity [S/m]
# name 4 = sbeox0V: Oxygen raw, SBE 43 [V]
# name 5 = sbeox0ML/L: Oxygen, SBE 43 [ml/l], WS = 2
# name 6 = sal00: Salinity, Practical [PSU]
# name 7 = sigma-t00: Density [sigma-t, Kg/m^3 ]
# name 8 = svCM: Sound Velocity [Chen-Millero, m/s]
# name 9 = avgsvCM: Average Sound Velocity [Chen-Millero, m/s], minP = 0, minS = 0
# name 10 = flag: flag
# span 0 =        287,       9688       
# span 1 =      2.000,    456.000       
# span 2 =     8.1573,    13.3121       
# span 3 =   2.347716,   3.837066       
# span 4 =     1.7474,     2.7667       
# span 5 =    3.78899,    6.26253       
# span 6 =    20.8948,    35.0830       
# span 7 =    16.0546,    27.3087       
# span 8 =    1470.25,    1497.84       
# span 9 =    1470.25,    1495.46       
# span 10 = 0.0000e+00, 0.0000e+00      
# interval = decibars: 1                
# start_time = Nov 10 2013 11:37:18 [System UTC, first data scan.]
# bad_flag = -9.990e-29
*END*
        287      2.000     9.3386   2.347716     2.4964    6.26253    20.8948    16.0546    1470.25    1470.25 0.0000e+00
        354      3.000    11.2250   3.004164     2.5711    6.14896    26.0147    19.7534    1483.41    1474.61 0.0000e+00
        407      4.000    12.0067   3.299296     2.5643    5.65679    28.2521    21.3539    1488.85    1478.15 0.0000e+00
        441      5.000    12.6696   3.542839     2.5497    5.55459    30.0373    22.6149    1493.27    1481.15 0.0000e+00
        474      6.000    13.0198   3.670270     2.5280    5.30813    30.9514    23.2553    1495.56    1483.53 0.0000e+00
        504      7.000    13.2700   3.757562     2.4968    5.19600    31.5621    23.6788    1497.13    1485.46 0.0000e+00
        530      8.000    13.3121   3.788855     2.4752    5.13832    31.8191    23.8692    1497.59    1486.96 0.0000e+00
        556      9.000    13.2954   3.795638     2.4554    5.11083    31.8961    23.9321    1497.64    1488.14 0.0000e+00
        581     10.000    13.3050   3.801482     2.4416    5.11168    31.9424    23.9659    1497.75    1489.10 0.0000e+00
        606     11.000    13.3078   3.803502     2.4352    5.13511    31.9585    23.9778    1497.79    1489.88 0.0000e+00
        629     12.000    13.2759   3.807915     2.4342    5.15923    32.0262    24.0365    1497.78    1490.54 0.0000e+00
        652     13.000    13.2578   3.812328     2.4357    5.16899    32.0824    24.0835    1497.80    1491.09 0.0000e+00
        675     14.000    13.2477   3.814414     2.4367    5.19393    32.1101    24.1069    1497.82    1491.57 0.0000e+00
        697     15.000    13.2231   3.820172     2.4439    5.24514    32.1845    24.1693    1497.84    1491.99 0.0000e+00
        720     16.000    13.1823   3.825929     2.4538    5.29503    32.2727    24.2456    1497.83    1492.35 0.0000e+00
        742     17.000    13.1453   3.828178     2.4668    5.35246    32.3249    24.2933    1497.78    1492.67 0.0000e+00
        764     18.000    13.1192   3.829656     2.4818    5.40532    32.3606    24.3261    1497.75    1492.95 0.0000e+00
        787     19.000    13.0677   3.829728     2.4982    5.46349    32.4049    24.3705    1497.65    1493.20 0.0000e+00
        810     20.000    13.0303   3.828597     2.5150    5.50747    32.4258    24.3940    1497.57    1493.42 0.0000e+00
        833     21.000    12.9934   3.828094     2.5300    5.54327    32.4522    24.4217    1497.49    1493.61 0.0000e+00
        855     22.000    12.9864   3.827991     2.5444    5.57729    32.4568    24.4266    1497.49    1493.79 0.0000e+00
        878     23.000    12.9571   3.826863     2.5571    5.60633    32.4709    24.4433    1497.42    1493.94 0.0000e+00
        899     24.000    12.8662   3.822642     2.5682    5.63401    32.5086    24.4902    1497.18    1494.08 0.0000e+00
        920     25.000    12.8027   3.819343     2.5767    5.64659    32.5316    24.5203    1497.01    1494.19 0.0000e+00
        941     26.000    12.7502   3.819101     2.5833    5.66283    32.5741    24.5635    1496.90    1494.30 0.0000e+00
        962     27.000    12.6964   3.819016     2.5898    5.68986    32.6194    24.6090    1496.79    1494.39 0.0000e+00
        983     28.000    12.6749   3.818532     2.5969    5.71507    32.6330    24.6236    1496.75    1494.47 0.0000e+00
       1004     29.000    12.6960   3.824065     2.6042    5.73550    32.6670    24.6459    1496.88    1494.56 0.0000e+00
       1024     30.000    12.7370   3.832214     2.6122    5.77257    32.7085    24.6701    1497.08    1494.64 0.0000e+00
       1045     31.000    12.7144   3.832811     2.6247    5.83228    32.7334    24.6938    1497.05    1494.72 0.0000e+00
       1066     32.000    12.6691   3.833240     2.6383    5.87175    32.7764    24.7359    1496.96    1494.79 0.0000e+00
       1086     33.000    12.6220   3.831567     2.6503    5.89730    32.8011    24.7641    1496.85    1494.85 0.0000e+00
       1107     34.000    12.5760   3.828335     2.6604    5.91487    32.8099    24.7798    1496.72    1494.91 0.0000e+00
       1128     35.000    12.5166   3.824572     2.6683    5.92668    32.8254    24.8032    1496.56    1494.95 0.0000e+00
       1149     36.000    12.5634   3.831872     2.6743    5.92839    32.8539    24.8163    1496.77    1495.00 0.0000e+00
       1170     37.000    12.5759   3.834361     2.6803    5.95244    32.8663    24.8235    1496.84    1495.05 0.0000e+00
       1191     38.000    12.5684   3.834416     2.6884    5.98723    32.8730    24.8301    1496.84    1495.10 0.0000e+00
       1212     39.000    12.5646   3.835086     2.6969    6.00446    32.8823    24.8381    1496.85    1495.14 0.0000e+00
       1233     40.000    12.5593   3.836943     2.7036    6.01627    32.9042    24.8561    1496.88    1495.19 0.0000e+00
       1254     41.000    12.5118   3.837066     2.7101    6.03770    32.9466    24.8981    1496.78    1495.23 0.0000e+00
       1275     42.000    12.4945   3.836890     2.7166    6.06359    32.9596    24.9115    1496.76    1495.26 0.0000e+00
       1296     43.000    12.4696   3.836175     2.7245    6.09422    32.9742    24.9276    1496.71    1495.30 0.0000e+00
       1317     44.000    12.4376   3.835587     2.7319    6.10983    32.9963    24.9508    1496.64    1495.33 0.0000e+00
       1338     45.000    12.3961   3.835222     2.7379    6.12307    33.0289    24.9840    1496.55    1495.35 0.0000e+00
       1359     46.000    12.3674   3.835112     2.7427    6.13016    33.0527    25.0080    1496.50    1495.38 0.0000e+00
       1380     47.000    12.3349   3.835664     2.7471    6.15665    33.0862    25.0402    1496.45    1495.40 0.0000e+00
       1401     48.000    12.2676   3.833031     2.7541    6.18662    33.1199    25.0791    1496.28    1495.42 0.0000e+00
       1422     49.000    12.2544   3.834006     2.7589    6.18628    33.1406    25.0977    1496.27    1495.44 0.0000e+00
       1444     50.000    12.2157   3.833243     2.7628    6.20152    33.1671    25.1256    1496.19    1495.45 0.0000e+00
       1465     51.000    12.0904   3.821566     2.7667    6.20893    33.1651    25.1477    1495.77    1495.46 0.0000e+00
       1486     52.000    11.8926   3.801449     2.7658    6.18663    33.1455    25.1697    1495.09    1495.45 0.0000e+00
       1507     53.000    11.6388   3.780047     2.7583    6.15257    33.1630    25.2303    1494.25    1495.43 0.0000e+00
       1528     54.000    11.4970   3.768567     2.7463    6.11413    33.1772    25.2673    1493.79    1495.40 0.0000e+00
       1549     55.000    11.4231   3.764280     2.7334    6.10249    33.2010    25.2992    1493.58    1495.37 0.0000e+00
       1570     56.000    11.3629   3.765341     2.7255    6.11789    33.2652    25.3601    1493.46    1495.33 0.0000e+00
       1591     57.000    11.2137   3.752510     2.7196    6.13944    33.2729    25.3930    1492.97    1495.29 0.0000e+00
       1612     58.000    10.9010   3.722712     2.7155    6.16290    33.2602    25.4389    1491.87    1495.23 0.0000e+00
       1633     59.000    10.8807   3.725137     2.7079    6.12373    33.3023    25.4753    1491.87    1495.17 0.0000e+00
       1654     60.000    11.0345   3.746426     2.7004    6.12675    33.3737    25.5035    1492.51    1495.13 0.0000e+00
       1675     61.000    10.9454   3.743852     2.7027    6.18886    33.4287    25.5622    1492.28    1495.08 0.0000e+00
       1697     62.000    10.9110   3.746266     2.7043    6.17974    33.4837    25.6111    1492.24    1495.04 0.0000e+00
       1718     63.000    10.8918   3.748841     2.7040    6.16927    33.5265    25.6478    1492.24    1494.99 0.0000e+00
       1739     64.000    10.8676   3.752937     2.7030    6.17154    33.5890    25.7008    1492.25    1494.95 0.0000e+00
       1760     65.000    10.6570   3.736887     2.7033    6.19878    33.6216    25.7633    1491.56    1494.90 0.0000e+00
       1781     66.000    10.4424   3.720561     2.7015    6.18548    33.6552    25.8268    1490.86    1494.84 0.0000e+00
       1803     67.000    10.1263   3.690005     2.6943    6.17281    33.6388    25.8682    1489.72    1494.76 0.0000e+00
       1824     68.000     9.8778   3.674000     2.6842    6.13816    33.7070    25.9632    1488.93    1494.67 0.0000e+00
       1845     69.000     9.7227   3.667355     2.6701    6.11567    33.7838    26.0491    1488.48    1494.58 0.0000e+00
       1867     70.000     9.5810   3.660617     2.6593    6.11707    33.8475    26.1222    1488.05    1494.49 0.0000e+00
       1888     71.000     9.5616   3.668170     2.6484    6.09481    33.9431    26.2002    1488.12    1494.40 0.0000e+00
       1910     72.000     9.5136   3.673372     2.6397    6.09086    34.0418    26.2852    1488.08    1494.31 0.0000e+00
       1932     73.000     9.4569   3.671707     2.6327    6.09639    34.0780    26.3228    1487.93    1494.22 0.0000e+00
       1954     74.000     9.3790   3.667778     2.6277    6.09977    34.1111    26.3614    1487.71    1494.14 0.0000e+00
       1975     75.000     9.2876   3.663898     2.6224    6.08450    34.1577    26.4127    1487.45    1494.05 0.0000e+00
       1997     76.000     9.1712   3.658871     2.6153    6.06788    34.2165    26.4775    1487.11    1493.95 0.0000e+00
       2018     77.000     9.0142   3.647990     2.6080    6.05110    34.2534    26.5316    1486.59    1493.86 0.0000e+00
       2040     78.000     8.9347   3.645190     2.5976    6.01181    34.3003    26.5810    1486.37    1493.76 0.0000e+00
       2062     79.000     8.8307   3.639081     2.5864    5.98632    34.3364    26.6256    1486.05    1493.66 0.0000e+00
       2084     80.000     8.7642   3.636782     2.5749    5.96266    34.3762    26.6673    1485.87    1493.57 0.0000e+00
       2107     81.000     8.6706   3.631276     2.5636    5.93324    34.4087    26.7074    1485.58    1493.47 0.0000e+00
       2129     82.000     8.6270   3.628489     2.5508    5.89588    34.4212    26.7240    1485.45    1493.37 0.0000e+00
       2152     83.000     8.5554   3.625892     2.5384    5.87745    34.4631    26.7680    1485.25    1493.27 0.0000e+00
       2175     84.000     8.4779   3.622187     2.5270    5.85071    34.4991    26.8082    1485.02    1493.17 0.0000e+00
       2197     85.000     8.4269   3.620185     2.5143    5.81159    34.5274    26.8382    1484.88    1493.07 0.0000e+00
       2219     86.000     8.3570   3.616786     2.5017    5.77815    34.5593    26.8741    1484.68    1492.97 0.0000e+00
       2241     87.000     8.2662   3.615004     2.4890    5.74605    34.6292    26.9427    1484.44    1492.88 0.0000e+00
       2263     88.000     8.2131   3.616137     2.4755    5.70008    34.6932    27.0011    1484.34    1492.78 0.0000e+00
       2286     89.000     8.1950   3.617250     2.4604    5.63043    34.7225    27.0268    1484.32    1492.68 0.0000e+00
       2308     90.000     8.1828   3.618871     2.4415    5.53521    34.7514    27.0514    1484.33    1492.59 0.0000e+00
       2330     91.000     8.1849   3.622198     2.4191    5.46160    34.7844    27.0770    1484.39    1492.50 0.0000e+00
       2352     92.000     8.1854   3.624616     2.3991    5.42297    34.8093    27.0964    1484.44    1492.41 0.0000e+00
       2374     93.000     8.1833   3.626821     2.3814    5.39744    34.8345    27.1165    1484.48    1492.33 0.0000e+00
       2396     94.000     8.1835   3.629589     2.3666    5.36509    34.8634    27.1392    1484.53    1492.24 0.0000e+00
       2417     95.000     8.1845   3.631598     2.3519    5.32582    34.8834    27.1547    1484.58    1492.16 0.0000e+00
       2439     96.000     8.1859   3.633364     2.3381    5.28928    34.9004    27.1679    1484.62    1492.08 0.0000e+00
       2460     97.000     8.1879   3.634743     2.3248    5.25753    34.9127    27.1772    1484.66    1492.01 0.0000e+00
       2482     98.000     8.1900   3.636519     2.3123    5.23002    34.9291    27.1898    1484.71    1491.93 0.0000e+00
       2504     99.000     8.1912   3.637929     2.3005    5.19993    34.9425    27.2001    1484.74    1491.86 0.0000e+00
       2526    100.000     8.1921   3.639774     2.2890    5.17524    34.9608    27.2144    1484.79    1491.79 0.0000e+00
       2548    101.000     8.1921   3.641827     2.2789    5.15478    34.9823    27.2312    1484.83    1491.72 0.0000e+00
       2570    102.000     8.1919   3.642458     2.2696    5.13782    34.9888    27.2363    1484.85    1491.65 0.0000e+00
       2592    103.000     8.1913   3.643255     2.2622    5.13695    34.9974    27.2432    1484.88    1491.58 0.0000e+00
       2613    104.000     8.1908   3.643609     2.2562    5.13177    35.0012    27.2463    1484.90    1491.52 0.0000e+00
       2634    105.000     8.1906   3.643749     2.2516    5.13130    35.0024    27.2473    1484.91    1491.46 0.0000e+00
       2655    106.000     8.1901   3.644232     2.2481    5.12802    35.0076    27.2514    1484.93    1491.39 0.0000e+00
       2676    107.000     8.1898   3.644628     2.2449    5.12057    35.0117    27.2546    1484.95    1491.33 0.0000e+00
       2696    108.000     8.1894   3.644820     2.2417    5.11762    35.0136    27.2562    1484.97    1491.27 0.0000e+00
       2717    109.000     8.1887   3.645140     2.2398    5.12234    35.0173    27.2592    1484.99    1491.22 0.0000e+00
       2739    110.000     8.1879   3.645620     2.2381    5.11956    35.0227    27.2636    1485.01    1491.16 0.0000e+00
       2760    111.000     8.1869   3.646024     2.2365    5.11351    35.0275    27.2675    1485.03    1491.10 0.0000e+00
       2781    112.000     8.1857   3.646601     2.2345    5.11149    35.0344    27.2731    1485.05    1491.05 0.0000e+00
       2803    113.000     8.1838   3.646893     2.2335    5.11578    35.0390    27.2770    1485.06    1491.00 0.0000e+00
       2824    114.000     8.1836   3.646947     2.2330    5.11522    35.0393    27.2772    1485.08    1490.94 0.0000e+00
       2845    115.000     8.1835   3.647008     2.2318    5.11299    35.0395    27.2775    1485.10    1490.89 0.0000e+00
       2866    116.000     8.1826   3.647100     2.2315    5.12107    35.0409    27.2787    1485.11    1490.84 0.0000e+00
       2887    117.000     8.1811   3.647272     2.2317    5.12119    35.0438    27.2812    1485.13    1490.79 0.0000e+00
       2908    118.000     8.1803   3.647376     2.2312    5.11459    35.0452    27.2824    1485.14    1490.75 0.0000e+00
       2929    119.000     8.1798   3.647456     2.2306    5.11152    35.0461    27.2832    1485.16    1490.70 0.0000e+00
       2950    120.000     8.1798   3.647519     2.2295    5.10788    35.0463    27.2833    1485.17    1490.65 0.0000e+00
       2971    121.000     8.1799   3.647560     2.2288    5.10299    35.0461    27.2832    1485.19    1490.61 0.0000e+00
       2993    122.000     8.1801   3.647607     2.2271    5.09383    35.0459    27.2830    1485.21    1490.56 0.0000e+00
       3014    123.000     8.1795   3.647667     2.2254    5.08813    35.0467    27.2837    1485.22    1490.52 0.0000e+00
       3034    124.000     8.1774   3.647791     2.2237    5.07944    35.0496    27.2863    1485.23    1490.48 0.0000e+00
       3055    125.000     8.1776   3.647833     2.2211    5.07048    35.0494    27.2861    1485.25    1490.44 0.0000e+00
       3076    126.000     8.1777   3.647885     2.2189    5.06321    35.0493    27.2861    1485.27    1490.39 0.0000e+00
       3097    127.000     8.1773   3.647962     2.2162    5.05373    35.0501    27.2867    1485.28    1490.35 0.0000e+00
       3118    128.000     8.1770   3.648034     2.2137    5.04721    35.0507    27.2872    1485.30    1490.31 0.0000e+00
       3140    129.000     8.1770   3.648089     2.2110    5.04030    35.0508    27.2873    1485.32    1490.28 0.0000e+00
       3161    130.000     8.1770   3.648139     2.2085    5.03378    35.0508    27.2873    1485.33    1490.24 0.0000e+00
       3182    131.000     8.1770   3.648206     2.2060    5.02230    35.0511    27.2875    1485.35    1490.20 0.0000e+00
       3202    132.000     8.1769   3.648268     2.2027    5.00664    35.0513    27.2877    1485.37    1490.16 0.0000e+00
