_data/ctd/2013/Sta1085_2013.cnv
* Sea-Bird SBE 9 Data File:
* FileName = C:\Seabird\CTDDATA\sta1085.hex
* Software Version Seasave V 7.21f
* Temperature SN = 4306
* Conductivity SN = 3123
* Number of Bytes Per Scan = 35
* Number of Voltage Words = 4
* Number of Scans Averaged by the Deck Unit = 1
* NMEA Latitude = 60 52.35 N
* NMEA Longitude = 005 24.03 E
* NMEA UTC (Time) = Nov 10 2013 05:37:23
** Ship: 01 F/F "Håkon Mosby"
** Station: 1085
** Echodepth: 477
** Log: 7285.803
** Wind-Dir Force: 06 07
** Air-temp (dry): 4.9
** Weather Sky: 1 5
** Sea Ice: 1 0
** UNIS station:
# nquan = 11                                
# nvalues = 450                         
# units = specified
# name 0 = scan: Scan Count
# name 1 = prDM: Pressure, Digiquartz [db]
# name 2 = t068C: Temperature [ITS-68, deg C]
# name 3 = c0S/m: Conductivity [S/m]
# name 4 = sbeox0V: Oxygen raw, SBE 43 [V]
# name 5 = sbeox0ML/L: Oxygen, SBE 43 [ml/l], WS = 2
# name 6 = sal00: Salinity, Practical [PSU]
# name 7 = sigma-t00: Density [sigma-t, Kg/m^3 ]
# name 8 = svCM: Sound Velocity [Chen-Millero, m/s]
# name 9 = avgsvCM: Average Sound Velocity [Chen-Millero, m/s], minP = 0, minS = 0
# name 10 = flag: flag
# span 0 =        278,      10584       
# span 1 =      3.000,    452.000       
# span 2 =     8.1575,    13.3497       
# span 3 =   3.123028,   3.836396       
# span 4 =     1.7399,     2.7185       
# span 5 =    3.77005,    6.06901       
# span 6 =    27.0760,    35.0828       
# span 7 =    20.5591,    27.3085       
# span 8 =    1484.27,    1497.81       
# span 9 =    1485.05,    1496.30       
# span 10 = 0.0000e+00, 0.0000e+00      
# interval = decibars: 1                
# start_time = Nov 10 2013 05:37:25 [System UTC, first data scan.]
# bad_flag = -9.990e-29
*END*
[from data line 132]
       3351    135.000     8.1756   3.648424     2.1559    4.87483    35.0528    27.2891    1485.41    1490.38 0.0000e+00
       3373    136.000     8.1754   3.648483     2.1529    4.86584    35.0532    27.2894    1485.43    1490.34 0.0000e+00
       3396    137.000     8.1750   3.648536     2.1498    4.85461    35.0537    27.2899    1485.44    1490.31 0.0000e+00
       3418    138.000     8.1745   3.648589     2.1464    4.84613    35.0542    27.2904    1485.46    1490.27 0.0000e+00
       3440    139.000     8.1744   3.648636     2.1434    4.84231    35.0544    27.2905    1485.48    1490.24 0.0000e+00
       3462    140.000     8.1743   3.648680     2.1411    4.84443    35.0545    27.2906    1485.49    1490.20 0.0000e+00
       3484    141.000     8.1745   3.648736     2.1396    4.83743    35.0544    27.2905    1485.51    1490.17 0.0000e+00
       3506    142.000     8.1746   3.648798     2.1369    4.82415    35.0544    27.2905    1485.53    1490.14 0.0000e+00
       3527    143.000     8.1745   3.648844     2.1342    4.81646    35.0545    27.2906    1485.54    1490.10 0.0000e+00
       3549    144.000     8.1746   3.648900     2.1317    4.80738    35.0546    27.2906    1485.56    1490.07 0.0000e+00
       3570    145.000     8.1746   3.648944     2.1283    4.78737    35.0545    27.2906    1485.58    1490.04 0.0000e+00
       3592    146.000     8.1748   3.648991     2.1241    4.77447    35.0544    27.2904    1485.59    1490.01 0.0000e+00
       3614    147.000     8.1749   3.649051     2.1205    4.76404    35.0544    27.2905    1485.61    1489.98 0.0000e+00
       3636    148.000     8.1749   3.649100     2.1160    4.73030    35.0545    27.2905    1485.63    1489.95 0.0000e+00
       3658    149.000     8.1748   3.649134     2.1088    4.71646    35.0544    27.2905    1485.64    1489.92 0.0000e+00
       3680    150.000     8.1746   3.649161     2.1048    4.70725    35.0544    27.2905    1485.66    1489.89 0.0000e+00
       3702    151.000     8.1739   3.649143     2.0989    4.67856    35.0545    27.2907    1485.67    1489.87 0.0000e+00
       3724    152.000     8.1735   3.649167     2.0925    4.65654    35.0546    27.2908    1485.69    1489.84 0.0000e+00
       3746    153.000     8.1735   3.649223     2.0859    4.63632    35.0548    27.2909    1485.70    1489.81 0.0000e+00
       3768    154.000     8.1733   3.649286     2.0792    4.60975    35.0551    27.2913    1485.72    1489.78 0.0000e+00
       3790    155.000     8.1736   3.649412     2.0716    4.58414    35.0557    27.2917    1485.74    1489.76 0.0000e+00
       3812    156.000     8.1741   3.649567     2.0639    4.55881    35.0564    27.2921    1485.76    1489.73 0.0000e+00
       3835    157.000     8.1745   3.649731     2.0559    4.52476    35.0572    27.2927    1485.78    1489.71 0.0000e+00
       3857    158.000     8.1754   3.649892     2.0465    4.48737    35.0576    27.2929    1485.80    1489.68 0.0000e+00
       3878    159.000     8.1754   3.649937     2.0366    4.44386    35.0576    27.2929    1485.81    1489.66 0.0000e+00
       3900    160.000     8.1754   3.649992     2.0244    4.38957    35.0577    27.2930    1485.83    1489.63 0.0000e+00
       3923    161.000     8.1753   3.650014     2.0113    4.34614    35.0575    27.2929    1485.85    1489.61 0.0000e+00
       3945    162.000     8.1756   3.650093     1.9981    4.30724    35.0576    27.2929    1485.86    1489.59 0.0000e+00
       3967    163.000     8.1756   3.650134     1.9849    4.27286    35.0576    27.2928    1485.88    1489.56 0.0000e+00
       3989    164.000     8.1757   3.650188     1.9727    4.24207    35.0575    27.2928    1485.90    1489.54 0.0000e+00
       4012    165.000     8.1759   3.650245     1.9601    4.20072    35.0575    27.2927    1485.91    1489.52 0.0000e+00
       4034    166.000     8.1759   3.650290     1.9485    4.17809    35.0575    27.2927    1485.93    1489.50 0.0000e+00
       4056    167.000     8.1757   3.650308     1.9369    4.14140    35.0574    27.2927    1485.95    1489.48 0.0000e+00
       4079    168.000     8.1754   3.650332     1.9254    4.11124    35.0574    27.2928    1485.96    1489.46 0.0000e+00
       4101    169.000     8.1750   3.650345     1.9145    4.08757    35.0575    27.2929    1485.98    1489.44 0.0000e+00
       4124    170.000     8.1749   3.650392     1.9049    4.07413    35.0576    27.2930    1485.99    1489.42 0.0000e+00
       4146    171.000     8.1726   3.650251     1.8966    4.05756    35.0579    27.2936    1486.00    1489.40 0.0000e+00
       4168    172.000     8.1712   3.650164     1.8888    4.04614    35.0579    27.2938    1486.01    1489.38 0.0000e+00
       4191    173.000     8.1709   3.650187     1.8827    4.04426    35.0580    27.2939    1486.03    1489.36 0.0000e+00
       4213    174.000     8.1707   3.650205     1.8781    4.04930    35.0579    27.2938    1486.04    1489.34 0.0000e+00
       4235    175.000     8.1704   3.650217     1.8753    4.04898    35.0578    27.2938    1486.06    1489.32 0.0000e+00
       4257    176.000     8.1707   3.650295     1.8725    4.04175    35.0579    27.2938    1486.08    1489.30 0.0000e+00
       4279    177.000     8.1713   3.650419     1.8698    4.03937    35.0581    27.2939    1486.09    1489.28 0.0000e+00
       4301    178.000     8.1722   3.650558     1.8681    4.04159    35.0582    27.2939    1486.11    1489.26 0.0000e+00
       4323    179.000     8.1705   3.650433     1.8667    4.03978    35.0581    27.2940    1486.12    1489.25 0.0000e+00
       4345    180.000     8.1688   3.650305     1.8652    4.03729    35.0579    27.2942    1486.13    1489.23 0.0000e+00
       4368    181.000     8.1688   3.650356     1.8641    4.04174    35.0580    27.2942    1486.15    1489.21 0.0000e+00
       4390    182.000     8.1690   3.650452     1.8641    4.04929    35.0583    27.2944    1486.17    1489.20 0.0000e+00
       4412    183.000     8.1694   3.650536     1.8643    4.05371    35.0584    27.2944    1486.19    1489.18 0.0000e+00
       4435    184.000     8.1689   3.650555     1.8649    4.05933    35.0586    27.2946    1486.20    1489.16 0.0000e+00
       4457    185.000     8.1691   3.650616     1.8656    4.06288    35.0585    27.2946    1486.22    1489.15 0.0000e+00
       4480    186.000     8.1684   3.650623     1.8665    4.06539    35.0588    27.2949    1486.23    1489.13 0.0000e+00
       4502    187.000     8.1678   3.650635     1.8672    4.06822    35.0591    27.2952    1486.25    1489.12 0.0000e+00
       4524    188.000     8.1676   3.650652     1.8679    4.07250    35.0590    27.2952    1486.26    1489.10 0.0000e+00
       4546    189.000     8.1674   3.650696     1.8689    4.07688    35.0592    27.2953    1486.28    1489.09 0.0000e+00
       4569    190.000     8.1672   3.650721     1.8700    4.08388    35.0591    27.2953    1486.29    1489.07 0.0000e+00
       4591    191.000     8.1675   3.650807     1.8713    4.08717    35.0593    27.2954    1486.31    1489.06 0.0000e+00
       4614    192.000     8.1675   3.650858     1.8724    4.09036    35.0593    27.2955    1486.33    1489.04 0.0000e+00
       4636    193.000     8.1669   3.650878     1.8735    4.09001    35.0597    27.2958    1486.34    1489.03 0.0000e+00
       4659    194.000     8.1667   3.650922     1.8738    4.08567    35.0599    27.2960    1486.36    1489.01 0.0000e+00
       4681    195.000     8.1668   3.651010     1.8738    4.08679    35.0602    27.2962    1486.38    1489.00 0.0000e+00
       4703    196.000     8.1677   3.651163     1.8743    4.08939    35.0605    27.2963    1486.40    1488.99 0.0000e+00
       4726    197.000     8.1675   3.651204     1.8741    4.08432    35.0606    27.2965    1486.41    1488.97 0.0000e+00
       4749    198.000     8.1674   3.651240     1.8741    4.09284    35.0606    27.2965    1486.43    1488.96 0.0000e+00
       4772    199.000     8.1670   3.651258     1.8752    4.10181    35.0607    27.2966    1486.44    1488.95 0.0000e+00
       4794    200.000     8.1675   3.651369     1.8760    4.10257    35.0609    27.2967    1486.46    1488.94 0.0000e+00
       4817    201.000     8.1661   3.651266     1.8769    4.10651    35.0607    27.2968    1486.47    1488.92 0.0000e+00
       4839    202.000     8.1609   3.650763     1.8775    4.10225    35.0601    27.2970    1486.47    1488.91 0.0000e+00
       4862    203.000     8.1598   3.650681     1.8775    4.10310    35.0598    27.2970    1486.48    1488.90 0.0000e+00
       4885    204.000     8.1587   3.650613     1.8780    4.11000    35.0597    27.2971    1486.49    1488.89 0.0000e+00
       4908    205.000     8.1588   3.650673     1.8788    4.11635    35.0598    27.2971    1486.51    1488.88 0.0000e+00
       4931    206.000     8.1587   3.650727     1.8802    4.12448    35.0600    27.2973    1486.53    1488.86 0.0000e+00
       4954    207.000     8.1579   3.650694     1.8812    4.12351    35.0599    27.2974    1486.54    1488.85 0.0000e+00
       4977    208.000     8.1577   3.650718     1.8822    4.12981    35.0599    27.2974    1486.56    1488.84 0.0000e+00
       5000    209.000     8.1581   3.650829     1.8833    4.13164    35.0602    27.2976    1486.57    1488.83 0.0000e+00
       5023    210.000     8.1584   3.650920     1.8842    4.13544    35.0604    27.2977    1486.59    1488.82 0.0000e+00
       5047    211.000     8.1592   3.651068     1.8853    4.13921    35.0607    27.2978    1486.61    1488.81 0.0000e+00
       5071    212.000     8.1592   3.651133     1.8861    4.13435    35.0609    27.2979    1486.63    1488.80 0.0000e+00
       5094    213.000     8.1589   3.651141     1.8860    4.12950    35.0608    27.2979    1486.64    1488.79 0.0000e+00
       5117    214.000     8.1589   3.651202     1.8854    4.12432    35.0610    27.2980    1486.66    1488.78 0.0000e+00
       5139    215.000     8.1582   3.651182     1.8849    4.12783    35.0610    27.2982    1486.67    1488.77 0.0000e+00
       5162    216.000     8.1575   3.651170     1.8849    4.13056    35.0611    27.2983    1486.69    1488.76 0.0000e+00
       5185    217.000     8.1575   3.651237     1.8849    4.13272    35.0613    27.2985    1486.70    1488.75 0.0000e+00
       5208    218.000     8.1585   3.651407     1.8854    4.14250    35.0616    27.2986    1486.72    1488.74 0.0000e+00
       5231    219.000     8.1593   3.651532     1.8867    4.14810    35.0617    27.2985    1486.74    1488.73 0.0000e+00
       5255    220.000     8.1588   3.651528     1.8873    4.14507    35.0617    27.2986    1486.76    1488.72 0.0000e+00
       5278    221.000     8.1591   3.651612     1.8880    4.15035    35.0618    27.2986    1486.78    1488.71 0.0000e+00
       5301    222.000     8.1609   3.651878     1.8886    4.14748    35.0623    27.2988    1486.80    1488.71 0.0000e+00
       5324    223.000     8.1610   3.651947     1.8887    4.14577    35.0625    27.2989    1486.82    1488.70 0.0000e+00
       5347    224.000     8.1613   3.652036     1.8887    4.15530    35.0627    27.2990    1486.84    1488.69 0.0000e+00
       5370    225.000     8.1620   3.652149     1.8905    4.16549    35.0627    27.2989    1486.85    1488.68 0.0000e+00
       5392    226.000     8.1624   3.652251     1.8910    4.15618    35.0629    27.2990    1486.87    1488.67 0.0000e+00
       5414    227.000     8.1626   3.652298     1.8911    4.15930    35.0627    27.2989    1486.89    1488.67 0.0000e+00
       5437    228.000     8.1626   3.652363     1.8919    4.16785    35.0629    27.2990    1486.91    1488.66 0.0000e+00
       5460    229.000     8.1623   3.652372     1.8929    4.17091    35.0628    27.2990    1486.92    1488.65 0.0000e+00
       5482    230.000     8.1623   3.652436     1.8937    4.17401    35.0631    27.2992    1486.94    1488.64 0.0000e+00
       5505    231.000     8.1635   3.652625     1.8947    4.17600    35.0634    27.2992    1486.96    1488.64 0.0000e+00
       5528    232.000     8.1644   3.652768     1.8955    4.17647    35.0635    27.2992    1486.98    1488.63 0.0000e+00
       5551    233.000     8.1658   3.652996     1.8955    4.16561    35.0641    27.2995    1487.00    1488.62 0.0000e+00
       5574    234.000     8.1672   3.653212     1.8947    4.16538    35.0645    27.2996    1487.02    1488.61 0.0000e+00
       5597    235.000     8.1675   3.653306     1.8947    4.16948    35.0648    27.2997    1487.04    1488.61 0.0000e+00
       5619    236.000     8.1675   3.653349     1.8947    4.16896    35.0647    27.2997    1487.06    1488.60 0.0000e+00
       5642    237.000     8.1657   3.653215     1.8945    4.16448    35.0646    27.2999    1487.07    1488.59 0.0000e+00
       5664    238.000     8.1669   3.653394     1.8936    4.16389    35.0648    27.2999    1487.09    1488.59 0.0000e+00
       5687    239.000     8.1685   3.653619     1.8940    4.17779    35.0652    27.2999    1487.11    1488.58 0.0000e+00
       5709    240.000     8.1686   3.653672     1.8949    4.18233    35.0652    27.2999    1487.13    1488.58 0.0000e+00
       5732    241.000     8.1675   3.653608     1.8958    4.17863    35.0651    27.3000    1487.14    1488.57 0.0000e+00
       5755    242.000     8.1665   3.653547     1.8952    4.16816    35.0650    27.3000    1487.15    1488.56 0.0000e+00
       5777    243.000     8.1655   3.653473     1.8949    4.17947    35.0647    27.3000    1487.17    1488.56 0.0000e+00
       5800    244.000     8.1624   3.653192     1.8958    4.18350    35.0643    27.3001    1487.17    1488.55 0.0000e+00
       5822    245.000     8.1616   3.653170     1.8960    4.18686    35.0644    27.3003    1487.18    1488.55 0.0000e+00
       5845    246.000     8.1617   3.653239     1.8971    4.19846    35.0645    27.3004    1487.20    1488.54 0.0000e+00
       5867    247.000     8.1622   3.653359     1.8990    4.21396    35.0648    27.3006    1487.22    1488.54 0.0000e+00
       5890    248.000     8.1635   3.653566     1.9015    4.21865    35.0653    27.3007    1487.24    1488.53 0.0000e+00
       5912    249.000     8.1648   3.653751     1.9030    4.21762    35.0655    27.3007    1487.26    1488.53 0.0000e+00
       5935    250.000     8.1664   3.653982     1.9043    4.22004    35.0658    27.3007    1487.29    1488.52 0.0000e+00
       5958    251.000     8.1667   3.654078     1.9055    4.21899    35.0661    27.3009    1487.30    1488.52 0.0000e+00
       5979    252.000     8.1660   3.654043     1.9057    4.21009    35.0659    27.3009    1487.32    1488.51 0.0000e+00
       6001    253.000     8.1648   3.653964     1.9050    4.20338    35.0658    27.3009    1487.33    1488.51 0.0000e+00
       6024    254.000     8.1650   3.654052     1.9045    4.21242    35.0661    27.3011    1487.35    1488.50 0.0000e+00
       6046    255.000     8.1648   3.654081     1.9054    4.22361    35.0661    27.3012    1487.36    1488.50 0.0000e+00
       6068    256.000     8.1654   3.654217     1.9063    4.22538    35.0665    27.3014    1487.38    1488.49 0.0000e+00
       6091    257.000     8.1651   3.654239     1.9072    4.23003    35.0665    27.3015    1487.40    1488.49 0.0000e+00
       6113    258.000     8.1653   3.654332     1.9082    4.23248    35.0668    27.3017    1487.42    1488.49 0.0000e+00
       6136    259.000     8.1667   3.654555     1.9091    4.24078    35.0673    27.3019    1487.44    1488.48 0.0000e+00
       6159    260.000     8.1674   3.654670     1.9107    4.24763    35.0674    27.3018    1487.46    1488.48 0.0000e+00
       6181    261.000     8.1677   3.654761     1.9119    4.24157    35.0676    27.3019    1487.47    1488.47 0.0000e+00
       6204    262.000     8.1675   3.654782     1.9119    4.23623    35.0675    27.3019    1487.49    1488.47 0.0000e+00
       6226    263.000     8.1675   3.654824     1.9118    4.23318    35.0675    27.3019    1487.51    1488.47 0.0000e+00
       6248    264.000     8.1674   3.654861     1.9111    4.23079    35.0675    27.3019    1487.52    1488.46 0.0000e+00
