_data/ctd/2013/Sta1084_2013.cnv
* Sea-Bird SBE 9 Data File:
* FileName = C:\Seabird\CTDDATA\sta1084.hex
* Software Version Seasave V 7.21f
* Temperature SN = 4306
* Conductivity SN = 3123
* Number of Bytes Per Scan = 35
* Number of Voltage Words = 4
* Number of Scans Averaged by the Deck Unit = 1
* NMEA Latitude = 60 52.35 N
* NMEA Longitude = 005 24.05 E
* NMEA UTC (Time) = Nov 09 2013 20:51:29
** Ship: 01 F/F "Håkon Mosby"
** Station: 1084
** Echodepth: 477
** Log: 7265.671
** Wind-Dir Force: 14 02
** Air-temp (dry): 3.6
** Weather Sky: 1 5
** Sea Ice: 1 0
** UNIS station:
# nquan = 11                                
# nvalues = 460                         
# units = specified
# name 0 = scan: Scan Count
# name 1 = prDM: Pressure, Digiquartz [db]
# name 2 = t068C: Temperature [ITS-68, deg C]
# name 3 = c0S/m: Conductivity [S/m]
# name 4 = sbeox0V: Oxygen raw, SBE 43 [V]
# name 5 = sbeox0ML/L: Oxygen, SBE 43 [ml/l], WS = 2
# name 6 = sal00: Salinity, Practical [PSU]
# name 7 = sigma-t00: Density [sigma-t, Kg/m^3 ]
# name 8 = svCM: Sound Velocity [Chen-Millero, m/s]
# name 9 = avgsvCM: Average Sound Velocity [Chen-Millero, m/s], minP = 0, minS = 0
# name 10 = flag: flag
# span 0 =        631,       8753       
# span 1 =      3.000,    462.000       
# span 2 =     8.1566,    13.3711       
# span 3 =   2.654440,   3.836620       
# span 4 =     1.6912,     2.6909       
# span 5 =    3.59445,    6.08154       
# span 6 =    23.4237,    35.0825       
# span 7 =    17.9198,    27.3075       
# span 8 =    1476.11,    1497.92       
# span 9 =    1476.11,    1495.58       
# span 10 = 0.0000e+00, 0.0000e+00      
# interval = decibars: 1                
# start_time = Nov 09 2013 20:51:32 [System UTC, first data scan.]
# bad_flag = -9.990e-29
*END*
        631      3.000    10.0766   2.654440     2.4735    6.01654    23.4237    17.9198    1476.11    1476.11 0.0000e+00
        661      4.000    12.3282   3.404001     2.4940    5.76100    28.9968    21.8728    1490.85    1479.77 0.0000e+00
        682      5.000    13.0868   3.664494     2.5345    5.88525    30.8431    23.1587    1495.64    1482.91 0.0000e+00
        700      6.000    13.3334   3.738624     2.5880    5.83708    31.3334    23.4895    1497.06    1485.25 0.0000e+00
        718      7.000    13.3711   3.765283     2.5932    5.48829    31.5504    23.6498    1497.45    1486.98 0.0000e+00
        736      8.000    13.3628   3.790943     2.5625    5.19544    31.7963    23.8415    1497.73    1488.32 0.0000e+00
        755      9.000    13.3638   3.803558     2.5202    5.04831    31.9129    23.9314    1497.89    1489.38 0.0000e+00
        773     10.000    13.3517   3.804156     2.4831    5.00916    31.9282    23.9457    1497.88    1490.22 0.0000e+00
        791     11.000    13.3336   3.808617     2.4570    5.02410    31.9847    23.9929    1497.91    1490.92 0.0000e+00
        809     12.000    13.3172   3.811900     2.4403    5.05714    32.0288    24.0303    1497.92    1491.50 0.0000e+00
        827     13.000    13.2901   3.814674     2.4316    5.08966    32.0771    24.0731    1497.91    1491.99 0.0000e+00
        845     14.000    13.2641   3.818839     2.4273    5.10953    32.1377    24.1250    1497.91    1492.41 0.0000e+00
        863     15.000    13.2388   3.822614     2.4254    5.13827    32.1941    24.1737    1497.91    1492.78 0.0000e+00
        881     16.000    13.2027   3.825894     2.4284    5.17872    32.2550    24.2280    1497.87    1493.09 0.0000e+00
        898     17.000    13.1666   3.828157     2.4334    5.20593    32.3066    24.2749    1497.83    1493.37 0.0000e+00
        916     18.000    13.1195   3.830571     2.4386    5.23227    32.3690    24.3325    1497.76    1493.61 0.0000e+00
        934     19.000    13.0477   3.829690     2.4454    5.27618    32.4216    24.3873    1497.60    1493.82 0.0000e+00
        952     20.000    13.0297   3.829659     2.4547    5.32646    32.4363    24.4023    1497.58    1494.01 0.0000e+00
        969     21.000    12.9710   3.826832     2.4663    5.38465    32.4595    24.4317    1497.42    1494.17 0.0000e+00
        986     22.000    12.9248   3.825633     2.4800    5.43070    32.4874    24.4623    1497.32    1494.32 0.0000e+00
       1004     23.000    12.8951   3.824187     2.4925    5.45437    32.4988    24.4770    1497.25    1494.44 0.0000e+00
       1022     24.000    12.8484   3.822222     2.5031    5.46629    32.5199    24.5024    1497.13    1494.55 0.0000e+00
       1039     25.000    12.7993   3.820527     2.5106    5.48087    32.5457    24.5320    1497.01    1494.65 0.0000e+00
       1057     26.000    12.7386   3.818661     2.5186    5.51117    32.5800    24.5702    1496.87    1494.74 0.0000e+00
       1074     27.000    12.6926   3.817389     2.5266    5.53452    32.6072    24.6003    1496.76    1494.81 0.0000e+00
       1092     28.000    12.6608   3.817594     2.5340    5.55748    32.6363    24.6289    1496.70    1494.88 0.0000e+00
       1110     29.000    12.6567   3.822501     2.5419    5.57966    32.6862    24.6683    1496.77    1494.95 0.0000e+00
       1128     30.000    12.6659   3.828071     2.5493    5.60129    32.7308    24.7012    1496.87    1495.01 0.0000e+00
       1145     31.000    12.6581   3.829993     2.5578    5.64466    32.7555    24.7218    1496.89    1495.07 0.0000e+00
       1163     32.000    12.6241   3.828304     2.5695    5.69752    32.7685    24.7385    1496.80    1495.12 0.0000e+00
       1181     33.000    12.5387   3.822605     2.5814    5.73646    32.7881    24.7701    1496.55    1495.17 0.0000e+00
       1198     34.000    12.4777   3.820546     2.5921    5.74869    32.8212    24.8075    1496.40    1495.20 0.0000e+00
       1216     35.000    12.4629   3.820493     2.5989    5.73823    32.8333    24.8196    1496.38    1495.24 0.0000e+00
       1234     36.000    12.4600   3.822527     2.6028    5.74206    32.8548    24.8369    1496.42    1495.27 0.0000e+00
       1251     37.000    12.4950   3.830805     2.6082    5.76586    32.9030    24.8675    1496.61    1495.31 0.0000e+00
       1269     38.000    12.4834   3.831246     2.6155    5.79999    32.9170    24.8806    1496.60    1495.34 0.0000e+00
       1287     39.000    12.4856   3.832919     2.6233    5.82722    32.9307    24.8908    1496.64    1495.37 0.0000e+00
       1304     40.000    12.4760   3.836250     2.6315    5.85310    32.9706    24.9235    1496.67    1495.41 0.0000e+00
       1322     41.000    12.4109   3.833874     2.6399    5.88303    33.0046    24.9624    1496.51    1495.43 0.0000e+00
       1339     42.000    12.3953   3.834180     2.6479    5.89773    33.0208    24.9779    1496.49    1495.46 0.0000e+00
       1357     43.000    12.3984   3.836432     2.6544    5.90685    33.0393    24.9917    1496.54    1495.48 0.0000e+00
       1375     44.000    12.3753   3.836429     2.6608    5.92270    33.0592    25.0115    1496.50    1495.51 0.0000e+00
       1393     45.000    12.3497   3.836620     2.6664    5.94068    33.0832    25.0350    1496.46    1495.53 0.0000e+00
       1410     46.000    12.3101   3.834677     2.6725    5.96414    33.0990    25.0549    1496.36    1495.55 0.0000e+00
       1428     47.000    12.2482   3.831264     2.6784    5.98152    33.1205    25.0833    1496.19    1495.56 0.0000e+00
       1445     48.000    12.2094   3.829610     2.6831    5.98790    33.1385    25.1046    1496.10    1495.57 0.0000e+00
       1463     49.000    12.1839   3.827661     2.6865    5.99144    33.1418    25.1120    1496.03    1495.58 0.0000e+00
       1481     50.000    12.0871   3.817948     2.6892    6.00351    33.1334    25.1238    1495.71    1495.58 0.0000e+00
       1499     51.000    11.9520   3.809811     2.6909    6.00031    33.1743    25.1808    1495.31    1495.58 0.0000e+00
       1517     52.000    11.8731   3.807936     2.6885    5.97975    33.2260    25.2357    1495.12    1495.57 0.0000e+00
       1534     53.000    11.7199   3.794035     2.6855    5.98398    33.2271    25.2650    1494.61    1495.55 0.0000e+00
       1552     54.000    11.4055   3.766562     2.6818    5.99638    33.2397    25.3325    1493.55    1495.51 0.0000e+00
       1570     55.000    11.3834   3.771204     2.6752    5.96188    33.3048    25.3871    1493.57    1495.48 0.0000e+00
       1588     56.000    11.2179   3.756435     2.6679    5.98261    33.3083    25.4198    1493.01    1495.43 0.0000e+00
       1605     57.000    11.0783   3.744016     2.6653    6.00718    33.3113    25.4472    1492.54    1495.38 0.0000e+00
       1623     58.000    11.0335   3.742666     2.6608    5.99355    33.3382    25.4761    1492.43    1495.33 0.0000e+00
       1641     59.000    11.0840   3.752018     2.6567    5.99125    33.3846    25.5032    1492.68    1495.29 0.0000e+00
       1658     60.000    11.0207   3.752025     2.6556    6.03021    33.4418    25.5590    1492.54    1495.24 0.0000e+00
       1676     61.000    10.9282   3.748554     2.6584    6.05954    33.4912    25.6139    1492.30    1495.19 0.0000e+00
       1694     62.000    10.9127   3.751274     2.6594    6.05173    33.5320    25.6484    1492.31    1495.15 0.0000e+00
       1712     63.000    10.8042   3.746814     2.6595    6.05989    33.5865    25.7101    1492.01    1495.10 0.0000e+00
       1730     64.000    10.7410   3.745168     2.6597    6.05840    33.6277    25.7533    1491.85    1495.05 0.0000e+00
       1748     65.000    10.5853   3.731335     2.6580    6.06407    33.6320    25.7839    1491.32    1494.99 0.0000e+00
       1766     66.000    10.3387   3.712695     2.6560    6.08121    33.6719    25.8577    1490.51    1494.92 0.0000e+00
       1784     67.000    10.0031   3.687202     2.6528    6.08154    33.7250    25.9563    1489.38    1494.84 0.0000e+00
       1802     68.000     9.7370   3.672456     2.6444    6.03963    33.8232    26.0774    1488.56    1494.74 0.0000e+00
       1820     69.000     9.6607   3.674145     2.6324    5.99977    33.9119    26.1594    1488.41    1494.65 0.0000e+00
       1838     70.000     9.5184   3.667445     2.6219    6.00097    33.9770    26.2338    1487.99    1494.56 0.0000e+00
       1856     71.000     9.4736   3.670873     2.6124    5.98760    34.0545    26.3017    1487.93    1494.46 0.0000e+00
       1874     72.000     9.4124   3.668628     2.6039    5.99007    34.0890    26.3387    1487.77    1494.37 0.0000e+00
       1892     73.000     9.3082   3.666210     2.5979    5.99840    34.1629    26.4135    1487.49    1494.27 0.0000e+00
       1910     74.000     9.2044   3.661821     2.5919    5.99251    34.2163    26.4720    1487.20    1494.18 0.0000e+00
       1928     75.000     9.0214   3.645954     2.5856    5.98571    34.2262    26.5091    1486.55    1494.08 0.0000e+00
       1947     76.000     8.9049   3.638591     2.5775    5.96141    34.2609    26.5548    1486.18    1493.97 0.0000e+00
       1965     77.000     8.8532   3.639067     2.5683    5.93129    34.3154    26.6056    1486.07    1493.87 0.0000e+00
       1984     78.000     8.8061   3.638722     2.5590    5.90440    34.3569    26.6456    1485.97    1493.77 0.0000e+00
       2002     79.000     8.7469   3.636019     2.5487    5.89092    34.3854    26.6772    1485.80    1493.67 0.0000e+00
       2021     80.000     8.6126   3.626524     2.5411    5.89180    34.4154    26.7217    1485.35    1493.56 0.0000e+00
       2040     81.000     8.5072   3.622436     2.5318    5.86368    34.4745    26.7844    1485.05    1493.46 0.0000e+00
       2059     82.000     8.4422   3.619549     2.5217    5.82586    34.5070    26.8200    1484.86    1493.35 0.0000e+00
       2078     83.000     8.4092   3.618209     2.5096    5.77917    34.5247    26.8389    1484.78    1493.25 0.0000e+00
       2097     84.000     8.3381   3.613723     2.4971    5.75104    34.5463    26.8667    1484.56    1493.14 0.0000e+00
       2116     85.000     8.2788   3.611328     2.4849    5.72416    34.5786    26.9011    1484.39    1493.04 0.0000e+00
       2135     86.000     8.2304   3.611286     2.4727    5.68905    34.6253    26.9451    1484.28    1492.94 0.0000e+00
       2154     87.000     8.2080   3.615150     2.4605    5.64709    34.6882    26.9979    1484.29    1492.84 0.0000e+00
       2172     88.000     8.2105   3.617865     2.4476    5.59537    34.7142    27.0180    1484.35    1492.74 0.0000e+00
       2191     89.000     8.1963   3.621135     2.4328    5.53332    34.7627    27.0582    1484.37    1492.65 0.0000e+00
       2210     90.000     8.1881   3.622749     2.4170    5.49192    34.7876    27.0790    1484.39    1492.55 0.0000e+00
       2228     91.000     8.1836   3.623921     2.4034    5.46999    34.8041    27.0926    1484.41    1492.46 0.0000e+00
       2247     92.000     8.1826   3.625968     2.3905    5.43385    34.8265    27.1104    1484.45    1492.38 0.0000e+00
       2266     93.000     8.1865   3.628008     2.3771    5.39312    34.8440    27.1235    1484.50    1492.29 0.0000e+00
       2285     94.000     8.1861   3.629925     2.3639    5.36001    34.8644    27.1396    1484.54    1492.21 0.0000e+00
       2305     95.000     8.1849   3.631531     2.3515    5.33357    34.8823    27.1538    1484.58    1492.13 0.0000e+00
       2323     96.000     8.1866   3.634021     2.3403    5.30908    34.9067    27.1727    1484.63    1492.05 0.0000e+00
       2342     97.000     8.1879   3.635110     2.3301    5.28652    34.9166    27.1803    1484.67    1491.97 0.0000e+00
       2360     98.000     8.1891   3.636255     2.3206    5.26785    34.9272    27.1884    1484.70    1491.90 0.0000e+00
       2378     99.000     8.1906   3.637917     2.3120    5.25470    34.9430    27.2006    1484.74    1491.82 0.0000e+00
       2397    100.000     8.1911   3.639215     2.3044    5.24169    34.9559    27.2106    1484.78    1491.75 0.0000e+00
       2415    101.000     8.1909   3.639720     2.2974    5.22879    34.9610    27.2147    1484.80    1491.68 0.0000e+00
       2432    102.000     8.1913   3.641922     2.2912    5.21504    34.9836    27.2324    1484.84    1491.62 0.0000e+00
       2450    103.000     8.1903   3.642615     2.2853    5.20257    34.9916    27.2388    1484.87    1491.55 0.0000e+00
       2468    104.000     8.1902   3.643046     2.2797    5.19597    34.9958    27.2421    1484.89    1491.49 0.0000e+00
       2487    105.000     8.1901   3.643290     2.2751    5.19034    34.9980    27.2439    1484.91    1491.42 0.0000e+00
       2505    106.000     8.1903   3.643411     2.2707    5.18046    34.9986    27.2443    1484.92    1491.36 0.0000e+00
       2523    107.000     8.1900   3.643915     2.2667    5.18083    35.0038    27.2484    1484.95    1491.30 0.0000e+00
       2541    108.000     8.1890   3.644730     2.2643    5.18314    35.0131    27.2558    1484.97    1491.24 0.0000e+00
       2558    109.000     8.1879   3.645312     2.2618    5.18014    35.0199    27.2614    1484.99    1491.19 0.0000e+00
       2576    110.000     8.1864   3.645948     2.2600    5.18325    35.0277    27.2677    1485.01    1491.13 0.0000e+00
       2594    111.000     8.1847   3.646147     2.2588    5.18633    35.0311    27.2706    1485.03    1491.07 0.0000e+00
       2611    112.000     8.1842   3.646645     2.2579    5.18913    35.0364    27.2749    1485.05    1491.02 0.0000e+00
       2629    113.000     8.1841   3.646707     2.2575    5.19533    35.0367    27.2751    1485.06    1490.97 0.0000e+00
       2647    114.000     8.1848   3.646867     2.2576    5.19978    35.0372    27.2754    1485.08    1490.92 0.0000e+00
       2665    115.000     8.1854   3.647073     2.2578    5.19831    35.0383    27.2762    1485.10    1490.87 0.0000e+00
       2682    116.000     8.1857   3.647264     2.2575    5.19232    35.0396    27.2772    1485.12    1490.82 0.0000e+00
       2700    117.000     8.1858   3.647379     2.2567    5.18957    35.0402    27.2777    1485.14    1490.77 0.0000e+00
       2718    118.000     8.1855   3.647489     2.2562    5.18823    35.0412    27.2785    1485.16    1490.72 0.0000e+00
       2736    119.000     8.1851   3.647577     2.2554    5.18533    35.0421    27.2792    1485.17    1490.67 0.0000e+00
       2754    120.000     8.1840   3.647609     2.2548    5.18099    35.0430    27.2801    1485.19    1490.63 0.0000e+00
       2771    121.000     8.1835   3.647621     2.2535    5.17625    35.0432    27.2803    1485.20    1490.58 0.0000e+00
       2789    122.000     8.1821   3.647641     2.2526    5.17911    35.0443    27.2814    1485.21    1490.54 0.0000e+00
       2806    123.000     8.1811   3.647655     2.2521    5.17913    35.0450    27.2821    1485.23    1490.49 0.0000e+00
       2824    124.000     8.1799   3.647660     2.2512    5.18065    35.0457    27.2829    1485.24    1490.45 0.0000e+00
       2842    125.000     8.1793   3.647688     2.2512    5.18757    35.0461    27.2833    1485.25    1490.41 0.0000e+00
       2860    126.000     8.1785   3.647724     2.2515    5.19334    35.0468    27.2840    1485.27    1490.37 0.0000e+00
       2877    127.000     8.1772   3.647772     2.2521    5.19455    35.0482    27.2852    1485.28    1490.33 0.0000e+00
       2895    128.000     8.1772   3.647834     2.2521    5.19033    35.0483    27.2853    1485.30    1490.29 0.0000e+00
       2912    129.000     8.1766   3.647881     2.2519    5.18840    35.0489    27.2859    1485.31    1490.25 0.0000e+00
       2930    130.000     8.1765   3.647939     2.2517    5.18494    35.0492    27.2861    1485.33    1490.21 0.0000e+00
       2947    131.000     8.1762   3.647981     2.2508    5.17984    35.0494    27.2864    1485.35    1490.18 0.0000e+00
       2965    132.000     8.1756   3.648047     2.2502    5.17829    35.0503    27.2871    1485.36    1490.14 0.0000e+00
       2982    133.000     8.1755   3.648093     2.2493    5.17504    35.0504    27.2872    1485.38    1490.10 0.0000e+00
