_data/ctd/2013/Sta1087_2013.cnv
* Sea-Bird SBE 9 Data File:
* FileName = C:\Seabird\CTDDATA\sta1087.hex
* Software Version Seasave V 7.21f
* Temperature SN = 4306
* Conductivity SN = 3123
* Number of Bytes Per Scan = 35
* Number of Voltage Words = 4
* Number of Scans Averaged by the Deck Unit = 1
* NMEA Latitude = 60 52.35 N
* NMEA Longitude = 005 24.09 E
* NMEA UTC (Time) = Nov 11 2013 02:08:41
** Ship: 01 F/F "Håkon Mosby"
** Station: 1087
** Echodepth: 478
** Log: 7331.890
** Wind-Dir Force: 26 01
** Air-temp (dry): 1.2
** Weather Sky: 1 5
** Sea Ice: 1 0
** UNIS station:
# nquan = 11                                
# nvalues = 456                         
# units = specified
# name 0 = scan: Scan Count
# name 1 = prDM: Pressure, Digiquartz [db]
# name 2 = t068C: Temperature [ITS-68, deg C]
# name 3 = c0S/m: Conductivity [S/m]
# name 4 = sbeox0V: Oxygen raw, SBE 43 [V]
# name 5 = sbeox0ML/L: Oxygen, SBE 43 [ml/l], WS = 2
# name 6 = sal00: Salinity, Practical [PSU]
# name 7 = sigma-t00: Density [sigma-t, Kg/m^3 ]
# name 8 = svCM: Sound Velocity [Chen-Millero, m/s]
# name 9 = avgsvCM: Average Sound Velocity [Chen-Millero, m/s], minP = 0, minS = 0
# name 10 = flag: flag
# span 0 =        321,      10983       
# span 1 =      2.000,    457.000       
# span 2 =     8.1604,    13.2753       
# span 3 =   2.326727,   3.835280       
# span 4 =     1.7050,     2.8128       
# span 5 =    3.66295,    6.33160       
# span 6 =    20.8294,    35.0850       
# span 7 =    16.0351,    27.3093       
# span 8 =    1469.26,    1497.86       
# span 9 =    1469.26,    1495.51       
# span 10 = 0.0000e+00, 0.0000e+00      
# interval = decibars: 1                
# start_time = Nov 11 2013 02:08:43 [System UTC, first data scan.]
# bad_flag = -9.990e-29
*END*
[from data line 263]
       6351    265.000     8.1668   3.654892     1.9095    4.24849    35.0680    27.3023    1487.54    1488.34 0.0000e+00
       6374    266.000     8.1673   3.654996     1.9111    4.24977    35.0681    27.3024    1487.56    1488.34 0.0000e+00
       6396    267.000     8.1676   3.655069     1.9123    4.25193    35.0681    27.3023    1487.57    1488.34 0.0000e+00
       6419    268.000     8.1678   3.655147     1.9130    4.24693    35.0682    27.3024    1487.59    1488.34 0.0000e+00
       6441    269.000     8.1679   3.655208     1.9130    4.24381    35.0683    27.3024    1487.61    1488.33 0.0000e+00
       6464    270.000     8.1686   3.655340     1.9130    4.24440    35.0685    27.3025    1487.63    1488.33 0.0000e+00
       6486    271.000     8.1694   3.655494     1.9131    4.24583    35.0689    27.3027    1487.65    1488.33 0.0000e+00
       6509    272.000     8.1697   3.655597     1.9131    4.24447    35.0692    27.3029    1487.67    1488.33 0.0000e+00
       6531    273.000     8.1702   3.655706     1.9128    4.23789    35.0694    27.3030    1487.68    1488.32 0.0000e+00
       6554    274.000     8.1707   3.655827     1.9120    4.23595    35.0697    27.3031    1487.70    1488.32 0.0000e+00
       6577    275.000     8.1709   3.655897     1.9112    4.23062    35.0698    27.3031    1487.72    1488.32 0.0000e+00
       6599    276.000     8.1712   3.655984     1.9101    4.22527    35.0699    27.3032    1487.74    1488.32 0.0000e+00
       6622    277.000     8.1714   3.656074     1.9086    4.22270    35.0702    27.3034    1487.76    1488.31 0.0000e+00
       6645    278.000     8.1719   3.656193     1.9079    4.22338    35.0705    27.3036    1487.77    1488.31 0.0000e+00
       6668    279.000     8.1723   3.656281     1.9070    4.22636    35.0706    27.3036    1487.79    1488.31 0.0000e+00
       6691    280.000     8.1728   3.656401     1.9070    4.23084    35.0709    27.3037    1487.81    1488.31 0.0000e+00
       6714    281.000     8.1734   3.656514     1.9070    4.23131    35.0710    27.3037    1487.83    1488.31 0.0000e+00
       6737    282.000     8.1739   3.656632     1.9070    4.23179    35.0713    27.3039    1487.85    1488.31 0.0000e+00
       6760    283.000     8.1748   3.656781     1.9070    4.23122    35.0715    27.3039    1487.87    1488.30 0.0000e+00
       6784    284.000     8.1761   3.656998     1.9067    4.22514    35.0721    27.3041    1487.89    1488.30 0.0000e+00
       6807    285.000     8.1772   3.657190     1.9058    4.21772    35.0725    27.3043    1487.91    1488.30 0.0000e+00
       6830    286.000     8.1774   3.657258     1.9043    4.20471    35.0726    27.3043    1487.93    1488.30 0.0000e+00
       6853    287.000     8.1777   3.657339     1.9019    4.19213    35.0727    27.3044    1487.95    1488.30 0.0000e+00
       6876    288.000     8.1782   3.657443     1.8992    4.18295    35.0728    27.3044    1487.97    1488.30 0.0000e+00
       6899    289.000     8.1782   3.657495     1.8969    4.18451    35.0729    27.3044    1487.98    1488.30 0.0000e+00
       6923    290.000     8.1772   3.657448     1.8953    4.18371    35.0729    27.3046    1487.99    1488.30 0.0000e+00
       6946    291.000     8.1776   3.657549     1.8938    4.18534    35.0731    27.3047    1488.01    1488.29 0.0000e+00
       6968    292.000     8.1777   3.657600     1.8934    4.19785    35.0730    27.3047    1488.03    1488.29 0.0000e+00
       6991    293.000     8.1781   3.657709     1.8942    4.20327    35.0733    27.3048    1488.05    1488.29 0.0000e+00
       7014    294.000     8.1780   3.657763     1.8944    4.19337    35.0735    27.3050    1488.06    1488.29 0.0000e+00
       7037    295.000     8.1786   3.657886     1.8931    4.18332    35.0738    27.3051    1488.08    1488.29 0.0000e+00
       7060    296.000     8.1786   3.657938     1.8923    4.18778    35.0738    27.3051    1488.10    1488.29 0.0000e+00
       7084    297.000     8.1788   3.658020     1.8917    4.18474    35.0740    27.3053    1488.12    1488.29 0.0000e+00
       7107    298.000     8.1792   3.658136     1.8912    4.18955    35.0744    27.3055    1488.14    1488.29 0.0000e+00
       7130    299.000     8.1797   3.658263     1.8912    4.19072    35.0748    27.3057    1488.15    1488.29 0.0000e+00
       7153    300.000     8.1801   3.658358     1.8910    4.18242    35.0749    27.3058    1488.17    1488.29 0.0000e+00
       7175    301.000     8.1804   3.658433     1.8894    4.16840    35.0749    27.3057    1488.19    1488.29 0.0000e+00
       7199    302.000     8.1806   3.658514     1.8877    4.16525    35.0751    27.3059    1488.21    1488.29 0.0000e+00
       7223    303.000     8.1808   3.658582     1.8860    4.16322    35.0752    27.3059    1488.22    1488.29 0.0000e+00
       7246    304.000     8.1810   3.658658     1.8850    4.16544    35.0753    27.3059    1488.24    1488.29 0.0000e+00
       7269    305.000     8.1811   3.658724     1.8840    4.16340    35.0754    27.3060    1488.26    1488.29 0.0000e+00
       7292    306.000     8.1813   3.658787     1.8833    4.16287    35.0754    27.3060    1488.28    1488.29 0.0000e+00
       7315    307.000     8.1815   3.658855     1.8826    4.16045    35.0755    27.3060    1488.29    1488.29 0.0000e+00
       7338    308.000     8.1817   3.658935     1.8814    4.15060    35.0756    27.3061    1488.31    1488.29 0.0000e+00
       7361    309.000     8.1819   3.659007     1.8797    4.14745    35.0757    27.3061    1488.33    1488.29 0.0000e+00
       7384    310.000     8.1820   3.659061     1.8789    4.15559    35.0757    27.3061    1488.35    1488.29 0.0000e+00
       7408    311.000     8.1821   3.659122     1.8789    4.15977    35.0758    27.3062    1488.36    1488.29 0.0000e+00
       7431    312.000     8.1823   3.659184     1.8789    4.15944    35.0758    27.3061    1488.38    1488.29 0.0000e+00
       7455    313.000     8.1824   3.659251     1.8787    4.15663    35.0759    27.3062    1488.40    1488.29 0.0000e+00
       7478    314.000     8.1825   3.659316     1.8781    4.15271    35.0760    27.3063    1488.41    1488.29 0.0000e+00
       7502    315.000     8.1826   3.659369     1.8777    4.15392    35.0760    27.3063    1488.43    1488.29 0.0000e+00
       7526    316.000     8.1827   3.659422     1.8771    4.14995    35.0760    27.3062    1488.45    1488.29 0.0000e+00
       7550    317.000     8.1830   3.659512     1.8765    4.14704    35.0762    27.3063    1488.47    1488.29 0.0000e+00
       7574    318.000     8.1831   3.659562     1.8752    4.13758    35.0762    27.3063    1488.48    1488.29 0.0000e+00
       7598    319.000     8.1836   3.659673     1.8740    4.14291    35.0764    27.3064    1488.50    1488.29 0.0000e+00
       7622    320.000     8.1837   3.659768     1.8738    4.14601    35.0768    27.3067    1488.52    1488.29 0.0000e+00
       7646    321.000     8.1834   3.659774     1.8735    4.14237    35.0767    27.3066    1488.53    1488.29 0.0000e+00
       7671    322.000     8.1834   3.659839     1.8725    4.13477    35.0769    27.3068    1488.55    1488.29 0.0000e+00
       7695    323.000     8.1832   3.659881     1.8714    4.12805    35.0771    27.3070    1488.57    1488.30 0.0000e+00
       7720    324.000     8.1834   3.659945     1.8695    4.12357    35.0771    27.3070    1488.58    1488.30 0.0000e+00
       7745    325.000     8.1835   3.660043     1.8685    4.12152    35.0775    27.3073    1488.60    1488.30 0.0000e+00
       7770    326.000     8.1838   3.660117     1.8668    4.11258    35.0775    27.3073    1488.62    1488.30 0.0000e+00
       7795    327.000     8.1841   3.660211     1.8649    4.10814    35.0778    27.3074    1488.64    1488.30 0.0000e+00
       7821    328.000     8.1852   3.660367     1.8633    4.10374    35.0779    27.3073    1488.66    1488.30 0.0000e+00
       7846    329.000     8.1854   3.660443     1.8615    4.09536    35.0780    27.3074    1488.67    1488.30 0.0000e+00
       7872    330.000     8.1860   3.660569     1.8591    4.08364    35.0783    27.3075    1488.69    1488.30 0.0000e+00
       7898    331.000     8.1864   3.660670     1.8563    4.07871    35.0785    27.3076    1488.71    1488.30 0.0000e+00
       7923    332.000     8.1865   3.660733     1.8547    4.07890    35.0786    27.3077    1488.73    1488.30 0.0000e+00
       7947    333.000     8.1865   3.660784     1.8529    4.06731    35.0786    27.3077    1488.74    1488.31 0.0000e+00
       7971    334.000     8.1865   3.660833     1.8501    4.05754    35.0787    27.3077    1488.76    1488.31 0.0000e+00
       7995    335.000     8.1864   3.660876     1.8480    4.05705    35.0788    27.3078    1488.78    1488.31 0.0000e+00
       8020    336.000     8.1866   3.660952     1.8463    4.06037    35.0789    27.3079    1488.79    1488.31 0.0000e+00
       8044    337.000     8.1867   3.661009     1.8459    4.06629    35.0789    27.3079    1488.81    1488.31 0.0000e+00
       8069    338.000     8.1869   3.661076     1.8451    4.06134    35.0790    27.3079    1488.83    1488.31 0.0000e+00
       8094    339.000     8.1871   3.661149     1.8445    4.05948    35.0791    27.3080    1488.85    1488.32 0.0000e+00
       8119    340.000     8.1873   3.661215     1.8435    4.05755    35.0791    27.3079    1488.86    1488.32 0.0000e+00
       8143    341.000     8.1874   3.661269     1.8428    4.05563    35.0791    27.3079    1488.88    1488.32 0.0000e+00
       8169    342.000     8.1874   3.661323     1.8423    4.06083    35.0792    27.3080    1488.90    1488.32 0.0000e+00
       8194    343.000     8.1876   3.661391     1.8423    4.05643    35.0792    27.3080    1488.91    1488.32 0.0000e+00
       8219    344.000     8.1877   3.661460     1.8407    4.04063    35.0794    27.3081    1488.93    1488.32 0.0000e+00
       8244    345.000     8.1878   3.661509     1.8390    4.03582    35.0793    27.3081    1488.95    1488.33 0.0000e+00
       8267    346.000     8.1879   3.661565     1.8374    4.03788    35.0794    27.3081    1488.97    1488.33 0.0000e+00
       8291    347.000     8.1879   3.661621     1.8364    4.03420    35.0795    27.3082    1488.98    1488.33 0.0000e+00
       8315    348.000     8.1879   3.661659     1.8353    4.03302    35.0794    27.3081    1489.00    1488.33 0.0000e+00
       8338    349.000     8.1877   3.661695     1.8342    4.02980    35.0795    27.3082    1489.01    1488.33 0.0000e+00
       8362    350.000     8.1877   3.661736     1.8333    4.02909    35.0795    27.3082    1489.03    1488.33 0.0000e+00
       8385    351.000     8.1878   3.661788     1.8324    4.03019    35.0794    27.3081    1489.05    1488.34 0.0000e+00
       8409    352.000     8.1878   3.661841     1.8319    4.02490    35.0795    27.3082    1489.06    1488.34 0.0000e+00
       8432    353.000     8.1878   3.661872     1.8307    4.02653    35.0794    27.3081    1489.08    1488.34 0.0000e+00
       8456    354.000     8.1878   3.661923     1.8309    4.03273    35.0795    27.3082    1489.10    1488.34 0.0000e+00
       8479    355.000     8.1878   3.661983     1.8304    4.02505    35.0796    27.3083    1489.11    1488.35 0.0000e+00
       8502    356.000     8.1878   3.662025     1.8298    4.02270    35.0796    27.3083    1489.13    1488.35 0.0000e+00
       8526    357.000     8.1879   3.662087     1.8289    4.02007    35.0797    27.3083    1489.15    1488.35 0.0000e+00
       8549    358.000     8.1881   3.662140     1.8281    4.01659    35.0796    27.3082    1489.16    1488.35 0.0000e+00
       8573    359.000     8.1882   3.662194     1.8271    4.01504    35.0796    27.3082    1489.18    1488.35 0.0000e+00
       8597    360.000     8.1883   3.662243     1.8265    4.01823    35.0795    27.3081    1489.20    1488.36 0.0000e+00
       8621    361.000     8.1884   3.662300     1.8261    4.01408    35.0795    27.3081    1489.21    1488.36 0.0000e+00
       8644    362.000     8.1884   3.662353     1.8252    4.01029    35.0796    27.3082    1489.23    1488.36 0.0000e+00
       8668    363.000     8.1885   3.662415     1.8242    4.00859    35.0797    27.3082    1489.25    1488.36 0.0000e+00
       8692    364.000     8.1885   3.662456     1.8239    4.01587    35.0797    27.3082    1489.26    1488.37 0.0000e+00
       8715    365.000     8.1886   3.662516     1.8240    4.01673    35.0797    27.3083    1489.28    1488.37 0.0000e+00
       8738    366.000     8.1887   3.662572     1.8238    4.01661    35.0798    27.3083    1489.30    1488.37 0.0000e+00
       8762    367.000     8.1887   3.662609     1.8239    4.01847    35.0797    27.3082    1489.31    1488.37 0.0000e+00
       8785    368.000     8.1885   3.662645     1.8238    4.01093    35.0798    27.3083    1489.33    1488.38 0.0000e+00
       8809    369.000     8.1884   3.662690     1.8227    4.00273    35.0799    27.3084    1489.35    1488.38 0.0000e+00
       8832    370.000     8.1886   3.662748     1.8214    3.99864    35.0798    27.3083    1489.36    1488.38 0.0000e+00
       8856    371.000     8.1887   3.662803     1.8203    3.99956    35.0798    27.3083    1489.38    1488.38 0.0000e+00
       8880    372.000     8.1886   3.662844     1.8194    3.99376    35.0799    27.3084    1489.40    1488.39 0.0000e+00
       8904    373.000     8.1886   3.662892     1.8180    3.99402    35.0799    27.3084    1489.41    1488.39 0.0000e+00
       8928    374.000     8.1887   3.662955     1.8178    3.99934    35.0800    27.3085    1489.43    1488.39 0.0000e+00
       8952    375.000     8.1890   3.663023     1.8171    3.99240    35.0800    27.3084    1489.45    1488.40 0.0000e+00
       8975    376.000     8.1891   3.663094     1.8166    3.99740    35.0802    27.3085    1489.46    1488.40 0.0000e+00
       8999    377.000     8.1892   3.663148     1.8163    3.99188    35.0802    27.3085    1489.48    1488.40 0.0000e+00
       9021    378.000     8.1893   3.663205     1.8154    3.98916    35.0802    27.3085    1489.50    1488.40 0.0000e+00
       9044    379.000     8.1895   3.663277     1.8149    3.99127    35.0803    27.3085    1489.52    1488.41 0.0000e+00
       9067    380.000     8.1896   3.663323     1.8146    3.99254    35.0802    27.3085    1489.53    1488.41 0.0000e+00
       9089    381.000     8.1895   3.663384     1.8143    3.99177    35.0805    27.3087    1489.55    1488.41 0.0000e+00
       9112    382.000     8.1895   3.663433     1.8140    3.99365    35.0805    27.3087    1489.57    1488.42 0.0000e+00
       9135    383.000     8.1897   3.663494     1.8143    3.99832    35.0805    27.3087    1489.58    1488.42 0.0000e+00
       9158    384.000     8.1898   3.663556     1.8144    3.99730    35.0806    27.3087    1489.60    1488.42 0.0000e+00
       9182    385.000     8.1899   3.663625     1.8141    3.98875    35.0807    27.3088    1489.62    1488.43 0.0000e+00
       9205    386.000     8.1901   3.663685     1.8131    3.97839    35.0807    27.3088    1489.63    1488.43 0.0000e+00
       9227    387.000     8.1902   3.663748     1.8113    3.97378    35.0808    27.3088    1489.65    1488.43 0.0000e+00
       9250    388.000     8.1904   3.663808     1.8105    3.98315    35.0808    27.3088    1489.67    1488.43 0.0000e+00
       9273    389.000     8.1906   3.663889     1.8105    3.98680    35.0809    27.3089    1489.69    1488.44 0.0000e+00
       9296    390.000     8.1908   3.663954     1.8104    3.98724    35.0810    27.3089    1489.70    1488.44 0.0000e+00
       9319    391.000     8.1909   3.663998     1.8103    3.98047    35.0809    27.3088    1489.72    1488.44 0.0000e+00
       9342    392.000     8.1910   3.664054     1.8093    3.97321    35.0809    27.3088    1489.74    1488.45 0.0000e+00
       9365    393.000     8.1911   3.664109     1.8081    3.97021    35.0809    27.3088    1489.75    1488.45 0.0000e+00
       9388    394.000     8.1912   3.664169     1.8071    3.96553    35.0810    27.3088    1489.77    1488.45 0.0000e+00
