_data/ctd/2014/sta0389_2014.cnv
* Sea-Bird SBE 9 Data File:
* FileName = C:\Seabird\CTDData\sta0389.hex
* Software Version Seasave V 7.21f
* Temperature SN = 1527
* Conductivity SN = 1827
* Number of Bytes Per Scan = 34
* Number of Voltage Words = 3
* Number of Scans Averaged by the Deck Unit = 1
* NMEA Latitude = 60 52.41 N
* NMEA Longitude = 005 23.20 E
* NMEA UTC (Time) = Oct 05 2014 15:10:13
* NMEA baud rate = 4800
** Ship: 10  F/F G.O. Sars
** Station: 389
** Echodepth: 452.65
** Log: 8745.367
** wind-dir Force: 29 01
** Air temp (dry): 17
** weather sky: 2 8
** sea ice: 3 0
# nquan = 15                                
# nvalues = 457                         
# units = specified
# name 0 = scan: Scan Count
# name 1 = prDM: Pressure, Digiquartz [db]
# name 2 = t068C: Temperature [ITS-68, deg C]
# name 3 = t168C: Temperature, 2 [ITS-68, deg C]
# name 4 = c0S/m: Conductivity [S/m]
# name 5 = c1S/m: Conductivity, 2 [S/m]
# name 6 = sbeox0V: Oxygen raw, SBE 43 [V]
# name 7 = altM: Altimeter [m]
# name 8 = sbeox0ML/L: Oxygen, SBE 43 [ml/l], WS = 2
# name 9 = sal00: Salinity, Practical [PSU]
# name 10 = sal11: Salinity, Practical, 2 [PSU]
# name 11 = sigma-t00: Density [sigma-t, Kg/m^3 ]
# name 12 = svCM: Sound Velocity [Chen-Millero, m/s]
# name 13 = avgsvCM: Average Sound Velocity [Chen-Millero, m/s], minP = 1, minS = 5
# name 14 = flag: flag
# span 0 =        429,      13484       
# span 1 =      3.000,    459.000       
# span 2 =     7.9165,    14.6095       
# span 3 =     7.9172,    14.6089       
# span 4 =   3.451311,   3.883473       
# span 5 =   3.451522,   3.886128       
# span 6 =     1.5365,     2.6326       
# span 7 =      12.98,      99.73       
# span 8 =    3.09954,    5.56099       
# span 9 =    28.0235,    35.0771       
# span 10 =    28.0269,    35.1034      
# span 11 =    20.7616,    27.3044      
# span 12 =    1483.21,    1501.45      
# span 13 =    1488.27,    1500.44      
# span 14 = 0.0000e+00, 0.0000e+00      
# interval = decibars: 1                
# start_time = Oct 05 2014 15:10:15 [System UTC, header]
# bad_flag = -9.990e-29
*END*
[from data line 386]
       9698    389.000     8.1934     8.1937   3.663627   3.666118     1.5800      59.44    3.20066    35.0754    35.1016    27.3041    1489.69    1488.43 0.0000e+00
       9722    390.000     8.1934     8.1938   3.663689   3.666178     1.5796      86.92    3.19088    35.0755    35.1017    27.3042    1489.71    1488.43 0.0000e+00
       9746    391.000     8.1935     8.1939   3.663738   3.666233     1.5791      70.29    3.20148    35.0755    35.1017    27.3042    1489.72    1488.43 0.0000e+00
       9770    392.000     8.1937     8.1941   3.663803   3.666290     1.5797      98.79    3.20126    35.0755    35.1017    27.3042    1489.74    1488.44 0.0000e+00
       9794    393.000     8.1938     8.1942   3.663857   3.666344     1.5794      98.92    3.19846    35.0755    35.1017    27.3041    1489.76    1488.44 0.0000e+00
       9818    394.000     8.1940     8.1943   3.663905   3.666400     1.5795      98.93    3.19967    35.0754    35.1017    27.3040    1489.77    1488.44 0.0000e+00
       9841    395.000     8.1940     8.1943   3.663966   3.666451     1.5791      84.85    3.19175    35.0755    35.1017    27.3041    1489.79    1488.45 0.0000e+00
       9865    396.000     8.1941     8.1945   3.664022   3.666507     1.5786      56.90    3.20395    35.0755    35.1017    27.3041    1489.81    1488.45 0.0000e+00
       9889    397.000     8.1942     8.1945   3.664069   3.666566     1.5794      99.06    3.20269    35.0755    35.1018    27.3041    1489.82    1488.45 0.0000e+00
       9913    398.000     8.1943     8.1947   3.664137   3.666629     1.5789      94.43    3.18952    35.0756    35.1018    27.3042    1489.84    1488.46 0.0000e+00
       9936    399.000     8.1945     8.1947   3.664206   3.666691     1.5777      71.10    3.19614    35.0757    35.1020    27.3042    1489.86    1488.46 0.0000e+00
       9960    400.000     8.1946     8.1949   3.664253   3.666744     1.5783      99.03    3.19947    35.0756    35.1019    27.3041    1489.88    1488.46 0.0000e+00
       9984    401.000     8.1946     8.1949   3.664305   3.666801     1.5779      98.77    3.19197    35.0757    35.1020    27.3042    1489.89    1488.47 0.0000e+00
      10007    402.000     8.1948     8.1950   3.664367   3.666854     1.5772      92.98    3.18288    35.0757    35.1020    27.3041    1489.91    1488.47 0.0000e+00
      10031    403.000     8.1949     8.1952   3.664418   3.666903     1.5754      43.12    3.18854    35.0756    35.1019    27.3041    1489.93    1488.47 0.0000e+00
      10055    404.000     8.1950     8.1953   3.664477   3.666968     1.5762      99.73    3.18970    35.0757    35.1020    27.3041    1489.94    1488.48 0.0000e+00
      10079    405.000     8.1951     8.1954   3.664532   3.667032     1.5743      98.92    3.16633    35.0757    35.1021    27.3041    1489.96    1488.48 0.0000e+00
      10103    406.000     8.1952     8.1956   3.664588   3.667082     1.5723      74.21    3.18116    35.0757    35.1019    27.3041    1489.98    1488.49 0.0000e+00
      10127    407.000     8.1953     8.1956   3.664645   3.667134     1.5736      99.04    3.19597    35.0758    35.1020    27.3041    1489.99    1488.49 0.0000e+00
      10151    408.000     8.1954     8.1957   3.664700   3.667190     1.5737      98.92    3.18293    35.0758    35.1020    27.3041    1490.01    1488.49 0.0000e+00
      10175    409.000     8.1956     8.1958   3.664757   3.667248     1.5724      46.85    3.17995    35.0757    35.1021    27.3040    1490.03    1488.50 0.0000e+00
      10199    410.000     8.1956     8.1959   3.664808   3.667308     1.5726      99.01    3.17744    35.0758    35.1021    27.3041    1490.04    1488.50 0.0000e+00
      10223    411.000     8.1957     8.1961   3.664863   3.667367     1.5710      98.93    3.16606    35.0758    35.1021    27.3041    1490.06    1488.50 0.0000e+00
      10247    412.000     8.1958     8.1962   3.664916   3.667420     1.5695      75.65    3.17705    35.0758    35.1021    27.3041    1490.08    1488.51 0.0000e+00
      10271    413.000     8.1960     8.1964   3.664982   3.667484     1.5709      99.31    3.19026    35.0758    35.1021    27.3040    1490.10    1488.51 0.0000e+00
      10295    414.000     8.1961     8.1964   3.665052   3.667539     1.5710      98.92    3.18355    35.0760    35.1022    27.3042    1490.11    1488.52 0.0000e+00
      10319    415.000     8.1962     8.1964   3.665103   3.667602     1.5710      98.77    3.17533    35.0760    35.1024    27.3041    1490.13    1488.52 0.0000e+00
      10343    416.000     8.1962     8.1966   3.665179   3.667662     1.5691      49.91    3.16965    35.0763    35.1024    27.3044    1490.15    1488.52 0.0000e+00
      10366    417.000     8.1963     8.1966   3.665221   3.667728     1.5699      93.82    3.18369    35.0762    35.1026    27.3043    1490.16    1488.53 0.0000e+00
      10391    418.000     8.1963     8.1967   3.665273   3.667775     1.5692      98.93    3.17113    35.0762    35.1025    27.3043    1490.18    1488.53 0.0000e+00
      10415    419.000     8.1964     8.1968   3.665326   3.667823     1.5682      68.69    3.17008    35.0762    35.1025    27.3043    1490.20    1488.53 0.0000e+00
      10439    420.000     8.1966     8.1968   3.665390   3.667880     1.5687      96.03    3.18291    35.0762    35.1026    27.3043    1490.21    1488.54 0.0000e+00
      10463    421.000     8.1966     8.1970   3.665440   3.667942     1.5686      68.32    3.18207    35.0763    35.1026    27.3043    1490.23    1488.54 0.0000e+00
      10487    422.000     8.1969     8.1970   3.665500   3.667999     1.5691      59.57    3.18433    35.0762    35.1027    27.3042    1490.25    1488.55 0.0000e+00
      10511    423.000     8.1969     8.1972   3.665574   3.668077     1.5696      74.72    3.18699    35.0765    35.1029    27.3044    1490.26    1488.55 0.0000e+00
      10536    424.000     8.1971     8.1975   3.665620   3.668129     1.5702      88.05    3.18872    35.0763    35.1027    27.3043    1490.28    1488.56 0.0000e+00
      10560    425.000     8.1972     8.1976   3.665689   3.668185     1.5696      79.58    3.17486    35.0765    35.1027    27.3044    1490.30    1488.56 0.0000e+00
      10584    426.000     8.1973     8.1976   3.665737   3.668245     1.5693      98.66    3.17534    35.0764    35.1028    27.3043    1490.32    1488.56 0.0000e+00
      10609    427.000     8.1974     8.1977   3.665797   3.668296     1.5676      81.50    3.16026    35.0765    35.1028    27.3043    1490.33    1488.57 0.0000e+00
      10633    428.000     8.1975     8.1978   3.665842   3.668355     1.5664      73.14    3.16154    35.0764    35.1029    27.3042    1490.35    1488.57 0.0000e+00
      10658    429.000     8.1976     8.1979   3.665908   3.668404     1.5647      43.62    3.15999    35.0765    35.1028    27.3043    1490.37    1488.58 0.0000e+00
      10682    430.000     8.1976     8.1980   3.665956   3.668462     1.5646      28.90    3.17265    35.0765    35.1029    27.3044    1490.38    1488.58 0.0000e+00
      10707    431.000     8.1977     8.1980   3.666005   3.668517     1.5650      67.40    3.17266    35.0765    35.1030    27.3043    1490.40    1488.58 0.0000e+00
      10731    432.000     8.1979     8.1983   3.666067   3.668574     1.5650      49.07    3.17712    35.0765    35.1028    27.3043    1490.42    1488.59 0.0000e+00
      10755    433.000     8.1981     8.1983   3.666124   3.668636     1.5655      44.35    3.17159    35.0764    35.1030    27.3042    1490.43    1488.59 0.0000e+00
      10779    434.000     8.1981     8.1984   3.666189   3.668690     1.5651      38.10    3.17297    35.0766    35.1030    27.3044    1490.45    1488.60 0.0000e+00
      10871    435.000     8.1983     8.1987   3.666235   3.668745     1.5651      37.47    3.17431    35.0764    35.1028    27.3042    1490.47    1488.60 0.0000e+00
      11234    436.000     8.1986     8.1992   3.666300   3.668823     1.5657      57.13    3.17315    35.0764    35.1027    27.3041    1490.49    1488.61 0.0000e+00
      11221    437.000     8.1987     8.1989   3.666373   3.668873     1.5651      35.54    3.17241    35.0766    35.1030    27.3042    1490.50    1488.61 0.0000e+00
      11244    438.000     8.1986     8.1990   3.666426   3.668934     1.5648      34.71    3.17089    35.0767    35.1031    27.3044    1490.52    1488.61 0.0000e+00
      11269    439.000     8.1990     8.1993   3.666516   3.669019     1.5646      33.68    3.16778    35.0768    35.1032    27.3044    1490.54    1488.62 0.0000e+00
      11293    440.000     8.1992     8.1995   3.666577   3.669081     1.5636      32.88    3.15841    35.0768    35.1032    27.3043    1490.55    1488.62 0.0000e+00
      11318    441.000     8.1992     8.1995   3.666623   3.669132     1.5618      31.95    3.13561    35.0768    35.1033    27.3044    1490.57    1488.63 0.0000e+00
      11342    442.000     8.1993     8.1997   3.666678   3.669189     1.5580      30.72    3.12488    35.0768    35.1032    27.3043    1490.59    1488.63 0.0000e+00
      11367    443.000     8.1995     8.1998   3.666737   3.669240     1.5558      29.78    3.12840    35.0768    35.1032    27.3043    1490.60    1488.64 0.0000e+00
      11391    444.000     8.1996     8.1999   3.666790   3.669299     1.5542      28.71    3.13211    35.0768    35.1032    27.3043    1490.62    1488.64 0.0000e+00
      11416    445.000     8.1997     8.2000   3.666858   3.669366     1.5532      27.64    3.13154    35.0769    35.1034    27.3044    1490.64    1488.65 0.0000e+00
      11440    446.000     8.1998     8.2001   3.666904   3.669414     1.5522      26.64    3.12929    35.0769    35.1033    27.3043    1490.66    1488.65 0.0000e+00
      11465    447.000     8.2000     8.2003   3.666967   3.669470     1.5512      25.62    3.12591    35.0769    35.1032    27.3043    1490.67    1488.65 0.0000e+00
      11490    448.000     8.2001     8.2004   3.667025   3.669538     1.5502      24.64    3.12453    35.0769    35.1034    27.3043    1490.69    1488.66 0.0000e+00
      11515    449.000     8.2002     8.2006   3.667081   3.669587     1.5492      23.66    3.12233    35.0769    35.1032    27.3043    1490.71    1488.66 0.0000e+00
      11540    450.000     8.2003     8.2006   3.667130   3.669649     1.5484      22.66    3.12123    35.0769    35.1034    27.3042    1490.72    1488.67 0.0000e+00
      11564    451.000     8.2006     8.2008   3.667190   3.669702     1.5476      21.69    3.11986    35.0767    35.1033    27.3041    1490.74    1488.67 0.0000e+00
      11589    452.000     8.2006     8.2009   3.667249   3.669753     1.5469      20.67    3.11985    35.0769    35.1033    27.3042    1490.76    1488.68 0.0000e+00
      11614    453.000     8.2007     8.2010   3.667306   3.669813     1.5464      19.68    3.11590    35.0769    35.1034    27.3042    1490.77    1488.68 0.0000e+00
      11639    454.000     8.2009     8.2011   3.667360   3.669863     1.5453      18.36    3.11004    35.0768    35.1033    27.3041    1490.79    1488.69 0.0000e+00
      11663    455.000     8.2009     8.2012   3.667417   3.669920     1.5440      17.70    3.10571    35.0770    35.1034    27.3042    1490.81    1488.69 0.0000e+00
      11687    456.000     8.2011     8.2013   3.667473   3.669977     1.5432      16.65    3.11226    35.0769    35.1034    27.3041    1490.82    1488.70 0.0000e+00
      11713    457.000     8.2012     8.2015   3.667534   3.670029     1.5430      15.71    3.11276    35.0770    35.1033    27.3042    1490.84    1488.70 0.0000e+00
      11739    458.000     8.2012     8.2017   3.667593   3.670093     1.5427      14.73    3.10946    35.0771    35.1033    27.3043    1490.86    1488.70 0.0000e+00
      13484    459.000     8.2014     8.2018   3.667628   3.670157     1.5365      12.98    3.09954    35.0768    35.1034    27.3040    1490.88    1488.71 0.0000e+00
