_data/ctd/2014/sta0387_2014.cnv
* Sea-Bird SBE 9 Data File:
* FileName = C:\Seabird\CTDData\sta0387.hex
* Software Version Seasave V 7.21f
* Temperature SN = 1527
* Conductivity SN = 1827
* Number of Bytes Per Scan = 34
* Number of Voltage Words = 3
* Number of Scans Averaged by the Deck Unit = 1
* NMEA Latitude = 60 52.35 N
* NMEA Longitude = 005 24.31 E
* NMEA UTC (Time) = Oct 04 2014 22:29:43
* NMEA baud rate = 4800
** Ship: 10  F/F G.O. Sars
** Station: 387
** Echodepth: 467.67
** Log: 8731.944
** wind-dir Force: 10 10
** Air temp (dry): 19.5
** weather sky: 2 8
** sea ice: 3 0
# nquan = 15                                
# nvalues = 464                         
# units = specified
# name 0 = scan: Scan Count
# name 1 = prDM: Pressure, Digiquartz [db]
# name 2 = t068C: Temperature [ITS-68, deg C]
# name 3 = t168C: Temperature, 2 [ITS-68, deg C]
# name 4 = c0S/m: Conductivity [S/m]
# name 5 = c1S/m: Conductivity, 2 [S/m]
# name 6 = sbeox0V: Oxygen raw, SBE 43 [V]
# name 7 = altM: Altimeter [m]
# name 8 = sbeox0ML/L: Oxygen, SBE 43 [ml/l], WS = 2
# name 9 = sal00: Salinity, Practical [PSU]
# name 10 = sal11: Salinity, Practical, 2 [PSU]
# name 11 = sigma-t00: Density [sigma-t, Kg/m^3 ]
# name 12 = svCM: Sound Velocity [Chen-Millero, m/s]
# name 13 = avgsvCM: Average Sound Velocity [Chen-Millero, m/s], minP = 1, minS = 5
# name 14 = flag: flag
# span 0 =        410,      12619       
# span 1 =      3.000,    466.000       
# span 2 =     7.9096,    14.5270       
# span 3 =     7.9102,    14.5226       
# span 4 =   2.228029,   3.888256       
# span 5 =   2.198586,   3.891244       
# span 6 =     1.5343,     2.7236       
# span 7 =      19.92,      99.48       
# span 8 =    3.08275,    6.24887       
# span 9 =    17.9739,    35.0754       
# span 10 =    17.7345,    35.1036      
# span 11 =    13.2816,    27.3031      
# span 12 =    1479.37,    1501.67      
# span 13 =    1479.37,    1498.93      
# span 14 = 0.0000e+00, 0.0000e+00      
# interval = decibars: 1                
# start_time = Oct 04 2014 22:29:46 [System UTC, header]
# bad_flag = -9.990e-29
*END*
[from data line 290]
       7400    293.000     8.1865     8.1868   3.657286   3.659903     1.6876      98.92    3.47790    35.0604    35.0881    27.2934    1488.06    1488.06 0.0000e+00
       7424    294.000     8.1864     8.1868   3.657347   3.659969     1.6873      98.92    3.47404    35.0607    35.0883    27.2937    1488.08    1488.06 0.0000e+00
       7448    295.000     8.1862     8.1867   3.657436   3.660061     1.6864      79.26    3.46769    35.0614    35.0889    27.2942    1488.10    1488.06 0.0000e+00
       7472    296.000     8.1861     8.1866   3.657514   3.660145     1.6861      73.28    3.47802    35.0618    35.0894    27.2946    1488.11    1488.06 0.0000e+00
       7497    297.000     8.1862     8.1865   3.657591   3.660220     1.6858      99.10    3.47071    35.0621    35.0899    27.2948    1488.13    1488.06 0.0000e+00
       7521    298.000     8.1858     8.1862   3.657683   3.660317     1.6851      89.00    3.46240    35.0630    35.0907    27.2955    1488.15    1488.06 0.0000e+00
       7545    299.000     8.1858     8.1862   3.657769   3.660399     1.6843      84.97    3.47186    35.0634    35.0911    27.2959    1488.16    1488.06 0.0000e+00
       7569    300.000     8.1858     8.1863   3.657847   3.660466     1.6842      98.73    3.46421    35.0638    35.0912    27.2961    1488.18    1488.06 0.0000e+00
       7593    301.000     8.1859     8.1862   3.657932   3.660553     1.6828      98.92    3.44958    35.0641    35.0918    27.2964    1488.20    1488.06 0.0000e+00
       7617    302.000     8.1859     8.1862   3.658014   3.660641     1.6801      98.92    3.41839    35.0645    35.0923    27.2967    1488.21    1488.06 0.0000e+00
       7642    303.000     8.1859     8.1863   3.658087   3.660718     1.6745      98.92    3.39611    35.0648    35.0925    27.2969    1488.23    1488.06 0.0000e+00
       7665    304.000     8.1860     8.1864   3.658159   3.660790     1.6707      98.92    3.40350    35.0650    35.0927    27.2971    1488.25    1488.06 0.0000e+00
       7689    305.000     8.1860     8.1865   3.658235   3.660852     1.6681      98.93    3.40042    35.0653    35.0928    27.2973    1488.27    1488.06 0.0000e+00
       7713    306.000     8.1862     8.1865   3.658295   3.660920     1.6655      98.92    3.39477    35.0653    35.0930    27.2973    1488.28    1488.06 0.0000e+00
       7737    307.000     8.1861     8.1864   3.658364   3.660990     1.6630      98.92    3.38887    35.0656    35.0934    27.2976    1488.30    1488.06 0.0000e+00
       7761    308.000     8.1858     8.1863   3.658457   3.661092     1.6606      93.71    3.37853    35.0664    35.0941    27.2982    1488.32    1488.07 0.0000e+00
       7785    309.000     8.1856     8.1859   3.658511   3.661145     1.6581      63.93    3.38945    35.0667    35.0946    27.2985    1488.33    1488.07 0.0000e+00
       7808    310.000     8.1857     8.1861   3.658579   3.661210     1.6581      98.78    3.40235    35.0669    35.0946    27.2986    1488.35    1488.07 0.0000e+00
       7832    311.000     8.1858     8.1861   3.658657   3.661284     1.6589      97.44    3.40981    35.0671    35.0949    27.2988    1488.37    1488.07 0.0000e+00
       7856    312.000     8.1858     8.1862   3.658711   3.661347     1.6596      80.53    3.42790    35.0672    35.0950    27.2989    1488.38    1488.07 0.0000e+00
       7880    313.000     8.1859     8.1863   3.658783   3.661417     1.6629      99.25    3.43723    35.0674    35.0952    27.2990    1488.40    1488.07 0.0000e+00
       7904    314.000     8.1861     8.1864   3.658856   3.661486     1.6641      98.92    3.42571    35.0675    35.0953    27.2991    1488.42    1488.07 0.0000e+00
       7928    315.000     8.1861     8.1864   3.658923   3.661557     1.6642      98.92    3.41478    35.0678    35.0956    27.2992    1488.43    1488.07 0.0000e+00
       7951    316.000     8.1863     8.1865   3.658997   3.661631     1.6632      98.92    3.40543    35.0679    35.0958    27.2993    1488.45    1488.07 0.0000e+00
       7975    317.000     8.1861     8.1864   3.659067   3.661697     1.6618      98.92    3.39625    35.0684    35.0961    27.2997    1488.47    1488.07 0.0000e+00
       7999    318.000     8.1861     8.1864   3.659129   3.661764     1.6599      98.92    3.39041    35.0685    35.0964    27.2998    1488.48    1488.08 0.0000e+00
       8023    319.000     8.1861     8.1865   3.659184   3.661822     1.6583      98.92    3.39048    35.0686    35.0964    27.2999    1488.50    1488.08 0.0000e+00
       8046    320.000     8.1863     8.1866   3.659263   3.661889     1.6571      98.92    3.38797    35.0688    35.0966    27.3000    1488.52    1488.08 0.0000e+00
       8070    321.000     8.1864     8.1868   3.659320   3.661960     1.6561      98.92    3.39184    35.0688    35.0966    27.3000    1488.53    1488.08 0.0000e+00
       8094    322.000     8.1866     8.1869   3.659402   3.662036     1.6555      98.92    3.38965    35.0690    35.0969    27.3002    1488.55    1488.08 0.0000e+00
       8118    323.000     8.1866     8.1870   3.659460   3.662102     1.6545      98.92    3.38111    35.0692    35.0970    27.3003    1488.57    1488.08 0.0000e+00
       8142    324.000     8.1867     8.1871   3.659508   3.662150     1.6527      98.92    3.35920    35.0691    35.0969    27.3002    1488.59    1488.08 0.0000e+00
       8165    325.000     8.1869     8.1872   3.659575   3.662208     1.6489      43.99    3.35402    35.0691    35.0970    27.3002    1488.60    1488.09 0.0000e+00
       8189    326.000     8.1870     8.1873   3.659643   3.662280     1.6477      98.15    3.36066    35.0693    35.0972    27.3003    1488.62    1488.09 0.0000e+00
       8213    327.000     8.1870     8.1874   3.659712   3.662350     1.6460      98.92    3.35581    35.0696    35.0973    27.3005    1488.64    1488.09 0.0000e+00
       8237    328.000     8.1870     8.1875   3.659778   3.662413     1.6447      98.92    3.35262    35.0698    35.0974    27.3007    1488.65    1488.09 0.0000e+00
       8261    329.000     8.1872     8.1875   3.659854   3.662488     1.6429      98.92    3.34772    35.0699    35.0977    27.3008    1488.67    1488.09 0.0000e+00
       8285    330.000     8.1872     8.1876   3.659921   3.662570     1.6418      98.92    3.34408    35.0702    35.0980    27.3009    1488.69    1488.09 0.0000e+00
       8308    331.000     8.1873     8.1877   3.659993   3.662631     1.6396      57.33    3.33719    35.0703    35.0981    27.3011    1488.70    1488.10 0.0000e+00
       8332    332.000     8.1874     8.1878   3.660058   3.662700     1.6387      98.48    3.32839    35.0705    35.0983    27.3012    1488.72    1488.10 0.0000e+00
       8356    333.000     8.1876     8.1879   3.660123   3.662767     1.6353      98.93    3.31869    35.0705    35.0984    27.3011    1488.74    1488.10 0.0000e+00
       8379    334.000     8.1876     8.1880   3.660181   3.662822     1.6340      98.92    3.32596    35.0706    35.0984    27.3012    1488.76    1488.10 0.0000e+00
       8403    335.000     8.1878     8.1882   3.660255   3.662887     1.6328      98.92    3.32284    35.0707    35.0984    27.3013    1488.77    1488.10 0.0000e+00
       8427    336.000     8.1879     8.1884   3.660313   3.662951     1.6315      98.92    3.31285    35.0708    35.0984    27.3013    1488.79    1488.11 0.0000e+00
       8451    337.000     8.1881     8.1884   3.660386   3.663023     1.6289      72.14    3.30241    35.0709    35.0987    27.3014    1488.81    1488.11 0.0000e+00
       8475    338.000     8.1882     8.1883   3.660447   3.663087     1.6280      96.93    3.31213    35.0709    35.0990    27.3014    1488.82    1488.11 0.0000e+00
       8499    339.000     8.1881     8.1885   3.660504   3.663133     1.6262      98.93    3.29577    35.0712    35.0988    27.3016    1488.84    1488.11 0.0000e+00
       8522    340.000     8.1881     8.1885   3.660554   3.663198     1.6240      98.92    3.29115    35.0712    35.0991    27.3017    1488.86    1488.11 0.0000e+00
       8546    341.000     8.1883     8.1885   3.660610   3.663264     1.6225      98.92    3.29594    35.0711    35.0993    27.3016    1488.87    1488.12 0.0000e+00
       8570    342.000     8.1883     8.1887   3.660672   3.663311     1.6218      98.92    3.30160    35.0713    35.0991    27.3017    1488.89    1488.12 0.0000e+00
       8594    343.000     8.1883     8.1886   3.660727   3.663363     1.6212      84.35    3.30260    35.0714    35.0993    27.3018    1488.91    1488.12 0.0000e+00
       8617    344.000     8.1882     8.1885   3.660764   3.663402     1.6219      96.50    3.31276    35.0715    35.0993    27.3018    1488.92    1488.12 0.0000e+00
       8641    345.000     8.1882     8.1886   3.660820   3.663463     1.6224      98.88    3.31661    35.0716    35.0994    27.3019    1488.94    1488.13 0.0000e+00
       8665    346.000     8.1883     8.1886   3.660888   3.663529     1.6235      98.92    3.32897    35.0717    35.0996    27.3020    1488.96    1488.13 0.0000e+00
       8689    347.000     8.1883     8.1886   3.660948   3.663586     1.6256      98.93    3.34289    35.0719    35.0998    27.3021    1488.97    1488.13 0.0000e+00
       8713    348.000     8.1885     8.1888   3.661021   3.663668     1.6280      98.92    3.34704    35.0720    35.1000    27.3022    1488.99    1488.13 0.0000e+00
       8736    349.000     8.1886     8.1890   3.661099   3.663739     1.6297      93.96    3.34431    35.0722    35.1000    27.3024    1489.01    1488.14 0.0000e+00
       8760    350.000     8.1888     8.1893   3.661175   3.663828     1.6304      96.93    3.33641    35.0724    35.1002    27.3025    1489.03    1488.14 0.0000e+00
       8784    351.000     8.1889     8.1893   3.661233   3.663877     1.6299      98.75    3.31950    35.0724    35.1003    27.3025    1489.04    1488.14 0.0000e+00
       8808    352.000     8.1891     8.1895   3.661299   3.663933     1.6281      98.93    3.30985    35.0725    35.1002    27.3025    1489.06    1488.14 0.0000e+00
       8831    353.000     8.1894     8.1898   3.661387   3.664038     1.6261      98.92    3.30095    35.0726    35.1005    27.3025    1489.08    1488.15 0.0000e+00
       8855    354.000     8.1896     8.1901   3.661461   3.664103     1.6240      98.92    3.29460    35.0727    35.1004    27.3026    1489.10    1488.15 0.0000e+00
       8879    355.000     8.1899     8.1901   3.661530   3.664171     1.6216      98.92    3.27605    35.0727    35.1007    27.3025    1489.11    1488.15 0.0000e+00
       8903    356.000     8.1900     8.1903   3.661592   3.664241     1.6172      98.92    3.24729    35.0728    35.1007    27.3026    1489.13    1488.15 0.0000e+00
       8926    357.000     8.1901     8.1905   3.661674   3.664312     1.6119      71.69    3.22393    35.0731    35.1008    27.3028    1489.15    1488.16 0.0000e+00
       8950    358.000     8.1903     8.1905   3.661722   3.664372     1.6063      61.42    3.21349    35.0729    35.1010    27.3026    1489.16    1488.16 0.0000e+00
       8974    359.000     8.1904     8.1907   3.661786   3.664427     1.6012      98.92    3.20144    35.0730    35.1009    27.3027    1489.18    1488.16 0.0000e+00
       8998    360.000     8.1906     8.1908   3.661842   3.664490     1.5970      98.92    3.20563    35.0729    35.1010    27.3026    1489.20    1488.17 0.0000e+00
       9022    361.000     8.1907     8.1909   3.661910   3.664555     1.5945      98.92    3.20791    35.0731    35.1011    27.3027    1489.21    1488.17 0.0000e+00
       9046    362.000     8.1907     8.1910   3.661961   3.664604     1.5923      98.92    3.20244    35.0731    35.1011    27.3028    1489.23    1488.17 0.0000e+00
       9069    363.000     8.1908     8.1910   3.662020   3.664661     1.5896      82.20    3.18903    35.0732    35.1012    27.3028    1489.25    1488.17 0.0000e+00
       9093    364.000     8.1909     8.1913   3.662082   3.664733     1.5874      64.21    3.20038    35.0733    35.1012    27.3028    1489.27    1488.18 0.0000e+00
       9117    365.000     8.1911     8.1915   3.662134   3.664789     1.5866      99.30    3.19974    35.0732    35.1011    27.3027    1489.28    1488.18 0.0000e+00
       9140    366.000     8.1911     8.1915   3.662189   3.664847     1.5853      89.41    3.18797    35.0733    35.1012    27.3028    1489.30    1488.18 0.0000e+00
       9164    367.000     8.1912     8.1915   3.662241   3.664888     1.5836      70.97    3.19369    35.0733    35.1012    27.3028    1489.32    1488.19 0.0000e+00
       9188    368.000     8.1915     8.1918   3.662312   3.664956     1.5832      98.82    3.19490    35.0732    35.1012    27.3027    1489.33    1488.19 0.0000e+00
       9212    369.000     8.1914     8.1918   3.662364   3.665008     1.5824      94.70    3.18702    35.0734    35.1012    27.3029    1489.35    1488.19 0.0000e+00
       9235    370.000     8.1916     8.1919   3.662428   3.665070     1.5813      77.13    3.18493    35.0734    35.1013    27.3028    1489.37    1488.20 0.0000e+00
       9259    371.000     8.1918     8.1921   3.662494   3.665142     1.5798      50.32    3.18978    35.0734    35.1014    27.3028    1489.38    1488.20 0.0000e+00
       9283    372.000     8.1918     8.1922   3.662545   3.665194     1.5808      98.36    3.19363    35.0735    35.1014    27.3029    1489.40    1488.20 0.0000e+00
       9307    373.000     8.1919     8.1923   3.662596   3.665246     1.5797      84.17    3.18530    35.0735    35.1014    27.3028    1489.42    1488.21 0.0000e+00
       9330    374.000     8.1921     8.1924   3.662656   3.665310     1.5789      98.85    3.17399    35.0734    35.1015    27.3028    1489.43    1488.21 0.0000e+00
       9354    375.000     8.1921     8.1925   3.662707   3.665359     1.5764      98.71    3.15482    35.0735    35.1014    27.3028    1489.45    1488.21 0.0000e+00
       9378    376.000     8.1921     8.1925   3.662766   3.665414     1.5740      94.37    3.16488    35.0737    35.1015    27.3030    1489.47    1488.22 0.0000e+00
       9402    377.000     8.1922     8.1926   3.662815   3.665472     1.5739      98.65    3.18294    35.0736    35.1016    27.3029    1489.48    1488.22 0.0000e+00
       9426    378.000     8.1923     8.1927   3.662864   3.665524     1.5748      98.92    3.18532    35.0736    35.1015    27.3028    1489.50    1488.22 0.0000e+00
       9449    379.000     8.1925     8.1928   3.662918   3.665579     1.5748      98.92    3.17436    35.0735    35.1016    27.3027    1489.52    1488.23 0.0000e+00
       9473    380.000     8.1925     8.1928   3.662976   3.665636     1.5741      98.92    3.18250    35.0736    35.1017    27.3028    1489.54    1488.23 0.0000e+00
       9497    381.000     8.1926     8.1930   3.663047   3.665688     1.5753      98.92    3.19500    35.0738    35.1016    27.3030    1489.55    1488.23 0.0000e+00
       9520    382.000     8.1928     8.1930   3.663097   3.665749     1.5764      98.92    3.19665    35.0736    35.1017    27.3028    1489.57    1488.24 0.0000e+00
       9544    383.000     8.1928     8.1932   3.663150   3.665805     1.5773      98.92    3.19279    35.0737    35.1017    27.3029    1489.59    1488.24 0.0000e+00
       9568    384.000     8.1930     8.1933   3.663212   3.665866     1.5770      45.50    3.19270    35.0737    35.1017    27.3029    1489.60    1488.24 0.0000e+00
       9592    385.000     8.1931     8.1934   3.663259   3.665920     1.5781      99.09    3.19655    35.0736    35.1017    27.3028    1489.62    1488.25 0.0000e+00
       9615    386.000     8.1932     8.1935   3.663326   3.665966     1.5777      98.92    3.18607    35.0738    35.1017    27.3029    1489.64    1488.25 0.0000e+00
       9639    387.000     8.1932     8.1935   3.663374   3.666035     1.5769      73.27    3.19065    35.0738    35.1019    27.3029    1489.65    1488.25 0.0000e+00
