_data/ctd/2014/sta0388_2014.cnv
* Sea-Bird SBE 9 Data File:
* FileName = C:\Seabird\CTDData\sta0388.hex
* Software Version Seasave V 7.21f
* Temperature SN = 1527
* Conductivity SN = 1827
* Number of Bytes Per Scan = 34
* Number of Voltage Words = 3
* Number of Scans Averaged by the Deck Unit = 1
* NMEA Latitude = 60 52.40 N
* NMEA Longitude = 005 23.08 E
* NMEA UTC (Time) = Oct 05 2014 13:05:07
* NMEA baud rate = 4800
** Ship: 10  F/F G.O. Sars
** Station: 388
** Echodepth: 451.74
** Log: 8745.304
** wind-dir Force: 13 03
** Air temp (dry): 17
** weather sky: 2 8
** sea ice: 3 0
# nquan = 15                                
# nvalues = 453                         
# units = specified
# name 0 = scan: Scan Count
# name 1 = prDM: Pressure, Digiquartz [db]
# name 2 = t068C: Temperature [ITS-68, deg C]
# name 3 = t168C: Temperature, 2 [ITS-68, deg C]
# name 4 = c0S/m: Conductivity [S/m]
# name 5 = c1S/m: Conductivity, 2 [S/m]
# name 6 = sbeox0V: Oxygen raw, SBE 43 [V]
# name 7 = altM: Altimeter [m]
# name 8 = sbeox0ML/L: Oxygen, SBE 43 [ml/l], WS = 2
# name 9 = sal00: Salinity, Practical [PSU]
# name 10 = sal11: Salinity, Practical, 2 [PSU]
# name 11 = sigma-t00: Density [sigma-t, Kg/m^3 ]
# name 12 = svCM: Sound Velocity [Chen-Millero, m/s]
# name 13 = avgsvCM: Average Sound Velocity [Chen-Millero, m/s], minP = 1, minS = 5
# name 14 = flag: flag
# span 0 =        625,      12450       
# span 1 =      4.000,    456.000       
# span 2 =     7.9114,    14.6151       
# span 3 =     7.9120,    14.6153       
# span 4 =   3.567481,   3.886621       
# span 5 =   3.565718,   3.889347       
# span 6 =     1.5458,     2.5961       
# span 7 =      12.93,     102.82       
# span 8 =    3.11347,    5.41455       
# span 9 =    28.9700,    35.0769       
# span 10 =    28.9576,    35.1031      
# span 11 =    21.4635,    27.3045      
# span 12 =    1483.25,    1501.49      
# span 13 =    1488.20,    1500.50      
# span 14 = 0.0000e+00, 0.0000e+00      
# interval = decibars: 1                
# start_time = Oct 05 2014 13:05:11 [System UTC, header]
# bad_flag = -9.990e-29
*END*
[from data line 193]
       5279    197.000     8.1097     8.1101   3.641762   3.644155     1.7192      98.92    3.53315    35.0173    35.0425    27.2712    1486.14    1488.71 0.0000e+00
       5303    198.000     8.1103     8.1106   3.641884   3.644269     1.7189      98.92    3.53435    35.0175    35.0427    27.2713    1486.16    1488.70 0.0000e+00
       5327    199.000     8.1143     8.1148   3.642409   3.644825     1.7188      98.92    3.53582    35.0186    35.0440    27.2716    1486.19    1488.68 0.0000e+00
       5350    200.000     8.1174     8.1178   3.642840   3.645228     1.7189      98.92    3.53593    35.0197    35.0448    27.2719    1486.22    1488.67 0.0000e+00
       5374    201.000     8.1165     8.1167   3.642825   3.645216     1.7186      98.92    3.52702    35.0199    35.0453    27.2722    1486.24    1488.66 0.0000e+00
       5397    202.000     8.1161     8.1165   3.642851   3.645245     1.7172      98.93    3.51846    35.0201    35.0454    27.2725    1486.25    1488.65 0.0000e+00
       5421    203.000     8.1154     8.1158   3.642849   3.645246     1.7158      98.93    3.51525    35.0203    35.0456    27.2727    1486.26    1488.64 0.0000e+00
       5445    204.000     8.1152     8.1155   3.642890   3.645282     1.7147      98.92    3.51569    35.0205    35.0458    27.2729    1486.28    1488.62 0.0000e+00
       5468    205.000     8.1161     8.1164   3.643068   3.645457     1.7134      84.05    3.50749    35.0210    35.0463    27.2731    1486.30    1488.61 0.0000e+00
       5492    206.000     8.1207     8.1209   3.643677   3.646065     1.7125      71.16    3.52326    35.0224    35.0478    27.2736    1486.34    1488.60 0.0000e+00
       5516    207.000     8.1248     8.1253   3.644232   3.646624     1.7130      98.78    3.51835    35.0238    35.0489    27.2740    1486.37    1488.59 0.0000e+00
       5540    208.000     8.1259     8.1264   3.644396   3.646807     1.7121      91.73    3.50136    35.0240    35.0493    27.2740    1486.39    1488.58 0.0000e+00
       5563    209.000     8.1280     8.1283   3.644705   3.647098     1.7100      78.54    3.50110    35.0247    35.0500    27.2743    1486.42    1488.57 0.0000e+00
       5587    210.000     8.1328     8.1331   3.645345   3.647725     1.7090      98.60    3.49323    35.0263    35.0515    27.2748    1486.45    1488.56 0.0000e+00
       5610    211.000     8.1347     8.1351   3.645599   3.648010     1.7068      97.46    3.48442    35.0266    35.0520    27.2748    1486.48    1488.55 0.0000e+00
       5634    212.000     8.1375     8.1377   3.645993   3.648380     1.7050      90.13    3.47910    35.0276    35.0529    27.2751    1486.51    1488.54 0.0000e+00
       5657    213.000     8.1378     8.1383   3.646089   3.648492     1.7028      98.81    3.47416    35.0278    35.0530    27.2752    1486.52    1488.53 0.0000e+00
       5681    214.000     8.1374     8.1378   3.646108   3.648508     1.7011      98.88    3.47147    35.0279    35.0532    27.2754    1486.54    1488.52 0.0000e+00
       5705    215.000     8.1380     8.1386   3.646264   3.648679     1.6994      98.23    3.47305    35.0285    35.0538    27.2757    1486.56    1488.51 0.0000e+00
       5729    216.000     8.1390     8.1395   3.646451   3.648865     1.6988      98.93    3.47763    35.0290    35.0544    27.2760    1486.58    1488.50 0.0000e+00
       5753    217.000     8.1390     8.1395   3.646521   3.648935     1.6984      98.92    3.47629    35.0293    35.0546    27.2762    1486.60    1488.49 0.0000e+00
       5776    218.000     8.1386     8.1391   3.646523   3.648935     1.6976      98.92    3.47215    35.0292    35.0545    27.2762    1486.61    1488.49 0.0000e+00
       5801    219.000     8.1407     8.1409   3.646843   3.649218     1.6971      98.93    3.47496    35.0301    35.0553    27.2766    1486.64    1488.48 0.0000e+00
       5825    220.000     8.1449     8.1452   3.647388   3.649781     1.6965      98.92    3.47154    35.0312    35.0565    27.2768    1486.67    1488.47 0.0000e+00
       5849    221.000     8.1465     8.1467   3.647625   3.650015     1.6960      98.92    3.47141    35.0317    35.0571    27.2769    1486.69    1488.46 0.0000e+00
       5873    222.000     8.1487     8.1490   3.647949   3.650347     1.6956      98.92    3.47015    35.0325    35.0578    27.2772    1486.72    1488.45 0.0000e+00
       5897    223.000     8.1501     8.1505   3.648169   3.650568     1.6950      98.92    3.46732    35.0330    35.0582    27.2774    1486.74    1488.45 0.0000e+00
       5921    224.000     8.1523     8.1527   3.648477   3.650891     1.6944      98.92    3.46663    35.0336    35.0590    27.2775    1486.77    1488.44 0.0000e+00
       5946    225.000     8.1531     8.1535   3.648608   3.651019     1.6935      98.93    3.44772    35.0337    35.0591    27.2775    1486.79    1488.43 0.0000e+00
       5970    226.000     8.1534     8.1537   3.648686   3.651089     1.6896      98.93    3.42328    35.0338    35.0592    27.2775    1486.80    1488.42 0.0000e+00
       5995    227.000     8.1539     8.1543   3.648798   3.651209     1.6872      96.52    3.43796    35.0340    35.0594    27.2776    1486.82    1488.42 0.0000e+00
       6020    228.000     8.1554     8.1558   3.649026   3.651433     1.6863      41.13    3.45603    35.0344    35.0598    27.2777    1486.84    1488.41 0.0000e+00
       6043    229.000     8.1562     8.1566   3.649172   3.651576     1.6878      99.01    3.46435    35.0347    35.0600    27.2778    1486.86    1488.40 0.0000e+00
       6067    230.000     8.1575     8.1579   3.649398   3.651799     1.6885      98.71    3.45998    35.0354    35.0606    27.2781    1486.89    1488.40 0.0000e+00
       6090    231.000     8.1584     8.1587   3.649550   3.651951     1.6885      55.48    3.46332    35.0356    35.0610    27.2782    1486.91    1488.39 0.0000e+00
       6114    232.000     8.1589     8.1593   3.649654   3.652082     1.6893      98.16    3.46014    35.0357    35.0613    27.2782    1486.92    1488.38 0.0000e+00
       6138    233.000     8.1612     8.1613   3.649972   3.652372     1.6887      98.92    3.44417    35.0364    35.0619    27.2784    1486.95    1488.38 0.0000e+00
       6162    234.000     8.1630     8.1633   3.650260   3.652660     1.6867      74.19    3.44967    35.0372    35.0625    27.2787    1486.97    1488.37 0.0000e+00
       6186    235.000     8.1643     8.1647   3.650478   3.652872     1.6877      99.21    3.45967    35.0377    35.0629    27.2790    1487.00    1488.37 0.0000e+00
       6210    236.000     8.1650     8.1653   3.650615   3.653033     1.6874      98.92    3.45120    35.0380    35.0635    27.2791    1487.02    1488.36 0.0000e+00
       6234    237.000     8.1650     8.1652   3.650669   3.653065     1.6868      98.92    3.45087    35.0381    35.0635    27.2791    1487.03    1488.35 0.0000e+00
       6258    238.000     8.1649     8.1653   3.650709   3.653120     1.6866      98.92    3.45254    35.0381    35.0635    27.2792    1487.05    1488.35 0.0000e+00
       6282    239.000     8.1651     8.1653   3.650772   3.653175     1.6865      98.92    3.45355    35.0381    35.0636    27.2792    1487.07    1488.34 0.0000e+00
       6306    240.000     8.1664     8.1667   3.650993   3.653407     1.6862      98.92    3.45314    35.0387    35.0642    27.2794    1487.09    1488.34 0.0000e+00
       6330    241.000     8.1694     8.1698   3.651422   3.653845     1.6865      98.92    3.45360    35.0398    35.0653    27.2798    1487.12    1488.33 0.0000e+00
       6355    242.000     8.1704     8.1708   3.651590   3.653994     1.6856      98.92    3.43785    35.0401    35.0654    27.2799    1487.14    1488.33 0.0000e+00
       6379    243.000     8.1697     8.1699   3.651566   3.653951     1.6838      98.92    3.43327    35.0401    35.0654    27.2800    1487.15    1488.32 0.0000e+00
       6403    244.000     8.1668     8.1671   3.651324   3.653737     1.6825      55.23    3.44536    35.0399    35.0654    27.2803    1487.16    1488.32 0.0000e+00
       6427    245.000     8.1674     8.1681   3.651461   3.653898     1.6840      99.02    3.45512    35.0403    35.0657    27.2805    1487.18    1488.31 0.0000e+00
       6451    246.000     8.1689     8.1693   3.651680   3.654093     1.6836      98.92    3.44205    35.0407    35.0661    27.2806    1487.20    1488.31 0.0000e+00
       6475    247.000     8.1693     8.1694   3.651780   3.654180     1.6825      78.14    3.44315    35.0409    35.0664    27.2807    1487.22    1488.31 0.0000e+00
       6499    248.000     8.1692     8.1696   3.651832   3.654247     1.6833      99.16    3.45460    35.0410    35.0665    27.2808    1487.23    1488.30 0.0000e+00
       6523    249.000     8.1697     8.1701   3.651950   3.654366     1.6833      98.92    3.44504    35.0413    35.0667    27.2810    1487.25    1488.30 0.0000e+00
       6547    250.000     8.1705     8.1709   3.652109   3.654517     1.6826      98.92    3.44224    35.0417    35.0671    27.2812    1487.27    1488.29 0.0000e+00
       6571    251.000     8.1719     8.1722   3.652327   3.654733     1.6821      98.92    3.43955    35.0422    35.0676    27.2813    1487.29    1488.29 0.0000e+00
       6596    252.000     8.1737     8.1742   3.652590   3.655004     1.6814      98.92    3.43984    35.0427    35.0680    27.2815    1487.32    1488.28 0.0000e+00
       6620    253.000     8.1767     8.1771   3.653016   3.655443     1.6814      98.92    3.44214    35.0438    35.0693    27.2819    1487.35    1488.28 0.0000e+00
       6645    254.000     8.1776     8.1779   3.653188   3.655600     1.6803      40.96    3.44091    35.0443    35.0697    27.2821    1487.37    1488.28 0.0000e+00
       6669    255.000     8.1767     8.1771   3.653155   3.655566     1.6818      94.46    3.45686    35.0443    35.0697    27.2823    1487.38    1488.27 0.0000e+00
       6693    256.000     8.1775     8.1778   3.653331   3.655736     1.6820      98.90    3.44399    35.0449    35.0703    27.2826    1487.40    1488.27 0.0000e+00
       6718    257.000     8.1779     8.1783   3.653429   3.655847     1.6808      59.97    3.43962    35.0451    35.0705    27.2827    1487.42    1488.27 0.0000e+00
       6742    258.000     8.1779     8.1783   3.653484   3.655901     1.6817      97.59    3.45502    35.0452    35.0706    27.2828    1487.44    1488.26 0.0000e+00
       6767    259.000     8.1781     8.1784   3.653565   3.655976     1.6821      98.90    3.44959    35.0454    35.0709    27.2829    1487.45    1488.26 0.0000e+00
       6791    260.000     8.1786     8.1790   3.653720   3.656131     1.6818      85.21    3.45036    35.0461    35.0714    27.2833    1487.47    1488.26 0.0000e+00
       6815    261.000     8.1805     8.1808   3.654065   3.656483     1.6824      98.76    3.45333    35.0474    35.0729    27.2841    1487.50    1488.25 0.0000e+00
       6839    262.000     8.1815     8.1819   3.654297   3.656706     1.6823      98.92    3.45011    35.0484    35.0737    27.2847    1487.52    1488.25 0.0000e+00
       6864    263.000     8.1818     8.1821   3.654381   3.656804     1.6821      98.93    3.44564    35.0485    35.0741    27.2848    1487.54    1488.25 0.0000e+00
       6888    264.000     8.1824     8.1827   3.654565   3.656982     1.6814      98.92    3.44702    35.0494    35.0749    27.2854    1487.56    1488.25 0.0000e+00
       6912    265.000     8.1833     8.1837   3.654748   3.657163     1.6819      98.92    3.45598    35.0500    35.0754    27.2857    1487.58    1488.24 0.0000e+00
       6936    266.000     8.1843     8.1846   3.654944   3.657362     1.6822      98.93    3.45044    35.0506    35.0761    27.2860    1487.60    1488.24 0.0000e+00
       6960    267.000     8.1846     8.1850   3.655096   3.657517     1.6815      49.33    3.45166    35.0514    35.0769    27.2866    1487.62    1488.24 0.0000e+00
       6984    268.000     8.1849     8.1853   3.655241   3.657666     1.6830      91.37    3.46673    35.0522    35.0777    27.2872    1487.64    1488.24 0.0000e+00
       7009    269.000     8.1850     8.1854   3.655337   3.657753     1.6833      98.95    3.45432    35.0526    35.0780    27.2875    1487.65    1488.23 0.0000e+00
       7033    270.000     8.1850     8.1852   3.655450   3.657865     1.6826      72.96    3.45368    35.0534    35.0790    27.2881    1487.67    1488.23 0.0000e+00
       7057    271.000     8.1851     8.1856   3.655561   3.657985     1.6835      94.93    3.46534    35.0540    35.0794    27.2886    1487.69    1488.23 0.0000e+00
       7081    272.000     8.1852     8.1856   3.655679   3.658096     1.6835      98.87    3.44644    35.0546    35.0801    27.2891    1487.71    1488.23 0.0000e+00
       7106    273.000     8.1853     8.1856   3.655786   3.658218     1.6814      94.04    3.43624    35.0552    35.0809    27.2895    1487.72    1488.23 0.0000e+00
       7130    274.000     8.1855     8.1859   3.655902   3.658332     1.6805      97.99    3.44965    35.0558    35.0813    27.2899    1487.74    1488.23 0.0000e+00
       7154    275.000     8.1856     8.1860   3.655975   3.658392     1.6810      98.88    3.45414    35.0560    35.0814    27.2901    1487.76    1488.22 0.0000e+00
       7178    276.000     8.1857     8.1861   3.656080   3.658502     1.6808      98.92    3.45139    35.0565    35.0820    27.2905    1487.78    1488.22 0.0000e+00
       7202    277.000     8.1857     8.1861   3.656224   3.658647     1.6809      98.92    3.45451    35.0576    35.0831    27.2913    1487.79    1488.22 0.0000e+00
       7226    278.000     8.1857     8.1861   3.656304   3.658726     1.6812      98.92    3.45662    35.0579    35.0834    27.2916    1487.81    1488.22 0.0000e+00
       7250    279.000     8.1856     8.1860   3.656386   3.658808     1.6813      98.92    3.45294    35.0584    35.0839    27.2920    1487.83    1488.22 0.0000e+00
       7275    280.000     8.1855     8.1858   3.656529   3.658951     1.6808      98.92    3.44618    35.0596    35.0852    27.2929    1487.84    1488.22 0.0000e+00
       7299    281.000     8.1855     8.1859   3.656632   3.659051     1.6799      98.92    3.44309    35.0602    35.0857    27.2934    1487.86    1488.21 0.0000e+00
       7323    282.000     8.1856     8.1859   3.656713   3.659141     1.6789      98.92    3.43641    35.0605    35.0861    27.2936    1487.88    1488.21 0.0000e+00
       7347    283.000     8.1856     8.1861   3.656786   3.659209     1.6776      98.92    3.43259    35.0608    35.0862    27.2938    1487.90    1488.21 0.0000e+00
       7371    284.000     8.1858     8.1862   3.656852   3.659271     1.6758      62.60    3.42907    35.0608    35.0863    27.2938    1487.91    1488.21 0.0000e+00
       7396    285.000     8.1859     8.1862   3.656914   3.659344     1.6760      87.27    3.44644    35.0609    35.0866    27.2939    1487.93    1488.21 0.0000e+00
       7420    286.000     8.1858     8.1863   3.656997   3.659434     1.6762      98.85    3.44087    35.0614    35.0869    27.2943    1487.95    1488.21 0.0000e+00
       7444    287.000     8.1857     8.1861   3.657094   3.659519     1.6754      71.50    3.43764    35.0621    35.0876    27.2948    1487.96    1488.21 0.0000e+00
       7468    288.000     8.1857     8.1860   3.657199   3.659624     1.6762      87.67    3.44803    35.0627    35.0883    27.2953    1487.98    1488.21 0.0000e+00
       7493    289.000     8.1853     8.1857   3.657345   3.659755     1.6757      93.90    3.42999    35.0642    35.0895    27.2965    1488.00    1488.21 0.0000e+00
       7517    290.000     8.1853     8.1856   3.657432   3.659850     1.6734      79.72    3.40959    35.0646    35.0902    27.2969    1488.01    1488.21 0.0000e+00
       7541    291.000     8.1852     8.1856   3.657502   3.659925     1.6710      94.08    3.40305    35.0650    35.0905    27.2972    1488.03    1488.21 0.0000e+00
       7565    292.000     8.1854     8.1857   3.657562   3.660003     1.6679      98.78    3.39184    35.0650    35.0907    27.2971    1488.05    1488.21 0.0000e+00
