_data/ctd/2014/sta0389_2014.cnv
* Sea-Bird SBE 9 Data File:
* FileName = C:\Seabird\CTDData\sta0389.hex
* Software Version Seasave V 7.21f
* Temperature SN = 1527
* Conductivity SN = 1827
* Number of Bytes Per Scan = 34
* Number of Voltage Words = 3
* Number of Scans Averaged by the Deck Unit = 1
* NMEA Latitude = 60 52.41 N
* NMEA Longitude = 005 23.20 E
* NMEA UTC (Time) = Oct 05 2014 15:10:13
* NMEA baud rate = 4800
** Ship: 10  F/F G.O. Sars
** Station: 389
** Echodepth: 452.65
** Log: 8745.367
** wind-dir Force: 29 01
** Air temp (dry): 17
** weather sky: 2 8
** sea ice: 3 0
# nquan = 15                                
# nvalues = 457                         
# units = specified
# name 0 = scan: Scan Count
# name 1 = prDM: Pressure, Digiquartz [db]
# name 2 = t068C: Temperature [ITS-68, deg C]
# name 3 = t168C: Temperature, 2 [ITS-68, deg C]
# name 4 = c0S/m: Conductivity [S/m]
# name 5 = c1S/m: Conductivity, 2 [S/m]
# name 6 = sbeox0V: Oxygen raw, SBE 43 [V]
# name 7 = altM: Altimeter [m]
# name 8 = sbeox0ML/L: Oxygen, SBE 43 [ml/l], WS = 2
# name 9 = sal00: Salinity, Practical [PSU]
# name 10 = sal11: Salinity, Practical, 2 [PSU]
# name 11 = sigma-t00: Density [sigma-t, Kg/m^3 ]
# name 12 = svCM: Sound Velocity [Chen-Millero, m/s]
# name 13 = avgsvCM: Average Sound Velocity [Chen-Millero, m/s], minP = 1, minS = 5
# name 14 = flag: flag
# span 0 =        429,      13484       
# span 1 =      3.000,    459.000       
# span 2 =     7.9165,    14.6095       
# span 3 =     7.9172,    14.6089       
# span 4 =   3.451311,   3.883473       
# span 5 =   3.451522,   3.886128       
# span 6 =     1.5365,     2.6326       
# span 7 =      12.98,      99.73       
# span 8 =    3.09954,    5.56099       
# span 9 =    28.0235,    35.0771       
# span 10 =    28.0269,    35.1034      
# span 11 =    20.7616,    27.3044      
# span 12 =    1483.21,    1501.45      
# span 13 =    1488.27,    1500.44      
# span 14 = 0.0000e+00, 0.0000e+00      
# interval = decibars: 1                
# start_time = Oct 05 2014 15:10:15 [System UTC, header]
# bad_flag = -9.990e-29
*END*
[from data line 290]
       7413    293.000     8.1852     8.1855   3.657666   3.660132     1.6636      76.88    3.38381    35.0658    35.0918    27.2978    1488.07    1488.28 0.0000e+00
       7437    294.000     8.1852     8.1855   3.657748   3.660213     1.6619      80.74    3.39540    35.0662    35.0922    27.2981    1488.08    1488.27 0.0000e+00
       7461    295.000     8.1851     8.1854   3.657870   3.660329     1.6607      60.24    3.38838    35.0671    35.0931    27.2989    1488.10    1488.27 0.0000e+00
       7485    296.000     8.1851     8.1853   3.657964   3.660435     1.6601      93.85    3.38536    35.0676    35.0938    27.2993    1488.12    1488.27 0.0000e+00
       7510    297.000     8.1850     8.1854   3.658021   3.660493     1.6573      98.93    3.35592    35.0679    35.0939    27.2995    1488.13    1488.27 0.0000e+00
       7534    298.000     8.1852     8.1854   3.658093   3.660563     1.6529      82.44    3.33813    35.0680    35.0941    27.2995    1488.15    1488.27 0.0000e+00
       7558    299.000     8.1852     8.1855   3.658174   3.660644     1.6497      96.80    3.33652    35.0683    35.0944    27.2998    1488.17    1488.27 0.0000e+00
       7582    300.000     8.1852     8.1855   3.658268   3.660726     1.6459      98.90    3.32484    35.0689    35.0948    27.3002    1488.18    1488.27 0.0000e+00
       7606    301.000     8.1851     8.1854   3.658365   3.660830     1.6426      98.93    3.31518    35.0695    35.0956    27.3008    1488.20    1488.27 0.0000e+00
       7631    302.000     8.1851     8.1855   3.658440   3.660912     1.6390      98.93    3.30510    35.0698    35.0958    27.3010    1488.22    1488.27 0.0000e+00
       7655    303.000     8.1853     8.1855   3.658513   3.660978     1.6357      98.93    3.30357    35.0699    35.0961    27.3011    1488.24    1488.27 0.0000e+00
       7679    304.000     8.1854     8.1856   3.658579   3.661037     1.6337      98.92    3.30737    35.0701    35.0961    27.3012    1488.25    1488.27 0.0000e+00
       7702    305.000     8.1853     8.1857   3.658645   3.661107     1.6318      57.72    3.30254    35.0704    35.0963    27.3014    1488.27    1488.27 0.0000e+00
       7726    306.000     8.1854     8.1857   3.658716   3.661180     1.6310      78.33    3.31548    35.0706    35.0966    27.3015    1488.29    1488.27 0.0000e+00
       7750    307.000     8.1855     8.1858   3.658806   3.661276     1.6306      98.73    3.30302    35.0710    35.0970    27.3018    1488.30    1488.27 0.0000e+00
       7774    308.000     8.1854     8.1857   3.658880   3.661344     1.6281      78.34    3.28351    35.0714    35.0974    27.3022    1488.32    1488.27 0.0000e+00
       7797    309.000     8.1854     8.1857   3.658967   3.661433     1.6263      84.39    3.29658    35.0718    35.0979    27.3025    1488.34    1488.27 0.0000e+00
       7821    310.000     8.1855     8.1858   3.659033   3.661493     1.6257      98.87    3.29423    35.0719    35.0979    27.3026    1488.35    1488.27 0.0000e+00
       7845    311.000     8.1856     8.1858   3.659089   3.661564     1.6245      91.56    3.28839    35.0720    35.0982    27.3026    1488.37    1488.27 0.0000e+00
       7869    312.000     8.1855     8.1859   3.659171   3.661640     1.6237      91.46    3.29233    35.0725    35.0984    27.3030    1488.39    1488.27 0.0000e+00
       7892    313.000     8.1856     8.1859   3.659228   3.661693     1.6229      98.92    3.28304    35.0725    35.0985    27.3030    1488.40    1488.27 0.0000e+00
       7916    314.000     8.1856     8.1860   3.659284   3.661750     1.6213      98.93    3.27969    35.0726    35.0985    27.3031    1488.42    1488.27 0.0000e+00
       7940    315.000     8.1857     8.1860   3.659350   3.661815     1.6203      98.93    3.28227    35.0727    35.0988    27.3032    1488.44    1488.27 0.0000e+00
       7964    316.000     8.1858     8.1860   3.659426   3.661888     1.6200      98.92    3.29135    35.0730    35.0991    27.3034    1488.46    1488.27 0.0000e+00
       7988    317.000     8.1859     8.1862   3.659489   3.661959     1.6207      98.93    3.29885    35.0731    35.0991    27.3034    1488.47    1488.28 0.0000e+00
       8012    318.000     8.1860     8.1863   3.659552   3.662014     1.6211      98.92    3.29332    35.0732    35.0991    27.3035    1488.49    1488.28 0.0000e+00
       8035    319.000     8.1860     8.1864   3.659613   3.662084     1.6207      98.92    3.28338    35.0733    35.0993    27.3036    1488.51    1488.28 0.0000e+00
       8059    320.000     8.1861     8.1864   3.659669   3.662146     1.6193      93.90    3.27062    35.0733    35.0995    27.3036    1488.52    1488.28 0.0000e+00
       8083    321.000     8.1862     8.1865   3.659731   3.662210     1.6176      60.66    3.27981    35.0734    35.0996    27.3037    1488.54    1488.28 0.0000e+00
       8107    322.000     8.1864     8.1866   3.659787   3.662261     1.6179      99.10    3.28290    35.0733    35.0996    27.3036    1488.56    1488.28 0.0000e+00
       8130    323.000     8.1864     8.1867   3.659854   3.662319     1.6172      98.42    3.27377    35.0736    35.0996    27.3038    1488.57    1488.28 0.0000e+00
       8154    324.000     8.1866     8.1868   3.659909   3.662385     1.6162      88.01    3.27632    35.0735    35.0997    27.3037    1488.59    1488.28 0.0000e+00
       8178    325.000     8.1866     8.1869   3.659970   3.662445     1.6161      98.87    3.27971    35.0737    35.0998    27.3038    1488.61    1488.28 0.0000e+00
       8202    326.000     8.1867     8.1870   3.660032   3.662503     1.6157      98.65    3.27715    35.0737    35.0998    27.3038    1488.62    1488.28 0.0000e+00
       8225    327.000     8.1868     8.1871   3.660082   3.662562     1.6154      98.92    3.27578    35.0737    35.0999    27.3038    1488.64    1488.28 0.0000e+00
       8249    328.000     8.1870     8.1873   3.660154   3.662629     1.6149      98.92    3.27279    35.0738    35.0999    27.3038    1488.66    1488.29 0.0000e+00
       8273    329.000     8.1870     8.1873   3.660203   3.662679     1.6141      98.93    3.26940    35.0738    35.1000    27.3039    1488.67    1488.29 0.0000e+00
       8297    330.000     8.1872     8.1875   3.660261   3.662733     1.6133      98.93    3.26678    35.0738    35.0999    27.3038    1488.69    1488.29 0.0000e+00
       8321    331.000     8.1873     8.1875   3.660317   3.662792     1.6125      98.92    3.26505    35.0738    35.1000    27.3038    1488.71    1488.29 0.0000e+00
       8345    332.000     8.1874     8.1877   3.660362   3.662843     1.6115      98.92    3.25701    35.0737    35.0999    27.3037    1488.73    1488.29 0.0000e+00
       8369    333.000     8.1875     8.1877   3.660424   3.662898     1.6100      55.63    3.26213    35.0738    35.1000    27.3038    1488.74    1488.29 0.0000e+00
       8392    334.000     8.1875     8.1879   3.660478   3.662954     1.6107      98.65    3.27088    35.0739    35.0999    27.3038    1488.76    1488.29 0.0000e+00
       8416    335.000     8.1875     8.1880   3.660529   3.663006     1.6104      98.92    3.26597    35.0740    35.0999    27.3039    1488.78    1488.29 0.0000e+00
       8440    336.000     8.1878     8.1880   3.660597   3.663063     1.6099      82.97    3.26596    35.0739    35.1000    27.3038    1488.79    1488.30 0.0000e+00
       8464    337.000     8.1879     8.1882   3.660649   3.663123     1.6103      98.93    3.27134    35.0739    35.1000    27.3038    1488.81    1488.30 0.0000e+00
       8487    338.000     8.1880     8.1883   3.660694   3.663172     1.6103      98.92    3.26960    35.0738    35.0999    27.3037    1488.83    1488.30 0.0000e+00
       8511    339.000     8.1881     8.1883   3.660756   3.663232     1.6101      98.93    3.26831    35.0739    35.1001    27.3037    1488.84    1488.30 0.0000e+00
       8535    340.000     8.1882     8.1885   3.660820   3.663291     1.6102      98.92    3.26820    35.0740    35.1001    27.3038    1488.86    1488.30 0.0000e+00
       8558    341.000     8.1883     8.1886   3.660876   3.663368     1.6098      98.92    3.26449    35.0740    35.1003    27.3038    1488.88    1488.30 0.0000e+00
       8582    342.000     8.1885     8.1887   3.660936   3.663413     1.6091      98.93    3.25699    35.0740    35.1002    27.3037    1488.89    1488.31 0.0000e+00
       8606    343.000     8.1885     8.1888   3.660993   3.663467     1.6075      52.89    3.24603    35.0741    35.1002    27.3038    1488.91    1488.31 0.0000e+00
       8630    344.000     8.1886     8.1889   3.661055   3.663532     1.6066      79.33    3.25844    35.0742    35.1003    27.3039    1488.93    1488.31 0.0000e+00
       8654    345.000     8.1887     8.1891   3.661115   3.663595     1.6063      99.00    3.25542    35.0742    35.1003    27.3039    1488.95    1488.31 0.0000e+00
       8677    346.000     8.1888     8.1891   3.661173   3.663653     1.6055      71.16    3.24935    35.0743    35.1004    27.3039    1488.96    1488.31 0.0000e+00
       8701    347.000     8.1889     8.1892   3.661234   3.663700     1.6051      85.16    3.25891    35.0743    35.1004    27.3040    1488.98    1488.32 0.0000e+00
       8725    348.000     8.1889     8.1894   3.661284   3.663760     1.6050      98.91    3.25171    35.0744    35.1003    27.3040    1489.00    1488.32 0.0000e+00
       8749    349.000     8.1890     8.1894   3.661342   3.663829     1.6040      91.94    3.24879    35.0744    35.1006    27.3040    1489.01    1488.32 0.0000e+00
       8773    350.000     8.1892     8.1895   3.661399   3.663873     1.6037      87.71    3.24929    35.0744    35.1005    27.3040    1489.03    1488.32 0.0000e+00
       8796    351.000     8.1893     8.1897   3.661441   3.663926     1.6032      83.03    3.25589    35.0742    35.1004    27.3038    1489.05    1488.32 0.0000e+00
       8820    352.000     8.1895     8.1898   3.661511   3.663993     1.6038      98.98    3.25748    35.0743    35.1005    27.3039    1489.06    1488.33 0.0000e+00
       8844    353.000     8.1896     8.1899   3.661574   3.664052     1.6033      98.23    3.24752    35.0744    35.1006    27.3039    1489.08    1488.33 0.0000e+00
       8868    354.000     8.1896     8.1900   3.661631   3.664111     1.6028      95.57    3.25004    35.0745    35.1006    27.3040    1489.10    1488.33 0.0000e+00
       8891    355.000     8.1898     8.1901   3.661688   3.664173     1.6023      98.94    3.24611    35.0745    35.1007    27.3039    1489.11    1488.33 0.0000e+00
       8915    356.000     8.1899     8.1902   3.661750   3.664231     1.6013      83.35    3.23253    35.0746    35.1007    27.3040    1489.13    1488.33 0.0000e+00
       8939    357.000     8.1900     8.1902   3.661807   3.664275     1.5995      50.08    3.23742    35.0746    35.1007    27.3040    1489.15    1488.34 0.0000e+00
       8962    358.000     8.1901     8.1904   3.661865   3.664346     1.5991      98.59    3.23699    35.0746    35.1008    27.3040    1489.17    1488.34 0.0000e+00
       8986    359.000     8.1902     8.1905   3.661922   3.664402     1.5983      92.49    3.22846    35.0747    35.1008    27.3040    1489.18    1488.34 0.0000e+00
       9010    360.000     8.1904     8.1906   3.661982   3.664454     1.5967      68.48    3.23240    35.0746    35.1008    27.3040    1489.20    1488.34 0.0000e+00
       9034    361.000     8.1904     8.1908   3.662038   3.664523     1.5968      99.30    3.23496    35.0747    35.1009    27.3041    1489.22    1488.35 0.0000e+00
       9058    362.000     8.1905     8.1908   3.662088   3.664578     1.5960      98.59    3.22669    35.0747    35.1010    27.3040    1489.23    1488.35 0.0000e+00
       9082    363.000     8.1907     8.1910   3.662155   3.664624     1.5949      92.59    3.21824    35.0747    35.1008    27.3040    1489.25    1488.35 0.0000e+00
       9105    364.000     8.1907     8.1910   3.662204   3.664681     1.5932      67.82    3.22128    35.0748    35.1009    27.3040    1489.27    1488.35 0.0000e+00
       9129    365.000     8.1909     8.1912   3.662254   3.664748     1.5933      99.04    3.23121    35.0746    35.1010    27.3039    1489.28    1488.36 0.0000e+00
       9153    366.000     8.1910     8.1913   3.662315   3.664799     1.5931      98.92    3.22720    35.0747    35.1009    27.3039    1489.30    1488.36 0.0000e+00
       9176    367.000     8.1910     8.1914   3.662373   3.664852     1.5929      91.81    3.22768    35.0749    35.1009    27.3041    1489.32    1488.36 0.0000e+00
       9200    368.000     8.1912     8.1915   3.662434   3.664912     1.5926      98.53    3.22614    35.0748    35.1010    27.3040    1489.33    1488.36 0.0000e+00
       9224    369.000     8.1913     8.1916   3.662493   3.664963     1.5923      98.93    3.22428    35.0749    35.1010    27.3040    1489.35    1488.37 0.0000e+00
       9247    370.000     8.1914     8.1916   3.662538   3.665025     1.5918      98.92    3.21684    35.0748    35.1011    27.3039    1489.37    1488.37 0.0000e+00
       9271    371.000     8.1916     8.1918   3.662600   3.665087     1.5903      49.25    3.21824    35.0748    35.1011    27.3039    1489.39    1488.37 0.0000e+00
       9295    372.000     8.1916     8.1919   3.662659   3.665150     1.5911      99.15    3.22975    35.0749    35.1012    27.3040    1489.40    1488.37 0.0000e+00
       9318    373.000     8.1917     8.1921   3.662706   3.665201     1.5907      98.92    3.21381    35.0749    35.1011    27.3039    1489.42    1488.38 0.0000e+00
       9342    374.000     8.1919     8.1922   3.662765   3.665254     1.5888      76.45    3.20651    35.0748    35.1011    27.3039    1489.44    1488.38 0.0000e+00
       9366    375.000     8.1918     8.1923   3.662824   3.665312     1.5882      62.18    3.21523    35.0751    35.1011    27.3041    1489.45    1488.38 0.0000e+00
       9390    376.000     8.1921     8.1924   3.662888   3.665376     1.5882      88.31    3.22101    35.0750    35.1012    27.3040    1489.47    1488.39 0.0000e+00
       9414    377.000     8.1921     8.1925   3.662957   3.665438     1.5882      98.83    3.21316    35.0752    35.1013    27.3042    1489.49    1488.39 0.0000e+00
       9437    378.000     8.1922     8.1926   3.663023   3.665511     1.5869      77.93    3.20210    35.0754    35.1015    27.3043    1489.50    1488.39 0.0000e+00
       9461    379.000     8.1923     8.1926   3.663082   3.665560     1.5858      92.06    3.19742    35.0754    35.1016    27.3043    1489.52    1488.39 0.0000e+00
       9485    380.000     8.1925     8.1927   3.663128   3.665615     1.5835      98.79    3.18592    35.0752    35.1016    27.3041    1489.54    1488.40 0.0000e+00
       9509    381.000     8.1926     8.1929   3.663188   3.665669     1.5821      98.60    3.19576    35.0753    35.1015    27.3042    1489.55    1488.40 0.0000e+00
       9533    382.000     8.1927     8.1930   3.663245   3.665731     1.5819      98.76    3.20228    35.0753    35.1015    27.3042    1489.57    1488.40 0.0000e+00
       9556    383.000     8.1928     8.1931   3.663296   3.665785     1.5819      98.92    3.19875    35.0753    35.1015    27.3041    1489.59    1488.41 0.0000e+00
       9580    384.000     8.1928     8.1932   3.663361   3.665848     1.5810      68.86    3.19188    35.0755    35.1016    27.3043    1489.60    1488.41 0.0000e+00
       9603    385.000     8.1930     8.1933   3.663411   3.665903     1.5808      83.00    3.20321    35.0754    35.1017    27.3042    1489.62    1488.41 0.0000e+00
       9627    386.000     8.1930     8.1933   3.663467   3.665958     1.5809      98.75    3.20107    35.0755    35.1018    27.3042    1489.64    1488.42 0.0000e+00
       9651    387.000     8.1932     8.1935   3.663518   3.666004     1.5807      91.66    3.19745    35.0754    35.1016    27.3041    1489.66    1488.42 0.0000e+00
