_data/ctd/2014/sta0389_2014.cnv
* Sea-Bird SBE 9 Data File:
* FileName = C:\Seabird\CTDData\sta0389.hex
* Software Version Seasave V 7.21f
* Temperature SN = 1527
* Conductivity SN = 1827
* Number of Bytes Per Scan = 34
* Number of Voltage Words = 3
* Number of Scans Averaged by the Deck Unit = 1
* NMEA Latitude = 60 52.41 N
* NMEA Longitude = 005 23.20 E
* NMEA UTC (Time) = Oct 05 2014 15:10:13
* NMEA baud rate = 4800
** Ship: 10  F/F G.O. Sars
** Station: 389
** Echodepth: 452.65
** Log: 8745.367
** wind-dir Force: 29 01
** Air temp (dry): 17
** weather sky: 2 8
** sea ice: 3 0
# nquan = 15                                
# nvalues = 457                         
# units = specified
# name 0 = scan: Scan Count
# name 1 = prDM: Pressure, Digiquartz [db]
# name 2 = t068C: Temperature [ITS-68, deg C]
# name 3 = t168C: Temperature, 2 [ITS-68, deg C]
# name 4 = c0S/m: Conductivity [S/m]
# name 5 = c1S/m: Conductivity, 2 [S/m]
# name 6 = sbeox0V: Oxygen raw, SBE 43 [V]
# name 7 = altM: Altimeter [m]
# name 8 = sbeox0ML/L: Oxygen, SBE 43 [ml/l], WS = 2
# name 9 = sal00: Salinity, Practical [PSU]
# name 10 = sal11: Salinity, Practical, 2 [PSU]
# name 11 = sigma-t00: Density [sigma-t, Kg/m^3 ]
# name 12 = svCM: Sound Velocity [Chen-Millero, m/s]
# name 13 = avgsvCM: Average Sound Velocity [Chen-Millero, m/s], minP = 1, minS = 5
# name 14 = flag: flag
# span 0 =        429,      13484       
# span 1 =      3.000,    459.000       
# span 2 =     7.9165,    14.6095       
# span 3 =     7.9172,    14.6089       
# span 4 =   3.451311,   3.883473       
# span 5 =   3.451522,   3.886128       
# span 6 =     1.5365,     2.6326       
# span 7 =      12.98,      99.73       
# span 8 =    3.09954,    5.56099       
# span 9 =    28.0235,    35.0771       
# span 10 =    28.0269,    35.1034      
# span 11 =    20.7616,    27.3044      
# span 12 =    1483.21,    1501.45      
# span 13 =    1488.27,    1500.44      
# span 14 = 0.0000e+00, 0.0000e+00      
# interval = decibars: 1                
# start_time = Oct 05 2014 15:10:15 [System UTC, header]
# bad_flag = -9.990e-29
*END*
[from data line 97]
       2789    100.000     7.9536     7.9543   3.605323   3.607832     1.9901      98.92    4.23100    34.8290    34.8553    27.1468    1483.72    1492.40 0.0000e+00
       2812    101.000     7.9165     7.9172   3.602056   3.604543     1.9849      98.92    4.24218    34.8303    34.8564    27.1534    1483.60    1492.32 0.0000e+00
       2836    102.000     7.9186     7.9188   3.602897   3.605393     1.9815      98.92    4.26573    34.8368    34.8634    27.1581    1483.63    1492.23 0.0000e+00
       2860    103.000     7.9238     7.9242   3.603694   3.606176     1.9836      98.81    4.33131    34.8397    34.8660    27.1596    1483.67    1492.15 0.0000e+00
       2884    104.000     7.9279     7.9280   3.604661   3.607150     1.9909      39.26    4.37148    34.8455    34.8722    27.1636    1483.71    1492.06 0.0000e+00
       2907    105.000     7.9380     7.9381   3.606337   3.608802     1.9972      98.76    4.36337    34.8530    34.8794    27.1680    1483.78    1491.99 0.0000e+00
       2931    106.000     7.9210     7.9214   3.605606   3.608060     2.0003      98.93    4.33748    34.8616    34.8876    27.1773    1483.74    1491.91 0.0000e+00
       2955    107.000     7.9208     7.9211   3.606237   3.608704     1.9985      68.66    4.31208    34.8681    34.8943    27.1824    1483.76    1491.83 0.0000e+00
       2979    108.000     7.9210     7.9212   3.606576   3.609037     1.9982      98.99    4.33261    34.8711    34.8973    27.1847    1483.78    1491.76 0.0000e+00
       3002    109.000     7.9271     7.9272   3.607793   3.610247     1.9996      98.93    4.34289    34.8776    34.9039    27.1889    1483.83    1491.68 0.0000e+00
       3026    110.000     7.9304     7.9306   3.608567   3.611031     2.0011      89.77    4.34723    34.8821    34.9084    27.1920    1483.87    1491.61 0.0000e+00
       3050    111.000     7.9326     7.9329   3.609379   3.611848     2.0020      99.10    4.33675    34.8882    34.9144    27.1964    1483.90    1491.54 0.0000e+00
       3074    112.000     7.9352     7.9353   3.610375   3.612816     2.0011      98.93    4.32052    34.8958    34.9220    27.2020    1483.93    1491.47 0.0000e+00
       3098    113.000     7.9352     7.9356   3.610874   3.613350     1.9994      98.93    4.31172    34.9007    34.9269    27.2059    1483.96    1491.41 0.0000e+00
       3122    114.000     7.9410     7.9408   3.611592   3.614015     1.9974      98.92    4.31485    34.9021    34.9284    27.2061    1484.00    1491.34 0.0000e+00
       3146    115.000     7.9421     7.9424   3.611837   3.614291     1.9977      98.92    4.32799    34.9032    34.9293    27.2068    1484.02    1491.28 0.0000e+00
       3170    116.000     7.9371     7.9373   3.611559   3.614005     1.9977      98.92    4.31614    34.9047    34.9308    27.2087    1484.02    1491.21 0.0000e+00
       3193    117.000     7.9255     7.9258   3.610667   3.613106     1.9953      49.41    4.30178    34.9062    34.9321    27.2116    1483.99    1491.15 0.0000e+00
       3217    118.000     7.9227     7.9229   3.610730   3.613171     1.9947      92.67    4.32193    34.9092    34.9353    27.2144    1484.00    1491.09 0.0000e+00
       3241    119.000     7.9238     7.9239   3.611210   3.613645     1.9955      98.88    4.33775    34.9128    34.9389    27.2171    1484.03    1491.03 0.0000e+00
       3265    120.000     7.9288     7.9289   3.612212   3.614652     1.9975      81.22    4.35394    34.9181    34.9442    27.2205    1484.07    1490.97 0.0000e+00
       3288    121.000     7.9405     7.9406   3.613886   3.616323     2.0013      95.23    4.36869    34.9239    34.9500    27.2233    1484.14    1490.92 0.0000e+00
       3312    122.000     7.9460     7.9463   3.614981   3.617431     2.0031      98.88    4.35127    34.9297    34.9558    27.2271    1484.18    1490.86 0.0000e+00
       3336    123.000     7.9491     7.9493   3.615702   3.618176     2.0029      98.92    4.32331    34.9339    34.9603    27.2299    1484.21    1490.81 0.0000e+00
       3360    124.000     7.9577     7.9584   3.617066   3.619602     1.9993      98.92    4.29546    34.9395    34.9660    27.2330    1484.27    1490.75 0.0000e+00
       3384    125.000     7.9670     7.9677   3.618370   3.620888     1.9955      98.92    4.28393    34.9437    34.9701    27.2349    1484.33    1490.70 0.0000e+00
       3408    126.000     7.9742     7.9745   3.619478   3.621941     1.9915      98.92    4.26117    34.9479    34.9741    27.2372    1484.38    1490.65 0.0000e+00
       3431    127.000     7.9812     7.9813   3.620586   3.623044     1.9857      98.93    4.22882    34.9524    34.9787    27.2396    1484.42    1490.60 0.0000e+00
       3455    128.000     7.9867     7.9870   3.621450   3.623906     1.9786      98.92    4.20181    34.9557    34.9818    27.2414    1484.47    1490.55 0.0000e+00
       3479    129.000     7.9907     7.9908   3.622015   3.624447     1.9715      98.93    4.17573    34.9573    34.9833    27.2420    1484.50    1490.51 0.0000e+00
       3503    130.000     7.9974     7.9974   3.622991   3.625414     1.9628      79.97    4.13878    34.9606    34.9866    27.2436    1484.55    1490.46 0.0000e+00
       3527    131.000     8.0033     8.0035   3.623833   3.626278     1.9547      74.00    4.13453    34.9632    34.9893    27.2448    1484.59    1490.42 0.0000e+00
       3551    132.000     8.0120     8.0123   3.625057   3.627525     1.9482      99.09    4.11201    34.9672    34.9934    27.2466    1484.64    1490.37 0.0000e+00
       3575    133.000     8.0202     8.0205   3.626148   3.628607     1.9402      90.52    4.07423    34.9702    34.9963    27.2478    1484.69    1490.33 0.0000e+00
       3598    134.000     8.0271     8.0272   3.627056   3.629485     1.9314      85.60    4.04792    34.9726    34.9986    27.2486    1484.74    1490.29 0.0000e+00
       3622    135.000     8.0358     8.0361   3.628164   3.630618     1.9221      98.76    4.01182    34.9753    35.0014    27.2494    1484.79    1490.25 0.0000e+00
       3646    136.000     8.0477     8.0475   3.629662   3.632072     1.9124      98.93    3.98118    34.9790    35.0051    27.2505    1484.86    1490.21 0.0000e+00
       3670    137.000     8.0503     8.0504   3.630068   3.632481     1.9025      98.92    3.94907    34.9803    35.0061    27.2511    1484.88    1490.17 0.0000e+00
       3693    138.000     8.0530     8.0530   3.630514   3.632947     1.8918      98.92    3.91188    34.9819    35.0080    27.2520    1484.91    1490.13 0.0000e+00
       3717    139.000     8.0573     8.0574   3.631120   3.633553     1.8810      98.93    3.88607    34.9836    35.0096    27.2527    1484.95    1490.09 0.0000e+00
       3741    140.000     8.0634     8.0635   3.631908   3.634352     1.8713      98.92    3.87042    34.9855    35.0116    27.2533    1484.99    1490.06 0.0000e+00
       3765    141.000     8.0657     8.0659   3.632323   3.634769     1.8628      98.93    3.85196    34.9872    35.0132    27.2542    1485.02    1490.02 0.0000e+00
       3789    142.000     8.0703     8.0703   3.633021   3.635443     1.8545      98.93    3.82806    34.9896    35.0156    27.2554    1485.05    1489.99 0.0000e+00
       3813    143.000     8.0772     8.0772   3.633938   3.636385     1.8460      98.07    3.79453    34.9920    35.0183    27.2563    1485.10    1489.95 0.0000e+00
       3837    144.000     8.0816     8.0818   3.634564   3.637015     1.8363      60.47    3.77447    34.9939    35.0200    27.2571    1485.13    1489.92 0.0000e+00
       3860    145.000     8.0826     8.0828   3.634738   3.637173     1.8286      98.58    3.75380    34.9943    35.0202    27.2572    1485.16    1489.88 0.0000e+00
       3884    146.000     8.0826     8.0828   3.634786   3.637232     1.8200      98.88    3.72476    34.9943    35.0203    27.2572    1485.17    1489.85 0.0000e+00
       3908    147.000     8.0837     8.0840   3.634959   3.637405     1.8112      86.28    3.71129    34.9946    35.0205    27.2573    1485.19    1489.82 0.0000e+00
       3932    148.000     8.0865     8.0867   3.635302   3.637779     1.8051      98.88    3.71383    34.9950    35.0213    27.2572    1485.22    1489.79 0.0000e+00
       3956    149.000     8.0890     8.0893   3.635628   3.638074     1.8001      98.42    3.71177    34.9955    35.0214    27.2572    1485.25    1489.76 0.0000e+00
       3979    150.000     8.1089     8.1047   3.638063   3.640038     1.7967      98.93    3.70910    35.0012    35.0266    27.2587    1485.34    1489.73 0.0000e+00
       4003    151.000     8.1206     8.1200   3.639415   3.641762     1.7934      98.92    3.68711    35.0035    35.0293    27.2588    1485.41    1489.70 0.0000e+00
       4027    152.000     8.1245     8.1246   3.639988   3.642399     1.7868      98.92    3.61052    35.0053    35.0310    27.2595    1485.44    1489.67 0.0000e+00
       4051    153.000     8.1233     8.1234   3.639937   3.642361     1.7726      98.93    3.52175    35.0055    35.0313    27.2599    1485.45    1489.64 0.0000e+00
       4075    154.000     8.1232     8.1235   3.639991   3.642455     1.7569      98.92    3.49081    35.0057    35.0317    27.2600    1485.47    1489.62 0.0000e+00
       4099    155.000     8.1241     8.1243   3.640145   3.642593     1.7450      98.92    3.49231    35.0059    35.0319    27.2601    1485.49    1489.59 0.0000e+00
       4122    156.000     8.1237     8.1239   3.640200   3.642644     1.7360      57.38    3.50157    35.0064    35.0324    27.2606    1485.51    1489.56 0.0000e+00
       4146    157.000     8.1236     8.1237   3.640256   3.642699     1.7319      98.48    3.52137    35.0066    35.0327    27.2607    1485.52    1489.54 0.0000e+00
       4170    158.000     8.1230     8.1233   3.640276   3.642732     1.7289      98.92    3.52075    35.0070    35.0330    27.2611    1485.54    1489.51 0.0000e+00
       4194    159.000     8.1233     8.1237   3.640373   3.642837     1.7262      79.85    3.52235    35.0072    35.0332    27.2612    1485.55    1489.49 0.0000e+00
       4218    160.000     8.1248     8.1251   3.640605   3.643053     1.7259      98.49    3.53496    35.0077    35.0336    27.2614    1485.58    1489.46 0.0000e+00
       4242    161.000     8.1258     8.1262   3.640773   3.643219     1.7253      98.79    3.53125    35.0080    35.0338    27.2615    1485.60    1489.44 0.0000e+00
       4265    162.000     8.1263     8.1265   3.640873   3.643316     1.7248      98.92    3.53035    35.0081    35.0341    27.2615    1485.62    1489.42 0.0000e+00
       4289    163.000     8.1278     8.1282   3.641131   3.643585     1.7241      98.93    3.52598    35.0089    35.0348    27.2619    1485.64    1489.39 0.0000e+00
       4313    164.000     8.1291     8.1294   3.641358   3.643805     1.7233      98.93    3.52357    35.0096    35.0355    27.2622    1485.66    1489.37 0.0000e+00
       4337    165.000     8.1296     8.1299   3.641530   3.643972     1.7221      98.93    3.51485    35.0104    35.0363    27.2628    1485.68    1489.35 0.0000e+00
       4361    166.000     8.1301     8.1304   3.641700   3.644140     1.7205      98.92    3.50997    35.0113    35.0371    27.2634    1485.70    1489.33 0.0000e+00
       4384    167.000     8.1310     8.1312   3.641939   3.644362     1.7191      98.92    3.50835    35.0124    35.0382    27.2642    1485.72    1489.30 0.0000e+00
       4408    168.000     8.1344     8.1347   3.642420   3.644867     1.7177      68.32    3.50299    35.0137    35.0396    27.2646    1485.75    1489.28 0.0000e+00
       4432    169.000     8.1392     8.1393   3.643048   3.645485     1.7168      77.46    3.51265    35.0151    35.0411    27.2651    1485.79    1489.26 0.0000e+00
       4456    170.000     8.1411     8.1414   3.643328   3.645758     1.7165      98.99    3.49965    35.0158    35.0415    27.2653    1485.81    1489.24 0.0000e+00
       4479    171.000     8.1394     8.1397   3.643190   3.645634     1.7140      85.98    3.47495    35.0155    35.0414    27.2653    1485.82    1489.22 0.0000e+00
       4503    172.000     8.1417     8.1417   3.643583   3.646025     1.7106      87.98    3.47432    35.0169    35.0431    27.2661    1485.85    1489.20 0.0000e+00
       4527    173.000     8.1429     8.1431   3.643862   3.646310     1.7086      98.71    3.47486    35.0182    35.0442    27.2669    1485.87    1489.18 0.0000e+00
       4551    174.000     8.1454     8.1456   3.644242   3.646677     1.7071      98.77    3.47615    35.0193    35.0452    27.2674    1485.90    1489.16 0.0000e+00
       4575    175.000     8.1474     8.1477   3.644552   3.646998     1.7064      98.72    3.47913    35.0202    35.0460    27.2677    1485.92    1489.15 0.0000e+00
       4599    176.000     8.1476     8.1477   3.644667   3.647090     1.7053      98.93    3.46974    35.0207    35.0465    27.2681    1485.94    1489.13 0.0000e+00
       4623    177.000     8.1478     8.1482   3.644751   3.647217     1.7037      98.92    3.46180    35.0209    35.0469    27.2683    1485.96    1489.11 0.0000e+00
       4646    178.000     8.1465     8.1467   3.644663   3.647104     1.7021      98.93    3.46332    35.0208    35.0467    27.2684    1485.97    1489.09 0.0000e+00
       4670    179.000     8.1425     8.1428   3.644301   3.646769     1.7011      98.93    3.46539    35.0204    35.0465    27.2687    1485.97    1489.07 0.0000e+00
       4694    180.000     8.1376     8.1384   3.643831   3.646322     1.7007      98.93    3.46985    35.0198    35.0457    27.2690    1485.97    1489.06 0.0000e+00
       4717    181.000     8.1258     8.1260   3.642590   3.645023     1.7005      92.11    3.47054    35.0178    35.0437    27.2692    1485.94    1489.04 0.0000e+00
       4741    182.000     8.1215     8.1216   3.642223   3.644640     1.7005      61.22    3.48768    35.0177    35.0435    27.2697    1485.94    1489.02 0.0000e+00
       4765    183.000     8.1262     8.1266   3.642804   3.645297     1.7027      98.93    3.50776    35.0187    35.0450    27.2698    1485.97    1489.01 0.0000e+00
       4789    184.000     8.1382     8.1387   3.644225   3.646707     1.7063      98.39    3.51640    35.0215    35.0475    27.2702    1486.04    1488.99 0.0000e+00
       4813    185.000     8.1392     8.1395   3.644384   3.646824     1.7079      84.01    3.51425    35.0217    35.0475    27.2702    1486.06    1488.97 0.0000e+00
       4836    186.000     8.1383     8.1386   3.644338   3.646792     1.7095      98.73    3.50126    35.0216    35.0476    27.2703    1486.07    1488.96 0.0000e+00
       4860    187.000     8.1383     8.1386   3.644410   3.646853     1.7085      98.22    3.48626    35.0219    35.0478    27.2705    1486.09    1488.94 0.0000e+00
       4884    188.000     8.1408     8.1411   3.644785   3.647224     1.7071      98.92    3.48316    35.0229    35.0487    27.2709    1486.12    1488.93 0.0000e+00
       4908    189.000     8.1409     8.1412   3.644878   3.647321     1.7061      98.93    3.48208    35.0234    35.0492    27.2712    1486.13    1488.91 0.0000e+00
       4932    190.000     8.1391     8.1395   3.644775   3.647218     1.7051      98.92    3.47911    35.0236    35.0493    27.2717    1486.14    1488.90 0.0000e+00
       4956    191.000     8.1374     8.1376   3.644641   3.647084     1.7039      98.92    3.47298    35.0233    35.0493    27.2718    1486.15    1488.88 0.0000e+00
       4980    192.000     8.1345     8.1348   3.644394   3.646830     1.7025      98.92    3.47408    35.0231    35.0489    27.2720    1486.16    1488.87 0.0000e+00
       5004    193.000     8.1329     8.1330   3.644285   3.646715     1.7020      98.92    3.47579    35.0231    35.0490    27.2722    1486.17    1488.86 0.0000e+00
       5028    194.000     8.1331     8.1334   3.644389   3.646830     1.7011      55.01    3.48253    35.0235    35.0493    27.2725    1486.19    1488.84 0.0000e+00
