_data/ctd/2014/sta0390_2014.cnv
* Sea-Bird SBE 9 Data File:
* FileName = C:\Seabird\CTDData\sta0390.hex
* Software Version Seasave V 7.21f
* Temperature SN = 1527
* Conductivity SN = 1827
* Number of Bytes Per Scan = 34
* Number of Voltage Words = 3
* Number of Scans Averaged by the Deck Unit = 1
* NMEA Latitude = 60 52.38 N
* NMEA Longitude = 005 23.06 E
* NMEA UTC (Time) = Oct 06 2014 03:39:44
* NMEA baud rate = 4800
** Ship: 10  F/F G.O. Sars
** Station: 390
** Echodepth: 450.16
** Log: 8756.437
** wind-dir Force: 77 22
** Air temp (dry): 15
** weather sky: 2 8
** sea ice: 3 0
# nquan = 15                                
# nvalues = 453                         
# units = specified
# name 0 = scan: Scan Count
# name 1 = prDM: Pressure, Digiquartz [db]
# name 2 = t068C: Temperature [ITS-68, deg C]
# name 3 = t168C: Temperature, 2 [ITS-68, deg C]
# name 4 = c0S/m: Conductivity [S/m]
# name 5 = c1S/m: Conductivity, 2 [S/m]
# name 6 = sbeox0V: Oxygen raw, SBE 43 [V]
# name 7 = altM: Altimeter [m]
# name 8 = sbeox0ML/L: Oxygen, SBE 43 [ml/l], WS = 2
# name 9 = sal00: Salinity, Practical [PSU]
# name 10 = sal11: Salinity, Practical, 2 [PSU]
# name 11 = sigma-t00: Density [sigma-t, Kg/m^3 ]
# name 12 = svCM: Sound Velocity [Chen-Millero, m/s]
# name 13 = avgsvCM: Average Sound Velocity [Chen-Millero, m/s], minP = 1, minS = 5
# name 14 = flag: flag
# span 0 =        446,      12294       
# span 1 =      3.000,    455.000       
# span 2 =     7.9120,    14.5273       
# span 3 =     7.9124,    14.5268       
# span 4 =   2.208592,   3.892121       
# span 5 =   2.236918,   3.894736       
# span 6 =     1.5391,     2.7121       
# span 7 =       9.41,      99.52       
# span 8 =    3.07587,    6.17027       
# span 9 =    17.9209,    35.0771       
# span 10 =    18.1530,    35.1021      
# span 11 =    13.2816,    27.3045      
# span 12 =    1478.42,    1501.46      
# span 13 =    1478.42,    1498.73      
# span 14 = 0.0000e+00, 0.0000e+00      
# interval = decibars: 1                
# start_time = Oct 06 2014 03:39:47 [System UTC, header]
# bad_flag = -9.990e-29
*END*
        446      3.000    12.5288    12.5692   2.208592   2.236918     2.6585      98.92    6.17027    17.9209    18.1530    13.2816    1478.42    1478.42 0.0000e+00
        481      4.000    13.6504    13.6660   3.105678   3.111037     2.6572      98.92    5.81839    25.3028    25.3407    18.7748    1491.00    1481.55 0.0000e+00
        505      5.000    14.4381    14.4358   3.650424   3.651182     2.6771      98.93    5.78946    29.6490    29.6576    21.9680    1498.70    1484.95 0.0000e+00
        529      6.000    14.5149    14.5118   3.689756   3.690878     2.7121      98.92    5.70083    29.9444    29.9569    22.1798    1499.32    1487.32 0.0000e+00
        554      7.000    14.5273    14.5268   3.710371   3.711548     2.6915      98.93    5.41194    30.1204    30.1314    22.3128    1499.58    1489.06 0.0000e+00
        578      8.000    14.4312    14.4268   3.765666   3.765557     2.6543      98.93    5.27924    30.6954    30.6979    22.7756    1499.95    1490.41 0.0000e+00
        603      9.000    14.3831    14.3814   3.784108   3.785936     2.6198      98.93    5.21267    30.9006    30.9185    22.9437    1500.05    1491.48 0.0000e+00
        628     10.000    14.3750    14.3726   3.790280   3.792320     2.5894      98.92    5.16946    30.9627    30.9832    22.9933    1500.12    1492.34 0.0000e+00
        653     11.000    14.4417    14.4411   3.811828   3.813982     2.5679      98.92    5.16316    31.1047    31.1247    23.0889    1500.51    1493.08 0.0000e+00
        677     12.000    14.4350    14.4343   3.826107   3.828294     2.5565      98.92    5.17204    31.2394    31.2598    23.1941    1500.67    1493.71 0.0000e+00
        702     13.000    14.4035    14.4032   3.826744   3.829080     2.5475      77.91    5.14886    31.2702    31.2917    23.2244    1500.62    1494.24 0.0000e+00
        726     14.000    14.4016    14.4020   3.829003   3.831383     2.5379      80.05    5.14259    31.2919    31.3133    23.2415    1500.65    1494.69 0.0000e+00
        751     15.000    14.4095    14.4092   3.831451   3.833849     2.5332      98.89    5.14689    31.3074    31.3295    23.2519    1500.71    1495.09 0.0000e+00
        776     16.000    14.4056    14.4059   3.833375   3.835952     2.5293      85.55    5.14100    31.3277    31.3509    23.2683    1500.74    1495.44 0.0000e+00
        800     17.000    14.4135    14.4120   3.836004   3.837911     2.5269      89.63    5.14215    31.3449    31.3634    23.2799    1500.80    1495.76 0.0000e+00
        825     18.000    14.4331    14.4314   3.843187   3.845059     2.5245      98.75    5.12266    31.3939    31.4123    23.3137    1500.94    1496.05 0.0000e+00
        849     19.000    14.4339    14.4330   3.843278   3.845512     2.5191      98.92    5.10469    31.3937    31.4148    23.3133    1500.96    1496.30 0.0000e+00
        874     20.000    14.4397    14.4396   3.846921   3.849750     2.5165      98.92    5.11924    31.4218    31.4476    23.3338    1501.03    1496.54 0.0000e+00
        899     21.000    14.4420    14.4418   3.853770   3.856321     2.5163      98.92    5.11610    31.4818    31.5052    23.3796    1501.12    1496.76 0.0000e+00
        923     22.000    14.4394    14.4392   3.855788   3.858266     2.5141      98.93    5.10106    31.5019    31.5246    23.3956    1501.15    1496.96 0.0000e+00
        948     23.000    14.4405    14.4397   3.858037   3.860366     2.5108      59.44    5.09174    31.5211    31.5430    23.4102    1501.20    1497.14 0.0000e+00
        973     24.000    14.4436    14.4432   3.863200   3.865587     2.5091      76.02    5.10185    31.5652    31.5872    23.4435    1501.27    1497.31 0.0000e+00
        998     25.000    14.4394    14.4391   3.865731   3.869168     2.5094      98.65    5.10400    31.5913    31.6228    23.4645    1501.31    1497.47 0.0000e+00
       1023     26.000    14.4448    14.4454   3.869729   3.872305     2.5088      67.23    5.10304    31.6229    31.6458    23.4877    1501.38    1497.62 0.0000e+00
       1048     27.000    14.4242    14.4208   3.877217   3.879406     2.5100      90.26    5.10811    31.7075    31.7302    23.5572    1501.43    1497.76 0.0000e+00
       1072     28.000    14.3968    14.3975   3.882226   3.884714     2.5090      99.00    5.08736    31.7752    31.7973    23.6151    1501.43    1497.89 0.0000e+00
       1097     29.000    14.3549    14.3586   3.884106   3.886557     2.5042      43.20    5.05909    31.8264    31.8457    23.6633    1501.37    1498.01 0.0000e+00
       1122     30.000    14.3504    14.3497   3.889970   3.892215     2.4974      11.15    5.03946    31.8832    31.9043    23.7081    1501.44    1498.13 0.0000e+00
       1147     31.000    14.3485    14.3488   3.890351   3.892968     2.4922      10.28    5.03908    31.8879    31.9115    23.7121    1501.46    1498.23 0.0000e+00
       1171     32.000    14.3150    14.3162   3.890268   3.892766     2.4884       9.41    5.03451    31.9143    31.9362    23.7395    1501.40    1498.33 0.0000e+00
       1196     33.000    14.2899    14.2907   3.891382   3.893940     2.4845      11.44    5.03117    31.9449    31.9676    23.7682    1501.37    1498.42 0.0000e+00
       1220     34.000    14.2474    14.2487   3.892121   3.894736     2.4820      98.19    5.02827    31.9864    32.0093    23.8090    1501.29    1498.51 0.0000e+00
       1244     35.000    14.1235    14.1264   3.882493   3.885212     2.4785      98.92    5.02783    32.0004    32.0230    23.8455    1500.92    1498.58 0.0000e+00
       1269     36.000    14.0113    14.0129   3.875170   3.877745     2.4740      98.92    5.01677    32.0259    32.0483    23.8882    1500.60    1498.63 0.0000e+00
       1293     37.000    13.8879    13.8887   3.868387   3.870927     2.4680      50.65    5.01472    32.0658    32.0886    23.9442    1500.26    1498.68 0.0000e+00
       1318     38.000    13.8005    13.8022   3.867385   3.869917     2.4641      91.52    5.02973    32.1292    32.1512    24.0109    1500.07    1498.71 0.0000e+00
       1342     39.000    13.5816    13.5841   3.850218   3.852728     2.4624      98.94    5.03763    32.1532    32.1745    24.0737    1499.39    1498.73 0.0000e+00
       1366     40.000    13.3842    13.3843   3.834920   3.837448     2.4560      76.48    5.02388    32.1765    32.2000    24.1312    1498.78    1498.73 0.0000e+00
       1391     41.000    13.2794    13.2768   3.828153   3.830314     2.4505      96.89    5.04084    32.2013    32.2238    24.1712    1498.48    1498.73 0.0000e+00
       1415     42.000    13.0988    13.0988   3.816560   3.819083     2.4494      98.93    5.07250    32.2452    32.2689    24.2408    1497.94    1498.71 0.0000e+00
       1440     43.000    13.0585    13.0580   3.815761   3.818216     2.4484      95.28    5.08145    32.2716    32.2951    24.2691    1497.86    1498.69 0.0000e+00
       1464     44.000    12.9603    12.9600   3.810237   3.812737     2.4510      98.81    5.11414    32.3027    32.3266    24.3124    1497.58    1498.66 0.0000e+00
       1488     45.000    12.8470    12.8471   3.803264   3.805785     2.4532      98.93    5.11931    32.3332    32.3569    24.3581    1497.25    1498.63 0.0000e+00
       1512     46.000    12.6620    12.6637   3.792193   3.794708     2.4529      98.93    5.12556    32.3863    32.4087    24.4350    1496.71    1498.59 0.0000e+00
       1536     47.000    12.4535    12.4587   3.783434   3.786075     2.4519      98.92    5.13148    32.4820    32.5028    24.5491    1496.13    1498.54 0.0000e+00
       1561     48.000    12.0124    12.0194   3.761571   3.764218     2.4481      98.92    5.13109    32.6551    32.6746    24.7666    1494.85    1498.46 0.0000e+00
       1585     49.000    11.8103    11.8117   3.752584   3.755115     2.4377      98.92    5.09211    32.7450    32.7684    24.8739    1494.28    1498.37 0.0000e+00
       1610     50.000    11.6039    11.6132   3.737307   3.740093     2.4274      59.76    5.12083    32.7779    32.7969    24.9374    1493.62    1498.28 0.0000e+00
       1634     51.000    11.0889    11.0955   3.702801   3.705490     2.4246      90.18    5.16645    32.8965    32.9172    25.1225    1491.98    1498.15 0.0000e+00
       1658     52.000    11.0283    11.0292   3.703387   3.705951     2.4146      98.91    5.13880    32.9561    32.9807    25.1797    1491.85    1498.03 0.0000e+00
       1682     53.000    10.8539    10.8553   3.696563   3.699099     2.4129      76.94    5.22267    33.0448    33.0688    25.2795    1491.36    1497.91 0.0000e+00
       1707     54.000    10.7132    10.7156   3.689630   3.692117     2.4181      95.52    5.26584    33.1025    33.1251    25.3490    1490.95    1497.78 0.0000e+00
       1731     55.000    10.5299    10.5321   3.676959   3.679469     2.4206      98.90    5.26527    33.1416    33.1647    25.4113    1490.36    1497.64 0.0000e+00
       1755     56.000    10.3196    10.3247   3.663479   3.666074     2.4198      95.27    5.26951    33.1973    33.2188    25.4909    1489.70    1497.50 0.0000e+00
       1779     57.000    10.0725    10.0728   3.652777   3.655081     2.4182      98.58    5.27509    33.3152    33.3383    25.6248    1488.97    1497.35 0.0000e+00
       1803     58.000     9.8911     9.8973   3.643502   3.646299     2.4137      98.92    5.27597    33.3879    33.4107    25.7119    1488.42    1497.19 0.0000e+00
       1828     59.000     9.7119     9.7151   3.634397   3.636970     2.4104      98.93    5.28698    33.4607    33.4841    25.7984    1487.88    1497.04 0.0000e+00
       1852     60.000     9.5696     9.5726   3.627712   3.630149     2.4061      98.92    5.28885    33.5243    33.5465    25.8715    1487.45    1496.87 0.0000e+00
       1876     61.000     9.4743     9.4769   3.626035   3.628546     2.4026      98.93    5.29363    33.5957    33.6192    25.9429    1487.21    1496.72 0.0000e+00
       1901     62.000     9.3340     9.3358   3.620232   3.622744     2.3995      98.92    5.29123    33.6672    33.6915    26.0215    1486.80    1496.55 0.0000e+00
       1926     63.000     9.1681     9.1704   3.610328   3.612763     2.3932      63.04    5.26072    33.7206    33.7437    26.0899    1486.27    1496.39 0.0000e+00
       1950     64.000     9.1545     9.1549   3.617011   3.619824     2.3841      90.26    5.21757    33.8025    33.8313    26.1562    1486.34    1496.23 0.0000e+00
       1974     65.000     9.1983     9.2003   3.629011   3.631496     2.3745      98.91    5.20523    33.8852    33.9091    26.2139    1486.62    1496.08 0.0000e+00
       1999     66.000     9.0774     9.0792   3.624956   3.627389     2.3687      82.74    5.19559    33.9576    33.9812    26.2899    1486.28    1495.93 0.0000e+00
       2023     67.000     8.9799     8.9805   3.622999   3.625470     2.3584      95.16    5.12681    34.0298    34.0551    26.3620    1486.03    1495.78 0.0000e+00
       2047     68.000     8.8781     8.8804   3.615391   3.617840     2.3421      99.00    5.05273    34.0473    34.0708    26.3917    1485.69    1495.64 0.0000e+00
       2071     69.000     8.7755     8.7769   3.608862   3.611308     2.3230      98.93    4.99854    34.0769    34.1012    26.4310    1485.36    1495.49 0.0000e+00
       2095     70.000     8.7114     8.7122   3.606017   3.608430     2.3041      98.93    4.96371    34.1082    34.1328    26.4656    1485.18    1495.34 0.0000e+00
       2120     71.000     8.6375     8.6372   3.605071   3.607443     2.2880      98.92    4.94934    34.1691    34.1944    26.5248    1484.99    1495.19 0.0000e+00
       2144     72.000     8.5909     8.5911   3.604846   3.607234     2.2744      98.92    4.93036    34.2113    34.2364    26.5651    1484.89    1495.05 0.0000e+00
       2168     73.000     8.5361     8.5346   3.602581   3.604823     2.2616      98.93    4.90026    34.2401    34.2652    26.5961    1484.74    1494.90 0.0000e+00
       2193     74.000     8.4817     8.4812   3.599426   3.601704     2.2482      98.93    4.86304    34.2590    34.2836    26.6193    1484.57    1494.76 0.0000e+00
       2217     75.000     8.4325     8.4264   3.601243   3.603116     2.2349      98.92    4.83621    34.3257    34.3515    26.6792    1484.49    1494.63 0.0000e+00
       2241     76.000     8.3244     8.3242   3.598010   3.600289     2.2225      71.86    4.81119    34.3964    34.4208    26.7512    1484.19    1494.49 0.0000e+00
       2265     77.000     8.3146     8.3152   3.599599   3.601950     2.2099      86.81    4.76700    34.4224    34.4468    26.7731    1484.20    1494.35 0.0000e+00
       2290     78.000     8.2492     8.2499   3.596916   3.599265     2.1953      99.02    4.72684    34.4574    34.4818    26.8105    1484.01    1494.22 0.0000e+00
       2314     79.000     8.1761     8.1776   3.593127   3.595553     2.1818      88.94    4.70253    34.4883    34.5127    26.8458    1483.79    1494.09 0.0000e+00
       2338     80.000     8.1361     8.1359   3.591252   3.593589     2.1693      95.29    4.67835    34.5071    34.5323    26.8666    1483.68    1493.96 0.0000e+00
       2362     81.000     8.1030     8.1034   3.591417   3.593825     2.1566      98.55    4.64379    34.5410    34.5664    26.8982    1483.62    1493.83 0.0000e+00
       2387     82.000     8.0526     8.0575   3.589670   3.592512     2.1446      98.79    4.62318    34.5715    34.5971    26.9297    1483.48    1493.70 0.0000e+00
       2411     83.000     8.0466     8.0469   3.592634   3.594989     2.1338      98.93    4.59956    34.6087    34.6337    26.9598    1483.52    1493.58 0.0000e+00
       2435     84.000     8.0300     8.0309   3.592378   3.594741     2.1234      98.93    4.57909    34.6219    34.6463    26.9727    1483.49    1493.46 0.0000e+00
       2459     85.000     7.9930     7.9943   3.590946   3.593334     2.1145      98.92    4.57356    34.6427    34.6670    26.9945    1483.39    1493.34 0.0000e+00
       2483     86.000     7.9523     7.9532   3.588832   3.591185     2.1075      98.92    4.56771    34.6598    34.6842    27.0141    1483.28    1493.22 0.0000e+00
       2507     87.000     7.9423     7.9425   3.589080   3.591415     2.1005      98.93    4.54179    34.6719    34.6968    27.0251    1483.27    1493.10 0.0000e+00
       2530     88.000     7.9290     7.9294   3.589443   3.591781     2.0921      77.82    4.50759    34.6885    34.7133    27.0401    1483.26    1492.99 0.0000e+00
       2555     89.000     7.9225     7.9228   3.590080   3.592420     2.0839      75.19    4.50231    34.7013    34.7262    27.0511    1483.27    1492.88 0.0000e+00
       2578     90.000     7.9201     7.9202   3.591431   3.593757     2.0775      98.77    4.48366    34.7178    34.7427    27.0644    1483.29    1492.77 0.0000e+00
       2602     91.000     7.9195     7.9197   3.592908   3.595193     2.0698      90.66    4.44752    34.7338    34.7581    27.0771    1483.33    1492.67 0.0000e+00
       2626     92.000     7.9278     7.9276   3.595855   3.598171     2.0613      87.93    4.42968    34.7567    34.7818    27.0939    1483.40    1492.57 0.0000e+00
       2650     93.000     7.9407     7.9409   3.598702   3.601020     2.0543      98.86    4.41282    34.7740    34.7988    27.1055    1483.49    1492.47 0.0000e+00
       2674     94.000     7.9383     7.9376   3.599336   3.601570     2.0472      98.92    4.38382    34.7827    34.8075    27.1127    1483.51    1492.37 0.0000e+00
       2698     95.000     7.9588     7.9589   3.602789   3.605097     2.0382      98.92    4.34572    34.7990    34.8237    27.1224    1483.62    1492.28 0.0000e+00
       2721     96.000     7.9656     7.9654   3.605314   3.607619     2.0293      98.93    4.32161    34.8189    34.8439    27.1370    1483.69    1492.19 0.0000e+00
       2745     97.000     7.9679     7.9682   3.606427   3.608743     2.0200      98.92    4.28078    34.8281    34.8527    27.1439    1483.73    1492.10 0.0000e+00
       2769     98.000     7.9537     7.9544   3.605172   3.607535     2.0090      98.92    4.24342    34.8282    34.8529    27.1462    1483.69    1492.02 0.0000e+00
