_data/ctd/2014/sta0389_2014.cnv
* Sea-Bird SBE 9 Data File:
* FileName = C:\Seabird\CTDData\sta0389.hex
* Software Version Seasave V 7.21f
* Temperature SN = 1527
* Conductivity SN = 1827
* Number of Bytes Per Scan = 34
* Number of Voltage Words = 3
* Number of Scans Averaged by the Deck Unit = 1
* NMEA Latitude = 60 52.41 N
* NMEA Longitude = 005 23.20 E
* NMEA UTC (Time) = Oct 05 2014 15:10:13
* NMEA baud rate = 4800
** Ship: 10  F/F G.O. Sars
** Station: 389
** Echodepth: 452.65
** Log: 8745.367
** wind-dir Force: 29 01
** Air temp (dry): 17
** weather sky: 2 8
** sea ice: 3 0
# nquan = 15                                
# nvalues = 457                         
# units = specified
# name 0 = scan: Scan Count
# name 1 = prDM: Pressure, Digiquartz [db]
# name 2 = t068C: Temperature [ITS-68, deg C]
# name 3 = t168C: Temperature, 2 [ITS-68, deg C]
# name 4 = c0S/m: Conductivity [S/m]
# name 5 = c1S/m: Conductivity, 2 [S/m]
# name 6 = sbeox0V: Oxygen raw, SBE 43 [V]
# name 7 = altM: Altimeter [m]
# name 8 = sbeox0ML/L: Oxygen, SBE 43 [ml/l], WS = 2
# name 9 = sal00: Salinity, Practical [PSU]
# name 10 = sal11: Salinity, Practical, 2 [PSU]
# name 11 = sigma-t00: Density [sigma-t, Kg/m^3 ]
# name 12 = svCM: Sound Velocity [Chen-Millero, m/s]
# name 13 = avgsvCM: Average Sound Velocity [Chen-Millero, m/s], minP = 1, minS = 5
# name 14 = flag: flag
# span 0 =        429,      13484       
# span 1 =      3.000,    459.000       
# span 2 =     7.9165,    14.6095       
# span 3 =     7.9172,    14.6089       
# span 4 =   3.451311,   3.883473       
# span 5 =   3.451522,   3.886128       
# span 6 =     1.5365,     2.6326       
# span 7 =      12.98,      99.73       
# span 8 =    3.09954,    5.56099       
# span 9 =    28.0235,    35.0771       
# span 10 =    28.0269,    35.1034      
# span 11 =    20.7616,    27.3044      
# span 12 =    1483.21,    1501.45      
# span 13 =    1488.27,    1500.44      
# span 14 = 0.0000e+00, 0.0000e+00      
# interval = decibars: 1                
# start_time = Oct 05 2014 15:10:15 [System UTC, header]
# bad_flag = -9.990e-29
*END*
[from data line 193]
       5077    196.000     8.1324     8.1326   3.644447   3.646884     1.7034      98.92    3.48877    35.0238    35.0497    27.2729    1486.22    1488.82 0.0000e+00
       5101    197.000     8.1316     8.1318   3.644433   3.646872     1.7026      80.30    3.48316    35.0240    35.0499    27.2732    1486.23    1488.80 0.0000e+00
       5125    198.000     8.1313     8.1317   3.644471   3.646923     1.7031      99.15    3.48871    35.0242    35.0501    27.2734    1486.25    1488.79 0.0000e+00
       5149    199.000     8.1311     8.1313   3.644488   3.646927     1.7027      98.18    3.48348    35.0241    35.0500    27.2733    1486.26    1488.78 0.0000e+00
       5172    200.000     8.1311     8.1310   3.644530   3.646929     1.7023      98.92    3.48419    35.0241    35.0499    27.2733    1486.28    1488.76 0.0000e+00
       5196    201.000     8.1314     8.1317   3.644631   3.647087     1.7024      98.93    3.48928    35.0244    35.0504    27.2735    1486.30    1488.75 0.0000e+00
       5219    202.000     8.1331     8.1335   3.644897   3.647356     1.7026      98.92    3.49039    35.0251    35.0510    27.2738    1486.32    1488.74 0.0000e+00
       5243    203.000     8.1343     8.1347   3.645110   3.647556     1.7027      98.93    3.48794    35.0257    35.0514    27.2741    1486.34    1488.73 0.0000e+00
       5267    204.000     8.1358     8.1360   3.645347   3.647786     1.7025      98.92    3.48269    35.0262    35.0521    27.2743    1486.37    1488.72 0.0000e+00
       5290    205.000     8.1365     8.1367   3.645533   3.647976     1.7017      98.92    3.47666    35.0270    35.0530    27.2748    1486.39    1488.70 0.0000e+00
       5314    206.000     8.1366     8.1369   3.645630   3.648067     1.7002      56.17    3.47154    35.0275    35.0533    27.2751    1486.40    1488.69 0.0000e+00
       5338    207.000     8.1363     8.1365   3.645676   3.648112     1.7001      87.33    3.48222    35.0278    35.0537    27.2754    1486.42    1488.68 0.0000e+00
       5361    208.000     8.1370     8.1373   3.645820   3.648265     1.6996      98.88    3.47364    35.0281    35.0540    27.2756    1486.44    1488.67 0.0000e+00
       5385    209.000     8.1373     8.1376   3.645904   3.648337     1.6984      78.61    3.47070    35.0283    35.0540    27.2756    1486.46    1488.66 0.0000e+00
       5409    210.000     8.1377     8.1379   3.646004   3.648436     1.6986      92.24    3.48476    35.0284    35.0543    27.2757    1486.47    1488.65 0.0000e+00
       5432    211.000     8.1386     8.1389   3.646190   3.648629     1.6988      98.86    3.47868    35.0291    35.0549    27.2761    1486.49    1488.64 0.0000e+00
       5456    212.000     8.1394     8.1397   3.646340   3.648789     1.6987      98.57    3.47914    35.0294    35.0553    27.2762    1486.51    1488.63 0.0000e+00
       5479    213.000     8.1411     8.1414   3.646598   3.649038     1.6983      98.70    3.47692    35.0300    35.0558    27.2764    1486.54    1488.62 0.0000e+00
       5503    214.000     8.1443     8.1445   3.647036   3.649465     1.6982      98.92    3.47425    35.0310    35.0568    27.2767    1486.57    1488.61 0.0000e+00
       5527    215.000     8.1483     8.1484   3.647568   3.650002     1.6971      98.92    3.46893    35.0322    35.0581    27.2771    1486.60    1488.60 0.0000e+00
       5551    216.000     8.1511     8.1514   3.647949   3.650390     1.6968      98.92    3.47231    35.0330    35.0588    27.2773    1486.63    1488.59 0.0000e+00
       5575    217.000     8.1522     8.1525   3.648130   3.650574     1.6964      98.93    3.46814    35.0333    35.0592    27.2774    1486.65    1488.58 0.0000e+00
       5599    218.000     8.1524     8.1526   3.648203   3.650653     1.6954      98.93    3.45907    35.0334    35.0595    27.2774    1486.67    1488.57 0.0000e+00
       5623    219.000     8.1533     8.1536   3.648365   3.650808     1.6937      82.94    3.45053    35.0338    35.0596    27.2776    1486.69    1488.57 0.0000e+00
       5648    220.000     8.1538     8.1537   3.648475   3.650890     1.6925      69.30    3.46558    35.0340    35.0599    27.2776    1486.71    1488.56 0.0000e+00
       5671    221.000     8.1534     8.1535   3.648487   3.650909     1.6928      98.51    3.46190    35.0340    35.0598    27.2777    1486.72    1488.55 0.0000e+00
       5695    222.000     8.1540     8.1544   3.648618   3.651063     1.6919      92.23    3.45219    35.0344    35.0601    27.2779    1486.74    1488.54 0.0000e+00
       5719    223.000     8.1534     8.1536   3.648585   3.651026     1.6910      84.28    3.45951    35.0341    35.0600    27.2778    1486.75    1488.53 0.0000e+00
       5743    224.000     8.1551     8.1555   3.648832   3.651299     1.6907      98.80    3.45643    35.0346    35.0606    27.2779    1486.78    1488.53 0.0000e+00
       5768    225.000     8.1553     8.1558   3.648911   3.651375     1.6905      98.92    3.45810    35.0347    35.0606    27.2780    1486.79    1488.52 0.0000e+00
       5792    226.000     8.1578     8.1583   3.649248   3.651720     1.6899      98.92    3.45507    35.0354    35.0613    27.2781    1486.82    1488.51 0.0000e+00
       5817    227.000     8.1605     8.1608   3.649631   3.652096     1.6896      98.92    3.45483    35.0363    35.0624    27.2784    1486.85    1488.50 0.0000e+00
       5842    228.000     8.1618     8.1621   3.649853   3.652301     1.6894      98.92    3.45892    35.0369    35.0628    27.2787    1486.87    1488.50 0.0000e+00
       5865    229.000     8.1638     8.1642   3.650163   3.652614     1.6895      98.92    3.45790    35.0377    35.0635    27.2790    1486.90    1488.49 0.0000e+00
       5889    230.000     8.1663     8.1665   3.650507   3.652957     1.6893      98.92    3.45711    35.0384    35.0644    27.2792    1486.92    1488.48 0.0000e+00
       5913    231.000     8.1673     8.1676   3.650681   3.653128     1.6891      98.92    3.45454    35.0388    35.0647    27.2794    1486.94    1488.48 0.0000e+00
       5936    232.000     8.1680     8.1683   3.650803   3.653247     1.6885      93.80    3.44664    35.0389    35.0648    27.2794    1486.96    1488.47 0.0000e+00
       5961    233.000     8.1692     8.1695   3.651005   3.653451     1.6874      60.84    3.45360    35.0394    35.0653    27.2796    1486.98    1488.46 0.0000e+00
       5984    234.000     8.1709     8.1712   3.651279   3.653718     1.6877      99.33    3.45360    35.0402    35.0659    27.2799    1487.01    1488.46 0.0000e+00
       6008    235.000     8.1719     8.1721   3.651456   3.653899     1.6874      98.41    3.44928    35.0406    35.0665    27.2801    1487.03    1488.45 0.0000e+00
       6032    236.000     8.1727     8.1732   3.651614   3.654088     1.6867      88.18    3.45303    35.0410    35.0669    27.2803    1487.05    1488.44 0.0000e+00
       6056    237.000     8.1737     8.1739   3.651786   3.654232     1.6870      98.76    3.45385    35.0414    35.0673    27.2804    1487.07    1488.44 0.0000e+00
       6080    238.000     8.1740     8.1744   3.651876   3.654326     1.6867      98.92    3.44850    35.0415    35.0673    27.2805    1487.09    1488.43 0.0000e+00
       6104    239.000     8.1746     8.1749   3.651989   3.654442     1.6864      98.93    3.45086    35.0417    35.0676    27.2805    1487.11    1488.43 0.0000e+00
       6128    240.000     8.1750     8.1753   3.652098   3.654531     1.6859      98.92    3.45005    35.0419    35.0677    27.2807    1487.12    1488.42 0.0000e+00
       6153    241.000     8.1765     8.1768   3.652354   3.654787     1.6859      98.92    3.45338    35.0427    35.0684    27.2810    1487.15    1488.42 0.0000e+00
       6177    242.000     8.1771     8.1774   3.652477   3.654924     1.6859      98.93    3.45290    35.0429    35.0688    27.2811    1487.17    1488.41 0.0000e+00
       6201    243.000     8.1777     8.1780   3.652607   3.655052     1.6859      98.92    3.45047    35.0432    35.0691    27.2813    1487.19    1488.41 0.0000e+00
       6225    244.000     8.1778     8.1781   3.652674   3.655118     1.6853      98.92    3.44844    35.0434    35.0692    27.2814    1487.20    1488.40 0.0000e+00
       6249    245.000     8.1779     8.1783   3.652733   3.655184     1.6853      98.90    3.44459    35.0434    35.0692    27.2814    1487.22    1488.40 0.0000e+00
       6274    246.000     8.1772     8.1775   3.652717   3.655167     1.6837      67.71    3.43791    35.0435    35.0694    27.2815    1487.23    1488.39 0.0000e+00
       6298    247.000     8.1769     8.1772   3.652755   3.655200     1.6828      98.52    3.43190    35.0437    35.0695    27.2817    1487.25    1488.39 0.0000e+00
       6322    248.000     8.1778     8.1780   3.652917   3.655369     1.6812      98.92    3.43357    35.0441    35.0701    27.2819    1487.27    1488.38 0.0000e+00
       6347    249.000     8.1797     8.1800   3.653227   3.655685     1.6812      90.88    3.44927    35.0450    35.0710    27.2823    1487.29    1488.38 0.0000e+00
       6371    250.000     8.1808     8.1811   3.653413   3.655856     1.6826      98.91    3.45762    35.0454    35.0712    27.2825    1487.32    1488.37 0.0000e+00
       6395    251.000     8.1802     8.1806   3.653401   3.655855     1.6833      98.93    3.45410    35.0454    35.0712    27.2826    1487.33    1488.37 0.0000e+00
       6420    252.000     8.1799     8.1802   3.653429   3.655870     1.6836      98.92    3.45204    35.0455    35.0713    27.2827    1487.34    1488.37 0.0000e+00
       6444    253.000     8.1812     8.1815   3.653628   3.656081     1.6838      98.92    3.45306    35.0459    35.0718    27.2828    1487.37    1488.36 0.0000e+00
       6469    254.000     8.1824     8.1826   3.653829   3.656283     1.6839      98.93    3.45239    35.0463    35.0724    27.2830    1487.39    1488.36 0.0000e+00
       6494    255.000     8.1828     8.1831   3.653937   3.656383     1.6839      98.88    3.45043    35.0466    35.0724    27.2831    1487.41    1488.35 0.0000e+00
       6518    256.000     8.1825     8.1828   3.653937   3.656399     1.6835      39.88    3.45410    35.0464    35.0724    27.2830    1487.42    1488.35 0.0000e+00
       6542    257.000     8.1832     8.1836   3.654109   3.656557     1.6844      99.24    3.45911    35.0471    35.0728    27.2834    1487.44    1488.35 0.0000e+00
       6566    258.000     8.1838     8.1842   3.654231   3.656688     1.6845      98.91    3.44842    35.0473    35.0732    27.2835    1487.46    1488.34 0.0000e+00
       6590    259.000     8.1842     8.1844   3.654342   3.656794     1.6831      71.72    3.45169    35.0476    35.0736    27.2837    1487.48    1488.34 0.0000e+00
       6615    260.000     8.1843     8.1847   3.654434   3.656877     1.6845      99.16    3.46352    35.0480    35.0737    27.2840    1487.50    1488.34 0.0000e+00
       6639    261.000     8.1833     8.1836   3.654364   3.656811     1.6846      98.92    3.45503    35.0478    35.0736    27.2840    1487.51    1488.33 0.0000e+00
       6663    262.000     8.1832     8.1834   3.654438   3.656896     1.6841      90.92    3.45635    35.0482    35.0743    27.2843    1487.53    1488.33 0.0000e+00
       6687    263.000     8.1835     8.1839   3.654597   3.657044     1.6846      98.93    3.46009    35.0491    35.0749    27.2850    1487.54    1488.33 0.0000e+00
       6711    264.000     8.1840     8.1843   3.654728   3.657182     1.6846      98.93    3.45819    35.0495    35.0755    27.2852    1487.56    1488.32 0.0000e+00
       6735    265.000     8.1843     8.1845   3.654806   3.657264     1.6845      98.92    3.45661    35.0496    35.0756    27.2852    1487.58    1488.32 0.0000e+00
       6759    266.000     8.1843     8.1846   3.654891   3.657346     1.6844      98.93    3.45366    35.0500    35.0759    27.2856    1487.60    1488.32 0.0000e+00
       6784    267.000     8.1846     8.1849   3.655023   3.657485     1.6834      98.92    3.44997    35.0506    35.0766    27.2860    1487.62    1488.32 0.0000e+00
       6808    268.000     8.1847     8.1849   3.655131   3.657590     1.6833      98.92    3.44765    35.0512    35.0773    27.2865    1487.63    1488.31 0.0000e+00
       6832    269.000     8.1845     8.1849   3.655192   3.657648     1.6818      46.49    3.45183    35.0516    35.0774    27.2868    1487.65    1488.31 0.0000e+00
       6857    270.000     8.1850     8.1853   3.655356   3.657813     1.6833      99.05    3.46638    35.0524    35.0783    27.2873    1487.67    1488.31 0.0000e+00
       6881    271.000     8.1854     8.1857   3.655570   3.658032     1.6834      98.92    3.44983    35.0538    35.0798    27.2884    1487.69    1488.31 0.0000e+00
       6905    272.000     8.1855     8.1858   3.655725   3.658185     1.6819      71.89    3.45139    35.0548    35.0808    27.2892    1487.71    1488.30 0.0000e+00
       6929    273.000     8.1855     8.1859   3.655826   3.658280     1.6832      98.67    3.46642    35.0554    35.0813    27.2897    1487.72    1488.30 0.0000e+00
       6953    274.000     8.1855     8.1859   3.655879   3.658351     1.6833      98.92    3.46001    35.0555    35.0815    27.2897    1487.74    1488.30 0.0000e+00
       6978    275.000     8.1858     8.1861   3.655975   3.658427     1.6837      98.92    3.46158    35.0558    35.0817    27.2899    1487.76    1488.30 0.0000e+00
       7002    276.000     8.1858     8.1861   3.656072   3.658534     1.6834      98.92    3.45843    35.0563    35.0823    27.2903    1487.78    1488.30 0.0000e+00
       7026    277.000     8.1859     8.1862   3.656173   3.658628     1.6835      98.92    3.45922    35.0568    35.0828    27.2907    1487.79    1488.29 0.0000e+00
       7050    278.000     8.1858     8.1862   3.656295   3.658746     1.6829      98.92    3.44830    35.0577    35.0835    27.2914    1487.81    1488.29 0.0000e+00
       7074    279.000     8.1859     8.1861   3.656393   3.658848     1.6818      98.92    3.45064    35.0582    35.0842    27.2918    1487.83    1488.29 0.0000e+00
       7098    280.000     8.1856     8.1860   3.656513   3.658972     1.6817      98.93    3.45574    35.0593    35.0852    27.2927    1487.84    1488.29 0.0000e+00
       7122    281.000     8.1857     8.1860   3.656642   3.659095     1.6815      98.92    3.44907    35.0601    35.0860    27.2933    1487.86    1488.29 0.0000e+00
       7147    282.000     8.1856     8.1859   3.656750   3.659209     1.6802      50.22    3.44329    35.0609    35.0869    27.2939    1487.88    1488.29 0.0000e+00
       7171    283.000     8.1856     8.1859   3.656805   3.659275     1.6800      98.28    3.45281    35.0610    35.0871    27.2940    1487.90    1488.29 0.0000e+00
       7195    284.000     8.1856     8.1859   3.656877   3.659334     1.6799      98.93    3.44582    35.0613    35.0872    27.2942    1487.91    1488.28 0.0000e+00
       7219    285.000     8.1854     8.1857   3.657014   3.659463     1.6785      76.05    3.44329    35.0625    35.0883    27.2952    1487.93    1488.28 0.0000e+00
       7244    286.000     8.1852     8.1855   3.657129   3.659588     1.6790      98.94    3.44548    35.0634    35.0894    27.2960    1487.95    1488.28 0.0000e+00
       7268    287.000     8.1851     8.1854   3.657203   3.659665     1.6773      98.92    3.43062    35.0638    35.0898    27.2963    1487.96    1488.28 0.0000e+00
       7292    288.000     8.1851     8.1853   3.657305   3.659765     1.6756      98.93    3.42023    35.0644    35.0905    27.2968    1487.98    1488.28 0.0000e+00
       7316    289.000     8.1851     8.1853   3.657374   3.659828     1.6731      98.93    3.41077    35.0647    35.0907    27.2970    1488.00    1488.28 0.0000e+00
       7340    290.000     8.1851     8.1854   3.657467   3.659918     1.6706      98.93    3.40213    35.0652    35.0911    27.2974    1488.01    1488.28 0.0000e+00
       7365    291.000     8.1852     8.1854   3.657523   3.659985     1.6678      98.92    3.39586    35.0652    35.0913    27.2974    1488.03    1488.28 0.0000e+00
