_data/ctd/2014/sta0388_2014.cnv
* Sea-Bird SBE 9 Data File:
* FileName = C:\Seabird\CTDData\sta0388.hex
* Software Version Seasave V 7.21f
* Temperature SN = 1527
* Conductivity SN = 1827
* Number of Bytes Per Scan = 34
* Number of Voltage Words = 3
* Number of Scans Averaged by the Deck Unit = 1
* NMEA Latitude = 60 52.40 N
* NMEA Longitude = 005 23.08 E
* NMEA UTC (Time) = Oct 05 2014 13:05:07
* NMEA baud rate = 4800
** Ship: 10  F/F G.O. Sars
** Station: 388
** Echodepth: 451.74
** Log: 8745.304
** wind-dir Force: 13 03
** Air temp (dry): 17
** weather sky: 2 8
** sea ice: 3 0
# nquan = 15                                
# nvalues = 453                         
# units = specified
# name 0 = scan: Scan Count
# name 1 = prDM: Pressure, Digiquartz [db]
# name 2 = t068C: Temperature [ITS-68, deg C]
# name 3 = t168C: Temperature, 2 [ITS-68, deg C]
# name 4 = c0S/m: Conductivity [S/m]
# name 5 = c1S/m: Conductivity, 2 [S/m]
# name 6 = sbeox0V: Oxygen raw, SBE 43 [V]
# name 7 = altM: Altimeter [m]
# name 8 = sbeox0ML/L: Oxygen, SBE 43 [ml/l], WS = 2
# name 9 = sal00: Salinity, Practical [PSU]
# name 10 = sal11: Salinity, Practical, 2 [PSU]
# name 11 = sigma-t00: Density [sigma-t, Kg/m^3 ]
# name 12 = svCM: Sound Velocity [Chen-Millero, m/s]
# name 13 = avgsvCM: Average Sound Velocity [Chen-Millero, m/s], minP = 1, minS = 5
# name 14 = flag: flag
# span 0 =        625,      12450       
# span 1 =      4.000,    456.000       
# span 2 =     7.9114,    14.6151       
# span 3 =     7.9120,    14.6153       
# span 4 =   3.567481,   3.886621       
# span 5 =   3.565718,   3.889347       
# span 6 =     1.5458,     2.5961       
# span 7 =      12.93,     102.82       
# span 8 =    3.11347,    5.41455       
# span 9 =    28.9700,    35.0769       
# span 10 =    28.9576,    35.1031      
# span 11 =    21.4635,    27.3045      
# span 12 =    1483.25,    1501.49      
# span 13 =    1488.20,    1500.50      
# span 14 = 0.0000e+00, 0.0000e+00      
# interval = decibars: 1                
# start_time = Oct 05 2014 13:05:11 [System UTC, header]
# bad_flag = -9.990e-29
*END*
        625      4.000    14.3475    14.3429   3.567481   3.565718     2.5954     102.82    5.41455    28.9700    28.9576    21.4635    1497.60    1497.60 0.0000e+00
        657      5.000    14.4128    14.4047   3.629963   3.623806     2.5961      72.62    5.38006    29.4837    29.4343    21.8459    1498.43    1497.77 0.0000e+00
        681      6.000    14.4610    14.4618   3.682929   3.683787     2.5952      94.42    5.35899    29.9243    29.9315    22.1754    1499.12    1497.99 0.0000e+00
        705      7.000    14.4938    14.4943   3.734596   3.738348     2.5934      98.99    5.31970    30.3652    30.3987    22.5083    1499.75    1498.24 0.0000e+00
        730      8.000    14.5385    14.5370   3.773316   3.776070     2.5878      90.01    5.27222    30.6798    30.7058    22.7414    1500.28    1498.50 0.0000e+00
        755      9.000    14.5745    14.5750   3.797039   3.800342     2.5799      98.45    5.23326    30.8654    30.8949    22.8769    1500.63    1498.73 0.0000e+00
        780     10.000    14.5863    14.5859   3.805652   3.807815     2.5711      98.92    5.21014    30.9335    30.9534    22.9270    1500.77    1498.94 0.0000e+00
        804     11.000    14.5915    14.5913   3.807844   3.810485     2.5634      98.92    5.19625    30.9488    30.9729    22.9377    1500.82    1499.11 0.0000e+00
        829     12.000    14.5754    14.5732   3.808328   3.811073     2.5568      98.92    5.18797    30.9657    30.9923    22.9540    1500.80    1499.25 0.0000e+00
        854     13.000    14.5973    14.5944   3.824161   3.825806     2.5513      98.93    5.17702    31.0911    31.1083    23.0460    1501.04    1499.39 0.0000e+00
        879     14.000    14.6107    14.6103   3.835252   3.837617     2.5480      98.92    5.17314    31.1803    31.2020    23.1120    1501.20    1499.52 0.0000e+00
        904     15.000    14.6151    14.6153   3.847535   3.850156     2.5442      40.65    5.15866    31.2876    31.3111    23.1937    1501.36    1499.64 0.0000e+00
        929     16.000    14.6064    14.6062   3.852059   3.854798     2.5416      99.52    5.15748    31.3351    31.3601    23.2322    1501.40    1499.75 0.0000e+00
        954     17.000    14.5958    14.5974   3.852686   3.855457     2.5388      98.93    5.14406    31.3490    31.3728    23.2451    1501.40    1499.85 0.0000e+00
        979     18.000    14.5736    14.5725   3.850677   3.853295     2.5327      98.92    5.08790    31.3483    31.3730    23.2492    1501.34    1499.93 0.0000e+00
       1005     19.000    14.4998    14.5097   3.842442   3.846022     2.5170      98.93    5.05549    31.3329    31.3574    23.2527    1501.10    1499.99 0.0000e+00
       1029     20.000    14.4457    14.4439   3.839661   3.842404     2.5116      98.93    5.10476    31.3509    31.3773    23.2779    1500.96    1500.04 0.0000e+00
       1054     21.000    14.4134    14.4127   3.846119   3.848847     2.5125      92.74    5.12389    31.4355    31.4608    23.3497    1500.97    1500.08 0.0000e+00
       1079     22.000    14.4407    14.4411   3.853152   3.855999     2.5118      98.90    5.08397    31.4769    31.5025    23.3760    1501.13    1500.13 0.0000e+00
       1103     23.000    14.4457    14.4433   3.856308   3.858543     2.5053      98.92    5.08244    31.5012    31.5234    23.3937    1501.19    1500.18 0.0000e+00
       1128     24.000    14.4613    14.4601   3.863401   3.866012     2.5061      98.92    5.07742    31.5526    31.5773    23.4301    1501.32    1500.22 0.0000e+00
       1153     25.000    14.4707    14.4718   3.870938   3.873890     2.5001      98.93    5.06128    31.6131    31.6391    23.4748    1501.43    1500.27 0.0000e+00
       1177     26.000    14.4399    14.4390   3.874970   3.877508     2.5014      98.92    5.09330    31.6746    31.6984    23.5286    1501.42    1500.32 0.0000e+00
       1202     27.000    14.3754    14.3766   3.876230   3.879059     2.5023      98.80    5.07840    31.7384    31.7633    23.5912    1501.30    1500.35 0.0000e+00
       1227     28.000    14.3798    14.3797   3.879354   3.882142     2.4980      49.16    5.05794    31.7629    31.7884    23.6092    1501.36    1500.39 0.0000e+00
       1251     29.000    14.3952    14.3953   3.886621   3.889347     2.4962      99.43    5.06402    31.8162    31.8410    23.6471    1501.49    1500.43 0.0000e+00
       1276     30.000    14.2991    14.3006   3.879117   3.881899     2.4952      98.86    5.05967    31.8263    31.8505    23.6749    1501.21    1500.45 0.0000e+00
       1300     31.000    14.2780    14.2784   3.879804   3.882583     2.4903      74.93    5.04452    31.8496    31.8747    23.6972    1501.18    1500.48 0.0000e+00
       1324     32.000    14.2019    14.2041   3.874283   3.877087     2.4876      98.83    5.05166    31.8614    31.8853    23.7220    1500.97    1500.49 0.0000e+00
       1349     33.000    14.0885    14.0886   3.869820   3.872505     2.4841      98.92    5.03928    31.9138    31.9384    23.7858    1500.68    1500.50 0.0000e+00
       1373     34.000    13.9752    13.9776   3.863394   3.866159     2.4775      98.92    5.01902    31.9483    31.9717    23.8356    1500.36    1500.49 0.0000e+00
       1398     35.000    13.8750    13.8752   3.860782   3.863571     2.4703      98.92    5.02440    32.0071    32.0327    23.9015    1500.12    1500.48 0.0000e+00
       1422     36.000    13.8361    13.8365   3.860773   3.863539     2.4677      98.92    5.04459    32.0391    32.0643    23.9341    1500.05    1500.47 0.0000e+00
       1446     37.000    13.7288    13.7303   3.854855   3.857553     2.4677      98.92    5.05887    32.0736    32.0973    23.9825    1499.75    1500.45 0.0000e+00
       1471     38.000    13.5693    13.5704   3.844303   3.847002     2.4660      98.92    5.05212    32.1089    32.1331    24.0420    1499.28    1500.42 0.0000e+00
       1495     39.000    13.3783    13.3827   3.828529   3.831264     2.4616      98.92    5.05333    32.1222    32.1440    24.0904    1498.68    1500.38 0.0000e+00
       1520     40.000    13.0959    13.0975   3.805035   3.807705     2.4549      98.70    4.99792    32.1401    32.1638    24.1600    1497.78    1500.31 0.0000e+00
       1544     41.000    12.9653    12.9661   3.796929   3.799571     2.4362      46.88    5.00027    32.1741    32.1983    24.2119    1497.40    1500.24 0.0000e+00
       1568     42.000    12.8157    12.8171   3.786274   3.788911     2.4382      99.11    5.11201    32.2002    32.2240    24.2612    1496.94    1500.16 0.0000e+00
       1592     43.000    12.7262    12.7263   3.780135   3.782739     2.4440      98.89    5.13184    32.2180    32.2426    24.2923    1496.68    1500.08 0.0000e+00
       1617     44.000    12.5731    12.5755   3.769346   3.771970     2.4472      81.34    5.15345    32.2459    32.2689    24.3433    1496.21    1499.99 0.0000e+00
       1641     45.000    12.3153    12.3202   3.752247   3.754913     2.4507      98.87    5.17676    32.3036    32.3250    24.4371    1495.42    1499.89 0.0000e+00
       1665     46.000    12.0080    12.0141   3.733683   3.736405     2.4511      98.91    5.18472    32.3904    32.4114    24.5620    1494.48    1499.77 0.0000e+00
       1690     47.000    11.7698    11.7742   3.723656   3.726386     2.4478      95.77    5.18503    32.5004    32.5231    24.6914    1493.81    1499.64 0.0000e+00
       1714     48.000    11.5637    11.5675   3.715528   3.718196     2.4448      98.96    5.21109    32.6016    32.6243    24.8078    1493.23    1499.51 0.0000e+00
       1738     49.000    11.2564    11.2635   3.701669   3.704379     2.4446      98.92    5.24348    32.7369    32.7572    24.9684    1492.34    1499.36 0.0000e+00
       1763     50.000    11.0061    11.0117   3.695342   3.697971     2.4417      98.92    5.24005    32.8972    32.9182    25.1377    1491.67    1499.21 0.0000e+00
       1787     51.000    10.9018    10.9042   3.699005   3.701634     2.4383      98.92    5.24932    33.0268    33.0508    25.2570    1491.48    1499.06 0.0000e+00
       1811     52.000    10.7673    10.7707   3.693679   3.696396     2.4374      98.86    5.26856    33.0948    33.1188    25.3336    1491.10    1498.90 0.0000e+00
       1835     53.000    10.6521    10.6545   3.690372   3.693082     2.4347      46.10    5.25435    33.1657    33.1906    25.4090    1490.79    1498.75 0.0000e+00
       1860     54.000    10.3792    10.3920   3.667572   3.670815     2.4311      99.27    5.27169    33.1850    33.2059    25.4711    1489.86    1498.58 0.0000e+00
       1884     55.000    10.1194    10.1220   3.657626   3.660237     2.4259      98.83    5.25331    33.3221    33.3462    25.6222    1489.11    1498.41 0.0000e+00
       1908     56.000    10.0435    10.0463   3.660904   3.663536     2.4165      57.60    5.24755    33.4250    33.4491    25.7153    1488.98    1498.24 0.0000e+00
       1932     57.000     9.8602     9.8634   3.648716   3.651313     2.4143      98.66    5.28761    33.4702    33.4937    25.7813    1488.39    1498.07 0.0000e+00
       1957     58.000     9.7961     9.7986   3.650778   3.653619     2.4104      98.87    5.26769    33.5504    33.5771    25.8546    1488.28    1497.90 0.0000e+00
       1981     59.000     9.7740     9.7764   3.657833   3.660479     2.4062      67.08    5.27657    33.6428    33.6676    25.9304    1488.32    1497.73 0.0000e+00
       2005     60.000     9.6526     9.6566   3.649698   3.652422     2.4056      98.35    5.27591    33.6725    33.6967    25.9737    1487.94    1497.57 0.0000e+00
       2029     61.000     9.5183     9.5214   3.646381   3.649052     2.3988      98.86    5.21995    33.7641    33.7887    26.0673    1487.58    1497.40 0.0000e+00
       2054     62.000     9.4226     9.4266   3.640607   3.643323     2.3874      76.82    5.19287    33.7943    33.8186    26.1065    1487.28    1497.24 0.0000e+00
       2078     63.000     9.2921     9.2926   3.634990   3.637525     2.3784      99.23    5.17698    33.8591    33.8849    26.1784    1486.90    1497.07 0.0000e+00
       2102     64.000     9.2803     9.2820   3.638179   3.640808     2.3668      98.82    5.14427    33.9029    33.9286    26.2146    1486.93    1496.92 0.0000e+00
       2126     65.000     9.2136     9.2169   3.636398   3.639084     2.3573      87.18    5.13689    33.9474    33.9721    26.2601    1486.75    1496.76 0.0000e+00
       2151     66.000     9.0718     9.0742   3.627633   3.630235     2.3477      99.02    5.10124    33.9908    34.0157    26.3168    1486.30    1496.60 0.0000e+00
       2175     67.000     9.0629     9.0630   3.630235   3.632835     2.3334      98.92    5.04051    34.0260    34.0530    26.3458    1486.33    1496.44 0.0000e+00
       2200     68.000     8.9620     8.9665   3.622267   3.624970     2.3201      98.44    5.03420    34.0389    34.0628    26.3719    1485.99    1496.29 0.0000e+00
       2224     69.000     8.8305     8.8336   3.616816   3.619404     2.3088      98.92    5.01252    34.1075    34.1317    26.4464    1485.60    1496.13 0.0000e+00
       2248     70.000     8.7532     8.7551   3.614176   3.616750     2.2959      98.92    4.97705    34.1538    34.1790    26.4947    1485.39    1495.98 0.0000e+00
       2272     71.000     8.6099     8.6122   3.604124   3.606699     2.2836      98.93    4.95202    34.1858    34.2108    26.5421    1484.91    1495.82 0.0000e+00
       2296     72.000     8.5417     8.5437   3.603203   3.605766     2.2691      98.93    4.90035    34.2417    34.2668    26.5965    1484.74    1495.67 0.0000e+00
       2320     73.000     8.4738     8.4759   3.600401   3.602975     2.2539      98.92    4.87158    34.2775    34.3027    26.6350    1484.55    1495.51 0.0000e+00
       2344     74.000     8.4242     8.4250   3.599034   3.601593     2.2401      98.92    4.83811    34.3108    34.3372    26.6688    1484.42    1495.36 0.0000e+00
       2368     75.000     8.3622     8.3642   3.599262   3.601812     2.2261      98.92    4.80593    34.3732    34.3983    26.7272    1484.28    1495.21 0.0000e+00
       2392     76.000     8.3026     8.3041   3.596206   3.598751     2.2124      98.92    4.77623    34.3985    34.4241    26.7561    1484.11    1495.07 0.0000e+00
       2417     77.000     8.2544     8.2567   3.595349   3.598001     2.1990      98.85    4.73664    34.4361    34.4621    26.7930    1483.99    1494.92 0.0000e+00
       2441     78.000     8.1844     8.1862   3.590758   3.593282     2.1848      48.04    4.71578    34.4553    34.4805    26.8187    1483.77    1494.78 0.0000e+00
       2465     79.000     8.1449     8.1460   3.589926   3.592478     2.1730      98.51    4.68779    34.4847    34.5109    26.8477    1483.67    1494.64 0.0000e+00
       2489     80.000     8.1065     8.1080   3.589577   3.592079     2.1602      98.89    4.64679    34.5183    34.5436    26.8799    1483.59    1494.50 0.0000e+00
       2514     81.000     8.0488     8.0492   3.586984   3.589419     2.1468      73.26    4.62739    34.5469    34.5726    26.9110    1483.42    1494.36 0.0000e+00
       2538     82.000     8.0449     8.0455   3.588198   3.590657     2.1363      98.56    4.60499    34.5633    34.5891    26.9245    1483.44    1494.23 0.0000e+00
       2562     83.000     8.0131     8.0132   3.586507   3.588933     2.1250      98.92    4.57681    34.5761    34.6020    26.9393    1483.36    1494.09 0.0000e+00
       2586     84.000     7.9845     7.9851   3.585490   3.587934     2.1153      98.92    4.57089    34.5930    34.6186    26.9568    1483.28    1493.96 0.0000e+00
       2610     85.000     7.9867     7.9868   3.588434   3.590853     2.1073      98.92    4.55159    34.6219    34.6478    26.9792    1483.35    1493.84 0.0000e+00
       2634     86.000     7.9613     7.9620   3.588754   3.591220     2.0992      98.92    4.53513    34.6500    34.6758    27.0051    1483.30    1493.71 0.0000e+00
       2658     87.000     7.9360     7.9368   3.588986   3.591428     2.0920      98.92    4.52497    34.6771    34.7026    27.0301    1483.25    1493.59 0.0000e+00
       2681     88.000     7.9257     7.9260   3.590159   3.592600     2.0855      98.92    4.50896    34.6995    34.7254    27.0492    1483.26    1493.48 0.0000e+00
       2705     89.000     7.9204     7.9209   3.590843   3.593286     2.0789      98.92    4.48349    34.7116    34.7374    27.0595    1483.27    1493.36 0.0000e+00
       2729     90.000     7.9172     7.9176   3.592104   3.594529     2.0706      98.92    4.44137    34.7279    34.7536    27.0728    1483.30    1493.25 0.0000e+00
       2753     91.000     7.9154     7.9157   3.593233   3.595665     2.0608      50.08    4.42162    34.7413    34.7672    27.0836    1483.32    1493.14 0.0000e+00
       2776     92.000     7.9204     7.9205   3.594340   3.596771     2.0544      98.01    4.42731    34.7478    34.7738    27.0879    1483.37    1493.03 0.0000e+00
       2800     93.000     7.9223     7.9227   3.595009   3.597449     2.0487      98.92    4.41126    34.7526    34.7785    27.0914    1483.40    1492.93 0.0000e+00
       2824     94.000     7.9417     7.9411   3.598452   3.600816     2.0429      76.83    4.40305    34.7699    34.7959    27.1021    1483.51    1492.83 0.0000e+00
       2848     95.000     7.9583     7.9589   3.602254   3.604707     2.0396      97.99    4.40179    34.7937    34.8195    27.1184    1483.62    1492.73 0.0000e+00
       2872     96.000     7.9705     7.9708   3.604806   3.607237     2.0348      98.93    4.35694    34.8085    34.8344    27.1282    1483.70    1492.63 0.0000e+00
       2896     97.000     7.9398     7.9409   3.602069   3.604518     2.0257      98.75    4.29472    34.8092    34.8344    27.1333    1483.60    1492.54 0.0000e+00
       2919     98.000     7.9114     7.9120   3.600214   3.602639     2.0133      98.91    4.24957    34.8170    34.8425    27.1437    1483.52    1492.45 0.0000e+00
       2943     99.000     7.9114     7.9126   3.600943   3.603491     2.0026      98.92    4.27314    34.8244    34.8506    27.1495    1483.54    1492.36 0.0000e+00
