_data/ctd/2014/sta0391_2014.cnv
* Sea-Bird SBE 9 Data File:
* FileName = C:\Seabird\CTDData\sta0391.hex
* Software Version Seasave V 7.21f
* Temperature SN = 1527
* Conductivity SN = 1827
* Number of Bytes Per Scan = 34
* Number of Voltage Words = 3
* Number of Scans Averaged by the Deck Unit = 1
* NMEA Latitude = 60 50.58 N
* NMEA Longitude = 005 20.81 E
* NMEA UTC (Time) = Oct 06 2014 10:37:44
* NMEA baud rate = 4800
** Ship: 10  F/F G.O. Sars
** Station: 391
** Echodepth: 346.81
** Log: 8765.733
** wind-dir Force: 17 07
** Air temp (dry): 20
** weather sky: 2 8
** sea ice: 3 0
# nquan = 15                                
# nvalues = 360                         
# units = specified
# name 0 = scan: Scan Count
# name 1 = prDM: Pressure, Digiquartz [db]
# name 2 = t068C: Temperature [ITS-68, deg C]
# name 3 = t168C: Temperature, 2 [ITS-68, deg C]
# name 4 = c0S/m: Conductivity [S/m]
# name 5 = c1S/m: Conductivity, 2 [S/m]
# name 6 = sbeox0V: Oxygen raw, SBE 43 [V]
# name 7 = altM: Altimeter [m]
# name 8 = sbeox0ML/L: Oxygen, SBE 43 [ml/l], WS = 2
# name 9 = sal00: Salinity, Practical [PSU]
# name 10 = sal11: Salinity, Practical, 2 [PSU]
# name 11 = sigma-t00: Density [sigma-t, Kg/m^3 ]
# name 12 = svCM: Sound Velocity [Chen-Millero, m/s]
# name 13 = avgsvCM: Average Sound Velocity [Chen-Millero, m/s], minP = 1, minS = 5
# name 14 = flag: flag
# span 0 =        449,      11846       
# span 1 =      1.000,    360.000       
# span 2 =     7.8967,    14.3996       
# span 3 =     7.8971,    14.3996       
# span 4 =   2.476882,   3.901150       
# span 5 =   2.425938,   3.904047       
# span 6 =     1.5136,     2.6621       
# span 7 =      11.38,     129.99       
# span 8 =    2.99148,    6.00758       
# span 9 =    20.1698,    35.0751       
# span 10 =    19.7509,    35.0993      
# span 11 =    14.9698,    27.3043      
# span 12 =    1482.02,    1501.38      
# span 13 =    1482.02,    1499.36      
# span 14 = 0.0000e+00, 0.0000e+00      
# interval = decibars: 1                
# start_time = Oct 06 2014 10:37:48 [System UTC, header]
# bad_flag = -9.990e-29
*END*
[from data line 193]
       5115    194.000     8.1165     8.1170   3.642673   3.644931     1.7077      57.08    3.50051    35.0217    35.0454    27.2736    1486.12    1488.61 0.0000e+00
       5139    195.000     8.1172     8.1175   3.642837   3.645035     1.7080      98.54    3.49329    35.0223    35.0455    27.2740    1486.14    1488.60 0.0000e+00
       5163    196.000     8.1178     8.1183   3.642925   3.645183     1.7058      76.15    3.47272    35.0221    35.0458    27.2738    1486.16    1488.59 0.0000e+00
       5187    197.000     8.1178     8.1181   3.642978   3.645210     1.7041      57.15    3.48721    35.0222    35.0458    27.2738    1486.18    1488.58 0.0000e+00
       5212    198.000     8.1179     8.1182   3.643022   3.645251     1.7040      99.30    3.49039    35.0221    35.0457    27.2737    1486.19    1488.56 0.0000e+00
       5236    199.000     8.1177     8.1183   3.643044   3.645317     1.7039      76.21    3.48791    35.0220    35.0458    27.2737    1486.21    1488.55 0.0000e+00
       5260    200.000     8.1189     8.1190   3.643263   3.645459     1.7037      57.42    3.49545    35.0227    35.0461    27.2741    1486.23    1488.54 0.0000e+00
       5284    201.000     8.1210     8.1213   3.643604   3.645827     1.7042      99.52    3.49255    35.0238    35.0473    27.2746    1486.26    1488.53 0.0000e+00
       5308    202.000     8.1215     8.1217   3.643713   3.645905     1.7035      76.81    3.47887    35.0240    35.0472    27.2747    1486.28    1488.52 0.0000e+00
       5332    203.000     8.1219     8.1221   3.643804   3.646002     1.7021      59.86    3.47784    35.0240    35.0474    27.2747    1486.29    1488.51 0.0000e+00
       5356    204.000     8.1233     8.1228   3.644060   3.646172     1.7004      77.01    3.46112    35.0249    35.0480    27.2751    1486.32    1488.50 0.0000e+00
       5380    205.000     8.1237     8.1237   3.644137   3.646324     1.6989      58.96    3.47965    35.0248    35.0483    27.2750    1486.33    1488.49 0.0000e+00
       5404    206.000     8.1231     8.1233   3.644100   3.646310     1.6996      99.02    3.48207    35.0246    35.0480    27.2749    1486.35    1488.48 0.0000e+00
       5427    207.000     8.1233     8.1236   3.644165   3.646388     1.6993      80.99    3.47762    35.0246    35.0481    27.2749    1486.37    1488.47 0.0000e+00
       5450    208.000     8.1240     8.1243   3.644319   3.646529     1.6991      55.83    3.48541    35.0250    35.0484    27.2751    1486.39    1488.46 0.0000e+00
       5474    209.000     8.1250     8.1253   3.644486   3.646718     1.6996      99.31    3.48158    35.0254    35.0489    27.2752    1486.41    1488.45 0.0000e+00
       5498    210.000     8.1252     8.1256   3.644561   3.646805     1.6990      85.51    3.46945    35.0255    35.0491    27.2753    1486.42    1488.44 0.0000e+00
       5521    211.000     8.1258     8.1261   3.644686   3.646895     1.6975      53.08    3.47581    35.0257    35.0491    27.2754    1486.44    1488.43 0.0000e+00
       5545    212.000     8.1262     8.1267   3.644781   3.647033     1.6978      69.09    3.46863    35.0259    35.0495    27.2754    1486.46    1488.42 0.0000e+00
       5568    213.000     8.1268     8.1272   3.644898   3.647156     1.6964      56.37    3.46613    35.0260    35.0498    27.2755    1486.48    1488.41 0.0000e+00
       5592    214.000     8.1293     8.1295   3.645307   3.647516     1.6958      49.19    3.47143    35.0274    35.0509    27.2762    1486.51    1488.40 0.0000e+00
       5616    215.000     8.1308     8.1311   3.645561   3.647761     1.6951      74.46    3.45657    35.0282    35.0514    27.2766    1486.53    1488.39 0.0000e+00
       5640    216.000     8.1313     8.1319   3.645653   3.647920     1.6936      45.23    3.46616    35.0282    35.0518    27.2765    1486.55    1488.38 0.0000e+00
       5664    217.000     8.1309     8.1314   3.645645   3.647911     1.6940      74.61    3.46003    35.0280    35.0518    27.2764    1486.56    1488.37 0.0000e+00
       5688    218.000     8.1319     8.1322   3.645830   3.648070     1.6922      49.09    3.44493    35.0285    35.0522    27.2767    1486.58    1488.37 0.0000e+00
       5712    219.000     8.1336     8.1335   3.646094   3.648279     1.6893      76.05    3.42997    35.0292    35.0526    27.2769    1486.61    1488.36 0.0000e+00
       5736    220.000     8.1345     8.1347   3.646275   3.648483     1.6877      52.78    3.45478    35.0297    35.0531    27.2772    1486.63    1488.35 0.0000e+00
       5760    221.000     8.1343     8.1347   3.646287   3.648515     1.6889      76.13    3.45757    35.0296    35.0530    27.2771    1486.64    1488.34 0.0000e+00
       5784    222.000     8.1347     8.1351   3.646378   3.648612     1.6887      54.90    3.46202    35.0296    35.0532    27.2771    1486.66    1488.33 0.0000e+00
       5808    223.000     8.1354     8.1362   3.646529   3.648822     1.6892      80.24    3.45190    35.0301    35.0538    27.2774    1486.68    1488.33 0.0000e+00
       5832    224.000     8.1367     8.1370   3.646725   3.648945     1.6885      55.53    3.45989    35.0304    35.0539    27.2774    1486.70    1488.32 0.0000e+00
       5857    225.000     8.1371     8.1374   3.646825   3.649060     1.6890      79.47    3.44892    35.0306    35.0542    27.2775    1486.72    1488.31 0.0000e+00
       5881    226.000     8.1383     8.1385   3.647030   3.649259     1.6878      58.41    3.45471    35.0311    35.0548    27.2777    1486.74    1488.31 0.0000e+00
       5905    227.000     8.1389     8.1393   3.647162   3.649398     1.6879      79.17    3.45111    35.0314    35.0550    27.2779    1486.76    1488.30 0.0000e+00
       5930    228.000     8.1395     8.1398   3.647301   3.649513     1.6876      65.31    3.45416    35.0318    35.0552    27.2781    1486.78    1488.29 0.0000e+00
       5954    229.000     8.1400     8.1404   3.647416   3.649630     1.6875      61.13    3.45598    35.0321    35.0554    27.2782    1486.80    1488.29 0.0000e+00
       5978    230.000     8.1402     8.1405   3.647465   3.649684     1.6872      80.71    3.44527    35.0319    35.0554    27.2781    1486.82    1488.28 0.0000e+00
       6001    231.000     8.1408     8.1411   3.647599   3.649804     1.6863      69.11    3.44432    35.0323    35.0556    27.2783    1486.84    1488.27 0.0000e+00
       6025    232.000     8.1422     8.1425   3.647840   3.650046     1.6854      60.51    3.44642    35.0330    35.0563    27.2786    1486.86    1488.27 0.0000e+00
       6049    233.000     8.1430     8.1432   3.647987   3.650200     1.6850      82.20    3.43496    35.0333    35.0568    27.2787    1486.88    1488.26 0.0000e+00
       6073    234.000     8.1439     8.1444   3.648152   3.650413     1.6837      72.81    3.43780    35.0337    35.0573    27.2789    1486.90    1488.25 0.0000e+00
       6097    235.000     8.1466     8.1469   3.648585   3.650809     1.6827      58.01    3.43971    35.0351    35.0586    27.2796    1486.93    1488.25 0.0000e+00
       6121    236.000     8.1487     8.1490   3.648920   3.651159     1.6826      84.68    3.43507    35.0361    35.0598    27.2801    1486.95    1488.24 0.0000e+00
       6145    237.000     8.1522     8.1524   3.649448   3.651667     1.6818      74.71    3.43370    35.0378    35.0613    27.2809    1486.98    1488.24 0.0000e+00
       6169    238.000     8.1538     8.1541   3.649748   3.651951     1.6809      58.70    3.43681    35.0389    35.0622    27.2815    1487.01    1488.23 0.0000e+00
       6193    239.000     8.1541     8.1545   3.649829   3.652055     1.6808      88.05    3.42591    35.0390    35.0624    27.2815    1487.03    1488.23 0.0000e+00
       6217    240.000     8.1547     8.1551   3.649958   3.652186     1.6791      76.11    3.42024    35.0393    35.0627    27.2817    1487.05    1488.22 0.0000e+00
       6241    241.000     8.1554     8.1559   3.650101   3.652359     1.6776      61.79    3.42197    35.0397    35.0633    27.2818    1487.06    1488.22 0.0000e+00
       6266    242.000     8.1572     8.1575   3.650396   3.652628     1.6770      87.87    3.41287    35.0405    35.0641    27.2823    1487.09    1488.21 0.0000e+00
       6290    243.000     8.1591     8.1593   3.650720   3.652947     1.6750      77.76    3.40213    35.0416    35.0652    27.2828    1487.11    1488.21 0.0000e+00
       6314    244.000     8.1599     8.1602   3.650886   3.653110     1.6730      64.32    3.41236    35.0421    35.0656    27.2831    1487.13    1488.20 0.0000e+00
       6338    245.000     8.1608     8.1612   3.651047   3.653297     1.6731      89.98    3.41101    35.0425    35.0661    27.2832    1487.15    1488.20 0.0000e+00
       6362    246.000     8.1643     8.1654   3.651660   3.654004     1.6724      78.62    3.41039    35.0450    35.0690    27.2847    1487.19    1488.20 0.0000e+00
       6387    247.000     8.1673     8.1676   3.652116   3.654355     1.6718      68.44    3.41259    35.0464    35.0701    27.2854    1487.22    1488.19 0.0000e+00
       6410    248.000     8.1675     8.1681   3.652187   3.654457     1.6714      90.28    3.40220    35.0465    35.0702    27.2854    1487.23    1488.19 0.0000e+00
       6435    249.000     8.1670     8.1672   3.652141   3.654347     1.6698      79.90    3.39147    35.0460    35.0694    27.2851    1487.25    1488.18 0.0000e+00
       6459    250.000     8.1676     8.1680   3.652204   3.654471     1.6680      71.89    3.39364    35.0456    35.0695    27.2847    1487.27    1488.18 0.0000e+00
       6483    251.000     8.1682     8.1684   3.652359   3.654565     1.6668      90.99    3.37750    35.0462    35.0696    27.2850    1487.29    1488.18 0.0000e+00
       6508    252.000     8.1729     8.1733   3.653197   3.655470     1.6634      80.90    3.36903    35.0500    35.0739    27.2873    1487.32    1488.17 0.0000e+00
       6532    253.000     8.1737     8.1742   3.653361   3.655620     1.6629      75.32    3.39758    35.0505    35.0741    27.2876    1487.34    1488.17 0.0000e+00
       6556    254.000     8.1743     8.1746   3.653502   3.655729     1.6638      92.33    3.39389    35.0509    35.0744    27.2878    1487.36    1488.17 0.0000e+00
       6581    255.000     8.1745     8.1748   3.653587   3.655822     1.6631      82.94    3.38152    35.0511    35.0747    27.2879    1487.38    1488.16 0.0000e+00
       6605    256.000     8.1749     8.1752   3.653665   3.655909     1.6625      77.26    3.39192    35.0511    35.0748    27.2879    1487.40    1488.16 0.0000e+00
       6630    257.000     8.1760     8.1763   3.653894   3.656135     1.6625      93.13    3.38676    35.0520    35.0756    27.2884    1487.42    1488.16 0.0000e+00
       6654    258.000     8.1768     8.1769   3.654076   3.656290     1.6618      81.44    3.37982    35.0526    35.0762    27.2888    1487.44    1488.16 0.0000e+00
       6678    259.000     8.1772     8.1777   3.654162   3.656451     1.6614      81.09    3.39041    35.0527    35.0766    27.2887    1487.46    1488.15 0.0000e+00
       6703    260.000     8.1779     8.1783   3.654324   3.656584     1.6616      95.11    3.38466    35.0532    35.0770    27.2891    1487.48    1488.15 0.0000e+00
       6727    261.000     8.1782     8.1784   3.654404   3.656626     1.6605      81.08    3.37472    35.0533    35.0768    27.2891    1487.50    1488.15 0.0000e+00
       6751    262.000     8.1780     8.1784   3.654542   3.656800     1.6595      81.19    3.36249    35.0545    35.0782    27.2900    1487.51    1488.15 0.0000e+00
       6775    263.000     8.1785     8.1789   3.654672   3.656919     1.6558      98.27    3.34490    35.0549    35.0785    27.2903    1487.53    1488.14 0.0000e+00
       6799    264.000     8.1791     8.1797   3.654809   3.657088     1.6540      98.65    3.34932    35.0553    35.0790    27.2905    1487.55    1488.14 0.0000e+00
       6823    265.000     8.1791     8.1797   3.654915   3.657186     1.6518      82.15    3.34864    35.0559    35.0796    27.2910    1487.57    1488.14 0.0000e+00
       6848    266.000     8.1796     8.1799   3.655045   3.657290     1.6519      83.94    3.37008    35.0563    35.0800    27.2913    1487.59    1488.14 0.0000e+00
       6872    267.000     8.1796     8.1800   3.655101   3.657353     1.6524      99.08    3.36200    35.0565    35.0801    27.2914    1487.60    1488.13 0.0000e+00
       6896    268.000     8.1798     8.1801   3.655164   3.657419     1.6512      80.38    3.35055    35.0565    35.0803    27.2913    1487.62    1488.13 0.0000e+00
       6920    269.000     8.1799     8.1802   3.655257   3.657486     1.6508      85.48    3.36196    35.0569    35.0804    27.2916    1487.64    1488.13 0.0000e+00
       6945    270.000     8.1801     8.1806   3.655329   3.657589     1.6507      98.95    3.35136    35.0570    35.0806    27.2917    1487.66    1488.13 0.0000e+00
       6969    271.000     8.1794     8.1797   3.655448   3.657690     1.6488      82.23    3.33958    35.0584    35.0821    27.2929    1487.67    1488.13 0.0000e+00
       6993    272.000     8.1794     8.1798   3.655616   3.657867     1.6482      87.67    3.35146    35.0598    35.0834    27.2940    1487.69    1488.13 0.0000e+00
       7017    273.000     8.1798     8.1802   3.655737   3.657991     1.6473      98.80    3.32787    35.0602    35.0839    27.2942    1487.71    1488.12 0.0000e+00
       7042    274.000     8.1800     8.1804   3.655817   3.658072     1.6431      80.14    3.29924    35.0603    35.0840    27.2943    1487.73    1488.12 0.0000e+00
       7066    275.000     8.1802     8.1806   3.655902   3.658145     1.6398      88.75    3.30202    35.0606    35.0841    27.2945    1487.74    1488.12 0.0000e+00
       7090    276.000     8.1804     8.1807   3.655965   3.658207     1.6366      99.05    3.29180    35.0606    35.0842    27.2945    1487.76    1488.12 0.0000e+00
       7114    277.000     8.1806     8.1810   3.656050   3.658299     1.6337      82.73    3.28973    35.0608    35.0844    27.2946    1487.78    1488.12 0.0000e+00
       7138    278.000     8.1808     8.1812   3.656123   3.658382     1.6324      90.45    3.30159    35.0609    35.0846    27.2947    1487.80    1488.12 0.0000e+00
       7162    279.000     8.1809     8.1813   3.656193   3.658442     1.6311      98.84    3.28908    35.0611    35.0847    27.2948    1487.81    1488.12 0.0000e+00
       7186    280.000     8.1813     8.1816   3.656319   3.658563     1.6287      80.47    3.27894    35.0615    35.0852    27.2951    1487.83    1488.12 0.0000e+00
       7211    281.000     8.1822     8.1825   3.656591   3.658836     1.6276      91.34    3.29269    35.0631    35.0867    27.2961    1487.85    1488.11 0.0000e+00
       7235    282.000     8.1823     8.1827   3.656724   3.658978     1.6268      99.06    3.28224    35.0639    35.0876    27.2968    1487.87    1488.11 0.0000e+00
       7259    283.000     8.1824     8.1828   3.656843   3.659082     1.6248      81.70    3.26960    35.0646    35.0881    27.2973    1487.89    1488.11 0.0000e+00
       7283    284.000     8.1826     8.1830   3.656931   3.659194     1.6231      93.46    3.26175    35.0649    35.0886    27.2975    1487.91    1488.11 0.0000e+00
       7308    285.000     8.1827     8.1830   3.657025   3.659278     1.6197      98.96    3.23849    35.0653    35.0890    27.2978    1487.92    1488.11 0.0000e+00
       7332    286.000     8.1829     8.1831   3.657109   3.659352     1.6155      82.16    3.22787    35.0655    35.0893    27.2979    1487.94    1488.11 0.0000e+00
       7356    287.000     8.1829     8.1833   3.657189   3.659443     1.6131      94.04    3.23153    35.0659    35.0896    27.2982    1487.96    1488.11 0.0000e+00
       7380    288.000     8.1830     8.1834   3.657297   3.659543     1.6097      89.33    3.21648    35.0664    35.0900    27.2987    1487.98    1488.11 0.0000e+00
       7404    289.000     8.1833     8.1835   3.657376   3.659642     1.6069      82.53    3.21214    35.0665    35.0905    27.2987    1487.99    1488.11 0.0000e+00
