_data/ctd/2014/sta0390_2014.cnv
* Sea-Bird SBE 9 Data File:
* FileName = C:\Seabird\CTDData\sta0390.hex
* Software Version Seasave V 7.21f
* Temperature SN = 1527
* Conductivity SN = 1827
* Number of Bytes Per Scan = 34
* Number of Voltage Words = 3
* Number of Scans Averaged by the Deck Unit = 1
* NMEA Latitude = 60 52.38 N
* NMEA Longitude = 005 23.06 E
* NMEA UTC (Time) = Oct 06 2014 03:39:44
* NMEA baud rate = 4800
** Ship: 10  F/F G.O. Sars
** Station: 390
** Echodepth: 450.16
** Log: 8756.437
** wind-dir Force: 77 22
** Air temp (dry): 15
** weather sky: 2 8
** sea ice: 3 0
# nquan = 15                                
# nvalues = 453                         
# units = specified
# name 0 = scan: Scan Count
# name 1 = prDM: Pressure, Digiquartz [db]
# name 2 = t068C: Temperature [ITS-68, deg C]
# name 3 = t168C: Temperature, 2 [ITS-68, deg C]
# name 4 = c0S/m: Conductivity [S/m]
# name 5 = c1S/m: Conductivity, 2 [S/m]
# name 6 = sbeox0V: Oxygen raw, SBE 43 [V]
# name 7 = altM: Altimeter [m]
# name 8 = sbeox0ML/L: Oxygen, SBE 43 [ml/l], WS = 2
# name 9 = sal00: Salinity, Practical [PSU]
# name 10 = sal11: Salinity, Practical, 2 [PSU]
# name 11 = sigma-t00: Density [sigma-t, Kg/m^3 ]
# name 12 = svCM: Sound Velocity [Chen-Millero, m/s]
# name 13 = avgsvCM: Average Sound Velocity [Chen-Millero, m/s], minP = 1, minS = 5
# name 14 = flag: flag
# span 0 =        446,      12294       
# span 1 =      3.000,    455.000       
# span 2 =     7.9120,    14.5273       
# span 3 =     7.9124,    14.5268       
# span 4 =   2.208592,   3.892121       
# span 5 =   2.236918,   3.894736       
# span 6 =     1.5391,     2.7121       
# span 7 =       9.41,      99.52       
# span 8 =    3.07587,    6.17027       
# span 9 =    17.9209,    35.0771       
# span 10 =    18.1530,    35.1021      
# span 11 =    13.2816,    27.3045      
# span 12 =    1478.42,    1501.46      
# span 13 =    1478.42,    1498.73      
# span 14 = 0.0000e+00, 0.0000e+00      
# interval = decibars: 1                
# start_time = Oct 06 2014 03:39:47 [System UTC, header]
# bad_flag = -9.990e-29
*END*
[from data line 97]
       2817    100.000     7.9441     7.9441   3.605346   3.607653     1.9904      98.93    4.25460    34.8387    34.8635    27.1558    1483.70    1491.85 0.0000e+00
       2841    101.000     7.9450     7.9452   3.605943   3.608253     1.9890      96.75    4.29099    34.8437    34.8684    27.1596    1483.73    1491.77 0.0000e+00
       2865    102.000     7.9451     7.9454   3.606534   3.608849     1.9895      59.61    4.30376    34.8495    34.8741    27.1642    1483.75    1491.69 0.0000e+00
       2889    103.000     7.9420     7.9422   3.606509   3.608784     1.9902      99.38    4.29516    34.8518    34.8761    27.1665    1483.76    1491.61 0.0000e+00
       2912    104.000     7.9384     7.9385   3.606658   3.608954     1.9891      98.74    4.27801    34.8565    34.8811    27.1707    1483.77    1491.54 0.0000e+00
       2936    105.000     7.9390     7.9392   3.607259   3.609555     1.9869      85.30    4.28198    34.8619    34.8864    27.1748    1483.79    1491.46 0.0000e+00
       2960    106.000     7.9327     7.9331   3.607090   3.609387     1.9870      98.75    4.28795    34.8659    34.8902    27.1789    1483.79    1491.39 0.0000e+00
       2984    107.000     7.9120     7.9124   3.605497   3.607805     1.9866      98.55    4.28985    34.8689    34.8934    27.1844    1483.73    1491.32 0.0000e+00
       3008    108.000     7.9158     7.9158   3.606577   3.608862     1.9867      98.93    4.30454    34.8763    34.9008    27.1896    1483.77    1491.25 0.0000e+00
       3032    109.000     7.9252     7.9253   3.607842   3.610111     1.9895      98.93    4.34648    34.8800    34.9043    27.1911    1483.83    1491.18 0.0000e+00
       3056    110.000     7.9358     7.9357   3.609860   3.612147     1.9957      98.92    4.36899    34.8906    34.9154    27.1979    1483.90    1491.11 0.0000e+00
       3079    111.000     7.9377     7.9377   3.610569   3.612845     1.9996      98.92    4.34905    34.8959    34.9204    27.2017    1483.93    1491.05 0.0000e+00
       3103    112.000     7.9290     7.9289   3.609916   3.612156     1.9999      98.92    4.32260    34.8971    34.9213    27.2039    1483.91    1490.98 0.0000e+00
       3127    113.000     7.9208     7.9210   3.609287   3.611564     1.9982      98.92    4.30675    34.8980    34.9223    27.2059    1483.90    1490.92 0.0000e+00
       3151    114.000     7.9178     7.9181   3.609184   3.611469     1.9957      58.14    4.31543    34.8994    34.9237    27.2074    1483.91    1490.86 0.0000e+00
       3175    115.000     7.9168     7.9169   3.609578   3.611853     1.9975      98.73    4.34982    34.9041    34.9285    27.2113    1483.92    1490.80 0.0000e+00
       3199    116.000     7.9185     7.9185   3.610270   3.612532     2.0000      98.92    4.35472    34.9094    34.9338    27.2152    1483.95    1490.74 0.0000e+00
       3223    117.000     7.9246     7.9247   3.611381   3.613659     2.0018      81.90    4.36547    34.9148    34.9392    27.2185    1484.00    1490.68 0.0000e+00
       3247    118.000     7.9298     7.9300   3.612254   3.614534     2.0053      99.06    4.37305    34.9185    34.9428    27.2207    1484.04    1490.63 0.0000e+00
       3271    119.000     7.9345     7.9347   3.613059   3.615332     2.0066      98.77    4.35819    34.9220    34.9462    27.2227    1484.08    1490.57 0.0000e+00
       3294    120.000     7.9359     7.9361   3.613511   3.615792     2.0063      98.92    4.33965    34.9249    34.9493    27.2248    1484.10    1490.52 0.0000e+00
       3318    121.000     7.9380     7.9381   3.614081   3.616346     2.0039      98.93    4.32094    34.9285    34.9528    27.2273    1484.13    1490.46 0.0000e+00
       3342    122.000     7.9449     7.9449   3.615264   3.617535     2.0012      98.93    4.30912    34.9338    34.9583    27.2305    1484.18    1490.41 0.0000e+00
       3366    123.000     7.9485     7.9486   3.615859   3.618134     1.9981      98.92    4.29917    34.9362    34.9605    27.2318    1484.22    1490.36 0.0000e+00
       3389    124.000     7.9524     7.9526   3.616532   3.618811     1.9947      98.92    4.28587    34.9390    34.9633    27.2334    1484.25    1490.31 0.0000e+00
       3413    125.000     7.9561     7.9561   3.617097   3.619362     1.9914      98.92    4.27203    34.9409    34.9653    27.2343    1484.28    1490.26 0.0000e+00
       3437    126.000     7.9628     7.9627   3.618115   3.620355     1.9868      67.79    4.25928    34.9447    34.9689    27.2363    1484.33    1490.22 0.0000e+00
       3461    127.000     7.9703     7.9705   3.619226   3.621504     1.9842      87.13    4.26518    34.9486    34.9729    27.2383    1484.38    1490.17 0.0000e+00
       3485    128.000     7.9769     7.9770   3.620179   3.622445     1.9813      98.89    4.24327    34.9518    34.9761    27.2398    1484.42    1490.12 0.0000e+00
       3509    129.000     7.9844     7.9845   3.621242   3.623506     1.9765      85.11    4.21358    34.9552    34.9795    27.2414    1484.47    1490.08 0.0000e+00
       3533    130.000     7.9957     7.9958   3.622785   3.625056     1.9714      91.72    4.19408    34.9600    34.9844    27.2434    1484.54    1490.04 0.0000e+00
       3557    131.000     8.0049     8.0053   3.624022   3.626294     1.9641      98.95    4.14820    34.9637    34.9877    27.2449    1484.59    1490.00 0.0000e+00
       3581    132.000     8.0109     8.0109   3.624808   3.627073     1.9549      98.92    4.10588    34.9656    34.9900    27.2455    1484.64    1489.96 0.0000e+00
       3604    133.000     8.0143     8.0145   3.625312   3.627580     1.9443      98.92    4.06164    34.9672    34.9913    27.2462    1484.67    1489.92 0.0000e+00
       3628    134.000     8.0163     8.0165   3.625675   3.627950     1.9323      98.93    4.02122    34.9686    34.9928    27.2470    1484.69    1489.88 0.0000e+00
       3652    135.000     8.0243     8.0245   3.626746   3.629035     1.9210      98.93    4.00865    34.9716    34.9960    27.2482    1484.74    1489.84 0.0000e+00
       3676    136.000     8.0320     8.0321   3.627811   3.630098     1.9124      98.92    3.99563    34.9748    34.9993    27.2496    1484.79    1489.80 0.0000e+00
       3699    137.000     8.0389     8.0390   3.628716   3.630974     1.9042      98.93    3.97325    34.9772    35.0013    27.2504    1484.84    1489.76 0.0000e+00
       3723    138.000     8.0435     8.0434   3.629366   3.631618     1.8954      98.93    3.93698    34.9791    35.0033    27.2512    1484.87    1489.73 0.0000e+00
       3747    139.000     8.0481     8.0483   3.629987   3.632258     1.8854      88.18    3.89635    34.9807    35.0048    27.2518    1484.91    1489.69 0.0000e+00
       3771    140.000     8.0487     8.0488   3.630088   3.632347     1.8750      68.12    3.88579    34.9807    35.0048    27.2517    1484.93    1489.66 0.0000e+00
       3795    141.000     8.0506     8.0507   3.630365   3.632624     1.8671      98.99    3.86929    34.9813    35.0054    27.2518    1484.95    1489.63 0.0000e+00
       3818    142.000     8.0519     8.0520   3.630566   3.632821     1.8595      96.73    3.85693    34.9816    35.0057    27.2519    1484.97    1489.59 0.0000e+00
       3842    143.000     8.0525     8.0526   3.630686   3.632955     1.8533      89.15    3.85910    34.9818    35.0061    27.2520    1484.99    1489.56 0.0000e+00
       3866    144.000     8.0558     8.0561   3.631164   3.633441     1.8488      98.81    3.84925    34.9832    35.0073    27.2526    1485.02    1489.53 0.0000e+00
       3890    145.000     8.0614     8.0614   3.631939   3.634198     1.8443      98.93    3.84136    34.9854    35.0096    27.2535    1485.06    1489.50 0.0000e+00
       3914    146.000     8.0702     8.0697   3.633089   3.635277     1.8403      98.92    3.83162    34.9885    35.0124    27.2546    1485.12    1489.47 0.0000e+00
       3938    147.000     8.0726     8.0728   3.633419   3.635694     1.8363      98.92    3.81389    34.9891    35.0133    27.2547    1485.14    1489.44 0.0000e+00
       3962    148.000     8.0739     8.0739   3.633631   3.635867     1.8309      98.93    3.77987    34.9896    35.0136    27.2549    1485.17    1489.41 0.0000e+00
       3986    149.000     8.0802     8.0802   3.634471   3.636714     1.8237      98.37    3.75454    34.9918    35.0159    27.2557    1485.21    1489.38 0.0000e+00
       4009    150.000     8.0860     8.0859   3.635222   3.637452     1.8172      35.31    3.75147    34.9936    35.0176    27.2562    1485.25    1489.35 0.0000e+00
       4033    151.000     8.0875     8.0875   3.635442   3.637671     1.8126      98.33    3.73386    34.9940    35.0179    27.2563    1485.27    1489.33 0.0000e+00
       4057    152.000     8.0951     8.0947   3.636442   3.638680     1.8057      98.91    3.69685    34.9966    35.0210    27.2572    1485.32    1489.30 0.0000e+00
       4081    153.000     8.1016     8.1017   3.637279   3.639539     1.7982      60.50    3.68327    34.9986    35.0228    27.2578    1485.36    1489.28 0.0000e+00
       4105    154.000     8.1027     8.1027   3.637526   3.639783     1.7919      99.02    3.65373    34.9997    35.0239    27.2585    1485.39    1489.25 0.0000e+00
       4128    155.000     8.1064     8.1067   3.638077   3.640367     1.7828      98.92    3.61730    35.0014    35.0257    27.2593    1485.42    1489.23 0.0000e+00
       4152    156.000     8.1064     8.1069   3.638141   3.640425     1.7745      87.67    3.61132    35.0016    35.0256    27.2594    1485.43    1489.20 0.0000e+00
       4176    157.000     8.1076     8.1078   3.638356   3.640614     1.7685      99.03    3.60572    35.0023    35.0262    27.2597    1485.46    1489.18 0.0000e+00
       4199    158.000     8.1102     8.1103   3.638746   3.640999     1.7629      98.92    3.59798    35.0034    35.0274    27.2602    1485.48    1489.15 0.0000e+00
       4223    159.000     8.1133     8.1133   3.639218   3.641489     1.7587      98.92    3.59734    35.0048    35.0292    27.2609    1485.51    1489.13 0.0000e+00
       4247    160.000     8.1191     8.1191   3.640035   3.642302     1.7549      98.93    3.58646    35.0073    35.0316    27.2619    1485.56    1489.11 0.0000e+00
       4271    161.000     8.1214     8.1215   3.640387   3.642651     1.7513      98.92    3.57722    35.0083    35.0324    27.2624    1485.58    1489.09 0.0000e+00
       4295    162.000     8.1241     8.1244   3.640803   3.643086     1.7472      98.92    3.55260    35.0096    35.0337    27.2630    1485.61    1489.06 0.0000e+00
       4319    163.000     8.1290     8.1292   3.641513   3.643786     1.7411      46.38    3.53082    35.0118    35.0359    27.2640    1485.65    1489.04 0.0000e+00
       4343    164.000     8.1305     8.1309   3.641774   3.644083     1.7371      92.27    3.53684    35.0126    35.0369    27.2644    1485.67    1489.02 0.0000e+00
       4366    165.000     8.1323     8.1325   3.642071   3.644348     1.7330      98.90    3.51517    35.0135    35.0377    27.2648    1485.69    1489.00 0.0000e+00
       4390    166.000     8.1314     8.1313   3.642023   3.644264     1.7279      71.27    3.50136    35.0134    35.0375    27.2649    1485.71    1488.98 0.0000e+00
       4414    167.000     8.1305     8.1305   3.642061   3.644301     1.7243      93.39    3.50470    35.0142    35.0382    27.2657    1485.72    1488.96 0.0000e+00
       4438    168.000     8.1287     8.1286   3.641915   3.644138     1.7210      99.01    3.49973    35.0140    35.0379    27.2657    1485.73    1488.94 0.0000e+00
       4461    169.000     8.1281     8.1284   3.641951   3.644234     1.7189      94.19    3.50589    35.0145    35.0386    27.2662    1485.75    1488.93 0.0000e+00
       4485    170.000     8.1304     8.1307   3.642291   3.644575     1.7177      97.70    3.51106    35.0153    35.0395    27.2665    1485.77    1488.91 0.0000e+00
       4509    171.000     8.1296     8.1297   3.642263   3.644504     1.7174      98.93    3.51439    35.0154    35.0392    27.2667    1485.79    1488.89 0.0000e+00
       4533    172.000     8.1268     8.1269   3.642050   3.644317     1.7168      98.92    3.50811    35.0154    35.0396    27.2671    1485.79    1488.87 0.0000e+00
       4557    173.000     8.1273     8.1273   3.642160   3.644423     1.7157      98.92    3.50515    35.0156    35.0398    27.2672    1485.81    1488.85 0.0000e+00
       4580    174.000     8.1274     8.1277   3.642263   3.644531     1.7152      98.92    3.51081    35.0161    35.0401    27.2676    1485.83    1488.84 0.0000e+00
       4604    175.000     8.1268     8.1271   3.642260   3.644537     1.7151      98.92    3.51190    35.0162    35.0403    27.2677    1485.84    1488.82 0.0000e+00
       4628    176.000     8.1269     8.1272   3.642329   3.644597     1.7146      71.56    3.50756    35.0163    35.0403    27.2679    1485.86    1488.80 0.0000e+00
       4652    177.000     8.1251     8.1255   3.642201   3.644465     1.7148      67.84    3.52073    35.0163    35.0401    27.2681    1485.87    1488.78 0.0000e+00
       4676    178.000     8.1219     8.1212   3.641940   3.644138     1.7156      99.24    3.51921    35.0162    35.0404    27.2685    1485.87    1488.77 0.0000e+00
       4700    179.000     8.1223     8.1231   3.642131   3.644461     1.7152      91.36    3.50937    35.0174    35.0415    27.2694    1485.89    1488.75 0.0000e+00
       4723    180.000     8.1256     8.1254   3.642576   3.644798     1.7149      85.75    3.52205    35.0183    35.0423    27.2696    1485.92    1488.74 0.0000e+00
       4747    181.000     8.1229     8.1234   3.642339   3.644629     1.7162      98.79    3.52414    35.0180    35.0420    27.2698    1485.93    1488.72 0.0000e+00
       4771    182.000     8.1194     8.1202   3.642014   3.644335     1.7160      97.77    3.51633    35.0175    35.0416    27.2699    1485.93    1488.71 0.0000e+00
       4795    183.000     8.1161     8.1165   3.641725   3.644024     1.7156      96.37    3.51554    35.0173    35.0415    27.2702    1485.93    1488.69 0.0000e+00
       4819    184.000     8.1148     8.1150   3.641628   3.643895     1.7153      98.95    3.51447    35.0170    35.0411    27.2702    1485.95    1488.68 0.0000e+00
       4842    185.000     8.1149     8.1152   3.641689   3.643983     1.7148      98.92    3.51893    35.0171    35.0414    27.2703    1485.96    1488.66 0.0000e+00
       4866    186.000     8.1136     8.1139   3.641608   3.643887     1.7155      98.92    3.52698    35.0170    35.0412    27.2704    1485.97    1488.65 0.0000e+00
       4889    187.000     8.1113     8.1114   3.641430   3.643685     1.7159      98.92    3.52411    35.0169    35.0410    27.2707    1485.98    1488.63 0.0000e+00
       4913    188.000     8.1103     8.1104   3.641387   3.643653     1.7159      98.93    3.52257    35.0170    35.0412    27.2709    1485.99    1488.62 0.0000e+00
       4936    189.000     8.1101     8.1103   3.641422   3.643694     1.7162      98.60    3.52512    35.0171    35.0412    27.2710    1486.01    1488.60 0.0000e+00
       4960    190.000     8.1145     8.1146   3.642026   3.644293     1.7161      46.87    3.53271    35.0187    35.0429    27.2716    1486.05    1488.59 0.0000e+00
       4984    191.000     8.1221     8.1216   3.642928   3.645131     1.7177      99.48    3.53667    35.0203    35.0444    27.2717    1486.09    1488.58 0.0000e+00
       5008    192.000     8.1213     8.1212   3.642883   3.645126     1.7178      98.92    3.51960    35.0201    35.0442    27.2717    1486.11    1488.56 0.0000e+00
       5032    193.000     8.1158     8.1159   3.642376   3.644615     1.7159      81.71    3.50882    35.0197    35.0436    27.2722    1486.10    1488.55 0.0000e+00
       5056    194.000     8.1170     8.1170   3.642576   3.644835     1.7145      98.73    3.50615    35.0201    35.0443    27.2723    1486.12    1488.54 0.0000e+00
