_data/ctd/2014/sta0386_2014.cnv
* Sea-Bird SBE 9 Data File:
* FileName = C:\Seabird\CTDData\sta0386.hex
* Software Version Seasave V 7.21f
* Temperature SN = 1527
* Conductivity SN = 1827
* Number of Bytes Per Scan = 34
* Number of Voltage Words = 3
* Number of Scans Averaged by the Deck Unit = 1
* NMEA Latitude = 60 51.14 N
* NMEA Longitude = 005 21.06 E
* NMEA UTC (Time) = Oct 04 2014 15:40:04
* NMEA baud rate = 4800
** Ship: 10  F/F G.O. Sars
** Station: 386
** Echodepth: 403.79
** Log: 8708.577
** wind-dir Force: 17 15
** Air temp (dry): 20.1
** weather sky: 2 8
** sea ice: 3 0
# nquan = 15                                
# nvalues = 419                         
# units = specified
# name 0 = scan: Scan Count
# name 1 = prDM: Pressure, Digiquartz [db]
# name 2 = t068C: Temperature [ITS-68, deg C]
# name 3 = t168C: Temperature, 2 [ITS-68, deg C]
# name 4 = c0S/m: Conductivity [S/m]
# name 5 = c1S/m: Conductivity, 2 [S/m]
# name 6 = sbeox0V: Oxygen raw, SBE 43 [V]
# name 7 = altM: Altimeter [m]
# name 8 = sbeox0ML/L: Oxygen, SBE 43 [ml/l], WS = 2
# name 9 = sal00: Salinity, Practical [PSU]
# name 10 = sal11: Salinity, Practical, 2 [PSU]
# name 11 = sigma-t00: Density [sigma-t, Kg/m^3 ]
# name 12 = svCM: Sound Velocity [Chen-Millero, m/s]
# name 13 = avgsvCM: Average Sound Velocity [Chen-Millero, m/s], minP = 1, minS = 5
# name 14 = flag: flag
# span 0 =        393,      13230       
# span 1 =      2.000,    420.000       
# span 2 =     7.8872,    14.3671       
# span 3 =     7.8876,    14.3674       
# span 4 =   2.037578,   3.895276       
# span 5 =   2.092901,   3.899225       
# span 6 =     1.5184,     2.7102       
# span 7 =     -48.22,      99.64       
# span 8 =    3.00671,    6.28363       
# span 9 =    16.3856,    35.0628       
# span 10 =    16.8477,    35.0989      
# span 11 =    12.0884,    27.2939      
# span 12 =    1476.80,    1501.47      
# span 13 =    1476.80,    1498.78      
# span 14 = 0.0000e+00, 0.0000e+00      
# interval = decibars: 1                
# start_time = Oct 04 2014 15:40:07 [System UTC, header]
# bad_flag = -9.990e-29
*END*
[from data line 386]
      10768    388.000     8.1944     8.1948   3.662440   3.665862     1.5298      55.03    3.04305    35.0622    35.0983    27.2936    1489.66    1488.26 0.0000e+00
      10792    389.000     8.1945     8.1950   3.662492   3.665913     1.5293      42.17    3.04466    35.0622    35.0982    27.2936    1489.68    1488.26 0.0000e+00
      10815    390.000     8.1946     8.1950   3.662552   3.665962     1.5289      41.46    3.04540    35.0622    35.0982    27.2936    1489.69    1488.26 0.0000e+00
      10839    391.000     8.1947     8.1951   3.662600   3.666020     1.5288      40.56    3.04598    35.0622    35.0983    27.2935    1489.71    1488.27 0.0000e+00
      10863    392.000     8.1949     8.1952   3.662648   3.666070     1.5286      39.48    3.04731    35.0620    35.0982    27.2934    1489.73    1488.27 0.0000e+00
      10887    393.000     8.1949     8.1954   3.662715   3.666132     1.5287      38.57    3.04777    35.0622    35.0982    27.2936    1489.74    1488.27 0.0000e+00
      10911    394.000     8.1950     8.1955   3.662771   3.666197     1.5285      37.21    3.04660    35.0623    35.0983    27.2936    1489.76    1488.28 0.0000e+00
      10934    395.000     8.1951     8.1957   3.662838   3.666256     1.5282      36.23    3.04133    35.0624    35.0983    27.2936    1489.78    1488.28 0.0000e+00
      10958    396.000     8.1953     8.1957   3.662888   3.666312     1.5275      35.30    3.03893    35.0623    35.0984    27.2935    1489.80    1488.29 0.0000e+00
      10982    397.000     8.1954     8.1958   3.662943   3.666364     1.5270      34.14    3.04271    35.0623    35.0984    27.2935    1489.81    1488.29 0.0000e+00
      11006    398.000     8.1956     8.1960   3.663006   3.666433     1.5268      33.09    3.04121    35.0623    35.0984    27.2935    1489.83    1488.29 0.0000e+00
      11029    399.000     8.1956     8.1962   3.663061   3.666486     1.5265      32.08    3.04136    35.0624    35.0983    27.2936    1489.85    1488.30 0.0000e+00
      11559    400.000     8.1958     8.1963   3.663111   3.666538     1.5249      30.62    3.03327    35.0622    35.0983    27.2934    1489.86    1488.30 0.0000e+00
      11816    401.000     8.1960     8.1963   3.663183   3.666606     1.5235      29.79    3.03169    35.0623    35.0985    27.2935    1489.88    1488.31 0.0000e+00
      11827    402.000     8.1960     8.1965   3.663240   3.666674     1.5232      29.07    3.02937    35.0625    35.0986    27.2936    1489.90    1488.31 0.0000e+00
      11850    403.000     8.1961     8.1966   3.663285   3.666726     1.5225      28.05    3.02152    35.0624    35.0986    27.2935    1489.91    1488.31 0.0000e+00
      11874    404.000     8.1962     8.1965   3.663349   3.666769     1.5208      27.15    3.00671    35.0625    35.0987    27.2935    1489.93    1488.32 0.0000e+00
      11897    405.000     8.1964     8.1967   3.663399   3.666817     1.5185      26.24    3.01031    35.0623    35.0985    27.2934    1489.95    1488.32 0.0000e+00
      11921    406.000     8.1964     8.1968   3.663456   3.666878     1.5184      25.31    3.02532    35.0625    35.0986    27.2935    1489.96    1488.33 0.0000e+00
      11945    407.000     8.1965     8.1970   3.663522   3.666935     1.5191      24.12    3.03326    35.0626    35.0985    27.2936    1489.98    1488.33 0.0000e+00
      11969    408.000     8.1967     8.1970   3.663574   3.667000     1.5198      23.07    3.03090    35.0625    35.0987    27.2935    1490.00    1488.33 0.0000e+00
      11992    409.000     8.1968     8.1971   3.663639   3.667053     1.5199      22.09    3.02945    35.0626    35.0987    27.2935    1490.02    1488.34 0.0000e+00
      12016    410.000     8.1969     8.1973   3.663693   3.667117     1.5200      21.10    3.02877    35.0626    35.0987    27.2935    1490.03    1488.34 0.0000e+00
      12040    411.000     8.1970     8.1973   3.663741   3.667162     1.5198      20.11    3.02430    35.0625    35.0987    27.2935    1490.05    1488.35 0.0000e+00
      12064    412.000     8.1971     8.1975   3.663800   3.667225     1.5193      19.13    3.02189    35.0626    35.0987    27.2935    1490.07    1488.35 0.0000e+00
      12087    413.000     8.1972     8.1975   3.663855   3.667284     1.5188      18.12    3.02520    35.0626    35.0989    27.2935    1490.08    1488.35 0.0000e+00
      12111    414.000     8.1972     8.1977   3.663908   3.667336     1.5191      17.21    3.02849    35.0627    35.0988    27.2936    1490.10    1488.36 0.0000e+00
      12135    415.000     8.1973     8.1978   3.663957   3.667388     1.5188      16.30    3.02764    35.0626    35.0987    27.2935    1490.12    1488.36 0.0000e+00
      12159    416.000     8.1975     8.1979   3.664015   3.667439     1.5191      15.33    3.03116    35.0626    35.0987    27.2934    1490.13    1488.37 0.0000e+00
      12184    417.000     8.1976     8.1980   3.664065   3.667493     1.5194      14.26    3.02887    35.0625    35.0987    27.2934    1490.15    1488.37 0.0000e+00
      12208    418.000     8.1978     8.1982   3.664137   3.667559     1.5192      13.19    3.03095    35.0626    35.0987    27.2934    1490.17    1488.38 0.0000e+00
      12232    419.000     8.1978     8.1982   3.664199   3.667613     1.5193      12.20    3.02907    35.0628    35.0988    27.2936    1490.18    1488.38 0.0000e+00
      13230    420.000     8.1980     8.1984   3.664246   3.667665     1.5191      10.42    3.02794    35.0626    35.0987    27.2934    1490.20    1488.38 0.0000e+00
