_data/ctd/2014/sta0390_2014.cnv
* Sea-Bird SBE 9 Data File:
* FileName = C:\Seabird\CTDData\sta0390.hex
* Software Version Seasave V 7.21f
* Temperature SN = 1527
* Conductivity SN = 1827
* Number of Bytes Per Scan = 34
* Number of Voltage Words = 3
* Number of Scans Averaged by the Deck Unit = 1
* NMEA Latitude = 60 52.38 N
* NMEA Longitude = 005 23.06 E
* NMEA UTC (Time) = Oct 06 2014 03:39:44
* NMEA baud rate = 4800
** Ship: 10  F/F G.O. Sars
** Station: 390
** Echodepth: 450.16
** Log: 8756.437
** wind-dir Force: 77 22
** Air temp (dry): 15
** weather sky: 2 8
** sea ice: 3 0
# nquan = 15                                
# nvalues = 453                         
# units = specified
# name 0 = scan: Scan Count
# name 1 = prDM: Pressure, Digiquartz [db]
# name 2 = t068C: Temperature [ITS-68, deg C]
# name 3 = t168C: Temperature, 2 [ITS-68, deg C]
# name 4 = c0S/m: Conductivity [S/m]
# name 5 = c1S/m: Conductivity, 2 [S/m]
# name 6 = sbeox0V: Oxygen raw, SBE 43 [V]
# name 7 = altM: Altimeter [m]
# name 8 = sbeox0ML/L: Oxygen, SBE 43 [ml/l], WS = 2
# name 9 = sal00: Salinity, Practical [PSU]
# name 10 = sal11: Salinity, Practical, 2 [PSU]
# name 11 = sigma-t00: Density [sigma-t, Kg/m^3 ]
# name 12 = svCM: Sound Velocity [Chen-Millero, m/s]
# name 13 = avgsvCM: Average Sound Velocity [Chen-Millero, m/s], minP = 1, minS = 5
# name 14 = flag: flag
# span 0 =        446,      12294       
# span 1 =      3.000,    455.000       
# span 2 =     7.9120,    14.5273       
# span 3 =     7.9124,    14.5268       
# span 4 =   2.208592,   3.892121       
# span 5 =   2.236918,   3.894736       
# span 6 =     1.5391,     2.7121       
# span 7 =       9.41,      99.52       
# span 8 =    3.07587,    6.17027       
# span 9 =    17.9209,    35.0771       
# span 10 =    18.1530,    35.1021      
# span 11 =    13.2816,    27.3045      
# span 12 =    1478.42,    1501.46      
# span 13 =    1478.42,    1498.73      
# span 14 = 0.0000e+00, 0.0000e+00      
# interval = decibars: 1                
# start_time = Oct 06 2014 03:39:47 [System UTC, header]
# bad_flag = -9.990e-29
*END*
[from data line 290]
       7441    293.000     8.1855     8.1858   3.657620   3.659920     1.6668      98.06    3.41215    35.0650    35.0893    27.2972    1488.07    1488.07 0.0000e+00
       7465    294.000     8.1854     8.1856   3.657737   3.660038     1.6654      98.92    3.39503    35.0659    35.0903    27.2979    1488.08    1488.07 0.0000e+00
       7490    295.000     8.1854     8.1856   3.657808   3.660121     1.6627      98.93    3.37250    35.0661    35.0907    27.2981    1488.10    1488.07 0.0000e+00
       7514    296.000     8.1854     8.1856   3.657912   3.660218     1.6591      98.93    3.36952    35.0668    35.0912    27.2986    1488.12    1488.07 0.0000e+00
       7538    297.000     8.1854     8.1857   3.657982   3.660290     1.6571      98.93    3.37043    35.0670    35.0914    27.2988    1488.13    1488.07 0.0000e+00
       7562    298.000     8.1853     8.1856   3.658074   3.660375     1.6548      98.92    3.35945    35.0677    35.0919    27.2993    1488.15    1488.07 0.0000e+00
       7586    299.000     8.1852     8.1856   3.658194   3.660498     1.6521      98.93    3.35081    35.0686    35.0928    27.3000    1488.17    1488.07 0.0000e+00
       7611    300.000     8.1853     8.1855   3.658294   3.660609     1.6493      98.93    3.33948    35.0690    35.0936    27.3004    1488.18    1488.07 0.0000e+00
       7635    301.000     8.1853     8.1855   3.658387   3.660697     1.6460      86.14    3.32267    35.0696    35.0940    27.3008    1488.20    1488.07 0.0000e+00
       7659    302.000     8.1853     8.1855   3.658477   3.660781     1.6419      98.82    3.30546    35.0700    35.0944    27.3011    1488.22    1488.07 0.0000e+00
       7683    303.000     8.1852     8.1855   3.658564   3.660869     1.6374      98.93    3.29192    35.0706    35.0949    27.3016    1488.24    1488.07 0.0000e+00
       7707    304.000     8.1854     8.1856   3.658626   3.660940     1.6333      98.21    3.28587    35.0706    35.0951    27.3015    1488.25    1488.07 0.0000e+00
       7731    305.000     8.1855     8.1857   3.658695   3.660992     1.6298      98.93    3.27832    35.0707    35.0951    27.3017    1488.27    1488.07 0.0000e+00
       7754    306.000     8.1855     8.1858   3.658751   3.661056     1.6263      98.92    3.27469    35.0708    35.0952    27.3017    1488.29    1488.07 0.0000e+00
       7778    307.000     8.1855     8.1858   3.658815   3.661121     1.6241      98.92    3.27717    35.0711    35.0954    27.3019    1488.30    1488.07 0.0000e+00
       7802    308.000     8.1856     8.1859   3.658879   3.661194     1.6221      98.92    3.27572    35.0712    35.0956    27.3020    1488.32    1488.07 0.0000e+00
       7826    309.000     8.1856     8.1858   3.658961   3.661264     1.6208      98.92    3.27455    35.0716    35.0959    27.3023    1488.34    1488.08 0.0000e+00
       7849    310.000     8.1855     8.1858   3.659058   3.661360     1.6193      98.93    3.26477    35.0722    35.0965    27.3028    1488.35    1488.08 0.0000e+00
       7873    311.000     8.1855     8.1857   3.659113   3.661429     1.6168      98.92    3.25126    35.0723    35.0969    27.3029    1488.37    1488.08 0.0000e+00
       7897    312.000     8.1854     8.1857   3.659186   3.661497     1.6145      98.92    3.26509    35.0727    35.0971    27.3032    1488.39    1488.08 0.0000e+00
       7921    313.000     8.1856     8.1858   3.659276   3.661591     1.6153      98.92    3.27542    35.0730    35.0975    27.3034    1488.40    1488.08 0.0000e+00
       7944    314.000     8.1856     8.1859   3.659347   3.661662     1.6142      56.22    3.26407    35.0733    35.0977    27.3036    1488.42    1488.08 0.0000e+00
       7968    315.000     8.1856     8.1859   3.659393   3.661713     1.6149      78.10    3.28320    35.0733    35.0978    27.3037    1488.44    1488.08 0.0000e+00
       7992    316.000     8.1856     8.1861   3.659458   3.661767     1.6153      98.87    3.27534    35.0735    35.0977    27.3038    1488.45    1488.08 0.0000e+00
       8016    317.000     8.1859     8.1860   3.659507   3.661828     1.6149      78.33    3.27514    35.0733    35.0979    27.3036    1488.47    1488.08 0.0000e+00
       8040    318.000     8.1859     8.1863   3.659563   3.661889     1.6162      84.84    3.29824    35.0734    35.0978    27.3037    1488.49    1488.09 0.0000e+00
       8063    319.000     8.1860     8.1863   3.659631   3.661942     1.6179      98.90    3.29272    35.0735    35.0979    27.3038    1488.51    1488.09 0.0000e+00
       8087    320.000     8.1862     8.1864   3.659691   3.661995     1.6180      94.75    3.28441    35.0735    35.0979    27.3037    1488.52    1488.09 0.0000e+00
       8111    321.000     8.1863     8.1866   3.659739   3.662056     1.6178      95.36    3.28127    35.0734    35.0979    27.3036    1488.54    1488.09 0.0000e+00
       8135    322.000     8.1864     8.1866   3.659793   3.662113     1.6174      98.73    3.27706    35.0734    35.0980    27.3036    1488.56    1488.09 0.0000e+00
       8159    323.000     8.1865     8.1867   3.659859   3.662171     1.6166      98.92    3.27633    35.0735    35.0980    27.3037    1488.57    1488.09 0.0000e+00
       8183    324.000     8.1866     8.1869   3.659919   3.662238     1.6162      98.93    3.27742    35.0736    35.0981    27.3037    1488.59    1488.09 0.0000e+00
       8206    325.000     8.1867     8.1870   3.659971   3.662289     1.6158      98.93    3.27587    35.0736    35.0980    27.3037    1488.61    1488.10 0.0000e+00
       8230    326.000     8.1868     8.1871   3.660035   3.662349     1.6153      98.92    3.27212    35.0737    35.0981    27.3038    1488.62    1488.10 0.0000e+00
       8254    327.000     8.1869     8.1872   3.660101   3.662426     1.6144      98.92    3.26902    35.0738    35.0983    27.3039    1488.64    1488.10 0.0000e+00
       8278    328.000     8.1869     8.1871   3.660176   3.662490     1.6134      89.82    3.25810    35.0741    35.0986    27.3041    1488.66    1488.10 0.0000e+00
       8301    329.000     8.1871     8.1873   3.660229   3.662550     1.6117      60.69    3.26277    35.0740    35.0986    27.3040    1488.68    1488.10 0.0000e+00
       8325    330.000     8.1872     8.1874   3.660291   3.662608     1.6115      98.35    3.26605    35.0741    35.0986    27.3040    1488.69    1488.10 0.0000e+00
       8349    331.000     8.1873     8.1875   3.660359   3.662665     1.6110      97.68    3.25768    35.0742    35.0987    27.3041    1488.71    1488.11 0.0000e+00
       8373    332.000     8.1873     8.1877   3.660403   3.662722     1.6096      80.94    3.26014    35.0742    35.0986    27.3041    1488.73    1488.11 0.0000e+00
       8397    333.000     8.1875     8.1877   3.660464   3.662780     1.6095      99.08    3.25982    35.0742    35.0987    27.3041    1488.74    1488.11 0.0000e+00
       8420    334.000     8.1876     8.1879   3.660510   3.662836     1.6089      98.92    3.25847    35.0741    35.0987    27.3040    1488.76    1488.11 0.0000e+00
       8444    335.000     8.1877     8.1879   3.660565   3.662890     1.6083      98.93    3.25589    35.0741    35.0988    27.3040    1488.78    1488.11 0.0000e+00
       8468    336.000     8.1878     8.1880   3.660638   3.662954     1.6078      98.93    3.25589    35.0743    35.0989    27.3041    1488.79    1488.12 0.0000e+00
       8492    337.000     8.1879     8.1881   3.660694   3.663009     1.6071      98.92    3.25296    35.0744    35.0989    27.3041    1488.81    1488.12 0.0000e+00
       8516    338.000     8.1881     8.1883   3.660756   3.663075     1.6066      98.92    3.25225    35.0743    35.0989    27.3041    1488.83    1488.12 0.0000e+00
       8539    339.000     8.1882     8.1883   3.660820   3.663147     1.6059      98.92    3.25098    35.0744    35.0992    27.3042    1488.84    1488.12 0.0000e+00
       8563    340.000     8.1882     8.1884   3.660878   3.663202     1.6052      98.92    3.24177    35.0746    35.0992    27.3043    1488.86    1488.12 0.0000e+00
       8587    341.000     8.1883     8.1886   3.660950   3.663278     1.6031      98.92    3.21384    35.0748    35.0993    27.3044    1488.88    1488.13 0.0000e+00
       8611    342.000     8.1886     8.1887   3.660998   3.663328     1.5985      56.18    3.20436    35.0745    35.0993    27.3042    1488.90    1488.13 0.0000e+00
       8635    343.000     8.1885     8.1888   3.661058   3.663386     1.5973      99.03    3.21347    35.0748    35.0993    27.3044    1488.91    1488.13 0.0000e+00
       8658    344.000     8.1887     8.1889   3.661112   3.663441     1.5942      98.92    3.19422    35.0747    35.0993    27.3043    1488.93    1488.13 0.0000e+00
       8682    345.000     8.1888     8.1890   3.661176   3.663505     1.5921      84.81    3.21369    35.0748    35.0994    27.3043    1488.95    1488.14 0.0000e+00
       8706    346.000     8.1888     8.1891   3.661237   3.663554     1.5931      98.97    3.23202    35.0750    35.0994    27.3045    1488.96    1488.14 0.0000e+00
       8729    347.000     8.1890     8.1891   3.661288   3.663610     1.5940      98.92    3.23239    35.0748    35.0995    27.3043    1488.98    1488.14 0.0000e+00
       8753    348.000     8.1891     8.1893   3.661336   3.663669     1.5944      98.92    3.23018    35.0748    35.0995    27.3043    1489.00    1488.14 0.0000e+00
       8777    349.000     8.1892     8.1894   3.661398   3.663718     1.5949      98.92    3.23269    35.0748    35.0994    27.3043    1489.01    1488.15 0.0000e+00
       8801    350.000     8.1893     8.1896   3.661453   3.663780     1.5951      98.92    3.22919    35.0749    35.0994    27.3043    1489.03    1488.15 0.0000e+00
       8825    351.000     8.1894     8.1896   3.661508   3.663825     1.5951      98.92    3.22643    35.0749    35.0994    27.3043    1489.05    1488.15 0.0000e+00
       8849    352.000     8.1895     8.1898   3.661556   3.663894     1.5941      54.83    3.22340    35.0748    35.0995    27.3042    1489.06    1488.15 0.0000e+00
       8872    353.000     8.1896     8.1898   3.661620   3.663949     1.5949      84.49    3.23581    35.0749    35.0996    27.3043    1489.08    1488.16 0.0000e+00
       8896    354.000     8.1897     8.1899   3.661679   3.664008     1.5948      98.79    3.22237    35.0750    35.0996    27.3043    1489.10    1488.16 0.0000e+00
       8920    355.000     8.1898     8.1900   3.661730   3.664058     1.5934      75.89    3.21613    35.0749    35.0996    27.3043    1489.12    1488.16 0.0000e+00
       8944    356.000     8.1900     8.1901   3.661793   3.664117     1.5935      88.32    3.22912    35.0749    35.0996    27.3043    1489.13    1488.16 0.0000e+00
       8967    357.000     8.1900     8.1903   3.661843   3.664164     1.5932      98.85    3.22082    35.0750    35.0994    27.3043    1489.15    1488.17 0.0000e+00
       8991    358.000     8.1901     8.1904   3.661909   3.664234     1.5926      91.98    3.22057    35.0751    35.0996    27.3044    1489.17    1488.17 0.0000e+00
       9015    359.000     8.1902     8.1904   3.661965   3.664291     1.5924      94.92    3.22246    35.0751    35.0998    27.3044    1489.18    1488.17 0.0000e+00
       9039    360.000     8.1904     8.1905   3.662021   3.664350     1.5919      91.89    3.20970    35.0750    35.0998    27.3043    1489.20    1488.17 0.0000e+00
       9062    361.000     8.1904     8.1906   3.662069   3.664396     1.5896      82.12    3.19553    35.0751    35.0997    27.3043    1489.22    1488.18 0.0000e+00
       9086    362.000     8.1905     8.1908   3.662123   3.664458     1.5879      98.83    3.20392    35.0751    35.0997    27.3043    1489.23    1488.18 0.0000e+00
       9110    363.000     8.1907     8.1908   3.662182   3.664510     1.5880      98.92    3.21830    35.0750    35.0998    27.3042    1489.25    1488.18 0.0000e+00
       9134    364.000     8.1907     8.1909   3.662242   3.664581     1.5885      98.93    3.21909    35.0752    35.1000    27.3044    1489.27    1488.19 0.0000e+00
       9158    365.000     8.1907     8.1911   3.662292   3.664631     1.5887      98.93    3.21470    35.0752    35.0998    27.3044    1489.28    1488.19 0.0000e+00
       9181    366.000     8.1910     8.1912   3.662365   3.664691     1.5882      87.06    3.20757    35.0753    35.0999    27.3044    1489.30    1488.19 0.0000e+00
       9205    367.000     8.1911     8.1912   3.662411   3.664742     1.5876      66.78    3.21600    35.0752    35.0999    27.3043    1489.32    1488.20 0.0000e+00
       9229    368.000     8.1913     8.1914   3.662474   3.664800     1.5880      99.00    3.21583    35.0752    35.0999    27.3043    1489.34    1488.20 0.0000e+00
       9253    369.000     8.1913     8.1915   3.662518   3.664853     1.5880      95.20    3.21127    35.0752    35.0999    27.3042    1489.35    1488.20 0.0000e+00
       9277    370.000     8.1914     8.1916   3.662580   3.664911     1.5875      79.22    3.21665    35.0752    35.0999    27.3043    1489.37    1488.20 0.0000e+00
       9301    371.000     8.1915     8.1917   3.662629   3.664968     1.5877      99.02    3.21197    35.0752    35.1000    27.3042    1489.39    1488.21 0.0000e+00
       9324    372.000     8.1916     8.1918   3.662689   3.665014     1.5872      98.92    3.21125    35.0752    35.0999    27.3043    1489.40    1488.21 0.0000e+00
       9348    373.000     8.1917     8.1919   3.662749   3.665079     1.5869      98.92    3.20832    35.0753    35.1000    27.3043    1489.42    1488.21 0.0000e+00
       9372    374.000     8.1917     8.1921   3.662810   3.665144     1.5859      98.93    3.20369    35.0755    35.1000    27.3044    1489.44    1488.22 0.0000e+00
       9395    375.000     8.1919     8.1922   3.662858   3.665204     1.5856      98.93    3.20930    35.0753    35.1001    27.3043    1489.45    1488.22 0.0000e+00
       9419    376.000     8.1921     8.1922   3.662920   3.665252     1.5855      98.93    3.20772    35.0753    35.1001    27.3042    1489.47    1488.22 0.0000e+00
       9443    377.000     8.1921     8.1924   3.662970   3.665312     1.5851      98.92    3.20824    35.0754    35.1001    27.3043    1489.49    1488.23 0.0000e+00
       9466    378.000     8.1922     8.1925   3.663032   3.665368     1.5848      98.92    3.19640    35.0755    35.1001    27.3043    1489.50    1488.23 0.0000e+00
       9490    379.000     8.1923     8.1925   3.663092   3.665427     1.5825      98.92    3.17949    35.0755    35.1002    27.3044    1489.52    1488.23 0.0000e+00
       9514    380.000     8.1925     8.1927   3.663150   3.665484     1.5805      50.98    3.19191    35.0755    35.1002    27.3043    1489.54    1488.24 0.0000e+00
       9538    381.000     8.1927     8.1928   3.663211   3.665553     1.5813      99.42    3.20579    35.0754    35.1003    27.3043    1489.56    1488.24 0.0000e+00
       9562    382.000     8.1928     8.1930   3.663270   3.665603     1.5813      98.92    3.19887    35.0755    35.1002    27.3043    1489.57    1488.24 0.0000e+00
       9586    383.000     8.1929     8.1930   3.663330   3.665662     1.5808      86.03    3.19423    35.0756    35.1003    27.3043    1489.59    1488.25 0.0000e+00
       9609    384.000     8.1930     8.1932   3.663323   3.665719     1.5804      98.84    3.18991    35.0749    35.1003    27.3038    1489.60    1488.25 0.0000e+00
       9633    385.000     8.1931     8.1933   3.663445   3.665790     1.5791      98.92    3.18074    35.0756    35.1004    27.3043    1489.62    1488.26 0.0000e+00
       9657    386.000     8.1932     8.1935   3.663506   3.665842     1.5775      98.93    3.17939    35.0757    35.1003    27.3044    1489.64    1488.26 0.0000e+00
       9681    387.000     8.1933     8.1937   3.663563   3.665909     1.5765      98.92    3.17513    35.0757    35.1004    27.3044    1489.66    1488.26 0.0000e+00
