_data/ctd/2014/sta0388_2014.cnv
* Sea-Bird SBE 9 Data File:
* FileName = C:\Seabird\CTDData\sta0388.hex
* Software Version Seasave V 7.21f
* Temperature SN = 1527
* Conductivity SN = 1827
* Number of Bytes Per Scan = 34
* Number of Voltage Words = 3
* Number of Scans Averaged by the Deck Unit = 1
* NMEA Latitude = 60 52.40 N
* NMEA Longitude = 005 23.08 E
* NMEA UTC (Time) = Oct 05 2014 13:05:07
* NMEA baud rate = 4800
** Ship: 10  F/F G.O. Sars
** Station: 388
** Echodepth: 451.74
** Log: 8745.304
** wind-dir Force: 13 03
** Air temp (dry): 17
** weather sky: 2 8
** sea ice: 3 0
# nquan = 15                                
# nvalues = 453                         
# units = specified
# name 0 = scan: Scan Count
# name 1 = prDM: Pressure, Digiquartz [db]
# name 2 = t068C: Temperature [ITS-68, deg C]
# name 3 = t168C: Temperature, 2 [ITS-68, deg C]
# name 4 = c0S/m: Conductivity [S/m]
# name 5 = c1S/m: Conductivity, 2 [S/m]
# name 6 = sbeox0V: Oxygen raw, SBE 43 [V]
# name 7 = altM: Altimeter [m]
# name 8 = sbeox0ML/L: Oxygen, SBE 43 [ml/l], WS = 2
# name 9 = sal00: Salinity, Practical [PSU]
# name 10 = sal11: Salinity, Practical, 2 [PSU]
# name 11 = sigma-t00: Density [sigma-t, Kg/m^3 ]
# name 12 = svCM: Sound Velocity [Chen-Millero, m/s]
# name 13 = avgsvCM: Average Sound Velocity [Chen-Millero, m/s], minP = 1, minS = 5
# name 14 = flag: flag
# span 0 =        625,      12450       
# span 1 =      4.000,    456.000       
# span 2 =     7.9114,    14.6151       
# span 3 =     7.9120,    14.6153       
# span 4 =   3.567481,   3.886621       
# span 5 =   3.565718,   3.889347       
# span 6 =     1.5458,     2.5961       
# span 7 =      12.93,     102.82       
# span 8 =    3.11347,    5.41455       
# span 9 =    28.9700,    35.0769       
# span 10 =    28.9576,    35.1031      
# span 11 =    21.4635,    27.3045      
# span 12 =    1483.25,    1501.49      
# span 13 =    1488.20,    1500.50      
# span 14 = 0.0000e+00, 0.0000e+00      
# interval = decibars: 1                
# start_time = Oct 05 2014 13:05:11 [System UTC, header]
# bad_flag = -9.990e-29
*END*
[from data line 290]
       7613    294.000     8.1855     8.1858   3.657699   3.660130     1.6641      96.43    3.40142    35.0654    35.0910    27.2974    1488.08    1488.20 0.0000e+00
       7637    295.000     8.1855     8.1859   3.657776   3.660195     1.6630      98.91    3.39722    35.0657    35.0911    27.2977    1488.10    1488.20 0.0000e+00
       7661    296.000     8.1857     8.1860   3.657818   3.660250     1.6621      95.59    3.39549    35.0655    35.0912    27.2975    1488.12    1488.20 0.0000e+00
       7686    297.000     8.1857     8.1861   3.657889   3.660316     1.6610      98.38    3.39418    35.0658    35.0913    27.2977    1488.13    1488.20 0.0000e+00
       7710    298.000     8.1857     8.1861   3.657964   3.660399     1.6604      98.92    3.39413    35.0661    35.0917    27.2980    1488.15    1488.20 0.0000e+00
       7734    299.000     8.1857     8.1861   3.658042   3.660474     1.6596      98.92    3.39194    35.0664    35.0920    27.2983    1488.17    1488.20 0.0000e+00
       7759    300.000     8.1856     8.1860   3.658164   3.660603     1.6587      98.92    3.38584    35.0674    35.0930    27.2990    1488.18    1488.20 0.0000e+00
       7783    301.000     8.1856     8.1861   3.658232   3.660657     1.6573      98.92    3.37605    35.0676    35.0930    27.2992    1488.20    1488.20 0.0000e+00
       7807    302.000     8.1856     8.1861   3.658305   3.660735     1.6552      98.92    3.35949    35.0679    35.0934    27.2994    1488.22    1488.20 0.0000e+00
       7831    303.000     8.1858     8.1861   3.658374   3.660801     1.6518      98.92    3.34605    35.0680    35.0936    27.2994    1488.23    1488.20 0.0000e+00
       7855    304.000     8.1859     8.1862   3.658436   3.660871     1.6486      98.93    3.32905    35.0680    35.0938    27.2995    1488.25    1488.20 0.0000e+00
       7879    305.000     8.1859     8.1863   3.658535   3.660974     1.6443      98.92    3.31475    35.0686    35.0943    27.2999    1488.27    1488.20 0.0000e+00
       7902    306.000     8.1858     8.1862   3.658645   3.661074     1.6397      71.31    3.29576    35.0694    35.0950    27.3006    1488.29    1488.20 0.0000e+00
       7926    307.000     8.1859     8.1863   3.658698   3.661133     1.6355      82.88    3.28363    35.0694    35.0950    27.3006    1488.30    1488.20 0.0000e+00
       7950    308.000     8.1860     8.1864   3.658766   3.661193     1.6296      98.92    3.25248    35.0695    35.0951    27.3007    1488.32    1488.20 0.0000e+00
       7974    309.000     8.1861     8.1864   3.658831   3.661270     1.6237      87.07    3.24952    35.0697    35.0954    27.3007    1488.34    1488.21 0.0000e+00
       7997    310.000     8.1861     8.1865   3.658908   3.661342     1.6208      89.19    3.27048    35.0700    35.0956    27.3010    1488.35    1488.21 0.0000e+00
       8021    311.000     8.1861     8.1866   3.659000   3.661432     1.6193      98.64    3.27216    35.0705    35.0960    27.3014    1488.37    1488.21 0.0000e+00
       8045    312.000     8.1862     8.1866   3.659061   3.661501     1.6183      98.70    3.27171    35.0706    35.0962    27.3014    1488.39    1488.21 0.0000e+00
       8069    313.000     8.1863     8.1866   3.659115   3.661549     1.6170      98.92    3.26418    35.0706    35.0963    27.3014    1488.40    1488.21 0.0000e+00
       8093    314.000     8.1864     8.1867   3.659183   3.661623     1.6154      98.92    3.25936    35.0707    35.0965    27.3015    1488.42    1488.21 0.0000e+00
       8117    315.000     8.1864     8.1867   3.659252   3.661687     1.6141      98.93    3.26163    35.0710    35.0967    27.3017    1488.44    1488.21 0.0000e+00
       8140    316.000     8.1864     8.1868   3.659320   3.661745     1.6134      98.92    3.26542    35.0712    35.0967    27.3019    1488.46    1488.21 0.0000e+00
       8164    317.000     8.1864     8.1868   3.659397   3.661834     1.6131      98.92    3.26874    35.0716    35.0972    27.3022    1488.47    1488.21 0.0000e+00
       8188    318.000     8.1865     8.1868   3.659463   3.661895     1.6134      91.22    3.27158    35.0717    35.0974    27.3023    1488.49    1488.21 0.0000e+00
       8212    319.000     8.1865     8.1869   3.659523   3.661960     1.6136      46.38    3.28790    35.0719    35.0975    27.3024    1488.51    1488.21 0.0000e+00
       8235    320.000     8.1866     8.1870   3.659586   3.662020     1.6159      94.41    3.28636    35.0720    35.0976    27.3025    1488.52    1488.21 0.0000e+00
       8259    321.000     8.1867     8.1870   3.659644   3.662077     1.6157      70.32    3.28257    35.0720    35.0977    27.3025    1488.54    1488.21 0.0000e+00
       8283    322.000     8.1867     8.1871   3.659699   3.662136     1.6162      72.40    3.28645    35.0721    35.0977    27.3026    1488.56    1488.22 0.0000e+00
       8307    323.000     8.1868     8.1871   3.659756   3.662196     1.6169      98.73    3.27922    35.0721    35.0979    27.3026    1488.57    1488.22 0.0000e+00
       8331    324.000     8.1868     8.1872   3.659819   3.662258     1.6155      93.33    3.26833    35.0723    35.0980    27.3027    1488.59    1488.22 0.0000e+00
       8354    325.000     8.1870     8.1874   3.659875   3.662308     1.6151      98.78    3.27969    35.0723    35.0978    27.3026    1488.61    1488.22 0.0000e+00
       8378    326.000     8.1871     8.1874   3.659939   3.662367     1.6157      98.92    3.28848    35.0724    35.0980    27.3027    1488.62    1488.22 0.0000e+00
       8402    327.000     8.1872     8.1875   3.659994   3.662435     1.6165      98.92    3.29091    35.0724    35.0981    27.3027    1488.64    1488.22 0.0000e+00
       8426    328.000     8.1871     8.1875   3.660062   3.662493     1.6172      98.92    3.28909    35.0727    35.0983    27.3030    1488.66    1488.22 0.0000e+00
       8450    329.000     8.1874     8.1878   3.660131   3.662563     1.6171      98.92    3.28747    35.0727    35.0982    27.3029    1488.67    1488.22 0.0000e+00
       8474    330.000     8.1874     8.1877   3.660187   3.662624     1.6175      98.92    3.28858    35.0728    35.0985    27.3030    1488.69    1488.23 0.0000e+00
       8497    331.000     8.1875     8.1879   3.660246   3.662686     1.6172      98.92    3.27697    35.0728    35.0985    27.3030    1488.71    1488.23 0.0000e+00
       8521    332.000     8.1877     8.1880   3.660302   3.662743     1.6155      51.08    3.27329    35.0728    35.0985    27.3029    1488.73    1488.23 0.0000e+00
       8545    333.000     8.1877     8.1880   3.660369   3.662814     1.6152      63.95    3.27726    35.0730    35.0988    27.3031    1488.74    1488.23 0.0000e+00
       8569    334.000     8.1877     8.1881   3.660437   3.662878     1.6153      92.55    3.27935    35.0732    35.0989    27.3033    1488.76    1488.23 0.0000e+00
       8593    335.000     8.1878     8.1881   3.660490   3.662930     1.6138      78.76    3.27004    35.0732    35.0990    27.3033    1488.78    1488.23 0.0000e+00
       8616    336.000     8.1880     8.1882   3.660547   3.662995     1.6140      98.79    3.28059    35.0732    35.0991    27.3032    1488.79    1488.23 0.0000e+00
       8640    337.000     8.1880     8.1884   3.660600   3.663046     1.6138      98.92    3.27544    35.0733    35.0990    27.3033    1488.81    1488.24 0.0000e+00
       8664    338.000     8.1881     8.1885   3.660670   3.663099     1.6131      98.92    3.27626    35.0734    35.0990    27.3034    1488.83    1488.24 0.0000e+00
       8688    339.000     8.1883     8.1886   3.660728   3.663170     1.6134      98.93    3.27773    35.0734    35.0991    27.3033    1488.84    1488.24 0.0000e+00
       8712    340.000     8.1883     8.1887   3.660782   3.663227     1.6129      98.92    3.27334    35.0735    35.0992    27.3034    1488.86    1488.24 0.0000e+00
       8735    341.000     8.1883     8.1888   3.660840   3.663286     1.6125      98.93    3.27468    35.0736    35.0992    27.3035    1488.88    1488.24 0.0000e+00
       8759    342.000     8.1885     8.1889   3.660915   3.663351     1.6122      98.92    3.27094    35.0737    35.0993    27.3036    1488.89    1488.25 0.0000e+00
       8783    343.000     8.1885     8.1890   3.660963   3.663409     1.6115      98.92    3.27285    35.0738    35.0994    27.3036    1488.91    1488.25 0.0000e+00
       8807    344.000     8.1887     8.1891   3.661033   3.663483     1.6116      98.92    3.27472    35.0738    35.0996    27.3036    1488.93    1488.25 0.0000e+00
       8831    345.000     8.1888     8.1892   3.661093   3.663523     1.6114      98.93    3.27258    35.0739    35.0994    27.3036    1488.95    1488.25 0.0000e+00
       8854    346.000     8.1889     8.1894   3.661148   3.663591     1.6110      98.93    3.26815    35.0739    35.0995    27.3036    1488.96    1488.25 0.0000e+00
       8878    347.000     8.1891     8.1894   3.661195   3.663658     1.6099      98.93    3.25741    35.0737    35.0997    27.3035    1488.98    1488.26 0.0000e+00
       8902    348.000     8.1891     8.1895   3.661260   3.663714     1.6080      55.67    3.25109    35.0739    35.0997    27.3036    1489.00    1488.26 0.0000e+00
       8926    349.000     8.1892     8.1896   3.661330   3.663776     1.6074      78.35    3.26246    35.0741    35.0998    27.3038    1489.01    1488.26 0.0000e+00
       8949    350.000     8.1893     8.1898   3.661408   3.663850     1.6068      98.65    3.25243    35.0744    35.0999    27.3039    1489.03    1488.26 0.0000e+00
       8973    351.000     8.1894     8.1898   3.661461   3.663909     1.6050      66.42    3.23832    35.0744    35.1001    27.3039    1489.05    1488.26 0.0000e+00
       8997    352.000     8.1896     8.1899   3.661514   3.663970     1.6035      81.23    3.24311    35.0742    35.1002    27.3038    1489.06    1488.27 0.0000e+00
       9021    353.000     8.1897     8.1900   3.661572   3.664021     1.6021      98.97    3.23484    35.0743    35.1001    27.3038    1489.08    1488.27 0.0000e+00
       9045    354.000     8.1898     8.1902   3.661625   3.664085     1.6001      77.05    3.22582    35.0743    35.1001    27.3038    1489.10    1488.27 0.0000e+00
       9068    355.000     8.1900     8.1903   3.661681   3.664138     1.5987      63.44    3.23031    35.0742    35.1001    27.3037    1489.11    1488.27 0.0000e+00
       9092    356.000     8.1901     8.1904   3.661749   3.664187     1.5978      55.97    3.23548    35.0743    35.1001    27.3038    1489.13    1488.28 0.0000e+00
       9116    357.000     8.1901     8.1904   3.661804   3.664250     1.5972      86.64    3.22604    35.0745    35.1003    27.3039    1489.15    1488.28 0.0000e+00
       9140    358.000     8.1902     8.1906   3.661864   3.664309     1.5961      74.18    3.22365    35.0745    35.1002    27.3039    1489.17    1488.28 0.0000e+00
       9164    359.000     8.1903     8.1907   3.661920   3.664375     1.5947      61.87    3.21979    35.0745    35.1003    27.3039    1489.18    1488.28 0.0000e+00
       9187    360.000     8.1904     8.1908   3.661978   3.664423     1.5934      92.49    3.21564    35.0746    35.1003    27.3039    1489.20    1488.29 0.0000e+00
       9211    361.000     8.1905     8.1908   3.662026   3.664476     1.5925      84.27    3.21846    35.0745    35.1004    27.3039    1489.22    1488.29 0.0000e+00
       9235    362.000     8.1906     8.1910   3.662082   3.664538     1.5921      68.87    3.23006    35.0745    35.1004    27.3039    1489.23    1488.29 0.0000e+00
       9259    363.000     8.1908     8.1911   3.662145   3.664593     1.5930      99.11    3.23028    35.0745    35.1004    27.3038    1489.25    1488.29 0.0000e+00
       9282    364.000     8.1908     8.1912   3.662186   3.664642     1.5928      98.92    3.22780    35.0745    35.1003    27.3038    1489.27    1488.30 0.0000e+00
       9306    365.000     8.1910     8.1913   3.662239   3.664703     1.5929      98.92    3.22620    35.0744    35.1004    27.3037    1489.28    1488.30 0.0000e+00
       9330    366.000     8.1910     8.1913   3.662304   3.664765     1.5923      98.92    3.22528    35.0746    35.1006    27.3039    1489.30    1488.30 0.0000e+00
       9354    367.000     8.1911     8.1915   3.662369   3.664820     1.5923      98.57    3.22747    35.0747    35.1005    27.3039    1489.32    1488.30 0.0000e+00
       9377    368.000     8.1912     8.1915   3.662424   3.664880     1.5923      98.92    3.22650    35.0747    35.1006    27.3039    1489.33    1488.31 0.0000e+00
       9401    369.000     8.1913     8.1917   3.662488   3.664940     1.5919      93.61    3.22069    35.0748    35.1006    27.3040    1489.35    1488.31 0.0000e+00
       9425    370.000     8.1914     8.1918   3.662541   3.664999     1.5913      59.54    3.22699    35.0748    35.1007    27.3040    1489.37    1488.31 0.0000e+00
       9449    371.000     8.1916     8.1919   3.662600   3.665057     1.5918      98.65    3.23067    35.0748    35.1007    27.3039    1489.39    1488.32 0.0000e+00
       9473    372.000     8.1917     8.1919   3.662658   3.665116     1.5919      98.92    3.22779    35.0748    35.1009    27.3039    1489.40    1488.32 0.0000e+00
       9496    373.000     8.1917     8.1921   3.662709   3.665174     1.5917      98.92    3.22505    35.0749    35.1008    27.3040    1489.42    1488.32 0.0000e+00
       9520    374.000     8.1918     8.1922   3.662772   3.665236     1.5910      98.90    3.21084    35.0750    35.1009    27.3040    1489.44    1488.32 0.0000e+00
       9544    375.000     8.1920     8.1924   3.662834   3.665291     1.5889      87.50    3.20404    35.0750    35.1008    27.3040    1489.45    1488.33 0.0000e+00
       9568    376.000     8.1921     8.1925   3.662888   3.665345     1.5876      63.21    3.21275    35.0750    35.1008    27.3040    1489.47    1488.33 0.0000e+00
       9591    377.000     8.1922     8.1925   3.662946   3.665406     1.5882      98.81    3.21973    35.0750    35.1010    27.3040    1489.49    1488.33 0.0000e+00
       9615    378.000     8.1923     8.1927   3.663008   3.665467     1.5875      98.92    3.21171    35.0751    35.1009    27.3040    1489.50    1488.34 0.0000e+00
       9639    379.000     8.1923     8.1928   3.663060   3.665524     1.5869      87.90    3.21408    35.0752    35.1010    27.3041    1489.52    1488.34 0.0000e+00
       9663    380.000     8.1925     8.1928   3.663132   3.665585     1.5870      98.96    3.21216    35.0753    35.1011    27.3042    1489.54    1488.34 0.0000e+00
       9686    381.000     8.1927     8.1930   3.663180   3.665635     1.5861      98.92    3.19931    35.0751    35.1010    27.3040    1489.55    1488.35 0.0000e+00
       9710    382.000     8.1927     8.1930   3.663232   3.665691     1.5836      40.52    3.19374    35.0752    35.1011    27.3041    1489.57    1488.35 0.0000e+00
       9734    383.000     8.1930     8.1932   3.663290   3.665745     1.5839      98.60    3.20896    35.0750    35.1010    27.3039    1489.59    1488.35 0.0000e+00
       9757    384.000     8.1928     8.1933   3.663338   3.665803     1.5832      98.92    3.19839    35.0753    35.1011    27.3041    1489.60    1488.36 0.0000e+00
       9781    385.000     8.1930     8.1934   3.663389   3.665859     1.5820      70.94    3.20187    35.0751    35.1011    27.3040    1489.62    1488.36 0.0000e+00
       9805    386.000     8.1930     8.1934   3.663452   3.665919     1.5832      98.10    3.21644    35.0753    35.1012    27.3041    1489.64    1488.36 0.0000e+00
       9828    387.000     8.1933     8.1936   3.663520   3.665981     1.5832      98.92    3.20596    35.0753    35.1012    27.3040    1489.66    1488.37 0.0000e+00
       9852    388.000     8.1933     8.1937   3.663588   3.666042     1.5828      98.80    3.20419    35.0755    35.1013    27.3042    1489.67    1488.37 0.0000e+00
