_data/ctd/2014/sta0392_2014.cnv
* Sea-Bird SBE 9 Data File:
* FileName = C:\Seabird\CTDData\sta0392.hex
* Software Version Seasave V 7.21f
* Temperature SN = 1527
* Conductivity SN = 1827
* Number of Bytes Per Scan = 34
* Number of Voltage Words = 3
* Number of Scans Averaged by the Deck Unit = 1
* NMEA Latitude = 60 52.29 N
* NMEA Longitude = 005 24.69 E
* NMEA UTC (Time) = Oct 06 2014 22:15:29
* NMEA baud rate = 4800
** Ship: 10  F/F G.O. Sars
** Station: 392
** Echodepth: 471.53
** Log: 8796.343
** wind-dir Force: 97 30
** Air temp (dry): 13
** weather sky: 2 8
** sea ice: 3 0
# nquan = 15                                
# nvalues = 450                         
# units = specified
# name 0 = scan: Scan Count
# name 1 = prDM: Pressure, Digiquartz [db]
# name 2 = t068C: Temperature [ITS-68, deg C]
# name 3 = t168C: Temperature, 2 [ITS-68, deg C]
# name 4 = c0S/m: Conductivity [S/m]
# name 5 = c1S/m: Conductivity, 2 [S/m]
# name 6 = sbeox0V: Oxygen raw, SBE 43 [V]
# name 7 = altM: Altimeter [m]
# name 8 = sbeox0ML/L: Oxygen, SBE 43 [ml/l], WS = 2
# name 9 = sal00: Salinity, Practical [PSU]
# name 10 = sal11: Salinity, Practical, 2 [PSU]
# name 11 = sigma-t00: Density [sigma-t, Kg/m^3 ]
# name 12 = svCM: Sound Velocity [Chen-Millero, m/s]
# name 13 = avgsvCM: Average Sound Velocity [Chen-Millero, m/s], minP = 1, minS = 5
# name 14 = flag: flag
# span 0 =        498,      12119       
# span 1 =      2.000,    451.000       
# span 2 =     7.9069,    14.4583       
# span 3 =     7.9073,    14.4573       
# span 4 =   3.579526,   3.876435       
# span 5 =   3.581966,   3.878878       
# span 6 =     1.5412,     2.5752       
# span 7 =       1.30,      99.56       
# span 8 =    3.10175,    5.37857       
# span 9 =    29.3543,    35.0770       
# span 10 =    29.3764,    35.1008      
# span 11 =    21.8327,    27.3046      
# span 12 =    1483.23,    1501.25      
# span 13 =    1487.94,    1500.18      
# span 14 = 0.0000e+00, 0.0000e+00      
# interval = decibars: 1                
# start_time = Oct 06 2014 22:15:32 [System UTC, header]
# bad_flag = -9.990e-29
*END*
[from data line 386]
       9775    388.000     8.1935     8.1937   3.663629   3.665877     1.5697      58.70    3.15196    35.0758    35.0995    27.3044    1489.67    1488.17 0.0000e+00
       9798    389.000     8.1935     8.1939   3.663684   3.665938     1.5690      85.66    3.14978    35.0759    35.0995    27.3045    1489.69    1488.18 0.0000e+00
       9822    390.000     8.1936     8.1939   3.663740   3.666000     1.5655      67.04    3.13217    35.0759    35.0997    27.3045    1489.71    1488.18 0.0000e+00
       9846    391.000     8.1938     8.1941   3.663798   3.666048     1.5655      98.21    3.16137    35.0758    35.0995    27.3044    1489.72    1488.19 0.0000e+00
       9870    392.000     8.1939     8.1942   3.663854   3.666094     1.5655      86.53    3.16262    35.0759    35.0995    27.3044    1489.74    1488.19 0.0000e+00
       9893    393.000     8.1940     8.1943   3.663915   3.666166     1.5665      98.73    3.16911    35.0759    35.0997    27.3044    1489.76    1488.19 0.0000e+00
       9917    394.000     8.1941     8.1944   3.663974   3.666229     1.5670      98.93    3.16856    35.0760    35.0997    27.3045    1489.78    1488.20 0.0000e+00
       9940    395.000     8.1942     8.1944   3.664030   3.666286     1.5675      98.93    3.16830    35.0760    35.0999    27.3045    1489.79    1488.20 0.0000e+00
       9964    396.000     8.1944     8.1947   3.664088   3.666339     1.5677      96.88    3.15959    35.0760    35.0997    27.3044    1489.81    1488.21 0.0000e+00
       9988    397.000     8.1945     8.1947   3.664142   3.666394     1.5664      40.87    3.16083    35.0760    35.0998    27.3044    1489.83    1488.21 0.0000e+00
      10012    398.000     8.1945     8.1949   3.664186   3.666445     1.5669      86.73    3.15880    35.0759    35.0996    27.3044    1489.84    1488.21 0.0000e+00
      10035    399.000     8.1946     8.1949   3.664248   3.666503     1.5661      66.22    3.16200    35.0760    35.0998    27.3044    1489.86    1488.22 0.0000e+00
      10059    400.000     8.1947     8.1950   3.664305   3.666556     1.5658      82.00    3.15587    35.0761    35.0998    27.3044    1489.88    1488.22 0.0000e+00
      10083    401.000     8.1949     8.1952   3.664367   3.666614     1.5659      84.80    3.16495    35.0761    35.0997    27.3044    1489.89    1488.23 0.0000e+00
      10107    402.000     8.1950     8.1953   3.664418   3.666668     1.5655      83.41    3.15693    35.0760    35.0997    27.3044    1489.91    1488.23 0.0000e+00
      10131    403.000     8.1950     8.1953   3.664462   3.666728     1.5656      95.79    3.16453    35.0760    35.0999    27.3044    1489.93    1488.23 0.0000e+00
      10155    404.000     8.1952     8.1955   3.664528   3.666776     1.5655      92.50    3.15978    35.0760    35.0997    27.3043    1489.94    1488.24 0.0000e+00
      10179    405.000     8.1953     8.1955   3.664586   3.666839     1.5653      98.31    3.15985    35.0761    35.0999    27.3044    1489.96    1488.24 0.0000e+00
      10203    406.000     8.1954     8.1956   3.664647   3.666898     1.5650      98.91    3.16035    35.0762    35.1000    27.3044    1489.98    1488.25 0.0000e+00
      10226    407.000     8.1955     8.1958   3.664697   3.666951     1.5649      98.92    3.15887    35.0761    35.0999    27.3044    1489.99    1488.25 0.0000e+00
      10250    408.000     8.1956     8.1959   3.664753   3.667009     1.5644      98.93    3.14674    35.0761    35.0999    27.3044    1490.01    1488.26 0.0000e+00
      10273    409.000     8.1958     8.1959   3.664809   3.667063     1.5624      98.70    3.14044    35.0761    35.1000    27.3043    1490.03    1488.26 0.0000e+00
      10297    410.000     8.1958     8.1960   3.664875   3.667128     1.5617      98.51    3.15300    35.0763    35.1001    27.3045    1490.05    1488.26 0.0000e+00
      10321    411.000     8.1960     8.1962   3.664931   3.667182     1.5621      98.93    3.15855    35.0762    35.1000    27.3044    1490.06    1488.27 0.0000e+00
      10345    412.000     8.1961     8.1963   3.664989   3.667239     1.5623      98.93    3.15626    35.0763    35.1001    27.3044    1490.08    1488.27 0.0000e+00
      10369    413.000     8.1962     8.1964   3.665041   3.667292     1.5621      98.92    3.15322    35.0762    35.1001    27.3044    1490.10    1488.28 0.0000e+00
      10393    414.000     8.1963     8.1966   3.665098   3.667354     1.5615      55.55    3.14905    35.0763    35.1000    27.3044    1490.11    1488.28 0.0000e+00
      10417    415.000     8.1964     8.1967   3.665149   3.667408     1.5618      82.61    3.15664    35.0762    35.1000    27.3043    1490.13    1488.29 0.0000e+00
      10442    416.000     8.1965     8.1968   3.665206   3.667462     1.5608      54.15    3.14792    35.0763    35.1000    27.3043    1490.15    1488.29 0.0000e+00
      10466    417.000     8.1966     8.1968   3.665265   3.667517     1.5615      98.42    3.15708    35.0763    35.1002    27.3044    1490.16    1488.30 0.0000e+00
      10491    418.000     8.1967     8.1970   3.665320   3.667574     1.5605      83.82    3.14751    35.0763    35.1001    27.3044    1490.18    1488.30 0.0000e+00
      10515    419.000     8.1968     8.1971   3.665383   3.667634     1.5604      84.73    3.14256    35.0764    35.1001    27.3044    1490.20    1488.30 0.0000e+00
      10539    420.000     8.1970     8.1972   3.665441   3.667692     1.5588      60.71    3.12906    35.0764    35.1002    27.3043    1490.22    1488.31 0.0000e+00
      10564    421.000     8.1971     8.1974   3.665494   3.667756     1.5560      82.23    3.11745    35.0764    35.1002    27.3043    1490.23    1488.31 0.0000e+00
      10587    422.000     8.1972     8.1975   3.665543   3.667809     1.5555      84.43    3.14611    35.0763    35.1002    27.3043    1490.25    1488.32 0.0000e+00
      10612    423.000     8.1973     8.1975   3.665605   3.667864     1.5560      84.69    3.14344    35.0764    35.1003    27.3043    1490.27    1488.32 0.0000e+00
      10635    424.000     8.1974     8.1977   3.665670   3.667919     1.5566      95.97    3.14808    35.0765    35.1002    27.3044    1490.28    1488.33 0.0000e+00
      10659    425.000     8.1974     8.1978   3.665718   3.667972     1.5566      94.82    3.14739    35.0766    35.1002    27.3044    1490.30    1488.33 0.0000e+00
      10683    426.000     8.1975     8.1979   3.665768   3.668025     1.5571      98.86    3.15041    35.0765    35.1002    27.3044    1490.32    1488.34 0.0000e+00
      10707    427.000     8.1977     8.1979   3.665827   3.668092     1.5574      98.92    3.14913    35.0765    35.1004    27.3043    1490.33    1488.34 0.0000e+00
      10731    428.000     8.1980     8.1981   3.665899   3.668158     1.5575      98.92    3.14969    35.0765    35.1005    27.3043    1490.35    1488.35 0.0000e+00
      10755    429.000     8.1980     8.1983   3.665957   3.668211     1.5575      98.92    3.13679    35.0766    35.1004    27.3044    1490.37    1488.35 0.0000e+00
      10779    430.000     8.1982     8.1984   3.666013   3.668272     1.5552      98.92    3.12012    35.0765    35.1004    27.3043    1490.38    1488.36 0.0000e+00
      10803    431.000     8.1983     8.1986   3.666067   3.668323     1.5535      85.08    3.12157    35.0765    35.1003    27.3043    1490.40    1488.36 0.0000e+00
      10828    432.000     8.1983     8.1987   3.666117   3.668382     1.5527      62.23    3.13472    35.0766    35.1004    27.3043    1490.42    1488.37 0.0000e+00
      10853    433.000     8.1984     8.1987   3.666167   3.668433     1.5522      74.26    3.12707    35.0766    35.1004    27.3043    1490.44    1488.37 0.0000e+00
      10878    434.000     8.1986     8.1988   3.666236   3.668499     1.5524      86.39    3.13533    35.0766    35.1006    27.3043    1490.45    1488.37 0.0000e+00
      10902    435.000     8.1988     8.1990   3.666293   3.668555     1.5515      74.43    3.12725    35.0766    35.1005    27.3042    1490.47    1488.38 0.0000e+00
      10927    436.000     8.1989     8.1991   3.666339   3.668603     1.5514      97.68    3.12059    35.0765    35.1004    27.3041    1490.49    1488.38 0.0000e+00
      10951    437.000     8.1990     8.1993   3.666406   3.668677     1.5496      98.92    3.11875    35.0766    35.1005    27.3042    1490.50    1488.39 0.0000e+00
      10975    438.000     8.1991     8.1993   3.666469   3.668726     1.5495      98.92    3.12858    35.0767    35.1006    27.3043    1490.52    1488.39 0.0000e+00
      11000    439.000     8.1992     8.1994   3.666518   3.668785     1.5494      98.92    3.12547    35.0767    35.1006    27.3042    1490.54    1488.40 0.0000e+00
      11024    440.000     8.1993     8.1996   3.666578   3.668849     1.5492      98.92    3.12693    35.0767    35.1006    27.3043    1490.55    1488.40 0.0000e+00
      11048    441.000     8.1994     8.1997   3.666645   3.668905     1.5492      98.92    3.12688    35.0769    35.1007    27.3044    1490.57    1488.41 0.0000e+00
      11073    442.000     8.1996     8.1999   3.666701   3.668976     1.5487      61.24    3.12040    35.0768    35.1007    27.3043    1490.59    1488.41 0.0000e+00
      11097    443.000     8.1997     8.2000   3.666753   3.669026     1.5484      72.63    3.12082    35.0768    35.1007    27.3042    1490.61    1488.42 0.0000e+00
      11122    444.000     8.1998     8.2001   3.666808   3.669072     1.5469      52.40    3.10986    35.0768    35.1006    27.3042    1490.62    1488.42 0.0000e+00
      11146    445.000     8.1999     8.2002   3.666855   3.669129     1.5465      94.80    3.11056    35.0767    35.1007    27.3042    1490.64    1488.43 0.0000e+00
      11171    446.000     8.2001     8.2002   3.666915   3.669182     1.5448      64.73    3.10850    35.0767    35.1007    27.3041    1490.66    1488.43 0.0000e+00
      11196    447.000     8.2001     8.2004   3.666975   3.669243     1.5446      55.62    3.11316    35.0768    35.1007    27.3042    1490.67    1488.44 0.0000e+00
      11221    448.000     8.2003     8.2006   3.667037   3.669311     1.5444      32.46    3.11417    35.0768    35.1008    27.3042    1490.69    1488.44 0.0000e+00
      11246    449.000     8.2004     8.2007   3.667096   3.669368     1.5439      49.20    3.11284    35.0769    35.1008    27.3042    1490.71    1488.45 0.0000e+00
      11271    450.000     8.2005     8.2008   3.667160   3.669418     1.5436      62.03    3.10847    35.0770    35.1008    27.3043    1490.72    1488.45 0.0000e+00
      12119    451.000     8.2007     8.2011   3.667197   3.669479     1.5412      44.72    3.10175    35.0767    35.1006    27.3040    1490.74    1488.46 0.0000e+00
