_data/ctd/2014/sta0387_2014.cnv
* Sea-Bird SBE 9 Data File:
* FileName = C:\Seabird\CTDData\sta0387.hex
* Software Version Seasave V 7.21f
* Temperature SN = 1527
* Conductivity SN = 1827
* Number of Bytes Per Scan = 34
* Number of Voltage Words = 3
* Number of Scans Averaged by the Deck Unit = 1
* NMEA Latitude = 60 52.35 N
* NMEA Longitude = 005 24.31 E
* NMEA UTC (Time) = Oct 04 2014 22:29:43
* NMEA baud rate = 4800
** Ship: 10  F/F G.O. Sars
** Station: 387
** Echodepth: 467.67
** Log: 8731.944
** wind-dir Force: 10 10
** Air temp (dry): 19.5
** weather sky: 2 8
** sea ice: 3 0
# nquan = 15                                
# nvalues = 464                         
# units = specified
# name 0 = scan: Scan Count
# name 1 = prDM: Pressure, Digiquartz [db]
# name 2 = t068C: Temperature [ITS-68, deg C]
# name 3 = t168C: Temperature, 2 [ITS-68, deg C]
# name 4 = c0S/m: Conductivity [S/m]
# name 5 = c1S/m: Conductivity, 2 [S/m]
# name 6 = sbeox0V: Oxygen raw, SBE 43 [V]
# name 7 = altM: Altimeter [m]
# name 8 = sbeox0ML/L: Oxygen, SBE 43 [ml/l], WS = 2
# name 9 = sal00: Salinity, Practical [PSU]
# name 10 = sal11: Salinity, Practical, 2 [PSU]
# name 11 = sigma-t00: Density [sigma-t, Kg/m^3 ]
# name 12 = svCM: Sound Velocity [Chen-Millero, m/s]
# name 13 = avgsvCM: Average Sound Velocity [Chen-Millero, m/s], minP = 1, minS = 5
# name 14 = flag: flag
# span 0 =        410,      12619       
# span 1 =      3.000,    466.000       
# span 2 =     7.9096,    14.5270       
# span 3 =     7.9102,    14.5226       
# span 4 =   2.228029,   3.888256       
# span 5 =   2.198586,   3.891244       
# span 6 =     1.5343,     2.7236       
# span 7 =      19.92,      99.48       
# span 8 =    3.08275,    6.24887       
# span 9 =    17.9739,    35.0754       
# span 10 =    17.7345,    35.1036      
# span 11 =    13.2816,    27.3031      
# span 12 =    1479.37,    1501.67      
# span 13 =    1479.37,    1498.93      
# span 14 = 0.0000e+00, 0.0000e+00      
# interval = decibars: 1                
# start_time = Oct 04 2014 22:29:46 [System UTC, header]
# bad_flag = -9.990e-29
*END*
[from data line 386]
       9687    389.000     8.1936     8.1938   3.663503   3.666156     1.5781      98.92    3.19276    35.0738    35.1020    27.3029    1489.69    1488.26 0.0000e+00
       9710    390.000     8.1936     8.1940   3.663561   3.666218     1.5779      98.58    3.18637    35.0740    35.1019    27.3030    1489.70    1488.27 0.0000e+00
       9734    391.000     8.1938     8.1942   3.663631   3.666282     1.5763      75.06    3.17410    35.0741    35.1019    27.3030    1489.72    1488.27 0.0000e+00
       9758    392.000     8.1938     8.1942   3.663687   3.666340     1.5754      90.97    3.17937    35.0742    35.1021    27.3031    1489.74    1488.27 0.0000e+00
       9782    393.000     8.1940     8.1944   3.663732   3.666393     1.5743      98.98    3.17327    35.0740    35.1020    27.3029    1489.76    1488.28 0.0000e+00
       9806    394.000     8.1941     8.1945   3.663795   3.666440     1.5735      92.79    3.17499    35.0741    35.1019    27.3030    1489.77    1488.28 0.0000e+00
       9829    395.000     8.1942     8.1945   3.663848   3.666508     1.5728      95.96    3.17484    35.0741    35.1021    27.3030    1489.79    1488.28 0.0000e+00
       9853    396.000     8.1943     8.1947   3.663904   3.666552     1.5724      98.92    3.17266    35.0741    35.1019    27.3030    1489.81    1488.29 0.0000e+00
       9877    397.000     8.1944     8.1948   3.663959   3.666615     1.5710      69.19    3.16474    35.0741    35.1020    27.3029    1489.82    1488.29 0.0000e+00
       9900    398.000     8.1945     8.1949   3.664011   3.666676     1.5709      82.73    3.18018    35.0741    35.1021    27.3029    1489.84    1488.30 0.0000e+00
       9924    399.000     8.1946     8.1950   3.664066   3.666730     1.5711      98.72    3.17560    35.0741    35.1021    27.3029    1489.86    1488.30 0.0000e+00
       9948    400.000     8.1947     8.1950   3.664122   3.666775     1.5705      84.71    3.16855    35.0741    35.1021    27.3029    1489.87    1488.30 0.0000e+00
       9972    401.000     8.1948     8.1951   3.664177   3.666827     1.5700      68.01    3.17539    35.0741    35.1021    27.3029    1489.89    1488.31 0.0000e+00
       9996    402.000     8.1949     8.1952   3.664224   3.666878     1.5705      56.55    3.18156    35.0741    35.1021    27.3028    1489.91    1488.31 0.0000e+00
      10019    403.000     8.1951     8.1955   3.664281   3.666936     1.5709      98.73    3.17730    35.0740    35.1019    27.3027    1489.92    1488.32 0.0000e+00
      10043    404.000     8.1951     8.1955   3.664331   3.666990     1.5701      89.72    3.16500    35.0740    35.1020    27.3028    1489.94    1488.32 0.0000e+00
      10067    405.000     8.1952     8.1956   3.664383   3.667047     1.5694      74.39    3.17715    35.0740    35.1020    27.3028    1489.96    1488.32 0.0000e+00
      10091    406.000     8.1954     8.1957   3.664443   3.667101     1.5700      98.75    3.17713    35.0740    35.1020    27.3027    1489.98    1488.33 0.0000e+00
      10115    407.000     8.1954     8.1958   3.664498   3.667155     1.5697      96.89    3.17326    35.0741    35.1020    27.3028    1489.99    1488.33 0.0000e+00
      10138    408.000     8.1956     8.1959   3.664556   3.667219     1.5695      87.94    3.17883    35.0740    35.1022    27.3027    1490.01    1488.34 0.0000e+00
      10162    409.000     8.1957     8.1960   3.664612   3.667274     1.5699      98.76    3.17866    35.0741    35.1022    27.3027    1490.03    1488.34 0.0000e+00
      10186    410.000     8.1958     8.1961   3.664657   3.667328     1.5697      91.79    3.16707    35.0740    35.1022    27.3026    1490.04    1488.34 0.0000e+00
      10210    411.000     8.1959     8.1962   3.664720   3.667384     1.5684      62.89    3.17479    35.0741    35.1022    27.3027    1490.06    1488.35 0.0000e+00
      10234    412.000     8.1960     8.1963   3.664770   3.667434     1.5692      99.48    3.17896    35.0740    35.1021    27.3026    1490.08    1488.35 0.0000e+00
      10258    413.000     8.1962     8.1963   3.664833   3.667500     1.5691      97.60    3.17435    35.0740    35.1024    27.3026    1490.09    1488.36 0.0000e+00
      10281    414.000     8.1961     8.1964   3.664887   3.667551     1.5688      86.10    3.17806    35.0742    35.1023    27.3028    1490.11    1488.36 0.0000e+00
      10305    415.000     8.1962     8.1966   3.664947   3.667610     1.5691      98.86    3.17947    35.0743    35.1023    27.3028    1490.13    1488.37 0.0000e+00
      10330    416.000     8.1964     8.1967   3.665006   3.667666     1.5695      98.81    3.18339    35.0742    35.1023    27.3028    1490.14    1488.37 0.0000e+00
      10354    417.000     8.1965     8.1969   3.665061   3.667720     1.5697      98.93    3.18011    35.0743    35.1022    27.3027    1490.16    1488.37 0.0000e+00
      10378    418.000     8.1966     8.1969   3.665110   3.667781     1.5694      98.92    3.17808    35.0742    35.1024    27.3027    1490.18    1488.38 0.0000e+00
      10402    419.000     8.1968     8.1971   3.665173   3.667836     1.5692      98.89    3.16910    35.0742    35.1023    27.3027    1490.20    1488.38 0.0000e+00
      10427    420.000     8.1969     8.1973   3.665237   3.667905     1.5678      73.22    3.17036    35.0743    35.1024    27.3027    1490.21    1488.39 0.0000e+00
      10451    421.000     8.1970     8.1973   3.665288   3.667965     1.5675      99.30    3.16938    35.0743    35.1025    27.3027    1490.23    1488.39 0.0000e+00
      10475    422.000     8.1971     8.1975   3.665361   3.668021     1.5670      98.92    3.16788    35.0745    35.1025    27.3028    1490.25    1488.40 0.0000e+00
      10498    423.000     8.1971     8.1975   3.665405   3.668067     1.5663      98.92    3.16716    35.0745    35.1025    27.3028    1490.26    1488.40 0.0000e+00
      10523    424.000     8.1974     8.1977   3.665467   3.668138     1.5658      98.92    3.16760    35.0744    35.1026    27.3027    1490.28    1488.40 0.0000e+00
      10547    425.000     8.1975     8.1977   3.665519   3.668192     1.5659      98.92    3.17253    35.0743    35.1027    27.3027    1490.30    1488.41 0.0000e+00
      10571    426.000     8.1975     8.1979   3.665577   3.668241     1.5656      98.92    3.16885    35.0745    35.1025    27.3028    1490.31    1488.41 0.0000e+00
      10595    427.000     8.1978     8.1981   3.665646   3.668307     1.5653      98.92    3.16541    35.0744    35.1025    27.3027    1490.33    1488.42 0.0000e+00
      10620    428.000     8.1979     8.1982   3.665703   3.668369     1.5646      95.14    3.15977    35.0745    35.1026    27.3027    1490.35    1488.42 0.0000e+00
      10644    429.000     8.1980     8.1984   3.665769   3.668431     1.5637      50.50    3.16600    35.0746    35.1026    27.3028    1490.37    1488.43 0.0000e+00
      10668    430.000     8.1982     8.1984   3.665818   3.668493     1.5636      98.47    3.15757    35.0745    35.1028    27.3026    1490.38    1488.43 0.0000e+00
      10693    431.000     8.1983     8.1987   3.665868   3.668550     1.5624      94.45    3.14695    35.0744    35.1026    27.3026    1490.40    1488.44 0.0000e+00
      10718    432.000     8.1984     8.1987   3.665936   3.668601     1.5605      62.16    3.15106    35.0746    35.1027    27.3027    1490.42    1488.44 0.0000e+00
      10742    433.000     8.1986     8.1989   3.665996   3.668665     1.5603      98.57    3.14924    35.0745    35.1027    27.3026    1490.43    1488.44 0.0000e+00
      10767    434.000     8.1986     8.1990   3.666048   3.668712     1.5589      92.98    3.13966    35.0746    35.1026    27.3027    1490.45    1488.45 0.0000e+00
      10791    435.000     8.1988     8.1991   3.666102   3.668764     1.5576      74.74    3.14427    35.0745    35.1026    27.3026    1490.47    1488.45 0.0000e+00
      10816    436.000     8.1988     8.1992   3.666154   3.668825     1.5567      80.79    3.13161    35.0746    35.1027    27.3027    1490.48    1488.46 0.0000e+00
      10841    437.000     8.1990     8.1993   3.666210   3.668873     1.5552      74.83    3.14569    35.0745    35.1026    27.3026    1490.50    1488.46 0.0000e+00
      10865    438.000     8.1990     8.1994   3.666261   3.668932     1.5561      98.94    3.14686    35.0746    35.1027    27.3026    1490.52    1488.47 0.0000e+00
      10890    439.000     8.1991     8.1995   3.666317   3.668984     1.5550      96.04    3.12398    35.0746    35.1027    27.3026    1490.53    1488.47 0.0000e+00
      10914    440.000     8.1991     8.1996   3.666372   3.669034     1.5526      93.28    3.12823    35.0747    35.1026    27.3027    1490.55    1488.48 0.0000e+00
      10938    441.000     8.1993     8.1996   3.666423   3.669088     1.5528      98.92    3.13913    35.0746    35.1027    27.3026    1490.57    1488.48 0.0000e+00
      10963    442.000     8.1995     8.1997   3.666478   3.669156     1.5527      98.92    3.14466    35.0745    35.1029    27.3025    1490.59    1488.49 0.0000e+00
      10988    443.000     8.1995     8.1998   3.666543   3.669206     1.5535      90.71    3.14547    35.0747    35.1028    27.3027    1490.60    1488.49 0.0000e+00
      11013    444.000     8.1995     8.1999   3.666593   3.669262     1.5539      69.87    3.14608    35.0748    35.1028    27.3027    1490.62    1488.50 0.0000e+00
      11038    445.000     8.1997     8.2000   3.666644   3.669317     1.5537      51.33    3.15164    35.0747    35.1029    27.3026    1490.64    1488.50 0.0000e+00
      11063    446.000     8.1998     8.2000   3.666697   3.669370     1.5552      93.64    3.14852    35.0746    35.1030    27.3026    1490.65    1488.51 0.0000e+00
      11088    447.000     8.1999     8.2002   3.666759   3.669430     1.5541      39.75    3.14575    35.0747    35.1029    27.3026    1490.67    1488.51 0.0000e+00
      11112    448.000     8.2000     8.2004   3.666815   3.669495     1.5551      56.68    3.15119    35.0748    35.1029    27.3026    1490.69    1488.52 0.0000e+00
      11137    449.000     8.2002     8.2005   3.666864   3.669540     1.5548      29.00    3.14454    35.0746    35.1028    27.3025    1490.70    1488.52 0.0000e+00
      11257    450.000     8.2005     8.2008   3.666942   3.669625     1.5535      35.60    3.13822    35.0747    35.1030    27.3025    1490.72    1488.53 0.0000e+00
      11723    451.000     8.2010     8.2013   3.667022   3.669691     1.5498      34.85    3.13057    35.0745    35.1027    27.3023    1490.74    1488.53 0.0000e+00
      11704    452.000     8.2010     8.2012   3.667073   3.669751     1.5488      34.38    3.11440    35.0746    35.1030    27.3023    1490.76    1488.54 0.0000e+00
      11727    453.000     8.2008     8.2012   3.667121   3.669790     1.5480      33.68    3.12600    35.0749    35.1029    27.3026    1490.77    1488.54 0.0000e+00
      11751    454.000     8.2009     8.2012   3.667175   3.669855     1.5480      32.46    3.13103    35.0749    35.1031    27.3025    1490.79    1488.55 0.0000e+00
      11776    455.000     8.2010     8.2014   3.667237   3.669919     1.5482      31.36    3.13205    35.0749    35.1031    27.3026    1490.81    1488.55 0.0000e+00
      11800    456.000     8.2012     8.2016   3.667293   3.669980     1.5481      30.36    3.12522    35.0749    35.1031    27.3025    1490.82    1488.56 0.0000e+00
      11824    457.000     8.2013     8.2016   3.667361   3.670043     1.5472      29.60    3.11707    35.0750    35.1033    27.3026    1490.84    1488.56 0.0000e+00
      11849    458.000     8.2017     8.2020   3.667444   3.670126     1.5459      28.46    3.11222    35.0750    35.1033    27.3026    1490.86    1488.57 0.0000e+00
      11873    459.000     8.2017     8.2021   3.667506   3.670188     1.5447      27.43    3.11090    35.0752    35.1034    27.3027    1490.87    1488.57 0.0000e+00
      11898    460.000     8.2019     8.2024   3.667578   3.670254     1.5436      26.40    3.09956    35.0753    35.1033    27.3028    1490.89    1488.58 0.0000e+00
      11922    461.000     8.2020     8.2023   3.667623   3.670297     1.5412      25.41    3.08987    35.0752    35.1034    27.3027    1490.91    1488.58 0.0000e+00
      11946    462.000     8.2021     8.2024   3.667682   3.670359     1.5394      24.50    3.08690    35.0753    35.1035    27.3027    1490.93    1488.59 0.0000e+00
      11970    463.000     8.2022     8.2025   3.667731   3.670414     1.5373      23.10    3.08405    35.0752    35.1035    27.3026    1490.94    1488.59 0.0000e+00
      11994    464.000     8.2024     8.2027   3.667788   3.670468     1.5362      22.29    3.08654    35.0752    35.1034    27.3026    1490.96    1488.60 0.0000e+00
      12018    465.000     8.2025     8.2028   3.667860   3.670540     1.5352      21.33    3.08792    35.0754    35.1036    27.3027    1490.98    1488.60 0.0000e+00
      12619    466.000     8.2028     8.2033   3.667895   3.670598     1.5343      19.92    3.08275    35.0750    35.1033    27.3023    1490.99    1488.61 0.0000e+00
