_data/ctd/2014/sta0391_2014.cnv
* Sea-Bird SBE 9 Data File:
* FileName = C:\Seabird\CTDData\sta0391.hex
* Software Version Seasave V 7.21f
* Temperature SN = 1527
* Conductivity SN = 1827
* Number of Bytes Per Scan = 34
* Number of Voltage Words = 3
* Number of Scans Averaged by the Deck Unit = 1
* NMEA Latitude = 60 50.58 N
* NMEA Longitude = 005 20.81 E
* NMEA UTC (Time) = Oct 06 2014 10:37:44
* NMEA baud rate = 4800
** Ship: 10  F/F G.O. Sars
** Station: 391
** Echodepth: 346.81
** Log: 8765.733
** wind-dir Force: 17 07
** Air temp (dry): 20
** weather sky: 2 8
** sea ice: 3 0
# nquan = 15                                
# nvalues = 360                         
# units = specified
# name 0 = scan: Scan Count
# name 1 = prDM: Pressure, Digiquartz [db]
# name 2 = t068C: Temperature [ITS-68, deg C]
# name 3 = t168C: Temperature, 2 [ITS-68, deg C]
# name 4 = c0S/m: Conductivity [S/m]
# name 5 = c1S/m: Conductivity, 2 [S/m]
# name 6 = sbeox0V: Oxygen raw, SBE 43 [V]
# name 7 = altM: Altimeter [m]
# name 8 = sbeox0ML/L: Oxygen, SBE 43 [ml/l], WS = 2
# name 9 = sal00: Salinity, Practical [PSU]
# name 10 = sal11: Salinity, Practical, 2 [PSU]
# name 11 = sigma-t00: Density [sigma-t, Kg/m^3 ]
# name 12 = svCM: Sound Velocity [Chen-Millero, m/s]
# name 13 = avgsvCM: Average Sound Velocity [Chen-Millero, m/s], minP = 1, minS = 5
# name 14 = flag: flag
# span 0 =        449,      11846       
# span 1 =      1.000,    360.000       
# span 2 =     7.8967,    14.3996       
# span 3 =     7.8971,    14.3996       
# span 4 =   2.476882,   3.901150       
# span 5 =   2.425938,   3.904047       
# span 6 =     1.5136,     2.6621       
# span 7 =      11.38,     129.99       
# span 8 =    2.99148,    6.00758       
# span 9 =    20.1698,    35.0751       
# span 10 =    19.7509,    35.0993      
# span 11 =    14.9698,    27.3043      
# span 12 =    1482.02,    1501.38      
# span 13 =    1482.02,    1499.36      
# span 14 = 0.0000e+00, 0.0000e+00      
# interval = decibars: 1                
# start_time = Oct 06 2014 10:37:48 [System UTC, header]
# bad_flag = -9.990e-29
*END*
[from data line 290]
       7453    291.000     8.1834     8.1838   3.657553   3.659812     1.6014      98.90    3.18940    35.0673    35.0911    27.2993    1488.03    1488.11 0.0000e+00
       7477    292.000     8.1836     8.1839   3.657630   3.659883     1.5974      81.72    3.17996    35.0675    35.0913    27.2994    1488.04    1488.11 0.0000e+00
       7501    293.000     8.1836     8.1840   3.657707   3.659952     1.5950      96.55    3.18271    35.0678    35.0914    27.2997    1488.06    1488.11 0.0000e+00
       7525    294.000     8.1838     8.1842   3.657773   3.660015     1.5925      98.90    3.17091    35.0679    35.0914    27.2997    1488.08    1488.11 0.0000e+00
       7549    295.000     8.1839     8.1842   3.657827   3.660073     1.5892      83.42    3.15983    35.0678    35.0915    27.2996    1488.10    1488.11 0.0000e+00
       7574    296.000     8.1841     8.1845   3.657894   3.660140     1.5868      72.96    3.16361    35.0679    35.0915    27.2996    1488.11    1488.11 0.0000e+00
       7598    297.000     8.1841     8.1845   3.657969   3.660213     1.5851      73.16    3.16095    35.0682    35.0918    27.2999    1488.13    1488.11 0.0000e+00
       7622    298.000     8.1842     8.1846   3.658025   3.660279     1.5833      73.10    3.16283    35.0682    35.0919    27.2999    1488.15    1488.11 0.0000e+00
       7646    299.000     8.1844     8.1847   3.658081   3.660335     1.5829      97.86    3.16569    35.0681    35.0919    27.2998    1488.16    1488.11 0.0000e+00
       7671    300.000     8.1844     8.1848   3.658149   3.660403     1.5818      92.81    3.15288    35.0684    35.0921    27.3000    1488.18    1488.11 0.0000e+00
       7695    301.000     8.1847     8.1850   3.658310   3.660556     1.5796      30.92    3.15744    35.0693    35.0930    27.3007    1488.20    1488.11 0.0000e+00
       7719    302.000     8.1849     8.1852   3.658429   3.660677     1.5802      83.28    3.15379    35.0699    35.0936    27.3011    1488.22    1488.11 0.0000e+00
       7743    303.000     8.1850     8.1854   3.658480   3.660738     1.5774      68.21    3.12486    35.0699    35.0936    27.3011    1488.23    1488.11 0.0000e+00
       7767    304.000     8.1851     8.1855   3.658539   3.660804     1.5735      67.36    3.11496    35.0699    35.0937    27.3011    1488.25    1488.11 0.0000e+00
       7791    305.000     8.1852     8.1856   3.658608   3.660873     1.5713      66.65    3.11991    35.0701    35.0939    27.3012    1488.27    1488.11 0.0000e+00
       7815    306.000     8.1853     8.1857   3.658687   3.660940     1.5693      65.48    3.11768    35.0704    35.0940    27.3014    1488.29    1488.11 0.0000e+00
       7839    307.000     8.1854     8.1859   3.658761   3.661018     1.5677      64.53    3.11669    35.0706    35.0942    27.3015    1488.30    1488.11 0.0000e+00
       7862    308.000     8.1856     8.1860   3.658845   3.661111     1.5665      63.72    3.11247    35.0708    35.0946    27.3017    1488.32    1488.11 0.0000e+00
       7886    309.000     8.1857     8.1861   3.658916   3.661173     1.5648      62.63    3.10655    35.0710    35.0947    27.3018    1488.34    1488.11 0.0000e+00
       7910    310.000     8.1858     8.1861   3.658983   3.661233     1.5633      61.46    3.10637    35.0711    35.0948    27.3019    1488.35    1488.11 0.0000e+00
       7934    311.000     8.1860     8.1863   3.659055   3.661310     1.5623      60.66    3.10761    35.0712    35.0950    27.3019    1488.37    1488.12 0.0000e+00
       7958    312.000     8.1863     8.1865   3.659161   3.661408     1.5613      59.56    3.10292    35.0716    35.0954    27.3022    1488.39    1488.12 0.0000e+00
       7981    313.000     8.1863     8.1867   3.659258   3.661508     1.5603      58.48    3.10273    35.0721    35.0957    27.3026    1488.41    1488.12 0.0000e+00
       8005    314.000     8.1865     8.1867   3.659333   3.661592     1.5595      57.50    3.09963    35.0722    35.0962    27.3027    1488.42    1488.12 0.0000e+00
       8029    315.000     8.1865     8.1869   3.659398   3.661657     1.5583      56.41    3.09217    35.0724    35.0962    27.3029    1488.44    1488.12 0.0000e+00
       8053    316.000     8.1866     8.1870   3.659465   3.661736     1.5568      55.48    3.08398    35.0726    35.0964    27.3029    1488.46    1488.12 0.0000e+00
       8077    317.000     8.1868     8.1871   3.659522   3.661794     1.5548      54.35    3.08050    35.0725    35.0965    27.3029    1488.47    1488.12 0.0000e+00
       8100    318.000     8.1869     8.1871   3.659582   3.661845     1.5537      53.37    3.08343    35.0726    35.0965    27.3029    1488.49    1488.12 0.0000e+00
       8124    319.000     8.1870     8.1874   3.659640   3.661897     1.5529      52.45    3.08840    35.0726    35.0963    27.3029    1488.51    1488.12 0.0000e+00
       8148    320.000     8.1871     8.1875   3.659711   3.661977     1.5529      51.52    3.09199    35.0728    35.0966    27.3030    1488.53    1488.13 0.0000e+00
       8172    321.000     8.1872     8.1876   3.659781   3.662051     1.5527      50.61    3.08771    35.0730    35.0968    27.3032    1488.54    1488.13 0.0000e+00
       8196    322.000     8.1873     8.1877   3.659841   3.662100     1.5521      49.29    3.08206    35.0730    35.0968    27.3032    1488.56    1488.13 0.0000e+00
       8219    323.000     8.1875     8.1878   3.659896   3.662161     1.5511      48.19    3.07589    35.0729    35.0968    27.3031    1488.58    1488.13 0.0000e+00
       8243    324.000     8.1875     8.1879   3.659957   3.662221     1.5497      47.31    3.07433    35.0731    35.0969    27.3032    1488.59    1488.13 0.0000e+00
       8267    325.000     8.1877     8.1880   3.660015   3.662279     1.5492      46.40    3.07609    35.0730    35.0969    27.3031    1488.61    1488.13 0.0000e+00
       8291    326.000     8.1879     8.1881   3.660103   3.662364     1.5485      45.42    3.07509    35.0733    35.0973    27.3033    1488.63    1488.13 0.0000e+00
       8315    327.000     8.1879     8.1882   3.660172   3.662448     1.5479      44.43    3.07252    35.0736    35.0976    27.3035    1488.64    1488.14 0.0000e+00
       8339    328.000     8.1881     8.1884   3.660240   3.662517     1.5469      43.45    3.06473    35.0736    35.0976    27.3035    1488.66    1488.14 0.0000e+00
       8362    329.000     8.1882     8.1886   3.660315   3.662583     1.5455      42.45    3.06097    35.0738    35.0977    27.3037    1488.68    1488.14 0.0000e+00
       8386    330.000     8.1884     8.1887   3.660398   3.662660     1.5444      41.43    3.05793    35.0740    35.0979    27.3038    1488.70    1488.14 0.0000e+00
       8410    331.000     8.1884     8.1888   3.660469   3.662741     1.5430      40.52    3.05304    35.0743    35.0982    27.3040    1488.71    1488.14 0.0000e+00
       8434    332.000     8.1886     8.1889   3.660524   3.662803     1.5416      39.52    3.04742    35.0742    35.0983    27.3039    1488.73    1488.14 0.0000e+00
       8458    333.000     8.1887     8.1891   3.660573   3.662856     1.5399      38.56    3.04354    35.0742    35.0982    27.3039    1488.75    1488.15 0.0000e+00
       8481    334.000     8.1888     8.1891   3.660626   3.662904     1.5386      37.55    3.04181    35.0742    35.0982    27.3039    1488.76    1488.15 0.0000e+00
       8512    335.000     8.1888     8.1893   3.660682   3.662956     1.5375      36.48    3.04413    35.0743    35.0981    27.3039    1488.78    1488.15 0.0000e+00
       9656    336.000     8.1888     8.1894   3.660721   3.663001     1.5338      34.68    3.04332    35.0742    35.0980    27.3039    1488.80    1488.15 0.0000e+00
       9587    337.000     8.1892     8.1895   3.660825   3.663105     1.5342      34.16    3.04128    35.0745    35.0985    27.3040    1488.82    1488.15 0.0000e+00
       9609    338.000     8.1893     8.1896   3.660896   3.663170     1.5336      33.35    3.02487    35.0746    35.0986    27.3041    1488.83    1488.16 0.0000e+00
       9633    339.000     8.1894     8.1898   3.660962   3.663244     1.5311      32.44    3.01728    35.0748    35.0987    27.3042    1488.85    1488.16 0.0000e+00
       9656    340.000     8.1896     8.1898   3.661011   3.663291     1.5303      31.51    3.02400    35.0746    35.0988    27.3041    1488.87    1488.16 0.0000e+00
       9680    341.000     8.1896     8.1899   3.661071   3.663350     1.5295      30.50    3.02508    35.0748    35.0988    27.3042    1488.88    1488.16 0.0000e+00
       9704    342.000     8.1898     8.1901   3.661117   3.663403     1.5291      29.51    3.02453    35.0746    35.0987    27.3040    1488.90    1488.16 0.0000e+00
       9728    343.000     8.1898     8.1902   3.661173   3.663454     1.5285      28.54    3.02431    35.0747    35.0987    27.3041    1488.92    1488.17 0.0000e+00
       9751    344.000     8.1899     8.1902   3.661230   3.663512     1.5282      27.57    3.02418    35.0747    35.0988    27.3041    1488.93    1488.17 0.0000e+00
       9775    345.000     8.1901     8.1903   3.661284   3.663570     1.5278      26.60    3.02168    35.0746    35.0988    27.3040    1488.95    1488.17 0.0000e+00
       9799    346.000     8.1901     8.1905   3.661351   3.663643     1.5270      25.64    3.01759    35.0749    35.0989    27.3042    1488.97    1488.17 0.0000e+00
       9822    347.000     8.1903     8.1906   3.661434   3.663692     1.5266      24.67    3.01823    35.0751    35.0989    27.3043    1488.99    1488.17 0.0000e+00
       9846    348.000     8.1905     8.1908   3.661499   3.663771     1.5254      23.69    3.00066    35.0751    35.0991    27.3043    1489.00    1488.18 0.0000e+00
       9870    349.000     8.1907     8.1910   3.661558   3.663833     1.5231      22.74    2.99687    35.0751    35.0990    27.3043    1489.02    1488.18 0.0000e+00
      10689    350.000     8.1907     8.1911   3.661573   3.663863     1.5239      21.14    3.01199    35.0747    35.0988    27.3040    1489.04    1488.18 0.0000e+00
      11227    351.000     8.1908     8.1911   3.661627   3.663928     1.5250      20.31    3.01916    35.0747    35.0990    27.3040    1489.05    1488.18 0.0000e+00
      11226    352.000     8.1910     8.1913   3.661709   3.664008     1.5247      19.57    3.01743    35.0749    35.0992    27.3041    1489.07    1488.19 0.0000e+00
      11249    353.000     8.1911     8.1914   3.661763   3.664059     1.5242      18.62    3.00986    35.0749    35.0991    27.3041    1489.09    1488.19 0.0000e+00
      11273    354.000     8.1911     8.1914   3.661811   3.664104     1.5229      17.63    3.00212    35.0750    35.0991    27.3041    1489.10    1488.19 0.0000e+00
      11297    355.000     8.1913     8.1916   3.661869   3.664161     1.5216      16.61    2.99749    35.0749    35.0991    27.3041    1489.12    1488.19 0.0000e+00
      11321    356.000     8.1914     8.1917   3.661944   3.664231     1.5202      15.68    2.99948    35.0751    35.0992    27.3042    1489.14    1488.20 0.0000e+00
      11344    357.000     8.1916     8.1918   3.661995   3.664288     1.5195      14.71    2.99828    35.0750    35.0993    27.3041    1489.15    1488.20 0.0000e+00
      11368    358.000     8.1916     8.1920   3.662050   3.664345     1.5187      13.74    2.99597    35.0751    35.0992    27.3042    1489.17    1488.20 0.0000e+00
      11392    359.000     8.1917     8.1920   3.662105   3.664392     1.5176      12.79    2.99157    35.0751    35.0992    27.3042    1489.19    1488.21 0.0000e+00
      11846    360.000     8.1920     8.1925   3.662161   3.664472     1.5136      11.38    2.99148    35.0749    35.0991    27.3040    1489.21    1488.21 0.0000e+00
