_data/ctd/2014/sta0391_2014.cnv
* Sea-Bird SBE 9 Data File:
* FileName = C:\Seabird\CTDData\sta0391.hex
* Software Version Seasave V 7.21f
* Temperature SN = 1527
* Conductivity SN = 1827
* Number of Bytes Per Scan = 34
* Number of Voltage Words = 3
* Number of Scans Averaged by the Deck Unit = 1
* NMEA Latitude = 60 50.58 N
* NMEA Longitude = 005 20.81 E
* NMEA UTC (Time) = Oct 06 2014 10:37:44
* NMEA baud rate = 4800
** Ship: 10  F/F G.O. Sars
** Station: 391
** Echodepth: 346.81
** Log: 8765.733
** wind-dir Force: 17 07
** Air temp (dry): 20
** weather sky: 2 8
** sea ice: 3 0
# nquan = 15                                
# nvalues = 360                         
# units = specified
# name 0 = scan: Scan Count
# name 1 = prDM: Pressure, Digiquartz [db]
# name 2 = t068C: Temperature [ITS-68, deg C]
# name 3 = t168C: Temperature, 2 [ITS-68, deg C]
# name 4 = c0S/m: Conductivity [S/m]
# name 5 = c1S/m: Conductivity, 2 [S/m]
# name 6 = sbeox0V: Oxygen raw, SBE 43 [V]
# name 7 = altM: Altimeter [m]
# name 8 = sbeox0ML/L: Oxygen, SBE 43 [ml/l], WS = 2
# name 9 = sal00: Salinity, Practical [PSU]
# name 10 = sal11: Salinity, Practical, 2 [PSU]
# name 11 = sigma-t00: Density [sigma-t, Kg/m^3 ]
# name 12 = svCM: Sound Velocity [Chen-Millero, m/s]
# name 13 = avgsvCM: Average Sound Velocity [Chen-Millero, m/s], minP = 1, minS = 5
# name 14 = flag: flag
# span 0 =        449,      11846       
# span 1 =      1.000,    360.000       
# span 2 =     7.8967,    14.3996       
# span 3 =     7.8971,    14.3996       
# span 4 =   2.476882,   3.901150       
# span 5 =   2.425938,   3.904047       
# span 6 =     1.5136,     2.6621       
# span 7 =      11.38,     129.99       
# span 8 =    2.99148,    6.00758       
# span 9 =    20.1698,    35.0751       
# span 10 =    19.7509,    35.0993      
# span 11 =    14.9698,    27.3043      
# span 12 =    1482.02,    1501.38      
# span 13 =    1482.02,    1499.36      
# span 14 = 0.0000e+00, 0.0000e+00      
# interval = decibars: 1                
# start_time = Oct 06 2014 10:37:48 [System UTC, header]
# bad_flag = -9.990e-29
*END*
        449      1.000    12.8065    12.7385   2.476882   2.425938     2.6314     129.99    6.00758    20.1698    19.7509    14.9698    1482.02    1482.02 0.0000e+00
        498      2.000    13.0873    13.1080   2.721997   2.741093     2.6385      67.22    5.93032    22.2068    22.3660    16.4916    1485.41    1483.71 0.0000e+00
        526      3.000    13.5533    13.5508   3.100977   3.101083     2.6449      55.38    5.81339    25.3249    25.3275    18.8100    1490.68    1486.03 0.0000e+00
        550      4.000    13.8611    13.8092   3.359596   3.315977     2.6566      67.61    5.73571    27.4486    27.0910    20.3879    1494.22    1488.07 0.0000e+00
        574      5.000    14.1547    14.1179   3.627747   3.593262     2.6621      98.73    5.56938    29.6609    29.3760    22.0348    1497.79    1490.00 0.0000e+00
        599      6.000    14.3086    14.3062   3.777172   3.773753     2.6538      78.53    5.40985    30.8981    30.8689    22.9571    1499.76    1491.62 0.0000e+00
        624      7.000    14.3155    14.3145   3.797975   3.796474     2.6328      71.87    5.28213    31.0815    31.0687    23.0971    1500.01    1492.81 0.0000e+00
        648      8.000    14.3032    14.3040   3.808001   3.810709     2.6038      99.37    5.18581    31.1824    31.2064    23.1774    1500.11    1493.72 0.0000e+00
        672      9.000    14.2984    14.2982   3.813623   3.816062     2.5756      77.06    5.11294    31.2371    31.2595    23.2206    1500.17    1494.43 0.0000e+00
        696     10.000    14.2883    14.2883   3.817338   3.819685     2.5473      75.67    5.10227    31.2788    31.3002    23.2548    1500.20    1495.01 0.0000e+00
        721     11.000    14.2919    14.2920   3.821871   3.824376     2.5377      99.21    5.15844    31.3168    31.3396    23.2834    1500.28    1495.49 0.0000e+00
        745     12.000    14.3220    14.3191   3.834383   3.835995     2.5345      75.39    5.15951    31.4061    31.4232    23.3461    1500.49    1495.90 0.0000e+00
        769     13.000    14.3525    14.3522   3.846534   3.848882     2.5312      79.09    5.14321    31.4917    31.5134    23.4058    1500.71    1496.27 0.0000e+00
        794     14.000    14.3644    14.3642   3.849266   3.851713     2.5279      98.96    5.12780    31.5066    31.5290    23.4147    1500.78    1496.59 0.0000e+00
        818     15.000    14.3692    14.3689   3.850184   3.852604     2.5204      75.34    5.07359    31.5106    31.5329    23.4169    1500.82    1496.87 0.0000e+00
        842     16.000    14.3802    14.3788   3.852998   3.855131     2.5107      80.58    5.08645    31.5269    31.5475    23.4272    1500.89    1497.12 0.0000e+00
        866     17.000    14.3935    14.3933   3.857513   3.859917     2.5112      98.90    5.10974    31.5569    31.5789    23.4475    1500.99    1497.35 0.0000e+00
        891     18.000    14.3982    14.3980   3.860509   3.862893     2.5095      72.75    5.09105    31.5799    31.6018    23.4643    1501.04    1497.56 0.0000e+00
        916     19.000    14.3996    14.3996   3.864676   3.867042     2.5075      85.71    5.08917    31.6164    31.6379    23.4921    1501.11    1497.74 0.0000e+00
        940     20.000    14.3954    14.3954   3.869152   3.871640     2.5056      99.08    5.07382    31.6602    31.6829    23.5268    1501.16    1497.91 0.0000e+00
        965     21.000    14.3802    14.3801   3.874930   3.877109     2.4998      98.93    5.02356    31.7249    31.7449    23.5798    1501.21    1498.07 0.0000e+00
        990     22.000    14.3809    14.3807   3.880013   3.882393     2.4887      98.92    5.01299    31.7703    31.7922    23.6147    1501.28    1498.21 0.0000e+00
       1015     23.000    14.3818    14.3815   3.881274   3.883801     2.4876      98.93    5.04535    31.7807    31.8040    23.6225    1501.31    1498.35 0.0000e+00
       1039     24.000    14.3837    14.3834   3.882760   3.885184     2.4866      64.45    5.03674    31.7923    31.8147    23.6311    1501.35    1498.47 0.0000e+00
       1064     25.000    14.3780    14.3782   3.884459   3.886946     2.4852      95.41    5.03391    31.8121    31.8346    23.6475    1501.37    1498.59 0.0000e+00
       1089     26.000    14.3623    14.3625   3.887196   3.889742     2.4838      98.89    5.02001    31.8496    31.8727    23.6797    1501.38    1498.70 0.0000e+00
       1113     27.000    14.3448    14.3449   3.888003   3.890498     2.4770      98.92    4.95772    31.8710    31.8937    23.6998    1501.36    1498.79 0.0000e+00
       1138     28.000    14.3373    14.3381   3.888985   3.891537     2.4650      98.92    4.96183    31.8858    31.9084    23.7128    1501.37    1498.89 0.0000e+00
       1162     29.000    14.2818    14.2840   3.890853   3.893411     2.4661      98.92    5.00272    31.9483    31.9698    23.7725    1501.28    1498.97 0.0000e+00
       1187     30.000    14.2340    14.2339   3.892233   3.894949     2.4622      81.88    4.94948    32.0000    32.0250    23.8223    1501.20    1499.04 0.0000e+00
       1211     31.000    14.2259    14.2260   3.893409   3.896017     2.4556      52.17    4.97482    32.0171    32.0410    23.8372    1501.21    1499.11 0.0000e+00
       1235     32.000    14.2202    14.2216   3.894150   3.896591     2.4589      98.75    5.00036    32.0283    32.0495    23.8470    1501.22    1499.18 0.0000e+00
       1260     33.000    14.1816    14.1869   3.901150   3.904047     2.4589      52.11    4.99055    32.1241    32.1463    23.9289    1501.23    1499.24 0.0000e+00
       1284     34.000    14.0913    14.0927   3.899911   3.902585     2.4597      58.06    4.99527    32.1876    32.2111    23.9966    1501.02    1499.29 0.0000e+00
       1308     35.000    13.9194    13.9252   3.889805   3.892540     2.4563      98.37    4.94162    32.2380    32.2584    24.0707    1500.54    1499.33 0.0000e+00
       1332     36.000    13.7270    13.7308   3.880190   3.883037     2.4389      53.42    4.88129    32.3104    32.3336    24.1658    1500.01    1499.35 0.0000e+00
       1357     37.000    13.6334    13.6344   3.875161   3.877797     2.4286      62.39    4.93100    32.3423    32.3660    24.2094    1499.75    1499.36 0.0000e+00
       1381     38.000    13.5320    13.5391   3.870585   3.873454     2.4261      99.09    4.93266    32.3851    32.4058    24.2629    1499.48    1499.36 0.0000e+00
       1405     39.000    13.3322    13.3322   3.863188   3.865601     2.4191      77.45    4.93539    32.4855    32.5081    24.3805    1498.96    1499.35 0.0000e+00
       1429     40.000    13.2225    13.2229   3.855505   3.858076     2.4173      67.85    4.96307    32.5067    32.5305    24.4187    1498.63    1499.33 0.0000e+00
       1454     41.000    13.1399    13.1372   3.850542   3.852761     2.4159      98.97    4.96623    32.5303    32.5535    24.4533    1498.40    1499.31 0.0000e+00
       1478     42.000    12.9223    12.9276   3.833744   3.836620     2.4148      54.15    4.99318    32.5582    32.5808    24.5176    1497.72    1499.27 0.0000e+00
       1502     43.000    12.6621    12.6690   3.817122   3.819932     2.4151      72.66    4.99186    32.6246    32.6453    24.6196    1496.94    1499.22 0.0000e+00
       1526     44.000    12.4044    12.4107   3.802372   3.805133     2.4042      98.75    4.93057    32.7071    32.7280    24.7330    1496.18    1499.15 0.0000e+00
       1551     45.000    12.1650    12.1679   3.787268   3.789908     2.3938      54.08    4.97850    32.7707    32.7936    24.8277    1495.46    1499.07 0.0000e+00
       1575     46.000    12.0275    12.0298   3.779262   3.781869     2.3936      74.57    5.04140    32.8137    32.8369    24.8869    1495.06    1498.98 0.0000e+00
       1599     47.000    11.8107    11.8165   3.763542   3.766330     2.3966      98.75    5.06445    32.8520    32.8739    24.9569    1494.37    1498.88 0.0000e+00
       1623     48.000    11.6503    11.6537   3.752964   3.755588     2.3959      55.61    5.07810    32.8905    32.9131    25.0164    1493.88    1498.78 0.0000e+00
       1647     49.000    11.4211    11.4256   3.738144   3.740783     2.3989      78.17    5.12521    32.9488    32.9707    25.1035    1493.17    1498.66 0.0000e+00
       1671     50.000    11.2304    11.2351   3.728911   3.731595     2.4005      98.88    5.12550    33.0280    33.0502    25.1995    1492.62    1498.54 0.0000e+00
       1696     51.000    11.0149    11.0172   3.719113   3.721649     2.3999      73.05    5.12786    33.1244    33.1475    25.3130    1491.99    1498.41 0.0000e+00
       1720     52.000    10.8133    10.8211   3.709402   3.712138     2.3941      99.37    5.10422    33.2098    33.2300    25.4151    1491.40    1498.28 0.0000e+00
       1744     53.000    10.6633    10.6672   3.702529   3.705309     2.3904      98.79    5.13956    33.2771    33.3014    25.4938    1490.97    1498.14 0.0000e+00
       1768     54.000    10.6131    10.6151   3.698944   3.701532     2.3893      76.09    5.16812    33.2866    33.3107    25.5099    1490.82    1498.00 0.0000e+00
       1793     55.000    10.4138    10.4258   3.688406   3.691381     2.3928      98.74    5.20847    33.3626    33.3815    25.6036    1490.22    1497.86 0.0000e+00
       1817     56.000    10.1354    10.1414   3.675517   3.678171     2.3933      98.41    5.19260    33.4883    33.5097    25.7492    1489.39    1497.71 0.0000e+00
       1841     57.000    10.0267    10.0293   3.668351   3.670843     2.3874      77.26    5.17714    33.5158    33.5387    25.7890    1489.05    1497.55 0.0000e+00
       1866     58.000     9.8089     9.8141   3.651197   3.653808     2.3843      98.94    5.18099    33.5428    33.5646    25.8465    1488.31    1497.39 0.0000e+00
       1890     59.000     9.5565     9.5575   3.634450   3.636785     2.3735      97.61    5.11895    33.6063    33.6294    25.9377    1487.49    1497.23 0.0000e+00
       1914     60.000     9.6131     9.6127   3.647823   3.650139     2.3616      78.54    5.14955    33.6903    33.7145    25.9941    1487.81    1497.07 0.0000e+00
       1938     61.000     9.4601     9.4640   3.639185   3.641787     2.3641      98.70    5.23637    33.7447    33.7679    26.0617    1487.34    1496.91 0.0000e+00
       1963     62.000     9.4166     9.4160   3.640575   3.643019     2.3655      97.91    5.18414    33.7996    33.8254    26.1117    1487.27    1496.75 0.0000e+00
       1987     63.000     9.3785     9.3789   3.643789   3.646232     2.3573      80.85    5.13992    33.8684    33.8933    26.1717    1487.23    1496.60 0.0000e+00
       2011     64.000     9.3101     9.3113   3.643666   3.646175     2.3525      99.06    5.14149    33.9315    33.9564    26.2321    1487.07    1496.45 0.0000e+00
       2036     65.000     9.2711     9.2728   3.641167   3.643671     2.3451      96.92    5.09452    33.9422    33.9665    26.2468    1486.96    1496.30 0.0000e+00
       2060     66.000     9.2193     9.2211   3.638478   3.640964     2.3343      82.18    5.05859    33.9631    33.9872    26.2715    1486.81    1496.16 0.0000e+00
       2084     67.000     9.0739     9.0774   3.630050   3.632664     2.3242      98.90    5.04686    34.0135    34.0375    26.3343    1486.35    1496.01 0.0000e+00
       2108     68.000     9.0310     9.0315   3.628476   3.630925     2.3131      96.11    5.00684    34.0377    34.0628    26.3600    1486.24    1495.87 0.0000e+00
       2132     69.000     8.9003     8.9014   3.622481   3.624846     2.3015      84.78    5.00196    34.0998    34.1235    26.4293    1485.85    1495.72 0.0000e+00
       2157     70.000     8.8644     8.8647   3.621102   3.623539     2.2915      98.88    4.97323    34.1194    34.1447    26.4503    1485.76    1495.58 0.0000e+00
       2181     71.000     8.7889     8.7913   3.619097   3.621519     2.2807      96.34    4.94712    34.1706    34.1937    26.5023    1485.56    1495.43 0.0000e+00
       2205     72.000     8.6469     8.6506   3.612772   3.615300     2.2701      86.64    4.92019    34.2408    34.2638    26.5795    1485.13    1495.29 0.0000e+00
       2229     73.000     8.5877     8.5892   3.609978   3.612397     2.2552      98.83    4.84601    34.2682    34.2923    26.6102    1484.96    1495.15 0.0000e+00
       2254     74.000     8.5123     8.5160   3.606525   3.609004     2.2390      95.67    4.81767    34.3044    34.3271    26.6502    1484.74    1495.01 0.0000e+00
       2278     75.000     8.4151     8.4163   3.602078   3.604451     2.2252      88.36    4.80902    34.3515    34.3755    26.7021    1484.46    1494.86 0.0000e+00
       2302     76.000     8.3848     8.3852   3.601234   3.603611     2.2130      98.74    4.78057    34.3716    34.3965    26.7225    1484.38    1494.73 0.0000e+00
       2326     77.000     8.3796     8.3796   3.601814   3.604088     2.2008      95.68    4.74926    34.3824    34.4065    26.7317    1484.39    1494.59 0.0000e+00
       2350     78.000     8.3505     8.3510   3.601217   3.603557     2.1896      90.70    4.74251    34.4040    34.4284    26.7532    1484.33    1494.46 0.0000e+00
       2375     79.000     8.3130     8.3136   3.600454   3.602811     2.1812      98.98    4.73750    34.4321    34.4566    26.7809    1484.24    1494.33 0.0000e+00
       2399     80.000     8.2461     8.2473   3.599447   3.601815     2.1736      95.40    4.71669    34.4865    34.5105    26.8338    1484.07    1494.20 0.0000e+00
       2423     81.000     8.1899     8.1920   3.597891   3.600277     2.1649      92.08    4.70011    34.5246    34.5480    26.8722    1483.92    1494.07 0.0000e+00
       2448     82.000     8.1332     8.1346   3.595611   3.597969     2.1569      98.94    4.67538    34.5556    34.5794    26.9051    1483.77    1493.94 0.0000e+00
       2472     83.000     8.1038     8.1046   3.594939   3.597271     2.1476      96.15    4.64431    34.5769    34.6011    26.9263    1483.70    1493.82 0.0000e+00
       2496     84.000     8.0827     8.0836   3.596362   3.598674     2.1378      93.58    4.61738    34.6125    34.6364    26.9574    1483.68    1493.70 0.0000e+00
       2520     85.000     8.0643     8.0648   3.596603   3.598947     2.1285      98.99    4.59689    34.6328    34.6574    26.9761    1483.65    1493.58 0.0000e+00
       2544     86.000     8.0558     8.0564   3.596503   3.598865     2.1199      96.54    4.58294    34.6396    34.6644    26.9827    1483.64    1493.46 0.0000e+00
       2568     87.000     8.0528     8.0532   3.596651   3.598967     2.1127      94.33    4.58069    34.6437    34.6681    26.9864    1483.65    1493.35 0.0000e+00
       2591     88.000     8.0260     8.0263   3.595971   3.598249     2.1077      98.87    4.58134    34.6625    34.6866    27.0051    1483.59    1493.24 0.0000e+00
       2615     89.000     7.9956     7.9960   3.594984   3.597276     2.1031      97.32    4.57181    34.6815    34.7057    27.0246    1483.52    1493.13 0.0000e+00
       2639     90.000     7.9818     7.9822   3.594483   3.596781     2.0983      94.66    4.55787    34.6893    34.7136    27.0328    1483.49    1493.02 0.0000e+00
       2663     91.000     7.9572     7.9576   3.594110   3.596409     2.0932      98.94    4.53539    34.7092    34.7335    27.0522    1483.44    1492.91 0.0000e+00
       2686     92.000     7.9318     7.9323   3.594194   3.596501     2.0863      97.33    4.50526    34.7349    34.7592    27.0761    1483.39    1492.81 0.0000e+00
       2710     93.000     7.9232     7.9236   3.594659   3.596968     2.0790      94.53    4.48879    34.7479    34.7724    27.0876    1483.39    1492.71 0.0000e+00
       2734     94.000     7.9164     7.9167   3.594979   3.597277     2.0723      98.92    4.47256    34.7577    34.7821    27.0963    1483.40    1492.61 0.0000e+00
       2758     95.000     7.9157     7.9160   3.595169   3.597435     2.0656      97.78    4.45482    34.7599    34.7840    27.0982    1483.41    1492.51 0.0000e+00
       2782     96.000     7.9162     7.9162   3.595320   3.597595     2.0595      94.24    4.44776    34.7606    34.7850    27.0986    1483.43    1492.42 0.0000e+00
