_data/ctd/2014/sta0387_2014.cnv
* Sea-Bird SBE 9 Data File:
* FileName = C:\Seabird\CTDData\sta0387.hex
* Software Version Seasave V 7.21f
* Temperature SN = 1527
* Conductivity SN = 1827
* Number of Bytes Per Scan = 34
* Number of Voltage Words = 3
* Number of Scans Averaged by the Deck Unit = 1
* NMEA Latitude = 60 52.35 N
* NMEA Longitude = 005 24.31 E
* NMEA UTC (Time) = Oct 04 2014 22:29:43
* NMEA baud rate = 4800
** Ship: 10  F/F G.O. Sars
** Station: 387
** Echodepth: 467.67
** Log: 8731.944
** wind-dir Force: 10 10
** Air temp (dry): 19.5
** weather sky: 2 8
** sea ice: 3 0
# nquan = 15                                
# nvalues = 464                         
# units = specified
# name 0 = scan: Scan Count
# name 1 = prDM: Pressure, Digiquartz [db]
# name 2 = t068C: Temperature [ITS-68, deg C]
# name 3 = t168C: Temperature, 2 [ITS-68, deg C]
# name 4 = c0S/m: Conductivity [S/m]
# name 5 = c1S/m: Conductivity, 2 [S/m]
# name 6 = sbeox0V: Oxygen raw, SBE 43 [V]
# name 7 = altM: Altimeter [m]
# name 8 = sbeox0ML/L: Oxygen, SBE 43 [ml/l], WS = 2
# name 9 = sal00: Salinity, Practical [PSU]
# name 10 = sal11: Salinity, Practical, 2 [PSU]
# name 11 = sigma-t00: Density [sigma-t, Kg/m^3 ]
# name 12 = svCM: Sound Velocity [Chen-Millero, m/s]
# name 13 = avgsvCM: Average Sound Velocity [Chen-Millero, m/s], minP = 1, minS = 5
# name 14 = flag: flag
# span 0 =        410,      12619       
# span 1 =      3.000,    466.000       
# span 2 =     7.9096,    14.5270       
# span 3 =     7.9102,    14.5226       
# span 4 =   2.228029,   3.888256       
# span 5 =   2.198586,   3.891244       
# span 6 =     1.5343,     2.7236       
# span 7 =      19.92,      99.48       
# span 8 =    3.08275,    6.24887       
# span 9 =    17.9739,    35.0754       
# span 10 =    17.7345,    35.1036      
# span 11 =    13.2816,    27.3031      
# span 12 =    1479.37,    1501.67      
# span 13 =    1479.37,    1498.93      
# span 14 = 0.0000e+00, 0.0000e+00      
# interval = decibars: 1                
# start_time = Oct 04 2014 22:29:46 [System UTC, header]
# bad_flag = -9.990e-29
*END*
[from data line 193]
       5063    196.000     8.1362     8.1366   3.644407   3.646992     1.6983      73.50    3.49244    35.0196    35.0469    27.2690    1486.23    1488.50 0.0000e+00
       5087    197.000     8.1228     8.1207   3.642964   3.645253     1.7002      99.01    3.49002    35.0171    35.0437    27.2690    1486.19    1488.49 0.0000e+00
       5111    198.000     8.1136     8.1139   3.642052   3.644656     1.7006      91.31    3.48654    35.0160    35.0436    27.2696    1486.17    1488.48 0.0000e+00
       5135    199.000     8.1116     8.1119   3.641900   3.644513     1.7018      87.69    3.51041    35.0159    35.0436    27.2698    1486.18    1488.47 0.0000e+00
       5158    200.000     8.1119     8.1123   3.642010   3.644603     1.7049      98.78    3.52532    35.0163    35.0436    27.2701    1486.20    1488.46 0.0000e+00
       5182    201.000     8.1121     8.1124   3.642104   3.644709     1.7080      98.80    3.53714    35.0166    35.0442    27.2703    1486.21    1488.44 0.0000e+00
       5205    202.000     8.1130     8.1133   3.642266   3.644870     1.7111      98.92    3.54023    35.0169    35.0445    27.2704    1486.24    1488.43 0.0000e+00
       5229    203.000     8.1168     8.1169   3.642792   3.645368     1.7130      98.92    3.53460    35.0183    35.0458    27.2709    1486.27    1488.42 0.0000e+00
       5253    204.000     8.1188     8.1190   3.643069   3.645661     1.7141      98.92    3.52749    35.0188    35.0463    27.2710    1486.29    1488.41 0.0000e+00
       5276    205.000     8.1256     8.1255   3.643870   3.646476     1.7132      98.92    3.50048    35.0201    35.0481    27.2710    1486.34    1488.40 0.0000e+00
       5300    206.000     8.1344     8.1344   3.645023   3.647587     1.7107      98.92    3.50029    35.0232    35.0506    27.2721    1486.39    1488.39 0.0000e+00
       5324    207.000     8.1349     8.1352   3.645106   3.647700     1.7104      98.39    3.50192    35.0231    35.0505    27.2719    1486.41    1488.38 0.0000e+00
       5347    208.000     8.1349     8.1352   3.645159   3.647761     1.7084      55.53    3.49136    35.0232    35.0507    27.2720    1486.42    1488.37 0.0000e+00
       5371    209.000     8.1347     8.1349   3.645180   3.647785     1.7068      99.14    3.48496    35.0231    35.0508    27.2720    1486.44    1488.36 0.0000e+00
       5395    210.000     8.1358     8.1358   3.645390   3.647956     1.7048      98.92    3.47502    35.0238    35.0512    27.2723    1486.46    1488.35 0.0000e+00
       5418    211.000     8.1378     8.1383   3.645700   3.648309     1.7026      78.36    3.48218    35.0246    35.0520    27.2727    1486.49    1488.35 0.0000e+00
       5442    212.000     8.1386     8.1389   3.645864   3.648471     1.7025      98.79    3.48692    35.0251    35.0527    27.2730    1486.51    1488.34 0.0000e+00
       5466    213.000     8.1388     8.1392   3.645982   3.648585     1.7016      98.92    3.47899    35.0257    35.0531    27.2734    1486.52    1488.33 0.0000e+00
       5490    214.000     8.1369     8.1373   3.645841   3.648447     1.7004      98.88    3.47696    35.0256    35.0531    27.2736    1486.53    1488.32 0.0000e+00
       5514    215.000     8.1363     8.1366   3.645842   3.648422     1.6997      98.92    3.47976    35.0257    35.0530    27.2738    1486.55    1488.31 0.0000e+00
       5538    216.000     8.1376     8.1382   3.646097   3.648727     1.6993      98.92    3.48216    35.0266    35.0542    27.2743    1486.57    1488.30 0.0000e+00
       5562    217.000     8.1425     8.1408   3.646741   3.649092     1.6993      98.92    3.48476    35.0282    35.0550    27.2748    1486.61    1488.30 0.0000e+00
       5586    218.000     8.1412     8.1416   3.646618   3.649223     1.6993      98.92    3.48556    35.0277    35.0551    27.2746    1486.62    1488.29 0.0000e+00
       5610    219.000     8.1379     8.1401   3.646257   3.649111     1.6993      98.92    3.47741    35.0266    35.0550    27.2743    1486.62    1488.28 0.0000e+00
       5634    220.000     8.1405     8.1407   3.646612   3.649204     1.6978      98.92    3.46679    35.0273    35.0549    27.2744    1486.65    1488.27 0.0000e+00
       5658    221.000     8.1414     8.1417   3.646769   3.649365     1.6962      56.37    3.47276    35.0276    35.0551    27.2745    1486.67    1488.27 0.0000e+00
       5682    222.000     8.1432     8.1436   3.647031   3.649640     1.6973      98.43    3.48886    35.0282    35.0557    27.2747    1486.69    1488.26 0.0000e+00
       5707    223.000     8.1449     8.1454   3.647300   3.649906     1.6975      98.92    3.47982    35.0289    35.0562    27.2750    1486.72    1488.25 0.0000e+00
       5730    224.000     8.1449     8.1453   3.647355   3.649956     1.6967      80.48    3.47362    35.0290    35.0564    27.2750    1486.73    1488.25 0.0000e+00
       5755    225.000     8.1463     8.1466   3.647562   3.650150     1.6968      99.14    3.47815    35.0293    35.0567    27.2751    1486.75    1488.24 0.0000e+00
       5780    226.000     8.1486     8.1487   3.647897   3.650477     1.6962      98.92    3.47436    35.0301    35.0576    27.2754    1486.78    1488.23 0.0000e+00
       5804    227.000     8.1500     8.1507   3.648123   3.650784     1.6958      98.92    3.47271    35.0306    35.0584    27.2756    1486.80    1488.23 0.0000e+00
       5828    228.000     8.1537     8.1546   3.648637   3.651287     1.6951      98.92    3.47129    35.0320    35.0594    27.2761    1486.83    1488.22 0.0000e+00
       5851    229.000     8.1555     8.1558   3.648893   3.651508     1.6949      98.92    3.47368    35.0324    35.0601    27.2761    1486.86    1488.21 0.0000e+00
       5875    230.000     8.1565     8.1568   3.649082   3.651695     1.6947      98.92    3.46765    35.0330    35.0606    27.2764    1486.88    1488.21 0.0000e+00
       5899    231.000     8.1610     8.1612   3.649683   3.652277     1.6931      47.48    3.46038    35.0344    35.0620    27.2769    1486.91    1488.20 0.0000e+00
       5923    232.000     8.1657     8.1661   3.650296   3.652903     1.6931      88.26    3.47095    35.0358    35.0633    27.2773    1486.95    1488.20 0.0000e+00
       5947    233.000     8.1668     8.1671   3.650464   3.653061     1.6928      98.79    3.46017    35.0360    35.0635    27.2773    1486.97    1488.19 0.0000e+00
       5971    234.000     8.1675     8.1680   3.650598   3.653203     1.6908      66.99    3.45178    35.0363    35.0636    27.2773    1486.99    1488.19 0.0000e+00
       5995    235.000     8.1685     8.1689   3.650768   3.653388     1.6909      89.91    3.46583    35.0366    35.0642    27.2775    1487.01    1488.18 0.0000e+00
       6019    236.000     8.1685     8.1688   3.650821   3.653433     1.6902      99.04    3.45421    35.0367    35.0643    27.2775    1487.03    1488.18 0.0000e+00
       6042    237.000     8.1692     8.1696   3.650970   3.653571     1.6891      89.91    3.45322    35.0371    35.0645    27.2777    1487.05    1488.17 0.0000e+00
       6066    238.000     8.1700     8.1703   3.651114   3.653710     1.6889      95.87    3.45645    35.0374    35.0648    27.2778    1487.07    1488.17 0.0000e+00
       6091    239.000     8.1703     8.1706   3.651197   3.653815     1.6882      98.93    3.45494    35.0375    35.0652    27.2779    1487.08    1488.16 0.0000e+00
       6114    240.000     8.1713     8.1715   3.651364   3.653961     1.6878      98.93    3.45103    35.0378    35.0654    27.2780    1487.11    1488.16 0.0000e+00
       6139    241.000     8.1717     8.1720   3.651469   3.654071     1.6869      98.93    3.44315    35.0380    35.0655    27.2781    1487.12    1488.15 0.0000e+00
       6163    242.000     8.1722     8.1726   3.651594   3.654205     1.6852      98.92    3.43971    35.0384    35.0659    27.2783    1487.14    1488.15 0.0000e+00
       6187    243.000     8.1730     8.1733   3.651724   3.654331     1.6846      98.92    3.45196    35.0385    35.0661    27.2783    1487.16    1488.15 0.0000e+00
       6211    244.000     8.1734     8.1737   3.651805   3.654423     1.6854      98.92    3.45970    35.0385    35.0662    27.2782    1487.18    1488.14 0.0000e+00
       6236    245.000     8.1743     8.1746   3.651972   3.654583     1.6859      98.92    3.45656    35.0389    35.0665    27.2784    1487.20    1488.14 0.0000e+00
       6260    246.000     8.1749     8.1753   3.652102   3.654711     1.6856      63.12    3.44898    35.0392    35.0667    27.2785    1487.22    1488.13 0.0000e+00
       6284    247.000     8.1754     8.1757   3.652212   3.654823     1.6852      75.25    3.44602    35.0394    35.0670    27.2786    1487.24    1488.13 0.0000e+00
       6308    248.000     8.1761     8.1764   3.652343   3.654956     1.6840      98.55    3.44542    35.0396    35.0672    27.2787    1487.26    1488.13 0.0000e+00
       6333    249.000     8.1768     8.1771   3.652488   3.655099     1.6843      98.92    3.45618    35.0400    35.0676    27.2788    1487.28    1488.12 0.0000e+00
       6357    250.000     8.1780     8.1784   3.652704   3.655311     1.6848      98.92    3.45765    35.0406    35.0681    27.2792    1487.30    1488.12 0.0000e+00
       6381    251.000     8.1783     8.1786   3.652813   3.655422     1.6853      98.92    3.45836    35.0410    35.0686    27.2794    1487.32    1488.12 0.0000e+00
       6406    252.000     8.1787     8.1790   3.652917   3.655537     1.6851      69.63    3.45385    35.0412    35.0689    27.2795    1487.34    1488.11 0.0000e+00
       6430    253.000     8.1785     8.1789   3.652964   3.655572     1.6856      86.65    3.46277    35.0415    35.0689    27.2797    1487.35    1488.11 0.0000e+00
       6455    254.000     8.1793     8.1795   3.653101   3.655710     1.6859      98.90    3.45803    35.0416    35.0693    27.2798    1487.37    1488.11 0.0000e+00
       6479    255.000     8.1794     8.1797   3.653177   3.655783     1.6855      74.71    3.45477    35.0419    35.0694    27.2799    1487.39    1488.11 0.0000e+00
       6504    256.000     8.1794     8.1797   3.653243   3.655848     1.6860      91.88    3.46341    35.0421    35.0696    27.2801    1487.40    1488.10 0.0000e+00
       6528    257.000     8.1796     8.1799   3.653320   3.655938     1.6859      98.96    3.45599    35.0422    35.0699    27.2802    1487.42    1488.10 0.0000e+00
       6552    258.000     8.1800     8.1802   3.653417   3.656035     1.6851      82.45    3.45242    35.0424    35.0702    27.2802    1487.44    1488.10 0.0000e+00
       6576    259.000     8.1807     8.1811   3.653606   3.656210     1.6854      95.40    3.46258    35.0432    35.0707    27.2808    1487.46    1488.09 0.0000e+00
       6601    260.000     8.1808     8.1812   3.653669   3.656296     1.6855      98.96    3.45125    35.0433    35.0710    27.2809    1487.48    1488.09 0.0000e+00
       6625    261.000     8.1809     8.1813   3.653724   3.656334     1.6833      91.24    3.43292    35.0433    35.0708    27.2808    1487.49    1488.09 0.0000e+00
       6649    262.000     8.1815     8.1814   3.653861   3.656390     1.6822      97.78    3.44691    35.0437    35.0708    27.2811    1487.51    1488.09 0.0000e+00
       6673    263.000     8.1835     8.1837   3.654254   3.656858     1.6821      98.61    3.45348    35.0454    35.0731    27.2821    1487.54    1488.09 0.0000e+00
       6697    264.000     8.1846     8.1850   3.654502   3.657111     1.6830      98.88    3.46506    35.0465    35.0740    27.2828    1487.56    1488.08 0.0000e+00
       6722    265.000     8.1853     8.1856   3.654652   3.657268     1.6841      98.92    3.46362    35.0469    35.0746    27.2830    1487.58    1488.08 0.0000e+00
       6746    266.000     8.1858     8.1861   3.654814   3.657426     1.6845      98.92    3.46632    35.0477    35.0753    27.2835    1487.60    1488.08 0.0000e+00
       6770    267.000     8.1861     8.1865   3.654933   3.657561     1.6856      98.92    3.46806    35.0482    35.0759    27.2839    1487.62    1488.08 0.0000e+00
       6794    268.000     8.1863     8.1866   3.655026   3.657641     1.6859      98.92    3.46801    35.0485    35.0761    27.2841    1487.64    1488.08 0.0000e+00
       6818    269.000     8.1865     8.1867   3.655105   3.657728     1.6864      98.92    3.46983    35.0487    35.0765    27.2842    1487.65    1488.08 0.0000e+00
       6842    270.000     8.1866     8.1870   3.655228   3.657838     1.6865      62.90    3.46796    35.0494    35.0769    27.2847    1487.67    1488.07 0.0000e+00
       6867    271.000     8.1869     8.1871   3.655367   3.657980     1.6875      81.78    3.48106    35.0501    35.0778    27.2852    1487.69    1488.07 0.0000e+00
       6891    272.000     8.1870     8.1873   3.655467   3.658085     1.6881      98.55    3.47289    35.0506    35.0783    27.2856    1487.71    1488.07 0.0000e+00
       6915    273.000     8.1871     8.1874   3.655567   3.658172     1.6876      84.27    3.46954    35.0511    35.0786    27.2860    1487.72    1488.07 0.0000e+00
       6939    274.000     8.1869     8.1873   3.655629   3.658243     1.6885      92.57    3.48024    35.0515    35.0790    27.2863    1487.74    1488.07 0.0000e+00
       6963    275.000     8.1868     8.1872   3.655681   3.658295     1.6884      98.86    3.47268    35.0516    35.0792    27.2865    1487.76    1488.07 0.0000e+00
       6987    276.000     8.1873     8.1876   3.655911   3.658478     1.6885      98.44    3.47552    35.0531    35.0802    27.2875    1487.78    1488.07 0.0000e+00
       7012    277.000     8.1875     8.1878   3.655998   3.658604     1.6886      98.70    3.47433    35.0534    35.0809    27.2877    1487.79    1488.07 0.0000e+00
       7036    278.000     8.1877     8.1881   3.656052   3.658668     1.6884      98.92    3.47641    35.0533    35.0808    27.2876    1487.81    1488.06 0.0000e+00
       7060    279.000     8.1878     8.1883   3.656125   3.658740     1.6887      98.92    3.48188    35.0535    35.0809    27.2877    1487.83    1488.06 0.0000e+00
       7085    280.000     8.1877     8.1881   3.656209   3.658829     1.6895      98.92    3.48387    35.0540    35.0816    27.2882    1487.85    1488.06 0.0000e+00
       7109    281.000     8.1876     8.1880   3.656286   3.658915     1.6896      98.92    3.48301    35.0544    35.0821    27.2885    1487.86    1488.06 0.0000e+00
       7133    282.000     8.1877     8.1881   3.656391   3.658979     1.6900      98.92    3.48318    35.0550    35.0822    27.2889    1487.88    1488.06 0.0000e+00
       7157    283.000     8.1877     8.1879   3.656497   3.659117     1.6897      72.60    3.47858    35.0556    35.0834    27.2895    1487.90    1488.06 0.0000e+00
       7182    284.000     8.1872     8.1876   3.656598   3.659226     1.6903      77.45    3.49487    35.0567    35.0844    27.2904    1487.91    1488.06 0.0000e+00
       7206    285.000     8.1871     8.1874   3.656678   3.659309     1.6911      99.13    3.48735    35.0572    35.0850    27.2908    1487.93    1488.06 0.0000e+00
       7230    286.000     8.1871     8.1875   3.656756   3.659371     1.6906      87.58    3.48069    35.0575    35.0851    27.2911    1487.95    1488.06 0.0000e+00
       7254    287.000     8.1870     8.1874   3.656838   3.659449     1.6908      90.36    3.48896    35.0580    35.0855    27.2915    1487.96    1488.06 0.0000e+00
       7278    288.000     8.1871     8.1875   3.656887   3.659511     1.6906      98.60    3.47907    35.0580    35.0856    27.2914    1487.98    1488.06 0.0000e+00
       7303    289.000     8.1870     8.1874   3.656958   3.659583     1.6896      98.69    3.47428    35.0584    35.0860    27.2917    1488.00    1488.06 0.0000e+00
       7327    290.000     8.1868     8.1871   3.657062   3.659685     1.6887      98.92    3.47334    35.0592    35.0869    27.2924    1488.01    1488.06 0.0000e+00
       7351    291.000     8.1867     8.1871   3.657117   3.659748     1.6880      98.92    3.47507    35.0594    35.0871    27.2926    1488.03    1488.06 0.0000e+00
