_data/ctd/2014/sta0392_2014.cnv
* Sea-Bird SBE 9 Data File:
* FileName = C:\Seabird\CTDData\sta0392.hex
* Software Version Seasave V 7.21f
* Temperature SN = 1527
* Conductivity SN = 1827
* Number of Bytes Per Scan = 34
* Number of Voltage Words = 3
* Number of Scans Averaged by the Deck Unit = 1
* NMEA Latitude = 60 52.29 N
* NMEA Longitude = 005 24.69 E
* NMEA UTC (Time) = Oct 06 2014 22:15:29
* NMEA baud rate = 4800
** Ship: 10  F/F G.O. Sars
** Station: 392
** Echodepth: 471.53
** Log: 8796.343
** wind-dir Force: 97 30
** Air temp (dry): 13
** weather sky: 2 8
** sea ice: 3 0
# nquan = 15                                
# nvalues = 450                         
# units = specified
# name 0 = scan: Scan Count
# name 1 = prDM: Pressure, Digiquartz [db]
# name 2 = t068C: Temperature [ITS-68, deg C]
# name 3 = t168C: Temperature, 2 [ITS-68, deg C]
# name 4 = c0S/m: Conductivity [S/m]
# name 5 = c1S/m: Conductivity, 2 [S/m]
# name 6 = sbeox0V: Oxygen raw, SBE 43 [V]
# name 7 = altM: Altimeter [m]
# name 8 = sbeox0ML/L: Oxygen, SBE 43 [ml/l], WS = 2
# name 9 = sal00: Salinity, Practical [PSU]
# name 10 = sal11: Salinity, Practical, 2 [PSU]
# name 11 = sigma-t00: Density [sigma-t, Kg/m^3 ]
# name 12 = svCM: Sound Velocity [Chen-Millero, m/s]
# name 13 = avgsvCM: Average Sound Velocity [Chen-Millero, m/s], minP = 1, minS = 5
# name 14 = flag: flag
# span 0 =        498,      12119       
# span 1 =      2.000,    451.000       
# span 2 =     7.9069,    14.4583       
# span 3 =     7.9073,    14.4573       
# span 4 =   3.579526,   3.876435       
# span 5 =   3.581966,   3.878878       
# span 6 =     1.5412,     2.5752       
# span 7 =       1.30,      99.56       
# span 8 =    3.10175,    5.37857       
# span 9 =    29.3543,    35.0770       
# span 10 =    29.3764,    35.1008      
# span 11 =    21.8327,    27.3046      
# span 12 =    1483.23,    1501.25      
# span 13 =    1487.94,    1500.18      
# span 14 = 0.0000e+00, 0.0000e+00      
# interval = decibars: 1                
# start_time = Oct 06 2014 22:15:32 [System UTC, header]
# bad_flag = -9.990e-29
*END*
        498      2.000    13.9839    13.9840   3.579526   3.581966     2.5681      31.49    5.37857    29.3543    29.3764    21.8327    1496.82    1496.82 0.0000e+00
        525      3.000    14.0326    14.0117   3.608096   3.598181     2.5708       1.30    5.37305    29.5767    29.5025    21.9944    1497.26    1496.97 0.0000e+00
        549      4.000    14.0757    14.0516   3.630968   3.620091     2.5738      89.41    5.36900    29.7513    29.6709    22.1204    1497.62    1497.13 0.0000e+00
        575      5.000    14.0372    14.0296   3.605453   3.606023     2.5752      99.01    5.35679    29.5484    29.5594    21.9717    1497.27    1497.16 0.0000e+00
        602      6.000    14.2805    14.2770   3.745131   3.746291     2.5678      92.05    5.25108    30.6290    30.6423    22.7554    1499.35    1497.52 0.0000e+00
        628      7.000    14.3909    14.3990   3.822685   3.830939     2.5670      83.08    5.27200    31.2457    31.3143    23.2081    1500.45    1497.94 0.0000e+00
        653      8.000    14.4390    14.4417   3.852041   3.858486     2.5682      98.69    5.22078    31.4734    31.5299    23.3737    1500.89    1498.31 0.0000e+00
        675      9.000    14.4352    14.4345   3.848662   3.850576     2.5594      98.80    5.14190    31.4454    31.4634    23.3529    1500.86    1498.59 0.0000e+00
        698     10.000    14.4358    14.4354   3.846891   3.848685     2.5426      98.92    5.08833    31.4284    31.4451    23.3397    1500.86    1498.82 0.0000e+00
        723     11.000    14.4419    14.4411   3.850708   3.852852     2.5289      98.92    5.08367    31.4578    31.4780    23.3611    1500.93    1499.01 0.0000e+00
        747     12.000    14.4578    14.4573   3.861534   3.862831     2.5206      98.92    5.07460    31.5430    31.5552    23.4234    1501.10    1499.18 0.0000e+00
        772     13.000    14.4583    14.4560   3.865467   3.867638     2.5103      98.92    5.03189    31.5780    31.5996    23.4503    1501.15    1499.33 0.0000e+00
        796     14.000    14.4434    14.4413   3.866954   3.870015     2.5012      98.92    5.05221    31.6033    31.6328    23.4729    1501.15    1499.46 0.0000e+00
        821     15.000    14.4340    14.4346   3.870273   3.872770     2.5007      98.92    5.07091    31.6408    31.6630    23.5038    1501.18    1499.58 0.0000e+00
        846     16.000    14.4322    14.4319   3.872746   3.874937     2.4991      98.92    5.05753    31.6644    31.6846    23.5223    1501.22    1499.68 0.0000e+00
        870     17.000    14.4316    14.4312   3.873525   3.876296     2.4966      98.92    5.05458    31.6716    31.6971    23.5280    1501.24    1499.77 0.0000e+00
        895     18.000    14.4184    14.4185   3.875240   3.877757     2.4956      98.92    5.05719    31.6976    31.7205    23.5508    1501.25    1499.85 0.0000e+00
        920     19.000    14.4075    14.4079   3.876150   3.878561     2.4941      98.92    5.04958    31.7144    31.7361    23.5661    1501.25    1499.93 0.0000e+00
        945     20.000    14.3524    14.3511   3.876435   3.878878     2.4913      98.92    5.01928    31.7618    31.7852    23.6141    1501.14    1499.99 0.0000e+00
        969     21.000    14.3184    14.3175   3.874355   3.876837     2.4816      98.93    5.00539    31.7704    31.7938    23.6277    1501.06    1500.04 0.0000e+00
        993     22.000    14.2822    14.2832   3.873729   3.876313     2.4815      98.93    5.04907    31.7940    31.8168    23.6535    1500.98    1500.08 0.0000e+00
       1018     23.000    14.1866    14.1893   3.867689   3.870333     2.4835      98.92    5.06255    31.8171    31.8391    23.6910    1500.72    1500.11 0.0000e+00
       1043     24.000    14.1330    14.1329   3.865167   3.867642     2.4826      98.92    5.02353    31.8378    31.8606    23.7180    1500.58    1500.13 0.0000e+00
       1067     25.000    14.0988    14.0986   3.863772   3.866238     2.4729      98.92    4.99886    31.8528    31.8757    23.7367    1500.51    1500.14 0.0000e+00
       1092     26.000    14.0501    14.0506   3.861078   3.863649     2.4716      98.92    5.04525    31.8680    31.8912    23.7583    1500.38    1500.15 0.0000e+00
       1117     27.000    14.0141    14.0155   3.860252   3.862881     2.4734      98.92    5.05746    31.8898    31.9128    23.7825    1500.31    1500.16 0.0000e+00
       1142     28.000    14.0256    14.0258   3.866119   3.868754     2.4751      66.76    5.05192    31.9339    31.9579    23.8142    1500.41    1500.17 0.0000e+00
       1167     29.000    13.9903    13.9938   3.869957   3.872682     2.4726      89.16    5.00336    31.9981    32.0203    23.8710    1500.39    1500.18 0.0000e+00
       1192     30.000    13.8129    13.8159   3.858143   3.860747     2.4630      74.79    4.99977    32.0365    32.0580    23.9368    1499.87    1500.17 0.0000e+00
       1216     31.000    13.7445    13.7444   3.855439   3.857964     2.4603      99.25    5.00094    32.0682    32.0917    23.9752    1499.70    1500.15 0.0000e+00
       1241     32.000    13.6481    13.6485   3.850960   3.853447     2.4491      93.73    4.95423    32.1070    32.1298    24.0246    1499.44    1500.13 0.0000e+00
       1266     33.000    13.6174    13.6182   3.851393   3.853969     2.4437      98.88    5.00589    32.1364    32.1597    24.0535    1499.39    1500.11 0.0000e+00
       1291     34.000    13.3851    13.3927   3.834186   3.837029     2.4458      98.92    5.01434    32.1712    32.1914    24.1270    1498.68    1500.06 0.0000e+00
       1316     35.000    13.1306    13.1357   3.815462   3.818213     2.4375      98.92    5.00180    32.2107    32.2322    24.2078    1497.89    1500.00 0.0000e+00
       1340     36.000    12.9990    13.0005   3.808504   3.810981     2.4357      98.93    5.05014    32.2566    32.2787    24.2692    1497.52    1499.93 0.0000e+00
       1364     37.000    12.8587    12.8593   3.801865   3.804316     2.4377      98.92    5.07639    32.3131    32.3358    24.3403    1497.14    1499.86 0.0000e+00
       1388     38.000    12.8275    12.8294   3.808982   3.811641     2.4382      98.92    5.08304    32.4068    32.4304    24.4189    1497.16    1499.79 0.0000e+00
       1412     39.000    12.6014    12.6045   3.797466   3.800082     2.4427      98.92    5.11374    32.4915    32.5137    24.5281    1496.51    1499.70 0.0000e+00
       1437     40.000    12.6095    12.6096   3.805852   3.808448     2.4388      98.92    5.03693    32.5640    32.5886    24.5828    1496.64    1499.63 0.0000e+00
       1461     41.000    12.3397    12.3407   3.786916   3.789255     2.4316      98.93    5.07563    32.6165    32.6380    24.6750    1495.81    1499.53 0.0000e+00
       1485     42.000    12.1059    12.1059   3.770044   3.772378     2.4296      98.93    5.07231    32.6576    32.6802    24.7511    1495.07    1499.43 0.0000e+00
       1510     43.000    11.8323    11.8361   3.750404   3.752915     2.4198      98.92    5.05747    32.7070    32.7280    24.8403    1494.21    1499.30 0.0000e+00
       1534     44.000    11.5830    11.5883   3.737901   3.740516     2.4137      92.30    5.09665    32.8047    32.8256    24.9621    1493.48    1499.17 0.0000e+00
       1559     45.000    11.4987    11.4984   3.734159   3.736571     2.4103      94.94    5.10568    32.8424    32.8663    25.0067    1493.25    1499.04 0.0000e+00
       1583     46.000    11.3005    11.3089   3.722643   3.725422     2.4096      98.94    5.16821    32.9053    32.9251    25.0915    1492.65    1498.90 0.0000e+00
       1607     47.000    10.9978    11.0005   3.703533   3.706062     2.4146      98.92    5.16983    32.9871    33.0097    25.2092    1491.70    1498.75 0.0000e+00
       1632     48.000    10.8202    10.8246   3.691815   3.694366     2.4041      98.92    5.12162    33.0301    33.0516    25.2740    1491.14    1498.59 0.0000e+00
       1656     49.000    10.6015    10.6063   3.675666   3.678207     2.4020      98.92    5.20994    33.0662    33.0873    25.3402    1490.43    1498.42 0.0000e+00
       1680     50.000    10.3641    10.3683   3.663315   3.665665     2.4050      98.92    5.24724    33.1576    33.1775    25.4523    1489.71    1498.24 0.0000e+00
       1704     51.000    10.2146    10.2144   3.658280   3.660497     2.4058      98.92    5.25436    33.2431    33.2657    25.5444    1489.29    1498.07 0.0000e+00
       1728     52.000    10.0696    10.0729   3.653606   3.656057     2.4068      98.92    5.27749    33.3285    33.3504    25.6356    1488.89    1497.89 0.0000e+00
       1753     53.000     9.8931     9.8971   3.641981   3.644485     2.4081      98.92    5.28710    33.3728    33.3946    25.6997    1488.33    1497.71 0.0000e+00
       1777     54.000     9.6974     9.6999   3.634200   3.636604     2.4060      98.93    5.27744    33.4744    33.4967    25.8115    1487.76    1497.52 0.0000e+00
       1801     55.000     9.5585     9.5601   3.629166   3.631650     2.4027      98.92    5.26126    33.5519    33.5759    25.8949    1487.36    1497.34 0.0000e+00
       1825     56.000     9.3894     9.3964   3.619804   3.622451     2.3926      48.37    5.20524    33.6134    33.6341    25.9705    1486.84    1497.15 0.0000e+00
       1850     57.000     9.1941     9.1958   3.612355   3.614775     2.3828      88.29    5.19170    33.7198    33.7433    26.0852    1486.27    1496.96 0.0000e+00
       1874     58.000     9.1704     9.1692   3.617976   3.620268     2.3684      91.11    5.15538    33.8002    33.8251    26.1518    1486.30    1496.77 0.0000e+00
       1898     59.000     9.1169     9.1205   3.614620   3.617274     2.3613      98.87    5.19237    33.8156    33.8398    26.1724    1486.14    1496.59 0.0000e+00
       1923     60.000     9.0667     9.0664   3.617110   3.619416     2.3565      98.93    5.17857    33.8888    33.9131    26.2377    1486.06    1496.41 0.0000e+00
       1947     61.000     9.1060     9.1067   3.626458   3.628914     2.3499      98.93    5.14973    33.9483    33.9732    26.2780    1486.29    1496.25 0.0000e+00
       1971     62.000     9.0300     9.0331   3.624590   3.627080     2.3438      98.92    5.12571    34.0009    34.0239    26.3313    1486.09    1496.08 0.0000e+00
       1996     63.000     8.9827     8.9825   3.623245   3.625663     2.3334      98.92    5.05994    34.0316    34.0571    26.3629    1485.97    1495.92 0.0000e+00
       2020     64.000     8.9150     8.9175   3.621832   3.624209     2.3191      98.93    5.01469    34.0812    34.1037    26.4125    1485.80    1495.76 0.0000e+00
       2044     65.000     8.7491     8.7491   3.610487   3.612755     2.3059      98.92    4.99006    34.1213    34.1451    26.4699    1485.25    1495.60 0.0000e+00
       2068     66.000     8.6701     8.6709   3.606810   3.609146     2.2901      98.92    4.93624    34.1583    34.1821    26.5112    1485.02    1495.44 0.0000e+00
       2092     67.000     8.5911     8.5917   3.605801   3.608167     2.2737      43.89    4.90348    34.2236    34.2480    26.5747    1484.82    1495.28 0.0000e+00
       2116     68.000     8.5641     8.5650   3.604577   3.606963     2.2595      97.81    4.87736    34.2364    34.2607    26.5889    1484.75    1495.12 0.0000e+00
       2141     69.000     8.5443     8.5450   3.603279   3.605657     2.2451      58.38    4.84957    34.2414    34.2658    26.5959    1484.70    1494.97 0.0000e+00
       2165     70.000     8.5093     8.5104   3.602800   3.605170     2.2330      95.15    4.83078    34.2698    34.2938    26.6236    1484.62    1494.82 0.0000e+00
       2190     71.000     8.4311     8.4329   3.599922   3.602238     2.2222      77.45    4.82574    34.3149    34.3377    26.6709    1484.40    1494.67 0.0000e+00
       2214     72.000     8.3834     8.3845   3.598904   3.601264     2.2128      99.15    4.79552    34.3501    34.3741    26.7059    1484.29    1494.53 0.0000e+00
       2238     73.000     8.3340     8.3353   3.596977   3.599345     2.2018      98.93    4.76827    34.3774    34.4013    26.7348    1484.15    1494.38 0.0000e+00
       2262     74.000     8.2969     8.2979   3.596781   3.599108     2.1917      98.92    4.74824    34.4111    34.4349    26.7669    1484.07    1494.24 0.0000e+00
       2287     75.000     8.2699     8.2704   3.596574   3.598875     2.1820      98.92    4.72551    34.4349    34.4589    26.7897    1484.02    1494.11 0.0000e+00
       2311     76.000     8.2330     8.2330   3.594280   3.596478     2.1725      98.93    4.70602    34.4461    34.4696    26.8041    1483.91    1493.97 0.0000e+00
       2335     77.000     8.2147     8.2144   3.593654   3.595906     2.1634      98.34    4.68092    34.4569    34.4813    26.8154    1483.87    1493.84 0.0000e+00
       2359     78.000     8.1982     8.1986   3.593288   3.595532     2.1542      98.92    4.66723    34.4688    34.4923    26.8271    1483.84    1493.71 0.0000e+00
       2384     79.000     8.1433     8.1447   3.591587   3.593895     2.1469      98.93    4.66240    34.5041    34.5274    26.8631    1483.69    1493.58 0.0000e+00
       2408     80.000     8.1090     8.1095   3.590794   3.593047     2.1400      98.92    4.64311    34.5289    34.5525    26.8878    1483.61    1493.46 0.0000e+00
       2432     81.000     8.0820     8.0830   3.590960   3.593232     2.1328      98.78    4.62534    34.5568    34.5801    26.9138    1483.56    1493.33 0.0000e+00
       2456     82.000     8.0571     8.0575   3.591362   3.593596     2.1254      98.45    4.60219    34.5852    34.6087    26.9398    1483.52    1493.21 0.0000e+00
       2480     83.000     8.0496     8.0501   3.592226   3.594476     2.1178      98.93    4.58601    34.6014    34.6250    26.9536    1483.52    1493.10 0.0000e+00
       2504     84.000     8.0303     8.0310   3.591985   3.594256     2.1111      98.93    4.57415    34.6174    34.6410    26.9691    1483.49    1492.98 0.0000e+00
       2528     85.000     7.9944     7.9960   3.589754   3.592059     2.1049      98.93    4.56475    34.6285    34.6516    26.9832    1483.38    1492.87 0.0000e+00
       2552     86.000     7.9509     7.9520   3.587282   3.589564     2.0991      98.92    4.55266    34.6445    34.6680    27.0023    1483.25    1492.76 0.0000e+00
       2576     87.000     7.9370     7.9369   3.586771   3.588971     2.0928      98.93    4.52450    34.6523    34.6761    27.0105    1483.23    1492.64 0.0000e+00
       2599     88.000     7.9401     7.9404   3.588062   3.590300     2.0847      98.92    4.47907    34.6626    34.6864    27.0181    1483.27    1492.54 0.0000e+00
       2623     89.000     7.9322     7.9327   3.589016   3.591256     2.0743      98.92    4.44372    34.6803    34.7038    27.0331    1483.28    1492.43 0.0000e+00
       2647     90.000     7.9206     7.9209   3.589941   3.592168     2.0652      98.93    4.43873    34.7012    34.7249    27.0513    1483.28    1492.33 0.0000e+00
       2671     91.000     7.9166     7.9167   3.590839   3.593061     2.0582      98.92    4.43133    34.7144    34.7382    27.0623    1483.29    1492.23 0.0000e+00
       2695     92.000     7.9178     7.9178   3.591875   3.594088     2.0517      98.92    4.42307    34.7238    34.7477    27.0695    1483.33    1492.13 0.0000e+00
       2719     93.000     7.9206     7.9208   3.593533   3.595766     2.0468      84.72    4.41572    34.7384    34.7622    27.0805    1483.37    1492.04 0.0000e+00
       2743     94.000     7.9242     7.9243   3.595536   3.597758     2.0425      61.89    4.41285    34.7559    34.7797    27.0937    1483.42    1491.95 0.0000e+00
       2767     95.000     7.9263     7.9265   3.596928   3.599149     2.0380      83.64    4.38667    34.7683    34.7920    27.1032    1483.46    1491.86 0.0000e+00
       2791     96.000     7.9304     7.9304   3.598088   3.600311     2.0332      85.33    4.38097    34.7762    34.8001    27.1088    1483.50    1491.77 0.0000e+00
       2815     97.000     7.9447     7.9449   3.600335   3.602584     2.0286      86.41    4.36512    34.7857    34.8096    27.1141    1483.59    1491.68 0.0000e+00
