_data/ctd/2014/sta0391_2014.cnv
* Sea-Bird SBE 9 Data File:
* FileName = C:\Seabird\CTDData\sta0391.hex
* Software Version Seasave V 7.21f
* Temperature SN = 1527
* Conductivity SN = 1827
* Number of Bytes Per Scan = 34
* Number of Voltage Words = 3
* Number of Scans Averaged by the Deck Unit = 1
* NMEA Latitude = 60 50.58 N
* NMEA Longitude = 005 20.81 E
* NMEA UTC (Time) = Oct 06 2014 10:37:44
* NMEA baud rate = 4800
** Ship: 10  F/F G.O. Sars
** Station: 391
** Echodepth: 346.81
** Log: 8765.733
** wind-dir Force: 17 07
** Air temp (dry): 20
** weather sky: 2 8
** sea ice: 3 0
# nquan = 15                                
# nvalues = 360                         
# units = specified
# name 0 = scan: Scan Count
# name 1 = prDM: Pressure, Digiquartz [db]
# name 2 = t068C: Temperature [ITS-68, deg C]
# name 3 = t168C: Temperature, 2 [ITS-68, deg C]
# name 4 = c0S/m: Conductivity [S/m]
# name 5 = c1S/m: Conductivity, 2 [S/m]
# name 6 = sbeox0V: Oxygen raw, SBE 43 [V]
# name 7 = altM: Altimeter [m]
# name 8 = sbeox0ML/L: Oxygen, SBE 43 [ml/l], WS = 2
# name 9 = sal00: Salinity, Practical [PSU]
# name 10 = sal11: Salinity, Practical, 2 [PSU]
# name 11 = sigma-t00: Density [sigma-t, Kg/m^3 ]
# name 12 = svCM: Sound Velocity [Chen-Millero, m/s]
# name 13 = avgsvCM: Average Sound Velocity [Chen-Millero, m/s], minP = 1, minS = 5
# name 14 = flag: flag
# span 0 =        449,      11846       
# span 1 =      1.000,    360.000       
# span 2 =     7.8967,    14.3996       
# span 3 =     7.8971,    14.3996       
# span 4 =   2.476882,   3.901150       
# span 5 =   2.425938,   3.904047       
# span 6 =     1.5136,     2.6621       
# span 7 =      11.38,     129.99       
# span 8 =    2.99148,    6.00758       
# span 9 =    20.1698,    35.0751       
# span 10 =    19.7509,    35.0993      
# span 11 =    14.9698,    27.3043      
# span 12 =    1482.02,    1501.38      
# span 13 =    1482.02,    1499.36      
# span 14 = 0.0000e+00, 0.0000e+00      
# interval = decibars: 1                
# start_time = Oct 06 2014 10:37:48 [System UTC, header]
# bad_flag = -9.990e-29
*END*
[from data line 97]
       2829     98.000     7.9131     7.9134   3.595923   3.598228     2.0507      98.00    4.43989    34.7692    34.7937    27.1058    1483.46    1492.23 0.0000e+00
       2853     99.000     7.9106     7.9109   3.596274   3.598538     2.0468      95.03    4.43985    34.7749    34.7990    27.1107    1483.48    1492.14 0.0000e+00
       2877    100.000     7.9067     7.9070   3.596921   3.599196     2.0452      98.88    4.44535    34.7853    34.8095    27.1194    1483.49    1492.06 0.0000e+00
       2901    101.000     7.9043     7.9046   3.597515   3.599786     2.0434      98.85    4.44130    34.7936    34.8177    27.1263    1483.51    1491.97 0.0000e+00
       2925    102.000     7.9018     7.9021   3.598223   3.600481     2.0420      98.33    4.43323    34.8032    34.8272    27.1343    1483.53    1491.89 0.0000e+00
       2949    103.000     7.9011     7.9015   3.599038   3.601291     2.0391      98.86    4.41817    34.8122    34.8360    27.1414    1483.55    1491.81 0.0000e+00
       2973    104.000     7.8994     7.8998   3.599622   3.601872     2.0366      98.29    4.41787    34.8197    34.8435    27.1476    1483.57    1491.73 0.0000e+00
       2997    105.000     7.8967     7.8971   3.599924   3.602192     2.0346      98.43    4.40560    34.8251    34.8492    27.1523    1483.59    1491.65 0.0000e+00
       3020    106.000     7.8975     7.8978   3.600542   3.602772     2.0303      98.91    4.37243    34.8305    34.8542    27.1564    1483.61    1491.57 0.0000e+00
       3044    107.000     7.9005     7.9008   3.601601   3.603873     2.0254      98.76    4.37622    34.8384    34.8626    27.1621    1483.65    1491.50 0.0000e+00
       3068    108.000     7.9013     7.9017   3.602553   3.604747     2.0237      98.86    4.39182    34.8474    34.8706    27.1691    1483.68    1491.43 0.0000e+00
       3092    109.000     7.9018     7.9021   3.603269   3.605552     2.0230      98.87    4.38918    34.8541    34.8784    27.1743    1483.71    1491.36 0.0000e+00
       3116    110.000     7.9016     7.9021   3.603676   3.605975     2.0214      98.92    4.37908    34.8582    34.8825    27.1775    1483.73    1491.29 0.0000e+00
       3140    111.000     7.9055     7.9055   3.604830   3.607060     2.0192      98.93    4.36586    34.8663    34.8903    27.1833    1483.77    1491.22 0.0000e+00
       3164    112.000     7.9082     7.9083   3.605872   3.608091     2.0165      98.93    4.35803    34.8743    34.8981    27.1892    1483.81    1491.15 0.0000e+00
       3187    113.000     7.9131     7.9130   3.607208   3.609410     2.0139      98.92    4.34505    34.8833    34.9071    27.1955    1483.85    1491.09 0.0000e+00
       3211    114.000     7.9148     7.9152   3.607506   3.609772     2.0105      98.93    4.32747    34.8843    34.9083    27.1961    1483.88    1491.02 0.0000e+00
       3235    115.000     7.9167     7.9171   3.607878   3.610152     2.0060      98.92    4.30228    34.8859    34.9100    27.1970    1483.90    1490.96 0.0000e+00
       3259    116.000     7.9241     7.9246   3.609365   3.611685     2.0004      98.92    4.28339    34.8941    34.9185    27.2023    1483.96    1490.90 0.0000e+00
       3283    117.000     7.9304     7.9310   3.610818   3.613147     1.9953      98.92    4.27486    34.9029    34.9274    27.2083    1484.01    1490.84 0.0000e+00
       3307    118.000     7.9378     7.9407   3.612104   3.614772     1.9908      98.92    4.25597    34.9089    34.9347    27.2119    1484.06    1490.78 0.0000e+00
       3331    119.000     7.9453     7.9468   3.613414   3.615914     1.9846      98.92    4.22556    34.9150    34.9404    27.2156    1484.11    1490.73 0.0000e+00
       3354    120.000     7.9591     7.9605   3.615953   3.618412     1.9779      98.92    4.19588    34.9280    34.9531    27.2238    1484.20    1490.67 0.0000e+00
       3378    121.000     7.9653     7.9656   3.616997   3.619272     1.9697      98.92    4.16043    34.9326    34.9568    27.2264    1484.24    1490.62 0.0000e+00
       3402    122.000     7.9681     7.9687   3.617500   3.619816     1.9601      73.17    4.11378    34.9347    34.9590    27.2277    1484.27    1490.57 0.0000e+00
       3426    123.000     7.9759     7.9761   3.618852   3.621107     1.9492      61.87    4.08394    34.9410    34.9650    27.2314    1484.32    1490.52 0.0000e+00
       3450    124.000     7.9836     7.9841   3.620111   3.622393     1.9390      99.00    4.05803    34.9463    34.9704    27.2345    1484.38    1490.47 0.0000e+00
       3474    125.000     7.9884     7.9887   3.620890   3.623133     1.9290      78.57    4.02416    34.9494    34.9732    27.2362    1484.42    1490.42 0.0000e+00
       3498    126.000     7.9916     7.9918   3.621478   3.623714     1.9189      60.56    4.00475    34.9520    34.9759    27.2378    1484.45    1490.37 0.0000e+00
       3521    127.000     7.9944     7.9946   3.621963   3.624189     1.9095      98.91    3.97535    34.9540    34.9777    27.2389    1484.48    1490.32 0.0000e+00
       3545    128.000     7.9945     7.9947   3.622015   3.624246     1.8997      81.08    3.94962    34.9539    34.9777    27.2388    1484.49    1490.28 0.0000e+00
       3569    129.000     7.9948     7.9954   3.622103   3.624386     1.8912      61.62    3.95020    34.9541    34.9780    27.2389    1484.51    1490.23 0.0000e+00
       3593    130.000     7.9971     7.9974   3.622513   3.624739     1.8854      99.37    3.94507    34.9557    34.9793    27.2398    1484.54    1490.19 0.0000e+00
       3616    131.000     7.9991     8.0001   3.622858   3.625194     1.8799      85.67    3.93341    34.9569    34.9810    27.2405    1484.56    1490.15 0.0000e+00
       3640    132.000     8.0033     8.0038   3.623560   3.625835     1.8755      62.79    3.94379    34.9598    34.9837    27.2421    1484.60    1490.10 0.0000e+00
       3664    133.000     8.0097     8.0099   3.624593   3.626803     1.8734      98.44    3.93897    34.9640    34.9876    27.2445    1484.65    1490.06 0.0000e+00
       3688    134.000     8.0141     8.0143   3.625281   3.627489     1.8700      89.55    3.91261    34.9665    34.9900    27.2458    1484.68    1490.02 0.0000e+00
       3712    135.000     8.0173     8.0170   3.625771   3.627937     1.8652      62.24    3.90119    34.9681    34.9917    27.2465    1484.71    1489.98 0.0000e+00
       3736    136.000     8.0217     8.0217   3.626496   3.628699     1.8608      99.32    3.88013    34.9710    34.9947    27.2482    1484.75    1489.94 0.0000e+00
       3760    137.000     8.0256     8.0261   3.627096   3.629356     1.8553      90.98    3.85300    34.9731    34.9968    27.2492    1484.78    1489.91 0.0000e+00
       3784    138.000     8.0303     8.0307   3.627809   3.630067     1.8489      65.14    3.84234    34.9756    34.9994    27.2504    1484.82    1489.87 0.0000e+00
       3807    139.000     8.0324     8.0329   3.628161   3.630421     1.8440      98.76    3.82294    34.9767    35.0005    27.2510    1484.85    1489.83 0.0000e+00
       3831    140.000     8.0342     8.0345   3.628475   3.630684     1.8372      92.02    3.79563    34.9778    35.0012    27.2516    1484.87    1489.80 0.0000e+00
       3855    141.000     8.0374     8.0377   3.628928   3.631166     1.8309      67.83    3.79983    34.9790    35.0027    27.2521    1484.90    1489.76 0.0000e+00
       3879    142.000     8.0400     8.0405   3.629360   3.631622     1.8278      98.80    3.80020    34.9806    35.0043    27.2529    1484.93    1489.73 0.0000e+00
       3903    143.000     8.0436     8.0439   3.629887   3.632112     1.8238      95.11    3.78272    34.9821    35.0057    27.2536    1484.96    1489.69 0.0000e+00
       3927    144.000     8.0478     8.0483   3.630596   3.632834     1.8200      67.91    3.78202    34.9851    35.0086    27.2553    1485.00    1489.66 0.0000e+00
       3950    145.000     8.0491     8.0507   3.630834   3.633244     1.8172      98.86    3.76724    34.9858    35.0101    27.2557    1485.02    1489.63 0.0000e+00
       3974    146.000     8.0516     8.0520   3.631225   3.633462     1.8125      95.90    3.73986    34.9870    35.0106    27.2562    1485.05    1489.60 0.0000e+00
       3998    147.000     8.0517     8.0519   3.631275   3.633498     1.8073      71.65    3.73590    34.9870    35.0106    27.2562    1485.06    1489.57 0.0000e+00
       4022    148.000     8.0516     8.0520   3.631319   3.633551     1.8038      98.38    3.73165    34.9871    35.0106    27.2563    1485.08    1489.54 0.0000e+00
       4046    149.000     8.0518     8.0521   3.631400   3.633629     1.8005      97.78    3.72197    34.9873    35.0109    27.2564    1485.10    1489.51 0.0000e+00
       4070    150.000     8.0524     8.0528   3.631521   3.633745     1.7967      72.84    3.72190    34.9875    35.0109    27.2565    1485.12    1489.48 0.0000e+00
       4094    151.000     8.0526     8.0529   3.631584   3.633809     1.7951      99.02    3.72368    34.9875    35.0110    27.2564    1485.13    1489.45 0.0000e+00
       4117    152.000     8.0555     8.0567   3.632074   3.634436     1.7932      98.14    3.71213    34.9893    35.0135    27.2575    1485.16    1489.42 0.0000e+00
       4141    153.000     8.0607     8.0608   3.632835   3.635034     1.7904      76.99    3.71634    34.9918    35.0153    27.2586    1485.20    1489.39 0.0000e+00
       4165    154.000     8.0630     8.0623   3.633143   3.635248     1.7900      98.93    3.71562    34.9924    35.0156    27.2587    1485.23    1489.37 0.0000e+00
       4189    155.000     8.0656     8.0657   3.633464   3.635689     1.7881      98.79    3.69295    34.9927    35.0165    27.2586    1485.25    1489.34 0.0000e+00
       4213    156.000     8.0653     8.0653   3.633487   3.635683     1.7843      79.58    3.68538    34.9928    35.0163    27.2587    1485.27    1489.31 0.0000e+00
       4236    157.000     8.0700     8.0699   3.634380   3.636542     1.7823      98.91    3.68505    34.9972    35.0205    27.2614    1485.31    1489.29 0.0000e+00
       4260    158.000     8.0734     8.0737   3.634898   3.637125     1.7802      98.85    3.67572    34.9988    35.0224    27.2622    1485.34    1489.26 0.0000e+00
       4284    159.000     8.0800     8.0800   3.635966   3.638156     1.7773      83.49    3.66423    35.0032    35.0267    27.2647    1485.39    1489.24 0.0000e+00
       4308    160.000     8.0823     8.0825   3.636351   3.638570     1.7742      98.66    3.64176    35.0046    35.0282    27.2654    1485.41    1489.21 0.0000e+00
       4332    161.000     8.0844     8.0848   3.636718   3.638938     1.7693      98.91    3.61605    35.0059    35.0293    27.2661    1485.44    1489.19 0.0000e+00
       4356    162.000     8.0848     8.0851   3.636815   3.639035     1.7636      85.40    3.60473    35.0061    35.0296    27.2662    1485.46    1489.17 0.0000e+00
       4380    163.000     8.0850     8.0854   3.636889   3.639113     1.7592      99.04    3.59879    35.0062    35.0296    27.2662    1485.47    1489.14 0.0000e+00
       4403    164.000     8.0867     8.0867   3.637189   3.639350     1.7552      98.92    3.58781    35.0072    35.0304    27.2668    1485.50    1489.12 0.0000e+00
       4427    165.000     8.0912     8.0914   3.637849   3.640072     1.7512      88.42    3.58706    35.0093    35.0329    27.2677    1485.53    1489.10 0.0000e+00
       4451    166.000     8.0919     8.0920   3.637989   3.640181     1.7487      99.01    3.58554    35.0096    35.0330    27.2679    1485.55    1489.08 0.0000e+00
       4475    167.000     8.0913     8.0915   3.637955   3.640170     1.7461      98.92    3.57619    35.0094    35.0329    27.2678    1485.57    1489.06 0.0000e+00
       4499    168.000     8.0915     8.0918   3.638000   3.640231     1.7433      91.26    3.57024    35.0092    35.0328    27.2676    1485.59    1489.04 0.0000e+00
       4523    169.000     8.0921     8.0923   3.638141   3.640355     1.7410      98.92    3.56830    35.0096    35.0331    27.2678    1485.60    1489.02 0.0000e+00
       4546    170.000     8.0928     8.0932   3.638282   3.640512     1.7391      98.92    3.56860    35.0099    35.0334    27.2680    1485.62    1489.00 0.0000e+00
       4570    171.000     8.0938     8.0941   3.638475   3.640705     1.7378      94.49    3.56979    35.0105    35.0341    27.2683    1485.64    1488.98 0.0000e+00
       4594    172.000     8.0944     8.0950   3.638624   3.640875     1.7367      98.96    3.56456    35.0110    35.0345    27.2686    1485.66    1488.96 0.0000e+00
       4617    173.000     8.0969     8.0977   3.638999   3.641305     1.7353      98.41    3.55898    35.0121    35.0360    27.2690    1485.69    1488.94 0.0000e+00
       4641    174.000     8.1008     8.1017   3.639626   3.641938     1.7338      98.69    3.55872    35.0144    35.0383    27.2703    1485.73    1488.92 0.0000e+00
       4665    175.000     8.1031     8.1036   3.639997   3.642233     1.7330      98.92    3.55478    35.0156    35.0391    27.2709    1485.75    1488.90 0.0000e+00
       4689    176.000     8.1044     8.1047   3.640198   3.642438     1.7312      98.93    3.54178    35.0160    35.0397    27.2710    1485.77    1488.88 0.0000e+00
       4713    177.000     8.1051     8.1055   3.640362   3.642586     1.7289      98.93    3.53402    35.0165    35.0400    27.2713    1485.79    1488.87 0.0000e+00
       4737    178.000     8.1056     8.1057   3.640475   3.642654     1.7267      98.93    3.52665    35.0168    35.0400    27.2714    1485.81    1488.85 0.0000e+00
       4760    179.000     8.1064     8.1066   3.640624   3.642844     1.7242      98.92    3.52168    35.0171    35.0407    27.2715    1485.83    1488.83 0.0000e+00
       4784    180.000     8.1072     8.1076   3.640790   3.643030     1.7222      98.93    3.52243    35.0176    35.0412    27.2718    1485.85    1488.82 0.0000e+00
       4808    181.000     8.1090     8.1092   3.641085   3.643319     1.7210      98.92    3.52136    35.0185    35.0422    27.2722    1485.88    1488.80 0.0000e+00
       4831    182.000     8.1104     8.1106   3.641326   3.643541     1.7195      98.93    3.51707    35.0192    35.0427    27.2726    1485.90    1488.78 0.0000e+00
       4855    183.000     8.1110     8.1111   3.641453   3.643663     1.7184      98.92    3.51377    35.0194    35.0430    27.2727    1485.92    1488.77 0.0000e+00
       4878    184.000     8.1114     8.1117   3.641549   3.643757     1.7168      98.92    3.50725    35.0196    35.0429    27.2727    1485.94    1488.75 0.0000e+00
       4902    185.000     8.1128     8.1131   3.641778   3.644026     1.7151      98.92    3.50257    35.0201    35.0439    27.2730    1485.96    1488.74 0.0000e+00
       4925    186.000     8.1136     8.1143   3.641928   3.644220     1.7136      98.92    3.50367    35.0205    35.0443    27.2731    1485.98    1488.72 0.0000e+00
       4949    187.000     8.1143     8.1146   3.642069   3.644305     1.7128      98.93    3.50446    35.0208    35.0444    27.2733    1486.00    1488.71 0.0000e+00
       4973    188.000     8.1145     8.1148   3.642141   3.644374     1.7119      98.92    3.50553    35.0209    35.0445    27.2733    1486.02    1488.69 0.0000e+00
       4996    189.000     8.1145     8.1148   3.642188   3.644409     1.7117      98.92    3.50487    35.0209    35.0444    27.2733    1486.03    1488.68 0.0000e+00
       5020    190.000     8.1152     8.1156   3.642336   3.644561     1.7106      74.72    3.49355    35.0213    35.0447    27.2735    1486.05    1488.67 0.0000e+00
       5044    191.000     8.1158     8.1160   3.642453   3.644669     1.7096      57.17    3.50420    35.0215    35.0450    27.2736    1486.07    1488.65 0.0000e+00
       5068    192.000     8.1162     8.1165   3.642558   3.644770     1.7098      99.05    3.50177    35.0217    35.0451    27.2737    1486.09    1488.64 0.0000e+00
