_data/ctd/2014/sta0392_2014.cnv
* Sea-Bird SBE 9 Data File:
* FileName = C:\Seabird\CTDData\sta0392.hex
* Software Version Seasave V 7.21f
* Temperature SN = 1527
* Conductivity SN = 1827
* Number of Bytes Per Scan = 34
* Number of Voltage Words = 3
* Number of Scans Averaged by the Deck Unit = 1
* NMEA Latitude = 60 52.29 N
* NMEA Longitude = 005 24.69 E
* NMEA UTC (Time) = Oct 06 2014 22:15:29
* NMEA baud rate = 4800
** Ship: 10  F/F G.O. Sars
** Station: 392
** Echodepth: 471.53
** Log: 8796.343
** wind-dir Force: 97 30
** Air temp (dry): 13
** weather sky: 2 8
** sea ice: 3 0
# nquan = 15                                
# nvalues = 450                         
# units = specified
# name 0 = scan: Scan Count
# name 1 = prDM: Pressure, Digiquartz [db]
# name 2 = t068C: Temperature [ITS-68, deg C]
# name 3 = t168C: Temperature, 2 [ITS-68, deg C]
# name 4 = c0S/m: Conductivity [S/m]
# name 5 = c1S/m: Conductivity, 2 [S/m]
# name 6 = sbeox0V: Oxygen raw, SBE 43 [V]
# name 7 = altM: Altimeter [m]
# name 8 = sbeox0ML/L: Oxygen, SBE 43 [ml/l], WS = 2
# name 9 = sal00: Salinity, Practical [PSU]
# name 10 = sal11: Salinity, Practical, 2 [PSU]
# name 11 = sigma-t00: Density [sigma-t, Kg/m^3 ]
# name 12 = svCM: Sound Velocity [Chen-Millero, m/s]
# name 13 = avgsvCM: Average Sound Velocity [Chen-Millero, m/s], minP = 1, minS = 5
# name 14 = flag: flag
# span 0 =        498,      12119       
# span 1 =      2.000,    451.000       
# span 2 =     7.9069,    14.4583       
# span 3 =     7.9073,    14.4573       
# span 4 =   3.579526,   3.876435       
# span 5 =   3.581966,   3.878878       
# span 6 =     1.5412,     2.5752       
# span 7 =       1.30,      99.56       
# span 8 =    3.10175,    5.37857       
# span 9 =    29.3543,    35.0770       
# span 10 =    29.3764,    35.1008      
# span 11 =    21.8327,    27.3046      
# span 12 =    1483.23,    1501.25      
# span 13 =    1487.94,    1500.18      
# span 14 = 0.0000e+00, 0.0000e+00      
# interval = decibars: 1                
# start_time = Oct 06 2014 22:15:32 [System UTC, header]
# bad_flag = -9.990e-29
*END*
[from data line 290]
       7486    292.000     8.1856     8.1859   3.657546   3.659759     1.6746      98.92    3.44443    35.0646    35.0879    27.2968    1488.05    1487.95 0.0000e+00
       7510    293.000     8.1855     8.1858   3.657619   3.659837     1.6751      98.92    3.44707    35.0650    35.0884    27.2971    1488.07    1487.95 0.0000e+00
       7534    294.000     8.1854     8.1856   3.657702   3.659916     1.6758      98.92    3.45195    35.0655    35.0889    27.2976    1488.08    1487.95 0.0000e+00
       7558    295.000     8.1852     8.1855   3.657778   3.659999     1.6763      98.92    3.44937    35.0660    35.0895    27.2980    1488.10    1487.95 0.0000e+00
       7583    296.000     8.1852     8.1855   3.657844   3.660067     1.6762      97.11    3.43804    35.0663    35.0897    27.2982    1488.12    1487.95 0.0000e+00
       7607    297.000     8.1852     8.1855   3.657909   3.660132     1.6749      50.76    3.44374    35.0665    35.0899    27.2984    1488.13    1487.95 0.0000e+00
       7632    298.000     8.1853     8.1855   3.657974   3.660183     1.6755      86.60    3.43747    35.0666    35.0900    27.2984    1488.15    1487.95 0.0000e+00
       7656    299.000     8.1853     8.1857   3.658032   3.660260     1.6740      68.66    3.43037    35.0667    35.0901    27.2985    1488.17    1487.95 0.0000e+00
       7680    300.000     8.1855     8.1858   3.658101   3.660317     1.6725      41.23    3.42540    35.0668    35.0902    27.2986    1488.18    1487.95 0.0000e+00
       7705    301.000     8.1854     8.1857   3.658155   3.660377     1.6719      76.18    3.42871    35.0670    35.0904    27.2987    1488.20    1487.95 0.0000e+00
       7729    302.000     8.1853     8.1856   3.658227   3.660448     1.6710      68.39    3.43121    35.0674    35.0908    27.2990    1488.22    1487.95 0.0000e+00
       7753    303.000     8.1853     8.1855   3.658307   3.660533     1.6706      81.18    3.42909    35.0677    35.0913    27.2993    1488.23    1487.95 0.0000e+00
       7776    304.000     8.1854     8.1857   3.658392   3.660607     1.6709      90.88    3.43844    35.0681    35.0914    27.2996    1488.25    1487.95 0.0000e+00
       7800    305.000     8.1853     8.1855   3.658465   3.660678     1.6706      98.96    3.42718    35.0685    35.0919    27.2999    1488.27    1487.96 0.0000e+00
       7824    306.000     8.1854     8.1856   3.658531   3.660745     1.6700      98.92    3.42485    35.0686    35.0920    27.3000    1488.28    1487.96 0.0000e+00
       7847    307.000     8.1855     8.1856   3.658614   3.660823     1.6687      98.49    3.41612    35.0689    35.0924    27.3002    1488.30    1487.96 0.0000e+00
       7871    308.000     8.1855     8.1857   3.658678   3.660893     1.6675      98.92    3.41264    35.0691    35.0926    27.3004    1488.32    1487.96 0.0000e+00
       7895    309.000     8.1853     8.1856   3.658780   3.660995     1.6659      98.92    3.40719    35.0699    35.0933    27.3010    1488.33    1487.96 0.0000e+00
       7919    310.000     8.1853     8.1856   3.658859   3.661074     1.6645      98.93    3.40458    35.0703    35.0936    27.3013    1488.35    1487.96 0.0000e+00
       7943    311.000     8.1854     8.1857   3.658920   3.661138     1.6630      98.93    3.39663    35.0704    35.0937    27.3014    1488.37    1487.96 0.0000e+00
       7966    312.000     8.1854     8.1857   3.658986   3.661214     1.6609      98.92    3.38376    35.0706    35.0941    27.3016    1488.38    1487.96 0.0000e+00
       7990    313.000     8.1855     8.1858   3.659072   3.661298     1.6580      98.93    3.36546    35.0709    35.0944    27.3018    1488.40    1487.97 0.0000e+00
       8014    314.000     8.1857     8.1860   3.659143   3.661374     1.6540      43.10    3.35967    35.0710    35.0945    27.3018    1488.42    1487.97 0.0000e+00
       8038    315.000     8.1857     8.1859   3.659206   3.661426     1.6524      89.91    3.36343    35.0712    35.0947    27.3020    1488.44    1487.97 0.0000e+00
       8062    316.000     8.1858     8.1860   3.659277   3.661497     1.6492      57.73    3.34964    35.0714    35.0949    27.3021    1488.45    1487.97 0.0000e+00
       8086    317.000     8.1859     8.1861   3.659342   3.661566     1.6477      98.22    3.35214    35.0715    35.0950    27.3022    1488.47    1487.97 0.0000e+00
       8110    318.000     8.1859     8.1862   3.659414   3.661630     1.6454      77.06    3.34689    35.0718    35.0951    27.3024    1488.49    1487.97 0.0000e+00
       8134    319.000     8.1860     8.1863   3.659480   3.661694     1.6437      46.64    3.34787    35.0719    35.0952    27.3025    1488.50    1487.97 0.0000e+00
       8158    320.000     8.1861     8.1863   3.659535   3.661761     1.6432      92.91    3.34822    35.0719    35.0955    27.3025    1488.52    1487.98 0.0000e+00
       8181    321.000     8.1862     8.1864   3.659604   3.661831     1.6412      69.53    3.34324    35.0721    35.0957    27.3026    1488.54    1487.98 0.0000e+00
       8205    322.000     8.1863     8.1866   3.659667   3.661896     1.6408      98.26    3.34363    35.0722    35.0957    27.3027    1488.55    1487.98 0.0000e+00
       8229    323.000     8.1865     8.1867   3.659735   3.661962     1.6393      98.25    3.33244    35.0722    35.0958    27.3027    1488.57    1487.98 0.0000e+00
       8253    324.000     8.1866     8.1868   3.659804   3.662023     1.6376      98.93    3.32759    35.0724    35.0959    27.3028    1488.59    1487.98 0.0000e+00
       8276    325.000     8.1867     8.1869   3.659875   3.662098     1.6358      98.92    3.31954    35.0726    35.0961    27.3029    1488.61    1487.99 0.0000e+00
       8300    326.000     8.1868     8.1870   3.659931   3.662158     1.6339      98.93    3.31381    35.0726    35.0962    27.3029    1488.62    1487.99 0.0000e+00
       8324    327.000     8.1869     8.1872   3.660001   3.662209     1.6316      98.92    3.30616    35.0727    35.0960    27.3030    1488.64    1487.99 0.0000e+00
       8348    328.000     8.1869     8.1872   3.660066   3.662293     1.6292      36.75    3.30101    35.0730    35.0964    27.3032    1488.66    1487.99 0.0000e+00
       8371    329.000     8.1869     8.1872   3.660130   3.662356     1.6283      96.32    3.30265    35.0732    35.0966    27.3034    1488.67    1487.99 0.0000e+00
       8395    330.000     8.1872     8.1874   3.660213   3.662436     1.6256      57.24    3.29765    35.0733    35.0968    27.3034    1488.69    1488.00 0.0000e+00
       8419    331.000     8.1875     8.1878   3.660297   3.662539     1.6255      98.57    3.29707    35.0734    35.0970    27.3034    1488.71    1488.00 0.0000e+00
       8443    332.000     8.1877     8.1879   3.660372   3.662589     1.6228      71.75    3.27487    35.0735    35.0970    27.3035    1488.73    1488.00 0.0000e+00
       8467    333.000     8.1878     8.1882   3.660437   3.662661     1.6188      95.61    3.22997    35.0736    35.0970    27.3036    1488.74    1488.00 0.0000e+00
       8490    334.000     8.1880     8.1882   3.660494   3.662724     1.6115      85.35    3.20572    35.0736    35.0972    27.3035    1488.76    1488.00 0.0000e+00
       8514    335.000     8.1880     8.1883   3.660558   3.662787     1.6060      47.52    3.21635    35.0738    35.0973    27.3037    1488.78    1488.01 0.0000e+00
       8538    336.000     8.1882     8.1884   3.660608   3.662845     1.6030      90.06    3.20783    35.0736    35.0973    27.3035    1488.79    1488.01 0.0000e+00
       8562    337.000     8.1882     8.1885   3.660671   3.662903     1.5992      72.29    3.20919    35.0738    35.0973    27.3037    1488.81    1488.01 0.0000e+00
       8586    338.000     8.1884     8.1886   3.660718   3.662954     1.5969      90.37    3.20338    35.0736    35.0973    27.3035    1488.83    1488.01 0.0000e+00
       8609    339.000     8.1885     8.1886   3.660770   3.663003     1.5948      90.98    3.21055    35.0736    35.0974    27.3035    1488.84    1488.02 0.0000e+00
       8633    340.000     8.1885     8.1887   3.660835   3.663068     1.5937      98.94    3.21010    35.0738    35.0975    27.3036    1488.86    1488.02 0.0000e+00
       8657    341.000     8.1885     8.1888   3.660889   3.663127     1.5931      98.93    3.22212    35.0739    35.0975    27.3037    1488.88    1488.02 0.0000e+00
       8681    342.000     8.1885     8.1888   3.660947   3.663180     1.5938      98.92    3.22745    35.0741    35.0976    27.3038    1488.89    1488.02 0.0000e+00
       8705    343.000     8.1887     8.1889   3.661014   3.663244     1.5943      98.92    3.22830    35.0741    35.0977    27.3038    1488.91    1488.03 0.0000e+00
       8729    344.000     8.1888     8.1890   3.661062   3.663303     1.5945      98.93    3.22171    35.0740    35.0978    27.3038    1488.93    1488.03 0.0000e+00
       8752    345.000     8.1890     8.1892   3.661121   3.663364     1.5935      85.81    3.21050    35.0740    35.0977    27.3037    1488.95    1488.03 0.0000e+00
       8776    346.000     8.1891     8.1894   3.661192   3.663425     1.5927      34.18    3.22534    35.0742    35.0977    27.3038    1488.96    1488.03 0.0000e+00
       8800    347.000     8.1892     8.1894   3.661259   3.663481     1.5939      99.56    3.22850    35.0743    35.0978    27.3039    1488.98    1488.04 0.0000e+00
       8824    348.000     8.1892     8.1895   3.661307   3.663544     1.5933      98.93    3.20972    35.0743    35.0979    27.3039    1489.00    1488.04 0.0000e+00
       8848    349.000     8.1894     8.1897   3.661368   3.663614     1.5914      98.92    3.19800    35.0743    35.0980    27.3039    1489.01    1488.04 0.0000e+00
       8871    350.000     8.1894     8.1897   3.661424   3.663652     1.5897      98.92    3.20057    35.0744    35.0979    27.3040    1489.03    1488.05 0.0000e+00
       8895    351.000     8.1895     8.1898   3.661480   3.663727     1.5888      98.92    3.19572    35.0745    35.0982    27.3040    1489.05    1488.05 0.0000e+00
       8919    352.000     8.1895     8.1898   3.661540   3.663780     1.5866      45.03    3.19615    35.0746    35.0982    27.3041    1489.06    1488.05 0.0000e+00
       8943    353.000     8.1897     8.1900   3.661598   3.663840     1.5873      95.84    3.21081    35.0746    35.0982    27.3040    1489.08    1488.05 0.0000e+00
       8967    354.000     8.1898     8.1900   3.661668   3.663901     1.5872      98.88    3.19507    35.0747    35.0984    27.3041    1489.10    1488.06 0.0000e+00
       8990    355.000     8.1900     8.1902   3.661729   3.663976     1.5846      98.92    3.17406    35.0747    35.0985    27.3041    1489.12    1488.06 0.0000e+00
       9014    356.000     8.1900     8.1903   3.661796   3.664035     1.5827      98.92    3.18903    35.0749    35.0986    27.3043    1489.13    1488.06 0.0000e+00
       9038    357.000     8.1902     8.1904   3.661857   3.664093     1.5831      98.88    3.20043    35.0749    35.0986    27.3042    1489.15    1488.07 0.0000e+00
       9061    358.000     8.1902     8.1905   3.661915   3.664159     1.5834      95.62    3.18922    35.0751    35.0987    27.3043    1489.17    1488.07 0.0000e+00
       9085    359.000     8.1904     8.1907   3.661974   3.664203     1.5818      44.29    3.18709    35.0750    35.0985    27.3043    1489.18    1488.07 0.0000e+00
       9109    360.000     8.1906     8.1907   3.662026   3.664261     1.5817      91.42    3.18271    35.0749    35.0987    27.3042    1489.20    1488.08 0.0000e+00
       9133    361.000     8.1905     8.1909   3.662085   3.664324     1.5803      73.94    3.18793    35.0751    35.0986    27.3044    1489.22    1488.08 0.0000e+00
       9156    362.000     8.1907     8.1909   3.662141   3.664390     1.5807      98.78    3.19119    35.0751    35.0989    27.3043    1489.23    1488.08 0.0000e+00
       9180    363.000     8.1907     8.1910   3.662208   3.664441     1.5806      98.92    3.17846    35.0753    35.0988    27.3045    1489.25    1488.09 0.0000e+00
       9204    364.000     8.1909     8.1912   3.662254   3.664495     1.5783      98.92    3.16682    35.0751    35.0987    27.3043    1489.27    1488.09 0.0000e+00
       9228    365.000     8.1910     8.1913   3.662315   3.664558     1.5772      98.93    3.17756    35.0752    35.0988    27.3043    1489.28    1488.09 0.0000e+00
       9251    366.000     8.1910     8.1913   3.662375   3.664611     1.5773      98.92    3.18432    35.0754    35.0989    27.3045    1489.30    1488.09 0.0000e+00
       9275    367.000     8.1913     8.1915   3.662423   3.664669     1.5774      98.88    3.17953    35.0751    35.0989    27.3042    1489.32    1488.10 0.0000e+00
       9299    368.000     8.1913     8.1916   3.662478   3.664722     1.5766      41.62    3.17777    35.0752    35.0989    27.3043    1489.34    1488.10 0.0000e+00
       9323    369.000     8.1915     8.1917   3.662535   3.664775     1.5770      98.69    3.18034    35.0751    35.0988    27.3042    1489.35    1488.10 0.0000e+00
       9347    370.000     8.1916     8.1919   3.662591   3.664831     1.5760      62.73    3.18202    35.0752    35.0988    27.3042    1489.37    1488.11 0.0000e+00
       9371    371.000     8.1917     8.1919   3.662640   3.664890     1.5770      96.77    3.18204    35.0751    35.0989    27.3041    1489.39    1488.11 0.0000e+00
       9395    372.000     8.1918     8.1920   3.662704   3.664944     1.5760      76.26    3.17995    35.0752    35.0989    27.3042    1489.40    1488.12 0.0000e+00
       9418    373.000     8.1919     8.1921   3.662755   3.665000     1.5761      96.57    3.17745    35.0752    35.0989    27.3042    1489.42    1488.12 0.0000e+00
       9442    374.000     8.1919     8.1923   3.662815   3.665065     1.5757      94.31    3.18005    35.0753    35.0990    27.3043    1489.44    1488.12 0.0000e+00
       9466    375.000     8.1921     8.1922   3.662859   3.665116     1.5758      98.98    3.18046    35.0751    35.0991    27.3041    1489.45    1488.13 0.0000e+00
       9489    376.000     8.1921     8.1923   3.662926   3.665168     1.5754      89.73    3.17930    35.0754    35.0991    27.3043    1489.47    1488.13 0.0000e+00
       9513    377.000     8.1922     8.1924   3.662974   3.665219     1.5756      98.10    3.18639    35.0753    35.0991    27.3042    1489.49    1488.13 0.0000e+00
       9537    378.000     8.1922     8.1924   3.663030   3.665278     1.5760      91.65    3.18868    35.0754    35.0992    27.3043    1489.50    1488.14 0.0000e+00
       9560    379.000     8.1924     8.1927   3.663099   3.665352     1.5767      98.91    3.19370    35.0755    35.0992    27.3043    1489.52    1488.14 0.0000e+00
       9584    380.000     8.1925     8.1928   3.663170   3.665409     1.5776      98.92    3.19723    35.0757    35.0993    27.3045    1489.54    1488.14 0.0000e+00
       9608    381.000     8.1926     8.1930   3.663237   3.665489     1.5779      98.92    3.18517    35.0758    35.0994    27.3046    1489.56    1488.15 0.0000e+00
       9632    382.000     8.1928     8.1931   3.663287   3.665533     1.5767      98.76    3.16799    35.0757    35.0993    27.3044    1489.57    1488.15 0.0000e+00
       9656    383.000     8.1929     8.1931   3.663348   3.665592     1.5744      58.13    3.16657    35.0757    35.0995    27.3045    1489.59    1488.16 0.0000e+00
       9679    384.000     8.1930     8.1933   3.663401   3.665655     1.5737      95.88    3.16681    35.0757    35.0995    27.3044    1489.61    1488.16 0.0000e+00
       9703    385.000     8.1931     8.1935   3.663455   3.665717     1.5724      84.60    3.16963    35.0757    35.0995    27.3044    1489.62    1488.16 0.0000e+00
       9727    386.000     8.1932     8.1936   3.663525   3.665775     1.5721      99.15    3.17043    35.0759    35.0995    27.3045    1489.64    1488.17 0.0000e+00
