_data/ctd/2014/sta0386_2014.cnv
* Sea-Bird SBE 9 Data File:
* FileName = C:\Seabird\CTDData\sta0386.hex
* Software Version Seasave V 7.21f
* Temperature SN = 1527
* Conductivity SN = 1827
* Number of Bytes Per Scan = 34
* Number of Voltage Words = 3
* Number of Scans Averaged by the Deck Unit = 1
* NMEA Latitude = 60 51.14 N
* NMEA Longitude = 005 21.06 E
* NMEA UTC (Time) = Oct 04 2014 15:40:04
* NMEA baud rate = 4800
** Ship: 10  F/F G.O. Sars
** Station: 386
** Echodepth: 403.79
** Log: 8708.577
** wind-dir Force: 17 15
** Air temp (dry): 20.1
** weather sky: 2 8
** sea ice: 3 0
# nquan = 15                                
# nvalues = 419                         
# units = specified
# name 0 = scan: Scan Count
# name 1 = prDM: Pressure, Digiquartz [db]
# name 2 = t068C: Temperature [ITS-68, deg C]
# name 3 = t168C: Temperature, 2 [ITS-68, deg C]
# name 4 = c0S/m: Conductivity [S/m]
# name 5 = c1S/m: Conductivity, 2 [S/m]
# name 6 = sbeox0V: Oxygen raw, SBE 43 [V]
# name 7 = altM: Altimeter [m]
# name 8 = sbeox0ML/L: Oxygen, SBE 43 [ml/l], WS = 2
# name 9 = sal00: Salinity, Practical [PSU]
# name 10 = sal11: Salinity, Practical, 2 [PSU]
# name 11 = sigma-t00: Density [sigma-t, Kg/m^3 ]
# name 12 = svCM: Sound Velocity [Chen-Millero, m/s]
# name 13 = avgsvCM: Average Sound Velocity [Chen-Millero, m/s], minP = 1, minS = 5
# name 14 = flag: flag
# span 0 =        393,      13230       
# span 1 =      2.000,    420.000       
# span 2 =     7.8872,    14.3671       
# span 3 =     7.8876,    14.3674       
# span 4 =   2.037578,   3.895276       
# span 5 =   2.092901,   3.899225       
# span 6 =     1.5184,     2.7102       
# span 7 =     -48.22,      99.64       
# span 8 =    3.00671,    6.28363       
# span 9 =    16.3856,    35.0628       
# span 10 =    16.8477,    35.0989      
# span 11 =    12.0884,    27.2939      
# span 12 =    1476.80,    1501.47      
# span 13 =    1476.80,    1498.78      
# span 14 = 0.0000e+00, 0.0000e+00      
# interval = decibars: 1                
# start_time = Oct 04 2014 15:40:07 [System UTC, header]
# bad_flag = -9.990e-29
*END*
        393      2.000    12.5872    12.6413   2.037578   2.092901     2.6760     -48.22    6.28363    16.3856    16.8477    12.0884    1476.80    1476.80 0.0000e+00
        436      3.000    13.0946    13.0118   2.564700   2.478974     2.6785      76.76    6.08635    20.7970    20.0792    15.4038    1483.79    1479.12 0.0000e+00
        461      4.000    14.0234    14.0085   3.435828   3.427476     2.6839      98.99    5.81229    28.0210    27.9563    20.7971    1495.43    1483.16 0.0000e+00
        484      5.000    14.1088    14.0943   3.512167   3.500051     2.7102      98.92    5.83138    28.6481    28.5493    21.2634    1496.46    1485.80 0.0000e+00
        508      6.000    14.2556    14.2530   3.667542   3.670071     2.7045      98.92    5.54217    29.9438    29.9688    22.2324    1498.47    1487.90 0.0000e+00
        533      7.000    14.2801    14.2829   3.692112   3.698026     2.6728      98.92    5.38288    30.1473    30.1988    22.3843    1498.80    1489.45 0.0000e+00
        559      8.000    14.3288    14.3321   3.729142   3.734877     2.6391      98.92    5.29621    30.4449    30.4943    22.6036    1499.33    1490.68 0.0000e+00
        583      9.000    14.3419    14.3404   3.747325   3.751366     2.6134      98.92    5.27339    30.5992    30.6371    22.7199    1499.57    1491.66 0.0000e+00
        608     10.000    14.3154    14.3166   3.776958   3.778849     2.5955      98.92    5.25844    30.8892    30.9055    22.9489    1499.84    1492.47 0.0000e+00
        633     11.000    14.2884    14.2882   3.784386   3.788049     2.5821      98.92    5.24727    30.9780    31.0116    23.0229    1499.87    1493.14 0.0000e+00
        658     12.000    14.2952    14.2921   3.786741   3.790164     2.5716      98.92    5.23918    30.9937    31.0273    23.0336    1499.93    1493.70 0.0000e+00
        683     13.000    14.3100    14.3082   3.788707   3.792275     2.5653      98.92    5.24509    30.9993    31.0333    23.0349    1500.00    1494.19 0.0000e+00
        709     14.000    14.3235    14.3227   3.790937   3.794404     2.5620      98.92    5.24662    31.0084    31.0406    23.0391    1500.07    1494.61 0.0000e+00
        734     15.000    14.3554    14.3550   3.797070   3.800690     2.5598      98.92    5.24381    31.0383    31.0715    23.0556    1500.22    1494.98 0.0000e+00
        759     16.000    14.3276    14.3295   3.797625   3.801511     2.5584      98.92    5.23646    31.0653    31.0991    23.0821    1500.18    1495.30 0.0000e+00
        785     17.000    14.2748    14.2749   3.801494   3.804999     2.5538      85.80    5.21150    31.1426    31.1745    23.1526    1500.12    1495.58 0.0000e+00
        810     18.000    14.3226    14.3226   3.817449   3.821381     2.5486      93.23    5.21053    31.2491    31.2849    23.2248    1500.41    1495.85 0.0000e+00
        834     19.000    14.3324    14.3321   3.819817   3.823628     2.5495      98.91    5.22733    31.2623    31.2973    23.2331    1500.48    1496.09 0.0000e+00
        859     20.000    14.3530    14.3529   3.830094   3.833327     2.5481      68.95    5.20591    31.3389    31.3684    23.2878    1500.65    1496.32 0.0000e+00
        884     21.000    14.3491    14.3489   3.839578   3.843145     2.5465      95.03    5.19589    31.4281    31.4608    23.3574    1500.76    1496.53 0.0000e+00
        908     22.000    14.3398    14.3406   3.849047   3.852862     2.5420      98.90    5.16318    31.5216    31.5557    23.4314    1500.85    1496.73 0.0000e+00
        934     23.000    14.3386    14.3396   3.854383   3.859109     2.5357      98.77    5.15259    31.5708    31.6131    23.4696    1500.92    1496.91 0.0000e+00
        958     24.000    14.3416    14.3419   3.857562   3.861788     2.5319      98.92    5.15333    31.5970    31.6353    23.4892    1500.98    1497.08 0.0000e+00
        982     25.000    14.3461    14.3456   3.859378   3.863070     2.5296      98.92    5.15077    31.6095    31.6436    23.4979    1501.03    1497.24 0.0000e+00
       1007     26.000    14.3528    14.3520   3.861738   3.865298     2.5271      98.92    5.14220    31.6252    31.6583    23.5086    1501.08    1497.38 0.0000e+00
       1032     27.000    14.3563    14.3563   3.865531   3.869488     2.5240      98.92    5.13119    31.6565    31.6926    23.5320    1501.15    1497.52 0.0000e+00
       1056     28.000    14.3574    14.3574   3.866956   3.870915     2.5213      98.93    5.12303    31.6682    31.7043    23.5408    1501.18    1497.65 0.0000e+00
       1080     29.000    14.3610    14.3603   3.867703   3.871514     2.5173      98.92    5.10685    31.6717    31.7070    23.5428    1501.21    1497.78 0.0000e+00
       1105     30.000    14.3671    14.3674   3.871061   3.875096     2.5130      98.92    5.10191    31.6970    31.7335    23.5610    1501.28    1497.89 0.0000e+00
       1129     31.000    14.3528    14.3532   3.876842   3.880852     2.5110      98.92    5.10249    31.7610    31.7973    23.6134    1501.32    1498.00 0.0000e+00
       1154     32.000    14.3444    14.3446   3.885837   3.889602     2.5081      98.92    5.08087    31.8497    31.8839    23.6834    1501.42    1498.11 0.0000e+00
       1178     33.000    14.3250    14.3227   3.892978   3.897131     2.5023      98.92    5.06036    31.9305    31.9703    23.7498    1501.47    1498.21 0.0000e+00
       1202     34.000    14.3163    14.3160   3.893576   3.897626     2.4981      98.92    5.05739    31.9427    31.9800    23.7611    1501.47    1498.31 0.0000e+00
       1226     35.000    14.3066    14.3077   3.894370   3.898351     2.4939      98.92    5.04759    31.9576    31.9931    23.7746    1501.47    1498.40 0.0000e+00
       1250     36.000    14.2809    14.2812   3.895276   3.899225     2.4896      52.28    5.04112    31.9868    32.0227    23.8024    1501.44    1498.48 0.0000e+00
       1274     37.000    14.1863    14.1938   3.892204   3.896667     2.4866      97.46    5.04468    32.0366    32.0713    23.8604    1501.20    1498.55 0.0000e+00
       1298     38.000    14.0941    14.0968   3.885098   3.889162     2.4823      98.91    5.02931    32.0476    32.0827    23.8879    1500.93    1498.62 0.0000e+00
       1322     39.000    14.0408    14.0443   3.882215   3.886336     2.4757      80.89    5.02240    32.0651    32.1001    23.9123    1500.80    1498.67 0.0000e+00
       1347     40.000    13.8605    13.8640   3.871251   3.875284     2.4729      98.57    5.02398    32.1140    32.1483    23.9870    1500.28    1498.71 0.0000e+00
       1371     41.000    13.7486    13.7507   3.866122   3.870152     2.4621      98.43    4.98589    32.1598    32.1954    24.0451    1499.98    1498.74 0.0000e+00
       1395     42.000    13.6593    13.6623   3.861452   3.865601     2.4569      98.91    5.03229    32.1911    32.2271    24.0874    1499.74    1498.77 0.0000e+00
       1419     43.000    13.4900    13.4932   3.846781   3.850798     2.4578      98.92    5.06035    32.1968    32.2315    24.1257    1499.21    1498.78 0.0000e+00
       1443     44.000    13.1491    13.1581   3.818507   3.822856     2.4563      98.92    5.06738    32.2200    32.2533    24.2114    1498.12    1498.76 0.0000e+00
       1467     45.000    12.8704    12.8770   3.799118   3.803304     2.4503      98.92    5.06287    32.2739    32.3079    24.3077    1497.26    1498.73 0.0000e+00
       1491     46.000    12.6115    12.6199   3.783363   3.787520     2.4451      98.92    5.08860    32.3456    32.3780    24.4132    1496.49    1498.68 0.0000e+00
       1516     47.000    12.3186    12.3259   3.764653   3.768734     2.4422      98.92    5.12640    32.4189    32.4517    24.5258    1495.60    1498.61 0.0000e+00
       1540     48.000    12.1058    12.1185   3.753649   3.758022     2.4412      98.92    5.15228    32.4972    32.5283    24.6266    1494.98    1498.54 0.0000e+00
       1564     49.000    11.7653    11.7732   3.733513   3.737579     2.4408      98.92    5.17892    32.5993    32.6318    24.7691    1493.95    1498.44 0.0000e+00
       1588     50.000    11.6174    11.6222   3.726935   3.730815     2.4383      98.92    5.19022    32.6648    32.6984    24.8471    1493.53    1498.35 0.0000e+00
       1612     51.000    11.2808    11.2882   3.709558   3.713381     2.4389      98.92    5.23323    32.7920    32.8230    25.0069    1492.53    1498.23 0.0000e+00
       1637     52.000    11.0438    11.0487   3.705566   3.709414     2.4372      98.92    5.22294    32.9638    32.9975    25.1829    1491.92    1498.11 0.0000e+00
       1661     53.000    10.9063    10.9099   3.699839   3.703727     2.4332      98.92    5.23579    33.0302    33.0656    25.2589    1491.53    1497.99 0.0000e+00
       1685     54.000    10.6903    10.6957   3.689741   3.693598     2.4321      98.92    5.25892    33.1243    33.1580    25.3701    1490.90    1497.85 0.0000e+00
       1709     55.000    10.4575    10.4634   3.681204   3.685008     2.4288      98.92    5.24443    33.2502    33.2830    25.5085    1490.24    1497.71 0.0000e+00
       1733     56.000    10.2031    10.2130   3.666475   3.670677     2.4224      98.92    5.24932    33.3343    33.3677    25.6176    1489.45    1497.57 0.0000e+00
       1757     57.000    10.0484    10.0508   3.659717   3.663435     2.4171      98.92    5.25123    33.4079    33.4435    25.7012    1489.00    1497.41 0.0000e+00
       1781     58.000     9.9833     9.9854   3.660400   3.664127     2.4116      98.92    5.26266    33.4747    33.5106    25.7642    1488.86    1497.27 0.0000e+00
       1806     59.000     9.9038     9.9064   3.658209   3.661974     2.4108      98.92    5.29468    33.5256    33.5616    25.8173    1488.65    1497.12 0.0000e+00
       1830     60.000     9.8028     9.8065   3.652711   3.656550     2.4110      98.92    5.30024    33.5630    33.5988    25.8633    1488.35    1496.97 0.0000e+00
       1854     61.000     9.5326     9.5420   3.631874   3.635899     2.4090      98.92    5.29256    33.6012    33.6339    25.9377    1487.43    1496.82 0.0000e+00
       1879     62.000     9.3923     9.3939   3.634395   3.637927     2.4013      98.92    5.24285    33.7587    33.7937    26.0836    1487.13    1496.66 0.0000e+00
       1903     63.000     9.3569     9.3567   3.640093   3.643612     2.3915      84.46    5.22463    33.8506    33.8872    26.1613    1487.13    1496.51 0.0000e+00
       1927     64.000     9.2922     9.2939   3.637011   3.640810     2.3841      98.55    5.20194    33.8795    33.9173    26.1943    1486.94    1496.36 0.0000e+00
       1952     65.000     9.2032     9.2071   3.631090   3.634870     2.3716      98.92    5.14276    33.9021    33.9377    26.2263    1486.66    1496.21 0.0000e+00
       1976     66.000     9.0936     9.0964   3.630205   3.633942     2.3575      95.23    5.10409    33.9968    34.0331    26.3180    1486.39    1496.06 0.0000e+00
       2000     67.000     9.0586     9.0596   3.632929   3.636570     2.3437      98.87    5.07871    34.0582    34.0952    26.3717    1486.35    1495.91 0.0000e+00
       2024     68.000     9.0095     9.0110   3.631022   3.634703     2.3309      98.92    5.04504    34.0849    34.1219    26.4003    1486.22    1495.77 0.0000e+00
       2049     69.000     8.9473     8.9499   3.627938   3.631629     2.3166      98.92    4.99899    34.1118    34.1479    26.4313    1486.04    1495.62 0.0000e+00
       2073     70.000     8.8630     8.8628   3.622201   3.625669     2.3015      98.92    4.96377    34.1323    34.1688    26.4607    1485.77    1495.48 0.0000e+00
       2097     71.000     8.7253     8.7293   3.613271   3.616980     2.2868      98.92    4.94464    34.1707    34.2059    26.5123    1485.32    1495.34 0.0000e+00
       2122     72.000     8.6565     8.6580   3.611037   3.614653     2.2734      98.92    4.91885    34.2132    34.2498    26.5564    1485.14    1495.20 0.0000e+00
       2146     73.000     8.4947     8.4996   3.601908   3.605592     2.2602      57.13    4.89913    34.2731    34.3074    26.6284    1484.62    1495.05 0.0000e+00
       2170     74.000     8.3907     8.3911   3.598585   3.602128     2.2473      93.54    4.85964    34.3387    34.3759    26.6958    1484.33    1494.90 0.0000e+00
       2194     75.000     8.3412     8.3433   3.597459   3.601038     2.2315      98.91    4.80685    34.3746    34.4106    26.7315    1484.21    1494.76 0.0000e+00
       2219     76.000     8.2415     8.2422   3.591511   3.595020     2.2154      79.11    4.76566    34.4083    34.4450    26.7731    1483.89    1494.62 0.0000e+00
       2243     77.000     8.2635     8.2639   3.597390   3.600936     2.1999      96.71    4.73193    34.4489    34.4863    26.8017    1484.04    1494.48 0.0000e+00
       2267     78.000     8.2531     8.2539   3.598457   3.602039     2.1858      98.91    4.70977    34.4700    34.5074    26.8198    1484.04    1494.34 0.0000e+00
       2291     79.000     8.2091     8.2113   3.596924   3.600506     2.1746      98.92    4.71000    34.4964    34.5324    26.8472    1483.93    1494.21 0.0000e+00
       2316     80.000     8.1773     8.1784   3.597226   3.600772     2.1660      98.92    4.70426    34.5304    34.5672    26.8787    1483.87    1494.08 0.0000e+00
       2340     81.000     8.1590     8.1601   3.597473   3.601030     2.1585      98.92    4.68940    34.5506    34.5875    26.8973    1483.84    1493.95 0.0000e+00
       2364     82.000     8.1407     8.1419   3.596809   3.600408     2.1510      98.92    4.67349    34.5610    34.5983    26.9082    1483.80    1493.83 0.0000e+00
       2388     83.000     8.1190     8.1198   3.596003   3.599537     2.1444      98.92    4.66463    34.5733    34.6103    26.9212    1483.75    1493.71 0.0000e+00
       2412     84.000     8.0952     8.0962   3.596298   3.599833     2.1387      98.93    4.65661    34.5995    34.6363    26.9453    1483.71    1493.59 0.0000e+00
       2436     85.000     8.0631     8.0639   3.595764   3.599303     2.1330      98.92    4.63779    34.6250    34.6621    26.9701    1483.64    1493.47 0.0000e+00
       2460     86.000     8.0493     8.0500   3.595628   3.599131     2.1268      55.65    4.61833    34.6367    34.6735    26.9814    1483.62    1493.35 0.0000e+00
       2483     87.000     8.0245     8.0253   3.593914   3.597405     2.1207      78.92    4.60724    34.6424    34.6790    26.9896    1483.55    1493.24 0.0000e+00
       2507     88.000     7.9848     7.9855   3.592042   3.595525     2.1143      98.73    4.58573    34.6611    34.6978    27.0102    1483.44    1493.13 0.0000e+00
       2531     89.000     7.9617     7.9627   3.591020   3.594502     2.1071      66.40    4.56697    34.6725    34.7090    27.0227    1483.38    1493.02 0.0000e+00
       2555     90.000     7.9289     7.9301   3.590535   3.594016     2.1009      82.41    4.55796    34.6994    34.7356    27.0486    1483.31    1492.91 0.0000e+00
       2579     91.000     7.9176     7.9183   3.590962   3.594455     2.0941      98.66    4.52804    34.7147    34.7516    27.0624    1483.30    1492.80 0.0000e+00
       2603     92.000     7.9086     7.9093   3.591063   3.594561     2.0859      74.94    4.49374    34.7242    34.7612    27.0712    1483.29    1492.70 0.0000e+00
       2627     93.000     7.9069     7.9075   3.592584   3.596068     2.0779      83.35    4.48713    34.7418    34.7787    27.0853    1483.32    1492.60 0.0000e+00
       2651     94.000     7.9075     7.9079   3.593047   3.596456     2.0713      98.99    4.46869    34.7457    34.7820    27.0882    1483.35    1492.50 0.0000e+00
       2674     95.000     7.9080     7.9085   3.593486   3.596942     2.0642      82.74    4.45065    34.7495    34.7862    27.0911    1483.37    1492.40 0.0000e+00
       2698     96.000     7.9069     7.9074   3.593962   3.597458     2.0586      86.84    4.45769    34.7552    34.7923    27.0958    1483.39    1492.31 0.0000e+00
       2722     97.000     7.9056     7.9061   3.594530   3.598009     2.0550      98.93    4.45486    34.7621    34.7991    27.1014    1483.41    1492.22 0.0000e+00
