_data/ctd/2014/sta0392_2014.cnv
* Sea-Bird SBE 9 Data File:
* FileName = C:\Seabird\CTDData\sta0392.hex
* Software Version Seasave V 7.21f
* Temperature SN = 1527
* Conductivity SN = 1827
* Number of Bytes Per Scan = 34
* Number of Voltage Words = 3
* Number of Scans Averaged by the Deck Unit = 1
* NMEA Latitude = 60 52.29 N
* NMEA Longitude = 005 24.69 E
* NMEA UTC (Time) = Oct 06 2014 22:15:29
* NMEA baud rate = 4800
** Ship: 10  F/F G.O. Sars
** Station: 392
** Echodepth: 471.53
** Log: 8796.343
** wind-dir Force: 97 30
** Air temp (dry): 13
** weather sky: 2 8
** sea ice: 3 0
# nquan = 15                                
# nvalues = 450                         
# units = specified
# name 0 = scan: Scan Count
# name 1 = prDM: Pressure, Digiquartz [db]
# name 2 = t068C: Temperature [ITS-68, deg C]
# name 3 = t168C: Temperature, 2 [ITS-68, deg C]
# name 4 = c0S/m: Conductivity [S/m]
# name 5 = c1S/m: Conductivity, 2 [S/m]
# name 6 = sbeox0V: Oxygen raw, SBE 43 [V]
# name 7 = altM: Altimeter [m]
# name 8 = sbeox0ML/L: Oxygen, SBE 43 [ml/l], WS = 2
# name 9 = sal00: Salinity, Practical [PSU]
# name 10 = sal11: Salinity, Practical, 2 [PSU]
# name 11 = sigma-t00: Density [sigma-t, Kg/m^3 ]
# name 12 = svCM: Sound Velocity [Chen-Millero, m/s]
# name 13 = avgsvCM: Average Sound Velocity [Chen-Millero, m/s], minP = 1, minS = 5
# name 14 = flag: flag
# span 0 =        498,      12119       
# span 1 =      2.000,    451.000       
# span 2 =     7.9069,    14.4583       
# span 3 =     7.9073,    14.4573       
# span 4 =   3.579526,   3.876435       
# span 5 =   3.581966,   3.878878       
# span 6 =     1.5412,     2.5752       
# span 7 =       1.30,      99.56       
# span 8 =    3.10175,    5.37857       
# span 9 =    29.3543,    35.0770       
# span 10 =    29.3764,    35.1008      
# span 11 =    21.8327,    27.3046      
# span 12 =    1483.23,    1501.25      
# span 13 =    1487.94,    1500.18      
# span 14 = 0.0000e+00, 0.0000e+00      
# interval = decibars: 1                
# start_time = Oct 06 2014 22:15:32 [System UTC, header]
# bad_flag = -9.990e-29
*END*
[from data line 97]
       2862     99.000     7.9471     7.9474   3.603619   3.605854     2.0204      98.30    4.32598    34.8176    34.8413    27.1388    1483.67    1491.52 0.0000e+00
       2886    100.000     7.9523     7.9522   3.605424   3.607593     2.0132      98.92    4.29311    34.8314    34.8548    27.1488    1483.72    1491.44 0.0000e+00
       2909    101.000     7.9502     7.9505   3.605627   3.607844     2.0062      98.92    4.27918    34.8351    34.8587    27.1521    1483.73    1491.37 0.0000e+00
       2933    102.000     7.9278     7.9285   3.603569   3.605758     2.0000      98.92    4.27420    34.8348    34.8577    27.1552    1483.67    1491.29 0.0000e+00
       2957    103.000     7.9069     7.9073   3.601980   3.604195     1.9949      98.93    4.27758    34.8381    34.8615    27.1609    1483.61    1491.22 0.0000e+00
       2981    104.000     7.9101     7.9098   3.603009   3.605172     1.9925      98.93    4.30979    34.8455    34.8691    27.1662    1483.65    1491.14 0.0000e+00
       3005    105.000     7.9322     7.9312   3.606074   3.608174     1.9951      98.93    4.35528    34.8559    34.8795    27.1712    1483.76    1491.07 0.0000e+00
       3029    106.000     7.9298     7.9302   3.606693   3.608895     2.0006      98.92    4.37368    34.8645    34.8878    27.1783    1483.78    1491.00 0.0000e+00
       3052    107.000     7.9263     7.9266   3.606713   3.608921     2.0030      98.92    4.33912    34.8677    34.8912    27.1813    1483.78    1490.93 0.0000e+00
       3076    108.000     7.9228     7.9218   3.606439   3.608479     2.0012      98.92    4.31001    34.8678    34.8907    27.1819    1483.79    1490.87 0.0000e+00
       3100    109.000     7.9177     7.9179   3.606120   3.608311     1.9984      63.24    4.30947    34.8689    34.8923    27.1835    1483.79    1490.80 0.0000e+00
       3124    110.000     7.9226     7.9227   3.607030   3.609200     1.9980      81.16    4.32950    34.8734    34.8966    27.1863    1483.83    1490.74 0.0000e+00
       3148    111.000     7.9282     7.9283   3.608194   3.610365     1.9984      64.14    4.33630    34.8798    34.9031    27.1905    1483.87    1490.68 0.0000e+00
       3171    112.000     7.9272     7.9275   3.608655   3.610832     2.0005      96.34    4.34219    34.8853    34.9084    27.1950    1483.89    1490.62 0.0000e+00
       3195    113.000     7.9227     7.9230   3.608508   3.610707     1.9997      81.79    4.32376    34.8877    34.9111    27.1975    1483.89    1490.56 0.0000e+00
       3219    114.000     7.9218     7.9219   3.608912   3.611089     1.9990      98.90    4.31899    34.8925    34.9158    27.2014    1483.91    1490.50 0.0000e+00
       3243    115.000     7.9223     7.9231   3.609218   3.611466     1.9976      94.74    4.32534    34.8948    34.9182    27.2032    1483.93    1490.44 0.0000e+00
       3267    116.000     7.9194     7.9195   3.609140   3.611329     1.9986      98.95    4.33637    34.8963    34.9198    27.2048    1483.94    1490.38 0.0000e+00
       3291    117.000     7.9232     7.9232   3.610142   3.612330     1.9984      67.39    4.33602    34.9028    34.9264    27.2094    1483.98    1490.33 0.0000e+00
       3314    118.000     7.9262     7.9278   3.610909   3.613236     2.0002      94.60    4.34312    34.9076    34.9311    27.2127    1484.01    1490.28 0.0000e+00
       3338    119.000     7.9250     7.9252   3.611290   3.613483     1.9997      81.94    4.33601    34.9124    34.9358    27.2166    1484.03    1490.22 0.0000e+00
       3362    120.000     7.9288     7.9290   3.611995   3.614192     2.0008      99.10    4.34581    34.9157    34.9392    27.2186    1484.07    1490.17 0.0000e+00
       3386    121.000     7.9369     7.9368   3.613263   3.615408     2.0012      98.85    4.34092    34.9208    34.9440    27.2214    1484.12    1490.12 0.0000e+00
       3410    122.000     7.9467     7.9466   3.614669   3.616830     2.0013      98.93    4.33618    34.9256    34.9490    27.2238    1484.18    1490.07 0.0000e+00
       3434    123.000     7.9558     7.9557   3.616034   3.618178     2.0007      98.92    4.31959    34.9307    34.9539    27.2264    1484.24    1490.02 0.0000e+00
       3458    124.000     7.9588     7.9589   3.616595   3.618769     1.9978      98.93    4.28950    34.9333    34.9566    27.2280    1484.27    1489.98 0.0000e+00
       3481    125.000     7.9594     7.9597   3.616898   3.619081     1.9926      43.68    4.26357    34.9355    34.9586    27.2296    1484.29    1489.93 0.0000e+00
       3505    126.000     7.9609     7.9610   3.617285   3.619427     1.9880      99.14    4.24745    34.9376    34.9606    27.2311    1484.31    1489.89 0.0000e+00
       3529    127.000     7.9636     7.9638   3.617648   3.619817     1.9819      58.37    4.23911    34.9384    34.9615    27.2312    1484.34    1489.84 0.0000e+00
       3553    128.000     7.9671     7.9671   3.618242   3.620416     1.9789      96.82    4.23712    34.9408    34.9641    27.2326    1484.37    1489.80 0.0000e+00
       3576    129.000     7.9752     7.9750   3.619418   3.621554     1.9747      82.36    4.23357    34.9448    34.9680    27.2346    1484.43    1489.76 0.0000e+00
       3600    130.000     7.9810     7.9811   3.620193   3.622366     1.9725      96.04    4.22453    34.9469    34.9701    27.2353    1484.47    1489.72 0.0000e+00
       3624    131.000     7.9864     7.9864   3.621004   3.623172     1.9685      94.79    4.19941    34.9497    34.9730    27.2367    1484.51    1489.68 0.0000e+00
       3648    132.000     7.9886     7.9890   3.621349   3.623566     1.9632      98.98    4.16458    34.9507    34.9742    27.2372    1484.53    1489.64 0.0000e+00
       3672    133.000     7.9913     7.9921   3.621750   3.623989     1.9558      41.11    4.14430    34.9519    34.9751    27.2377    1484.56    1489.60 0.0000e+00
       3696    134.000     7.9969     7.9967   3.622803   3.624940     1.9501      94.89    4.11448    34.9571    34.9803    27.2409    1484.61    1489.56 0.0000e+00
       3720    135.000     8.0154     8.0154   3.625334   3.627511     1.9402      61.33    4.07970    34.9653    34.9887    27.2446    1484.70    1489.53 0.0000e+00
       3743    136.000     8.0246     8.0238   3.626608   3.628673     1.9337      87.93    4.07898    34.9693    34.9923    27.2464    1484.76    1489.49 0.0000e+00
       3767    137.000     8.0344     8.0344   3.627951   3.630132     1.9272      81.36    4.04532    34.9735    34.9969    27.2482    1484.82    1489.46 0.0000e+00
       3791    138.000     8.0563     8.0563   3.630524   3.632679     1.9174      92.23    3.98868    34.9787    35.0018    27.2490    1484.92    1489.43 0.0000e+00
       3815    139.000     8.0629     8.0638   3.631281   3.633563     1.9070      94.61    3.94270    34.9798    35.0033    27.2488    1484.96    1489.39 0.0000e+00
       3838    140.000     8.0661     8.0652   3.631690   3.633757     1.8920      93.69    3.84957    34.9805    35.0035    27.2489    1484.99    1489.36 0.0000e+00
       3862    141.000     8.0741     8.0743   3.632749   3.634937     1.8732      44.57    3.79217    34.9834    35.0066    27.2500    1485.04    1489.33 0.0000e+00
       3886    142.000     8.0920     8.0922   3.635018   3.637221     1.8565      86.39    3.75720    34.9893    35.0127    27.2519    1485.13    1489.30 0.0000e+00
       3910    143.000     8.0996     8.0994   3.635967   3.638112     1.8414      74.88    3.72635    34.9914    35.0146    27.2524    1485.18    1489.27 0.0000e+00
       3934    144.000     8.0991     8.0994   3.635950   3.638149     1.8256      86.02    3.64924    34.9913    35.0145    27.2524    1485.20    1489.24 0.0000e+00
       3958    145.000     8.0983     8.0986   3.635924   3.638115     1.8065      88.69    3.59661    34.9913    35.0145    27.2525    1485.21    1489.22 0.0000e+00
       3981    146.000     8.0972     8.0974   3.635930   3.638109     1.7901      92.04    3.58292    34.9920    35.0151    27.2532    1485.22    1489.19 0.0000e+00
       4005    147.000     8.1017     8.1020   3.636539   3.638725     1.7783      97.65    3.59643    34.9935    35.0167    27.2538    1485.26    1489.16 0.0000e+00
       4029    148.000     8.1016     8.1019   3.636605   3.638795     1.7710      98.91    3.60773    34.9938    35.0170    27.2540    1485.28    1489.14 0.0000e+00
       4053    149.000     8.1065     8.1066   3.637297   3.639465     1.7658      98.92    3.60026    34.9959    35.0190    27.2549    1485.31    1489.11 0.0000e+00
       4077    150.000     8.1099     8.1100   3.637752   3.639938     1.7603      71.77    3.58662    34.9969    35.0202    27.2552    1485.34    1489.08 0.0000e+00
       4101    151.000     8.1110     8.1111   3.637968   3.640136     1.7562      74.49    3.58182    34.9976    35.0207    27.2556    1485.36    1489.06 0.0000e+00
       4124    152.000     8.1153     8.1153   3.638577   3.640746     1.7507      82.95    3.55504    34.9994    35.0226    27.2563    1485.40    1489.04 0.0000e+00
       4148    153.000     8.1185     8.1187   3.639026   3.641204     1.7462      94.47    3.55168    35.0005    35.0236    27.2567    1485.43    1489.01 0.0000e+00
       4172    154.000     8.1221     8.1223   3.639541   3.641714     1.7414      91.28    3.53415    35.0019    35.0250    27.2573    1485.46    1488.99 0.0000e+00
       4196    155.000     8.1255     8.1257   3.640038   3.642226     1.7368      98.87    3.52051    35.0034    35.0266    27.2579    1485.49    1488.97 0.0000e+00
       4220    156.000     8.1256     8.1258   3.640128   3.642322     1.7314      98.92    3.49782    35.0038    35.0271    27.2582    1485.51    1488.94 0.0000e+00
       4244    157.000     8.1271     8.1274   3.640417   3.642614     1.7256      98.92    3.48165    35.0049    35.0281    27.2588    1485.53    1488.92 0.0000e+00
       4267    158.000     8.1286     8.1290   3.640697   3.642903     1.7197      61.29    3.47209    35.0059    35.0291    27.2594    1485.56    1488.90 0.0000e+00
       4291    159.000     8.1309     8.1311   3.641049   3.643224     1.7165      85.61    3.47761    35.0069    35.0300    27.2598    1485.58    1488.88 0.0000e+00
       4315    160.000     8.1314     8.1314   3.641157   3.643324     1.7124      69.53    3.46677    35.0070    35.0303    27.2599    1485.60    1488.86 0.0000e+00
       4339    161.000     8.1324     8.1328   3.641317   3.643525     1.7106      97.99    3.47238    35.0073    35.0305    27.2599    1485.62    1488.84 0.0000e+00
       4363    162.000     8.1330     8.1331   3.641450   3.643613     1.7076      88.42    3.46129    35.0076    35.0307    27.2601    1485.64    1488.82 0.0000e+00
       4387    163.000     8.1350     8.1352   3.641764   3.643937     1.7058      99.07    3.46329    35.0085    35.0316    27.2605    1485.67    1488.80 0.0000e+00
       4411    164.000     8.1357     8.1356   3.641929   3.644094     1.7040      98.92    3.45473    35.0091    35.0324    27.2608    1485.69    1488.78 0.0000e+00
       4434    165.000     8.1337     8.1339   3.641884   3.644075     1.7015      98.92    3.44663    35.0101    35.0334    27.2619    1485.70    1488.76 0.0000e+00
       4458    166.000     8.1343     8.1346   3.642028   3.644214     1.6994      98.92    3.44834    35.0106    35.0337    27.2622    1485.72    1488.74 0.0000e+00
       4482    167.000     8.1352     8.1354   3.642175   3.644360     1.6988      98.92    3.45701    35.0108    35.0340    27.2622    1485.74    1488.73 0.0000e+00
       4506    168.000     8.1365     8.1366   3.642377   3.644588     1.6984      52.18    3.47115    35.0111    35.0347    27.2623    1485.76    1488.71 0.0000e+00
       4530    169.000     8.1364     8.1368   3.642516   3.644704     1.7008      99.08    3.47711    35.0122    35.0353    27.2632    1485.77    1488.69 0.0000e+00
       4553    170.000     8.1385     8.1386   3.642859   3.645033     1.7004      82.37    3.47105    35.0133    35.0365    27.2637    1485.80    1488.67 0.0000e+00
       4577    171.000     8.1350     8.1347   3.642541   3.644675     1.7010      98.37    3.46673    35.0129    35.0361    27.2640    1485.80    1488.66 0.0000e+00
       4601    172.000     8.1379     8.1379   3.642971   3.645129     1.6999      47.28    3.45887    35.0142    35.0373    27.2645    1485.83    1488.64 0.0000e+00
       4625    173.000     8.1396     8.1397   3.643253   3.645420     1.6993      90.29    3.44365    35.0150    35.0381    27.2649    1485.86    1488.62 0.0000e+00
       4649    174.000     8.1430     8.1425   3.643692   3.645810     1.6958      69.14    3.44337    35.0158    35.0390    27.2650    1485.89    1488.61 0.0000e+00
       4672    175.000     8.1448     8.1452   3.643976   3.646148     1.6970      98.88    3.46463    35.0166    35.0394    27.2653    1485.91    1488.59 0.0000e+00
       4696    176.000     8.1454     8.1457   3.644095   3.646270     1.6967      88.58    3.45675    35.0168    35.0398    27.2654    1485.93    1488.58 0.0000e+00
       4720    177.000     8.1461     8.1463   3.644266   3.646445     1.6966      98.86    3.45184    35.0174    35.0405    27.2658    1485.95    1488.56 0.0000e+00
       4744    178.000     8.1471     8.1471   3.644453   3.646622     1.6953      98.93    3.44343    35.0179    35.0412    27.2661    1485.97    1488.55 0.0000e+00
       4768    179.000     8.1459     8.1458   3.644390   3.646553     1.6939      98.92    3.43133    35.0180    35.0412    27.2663    1485.98    1488.53 0.0000e+00
       4792    180.000     8.1401     8.1401   3.643862   3.646020     1.6915      98.93    3.42338    35.0176    35.0407    27.2669    1485.98    1488.52 0.0000e+00
       4816    181.000     8.1430     8.1429   3.644284   3.646453     1.6889      98.66    3.40346    35.0188    35.0421    27.2673    1486.00    1488.51 0.0000e+00
       4839    182.000     8.1439     8.1439   3.644476   3.646626     1.6856      43.89    3.43508    35.0194    35.0425    27.2677    1486.03    1488.49 0.0000e+00
       4863    183.000     8.1399     8.1400   3.644103   3.646264     1.6891      92.07    3.46419    35.0190    35.0420    27.2679    1486.03    1488.48 0.0000e+00
       4887    184.000     8.1386     8.1387   3.644031   3.646198     1.6910      68.13    3.47068    35.0190    35.0421    27.2682    1486.04    1488.47 0.0000e+00
       4911    185.000     8.1403     8.1405   3.644290   3.646494     1.6936      92.70    3.47364    35.0196    35.0430    27.2684    1486.06    1488.45 0.0000e+00
       4935    186.000     8.1448     8.1450   3.644945   3.647137     1.6957      88.29    3.48453    35.0216    35.0449    27.2693    1486.10    1488.44 0.0000e+00
       4959    187.000     8.1434     8.1437   3.644883   3.647077     1.6980      95.30    3.47326    35.0219    35.0451    27.2697    1486.11    1488.43 0.0000e+00
       4982    188.000     8.1494     8.1494   3.645665   3.647835     1.6972      29.78    3.46160    35.0238    35.0470    27.2703    1486.15    1488.42 0.0000e+00
       5006    189.000     8.1435     8.1432   3.645077   3.647168     1.6977      83.30    3.46557    35.0229    35.0456    27.2705    1486.14    1488.40 0.0000e+00
       5030    190.000     8.1325     8.1324   3.643929   3.646072     1.6962      63.98    3.45051    35.0211    35.0441    27.2707    1486.12    1488.39 0.0000e+00
       5054    191.000     8.1329     8.1332   3.644089   3.646296     1.6957      98.02    3.45635    35.0219    35.0453    27.2713    1486.14    1488.38 0.0000e+00
       5078    192.000     8.1370     8.1372   3.644645   3.646822     1.6948      79.83    3.46961    35.0233    35.0464    27.2718    1486.17    1488.37 0.0000e+00
       5102    193.000     8.1355     8.1359   3.644566   3.646759     1.6973      98.88    3.48451    35.0235    35.0465    27.2722    1486.18    1488.36 0.0000e+00
