_data/ctd/2014/sta0387_2014.cnv
* Sea-Bird SBE 9 Data File:
* FileName = C:\Seabird\CTDData\sta0387.hex
* Software Version Seasave V 7.21f
* Temperature SN = 1527
* Conductivity SN = 1827
* Number of Bytes Per Scan = 34
* Number of Voltage Words = 3
* Number of Scans Averaged by the Deck Unit = 1
* NMEA Latitude = 60 52.35 N
* NMEA Longitude = 005 24.31 E
* NMEA UTC (Time) = Oct 04 2014 22:29:43
* NMEA baud rate = 4800
** Ship: 10  F/F G.O. Sars
** Station: 387
** Echodepth: 467.67
** Log: 8731.944
** wind-dir Force: 10 10
** Air temp (dry): 19.5
** weather sky: 2 8
** sea ice: 3 0
# nquan = 15                                
# nvalues = 464                         
# units = specified
# name 0 = scan: Scan Count
# name 1 = prDM: Pressure, Digiquartz [db]
# name 2 = t068C: Temperature [ITS-68, deg C]
# name 3 = t168C: Temperature, 2 [ITS-68, deg C]
# name 4 = c0S/m: Conductivity [S/m]
# name 5 = c1S/m: Conductivity, 2 [S/m]
# name 6 = sbeox0V: Oxygen raw, SBE 43 [V]
# name 7 = altM: Altimeter [m]
# name 8 = sbeox0ML/L: Oxygen, SBE 43 [ml/l], WS = 2
# name 9 = sal00: Salinity, Practical [PSU]
# name 10 = sal11: Salinity, Practical, 2 [PSU]
# name 11 = sigma-t00: Density [sigma-t, Kg/m^3 ]
# name 12 = svCM: Sound Velocity [Chen-Millero, m/s]
# name 13 = avgsvCM: Average Sound Velocity [Chen-Millero, m/s], minP = 1, minS = 5
# name 14 = flag: flag
# span 0 =        410,      12619       
# span 1 =      3.000,    466.000       
# span 2 =     7.9096,    14.5270       
# span 3 =     7.9102,    14.5226       
# span 4 =   2.228029,   3.888256       
# span 5 =   2.198586,   3.891244       
# span 6 =     1.5343,     2.7236       
# span 7 =      19.92,      99.48       
# span 8 =    3.08275,    6.24887       
# span 9 =    17.9739,    35.0754       
# span 10 =    17.7345,    35.1036      
# span 11 =    13.2816,    27.3031      
# span 12 =    1479.37,    1501.67      
# span 13 =    1479.37,    1498.93      
# span 14 = 0.0000e+00, 0.0000e+00      
# interval = decibars: 1                
# start_time = Oct 04 2014 22:29:46 [System UTC, header]
# bad_flag = -9.990e-29
*END*
[from data line 97]
       2773    100.000     7.9254     7.9256   3.604202   3.606835     1.9872      98.92    4.28545    34.8450    34.8732    27.1636    1483.64    1491.78 0.0000e+00
       2797    101.000     7.9096     7.9103   3.603784   3.606466     1.9871      98.92    4.29987    34.8558    34.8840    27.1744    1483.61    1491.70 0.0000e+00
       2821    102.000     7.9103     7.9104   3.604233   3.606858     1.9893      98.92    4.33984    34.8594    34.8876    27.1772    1483.63    1491.62 0.0000e+00
       2845    103.000     7.9098     7.9102   3.604857   3.607502     1.9956      98.92    4.38297    34.8662    34.8942    27.1825    1483.65    1491.54 0.0000e+00
       2869    104.000     7.9107     7.9108   3.605292   3.607890     2.0027      98.92    4.39911    34.8695    34.8973    27.1850    1483.68    1491.46 0.0000e+00
       2893    105.000     7.9117     7.9121   3.605578   3.608207     2.0082      98.88    4.39099    34.8711    34.8990    27.1861    1483.70    1491.39 0.0000e+00
       2916    106.000     7.9123     7.9126   3.605864   3.608472     2.0105      51.85    4.38652    34.8730    34.9008    27.1876    1483.72    1491.32 0.0000e+00
       2940    107.000     7.9177     7.9161   3.607070   3.609376     2.0135      98.41    4.38903    34.8801    34.9066    27.1923    1483.77    1491.25 0.0000e+00
       2964    108.000     7.9251     7.9252   3.608289   3.610917     2.0147      98.92    4.37568    34.8854    34.9136    27.1954    1483.82    1491.18 0.0000e+00
       2988    109.000     7.9267     7.9272   3.608896   3.611556     2.0141      77.46    4.36955    34.8898    34.9180    27.1986    1483.85    1491.11 0.0000e+00
       3011    110.000     7.9314     7.9316   3.609995   3.612600     2.0141      98.82    4.36190    34.8965    34.9243    27.2031    1483.89    1491.04 0.0000e+00
       3035    111.000     7.9351     7.9355   3.610651   3.613284     2.0124      98.92    4.34827    34.8994    34.9273    27.2048    1483.92    1490.98 0.0000e+00
       3059    112.000     7.9381     7.9387   3.611244   3.613864     2.0104      98.77    4.34238    34.9023    34.9299    27.2067    1483.95    1490.91 0.0000e+00
       3083    113.000     7.9357     7.9362   3.611279   3.613927     2.0086      98.92    4.33680    34.9045    34.9325    27.2088    1483.96    1490.85 0.0000e+00
       3107    114.000     7.9395     7.9399   3.612057   3.614684     2.0065      98.93    4.33102    34.9086    34.9365    27.2115    1484.00    1490.79 0.0000e+00
       3131    115.000     7.9446     7.9449   3.612916   3.615525     2.0047      98.92    4.33574    34.9123    34.9401    27.2136    1484.04    1490.73 0.0000e+00
       3155    116.000     7.9462     7.9466   3.613337   3.615954     2.0044      98.92    4.33757    34.9147    34.9425    27.2153    1484.07    1490.68 0.0000e+00
       3179    117.000     7.9507     7.9510   3.614280   3.616891     2.0030      98.92    4.32264    34.9199    34.9477    27.2187    1484.11    1490.62 0.0000e+00
       3202    118.000     7.9527     7.9532   3.614758   3.617371     2.0010      98.92    4.31246    34.9226    34.9502    27.2204    1484.13    1490.56 0.0000e+00
       3226    119.000     7.9510     7.9514   3.614781   3.617394     1.9985      98.92    4.30296    34.9240    34.9517    27.2218    1484.14    1490.51 0.0000e+00
       3250    120.000     7.9529     7.9531   3.615212   3.617797     1.9956      98.92    4.29016    34.9263    34.9539    27.2233    1484.17    1490.46 0.0000e+00
       3274    121.000     7.9576     7.9578   3.615968   3.618572     1.9928      98.92    4.29256    34.9292    34.9570    27.2249    1484.21    1490.41 0.0000e+00
       3298    122.000     7.9618     7.9620   3.616692   3.619279     1.9909      50.53    4.29023    34.9323    34.9599    27.2267    1484.24    1490.35 0.0000e+00
       3322    123.000     7.9676     7.9678   3.617570   3.620166     1.9901      90.42    4.28890    34.9355    34.9632    27.2284    1484.29    1490.31 0.0000e+00
       3345    124.000     7.9667     7.9670   3.617788   3.620397     1.9873      98.87    4.26316    34.9382    34.9660    27.2307    1484.30    1490.26 0.0000e+00
       3369    125.000     7.9670     7.9674   3.617964   3.620571     1.9830      62.34    4.24036    34.9393    34.9670    27.2315    1484.32    1490.21 0.0000e+00
       3393    126.000     7.9734     7.9732   3.618838   3.621373     1.9792      91.55    4.24141    34.9419    34.9693    27.2325    1484.37    1490.16 0.0000e+00
       3417    127.000     7.9800     7.9802   3.619728   3.622306     1.9760      98.91    4.23274    34.9443    34.9719    27.2335    1484.41    1490.12 0.0000e+00
       3441    128.000     7.9876     7.9875   3.620880   3.623454     1.9724      74.17    4.21673    34.9486    34.9764    27.2357    1484.46    1490.07 0.0000e+00
       3465    129.000     7.9924     7.9926   3.621619   3.624211     1.9690      91.83    4.20326    34.9513    34.9790    27.2371    1484.50    1490.03 0.0000e+00
       3488    130.000     7.9965     7.9966   3.622340   3.624931     1.9638      98.90    4.16803    34.9545    34.9822    27.2389    1484.53    1489.99 0.0000e+00
       3512    131.000     8.0092     8.0093   3.624065   3.626647     1.9566      83.59    4.13643    34.9598    34.9875    27.2412    1484.61    1489.95 0.0000e+00
       3536    132.000     8.0152     8.0155   3.624908   3.627510     1.9497      94.08    4.12155    34.9624    34.9900    27.2424    1484.65    1489.91 0.0000e+00
       3560    133.000     8.0215     8.0214   3.625803   3.628383     1.9428      98.86    4.09268    34.9652    34.9930    27.2436    1484.69    1489.87 0.0000e+00
       3584    134.000     8.0256     8.0259   3.626424   3.629024     1.9346      92.63    4.06279    34.9673    34.9949    27.2447    1484.73    1489.83 0.0000e+00
       3608    135.000     8.0374     8.0373   3.627965   3.630540     1.9267      96.24    4.03984    34.9716    34.9993    27.2462    1484.79    1489.79 0.0000e+00
       3632    136.000     8.0484     8.0478   3.629332   3.631828     1.9179      98.61    4.00327    34.9748    35.0022    27.2471    1484.85    1489.75 0.0000e+00
       3655    137.000     8.0525     8.0518   3.629933   3.632418     1.9085      98.77    3.96604    34.9767    35.0040    27.2480    1484.89    1489.72 0.0000e+00
       3679    138.000     8.0644     8.0653   3.631401   3.634073     1.8971      98.92    3.91773    34.9800    35.0078    27.2488    1484.95    1489.68 0.0000e+00
       3703    139.000     8.0553     8.0552   3.630470   3.633004     1.8852      98.92    3.88319    34.9787    35.0059    27.2491    1484.93    1489.65 0.0000e+00
       3727    140.000     8.0705     8.0697   3.632353   3.634848     1.8732      98.92    3.84462    34.9832    35.0108    27.2504    1485.01    1489.62 0.0000e+00
       3751    141.000     8.0674     8.0676   3.632192   3.634767     1.8614      98.92    3.82812    34.9841    35.0115    27.2515    1485.02    1489.58 0.0000e+00
       3774    142.000     8.0771     8.0768   3.633520   3.636030     1.8518      98.92    3.78907    34.9881    35.0154    27.2533    1485.08    1489.55 0.0000e+00
       3798    143.000     8.0836     8.0836   3.634303   3.636885     1.8381      77.50    3.73682    34.9896    35.0173    27.2534    1485.12    1489.52 0.0000e+00
       3822    144.000     8.0845     8.0848   3.634448   3.637032     1.8273      64.17    3.74300    34.9897    35.0171    27.2534    1485.14    1489.49 0.0000e+00
       3846    145.000     8.0873     8.0877   3.634964   3.637537     1.8189      98.85    3.71656    34.9920    35.0192    27.2547    1485.17    1489.46 0.0000e+00
       3870    146.000     8.0940     8.0922   3.635827   3.638163     1.8092      92.49    3.69225    34.9941    35.0209    27.2554    1485.21    1489.43 0.0000e+00
       3894    147.000     8.0902     8.0913   3.635401   3.638060     1.8021      81.07    3.69697    34.9928    35.0202    27.2549    1485.21    1489.40 0.0000e+00
       3918    148.000     8.0886     8.0879   3.635329   3.637820     1.7957      98.95    3.67526    34.9931    35.0205    27.2554    1485.23    1489.37 0.0000e+00
       3941    149.000     8.0984     8.0988   3.636535   3.639142     1.7895      98.27    3.67471    34.9958    35.0233    27.2561    1485.28    1489.35 0.0000e+00
       3965    150.000     8.1106     8.1105   3.638047   3.640621     1.7862      96.33    3.68392    34.9993    35.0270    27.2570    1485.35    1489.32 0.0000e+00
       3989    151.000     8.1128     8.1132   3.638333   3.640944     1.7837      98.97    3.65917    34.9997    35.0273    27.2570    1485.37    1489.29 0.0000e+00
       4013    152.000     8.1155     8.1157   3.638739   3.641325     1.7763      98.92    3.58883    35.0009    35.0284    27.2575    1485.40    1489.27 0.0000e+00
       4036    153.000     8.1168     8.1169   3.638962   3.641529     1.7650      98.92    3.53414    35.0015    35.0289    27.2577    1485.42    1489.24 0.0000e+00
       4060    154.000     8.1178     8.1182   3.639113   3.641719     1.7525      98.92    3.50487    35.0016    35.0292    27.2577    1485.44    1489.22 0.0000e+00
       4084    155.000     8.1183     8.1187   3.639235   3.641848     1.7434      98.92    3.52844    35.0020    35.0296    27.2579    1485.46    1489.19 0.0000e+00
       4108    156.000     8.1192     8.1196   3.639427   3.642039     1.7397      98.83    3.53937    35.0026    35.0302    27.2583    1485.48    1489.17 0.0000e+00
       4132    157.000     8.1210     8.1214   3.639680   3.642307     1.7356      50.27    3.54098    35.0031    35.0308    27.2583    1485.51    1489.15 0.0000e+00
       4155    158.000     8.1218     8.1220   3.639863   3.642448     1.7343      98.83    3.54773    35.0037    35.0312    27.2587    1485.53    1489.12 0.0000e+00
       4179    159.000     8.1229     8.1234   3.640062   3.642682     1.7327      98.91    3.53953    35.0043    35.0318    27.2590    1485.55    1489.10 0.0000e+00
       4203    160.000     8.1279     8.1281   3.640701   3.643294     1.7307      76.05    3.54239    35.0057    35.0332    27.2593    1485.59    1489.08 0.0000e+00
       4227    161.000     8.1234     8.1245   3.640248   3.642922     1.7305      98.85    3.54281    35.0048    35.0324    27.2593    1485.58    1489.06 0.0000e+00
       4251    162.000     8.1132     8.1139   3.639239   3.641856     1.7286      98.92    3.52452    35.0037    35.0310    27.2600    1485.56    1489.04 0.0000e+00
       4275    163.000     8.1130     8.1133   3.639282   3.641889     1.7261      98.92    3.53086    35.0039    35.0315    27.2602    1485.58    1489.01 0.0000e+00
       4298    164.000     8.1154     8.1159   3.639654   3.642252     1.7266      98.92    3.55521    35.0050    35.0323    27.2607    1485.60    1488.99 0.0000e+00
       4322    165.000     8.1182     8.1183   3.640043   3.642629     1.7284      98.92    3.56693    35.0059    35.0335    27.2610    1485.63    1488.97 0.0000e+00
       4346    166.000     8.1232     8.1233   3.640727   3.643318     1.7304      98.92    3.57342    35.0077    35.0354    27.2616    1485.67    1488.95 0.0000e+00
       4370    167.000     8.1272     8.1275   3.641262   3.643867     1.7322      98.92    3.57043    35.0090    35.0366    27.2620    1485.70    1488.93 0.0000e+00
       4394    168.000     8.1308     8.1310   3.641786   3.644380     1.7323      98.92    3.54358    35.0105    35.0381    27.2627    1485.73    1488.91 0.0000e+00
       4417    169.000     8.1334     8.1336   3.642133   3.644736     1.7290      98.92    3.52081    35.0111    35.0388    27.2628    1485.76    1488.90 0.0000e+00
       4441    170.000     8.1348     8.1352   3.642387   3.644998     1.7264      98.92    3.51427    35.0120    35.0395    27.2632    1485.78    1488.88 0.0000e+00
       4465    171.000     8.1363     8.1366   3.642607   3.645216     1.7230      98.92    3.50377    35.0124    35.0400    27.2633    1485.81    1488.86 0.0000e+00
       4489    172.000     8.1367     8.1371   3.642737   3.645332     1.7203      98.92    3.50007    35.0129    35.0402    27.2636    1485.83    1488.84 0.0000e+00
       4513    173.000     8.1377     8.1380   3.642948   3.645537     1.7172      60.55    3.49016    35.0136    35.0411    27.2641    1485.85    1488.82 0.0000e+00
       4537    174.000     8.1407     8.1409   3.643344   3.645935     1.7155      92.98    3.49931    35.0144    35.0419    27.2642    1485.88    1488.81 0.0000e+00
       4560    175.000     8.1382     8.1386   3.643154   3.645761     1.7138      98.87    3.48780    35.0144    35.0419    27.2646    1485.88    1488.79 0.0000e+00
       4584    176.000     8.1392     8.1395   3.643327   3.645937     1.7110      72.54    3.47843    35.0147    35.0424    27.2647    1485.90    1488.77 0.0000e+00
       4608    177.000     8.1398     8.1403   3.643487   3.646100     1.7099      94.20    3.49529    35.0154    35.0428    27.2651    1485.92    1488.76 0.0000e+00
       4632    178.000     8.1383     8.1389   3.643381   3.645999     1.7098      98.96    3.49334    35.0153    35.0427    27.2653    1485.93    1488.74 0.0000e+00
       4656    179.000     8.1366     8.1378   3.643239   3.645928     1.7090      83.23    3.49243    35.0149    35.0425    27.2653    1485.94    1488.73 0.0000e+00
       4679    180.000     8.1361     8.1364   3.643262   3.645863     1.7094      94.60    3.50630    35.0152    35.0427    27.2656    1485.96    1488.71 0.0000e+00
       4703    181.000     8.1357     8.1360   3.643289   3.645894     1.7101      98.93    3.49860    35.0154    35.0430    27.2658    1485.97    1488.70 0.0000e+00
       4727    182.000     8.1361     8.1366   3.643380   3.646002     1.7090      92.16    3.48323    35.0155    35.0431    27.2658    1485.99    1488.68 0.0000e+00
       4751    183.000     8.1371     8.1375   3.643550   3.646154     1.7076      96.24    3.49165    35.0158    35.0433    27.2659    1486.01    1488.67 0.0000e+00
       4775    184.000     8.1405     8.1410   3.644018   3.646626     1.7086      98.93    3.50965    35.0170    35.0444    27.2663    1486.04    1488.65 0.0000e+00
       4798    185.000     8.1459     8.1463   3.644708   3.647323     1.7099      98.92    3.51137    35.0185    35.0461    27.2667    1486.08    1488.64 0.0000e+00
       4822    186.000     8.1532     8.1536   3.645639   3.648250     1.7106      98.93    3.50414    35.0207    35.0482    27.2673    1486.13    1488.63 0.0000e+00
       4846    187.000     8.1549     8.1551   3.645876   3.648484     1.7101      98.92    3.48751    35.0210    35.0487    27.2673    1486.15    1488.61 0.0000e+00
       4870    188.000     8.1545     8.1549   3.645909   3.648505     1.7078      98.92    3.47113    35.0213    35.0487    27.2676    1486.17    1488.60 0.0000e+00
       4894    189.000     8.1555     8.1561   3.646085   3.648712     1.7052      98.92    3.46069    35.0217    35.0492    27.2677    1486.19    1488.59 0.0000e+00
       4918    190.000     8.1571     8.1576   3.646310   3.648920     1.7022      98.92    3.45279    35.0220    35.0495    27.2677    1486.21    1488.57 0.0000e+00
       4942    191.000     8.1562     8.1565   3.646273   3.648873     1.6997      98.92    3.45487    35.0221    35.0496    27.2679    1486.22    1488.56 0.0000e+00
       4966    192.000     8.1534     8.1537   3.646023   3.648622     1.6983      98.93    3.45965    35.0217    35.0492    27.2680    1486.23    1488.55 0.0000e+00
       4990    193.000     8.1439     8.1444   3.645058   3.647658     1.6976      98.92    3.46244    35.0204    35.0477    27.2684    1486.21    1488.54 0.0000e+00
       5014    194.000     8.1434     8.1439   3.645077   3.647684     1.6972      98.92    3.46538    35.0206    35.0480    27.2687    1486.22    1488.52 0.0000e+00
