_data/ctd/2014/sta0386_2014.cnv
* Sea-Bird SBE 9 Data File:
* FileName = C:\Seabird\CTDData\sta0386.hex
* Software Version Seasave V 7.21f
* Temperature SN = 1527
* Conductivity SN = 1827
* Number of Bytes Per Scan = 34
* Number of Voltage Words = 3
* Number of Scans Averaged by the Deck Unit = 1
* NMEA Latitude = 60 51.14 N
* NMEA Longitude = 005 21.06 E
* NMEA UTC (Time) = Oct 04 2014 15:40:04
* NMEA baud rate = 4800
** Ship: 10  F/F G.O. Sars
** Station: 386
** Echodepth: 403.79
** Log: 8708.577
** wind-dir Force: 17 15
** Air temp (dry): 20.1
** weather sky: 2 8
** sea ice: 3 0
# nquan = 15                                
# nvalues = 419                         
# units = specified
# name 0 = scan: Scan Count
# name 1 = prDM: Pressure, Digiquartz [db]
# name 2 = t068C: Temperature [ITS-68, deg C]
# name 3 = t168C: Temperature, 2 [ITS-68, deg C]
# name 4 = c0S/m: Conductivity [S/m]
# name 5 = c1S/m: Conductivity, 2 [S/m]
# name 6 = sbeox0V: Oxygen raw, SBE 43 [V]
# name 7 = altM: Altimeter [m]
# name 8 = sbeox0ML/L: Oxygen, SBE 43 [ml/l], WS = 2
# name 9 = sal00: Salinity, Practical [PSU]
# name 10 = sal11: Salinity, Practical, 2 [PSU]
# name 11 = sigma-t00: Density [sigma-t, Kg/m^3 ]
# name 12 = svCM: Sound Velocity [Chen-Millero, m/s]
# name 13 = avgsvCM: Average Sound Velocity [Chen-Millero, m/s], minP = 1, minS = 5
# name 14 = flag: flag
# span 0 =        393,      13230       
# span 1 =      2.000,    420.000       
# span 2 =     7.8872,    14.3671       
# span 3 =     7.8876,    14.3674       
# span 4 =   2.037578,   3.895276       
# span 5 =   2.092901,   3.899225       
# span 6 =     1.5184,     2.7102       
# span 7 =     -48.22,      99.64       
# span 8 =    3.00671,    6.28363       
# span 9 =    16.3856,    35.0628       
# span 10 =    16.8477,    35.0989      
# span 11 =    12.0884,    27.2939      
# span 12 =    1476.80,    1501.47      
# span 13 =    1476.80,    1498.78      
# span 14 = 0.0000e+00, 0.0000e+00      
# interval = decibars: 1                
# start_time = Oct 04 2014 15:40:07 [System UTC, header]
# bad_flag = -9.990e-29
*END*
[from data line 290]
       8480    292.000     8.1838     8.1844   3.656619   3.660003     1.5885      41.09    3.15390    35.0565    35.0920    27.2907    1488.03    1488.06 0.0000e+00
       8504    293.000     8.1839     8.1844   3.656670   3.660067     1.5861      50.84    3.15928    35.0564    35.0922    27.2907    1488.05    1488.06 0.0000e+00
       8528    294.000     8.1840     8.1845   3.656732   3.660133     1.5846      79.73    3.16125    35.0565    35.0924    27.2907    1488.07    1488.06 0.0000e+00
       8553    295.000     8.1842     8.1846   3.656800   3.660192     1.5822      50.22    3.14775    35.0566    35.0924    27.2907    1488.08    1488.06 0.0000e+00
       8577    296.000     8.1842     8.1847   3.656879   3.660265     1.5808      60.67    3.15125    35.0569    35.0926    27.2910    1488.10    1488.06 0.0000e+00
       8601    297.000     8.1844     8.1848   3.656968   3.660373     1.5797      83.54    3.15355    35.0572    35.0932    27.2912    1488.12    1488.06 0.0000e+00
       8625    298.000     8.1845     8.1850   3.657044   3.660450     1.5781      73.90    3.14201    35.0574    35.0933    27.2914    1488.13    1488.06 0.0000e+00
       8649    299.000     8.1846     8.1851   3.657122   3.660532     1.5768      76.47    3.13472    35.0577    35.0936    27.2916    1488.15    1488.06 0.0000e+00
       8674    300.000     8.1847     8.1852   3.657194   3.660593     1.5743      91.18    3.12331    35.0579    35.0937    27.2917    1488.17    1488.06 0.0000e+00
       8698    301.000     8.1850     8.1854   3.657267   3.660663     1.5716      94.99    3.11880    35.0579    35.0938    27.2917    1488.19    1488.06 0.0000e+00
       8722    302.000     8.1851     8.1855   3.657334   3.660725     1.5701      98.55    3.12328    35.0580    35.0938    27.2917    1488.20    1488.06 0.0000e+00
       8746    303.000     8.1853     8.1857   3.657408   3.660802     1.5688      90.10    3.12194    35.0581    35.0940    27.2918    1488.22    1488.06 0.0000e+00
       8770    304.000     8.1852     8.1859   3.657473   3.660875     1.5681      95.75    3.12447    35.0585    35.0941    27.2921    1488.24    1488.06 0.0000e+00
       8794    305.000     8.1855     8.1861   3.657543   3.660944     1.5673      98.94    3.12084    35.0584    35.0942    27.2920    1488.25    1488.06 0.0000e+00
       8818    306.000     8.1857     8.1861   3.657599   3.661003     1.5665      98.71    3.12026    35.0583    35.0943    27.2919    1488.27    1488.06 0.0000e+00
       8841    307.000     8.1857     8.1862   3.657660   3.661074     1.5661      98.84    3.12405    35.0585    35.0945    27.2920    1488.29    1488.06 0.0000e+00
       8865    308.000     8.1859     8.1864   3.657733   3.661145     1.5660      98.92    3.12647    35.0586    35.0946    27.2921    1488.31    1488.06 0.0000e+00
       8889    309.000     8.1859     8.1864   3.657808   3.661219     1.5660      98.92    3.12753    35.0589    35.0949    27.2923    1488.32    1488.07 0.0000e+00
       8913    310.000     8.1861     8.1865   3.657896   3.661294     1.5662      98.92    3.12536    35.0592    35.0951    27.2925    1488.34    1488.07 0.0000e+00
       8936    311.000     8.1861     8.1866   3.657959   3.661361     1.5655      98.92    3.11669    35.0594    35.0952    27.2927    1488.36    1488.07 0.0000e+00
       8960    312.000     8.1863     8.1867   3.658026   3.661406     1.5644      98.92    3.11377    35.0594    35.0951    27.2927    1488.37    1488.07 0.0000e+00
       8984    313.000     8.1864     8.1868   3.658095   3.661503     1.5635      98.92    3.11172    35.0596    35.0956    27.2928    1488.39    1488.07 0.0000e+00
       9008    314.000     8.1865     8.1869   3.658156   3.661561     1.5626      98.92    3.10470    35.0597    35.0956    27.2928    1488.41    1488.07 0.0000e+00
       9032    315.000     8.1866     8.1872   3.658231   3.661636     1.5605      60.38    3.09491    35.0599    35.0956    27.2930    1488.43    1488.07 0.0000e+00
       9056    316.000     8.1867     8.1872   3.658289   3.661704     1.5596      76.92    3.10548    35.0599    35.0959    27.2930    1488.44    1488.07 0.0000e+00
       9079    317.000     8.1868     8.1873   3.658357   3.661751     1.5590      98.76    3.09940    35.0601    35.0958    27.2931    1488.46    1488.07 0.0000e+00
       9103    318.000     8.1870     8.1874   3.658426   3.661821     1.5576      69.02    3.09235    35.0601    35.0960    27.2931    1488.48    1488.08 0.0000e+00
       9127    319.000     8.1870     8.1875   3.658492   3.661894     1.5571      80.53    3.10462    35.0604    35.0962    27.2933    1488.49    1488.08 0.0000e+00
       9151    320.000     8.1872     8.1876   3.658543   3.661949     1.5569      98.83    3.09490    35.0602    35.0962    27.2931    1488.51    1488.08 0.0000e+00
       9175    321.000     8.1873     8.1878   3.658602   3.662010     1.5552      78.75    3.08195    35.0603    35.0962    27.2932    1488.53    1488.08 0.0000e+00
       9198    322.000     8.1874     8.1878   3.658655   3.662057     1.5541      64.81    3.08762    35.0603    35.0962    27.2931    1488.54    1488.08 0.0000e+00
       9222    323.000     8.1875     8.1879   3.658719   3.662119     1.5534      56.74    3.09201    35.0604    35.0963    27.2932    1488.56    1488.08 0.0000e+00
       9246    324.000     8.1876     8.1881   3.658779   3.662185     1.5530      93.65    3.08546    35.0604    35.0963    27.2932    1488.58    1488.08 0.0000e+00
       9270    325.000     8.1877     8.1882   3.658837   3.662244     1.5521      86.04    3.08048    35.0605    35.0964    27.2933    1488.59    1488.09 0.0000e+00
       9294    326.000     8.1878     8.1882   3.658894   3.662299     1.5510      70.13    3.08820    35.0605    35.0965    27.2933    1488.61    1488.09 0.0000e+00
       9317    327.000     8.1879     8.1884   3.658956   3.662359     1.5511      95.19    3.08081    35.0606    35.0964    27.2933    1488.63    1488.09 0.0000e+00
       9341    328.000     8.1880     8.1885   3.659002   3.662401     1.5498      79.46    3.08299    35.0605    35.0963    27.2932    1488.65    1488.09 0.0000e+00
       9365    329.000     8.1881     8.1886   3.659079   3.662481     1.5502      98.96    3.08554    35.0607    35.0966    27.2934    1488.66    1488.09 0.0000e+00
       9389    330.000     8.1882     8.1887   3.659143   3.662550     1.5495      98.91    3.08205    35.0608    35.0967    27.2935    1488.68    1488.09 0.0000e+00
       9413    331.000     8.1883     8.1888   3.659196   3.662612     1.5494      98.64    3.08313    35.0608    35.0968    27.2935    1488.70    1488.10 0.0000e+00
       9436    332.000     8.1885     8.1889   3.659257   3.662663     1.5489      98.92    3.07953    35.0608    35.0968    27.2934    1488.71    1488.10 0.0000e+00
       9460    333.000     8.1886     8.1890   3.659323   3.662722     1.5483      92.71    3.07194    35.0609    35.0968    27.2935    1488.73    1488.10 0.0000e+00
       9484    334.000     8.1887     8.1891   3.659375   3.662781     1.5470      48.38    3.07879    35.0609    35.0969    27.2935    1488.75    1488.10 0.0000e+00
       9508    335.000     8.1887     8.1892   3.659446   3.662844     1.5476      99.50    3.08214    35.0612    35.0970    27.2937    1488.76    1488.10 0.0000e+00
       9531    336.000     8.1889     8.1894   3.659489   3.662895     1.5470      95.69    3.06989    35.0610    35.0968    27.2935    1488.78    1488.11 0.0000e+00
       9555    337.000     8.1890     8.1895   3.659548   3.662957     1.5458      60.81    3.07380    35.0610    35.0969    27.2935    1488.80    1488.11 0.0000e+00
       9579    338.000     8.1891     8.1896   3.659608   3.663019     1.5458      98.95    3.07496    35.0611    35.0970    27.2935    1488.82    1488.11 0.0000e+00
       9603    339.000     8.1892     8.1897   3.659676   3.663080     1.5454      98.42    3.06829    35.0612    35.0971    27.2936    1488.83    1488.11 0.0000e+00
       9627    340.000     8.1893     8.1897   3.659722   3.663136     1.5441      69.20    3.07371    35.0612    35.0972    27.2936    1488.85    1488.11 0.0000e+00
       9651    341.000     8.1894     8.1899   3.659779   3.663201     1.5447      98.72    3.06585    35.0612    35.0972    27.2936    1488.87    1488.12 0.0000e+00
       9674    342.000     8.1896     8.1899   3.659836   3.663252     1.5428      75.84    3.05747    35.0611    35.0973    27.2935    1488.88    1488.12 0.0000e+00
       9698    343.000     8.1896     8.1901   3.659899   3.663313     1.5418      34.58    3.06731    35.0613    35.0973    27.2936    1488.90    1488.12 0.0000e+00
       9722    344.000     8.1897     8.1902   3.659957   3.663366     1.5426      97.87    3.07317    35.0613    35.0972    27.2937    1488.92    1488.12 0.0000e+00
       9746    345.000     8.1898     8.1903   3.660020   3.663428     1.5423      85.20    3.06473    35.0614    35.0973    27.2937    1488.93    1488.13 0.0000e+00
       9770    346.000     8.1900     8.1905   3.660084   3.663495     1.5412      43.13    3.06799    35.0615    35.0974    27.2937    1488.95    1488.13 0.0000e+00
       9793    347.000     8.1901     8.1907   3.660144   3.663552     1.5426      98.52    3.07319    35.0615    35.0973    27.2937    1488.97    1488.13 0.0000e+00
       9817    348.000     8.1902     8.1907   3.660203   3.663615     1.5413      95.36    3.05694    35.0616    35.0975    27.2937    1488.98    1488.13 0.0000e+00
       9841    349.000     8.1904     8.1908   3.660270   3.663673     1.5405      98.72    3.05405    35.0616    35.0975    27.2937    1489.00    1488.13 0.0000e+00
       9865    350.000     8.1905     8.1909   3.660321   3.663739     1.5386      55.11    3.04781    35.0616    35.0977    27.2937    1489.02    1488.14 0.0000e+00
       9888    351.000     8.1906     8.1910   3.660376   3.663794     1.5383      98.47    3.05827    35.0616    35.0977    27.2937    1489.04    1488.14 0.0000e+00
       9912    352.000     8.1907     8.1911   3.660436   3.663851     1.5379      98.92    3.04979    35.0616    35.0977    27.2937    1489.05    1488.14 0.0000e+00
       9936    353.000     8.1907     8.1913   3.660501   3.663909     1.5361      65.86    3.04524    35.0619    35.0976    27.2939    1489.07    1488.15 0.0000e+00
       9960    354.000     8.1909     8.1914   3.660555   3.663977     1.5363      98.40    3.05514    35.0618    35.0978    27.2938    1489.09    1488.15 0.0000e+00
       9984    355.000     8.1911     8.1914   3.660617   3.664037     1.5356      98.92    3.04552    35.0617    35.0980    27.2937    1489.10    1488.15 0.0000e+00
      10007    356.000     8.1911     8.1916   3.660677   3.664070     1.5345      80.69    3.04337    35.0619    35.0976    27.2939    1489.12    1488.15 0.0000e+00
      10031    357.000     8.1913     8.1917   3.660733   3.664161     1.5344      98.23    3.04894    35.0618    35.0980    27.2938    1489.14    1488.16 0.0000e+00
      10055    358.000     8.1913     8.1918   3.660796   3.664208     1.5338      98.91    3.04251    35.0620    35.0979    27.2939    1489.15    1488.16 0.0000e+00
      10079    359.000     8.1915     8.1919   3.660848   3.664272     1.5326      54.99    3.04112    35.0619    35.0981    27.2938    1489.17    1488.16 0.0000e+00
      10103    360.000     8.1917     8.1921   3.660909   3.664313     1.5332      96.19    3.05331    35.0619    35.0978    27.2938    1489.19    1488.16 0.0000e+00
      10127    361.000     8.1917     8.1921   3.660964   3.664372     1.5330      98.93    3.04011    35.0620    35.0980    27.2938    1489.20    1488.17 0.0000e+00
      10150    362.000     8.1918     8.1923   3.661015   3.664440     1.5313      80.55    3.03279    35.0620    35.0980    27.2938    1489.22    1488.17 0.0000e+00
      10174    363.000     8.1919     8.1923   3.661077   3.664483     1.5310      56.68    3.03905    35.0620    35.0980    27.2939    1489.24    1488.17 0.0000e+00
      10198    364.000     8.1920     8.1924   3.661133   3.664542     1.5308      73.42    3.04862    35.0621    35.0980    27.2939    1489.26    1488.18 0.0000e+00
      10222    365.000     8.1921     8.1926   3.661173   3.664593     1.5312      98.97    3.04241    35.0619    35.0979    27.2937    1489.27    1488.18 0.0000e+00
      10245    366.000     8.1922     8.1927   3.661233   3.664656     1.5303      71.74    3.03400    35.0620    35.0980    27.2938    1489.29    1488.18 0.0000e+00
      10269    367.000     8.1922     8.1927   3.661291   3.664718     1.5302      79.24    3.04427    35.0621    35.0982    27.2939    1489.31    1488.19 0.0000e+00
      10293    368.000     8.1925     8.1929   3.661348   3.664768     1.5300      98.85    3.03770    35.0619    35.0981    27.2937    1489.32    1488.19 0.0000e+00
      10317    369.000     8.1925     8.1930   3.661403   3.664819     1.5292      87.75    3.03275    35.0621    35.0980    27.2938    1489.34    1488.19 0.0000e+00
      10341    370.000     8.1926     8.1930   3.661456   3.664872     1.5291      87.38    3.04554    35.0620    35.0981    27.2938    1489.36    1488.19 0.0000e+00
      10364    371.000     8.1926     8.1931   3.661511   3.664927     1.5296      98.82    3.04084    35.0622    35.0981    27.2938    1489.37    1488.20 0.0000e+00
      10388    372.000     8.1929     8.1933   3.661562   3.664979     1.5287      76.44    3.03192    35.0619    35.0980    27.2936    1489.39    1488.20 0.0000e+00
      10412    373.000     8.1929     8.1934   3.661624   3.665025     1.5284      73.08    3.03274    35.0621    35.0979    27.2938    1489.41    1488.20 0.0000e+00
      10436    374.000     8.1930     8.1935   3.661672   3.665082     1.5270      56.37    3.03140    35.0620    35.0979    27.2937    1489.42    1488.21 0.0000e+00
      10459    375.000     8.1931     8.1936   3.661721   3.665142     1.5278      82.90    3.05180    35.0620    35.0980    27.2936    1489.44    1488.21 0.0000e+00
      10483    376.000     8.1932     8.1936   3.661779   3.665192     1.5289      98.67    3.04565    35.0620    35.0981    27.2937    1489.46    1488.21 0.0000e+00
      10507    377.000     8.1933     8.1937   3.661831   3.665247     1.5287      93.27    3.04071    35.0620    35.0981    27.2936    1489.47    1488.22 0.0000e+00
      10531    378.000     8.1934     8.1938   3.661882   3.665297     1.5290      88.57    3.04756    35.0620    35.0980    27.2936    1489.49    1488.22 0.0000e+00
      10554    379.000     8.1935     8.1939   3.661941   3.665357     1.5288      77.55    3.04278    35.0620    35.0981    27.2936    1489.51    1488.22 0.0000e+00
      10578    380.000     8.1936     8.1940   3.661990   3.665418     1.5296      86.17    3.05778    35.0620    35.0982    27.2936    1489.53    1488.23 0.0000e+00
      10602    381.000     8.1936     8.1941   3.662053   3.665471     1.5306      93.89    3.05543    35.0622    35.0982    27.2937    1489.54    1488.23 0.0000e+00
      10626    382.000     8.1938     8.1941   3.662111   3.665520     1.5308      98.92    3.05062    35.0621    35.0982    27.2936    1489.56    1488.23 0.0000e+00
      10649    383.000     8.1939     8.1943   3.662163   3.665576     1.5307      98.86    3.04927    35.0621    35.0981    27.2936    1489.58    1488.24 0.0000e+00
      10673    384.000     8.1940     8.1944   3.662219   3.665643     1.5305      89.45    3.04334    35.0621    35.0983    27.2936    1489.59    1488.24 0.0000e+00
      10697    385.000     8.1940     8.1945   3.662271   3.665687     1.5295      45.20    3.04513    35.0622    35.0982    27.2937    1489.61    1488.25 0.0000e+00
      10721    386.000     8.1942     8.1945   3.662327   3.665741     1.5302      70.16    3.05360    35.0621    35.0983    27.2936    1489.63    1488.25 0.0000e+00
