_data/ctd/2014/sta0386_2014.cnv
* Sea-Bird SBE 9 Data File:
* FileName = C:\Seabird\CTDData\sta0386.hex
* Software Version Seasave V 7.21f
* Temperature SN = 1527
* Conductivity SN = 1827
* Number of Bytes Per Scan = 34
* Number of Voltage Words = 3
* Number of Scans Averaged by the Deck Unit = 1
* NMEA Latitude = 60 51.14 N
* NMEA Longitude = 005 21.06 E
* NMEA UTC (Time) = Oct 04 2014 15:40:04
* NMEA baud rate = 4800
** Ship: 10  F/F G.O. Sars
** Station: 386
** Echodepth: 403.79
** Log: 8708.577
** wind-dir Force: 17 15
** Air temp (dry): 20.1
** weather sky: 2 8
** sea ice: 3 0
# nquan = 15                                
# nvalues = 419                         
# units = specified
# name 0 = scan: Scan Count
# name 1 = prDM: Pressure, Digiquartz [db]
# name 2 = t068C: Temperature [ITS-68, deg C]
# name 3 = t168C: Temperature, 2 [ITS-68, deg C]
# name 4 = c0S/m: Conductivity [S/m]
# name 5 = c1S/m: Conductivity, 2 [S/m]
# name 6 = sbeox0V: Oxygen raw, SBE 43 [V]
# name 7 = altM: Altimeter [m]
# name 8 = sbeox0ML/L: Oxygen, SBE 43 [ml/l], WS = 2
# name 9 = sal00: Salinity, Practical [PSU]
# name 10 = sal11: Salinity, Practical, 2 [PSU]
# name 11 = sigma-t00: Density [sigma-t, Kg/m^3 ]
# name 12 = svCM: Sound Velocity [Chen-Millero, m/s]
# name 13 = avgsvCM: Average Sound Velocity [Chen-Millero, m/s], minP = 1, minS = 5
# name 14 = flag: flag
# span 0 =        393,      13230       
# span 1 =      2.000,    420.000       
# span 2 =     7.8872,    14.3671       
# span 3 =     7.8876,    14.3674       
# span 4 =   2.037578,   3.895276       
# span 5 =   2.092901,   3.899225       
# span 6 =     1.5184,     2.7102       
# span 7 =     -48.22,      99.64       
# span 8 =    3.00671,    6.28363       
# span 9 =    16.3856,    35.0628       
# span 10 =    16.8477,    35.0989      
# span 11 =    12.0884,    27.2939      
# span 12 =    1476.80,    1501.47      
# span 13 =    1476.80,    1498.78      
# span 14 = 0.0000e+00, 0.0000e+00      
# interval = decibars: 1                
# start_time = Oct 04 2014 15:40:07 [System UTC, header]
# bad_flag = -9.990e-29
*END*
[from data line 193]
       6141    195.000     8.1086     8.1090   3.640274   3.643616     1.7208      98.84    3.53799    35.0034    35.0388    27.2605    1486.09    1488.54 0.0000e+00
       6165    196.000     8.1090     8.1094   3.640362   3.643728     1.7203      87.89    3.52897    35.0034    35.0391    27.2604    1486.10    1488.53 0.0000e+00
       6189    197.000     8.1094     8.1099   3.640460   3.643841     1.7192      70.59    3.53401    35.0036    35.0393    27.2605    1486.12    1488.51 0.0000e+00
       6213    198.000     8.1101     8.1104   3.640602   3.643953     1.7191      99.08    3.53325    35.0040    35.0395    27.2607    1486.14    1488.50 0.0000e+00
       6237    199.000     8.1110     8.1113   3.640792   3.644132     1.7185      95.39    3.52834    35.0046    35.0401    27.2611    1486.16    1488.49 0.0000e+00
       6261    200.000     8.1114     8.1118   3.640889   3.644244     1.7179      89.46    3.53352    35.0048    35.0403    27.2611    1486.18    1488.48 0.0000e+00
       6285    201.000     8.1115     8.1120   3.640960   3.644325     1.7181      98.97    3.53021    35.0049    35.0405    27.2612    1486.20    1488.47 0.0000e+00
       6308    202.000     8.1113     8.1118   3.640945   3.644304     1.7170      98.92    3.52428    35.0045    35.0400    27.2609    1486.21    1488.46 0.0000e+00
       6332    203.000     8.1114     8.1119   3.641009   3.644388     1.7164      98.92    3.52093    35.0046    35.0403    27.2610    1486.23    1488.45 0.0000e+00
       6355    204.000     8.1117     8.1122   3.641093   3.644469     1.7148      98.92    3.51307    35.0047    35.0404    27.2610    1486.25    1488.43 0.0000e+00
       6379    205.000     8.1132     8.1133   3.641358   3.644679     1.7139      98.92    3.52122    35.0056    35.0410    27.2615    1486.27    1488.42 0.0000e+00
       6403    206.000     8.1140     8.1145   3.641506   3.644884     1.7140      98.92    3.52487    35.0059    35.0415    27.2616    1486.29    1488.41 0.0000e+00
       6426    207.000     8.1143     8.1149   3.641600   3.644972     1.7139      98.92    3.52365    35.0061    35.0416    27.2617    1486.31    1488.40 0.0000e+00
       6450    208.000     8.1153     8.1157   3.641780   3.645145     1.7135      98.92    3.51743    35.0065    35.0422    27.2619    1486.33    1488.39 0.0000e+00
       6474    209.000     8.1156     8.1161   3.641869   3.645221     1.7126      98.89    3.51193    35.0067    35.0421    27.2620    1486.35    1488.38 0.0000e+00
       6498    210.000     8.1158     8.1164   3.641928   3.645300     1.7115      36.03    3.51763    35.0067    35.0422    27.2619    1486.36    1488.37 0.0000e+00
       6522    211.000     8.1165     8.1170   3.642070   3.645425     1.7121      98.52    3.52051    35.0070    35.0424    27.2621    1486.38    1488.36 0.0000e+00
       6546    212.000     8.1181     8.1186   3.642359   3.645728     1.7114      98.91    3.50844    35.0080    35.0436    27.2627    1486.41    1488.36 0.0000e+00
       6570    213.000     8.1194     8.1198   3.642583   3.645951     1.7100      49.51    3.51478    35.0086    35.0443    27.2629    1486.43    1488.35 0.0000e+00
       6594    214.000     8.1202     8.1206   3.642749   3.646121     1.7108      99.47    3.51576    35.0091    35.0448    27.2632    1486.45    1488.34 0.0000e+00
       6618    215.000     8.1206     8.1211   3.642840   3.646216     1.7095      98.92    3.49713    35.0092    35.0449    27.2632    1486.47    1488.33 0.0000e+00
       6642    216.000     8.1207     8.1212   3.642908   3.646280     1.7071      61.24    3.49977    35.0094    35.0450    27.2633    1486.49    1488.32 0.0000e+00
       6666    217.000     8.1216     8.1219   3.643067   3.646431     1.7074      98.67    3.50279    35.0097    35.0454    27.2634    1486.51    1488.31 0.0000e+00
       6690    218.000     8.1225     8.1229   3.643234   3.646608     1.7059      98.92    3.48978    35.0101    35.0458    27.2636    1486.53    1488.30 0.0000e+00
       6714    219.000     8.1242     8.1247   3.643522   3.646903     1.7041      71.56    3.49636    35.0110    35.0467    27.2641    1486.55    1488.30 0.0000e+00
       6738    220.000     8.1255     8.1260   3.643768   3.647138     1.7048      99.26    3.50615    35.0119    35.0474    27.2646    1486.57    1488.29 0.0000e+00
       6762    221.000     8.1270     8.1274   3.644023   3.647383     1.7045      98.92    3.49356    35.0126    35.0482    27.2649    1486.60    1488.28 0.0000e+00
       6786    222.000     8.1287     8.1292   3.644317   3.647683     1.7030      82.01    3.48933    35.0136    35.0491    27.2654    1486.62    1488.27 0.0000e+00
       6810    223.000     8.1302     8.1306   3.644549   3.647902     1.7024      98.76    3.48691    35.0141    35.0496    27.2656    1486.64    1488.27 0.0000e+00
       6835    224.000     8.1307     8.1311   3.644665   3.648038     1.7009      98.92    3.47904    35.0143    35.0500    27.2657    1486.66    1488.26 0.0000e+00
       6860    225.000     8.1312     8.1317   3.644786   3.648150     1.6996      91.04    3.48041    35.0147    35.0502    27.2659    1486.68    1488.25 0.0000e+00
       6884    226.000     8.1321     8.1326   3.644938   3.648324     1.6987      98.86    3.47976    35.0149    35.0506    27.2659    1486.70    1488.24 0.0000e+00
       6908    227.000     8.1342     8.1347   3.645276   3.648653     1.6978      98.92    3.47577    35.0159    35.0516    27.2664    1486.73    1488.24 0.0000e+00
       6932    228.000     8.1352     8.1355   3.645450   3.648804     1.6969      98.92    3.47238    35.0163    35.0519    27.2666    1486.75    1488.23 0.0000e+00
       6956    229.000     8.1365     8.1369   3.645682   3.649057     1.6957      98.92    3.46864    35.0170    35.0527    27.2669    1486.77    1488.22 0.0000e+00
       6980    230.000     8.1379     8.1385   3.645913   3.649310     1.6946      98.92    3.46717    35.0176    35.0534    27.2672    1486.79    1488.22 0.0000e+00
       7004    231.000     8.1383     8.1388   3.646004   3.649376     1.6935      98.92    3.45949    35.0177    35.0533    27.2672    1486.81    1488.21 0.0000e+00
       7028    232.000     8.1383     8.1389   3.646041   3.649439     1.6918      42.90    3.45961    35.0176    35.0534    27.2671    1486.82    1488.21 0.0000e+00
       7052    233.000     8.1389     8.1394   3.646179   3.649545     1.6916      98.54    3.46526    35.0180    35.0535    27.2674    1486.84    1488.20 0.0000e+00
       7076    234.000     8.1411     8.1415   3.646511   3.649879     1.6909      98.92    3.45621    35.0189    35.0545    27.2677    1486.87    1488.19 0.0000e+00
       7100    235.000     8.1450     8.1454   3.647035   3.650400     1.6891      62.33    3.45246    35.0201    35.0557    27.2681    1486.90    1488.19 0.0000e+00
       7124    236.000     8.1469     8.1474   3.647304   3.650691     1.6893      99.02    3.46152    35.0206    35.0564    27.2682    1486.93    1488.18 0.0000e+00
       7148    237.000     8.1510     8.1513   3.647845   3.651216     1.6885      98.92    3.44571    35.0219    35.0576    27.2685    1486.96    1488.18 0.0000e+00
       7172    238.000     8.1591     8.1596   3.648839   3.652233     1.6861      70.61    3.44510    35.0239    35.0597    27.2689    1487.01    1488.17 0.0000e+00
       7196    239.000     8.1612     8.1617   3.649128   3.652505     1.6870      99.22    3.46107    35.0244    35.0600    27.2690    1487.03    1488.17 0.0000e+00
       7220    240.000     8.1625     8.1629   3.649336   3.652706     1.6871      98.92    3.45470    35.0249    35.0605    27.2692    1487.06    1488.16 0.0000e+00
       7244    241.000     8.1626     8.1633   3.649411   3.652800     1.6863      82.24    3.45372    35.0251    35.0606    27.2693    1487.07    1488.16 0.0000e+00
       7268    242.000     8.1626     8.1628   3.649490   3.652854     1.6867      98.76    3.45539    35.0255    35.0612    27.2696    1487.09    1488.16 0.0000e+00
       7292    243.000     8.1669     8.1671   3.650057   3.653404     1.6861      98.92    3.44866    35.0268    35.0623    27.2700    1487.12    1488.15 0.0000e+00
       7317    244.000     8.1682     8.1687   3.650272   3.653662     1.6855      91.12    3.45371    35.0273    35.0630    27.2702    1487.15    1488.15 0.0000e+00
       7341    245.000     8.1712     8.1716   3.650685   3.654071     1.6859      98.80    3.45748    35.0282    35.0640    27.2705    1487.18    1488.14 0.0000e+00
       7365    246.000     8.1725     8.1730   3.650914   3.654297     1.6859      98.36    3.45451    35.0289    35.0646    27.2708    1487.20    1488.14 0.0000e+00
       7389    247.000     8.1737     8.1742   3.651143   3.654527     1.6858      98.92    3.45246    35.0297    35.0653    27.2712    1487.22    1488.14 0.0000e+00
       7414    248.000     8.1747     8.1752   3.651333   3.654736     1.6853      98.92    3.44977    35.0302    35.0661    27.2715    1487.24    1488.13 0.0000e+00
       7438    249.000     8.1758     8.1763   3.651539   3.654925     1.6848      98.92    3.44710    35.0308    35.0665    27.2718    1487.26    1488.13 0.0000e+00
       7462    250.000     8.1766     8.1771   3.651710   3.655094     1.6841      98.92    3.44419    35.0314    35.0671    27.2721    1487.28    1488.13 0.0000e+00
       7487    251.000     8.1769     8.1774   3.651826   3.655209     1.6834      98.92    3.44488    35.0319    35.0675    27.2724    1487.30    1488.12 0.0000e+00
       7511    252.000     8.1747     8.1749   3.651721   3.655070     1.6828      98.92    3.44431    35.0324    35.0680    27.2732    1487.31    1488.12 0.0000e+00
       7535    253.000     8.1737     8.1742   3.651687   3.655051     1.6825      98.92    3.44094    35.0326    35.0680    27.2735    1487.32    1488.12 0.0000e+00
       7560    254.000     8.1731     8.1735   3.651665   3.655043     1.6814      98.92    3.43518    35.0325    35.0682    27.2735    1487.34    1488.11 0.0000e+00
       7584    255.000     8.1730     8.1735   3.651716   3.655110     1.6803      98.92    3.43157    35.0326    35.0684    27.2737    1487.35    1488.11 0.0000e+00
       7609    256.000     8.1720     8.1724   3.651667   3.655057     1.6792      98.92    3.42500    35.0326    35.0685    27.2738    1487.37    1488.11 0.0000e+00
       7633    257.000     8.1711     8.1715   3.651655   3.655038     1.6769      68.22    3.41789    35.0329    35.0687    27.2742    1487.38    1488.10 0.0000e+00
       7657    258.000     8.1704     8.1709   3.651660   3.655054     1.6765      93.17    3.42338    35.0332    35.0690    27.2745    1487.39    1488.10 0.0000e+00
       7681    259.000     8.1684     8.1688   3.651562   3.654939     1.6741      62.77    3.40279    35.0337    35.0694    27.2751    1487.40    1488.10 0.0000e+00
       7705    260.000     8.1701     8.1707   3.651974   3.655367     1.6720      90.26    3.39546    35.0359    35.0715    27.2766    1487.43    1488.10 0.0000e+00
       7730    261.000     8.1734     8.1738   3.652546   3.655932     1.6690      97.36    3.38477    35.0382    35.0740    27.2780    1487.46    1488.09 0.0000e+00
       7754    262.000     8.1736     8.1741   3.652619   3.656004     1.6666      90.84    3.38480    35.0383    35.0740    27.2780    1487.48    1488.09 0.0000e+00
       7778    263.000     8.1769     8.1772   3.653114   3.656507     1.6646      98.78    3.37679    35.0398    35.0758    27.2787    1487.51    1488.09 0.0000e+00
       7802    264.000     8.1805     8.1810   3.653661   3.657047     1.6621      98.92    3.37354    35.0416    35.0773    27.2796    1487.54    1488.09 0.0000e+00
       7826    265.000     8.1814     8.1819   3.653843   3.657232     1.6607      98.92    3.38017    35.0422    35.0779    27.2799    1487.56    1488.08 0.0000e+00
       7850    266.000     8.1815     8.1820   3.653941   3.657332     1.6604      98.92    3.39176    35.0427    35.0784    27.2802    1487.58    1488.08 0.0000e+00
       7874    267.000     8.1813     8.1818   3.653983   3.657376     1.6613      98.92    3.39618    35.0428    35.0786    27.2804    1487.59    1488.08 0.0000e+00
       7899    268.000     8.1809     8.1813   3.654003   3.657400     1.6609      61.57    3.38416    35.0430    35.0788    27.2805    1487.61    1488.08 0.0000e+00
       7923    269.000     8.1804     8.1810   3.654048   3.657440     1.6605      77.95    3.38293    35.0435    35.0791    27.2810    1487.62    1488.08 0.0000e+00
       7947    270.000     8.1804     8.1809   3.654118   3.657502     1.6588      49.34    3.36965    35.0437    35.0794    27.2812    1487.64    1488.08 0.0000e+00
       7971    271.000     8.1793     8.1801   3.654081   3.657491     1.6581      96.49    3.37019    35.0439    35.0796    27.2816    1487.65    1488.07 0.0000e+00
       7995    272.000     8.1787     8.1793   3.654078   3.657477     1.6556      98.91    3.34793    35.0440    35.0797    27.2817    1487.67    1488.07 0.0000e+00
       8020    273.000     8.1784     8.1789   3.654240   3.657638     1.6522      72.53    3.34064    35.0456    35.0814    27.2830    1487.69    1488.07 0.0000e+00
       8044    274.000     8.1790     8.1794   3.654440   3.657831     1.6504      87.86    3.33900    35.0466    35.0825    27.2837    1487.71    1488.07 0.0000e+00
       8068    275.000     8.1795     8.1800   3.654614   3.658010     1.6474      94.83    3.31539    35.0475    35.0833    27.2843    1487.72    1488.07 0.0000e+00
       8093    276.000     8.1806     8.1811   3.654922   3.658313     1.6425      88.19    3.29746    35.0492    35.0850    27.2855    1487.75    1488.07 0.0000e+00
       8117    277.000     8.1816     8.1820   3.655215   3.658604     1.6390      95.12    3.29200    35.0509    35.0867    27.2867    1487.77    1488.07 0.0000e+00
       8141    278.000     8.1819     8.1824   3.655331   3.658708     1.6348      96.96    3.27676    35.0513    35.0869    27.2870    1487.79    1488.07 0.0000e+00
       8165    279.000     8.1821     8.1825   3.655394   3.658782     1.6306      98.50    3.26445    35.0513    35.0871    27.2869    1487.80    1488.06 0.0000e+00
       8189    280.000     8.1822     8.1826   3.655467   3.658857     1.6265      98.92    3.25421    35.0515    35.0874    27.2871    1487.82    1488.06 0.0000e+00
       8214    281.000     8.1823     8.1827   3.655531   3.658936     1.6225      98.92    3.24773    35.0516    35.0876    27.2872    1487.84    1488.06 0.0000e+00
       8238    282.000     8.1825     8.1829   3.655601   3.658989     1.6195      98.92    3.24647    35.0517    35.0875    27.2872    1487.86    1488.06 0.0000e+00
       8262    283.000     8.1827     8.1830   3.655709   3.659095     1.6167      98.93    3.24069    35.0522    35.0881    27.2875    1487.87    1488.06 0.0000e+00
       8286    284.000     8.1828     8.1834   3.655831   3.659233     1.6145      98.92    3.24291    35.0529    35.0886    27.2881    1487.89    1488.06 0.0000e+00
       8310    285.000     8.1831     8.1835   3.655952   3.659350     1.6130      98.92    3.23975    35.0534    35.0893    27.2884    1487.91    1488.06 0.0000e+00
       8334    286.000     8.1832     8.1837   3.656112   3.659509     1.6111      98.92    3.23045    35.0545    35.0903    27.2893    1487.93    1488.06 0.0000e+00
       8359    287.000     8.1833     8.1838   3.656238   3.659641     1.6088      98.92    3.21585    35.0553    35.0912    27.2899    1487.95    1488.06 0.0000e+00
       8383    288.000     8.1834     8.1839   3.656336   3.659751     1.6053      98.92    3.19652    35.0558    35.0918    27.2902    1487.96    1488.06 0.0000e+00
       8407    289.000     8.1835     8.1840   3.656406   3.659808     1.6010      98.92    3.18039    35.0559    35.0918    27.2904    1487.98    1488.06 0.0000e+00
       8431    290.000     8.1835     8.1840   3.656491   3.659889     1.5967      98.92    3.16819    35.0564    35.0922    27.2907    1488.00    1488.06 0.0000e+00
