_data/ctd/2014/sta0388_2014.cnv
* Sea-Bird SBE 9 Data File:
* FileName = C:\Seabird\CTDData\sta0388.hex
* Software Version Seasave V 7.21f
* Temperature SN = 1527
* Conductivity SN = 1827
* Number of Bytes Per Scan = 34
* Number of Voltage Words = 3
* Number of Scans Averaged by the Deck Unit = 1
* NMEA Latitude = 60 52.40 N
* NMEA Longitude = 005 23.08 E
* NMEA UTC (Time) = Oct 05 2014 13:05:07
* NMEA baud rate = 4800
** Ship: 10  F/F G.O. Sars
** Station: 388
** Echodepth: 451.74
** Log: 8745.304
** wind-dir Force: 13 03
** Air temp (dry): 17
** weather sky: 2 8
** sea ice: 3 0
# nquan = 15                                
# nvalues = 453                         
# units = specified
# name 0 = scan: Scan Count
# name 1 = prDM: Pressure, Digiquartz [db]
# name 2 = t068C: Temperature [ITS-68, deg C]
# name 3 = t168C: Temperature, 2 [ITS-68, deg C]
# name 4 = c0S/m: Conductivity [S/m]
# name 5 = c1S/m: Conductivity, 2 [S/m]
# name 6 = sbeox0V: Oxygen raw, SBE 43 [V]
# name 7 = altM: Altimeter [m]
# name 8 = sbeox0ML/L: Oxygen, SBE 43 [ml/l], WS = 2
# name 9 = sal00: Salinity, Practical [PSU]
# name 10 = sal11: Salinity, Practical, 2 [PSU]
# name 11 = sigma-t00: Density [sigma-t, Kg/m^3 ]
# name 12 = svCM: Sound Velocity [Chen-Millero, m/s]
# name 13 = avgsvCM: Average Sound Velocity [Chen-Millero, m/s], minP = 1, minS = 5
# name 14 = flag: flag
# span 0 =        625,      12450       
# span 1 =      4.000,    456.000       
# span 2 =     7.9114,    14.6151       
# span 3 =     7.9120,    14.6153       
# span 4 =   3.567481,   3.886621       
# span 5 =   3.565718,   3.889347       
# span 6 =     1.5458,     2.5961       
# span 7 =      12.93,     102.82       
# span 8 =    3.11347,    5.41455       
# span 9 =    28.9700,    35.0769       
# span 10 =    28.9576,    35.1031      
# span 11 =    21.4635,    27.3045      
# span 12 =    1483.25,    1501.49      
# span 13 =    1488.20,    1500.50      
# span 14 = 0.0000e+00, 0.0000e+00      
# interval = decibars: 1                
# start_time = Oct 05 2014 13:05:11 [System UTC, header]
# bad_flag = -9.990e-29
*END*
[from data line 97]
       2991    101.000     7.9345     7.9348   3.604096   3.606509     2.0049      98.92    4.38158    34.8343    34.8600    27.1538    1483.67    1492.18 0.0000e+00
       3015    102.000     7.9375     7.9381   3.605031   3.607454     2.0084      98.92    4.36428    34.8409    34.8664    27.1586    1483.71    1492.10 0.0000e+00
       3038    103.000     7.9265     7.9270   3.604810   3.607232     2.0077      98.92    4.32962    34.8490    34.8746    27.1666    1483.70    1492.02 0.0000e+00
       3062    104.000     7.9209     7.9215   3.604675   3.607103     2.0040      73.94    4.30358    34.8526    34.8782    27.1703    1483.70    1491.94 0.0000e+00
       3086    105.000     7.9183     7.9187   3.604820   3.607244     2.0014      78.98    4.32752    34.8563    34.8820    27.1735    1483.71    1491.86 0.0000e+00
       3110    106.000     7.9222     7.9225   3.606026   3.608444     2.0016      99.21    4.33783    34.8649    34.8906    27.1797    1483.75    1491.78 0.0000e+00
       3134    107.000     7.9254     7.9257   3.607065   3.609464     2.0024      91.42    4.34509    34.8724    34.8979    27.1851    1483.79    1491.71 0.0000e+00
       3158    108.000     7.9274     7.9276   3.607784   3.610194     2.0036      91.59    4.35079    34.8777    34.9034    27.1889    1483.82    1491.63 0.0000e+00
       3181    109.000     7.9290     7.9293   3.608190   3.610602     2.0040      98.51    4.34062    34.8799    34.9056    27.1905    1483.84    1491.56 0.0000e+00
       3205    110.000     7.9278     7.9281   3.608317   3.610696     2.0033      98.55    4.32897    34.8820    34.9073    27.1923    1483.86    1491.49 0.0000e+00
       3229    111.000     7.9313     7.9316   3.609222   3.611622     2.0018      98.93    4.32460    34.8878    34.9133    27.1963    1483.89    1491.42 0.0000e+00
       3253    112.000     7.9327     7.9329   3.609841   3.612226     2.0010      98.92    4.32506    34.8926    34.9180    27.1999    1483.92    1491.35 0.0000e+00
       3277    113.000     7.9360     7.9378   3.610562   3.613172     1.9998      98.92    4.31762    34.8965    34.9228    27.2025    1483.95    1491.29 0.0000e+00
       3300    114.000     7.9358     7.9372   3.610738   3.613253     1.9983      98.92    4.31355    34.8981    34.9238    27.2038    1483.97    1491.22 0.0000e+00
       3324    115.000     7.9365     7.9368   3.611061   3.613438     1.9971      98.92    4.31385    34.9004    34.9257    27.2055    1483.99    1491.16 0.0000e+00
       3348    116.000     7.9392     7.9384   3.611621   3.613884     1.9961      89.43    4.30929    34.9033    34.9284    27.2073    1484.02    1491.10 0.0000e+00
       3372    117.000     7.9365     7.9370   3.611606   3.614006     1.9952      58.18    4.32364    34.9053    34.9306    27.2093    1484.03    1491.04 0.0000e+00
       3396    118.000     7.9340     7.9353   3.611553   3.613989     1.9962      99.42    4.32646    34.9068    34.9317    27.2108    1484.04    1490.98 0.0000e+00
       3420    119.000     7.9227     7.9239   3.610625   3.613048     1.9962      97.50    4.32009    34.9076    34.9324    27.2131    1484.02    1490.92 0.0000e+00
       3443    120.000     7.9267     7.9266   3.611677   3.613999     1.9955      80.34    4.33141    34.9144    34.9395    27.2179    1484.06    1490.86 0.0000e+00
       3467    121.000     7.9321     7.9312   3.612639   3.614853     1.9977      98.61    4.34802    34.9189    34.9436    27.2206    1484.10    1490.81 0.0000e+00
       3491    122.000     7.9332     7.9334   3.612879   3.615247     1.9996      98.55    4.35256    34.9199    34.9451    27.2212    1484.12    1490.75 0.0000e+00
       3515    123.000     7.9322     7.9337   3.613005   3.615469     2.0011      98.93    4.34518    34.9217    34.9468    27.2229    1484.14    1490.70 0.0000e+00
       3539    124.000     7.9419     7.9406   3.614729   3.616892     2.0008      98.92    4.33468    34.9301    34.9547    27.2280    1484.20    1490.65 0.0000e+00
       3563    125.000     7.9438     7.9444   3.615114   3.617510     2.0005      98.92    4.33155    34.9319    34.9570    27.2291    1484.23    1490.59 0.0000e+00
       3586    126.000     7.9482     7.9482   3.615858   3.618221     1.9992      98.92    4.31405    34.9350    34.9604    27.2309    1484.26    1490.54 0.0000e+00
       3610    127.000     7.9573     7.9575   3.617252   3.619625     1.9967      98.92    4.30257    34.9404    34.9657    27.2338    1484.32    1490.49 0.0000e+00
       3634    128.000     7.9596     7.9598   3.617645   3.620002     1.9944      98.92    4.28689    34.9418    34.9670    27.2346    1484.35    1490.45 0.0000e+00
       3658    129.000     7.9650     7.9652   3.618489   3.620862     1.9896      47.72    4.26198    34.9450    34.9703    27.2363    1484.39    1490.40 0.0000e+00
       3682    130.000     7.9769     7.9771   3.620191   3.622575     1.9855      98.87    4.24913    34.9510    34.9764    27.2391    1484.46    1490.35 0.0000e+00
       3706    131.000     7.9846     7.9851   3.621224   3.623624     1.9807      98.92    4.22806    34.9539    34.9792    27.2403    1484.51    1490.31 0.0000e+00
       3729    132.000     7.9852     7.9858   3.621344   3.623760     1.9746      77.75    4.19545    34.9541    34.9794    27.2403    1484.52    1490.26 0.0000e+00
       3753    133.000     7.9862     7.9866   3.621555   3.623949     1.9671      98.77    4.15803    34.9549    34.9802    27.2408    1484.55    1490.22 0.0000e+00
       3777    134.000     7.9876     7.9878   3.621792   3.624172     1.9580      98.92    4.13668    34.9555    34.9809    27.2411    1484.57    1490.18 0.0000e+00
       3801    135.000     8.0025     8.0024   3.623847   3.626259     1.9510      98.39    4.13584    34.9622    34.9882    27.2441    1484.65    1490.14 0.0000e+00
       3825    136.000     8.0240     8.0246   3.626722   3.629204     1.9464      98.93    4.13622    34.9711    34.9972    27.2479    1484.76    1490.10 0.0000e+00
       3849    137.000     8.0293     8.0316   3.627478   3.630133     1.9417      98.92    4.09603    34.9735    34.9997    27.2489    1484.80    1490.06 0.0000e+00
       3873    138.000     8.0335     8.0350   3.628070   3.630600     1.9320      98.92    4.01920    34.9752    35.0008    27.2496    1484.83    1490.02 0.0000e+00
       3896    139.000     8.0398     8.0396   3.628877   3.631195     1.9181      98.92    3.96227    34.9770    35.0021    27.2502    1484.87    1489.98 0.0000e+00
       3920    140.000     8.0391     8.0411   3.628840   3.631422     1.9049      98.92    3.93699    34.9769    35.0026    27.2501    1484.89    1489.95 0.0000e+00
       3944    141.000     8.0406     8.0415   3.629163   3.631611     1.8929      98.92    3.91217    34.9783    35.0037    27.2511    1484.91    1489.91 0.0000e+00
       3968    142.000     8.0540     8.0546   3.630856   3.633309     1.8820      64.23    3.89931    34.9826    35.0084    27.2524    1484.98    1489.88 0.0000e+00
       3992    143.000     8.0687     8.0692   3.632597   3.635003     1.8746      87.91    3.90066    34.9861    35.0115    27.2530    1485.06    1489.84 0.0000e+00
       4016    144.000     8.0775     8.0779   3.633699   3.636100     1.8671      99.03    3.85935    34.9887    35.0140    27.2536    1485.11    1489.81 0.0000e+00
       4040    145.000     8.0801     8.0805   3.634093   3.636494     1.8564      84.52    3.80172    34.9898    35.0152    27.2541    1485.14    1489.78 0.0000e+00
       4064    146.000     8.0841     8.0844   3.634643   3.637025     1.8445      93.67    3.76976    34.9913    35.0165    27.2546    1485.17    1489.75 0.0000e+00
       4087    147.000     8.0843     8.0844   3.634708   3.637055     1.8332      98.69    3.74336    34.9913    35.0163    27.2546    1485.19    1489.72 0.0000e+00
       4111    148.000     8.0907     8.0908   3.635551   3.637936     1.8230      98.84    3.73148    34.9934    35.0189    27.2554    1485.23    1489.68 0.0000e+00
       4135    149.000     8.0956     8.0959   3.636201   3.638580     1.8154      98.92    3.72721    34.9950    35.0202    27.2559    1485.27    1489.66 0.0000e+00
       4158    150.000     8.0956     8.0959   3.636251   3.638623     1.8083      98.92    3.70117    34.9951    35.0202    27.2559    1485.29    1489.63 0.0000e+00
       4182    151.000     8.0932     8.0938   3.636153   3.638579     1.7999      98.92    3.66974    34.9959    35.0213    27.2569    1485.30    1489.60 0.0000e+00
       4206    152.000     8.1016     8.1020   3.637163   3.639561     1.7916      98.92    3.65934    34.9979    35.0232    27.2572    1485.35    1489.57 0.0000e+00
       4230    153.000     8.1017     8.1035   3.637228   3.639792     1.7858      98.92    3.65992    34.9980    35.0237    27.2573    1485.36    1489.54 0.0000e+00
       4254    154.000     8.1139     8.1153   3.638824   3.641342     1.7804      81.62    3.63548    35.0024    35.0280    27.2589    1485.43    1489.51 0.0000e+00
       4278    155.000     8.1183     8.1190   3.639351   3.641784     1.7742      66.04    3.61981    35.0032    35.0286    27.2588    1485.46    1489.49 0.0000e+00
       4301    156.000     8.1237     8.1243   3.640038   3.642464     1.7673      98.68    3.56476    35.0047    35.0301    27.2592    1485.50    1489.46 0.0000e+00
       4325    157.000     8.1234     8.1238   3.640085   3.642478     1.7555      93.17    3.50428    35.0050    35.0302    27.2595    1485.52    1489.44 0.0000e+00
       4349    158.000     8.1226     8.1230   3.640091   3.642468     1.7435      83.81    3.49164    35.0054    35.0304    27.2599    1485.53    1489.41 0.0000e+00
       4373    159.000     8.1218     8.1221   3.640078   3.642476     1.7351      99.15    3.49835    35.0056    35.0309    27.2602    1485.55    1489.39 0.0000e+00
       4397    160.000     8.1235     8.1237   3.640313   3.642698     1.7299      98.92    3.51218    35.0059    35.0312    27.2602    1485.57    1489.36 0.0000e+00
       4420    161.000     8.1226     8.1227   3.640304   3.642675     1.7271      98.92    3.52514    35.0062    35.0315    27.2606    1485.58    1489.34 0.0000e+00
       4444    162.000     8.1250     8.1252   3.640651   3.643034     1.7261      98.92    3.53186    35.0070    35.0324    27.2608    1485.61    1489.32 0.0000e+00
       4468    163.000     8.1275     8.1277   3.641011   3.643395     1.7255      98.92    3.52965    35.0079    35.0333    27.2612    1485.64    1489.30 0.0000e+00
       4492    164.000     8.1287     8.1290   3.641211   3.643594     1.7242      98.92    3.52259    35.0084    35.0336    27.2613    1485.66    1489.27 0.0000e+00
       4516    165.000     8.1292     8.1295   3.641324   3.643728     1.7231      98.92    3.51849    35.0086    35.0340    27.2614    1485.68    1489.25 0.0000e+00
       4539    166.000     8.1294     8.1297   3.641436   3.643832     1.7214      98.92    3.50840    35.0091    35.0345    27.2618    1485.69    1489.23 0.0000e+00
       4563    167.000     8.1275     8.1277   3.641343   3.643732     1.7193      98.79    3.49886    35.0095    35.0349    27.2624    1485.70    1489.21 0.0000e+00
       4587    168.000     8.1283     8.1287   3.641554   3.643963     1.7168      52.15    3.50454    35.0105    35.0359    27.2631    1485.73    1489.19 0.0000e+00
       4611    169.000     8.1296     8.1299   3.641751   3.644148     1.7172      99.11    3.51965    35.0108    35.0362    27.2631    1485.75    1489.17 0.0000e+00
       4634    170.000     8.1293     8.1296   3.641796   3.644184     1.7170      98.92    3.50142    35.0111    35.0364    27.2634    1485.76    1489.15 0.0000e+00
       4658    171.000     8.1303     8.1307   3.642035   3.644437     1.7144      80.17    3.49610    35.0122    35.0375    27.2641    1485.78    1489.13 0.0000e+00
       4682    172.000     8.1308     8.1309   3.642209   3.644558     1.7144      98.59    3.51348    35.0131    35.0381    27.2647    1485.80    1489.11 0.0000e+00
       4706    173.000     8.1302     8.1305   3.642241   3.644631     1.7151      98.22    3.51743    35.0136    35.0388    27.2652    1485.82    1489.09 0.0000e+00
       4730    174.000     8.1283     8.1287   3.642136   3.644524     1.7153      98.92    3.50513    35.0138    35.0390    27.2657    1485.83    1489.07 0.0000e+00
       4754    175.000     8.1263     8.1268   3.642023   3.644404     1.7135      98.92    3.48999    35.0141    35.0391    27.2662    1485.84    1489.05 0.0000e+00
       4778    176.000     8.1251     8.1256   3.641957   3.644352     1.7120      98.93    3.50256    35.0141    35.0393    27.2664    1485.85    1489.03 0.0000e+00
       4801    177.000     8.1278     8.1282   3.642350   3.644749     1.7127      98.92    3.51689    35.0152    35.0405    27.2668    1485.88    1489.02 0.0000e+00
       4825    178.000     8.1336     8.1340   3.643091   3.645484     1.7141      98.92    3.52486    35.0168    35.0421    27.2672    1485.92    1489.00 0.0000e+00
       4849    179.000     8.1239     8.1246   3.642103   3.644508     1.7153      98.93    3.51866    35.0155    35.0405    27.2676    1485.90    1488.98 0.0000e+00
       4872    180.000     8.1166     8.1172   3.641370   3.643787     1.7144      56.29    3.50818    35.0144    35.0397    27.2679    1485.88    1488.96 0.0000e+00
       4896    181.000     8.1155     8.1159   3.641322   3.643718     1.7148      93.52    3.52377    35.0145    35.0398    27.2681    1485.90    1488.95 0.0000e+00
       4920    182.000     8.1157     8.1160   3.641385   3.643770     1.7157      98.91    3.52866    35.0145    35.0397    27.2681    1485.91    1488.93 0.0000e+00
       4944    183.000     8.1158     8.1161   3.641442   3.643836     1.7166      66.32    3.53459    35.0145    35.0399    27.2681    1485.93    1488.91 0.0000e+00
       4968    184.000     8.1163     8.1165   3.641557   3.643940     1.7188      92.45    3.54796    35.0148    35.0401    27.2682    1485.95    1488.90 0.0000e+00
       4991    185.000     8.1142     8.1147   3.641419   3.643822     1.7199      98.86    3.53558    35.0149    35.0401    27.2687    1485.96    1488.88 0.0000e+00
       5015    186.000     8.1122     8.1126   3.641293   3.643679     1.7194      76.83    3.52707    35.0151    35.0402    27.2691    1485.97    1488.87 0.0000e+00
       5039    187.000     8.1120     8.1122   3.641321   3.643707     1.7193      92.59    3.52541    35.0151    35.0404    27.2691    1485.98    1488.85 0.0000e+00
       5063    188.000     8.1119     8.1123   3.641392   3.643785     1.7177      98.96    3.51684    35.0155    35.0407    27.2694    1486.00    1488.84 0.0000e+00
       5087    189.000     8.1126     8.1130   3.641541   3.643936     1.7173      86.83    3.53091    35.0159    35.0411    27.2697    1486.02    1488.82 0.0000e+00
       5111    190.000     8.1130     8.1133   3.641652   3.644045     1.7187      95.97    3.54543    35.0162    35.0415    27.2698    1486.04    1488.81 0.0000e+00
       5135    191.000     8.1122     8.1126   3.641633   3.644029     1.7200      98.88    3.54396    35.0163    35.0415    27.2700    1486.05    1488.79 0.0000e+00
       5160    192.000     8.1120     8.1123   3.641666   3.644052     1.7201      94.56    3.53506    35.0164    35.0416    27.2701    1486.07    1488.78 0.0000e+00
       5184    193.000     8.1113     8.1118   3.641657   3.644056     1.7200      97.79    3.53619    35.0165    35.0417    27.2703    1486.08    1488.76 0.0000e+00
       5208    194.000     8.1116     8.1120   3.641756   3.644151     1.7198      98.88    3.53678    35.0168    35.0420    27.2705    1486.10    1488.75 0.0000e+00
       5232    195.000     8.1120     8.1125   3.641863   3.644252     1.7201      98.92    3.53658    35.0170    35.0421    27.2706    1486.12    1488.74 0.0000e+00
