_data/ctd/2014/sta0390_2014.cnv
* Sea-Bird SBE 9 Data File:
* FileName = C:\Seabird\CTDData\sta0390.hex
* Software Version Seasave V 7.21f
* Temperature SN = 1527
* Conductivity SN = 1827
* Number of Bytes Per Scan = 34
* Number of Voltage Words = 3
* Number of Scans Averaged by the Deck Unit = 1
* NMEA Latitude = 60 52.38 N
* NMEA Longitude = 005 23.06 E
* NMEA UTC (Time) = Oct 06 2014 03:39:44
* NMEA baud rate = 4800
** Ship: 10  F/F G.O. Sars
** Station: 390
** Echodepth: 450.16
** Log: 8756.437
** wind-dir Force: 77 22
** Air temp (dry): 15
** weather sky: 2 8
** sea ice: 3 0
# nquan = 15                                
# nvalues = 453                         
# units = specified
# name 0 = scan: Scan Count
# name 1 = prDM: Pressure, Digiquartz [db]
# name 2 = t068C: Temperature [ITS-68, deg C]
# name 3 = t168C: Temperature, 2 [ITS-68, deg C]
# name 4 = c0S/m: Conductivity [S/m]
# name 5 = c1S/m: Conductivity, 2 [S/m]
# name 6 = sbeox0V: Oxygen raw, SBE 43 [V]
# name 7 = altM: Altimeter [m]
# name 8 = sbeox0ML/L: Oxygen, SBE 43 [ml/l], WS = 2
# name 9 = sal00: Salinity, Practical [PSU]
# name 10 = sal11: Salinity, Practical, 2 [PSU]
# name 11 = sigma-t00: Density [sigma-t, Kg/m^3 ]
# name 12 = svCM: Sound Velocity [Chen-Millero, m/s]
# name 13 = avgsvCM: Average Sound Velocity [Chen-Millero, m/s], minP = 1, minS = 5
# name 14 = flag: flag
# span 0 =        446,      12294       
# span 1 =      3.000,    455.000       
# span 2 =     7.9120,    14.5273       
# span 3 =     7.9124,    14.5268       
# span 4 =   2.208592,   3.892121       
# span 5 =   2.236918,   3.894736       
# span 6 =     1.5391,     2.7121       
# span 7 =       9.41,      99.52       
# span 8 =    3.07587,    6.17027       
# span 9 =    17.9209,    35.0771       
# span 10 =    18.1530,    35.1021      
# span 11 =    13.2816,    27.3045      
# span 12 =    1478.42,    1501.46      
# span 13 =    1478.42,    1498.73      
# span 14 = 0.0000e+00, 0.0000e+00      
# interval = decibars: 1                
# start_time = Oct 06 2014 03:39:47 [System UTC, header]
# bad_flag = -9.990e-29
*END*
[from data line 193]
       5105    196.000     8.1169     8.1167   3.642692   3.644943     1.7129      98.92    3.51475    35.0205    35.0448    27.2727    1486.16    1488.52 0.0000e+00
       5129    197.000     8.1161     8.1163   3.642670   3.644945     1.7122      98.92    3.50695    35.0206    35.0448    27.2728    1486.17    1488.50 0.0000e+00
       5153    198.000     8.1156     8.1159   3.642691   3.644962     1.7113      98.92    3.50571    35.0208    35.0449    27.2731    1486.18    1488.49 0.0000e+00
       5177    199.000     8.1152     8.1153   3.642701   3.644984     1.7106      98.93    3.50336    35.0209    35.0452    27.2732    1486.20    1488.48 0.0000e+00
       5201    200.000     8.1158     8.1160   3.642839   3.645105     1.7096      35.74    3.50898    35.0213    35.0453    27.2734    1486.22    1488.47 0.0000e+00
       5225    201.000     8.1175     8.1178   3.643121   3.645394     1.7108      98.59    3.51892    35.0221    35.0461    27.2738    1486.24    1488.46 0.0000e+00
       5249    202.000     8.1186     8.1189   3.643291   3.645578     1.7107      98.92    3.50588    35.0223    35.0465    27.2738    1486.26    1488.45 0.0000e+00
       5273    203.000     8.1198     8.1200   3.643487   3.645753     1.7094      57.04    3.50436    35.0227    35.0468    27.2740    1486.28    1488.44 0.0000e+00
       5296    204.000     8.1240     8.1239   3.644022   3.646251     1.7097      99.52    3.50709    35.0238    35.0478    27.2742    1486.32    1488.43 0.0000e+00
       5320    205.000     8.1279     8.1279   3.644499   3.646757     1.7087      98.92    3.49813    35.0245    35.0487    27.2741    1486.35    1488.42 0.0000e+00
       5344    206.000     8.1303     8.1304   3.644829   3.647087     1.7077      86.25    3.49696    35.0252    35.0493    27.2743    1486.38    1488.41 0.0000e+00
       5367    207.000     8.1338     8.1340   3.645278   3.647538     1.7073      98.64    3.49670    35.0260    35.0500    27.2744    1486.41    1488.40 0.0000e+00
       5390    208.000     8.1357     8.1359   3.645550   3.647817     1.7060      98.92    3.48430    35.0266    35.0506    27.2745    1486.43    1488.39 0.0000e+00
       5414    209.000     8.1355     8.1358   3.645580   3.647858     1.7040      98.92    3.47736    35.0266    35.0507    27.2746    1486.45    1488.38 0.0000e+00
       5438    210.000     8.1337     8.1339   3.645436   3.647701     1.7026      98.92    3.47641    35.0264    35.0504    27.2747    1486.46    1488.37 0.0000e+00
       5461    211.000     8.1340     8.1342   3.645548   3.647834     1.7009      98.92    3.47585    35.0268    35.0510    27.2750    1486.47    1488.36 0.0000e+00
       5485    212.000     8.1340     8.1342   3.645611   3.647894     1.7003      98.92    3.47788    35.0270    35.0512    27.2751    1486.49    1488.35 0.0000e+00
       5509    213.000     8.1345     8.1347   3.645746   3.648014     1.6990      62.80    3.46963    35.0274    35.0515    27.2754    1486.51    1488.34 0.0000e+00
       5533    214.000     8.1365     8.1357   3.646051   3.648193     1.6984      71.78    3.48242    35.0282    35.0519    27.2757    1486.53    1488.33 0.0000e+00
       5557    215.000     8.1381     8.1380   3.646275   3.648530     1.6985      99.03    3.47700    35.0285    35.0528    27.2757    1486.56    1488.32 0.0000e+00
       5580    216.000     8.1383     8.1383   3.646365   3.648600     1.6975      79.45    3.46671    35.0288    35.0527    27.2759    1486.58    1488.32 0.0000e+00
       5604    217.000     8.1372     8.1376   3.646257   3.648546     1.6968      82.07    3.47705    35.0283    35.0524    27.2757    1486.59    1488.31 0.0000e+00
       5628    218.000     8.1376     8.1375   3.646363   3.648584     1.6968      98.95    3.47379    35.0285    35.0524    27.2758    1486.61    1488.30 0.0000e+00
       5652    219.000     8.1376     8.1378   3.646408   3.648666     1.6961      94.85    3.46960    35.0285    35.0525    27.2758    1486.62    1488.29 0.0000e+00
       5677    220.000     8.1391     8.1395   3.646625   3.648922     1.6958      94.68    3.47562    35.0289    35.0530    27.2758    1486.64    1488.29 0.0000e+00
       5700    221.000     8.1412     8.1413   3.646926   3.649212     1.6957      98.94    3.47305    35.0295    35.0539    27.2760    1486.67    1488.28 0.0000e+00
       5724    222.000     8.1424     8.1422   3.647146   3.649383     1.6953      98.92    3.46805    35.0302    35.0543    27.2764    1486.69    1488.27 0.0000e+00
       5748    223.000     8.1452     8.1453   3.647545   3.649812     1.6941      98.93    3.44697    35.0312    35.0553    27.2767    1486.72    1488.26 0.0000e+00
       5772    224.000     8.1461     8.1462   3.647696   3.649965     1.6906      98.92    3.43450    35.0314    35.0556    27.2768    1486.74    1488.26 0.0000e+00
       5797    225.000     8.1489     8.1492   3.648081   3.650382     1.6891      98.92    3.45562    35.0323    35.0566    27.2770    1486.77    1488.25 0.0000e+00
       5821    226.000     8.1522     8.1524   3.648522   3.650798     1.6896      77.99    3.46134    35.0332    35.0573    27.2773    1486.80    1488.24 0.0000e+00
       5846    227.000     8.1540     8.1543   3.648783   3.651064     1.6902      60.13    3.47280    35.0337    35.0578    27.2774    1486.82    1488.24 0.0000e+00
       5871    228.000     8.1556     8.1558   3.649028   3.651318     1.6912      99.20    3.46342    35.0343    35.0585    27.2776    1486.84    1488.23 0.0000e+00
       5895    229.000     8.1572     8.1576   3.649290   3.651577     1.6903      86.93    3.45148    35.0350    35.0590    27.2779    1486.87    1488.23 0.0000e+00
       5918    230.000     8.1570     8.1573   3.649322   3.651620     1.6897      77.41    3.45778    35.0350    35.0593    27.2780    1486.88    1488.22 0.0000e+00
       5942    231.000     8.1591     8.1595   3.649635   3.651926     1.6890      99.12    3.44874    35.0358    35.0599    27.2783    1486.91    1488.21 0.0000e+00
       5966    232.000     8.1614     8.1616   3.649952   3.652222     1.6882      97.38    3.44882    35.0364    35.0605    27.2784    1486.93    1488.21 0.0000e+00
       5990    233.000     8.1622     8.1623   3.650087   3.652361     1.6873      93.80    3.45089    35.0366    35.0608    27.2784    1486.95    1488.20 0.0000e+00
       6014    234.000     8.1632     8.1634   3.650273   3.652555     1.6872      98.95    3.44979    35.0371    35.0613    27.2786    1486.98    1488.20 0.0000e+00
       6037    235.000     8.1628     8.1631   3.650285   3.652562     1.6865      98.92    3.44645    35.0371    35.0612    27.2787    1486.99    1488.19 0.0000e+00
       6062    236.000     8.1631     8.1634   3.650368   3.652648     1.6860      98.92    3.44960    35.0372    35.0613    27.2788    1487.01    1488.19 0.0000e+00
       6085    237.000     8.1639     8.1641   3.650531   3.652808     1.6859      98.92    3.44913    35.0377    35.0619    27.2790    1487.03    1488.18 0.0000e+00
       6109    238.000     8.1643     8.1646   3.650625   3.652914     1.6853      98.92    3.44398    35.0378    35.0620    27.2791    1487.05    1488.18 0.0000e+00
       6133    239.000     8.1649     8.1650   3.650732   3.653012     1.6847      96.20    3.44074    35.0379    35.0622    27.2790    1487.07    1488.17 0.0000e+00
       6157    240.000     8.1658     8.1658   3.650936   3.653167     1.6838      47.63    3.44914    35.0387    35.0626    27.2795    1487.09    1488.17 0.0000e+00
       6182    241.000     8.1692     8.1691   3.651425   3.653669     1.6848      98.39    3.45498    35.0401    35.0641    27.2801    1487.12    1488.17 0.0000e+00
       6206    242.000     8.1720     8.1716   3.651837   3.654046     1.6849      97.70    3.44502    35.0412    35.0652    27.2805    1487.15    1488.16 0.0000e+00
       6230    243.000     8.1735     8.1737   3.652070   3.654350     1.6839      73.37    3.44852    35.0417    35.0659    27.2807    1487.17    1488.16 0.0000e+00
       6254    244.000     8.1741     8.1744   3.652196   3.654470     1.6846      98.89    3.44997    35.0420    35.0660    27.2808    1487.19    1488.15 0.0000e+00
       6279    245.000     8.1753     8.1755   3.652403   3.654676     1.6840      98.88    3.44340    35.0425    35.0666    27.2810    1487.21    1488.15 0.0000e+00
       6303    246.000     8.1756     8.1759   3.652485   3.654781     1.6838      95.47    3.44755    35.0426    35.0668    27.2811    1487.23    1488.15 0.0000e+00
       6327    247.000     8.1756     8.1759   3.652560   3.654825     1.6833      98.88    3.42745    35.0429    35.0668    27.2813    1487.24    1488.14 0.0000e+00
       6351    248.000     8.1767     8.1768   3.652798   3.655070     1.6795      98.92    3.39952    35.0439    35.0681    27.2819    1487.27    1488.14 0.0000e+00
       6375    249.000     8.1771     8.1772   3.652921   3.655199     1.6766      98.92    3.42149    35.0443    35.0686    27.2822    1487.28    1488.13 0.0000e+00
       6399    250.000     8.1782     8.1783   3.653176   3.655453     1.6776      98.92    3.43630    35.0455    35.0697    27.2829    1487.31    1488.13 0.0000e+00
       6423    251.000     8.1772     8.1778   3.653141   3.655469     1.6774      98.93    3.43558    35.0456    35.0699    27.2832    1487.32    1488.13 0.0000e+00
       6448    252.000     8.1773     8.1775   3.653231   3.655510     1.6784      98.90    3.43661    35.0460    35.0701    27.2835    1487.34    1488.12 0.0000e+00
       6472    253.000     8.1780     8.1783   3.653397   3.655673     1.6779      51.69    3.44416    35.0466    35.0706    27.2838    1487.36    1488.12 0.0000e+00
       6496    254.000     8.1789     8.1790   3.653589   3.655871     1.6799      98.83    3.44975    35.0473    35.0715    27.2842    1487.38    1488.12 0.0000e+00
       6521    255.000     8.1799     8.1799   3.653795   3.656050     1.6801      98.91    3.43951    35.0480    35.0721    27.2846    1487.40    1488.12 0.0000e+00
       6545    256.000     8.1804     8.1803   3.653920   3.656154     1.6796      75.87    3.44212    35.0483    35.0723    27.2848    1487.42    1488.11 0.0000e+00
       6569    257.000     8.1806     8.1807   3.653986   3.656268     1.6804      99.03    3.44676    35.0484    35.0726    27.2848    1487.43    1488.11 0.0000e+00
       6593    258.000     8.1812     8.1815   3.654131   3.656429     1.6803      98.92    3.44099    35.0488    35.0731    27.2851    1487.45    1488.11 0.0000e+00
       6618    259.000     8.1813     8.1815   3.654182   3.656470     1.6798      98.92    3.43089    35.0488    35.0730    27.2851    1487.47    1488.11 0.0000e+00
       6643    260.000     8.1810     8.1814   3.654178   3.656496     1.6783      98.92    3.43037    35.0486    35.0729    27.2849    1487.48    1488.10 0.0000e+00
       6667    261.000     8.1819     8.1820   3.654368   3.656647     1.6782      98.93    3.43951    35.0492    35.0735    27.2853    1487.51    1488.10 0.0000e+00
       6691    262.000     8.1825     8.1826   3.654499   3.656798     1.6785      98.92    3.44230    35.0495    35.0740    27.2855    1487.52    1488.10 0.0000e+00
       6715    263.000     8.1826     8.1829   3.654448   3.656863     1.6787      98.93    3.44394    35.0484    35.0739    27.2846    1487.54    1488.10 0.0000e+00
       6739    264.000     8.1829     8.1831   3.654652   3.656928     1.6791      98.92    3.44092    35.0498    35.0739    27.2856    1487.56    1488.09 0.0000e+00
       6763    265.000     8.1839     8.1837   3.654802   3.657049     1.6785      98.92    3.43048    35.0499    35.0741    27.2856    1487.58    1488.09 0.0000e+00
       6787    266.000     8.1860     8.1861   3.655126   3.657401     1.6773      50.34    3.43746    35.0508    35.0750    27.2860    1487.60    1488.09 0.0000e+00
       6812    267.000     8.1863     8.1865   3.655253   3.657545     1.6785      99.01    3.45184    35.0514    35.0757    27.2864    1487.62    1488.09 0.0000e+00
       6836    268.000     8.1853     8.1856   3.655273   3.657565     1.6795      98.93    3.45294    35.0521    35.0763    27.2871    1487.64    1488.09 0.0000e+00
       6860    269.000     8.1853     8.1855   3.655315   3.657608     1.6801      81.51    3.46074    35.0521    35.0764    27.2871    1487.65    1488.09 0.0000e+00
       6884    270.000     8.1854     8.1856   3.655374   3.657674     1.6820      98.95    3.46668    35.0522    35.0765    27.2871    1487.67    1488.08 0.0000e+00
       6908    271.000     8.1855     8.1857   3.655483   3.657747     1.6830      98.92    3.46371    35.0527    35.0767    27.2875    1487.69    1488.08 0.0000e+00
       6932    272.000     8.1855     8.1857   3.655584   3.657866     1.6833      98.93    3.45736    35.0533    35.0775    27.2880    1487.70    1488.08 0.0000e+00
       6957    273.000     8.1860     8.1862   3.655805   3.658109     1.6829      98.93    3.45225    35.0547    35.0791    27.2890    1487.73    1488.08 0.0000e+00
       6981    274.000     8.1864     8.1866   3.655961   3.658244     1.6827      98.92    3.45460    35.0555    35.0797    27.2896    1487.74    1488.08 0.0000e+00
       7005    275.000     8.1863     8.1865   3.656114   3.658407     1.6824      98.92    3.45436    35.0568    35.0811    27.2906    1487.76    1488.08 0.0000e+00
       7030    276.000     8.1859     8.1863   3.656195   3.658496     1.6824      98.93    3.45845    35.0575    35.0817    27.2912    1487.78    1488.08 0.0000e+00
       7054    277.000     8.1857     8.1859   3.656312   3.658601     1.6827      98.92    3.46015    35.0585    35.0828    27.2920    1487.79    1488.08 0.0000e+00
       7078    278.000     8.1858     8.1861   3.656406   3.658708     1.6827      98.93    3.44947    35.0589    35.0832    27.2923    1487.81    1488.07 0.0000e+00
       7102    279.000     8.1858     8.1860   3.656513   3.658803     1.6807      65.17    3.44325    35.0596    35.0839    27.2929    1487.83    1488.07 0.0000e+00
       7126    280.000     8.1857     8.1859   3.656595   3.658893     1.6812      95.11    3.45767    35.0601    35.0844    27.2933    1487.85    1488.07 0.0000e+00
       7151    281.000     8.1855     8.1859   3.656662   3.658958     1.6809      98.16    3.44877    35.0605    35.0847    27.2936    1487.86    1488.07 0.0000e+00
       7175    282.000     8.1856     8.1858   3.656741   3.659034     1.6801      86.51    3.44654    35.0608    35.0851    27.2938    1487.88    1488.07 0.0000e+00
       7199    283.000     8.1857     8.1860   3.656803   3.659098     1.6800      99.09    3.45003    35.0609    35.0851    27.2939    1487.90    1488.07 0.0000e+00
       7223    284.000     8.1856     8.1859   3.656887   3.659179     1.6792      98.93    3.44096    35.0614    35.0856    27.2943    1487.91    1488.07 0.0000e+00
       7247    285.000     8.1855     8.1857   3.656999   3.659295     1.6782      98.93    3.43845    35.0622    35.0865    27.2950    1487.93    1488.07 0.0000e+00
       7271    286.000     8.1854     8.1856   3.657099   3.659404     1.6773      98.93    3.43571    35.0629    35.0873    27.2955    1487.95    1488.07 0.0000e+00
       7296    287.000     8.1853     8.1855   3.657174   3.659472     1.6759      98.92    3.42914    35.0633    35.0877    27.2959    1487.96    1488.07 0.0000e+00
       7320    288.000     8.1854     8.1857   3.657238   3.659538     1.6746      98.92    3.42162    35.0634    35.0877    27.2959    1487.98    1488.07 0.0000e+00
       7344    289.000     8.1855     8.1857   3.657309   3.659619     1.6723      40.57    3.41585    35.0636    35.0881    27.2961    1488.00    1488.07 0.0000e+00
       7369    290.000     8.1855     8.1858   3.657381   3.659691     1.6716      96.41    3.42304    35.0639    35.0883    27.2963    1488.01    1488.07 0.0000e+00
       7393    291.000     8.1854     8.1857   3.657468   3.659770     1.6703      98.96    3.40598    35.0644    35.0887    27.2967    1488.03    1488.07 0.0000e+00
