_data/ctd/2018/sta0389_2018.cnv
* Sea-Bird SBE 9 Data File:
* FileName = C:\Seabird\CTDData\sta0389.hex
* Software Version Seasave V 7.21f
* Temperature SN = 4557
* Conductivity SN = 1337
* Number of Bytes Per Scan = 40
* Number of Voltage Words = 5
* Number of Scans Averaged by the Deck Unit = 1
* NMEA Latitude = 60 45.06 N
* NMEA Longitude = 003 07.03 E
* NMEA UTC (Time) = Oct 07 2018 12:03:06
* NMEA baud rate = 4800
** Ship: 10 F/F "G. O. Sars"
** Station: 0389
** Echodepth: 241
** Log: 4550.462
** Wind-Dir Force: 16 36
** Air-temp (dry): 9.4
** Weather Sky: 2 7
** Sea Ice: 3 0
# nquan = 20                                
# nvalues = 227                         
# units = specified
# name 0 = scan: Scan Count
# name 1 = prDM: Pressure, Digiquartz [db]
# name 2 = t068C: Temperature [ITS-68, deg C]
# name 3 = t168C: Temperature, 2 [ITS-68, deg C]
# name 4 = c0S/m: Conductivity [S/m]
# name 5 = c1S/m: Conductivity, 2 [S/m]
# name 6 = sbeox0V: Oxygen raw, SBE 43 [V]
# name 7 = altM: Altimeter [m]
# name 8 = flC: Fluorescence, Chelsea Aqua 3 Chl Con [ug/l]
# name 9 = par: PAR/Irradiance, Biospherical/Licor
# name 10 = spar: SPAR/Surface Irradiance
# name 11 = timeS: Time, Elapsed [seconds]
# name 12 = timeJ: Julian Days
# name 13 = sbeox0ML/L: Oxygen, SBE 43 [ml/l], WS = 2
# name 14 = sal00: Salinity, Practical [PSU]
# name 15 = sal11: Salinity, Practical, 2 [PSU]
# name 16 = sigma-t00: Density [sigma-t, Kg/m^3 ]
# name 17 = svCM: Sound Velocity [Chen-Millero, m/s]
# name 18 = avgsvCM: Average Sound Velocity [Chen-Millero, m/s], minP = 1, minS = 5
# name 19 = flag: flag
# span 0 =       -123,       5865       
# span 1 =      5.000,    231.000       
# span 2 =     9.1772,    10.3937       
# span 3 =     9.1768,    10.3937       
# span 4 =   3.768051,   3.858416       
# span 5 =   3.770108,   3.860507       
# span 6 =     2.0514,     2.3097       
# span 7 =      13.44,     121.54       
# span 8 =     0.0068,     0.3756       
# span 9 = 5.1203e-02, 7.8800e+01       
# span 10 = 3.0291e+02, 4.6189e+02      
# span 11 =     -5.170,    244.353      
# span 12 = 280.502128, 280.505016      
# span 13 =    5.32190,    5.89922      
# span 14 =    35.0951,    35.3267      
# span 15 =    35.1169,    35.3485      
# span 16 =    26.9589,    27.3117      
# span 17 =    1490.48,    1492.40      
# span 18 =    1491.13,    1491.87      
# span 19 = 0.0000e+00, 0.0000e+00      
# interval = decibars: 1                
# start_time = Oct 07 2018 12:03:09 [System UTC, header]
# bad_flag = -9.990e-29
*END*
[from data line 145]
       3869    150.000     9.5257     9.5256   3.800766   3.802849     2.1149      95.00     0.0145 5.1265e-02 3.7805e+02    161.172 280.504053    5.44736    35.3110    35.3327    27.2758    1490.96    1491.33 0.0000e+00
       3886    151.000     9.5203     9.5202   3.800360   3.802442     2.1149      94.28     0.0132 5.1263e-02 3.7921e+02    161.859 280.504061    5.44772    35.3117    35.3334    27.2772    1490.96    1491.33 0.0000e+00
       3901    152.000     9.5169     9.5167   3.800084   3.802179     2.1148      97.18     0.0120 5.1273e-02 3.8000e+02    162.507 280.504068    5.44363    35.3117    35.3336    27.2778    1490.96    1491.32 0.0000e+00
       3923    153.000     9.5142     9.5142   3.799875   3.801983     2.1134      65.78     0.0129 5.1273e-02 3.7811e+02    163.410 280.504079    5.43557    35.3117    35.3336    27.2782    1490.97    1491.32 0.0000e+00
       3949    154.000     9.5118     9.5117   3.799714   3.801813     2.1132      75.03     0.0151 5.1262e-02 3.7380e+02    164.500 280.504091    5.44682    35.3119    35.3338    27.2788    1490.98    1491.32 0.0000e+00
       3971    155.000     9.5061     9.5061   3.799206   3.801297     2.1128      90.06     0.0180 5.1230e-02 3.7126e+02    165.437 280.504102    5.43961    35.3118    35.3335    27.2797    1490.97    1491.32 0.0000e+00
       3990    156.000     9.4996     9.4994   3.798589   3.800668     2.1123      91.35     0.0170 5.1265e-02 3.7287e+02    166.211 280.504111    5.44187    35.3114    35.3331    27.2804    1490.97    1491.31 0.0000e+00
       4008    157.000     9.4948     9.4946   3.798127   3.800215     2.1120      39.15     0.0155 5.1273e-02 3.7694e+02    166.950 280.504120    5.44629    35.3108    35.3327    27.2808    1490.96    1491.31 0.0000e+00
       4026    158.000     9.4907     9.4906   3.797781   3.799865     2.1124      86.93     0.0129 5.1244e-02 3.8194e+02    167.728 280.504129    5.45263    35.3108    35.3325    27.2814    1490.97    1491.31 0.0000e+00
       4047    159.000     9.4891     9.4889   3.797663   3.799729     2.1131      86.23     0.0109 5.1247e-02 3.8591e+02    168.600 280.504139    5.45877    35.3107    35.3323    27.2816    1490.98    1491.31 0.0000e+00
       4073    160.000     9.4881     9.4880   3.797625   3.799705     2.1142      85.30     0.0089 5.1243e-02 3.8634e+02    169.658 280.504151    5.46487    35.3108    35.3325    27.2819    1490.99    1491.31 0.0000e+00
       4103    161.000     9.4869     9.4868   3.797601   3.799684     2.1156      84.12     0.0137 5.1253e-02 3.8330e+02    170.914 280.504166    5.46516    35.3113    35.3330    27.2824    1491.00    1491.30 0.0000e+00
       4128    162.000     9.4855     9.4854   3.797555   3.799638     2.1149      83.19     0.0136 5.1252e-02 3.8406e+02    171.943 280.504178    5.45075    35.3117    35.3334    27.2830    1491.01    1491.30 0.0000e+00
       4146    163.000     9.4753     9.4750   3.796540   3.798602     2.1139      82.44     0.0123 5.1222e-02 3.8834e+02    172.717 280.504187    5.44662    35.3107    35.3324    27.2840    1490.99    1491.30 0.0000e+00
       4163    164.000     9.4678     9.4675   3.795807   3.797882     2.1126      81.74     0.0124 5.1228e-02 3.9339e+02    173.415 280.504195    5.44672    35.3101    35.3319    27.2847    1490.98    1491.30 0.0000e+00
       4179    165.000     9.4610     9.4608   3.795120   3.797193     2.1123      92.35     0.0114 5.1256e-02 3.9946e+02    174.087 280.504202    5.45202    35.3092    35.3309    27.2851    1490.97    1491.30 0.0000e+00
       4197    166.000     9.4542     9.4538   3.794459   3.796509     2.1118      82.69     0.0074 5.1228e-02 4.0819e+02    174.819 280.504211    5.45860    35.3085    35.3302    27.2857    1490.96    1491.29 0.0000e+00
       4218    167.000     9.4513     9.4512   3.794230   3.796304     2.1127      78.46     0.0068 5.1219e-02 4.1942e+02    175.712 280.504221    5.46342    35.3085    35.3302    27.2862    1490.97    1491.29 0.0000e+00
       4245    168.000     9.4441     9.4443   3.793527   3.795637     2.1125      77.22     0.0099 5.1243e-02 4.2869e+02    176.817 280.504234    5.46448    35.3079    35.3296    27.2869    1490.96    1491.29 0.0000e+00
       4274    169.000     9.4385     9.4384   3.792972   3.795056     2.1136      76.14     0.0143 5.1242e-02 4.3922e+02    178.027 280.504248    5.47173    35.3072    35.3289    27.2873    1490.95    1491.29 0.0000e+00
       4299    170.000     9.4293     9.4291   3.792022   3.794110     2.1137      75.28     0.0168 5.1203e-02 4.5133e+02    179.104 280.504261    5.46373    35.3059    35.3278    27.2878    1490.93    1491.29 0.0000e+00
       4319    171.000     9.4235     9.4232   3.791480   3.793553     2.1125      74.34     0.0173 5.1217e-02 4.5265e+02    179.920 280.504270    5.46092    35.3055    35.3273    27.2885    1490.93    1491.28 0.0000e+00
       4337    172.000     9.4189     9.4191   3.791039   3.793139     2.1125      73.50     0.0166 5.1231e-02 4.5019e+02    180.660 280.504279    5.47106    35.3050    35.3266    27.2888    1490.93    1491.28 0.0000e+00
       4355    173.000     9.3985     9.3987   3.788923   3.791029     2.1132      72.64     0.0147 5.1212e-02 4.4735e+02    181.422 280.504287    5.47546    35.3026    35.3243    27.2904    1490.87    1491.28 0.0000e+00
       4375    174.000     9.3757     9.3756   3.786591   3.788659     2.1127      71.57     0.0156 5.1211e-02 4.4516e+02    182.242 280.504297    5.47442    35.3004    35.3220    27.2924    1490.80    1491.28 0.0000e+00
       4396    175.000     9.3596     9.3594   3.784976   3.787039     2.1131      70.40     0.0156 5.1211e-02 4.4504e+02    183.115 280.504307    5.48166    35.2990    35.3207    27.2940    1490.75    1491.27 0.0000e+00
       4418    176.000     9.3516     9.3515   3.784220   3.786280     2.1128      69.31     0.0127 5.1240e-02 4.4513e+02    184.024 280.504317    5.47871    35.2986    35.3201    27.2950    1490.74    1491.27 0.0000e+00
       4440    177.000     9.3486     9.3485   3.783929   3.786000     2.1133      68.47     0.0130 5.1240e-02 4.4513e+02    184.952 280.504328    5.49702    35.2980    35.3197    27.2951    1490.75    1491.27 0.0000e+00
       4462    178.000     9.3401     9.3401   3.783096   3.785172     2.1153      67.35     0.0159 5.1248e-02 4.4564e+02    185.875 280.504339    5.49398    35.2973    35.3189    27.2959    1490.73    1491.26 0.0000e+00
       4485    179.000     9.3312     9.3311   3.782203   3.784280     2.1138      66.34     0.0134 5.1254e-02 4.4951e+02    186.823 280.504350    5.47389    35.2963    35.3180    27.2966    1490.71    1491.26 0.0000e+00
       4509    180.000     9.3239     9.3237   3.781499   3.783572     2.1122      65.44     0.0149 5.1231e-02 4.5283e+02    187.823 280.504361    5.48280    35.2957    35.3175    27.2973    1490.70    1491.26 0.0000e+00
       4531    181.000     9.3190     9.3188   3.781048   3.783091     2.1132      64.45     0.0178 5.1246e-02 4.5225e+02    188.763 280.504372    5.50292    35.2954    35.3169    27.2979    1490.70    1491.26 0.0000e+00
       4551    182.000     9.3103     9.3102   3.780172   3.782228     2.1148      63.51     0.0191 5.1257e-02 4.5061e+02    189.575 280.504382    5.51192    35.2944    35.3159    27.2985    1490.68    1491.25 0.0000e+00
       4568    183.000     9.2927     9.2929   3.778398   3.780450     2.1161      62.61     0.0203 5.1248e-02 4.4833e+02    190.290 280.504390    5.50858    35.2928    35.3140    27.3002    1490.63    1491.25 0.0000e+00
       4584    184.000     9.2771     9.2771   3.776803   3.778871     2.1157      61.81     0.0202 5.1237e-02 4.4708e+02    190.975 280.504398    5.49588    35.2911    35.3127    27.3014    1490.59    1491.25 0.0000e+00
       4603    185.000     9.2633     9.2635   3.775388   3.777478     2.1142      60.63     0.0186 5.1266e-02 4.4707e+02    191.739 280.504407    5.48829    35.2895    35.3111    27.3024    1490.56    1491.24 0.0000e+00
       4626    186.000     9.2521     9.2519   3.774266   3.776315     2.1124      59.43     0.0174 5.1262e-02 4.4819e+02    192.723 280.504418    5.48575    35.2884    35.3100    27.3034    1490.53    1491.24 0.0000e+00
       4655    187.000     9.2461     9.2461   3.773677   3.775757     2.1105      58.38     0.0187 5.1273e-02 4.5210e+02    193.907 280.504432    5.48506    35.2877    35.3094    27.3039    1490.52    1491.23 0.0000e+00
       4680    188.000     9.2379     9.2378   3.772892   3.774959     2.1100      57.35     0.0168 5.1260e-02 4.5608e+02    194.971 280.504444    5.49354    35.2872    35.3088    27.3048    1490.51    1491.23 0.0000e+00
       4701    189.000     9.2319     9.2320   3.772329   3.774413     2.1100      56.45     0.0162 5.1266e-02 4.5965e+02    195.842 280.504454    5.49010    35.2868    35.3084    27.3054    1490.50    1491.23 0.0000e+00
       4721    190.000     9.2221     9.2220   3.771379   3.773448     2.1087      55.63     0.0162 5.1281e-02 4.6189e+02    196.663 280.504464    5.47433    35.2861    35.3077    27.3065    1490.48    1491.22 0.0000e+00
       4740    191.000     9.2201     9.2199   3.771248   3.773310     2.1063      54.60     0.0149 5.1273e-02 4.6128e+02    197.464 280.504473    5.46186    35.2862    35.3079    27.3069    1490.49    1491.22 0.0000e+00
       4759    192.000     9.2205     9.2200   3.771343   3.773355     2.1038      53.58     0.0172 5.1266e-02 4.5599e+02    198.260 280.504482    5.45695    35.2863    35.3078    27.3069    1490.51    1491.21 0.0000e+00
       4780    193.000     9.2195     9.2192   3.771261   3.773317     2.1018      52.47     0.0179 5.1273e-02 4.4479e+02    199.140 280.504492    5.45379    35.2860    35.3077    27.3068    1490.52    1491.21 0.0000e+00
       4804    194.000     9.2104     9.2110   3.770383   3.772522     2.1001      51.45     0.0177 5.1273e-02 4.3230e+02    200.131 280.504504    5.46125    35.2853    35.3071    27.3078    1490.51    1491.21 0.0000e+00
       4827    195.000     9.2047     9.2046   3.769833   3.771912     2.0997      50.40     0.0173 5.1273e-02 4.2876e+02    201.063 280.504515    5.45421    35.2848    35.3066    27.3083    1490.50    1491.20 0.0000e+00
       4845    196.000     9.2020     9.2017   3.769611   3.771659     2.0974      49.49     0.0178 5.1273e-02 4.3279e+02    201.850 280.504524    5.43864    35.2846    35.3063    27.3087    1490.51    1491.20 0.0000e+00
       4863    197.000     9.1986     9.1985   3.769308   3.771379     2.0954      47.39     0.0212 5.1273e-02 4.3877e+02    202.570 280.504532    5.43550    35.2844    35.3061    27.3090    1490.51    1491.20 0.0000e+00
       4882    198.000     9.1954     9.1952   3.769019   3.771091     2.0938      47.70     0.0221 5.1273e-02 4.4311e+02    203.373 280.504541    5.43832    35.2840    35.3059    27.3093    1490.52    1491.19 0.0000e+00
       4908    199.000     9.1934     9.1930   3.768859   3.770908     2.0928      46.59     0.0200 5.1273e-02 4.3803e+02    204.447 280.504554    5.43751    35.2839    35.3057    27.3095    1490.52    1491.19 0.0000e+00
       4941    200.000     9.1903     9.1902   3.768595   3.770675     2.0896      45.10     0.0167 5.1273e-02 4.2597e+02    205.840 280.504570    5.41465    35.2837    35.3055    27.3098    1490.53    1491.19 0.0000e+00
       4969    201.000     9.1881     9.1878   3.768436   3.770496     2.0862      44.42     0.0153 5.1259e-02 4.2612e+02    206.982 280.504583    5.41133    35.2837    35.3055    27.3102    1490.54    1491.18 0.0000e+00
       4987    202.000     9.1877     9.1873   3.768438   3.770505     2.0854      43.70     0.0159 5.1273e-02 4.3311e+02    207.739 280.504592    5.41657    35.2837    35.3057    27.3103    1490.55    1491.18 0.0000e+00
       5003    203.000     9.1870     9.1867   3.768427   3.770497     2.0847      42.85     0.0144 5.1273e-02 4.4074e+02    208.407 280.504600    5.40896    35.2838    35.3057    27.3105    1490.57    1491.18 0.0000e+00
       5021    204.000     9.1863     9.1862   3.768412   3.770479     2.0826      41.82     0.0162 5.1273e-02 4.4916e+02    209.166 280.504608    5.39223    35.2839    35.3055    27.3106    1490.58    1491.17 0.0000e+00
       5042    205.000     9.1853     9.1853   3.768348   3.770431     2.0795      40.75     0.0177 5.1273e-02 4.5675e+02    210.049 280.504619    5.38232    35.2837    35.3055    27.3107    1490.59    1491.17 0.0000e+00
       5068    206.000     9.1835     9.1833   3.768202   3.770269     2.0770      39.55     0.0170 5.1278e-02 4.5865e+02    211.133 280.504631    5.38557    35.2835    35.3053    27.3108    1490.60    1491.17 0.0000e+00
       5098    207.000     9.1835     9.1835   3.768248   3.770343     2.0748      38.40     0.0189 5.1278e-02 4.5413e+02    212.379 280.504646    5.37697    35.2835    35.3054    27.3108    1490.62    1491.17 0.0000e+00
       5121    208.000     9.1840     9.1840   3.768370   3.770445     2.0731      37.65     0.0176 5.1273e-02 4.5290e+02    213.351 280.504657    5.37893    35.2838    35.3055    27.3110    1490.64    1491.16 0.0000e+00
       5140    209.000     9.1814     9.1811   3.768144   3.770205     2.0727      36.80     0.0194 5.1273e-02 4.5495e+02    214.122 280.504666    5.38124    35.2835    35.3054    27.3112    1490.64    1491.16 0.0000e+00
       5157    210.000     9.1807     9.1804   3.768106   3.770189     2.0722      35.88     0.0186 5.1273e-02 4.5842e+02    214.838 280.504674    5.37854    35.2834    35.3054    27.3111    1490.66    1491.16 0.0000e+00
       5175    211.000     9.1805     9.1806   3.768147   3.770242     2.0713      34.88     0.0201 5.1273e-02 4.6067e+02    215.602 280.504683    5.37188    35.2835    35.3053    27.3113    1490.67    1491.16 0.0000e+00
       5198    212.000     9.1811     9.1808   3.768232   3.770298     2.0695      33.80     0.0161 5.1273e-02 4.6068e+02    216.543 280.504694    5.36303    35.2833    35.3052    27.3111    1490.69    1491.15 0.0000e+00
       5225    213.000     9.1798     9.1791   3.768145   3.770168     2.0678      32.69     0.0189 5.1278e-02 4.6033e+02    217.652 280.504707    5.36306    35.2832    35.3051    27.3112    1490.70    1491.15 0.0000e+00
       5251    214.000     9.1785     9.1782   3.768086   3.770134     2.0665      31.68     0.0221 5.1273e-02 4.5431e+02    218.769 280.504720    5.35761    35.2834    35.3051    27.3116    1490.72    1491.15 0.0000e+00
       5275    215.000     9.1786     9.1781   3.768131   3.770169     2.0646      30.74     0.0229 5.1273e-02 4.4683e+02    219.762 280.504731    5.34210    35.2833    35.3051    27.3115    1490.73    1491.15 0.0000e+00
       5294    216.000     9.1773     9.1769   3.768051   3.770108     2.0621      29.87     0.0234 5.1281e-02 4.4515e+02    220.554 280.504740    5.32776    35.2833    35.3052    27.3117    1490.74    1491.15 0.0000e+00
       5312    217.000     9.1773     9.1768   3.768088   3.770159     2.0594      28.94     0.0212 5.1273e-02 4.4785e+02    221.286 280.504749    5.32190    35.2832    35.3053    27.3116    1490.76    1491.14 0.0000e+00
       5329    218.000     9.1773     9.1770   3.768142   3.770214     2.0576      28.01     0.0190 5.1281e-02 4.5293e+02    221.988 280.504757    5.32694    35.2833    35.3053    27.3117    1490.78    1491.14 0.0000e+00
       5349    219.000     9.1772     9.1770   3.768168   3.770250     2.0567      26.40     0.0187 5.1262e-02 4.5665e+02    222.822 280.504766    5.33135    35.2832    35.3052    27.3116    1490.79    1491.14 0.0000e+00
       5384    220.000     9.1776     9.1770   3.768225   3.770286     2.0562      25.53     0.0198 5.1272e-02 4.5248e+02    224.303 280.504784    5.33600    35.2829    35.3051    27.3113    1490.81    1491.14 0.0000e+00
       5428    221.000     9.1774     9.1772   3.768286   3.770363     2.0559      24.52     0.0179 5.1284e-02 4.3649e+02    226.131 280.504805    5.33850    35.2833    35.3052    27.3116    1490.83    1491.14 0.0000e+00
