_data/ctd/2018/sta0389_2018.cnv
* Sea-Bird SBE 9 Data File:
* FileName = C:\Seabird\CTDData\sta0389.hex
* Software Version Seasave V 7.21f
* Temperature SN = 4557
* Conductivity SN = 1337
* Number of Bytes Per Scan = 40
* Number of Voltage Words = 5
* Number of Scans Averaged by the Deck Unit = 1
* NMEA Latitude = 60 45.06 N
* NMEA Longitude = 003 07.03 E
* NMEA UTC (Time) = Oct 07 2018 12:03:06
* NMEA baud rate = 4800
** Ship: 10 F/F "G. O. Sars"
** Station: 0389
** Echodepth: 241
** Log: 4550.462
** Wind-Dir Force: 16 36
** Air-temp (dry): 9.4
** Weather Sky: 2 7
** Sea Ice: 3 0
# nquan = 20                                
# nvalues = 227                         
# units = specified
# name 0 = scan: Scan Count
# name 1 = prDM: Pressure, Digiquartz [db]
# name 2 = t068C: Temperature [ITS-68, deg C]
# name 3 = t168C: Temperature, 2 [ITS-68, deg C]
# name 4 = c0S/m: Conductivity [S/m]
# name 5 = c1S/m: Conductivity, 2 [S/m]
# name 6 = sbeox0V: Oxygen raw, SBE 43 [V]
# name 7 = altM: Altimeter [m]
# name 8 = flC: Fluorescence, Chelsea Aqua 3 Chl Con [ug/l]
# name 9 = par: PAR/Irradiance, Biospherical/Licor
# name 10 = spar: SPAR/Surface Irradiance
# name 11 = timeS: Time, Elapsed [seconds]
# name 12 = timeJ: Julian Days
# name 13 = sbeox0ML/L: Oxygen, SBE 43 [ml/l], WS = 2
# name 14 = sal00: Salinity, Practical [PSU]
# name 15 = sal11: Salinity, Practical, 2 [PSU]
# name 16 = sigma-t00: Density [sigma-t, Kg/m^3 ]
# name 17 = svCM: Sound Velocity [Chen-Millero, m/s]
# name 18 = avgsvCM: Average Sound Velocity [Chen-Millero, m/s], minP = 1, minS = 5
# name 19 = flag: flag
# span 0 =       -123,       5865       
# span 1 =      5.000,    231.000       
# span 2 =     9.1772,    10.3937       
# span 3 =     9.1768,    10.3937       
# span 4 =   3.768051,   3.858416       
# span 5 =   3.770108,   3.860507       
# span 6 =     2.0514,     2.3097       
# span 7 =      13.44,     121.54       
# span 8 =     0.0068,     0.3756       
# span 9 = 5.1203e-02, 7.8800e+01       
# span 10 = 3.0291e+02, 4.6189e+02      
# span 11 =     -5.170,    244.353      
# span 12 = 280.502128, 280.505016      
# span 13 =    5.32190,    5.89922      
# span 14 =    35.0951,    35.3267      
# span 15 =    35.1169,    35.3485      
# span 16 =    26.9589,    27.3117      
# span 17 =    1490.48,    1492.40      
# span 18 =    1491.13,    1491.87      
# span 19 = 0.0000e+00, 0.0000e+00      
# interval = decibars: 1                
# start_time = Oct 07 2018 12:03:09 [System UTC, header]
# bad_flag = -9.990e-29
*END*
       -123      5.000    10.3877    10.3872   3.855097   3.857243     2.3007     121.54     0.3180 7.1806e+01 3.0291e+02     -5.170 280.502128    5.86870    35.0951    35.1174    26.9594    1491.40    1491.40 0.0000e+00
        725      6.000    10.3867    10.3864   3.855067   3.857167     2.3097      31.88     0.3433 7.8800e+01 3.4976e+02     30.157 280.502537    5.88601    35.0953    35.1169    26.9598    1491.42    1491.41 0.0000e+00
        712      7.000    10.3869    10.3867   3.855153   3.857255     2.3083      52.24     0.3540 6.7585e+01 3.4405e+02     29.617 280.502530    5.88082    35.0955    35.1170    26.9599    1491.43    1491.41 0.0000e+00
        732      8.000    10.3870    10.3868   3.855211   3.857322     2.3075      93.77     0.3438 6.1884e+01 3.4518e+02     30.463 280.502540    5.87731    35.0955    35.1172    26.9599    1491.45    1491.41 0.0000e+00
        750      9.000    10.3874    10.3870   3.855290   3.857391     2.3064      75.89     0.3340 5.3973e+01 3.4811e+02     31.224 280.502549    5.88760    35.0955    35.1172    26.9598    1491.47    1491.42 0.0000e+00
        768     10.000    10.3873    10.3871   3.855327   3.857434     2.3084      98.05     0.3377 4.5678e+01 3.5070e+02     31.971 280.502557    5.89598    35.0955    35.1171    26.9598    1491.48    1491.43 0.0000e+00
        793     11.000    10.3874    10.3871   3.855366   3.857466     2.3078      98.87     0.3374 3.6340e+01 3.5182e+02     33.020 280.502570    5.88154    35.0953    35.1169    26.9597    1491.50    1491.43 0.0000e+00
        822     12.000    10.3875    10.3872   3.855425   3.857536     2.3058      78.61     0.3431 3.2282e+01 3.5115e+02     34.209 280.502583    5.87454    35.0954    35.1171    26.9597    1491.52    1491.44 0.0000e+00
        846     13.000    10.3877    10.3875   3.855504   3.857601     2.3055      99.20     0.3439 3.1212e+01 3.4986e+02     35.205 280.502595    5.88371    35.0955    35.1170    26.9598    1491.54    1491.45 0.0000e+00
        865     14.000    10.3879    10.3876   3.855556   3.857655     2.3058      98.87     0.3394 2.9260e+01 3.5031e+02     36.012 280.502604    5.88565    35.0954    35.1170    26.9596    1491.55    1491.46 0.0000e+00
        884     15.000    10.3876    10.3874   3.855587   3.857689     2.3056      76.94     0.3357 2.6784e+01 3.5275e+02     36.793 280.502613    5.88757    35.0955    35.1171    26.9598    1491.57    1491.46 0.0000e+00
        905     16.000    10.3875    10.3872   3.855614   3.857719     2.3064      91.96     0.3365 2.3347e+01 3.5585e+02     37.658 280.502623    5.88392    35.0954    35.1171    26.9597    1491.58    1491.47 0.0000e+00
        929     17.000    10.3873    10.3872   3.855655   3.857766     2.3042      98.73     0.3338 1.9901e+01 3.5762e+02     38.666 280.502635    5.86514    35.0956    35.1171    26.9599    1491.60    1491.48 0.0000e+00
        956     18.000    10.3874    10.3870   3.855706   3.857802     2.3018      77.12     0.3259 1.7494e+01 3.5527e+02     39.794 280.502648    5.86707    35.0956    35.1172    26.9598    1491.62    1491.49 0.0000e+00
        980     19.000    10.3879    10.3877   3.855803   3.857897     2.3018      98.61     0.3295 1.6237e+01 3.5215e+02     40.806 280.502660    5.87529    35.0956    35.1170    26.9598    1491.64    1491.49 0.0000e+00
       1000     20.000    10.3884    10.3884   3.855919   3.858034     2.3016      98.87     0.3616 1.5414e+01 3.5044e+02     41.608 280.502669    5.87314    35.0958    35.1173    26.9599    1491.65    1491.50 0.0000e+00
       1017     21.000    10.3888    10.3886   3.856000   3.858105     2.3014      97.96     0.3756 1.4507e+01 3.5149e+02     42.344 280.502678    5.86889    35.0958    35.1174    26.9598    1491.67    1491.51 0.0000e+00
       1037     22.000    10.3884    10.3882   3.856007   3.858094     2.3002      71.84     0.3641 1.3555e+01 3.5507e+02     43.169 280.502687    5.87150    35.0958    35.1172    26.9599    1491.69    1491.52 0.0000e+00
       1061     23.000    10.3882    10.3880   3.856014   3.858125     2.3014      98.18     0.3437 1.2371e+01 3.5971e+02     44.163 280.502699    5.88543    35.0956    35.1172    26.9597    1491.70    1491.53 0.0000e+00
       1087     24.000    10.3882    10.3879   3.856077   3.858160     2.3025      96.38     0.3373 1.1238e+01 3.6155e+02     45.258 280.502711    5.88113    35.0958    35.1172    26.9599    1491.72    1491.53 0.0000e+00
       1111     25.000    10.3882    10.3882   3.856114   3.858217     2.3020      73.09     0.3321 1.0325e+01 3.5985e+02     46.266 280.502723    5.87661    35.0957    35.1170    26.9598    1491.74    1491.54 0.0000e+00
       1135     26.000    10.3885    10.3885   3.856191   3.858298     2.3009      99.06     0.3291 9.5180e+00 3.5824e+02     47.258 280.502734    5.86450    35.0957    35.1171    26.9598    1491.75    1491.55 0.0000e+00
       1157     27.000    10.3888    10.3886   3.856250   3.858358     2.2992      98.85     0.3259 8.8017e+00 3.5941e+02     48.151 280.502745    5.86240    35.0956    35.1172    26.9596    1491.77    1491.56 0.0000e+00
       1176     28.000    10.3888    10.3887   3.856305   3.858400     2.2981      63.40     0.3260 8.2270e+00 3.6090e+02     48.945 280.502754    5.86829    35.0957    35.1170    26.9597    1491.79    1491.57 0.0000e+00
       1195     29.000    10.3889    10.3887   3.856353   3.858451     2.2990      98.05     0.3289 7.6038e+00 3.6154e+02     49.770 280.502763    5.87085    35.0956    35.1171    26.9596    1491.80    1491.57 0.0000e+00
       1216     30.000    10.3890    10.3888   3.856411   3.858507     2.2975      98.88     0.3254 7.0447e+00 3.5915e+02     50.639 280.502774    5.86347    35.0956    35.1171    26.9596    1491.82    1491.58 0.0000e+00
       1237     31.000    10.3893    10.3892   3.856493   3.858595     2.2979      85.34     0.3249 6.5147e+00 3.5421e+02     51.517 280.502784    5.88259    35.0957    35.1171    26.9596    1491.84    1491.59 0.0000e+00
       1259     32.000    10.3894    10.3893   3.856544   3.858646     2.3002      76.02     0.3349 6.1068e+00 3.5029e+02     52.402 280.502794    5.89371    35.0957    35.1171    26.9596    1491.85    1491.60 0.0000e+00
       1281     33.000    10.3895    10.3894   3.856605   3.858704     2.3007      98.49     0.3311 5.7209e+00 3.5085e+02     53.338 280.502805    5.87291    35.0957    35.1171    26.9596    1491.87    1491.61 0.0000e+00
       1306     34.000    10.3895    10.3894   3.856635   3.858742     2.2984      90.40     0.3226 5.3713e+00 3.5684e+02     54.356 280.502817    5.86655    35.0956    35.1171    26.9595    1491.89    1491.62 0.0000e+00
       1331     35.000    10.3897    10.3895   3.856723   3.858810     2.2985      77.40     0.3210 5.0053e+00 3.6463e+02     55.414 280.502829    5.87552    35.0958    35.1172    26.9596    1491.91    1491.62 0.0000e+00
       1354     36.000    10.3899    10.3898   3.856775   3.858883     2.2975      98.97     0.3269 4.6365e+00 3.6739e+02     56.380 280.502840    5.86294    35.0957    35.1172    26.9595    1491.92    1491.63 0.0000e+00
       1375     37.000    10.3901    10.3899   3.856833   3.858946     2.2963      98.84     0.3312 4.2989e+00 3.6620e+02     57.236 280.502850    5.86264    35.0956    35.1173    26.9594    1491.94    1491.64 0.0000e+00
       1395     38.000    10.3902    10.3901   3.856895   3.858994     2.2959      59.33     0.3343 3.9884e+00 3.6088e+02     58.087 280.502860    5.88421    35.0957    35.1171    26.9595    1491.96    1491.65 0.0000e+00
       1416     39.000    10.3904    10.3902   3.856955   3.859058     2.2997      99.11     0.3337 3.6746e+00 3.5642e+02     58.965 280.502870    5.89922    35.0957    35.1172    26.9594    1491.97    1491.66 0.0000e+00
       1437     40.000    10.3906    10.3904   3.857017   3.859123     2.2998      98.80     0.3255 3.4140e+00 3.5570e+02     59.822 280.502880    5.87406    35.0956    35.1172    26.9593    1491.99    1491.67 0.0000e+00
       1457     41.000    10.3908    10.3907   3.857087   3.859191     2.2976      76.14     0.3240 3.1908e+00 3.5778e+02     60.655 280.502890    5.86576    35.0957    35.1171    26.9594    1492.01    1491.67 0.0000e+00
       1477     42.000    10.3909    10.3908   3.857145   3.859249     2.2973      80.58     0.3200 2.9789e+00 3.6050e+02     61.493 280.502899    5.87882    35.0957    35.1172    26.9594    1492.03    1491.68 0.0000e+00
       1498     43.000    10.3910    10.3910   3.857198   3.859304     2.2979      98.54     0.3189 2.7796e+00 3.6361e+02     62.381 280.502910    5.88235    35.0957    35.1171    26.9593    1492.04    1491.69 0.0000e+00
       1523     44.000    10.3909    10.3910   3.857235   3.859346     2.2977      84.77     0.3227 2.6027e+00 3.6543e+02     63.418 280.502921    5.87645    35.0957    35.1170    26.9594    1492.06    1491.70 0.0000e+00
       1551     45.000    10.3910    10.3908   3.857284   3.859382     2.2976      79.22     0.3211 2.4400e+00 3.6543e+02     64.567 280.502935    5.88608    35.0956    35.1171    26.9593    1492.07    1491.71 0.0000e+00
       1575     46.000    10.3915    10.3914   3.857389   3.859484     2.2987      99.19     0.3211 2.2705e+00 3.6581e+02     65.563 280.502946    5.88832    35.0958    35.1171    26.9593    1492.09    1491.72 0.0000e+00
       1594     47.000    10.3916    10.3915   3.857448   3.859556     2.2988      93.35     0.3218 2.1079e+00 3.6832e+02     66.381 280.502956    5.87078    35.0958    35.1173    26.9593    1492.11    1491.72 0.0000e+00
       1612     48.000    10.3917    10.3916   3.857504   3.859607     2.2955      53.06     0.3213 1.9473e+00 3.7186e+02     67.135 280.502964    5.85615    35.0958    35.1173    26.9593    1492.13    1491.73 0.0000e+00
       1632     49.000    10.3919    10.3917   3.857563   3.859668     2.2945      97.65     0.3209 1.7981e+00 3.7516e+02     67.939 280.502974    5.86390    35.0958    35.1173    26.9592    1492.14    1491.74 0.0000e+00
       1655     50.000    10.3916    10.3915   3.857588   3.859684     2.2934      98.78     0.3318 1.6622e+00 3.7692e+02     68.907 280.502985    5.86199    35.0959    35.1172    26.9593    1492.16    1491.75 0.0000e+00
       1681     51.000    10.3916    10.3919   3.857623   3.859757     2.2925      58.26     0.3377 1.5535e+00 3.7440e+02     69.981 280.502998    5.87184    35.0957    35.1171    26.9593    1492.18    1491.76 0.0000e+00
       1704     52.000    10.3931    10.3929   3.857813   3.859906     2.2943      99.78     0.3362 1.4549e+00 3.7155e+02     70.961 280.503009    5.87838    35.0958    35.1172    26.9590    1492.20    1491.77 0.0000e+00
       1724     53.000    10.3929    10.3928   3.857830   3.859940     2.2935      98.75     0.3283 1.3630e+00 3.7125e+02     71.787 280.503018    5.86482    35.0957    35.1172    26.9590    1492.21    1491.77 0.0000e+00
       1741     54.000    10.3929    10.3928   3.857870   3.859975     2.2928      84.12     0.3233 1.2719e+00 3.7334e+02     72.505 280.503027    5.86434    35.0956    35.1171    26.9589    1492.23    1491.78 0.0000e+00
       1759     55.000    10.3928    10.3927   3.857917   3.860022     2.2923      60.28     0.3202 1.1823e+00 3.7801e+02     73.262 280.503035    5.86639    35.0957    35.1172    26.9590    1492.25    1491.79 0.0000e+00
       1782     56.000    10.3928    10.3927   3.857956   3.860056     2.2918      97.42     0.3254 1.0936e+00 3.8415e+02     74.217 280.503046    5.86939    35.0957    35.1171    26.9590    1492.26    1491.80 0.0000e+00
       1816     57.000    10.3930    10.3927   3.858014   3.860111     2.2924      73.49     0.3227 1.0105e+00 3.8765e+02     75.620 280.503063    5.87369    35.0956    35.1172    26.9589    1492.28    1491.81 0.0000e+00
       1855     58.000    10.3931    10.3929   3.858080   3.860176     2.2932     100.16     0.3500 9.4361e-01 3.8265e+02     77.229 280.503081    5.88071    35.0957    35.1172    26.9590    1492.30    1491.82 0.0000e+00
       1877     59.000    10.3932    10.3931   3.858155   3.860246     2.2941      98.66     0.3349 8.7918e-01 3.7821e+02     78.168 280.503092    5.88616    35.0959    35.1172    26.9591    1492.31    1491.83 0.0000e+00
       1894     60.000    10.3934    10.3933   3.858209   3.860306     2.2946      47.51     0.3269 8.0549e-01 3.7718e+02     78.879 280.503100    5.89256    35.0958    35.1172    26.9590    1492.33    1491.83 0.0000e+00
       1911     61.000    10.3934    10.3933   3.858244   3.860350     2.2963      83.00     0.3211 7.5055e-01 3.7935e+02     79.576 280.503109    5.89334    35.0957    35.1172    26.9589    1492.35    1491.84 0.0000e+00
       1931     62.000    10.3936    10.3935   3.858320   3.860426     2.2955      97.28     0.3197 6.9937e-01 3.8369e+02     80.413 280.503118    5.87019    35.0958    35.1173    26.9590    1492.36    1491.85 0.0000e+00
       1955     63.000    10.3937    10.3937   3.858386   3.860493     2.2922      83.66     0.3162 6.4237e-01 3.8834e+02     81.398 280.503130    5.85004    35.0959    35.1173    26.9590    1492.38    1491.86 0.0000e+00
       1979     64.000    10.3936    10.3927   3.858416   3.860507     2.2891      66.75     0.3214 5.9497e-01 3.9017e+02     82.415 280.503141    5.86481    35.0959    35.1180    26.9590    1492.40    1491.87 0.0000e+00
       2004     65.000    10.3162    10.3105   3.855177   3.856991     2.2914      98.32     0.3205 5.6234e-01 3.8715e+02     83.449 280.503153    5.88944    35.1374    35.1613    27.0049    1492.19    1491.87 0.0000e+00
       2029     66.000    10.1510    10.1606   3.846591   3.849146     2.2902      79.31     0.2523 5.2244e-01 3.8379e+02     84.481 280.503165    5.87334    35.2097    35.2265    27.0902    1491.70    1491.87 0.0000e+00
       2050     67.000    10.0226    10.0214   3.839917   3.841863     2.2858      61.10     0.1583 4.8334e-01 3.8420e+02     85.382 280.503176    5.84797    35.2661    35.2873    27.1564    1491.33    1491.86 0.0000e+00
       2070     68.000    10.0109    10.0108   3.839102   3.841111     2.2776      98.78     0.0992 4.5985e-01 3.8647e+02     86.191 280.503185    5.78038    35.2688    35.2894    27.1605    1491.31    1491.85 0.0000e+00
       2089     69.000     9.9845     9.9844   3.837467   3.839482     2.2650      98.64     0.0668 4.3970e-01 3.8869e+02     86.989 280.503194    5.69703    35.2773    35.2981    27.1717    1491.24    1491.84 0.0000e+00
       2109     70.000     9.9596     9.9591   3.835986   3.837998     2.2457      48.64     0.0479 4.2385e-01 3.8885e+02     87.836 280.503204    5.61162    35.2860    35.3071    27.1828    1491.18    1491.84 0.0000e+00
       2132     71.000     9.9490     9.9492   3.835429   3.837510     2.2251      91.43     0.0369 4.1170e-01 3.8876e+02     88.781 280.503215    5.55803    35.2902    35.3113    27.1878    1491.16    1491.83 0.0000e+00
       2156     72.000     9.9319     9.9319   3.834145   3.836203     2.2052      98.78     0.0282 3.9507e-01 3.8709e+02     89.809 280.503227    5.51748    35.2933    35.3144    27.1932    1491.12    1491.82 0.0000e+00
       2180     73.000     9.9334     9.9331   3.834805   3.836816     2.1892      50.83     0.0242 3.7940e-01 3.8680e+02     90.810 280.503239    5.49181    35.2981    35.3190    27.1967    1491.15    1491.81 0.0000e+00
       2203     74.000     9.9326     9.9326   3.835046   3.837109     2.1790      90.57     0.0222 3.7001e-01 3.8771e+02     91.744 280.503249    5.49954    35.3009    35.3221    27.1990    1491.17    1491.80 0.0000e+00
       2225     75.000     9.9060     9.9061   3.832892   3.834968     2.1736      98.82     0.0257 3.5705e-01 3.9049e+02     92.663 280.503260    5.50295    35.3043    35.3256    27.2063    1491.09    1491.79 0.0000e+00
       2247     76.000     9.8855     9.8851   3.831173   3.833223     2.1679      68.86     0.0213 3.4136e-01 3.9351e+02     93.584 280.503271    5.48304    35.3063    35.3277    27.2113    1491.04    1491.78 0.0000e+00
