_data/ctd/2018/sta0385_2018.cnv
* Sea-Bird SBE 9 Data File:
* FileName = C:\Seabird\CTDData\sta0385.hex
* Software Version Seasave V 7.21f
* Temperature SN = 4557
* Conductivity SN = 1337
* Number of Bytes Per Scan = 40
* Number of Voltage Words = 5
* Number of Scans Averaged by the Deck Unit = 1
* NMEA Latitude = 60 45.04 N
* NMEA Longitude = 004 17.08 E
* NMEA UTC (Time) = Oct 07 2018 01:37:13
* NMEA baud rate = 4800
** Ship: 10 F/F "G. O. Sars"
** Station: 0385
** Echodepth: 314
** Log: 4497.646
** Wind-Dir Force: 30 09
** Air-temp (dry): 8.0
** Weather Sky: 2 7
** Sea Ice: 3 0
# nquan = 20                                
# nvalues = 304                         
# units = specified
# name 0 = scan: Scan Count
# name 1 = prDM: Pressure, Digiquartz [db]
# name 2 = t068C: Temperature [ITS-68, deg C]
# name 3 = t168C: Temperature, 2 [ITS-68, deg C]
# name 4 = c0S/m: Conductivity [S/m]
# name 5 = c1S/m: Conductivity, 2 [S/m]
# name 6 = sbeox0V: Oxygen raw, SBE 43 [V]
# name 7 = altM: Altimeter [m]
# name 8 = flC: Fluorescence, Chelsea Aqua 3 Chl Con [ug/l]
# name 9 = par: PAR/Irradiance, Biospherical/Licor
# name 10 = spar: SPAR/Surface Irradiance
# name 11 = timeS: Time, Elapsed [seconds]
# name 12 = timeJ: Julian Days
# name 13 = sbeox0ML/L: Oxygen, SBE 43 [ml/l], WS = 2
# name 14 = sal00: Salinity, Practical [PSU]
# name 15 = sal11: Salinity, Practical, 2 [PSU]
# name 16 = sigma-t00: Density [sigma-t, Kg/m^3 ]
# name 17 = svCM: Sound Velocity [Chen-Millero, m/s]
# name 18 = avgsvCM: Average Sound Velocity [Chen-Millero, m/s], minP = 1, minS = 5
# name 19 = flag: flag
# span 0 =        134,       7372       
# span 1 =      5.000,    308.000       
# span 2 =     6.3437,    11.7662       
# span 3 =     6.3433,    11.7660       
# span 4 =   3.495691,   3.948362       
# span 5 =   3.498396,   3.951327       
# span 6 =     1.9620,     2.3224       
# span 7 =      10.87,      99.79       
# span 8 =     0.0178,     0.5049       
# span 9 = 5.1225e-02, 8.2187e-01       
# span 10 = 1.9438e+00, 1.9438e+00      
# span 11 =      5.547,    307.121      
# span 12 = 280.067599, 280.071089      
# span 13 =    5.30509,    5.83356      
# span 14 =    33.0378,    35.1940      
# span 15 =    33.0669,    35.2247      
# span 16 =    25.1292,    27.6334      
# span 17 =    1480.87,    1495.72      
# span 18 =    1486.11,    1494.31      
# span 19 = 0.0000e+00, 0.0000e+00      
# interval = decibars: 1                
# start_time = Oct 07 2018 01:37:15 [System UTC, header]
# bad_flag = -9.990e-29
*END*
[from data line 73]
       2061     78.000     9.8047     9.8012   3.809950   3.812110     2.1817      98.73     0.0499 5.1267e-02 1.9438e+00     85.824 280.068528    5.59763    35.1661    35.1917    27.1155    1490.61    1493.31 0.0000e+00
       2083     79.000     9.6597     9.6585   3.794137   3.796896     2.1815      98.73     0.0475 5.1259e-02 1.9438e+00     86.741 280.068539    5.59726    35.1443    35.1740    27.1229    1490.07    1493.27 0.0000e+00
       2102     80.000     9.6257     9.6237   3.790417   3.793208     2.1787      98.73     0.0506 5.1281e-02 1.9438e+00     87.553 280.068548    5.57532    35.1387    35.1695    27.1242    1489.96    1493.23 0.0000e+00
       2120     81.000     9.6193     9.6146   3.789633   3.791746     2.1752      98.73     0.0555 5.1273e-02 1.9438e+00     88.275 280.068557    5.55601    35.1364    35.1628    27.1235    1489.95    1493.19 0.0000e+00
       2137     82.000     9.4577     9.4514   3.771967   3.773930     2.1706      98.71     0.0527 5.1273e-02 1.9438e+00     88.994 280.068565    5.56743    35.1112    35.1378    27.1308    1489.35    1493.14 0.0000e+00
       2156     83.000     9.3250     9.3113   3.758073   3.759325     2.1678      98.60     0.0524 5.1266e-02 1.9438e+00     89.783 280.068574    5.58169    35.0966    35.1231    27.1413    1488.87    1493.09 0.0000e+00
       2179     84.000     9.1991     9.1921   3.744895   3.746942     2.1633      61.65     0.0477 5.1279e-02 1.9438e+00     90.730 280.068585    5.58278    35.0825    35.1108    27.1509    1488.40    1493.03 0.0000e+00
       2205     85.000     9.0242     9.0128   3.726416   3.727867     2.1591      94.07     0.0434 5.1263e-02 1.9438e+00     91.847 280.068598    5.59092    35.0609    35.0874    27.1624    1487.75    1492.97 0.0000e+00
       2232     86.000     8.8781     8.8742   3.710864   3.713171     2.1533      98.38     0.0408 5.1273e-02 1.9438e+00     92.944 280.068610    5.58718    35.0413    35.0694    27.1704    1487.21    1492.90 0.0000e+00
       2255     87.000     8.8505     8.8393   3.707947   3.709480     2.1486      98.29     0.0398 5.1273e-02 1.9438e+00     93.904 280.068622    5.57841    35.0374    35.0646    27.1718    1487.12    1492.84 0.0000e+00
       2276     88.000     8.7636     8.7610   3.698734   3.701076     2.1446      98.17     0.0383 5.1273e-02 1.9438e+00     94.807 280.068632    5.58135    35.0257    35.0530    27.1764    1486.80    1492.77 0.0000e+00
       2297     89.000     8.6804     8.6802   3.690242   3.692800     2.1415      96.82     0.0373 5.1266e-02 1.9438e+00     95.649 280.068642    5.58645    35.0179    35.0451    27.1834    1486.50    1492.70 0.0000e+00
       2315     90.000     8.6474     8.6456   3.686637   3.689204     2.1385      83.50     0.0371 5.1273e-02 1.9438e+00     96.437 280.068651    5.57977    35.0119    35.0409    27.1840    1486.38    1492.63 0.0000e+00
       2333     91.000     8.6114     8.6108   3.683128   3.685846     2.1355      49.61     0.0369 5.1273e-02 1.9438e+00     97.185 280.068659    5.58654    35.0100    35.0393    27.1881    1486.26    1492.56 0.0000e+00
       2352     92.000     8.5920     8.5915   3.681508   3.684267     2.1348      96.08     0.0385 5.1273e-02 1.9438e+00     97.952 280.068668    5.59721    35.0116    35.0413    27.1924    1486.21    1492.49 0.0000e+00
       2373     93.000     8.5743     8.5729   3.679892   3.682507     2.1336      95.89     0.0387 5.1273e-02 1.9438e+00     98.833 280.068679    5.58931    35.0115    35.0406    27.1951    1486.16    1492.42 0.0000e+00
       2396     94.000     8.4931     8.4922   3.671657   3.674339     2.1308      95.95     0.0344 5.1267e-02 1.9438e+00     99.796 280.068690    5.58604    35.0042    35.0336    27.2021    1485.87    1492.35 0.0000e+00
       2418     95.000     8.4471     8.4460   3.667041   3.669714     2.1288      95.75     0.0313 5.1273e-02 1.9438e+00    100.720 280.068700    5.59502    35.0004    35.0299    27.2062    1485.71    1492.28 0.0000e+00
       2439     96.000     8.4173     8.4163   3.663914   3.666595     2.1276      95.41     0.0330 5.1266e-02 1.9438e+00    101.580 280.068710    5.59357    34.9962    35.0258    27.2076    1485.61    1492.21 0.0000e+00
       2460     97.000     8.3755     8.3738   3.659649   3.662257     2.1254      71.38     0.0345 5.1261e-02 1.9438e+00    102.476 280.068721    5.58813    34.9919    35.0214    27.2106    1485.46    1492.14 0.0000e+00
       2487     98.000     8.3194     8.3183   3.653983   3.656668     2.1233      72.56     0.0350 5.1268e-02 1.9438e+00    103.568 280.068733    5.58974    34.9868    35.0166    27.2153    1485.26    1492.07 0.0000e+00
       2522     99.000     8.2450     8.2447   3.646414   3.649162     2.1180      92.55     0.0333 5.1261e-02 1.9438e+00    105.026 280.068750    5.57057    34.9796    35.0093    27.2210    1484.99    1492.00 0.0000e+00
       2549    100.000     8.1937     8.1933   3.641783   3.644593     2.1150      93.03     0.0298 5.1252e-02 1.9438e+00    106.185 280.068764    5.58311    34.9807    35.0112    27.2298    1484.82    1491.93 0.0000e+00
       2567    101.000     8.2042     8.2042   3.643617   3.646523     2.1137      98.39     0.0307 5.1273e-02 1.9438e+00    106.925 280.068772    5.57866    34.9894    35.0205    27.2350    1484.88    1491.86 0.0000e+00
       2583    102.000     8.2257     8.2249   3.646694   3.649533     2.1124      98.70     0.0326 5.1273e-02 1.9438e+00    107.564 280.068780    5.57523    35.0004    35.0315    27.2403    1484.99    1491.79 0.0000e+00
       2599    103.000     8.2306     8.2295   3.647477   3.650249     2.1122      92.71     0.0318 5.1265e-02 1.9438e+00    108.258 280.068788    5.57125    35.0034    35.0341    27.2419    1485.03    1491.72 0.0000e+00
       2619    104.000     8.2245     8.2246   3.647214   3.650167     2.1101      39.71     0.0307 5.1292e-02 1.9438e+00    109.088 280.068797    5.56750    35.0062    35.0376    27.2450    1485.03    1491.66 0.0000e+00
       2643    105.000     8.2383     8.2375   3.649386   3.652217     2.1094      97.66     0.0267 5.1273e-02 1.9438e+00    110.066 280.068809    5.56878    35.0151    35.0462    27.2499    1485.11    1491.59 0.0000e+00
       2668    106.000     8.2246     8.2230   3.648216   3.650965     2.1091      98.74     0.0268 5.1273e-02 1.9438e+00    111.119 280.068821    5.58092    35.0158    35.0468    27.2526    1485.07    1491.53 0.0000e+00
       2692    107.000     8.2142     8.2137   3.647397   3.650247     2.1099      98.74     0.0297 5.1273e-02 1.9438e+00    112.143 280.068833    5.58421    35.0169    35.0479    27.2550    1485.05    1491.47 0.0000e+00
       2717    108.000     8.2062     8.2052   3.646802   3.649615     2.1099      98.73     0.0298 5.1273e-02 1.9438e+00    113.178 280.068845    5.58319    35.0181    35.0491    27.2572    1485.04    1491.41 0.0000e+00
       2742    109.000     8.1986     8.1977   3.646233   3.649068     2.1098      94.06     0.0269 5.1273e-02 1.9438e+00    114.196 280.068856    5.57411    35.0191    35.0503    27.2591    1485.03    1491.35 0.0000e+00
       2764    110.000     8.1986     8.1984   3.646694   3.649599     2.1074      28.96     0.0258 5.1322e-02 1.9438e+00    115.130 280.068867    5.55745    35.0235    35.0548    27.2626    1485.05    1491.30 0.0000e+00
       2784    111.000     8.2126     8.2135   3.648719   3.651870     2.1059      99.79     0.0250 5.1272e-02 1.9438e+00    115.950 280.068877    5.55338    35.0307    35.0635    27.2661    1485.13    1491.24 0.0000e+00
       2802    112.000     8.1960     8.1962   3.647945   3.650804     2.1043      98.74     0.0241 5.1273e-02 1.9438e+00    116.697 280.068885    5.54893    35.0385    35.0689    27.2748    1485.09    1491.19 0.0000e+00
       2819    113.000     8.1502     8.1528   3.643906   3.647067     2.1027      83.34     0.0255 5.1273e-02 1.9438e+00    117.402 280.068894    5.55110    35.0405    35.0718    27.2833    1484.94    1491.13 0.0000e+00
       2836    114.000     8.1406     8.1398   3.642962   3.645763     2.1014      28.21     0.0261 5.1281e-02 1.9438e+00    118.119 280.068902    5.55744    35.0395    35.0703    27.2840    1484.92    1491.08 0.0000e+00
       2854    115.000     8.1422     8.1411   3.643239   3.646040     2.1013      98.44     0.0249 5.1273e-02 1.9438e+00    118.895 280.068911    5.55608    35.0404    35.0715    27.2844    1484.94    1491.02 0.0000e+00
       2876    116.000     8.1600     8.1589   3.645449   3.648254     2.0994      98.33     0.0277 5.1273e-02 1.9438e+00    119.797 280.068921    5.54303    35.0458    35.0769    27.2860    1485.03    1490.97 0.0000e+00
       2902    117.000     8.2136     8.2131   3.651737   3.654634     2.0982      97.95     0.0275 5.1268e-02 1.9438e+00    120.872 280.068934    5.54325    35.0591    35.0906    27.2882    1485.27    1490.92 0.0000e+00
       2933    118.000     8.2344     8.2342   3.654158   3.657090     2.0991      97.56     0.0276 5.1265e-02 1.9438e+00    122.173 280.068949    5.55752    35.0637    35.0952    27.2887    1485.37    1490.87 0.0000e+00
       2969    119.000     8.2590     8.2591   3.657196   3.660181     2.1010      54.00     0.0269 5.1287e-02 1.9438e+00    123.658 280.068966    5.56291    35.0711    35.1029    27.2907    1485.49    1490.83 0.0000e+00
       2996    120.000     8.2503     8.2498   3.656654   3.659533     2.1034      91.50     0.0276 5.1266e-02 1.9438e+00    124.773 280.068979    5.57310    35.0735    35.1048    27.2940    1485.47    1490.78 0.0000e+00
       3015    121.000     8.2341     8.2351   3.655092   3.658132     2.1033      98.06     0.0280 5.1265e-02 -9.990e-29    125.568 280.068988    5.56398    35.0725    35.1040    27.2956    1485.43    1490.74 0.0000e+00
       3033    122.000     8.2221     8.2220   3.653965   3.656920     2.1035      98.37     0.0253 5.1281e-02 -9.990e-29    126.314 280.068997    5.56202    35.0720    35.1037    27.2971    1485.40    1490.70 0.0000e+00
       3051    123.000     8.2470     8.2450   3.656933   3.659714     2.1026      95.53     0.0264 5.1273e-02 -9.990e-29    127.100 280.069006    5.55274    35.0784    35.1101    27.2982    1485.52    1490.65 0.0000e+00
       3071    124.000     8.2528     8.2514   3.657566   3.660260     2.1019      95.12     0.0243 5.1251e-02 -9.990e-29    127.902 280.069015    5.55106    35.0788    35.1090    27.2977    1485.55    1490.61 0.0000e+00
       3090    125.000     8.1755     8.1725   3.649149   3.651656     2.1014      96.23     0.0231 5.1265e-02 -9.990e-29    128.705 280.069024    5.56115    35.0656    35.0954    27.2991    1485.26    1490.57 0.0000e+00
       3109    126.000     8.1690     8.1698   3.648985   3.652208     2.1005      96.92     0.0231 5.1258e-02 -9.990e-29    129.504 280.069034    5.54808    35.0698    35.1035    27.3035    1485.26    1490.53 0.0000e+00
       3130    127.000     8.2344     8.2332   3.656563   3.659343     2.0980      98.67     0.0263 5.1273e-02 -9.990e-29    130.359 280.069044    5.53042    35.0850    35.1159    27.3054    1485.54    1490.49 0.0000e+00
       3158    128.000     8.2264     8.2264   3.655764   3.658699     2.0967      98.74     0.0265 5.1273e-02 -9.990e-29    131.546 280.069057    5.54119    35.0840    35.1154    27.3058    1485.53    1490.45 0.0000e+00
       3229    129.000     8.2366     8.2326   3.656413   3.658963     2.0973      98.73     0.0255 5.1273e-02 1.9438e+00    134.515 280.069092    5.55465    35.0803    35.1115    27.3013    1485.58    1490.41 0.0000e+00
       3262    130.000     8.3221     8.3209   3.667433   3.670468     2.0985      98.73     0.0259 5.1258e-02 1.9438e+00    135.875 280.069107    5.55303    35.1121    35.1456    27.3132    1485.95    1490.38 0.0000e+00
       3279    131.000     8.4035     8.4052   3.676813   3.680045     2.0999      98.73     0.0244 5.1273e-02 1.9438e+00    136.580 280.069116    5.54979    35.1303    35.1630    27.3149    1486.30    1490.34 0.0000e+00
       3295    132.000     8.4242     8.4245   3.679242   3.682298     2.1012      98.73     0.0246 5.1273e-02 1.9438e+00    137.230 280.069123    5.54991    35.1350    35.1672    27.3154    1486.40    1490.31 0.0000e+00
       3312    133.000     8.4081     8.4126   3.677485   3.680932     2.1022      98.73     0.0244 5.1273e-02 1.9438e+00    137.968 280.069132    5.55289    35.1319    35.1641    27.3155    1486.35    1490.28 0.0000e+00
       3332    134.000     8.3374     8.3402   3.669704   3.672831     2.1030      98.73     0.0242 5.1273e-02 1.9438e+00    138.793 280.069141    5.55897    35.1191    35.1496    27.3163    1486.08    1490.25 0.0000e+00
       3356    135.000     8.2661     8.2662   3.662339   3.665220     2.1020      98.73     0.0272 5.1273e-02 1.9438e+00    139.811 280.069153    5.54736    35.1112    35.1419    27.3211    1485.82    1490.22 0.0000e+00
       3401    136.000     8.2572     8.2603   3.661473   3.664735     2.0993      98.74     0.0260 5.1273e-02 1.9438e+00    141.666 280.069174    5.54804    35.1104    35.1421    27.3218    1485.81    1490.19 0.0000e+00
       3462    137.000     8.2247     8.2023   3.657417   3.657992     2.1014      98.73     0.0293 5.1273e-02 1.9438e+00    144.213 280.069204    5.57659    35.0990    35.1275    27.3179    1485.69    1490.16 0.0000e+00
       3480    138.000     8.0357     8.0356   3.637698   3.640241     2.1014      98.74     0.0250 5.1264e-02 1.9438e+00    144.953 280.069212    5.58462    35.0763    35.1037    27.3288    1484.97    1490.12 0.0000e+00
       3496    139.000     7.9625     7.9635   3.629992   3.632804     2.0998      98.74     0.0236 5.1273e-02 1.9438e+00    145.606 280.069220    5.57217    35.0664    35.0956    27.3320    1484.69    1490.08 0.0000e+00
       3515    140.000     7.9283     7.9279   3.626133   3.628835     2.0961      98.74     0.0245 5.1246e-02 1.9438e+00    146.408 280.069229    5.55535    35.0586    35.0881    27.3310    1484.57    1490.04 0.0000e+00
       3537    141.000     7.8691     7.8680   3.619830   3.622465     2.0921      98.74     0.0282 5.1273e-02 1.9438e+00    147.342 280.069240    5.55552    35.0496    35.0791    27.3328    1484.35    1490.00 0.0000e+00
       3560    142.000     7.8384     7.8410   3.616515   3.619544     2.0889      98.74     0.0285 5.1273e-02 1.9438e+00    148.311 280.069251    5.55788    35.0442    35.0743    27.3331    1484.25    1489.96 0.0000e+00
       3582    143.000     7.7974     7.7966   3.612125   3.614756     2.0869      98.74     0.0272 5.1273e-02 1.9438e+00    149.223 280.069262    5.57212    35.0375    35.0667    27.3339    1484.10    1489.92 0.0000e+00
       3603    144.000     7.7597     7.7575   3.608149   3.610641     2.0868      98.74     0.0246 5.1273e-02 1.9438e+00    150.095 280.069272    5.58560    35.0319    35.0610    27.3351    1483.97    1489.87 0.0000e+00
       3624    145.000     7.7250     7.7237   3.604437   3.607047     2.0863      98.74     0.0274 5.1273e-02 1.9438e+00    150.977 280.069282    5.57860    35.0261    35.0557    27.3357    1483.84    1489.83 0.0000e+00
       3648    146.000     7.6740     7.6746   3.599083   3.601959     2.0838      98.73     0.0292 5.1273e-02 1.9438e+00    151.946 280.069293    5.56605    35.0190    35.0495    27.3375    1483.66    1489.79 0.0000e+00
       3672    147.000     7.6314     7.6319   3.594827   3.597655     2.0814      98.74     0.0285 5.1273e-02 1.9438e+00    152.960 280.069305    5.57471    35.0152    35.0454    27.3408    1483.51    1489.75 0.0000e+00
       3695    148.000     7.6201     7.6196   3.593789   3.596520     2.0804      98.74     0.0269 5.1260e-02 1.9438e+00    153.902 280.069316    5.57873    35.0148    35.0449    27.3422    1483.48    1489.71 0.0000e+00
