_data/ctd/2018/sta0399_2018.cnv
* Sea-Bird SBE 9 Data File:
* FileName = C:\Seabird\CTDData\sta0399.hex
* Software Version Seasave V 7.21f
* Temperature SN = 4557
* Conductivity SN = 1337
* Number of Bytes Per Scan = 40
* Number of Voltage Words = 5
* Number of Scans Averaged by the Deck Unit = 1
* NMEA Latitude = 61 18.74 N
* NMEA Longitude = 001 20.22 W
* NMEA UTC (Time) = Oct 10 2018 01:50:57
* NMEA baud rate = 4800
** Ship: 10 F/F "G. O. Sars"
** Station: 0399
** Echodepth: 215
** Log: 4927.576
** Wind-Dir Force: 18 12
** Air-temp (dry): 10.5
** Weather Sky: 0 6
** Sea Ice: 3 0
# nquan = 20                                
# nvalues = 200                         
# units = specified
# name 0 = scan: Scan Count
# name 1 = prDM: Pressure, Digiquartz [db]
# name 2 = t068C: Temperature [ITS-68, deg C]
# name 3 = t168C: Temperature, 2 [ITS-68, deg C]
# name 4 = c0S/m: Conductivity [S/m]
# name 5 = c1S/m: Conductivity, 2 [S/m]
# name 6 = sbeox0V: Oxygen raw, SBE 43 [V]
# name 7 = altM: Altimeter [m]
# name 8 = flC: Fluorescence, Chelsea Aqua 3 Chl Con [ug/l]
# name 9 = par: PAR/Irradiance, Biospherical/Licor
# name 10 = spar: SPAR/Surface Irradiance
# name 11 = timeS: Time, Elapsed [seconds]
# name 12 = timeJ: Julian Days
# name 13 = sbeox0ML/L: Oxygen, SBE 43 [ml/l], WS = 2
# name 14 = sal00: Salinity, Practical [PSU]
# name 15 = sal11: Salinity, Practical, 2 [PSU]
# name 16 = sigma-t00: Density [sigma-t, Kg/m^3 ]
# name 17 = svCM: Sound Velocity [Chen-Millero, m/s]
# name 18 = avgsvCM: Average Sound Velocity [Chen-Millero, m/s], minP = 1, minS = 5
# name 19 = flag: flag
# span 0 =         74,       4860       
# span 1 =      6.000,    205.000       
# span 2 =    10.0206,    10.3458       
# span 3 =    10.0211,    10.3464       
# span 4 =   3.852696,   3.871343       
# span 5 =   3.854531,   3.873192       
# span 6 =     2.0534,     2.2821       
# span 7 =      14.16,      99.35       
# span 8 =     0.0219,     0.1578       
# span 9 = 5.1210e-02, 5.9934e-01       
# span 10 = 3.5138e-01, 1.9492e+00      
# span 11 =      3.024,    202.470      
# span 12 = 283.077107, 283.079415      
# span 13 =    5.15413,    5.82681      
# span 14 =    35.1996,    35.3462      
# span 15 =    35.2184,    35.3645      
# span 16 =    27.0506,    27.2181      
# span 17 =    1491.34,    1493.70      
# span 18 =    1491.34,    1492.57      
# span 19 = 0.0000e+00, 0.0000e+00      
# interval = decibars: 1                
# start_time = Oct 10 2018 01:50:59 [System UTC, header]
# bad_flag = -9.990e-29
*END*
         74      6.000    10.3306    10.3311   3.860052   3.861972     2.2815      95.63     0.1115 5.9934e-01 1.8488e+00      3.024 283.077107    5.80807    35.2003    35.2193    27.0515    1491.34    1491.34 0.0000e+00
        281      7.000    10.3301    10.3304   3.860001   3.861901     2.2821      86.26     0.1458 5.2942e-01 1.9455e+00     11.684 283.077207    5.81007    35.1998    35.2188    27.0512    1491.36    1491.35 0.0000e+00
        451      8.000    10.3305    10.3307   3.860070   3.861948     2.2807      96.02     0.1428 3.8490e-01 -9.990e-29     18.763 283.077289    5.79227    35.1996    35.2185    27.0510    1491.38    1491.35 0.0000e+00
        475      9.000    10.3318    10.3319   3.860266   3.862143     2.2792      89.10     0.1209 2.6960e-01 -9.990e-29     19.747 283.077300    5.79017    35.1999    35.2189    27.0510    1491.40    1491.36 0.0000e+00
        495     10.000    10.3330    10.3329   3.860441   3.862286     2.2786      91.08     0.1127 2.4925e-01 1.9438e+00     20.570 283.077310    5.78596    35.2000    35.2189    27.0509    1491.42    1491.36 0.0000e+00
        512     11.000    10.3332    10.3332   3.860516   3.862359     2.2771      95.66     0.1150 1.8296e-01 1.9438e+00     21.287 283.077318    5.77954    35.2002    35.2189    27.0510    1491.44    1491.37 0.0000e+00
        533     12.000    10.3334    10.3336   3.860574   3.862452     2.2760      95.73     0.1578 1.4384e-01 1.9438e+00     22.149 283.077328    5.77636    35.2001    35.2190    27.0509    1491.45    1491.38 0.0000e+00
        558     13.000    10.3337    10.3339   3.860651   3.862538     2.2742      86.47     0.1369 1.3457e-01 1.9438e+00     23.188 283.077340    5.78114    35.2001    35.2191    27.0509    1491.47    1491.38 0.0000e+00
        583     14.000    10.3332    10.3335   3.860644   3.862522     2.2754      94.67     0.1184 1.2560e-01 1.9438e+00     24.248 283.077352    5.79461    35.2001    35.2189    27.0509    1491.49    1491.39 0.0000e+00
        606     15.000    10.3330    10.3333   3.860637   3.862531     2.2760      94.75     0.1196 9.9763e-02 1.9438e+00     25.205 283.077363    5.78700    35.1997    35.2187    27.0507    1491.50    1491.40 0.0000e+00
        626     16.000    10.3331    10.3337   3.860709   3.862624     2.2744      79.88     0.1418 8.7805e-02 1.9438e+00     26.034 283.077373    5.77706    35.1999    35.2188    27.0508    1491.52    1491.41 0.0000e+00
        644     17.000    10.3332    10.3336   3.860766   3.862656     2.2742      95.37     0.1307 8.2594e-02 1.9438e+00     26.789 283.077382    5.77921    35.1999    35.2187    27.0508    1491.53    1491.41 0.0000e+00
        662     18.000    10.3334    10.3338   3.860827   3.862724     2.2730      92.70     0.1180 5.4933e-02 1.9438e+00     27.549 283.077391    5.77732    35.1999    35.2188    27.0507    1491.55    1491.42 0.0000e+00
        681     19.000    10.3338    10.3341   3.860923   3.862784     2.2731      90.36     0.1097 6.2709e-02 1.9438e+00     28.354 283.077400    5.78863    35.2000    35.2186    27.0507    1491.57    1491.43 0.0000e+00
        703     20.000    10.3339    10.3343   3.860973   3.862866     2.2745      79.77     0.1163 5.7800e-02 1.9438e+00     29.267 283.077410    5.80300    35.1999    35.2188    27.0507    1491.59    1491.44 0.0000e+00
        728     21.000    10.3344    10.3347   3.861088   3.862968     2.2764      98.65     0.1207 5.2148e-02 -9.990e-29     30.288 283.077422    5.80462    35.2002    35.2190    27.0508    1491.61    1491.44 0.0000e+00
        752     22.000    10.3345    10.3348   3.861143   3.863013     2.2771      98.72     0.1117 5.1350e-02 -9.990e-29     31.274 283.077434    5.79378    35.2002    35.2189    27.0508    1491.62    1491.45 0.0000e+00
        774     23.000    10.3350    10.3353   3.861248   3.863127     2.2750      80.49     0.1079 5.1239e-02 -9.990e-29     32.207 283.077445    5.78631    35.2003    35.2191    27.0508    1491.64    1491.46 0.0000e+00
        795     24.000    10.3344    10.3350   3.861229   3.863134     2.2756      98.88     0.1055 5.1273e-02 1.9438e+00     33.069 283.077455    5.80548    35.2002    35.2190    27.0508    1491.65    1491.47 0.0000e+00
        816     25.000    10.3323    10.3326   3.861049   3.862921     2.2772      98.74     0.1051 5.1273e-02 1.9438e+00     33.946 283.077465    5.80332    35.2000    35.2187    27.0510    1491.66    1491.48 0.0000e+00
        840     26.000    10.3323    10.3327   3.861085   3.862963     2.2757      84.33     0.1010 5.1236e-02 1.9438e+00     34.946 283.077476    5.79184    35.1999    35.2186    27.0509    1491.68    1491.48 0.0000e+00
        868     27.000    10.3327    10.3329   3.861164   3.863029     2.2761      98.52     0.1052 5.1268e-02 1.9438e+00     36.129 283.077490    5.79890    35.1998    35.2186    27.0508    1491.70    1491.49 0.0000e+00
        901     28.000    10.3332    10.3335   3.861238   3.863114     2.2748      89.45     0.1127 5.1253e-02 1.9438e+00     37.489 283.077506    5.79603    35.1996    35.2184    27.0506    1491.72    1491.50 0.0000e+00
        937     29.000    10.3332    10.3334   3.861304   3.863174     2.2774      95.75     0.1296 5.1250e-02 -9.990e-29     38.998 283.077523    5.81871    35.1998    35.2187    27.0507    1491.73    1491.51 0.0000e+00
        961     30.000    10.3332    10.3335   3.861396   3.863251     2.2777      98.82     0.1312 5.1274e-02 -9.990e-29     40.009 283.077535    5.79776    35.2003    35.2189    27.0511    1491.75    1491.52 0.0000e+00
        979     31.000    10.3333    10.3337   3.861420   3.863321     2.2761      85.73     0.1171 5.1246e-02 -9.990e-29     40.736 283.077543    5.79254    35.2000    35.2189    27.0508    1491.77    1491.52 0.0000e+00
        994     32.000    10.3334    10.3339   3.861476   3.863389     2.2754      81.30     0.1103 5.1244e-02 1.9438e+00     41.378 283.077551    5.80605    35.2000    35.2190    27.0508    1491.78    1491.53 0.0000e+00
       1011     33.000    10.3331    10.3335   3.861480   3.863359     2.2772      98.23     0.1081 5.1272e-02 1.9438e+00     42.065 283.077559    5.82034    35.1999    35.2186    27.0508    1491.80    1491.54 0.0000e+00
       1031     34.000    10.3331    10.3335   3.861515   3.863417     2.2783      98.60     0.1088 5.1267e-02 1.9438e+00     42.920 283.077569    5.80818    35.1998    35.2187    27.0507    1491.81    1491.55 0.0000e+00
       1056     35.000    10.3332    10.3337   3.861589   3.863473     2.2757      78.73     0.1089 5.1241e-02 1.9438e+00     43.963 283.077581    5.79219    35.1999    35.2186    27.0508    1491.83    1491.56 0.0000e+00
       1084     36.000    10.3332    10.3337   3.861632   3.863513     2.2754      98.66     0.1045 5.1273e-02 1.9438e+00     45.142 283.077594    5.80662    35.1999    35.2186    27.0508    1491.85    1491.56 0.0000e+00
       1116     37.000    10.3339    10.3343   3.861747   3.863619     2.2759      88.94     0.1166 5.1256e-02 1.9438e+00     46.464 283.077610    5.80466    35.2000    35.2186    27.0507    1491.87    1491.57 0.0000e+00
       1152     38.000    10.3337    10.3341   3.861819   3.863670     2.2758      93.44     0.1242 5.1257e-02 1.9438e+00     47.955 283.077627    5.81206    35.2004    35.2188    27.0511    1491.88    1491.58 0.0000e+00
       1181     39.000    10.3339    10.3343   3.861906   3.863787     2.2772      98.95     0.1092 5.1273e-02 1.9438e+00     49.179 283.077641    5.81246    35.2006    35.2194    27.0512    1491.90    1491.59 0.0000e+00
       1201     40.000    10.3341    10.3346   3.862006   3.863913     2.2762      68.36     0.1087 5.1264e-02 1.9438e+00     50.011 283.077651    5.80256    35.2010    35.2199    27.0515    1491.92    1491.60 0.0000e+00
       1218     41.000    10.3352    10.3355   3.862381   3.864247     2.2758      95.19     0.1466 5.1273e-02 -9.990e-29     50.689 283.077659    5.79955    35.2033    35.2220    27.0531    1491.94    1491.61 0.0000e+00
       1233     42.000    10.3352    10.3357   3.862459   3.864345     2.2745      98.72     0.1415 5.1273e-02 -9.990e-29     51.340 283.077666    5.79095    35.2036    35.2223    27.0533    1491.96    1491.61 0.0000e+00
       1250     43.000    10.3351    10.3356   3.862545   3.864432     2.2730      98.79     0.1432 5.1265e-02 -9.990e-29     52.054 283.077674    5.78602    35.2041    35.2228    27.0537    1491.98    1491.62 0.0000e+00
       1271     44.000    10.3351    10.3356   3.862578   3.864453     2.2714      72.46     0.1310 5.1267e-02 -9.990e-29     52.898 283.077684    5.79418    35.2040    35.2226    27.0536    1491.99    1491.63 0.0000e+00
       1295     45.000    10.3354    10.3358   3.862688   3.864526     2.2731      97.24     0.1240 5.1268e-02 1.9438e+00     53.935 283.077696    5.81196    35.2044    35.2227    27.0539    1492.01    1491.64 0.0000e+00
       1323     46.000    10.3356    10.3361   3.862776   3.864648     2.2736      98.68     0.1208 5.1273e-02 1.9438e+00     55.078 283.077709    5.80174    35.2046    35.2232    27.0540    1492.03    1491.65 0.0000e+00
       1348     47.000    10.3361    10.3365   3.862931   3.864802     2.2729      68.11     0.1176 5.1260e-02 1.9438e+00     56.120 283.077721    5.81220    35.2052    35.2239    27.0544    1492.05    1491.66 0.0000e+00
       1368     48.000    10.3384    10.3383   3.863396   3.865189     2.2756      99.15     0.1197 5.1281e-02 1.9438e+00     56.975 283.077731    5.82639    35.2073    35.2256    27.0556    1492.07    1491.67 0.0000e+00
       1387     49.000    10.3394    10.3399   3.863656   3.865522     2.2760      98.45     0.1405 5.1265e-02 1.9438e+00     57.736 283.077740    5.81812    35.2085    35.2270    27.0564    1492.09    1491.67 0.0000e+00
       1406     50.000    10.3400    10.3404   3.863745   3.865593     2.2763      89.57     0.1360 5.1273e-02 1.9438e+00     58.522 283.077749    5.81254    35.2083    35.2267    27.0562    1492.11    1491.68 0.0000e+00
       1427     51.000    10.3408    10.3413   3.863918   3.865798     2.2754      77.84     0.1392 5.1267e-02 -9.990e-29     59.432 283.077760    5.81052    35.2089    35.2275    27.0564    1492.13    1491.69 0.0000e+00
       1453     52.000    10.3406    10.3411   3.864045   3.865939     2.2752      99.05     0.1368 5.1267e-02 -9.990e-29     60.492 283.077772    5.80835    35.2099    35.2286    27.0573    1492.15    1491.70 0.0000e+00
       1478     53.000    10.3407    10.3412   3.864129   3.865980     2.2736      87.01     0.1347 5.1273e-02 -9.990e-29     61.540 283.077784    5.80010    35.2102    35.2285    27.0575    1492.17    1491.71 0.0000e+00
       1501     54.000    10.3408    10.3412   3.864257   3.866132     2.2736      78.90     0.1327 5.1266e-02 1.9438e+00     62.485 283.077795    5.82145    35.2109    35.2296    27.0580    1492.18    1491.72 0.0000e+00
       1522     55.000    10.3403    10.3409   3.864384   3.866242     2.2757      98.86     0.1339 5.1273e-02 1.9438e+00     63.379 283.077805    5.82681    35.2122    35.2305    27.0592    1492.20    1491.73 0.0000e+00
       1545     56.000    10.3400    10.3406   3.864454   3.866312     2.2757      96.20     0.1278 5.1273e-02 1.9438e+00     64.314 283.077816    5.80945    35.2128    35.2311    27.0596    1492.22    1491.74 0.0000e+00
       1568     57.000    10.3407    10.3409   3.864486   3.866368     2.2742      66.15     0.1374 5.1273e-02 1.9438e+00     65.305 283.077828    5.81925    35.2120    35.2309    27.0589    1492.24    1491.74 0.0000e+00
       1590     58.000    10.3404    10.3409   3.864591   3.866451     2.2762      99.35     0.1330 5.1266e-02 1.9438e+00     66.225 283.077838    5.82233    35.2129    35.2313    27.0596    1492.25    1491.75 0.0000e+00
       1610     59.000    10.3399    10.3403   3.864704   3.866565     2.2747      98.78     0.1277 5.1265e-02 -9.990e-29     67.033 283.077848    5.79987    35.2140    35.2326    27.0606    1492.27    1491.76 0.0000e+00
       1628     60.000    10.3396    10.3401   3.864749   3.866620     2.2726      72.36     0.1251 5.1265e-02 -9.990e-29     67.774 283.077856    5.79729    35.2143    35.2328    27.0609    1492.28    1491.77 0.0000e+00
       1645     61.000    10.3391    10.3395   3.864819   3.866681     2.2719      78.66     0.1238 5.1265e-02 -9.990e-29     68.497 283.077865    5.81046    35.2150    35.2336    27.0616    1492.30    1491.78 0.0000e+00
       1663     62.000    10.3397    10.3402   3.864989   3.866857     2.2728      97.83     0.1236 5.1265e-02 -9.990e-29     69.254 283.077873    5.81635    35.2157    35.2342    27.0620    1492.32    1491.79 0.0000e+00
       1683     63.000    10.3404    10.3412   3.865165   3.867070     2.2724      98.56     0.1170 5.1260e-02 -9.990e-29     70.100 283.077883    5.80023    35.2164    35.2350    27.0624    1492.34    1491.80 0.0000e+00
       1707     64.000    10.3421    10.3425   3.865469   3.867324     2.2697      65.55     0.1122 5.1273e-02 -9.990e-29     71.079 283.077894    5.79103    35.2174    35.2358    27.0628    1492.36    1491.81 0.0000e+00
       1734     65.000    10.3421    10.3426   3.865534   3.867400     2.2689      98.73     0.1112 5.1268e-02 -9.990e-29     72.213 283.077908    5.79501    35.2176    35.2360    27.0630    1492.38    1491.81 0.0000e+00
       1763     66.000    10.3419    10.3426   3.865559   3.867432     2.2664      86.51     0.1150 5.1273e-02 -9.990e-29     73.417 283.077921    5.77214    35.2175    35.2359    27.0630    1492.39    1491.82 0.0000e+00
       1790     67.000    10.3412    10.3419   3.865519   3.867398     2.2628      76.67     0.1206 5.1267e-02 1.9438e+00     74.552 283.077935    5.77544    35.2174    35.2358    27.0630    1492.41    1491.83 0.0000e+00
       1813     68.000    10.3404    10.3409   3.865471   3.867333     2.2635      98.00     0.1167 5.1273e-02 1.9438e+00     75.498 283.077946    5.79361    35.2172    35.2356    27.0630    1492.42    1491.84 0.0000e+00
       1832     69.000    10.3399    10.3407   3.865522   3.867388     2.2643      98.01     0.1109 5.1273e-02 1.9438e+00     76.306 283.077955    5.78685    35.2177    35.2359    27.0635    1492.44    1491.85 0.0000e+00
       1852     70.000    10.3396    10.3401   3.865609   3.867472     2.2627      51.71     0.1135 5.1266e-02 1.9438e+00     77.105 283.077964    5.77567    35.2184    35.2369    27.0641    1492.45    1491.86 0.0000e+00
       1871     71.000    10.3400    10.3406   3.865758   3.867622     2.2621      97.63     0.1281 5.1273e-02 1.9438e+00     77.926 283.077974    5.77836    35.2191    35.2375    27.0646    1492.47    1491.87 0.0000e+00
       1892     72.000    10.3413    10.3418   3.866090   3.867933     2.2616      98.71     0.1173 5.1273e-02 1.9438e+00     78.780 283.077984    5.77874    35.2208    35.2390    27.0656    1492.49    1491.87 0.0000e+00
       1912     73.000    10.3424    10.3430   3.866328   3.868222     2.2609      79.43     0.1087 5.1266e-02 -9.990e-29     79.611 283.077993    5.77777    35.2216    35.2403    27.0661    1492.52    1491.88 0.0000e+00
       1931     74.000    10.3437    10.3443   3.866638   3.868494     2.2610      68.38     0.1173 5.1265e-02 -9.990e-29     80.415 283.078003    5.78290    35.2231    35.2414    27.0670    1492.54    1491.89 0.0000e+00
       1950     75.000    10.3446    10.3452   3.866869   3.868740     2.2608      97.89     0.1283 5.1265e-02 -9.990e-29     81.198 283.078012    5.77067    35.2241    35.2425    27.0677    1492.56    1491.90 0.0000e+00
       1969     76.000    10.3447    10.3453   3.866991   3.868859     2.2587      98.72     0.1373 5.1259e-02 -9.990e-29     82.019 283.078021    5.75629    35.2248    35.2432    27.0682    1492.58    1491.91 0.0000e+00
       1991     77.000    10.3447    10.3452   3.867062   3.868933     2.2557      56.93     0.1164 5.1261e-02 1.9438e+00     82.930 283.078032    5.74235    35.2250    35.2436    27.0684    1492.59    1491.92 0.0000e+00
