_data/ctd/2018/sta0389_2018.cnv
* Sea-Bird SBE 9 Data File:
* FileName = C:\Seabird\CTDData\sta0389.hex
* Software Version Seasave V 7.21f
* Temperature SN = 4557
* Conductivity SN = 1337
* Number of Bytes Per Scan = 40
* Number of Voltage Words = 5
* Number of Scans Averaged by the Deck Unit = 1
* NMEA Latitude = 60 45.06 N
* NMEA Longitude = 003 07.03 E
* NMEA UTC (Time) = Oct 07 2018 12:03:06
* NMEA baud rate = 4800
** Ship: 10 F/F "G. O. Sars"
** Station: 0389
** Echodepth: 241
** Log: 4550.462
** Wind-Dir Force: 16 36
** Air-temp (dry): 9.4
** Weather Sky: 2 7
** Sea Ice: 3 0
# nquan = 20                                
# nvalues = 227                         
# units = specified
# name 0 = scan: Scan Count
# name 1 = prDM: Pressure, Digiquartz [db]
# name 2 = t068C: Temperature [ITS-68, deg C]
# name 3 = t168C: Temperature, 2 [ITS-68, deg C]
# name 4 = c0S/m: Conductivity [S/m]
# name 5 = c1S/m: Conductivity, 2 [S/m]
# name 6 = sbeox0V: Oxygen raw, SBE 43 [V]
# name 7 = altM: Altimeter [m]
# name 8 = flC: Fluorescence, Chelsea Aqua 3 Chl Con [ug/l]
# name 9 = par: PAR/Irradiance, Biospherical/Licor
# name 10 = spar: SPAR/Surface Irradiance
# name 11 = timeS: Time, Elapsed [seconds]
# name 12 = timeJ: Julian Days
# name 13 = sbeox0ML/L: Oxygen, SBE 43 [ml/l], WS = 2
# name 14 = sal00: Salinity, Practical [PSU]
# name 15 = sal11: Salinity, Practical, 2 [PSU]
# name 16 = sigma-t00: Density [sigma-t, Kg/m^3 ]
# name 17 = svCM: Sound Velocity [Chen-Millero, m/s]
# name 18 = avgsvCM: Average Sound Velocity [Chen-Millero, m/s], minP = 1, minS = 5
# name 19 = flag: flag
# span 0 =       -123,       5865       
# span 1 =      5.000,    231.000       
# span 2 =     9.1772,    10.3937       
# span 3 =     9.1768,    10.3937       
# span 4 =   3.768051,   3.858416       
# span 5 =   3.770108,   3.860507       
# span 6 =     2.0514,     2.3097       
# span 7 =      13.44,     121.54       
# span 8 =     0.0068,     0.3756       
# span 9 = 5.1203e-02, 7.8800e+01       
# span 10 = 3.0291e+02, 4.6189e+02      
# span 11 =     -5.170,    244.353      
# span 12 = 280.502128, 280.505016      
# span 13 =    5.32190,    5.89922      
# span 14 =    35.0951,    35.3267      
# span 15 =    35.1169,    35.3485      
# span 16 =    26.9589,    27.3117      
# span 17 =    1490.48,    1492.40      
# span 18 =    1491.13,    1491.87      
# span 19 = 0.0000e+00, 0.0000e+00      
# interval = decibars: 1                
# start_time = Oct 07 2018 12:03:09 [System UTC, header]
# bad_flag = -9.990e-29
*END*
[from data line 73]
       2289     78.000     9.8335     9.8337   3.826306   3.828383     2.1598      97.91     0.0210 3.1951e-01 3.9741e+02     95.353 280.503291    5.47875    35.3062    35.3274    27.2201    1490.88    1491.76 0.0000e+00
       2311     79.000     9.8256     9.8251   3.825981   3.828006     2.1556      93.91     0.0201 3.0444e-01 3.9830e+02     96.269 280.503302    5.46275    35.3102    35.3315    27.2245    1490.87    1491.75 0.0000e+00
       2334     80.000     9.8185     9.8186   3.825466   3.827556     2.1515      42.09     0.0197 2.8986e-01 3.9625e+02     97.195 280.503312    5.46235    35.3114    35.3328    27.2267    1490.87    1491.73 0.0000e+00
       2355     81.000     9.7955     9.7952   3.823093   3.825148     2.1496      99.00     0.0195 2.8229e-01 3.9355e+02     98.089 280.503323    5.46468    35.3090    35.3305    27.2287    1490.80    1491.72 0.0000e+00
       2376     82.000     9.7846     9.7844   3.822048   3.824098     2.1476      98.65     0.0158 2.7437e-01 3.9085e+02     98.970 280.503333    5.45555    35.3085    35.3298    27.2302    1490.77    1491.71 0.0000e+00
       2397     83.000     9.7858     9.7844   3.822281   3.824223     2.1441      44.18     0.0179 2.6526e-01 3.9041e+02     99.815 280.503343    5.44006    35.3092    35.3306    27.2306    1490.80    1491.70 0.0000e+00
       2417     84.000     9.7818     9.7813   3.821950   3.824023     2.1420      84.78     0.0199 2.5672e-01 3.9208e+02    100.665 280.503353    5.45055    35.3093    35.3311    27.2313    1490.80    1491.69 0.0000e+00
       2439     85.000     9.7748     9.7756   3.821290   3.823463     2.1416      98.62     0.0210 2.5175e-01 3.9728e+02    101.581 280.503363    5.45483    35.3089    35.3305    27.2321    1490.79    1491.68 0.0000e+00
       2462     86.000     9.7517     9.7526   3.818855   3.821056     2.1401      67.82     0.0169 2.4013e-01 4.0046e+02    102.554 280.503374    5.44742    35.3060    35.3278    27.2338    1490.72    1491.67 0.0000e+00
       2485     87.000     9.7256     9.7260   3.816299   3.818431     2.1389      67.42     0.0150 2.3009e-01 4.0007e+02    103.511 280.503386    5.44598    35.3047    35.3263    27.2373    1490.64    1491.66 0.0000e+00
       2507     88.000     9.7237     9.7235   3.816183   3.818259     2.1365      96.01     0.0164 2.2417e-01 3.9851e+02    104.405 280.503396    5.43283    35.3049    35.3266    27.2377    1490.65    1491.64 0.0000e+00
       2528     89.000     9.7254     9.7250   3.816589   3.818642     2.1346      91.63     0.0198 2.1485e-01 3.9848e+02    105.278 280.503406    5.43674    35.3070    35.3286    27.2391    1490.67    1491.63 0.0000e+00
       2551     90.000     9.7323     9.7321   3.817672   3.819751     2.1345      44.18     0.0204 2.0652e-01 3.9715e+02    106.251 280.503417    5.45328    35.3109    35.3326    27.2410    1490.72    1491.62 0.0000e+00
       2576     91.000     9.7343     9.7341   3.818145   3.820219     2.1359      99.14     0.0217 2.0268e-01 3.9470e+02    107.301 280.503429    5.44476    35.3134    35.3350    27.2425    1490.75    1491.61 0.0000e+00
       2599     92.000     9.7343     9.7342   3.818240   3.820349     2.1333      98.65     0.0228 1.9591e-01 3.9451e+02    108.230 280.503440    5.40747    35.3139    35.3357    27.2429    1490.76    1491.60 0.0000e+00
       2617     93.000     9.7260     9.7259   3.817556   3.819658     2.1285      13.44     0.0203 1.8607e-01 3.9707e+02    108.979 280.503449    5.38639    35.3145    35.3363    27.2448    1490.75    1491.60 0.0000e+00
       2632     94.000     9.7225     9.7221   3.817413   3.819499     2.1254      88.98     0.0195 1.8257e-01 4.0136e+02    109.641 280.503456    5.37914    35.3160    35.3379    27.2466    1490.76    1491.59 0.0000e+00
       2649     95.000     9.7233     9.7231   3.817600   3.819693     2.1214      98.41     0.0181 1.7625e-01 4.0549e+02    110.336 280.503465    5.36827    35.3167    35.3385    27.2470    1490.78    1491.58 0.0000e+00
       2672     96.000     9.7227     9.7227   3.817578   3.819703     2.1170      81.27     0.0160 1.6840e-01 4.0808e+02    111.273 280.503475    5.35751    35.3166    35.3385    27.2470    1490.79    1491.57 0.0000e+00
       2708     97.000     9.7188     9.7187   3.817223   3.819336     2.1125      75.50     0.0175 1.6139e-01 4.0275e+02    112.787 280.503493    5.36436    35.3163    35.3382    27.2474    1490.79    1491.56 0.0000e+00
       2747     98.000     9.7155     9.7154   3.817052   3.819144     2.1101      83.09     0.0180 1.5882e-01 3.9869e+02    114.407 280.503512    5.36283    35.3173    35.3390    27.2488    1490.80    1491.55 0.0000e+00
       2767     99.000     9.7152     9.7148   3.817095   3.819201     2.1100      34.89     0.0215 1.4966e-01 4.0308e+02    115.237 280.503521    5.38030    35.3175    35.3397    27.2490    1490.82    1491.55 0.0000e+00
       2783    100.000     9.7151     9.7148   3.817163   3.819262     2.1117      97.58     0.0214 1.4421e-01 4.0704e+02    115.905 280.503529    5.38116    35.3179    35.3398    27.2493    1490.83    1491.54 0.0000e+00
       2800    101.000     9.7149     9.7146   3.817221   3.819310     2.1106      98.67     0.0188 1.4222e-01 4.0816e+02    116.633 280.503537    5.36361    35.3182    35.3400    27.2496    1490.85    1491.53 0.0000e+00
       2822    102.000     9.7133     9.7134   3.817107   3.819249     2.1092      98.67     0.0200 1.3737e-01 4.0373e+02    117.524 280.503548    5.36378    35.3181    35.3401    27.2498    1490.86    1491.53 0.0000e+00
       2845    103.000     9.6949     9.6951   3.815257   3.817394     2.1092      98.68     0.0168 1.3215e-01 3.9329e+02    118.513 280.503559    5.37910    35.3166    35.3385    27.2517    1490.81    1491.52 0.0000e+00
       2868    104.000     9.6761     9.6762   3.813272   3.815380     2.1102      98.68     0.0162 1.2770e-01 3.8390e+02    119.471 280.503570    5.39100    35.3141    35.3358    27.2530    1490.75    1491.51 0.0000e+00
       2890    105.000     9.6573     9.6571   3.811341   3.813418     2.1119      98.68     0.0178 1.2466e-01 3.8275e+02    120.369 280.503581    5.39412    35.3122    35.3338    27.2546    1490.70    1491.50 0.0000e+00
       2911    106.000     9.6545     9.6541   3.811088   3.813161     2.1111      98.68     0.0175 1.2125e-01 3.8966e+02    121.262 280.503591    5.37238    35.3118    35.3337    27.2548    1490.70    1491.50 0.0000e+00
       2933    107.000     9.6506     9.6499   3.810692   3.812722     2.1089      98.67     0.0195 1.1900e-01 3.9803e+02    122.177 280.503602    5.37170    35.3111    35.3328    27.2549    1490.71    1491.49 0.0000e+00
       2955    108.000     9.6394     9.6394   3.809520   3.811631     2.1087      98.65     0.0225 1.1314e-01 3.8837e+02    123.091 280.503612    5.38761    35.3095    35.3314    27.2556    1490.68    1491.48 0.0000e+00
       2977    109.000     9.6400     9.6399   3.809773   3.811862     2.1099      98.46     0.0236 1.0969e-01 3.9714e+02    124.010 280.503623    5.39648    35.3111    35.3328    27.2567    1490.70    1491.47 0.0000e+00
       3000    110.000     9.6531     9.6529   3.811416   3.813501     2.1113      98.65     0.0189 1.0989e-01 3.9185e+02    124.964 280.503634    5.40101    35.3147    35.3365    27.2573    1490.77    1491.47 0.0000e+00
       3023    111.000     9.6605     9.6604   3.812308   3.814431     2.1122      98.65     0.0198 1.0242e-01 3.8744e+02    125.913 280.503645    5.40277    35.3162    35.3382    27.2572    1490.81    1491.46 0.0000e+00
       3043    112.000     9.6708     9.6699   3.813664   3.815670     2.1137      97.96     0.0189 1.0296e-01 3.8661e+02    126.752 280.503655    5.40348    35.3196    35.3412    27.2581    1490.87    1491.46 0.0000e+00
       3061    113.000     9.6824     9.6820   3.815103   3.817187     2.1134      97.14     0.0209 9.5804e-02 3.8886e+02    127.496 280.503663    5.39500    35.3226    35.3445    27.2585    1490.93    1491.45 0.0000e+00
       3078    114.000     9.6818     9.6813   3.815170   3.817255     2.1133      98.68     0.0225 9.3750e-02 3.9174e+02    128.219 280.503671    5.39566    35.3234    35.3455    27.2593    1490.95    1491.45 0.0000e+00
       3097    115.000     9.6817     9.6812   3.815288   3.817369     2.1133      98.70     0.0182 9.1184e-02 3.9408e+02    129.013 280.503681    5.38407    35.3243    35.3463    27.2599    1490.97    1491.44 0.0000e+00
       3121    116.000     9.6834     9.6833   3.815572   3.817685     2.1106      46.01     0.0175 8.6547e-02 3.9223e+02    129.991 280.503692    5.38152    35.3251    35.3470    27.2603    1490.99    1491.44 0.0000e+00
       3149    117.000     9.6842     9.6842   3.815735   3.817839     2.1112      99.18     0.0178 8.3671e-02 3.8781e+02    131.156 280.503706    5.39345    35.3255    35.3472    27.2605    1491.01    1491.44 0.0000e+00
       3175    118.000     9.6822     9.6819   3.815564   3.817635     2.1113      79.55     0.0192 8.0216e-02 3.8481e+02    132.231 280.503718    5.38997    35.3252    35.3469    27.2606    1491.02    1491.43 0.0000e+00
       3196    119.000     9.6823     9.6821   3.815682   3.817775     2.1106      50.73     0.0192 7.9496e-02 3.8487e+02    133.135 280.503728    5.38495    35.3259    35.3477    27.2611    1491.04    1491.43 0.0000e+00
       3216    120.000     9.6814     9.6797   3.815623   3.817564     2.1099      98.67     0.0228 7.8094e-02 3.8486e+02    133.957 280.503738    5.38258    35.3257    35.3474    27.2611    1491.05    1491.43 0.0000e+00
       3235    121.000     9.6781     9.6779   3.815375   3.817461     2.1092      98.72     0.0226 7.7240e-02 3.8296e+02    134.731 280.503747    5.37824    35.3259    35.3476    27.2618    1491.05    1491.42 0.0000e+00
       3253    122.000     9.6797     9.6796   3.815647   3.817755     2.1080      54.41     0.0185 7.4173e-02 3.8024e+02    135.502 280.503756    5.37345    35.3267    35.3485    27.2621    1491.08    1491.42 0.0000e+00
       3272    123.000     9.6723     9.6720   3.814906   3.816987     2.1072      69.59     0.0149 6.9624e-02 3.7790e+02    136.302 280.503765    5.38719    35.3258    35.3476    27.2627    1491.07    1491.42 0.0000e+00
       3293    124.000     9.6680     9.6677   3.814515   3.816592     2.1087      98.53     0.0124 7.2264e-02 3.7554e+02    137.161 280.503775    5.39678    35.3255    35.3473    27.2632    1491.07    1491.41 0.0000e+00
       3315    125.000     9.6643     9.6642   3.814212   3.816321     2.1087      91.55     0.0140 6.7485e-02 3.7515e+02    138.084 280.503786    5.38353    35.3256    35.3475    27.2639    1491.07    1491.41 0.0000e+00
       3338    126.000     9.6503     9.6508   3.812705   3.814873     2.1076      44.89     0.0192 6.4676e-02 3.7524e+02    139.046 280.503797    5.38749    35.3233    35.3452    27.2645    1491.03    1491.41 0.0000e+00
       3360    127.000     9.6333     9.6334   3.810927   3.813034     2.1074      99.22     0.0189 6.3260e-02 3.7701e+02    139.967 280.503807    5.38459    35.3212    35.3428    27.2657    1490.98    1491.41 0.0000e+00
       3382    128.000     9.6173     9.6171   3.809310   3.811389     2.1065      98.74     0.0158 6.1031e-02 3.7709e+02    140.856 280.503818    5.38942    35.3197    35.3414    27.2672    1490.94    1491.40 0.0000e+00
       3403    129.000     9.6197     9.6193   3.809690   3.811757     2.1069      98.75     0.0146 6.0854e-02 3.7709e+02    141.750 280.503828    5.39166    35.3208    35.3426    27.2677    1490.97    1491.40 0.0000e+00
       3424    130.000     9.6106     9.6110   3.808770   3.810907     2.1063      98.75     0.0159 5.8213e-02 3.7879e+02    142.638 280.503838    5.39489    35.3198    35.3415    27.2684    1490.95    1491.39 0.0000e+00
       3445    131.000     9.5959     9.5952   3.807229   3.809254     2.1073      98.75     0.0145 5.7506e-02 3.7905e+02    143.517 280.503849    5.40301    35.3178    35.3395    27.2693    1490.91    1491.39 0.0000e+00
       3466    132.000     9.5828     9.5817   3.805809   3.807764     2.1072      98.75     0.0178 5.6663e-02 3.7830e+02    144.374 280.503859    5.40004    35.3155    35.3369    27.2698    1490.88    1491.39 0.0000e+00
       3486    133.000     9.5729     9.5736   3.804734   3.806899     2.1072      98.75     0.0196 5.2596e-02 3.7526e+02    145.206 280.503868    5.41549    35.3137    35.3354    27.2700    1490.86    1491.38 0.0000e+00
       3505    134.000     9.5608     9.5607   3.803470   3.805554     2.1098      98.75     0.0194 5.4165e-02 3.7215e+02    146.016 280.503877    5.43804    35.3120    35.3337    27.2707    1490.83    1491.38 0.0000e+00
       3525    135.000     9.5571     9.5567   3.803176   3.805221     2.1122      98.75     0.0196 5.1707e-02 3.7013e+02    146.841 280.503887    5.43564    35.3122    35.3337    27.2714    1490.83    1491.37 0.0000e+00
       3546    136.000     9.5573     9.5570   3.803254   3.805305     2.1126      98.75     0.0178 5.1371e-02 3.7126e+02    147.706 280.503897    5.43461    35.3123    35.3338    27.2715    1490.85    1491.37 0.0000e+00
       3567    137.000     9.5568     9.5564   3.803256   3.805310     2.1144      98.75     0.0141 5.1271e-02 3.7438e+02    148.599 280.503907    5.44036    35.3123    35.3340    27.2716    1490.86    1491.37 0.0000e+00
       3588    138.000     9.5579     9.5578   3.803469   3.805546     2.1142      98.75     0.0135 5.1260e-02 3.7787e+02    149.477 280.503918    5.42841    35.3130    35.3346    27.2719    1490.88    1491.36 0.0000e+00
       3611    139.000     9.5498     9.5502   3.802667   3.804809     2.1141      98.75     0.0162 5.1261e-02 3.7902e+02    150.399 280.503928    5.44085    35.3122    35.3340    27.2727    1490.87    1491.36 0.0000e+00
       3635    140.000     9.5442     9.5439   3.802169   3.804242     2.1157      98.75     0.0144 5.1267e-02 3.7834e+02    151.413 280.503940    5.44359    35.3121    35.3338    27.2735    1490.86    1491.36 0.0000e+00
       3659    141.000     9.5429     9.5426   3.802104   3.804187     2.1149      98.76     0.0133 5.1273e-02 3.7533e+02    152.414 280.503952    5.43625    35.3122    35.3341    27.2738    1490.88    1491.35 0.0000e+00
       3680    142.000     9.5421     9.5417   3.802089   3.804142     2.1153      98.75     0.0140 5.1273e-02 3.7317e+02    153.308 280.503962    5.45269    35.3124    35.3340    27.2741    1490.89    1491.35 0.0000e+00
       3699    143.000     9.5425     9.5422   3.802194   3.804268     2.1173      98.76     0.0159 5.1265e-02 3.7198e+02    154.082 280.503971    5.45728    35.3126    35.3344    27.2742    1490.91    1491.35 0.0000e+00
       3716    144.000     9.5416     9.5413   3.802148   3.804208     2.1173      98.23     0.0156 5.1273e-02 3.7312e+02    154.803 280.503979    5.44933    35.3125    35.3342    27.2743    1490.92    1491.34 0.0000e+00
       3733    145.000     9.5371     9.5367   3.801691   3.803755     2.1173      98.74     0.0158 5.1273e-02 3.7322e+02    155.489 280.503987    5.45011    35.3118    35.3335    27.2744    1490.92    1491.34 0.0000e+00
       3750    146.000     9.5351     9.5348   3.801512   3.803587     2.1173      98.75     0.0155 5.1273e-02 3.7488e+02    156.208 280.503995    5.44785    35.3114    35.3332    27.2745    1490.93    1491.34 0.0000e+00
       3770    147.000     9.5329     9.5327   3.801358   3.803432     2.1166      98.38     0.0144 5.1267e-02 3.7508e+02    157.055 280.504005    5.44530    35.3115    35.3332    27.2749    1490.94    1491.34 0.0000e+00
       3800    148.000     9.5293     9.5296   3.801034   3.803169     2.1154      97.25     0.0123 5.1273e-02 3.7340e+02    158.296 280.504020    5.43624    35.3112    35.3330    27.2753    1490.94    1491.33 0.0000e+00
