_data/ctd/2018/sta0399_2018.cnv
* Sea-Bird SBE 9 Data File:
* FileName = C:\Seabird\CTDData\sta0399.hex
* Software Version Seasave V 7.21f
* Temperature SN = 4557
* Conductivity SN = 1337
* Number of Bytes Per Scan = 40
* Number of Voltage Words = 5
* Number of Scans Averaged by the Deck Unit = 1
* NMEA Latitude = 61 18.74 N
* NMEA Longitude = 001 20.22 W
* NMEA UTC (Time) = Oct 10 2018 01:50:57
* NMEA baud rate = 4800
** Ship: 10 F/F "G. O. Sars"
** Station: 0399
** Echodepth: 215
** Log: 4927.576
** Wind-Dir Force: 18 12
** Air-temp (dry): 10.5
** Weather Sky: 0 6
** Sea Ice: 3 0
# nquan = 20                                
# nvalues = 200                         
# units = specified
# name 0 = scan: Scan Count
# name 1 = prDM: Pressure, Digiquartz [db]
# name 2 = t068C: Temperature [ITS-68, deg C]
# name 3 = t168C: Temperature, 2 [ITS-68, deg C]
# name 4 = c0S/m: Conductivity [S/m]
# name 5 = c1S/m: Conductivity, 2 [S/m]
# name 6 = sbeox0V: Oxygen raw, SBE 43 [V]
# name 7 = altM: Altimeter [m]
# name 8 = flC: Fluorescence, Chelsea Aqua 3 Chl Con [ug/l]
# name 9 = par: PAR/Irradiance, Biospherical/Licor
# name 10 = spar: SPAR/Surface Irradiance
# name 11 = timeS: Time, Elapsed [seconds]
# name 12 = timeJ: Julian Days
# name 13 = sbeox0ML/L: Oxygen, SBE 43 [ml/l], WS = 2
# name 14 = sal00: Salinity, Practical [PSU]
# name 15 = sal11: Salinity, Practical, 2 [PSU]
# name 16 = sigma-t00: Density [sigma-t, Kg/m^3 ]
# name 17 = svCM: Sound Velocity [Chen-Millero, m/s]
# name 18 = avgsvCM: Average Sound Velocity [Chen-Millero, m/s], minP = 1, minS = 5
# name 19 = flag: flag
# span 0 =         74,       4860       
# span 1 =      6.000,    205.000       
# span 2 =    10.0206,    10.3458       
# span 3 =    10.0211,    10.3464       
# span 4 =   3.852696,   3.871343       
# span 5 =   3.854531,   3.873192       
# span 6 =     2.0534,     2.2821       
# span 7 =      14.16,      99.35       
# span 8 =     0.0219,     0.1578       
# span 9 = 5.1210e-02, 5.9934e-01       
# span 10 = 3.5138e-01, 1.9492e+00      
# span 11 =      3.024,    202.470      
# span 12 = 283.077107, 283.079415      
# span 13 =    5.15413,    5.82681      
# span 14 =    35.1996,    35.3462      
# span 15 =    35.2184,    35.3645      
# span 16 =    27.0506,    27.2181      
# span 17 =    1491.34,    1493.70      
# span 18 =    1491.34,    1492.57      
# span 19 = 0.0000e+00, 0.0000e+00      
# interval = decibars: 1                
# start_time = Oct 10 2018 01:50:59 [System UTC, header]
# bad_flag = -9.990e-29
*END*
[from data line 145]
       3655    151.000    10.0512    10.0517   3.854126   3.855985     2.0598      67.70     0.0252 5.1248e-02 -9.990e-29    152.240 283.078834    5.19765    35.3446    35.3632    27.2128    1492.91    1492.30 0.0000e+00
       3690    152.000    10.0512    10.0515   3.854164   3.856014     2.0610      66.35     0.0274 5.1235e-02 1.9438e+00    153.711 283.078851    5.20274    35.3446    35.3632    27.2127    1492.93    1492.31 0.0000e+00
       3723    153.000    10.0511    10.0516   3.854225   3.856069     2.0609      65.41     0.0295 5.1246e-02 1.9438e+00    155.085 283.078867    5.19710    35.3448    35.3632    27.2130    1492.95    1492.31 0.0000e+00
       3744    154.000    10.0508    10.0513   3.854243   3.856104     2.0607      64.30     0.0289 5.1257e-02 1.9438e+00    155.956 283.078877    5.20502    35.3448    35.3634    27.2130    1492.96    1492.32 0.0000e+00
       3762    155.000    10.0505    10.0512   3.854274   3.856130     2.0619      63.66     0.0258 5.1235e-02 1.9438e+00    156.715 283.078886    5.21609    35.3450    35.3633    27.2132    1492.98    1492.32 0.0000e+00
       3782    156.000    10.0493    10.0498   3.854207   3.856044     2.0632      62.79     0.0275 5.1259e-02 1.9438e+00    157.541 283.078895    5.21278    35.3450    35.3633    27.2134    1492.99    1492.32 0.0000e+00
       3804    157.000    10.0487    10.0494   3.854199   3.856039     2.0625      61.70     0.0286 5.1243e-02 1.9438e+00    158.470 283.078906    5.19713    35.3450    35.3632    27.2135    1493.00    1492.33 0.0000e+00
       3828    158.000    10.0481    10.0487   3.854188   3.856037     2.0603      60.64     0.0273 5.1255e-02 1.6227e+00    159.470 283.078917    5.18908    35.3450    35.3634    27.2137    1493.02    1492.33 0.0000e+00
       3852    159.000    10.0474    10.0480   3.854173   3.856010     2.0595      59.66     0.0264 5.1253e-02 3.5138e-01    160.439 283.078929    5.20350    35.3451    35.3633    27.2138    1493.03    1492.34 0.0000e+00
       3873    160.000    10.0463    10.0469   3.854103   3.855963     2.0609      58.76     0.0279 5.1266e-02 1.5702e+00    161.324 283.078939    5.20947    35.3450    35.3635    27.2139    1493.04    1492.34 0.0000e+00
       3893    161.000    10.0449    10.0456   3.854026   3.855879     2.0605      57.80     0.0251 5.1259e-02 1.9492e+00    162.157 283.078949    5.19927    35.3451    35.3634    27.2143    1493.06    1492.35 0.0000e+00
       3913    162.000    10.0438    10.0444   3.853952   3.855801     2.0599      56.79     0.0225 5.1266e-02 1.9438e+00    163.016 283.078958    5.20206    35.3450    35.3633    27.2143    1493.07    1492.35 0.0000e+00
       3935    163.000    10.0428    10.0434   3.853910   3.855750     2.0601      55.79     0.0225 5.1273e-02 1.9438e+00    163.913 283.078969    5.20362    35.3451    35.3633    27.2146    1493.08    1492.36 0.0000e+00
       3956    164.000    10.0426    10.0432   3.853918   3.855774     2.0598      54.82     0.0266 5.1273e-02 1.9438e+00    164.788 283.078979    5.20619    35.3449    35.3633    27.2145    1493.10    1492.36 0.0000e+00
       3975    165.000    10.0428    10.0433   3.853992   3.855839     2.0606      53.89     0.0277 5.1273e-02 1.9438e+00    165.568 283.078988    5.20806    35.3450    35.3634    27.2145    1493.11    1492.36 0.0000e+00
       3992    166.000    10.0423    10.0429   3.854008   3.855844     2.0599      52.97     0.0299 5.1282e-02 1.9438e+00    166.300 283.078997    5.20225    35.3452    35.3634    27.2147    1493.13    1492.37 0.0000e+00
       4010    167.000    10.0414    10.0420   3.853954   3.855798     2.0597      51.97     0.0317 5.1265e-02 -9.990e-29    167.047 283.079005    5.20284    35.3450    35.3633    27.2148    1493.14    1492.37 0.0000e+00
       4031    168.000    10.0411    10.0418   3.853961   3.855833     2.0591      50.89     0.0306 5.1273e-02 -9.990e-29    167.905 283.079015    5.19938    35.3449    35.3634    27.2148    1493.16    1492.38 0.0000e+00
       4056    169.000    10.0405    10.0409   3.853959   3.855782     2.0586      49.77     0.0252 5.1273e-02 -9.990e-29    168.947 283.079027    5.20246    35.3450    35.3633    27.2150    1493.17    1492.38 0.0000e+00
       4084    170.000    10.0387    10.0393   3.853825   3.855677     2.0586      48.68     0.0250 5.1273e-02 -9.990e-29    170.115 283.079041    5.20467    35.3450    35.3633    27.2152    1493.18    1492.39 0.0000e+00
       4111    171.000    10.0384    10.0390   3.853840   3.855690     2.0586      47.70     0.0219 5.1273e-02 1.9438e+00    171.246 283.079054    5.20794    35.3449    35.3633    27.2152    1493.20    1492.39 0.0000e+00
       4134    172.000    10.0374    10.0380   3.853799   3.855652     2.0594      46.80     0.0234 5.1259e-02 1.9438e+00    172.204 283.079065    5.22089    35.3450    35.3634    27.2155    1493.21    1492.40 0.0000e+00
       4154    173.000    10.0368    10.0375   3.853785   3.855642     2.0614      45.92     0.0246 5.1257e-02 1.9438e+00    173.022 283.079074    5.22551    35.3450    35.3633    27.2156    1493.22    1492.40 0.0000e+00
       4172    174.000    10.0357    10.0364   3.853729   3.855572     2.0613      44.99     0.0273 5.1273e-02 1.9438e+00    173.788 283.079083    5.21596    35.3450    35.3632    27.2158    1493.24    1492.41 0.0000e+00
       4191    175.000    10.0353    10.0359   3.853722   3.855573     2.0611      43.99     0.0278 5.1273e-02 1.9438e+00    174.589 283.079092    5.21724    35.3449    35.3633    27.2158    1493.25    1492.41 0.0000e+00
       4212    176.000    10.0344    10.0350   3.853677   3.855530     2.0615      42.96     0.0271 5.1266e-02 1.9438e+00    175.479 283.079103    5.22056    35.3449    35.3632    27.2159    1493.26    1492.42 0.0000e+00
       4235    177.000    10.0323    10.0333   3.853520   3.855394     2.0612      41.94     0.0260 5.1273e-02 1.9438e+00    176.406 283.079114    5.21455    35.3448    35.3630    27.2162    1493.27    1492.42 0.0000e+00
       4255    178.000    10.0268    10.0263   3.853049   3.854765     2.0607      40.98     0.0241 5.1259e-02 1.9438e+00    177.264 283.079123    5.21932    35.3449    35.3630    27.2172    1493.27    1492.43 0.0000e+00
       4274    179.000    10.0229    10.0233   3.852696   3.854531     2.0612      40.03     0.0244 5.1273e-02 1.9438e+00    178.051 283.079132    5.22094    35.3447    35.3631    27.2177    1493.27    1492.43 0.0000e+00
       4292    180.000    10.0227    10.0232   3.852730   3.854566     2.0608      39.08     0.0262 5.1273e-02 1.9438e+00    178.809 283.079141    5.21853    35.3447    35.3631    27.2178    1493.29    1492.44 0.0000e+00
       4311    181.000    10.0225    10.0232   3.852745   3.854601     2.0608      38.09     0.0251 5.1273e-02 -9.990e-29    179.585 283.079150    5.22497    35.3446    35.3630    27.2178    1493.30    1492.44 0.0000e+00
       4332    182.000    10.0227    10.0233   3.852809   3.854658     2.0617      37.04     0.0250 5.1273e-02 -9.990e-29    180.453 283.079160    5.23680    35.3446    35.3630    27.2177    1493.32    1492.44 0.0000e+00
       4356    183.000    10.0227    10.0234   3.852854   3.854708     2.0634      35.94     0.0234 5.1273e-02 -9.990e-29    181.477 283.079172    5.23332    35.3446    35.3629    27.2177    1493.34    1492.45 0.0000e+00
       4387    184.000    10.0233    10.0237   3.852936   3.854784     2.0624      34.80     0.0252 5.1273e-02 1.9438e+00    182.751 283.079187    5.22469    35.3444    35.3629    27.2174    1493.36    1492.45 0.0000e+00
       4425    185.000    10.0235    10.0239   3.853012   3.854840     2.0614      33.70     0.0232 5.1277e-02 1.9438e+00    184.353 283.079205    5.22160    35.3445    35.3629    27.2175    1493.37    1492.46 0.0000e+00
       4453    186.000    10.0225    10.0232   3.852994   3.854844     2.0615      32.88     0.0242 5.1273e-02 1.9438e+00    185.486 283.079219    5.23300    35.3449    35.3631    27.2179    1493.39    1492.46 0.0000e+00
       4470    187.000    10.0227    10.0232   3.853044   3.854887     2.0622      32.10     0.0255 5.1273e-02 1.9438e+00    186.192 283.079227    5.23219    35.3447    35.3631    27.2178    1493.40    1492.47 0.0000e+00
       4485    188.000    10.0228    10.0232   3.853090   3.854937     2.0619      31.23     0.0232 5.1273e-02 1.9438e+00    186.834 283.079234    5.22534    35.3446    35.3631    27.2177    1493.42    1492.47 0.0000e+00
       4502    189.000    10.0224    10.0229   3.853092   3.854939     2.0613      30.21     0.0242 5.1273e-02 1.9438e+00    187.541 283.079242    5.22246    35.3446    35.3630    27.2177    1493.44    1492.48 0.0000e+00
       4522    190.000    10.0223    10.0229   3.853131   3.854988     2.0607      29.15     0.0270 5.1273e-02 -9.990e-29    188.365 283.079252    5.22271    35.3446    35.3630    27.2178    1493.45    1492.48 0.0000e+00
       4545    191.000    10.0227    10.0232   3.853214   3.855056     2.0606      28.06     0.0256 5.1273e-02 -9.990e-29    189.352 283.079263    5.23041    35.3446    35.3630    27.2177    1493.47    1492.49 0.0000e+00
       4570    192.000    10.0229    10.0235   3.853298   3.855129     2.0611      27.02     0.0261 5.1267e-02 -9.990e-29    190.382 283.079275    5.23064    35.3448    35.3630    27.2178    1493.49    1492.50 0.0000e+00
       4593    193.000    10.0236    10.0241   3.853401   3.855232     2.0611      26.06     0.0244 5.1273e-02 1.9438e+00    191.323 283.079286    5.23020    35.3447    35.3630    27.2176    1493.51    1492.50 0.0000e+00
       4616    194.000    10.0234    10.0241   3.853429   3.855271     2.0611      25.04     0.0237 5.1273e-02 1.9438e+00    192.310 283.079298    5.23090    35.3447    35.3629    27.2177    1493.52    1492.51 0.0000e+00
       4644    195.000    10.0236    10.0242   3.853490   3.855334     2.0611      23.95     0.0255 5.1273e-02 1.9438e+00    193.476 283.079311    5.23445    35.3447    35.3630    27.2176    1493.54    1492.51 0.0000e+00
       4672    196.000    10.0238    10.0247   3.853562   3.855432     2.0621      22.98     0.0244 5.1273e-02 1.9438e+00    194.610 283.079324    5.24117    35.3448    35.3630    27.2176    1493.56    1492.52 0.0000e+00
       4692    197.000    10.0248    10.0254   3.853695   3.855555     2.0623      22.14     0.0247 5.1281e-02 1.9438e+00    195.452 283.079334    5.23710    35.3447    35.3632    27.2174    1493.58    1492.52 0.0000e+00
       4708    198.000    10.0255    10.0260   3.853812   3.855666     2.0623      21.26     0.0243 5.1273e-02 1.9438e+00    196.132 283.079342    5.23538    35.3448    35.3632    27.2173    1493.60    1492.53 0.0000e+00
       4724    199.000    10.0256    10.0262   3.853860   3.855726     2.0621      20.33     0.0258 5.1300e-02 1.9438e+00    196.804 283.079350    5.22715    35.3447    35.3632    27.2173    1493.61    1492.53 0.0000e+00
       4742    200.000    10.0249    10.0251   3.853843   3.855646     2.0604      19.32     0.0256 5.1273e-02 1.9438e+00    197.531 283.079358    5.21603    35.3447    35.3630    27.2174    1493.63    1492.54 0.0000e+00
       4763    201.000    10.0211    10.0211   3.853503   3.855301     2.0587      18.22     0.0273 5.1285e-02 1.9438e+00    198.416 283.079368    5.22686    35.3445    35.3629    27.2179    1493.63    1492.54 0.0000e+00
       4788    202.000    10.0206    10.0213   3.853516   3.855371     2.0603      17.11     0.0267 5.1290e-02 1.9438e+00    199.461 283.079380    5.24035    35.3447    35.3630    27.2181    1493.64    1492.55 0.0000e+00
       4813    203.000    10.0228    10.0234   3.853770   3.855611     2.0601      16.10     0.0274 5.1297e-02 -9.990e-29    200.519 283.079393    5.22734    35.3447    35.3629    27.2177    1493.67    1492.55 0.0000e+00
       4837    204.000    10.0225    10.0244   3.853781   3.855760     2.0590      15.14     0.0290 5.1285e-02 -9.990e-29    201.510 283.079404    5.22466    35.3446    35.3630    27.2177    1493.68    1492.56 0.0000e+00
       4860    205.000    10.0233    10.0236   3.853917   3.855737     2.0586      14.16     0.0288 5.1286e-02 -9.990e-29    202.470 283.079415    5.22978    35.3447    35.3631    27.2177    1493.70    1492.57 0.0000e+00
