_data/ctd/2018/sta0386_2018.cnv
* Sea-Bird SBE 9 Data File:
* FileName = C:\Seabird\CTDData\sta0386.hex
* Software Version Seasave V 7.21f
* Temperature SN = 4557
* Conductivity SN = 1337
* Number of Bytes Per Scan = 40
* Number of Voltage Words = 5
* Number of Scans Averaged by the Deck Unit = 1
* NMEA Latitude = 60 45.02 N
* NMEA Longitude = 004 07.05 E
* NMEA UTC (Time) = Oct 07 2018 02:45:56
* NMEA baud rate = 4800
** Ship: 10 F/F "G. O. Sars"
** Station: 0386
** Echodepth: 313
** Log: 4502.584
** Wind-Dir Force: 24 04
** Air-temp (dry): 8.0
** Weather Sky: 2 7
** Sea Ice: 3 0
# nquan = 20                                
# nvalues = 305                         
# units = specified
# name 0 = scan: Scan Count
# name 1 = prDM: Pressure, Digiquartz [db]
# name 2 = t068C: Temperature [ITS-68, deg C]
# name 3 = t168C: Temperature, 2 [ITS-68, deg C]
# name 4 = c0S/m: Conductivity [S/m]
# name 5 = c1S/m: Conductivity, 2 [S/m]
# name 6 = sbeox0V: Oxygen raw, SBE 43 [V]
# name 7 = altM: Altimeter [m]
# name 8 = flC: Fluorescence, Chelsea Aqua 3 Chl Con [ug/l]
# name 9 = par: PAR/Irradiance, Biospherical/Licor
# name 10 = spar: SPAR/Surface Irradiance
# name 11 = timeS: Time, Elapsed [seconds]
# name 12 = timeJ: Julian Days
# name 13 = sbeox0ML/L: Oxygen, SBE 43 [ml/l], WS = 2
# name 14 = sal00: Salinity, Practical [PSU]
# name 15 = sal11: Salinity, Practical, 2 [PSU]
# name 16 = sigma-t00: Density [sigma-t, Kg/m^3 ]
# name 17 = svCM: Sound Velocity [Chen-Millero, m/s]
# name 18 = avgsvCM: Average Sound Velocity [Chen-Millero, m/s], minP = 1, minS = 5
# name 19 = flag: flag
# span 0 =         24,       7359       
# span 1 =      3.000,    307.000       
# span 2 =     6.9104,    11.8739       
# span 3 =     6.9099,    11.8739       
# span 4 =   3.547298,   3.927959       
# span 5 =   3.550080,   3.931146       
# span 6 =     1.9867,     2.3167       
# span 7 =      12.25,     100.34       
# span 8 =     0.0116,     0.4838       
# span 9 = 5.1219e-02, 1.9378e+00       
# span 10 = 1.9438e+00, 1.9438e+00      
# span 11 =      0.978,    306.569      
# span 12 = 280.115278, 280.118814      
# span 13 =    5.37544,    5.82142      
# span 14 =    32.8972,    35.2877      
# span 15 =    32.9277,    35.3198      
# span 16 =    24.9817,    27.5480      
# span 17 =    1483.41,    1495.36      
# span 18 =    1488.42,    1494.47      
# span 19 = 0.0000e+00, 0.0000e+00      
# interval = decibars: 1                
# start_time = Oct 07 2018 02:45:59 [System UTC, header]
# bad_flag = -9.990e-29
*END*
         24      3.000    11.8665    11.8669   3.771377   3.774552     2.3104      98.77     0.3992 1.9378e+00 1.9438e+00      0.978 280.115278    5.78079    32.8972    32.9277    24.9817    1493.89    1493.89 0.0000e+00
        357      4.000    11.8738    11.8725   3.773925   3.776362     2.3128      98.71     0.3939 1.1277e+00 1.9438e+00     14.839 280.115438    5.77435    32.9151    32.9399    24.9942    1493.96    1493.91 0.0000e+00
        355      5.000    11.8739    11.8739   3.774116   3.776946     2.3102      98.68     0.3940 8.4640e-01 1.9438e+00     14.771 280.115437    5.77349    32.9164    32.9439    24.9952    1493.97    1493.92 0.0000e+00
        375      6.000    11.8733    11.8736   3.773685   3.776684     2.3098      98.65     0.3957 6.4247e-01 1.9438e+00     15.563 280.115446    5.77506    32.9124    32.9412    24.9922    1493.98    1493.93 0.0000e+00
        393      7.000    11.8708    11.8708   3.773852   3.776433     2.3092      98.64     0.4054 5.1128e-01 1.9438e+00     16.342 280.115455    5.77077    32.9158    32.9408    24.9953    1494.00    1493.94 0.0000e+00
        422      8.000    11.8722    11.8709   3.779183   3.780831     2.3080      98.62     0.4161 3.7950e-01 1.9438e+00     17.524 280.115469    5.77264    32.9659    32.9830    25.0340    1494.08    1493.96 0.0000e+00
        450      9.000    11.8702    11.8719   3.783936   3.785997     2.3088      98.62     0.4372 3.0877e-01 1.9438e+00     18.717 280.115483    5.77882    33.0134    33.0319    25.0712    1494.14    1493.98 0.0000e+00
        471     10.000    11.8410    11.8410   3.789393   3.792710     2.3091      98.61     0.4571 2.3425e-01 1.9438e+00     19.596 280.115493    5.77975    33.0920    33.1242    25.1377    1494.15    1494.00 0.0000e+00
        489     11.000    11.8230    11.8231   3.793984   3.797000     2.3095      98.63     0.4665 1.6905e-01 1.9438e+00     20.353 280.115502    5.79078    33.1522    33.1815    25.1878    1494.18    1494.01 0.0000e+00
        508     12.000    11.8184    11.8184   3.794284   3.797270     2.3118      98.64     0.4699 1.3482e-01 1.9438e+00     21.115 280.115511    5.80066    33.1588    33.1879    25.1938    1494.19    1494.03 0.0000e+00
        528     13.000    11.8100    11.8103   3.794911   3.797906     2.3126      98.65     0.4699 1.1075e-01 1.9438e+00     21.946 280.115520    5.79917    33.1720    33.2009    25.2056    1494.19    1494.04 0.0000e+00
        549     14.000    11.7967    11.7966   3.794613   3.797562     2.3143      98.66     0.4721 9.6668e-02 1.9438e+00     22.850 280.115531    5.81613    33.1806    33.2094    25.2147    1494.17    1494.05 0.0000e+00
        573     15.000    11.7759    11.7754   3.793191   3.796110     2.3167      98.68     0.4786 8.0103e-02 1.9438e+00     23.837 280.115542    5.81003    33.1849    33.2138    25.2219    1494.12    1494.06 0.0000e+00
        596     16.000    11.7656    11.7666   3.792498   3.795508     2.3146      98.70     0.4838 6.5690e-02 1.9438e+00     24.789 280.115553    5.79584    33.1869    33.2153    25.2254    1494.11    1494.06 0.0000e+00
        618     17.000    11.7457    11.7455   3.793022   3.796014     2.3142      98.66     0.4809 5.4659e-02 1.9438e+00     25.693 280.115564    5.81268    33.2094    33.2387    25.2465    1494.08    1494.06 0.0000e+00
        639     18.000    11.7449    11.7458   3.793218   3.796292     2.3160      98.62     0.4534 5.1219e-02 1.9438e+00     26.577 280.115574    5.82142    33.2116    33.2407    25.2484    1494.10    1494.06 0.0000e+00
        659     19.000    11.7580    11.7588   3.795616   3.798759     2.3161      98.61     0.4320 5.1258e-02 1.9438e+00     27.410 280.115583    5.80836    33.2228    33.2527    25.2547    1494.17    1494.07 0.0000e+00
        679     20.000    11.7922    11.7922   3.802510   3.805519     2.3152      98.61     0.4035 5.1280e-02 1.9438e+00     28.235 280.115593    5.79749    33.2590    33.2883    25.2764    1494.35    1494.08 0.0000e+00
        698     21.000    11.8045    11.8044   3.809864   3.812791     2.3143      98.63     0.3695 5.1266e-02 1.9438e+00     29.058 280.115602    5.78622    33.3192    33.3478    25.3209    1494.48    1494.10 0.0000e+00
        720     22.000    11.8205    11.8206   3.819488   3.822523     2.3119      98.68     0.3293 5.1261e-02 1.9438e+00     29.946 280.115613    5.77179    33.3982    33.4276    25.3793    1494.65    1494.13 0.0000e+00
        745     23.000    11.8138    11.8144   3.831268   3.834214     2.3099      98.68     0.2899 5.1262e-02 1.9438e+00     30.993 280.115625    5.76569    33.5186    33.5467    25.4740    1494.79    1494.15 0.0000e+00
        771     24.000    11.7771    11.7772   3.850147   3.853138     2.3079      98.69     0.2532 5.1273e-02 1.9438e+00     32.078 280.115638    5.74813    33.7356    33.7647    25.6494    1494.94    1494.19 0.0000e+00
        794     25.000    11.7611    11.7617   3.858051   3.861043     2.3034      98.69     0.2258 5.1273e-02 1.9438e+00     33.039 280.115649    5.70985    33.8269    33.8556    25.7234    1495.01    1494.22 0.0000e+00
        815     26.000    11.6244    11.6229   3.877874   3.881012     2.2960      98.69     0.2001 5.1273e-02 1.9438e+00     33.903 280.115659    5.68290    34.1459    34.1781    25.9968    1494.93    1494.25 0.0000e+00
        835     27.000    11.5726    11.5726   3.881654   3.884684     2.2896      98.70     0.1762 5.1273e-02 1.9438e+00     34.756 280.115668    5.66880    34.2304    34.2602    26.0721    1494.87    1494.27 0.0000e+00
        856     28.000    11.5585    11.5583   3.884097   3.887153     2.2825      98.70     0.1633 5.1273e-02 1.9438e+00     35.639 280.115679    5.65162    34.2671    34.2973    26.1032    1494.88    1494.29 0.0000e+00
        878     29.000    11.5216    11.5213   3.885495   3.888539     2.2771      98.06     0.1539 5.1266e-02 1.9438e+00     36.524 280.115689    5.64611    34.3146    34.3448    26.1470    1494.83    1494.31 0.0000e+00
        897     30.000    11.4939    11.4936   3.884912   3.887948     2.2724      98.71     0.1447 5.1273e-02 1.9438e+00     37.345 280.115698    5.63865    34.3341    34.3643    26.1673    1494.77    1494.33 0.0000e+00
        916     31.000    11.4735    11.4737   3.885628   3.888636     2.2689      98.70     0.1392 5.1273e-02 1.9438e+00     38.130 280.115708    5.64133    34.3597    34.3892    26.1909    1494.75    1494.34 0.0000e+00
        935     32.000    11.4646    11.4646   3.886350   3.889383     2.2673      98.11     0.1355 5.1273e-02 1.9438e+00     38.934 280.115717    5.64347    34.3746    34.4045    26.2042    1494.75    1494.35 0.0000e+00
        958     33.000    11.4590    11.4590   3.887335   3.890369     2.2644      95.30     0.1332 5.1267e-02 1.9438e+00     39.869 280.115728    5.63040    34.3891    34.4191    26.2165    1494.77    1494.37 0.0000e+00
        987     34.000    11.4462    11.4465   3.888756   3.891747     2.2623      84.21     0.1333 5.1277e-02 1.9438e+00     41.103 280.115742    5.64238    34.4146    34.4439    26.2387    1494.77    1494.38 0.0000e+00
       1023     35.000    11.4374    11.4377   3.895684   3.898493     2.2611      22.96     0.1288 5.1292e-02 1.9438e+00     42.601 280.115759    5.63169    34.4908    34.5182    26.2996    1494.85    1494.39 0.0000e+00
       1048     36.000    11.4648    11.4650   3.914686   3.917988     2.2608     100.34     0.1221 5.1273e-02 1.9438e+00     43.627 280.115771    5.62944    34.6524    34.6848    26.4202    1495.15    1494.41 0.0000e+00
       1066     37.000    11.4946    11.4942   3.923793   3.926992     2.2601      98.71     0.1205 5.1273e-02 1.9438e+00     44.358 280.115780    5.61216    34.7139    34.7458    26.4625    1495.35    1494.44 0.0000e+00
       1082     38.000    11.4714    11.4729   3.927959   3.931146     2.2584      98.72     0.1176 5.1273e-02 1.9438e+00     45.026 280.115787    5.60367    34.7764    34.8065    26.5155    1495.36    1494.46 0.0000e+00
       1100     39.000    11.2615    11.2660   3.912016   3.915400     2.2565      98.72     0.1121 5.1273e-02 1.9438e+00     45.797 280.115796    5.62735    34.8160    34.8453    26.5850    1494.70    1494.47 0.0000e+00
       1122     40.000    11.1737    11.1736   3.904869   3.907904     2.2552      98.72     0.1041 5.1273e-02 1.9438e+00     46.723 280.115807    5.62658    34.8276    34.8579    26.6101    1494.42    1494.47 0.0000e+00
       1148     41.000    11.1775    11.1788   3.907449   3.910638     2.2507      98.09     0.0990 5.1273e-02 1.9438e+00     47.784 280.115819    5.59865    34.8492    34.8797    26.6263    1494.48    1494.47 0.0000e+00
       1172     42.000    11.0209    11.0191   3.894661   3.897655     2.2457      98.73     0.0970 5.1273e-02 1.9438e+00     48.784 280.115831    5.59888    34.8698    34.9014    26.6709    1493.97    1494.45 0.0000e+00
       1194     43.000    11.0090    11.0073   3.895990   3.898838     2.2405      45.18     0.0942 5.1313e-02 1.9438e+00     49.692 280.115841    5.57666    34.8940    34.9240    26.6918    1493.98    1494.44 0.0000e+00
       1215     44.000    10.9860    10.9858   3.894054   3.897056     2.2355      45.92     0.0877 5.1308e-02 1.9438e+00     50.566 280.115852    5.57735    34.8960    34.9262    26.6976    1493.91    1494.43 0.0000e+00
       1236     45.000    10.9332    10.9325   3.888556   3.891489     2.2324      30.86     0.0837 5.1319e-02 1.9438e+00     51.459 280.115862    5.58006    34.8908    34.9209    26.7031    1493.74    1494.42 0.0000e+00
       1258     46.000    10.8504    10.8493   3.880632   3.883548     2.2297      98.74     0.0861 5.1267e-02 1.9438e+00     52.394 280.115873    5.58244    34.8899    34.9202    26.7173    1493.46    1494.40 0.0000e+00
       1281     47.000    10.7493    10.7504   3.870718   3.873802     2.2258      75.62     0.0857 5.1286e-02 1.9438e+00     53.344 280.115884    5.57010    34.8863    34.9163    26.7326    1493.12    1494.37 0.0000e+00
       1303     48.000    10.7670    10.7643   3.874635   3.877368     2.2205      49.69     0.0817 5.1280e-02 1.9438e+00     54.258 280.115894    5.55806    34.9083    34.9384    26.7466    1493.23    1494.34 0.0000e+00
       1324     49.000    10.6671    10.6656   3.864848   3.867582     2.2181      98.92     0.0810 5.1273e-02 -9.990e-29     55.108 280.115904    5.56817    34.9049    34.9339    26.7617    1492.89    1494.31 0.0000e+00
       1343     50.000    10.6053    10.6056   3.858959   3.861907     2.2149      98.72     0.0814 5.1258e-02 -9.990e-29     55.916 280.115913    5.55790    34.9042    34.9337    26.7722    1492.68    1494.28 0.0000e+00
       1362     51.000    10.4390    10.4378   3.840875   3.843477     2.2108      98.72     0.0779 5.1265e-02 -9.990e-29     56.705 280.115923    5.56839    34.8803    34.9078    26.7829    1492.08    1494.24 0.0000e+00
       1382     52.000    10.2829    10.2820   3.826027   3.828864     2.2079      98.70     0.0763 5.1273e-02 -9.990e-29     57.534 280.115932    5.57291    34.8791    34.9088    26.8092    1491.54    1494.19 0.0000e+00
       1404     53.000    10.2457    10.2448   3.826199   3.829036     2.2013      98.72     0.0752 5.1273e-02 1.9438e+00     58.442 280.115943    5.54006    34.9162    34.9460    26.8446    1491.47    1494.14 0.0000e+00
       1427     54.000     9.9872     9.9856   3.804538   3.807289     2.1944      98.73     0.0720 5.1273e-02 1.9438e+00     59.427 280.115954    5.54946    34.9442    34.9740    26.9110    1490.60    1494.07 0.0000e+00
       1452     55.000     9.7828     9.7803   3.785956   3.788523     2.1865      98.73     0.0711 5.1273e-02 1.9438e+00     60.440 280.115966    5.55083    34.9512    34.9800    26.9512    1489.89    1493.99 0.0000e+00
       1475     56.000     9.6852     9.6848   3.777232   3.780000     2.1811      98.73     0.0725 5.1273e-02 1.9438e+00     61.434 280.115977    5.57466    34.9557    34.9847    26.9712    1489.56    1493.91 0.0000e+00
       1497     57.000     9.6111     9.6099   3.769792   3.772422     2.1799      98.73     0.0722 5.1273e-02 1.9438e+00     62.352 280.115988    5.59594    34.9506    34.9789    26.9796    1489.30    1493.83 0.0000e+00
       1518     58.000     9.4469     9.4454   3.753214   3.755787     2.1790      88.31     0.0709 5.1244e-02 1.9438e+00     63.193 280.115998    5.61094    34.9385    34.9667    26.9975    1488.70    1493.74 0.0000e+00
       1538     59.000     9.4155     9.4151   3.750440   3.753240     2.1772      90.22     0.0682 5.1266e-02 1.9438e+00     64.028 280.116007    5.60000    34.9399    34.9694    27.0038    1488.61    1493.66 0.0000e+00
       1558     60.000     9.3239     9.3234   3.740607   3.743299     2.1739      98.79     0.0625 5.1273e-02 1.9438e+00     64.883 280.116017    5.59097    34.9268    34.9553    27.0085    1488.27    1493.57 0.0000e+00
       1580     61.000     9.0447     9.0432   3.711102   3.713720     2.1697      98.71     0.0602 5.1273e-02 1.9438e+00     65.777 280.116028    5.60916    34.8917    34.9206    27.0265    1487.23    1493.46 0.0000e+00
       1602     62.000     8.7789     8.7783   3.684294   3.686964     2.1642      98.71     0.0560 5.1273e-02 1.9438e+00     66.692 280.116038    5.60403    34.8707    34.8995    27.0526    1486.24    1493.35 0.0000e+00
       1623     63.000     8.7319     8.7304   3.680159   3.682741     2.1555      98.71     0.0477 5.1273e-02 1.9438e+00     67.584 280.116048    5.56551    34.8729    34.9017    27.0617    1486.08    1493.23 0.0000e+00
       1644     64.000     8.7705     8.7730   3.686576   3.689846     2.1472      98.71     0.0431 5.1280e-02 1.9438e+00     68.464 280.116059    5.54903    34.9021    34.9341    27.0785    1486.28    1493.12 0.0000e+00
       1666     65.000     8.8314     8.8320   3.694517   3.697419     2.1417      87.57     0.0411 5.1247e-02 1.9438e+00     69.361 280.116069    5.53849    34.9253    34.9553    27.0870    1486.55    1493.02 0.0000e+00
       1688     66.000     8.7991     8.7989   3.691755   3.694621     2.1369      97.17     0.0376 5.1273e-02 1.9438e+00     70.281 280.116080    5.52362    34.9276    34.9580    27.0939    1486.45    1492.92 0.0000e+00
       1710     67.000     8.8374     8.8388   3.697807   3.701140     2.1305      98.71     0.0385 5.1273e-02 1.9438e+00     71.204 280.116090    5.49364    34.9531    34.9868    27.1078    1486.64    1492.82 0.0000e+00
       1731     68.000     8.9901     8.9906   3.717969   3.721152     2.1256      98.71     0.0367 5.1273e-02 1.9438e+00     72.094 280.116101    5.47349    35.0140    35.0469    27.1311    1487.29    1492.74 0.0000e+00
       1752     69.000     9.0075     9.0071   3.721232   3.724188     2.1233      98.73     0.0345 5.1273e-02 1.9438e+00     72.972 280.116111    5.49093    35.0306    35.0620    27.1413    1487.39    1492.67 0.0000e+00
       1774     70.000     9.0001     8.9997   3.721253   3.724237     2.1243      98.73     0.0369 5.1273e-02 1.9438e+00     73.871 280.116121    5.50833    35.0377    35.0694    27.1480    1487.39    1492.59 0.0000e+00
       1796     71.000     8.9941     8.9938   3.721566   3.724582     2.1252      98.13     0.0384 5.1254e-02 1.9438e+00     74.797 280.116132    5.51565    35.0464    35.0783    27.1558    1487.39    1492.52 0.0000e+00
       1818     72.000     8.9932     8.9929   3.722364   3.725370     2.1269      77.19     0.0365 5.1232e-02 1.9438e+00     75.706 280.116142    5.53108    35.0552    35.0870    27.1629    1487.42    1492.45 0.0000e+00
       1838     73.000     8.9930     8.9927   3.723104   3.726121     2.1294      98.63     0.0341 5.1273e-02 1.9438e+00     76.559 280.116152    5.53120    35.0627    35.0946    27.1688    1487.44    1492.38 0.0000e+00
       1859     74.000     8.9619     8.9613   3.721249   3.724178     2.1296      98.73     0.0355 5.1273e-02 1.9438e+00     77.402 280.116162    5.53107    35.0734    35.1048    27.1822    1487.36    1492.31 0.0000e+00
