_data/ctd/2018/sta0391_2018.cnv
* Sea-Bird SBE 9 Data File:
* FileName = C:\Seabird\CTDData\sta0391.hex
* Software Version Seasave V 7.21f
* Temperature SN = 4557
* Conductivity SN = 1337
* Number of Bytes Per Scan = 40
* Number of Voltage Words = 5
* Number of Scans Averaged by the Deck Unit = 1
* NMEA Latitude = 60 45.14 N
* NMEA Longitude = 002 46.54 E
* NMEA UTC (Time) = Oct 07 2018 14:25:15
* NMEA baud rate = 4800
** Ship: 10 F/F "G. O. Sars"
** Station: 0391
** Echodepth: 127
** Log: 4561.324
** Wind-Dir Force: 19 34
** Air-temp (dry): 9.4
** Weather Sky: 2 7
** Sea Ice: 5 0
# nquan = 20                                
# nvalues = 115                         
# units = specified
# name 0 = scan: Scan Count
# name 1 = prDM: Pressure, Digiquartz [db]
# name 2 = t068C: Temperature [ITS-68, deg C]
# name 3 = t168C: Temperature, 2 [ITS-68, deg C]
# name 4 = c0S/m: Conductivity [S/m]
# name 5 = c1S/m: Conductivity, 2 [S/m]
# name 6 = sbeox0V: Oxygen raw, SBE 43 [V]
# name 7 = altM: Altimeter [m]
# name 8 = flC: Fluorescence, Chelsea Aqua 3 Chl Con [ug/l]
# name 9 = par: PAR/Irradiance, Biospherical/Licor
# name 10 = spar: SPAR/Surface Irradiance
# name 11 = timeS: Time, Elapsed [seconds]
# name 12 = timeJ: Julian Days
# name 13 = sbeox0ML/L: Oxygen, SBE 43 [ml/l], WS = 2
# name 14 = sal00: Salinity, Practical [PSU]
# name 15 = sal11: Salinity, Practical, 2 [PSU]
# name 16 = sigma-t00: Density [sigma-t, Kg/m^3 ]
# name 17 = svCM: Sound Velocity [Chen-Millero, m/s]
# name 18 = avgsvCM: Average Sound Velocity [Chen-Millero, m/s], minP = 1, minS = 5
# name 19 = flag: flag
# span 0 =         -4,       4155       
# span 1 =      5.000,    119.000       
# span 2 =     9.3021,    10.6679       
# span 3 =     9.3024,    10.6679       
# span 4 =   3.776469,   3.892042       
# span 5 =   3.778577,   3.894231       
# span 6 =     2.0462,     2.2909       
# span 7 =       0.71,      98.90       
# span 8 =     0.0179,     0.2403       
# span 9 = 5.1282e-02, 3.9201e+01       
# span 10 = 1.1456e+02, 1.2635e+02      
# span 11 =     -0.207,    173.077      
# span 12 = 280.600889, 280.602895      
# span 13 =    5.21019,    5.81907      
# span 14 =    35.1857,    35.3047      
# span 15 =    35.2077,    35.3269      
# span 16 =    26.9806,    27.2993      
# span 17 =    1489.55,    1493.41      
# span 18 =    1491.93,    1492.96      
# span 19 = 0.0000e+00, 0.0000e+00      
# interval = decibars: 1                
# start_time = Oct 07 2018 14:25:17 [System UTC, header]
# bad_flag = -9.990e-29
*END*
[from data line 73]
       3127     78.000     9.9963     9.9979   3.838654   3.840810     2.2231      50.67     0.0569 2.1779e-01 1.1857e+02    130.247 280.602399    5.58853    35.2738    35.2943    27.1669    1491.43    1492.89 0.0000e+00
       3145     79.000     9.9658     9.9635   3.836001   3.837787     2.2121      49.74     0.0524 2.0713e-01 1.1857e+02    130.991 280.602407    5.57296    35.2759    35.2965    27.1738    1491.34    1492.87 0.0000e+00
       3164     80.000     9.8973     9.8990   3.829881   3.831948     2.2030      48.73     0.0443 1.9927e-01 1.1857e+02    131.773 280.602416    5.57235    35.2796    35.2992    27.1884    1491.11    1492.84 0.0000e+00
       3186     81.000     9.8016     9.8020   3.821816   3.823840     2.1946      47.66     0.0343 1.9481e-01 1.1857e+02    132.695 280.602427    5.56880    35.2899    35.3103    27.2128    1490.80    1492.82 0.0000e+00
       3210     82.000     9.7785     9.7777   3.819961   3.821981     2.1859      46.60     0.0288 1.8653e-01 1.1857e+02    133.721 280.602439    5.54309    35.2929    35.3145    27.2191    1490.73    1492.79 0.0000e+00
       3234     83.000     9.7733     9.7730   3.819693   3.821746     2.1771      45.61     0.0258 1.7731e-01 1.1857e+02    134.716 280.602450    5.52536    35.2948    35.3163    27.2214    1490.73    1492.77 0.0000e+00
       3258     84.000     9.7676     9.7671   3.819335   3.821425     2.1716      44.64     0.0263 1.7225e-01 1.1857e+02    135.688 280.602462    5.52903    35.2962    35.3183    27.2235    1490.73    1492.74 0.0000e+00
       3279     85.000     9.7476     9.7489   3.817809   3.819976     2.1685      43.68     0.0276 1.6702e-01 1.1857e+02    136.597 280.602472    5.52927    35.2997    35.3207    27.2296    1490.68    1492.72 0.0000e+00
       3299     86.000     9.7266     9.7222   3.816038   3.817658     2.1654      42.76     0.0258 1.6220e-01 1.1857e+02    137.406 280.602482    5.51945    35.3015    35.3226    27.2346    1490.62    1492.70 0.0000e+00
       3317     87.000     9.7058     9.7041   3.814228   3.816191     2.1624      41.82     0.0232 1.5284e-01 1.1857e+02    138.166 280.602490    5.51465    35.3028    35.3247    27.2391    1490.57    1492.67 0.0000e+00
       3335     88.000     9.7016     9.7007   3.813922   3.815972     2.1601      40.84     0.0215 1.4618e-01 1.1857e+02    138.897 280.602499    5.51434    35.3033    35.3254    27.2402    1490.57    1492.65 0.0000e+00
       3354     89.000     9.6945     9.6932   3.813269   3.815281     2.1582      39.85     0.0209 1.4442e-01 1.1857e+02    139.691 280.602508    5.50934    35.3031    35.3251    27.2412    1490.56    1492.62 0.0000e+00
       3378     90.000     9.6780     9.6775   3.811775   3.813880     2.1552      38.71     0.0204 1.3715e-01 1.1857e+02    140.703 280.602520    5.50230    35.3034    35.3256    27.2442    1490.52    1492.60 0.0000e+00
       3408     91.000     9.6783     9.6786   3.811894   3.814053     2.1519      37.58     0.0217 1.3052e-01 1.1857e+02    141.946 280.602534    5.49125    35.3038    35.3258    27.2445    1490.53    1492.58 0.0000e+00
       3434     92.000     9.6792     9.6784   3.812045   3.814123     2.1491      36.63     0.0195 1.2742e-01 1.1857e+02    143.049 280.602547    5.49282    35.3040    35.3263    27.2446    1490.55    1492.56 0.0000e+00
       3454     93.000     9.6796     9.6793   3.812144   3.814298     2.1485      35.75     0.0179 1.2680e-01 1.1857e+02    143.888 280.602557    5.48999    35.3042    35.3268    27.2446    1490.57    1492.53 0.0000e+00
       3473     94.000     9.6771     9.6774   3.811984   3.814181     2.1467      34.83     0.0193 1.2208e-01 1.1857e+02    144.654 280.602565    5.48134    35.3045    35.3269    27.2453    1490.58    1492.51 0.0000e+00
       3491     95.000     9.6714     9.6680   3.811494   3.813324     2.1452      33.88     0.0239 1.2035e-01 1.1857e+02    145.419 280.602574    5.48184    35.3046    35.3269    27.2463    1490.58    1492.49 0.0000e+00
       3511     96.000     9.6417     9.6445   3.808722   3.811060     2.1442      32.85     0.0224 1.1597e-01 1.1857e+02    146.235 280.602584    5.48318    35.3047    35.3261    27.2514    1490.48    1492.47 0.0000e+00
       3532     97.000     9.5850     9.5901   3.803261   3.805853     2.1430      31.81     0.0211 1.1172e-01 1.1857e+02    147.124 280.602594    5.49289    35.3035    35.3253    27.2599    1490.29    1492.45 0.0000e+00
       3555     98.000     9.5332     9.5360   3.798056   3.800476     2.1429      30.81     0.0202 1.0487e-01 1.1857e+02    148.065 280.602605    5.49942    35.3001    35.3224    27.2660    1490.12    1492.43 0.0000e+00
       3577     99.000     9.4675     9.4700   3.791606   3.793906     2.1411      29.82     0.0230 1.0100e-01 1.1857e+02    149.000 280.602616    5.48038    35.2974    35.3188    27.2748    1489.89    1492.40 0.0000e+00
       3598    100.000     9.4277     9.4291   3.787818   3.790059     2.1368      28.86     0.0250 9.8330e-02 1.1857e+02    149.861 280.602626    5.45175    35.2968    35.3187    27.2810    1489.76    1492.37 0.0000e+00
       3618    101.000     9.4185     9.4165   3.786930   3.788830     2.1305      27.88     0.0243 9.3634e-02 1.1857e+02    150.696 280.602635    5.41656    35.2962    35.3179    27.2820    1489.75    1492.35 0.0000e+00
       3638    102.000     9.4001     9.3995   3.785126   3.787178     2.1226      26.87     0.0213 8.6262e-02 1.1823e+02    151.555 280.602645    5.38508    35.2951    35.3171    27.2842    1489.70    1492.32 0.0000e+00
       3663    103.000     9.3847     9.3834   3.783688   3.785685     2.1133      25.80     0.0188 8.5003e-02 1.1701e+02    152.566 280.602657    5.35829    35.2949    35.3169    27.2866    1489.66    1492.30 0.0000e+00
       3692    104.000     9.3717     9.3713   3.782437   3.784537     2.1024      24.71     0.0196 7.9732e-02 1.1669e+02    153.800 280.602671    5.33107    35.2942    35.3165    27.2882    1489.62    1492.27 0.0000e+00
       3718    105.000     9.3570     9.3570   3.781074   3.783199     2.0950      23.77     0.0213 7.9380e-02 1.1663e+02    154.870 280.602684    5.32171    35.2941    35.3162    27.2906    1489.59    1492.24 0.0000e+00
       3735    106.000     9.3515     9.3516   3.780601   3.782759     2.0907      22.97     0.0223 7.3844e-02 1.1663e+02    155.579 280.602692    5.30149    35.2941    35.3165    27.2915    1489.58    1492.22 0.0000e+00
       3750    107.000     9.3461     9.3462   3.780147   3.782281     2.0858      22.10     0.0245 6.7213e-02 1.1663e+02    156.191 280.602699    5.27671    35.2942    35.3164    27.2925    1489.58    1492.19 0.0000e+00
       3764    108.000     9.3401     9.3370   3.779579   3.781402     2.0804      21.20     0.0246 6.6018e-02 1.1663e+02    156.785 280.602706    5.25876    35.2938    35.3158    27.2931    1489.57    1492.17 0.0000e+00
       3785    109.000     9.3286     9.3279   3.778471   3.780556     2.0738      18.32     0.0218 6.1286e-02 1.1663e+02    157.649 280.602716    5.25092    35.2931    35.3155    27.2945    1489.55    1492.15 0.0000e+00
       3837    110.000     9.3493     9.3392   3.780542   3.781753     2.0626      15.01     0.0218 6.0320e-02 1.1663e+02    159.836 280.602741    5.23298    35.2938    35.3164    27.2916    1489.64    1492.12 0.0000e+00
       3887    111.000     9.3296     9.3225   3.778599   3.780221     2.0563      14.58     0.0244 5.8950e-02 1.1663e+02    161.930 280.602765    5.24368    35.2925    35.3164    27.2939    1489.58    1492.10 0.0000e+00
       3905    112.000     9.3189     9.3185   3.777739   3.779852     2.0574      14.15     0.0241 5.4741e-02 1.1663e+02    162.669 280.602774    5.26177    35.2937    35.3161    27.2965    1489.56    1492.08 0.0000e+00
       3920    113.000     9.3181     9.3178   3.777695   3.779834     2.0585      13.60     0.0219 5.2325e-02 1.1663e+02    163.305 280.602781    5.26174    35.2935    35.3161    27.2965    1489.58    1492.06 0.0000e+00
       3935    114.000     9.3144     9.3138   3.777369   3.779487     2.0586      13.11     0.0230 5.1282e-02 1.1663e+02    163.896 280.602788    5.25342    35.2933    35.3160    27.2970    1489.58    1492.03 0.0000e+00
       3948    115.000     9.3137     9.3131   3.777347   3.779471     2.0579      12.35     0.0234 5.1293e-02 1.1663e+02    164.461 280.602795    5.24290    35.2933    35.3160    27.2971    1489.59    1492.01 0.0000e+00
       3993    116.000     9.3147     9.3139   3.777458   3.779579     2.0547      12.35     0.0217 5.1300e-02 1.1663e+02    166.327 280.602816    5.22786    35.2930    35.3159    27.2967    1489.61    1491.99 0.0000e+00
       4106    117.000     9.3221     9.3213   3.778274   3.780356     2.0477      11.93     0.0240 5.1311e-02 1.1652e+02    171.046 280.602871    5.21019    35.2937    35.3162    27.2960    1489.66    1491.97 0.0000e+00
       4126    118.000     9.3195     9.3167   3.778020   3.779949     2.0467      11.02     0.0223 5.1292e-02 1.1490e+02    171.863 280.602880    5.21216    35.2931    35.3160    27.2960    1489.66    1491.95 0.0000e+00
       4155    119.000     9.3021     9.3024   3.776469   3.778577     2.0462       9.82     0.0222 5.1315e-02 1.1456e+02    173.077 280.602895    5.22320    35.2937    35.3154    27.2993    1489.62    1491.93 0.0000e+00
