_data/ctd/2018/sta0386_2018.cnv
* Sea-Bird SBE 9 Data File:
* FileName = C:\Seabird\CTDData\sta0386.hex
* Software Version Seasave V 7.21f
* Temperature SN = 4557
* Conductivity SN = 1337
* Number of Bytes Per Scan = 40
* Number of Voltage Words = 5
* Number of Scans Averaged by the Deck Unit = 1
* NMEA Latitude = 60 45.02 N
* NMEA Longitude = 004 07.05 E
* NMEA UTC (Time) = Oct 07 2018 02:45:56
* NMEA baud rate = 4800
** Ship: 10 F/F "G. O. Sars"
** Station: 0386
** Echodepth: 313
** Log: 4502.584
** Wind-Dir Force: 24 04
** Air-temp (dry): 8.0
** Weather Sky: 2 7
** Sea Ice: 3 0
# nquan = 20                                
# nvalues = 305                         
# units = specified
# name 0 = scan: Scan Count
# name 1 = prDM: Pressure, Digiquartz [db]
# name 2 = t068C: Temperature [ITS-68, deg C]
# name 3 = t168C: Temperature, 2 [ITS-68, deg C]
# name 4 = c0S/m: Conductivity [S/m]
# name 5 = c1S/m: Conductivity, 2 [S/m]
# name 6 = sbeox0V: Oxygen raw, SBE 43 [V]
# name 7 = altM: Altimeter [m]
# name 8 = flC: Fluorescence, Chelsea Aqua 3 Chl Con [ug/l]
# name 9 = par: PAR/Irradiance, Biospherical/Licor
# name 10 = spar: SPAR/Surface Irradiance
# name 11 = timeS: Time, Elapsed [seconds]
# name 12 = timeJ: Julian Days
# name 13 = sbeox0ML/L: Oxygen, SBE 43 [ml/l], WS = 2
# name 14 = sal00: Salinity, Practical [PSU]
# name 15 = sal11: Salinity, Practical, 2 [PSU]
# name 16 = sigma-t00: Density [sigma-t, Kg/m^3 ]
# name 17 = svCM: Sound Velocity [Chen-Millero, m/s]
# name 18 = avgsvCM: Average Sound Velocity [Chen-Millero, m/s], minP = 1, minS = 5
# name 19 = flag: flag
# span 0 =         24,       7359       
# span 1 =      3.000,    307.000       
# span 2 =     6.9104,    11.8739       
# span 3 =     6.9099,    11.8739       
# span 4 =   3.547298,   3.927959       
# span 5 =   3.550080,   3.931146       
# span 6 =     1.9867,     2.3167       
# span 7 =      12.25,     100.34       
# span 8 =     0.0116,     0.4838       
# span 9 = 5.1219e-02, 1.9378e+00       
# span 10 = 1.9438e+00, 1.9438e+00      
# span 11 =      0.978,    306.569      
# span 12 = 280.115278, 280.118814      
# span 13 =    5.37544,    5.82142      
# span 14 =    32.8972,    35.2877      
# span 15 =    32.9277,    35.3198      
# span 16 =    24.9817,    27.5480      
# span 17 =    1483.41,    1495.36      
# span 18 =    1488.42,    1494.47      
# span 19 = 0.0000e+00, 0.0000e+00      
# interval = decibars: 1                
# start_time = Oct 07 2018 02:45:59 [System UTC, header]
# bad_flag = -9.990e-29
*END*
[from data line 218]
       5026    221.000     8.1819     8.1817   3.664520   3.667404     2.0929      96.34     0.0176 5.1273e-02 1.9438e+00    209.387 280.117690    5.58971    35.1770    35.2081    27.3857    1487.01    1489.79 0.0000e+00
       5049    222.000     8.1709     8.1706   3.663454   3.666325     2.0916      94.37     0.0185 5.1267e-02 1.9438e+00    210.345 280.117701    5.58498    35.1762    35.2072    27.3867    1486.98    1489.78 0.0000e+00
       5073    223.000     8.1642     8.1637   3.662853   3.665700     2.0897      97.69     0.0190 5.1273e-02 1.9438e+00    211.326 280.117712    5.57537    35.1760    35.2069    27.3875    1486.97    1489.77 0.0000e+00
       5095    224.000     8.1661     8.1657   3.663187   3.666072     2.0879      98.75     0.0196 5.1273e-02 1.9438e+00    212.248 280.117723    5.57559    35.1771    35.2084    27.3882    1487.00    1489.75 0.0000e+00
       5117    225.000     8.1743     8.1732   3.664244   3.667061     2.0868      98.73     0.0200 5.1273e-02 1.9438e+00    213.167 280.117733    5.56947    35.1798    35.2110    27.3890    1487.05    1489.74 0.0000e+00
       5142    226.000     8.1836     8.1839   3.665386   3.668345     2.0848      98.73     0.0197 5.1273e-02 1.9438e+00    214.192 280.117745    5.56223    35.1822    35.2135    27.3895    1487.10    1489.73 0.0000e+00
       5166    227.000     8.2009     8.1993   3.667936   3.670712     2.0836      98.73     0.0163 5.1267e-02 1.9438e+00    215.224 280.117757    5.55273    35.1916    35.2229    27.3942    1487.19    1489.72 0.0000e+00
       5189    228.000     8.2700     8.2699   3.676108   3.679040     2.0810      98.73     0.0152 5.1273e-02 1.9438e+00    216.184 280.117768    5.53123    35.2093    35.2407    27.3975    1487.49    1489.71 0.0000e+00
       5210    229.000     8.2843     8.2834   3.678054   3.680935     2.0794      98.73     0.0180 5.1266e-02 1.9438e+00    217.033 280.117778    5.52741    35.2153    35.2469    27.4000    1487.57    1489.70 0.0000e+00
       5229    230.000     8.2865     8.2860   3.678464   3.681382     2.0777      81.26     0.0190 5.1281e-02 1.9438e+00    217.818 280.117787    5.51304    35.2169    35.2486    27.4010    1487.60    1489.69 0.0000e+00
       5247    231.000     8.2858     8.2854   3.678555   3.681485     2.0749      45.10     0.0199 5.1281e-02 1.9438e+00    218.598 280.117796    5.50380    35.2181    35.2498    27.4020    1487.61    1489.68 0.0000e+00
       5267    232.000     8.2832     8.2829   3.678361   3.681289     2.0729      99.02     0.0222 5.1266e-02 1.9438e+00    219.421 280.117806    5.48516    35.2182    35.2497    27.4025    1487.62    1489.67 0.0000e+00
       5291    233.000     8.2801     8.2798   3.678132   3.681042     2.0663      98.73     0.0258 5.1273e-02 1.9438e+00    220.403 280.117817    5.43152    35.2184    35.2497    27.4031    1487.62    1489.66 0.0000e+00
       5319    234.000     8.2751     8.2746   3.677727   3.680605     2.0561      98.73     0.0254 5.1268e-02 1.9438e+00    221.574 280.117831    5.39795    35.2186    35.2498    27.4040    1487.62    1489.66 0.0000e+00
       5346    235.000     8.2632     8.2629   3.676552   3.679444     2.0486      98.73     0.0229 5.1273e-02 1.9438e+00    222.690 280.117844    5.38854    35.2174    35.2486    27.4050    1487.59    1489.65 0.0000e+00
       5369    236.000     8.2452     8.2447   3.674722   3.677590     2.0427      86.66     0.0191 5.1273e-02 1.9438e+00    223.685 280.117855    5.37544    35.2154    35.2466    27.4061    1487.54    1489.64 0.0000e+00
       5393    237.000     8.2412     8.2409   3.674314   3.677210     2.0382      54.13     0.0174 5.1273e-02 1.9438e+00    224.658 280.117866    5.38495    35.2146    35.2458    27.4061    1487.54    1489.63 0.0000e+00
       5414    238.000     8.2143     8.2140   3.671558   3.674435     2.0370      99.17     0.0221 5.1273e-02 1.9438e+00    225.530 280.117877    5.40003    35.2116    35.2427    27.4079    1487.45    1489.62 0.0000e+00
       5433    239.000     8.1959     8.1956   3.669775   3.672627     2.0366      98.73     0.0204 5.1273e-02 1.9438e+00    226.321 280.117886    5.40181    35.2105    35.2413    27.4098    1487.40    1489.61 0.0000e+00
       5450    240.000     8.1691     8.1678   3.666982   3.669669     2.0354      98.62     0.0208 5.1256e-02 1.9438e+00    227.037 280.117894    5.40235    35.2070    35.2371    27.4112    1487.31    1489.60 0.0000e+00
       5468    241.000     8.1223     8.1213   3.662230   3.664974     2.0351      98.66     0.0208 5.1273e-02 1.9438e+00    227.786 280.117903    5.41652    35.2026    35.2330    27.4148    1487.14    1489.59 0.0000e+00
       5488    242.000     8.0941     8.0930   3.659194   3.661969     2.0355      98.73     0.0201 5.1267e-02 1.9438e+00    228.629 280.117912    5.42216    35.1978    35.2287    27.4154    1487.05    1489.58 0.0000e+00
       5513    243.000     8.0512     8.0494   3.654809   3.657489     2.0345      83.03     0.0211 5.1273e-02 1.9438e+00    229.671 280.117924    5.41126    35.1934    35.2239    27.4184    1486.90    1489.57 0.0000e+00
       5544    244.000     8.0003     7.9999   3.649540   3.652325     2.0333      72.93     0.0208 5.1277e-02 1.9438e+00    230.954 280.117939    5.43262    35.1874    35.2177    27.4214    1486.71    1489.56 0.0000e+00
       5574    245.000     7.9371     7.9356   3.642871   3.645544     2.0343      98.21     0.0230 5.1273e-02 1.9438e+00    232.189 280.117954    5.44679    35.1787    35.2090    27.4241    1486.48    1489.54 0.0000e+00
       5595    246.000     7.8657     7.8655   3.635307   3.638061     2.0351      97.55     0.0230 5.1266e-02 1.9438e+00    233.093 280.117964    5.45802    35.1686    35.1985    27.4268    1486.21    1489.53 0.0000e+00
       5615    247.000     7.7761     7.7737   3.625849   3.628280     2.0346      97.63     0.0219 5.1273e-02 1.9438e+00    233.914 280.117974    5.45804    35.1562    35.1849    27.4304    1485.88    1489.52 0.0000e+00
       5634    248.000     7.7246     7.7237   3.620762   3.623440     2.0336      94.35     0.0212 5.1265e-02 1.9438e+00    234.712 280.117983    5.45453    35.1526    35.1825    27.4352    1485.69    1489.50 0.0000e+00
       5653    249.000     7.7044     7.7036   3.618623   3.621285     2.0318      95.51     0.0211 5.1273e-02 1.9438e+00    235.509 280.117992    5.45020    35.1494    35.1790    27.4356    1485.63    1489.48 0.0000e+00
       5672    250.000     7.6747     7.6722   3.615577   3.618077     2.0305      38.71     0.0216 5.1289e-02 1.9438e+00    236.305 280.118001    5.46821    35.1458    35.1754    27.4372    1485.53    1489.47 0.0000e+00
       5692    251.000     7.6592     7.6566   3.613878   3.616371     2.0320      95.48     0.0224 5.1273e-02 1.9438e+00    237.109 280.118011    5.49168    35.1426    35.1722    27.4369    1485.48    1489.45 0.0000e+00
       5712    252.000     7.6097     7.6088   3.608683   3.611363     2.0332      98.72     0.0220 5.1273e-02 1.9438e+00    237.955 280.118020    5.49171    35.1357    35.1657    27.4388    1485.30    1489.44 0.0000e+00
       5734    253.000     7.5922     7.5915   3.606860   3.609610     2.0328      69.13     0.0224 5.1261e-02 1.9438e+00    238.889 280.118031    5.48486    35.1331    35.1637    27.4393    1485.25    1489.42 0.0000e+00
       5761    254.000     7.5641     7.5639   3.604032   3.606793     2.0324      68.47     0.0205 5.1254e-02 1.9438e+00    239.993 280.118044    5.50267    35.1303    35.1605    27.4412    1485.15    1489.40 0.0000e+00
       5796    255.000     7.5115     7.5138   3.598717   3.601645     2.0353      98.57     0.0237 5.1273e-02 1.9438e+00    241.450 280.118061    5.52158    35.1252    35.1547    27.4448    1484.96    1489.39 0.0000e+00
       5830    256.000     7.4813     7.4807   3.595579   3.598327     2.0356      98.73     0.0236 5.1273e-02 1.9438e+00    242.882 280.118077    5.51598    35.1211    35.1516    27.4460    1484.86    1489.37 0.0000e+00
       5851    257.000     7.4742     7.4740   3.595041   3.597820     2.0353      94.06     0.0234 5.1264e-02 1.9438e+00    243.769 280.118088    5.51577    35.1219    35.1524    27.4477    1484.85    1489.35 0.0000e+00
       5868    258.000     7.4600     7.4590   3.593769   3.596468     2.0350      39.93     0.0237 5.1264e-02 1.9438e+00    244.444 280.118096    5.52126    35.1220    35.1523    27.4498    1484.81    1489.33 0.0000e+00
       5883    259.000     7.4164     7.4155   3.589381   3.591979     2.0357      98.79     0.0240 5.1264e-02 1.9438e+00    245.102 280.118103    5.52593    35.1178    35.1470    27.4528    1484.66    1489.31 0.0000e+00
       5901    260.000     7.3851     7.3853   3.586277   3.589073     2.0346      98.74     0.0249 5.1273e-02 1.9438e+00    245.821 280.118111    5.50824    35.1151    35.1454    27.4552    1484.55    1489.30 0.0000e+00
       5921    261.000     7.3330     7.3318   3.580908   3.583557     2.0316      70.03     0.0262 5.1266e-02 1.9438e+00    246.647 280.118121    5.49967    35.1088    35.1389    27.4577    1484.36    1489.28 0.0000e+00
       5944    262.000     7.2605     7.2597   3.573439   3.576166     2.0299      90.04     0.0236 5.1267e-02 1.9438e+00    247.642 280.118132    5.52106    35.1001    35.1308    27.4612    1484.08    1489.26 0.0000e+00
       5972    263.000     7.2211     7.2208   3.569395   3.572153     2.0283      58.72     0.0217 5.1263e-02 1.9438e+00    248.779 280.118146    5.51907    35.0953    35.1258    27.4631    1483.94    1489.24 0.0000e+00
       5999    264.000     7.1870     7.1865   3.565894   3.568659     2.0277      75.25     0.0228 5.1273e-02 1.9438e+00    249.932 280.118159    5.53764    35.0911    35.1219    27.4646    1483.82    1489.22 0.0000e+00
       6026    265.000     7.1619     7.1611   3.563389   3.566106     2.0276      70.93     0.0255 5.1279e-02 1.9438e+00    251.029 280.118172    5.53343    35.0886    35.1192    27.4662    1483.74    1489.20 0.0000e+00
       6049    266.000     7.1266     7.1278   3.559874   3.562777     2.0268      53.16     0.0265 5.1273e-02 1.9438e+00    251.995 280.118183    5.53732    35.0854    35.1160    27.4686    1483.62    1489.17 0.0000e+00
       6068    267.000     7.1194     7.1188   3.559329   3.562091     2.0265      52.80     0.0265 5.1273e-02 1.9438e+00    252.790 280.118192    5.54271    35.0862    35.1172    27.4703    1483.61    1489.15 0.0000e+00
       6085    268.000     7.1309     7.1301   3.561060   3.563854     2.0268      52.05     0.0238 5.1256e-02 1.9438e+00    253.503 280.118200    5.54478    35.0931    35.1245    27.4740    1483.68    1489.13 0.0000e+00
       6101    269.000     7.1439     7.1436   3.562736   3.565523     2.0269      50.89     0.0209 5.1273e-02 1.9438e+00    254.176 280.118208    5.53713    35.0977    35.1286    27.4759    1483.75    1489.11 0.0000e+00
       6118    270.000     7.1391     7.1399   3.562381   3.565280     2.0259      49.98     0.0226 5.1273e-02 1.9438e+00    254.866 280.118216    5.53278    35.0982    35.1292    27.4770    1483.75    1489.09 0.0000e+00
       6137    271.000     7.0981     7.0994   3.558629   3.561572     2.0257      48.86     0.0250 5.1273e-02 1.9438e+00    255.675 280.118225    5.54455    35.0982    35.1292    27.4827    1483.60    1489.07 0.0000e+00
       6163    272.000     7.0864     7.0857   3.557589   3.560334     2.0258      47.60     0.0261 5.1273e-02 1.9438e+00    256.750 280.118238    5.54820    35.0982    35.1290    27.4843    1483.58    1489.05 0.0000e+00
       6195    273.000     7.0804     7.0798   3.557077   3.559838     2.0258      46.33     0.0243 5.1264e-02 1.9438e+00    258.102 280.118254    5.55477    35.0982    35.1291    27.4852    1483.57    1489.03 0.0000e+00
       6225    274.000     7.0697     7.0692   3.556175   3.558960     2.0273      45.42     0.0237 5.1273e-02 1.9438e+00    259.315 280.118268    5.57147    35.0986    35.1297    27.4870    1483.55    1489.01 0.0000e+00
       6245    275.000     7.0673     7.0666   3.556027   3.558785     2.0283      44.52     0.0238 5.1273e-02 1.9438e+00    260.151 280.118277    5.56561    35.0989    35.1300    27.4876    1483.55    1488.99 0.0000e+00
       6262    276.000     7.0629     7.0632   3.555640   3.558476     2.0281      43.64     0.0237 5.1273e-02 1.9438e+00    260.885 280.118286    5.55482    35.0987    35.1295    27.4880    1483.55    1488.97 0.0000e+00
       6281    277.000     7.0554     7.0550   3.555008   3.557788     2.0270      42.74     0.0264 5.1281e-02 1.9438e+00    261.654 280.118295    5.55236    35.0988    35.1298    27.4892    1483.54    1488.95 0.0000e+00
       6301    278.000     7.0458     7.0453   3.554213   3.556985     2.0266      41.80     0.0241 5.1273e-02 1.9438e+00    262.508 280.118304    5.55021    35.0994    35.1304    27.4910    1483.52    1488.93 0.0000e+00
       6324    279.000     7.0389     7.0384   3.553713   3.556491     2.0250      40.73     0.0240 5.1273e-02 1.9438e+00    263.452 280.118315    5.54396    35.1004    35.1315    27.4928    1483.51    1488.91 0.0000e+00
       6346    280.000     7.0387     7.0383   3.553901   3.556699     2.0242      39.58     0.0206 5.1273e-02 1.9438e+00    264.369 280.118326    5.55113    35.1022    35.1333    27.4942    1483.53    1488.89 0.0000e+00
       6367    281.000     7.0377     7.0373   3.554023   3.556826     2.0243      38.16     0.0221 5.1273e-02 1.9438e+00    265.252 280.118336    5.55924    35.1040    35.1353    27.4958    1483.54    1488.88 0.0000e+00
       6389    282.000     7.0325     7.0322   3.553681   3.556478     2.0248      37.33     0.0215 5.1280e-02 1.9438e+00    266.147 280.118347    5.56389    35.1051    35.1361    27.4973    1483.54    1488.86 0.0000e+00
       6411    283.000     7.0215     7.0212   3.552848   3.555637     2.0251      36.44     0.0269 5.1273e-02 1.9438e+00    267.100 280.118358    5.56198    35.1066    35.1376    27.5001    1483.52    1488.84 0.0000e+00
       6435    284.000     7.0176     7.0173   3.552803   3.555614     2.0247      35.50     0.0271 5.1273e-02 1.9438e+00    268.090 280.118369    5.55859    35.1096    35.1408    27.5030    1483.52    1488.82 0.0000e+00
       6458    285.000     7.0145     7.0139   3.552815   3.555616     2.0246      34.56     0.0259 5.1266e-02 1.9438e+00    269.026 280.118380    5.56132    35.1124    35.1438    27.5056    1483.53    1488.80 0.0000e+00
       6478    286.000     7.0088     7.0083   3.552738   3.555532     2.0245      33.58     0.0241 5.1273e-02 1.9438e+00    269.869 280.118390    5.56382    35.1168    35.1481    27.5099    1483.53    1488.78 0.0000e+00
       6497    287.000     7.0057     7.0055   3.552615   3.555417     2.0246      32.59     0.0280 5.1280e-02 1.9438e+00    270.683 280.118399    5.56142    35.1181    35.1492    27.5114    1483.54    1488.76 0.0000e+00
       6517    288.000     7.0045     7.0041   3.552919   3.555730     2.0239      31.59     0.0246 5.1273e-02 1.9438e+00    271.503 280.118409    5.55487    35.1222    35.1535    27.5147    1483.55    1488.75 0.0000e+00
       6537    289.000     7.0059     7.0054   3.553499   3.556304     2.0233      30.60     0.0240 5.1273e-02 1.9438e+00    272.333 280.118418    5.55245    35.1267    35.1580    27.5181    1483.58    1488.73 0.0000e+00
       6558    290.000     7.0074     7.0069   3.554608   3.557445     2.0222      29.61     0.0220 5.1280e-02 1.9438e+00    273.189 280.118428    5.54670    35.1368    35.1686    27.5259    1483.62    1488.71 0.0000e+00
       6579    291.000     7.0093     7.0089   3.555667   3.558483     2.0212      28.56     0.0212 5.1273e-02 1.9438e+00    274.097 280.118439    5.53794    35.1461    35.1774    27.5329    1483.65    1488.69 0.0000e+00
