_data/ctd/2018/sta0390_2018.cnv
* Sea-Bird SBE 9 Data File:
* FileName = C:\Seabird\CTDData\sta0390.hex
* Software Version Seasave V 7.21f
* Temperature SN = 4557
* Conductivity SN = 1337
* Number of Bytes Per Scan = 40
* Number of Voltage Words = 5
* Number of Scans Averaged by the Deck Unit = 1
* NMEA Latitude = 60 45.17 N
* NMEA Longitude = 002 56.34 E
* NMEA UTC (Time) = Oct 07 2018 13:12:22
* NMEA baud rate = 4800
** Ship: 10 F/F "G. O. Sars"
** Station: 0390
** Echodepth: 173
** Log: 4556.038
** Wind-Dir Force: 17 34
** Air-temp (dry): 9.4
** Weather Sky: 2 5
** Sea Ice: 5 0
# nquan = 20                                
# nvalues = 156                         
# units = specified
# name 0 = scan: Scan Count
# name 1 = prDM: Pressure, Digiquartz [db]
# name 2 = t068C: Temperature [ITS-68, deg C]
# name 3 = t168C: Temperature, 2 [ITS-68, deg C]
# name 4 = c0S/m: Conductivity [S/m]
# name 5 = c1S/m: Conductivity, 2 [S/m]
# name 6 = sbeox0V: Oxygen raw, SBE 43 [V]
# name 7 = altM: Altimeter [m]
# name 8 = flC: Fluorescence, Chelsea Aqua 3 Chl Con [ug/l]
# name 9 = par: PAR/Irradiance, Biospherical/Licor
# name 10 = spar: SPAR/Surface Irradiance
# name 11 = timeS: Time, Elapsed [seconds]
# name 12 = timeJ: Julian Days
# name 13 = sbeox0ML/L: Oxygen, SBE 43 [ml/l], WS = 2
# name 14 = sal00: Salinity, Practical [PSU]
# name 15 = sal11: Salinity, Practical, 2 [PSU]
# name 16 = sigma-t00: Density [sigma-t, Kg/m^3 ]
# name 17 = svCM: Sound Velocity [Chen-Millero, m/s]
# name 18 = avgsvCM: Average Sound Velocity [Chen-Millero, m/s], minP = 1, minS = 5
# name 19 = flag: flag
# span 0 =          2,       3788       
# span 1 =      5.000,    160.000       
# span 2 =     9.2270,    10.3945       
# span 3 =     9.2216,    10.3945       
# span 4 =   3.770449,   3.861325       
# span 5 =   3.772207,   3.863522       
# span 6 =     2.0297,     2.3120       
# span 7 =      15.48,      99.14       
# span 8 =     0.0152,     0.3375       
# span 9 = 5.1259e-02, 8.4896e+01       
# span 10 = 2.9811e+02, 3.3844e+02      
# span 11 =      0.061,    157.807      
# span 12 = 280.550256, 280.552081      
# span 13 =    5.18238,    5.89619      
# span 14 =    35.1155,    35.3043      
# span 15 =    35.1381,    35.3272      
# span 16 =    26.9747,    27.3061      
# span 17 =    1489.93,    1492.50      
# span 18 =    1491.21,    1491.99      
# span 19 = 0.0000e+00, 0.0000e+00      
# interval = decibars: 1                
# start_time = Oct 07 2018 13:12:22 [System UTC, header]
# bad_flag = -9.990e-29
*END*
          2      5.000    10.3944    10.3943   3.857818   3.860105     2.3120      98.80     0.2416 8.4896e+01 3.3725e+02      0.061 280.550256    5.89619    35.1162    35.1395    26.9748    1491.45    1491.45 0.0000e+00
        265      6.000    10.3937    10.3934   3.857847   3.860063     2.3058      98.85     0.2701 6.7578e+01 3.3502e+02     11.002 280.550382    5.86652    35.1167    35.1395    26.9753    1491.47    1491.46 0.0000e+00
        391      7.000    10.3942    10.3941   3.857965   3.860208     2.3053      98.86     0.3124 6.3594e+01 3.3231e+02     16.251 280.550443    5.87034    35.1170    35.1399    26.9754    1491.49    1491.46 0.0000e+00
        405      8.000    10.3937    10.3938   3.857952   3.860211     2.3041      98.87     0.3147 5.7383e+01 3.3239e+02     16.854 280.550450    5.85394    35.1169    35.1397    26.9754    1491.50    1491.46 0.0000e+00
        422      9.000    10.3942    10.3939   3.857986   3.860272     2.3015      98.87     0.2947 5.2398e+01 3.3239e+02     17.529 280.550458    5.84097    35.1163    35.1398    26.9748    1491.52    1491.47 0.0000e+00
        446     10.000    10.3936    10.3938   3.858014   3.860294     2.2982      98.85     0.2852 4.3852e+01 3.3239e+02     18.523 280.550469    5.83882    35.1167    35.1396    26.9752    1491.53    1491.48 0.0000e+00
        473     11.000    10.3945    10.3944   3.858191   3.860403     2.2975      98.85     0.2852 4.0051e+01 3.3239e+02     19.676 280.550482    5.85674    35.1171    35.1397    26.9755    1491.55    1491.48 0.0000e+00
        496     12.000    10.3944    10.3945   3.858226   3.860454     2.2980      98.86     0.2735 3.7904e+01 3.3239e+02     20.625 280.550493    5.86239    35.1171    35.1397    26.9755    1491.57    1491.49 0.0000e+00
        515     13.000    10.3944    10.3943   3.858249   3.860480     2.2992      98.87     0.2542 3.5684e+01 3.3239e+02     21.407 280.550502    5.86850    35.1169    35.1397    26.9753    1491.59    1491.50 0.0000e+00
        533     14.000    10.3943    10.3943   3.858273   3.860523     2.2999      98.86     0.2574 3.1882e+01 3.3239e+02     22.147 280.550511    5.87447    35.1168    35.1396    26.9752    1491.60    1491.51 0.0000e+00
        552     15.000    10.3933    10.3932   3.858203   3.860416     2.3016      98.85     0.2605 2.7502e+01 3.3162e+02     22.970 280.550520    5.87494    35.1166    35.1391    26.9752    1491.61    1491.51 0.0000e+00
        574     16.000    10.3927    10.3928   3.858148   3.860418     2.3010      98.85     0.2534 2.4772e+01 3.3042e+02     23.869 280.550531    5.85900    35.1161    35.1391    26.9750    1491.63    1491.52 0.0000e+00
        596     17.000    10.3894    10.3902   3.857815   3.860139     2.2992      98.84     0.2800 2.3162e+01 3.3044e+02     24.782 280.550541    5.85736    35.1155    35.1383    26.9751    1491.63    1491.53 0.0000e+00
        618     18.000    10.3909    10.3907   3.858017   3.860208     2.2994      98.83     0.3375 2.2038e+01 3.3044e+02     25.692 280.550552    5.87124    35.1156    35.1381    26.9749    1491.65    1491.53 0.0000e+00
        639     19.000    10.3910    10.3909   3.858075   3.860313     2.3004      98.81     0.2903 2.1416e+01 3.3008e+02     26.570 280.550562    5.87407    35.1157    35.1385    26.9749    1491.67    1491.54 0.0000e+00
        660     20.000    10.3922    10.3925   3.858284   3.860556     2.3007      98.79     0.2770 1.9918e+01 3.2850e+02     27.460 280.550572    5.86774    35.1162    35.1389    26.9751    1491.69    1491.55 0.0000e+00
        681     21.000    10.3936    10.3933   3.858498   3.860686     2.2995      98.76     0.2724 1.8132e+01 3.2850e+02     28.354 280.550583    5.86057    35.1165    35.1390    26.9751    1491.71    1491.56 0.0000e+00
        704     22.000    10.3924    10.3924   3.858394   3.860634     2.2991      98.71     0.2594 1.6170e+01 3.2833e+02     29.278 280.550594    5.86607    35.1162    35.1389    26.9750    1491.73    1491.56 0.0000e+00
        727     23.000    10.3925    10.3925   3.858443   3.860677     2.2992      98.70     0.2570 1.4432e+01 -9.990e-29     30.265 280.550605    5.86842    35.1161    35.1388    26.9750    1491.74    1491.57 0.0000e+00
        751     24.000    10.3919    10.3916   3.858417   3.860611     2.2991      98.70     0.2547 1.3386e+01 -9.990e-29     31.243 280.550616    5.86721    35.1160    35.1385    26.9750    1491.76    1491.58 0.0000e+00
        773     25.000    10.3926    10.3920   3.858549   3.860720     2.2986      98.71     0.2481 1.2696e+01 -9.990e-29     32.162 280.550627    5.86173    35.1162    35.1388    26.9750    1491.78    1491.59 0.0000e+00
        794     26.000    10.3923    10.3921   3.858544   3.860761     2.2978      98.70     0.2450 1.2152e+01 3.2495e+02     33.053 280.550637    5.85823    35.1159    35.1386    26.9749    1491.79    1491.60 0.0000e+00
        814     27.000    10.3922    10.3918   3.858573   3.860780     2.2968      98.70     0.2419 1.1533e+01 3.2461e+02     33.879 280.550647    5.86013    35.1159    35.1387    26.9749    1491.81    1491.60 0.0000e+00
        833     28.000    10.3927    10.3926   3.858684   3.860920     2.2970      98.70     0.2399 1.0734e+01 3.2448e+02     34.660 280.550656    5.86837    35.1160    35.1388    26.9749    1491.83    1491.61 0.0000e+00
        852     29.000    10.3933    10.3932   3.858802   3.861031     2.2976      98.70     0.2426 9.7766e+00 3.2272e+02     35.450 280.550665    5.86796    35.1162    35.1389    26.9749    1491.84    1491.62 0.0000e+00
        873     30.000    10.3926    10.3926   3.858761   3.860982     2.2973      98.70     0.2442 8.7388e+00 3.2258e+02     36.326 280.550675    5.86547    35.1160    35.1386    26.9749    1491.86    1491.63 0.0000e+00
        898     31.000    10.3933    10.3933   3.858900   3.861125     2.2974      98.70     0.2521 7.9364e+00 3.2079e+02     37.360 280.550687    5.87210    35.1163    35.1389    26.9750    1491.88    1491.64 0.0000e+00
        923     32.000    10.3936    10.3935   3.858978   3.861199     2.2983      98.70     0.2822 7.4698e+00 3.2072e+02     38.415 280.550699    5.87869    35.1163    35.1390    26.9750    1491.89    1491.64 0.0000e+00
        945     33.000    10.3936    10.3935   3.859019   3.861238     2.2993      98.70     0.2601 7.1559e+00 3.2072e+02     39.344 280.550710    5.88265    35.1163    35.1389    26.9749    1491.91    1491.65 0.0000e+00
        966     34.000    10.3932    10.3929   3.858988   3.861187     2.2999      98.70     0.2512 6.7726e+00 3.2032e+02     40.207 280.550720    5.87438    35.1159    35.1385    26.9747    1491.93    1491.66 0.0000e+00
        986     35.000    10.3918    10.3916   3.858882   3.861101     2.2985      98.37     0.2398 6.3343e+00 3.1877e+02     41.024 280.550730    5.85862    35.1157    35.1384    26.9748    1491.94    1491.67 0.0000e+00
       1006     36.000    10.3915    10.3913   3.858900   3.861109     2.2961      98.56     0.2374 5.8296e+00 3.1796e+02     41.863 280.550739    5.85325    35.1157    35.1383    26.9749    1491.95    1491.68 0.0000e+00
       1028     37.000    10.3908    10.3904   3.858883   3.861085     2.2949      98.69     0.2553 5.3438e+00 3.1676e+02     42.793 280.550750    5.85453    35.1158    35.1385    26.9750    1491.97    1491.68 0.0000e+00
       1052     38.000    10.3890    10.3888   3.858797   3.861014     2.2935      98.69     0.2431 4.9532e+00 3.1494e+02     43.799 280.550762    5.85285    35.1162    35.1389    26.9756    1491.98    1491.69 0.0000e+00
       1075     39.000    10.3910    10.3909   3.859037   3.861253     2.2924      98.69     0.2373 4.6265e+00 3.1489e+02     44.750 280.550773    5.85050    35.1162    35.1388    26.9753    1492.00    1491.70 0.0000e+00
       1095     40.000    10.3896    10.3895   3.858934   3.861163     2.2919      98.69     0.2389 4.3645e+00 3.1489e+02     45.578 280.550782    5.85323    35.1161    35.1388    26.9755    1492.01    1491.71 0.0000e+00
       1114     41.000    10.3893    10.3890   3.858962   3.861165     2.2914      98.68     0.2346 4.0793e+00 3.1489e+02     46.388 280.550791    5.85657    35.1162    35.1388    26.9756    1492.03    1491.71 0.0000e+00
       1135     42.000    10.3901    10.3898   3.859068   3.861276     2.2920      98.68     0.2282 3.8003e+00 3.1363e+02     47.229 280.550801    5.85730    35.1160    35.1387    26.9753    1492.05    1491.72 0.0000e+00
       1156     43.000    10.3898    10.3899   3.859085   3.861320     2.2910      98.68     0.2361 3.5255e+00 3.1253e+02     48.120 280.550812    5.85085    35.1160    35.1386    26.9754    1492.06    1491.73 0.0000e+00
       1179     44.000    10.3896    10.3895   3.859109   3.861351     2.2909      98.70     0.2387 3.2594e+00 3.1103e+02     49.071 280.550823    5.86175    35.1160    35.1388    26.9754    1492.08    1491.74 0.0000e+00
       1202     45.000    10.3896    10.3892   3.859178   3.861377     2.2923      98.70     0.2427 3.0216e+00 3.1092e+02     50.046 280.550834    5.87681    35.1162    35.1389    26.9756    1492.09    1491.75 0.0000e+00
       1225     46.000    10.3902    10.3900   3.859270   3.861487     2.2948      98.70     0.2625 2.8362e+00 3.1101e+02     50.992 280.550845    5.87930    35.1161    35.1388    26.9754    1492.11    1491.75 0.0000e+00
       1247     47.000    10.3904    10.3902   3.859318   3.861547     2.2941      98.70     0.2528 2.6657e+00 3.1101e+02     51.906 280.550855    5.85514    35.1160    35.1388    26.9752    1492.13    1491.76 0.0000e+00
       1268     48.000    10.3905    10.3903   3.859402   3.861610     2.2914      95.98     0.2422 2.5051e+00 3.1094e+02     52.806 280.550866    5.84289    35.1162    35.1389    26.9754    1492.15    1491.77 0.0000e+00
       1288     49.000    10.3906    10.3904   3.859453   3.861676     2.2898      93.55     0.2349 2.3440e+00 3.0915e+02     53.637 280.550875    5.85317    35.1162    35.1390    26.9754    1492.16    1491.78 0.0000e+00
       1309     50.000    10.3911    10.3911   3.859540   3.861767     2.2904      98.67     0.2314 2.1727e+00 3.0740e+02     54.505 280.550885    5.86313    35.1161    35.1387    26.9753    1492.18    1491.79 0.0000e+00
       1331     51.000    10.3914    10.3913   3.859616   3.861840     2.2907      98.78     0.2320 2.0027e+00 3.0712e+02     55.404 280.550896    5.86113    35.1162    35.1388    26.9752    1492.20    1491.79 0.0000e+00
       1350     52.000    10.3916    10.3915   3.859671   3.861889     2.2906      95.00     0.2371 1.8572e+00 3.0712e+02     56.202 280.550905    5.85714    35.1161    35.1387    26.9751    1492.22    1491.80 0.0000e+00
       1368     53.000    10.3923    10.3923   3.859781   3.862028     2.2897      98.27     0.2412 1.7303e+00 3.0712e+02     56.944 280.550914    5.85006    35.1160    35.1389    26.9750    1492.24    1491.81 0.0000e+00
       1388     54.000    10.3917    10.3915   3.859760   3.861991     2.2885      98.74     0.2457 1.6103e+00 3.0717e+02     57.805 280.550924    5.84791    35.1160    35.1388    26.9750    1492.25    1491.82 0.0000e+00
       1418     55.000    10.3918    10.3916   3.859801   3.862028     2.2877      95.24     0.2428 1.5022e+00 3.0768e+02     59.027 280.550938    5.85581    35.1158    35.1386    26.9749    1492.27    1491.83 0.0000e+00
       1463     56.000    10.3920    10.3917   3.859878   3.862097     2.2894      99.14     0.2408 1.4176e+00 3.0555e+02     60.899 280.550959    5.86329    35.1159    35.1388    26.9749    1492.28    1491.84 0.0000e+00
       1489     57.000    10.3918    10.3913   3.859925   3.862141     2.2893      94.67     0.2354 1.3393e+00 3.0516e+02     61.986 280.550972    5.85711    35.1162    35.1391    26.9751    1492.30    1491.84 0.0000e+00
       1505     58.000    10.3920    10.3918   3.860005   3.862218     2.2884      94.59     0.2410 1.2555e+00 3.0517e+02     62.666 280.550980    5.84827    35.1163    35.1390    26.9752    1492.32    1491.85 0.0000e+00
       1520     59.000    10.3917    10.3916   3.860044   3.862257     2.2873      98.66     0.2470 1.1731e+00 3.0517e+02     63.281 280.550987    5.84869    35.1165    35.1391    26.9755    1492.33    1491.86 0.0000e+00
       1537     60.000    10.3906    10.3906   3.860033   3.862192     2.2871      98.72     0.2703 1.0842e+00 3.0517e+02     64.020 280.550996    5.85208    35.1170    35.1389    26.9760    1492.35    1491.87 0.0000e+00
       1563     61.000    10.3913    10.3911   3.860102   3.862324     2.2861      90.21     0.2522 9.9171e-01 3.0517e+02     65.098 280.551008    5.85239    35.1166    35.1393    26.9756    1492.36    1491.88 0.0000e+00
       1598     62.000    10.3911    10.3909   3.860164   3.862374     2.2881      99.05     0.2298 9.3261e-01 3.0517e+02     66.533 280.551025    5.86617    35.1170    35.1396    26.9759    1492.38    1491.88 0.0000e+00
       1623     63.000    10.3903    10.3903   3.860205   3.862408     2.2871      98.69     0.2282 8.9242e-01 3.0517e+02     67.583 280.551037    5.84609    35.1177    35.1400    26.9766    1492.40    1491.89 0.0000e+00
       1641     64.000    10.3897    10.3897   3.860250   3.862456     2.2856      88.12     0.2302 8.3968e-01 3.0517e+02     68.344 280.551046    5.84460    35.1183    35.1406    26.9772    1492.41    1491.90 0.0000e+00
       1660     65.000    10.3882    10.3883   3.860224   3.862455     2.2850      98.45     0.2354 7.9205e-01 3.0517e+02     69.129 280.551055    5.84607    35.1190    35.1415    26.9780    1492.42    1491.91 0.0000e+00
       1682     66.000    10.3859    10.3866   3.860207   3.862446     2.2842      98.67     0.2230 7.4261e-01 3.0517e+02     70.032 280.551065    5.84422    35.1206    35.1426    26.9796    1492.43    1491.92 0.0000e+00
       1706     67.000    10.3872    10.3865   3.860289   3.862495     2.2828      90.37     0.2212 6.8811e-01 3.0517e+02     71.023 280.551077    5.84113    35.1197    35.1428    26.9787    1492.45    1491.92 0.0000e+00
       1728     68.000    10.3827    10.3822   3.860129   3.862310     2.2831      96.64     0.2240 6.4272e-01 3.0434e+02     71.959 280.551087    5.84964    35.1220    35.1446    26.9813    1492.46    1491.93 0.0000e+00
       1748     69.000    10.3812    10.3814   3.860121   3.862365     2.2824      98.63     0.2201 6.0452e-01 3.0334e+02     72.802 280.551097    5.83973    35.1229    35.1455    26.9822    1492.47    1491.94 0.0000e+00
       1768     70.000    10.3791    10.3790   3.860455   3.862642     2.2813      97.53     0.2123 5.6943e-01 3.0359e+02     73.629 280.551107    5.82916    35.1278    35.1501    26.9865    1492.48    1491.95 0.0000e+00
       1790     71.000    10.3792    10.3791   3.860433   3.862689     2.2787      87.93     0.1957 5.3231e-01 3.0384e+02     74.528 280.551117    5.82602    35.1270    35.1500    26.9859    1492.50    1491.96 0.0000e+00
       1815     72.000    10.3673    10.3675   3.860807   3.862989     2.2777      98.70     0.1816 5.0357e-01 3.0323e+02     75.569 280.551129    5.82501    35.1419    35.1639    26.9995    1492.49    1491.96 0.0000e+00
       1840     73.000    10.3612    10.3610   3.861282   3.863498     2.2759      96.43     0.1697 4.7319e-01 3.0323e+02     76.604 280.551141    5.81814    35.1522    35.1749    27.0086    1492.50    1491.97 0.0000e+00
       1862     74.000    10.3526    10.3522   3.861325   3.863522     2.2742      78.16     0.1703 4.4323e-01 3.0266e+02     77.525 280.551152    5.81721    35.1605    35.1832    27.0166    1492.49    1491.98 0.0000e+00
       1881     75.000    10.3135    10.3156   3.859641   3.861819     2.2732      98.98     0.1798 4.2367e-01 3.0158e+02     78.348 280.551161    5.79961    35.1808    35.2009    27.0393    1492.40    1491.98 0.0000e+00
       1900     76.000    10.2259    10.2286   3.856140   3.858369     2.2681      98.63     0.1462 3.9942e-01 3.0250e+02     79.108 280.551170    5.77877    35.2297    35.2498    27.0928    1492.16    1491.99 0.0000e+00
