_data/ctd/2018/sta0390_2018.cnv
* Sea-Bird SBE 9 Data File:
* FileName = C:\Seabird\CTDData\sta0390.hex
* Software Version Seasave V 7.21f
* Temperature SN = 4557
* Conductivity SN = 1337
* Number of Bytes Per Scan = 40
* Number of Voltage Words = 5
* Number of Scans Averaged by the Deck Unit = 1
* NMEA Latitude = 60 45.17 N
* NMEA Longitude = 002 56.34 E
* NMEA UTC (Time) = Oct 07 2018 13:12:22
* NMEA baud rate = 4800
** Ship: 10 F/F "G. O. Sars"
** Station: 0390
** Echodepth: 173
** Log: 4556.038
** Wind-Dir Force: 17 34
** Air-temp (dry): 9.4
** Weather Sky: 2 5
** Sea Ice: 5 0
# nquan = 20                                
# nvalues = 156                         
# units = specified
# name 0 = scan: Scan Count
# name 1 = prDM: Pressure, Digiquartz [db]
# name 2 = t068C: Temperature [ITS-68, deg C]
# name 3 = t168C: Temperature, 2 [ITS-68, deg C]
# name 4 = c0S/m: Conductivity [S/m]
# name 5 = c1S/m: Conductivity, 2 [S/m]
# name 6 = sbeox0V: Oxygen raw, SBE 43 [V]
# name 7 = altM: Altimeter [m]
# name 8 = flC: Fluorescence, Chelsea Aqua 3 Chl Con [ug/l]
# name 9 = par: PAR/Irradiance, Biospherical/Licor
# name 10 = spar: SPAR/Surface Irradiance
# name 11 = timeS: Time, Elapsed [seconds]
# name 12 = timeJ: Julian Days
# name 13 = sbeox0ML/L: Oxygen, SBE 43 [ml/l], WS = 2
# name 14 = sal00: Salinity, Practical [PSU]
# name 15 = sal11: Salinity, Practical, 2 [PSU]
# name 16 = sigma-t00: Density [sigma-t, Kg/m^3 ]
# name 17 = svCM: Sound Velocity [Chen-Millero, m/s]
# name 18 = avgsvCM: Average Sound Velocity [Chen-Millero, m/s], minP = 1, minS = 5
# name 19 = flag: flag
# span 0 =          2,       3788       
# span 1 =      5.000,    160.000       
# span 2 =     9.2270,    10.3945       
# span 3 =     9.2216,    10.3945       
# span 4 =   3.770449,   3.861325       
# span 5 =   3.772207,   3.863522       
# span 6 =     2.0297,     2.3120       
# span 7 =      15.48,      99.14       
# span 8 =     0.0152,     0.3375       
# span 9 = 5.1259e-02, 8.4896e+01       
# span 10 = 2.9811e+02, 3.3844e+02      
# span 11 =      0.061,    157.807      
# span 12 = 280.550256, 280.552081      
# span 13 =    5.18238,    5.89619      
# span 14 =    35.1155,    35.3043      
# span 15 =    35.1381,    35.3272      
# span 16 =    26.9747,    27.3061      
# span 17 =    1489.93,    1492.50      
# span 18 =    1491.21,    1491.99      
# span 19 = 0.0000e+00, 0.0000e+00      
# interval = decibars: 1                
# start_time = Oct 07 2018 13:12:22 [System UTC, header]
# bad_flag = -9.990e-29
*END*
[from data line 145]
       3488    150.000     9.2544     9.2541   3.772903   3.775072     2.0514      25.85     0.0214 5.1279e-02 3.3627e+02    145.283 280.551936    5.25413    35.2890    35.3119    27.3035    1489.95    1491.29 0.0000e+00
       3516    151.000     9.2507     9.2502   3.772562   3.774725     2.0496      24.76     0.0231 5.1278e-02 3.3627e+02    146.447 280.551950    5.24430    35.2886    35.3116    27.3038    1489.95    1491.28 0.0000e+00
       3546    152.000     9.2450     9.2447   3.772034   3.774215     2.0473      23.72     0.0190 5.1289e-02 3.3627e+02    147.702 280.551964    5.24401    35.2882    35.3113    27.3044    1489.94    1491.27 0.0000e+00
       3570    153.000     9.2417     9.2414   3.771747   3.773915     2.0469      22.88     0.0211 5.1280e-02 3.3627e+02    148.711 280.551976    5.24588    35.2880    35.3109    27.3048    1489.95    1491.26 0.0000e+00
       3588    154.000     9.2376     9.2372   3.771388   3.773557     2.0459      22.14     0.0214 5.1301e-02 3.3627e+02    149.452 280.551984    5.23670    35.2879    35.3109    27.3054    1489.95    1491.25 0.0000e+00
       3604    155.000     9.2347     9.2343   3.771123   3.773291     2.0445      21.13     0.0207 5.1281e-02 3.3762e+02    150.132 280.551992    5.23159    35.2875    35.3105    27.3055    1489.96    1491.25 0.0000e+00
       3622    156.000     9.2302     9.2299   3.770700   3.772890     2.0432      20.09     0.0216 5.1287e-02 3.3825e+02    150.894 280.552001    5.23191    35.2870    35.3102    27.3059    1489.95    1491.24 0.0000e+00
       3645    157.000     9.2289     9.2286   3.770598   3.772782     2.0421      18.98     0.0224 5.1284e-02 3.3827e+02    151.836 280.552012    5.23025    35.2868    35.3099    27.3059    1489.97    1491.23 0.0000e+00
       3673    158.000     9.2270     9.2267   3.770449   3.772613     2.0408      17.86     0.0228 5.1268e-02 3.3735e+02    152.990 280.552025    5.22494    35.2866    35.3095    27.3061    1489.98    1491.22 0.0000e+00
       3718    159.000     9.2311     9.2257   3.770885   3.772562     2.0370      16.66     0.0180 5.1287e-02 3.3844e+02    154.895 280.552047    5.20499    35.2867    35.3095    27.3055    1490.01    1491.21 0.0000e+00
       3788    160.000     9.2313     9.2216   3.770973   3.772207     2.0297      15.48     0.0195 5.1275e-02 3.3722e+02    157.807 280.552081    5.18238    35.2869    35.3094    27.3056    1490.02    1491.21 0.0000e+00
