_data/ctd/2018/sta0388_2018.cnv
* Sea-Bird SBE 9 Data File:
* FileName = C:\Seabird\CTDData\sta0388.hex
* Software Version Seasave V 7.21f
* Temperature SN = 4557
* Conductivity SN = 1337
* Number of Bytes Per Scan = 40
* Number of Voltage Words = 5
* Number of Scans Averaged by the Deck Unit = 1
* NMEA Latitude = 60 45.11 N
* NMEA Longitude = 003 47.02 E
* NMEA UTC (Time) = Oct 07 2018 04:54:19
* NMEA baud rate = 4800
** Ship: 10 F/F "G. O. Sars"
** Station: 0388
** Echodepth: 325
** Log: 4512.8
** Wind-Dir Force: 21 10
** Air-temp (dry): 8.2
** Weather Sky: 2 7
** Sea Ice: 3 0
# nquan = 20                                
# nvalues = 319                         
# units = specified
# name 0 = scan: Scan Count
# name 1 = prDM: Pressure, Digiquartz [db]
# name 2 = t068C: Temperature [ITS-68, deg C]
# name 3 = t168C: Temperature, 2 [ITS-68, deg C]
# name 4 = c0S/m: Conductivity [S/m]
# name 5 = c1S/m: Conductivity, 2 [S/m]
# name 6 = sbeox0V: Oxygen raw, SBE 43 [V]
# name 7 = altM: Altimeter [m]
# name 8 = flC: Fluorescence, Chelsea Aqua 3 Chl Con [ug/l]
# name 9 = par: PAR/Irradiance, Biospherical/Licor
# name 10 = spar: SPAR/Surface Irradiance
# name 11 = timeS: Time, Elapsed [seconds]
# name 12 = timeJ: Julian Days
# name 13 = sbeox0ML/L: Oxygen, SBE 43 [ml/l], WS = 2
# name 14 = sal00: Salinity, Practical [PSU]
# name 15 = sal11: Salinity, Practical, 2 [PSU]
# name 16 = sigma-t00: Density [sigma-t, Kg/m^3 ]
# name 17 = svCM: Sound Velocity [Chen-Millero, m/s]
# name 18 = avgsvCM: Average Sound Velocity [Chen-Millero, m/s], minP = 1, minS = 5
# name 19 = flag: flag
# span 0 =         53,       7482       
# span 1 =      3.000,    321.000       
# span 2 =     6.8685,    11.0633       
# span 3 =     6.8678,    11.0799       
# span 4 =   3.544695,   3.920074       
# span 5 =   3.547454,   3.923206       
# span 6 =     2.0268,     2.3381       
# span 7 =     -28.63,     100.31       
# span 8 =     0.0104,     0.8043       
# span 9 = 5.1248e-02, 1.3508e+00       
# span 10 = 1.9438e+00, 1.9438e+00      
# span 11 =      2.184,    311.717      
# span 12 = 280.204435, 280.208017      
# span 13 =    5.49352,    5.97484      
# span 14 =    33.4099,    35.2927      
# span 15 =    33.4106,    35.3244      
# span 16 =    25.5266,    27.5593      
# span 17 =    1483.51,    1494.51      
# span 18 =    1489.01,    1492.96      
# span 19 = 0.0000e+00, 0.0000e+00      
# interval = decibars: 1                
# start_time = Oct 07 2018 04:54:21 [System UTC, header]
# bad_flag = -9.990e-29
*END*
[from data line 218]
       5227    221.000     8.5586     8.5582   3.704594   3.707498     2.1262      98.73     0.0153 5.1273e-02 1.9438e+00    217.737 280.206930    5.67057    35.2274    35.2586    27.3669    1488.48    1490.32 0.0000e+00
       5250    222.000     8.5529     8.5525   3.704095   3.706993     2.1271      98.72     0.0168 5.1273e-02 1.9438e+00    218.703 280.206941    5.67420    35.2273    35.2584    27.3678    1488.47    1490.31 0.0000e+00
       5273    223.000     8.5417     8.5416   3.702946   3.705876     2.1269      97.84     0.0126 5.1267e-02 1.9438e+00    219.669 280.206952    5.66239    35.2258    35.2570    27.3683    1488.44    1490.30 0.0000e+00
       5296    224.000     8.5241     8.5232   3.701077   3.703907     2.1250      34.44     0.0109 5.1286e-02 1.9438e+00    220.626 280.206963    5.66563    35.2231    35.2540    27.3689    1488.39    1490.29 0.0000e+00
       5319    225.000     8.5033     8.5025   3.698849   3.701700     2.1258      98.20     0.0112 5.1273e-02 1.9438e+00    221.597 280.206974    5.67958    35.2197    35.2508    27.3695    1488.33    1490.29 0.0000e+00
       5343    226.000     8.4831     8.4827   3.696778   3.699665     2.1259      98.68     0.0140 5.1273e-02 1.9438e+00    222.599 280.206986    5.67964    35.2174    35.2484    27.3709    1488.26    1490.28 0.0000e+00
       5365    227.000     8.4619     8.4618   3.694552   3.697461     2.1258      98.65     0.0152 5.1252e-02 1.9438e+00    223.510 280.206997    5.67646    35.2144    35.2454    27.3718    1488.20    1490.27 0.0000e+00
       5386    228.000     8.4501     8.4499   3.693405   3.696319     2.1245      98.52     0.0131 5.1273e-02 1.9438e+00    224.359 280.207007    5.66728    35.2135    35.2447    27.3730    1488.17    1490.26 0.0000e+00
       5405    229.000     8.4510     8.4506   3.693542   3.696453     2.1233      98.25     0.0156 5.1273e-02 1.9438e+00    225.159 280.207016    5.66346    35.2136    35.2449    27.3729    1488.19    1490.25 0.0000e+00
       5424    230.000     8.4498     8.4498   3.693462   3.696398     2.1218      93.06     0.0161 5.1258e-02 1.9438e+00    225.950 280.207025    5.65965    35.2135    35.2447    27.3730    1488.20    1490.24 0.0000e+00
       5444    231.000     8.4469     8.4465   3.693214   3.696107     2.1209      92.24     0.0176 5.1273e-02 1.9438e+00    226.786 280.207035    5.66071    35.2132    35.2444    27.3733    1488.21    1490.23 0.0000e+00
       5467    232.000     8.4456     8.4452   3.693124   3.696018     2.1196      97.02     0.0180 5.1267e-02 1.9438e+00    227.737 280.207046    5.65351    35.2131    35.2443    27.3733    1488.22    1490.22 0.0000e+00
       5495    233.000     8.4421     8.4422   3.692795   3.695738     2.1177      96.71     0.0172 5.1269e-02 1.9438e+00    228.925 280.207059    5.65260    35.2126    35.2438    27.3735    1488.22    1490.21 0.0000e+00
       5530    234.000     8.4156     8.4161   3.690092   3.693047     2.1168      91.62     0.0174 5.1255e-02 1.9438e+00    230.367 280.207076    5.65663    35.2098    35.2408    27.3755    1488.13    1490.21 0.0000e+00
       5556    235.000     8.3830     8.3829   3.686745   3.689640     2.1159      92.64     0.0199 5.1266e-02 1.9438e+00    231.466 280.207089    5.65321    35.2063    35.2372    27.3777    1488.03    1490.20 0.0000e+00
       5575    236.000     8.3687     8.3681   3.685324   3.688171     2.1143      41.46     0.0172 5.1299e-02 1.9438e+00    232.254 280.207098    5.65035    35.2050    35.2359    27.3789    1487.99    1490.19 0.0000e+00
       5591    237.000     8.3607     8.3605   3.684523   3.687432     2.1139      65.74     0.0166 5.1273e-02 1.9438e+00    232.935 280.207106    5.65557    35.2040    35.2351    27.3793    1487.97    1490.18 0.0000e+00
       5609    238.000     8.3459     8.3454   3.683024   3.685894     2.1132      97.68     0.0149 5.1273e-02 1.9438e+00    233.650 280.207114    5.64940    35.2023    35.2334    27.3803    1487.93    1490.17 0.0000e+00
       5630    239.000     8.3317     8.3315   3.681608   3.684498     2.1115      98.72     0.0153 5.1267e-02 1.9438e+00    234.550 280.207124    5.64998    35.2009    35.2319    27.3814    1487.89    1490.16 0.0000e+00
       5657    240.000     8.2877     8.2870   3.677066   3.679913     2.1112      98.73     0.0167 5.1268e-02 1.9438e+00    235.655 280.207137    5.66424    35.1960    35.2271    27.3844    1487.74    1490.15 0.0000e+00
       5682    241.000     8.2414     8.2408   3.672408   3.675242     2.1108      98.73     0.0164 5.1260e-02 1.9438e+00    236.726 280.207150    5.66269    35.1921    35.2230    27.3884    1487.58    1490.14 0.0000e+00
       5704    242.000     8.2266     8.2263   3.670884   3.673749     2.1095      98.73     0.0127 5.1273e-02 1.9438e+00    237.637 280.207160    5.65276    35.1902    35.2211    27.3892    1487.54    1490.13 0.0000e+00
       5724    243.000     8.2024     8.2016   3.668439   3.671259     2.1076      98.59     0.0131 5.1266e-02 1.9438e+00    238.454 280.207170    5.64194    35.1878    35.2187    27.3910    1487.46    1490.12 0.0000e+00
       5745    244.000     8.1830     8.1825   3.666571   3.669402     2.1046      98.68     0.0147 5.1266e-02 1.9438e+00    239.320 280.207180    5.62744    35.1868    35.2175    27.3931    1487.40    1490.11 0.0000e+00
       5767    245.000     8.1763     8.1760   3.665953   3.668805     2.1010      98.69     0.0161 5.1260e-02 1.9438e+00    240.255 280.207190    5.61392    35.1864    35.2172    27.3939    1487.39    1490.09 0.0000e+00
       5790    246.000     8.1731     8.1728   3.665714   3.668572     2.0975      98.71     0.0228 5.1273e-02 1.9438e+00    241.207 280.207201    5.60983    35.1865    35.2174    27.3945    1487.40    1490.08 0.0000e+00
       5812    247.000     8.1671     8.1670   3.665162   3.668048     2.0951      98.73     0.0197 5.1259e-02 1.9438e+00    242.127 280.207212    5.60977    35.1862    35.2171    27.3951    1487.39    1490.07 0.0000e+00
       5833    248.000     8.1500     8.1498   3.663591   3.666464     2.0935      98.73     0.0175 5.1273e-02 1.9438e+00    242.988 280.207222    5.61546    35.1860    35.2169    27.3976    1487.34    1490.06 0.0000e+00
       5853    249.000     8.1481     8.1476   3.663763   3.666608     2.0928      88.53     0.0154 5.1266e-02 1.9438e+00    243.832 280.207232    5.61370    35.1892    35.2202    27.4004    1487.35    1490.05 0.0000e+00
       5874    250.000     8.1365     8.1359   3.662650   3.665512     2.0913      47.84     0.0188 5.1273e-02 1.9438e+00    244.718 280.207242    5.61740    35.1885    35.2197    27.4016    1487.33    1490.04 0.0000e+00
       5897    251.000     8.1117     8.1112   3.660123   3.662965     2.0917      98.94     0.0180 5.1273e-02 1.9438e+00    245.671 280.207253    5.63120    35.1858    35.2167    27.4032    1487.25    1490.03 0.0000e+00
       5921    252.000     8.0935     8.0929   3.658329   3.661175     2.0921      98.71     0.0155 5.1273e-02 1.9438e+00    246.650 280.207265    5.65244    35.1843    35.2154    27.4049    1487.19    1490.02 0.0000e+00
       5943    253.000     8.0839     8.0839   3.657413   3.660313     2.0959      98.73     0.0132 5.1273e-02 1.9438e+00    247.568 280.207275    5.68588    35.1836    35.2147    27.4058    1487.17    1490.01 0.0000e+00
       5963    254.000     8.0812     8.0808   3.657203   3.660074     2.0992      98.74     0.0142 5.1259e-02 1.9438e+00    248.403 280.207285    5.69503    35.1836    35.2148    27.4062    1487.18    1489.99 0.0000e+00
       5982    255.000     8.0795     8.0792   3.657093   3.659946     2.1020      98.74     0.0175 5.1265e-02 1.9438e+00    249.188 280.207294    5.69924    35.1837    35.2145    27.4065    1487.19    1489.98 0.0000e+00
       6001    256.000     8.0752     8.0749   3.656651   3.659564     2.1041      98.73     0.0209 5.1273e-02 1.9438e+00    249.984 280.207303    5.69471    35.1827    35.2143    27.4064    1487.19    1489.97 0.0000e+00
       6022    257.000     8.0633     8.0630   3.655558   3.658444     2.1045      98.73     0.0190 5.1273e-02 1.9438e+00    250.869 280.207313    5.69208    35.1825    35.2137    27.4080    1487.16    1489.96 0.0000e+00
       6046    258.000     8.0544     8.0541   3.654730   3.657609     2.1053      98.73     0.0181 5.1273e-02 1.9438e+00    251.889 280.207325    5.68923    35.1820    35.2132    27.4090    1487.14    1489.95 0.0000e+00
       6073    259.000     8.0476     8.0474   3.654120   3.656995     2.1044      98.74     0.0148 5.1273e-02 1.9438e+00    252.982 280.207338    5.67507    35.1818    35.2129    27.4099    1487.13    1489.94 0.0000e+00
       6097    260.000     8.0273     8.0268   3.652107   3.654949     2.1022      98.74     0.0160 5.1273e-02 1.9438e+00    253.986 280.207349    5.65978    35.1801    35.2111    27.4116    1487.07    1489.93 0.0000e+00
       6117    261.000     8.0066     8.0060   3.650179   3.653019     2.0995      98.74     0.0174 5.1273e-02 1.9438e+00    254.847 280.207359    5.65132    35.1797    35.2108    27.4144    1487.01    1489.92 0.0000e+00
       6136    262.000     8.0010     8.0009   3.649683   3.652558     2.0974      98.74     0.0218 5.1281e-02 1.9438e+00    255.618 280.207368    5.63877    35.1795    35.2105    27.4151    1487.00    1489.91 0.0000e+00
       6154    263.000     7.9909     7.9906   3.648734   3.651595     2.0938      42.09     0.0204 5.1273e-02 1.9438e+00    256.359 280.207377    5.63690    35.1790    35.2100    27.4162    1486.98    1489.90 0.0000e+00
       6172    264.000     7.9801     7.9798   3.647711   3.650575     2.0933      85.99     0.0166 5.1280e-02 1.9438e+00    257.139 280.207386    5.65598    35.1783    35.2094    27.4173    1486.96    1489.88 0.0000e+00
       6194    265.000     7.9423     7.9415   3.643818   3.646632     2.0929      98.55     0.0150 5.1273e-02 1.9438e+00    258.049 280.207396    5.66434    35.1740    35.2050    27.4195    1486.82    1489.87 0.0000e+00
       6221    266.000     7.9058     7.9051   3.640120   3.642939     2.0929      98.74     0.0178 5.1263e-02 1.9438e+00    259.156 280.207409    5.67214    35.1704    35.2014    27.4222    1486.70    1489.86 0.0000e+00
       6249    267.000     7.8883     7.8882   3.638414   3.641296     2.0929      98.73     0.0187 5.1273e-02 1.9438e+00    260.323 280.207423    5.67536    35.1691    35.2002    27.4238    1486.65    1489.85 0.0000e+00
       6272    268.000     7.8603     7.8597   3.635525   3.638294     2.0929      98.74     0.0191 5.1280e-02 1.9438e+00    261.312 280.207434    5.67539    35.1657    35.1961    27.4253    1486.55    1489.84 0.0000e+00
       6291    269.000     7.8265     7.8259   3.632078   3.634848     2.0920      98.74     0.0214 5.1273e-02 1.9438e+00    262.103 280.207443    5.66916    35.1620    35.1925    27.4274    1486.44    1489.82 0.0000e+00
       6309    270.000     7.7995     7.7987   3.629384   3.632144     2.0907      98.74     0.0246 5.1256e-02 1.9438e+00    262.822 280.207452    5.67207    35.1596    35.1902    27.4296    1486.35    1489.81 0.0000e+00
       6326    271.000     7.7870     7.7866   3.628375   3.631174     2.0904      98.74     0.0228 5.1273e-02 1.9438e+00    263.561 280.207460    5.67284    35.1608    35.1914    27.4324    1486.32    1489.80 0.0000e+00
       6346    272.000     7.7712     7.7706   3.626873   3.629687     2.0887      98.74     0.0228 5.1273e-02 1.9438e+00    264.395 280.207470    5.65967    35.1600    35.1910    27.4341    1486.27    1489.78 0.0000e+00
       6371    273.000     7.7457     7.7463   3.624381   3.627328     2.0862      98.74     0.0206 5.1263e-02 1.9438e+00    265.426 280.207482    5.65459    35.1583    35.1895    27.4365    1486.19    1489.77 0.0000e+00
       6399    274.000     7.7023     7.7008   3.619894   3.622616     2.0835      95.15     0.0212 5.1268e-02 1.9438e+00    266.576 280.207495    5.65385    35.1530    35.1840    27.4388    1486.04    1489.76 0.0000e+00
       6423    275.000     7.6875     7.6870   3.618580   3.621396     2.0819      55.16     0.0201 5.1266e-02 1.9438e+00    267.591 280.207507    5.66317    35.1532    35.1842    27.4411    1486.00    1489.74 0.0000e+00
       6444    276.000     7.6550     7.6559   3.615361   3.618241     2.0819      55.95     0.0191 5.1273e-02 1.9438e+00    268.456 280.207517    5.66747    35.1507    35.1809    27.4439    1485.89    1489.73 0.0000e+00
       6463    277.000     7.6333     7.6330   3.613230   3.616017     2.0804      63.54     0.0166 5.1273e-02 1.9438e+00    269.244 280.207526    5.65697    35.1490    35.1795    27.4458    1485.82    1489.72 0.0000e+00
       6481    278.000     7.5897     7.5889   3.608889   3.611602     2.0790      99.15     0.0181 5.1265e-02 1.9438e+00    270.009 280.207535    5.65358    35.1454    35.1756    27.4493    1485.66    1489.70 0.0000e+00
       6501    279.000     7.5645     7.5642   3.606457   3.609266     2.0768      98.74     0.0195 5.1273e-02 1.9438e+00    270.813 280.207544    5.64132    35.1440    35.1748    27.4519    1485.58    1489.69 0.0000e+00
       6522    280.000     7.5573     7.5570   3.605809   3.608618     2.0732      98.74     0.0201 5.1273e-02 1.9438e+00    271.707 280.207554    5.61327    35.1437    35.1745    27.4527    1485.57    1489.67 0.0000e+00
       6547    281.000     7.5437     7.5432   3.604530   3.607347     2.0661      85.20     0.0227 5.1273e-02 1.9438e+00    272.757 280.207567    5.56302    35.1431    35.1742    27.4542    1485.54    1489.66 0.0000e+00
       6574    282.000     7.5369     7.5365   3.604011   3.606815     2.0568      54.95     0.0213 5.1273e-02 1.9438e+00    273.869 280.207580    5.54123    35.1438    35.1747    27.4558    1485.53    1489.64 0.0000e+00
       6597    283.000     7.5179     7.5171   3.602234   3.604997     2.0516      98.66     0.0216 5.1266e-02 1.9438e+00    274.852 280.207591    5.54119    35.1432    35.1741    27.4581    1485.47    1489.63 0.0000e+00
       6618    284.000     7.4941     7.4942   3.599911   3.602703     2.0469      53.23     0.0242 5.1273e-02 -9.990e-29    275.695 280.207601    5.54211    35.1415    35.1718    27.4602    1485.39    1489.61 0.0000e+00
       6636    285.000     7.4632     7.4628   3.596865   3.599630     2.0458      98.67     0.0273 5.1273e-02 -9.990e-29    276.450 280.207609    5.55459    35.1392    35.1696    27.4628    1485.29    1489.60 0.0000e+00
       6654    286.000     7.4384     7.4377   3.594398   3.597125     2.0433      98.73     0.0286 5.1258e-02 -9.990e-29    277.202 280.207618    5.54119    35.1369    35.1673    27.4646    1485.21    1489.58 0.0000e+00
       6673    287.000     7.4002     7.3994   3.590532   3.593271     2.0404      96.34     0.0252 5.1259e-02 -9.990e-29    277.999 280.207627    5.53503    35.1329    35.1636    27.4670    1485.07    1489.57 0.0000e+00
       6694    288.000     7.3722     7.3718   3.587686   3.590498     2.0379      44.41     0.0234 5.1273e-02 1.9438e+00    278.896 280.207638    5.54787    35.1298    35.1608    27.4686    1484.98    1489.55 0.0000e+00
       6720    289.000     7.3310     7.3306   3.583890   3.586687     2.0367      42.84     0.0208 5.1273e-02 1.9438e+00    279.942 280.207650    5.55184    35.1296    35.1605    27.4743    1484.84    1489.53 0.0000e+00
       6746    290.000     7.3321     7.3318   3.584409   3.587201     2.0351      42.03     0.0197 5.1262e-02 1.9438e+00    281.060 280.207663    5.55110    35.1336    35.1644    27.4774    1484.86    1489.52 0.0000e+00
       6770    291.000     7.3502     7.3497   3.586651   3.589440     2.0348      69.52     0.0187 5.1260e-02 1.9438e+00    282.062 280.207674    5.56135    35.1393    35.1702    27.4792    1484.95    1489.50 0.0000e+00
