_data/ctd/2018/sta0394_2018.cnv
* Sea-Bird SBE 9 Data File:
* FileName = C:\Seabird\CTDData\sta0394.hex
* Software Version Seasave V 7.21f
* Temperature SN = 4557
* Conductivity SN = 1337
* Number of Bytes Per Scan = 40
* Number of Voltage Words = 5
* Number of Scans Averaged by the Deck Unit = 1
* NMEA Latitude = 60 45.02 N
* NMEA Longitude = 001 55.13 E
* NMEA UTC (Time) = Oct 08 2018 12:03:32
* NMEA baud rate = 4800
** Ship: 10 F/F "G. O. Sars"
** Station: 0394
** Echodepth: 122
** Log: 4642.600
** Wind-Dir Force: 22 21
** Air-temp (dry): 9.8
** Weather Sky: 2 4
** Sea Ice: 3 0
# nquan = 20                                
# nvalues = 112                         
# units = specified
# name 0 = scan: Scan Count
# name 1 = prDM: Pressure, Digiquartz [db]
# name 2 = t068C: Temperature [ITS-68, deg C]
# name 3 = t168C: Temperature, 2 [ITS-68, deg C]
# name 4 = c0S/m: Conductivity [S/m]
# name 5 = c1S/m: Conductivity, 2 [S/m]
# name 6 = sbeox0V: Oxygen raw, SBE 43 [V]
# name 7 = altM: Altimeter [m]
# name 8 = flC: Fluorescence, Chelsea Aqua 3 Chl Con [ug/l]
# name 9 = par: PAR/Irradiance, Biospherical/Licor
# name 10 = spar: SPAR/Surface Irradiance
# name 11 = timeS: Time, Elapsed [seconds]
# name 12 = timeJ: Julian Days
# name 13 = sbeox0ML/L: Oxygen, SBE 43 [ml/l], WS = 2
# name 14 = sal00: Salinity, Practical [PSU]
# name 15 = sal11: Salinity, Practical, 2 [PSU]
# name 16 = sigma-t00: Density [sigma-t, Kg/m^3 ]
# name 17 = svCM: Sound Velocity [Chen-Millero, m/s]
# name 18 = avgsvCM: Average Sound Velocity [Chen-Millero, m/s], minP = 1, minS = 5
# name 19 = flag: flag
# span 0 =         99,       3402       
# span 1 =      3.000,    114.000       
# span 2 =     7.4059,    10.5931       
# span 3 =     7.4000,    10.5927       
# span 4 =   3.587248,   3.885069       
# span 5 =   3.588570,   3.887034       
# span 6 =     1.9124,     2.2913       
# span 7 =       1.38,      98.97       
# span 8 =     0.0191,     0.2017       
# span 9 = 1.0687e-01, 4.7730e+01       
# span 10 = 3.7821e+02, 5.6463e+02      
# span 11 =      4.067,    141.704      
# span 12 = 281.502524, 281.504117      
# span 13 =    4.97814,    5.81415      
# span 14 =    35.1730,    35.2792      
# span 15 =    35.1919,    35.2993      
# span 16 =    26.9971,    27.5009      
# span 17 =    1482.31,    1493.05      
# span 18 =    1490.62,    1492.65      
# span 19 = 0.0000e+00, 0.0000e+00      
# interval = decibars: 1                
# start_time = Oct 08 2018 12:03:34 [System UTC, header]
# bad_flag = -9.990e-29
*END*
         99      3.000    10.5906    10.5876   3.883692   3.885409     2.2869       1.38     0.1676 4.7730e+01 4.5053e+02      4.067 281.502524    5.78342    35.1896    35.2099    26.9974    1492.20    1492.20 0.0000e+00
        382      4.000    10.5890    10.5871   3.883575   3.885380     2.2870       1.53     0.1614 4.4514e+01 4.6968e+02     15.890 281.502661    5.78866    35.1895    35.2096    26.9976    1492.21    1492.21 0.0000e+00
        526      5.000    10.5931    10.5927   3.884043   3.885980     2.2906       1.72     0.1547 3.9584e+01 4.6369e+02     21.862 281.502730    5.79859    35.1899    35.2098    26.9971    1492.25    1492.21 0.0000e+00
        541      6.000    10.5904    10.5891   3.883809   3.885655     2.2898       2.40     0.1590 3.3836e+01 4.6538e+02     22.513 281.502737    5.78543    35.1896    35.2096    26.9974    1492.25    1492.22 0.0000e+00
        558      7.000    10.5885    10.5868   3.883663   3.885491     2.2882       2.26     0.1587 2.9675e+01 4.6406e+02     23.200 281.502745    5.78415    35.1895    35.2097    26.9977    1492.26    1492.23 0.0000e+00
        574      8.000    10.5863    10.5866   3.883478   3.885492     2.2882       1.59     0.1513 2.7831e+01 4.5877e+02     23.865 281.502753    5.79277    35.1893    35.2094    26.9979    1492.27    1492.23 0.0000e+00
        596      9.000    10.5875    10.5861   3.883632   3.885494     2.2886       8.79     0.1553 2.4837e+01 4.4615e+02     24.778 281.502764    5.79915    35.1893    35.2094    26.9976    1492.29    1492.24 0.0000e+00
        649     10.000    10.5876    10.5882   3.883666   3.885742     2.2898      98.97     0.1617 2.3980e+01 4.2147e+02     26.988 281.502789    5.79540    35.1891    35.2095    26.9974    1492.31    1492.25 0.0000e+00
        681     11.000    10.5835    10.5852   3.883346   3.885508     2.2882      79.14     0.1586 2.2116e+01 4.2278e+02     28.319 281.502805    5.79927    35.1893    35.2095    26.9984    1492.31    1492.25 0.0000e+00
        700     12.000    10.5835    10.5832   3.883377   3.885352     2.2905      98.42     0.1597 1.9631e+01 4.2495e+02     29.108 281.502814    5.81415    35.1892    35.2094    26.9983    1492.33    1492.26 0.0000e+00
        715     13.000    10.5840    10.5837   3.883482   3.885461     2.2906      98.90     0.1708 1.8135e+01 4.2602e+02     29.770 281.502821    5.80988    35.1893    35.2096    26.9983    1492.34    1492.26 0.0000e+00
        730     14.000    10.5841    10.5838   3.883547   3.885508     2.2913      98.88     0.1707 1.6775e+01 4.2578e+02     30.380 281.502828    5.80680    35.1894    35.2095    26.9983    1492.36    1492.27 0.0000e+00
        744     15.000    10.5840    10.5834   3.883574   3.885498     2.2909      95.64     0.1652 1.5425e+01 4.2541e+02     30.977 281.502835    5.79869    35.1893    35.2093    26.9983    1492.38    1492.28 0.0000e+00
        762     16.000    10.5822    10.5820   3.883439   3.885391     2.2894      90.72     0.1657 1.4388e+01 4.2035e+02     31.708 281.502844    5.79251    35.1892    35.2091    26.9985    1492.39    1492.29 0.0000e+00
        789     17.000    10.5816    10.5813   3.883383   3.885349     2.2879      98.59     0.1745 1.3737e+01 4.0811e+02     32.835 281.502857    5.79066    35.1888    35.2089    26.9983    1492.40    1492.29 0.0000e+00
        822     18.000    10.5807    10.5805   3.883357   3.885317     2.2870      98.87     0.1937 1.3466e+01 3.9712e+02     34.202 281.502873    5.79889    35.1889    35.2089    26.9986    1492.41    1492.30 0.0000e+00
        847     19.000    10.5809    10.5808   3.883430   3.885397     2.2881      98.88     0.1957 1.3539e+01 3.9687e+02     35.261 281.502885    5.80464    35.1890    35.2090    26.9986    1492.43    1492.31 0.0000e+00
        869     20.000    10.5812    10.5809   3.883519   3.885461     2.2880      98.87     0.1902 1.2980e+01 4.0043e+02     36.149 281.502895    5.79558    35.1892    35.2091    26.9987    1492.45    1492.31 0.0000e+00
        889     21.000    10.5814    10.5813   3.883595   3.885546     2.2866      90.47     0.1821 1.2063e+01 3.9986e+02     37.003 281.502905    5.79060    35.1893    35.2091    26.9987    1492.47    1492.32 0.0000e+00
        910     22.000    10.5817    10.5814   3.883637   3.885601     2.2865      89.21     0.1738 1.1803e+01 3.9485e+02     37.860 281.502915    5.80128    35.1889    35.2091    26.9984    1492.48    1492.33 0.0000e+00
        931     23.000    10.5817    10.5815   3.883702   3.885666     2.2871      98.91     0.1706 1.2154e+01 3.8607e+02     38.732 281.502925    5.80037    35.1891    35.2092    26.9986    1492.50    1492.34 0.0000e+00
        952     24.000    10.5820    10.5819   3.883784   3.885745     2.2865      98.87     0.1914 1.2130e+01 3.7841e+02     39.624 281.502935    5.79036    35.1892    35.2091    26.9986    1492.52    1492.34 0.0000e+00
        973     25.000    10.5822    10.5820   3.883839   3.885798     2.2850      98.70     0.1846 1.1557e+01 3.7821e+02     40.504 281.502946    5.78841    35.1891    35.2091    26.9985    1492.54    1492.35 0.0000e+00
        994     26.000    10.5822    10.5821   3.883897   3.885862     2.2847      98.04     0.1642 1.1602e+01 3.8768e+02     41.386 281.502956    5.79288    35.1892    35.2092    26.9985    1492.55    1492.36 0.0000e+00
       1014     27.000    10.5823    10.5822   3.883943   3.885907     2.2844      97.07     0.1676 1.1836e+01 4.0093e+02     42.199 281.502965    5.79502    35.1892    35.2091    26.9985    1492.57    1492.37 0.0000e+00
       1032     28.000    10.5825    10.5822   3.884017   3.885976     2.2849      96.18     0.1723 1.1081e+01 4.1016e+02     42.940 281.502974    5.79746    35.1893    35.2093    26.9985    1492.59    1492.37 0.0000e+00
       1048     29.000    10.5826    10.5823   3.884057   3.886015     2.2846      95.25     0.1901 1.0067e+01 4.1368e+02     43.645 281.502982    5.79165    35.1891    35.2092    26.9984    1492.60    1492.38 0.0000e+00
       1068     30.000    10.5825    10.5823   3.884106   3.886058     2.2837      94.32     0.1935 9.8475e+00 4.0984e+02     44.444 281.502991    5.79519    35.1892    35.2092    26.9985    1492.62    1492.39 0.0000e+00
       1093     31.000    10.5826    10.5825   3.884144   3.886114     2.2851      92.94     0.1930 9.8736e+00 3.9946e+02     45.487 281.503003    5.81060    35.1891    35.2091    26.9983    1492.64    1492.40 0.0000e+00
       1124     32.000    10.5826    10.5823   3.884185   3.886144     2.2871      91.79     0.2017 9.0438e+00 3.8741e+02     46.792 281.503018    5.80936    35.1890    35.2091    26.9983    1492.65    1492.41 0.0000e+00
       1152     33.000    10.5825    10.5823   3.884244   3.886189     2.2860      90.63     0.1942 8.6061e+00 3.8190e+02     47.973 281.503032    5.79484    35.1892    35.2091    26.9985    1492.67    1492.41 0.0000e+00
       1175     34.000    10.5826    10.5824   3.884295   3.886249     2.2848      89.83     0.1752 8.6304e+00 3.8132e+02     48.908 281.503043    5.79356    35.1892    35.2092    26.9984    1492.69    1492.42 0.0000e+00
       1195     35.000    10.5826    10.5825   3.884343   3.886304     2.2840      89.11     0.1776 8.1262e+00 3.8497e+02     49.769 281.503053    5.79328    35.1892    35.2092    26.9985    1492.70    1492.43 0.0000e+00
       1215     36.000    10.5827    10.5825   3.884390   3.886345     2.2835      87.98     0.1709 7.8361e+00 3.9266e+02     50.582 281.503062    5.80236    35.1892    35.2091    26.9984    1492.72    1492.44 0.0000e+00
       1234     37.000    10.5828    10.5827   3.884459   3.886425     2.2849      86.99     0.1799 7.6438e+00 4.0247e+02     51.370 281.503071    5.81306    35.1893    35.2093    26.9985    1492.74    1492.45 0.0000e+00
       1253     38.000    10.5833    10.5831   3.884551   3.886512     2.2855      86.39     0.1786 7.1022e+00 4.1208e+02     52.151 281.503080    5.80336    35.1893    35.2093    26.9984    1492.75    1492.45 0.0000e+00
       1273     39.000    10.5835    10.5835   3.884616   3.886581     2.2842      85.38     0.1731 6.4770e+00 4.1860e+02     52.985 281.503090    5.79250    35.1893    35.2091    26.9983    1492.77    1492.46 0.0000e+00
       1294     40.000    10.5836    10.5834   3.884659   3.886618     2.2831      84.16     0.1645 6.1712e+00 4.1675e+02     53.868 281.503100    5.79235    35.1892    35.2092    26.9982    1492.79    1492.47 0.0000e+00
       1316     41.000    10.5831    10.5829   3.884667   3.886616     2.2822      83.16     0.1606 5.9567e+00 4.1250e+02     54.792 281.503111    5.78534    35.1893    35.2092    26.9984    1492.80    1492.48 0.0000e+00
       1339     42.000    10.5832    10.5831   3.884731   3.886676     2.2798      82.19     0.1563 5.6222e+00 4.1119e+02     55.750 281.503122    5.78213    35.1894    35.2091    26.9985    1492.82    1492.49 0.0000e+00
       1363     43.000    10.5836    10.5835   3.884813   3.886767     2.2803      80.98     0.1555 5.2607e+00 4.2359e+02     56.732 281.503134    5.80130    35.1893    35.2092    26.9984    1492.84    1492.49 0.0000e+00
       1386     44.000    10.5838    10.5836   3.884868   3.886815     2.2816      79.97     0.1550 4.9767e+00 4.3665e+02     57.720 281.503145    5.80137    35.1892    35.2091    26.9983    1492.85    1492.50 0.0000e+00
       1409     45.000    10.5840    10.5839   3.884949   3.886895     2.2815      79.09     0.1611 4.8832e+00 4.4890e+02     58.650 281.503156    5.79481    35.1894    35.2092    26.9984    1492.87    1492.51 0.0000e+00
       1429     46.000    10.5845    10.5843   3.885039   3.886992     2.2809      78.02     0.1637 4.7562e+00 4.6074e+02     59.488 281.503165    5.79509    35.1894    35.2093    26.9982    1492.89    1492.52 0.0000e+00
       1447     47.000    10.5845    10.5844   3.885069   3.887034     2.2810      76.99     0.1714 4.4732e+00 4.7361e+02     60.264 281.503174    5.79719    35.1892    35.2092    26.9981    1492.91    1492.53 0.0000e+00
       1466     48.000    10.5830    10.5828   3.884986   3.886932     2.2807      76.14     0.1593 4.0830e+00 4.8592e+02     61.040 281.503183    5.78712    35.1894    35.2092    26.9985    1492.92    1492.54 0.0000e+00
       1487     49.000    10.5825    10.5823   3.884978   3.886923     2.2786      75.32     0.1498 3.7146e+00 4.9373e+02     61.918 281.503193    5.78276    35.1893    35.2092    26.9986    1492.93    1492.54 0.0000e+00
       1513     50.000    10.5827    10.5826   3.885051   3.886993     2.2782      74.02     0.1605 3.4727e+00 4.9183e+02     62.989 281.503206    5.78235    35.1894    35.2091    26.9986    1492.95    1492.55 0.0000e+00
       1539     51.000    10.5824    10.5820   3.885062   3.886985     2.2758      73.10     0.1600 3.3099e+00 4.8455e+02     64.095 281.503219    5.77492    35.1893    35.2092    26.9986    1492.97    1492.56 0.0000e+00
       1562     52.000    10.5805    10.5810   3.884929   3.886915     2.2757      72.16     0.1647 3.1464e+00 4.8342e+02     65.057 281.503230    5.78260    35.1894    35.2090    26.9990    1492.97    1492.57 0.0000e+00
       1583     53.000    10.5781    10.5789   3.884751   3.886784     2.2751      71.15     0.1694 3.0132e+00 4.9017e+02     65.920 281.503240    5.77232    35.1894    35.2092    26.9994    1492.98    1492.58 0.0000e+00
       1602     54.000    10.5780    10.5778   3.884781   3.886736     2.2731      70.28     0.1607 2.8764e+00 5.0493e+02     66.718 281.503249    5.75819    35.1894    35.2093    26.9994    1493.00    1492.58 0.0000e+00
       1621     55.000    10.5780    10.5778   3.884829   3.886783     2.2706      69.45     0.1543 2.7394e+00 5.1784e+02     67.505 281.503258    5.75689    35.1894    35.2093    26.9994    1493.02    1492.59 0.0000e+00
       1641     56.000    10.5784    10.5781   3.884910   3.886844     2.2703      68.25     0.1501 2.5693e+00 5.2673e+02     68.336 281.503268    5.77737    35.1894    35.2092    26.9993    1493.03    1492.60 0.0000e+00
       1664     57.000    10.5776    10.5773   3.884886   3.886817     2.2722      67.09     0.1536 2.4034e+00 5.3055e+02     69.274 281.503279    5.78637    35.1894    35.2093    26.9995    1493.05    1492.61 0.0000e+00
       1690     58.000    10.5741    10.5740   3.884607   3.886560     2.2732      66.11     0.1469 2.2604e+00 5.3010e+02     70.380 281.503291    5.78694    35.1896    35.2094    27.0002    1493.05    1492.61 0.0000e+00
       1721     59.000    10.5686    10.5685   3.884140   3.886097     2.2734      64.88     0.1305 2.1261e+00 5.2395e+02     71.650 281.503306    5.77927    35.1897    35.2096    27.0013    1493.05    1492.62 0.0000e+00
       1750     60.000    10.5562    10.5571   3.883074   3.885105     2.2722      63.97     0.1395 1.9680e+00 5.1463e+02     72.864 281.503320    5.77898    35.1904    35.2101    27.0041    1493.02    1492.63 0.0000e+00
       1772     61.000    10.5487    10.5485   3.882448   3.884370     2.2723      63.28     0.1695 1.8178e+00 5.1314e+02     73.784 281.503331    5.78029    35.1909    35.2105    27.0058    1493.01    1492.64 0.0000e+00
       1790     62.000    10.5389    10.5389   3.881613   3.883549     2.2714      62.33     0.1673 1.6820e+00 5.1316e+02     74.538 281.503340    5.77064    35.1914    35.2110    27.0079    1493.00    1492.64 0.0000e+00
       1808     63.000    10.5120    10.5111   3.879254   3.881085     2.2697      61.38     0.1605 1.5771e+00 5.1262e+02     75.274 281.503348    5.76179    35.1931    35.2125    27.0140    1492.92    1492.65 0.0000e+00
       1826     64.000    10.4835    10.4823   3.876749   3.878557     2.2671      60.63     0.1343 1.5060e+00 5.1011e+02     76.034 281.503357    5.76128    35.1948    35.2143    27.0204    1492.84    1492.65 0.0000e+00
       1845     65.000    10.4528    10.4531   3.874113   3.876056     2.2662      59.69     0.1161 1.4495e+00 5.1283e+02     76.828 281.503366    5.76717    35.1974    35.2168    27.0278    1492.75    1492.65 0.0000e+00
       1865     66.000    10.4082    10.4081   3.870230   3.872128     2.2641      58.43     0.1154 1.3894e+00 5.1772e+02     77.670 281.503376    5.75685    35.2007    35.2201    27.0383    1492.61    1492.65 0.0000e+00
       1887     67.000    10.3423    10.3426   3.864395   3.866368     2.2607      57.30     0.1238 1.3169e+00 5.2688e+02     78.586 281.503386    5.74259    35.2049    35.2246    27.0531    1492.40    1492.65 0.0000e+00
       1913     68.000    10.2017    10.2058   3.852047   3.854405     2.2537      56.09     0.1141 1.2343e+00 5.4730e+02     79.661 281.503399    5.71775    35.2152    35.2352    27.0857    1491.93    1492.63 0.0000e+00
       1946     69.000     9.9491     9.9630   3.830363   3.833217     2.2422      54.83     0.0878 1.1345e+00 5.6463e+02     81.044 281.503415    5.69223    35.2390    35.2547    27.1479    1491.07    1492.61 0.0000e+00
       1986     70.000     9.7435     9.7560   3.812518   3.815196     2.2179      53.38     0.0567 1.0744e+00 5.4933e+02     82.721 281.503434    5.57754    35.2562    35.2715    27.1963    1490.36    1492.58 0.0000e+00
       2015     71.000     9.6752     9.6749   3.806276   3.808059     2.1946      52.04     0.0441 1.0140e+00 5.3741e+02     83.929 281.503448    5.50512    35.2583    35.2770    27.2094    1490.14    1492.55 0.0000e+00
       2034     72.000     9.6265     9.6264   3.801920   3.803639     2.1809      51.56     0.0353 9.4112e-01 5.4249e+02     84.696 281.503457    5.47466    35.2606    35.2785    27.2194    1489.98    1492.51 0.0000e+00
       2050     73.000     9.5651     9.5656   3.796201   3.797937     2.1692      50.83     0.0298 8.9133e-01 5.5123e+02     85.383 281.503465    5.45312    35.2613    35.2788    27.2303    1489.78    1492.47 0.0000e+00
       2068     74.000     9.4978     9.4980   3.789739   3.791497     2.1578      49.82     0.0291 8.5940e-01 5.5664e+02     86.141 281.503474    5.43465    35.2600    35.2781    27.2405    1489.55    1492.43 0.0000e+00
