_data/ctd/2018/sta0385_2018.cnv
* Sea-Bird SBE 9 Data File:
* FileName = C:\Seabird\CTDData\sta0385.hex
* Software Version Seasave V 7.21f
* Temperature SN = 4557
* Conductivity SN = 1337
* Number of Bytes Per Scan = 40
* Number of Voltage Words = 5
* Number of Scans Averaged by the Deck Unit = 1
* NMEA Latitude = 60 45.04 N
* NMEA Longitude = 004 17.08 E
* NMEA UTC (Time) = Oct 07 2018 01:37:13
* NMEA baud rate = 4800
** Ship: 10 F/F "G. O. Sars"
** Station: 0385
** Echodepth: 314
** Log: 4497.646
** Wind-Dir Force: 30 09
** Air-temp (dry): 8.0
** Weather Sky: 2 7
** Sea Ice: 3 0
# nquan = 20                                
# nvalues = 304                         
# units = specified
# name 0 = scan: Scan Count
# name 1 = prDM: Pressure, Digiquartz [db]
# name 2 = t068C: Temperature [ITS-68, deg C]
# name 3 = t168C: Temperature, 2 [ITS-68, deg C]
# name 4 = c0S/m: Conductivity [S/m]
# name 5 = c1S/m: Conductivity, 2 [S/m]
# name 6 = sbeox0V: Oxygen raw, SBE 43 [V]
# name 7 = altM: Altimeter [m]
# name 8 = flC: Fluorescence, Chelsea Aqua 3 Chl Con [ug/l]
# name 9 = par: PAR/Irradiance, Biospherical/Licor
# name 10 = spar: SPAR/Surface Irradiance
# name 11 = timeS: Time, Elapsed [seconds]
# name 12 = timeJ: Julian Days
# name 13 = sbeox0ML/L: Oxygen, SBE 43 [ml/l], WS = 2
# name 14 = sal00: Salinity, Practical [PSU]
# name 15 = sal11: Salinity, Practical, 2 [PSU]
# name 16 = sigma-t00: Density [sigma-t, Kg/m^3 ]
# name 17 = svCM: Sound Velocity [Chen-Millero, m/s]
# name 18 = avgsvCM: Average Sound Velocity [Chen-Millero, m/s], minP = 1, minS = 5
# name 19 = flag: flag
# span 0 =        134,       7372       
# span 1 =      5.000,    308.000       
# span 2 =     6.3437,    11.7662       
# span 3 =     6.3433,    11.7660       
# span 4 =   3.495691,   3.948362       
# span 5 =   3.498396,   3.951327       
# span 6 =     1.9620,     2.3224       
# span 7 =      10.87,      99.79       
# span 8 =     0.0178,     0.5049       
# span 9 = 5.1225e-02, 8.2187e-01       
# span 10 = 1.9438e+00, 1.9438e+00      
# span 11 =      5.547,    307.121      
# span 12 = 280.067599, 280.071089      
# span 13 =    5.30509,    5.83356      
# span 14 =    33.0378,    35.1940      
# span 15 =    33.0669,    35.2247      
# span 16 =    25.1292,    27.6334      
# span 17 =    1480.87,    1495.72      
# span 18 =    1486.11,    1494.31      
# span 19 = 0.0000e+00, 0.0000e+00      
# interval = decibars: 1                
# start_time = Oct 07 2018 01:37:15 [System UTC, header]
# bad_flag = -9.990e-29
*END*
[from data line 218]
       5333    223.000     7.0389     7.0380   3.553818   3.556497     2.0257      98.74     0.0260 5.1273e-02 1.9438e+00    222.163 280.070106    5.52096    35.1294    35.1598    27.5156    1482.63    1487.90 0.0000e+00
       5361    224.000     7.0336     7.0337   3.553338   3.556118     2.0251      97.80     0.0219 5.1273e-02 1.9438e+00    223.343 280.070120    5.50681    35.1290    35.1595    27.5161    1482.62    1487.87 0.0000e+00
       5392    225.000     7.0240     7.0228   3.552383   3.554991     2.0233      97.02     0.0194 5.1263e-02 1.9438e+00    224.612 280.070134    5.50288    35.1278    35.1577    27.5164    1482.60    1487.85 0.0000e+00
       5417    226.000     7.0141     7.0132   3.551348   3.554048     2.0222      98.78     0.0227 5.1273e-02 1.9438e+00    225.648 280.070146    5.50517    35.1260    35.1566    27.5164    1482.58    1487.83 0.0000e+00
       5437    227.000     7.0044     7.0046   3.550770   3.553545     2.0221      98.74     0.0232 5.1258e-02 1.9438e+00    226.489 280.070156    5.50999    35.1290    35.1594    27.5201    1482.56    1487.80 0.0000e+00
       5457    228.000     6.9821     6.9816   3.549195   3.551909     2.0216      98.74     0.0228 5.1273e-02 1.9438e+00    227.350 280.070166    5.50473    35.1339    35.1643    27.5271    1482.49    1487.78 0.0000e+00
       5481    229.000     6.9786     6.9780   3.549095   3.551807     2.0201      98.74     0.0256 5.1267e-02 1.9438e+00    228.330 280.070177    5.49357    35.1359    35.1664    27.5291    1482.50    1487.76 0.0000e+00
       5507    230.000     6.9787     6.9784   3.549327   3.552067     2.0181      93.13     0.0225 5.1245e-02 1.9438e+00    229.416 280.070190    5.48941    35.1378    35.1683    27.5307    1482.52    1487.73 0.0000e+00
       5531    231.000     6.9758     6.9758   3.549281   3.552055     2.0172      87.38     0.0220 5.1247e-02 1.9438e+00    230.418 280.070202    5.50407    35.1398    35.1703    27.5326    1482.53    1487.71 0.0000e+00
       5551    232.000     6.9717     6.9708   3.549097   3.551781     2.0182      93.74     0.0226 5.1273e-02 1.9438e+00    231.254 280.070211    5.51034    35.1414    35.1719    27.5345    1482.53    1487.69 0.0000e+00
       5569    233.000     6.9599     6.9589   3.548248   3.550929     2.0179      98.77     0.0230 5.1273e-02 1.9438e+00    232.004 280.070220    5.49478    35.1436    35.1742    27.5378    1482.50    1487.67 0.0000e+00
       5586    234.000     6.9583     6.9574   3.548232   3.550944     2.0164      95.98     0.0226 5.1265e-02 1.9438e+00    232.715 280.070228    5.47797    35.1446    35.1754    27.5388    1482.51    1487.64 0.0000e+00
       5606    235.000     6.9550     6.9542   3.548026   3.550720     2.0139      90.60     0.0243 5.1259e-02 1.9438e+00    233.535 280.070238    5.46619    35.1452    35.1757    27.5397    1482.52    1487.62 0.0000e+00
       5630    236.000     6.9334     6.9324   3.545999   3.548688     2.0106      84.98     0.0266 5.1253e-02 1.9438e+00    234.552 280.070249    5.45649    35.1443    35.1750    27.5421    1482.45    1487.60 0.0000e+00
       5660    237.000     6.8930     6.8918   3.542190   3.544860     2.0074      81.73     0.0272 5.1245e-02 1.9438e+00    235.791 280.070264    5.45791    35.1430    35.1738    27.5467    1482.31    1487.58 0.0000e+00
       5690    238.000     6.8701     6.8695   3.540068   3.542780     2.0044      87.55     0.0269 5.1258e-02 1.9438e+00    237.037 280.070278    5.45006    35.1425    35.1731    27.5494    1482.24    1487.55 0.0000e+00
       5716    239.000     6.8539     6.8538   3.538669   3.541437     2.0015      94.07     0.0232 5.1274e-02 1.9438e+00    238.140 280.070291    5.43920    35.1431    35.1738    27.5521    1482.19    1487.53 0.0000e+00
       5738    240.000     6.8218     6.8239   3.536007   3.538918     1.9991      77.76     0.0238 5.1245e-02 1.9438e+00    239.057 280.070302    5.45202    35.1460    35.1760    27.5588    1482.09    1487.51 0.0000e+00
       5759    241.000     6.8134     6.8122   3.535323   3.537965     1.9993      96.44     0.0233 5.1266e-02 1.9438e+00    239.910 280.070312    5.46495    35.1465    35.1769    27.5604    1482.07    1487.49 0.0000e+00
       5778    242.000     6.8000     6.7994   3.534201   3.536884     1.9992      88.70     0.0219 5.1250e-02 1.9438e+00    240.708 280.070321    5.46132    35.1473    35.1776    27.5629    1482.04    1487.46 0.0000e+00
       5798    243.000     6.7953     6.7951   3.533822   3.536553     1.9986      75.73     0.0234 5.1259e-02 1.9438e+00    241.525 280.070330    5.46094    35.1474    35.1778    27.5636    1482.03    1487.44 0.0000e+00
       5818    244.000     6.7892     6.7885   3.533343   3.536039     1.9982      75.01     0.0256 5.1239e-02 1.9438e+00    242.369 280.070340    5.45991    35.1478    35.1784    27.5648    1482.03    1487.42 0.0000e+00
       5839    245.000     6.7851     6.7858   3.533030   3.535839     1.9976      74.05     0.0242 5.1225e-02 1.9438e+00    243.248 280.070350    5.45410    35.1480    35.1784    27.5655    1482.03    1487.40 0.0000e+00
       5861    246.000     6.7216     6.7186   3.527202   3.529606     1.9961      73.10     0.0236 5.1240e-02 1.9438e+00    244.155 280.070361    5.45541    35.1480    35.1777    27.5742    1481.80    1487.37 0.0000e+00
       5882    247.000     6.6836     6.6828   3.523911   3.526556     1.9952      72.33     0.0252 5.1239e-02 1.9438e+00    245.041 280.070371    5.45975    35.1499    35.1800    27.5809    1481.67    1487.35 0.0000e+00
       5903    248.000     6.6725     6.6720   3.522916   3.525579     1.9939      71.33     0.0255 5.1246e-02 1.9438e+00    245.911 280.070381    5.45474    35.1497    35.1798    27.5822    1481.64    1487.33 0.0000e+00
       5925    249.000     6.6605     6.6587   3.521851   3.524415     1.9928      70.14     0.0240 5.1249e-02 1.9438e+00    246.838 280.070392    5.45531    35.1497    35.1800    27.5838    1481.61    1487.31 0.0000e+00
       5950    250.000     6.6148     6.6108   3.517603   3.520009     1.9912      69.05     0.0251 5.1245e-02 1.9438e+00    247.881 280.070404    5.45464    35.1488    35.1797    27.5894    1481.45    1487.28 0.0000e+00
       5978    251.000     6.5330     6.5309   3.510354   3.512942     1.9901      68.01     0.0237 5.1249e-02 1.9438e+00    249.058 280.070417    5.46564    35.1516    35.1826    27.6026    1481.15    1487.26 0.0000e+00
       6007    252.000     6.5092     6.5084   3.508369   3.511006     1.9882      66.88     0.0253 5.1245e-02 1.9438e+00    250.264 280.070431    5.45845    35.1534    35.1836    27.6073    1481.07    1487.23 0.0000e+00
       6029    253.000     6.4979     6.4975   3.507458   3.510114     1.9874      65.94     0.0279 5.1235e-02 1.9438e+00    251.171 280.070442    5.46424    35.1544    35.1844    27.6095    1481.05    1487.21 0.0000e+00
       6047    254.000     6.4875     6.4874   3.506596   3.509285     1.9867      65.17     0.0272 5.1255e-02 1.9438e+00    251.900 280.070450    5.46276    35.1549    35.1850    27.6114    1481.02    1487.18 0.0000e+00
       6063    255.000     6.4793     6.4795   3.505927   3.508654     1.9861      64.24     0.0272 5.1255e-02 1.9438e+00    252.578 280.070458    5.45891    35.1554    35.1856    27.6128    1481.01    1487.16 0.0000e+00
       6080    256.000     6.4734     6.4733   3.505471   3.508176     1.9851      63.32     0.0265 5.1241e-02 1.9438e+00    253.273 280.070466    5.46006    35.1559    35.1862    27.6140    1481.00    1487.14 0.0000e+00
       6099    257.000     6.4610     6.4594   3.504389   3.506944     1.9848      62.41     0.0242 5.1273e-02 1.9438e+00    254.078 280.070475    5.47158    35.1560    35.1862    27.6158    1480.97    1487.11 0.0000e+00
       6123    258.000     6.4353     6.4344   3.502150   3.504797     1.9849      61.25     0.0267 5.1263e-02 1.9438e+00    255.102 280.070487    5.46702    35.1570    35.1875    27.6200    1480.89    1487.09 0.0000e+00
       6155    259.000     6.4276     6.4274   3.501541   3.504232     1.9830      60.04     0.0288 5.1269e-02 1.9438e+00    256.413 280.070502    5.45284    35.1576    35.1879    27.6215    1480.87    1487.06 0.0000e+00
       6185    260.000     6.4224     6.4218   3.501129   3.503811     1.9805      58.91     0.0297 5.1267e-02 1.9438e+00    257.677 280.070517    5.44250    35.1578    35.1884    27.6224    1480.87    1487.04 0.0000e+00
       6205    261.000     6.4180     6.4172   3.500822   3.503459     1.9790      58.71     0.0263 5.1273e-02 1.9438e+00    258.513 280.070527    5.43887    35.1584    35.1887    27.6234    1480.87    1487.02 0.0000e+00
       6223    262.000     6.4164     6.4158   3.500731   3.503409     1.9776      57.80     0.0250 5.1265e-02 1.9438e+00    259.246 280.070535    5.43208    35.1585    35.1891    27.6237    1480.88    1486.99 0.0000e+00
       6242    263.000     6.4166     6.4161   3.500802   3.503491     1.9759      56.37     0.0286 5.1280e-02 1.9438e+00    260.023 280.070544    5.43336    35.1586    35.1892    27.6238    1480.90    1486.97 0.0000e+00
       6264    264.000     6.4120     6.4115   3.500413   3.503092     1.9752      55.15     0.0286 5.1273e-02 1.9438e+00    260.938 280.070555    5.43836    35.1585    35.1890    27.6243    1480.90    1486.95 0.0000e+00
       6293    265.000     6.4064     6.4059   3.499958   3.502649     1.9744      53.96     0.0286 5.1273e-02 1.9438e+00    262.167 280.070569    5.43618    35.1587    35.1893    27.6252    1480.89    1486.92 0.0000e+00
       6326    266.000     6.4048     6.4044   3.499879   3.502572     1.9726      52.89     0.0294 5.1268e-02 1.9438e+00    263.523 280.070585    5.42887    35.1589    35.1894    27.6256    1480.90    1486.90 0.0000e+00
       6348    267.000     6.4042     6.4039   3.499899   3.502606     1.9724      51.97     0.0294 5.1273e-02 1.9438e+00    264.465 280.070596    5.44440    35.1593    35.1898    27.6259    1480.92    1486.88 0.0000e+00
       6365    268.000     6.4034     6.4029   3.499876   3.502577     1.9732      51.14     0.0260 5.1273e-02 1.9438e+00    265.154 280.070604    5.44957    35.1593    35.1900    27.6261    1480.93    1486.85 0.0000e+00
       6380    269.000     6.4032     6.4027   3.499903   3.502603     1.9733      50.26     0.0264 5.1273e-02 1.9438e+00    265.795 280.070611    5.44880    35.1593    35.1900    27.6261    1480.94    1486.83 0.0000e+00
       6398    270.000     6.4018     6.4013   3.499813   3.502509     1.9738      49.25     0.0236 5.1273e-02 1.9438e+00    266.550 280.070620    5.44719    35.1593    35.1899    27.6262    1480.96    1486.81 0.0000e+00
       6422    271.000     6.4000     6.3995   3.499692   3.502382     1.9734      48.10     0.0258 5.1273e-02 1.9438e+00    267.527 280.070631    5.44311    35.1593    35.1898    27.6265    1480.97    1486.79 0.0000e+00
       6449    272.000     6.3988     6.3984   3.499638   3.502341     1.9732      47.05     0.0275 5.1273e-02 1.9438e+00    268.664 280.070644    5.44410    35.1594    35.1900    27.6267    1480.98    1486.77 0.0000e+00
       6475    273.000     6.3972     6.3967   3.499544   3.502233     1.9728      46.02     0.0274 5.1279e-02 1.9438e+00    269.746 280.070657    5.44271    35.1595    35.1900    27.6270    1480.99    1486.75 0.0000e+00
       6499    274.000     6.3966     6.3962   3.499539   3.502238     1.9727      45.17     0.0248 5.1279e-02 1.9438e+00    270.748 280.070668    5.44418    35.1595    35.1901    27.6271    1481.00    1486.73 0.0000e+00
       6523    275.000     6.3964     6.3960   3.499563   3.502269     1.9724      44.07     0.0242 5.1273e-02 1.9438e+00    271.750 280.070680    5.44086    35.1595    35.1902    27.6271    1481.02    1486.70 0.0000e+00
       6546    276.000     6.3949     6.3945   3.499494   3.502173     1.9720      43.06     0.0243 5.1273e-02 1.9438e+00    272.702 280.070691    5.43950    35.1598    35.1901    27.6275    1481.03    1486.68 0.0000e+00
       6566    277.000     6.3886     6.3884   3.498959   3.501668     1.9712      42.15     0.0247 5.1273e-02 1.9438e+00    273.532 280.070701    5.43503    35.1598    35.1902    27.6284    1481.02    1486.66 0.0000e+00
       6584    278.000     6.3748     6.3747   3.497723   3.500435     1.9708      41.26     0.0287 5.1273e-02 1.9438e+00    274.284 280.070709    5.43848    35.1596    35.1901    27.6301    1480.98    1486.64 0.0000e+00
       6601    279.000     6.3681     6.3679   3.497144   3.499848     1.9703      40.44     0.0286 5.1273e-02 1.9438e+00    275.003 280.070718    5.43312    35.1596    35.1900    27.6309    1480.97    1486.62 0.0000e+00
       6619    280.000     6.3640     6.3638   3.496808   3.499509     1.9690      39.34     0.0284 5.1273e-02 1.9438e+00    275.759 280.070726    5.42653    35.1595    35.1899    27.6315    1480.97    1486.60 0.0000e+00
       6639    281.000     6.3622     6.3617   3.496667   3.499360     1.9682      38.26     0.0311 5.1273e-02 1.9438e+00    276.596 280.070736    5.43100    35.1593    35.1899    27.6315    1480.98    1486.58 0.0000e+00
       6663    282.000     6.3607     6.3605   3.496560   3.499276     1.9675      37.13     0.0306 5.1273e-02 1.9438e+00    277.579 280.070747    5.43097    35.1591    35.1897    27.6316    1480.99    1486.56 0.0000e+00
       6693    283.000     6.3568     6.3564   3.496222   3.498930     1.9671      35.97     0.0278 5.1273e-02 1.9438e+00    278.845 280.070762    5.43575    35.1589    35.1896    27.6319    1480.99    1486.54 0.0000e+00
       6733    284.000     6.3553     6.3551   3.496135   3.498850     1.9670      34.88     0.0262 5.1269e-02 1.9438e+00    280.490 280.070781    5.43996    35.1589    35.1895    27.6321    1481.00    1486.52 0.0000e+00
       6763    285.000     6.3529     6.3527   3.495974   3.498677     1.9679      33.98     0.0286 5.1267e-02 1.9438e+00    281.751 280.070796    5.44307    35.1591    35.1895    27.6326    1481.01    1486.50 0.0000e+00
       6783    286.000     6.3518     6.3516   3.495920   3.498636     1.9672      33.14     0.0304 5.1273e-02 1.9438e+00    282.584 280.070805    5.43497    35.1591    35.1897    27.6328    1481.02    1486.48 0.0000e+00
       6801    287.000     6.3510     6.3507   3.495893   3.498590     1.9671      32.24     0.0288 5.1273e-02 1.9438e+00    283.352 280.070814    5.44233    35.1591    35.1896    27.6329    1481.04    1486.47 0.0000e+00
       6820    288.000     6.3505     6.3498   3.495892   3.498556     1.9676      31.26     0.0232 5.1273e-02 1.9438e+00    284.143 280.070823    5.44193    35.1591    35.1896    27.6329    1481.05    1486.45 0.0000e+00
       6839    289.000     6.3500     6.3498   3.495890   3.498594     1.9671      30.45     0.0245 5.1273e-02 1.9438e+00    284.931 280.070832    5.43604    35.1591    35.1896    27.6330    1481.06    1486.43 0.0000e+00
       6858    290.000     6.3486     6.3483   3.495804   3.498490     1.9665      29.33     0.0268 5.1273e-02 1.9438e+00    285.728 280.070842    5.43349    35.1591    35.1894    27.6332    1481.08    1486.41 0.0000e+00
       6878    291.000     6.3485     6.3480   3.495835   3.498521     1.9660      28.28     0.0253 5.1259e-02 1.9438e+00    286.556 280.070851    5.43567    35.1590    35.1896    27.6331    1481.09    1486.39 0.0000e+00
       6900    292.000     6.3479     6.3476   3.495814   3.498520     1.9660      27.23     0.0266 5.1285e-02 1.9438e+00    287.452 280.070862    5.44154    35.1589    35.1895    27.6331    1481.11    1486.37 0.0000e+00
       6925    293.000     6.3462     6.3460   3.495691   3.498396     1.9661      26.24     0.0285 5.1284e-02 1.9438e+00    288.484 280.070874    5.44054    35.1588    35.1892    27.6332    1481.11    1486.36 0.0000e+00
