_data/ctd/2018/sta0384_2018.cnv
* Sea-Bird SBE 9 Data File:
* FileName = C:\Seabird\CTDData\sta0384.hex
* Software Version Seasave V 7.21f
* Temperature SN = 4557
* Conductivity SN = 1337
* Number of Bytes Per Scan = 40
* Number of Voltage Words = 5
* Number of Scans Averaged by the Deck Unit = 1
* NMEA Latitude = 60 45.02 N
* NMEA Longitude = 004 27.00 E
* NMEA UTC (Time) = Oct 07 2018 00:41:30
* NMEA baud rate = 4800
** Ship: 10 F/F "G. O. Sars"
** Station: 0384
** Echodepth: 371
** Log: 4492.703
** Wind-Dir Force: 29 12
** Air-temp (dry): 8.2
** Weather Sky: 2 7
** Sea Ice: 3 0
# nquan = 20                                
# nvalues = 360                         
# units = specified
# name 0 = scan: Scan Count
# name 1 = prDM: Pressure, Digiquartz [db]
# name 2 = t068C: Temperature [ITS-68, deg C]
# name 3 = t168C: Temperature, 2 [ITS-68, deg C]
# name 4 = c0S/m: Conductivity [S/m]
# name 5 = c1S/m: Conductivity, 2 [S/m]
# name 6 = sbeox0V: Oxygen raw, SBE 43 [V]
# name 7 = altM: Altimeter [m]
# name 8 = flC: Fluorescence, Chelsea Aqua 3 Chl Con [ug/l]
# name 9 = par: PAR/Irradiance, Biospherical/Licor
# name 10 = spar: SPAR/Surface Irradiance
# name 11 = timeS: Time, Elapsed [seconds]
# name 12 = timeJ: Julian Days
# name 13 = sbeox0ML/L: Oxygen, SBE 43 [ml/l], WS = 2
# name 14 = sal00: Salinity, Practical [PSU]
# name 15 = sal11: Salinity, Practical, 2 [PSU]
# name 16 = sigma-t00: Density [sigma-t, Kg/m^3 ]
# name 17 = svCM: Sound Velocity [Chen-Millero, m/s]
# name 18 = avgsvCM: Average Sound Velocity [Chen-Millero, m/s], minP = 1, minS = 5
# name 19 = flag: flag
# span 0 =        349,       9069       
# span 1 =      4.000,    363.000       
# span 2 =     6.3990,    12.7281       
# span 3 =     6.3989,    12.7306       
# span 4 =   3.494829,   3.903593       
# span 5 =   3.497519,   3.906653       
# span 6 =     1.9922,     2.3161       
# span 7 =      14.41,      99.85       
# span 8 =     0.0172,     0.6149       
# span 9 = 5.1201e-02, 1.0238e+00       
# span 10 = 1.9438e+00, 1.9438e+00      
# span 11 =     14.493,    377.829      
# span 12 = 280.029010, 280.033216      
# span 13 =    5.32234,    5.88379      
# span 14 =    32.7826,    35.2258      
# span 15 =    32.8102,    35.2557      
# span 16 =    24.7324,    27.5750      
# span 17 =    1480.72,    1497.11      
# span 18 =    1485.92,    1496.82      
# span 19 = 0.0000e+00, 0.0000e+00      
# interval = decibars: 1                
# start_time = Oct 07 2018 00:41:32 [System UTC, header]
# bad_flag = -9.990e-29
*END*
[from data line 218]
       5308    222.000     6.8965     6.8974   3.542393   3.545139     1.9974      94.86     0.0257 5.1280e-02 1.9438e+00    221.113 280.031402    5.42543    35.1492    35.1786    27.5511    1482.08    1488.76 0.0000e+00
       5327    223.000     6.8094     6.8132   3.533160   3.536055     1.9964      94.59     0.0250 5.1258e-02 1.9438e+00    221.912 280.031411    5.42933    35.1357    35.1638    27.5524    1481.74    1488.73 0.0000e+00
       5347    224.000     6.6526     6.6576   3.517245   3.520341     1.9952      93.58     0.0266 5.1260e-02 1.9438e+00    222.759 280.031421    5.44037    35.1192    35.1485    27.5609    1481.13    1488.70 0.0000e+00
       5371    225.000     6.6036     6.6031   3.512201   3.514698     1.9922      92.60     0.0284 5.1267e-02 1.9438e+00    223.764 280.031432    5.43934    35.1128    35.1411    27.5625    1480.95    1488.66 0.0000e+00
       5399    226.000     6.5722     6.5694   3.509029   3.511291     1.9929      97.40     0.0267 5.1258e-02 1.9438e+00    224.935 280.031446    5.49927    35.1092    35.1373    27.5639    1480.84    1488.63 0.0000e+00
       5425    227.000     6.5681     6.5660   3.508630   3.511010     1.9989      96.33     0.0249 5.1261e-02 1.9438e+00    226.015 280.031458    5.55049    35.1085    35.1371    27.5639    1480.84    1488.59 0.0000e+00
       5446    228.000     6.5691     6.5701   3.508856   3.511563     2.0045      96.88     0.0259 5.1273e-02 1.9438e+00    226.878 280.031468    5.56615    35.1095    35.1386    27.5645    1480.86    1488.56 0.0000e+00
       5465    229.000     6.5664     6.5671   3.508602   3.511266     2.0085      96.86     0.0248 5.1266e-02 1.9438e+00    227.656 280.031478    5.57302    35.1089    35.1379    27.5644    1480.86    1488.53 0.0000e+00
       5485    230.000     6.5592     6.5599   3.507883   3.510611     2.0124      97.05     0.0256 5.1273e-02 1.9438e+00    228.519 280.031487    5.58424    35.1078    35.1374    27.5645    1480.85    1488.49 0.0000e+00
       5510    231.000     6.5587     6.5588   3.507978   3.510597     2.0163      97.61     0.0247 5.1267e-02 1.9438e+00    229.523 280.031499    5.59241    35.1088    35.1379    27.5654    1480.87    1488.46 0.0000e+00
       5534    232.000     6.5520     6.5515   3.507310   3.509900     2.0197      96.44     0.0246 5.1273e-02 1.9438e+00    230.538 280.031511    5.59990    35.1078    35.1371    27.5655    1480.85    1488.43 0.0000e+00
       5555    233.000     6.5428     6.5410   3.506462   3.508875     2.0219      94.84     0.0243 5.1273e-02 1.9438e+00    231.436 280.031521    5.59801    35.1073    35.1360    27.5663    1480.83    1488.39 0.0000e+00
       5574    234.000     6.5161     6.5138   3.503790   3.506220     2.0225      95.34     0.0244 5.1273e-02 1.9438e+00    232.217 280.031530    5.59261    35.1044    35.1338    27.5676    1480.74    1488.36 0.0000e+00
       5593    235.000     6.5100     6.5091   3.503256   3.505814     2.0226      95.97     0.0238 5.1273e-02 1.9438e+00    233.006 280.031539    5.59501    35.1042    35.1336    27.5683    1480.73    1488.33 0.0000e+00
       5613    236.000     6.5023     6.5018   3.502544   3.505168     2.0231      96.63     0.0225 5.1267e-02 1.9438e+00    233.847 280.031549    5.59774    35.1036    35.1334    27.5689    1480.72    1488.30 0.0000e+00
       5638    237.000     6.5042     6.5067   3.502804   3.505719     2.0233      97.93     0.0234 5.1273e-02 1.9438e+00    234.873 280.031561    5.59654    35.1041    35.1340    27.5690    1480.75    1488.26 0.0000e+00
       5667    238.000     6.5018     6.5080   3.502625   3.505906     2.0237      97.74     0.0239 5.1273e-02 1.9438e+00    236.104 280.031575    5.60464    35.1041    35.1343    27.5693    1480.75    1488.23 0.0000e+00
       5697    239.000     6.5005     6.5070   3.502570   3.505887     2.0245      98.00     0.0241 5.1273e-02 1.9438e+00    237.319 280.031589    5.60864    35.1043    35.1346    27.5696    1480.76    1488.20 0.0000e+00
       5719    240.000     6.5424     6.5317   3.506884   3.508564     2.0255      98.59     0.0259 5.1259e-02 1.9438e+00    238.251 280.031600    5.61537    35.1088    35.1385    27.5676    1480.95    1488.17 0.0000e+00
       5740    241.000     6.5803     6.5777   3.510421   3.512894     2.0270      98.51     0.0281 5.1266e-02 1.9438e+00    239.110 280.031610    5.61940    35.1088    35.1390    27.5625    1481.11    1488.14 0.0000e+00
       5759    242.000     6.5861     6.5865   3.511001   3.513738     2.0288      96.34     0.0273 5.1273e-02 1.9438e+00    239.922 280.031619    5.62424    35.1088    35.1389    27.5617    1481.15    1488.11 0.0000e+00
       5778    243.000     6.5883     6.5883   3.511295   3.513982     2.0296      94.01     0.0255 5.1265e-02 1.9438e+00    240.718 280.031629    5.61394    35.1094    35.1393    27.5618    1481.18    1488.08 0.0000e+00
       5797    244.000     6.5904     6.5876   3.511536   3.513979     2.0293      97.53     0.0260 5.1265e-02 1.9438e+00    241.485 280.031638    5.60065    35.1094    35.1394    27.5616    1481.20    1488.06 0.0000e+00
       5816    245.000     6.5947     6.5918   3.512038   3.514467     2.0280      98.62     0.0304 5.1273e-02 1.9438e+00    242.283 280.031647    5.59126    35.1101    35.1400    27.5615    1481.24    1488.03 0.0000e+00
       5838    246.000     6.5990     6.5966   3.512477   3.514972     2.0267      98.46     0.0295 5.1279e-02 1.9438e+00    243.192 280.031657    5.58772    35.1100    35.1402    27.5609    1481.27    1488.00 0.0000e+00
       5865    247.000     6.5972     6.5975   3.512347   3.515072     2.0251      98.22     0.0273 5.1277e-02 1.9438e+00    244.351 280.031671    5.58051    35.1099    35.1399    27.5611    1481.28    1487.97 0.0000e+00
       5904    248.000     6.5940     6.5949   3.512043   3.514841     2.0225      98.55     0.0259 5.1269e-02 1.9438e+00    245.950 280.031689    5.57718    35.1093    35.1395    27.5610    1481.28    1487.95 0.0000e+00
       5935    249.000     6.5922     6.5937   3.511929   3.514782     2.0223      97.32     0.0232 5.1267e-02 1.9438e+00    247.269 280.031704    5.59553    35.1094    35.1396    27.5613    1481.29    1487.92 0.0000e+00
       5955    250.000     6.5929     6.5938   3.512025   3.514850     2.0232      97.80     0.0218 5.1273e-02 1.9438e+00    248.089 280.031714    5.59736    35.1092    35.1397    27.5611    1481.31    1487.89 0.0000e+00
       5972    251.000     6.5951     6.5967   3.512286   3.515174     2.0233      96.48     0.0247 5.1273e-02 1.9438e+00    248.802 280.031722    5.59269    35.1094    35.1399    27.5609    1481.34    1487.87 0.0000e+00
       5990    252.000     6.5965     6.5965   3.512488   3.515210     2.0232      94.63     0.0260 5.1265e-02 1.9438e+00    249.527 280.031731    5.58646    35.1097    35.1400    27.5610    1481.36    1487.84 0.0000e+00
       6008    253.000     6.5981     6.5979   3.512684   3.515391     2.0223      98.17     0.0246 5.1273e-02 1.9438e+00    250.309 280.031740    5.58326    35.1097    35.1400    27.5608    1481.38    1487.81 0.0000e+00
       6030    254.000     6.5925     6.5941   3.512169   3.515041     2.0221      95.36     0.0239 5.1273e-02 1.9438e+00    251.226 280.031750    5.58486    35.1092    35.1395    27.5612    1481.38    1487.79 0.0000e+00
       6057    255.000     6.5879     6.5891   3.511820   3.514613     2.0211      93.90     0.0257 5.1268e-02 1.9438e+00    252.316 280.031763    5.58236    35.1096    35.1394    27.5620    1481.38    1487.76 0.0000e+00
       6084    256.000     6.5883     6.5877   3.511849   3.514516     2.0213      95.10     0.0254 5.1256e-02 1.9438e+00    253.446 280.031776    5.59505    35.1090    35.1393    27.5615    1481.39    1487.74 0.0000e+00
       6107    257.000     6.5816     6.5807   3.511283   3.513916     2.0216      94.27     0.0263 5.1280e-02 1.9438e+00    254.434 280.031787    5.58683    35.1090    35.1393    27.5625    1481.38    1487.71 0.0000e+00
       6128    258.000     6.5769     6.5832   3.510842   3.514115     2.0205      95.85     0.0275 5.1258e-02 1.9438e+00    255.291 280.031797    5.57713    35.1084    35.1384    27.5626    1481.38    1487.69 0.0000e+00
       6147    259.000     6.5542     6.5583   3.508818   3.511838     2.0196      98.64     0.0279 5.1273e-02 1.9438e+00    256.075 280.031806    5.57799    35.1087    35.1381    27.5659    1481.31    1487.66 0.0000e+00
       6165    260.000     6.5597     6.5581   3.509398   3.511983     2.0185      98.74     0.0242 5.1273e-02 1.9438e+00    256.844 280.031815    5.57836    35.1090    35.1394    27.5654    1481.35    1487.64 0.0000e+00
       6185    261.000     6.5612     6.5640   3.509414   3.512351     2.0184      98.72     0.0233 5.1273e-02 1.9438e+00    257.669 280.031825    5.58858    35.1071    35.1370    27.5637    1481.37    1487.62 0.0000e+00
       6208    262.000     6.5179     6.5188   3.505236   3.508016     2.0191      97.84     0.0212 5.1267e-02 1.9438e+00    258.623 280.031836    5.60255    35.1045    35.1346    27.5675    1481.21    1487.59 0.0000e+00
       6233    263.000     6.5056     6.5050   3.504070   3.506710     2.0194      98.75     0.0205 5.1273e-02 1.9438e+00    259.652 280.031848    5.59424    35.1036    35.1337    27.5684    1481.18    1487.57 0.0000e+00
       6255    264.000     6.5171     6.5280   3.505388   3.509132     2.0184      96.16     0.0261 5.1273e-02 1.9438e+00    260.582 280.031859    5.59327    35.1060    35.1365    27.5688    1481.24    1487.54 0.0000e+00
       6275    265.000     6.5576     6.5511   3.509216   3.511144     2.0190      96.88     0.0258 5.1243e-02 1.9438e+00    261.409 280.031868    5.60390    35.1066    35.1347    27.5638    1481.42    1487.52 0.0000e+00
       6294    266.000     6.5148     6.5094   3.505060   3.507205     2.0202      98.52     0.0264 5.1273e-02 1.9438e+00    262.197 280.031877    5.62364    35.1037    35.1332    27.5673    1481.26    1487.50 0.0000e+00
       6314    267.000     6.5083     6.4958   3.504350   3.505827     2.0224      98.74     0.0252 5.1273e-02 1.9438e+00    263.035 280.031887    5.63096    35.1020    35.1313    27.5668    1481.25    1487.47 0.0000e+00
       6337    268.000     6.4647     6.4677   3.500045   3.503042     2.0232      98.74     0.0204 5.1267e-02 1.9438e+00    263.986 280.031898    5.62495    35.0982    35.1286    27.5696    1481.09    1487.45 0.0000e+00
       6361    269.000     6.4502     6.4493   3.498601   3.501161     2.0228      98.74     0.0249 5.1249e-02 1.9438e+00    265.004 280.031910    5.62052    35.0965    35.1260    27.5702    1481.05    1487.42 0.0000e+00
       6384    270.000     6.4298     6.4268   3.496540   3.498898     2.0226      98.75     0.0286 5.1274e-02 1.9438e+00    265.963 280.031921    5.63195    35.0939    35.1233    27.5709    1480.98    1487.40 0.0000e+00
       6405    271.000     6.4200     6.4197   3.495624   3.498265     2.0233      93.47     0.0287 5.1251e-02 1.9438e+00    266.819 280.031931    5.63665    35.0932    35.1230    27.5717    1480.96    1487.38 0.0000e+00
       6423    272.000     6.4184     6.4185   3.495526   3.498197     2.0233      98.39     0.0267 5.1273e-02 1.9438e+00    267.599 280.031940    5.63520    35.0933    35.1230    27.5719    1480.97    1487.35 0.0000e+00
       6443    273.000     6.4182     6.4181   3.495567   3.498230     2.0236      98.73     0.0248 5.1273e-02 1.9438e+00    268.412 280.031949    5.64454    35.0934    35.1233    27.5721    1480.99    1487.33 0.0000e+00
       6465    274.000     6.4166     6.4169   3.495458   3.498166     2.0249      98.70     0.0284 5.1273e-02 1.9438e+00    269.334 280.031960    5.65623    35.0934    35.1233    27.5722    1481.00    1487.31 0.0000e+00
       6491    275.000     6.4141     6.4142   3.495260   3.497952     2.0266      98.71     0.0306 5.1273e-02 1.9438e+00    270.401 280.031972    5.66007    35.0932    35.1232    27.5724    1481.00    1487.28 0.0000e+00
       6516    276.000     6.4141     6.4140   3.495326   3.497995     2.0272      98.74     0.0268 5.1273e-02 1.9438e+00    271.471 280.031985    5.65926    35.0934    35.1234    27.5726    1481.02    1487.26 0.0000e+00
       6537    277.000     6.4136     6.4136   3.495337   3.498026     2.0281      98.73     0.0263 5.1273e-02 1.9438e+00    272.314 280.031994    5.66233    35.0936    35.1236    27.5728    1481.03    1487.24 0.0000e+00
       6554    278.000     6.4152     6.4149   3.495571   3.498220     2.0283      98.69     0.0283 5.1273e-02 1.9438e+00    273.052 280.032003    5.65736    35.0940    35.1239    27.5730    1481.06    1487.22 0.0000e+00
       6573    279.000     6.4130     6.4131   3.495360   3.498056     2.0282      98.54     0.0270 5.1273e-02 1.9438e+00    273.828 280.032012    5.65759    35.0934    35.1234    27.5728    1481.06    1487.19 0.0000e+00
       6594    280.000     6.4113     6.4112   3.495262   3.497921     2.0283      98.51     0.0255 5.1273e-02 1.9438e+00    274.709 280.032022    5.66061    35.0936    35.1234    27.5731    1481.07    1487.17 0.0000e+00
       6618    281.000     6.4112     6.4112   3.495296   3.497969     2.0284      98.64     0.0274 5.1273e-02 1.9438e+00    275.688 280.032033    5.65938    35.0936    35.1234    27.5731    1481.09    1487.15 0.0000e+00
       6641    282.000     6.4112     6.4110   3.495351   3.498009     2.0282      97.54     0.0241 5.1273e-02 1.9438e+00    276.662 280.032045    5.65822    35.0937    35.1236    27.5732    1481.11    1487.13 0.0000e+00
       6663    283.000     6.4107     6.4107   3.495329   3.498017     2.0280      95.91     0.0245 5.1266e-02 1.9438e+00    277.567 280.032055    5.65725    35.0934    35.1235    27.5731    1481.12    1487.11 0.0000e+00
       6683    284.000     6.4092     6.4096   3.495218   3.497950     2.0277      94.59     0.0271 5.1259e-02 1.9438e+00    278.423 280.032065    5.65693    35.0932    35.1233    27.5731    1481.13    1487.09 0.0000e+00
       6704    285.000     6.4067     6.4068   3.495045   3.497744     2.0276      92.92     0.0258 5.1266e-02 1.9438e+00    279.285 280.032075    5.65719    35.0934    35.1234    27.5735    1481.14    1487.07 0.0000e+00
       6726    286.000     6.4052     6.4056   3.494936   3.497655     2.0270      91.81     0.0258 5.1249e-02 1.9438e+00    280.221 280.032086    5.65540    35.0932    35.1231    27.5736    1481.15    1487.04 0.0000e+00
       6749    287.000     6.4062     6.4066   3.495102   3.497812     2.0267      90.98     0.0266 5.1247e-02 1.9438e+00    281.185 280.032097    5.65329    35.0935    35.1234    27.5737    1481.17    1487.02 0.0000e+00
       6771    288.000     6.4044     6.4046   3.494950   3.497649     2.0260      95.41     0.0245 5.1266e-02 1.9438e+00    282.080 280.032107    5.64823    35.0931    35.1231    27.5737    1481.18    1487.00 0.0000e+00
       6791    289.000     6.4027     6.4028   3.494829   3.497535     2.0252      88.44     0.0286 5.1258e-02 1.9438e+00    282.911 280.032117    5.64601    35.0930    35.1232    27.5738    1481.19    1486.98 0.0000e+00
       6810    290.000     6.4028     6.4023   3.494892   3.497519     2.0246      87.57     0.0285 5.1230e-02 1.9438e+00    283.721 280.032126    5.65073    35.0931    35.1230    27.5739    1481.20    1486.96 0.0000e+00
       6830    291.000     6.4027     6.4026   3.494928   3.497608     2.0246      86.55     0.0255 5.1223e-02 1.9438e+00    284.543 280.032136    5.65438    35.0931    35.1232    27.5739    1481.22    1486.94 0.0000e+00
       6851    292.000     6.4027     6.4021   3.494976   3.497598     2.0246      85.52     0.0246 5.1238e-02 1.9438e+00    285.404 280.032146    5.65521    35.0932    35.1231    27.5739    1481.24    1486.92 0.0000e+00
