_data/ctd/2018/sta0397_2018.cnv
* Sea-Bird SBE 9 Data File:
* FileName = C:\Seabird\CTDData\sta0397.hex
* Software Version Seasave V 7.21f
* Temperature SN = 4557
* Conductivity SN = 1337
* Number of Bytes Per Scan = 40
* Number of Voltage Words = 5
* Number of Scans Averaged by the Deck Unit = 1
* NMEA Latitude = 60 44.98 N
* NMEA Longitude = 000 27.90 W
* NMEA UTC (Time) = Oct 09 2018 07:03:22
* NMEA baud rate = 4800
** Ship: 10 F/F "G. O. Sars"
** Station: 0397
** Echodepth: 141
** Log: 4776.27
** Wind-Dir Force: 25 02
** Air-temp (dry): 9.4
** Weather Sky: 2 8
** Sea Ice: 3 0
# nquan = 20                                
# nvalues = 133                         
# units = specified
# name 0 = scan: Scan Count
# name 1 = prDM: Pressure, Digiquartz [db]
# name 2 = t068C: Temperature [ITS-68, deg C]
# name 3 = t168C: Temperature, 2 [ITS-68, deg C]
# name 4 = c0S/m: Conductivity [S/m]
# name 5 = c1S/m: Conductivity, 2 [S/m]
# name 6 = sbeox0V: Oxygen raw, SBE 43 [V]
# name 7 = altM: Altimeter [m]
# name 8 = flC: Fluorescence, Chelsea Aqua 3 Chl Con [ug/l]
# name 9 = par: PAR/Irradiance, Biospherical/Licor
# name 10 = spar: SPAR/Surface Irradiance
# name 11 = timeS: Time, Elapsed [seconds]
# name 12 = timeJ: Julian Days
# name 13 = sbeox0ML/L: Oxygen, SBE 43 [ml/l], WS = 2
# name 14 = sal00: Salinity, Practical [PSU]
# name 15 = sal11: Salinity, Practical, 2 [PSU]
# name 16 = sigma-t00: Density [sigma-t, Kg/m^3 ]
# name 17 = svCM: Sound Velocity [Chen-Millero, m/s]
# name 18 = avgsvCM: Average Sound Velocity [Chen-Millero, m/s], minP = 1, minS = 5
# name 19 = flag: flag
# span 0 =        228,       3463       
# span 1 =      5.000,    137.000       
# span 2 =    10.9587,    11.0288       
# span 3 =    10.9590,    11.0292       
# span 4 =   3.927198,   3.930571       
# span 5 =   3.929406,   3.932602       
# span 6 =     2.2200,     2.2686       
# span 7 =       5.70,     101.46       
# span 8 =     0.1430,     0.1820       
# span 9 = 5.1218e-02, 3.3777e+00       
# span 10 = 4.5169e+00, 1.2000e+01      
# span 11 =      9.475,    144.245      
# span 12 = 282.294149, 282.295709      
# span 13 =    5.60330,    5.68223      
# span 14 =    35.2096,    35.2268      
# span 15 =    35.2304,    35.2466      
# span 16 =    26.9347,    26.9602      
# span 17 =    1493.78,    1495.75      
# span 18 =    1493.78,    1494.78      
# span 19 = 0.0000e+00, 0.0000e+00      
# interval = decibars: 1                
# start_time = Oct 09 2018 07:03:25 [System UTC, header]
# bad_flag = -9.990e-29
*END*
[from data line 73]
       2162     78.000    11.0023    11.0027   3.929558   3.931600     2.2418      65.51     0.1477 5.1227e-02 1.1663e+01     90.048 282.295082    5.63676    35.2202    35.2402    26.9471    1494.92    1494.33 0.0000e+00
       2181     79.000    11.0023    11.0029   3.929611   3.931661     2.2418      64.61     0.1457 5.1235e-02 1.1663e+01     90.841 282.295091    5.63724    35.2203    35.2402    26.9472    1494.94    1494.34 0.0000e+00
       2201     80.000    11.0024    11.0031   3.929663   3.931715     2.2417      63.62     0.1479 5.1259e-02 1.1663e+01     91.668 282.295100    5.63377    35.2202    35.2401    26.9472    1494.96    1494.34 0.0000e+00
       2222     81.000    11.0024    11.0027   3.929700   3.931729     2.2407      62.50     0.1499 5.1234e-02 1.1663e+01     92.558 282.295111    5.62955    35.2201    35.2402    26.9471    1494.97    1494.35 0.0000e+00
       2245     82.000    11.0018    11.0023   3.929695   3.931736     2.2401      61.45     0.1475 5.1243e-02 1.1663e+01     93.519 282.295122    5.62632    35.2202    35.2402    26.9473    1494.99    1494.36 0.0000e+00
       2270     83.000    11.0022    11.0027   3.929785   3.931828     2.2386      60.52     0.1479 5.1261e-02 1.1663e+01     94.540 282.295134    5.62296    35.2203    35.2402    26.9472    1495.01    1494.37 0.0000e+00
       2294     84.000    11.0022    11.0025   3.929824   3.931865     2.2381      59.47     0.1490 5.1248e-02 7.4281e+00     95.531 282.295145    5.62576    35.2202    35.2404    26.9472    1495.02    1494.37 0.0000e+00
       2316     85.000    11.0021    11.0025   3.929867   3.931906     2.2374      58.48     0.1479 5.1260e-02 -9.990e-29     96.459 282.295156    5.62292    35.2203    35.2403    26.9473    1495.04    1494.38 0.0000e+00
       2337     86.000    11.0016    11.0023   3.929880   3.931935     2.2371      57.64     0.1475 5.1266e-02 -9.990e-29     97.347 282.295166    5.63111    35.2205    35.2403    26.9475    1495.05    1494.39 0.0000e+00
       2358     87.000    11.0024    11.0030   3.930000   3.932041     2.2382      56.58     0.1488 5.1273e-02 -9.990e-29     98.192 282.295176    5.63693    35.2204    35.2403    26.9473    1495.07    1494.40 0.0000e+00
       2377     88.000    11.0025    11.0030   3.930064   3.932098     2.2385      55.58     0.1493 5.1265e-02 -9.990e-29     99.017 282.295185    5.62998    35.2205    35.2404    26.9474    1495.09    1494.41 0.0000e+00
       2396     89.000    11.0025    11.0031   3.930100   3.932144     2.2376      54.67     0.1518 5.1258e-02 4.5169e+00     99.805 282.295194    5.62770    35.2204    35.2403    26.9473    1495.11    1494.41 0.0000e+00
       2415     90.000    11.0021    11.0026   3.930098   3.932160     2.2377      53.75     0.1485 5.1273e-02 8.0167e+00    100.591 282.295204    5.63344    35.2203    35.2405    26.9473    1495.12    1494.42 0.0000e+00
       2435     91.000    11.0022    11.0026   3.930157   3.932201     2.2381      52.64     0.1527 5.1259e-02 1.1663e+01    101.417 282.295213    5.63263    35.2204    35.2404    26.9473    1495.14    1494.43 0.0000e+00
       2457     92.000    11.0023    11.0027   3.930215   3.932259     2.2371      51.56     0.1507 5.1273e-02 1.1663e+01    102.319 282.295224    5.62325    35.2204    35.2405    26.9473    1495.15    1494.44 0.0000e+00
       2481     93.000    11.0022    11.0025   3.930257   3.932274     2.2366      50.52     0.1525 5.1284e-02 1.1663e+01    103.334 282.295235    5.63789    35.2205    35.2404    26.9474    1495.17    1494.44 0.0000e+00
       2507     94.000    11.0002    11.0004   3.930151   3.932155     2.2388      49.42     0.1525 5.1273e-02 8.4219e+00    104.418 282.295248    5.64709    35.2209    35.2407    26.9481    1495.18    1494.45 0.0000e+00
       2531     95.000    10.9990    10.9996   3.930104   3.932151     2.2392      48.43     0.1501 5.1273e-02 1.1640e+01    105.419 282.295259    5.64261    35.2211    35.2410    26.9485    1495.19    1494.46 0.0000e+00
       2553     96.000    10.9997    10.9994   3.930208   3.932176     2.2396      47.60     0.1489 5.1273e-02 1.1663e+01    106.320 282.295270    5.64591    35.2210    35.2410    26.9483    1495.21    1494.47 0.0000e+00
       2573     97.000    10.9994    10.9982   3.930210   3.932134     2.2398      46.55     0.1506 5.1273e-02 1.1663e+01    107.159 282.295280    5.64409    35.2209    35.2413    26.9482    1495.23    1494.48 0.0000e+00
       2592     98.000    10.9975    10.9980   3.930130   3.932168     2.2396      45.57     0.1492 5.1273e-02 1.1663e+01    107.966 282.295289    5.64054    35.2215    35.2414    26.9490    1495.24    1494.48 0.0000e+00
       2611     99.000    10.9973    10.9980   3.930175   3.932213     2.2390      44.74     0.1451 5.1273e-02 1.1663e+01    108.751 282.295298    5.63723    35.2216    35.2414    26.9492    1495.25    1494.49 0.0000e+00
       2630    100.000    10.9970    10.9974   3.930187   3.932211     2.2383      43.81     0.1505 5.1273e-02 1.1663e+01    109.529 282.295307    5.63878    35.2216    35.2415    26.9492    1495.27    1494.50 0.0000e+00
       2649    101.000    10.9960    10.9966   3.930148   3.932203     2.2383      42.68     0.1514 5.1273e-02 1.1663e+01    110.342 282.295316    5.63693    35.2217    35.2417    26.9495    1495.28    1494.51 0.0000e+00
       2670    102.000    10.9955    10.9958   3.930151   3.932174     2.2367      41.52     0.1523 5.1280e-02 1.1663e+01    111.223 282.295327    5.62363    35.2218    35.2417    26.9496    1495.30    1494.51 0.0000e+00
       2694    103.000    10.9956    10.9960   3.930209   3.932238     2.2347      40.72     0.1494 5.1279e-02 1.1663e+01    112.195 282.295338    5.62362    35.2218    35.2417    26.9496    1495.31    1494.52 0.0000e+00
       2719    104.000    10.9950    10.9954   3.930211   3.932244     2.2345      39.61     0.1504 5.1279e-02 1.1663e+01    113.251 282.295350    5.63253    35.2220    35.2419    26.9499    1495.33    1494.53 0.0000e+00
       2744    105.000    10.9943    10.9943   3.930206   3.932199     2.2344      38.58     0.1525 5.1267e-02 9.0503e+00    114.297 282.295362    5.63050    35.2221    35.2421    26.9501    1495.34    1494.54 0.0000e+00
       2767    106.000    10.9941    10.9940   3.930233   3.932222     2.2338      37.77     0.1488 5.1273e-02 1.0958e+01    115.248 282.295373    5.62639    35.2221    35.2421    26.9502    1495.36    1494.55 0.0000e+00
       2787    107.000    10.9925    10.9927   3.930151   3.932170     2.2333      36.75     0.1493 5.1273e-02 1.1757e+01    116.102 282.295383    5.62567    35.2224    35.2424    26.9507    1495.37    1494.55 0.0000e+00
       2806    108.000    10.9920    10.9925   3.930166   3.932197     2.2324      35.79     0.1494 5.1281e-02 1.1666e+01    116.883 282.295392    5.62315    35.2226    35.2424    26.9509    1495.38    1494.56 0.0000e+00
       2825    109.000    10.9917    10.9922   3.930198   3.932224     2.2321      34.84     0.1515 5.1273e-02 1.1663e+01    117.655 282.295401    5.62674    35.2227    35.2425    26.9511    1495.40    1494.57 0.0000e+00
       2845    110.000    10.9920    10.9927   3.930265   3.932312     2.2321      33.92     0.1465 5.1280e-02 1.1663e+01    118.493 282.295411    5.62563    35.2227    35.2425    26.9510    1495.42    1494.58 0.0000e+00
       2867    111.000    10.9920    10.9925   3.930315   3.932335     2.2312      32.67     0.1471 5.1267e-02 1.1663e+01    119.429 282.295422    5.61910    35.2227    35.2424    26.9510    1495.43    1494.58 0.0000e+00
       2891    112.000    10.9920    10.9925   3.930353   3.932382     2.2300      31.57     0.1475 5.1273e-02 1.1663e+01    120.412 282.295433    5.61459    35.2226    35.2425    26.9509    1495.45    1494.59 0.0000e+00
       2913    113.000    10.9908    10.9919   3.930305   3.932379     2.2288      30.71     0.1493 5.1287e-02 1.1663e+01    121.340 282.295444    5.60971    35.2229    35.2425    26.9513    1495.46    1494.60 0.0000e+00
       2933    114.000    10.9919    10.9927   3.930436   3.932499     2.2273      29.59     0.1481 5.1273e-02 1.1663e+01    122.172 282.295453    5.61173    35.2227    35.2425    26.9510    1495.48    1494.61 0.0000e+00
       2952    115.000    10.9913    10.9914   3.930436   3.932444     2.2278      28.23     0.1474 5.1273e-02 1.1663e+01    122.976 282.295463    5.62233    35.2228    35.2428    26.9512    1495.50    1494.62 0.0000e+00
       2972    116.000    10.9891    10.9896   3.930311   3.932343     2.2280      27.42     0.1464 5.1281e-02 1.1663e+01    123.779 282.295472    5.62117    35.2232    35.2430    26.9519    1495.51    1494.62 0.0000e+00
       2992    117.000    10.9896    10.9900   3.930381   3.932410     2.2282      26.82     0.1461 5.1273e-02 1.1663e+01    124.624 282.295482    5.62077    35.2230    35.2429    26.9516    1495.53    1494.63 0.0000e+00
       3014    118.000    10.9886    10.9890   3.930348   3.932381     2.2276      22.97     0.1471 5.1279e-02 1.0782e+01    125.561 282.295493    5.61612    35.2231    35.2431    26.9519    1495.54    1494.64 0.0000e+00
       3039    119.000    10.9890    10.9897   3.930434   3.932478     2.2272      23.66     0.1514 5.1285e-02 1.1634e+01    126.564 282.295504    5.61894    35.2232    35.2429    26.9519    1495.56    1494.65 0.0000e+00
       3062    120.000    10.9886    10.9891   3.930450   3.932471     2.2273      23.94     0.1520 5.1279e-02 1.1663e+01    127.548 282.295516    5.61961    35.2233    35.2430    26.9520    1495.57    1494.65 0.0000e+00
       3085    121.000    10.9876    10.9882   3.930415   3.932445     2.2270      22.87     0.1527 5.1286e-02 1.1663e+01    128.481 282.295526    5.61854    35.2234    35.2431    26.9523    1495.58    1494.66 0.0000e+00
       3106    122.000    10.9883    10.9887   3.930505   3.932544     2.2267      21.88     0.1526 5.1280e-02 1.1663e+01    129.374 282.295537    5.62086    35.2232    35.2432    26.9520    1495.60    1494.67 0.0000e+00
       3127    123.000    10.9883    10.9888   3.930571   3.932602     2.2271      21.05     0.1526 5.1302e-02 1.1663e+01    130.236 282.295547    5.62436    35.2234    35.2432    26.9522    1495.62    1494.68 0.0000e+00
       3146    124.000    10.9845    10.9842   3.930299   3.932234     2.2272      20.01     0.1520 5.1288e-02 1.1663e+01    131.051 282.295556    5.62485    35.2239    35.2435    26.9533    1495.62    1494.68 0.0000e+00
       3165    125.000    10.9805    10.9812   3.929969   3.932054     2.2274      19.02     0.1534 5.1273e-02 1.1663e+01    131.840 282.295565    5.62722    35.2240    35.2441    26.9541    1495.63    1494.69 0.0000e+00
       3184    126.000    10.9802    10.9810   3.930032   3.932081     2.2275      18.07     0.1513 5.1280e-02 1.1663e+01    132.632 282.295574    5.61742    35.2244    35.2442    26.9545    1495.64    1494.70 0.0000e+00
       3205    127.000    10.9797    10.9800   3.930029   3.932040     2.2252      17.14     0.1506 5.1280e-02 1.1754e+01    133.484 282.295584    5.60851    35.2244    35.2443    26.9546    1495.66    1494.71 0.0000e+00
       3228    128.000    10.9693    10.9676   3.929183   3.930990     2.2244      15.99     0.1468 5.1279e-02 8.5418e+00    134.442 282.295595    5.61252    35.2255    35.2452    26.9573    1495.64    1494.71 0.0000e+00
       3254    129.000    10.9620    10.9629   3.928609   3.930675     2.2235      14.93     0.1430 5.1290e-02 1.1608e+01    135.524 282.295608    5.61394    35.2263    35.2461    26.9592    1495.63    1494.72 0.0000e+00
       3279    130.000    10.9613    10.9618   3.928592   3.930622     2.2229      14.02     0.1508 5.1305e-02 1.1809e+01    136.574 282.295620    5.60873    35.2263    35.2462    26.9594    1495.64    1494.73 0.0000e+00
       3300    131.000    10.9612    10.9618   3.928665   3.930685     2.2215      13.06     0.1548 5.1280e-02 1.1797e+01    137.454 282.295630    5.60330    35.2267    35.2464    26.9597    1495.66    1494.74 0.0000e+00
       3319    132.000    10.9612    10.9618   3.928692   3.930730     2.2206      12.13     0.1551 5.1273e-02 -9.990e-29    138.248 282.295639    5.60417    35.2265    35.2464    26.9596    1495.68    1494.74 0.0000e+00
       3338    133.000    10.9608    10.9611   3.928715   3.930725     2.2202      10.73     0.1517 5.1303e-02 -9.990e-29    139.027 282.295649    5.60749    35.2267    35.2465    26.9598    1495.69    1494.75 0.0000e+00
       3357    134.000    10.9611    10.9619   3.928785   3.930842     2.2200       8.72     0.1506 5.1311e-02 -9.990e-29    139.825 282.295658    5.60950    35.2267    35.2465    26.9597    1495.71    1494.76 0.0000e+00
       3380    135.000    10.9605    10.9609   3.928780   3.930800     2.2205       6.56     0.1488 5.1357e-02 1.1941e+01    140.807 282.295669    5.61731    35.2267    35.2466    26.9599    1495.72    1494.76 0.0000e+00
       3423    136.000    10.9587    10.9590   3.928660   3.930668     2.2215       5.70     0.1491 5.1369e-02 1.1804e+01    142.600 282.295690    5.61545    35.2268    35.2466    26.9602    1495.74    1494.77 0.0000e+00
       3463    137.000    10.9593    10.9600   3.928736   3.930802     2.2211       6.84     0.1504 5.1338e-02 1.2000e+01    144.245 282.295709    5.61813    35.2265    35.2466    26.9599    1495.75    1494.78 0.0000e+00
