_data/ctd/2018/sta0387_2018.cnv
* Sea-Bird SBE 9 Data File:
* FileName = C:\Seabird\CTDData\sta0387.hex
* Software Version Seasave V 7.21f
* Temperature SN = 4557
* Conductivity SN = 1337
* Number of Bytes Per Scan = 40
* Number of Voltage Words = 5
* Number of Scans Averaged by the Deck Unit = 1
* NMEA Latitude = 60 44.94 N
* NMEA Longitude = 003 57.27 E
* NMEA UTC (Time) = Oct 07 2018 03:50:29
* NMEA baud rate = 4800
** Ship: 10 F/F "G. O. Sars"
** Station: 0387
** Echodepth: 314
** Log: 4507.402
** Wind-Dir Force: 22 07
** Air-temp (dry): 7.8
** Weather Sky: 2 7
** Sea Ice: 3 0
# nquan = 20                                
# nvalues = 305                         
# units = specified
# name 0 = scan: Scan Count
# name 1 = prDM: Pressure, Digiquartz [db]
# name 2 = t068C: Temperature [ITS-68, deg C]
# name 3 = t168C: Temperature, 2 [ITS-68, deg C]
# name 4 = c0S/m: Conductivity [S/m]
# name 5 = c1S/m: Conductivity, 2 [S/m]
# name 6 = sbeox0V: Oxygen raw, SBE 43 [V]
# name 7 = altM: Altimeter [m]
# name 8 = flC: Fluorescence, Chelsea Aqua 3 Chl Con [ug/l]
# name 9 = par: PAR/Irradiance, Biospherical/Licor
# name 10 = spar: SPAR/Surface Irradiance
# name 11 = timeS: Time, Elapsed [seconds]
# name 12 = timeJ: Julian Days
# name 13 = sbeox0ML/L: Oxygen, SBE 43 [ml/l], WS = 2
# name 14 = sal00: Salinity, Practical [PSU]
# name 15 = sal11: Salinity, Practical, 2 [PSU]
# name 16 = sigma-t00: Density [sigma-t, Kg/m^3 ]
# name 17 = svCM: Sound Velocity [Chen-Millero, m/s]
# name 18 = avgsvCM: Average Sound Velocity [Chen-Millero, m/s], minP = 1, minS = 5
# name 19 = flag: flag
# span 0 =        444,       7415       
# span 1 =      3.000,    307.000       
# span 2 =     6.6579,    11.7578       
# span 3 =     6.6584,    11.7579       
# span 4 =   3.524189,   3.953245       
# span 5 =   3.526999,   3.956392       
# span 6 =     1.9861,     2.3272       
# span 7 =      12.94,      99.99       
# span 8 =     0.0091,     0.4699       
# span 9 = 5.1203e-02, 1.8438e+00       
# span 10 = 1.9438e+00, 1.9438e+00      
# span 11 =     18.472,    308.919      
# span 12 = 280.160295, 280.163656      
# span 13 =    5.29071,    5.85900      
# span 14 =    33.0680,    35.3190      
# span 15 =    33.0966,    35.3509      
# span 16 =    25.1595,    27.5866      
# span 17 =    1482.52,    1495.78      
# span 18 =    1489.48,    1494.44      
# span 19 = 0.0000e+00, 0.0000e+00      
# interval = decibars: 1                
# start_time = Oct 07 2018 03:50:31 [System UTC, header]
# bad_flag = -9.990e-29
*END*
[from data line 145]
       3765    148.000     9.2005     9.1999   3.767396   3.770342     2.1294      98.74     0.0189 5.1266e-02 1.9438e+00    156.849 280.161896    5.52652    35.2857    35.3171    27.3098    1489.71    1492.00 0.0000e+00
       3786    149.000     9.1976     9.1976   3.767132   3.770136     2.1269      77.29     0.0150 5.1225e-02 1.9438e+00    157.699 280.161906    5.51267    35.2853    35.3167    27.3099    1489.72    1491.98 0.0000e+00
       3808    150.000     9.1934     9.1928   3.766717   3.769657     2.1254      99.02     0.0151 5.1274e-02 1.9438e+00    158.616 280.161917    5.51810    35.2847    35.3160    27.3101    1489.72    1491.97 0.0000e+00
       3829    151.000     9.1763     9.1759   3.764959   3.767868     2.1252      98.74     0.0155 5.1273e-02 1.9438e+00    159.519 280.161927    5.53497    35.2828    35.3136    27.3114    1489.67    1491.95 0.0000e+00
       3849    152.000     9.1483     9.1482   3.762142   3.765125     2.1264      98.74     0.0136 5.1273e-02 1.9438e+00    160.354 280.161937    5.54818    35.2805    35.3118    27.3142    1489.58    1491.94 0.0000e+00
       3870    153.000     9.1427     9.1423   3.761612   3.764561     2.1276      98.74     0.0139 5.1273e-02 1.9438e+00    161.197 280.161947    5.54775    35.2801    35.3113    27.3148    1489.58    1491.92 0.0000e+00
       3893    154.000     9.1368     9.1365   3.761073   3.764048     2.1270      63.62     0.0159 5.1273e-02 1.9438e+00    162.158 280.161958    5.53607    35.2798    35.3112    27.3155    1489.57    1491.91 0.0000e+00
       3919    155.000     9.1320     9.1317   3.760651   3.763630     2.1264      76.48     0.0165 5.1273e-02 1.9438e+00    163.236 280.161970    5.54353    35.2797    35.3111    27.3162    1489.57    1491.89 0.0000e+00
       3944    156.000     9.1294     9.1292   3.760443   3.763430     2.1278      91.91     0.0195 5.1273e-02 1.9438e+00    164.277 280.161982    5.55246    35.2796    35.3110    27.3166    1489.58    1491.88 0.0000e+00
       3965    157.000     9.1257     9.1255   3.760125   3.763098     2.1269      63.73     0.0211 5.1266e-02 1.9438e+00    165.166 280.161993    5.53180    35.2794    35.3107    27.3171    1489.58    1491.86 0.0000e+00
       3984    158.000     9.1197     9.1195   3.759576   3.762550     2.1255      83.92     0.0174 5.1249e-02 1.9438e+00    165.943 280.162002    5.53065    35.2792    35.3105    27.3178    1489.57    1491.85 0.0000e+00
       4002    159.000     9.1173     9.1169   3.759373   3.762341     2.1243      63.52     0.0160 5.1258e-02 1.9438e+00    166.712 280.162011    5.53565    35.2789    35.3104    27.3180    1489.58    1491.83 0.0000e+00
       4021    160.000     9.1097     9.1093   3.758663   3.761602     2.1248      98.64     0.0177 5.1273e-02 1.9438e+00    167.498 280.162020    5.54250    35.2786    35.3097    27.3190    1489.57    1491.82 0.0000e+00
       4041    161.000     9.1034     9.1031   3.758096   3.761044     2.1244      61.69     0.0164 5.1273e-02 1.9438e+00    168.324 280.162029    5.54473    35.2784    35.3095    27.3199    1489.56    1491.81 0.0000e+00
       4062    162.000     9.0976     9.0972   3.757546   3.760499     2.1254      98.81     0.0175 5.1266e-02 1.9438e+00    169.228 280.162040    5.54961    35.2779    35.3092    27.3204    1489.56    1491.79 0.0000e+00
       4086    163.000     9.0923     9.0919   3.757045   3.759997     2.1245      98.74     0.0173 5.1273e-02 1.9438e+00    170.208 280.162051    5.52945    35.2774    35.3087    27.3209    1489.55    1491.78 0.0000e+00
       4109    164.000     9.0835     9.0832   3.756160   3.759129     2.1212      64.65     0.0174 5.1254e-02 1.9438e+00    171.184 280.162062    5.51053    35.2764    35.3078    27.3215    1489.54    1491.76 0.0000e+00
       4132    165.000     9.0772     9.0767   3.755552   3.758471     2.1188      77.56     0.0184 5.1273e-02 1.9438e+00    172.116 280.162073    5.51409    35.2758    35.3069    27.3221    1489.53    1491.75 0.0000e+00
       4153    166.000     9.0608     9.0599   3.753902   3.756752     2.1177      76.55     0.0196 5.1266e-02 1.9438e+00    172.992 280.162083    5.52707    35.2743    35.3050    27.3236    1489.48    1491.74 0.0000e+00
       4173    167.000     9.0460     9.0455   3.752428   3.755363     2.1179      88.50     0.0172 5.1273e-02 1.9438e+00    173.836 280.162093    5.52350    35.2730    35.3043    27.3250    1489.44    1491.72 0.0000e+00
       4194    168.000     9.0438     9.0435   3.752302   3.755276     2.1163      65.11     0.0164 5.1273e-02 1.9438e+00    174.694 280.162103    5.52862    35.2734    35.3049    27.3256    1489.45    1491.71 0.0000e+00
       4215    169.000     9.0358     9.0355   3.751566   3.754519     2.1179      98.26     0.0162 5.1273e-02 1.9438e+00    175.592 280.162113    5.54604    35.2731    35.3044    27.3267    1489.44    1491.70 0.0000e+00
       4238    170.000     9.0248     9.0237   3.750431   3.753267     2.1188      98.73     0.0146 5.1273e-02 1.9438e+00    176.525 280.162124    5.54959    35.2717    35.3025    27.3273    1489.41    1491.68 0.0000e+00
       4260    171.000     9.0050     9.0043   3.748386   3.751299     2.1202      98.63     0.0166 5.1266e-02 1.9438e+00    177.452 280.162135    5.56119    35.2694    35.3006    27.3287    1489.35    1491.67 0.0000e+00
       4280    172.000     9.0003     9.0003   3.747934   3.750910     2.1215      98.33     0.0180 5.1265e-02 1.9438e+00    178.304 280.162145    5.56675    35.2688    35.3000    27.3291    1489.35    1491.66 0.0000e+00
       4299    173.000     8.9938     8.9936   3.747312   3.750262     2.1227      98.12     0.0173 5.1273e-02 1.9438e+00    179.091 280.162154    5.57469    35.2683    35.2994    27.3297    1489.34    1491.64 0.0000e+00
       4318    174.000     8.9883     8.9882   3.746764   3.749743     2.1243      98.33     0.0164 5.1258e-02 1.9438e+00    179.871 280.162163    5.58767    35.2675    35.2988    27.3300    1489.34    1491.63 0.0000e+00
       4337    175.000     8.9826     8.9817   3.746220   3.749101     2.1268      98.37     0.0154 5.1273e-02 1.9438e+00    180.686 280.162172    5.59877    35.2669    35.2981    27.3305    1489.33    1491.62 0.0000e+00
       4359    176.000     8.9786     8.9781   3.745867   3.748806     2.1288      98.53     0.0155 5.1273e-02 1.9438e+00    181.579 280.162183    5.59611    35.2667    35.2981    27.3309    1489.34    1491.60 0.0000e+00
       4382    177.000     8.9757     8.9752   3.745592   3.748540     2.1293      64.85     0.0145 5.1273e-02 1.9438e+00    182.548 280.162194    5.59770    35.2662    35.2977    27.3310    1489.34    1491.59 0.0000e+00
       4405    178.000     8.9649     8.9641   3.744514   3.747400     2.1306      99.01     0.0126 5.1279e-02 1.9438e+00    183.508 280.162205    5.59907    35.2652    35.2963    27.3319    1489.32    1491.58 0.0000e+00
       4427    179.000     8.9551     8.9544   3.743535   3.746418     2.1304      98.73     0.0135 5.1273e-02 1.9438e+00    184.406 280.162215    5.59022    35.2641    35.2951    27.3327    1489.30    1491.57 0.0000e+00
       4448    180.000     8.9267     8.9263   3.740635   3.743541     2.1295      98.74     0.0114 5.1266e-02 1.9438e+00    185.284 280.162226    5.59420    35.2613    35.2923    27.3351    1489.20    1491.55 0.0000e+00
       4471    181.000     8.9196     8.9193   3.739960   3.742892     2.1294      74.51     0.0146 5.1273e-02 1.9438e+00    186.230 280.162237    5.59997    35.2608    35.2919    27.3358    1489.19    1491.54 0.0000e+00
       4494    182.000     8.9151     8.9146   3.739544   3.742461     2.1297      87.68     0.0134 5.1273e-02 1.9438e+00    187.225 280.162248    5.60506    35.2604    35.2916    27.3362    1489.19    1491.53 0.0000e+00
       4517    183.000     8.9095     8.9092   3.739008   3.741955     2.1303      98.80     0.0137 5.1273e-02 1.9438e+00    188.152 280.162259    5.61042    35.2599    35.2912    27.3367    1489.19    1491.51 0.0000e+00
       4536    184.000     8.9040     8.9039   3.738482   3.741428     2.1307      98.73     0.0157 5.1273e-02 1.9438e+00    188.973 280.162268    5.60968    35.2593    35.2904    27.3372    1489.18    1491.50 0.0000e+00
       4554    185.000     8.8965     8.8958   3.737782   3.740685     2.1307      98.71     0.0181 5.1273e-02 1.9438e+00    189.719 280.162277    5.60974    35.2589    35.2902    27.3380    1489.17    1491.49 0.0000e+00
       4571    186.000     8.8956     8.8952   3.737719   3.740667     2.1307      98.69     0.0188 5.1273e-02 1.9438e+00    190.428 280.162285    5.61099    35.2587    35.2901    27.3380    1489.19    1491.48 0.0000e+00
       4589    187.000     8.8932     8.8928   3.737510   3.740447     2.1308      97.87     0.0173 5.1273e-02 1.9438e+00    191.156 280.162294    5.61629    35.2584    35.2897    27.3382    1489.19    1491.46 0.0000e+00
       4609    188.000     8.8834     8.8829   3.736544   3.739460     2.1316      94.14     0.0159 5.1260e-02 1.9438e+00    191.986 280.162303    5.62349    35.2575    35.2887    27.3390    1489.17    1491.45 0.0000e+00
       4632    189.000     8.8699     8.8691   3.735187   3.738057     2.1322      98.49     0.0174 5.1267e-02 1.9438e+00    192.966 280.162314    5.62544    35.2561    35.2871    27.3401    1489.14    1491.44 0.0000e+00
       4659    190.000     8.8509     8.8503   3.733291   3.736201     2.1318      76.46     0.0138 5.1273e-02 1.9438e+00    194.064 280.162327    5.61708    35.2546    35.2858    27.3419    1489.08    1491.43 0.0000e+00
       4685    191.000     8.8453     8.8449   3.732755   3.735681     2.1318      94.68     0.0134 5.1267e-02 1.9438e+00    195.185 280.162340    5.62861    35.2540    35.2852    27.3424    1489.08    1491.41 0.0000e+00
       4710    192.000     8.8396     8.8388   3.732213   3.735119     2.1320      98.25     0.0111 5.1267e-02 1.9438e+00    196.224 280.162352    5.62653    35.2535    35.2849    27.3429    1489.07    1491.40 0.0000e+00
       4732    193.000     8.8339     8.8333   3.731675   3.734561     2.1318      97.94     0.0133 5.1273e-02 1.9438e+00    197.126 280.162363    5.62571    35.2530    35.2840    27.3434    1489.07    1491.39 0.0000e+00
       4752    194.000     8.8229     8.8225   3.730616   3.733534     2.1315      90.52     0.0124 5.1266e-02 1.9438e+00    197.938 280.162372    5.61676    35.2523    35.2834    27.3446    1489.04    1491.38 0.0000e+00
       4770    195.000     8.8144     8.8141   3.729815   3.732727     2.1295      53.92     0.0130 5.1273e-02 1.9438e+00    198.719 280.162381    5.61400    35.2518    35.2828    27.3456    1489.03    1491.37 0.0000e+00
       4789    196.000     8.7988     8.7982   3.728229   3.731099     2.1295      97.72     0.0142 5.1273e-02 1.9438e+00    199.483 280.162390    5.61759    35.2501    35.2810    27.3468    1488.98    1491.35 0.0000e+00
       4808    197.000     8.7785     8.7780   3.726184   3.729073     2.1277      73.09     0.0132 5.1265e-02 1.9438e+00    200.275 280.162399    5.61227    35.2483    35.2792    27.3485    1488.92    1491.34 0.0000e+00
       4826    198.000     8.7642     8.7635   3.724731   3.727573     2.1274      92.41     0.0172 5.1273e-02 1.9438e+00    201.052 280.162408    5.62177    35.2467    35.2774    27.3496    1488.88    1491.33 0.0000e+00
       4846    199.000     8.7524     8.7514   3.723562   3.726402     2.1270      90.87     0.0158 5.1259e-02 1.9438e+00    201.874 280.162418    5.63052    35.2456    35.2766    27.3506    1488.85    1491.32 0.0000e+00
       4868    200.000     8.7451     8.7446   3.722841   3.725746     2.1284      96.52     0.0146 5.1273e-02 1.9438e+00    202.785 280.162428    5.64871    35.2448    35.2759    27.3511    1488.84    1491.30 0.0000e+00
       4894    201.000     8.7334     8.7328   3.721676   3.724555     2.1304      81.94     0.0143 5.1258e-02 1.9438e+00    203.871 280.162441    5.65386    35.2437    35.2746    27.3521    1488.81    1491.29 0.0000e+00
       4924    202.000     8.7293     8.7289   3.721291   3.724211     2.1312      67.54     0.0160 5.1268e-02 1.9438e+00    205.124 280.162455    5.64504    35.2432    35.2744    27.3524    1488.82    1491.28 0.0000e+00
       4957    203.000     8.7225     8.7219   3.720654   3.723554     2.1308      72.95     0.0188 5.1263e-02 1.9438e+00    206.481 280.162471    5.65637    35.2427    35.2740    27.3531    1488.81    1491.27 0.0000e+00
       4982    204.000     8.7160     8.7157   3.720051   3.722972     2.1331      98.80     0.0192 5.1273e-02 1.9438e+00    207.525 280.162483    5.66579    35.2424    35.2735    27.3538    1488.80    1491.25 0.0000e+00
       5000    205.000     8.7079     8.7079   3.719277   3.722208     2.1331      98.23     0.0169 5.1273e-02 1.9438e+00    208.294 280.162492    5.65090    35.2418    35.2727    27.3547    1488.78    1491.24 0.0000e+00
       5016    206.000     8.6906     8.6902   3.717523   3.720385     2.1319      98.22     0.0160 5.1283e-02 1.9438e+00    208.957 280.162500    5.64139    35.2400    35.2706    27.3560    1488.73    1491.23 0.0000e+00
       5032    207.000     8.6807     8.6805   3.716515   3.719433     2.1303      98.25     0.0139 5.1282e-02 1.9438e+00    209.636 280.162507    5.63362    35.2387    35.2697    27.3565    1488.71    1491.22 0.0000e+00
       5050    208.000     8.6696     8.6692   3.715339   3.718225     2.1284      52.96     0.0091 5.1280e-02 1.9438e+00    210.394 280.162516    5.63747    35.2368    35.2677    27.3568    1488.69    1491.21 0.0000e+00
       5073    209.000     8.6624     8.6619   3.714615   3.717512     2.1283      89.25     0.0162 5.1273e-02 1.9438e+00    211.317 280.162527    5.64259    35.2359    35.2670    27.3572    1488.67    1491.19 0.0000e+00
       5102    210.000     8.6564     8.6563   3.714006   3.716950     2.1262      83.78     0.0166 5.1248e-02 1.9438e+00    212.548 280.162541    5.63709    35.2349    35.2662    27.3574    1488.67    1491.18 0.0000e+00
       5135    211.000     8.6394     8.6388   3.712218   3.715069     2.1261      98.96     0.0155 5.1274e-02 1.9438e+00    213.901 280.162557    5.65533    35.2325    35.2632    27.3582    1488.62    1491.17 0.0000e+00
       5157    212.000     8.6281     8.6269   3.711036   3.713838     2.1278      98.45     0.0138 5.1273e-02 1.9438e+00    214.851 280.162568    5.66775    35.2307    35.2616    27.3586    1488.59    1491.16 0.0000e+00
       5176    213.000     8.6186     8.6181   3.710032   3.712909     2.1283      98.46     0.0135 5.1273e-02 1.9438e+00    215.620 280.162577    5.65632    35.2291    35.2600    27.3588    1488.57    1491.15 0.0000e+00
       5195    214.000     8.6019     8.6019   3.708291   3.711198     2.1270      40.96     0.0165 5.1296e-02 1.9438e+00    216.407 280.162586    5.65017    35.2268    35.2576    27.3596    1488.52    1491.13 0.0000e+00
       5216    215.000     8.5929     8.5940   3.707317   3.710373     2.1270      86.35     0.0186 5.1273e-02 1.9438e+00    217.277 280.162596    5.65709    35.2250    35.2562    27.3596    1488.50    1491.12 0.0000e+00
       5240    216.000     8.5626     8.5630   3.704140   3.707091     2.1256      77.14     0.0193 5.1257e-02 1.9438e+00    218.304 280.162608    5.65046    35.2210    35.2519    27.3613    1488.40    1491.11 0.0000e+00
       5265    217.000     8.5535     8.5522   3.703189   3.705985     2.1252      98.25     0.0177 5.1260e-02 1.9438e+00    219.313 280.162619    5.65180    35.2195    35.2505    27.3615    1488.38    1491.10 0.0000e+00
       5286    218.000     8.5434     8.5432   3.702131   3.705040     2.1233      98.07     0.0182 5.1273e-02 1.9438e+00    220.213 280.162630    5.64266    35.2179    35.2489    27.3618    1488.36    1491.08 0.0000e+00
       5306    219.000     8.5176     8.5166   3.699421   3.702170     2.1224      97.74     0.0199 5.1266e-02 1.9438e+00    221.024 280.162639    5.65357    35.2144    35.2446    27.3631    1488.27    1491.07 0.0000e+00
