_data/ctd/2018/sta0383_2018.cnv
* Sea-Bird SBE 9 Data File:
* FileName = C:\Seabird\CTDData\sta0383.hex
* Software Version Seasave V 7.21f
* Temperature SN = 4557
* Conductivity SN = 1337
* Number of Bytes Per Scan = 40
* Number of Voltage Words = 5
* Number of Scans Averaged by the Deck Unit = 1
* NMEA Latitude = 60 45.02 N
* NMEA Longitude = 004 36.86 E
* NMEA UTC (Time) = Oct 06 2018 23:38:41
* NMEA baud rate = 4800
** Ship: 10 F/F "G. O. Sars"
** Station: 0383
** Echodepth: 174
** Log: 4487.64
** Wind-Dir Force: 00 00
** Air-temp (dry): 0.0
** Weather Sky: 0 0
** Sea Ice: 0 0
# nquan = 20                                
# nvalues = 165                         
# units = specified
# name 0 = scan: Scan Count
# name 1 = prDM: Pressure, Digiquartz [db]
# name 2 = t068C: Temperature [ITS-68, deg C]
# name 3 = t168C: Temperature, 2 [ITS-68, deg C]
# name 4 = c0S/m: Conductivity [S/m]
# name 5 = c1S/m: Conductivity, 2 [S/m]
# name 6 = sbeox0V: Oxygen raw, SBE 43 [V]
# name 7 = altM: Altimeter [m]
# name 8 = flC: Fluorescence, Chelsea Aqua 3 Chl Con [ug/l]
# name 9 = par: PAR/Irradiance, Biospherical/Licor
# name 10 = spar: SPAR/Surface Irradiance
# name 11 = timeS: Time, Elapsed [seconds]
# name 12 = timeJ: Julian Days
# name 13 = sbeox0ML/L: Oxygen, SBE 43 [ml/l], WS = 2
# name 14 = sal00: Salinity, Practical [PSU]
# name 15 = sal11: Salinity, Practical, 2 [PSU]
# name 16 = sigma-t00: Density [sigma-t, Kg/m^3 ]
# name 17 = svCM: Sound Velocity [Chen-Millero, m/s]
# name 18 = avgsvCM: Average Sound Velocity [Chen-Millero, m/s], minP = 1, minS = 5
# name 19 = flag: flag
# span 0 =         38,       6335       
# span 1 =      2.000,    166.000       
# span 2 =     7.1895,    12.6431       
# span 3 =     7.1746,    12.6445       
# span 4 =   3.553132,   3.860368       
# span 5 =   3.554185,   3.863020       
# span 6 =     2.0244,     2.3360       
# span 7 =      12.08,     121.03       
# span 8 =     0.0238,     0.3579       
# span 9 = 5.1210e-02, 2.1827e+00       
# span 10 = 1.9438e+00, 1.9438e+00      
# span 11 =      1.551,    263.926      
# span 12 = 279.985214, 279.988251      
# span 13 =    5.02952,    5.82569      
# span 14 =    30.7983,    34.9973      
# span 15 =    30.8946,    35.0240      
# span 16 =    23.2915,    27.3904      
# span 17 =    1481.96,    1496.77      
# span 18 =    1488.96,    1495.64      
# span 19 = 0.0000e+00, 0.0000e+00      
# interval = decibars: 1                
# start_time = Oct 06 2018 23:38:41 [System UTC, header]
# bad_flag = -9.990e-29
*END*
[from data line 145]
       5408    147.000     7.2522     7.2526   3.557493   3.559910     2.0443      31.88     0.0290 5.1268e-02 1.9438e+00    225.306 279.987804    5.49858    34.9911    35.0171    27.3766    1482.03    1489.86 0.0000e+00
       5449    148.000     7.2444     7.2442   3.556900   3.559286     2.0432      30.63     0.0266 5.1273e-02 1.9438e+00    226.996 279.987824    5.50164    34.9920    35.0183    27.3784    1482.01    1489.81 0.0000e+00
       5519    149.000     7.2429     7.2437   3.556816   3.559283     2.0440      29.28     0.0281 5.1270e-02 1.9438e+00    229.923 279.987858    5.52114    34.9921    35.0183    27.3787    1482.02    1489.75 0.0000e+00
       5552    150.000     7.2343     7.2364   3.556177   3.558716     2.0452      28.65     0.0260 5.1273e-02 1.9438e+00    231.282 279.987874    5.51935    34.9933    35.0190    27.3808    1482.01    1489.70 0.0000e+00
       5578    151.000     7.2296     7.2303   3.555815   3.558253     2.0453      27.80     0.0250 5.1273e-02 1.9438e+00    232.394 279.987886    5.51664    34.9936    35.0196    27.3817    1482.01    1489.65 0.0000e+00
       5605    152.000     7.2222     7.2231   3.555244   3.557692     2.0451      26.78     0.0261 5.1268e-02 1.9438e+00    233.503 279.987899    5.51861    34.9943    35.0202    27.3834    1482.00    1489.60 0.0000e+00
       5634    153.000     7.2212     7.2212   3.555206   3.557576     2.0453      25.71     0.0239 5.1278e-02 1.9438e+00    234.705 279.987913    5.51674    34.9944    35.0204    27.3836    1482.01    1489.55 0.0000e+00
       5664    154.000     7.2200     7.2225   3.555150   3.557716     2.0437      24.51     0.0248 5.1278e-02 1.9438e+00    235.966 279.987928    5.50078    34.9945    35.0201    27.3838    1482.02    1489.50 0.0000e+00
       5695    155.000     7.2150     7.2144   3.554768   3.557118     2.0420      23.33     0.0238 5.1264e-02 1.9438e+00    237.255 279.987943    5.50282    34.9949    35.0213    27.3849    1482.02    1489.45 0.0000e+00
       5730    156.000     7.2200     7.2232   3.555234   3.557897     2.0419      21.92     0.0242 5.1279e-02 1.9438e+00    238.723 279.987960    5.51383    34.9945    35.0204    27.3838    1482.05    1489.41 0.0000e+00
       5786    157.000     7.2069     7.2083   3.554190   3.556695     2.0417      21.17     0.0248 5.1277e-02 1.9438e+00    241.059 279.987987    5.50558    34.9958    35.0218    27.3867    1482.02    1489.36 0.0000e+00
       5837    158.000     7.2060     7.2065   3.554167   3.556590     2.0412      20.31     0.0270 5.1277e-02 1.9438e+00    243.156 279.988011    5.51879    34.9960    35.0220    27.3869    1482.03    1489.31 0.0000e+00
       5865    159.000     7.2089     7.2112   3.554477   3.557048     2.0424      19.33     0.0311 5.1273e-02 1.9438e+00    244.346 279.988025    5.52212    34.9959    35.0218    27.3865    1482.06    1489.27 0.0000e+00
       5889    160.000     7.2152     7.2185   3.555067   3.557686     2.0426      17.90     0.0305 5.1280e-02 1.9438e+00    245.314 279.988036    5.51216    34.9955    35.0209    27.3853    1482.10    1489.22 0.0000e+00
       5912    161.000     7.2180     7.2199   3.555292   3.557849     2.0418      17.51     0.0313 5.1279e-02 1.9438e+00    246.285 279.988047    5.50401    34.9946    35.0207    27.3842    1482.13    1489.18 0.0000e+00
       5946    162.000     7.2111     7.2136   3.554746   3.557333     2.0406      16.25     0.0289 5.1285e-02 1.9438e+00    247.689 279.988064    5.50550    34.9951    35.0210    27.3856    1482.12    1489.13 0.0000e+00
       6002    163.000     7.2015     7.2008   3.553981   3.556307     2.0390      15.07     0.0307 5.1278e-02 1.9438e+00    250.039 279.988091    5.49848    34.9960    35.0222    27.3876    1482.10    1489.09 0.0000e+00
       6036    164.000     7.1978     7.1997   3.553719   3.556243     2.0381      14.35     0.0292 5.1289e-02 1.9438e+00    251.442 279.988107    5.50471    34.9964    35.0221    27.3884    1482.10    1489.05 0.0000e+00
       6061    165.000     7.1976     7.1980   3.553757   3.556172     2.0382      13.63     0.0299 5.1290e-02 1.9438e+00    252.491 279.988119    5.50673    34.9965    35.0225    27.3886    1482.12    1489.01 0.0000e+00
       6335    166.000     7.1895     7.1746   3.553132   3.554185     2.0396      12.08     0.0288 5.1263e-02 1.9438e+00    263.926 279.988251    5.51552    34.9973    35.0240    27.3904    1482.10    1488.96 0.0000e+00
