_data/ctd/2018/sta0398_2018.cnv
* Sea-Bird SBE 9 Data File:
* FileName = C:\Seabird\CTDData\sta0398.hex
* Software Version Seasave V 7.21f
* Temperature SN = 4557
* Conductivity SN = 1337
* Number of Bytes Per Scan = 40
* Number of Voltage Words = 5
* Number of Scans Averaged by the Deck Unit = 1
* NMEA Latitude = 60 45.00 N
* NMEA Longitude = 000 39.97 W
* NMEA UTC (Time) = Oct 09 2018 08:07:03
* NMEA baud rate = 4800
** Ship: 10 F/F "G. O. Sars"
** Station: 0398
** Echodepth: 101
** Log: 4782.22
** Wind-Dir Force: 20 03
** Air-temp (dry): 9.9
** Weather Sky: 8 8
** Sea Ice: 3 0
# nquan = 20                                
# nvalues = 85                          
# units = specified
# name 0 = scan: Scan Count
# name 1 = prDM: Pressure, Digiquartz [db]
# name 2 = t068C: Temperature [ITS-68, deg C]
# name 3 = t168C: Temperature, 2 [ITS-68, deg C]
# name 4 = c0S/m: Conductivity [S/m]
# name 5 = c1S/m: Conductivity, 2 [S/m]
# name 6 = sbeox0V: Oxygen raw, SBE 43 [V]
# name 7 = altM: Altimeter [m]
# name 8 = flC: Fluorescence, Chelsea Aqua 3 Chl Con [ug/l]
# name 9 = par: PAR/Irradiance, Biospherical/Licor
# name 10 = spar: SPAR/Surface Irradiance
# name 11 = timeS: Time, Elapsed [seconds]
# name 12 = timeJ: Julian Days
# name 13 = sbeox0ML/L: Oxygen, SBE 43 [ml/l], WS = 2
# name 14 = sal00: Salinity, Practical [PSU]
# name 15 = sal11: Salinity, Practical, 2 [PSU]
# name 16 = sigma-t00: Density [sigma-t, Kg/m^3 ]
# name 17 = svCM: Sound Velocity [Chen-Millero, m/s]
# name 18 = avgsvCM: Average Sound Velocity [Chen-Millero, m/s], minP = 1, minS = 5
# name 19 = flag: flag
# span 0 =        212,       2222       
# span 1 =      6.000,     90.000       
# span 2 =    11.1205,    11.1458       
# span 3 =    11.1207,    11.1463       
# span 4 =   3.933635,   3.940862       
# span 5 =   3.935721,   3.942913       
# span 6 =     2.2549,     2.2778       
# span 7 =      12.55,      95.07       
# span 8 =     0.1693,     0.2995       
# span 9 = 5.1273e-02, 1.0968e+01       
# span 10 = 3.8957e+01, 4.4733e+01      
# span 11 =      8.791,     92.541      
# span 12 = 282.338331, 282.339300      
# span 13 =    5.65111,    5.69519      
# span 14 =    35.1802,    35.1904      
# span 15 =    35.2009,    35.2103      
# span 16 =    26.8945,    26.8986      
# span 17 =    1494.10,    1495.59      
# span 18 =    1494.10,    1494.82      
# span 19 = 0.0000e+00, 0.0000e+00      
# interval = decibars: 1                
# start_time = Oct 09 2018 08:07:03 [System UTC, header]
# bad_flag = -9.990e-29
*END*
        212      6.000    11.1205    11.1207   3.933635   3.935721     2.2767      95.07     0.1928 1.0968e+01 4.4707e+01      8.791 282.338331    5.67586    35.1802    35.2009    26.8945    1494.10    1494.10 0.0000e+00
        334      7.000    11.1205    11.1215   3.933713   3.935875     2.2751      39.70     0.1970 9.4608e+00 4.4707e+01     13.859 282.338390    5.67028    35.1806    35.2012    26.8947    1494.12    1494.10 0.0000e+00
        354      8.000    11.1242    11.1243   3.934307   3.936350     2.2753      90.51     0.1911 8.3357e+00 4.4707e+01     14.704 282.338399    5.68693    35.1825    35.2028    26.8955    1494.15    1494.11 0.0000e+00
        377      9.000    11.1285    11.1299   3.935010   3.937207     2.2764      92.71     0.1903 7.3715e+00 4.4707e+01     15.678 282.338411    5.69519    35.1849    35.2055    26.8967    1494.18    1494.12 0.0000e+00
        400     10.000    11.1279    11.1308   3.934976   3.937401     2.2778      91.93     0.1889 6.7589e+00 4.1508e+01     16.633 282.338422    5.69192    35.1847    35.2061    26.8966    1494.20    1494.12 0.0000e+00
        422     11.000    11.1307    11.1307   3.935413   3.937429     2.2769      91.10     0.1845 6.2499e+00 4.4725e+01     17.547 282.338432    5.68191    35.1859    35.2061    26.8970    1494.23    1494.13 0.0000e+00
        444     12.000    11.1321    11.1326   3.935660   3.937758     2.2765      90.24     0.1883 5.6224e+00 4.4707e+01     18.438 282.338443    5.69071    35.1866    35.2071    26.8973    1494.25    1494.14 0.0000e+00
        465     13.000    11.1328    11.1335   3.935831   3.937945     2.2776      89.10     0.1852 4.9645e+00 4.4707e+01     19.317 282.338453    5.69415    35.1872    35.2076    26.8976    1494.27    1494.15 0.0000e+00
        486     14.000    11.1328    11.1334   3.935877   3.937971     2.2773      88.00     0.1813 4.4319e+00 4.4707e+01     20.199 282.338463    5.68677    35.1872    35.2075    26.8976    1494.28    1494.16 0.0000e+00
        508     15.000    11.1331    11.1338   3.935977   3.938078     2.2764      87.04     0.1818 4.0789e+00 4.4707e+01     21.119 282.338474    5.68167    35.1875    35.2078    26.8978    1494.30    1494.17 0.0000e+00
        531     16.000    11.1331    11.1337   3.935999   3.938084     2.2752      85.96     0.1802 3.7722e+00 4.4707e+01     22.090 282.338485    5.67303    35.1872    35.2075    26.8976    1494.32    1494.18 0.0000e+00
        556     17.000    11.1330    11.1336   3.936009   3.938105     2.2728      84.77     0.1787 3.5096e+00 4.4707e+01     23.108 282.338497    5.67086    35.1870    35.2073    26.8974    1494.33    1494.19 0.0000e+00
        579     18.000    11.1331    11.1338   3.936061   3.938182     2.2730      83.60     0.1776 3.2096e+00 4.4707e+01     24.104 282.338508    5.68544    35.1869    35.2074    26.8974    1494.35    1494.20 0.0000e+00
        601     19.000    11.1339    11.1345   3.936276   3.938347     2.2737      82.66     0.1811 2.9272e+00 4.4707e+01     24.995 282.338518    5.67761    35.1879    35.2080    26.8980    1494.37    1494.21 0.0000e+00
        621     20.000    11.1346    11.1353   3.936442   3.938538     2.2719      81.78     0.1780 2.6762e+00 4.4705e+01     25.838 282.338528    5.66514    35.1884    35.2086    26.8982    1494.39    1494.22 0.0000e+00
        641     21.000    11.1341    11.1347   3.936349   3.938432     2.2706      80.67     0.1777 2.4231e+00 3.8957e+01     26.676 282.338538    5.66429    35.1875    35.2077    26.8976    1494.40    1494.23 0.0000e+00
        661     22.000    11.1342    11.1348   3.936399   3.938496     2.2694      79.71     0.1760 2.2052e+00 4.4679e+01     27.517 282.338548    5.66264    35.1874    35.2078    26.8976    1494.42    1494.23 0.0000e+00
        682     23.000    11.1342    11.1347   3.936439   3.938517     2.2684      78.78     0.1779 2.0322e+00 4.4707e+01     28.388 282.338558    5.65798    35.1874    35.2076    26.8975    1494.44    1494.24 0.0000e+00
        704     24.000    11.1347    11.1353   3.936587   3.938647     2.2665      77.93     0.1800 1.8836e+00 4.4707e+01     29.296 282.338568    5.65955    35.1879    35.2079    26.8979    1494.46    1494.25 0.0000e+00
        727     25.000    11.1349    11.1356   3.936612   3.938701     2.2679      77.33     0.1784 1.7564e+00 4.4707e+01     30.250 282.338579    5.68205    35.1875    35.2077    26.8975    1494.47    1494.26 0.0000e+00
        750     26.000    11.1352    11.1358   3.936734   3.938793     2.2698      76.43     0.1776 1.6481e+00 4.4707e+01     31.227 282.338591    5.68660    35.1880    35.2080    26.8978    1494.49    1494.27 0.0000e+00
        774     27.000    11.1354    11.1361   3.936822   3.938888     2.2715      75.20     0.1765 1.5385e+00 4.4707e+01     32.196 282.338602    5.69098    35.1883    35.2082    26.8980    1494.51    1494.28 0.0000e+00
        796     28.000    11.1357    11.1363   3.936886   3.938962     2.2724      73.92     0.2634 1.4227e+00 4.4707e+01     33.144 282.338613    5.68893    35.1882    35.2083    26.8979    1494.53    1494.29 0.0000e+00
        819     29.000    11.1358    11.1365   3.936977   3.939058     2.2728      73.34     0.2995 1.3015e+00 4.4707e+01     34.078 282.338624    5.68696    35.1885    35.2086    26.8981    1494.54    1494.30 0.0000e+00
        841     30.000    11.1361    11.1368   3.937076   3.939162     2.2725      72.39     0.2299 1.1923e+00 4.4707e+01     35.004 282.338634    5.68569    35.1888    35.2089    26.8983    1494.56    1494.31 0.0000e+00
        863     31.000    11.1361    11.1368   3.937080   3.939181     2.2724      71.26     0.1971 1.0963e+00 4.3994e+01     35.936 282.338645    5.68355    35.1883    35.2086    26.8979    1494.58    1494.31 0.0000e+00
        885     32.000    11.1364    11.1370   3.937205   3.939264     2.2716      70.34     0.1820 1.0192e+00 4.0359e+01     36.850 282.338656    5.68088    35.1889    35.2088    26.8983    1494.59    1494.32 0.0000e+00
        907     33.000    11.1366    11.1372   3.937289   3.939336     2.2714      69.48     0.1760 9.5025e-01 4.4707e+01     37.750 282.338666    5.68274    35.1890    35.2089    26.8984    1494.61    1494.33 0.0000e+00
        928     34.000    11.1369    11.1374   3.937365   3.939419     2.2709      68.40     0.1920 8.9051e-01 4.4707e+01     38.615 282.338676    5.67435    35.1891    35.2091    26.8983    1494.63    1494.34 0.0000e+00
        948     35.000    11.1366    11.1372   3.937359   3.939315     2.2690      67.34     0.1981 8.3281e-01 4.4707e+01     39.455 282.338686    5.67014    35.1888    35.2078    26.8982    1494.64    1494.35 0.0000e+00
        969     36.000    11.1369    11.1374   3.937440   3.939507     2.2687      66.57     0.1848 7.7224e-01 4.4707e+01     40.321 282.338696    5.67970    35.1889    35.2090    26.8982    1494.66    1494.36 0.0000e+00
        991     37.000    11.1377    11.1384   3.937615   3.939700     2.2693      65.48     0.1772 7.1632e-01 4.4707e+01     41.230 282.338706    5.68187    35.1894    35.2096    26.8985    1494.68    1494.37 0.0000e+00
       1014     38.000    11.1383    11.1390   3.937749   3.939826     2.2687      64.37     0.1762 6.5926e-01 4.4707e+01     42.197 282.338718    5.67551    35.1897    35.2098    26.8986    1494.70    1494.38 0.0000e+00
       1038     39.000    11.1387    11.1393   3.937841   3.939910     2.2684      63.47     0.1762 6.0773e-01 4.4707e+01     43.222 282.338729    5.67567    35.1898    35.2099    26.8986    1494.72    1494.38 0.0000e+00
       1063     40.000    11.1388    11.1395   3.937899   3.939978     2.2673      62.44     0.1799 5.7159e-01 4.4707e+01     44.249 282.338741    5.66903    35.1899    35.2099    26.8986    1494.74    1494.39 0.0000e+00
       1086     41.000    11.1390    11.1396   3.937970   3.940049     2.2663      61.39     0.1761 5.3722e-01 4.4707e+01     45.196 282.338752    5.67204    35.1899    35.2101    26.8986    1494.75    1494.40 0.0000e+00
       1106     42.000    11.1392    11.1397   3.938035   3.940096     2.2668      60.57     0.1739 5.0067e-01 4.4707e+01     46.058 282.338762    5.68664    35.1899    35.2100    26.8986    1494.77    1494.41 0.0000e+00
       1126     43.000    11.1393    11.1398   3.938089   3.940138     2.2686      59.75     0.1756 4.6629e-01 4.4683e+01     46.871 282.338772    5.68831    35.1899    35.2099    26.8986    1494.79    1494.42 0.0000e+00
       1145     44.000    11.1395    11.1401   3.938157   3.940234     2.2682      58.64     0.1751 4.3620e-01 4.0240e+01     47.667 282.338781    5.67359    35.1900    35.2101    26.8986    1494.80    1494.43 0.0000e+00
       1165     45.000    11.1398    11.1404   3.938246   3.940326     2.2666      57.59     0.1764 4.0624e-01 4.4643e+01     48.509 282.338791    5.66793    35.1901    35.2103    26.8986    1494.82    1494.44 0.0000e+00
       1187     46.000    11.1398    11.1404   3.938285   3.940356     2.2659      56.70     0.1761 3.7795e-01 4.4707e+01     49.435 282.338801    5.67627    35.1900    35.2101    26.8986    1494.84    1494.45 0.0000e+00
       1212     47.000    11.1398    11.1406   3.938331   3.940420     2.2663      55.52     0.1788 3.4405e-01 4.4707e+01     50.462 282.338813    5.67987    35.1900    35.2101    26.8986    1494.86    1494.45 0.0000e+00
       1238     48.000    11.1400    11.1407   3.938398   3.940470     2.2668      54.42     0.1774 3.1885e-01 4.4707e+01     51.539 282.338826    5.68484    35.1901    35.2101    26.8986    1494.87    1494.46 0.0000e+00
       1261     49.000    11.1402    11.1408   3.938466   3.940535     2.2671      53.56     0.1738 3.0127e-01 4.4707e+01     52.496 282.338837    5.67419    35.1901    35.2102    26.8985    1494.89    1494.47 0.0000e+00
       1281     50.000    11.1402    11.1409   3.938507   3.940587     2.2650      52.63     0.1711 2.8556e-01 4.4707e+01     53.339 282.338846    5.65712    35.1901    35.2101    26.8985    1494.91    1494.48 0.0000e+00
       1301     51.000    11.1403    11.1409   3.938561   3.940629     2.2627      51.62     0.1722 2.6836e-01 4.4707e+01     54.151 282.338856    5.65532    35.1900    35.2101    26.8985    1494.92    1494.49 0.0000e+00
       1321     52.000    11.1403    11.1410   3.938598   3.940667     2.2615      50.60     0.1705 2.4955e-01 4.4707e+01     54.990 282.338866    5.66546    35.1900    35.2099    26.8984    1494.94    1494.50 0.0000e+00
       1342     53.000    11.1402    11.1409   3.938626   3.940693     2.2625      49.69     0.1721 2.3364e-01 4.4707e+01     55.878 282.338876    5.67297    35.1899    35.2098    26.8984    1494.96    1494.51 0.0000e+00
       1365     54.000    11.1402    11.1409   3.938674   3.940741     2.2621      48.50     0.1725 2.1504e-01 4.0628e+01     56.839 282.338887    5.66785    35.1899    35.2099    26.8984    1494.97    1494.51 0.0000e+00
       1389     55.000    11.1404    11.1411   3.938751   3.940811     2.2629      47.51     0.1722 1.9925e-01 4.4584e+01     57.845 282.338899    5.68848    35.1900    35.2099    26.8985    1494.99    1494.52 0.0000e+00
       1413     56.000    11.1405    11.1412   3.938815   3.940869     2.2659      46.69     0.1693 1.8412e-01 4.4708e+01     58.821 282.338910    5.69404    35.1901    35.2099    26.8985    1495.01    1494.53 0.0000e+00
       1435     57.000    11.1408    11.1413   3.938872   3.940931     2.2658      45.59     0.1699 1.7220e-01 4.4707e+01     59.747 282.338921    5.67548    35.1900    35.2100    26.8983    1495.02    1494.54 0.0000e+00
       1456     58.000    11.1410    11.1416   3.938941   3.941005     2.2640      44.55     0.1727 1.6023e-01 4.4707e+01     60.645 282.338931    5.66263    35.1900    35.2100    26.8983    1495.04    1494.55 0.0000e+00
       1478     59.000    11.1412    11.1418   3.938999   3.941064     2.2618      43.62     0.1765 1.5265e-01 4.4707e+01     61.522 282.338941    5.66190    35.1899    35.2100    26.8982    1495.06    1494.56 0.0000e+00
       1498     60.000    11.1413    11.1419   3.939062   3.941121     2.2614      42.60     0.1743 1.4094e-01 4.4707e+01     62.383 282.338951    5.67151    35.1900    35.2100    26.8983    1495.07    1494.57 0.0000e+00
       1519     61.000    11.1414    11.1421   3.939129   3.941183     2.2617      41.52     0.1720 1.3588e-01 4.4707e+01     63.234 282.338961    5.67792    35.1901    35.2100    26.8984    1495.09    1494.58 0.0000e+00
       1539     62.000    11.1415    11.1422   3.939191   3.941257     2.2626      40.45     0.1693 1.2820e-01 4.4707e+01     64.100 282.338971    5.68236    35.1902    35.2101    26.8984    1495.11    1494.58 0.0000e+00
       1562     63.000    11.1416    11.1423   3.939238   3.941311     2.2634      39.71     0.1701 1.1884e-01 4.4707e+01     65.035 282.338982    5.68526    35.1901    35.2101    26.8983    1495.13    1494.59 0.0000e+00
       1586     64.000    11.1416    11.1423   3.939279   3.941344     2.2640      38.35     0.1713 1.1313e-01 4.4707e+01     66.059 282.338994    5.68656    35.1901    35.2100    26.8983    1495.14    1494.60 0.0000e+00
       1611     65.000    11.1418    11.1425   3.939362   3.941411     2.2645      37.48     0.1699 1.0645e-01 4.0288e+01     67.085 282.339006    5.68442    35.1903    35.2100    26.8984    1495.16    1494.61 0.0000e+00
       1634     66.000    11.1419    11.1427   3.939413   3.941479     2.2637      36.69     0.1736 9.8273e-02 4.4605e+01     68.040 282.339017    5.67346    35.1902    35.2101    26.8983    1495.18    1494.62 0.0000e+00
       1655     67.000    11.1422    11.1429   3.939467   3.941526     2.2621      35.68     0.1875 8.8953e-02 4.4709e+01     68.904 282.339027    5.66522    35.1900    35.2099    26.8981    1495.19    1494.63 0.0000e+00
       1675     68.000    11.1423    11.1430   3.939526   3.941585     2.2604      34.70     0.1950 8.3945e-02 4.4707e+01     69.740 282.339036    5.66560    35.1901    35.2099    26.8981    1495.21    1494.64 0.0000e+00
       1695     69.000    11.1425    11.1431   3.939580   3.941642     2.2602      33.85     0.1901 8.0915e-02 4.4707e+01     70.568 282.339046    5.67432    35.1900    35.2100    26.8980    1495.23    1494.64 0.0000e+00
       1715     70.000    11.1426    11.1431   3.939641   3.941684     2.2604      32.77     0.1846 7.3004e-02 4.4707e+01     71.434 282.339056    5.67010    35.1900    35.2099    26.8981    1495.24    1494.65 0.0000e+00
       1737     71.000    11.1426    11.1432   3.939673   3.941740     2.2588      31.71     0.1770 6.9694e-02 4.4707e+01     72.345 282.339066    5.65852    35.1899    35.2099    26.8980    1495.26    1494.66 0.0000e+00
       1760     72.000    11.1427    11.1433   3.939755   3.941792     2.2571      30.77     0.1759 6.5109e-02 4.4707e+01     73.293 282.339077    5.65725    35.1902    35.2099    26.8981    1495.28    1494.67 0.0000e+00
       1783     73.000    11.1427    11.1433   3.939764   3.941815     2.2565      29.77     0.1853 5.9206e-02 4.4707e+01     74.270 282.339089    5.66138    35.1898    35.2097    26.8979    1495.29    1494.68 0.0000e+00
       1807     74.000    11.1428    11.1434   3.939814   3.941867     2.2559      28.71     0.1792 5.5705e-02 4.4707e+01     75.252 282.339100    5.66351    35.1898    35.2097    26.8978    1495.31    1494.69 0.0000e+00
       1830     75.000    11.1429    11.1436   3.939875   3.941935     2.2571      27.76     0.1744 5.2437e-02 4.0986e+01     76.197 282.339111    5.68213    35.1898    35.2097    26.8978    1495.33    1494.70 0.0000e+00
       1851     76.000    11.1431    11.1437   3.939948   3.941999     2.2592      26.85     0.1738 5.2626e-02 4.3638e+01     77.101 282.339121    5.68028    35.1899    35.2098    26.8979    1495.34    1494.70 0.0000e+00
       1872     77.000    11.1431    11.1438   3.939992   3.942043     2.2584      25.82     0.1735 5.1918e-02 4.4731e+01     77.956 282.339131    5.66874    35.1899    35.2097    26.8979    1495.36    1494.71 0.0000e+00
