_data/ctd/2018/sta0385_2018.cnv
* Sea-Bird SBE 9 Data File:
* FileName = C:\Seabird\CTDData\sta0385.hex
* Software Version Seasave V 7.21f
* Temperature SN = 4557
* Conductivity SN = 1337
* Number of Bytes Per Scan = 40
* Number of Voltage Words = 5
* Number of Scans Averaged by the Deck Unit = 1
* NMEA Latitude = 60 45.04 N
* NMEA Longitude = 004 17.08 E
* NMEA UTC (Time) = Oct 07 2018 01:37:13
* NMEA baud rate = 4800
** Ship: 10 F/F "G. O. Sars"
** Station: 0385
** Echodepth: 314
** Log: 4497.646
** Wind-Dir Force: 30 09
** Air-temp (dry): 8.0
** Weather Sky: 2 7
** Sea Ice: 3 0
# nquan = 20                                
# nvalues = 304                         
# units = specified
# name 0 = scan: Scan Count
# name 1 = prDM: Pressure, Digiquartz [db]
# name 2 = t068C: Temperature [ITS-68, deg C]
# name 3 = t168C: Temperature, 2 [ITS-68, deg C]
# name 4 = c0S/m: Conductivity [S/m]
# name 5 = c1S/m: Conductivity, 2 [S/m]
# name 6 = sbeox0V: Oxygen raw, SBE 43 [V]
# name 7 = altM: Altimeter [m]
# name 8 = flC: Fluorescence, Chelsea Aqua 3 Chl Con [ug/l]
# name 9 = par: PAR/Irradiance, Biospherical/Licor
# name 10 = spar: SPAR/Surface Irradiance
# name 11 = timeS: Time, Elapsed [seconds]
# name 12 = timeJ: Julian Days
# name 13 = sbeox0ML/L: Oxygen, SBE 43 [ml/l], WS = 2
# name 14 = sal00: Salinity, Practical [PSU]
# name 15 = sal11: Salinity, Practical, 2 [PSU]
# name 16 = sigma-t00: Density [sigma-t, Kg/m^3 ]
# name 17 = svCM: Sound Velocity [Chen-Millero, m/s]
# name 18 = avgsvCM: Average Sound Velocity [Chen-Millero, m/s], minP = 1, minS = 5
# name 19 = flag: flag
# span 0 =        134,       7372       
# span 1 =      5.000,    308.000       
# span 2 =     6.3437,    11.7662       
# span 3 =     6.3433,    11.7660       
# span 4 =   3.495691,   3.948362       
# span 5 =   3.498396,   3.951327       
# span 6 =     1.9620,     2.3224       
# span 7 =      10.87,      99.79       
# span 8 =     0.0178,     0.5049       
# span 9 = 5.1225e-02, 8.2187e-01       
# span 10 = 1.9438e+00, 1.9438e+00      
# span 11 =      5.547,    307.121      
# span 12 = 280.067599, 280.071089      
# span 13 =    5.30509,    5.83356      
# span 14 =    33.0378,    35.1940      
# span 15 =    33.0669,    35.2247      
# span 16 =    25.1292,    27.6334      
# span 17 =    1480.87,    1495.72      
# span 18 =    1486.11,    1494.31      
# span 19 = 0.0000e+00, 0.0000e+00      
# interval = decibars: 1                
# start_time = Oct 07 2018 01:37:15 [System UTC, header]
# bad_flag = -9.990e-29
*END*
[from data line 290]
       7004    295.000     6.3470     6.3464   3.495832   3.498525     1.9646      23.76     0.0285 5.1279e-02 1.9438e+00    291.775 280.070912    5.43848    35.1585    35.1893    27.6329    1481.15    1486.32 0.0000e+00
       7040    296.000     6.3462     6.3462   3.495847   3.498559     1.9658      20.95     0.0253 5.1299e-02 1.9438e+00    293.289 280.070929    5.44905    35.1590    35.1893    27.6334    1481.16    1486.30 0.0000e+00
       7058    297.000     6.3459     6.3458   3.495847   3.498568     1.9658      19.28     0.0248 5.1299e-02 1.9438e+00    294.045 280.070938    5.43621    35.1588    35.1893    27.6333    1481.18    1486.28 0.0000e+00
       7074    298.000     6.3470     6.3467   3.495988   3.498705     1.9648      18.75     0.0270 5.1292e-02 1.9438e+00    294.695 280.070946    5.42783    35.1587    35.1894    27.6331    1481.20    1486.27 0.0000e+00
       7088    299.000     6.3451     6.3447   3.495859   3.498555     1.9643      17.92     0.0270 5.1273e-02 1.9438e+00    295.291 280.070952    5.42779    35.1587    35.1893    27.6334    1481.21    1486.25 0.0000e+00
       7102    300.000     6.3449     6.3445   3.495881   3.498584     1.9635      17.08     0.0266 5.1309e-02 1.9438e+00    295.888 280.070959    5.43035    35.1587    35.1893    27.6333    1481.22    1486.23 0.0000e+00
       7119    301.000     6.3448     6.3445   3.495923   3.498617     1.9635      16.20     0.0248 5.1282e-02 1.9438e+00    296.587 280.070967    5.43867    35.1587    35.1892    27.6334    1481.24    1486.22 0.0000e+00
       7155    302.000     6.3454     6.3450   3.495997   3.498695     1.9641      16.49     0.0276 5.1289e-02 1.9438e+00    298.081 280.070985    5.44388    35.1585    35.1891    27.6331    1481.26    1486.20 0.0000e+00
       7250    303.000     6.3472     6.3470   3.496226   3.498923     1.9652      15.85     0.0268 5.1288e-02 1.9438e+00    302.058 280.071031    5.43813    35.1587    35.1890    27.6330    1481.28    1486.18 0.0000e+00
       7266    304.000     6.3451     6.3446   3.496066   3.498731     1.9642      15.22     0.0265 5.1289e-02 1.9438e+00    302.696 280.071038    5.43274    35.1585    35.1889    27.6332    1481.29    1486.17 0.0000e+00
       7282    305.000     6.3439     6.3435   3.495987   3.498688     1.9637      14.40     0.0264 5.1291e-02 1.9438e+00    303.374 280.071046    5.43585    35.1584    35.1890    27.6332    1481.30    1486.15 0.0000e+00
       7300    306.000     6.3437     6.3433   3.496016   3.498701     1.9635      13.43     0.0283 5.1288e-02 1.9438e+00    304.115 280.071055    5.43790    35.1584    35.1888    27.6333    1481.32    1486.14 0.0000e+00
       7326    307.000     6.3437     6.3434   3.496042   3.498734     1.9630      12.20     0.0287 5.1285e-02 1.9438e+00    305.228 280.071067    5.43399    35.1582    35.1886    27.6331    1481.33    1486.12 0.0000e+00
       7372    308.000     6.3441     6.3436   3.496102   3.498799     1.9620      10.87     0.0289 5.1327e-02 1.9438e+00    307.121 280.071089    5.43652    35.1579    35.1886    27.6328    1481.35    1486.11 0.0000e+00
