_data/ctd/2018/sta0394_2018.cnv
* Sea-Bird SBE 9 Data File:
* FileName = C:\Seabird\CTDData\sta0394.hex
* Software Version Seasave V 7.21f
* Temperature SN = 4557
* Conductivity SN = 1337
* Number of Bytes Per Scan = 40
* Number of Voltage Words = 5
* Number of Scans Averaged by the Deck Unit = 1
* NMEA Latitude = 60 45.02 N
* NMEA Longitude = 001 55.13 E
* NMEA UTC (Time) = Oct 08 2018 12:03:32
* NMEA baud rate = 4800
** Ship: 10 F/F "G. O. Sars"
** Station: 0394
** Echodepth: 122
** Log: 4642.600
** Wind-Dir Force: 22 21
** Air-temp (dry): 9.8
** Weather Sky: 2 4
** Sea Ice: 3 0
# nquan = 20                                
# nvalues = 112                         
# units = specified
# name 0 = scan: Scan Count
# name 1 = prDM: Pressure, Digiquartz [db]
# name 2 = t068C: Temperature [ITS-68, deg C]
# name 3 = t168C: Temperature, 2 [ITS-68, deg C]
# name 4 = c0S/m: Conductivity [S/m]
# name 5 = c1S/m: Conductivity, 2 [S/m]
# name 6 = sbeox0V: Oxygen raw, SBE 43 [V]
# name 7 = altM: Altimeter [m]
# name 8 = flC: Fluorescence, Chelsea Aqua 3 Chl Con [ug/l]
# name 9 = par: PAR/Irradiance, Biospherical/Licor
# name 10 = spar: SPAR/Surface Irradiance
# name 11 = timeS: Time, Elapsed [seconds]
# name 12 = timeJ: Julian Days
# name 13 = sbeox0ML/L: Oxygen, SBE 43 [ml/l], WS = 2
# name 14 = sal00: Salinity, Practical [PSU]
# name 15 = sal11: Salinity, Practical, 2 [PSU]
# name 16 = sigma-t00: Density [sigma-t, Kg/m^3 ]
# name 17 = svCM: Sound Velocity [Chen-Millero, m/s]
# name 18 = avgsvCM: Average Sound Velocity [Chen-Millero, m/s], minP = 1, minS = 5
# name 19 = flag: flag
# span 0 =         99,       3402       
# span 1 =      3.000,    114.000       
# span 2 =     7.4059,    10.5931       
# span 3 =     7.4000,    10.5927       
# span 4 =   3.587248,   3.885069       
# span 5 =   3.588570,   3.887034       
# span 6 =     1.9124,     2.2913       
# span 7 =       1.38,      98.97       
# span 8 =     0.0191,     0.2017       
# span 9 = 1.0687e-01, 4.7730e+01       
# span 10 = 3.7821e+02, 5.6463e+02      
# span 11 =      4.067,    141.704      
# span 12 = 281.502524, 281.504117      
# span 13 =    4.97814,    5.81415      
# span 14 =    35.1730,    35.2792      
# span 15 =    35.1919,    35.2993      
# span 16 =    26.9971,    27.5009      
# span 17 =    1482.31,    1493.05      
# span 18 =    1490.62,    1492.65      
# span 19 = 0.0000e+00, 0.0000e+00      
# interval = decibars: 1                
# start_time = Oct 08 2018 12:03:34 [System UTC, header]
# bad_flag = -9.990e-29
*END*
[from data line 73]
       2109     76.000     9.4350     9.4344   3.784409   3.786188     2.1338      48.50     0.0285 7.9760e-01 5.5425e+02     87.826 281.503493    5.35534    35.2656    35.2847    27.2553    1489.36    1492.35 0.0000e+00
       2131     77.000     9.4168     9.4165   3.783158   3.784962     2.1184      47.38     0.0274 7.6251e-01 5.4650e+02     88.755 281.503504    5.30092    35.2700    35.2891    27.2618    1489.31    1492.31 0.0000e+00
       2153     78.000     9.4018     9.4015   3.781842   3.783654     2.1044      46.30     0.0269 7.2156e-01 5.4400e+02     89.687 281.503515    5.28784    35.2707    35.2898    27.2648    1489.28    1492.27 0.0000e+00
       2177     79.000     9.3855     9.3854   3.780382   3.782232     2.0961      45.32     0.0279 6.7734e-01 5.4065e+02     90.647 281.503526    5.30393    35.2711    35.2904    27.2678    1489.23    1492.24 0.0000e+00
       2205     80.000     9.3776     9.3778   3.779734   3.781636     2.0908      44.29     0.0260 6.2991e-01 5.3033e+02     91.819 281.503540    5.30010    35.2717    35.2913    27.2696    1489.22    1492.20 0.0000e+00
       2255     81.000     9.3696     9.3727   3.779105   3.781491     2.0812      42.87     0.0272 5.9952e-01 4.9484e+02     93.931 281.503564    5.27505    35.2725    35.2943    27.2716    1489.21    1492.16 0.0000e+00
       2300     82.000     9.3508     9.3511   3.777417   3.779358     2.0738      42.05     0.0240 5.7567e-01 4.7491e+02     95.783 281.503585    5.25085    35.2730    35.2930    27.2751    1489.16    1492.12 0.0000e+00
       2318     83.000     9.3355     9.3353   3.776036   3.777925     2.0709      41.38     0.0200 5.4283e-01 4.7668e+02     96.540 281.503594    5.24460    35.2733    35.2932    27.2778    1489.12    1492.09 0.0000e+00
       2334     84.000     9.3070     9.3072   3.773369   3.775262     2.0681      40.61     0.0208 5.0984e-01 4.7943e+02     97.197 281.503602    5.23615    35.2732    35.2927    27.2824    1489.03    1492.05 0.0000e+00
       2348     85.000     9.2884     9.2882   3.771668   3.773552     2.0651      39.70     0.0215 4.7764e-01 4.8205e+02     97.791 281.503609    5.22919    35.2733    35.2932    27.2856    1488.98    1492.02 0.0000e+00
       2367     86.000     9.2798     9.2795   3.771198   3.773067     2.0620      38.54     0.0226 4.7013e-01 4.7934e+02     98.581 281.503618    5.22555    35.2764    35.2962    27.2895    1488.97    1491.98 0.0000e+00
       2397     87.000     9.2738     9.2736   3.770936   3.772849     2.0574      37.28     0.0203 4.5397e-01 4.5723e+02     99.849 281.503633    5.21836    35.2792    35.2993    27.2926    1488.97    1491.95 0.0000e+00
       2429     88.000     9.2572     9.2574   3.769240   3.771187     2.0562      36.13     0.0191 4.2475e-01 4.3022e+02    101.183 281.503648    5.25914    35.2774    35.2975    27.2939    1488.92    1491.91 0.0000e+00
       2453     89.000     9.2218     9.2214   3.765573   3.767473     2.0606      35.23     0.0210 4.0904e-01 4.2933e+02    102.178 281.503659    5.28398    35.2736    35.2939    27.2968    1488.80    1491.88 0.0000e+00
       2475     90.000     9.2028     9.2028   3.763688   3.765614     2.0622      34.41     0.0253 3.8938e-01 4.4040e+02    103.086 281.503670    5.27321    35.2723    35.2924    27.2988    1488.75    1491.84 0.0000e+00
       2497     91.000     9.1902     9.1901   3.762424   3.764360     2.0622      33.36     0.0256 3.7421e-01 4.4841e+02    103.999 281.503681    5.26834    35.2710    35.2914    27.3000    1488.72    1491.81 0.0000e+00
       2518     92.000     9.1476     9.1480   3.757977   3.759956     2.0617      32.38     0.0266 3.6144e-01 4.4629e+02    104.889 281.503691    5.26864    35.2662    35.2865    27.3031    1488.57    1491.77 0.0000e+00
       2539     93.000     9.0952     9.0962   3.752617   3.754615     2.0610      31.52     0.0274 3.4761e-01 4.3557e+02    105.766 281.503701    5.27064    35.2615    35.2815    27.3080    1488.39    1491.74 0.0000e+00
       2559     94.000     9.0310     9.0315   3.746443   3.748347     2.0597      30.56     0.0296 3.3150e-01 4.2286e+02    106.582 281.503710    5.26884    35.2599    35.2794    27.3172    1488.17    1491.70 0.0000e+00
       2577     95.000     8.9800     8.9824   3.741309   3.743437     2.0581      29.58     0.0285 3.1785e-01 4.1857e+02    107.338 281.503719    5.26625    35.2561    35.2761    27.3224    1488.00    1491.66 0.0000e+00
       2594     96.000     8.8980     8.9017   3.733293   3.735378     2.0564      28.61     0.0282 3.0368e-01 4.2240e+02    108.039 281.503727    5.25482    35.2528    35.2711    27.3330    1487.71    1491.62 0.0000e+00
       2611     97.000     8.8540     8.8533   3.728907   3.730666     2.0518      27.76     0.0264 2.9003e-01 4.3260e+02    108.751 281.503736    5.21374    35.2498    35.2691    27.3377    1487.56    1491.57 0.0000e+00
       2632     98.000     8.7980     8.7976   3.723281   3.725140     2.0422      26.41     0.0274 2.7836e-01 4.4594e+02    109.620 281.503746    5.16073    35.2457    35.2657    27.3434    1487.36    1491.53 0.0000e+00
       2688     99.000     8.7524     8.7736   3.718916   3.722924     2.0180      24.85     0.0281 2.6966e-01 4.5133e+02    111.951 281.503773    5.10052    35.2445    35.2658    27.3498    1487.21    1491.49 0.0000e+00
       2758    100.000     8.6985     8.7118   3.713642   3.716771     1.9951      24.13     0.0285 2.5988e-01 4.5602e+02    114.865 281.503806    5.05602    35.2420    35.2618    27.3563    1487.02    1491.44 0.0000e+00
       2776    101.000     8.6745     8.6743   3.711326   3.713183     1.9902      23.40     0.0300 2.4509e-01 4.7313e+02    115.610 281.503815    5.04377    35.2409    35.2608    27.3593    1486.95    1491.40 0.0000e+00
       2791    102.000     8.6526     8.6518   3.709188   3.710970     1.9866      22.55     0.0301 2.2856e-01 4.8961e+02    116.250 281.503822    5.04500    35.2396    35.2593    27.3617    1486.88    1491.35 0.0000e+00
       2808    103.000     8.6237     8.6248   3.706338   3.708336     1.9838      21.58     0.0308 2.1557e-01 5.0268e+02    116.968 281.503831    5.05101    35.2378    35.2579    27.3648    1486.79    1491.31 0.0000e+00
       2831    104.000     8.5956     8.5975   3.703508   3.705606     1.9811      20.60     0.0280 2.0665e-01 5.0661e+02    117.903 281.503841    5.04453    35.2353    35.2557    27.3673    1486.70    1491.27 0.0000e+00
       2860    105.000     8.5223     8.5283   3.696219   3.698676     1.9762      19.37     0.0294 1.9055e-01 4.9896e+02    119.105 281.503855    5.03495    35.2307    35.2508    27.3752    1486.44    1491.22 0.0000e+00
       2890    106.000     8.3977     8.4039   3.683920   3.686341     1.9717      18.33     0.0363 1.7807e-01 4.9200e+02    120.391 281.503870    5.03457    35.2239    35.2435    27.3893    1485.98    1491.17 0.0000e+00
       2918    107.000     8.2536     8.2580   3.669341   3.671690     1.9663      17.40     0.0343 1.6661e-01 4.9068e+02    121.561 281.503884    5.02752    35.2121    35.2328    27.4023    1485.44    1491.12 0.0000e+00
       2940    108.000     7.9981     8.0087   3.644129   3.646810     1.9627      16.49     0.0328 1.5858e-01 4.9012e+02    122.441 281.503894    5.05105    35.1979    35.2160    27.4299    1484.48    1491.05 0.0000e+00
       2958    109.000     7.8253     7.8376   3.627448   3.630365     1.9593      15.58     0.0311 1.4750e-01 4.8900e+02    123.220 281.503903    5.04998    35.1916    35.2107    27.4509    1483.84    1490.99 0.0000e+00
       2977    110.000     7.6540     7.6535   3.610342   3.612045     1.9542      14.75     0.0324 1.3785e-01 4.8789e+02    124.018 281.503912    5.04371    35.1789    35.1979    27.4663    1483.19    1490.92 0.0000e+00
       2998    111.000     7.5153     7.5198   3.597043   3.599273     1.9485      13.63     0.0377 1.2884e-01 4.8982e+02    124.869 281.503922    5.04214    35.1743    35.1940    27.4829    1482.67    1490.84 0.0000e+00
       3019    112.000     7.4744     7.4700   3.593206   3.594484     1.9432      12.58     0.0376 1.2149e-01 4.9500e+02    125.730 281.503932    5.04005    35.1735    35.1919    27.4882    1482.53    1490.77 0.0000e+00
       3067    113.000     7.4591     7.4794   3.591787   3.595655     1.9366       9.79     0.0382 1.1314e-01 4.9771e+02    127.750 281.503955    5.03633    35.1730    35.1946    27.4901    1482.49    1490.69 0.0000e+00
       3402    114.000     7.4059     7.4000   3.587248   3.588570     1.9124       5.39     0.0369 1.0687e-01 4.5311e+02    141.704 281.504117    4.97814    35.1770    35.1974    27.5009    1482.31    1490.62 0.0000e+00
