_data/ctd/2018/sta0392_2018.cnv
* Sea-Bird SBE 9 Data File:
* FileName = C:\Seabird\CTDData\sta0392.hex
* Software Version Seasave V 7.21f
* Temperature SN = 4557
* Conductivity SN = 1337
* Number of Bytes Per Scan = 40
* Number of Voltage Words = 5
* Number of Scans Averaged by the Deck Unit = 1
* NMEA Latitude = 60 44.94 N
* NMEA Longitude = 002 36.20 E
* NMEA UTC (Time) = Oct 08 2018 04:42:04
* NMEA baud rate = 4800
** Ship: 10 F/F "G. O. Sars"
** Station: 0392
** Echodepth: 123
** Log: 04608.78
** Wind-Dir Force: 25 25
** Air-temp (dry): 9.6
** Weather Sky: 8 8
** Sea Ice: 5 0
# nquan = 20                                
# nvalues = 111                         
# units = specified
# name 0 = scan: Scan Count
# name 1 = prDM: Pressure, Digiquartz [db]
# name 2 = t068C: Temperature [ITS-68, deg C]
# name 3 = t168C: Temperature, 2 [ITS-68, deg C]
# name 4 = c0S/m: Conductivity [S/m]
# name 5 = c1S/m: Conductivity, 2 [S/m]
# name 6 = sbeox0V: Oxygen raw, SBE 43 [V]
# name 7 = altM: Altimeter [m]
# name 8 = flC: Fluorescence, Chelsea Aqua 3 Chl Con [ug/l]
# name 9 = par: PAR/Irradiance, Biospherical/Licor
# name 10 = spar: SPAR/Surface Irradiance
# name 11 = timeS: Time, Elapsed [seconds]
# name 12 = timeJ: Julian Days
# name 13 = sbeox0ML/L: Oxygen, SBE 43 [ml/l], WS = 2
# name 14 = sal00: Salinity, Practical [PSU]
# name 15 = sal11: Salinity, Practical, 2 [PSU]
# name 16 = sigma-t00: Density [sigma-t, Kg/m^3 ]
# name 17 = svCM: Sound Velocity [Chen-Millero, m/s]
# name 18 = avgsvCM: Average Sound Velocity [Chen-Millero, m/s], minP = 1, minS = 5
# name 19 = flag: flag
# span 0 =        -17,       3290       
# span 1 =      8.000,    118.000       
# span 2 =     8.4232,    10.5633       
# span 3 =     8.4252,    10.5629       
# span 4 =   3.688401,   3.883184       
# span 5 =   3.690697,   3.885311       
# span 6 =     1.9658,     2.2957       
# span 7 =       2.41,     101.82       
# span 8 =     0.0231,     0.1561       
# span 9 = 5.1192e-02, 4.4463e-01       
# span 10 = 1.9438e+00, 1.9438e+00      
# span 11 =     -0.737,    137.024      
# span 12 = 281.195894, 281.197489      
# span 13 =    5.02194,    5.81709      
# span 14 =    35.1898,    35.2818      
# span 15 =    35.2119,    35.3034      
# span 16 =    27.0028,    27.3982      
# span 17 =    1486.29,    1492.97      
# span 18 =    1490.63,    1492.55      
# span 19 = 0.0000e+00, 0.0000e+00      
# interval = decibars: 1                
# start_time = Oct 08 2018 04:42:06 [System UTC, header]
# bad_flag = -9.990e-29
*END*
[from data line 73]
       2378     81.000     9.2119     9.2112   3.764883   3.766835     2.1314      41.78     0.0286 5.1283e-02 1.9438e+00     99.028 281.197049    5.46346    35.2800    35.3011    27.3034    1488.64    1492.03 0.0000e+00
       2392     82.000     9.2023     9.2012   3.763943   3.765887     2.1280      41.03     0.0265 5.1273e-02 1.9438e+00     99.617 281.197056    5.43748    35.2792    35.3006    27.3044    1488.62    1491.98 0.0000e+00
       2421     83.000     9.2041     9.1879   3.763898   3.764693     2.1192      39.34     0.0239 5.1273e-02 -9.990e-29    100.836 281.197070    5.40512    35.2765    35.3009    27.3020    1488.64    1491.94 0.0000e+00
       2471     84.000     9.1820     9.1716   3.762327   3.763285     2.1061      37.95     0.0258 5.1273e-02 -9.990e-29    102.912 281.197094    5.36879    35.2815    35.3018    27.3095    1488.59    1491.90 0.0000e+00
       2504     85.000     9.1672     9.1665   3.760890   3.762947     2.0977      37.10     0.0255 5.1273e-02 1.9438e+00    104.304 281.197110    5.34588    35.2806    35.3028    27.3112    1488.55    1491.86 0.0000e+00
       2535     86.000     9.1578     9.1574   3.760088   3.762186     2.0901      36.28     0.0246 5.1273e-02 1.9438e+00    105.583 281.197125    5.31463    35.2811    35.3034    27.3131    1488.53    1491.83 0.0000e+00
       2557     87.000     9.1334     9.1301   3.757767   3.759505     2.0840      35.45     0.0277 5.1273e-02 1.9438e+00    106.505 281.197135    5.30843    35.2805    35.3019    27.3166    1488.46    1491.79 0.0000e+00
       2573     88.000     9.1055     9.1042   3.755090   3.757067     2.0812      34.63     0.0267 5.1273e-02 1.9438e+00    107.184 281.197143    5.31462    35.2796    35.3016    27.3205    1488.37    1491.75 0.0000e+00
       2588     89.000     9.0732     9.0755   3.751934   3.754162     2.0794      33.78     0.0248 5.1273e-02 1.9438e+00    107.784 281.197150    5.31604    35.2781    35.2991    27.3245    1488.27    1491.71 0.0000e+00
       2602     90.000     9.0310     9.0301   3.747794   3.749706     2.0775      33.04     0.0262 5.1273e-02 1.9438e+00    108.362 281.197157    5.31343    35.2760    35.2970    27.3298    1488.12    1491.67 0.0000e+00
       2615     91.000     8.9880     8.9862   3.743585   3.745445     2.0753      32.10     0.0250 5.1283e-02 1.9438e+00    108.932 281.197163    5.30663    35.2740    35.2954    27.3351    1487.98    1491.63 0.0000e+00
       2634     92.000     8.9604     8.9604   3.740769   3.742821     2.0714      30.82     0.0264 5.1279e-02 1.9438e+00    109.696 281.197172    5.28459    35.2714    35.2929    27.3375    1487.89    1491.59 0.0000e+00
       2660     93.000     8.9316     8.9324   3.737979   3.740089     2.0639      29.43     0.0281 5.1264e-02 1.9438e+00    110.800 281.197185    5.25235    35.2702    35.2915    27.3412    1487.80    1491.55 0.0000e+00
       2697     94.000     8.8891     8.8903   3.733760   3.735963     2.0522      28.03     0.0270 5.1266e-02 1.9438e+00    112.352 281.197203    5.21866    35.2675    35.2895    27.3459    1487.66    1491.51 0.0000e+00
       2741     95.000     8.8728     8.8720   3.732190   3.734221     2.0399      27.07     0.0231 5.1273e-02 -9.990e-29    114.164 281.197224    5.18039    35.2667    35.2889    27.3479    1487.61    1491.46 0.0000e+00
       2771     96.000     8.8635     8.8641   3.731332   3.733492     2.0313      26.33     0.0268 5.1273e-02 -9.990e-29    115.412 281.197239    5.16347    35.2664    35.2886    27.3492    1487.60    1491.42 0.0000e+00
       2791     97.000     8.8497     8.8492   3.730050   3.732083     2.0273      25.57     0.0305 5.1273e-02 -9.990e-29    116.262 281.197248    5.15708    35.2662    35.2881    27.3512    1487.56    1491.38 0.0000e+00
       2808     98.000     8.8405     8.8392   3.729210   3.731175     2.0236      24.75     0.0307 5.1273e-02 1.9438e+00    116.967 281.197256    5.14781    35.2660    35.2880    27.3525    1487.54    1491.34 0.0000e+00
       2824     99.000     8.8346     8.8344   3.728664   3.730755     2.0209      23.84     0.0287 5.1273e-02 1.9438e+00    117.635 281.197264    5.14026    35.2656    35.2878    27.3532    1487.54    1491.31 0.0000e+00
       2840    100.000     8.8310     8.8279   3.728349   3.730150     2.0175      22.93     0.0295 5.1282e-02 1.9438e+00    118.275 281.197272    5.12935    35.2654    35.2875    27.3536    1487.54    1491.27 0.0000e+00
       2856    101.000     8.8123     8.8117   3.726517   3.728533     2.0145      21.94     0.0294 5.1273e-02 1.9438e+00    118.960 281.197280    5.12599    35.2642    35.2861    27.3556    1487.49    1491.23 0.0000e+00
       2877    102.000     8.7942     8.7951   3.724769   3.726959     2.0109      20.83     0.0291 5.1291e-02 1.9438e+00    119.828 281.197290    5.11643    35.2633    35.2855    27.3578    1487.43    1491.19 0.0000e+00
       2907    103.000     8.7887     8.7891   3.724252   3.726419     2.0062      19.62     0.0298 5.1281e-02 1.9438e+00    121.066 281.197304    5.11132    35.2628    35.2853    27.3583    1487.43    1491.16 0.0000e+00
       2941    104.000     8.7871     8.7861   3.724158   3.726170     2.0029      18.52     0.0264 5.1303e-02 -9.990e-29    122.518 281.197321    5.10746    35.2629    35.2852    27.3587    1487.44    1491.12 0.0000e+00
       2965    105.000     8.7732     8.7720   3.722862   3.724775     2.0004      17.67     0.0282 5.1280e-02 -9.990e-29    123.489 281.197332    5.09666    35.2626    35.2840    27.3606    1487.41    1491.09 0.0000e+00
       2982    106.000     8.7480     8.7473   3.720359   3.722356     1.9985      16.81     0.0288 5.1281e-02 -9.990e-29    124.217 281.197340    5.09552    35.2608    35.2826    27.3632    1487.33    1491.05 0.0000e+00
       3001    107.000     8.7299     8.7303   3.718636   3.720776     1.9966      15.83     0.0290 5.1287e-02 1.9438e+00    125.007 281.197350    5.09308    35.2601    35.2823    27.3656    1487.27    1491.01 0.0000e+00
       3023    108.000     8.7229     8.7253   3.717948   3.720313     1.9944      14.75     0.0283 5.1286e-02 1.9438e+00    125.915 281.197360    5.08263    35.2594    35.2820    27.3661    1487.26    1490.98 0.0000e+00
       3047    109.000     8.7127     8.7119   3.716995   3.719017     1.9911      13.71     0.0272 5.1285e-02 1.9438e+00    126.904 281.197372    5.07004    35.2590    35.2811    27.3674    1487.24    1490.95 0.0000e+00
       3069    110.000     8.6941     8.6904   3.715150   3.716827     1.9881      12.74     0.0282 5.1287e-02 1.9438e+00    127.848 281.197382    5.06698    35.2575    35.2789    27.3692    1487.19    1490.91 0.0000e+00
       3090    111.000     8.6678     8.6637   3.712592   3.714270     1.9862      11.79     0.0302 5.1306e-02 1.9438e+00    128.726 281.197393    5.06847    35.2562    35.2780    27.3723    1487.11    1490.88 0.0000e+00
       3112    112.000     8.6606     8.6592   3.711930   3.713892     1.9841      10.82     0.0307 5.1293e-02 1.9438e+00    129.630 281.197403    5.05989    35.2559    35.2780    27.3732    1487.10    1490.84 0.0000e+00
       3134    113.000     8.6552     8.6533   3.711407   3.713312     1.9818       9.82     0.0288 5.1293e-02 1.9438e+00    130.562 281.197414    5.05817    35.2552    35.2773    27.3735    1487.09    1490.81 0.0000e+00
       3155    114.000     8.6189     8.6205   3.707757   3.709974     1.9805       8.88     0.0279 5.1311e-02 1.9438e+00    131.424 281.197424    5.06262    35.2523    35.2742    27.3770    1486.97    1490.78 0.0000e+00
       3201    115.000     8.6073     8.5944   3.706642   3.707504     1.9764       4.39     0.0332 5.1387e-02 1.9438e+00    133.332 281.197446    5.04333    35.2516    35.2736    27.3782    1486.94    1490.74 0.0000e+00
       3240    116.000     8.4989     8.4941   3.695854   3.697205     1.9723       2.79     0.0390 5.1413e-02 -9.990e-29    134.938 281.197465    5.04112    35.2448    35.2640    27.3899    1486.55    1490.71 0.0000e+00
       3261    117.000     8.4475     8.4473   3.690840   3.692847     1.9700       2.65     0.0363 5.1424e-02 -9.990e-29    135.836 281.197475    5.03552    35.2424    35.2640    27.3961    1486.37    1490.67 0.0000e+00
       3290    118.000     8.4232     8.4252   3.688401   3.690697     1.9658       2.41     0.0293 5.1415e-02 -9.990e-29    137.024 281.197489    5.02194    35.2403    35.2627    27.3982    1486.29    1490.63 0.0000e+00
