_data/ctd/2018/sta0386_2018.cnv
* Sea-Bird SBE 9 Data File:
* FileName = C:\Seabird\CTDData\sta0386.hex
* Software Version Seasave V 7.21f
* Temperature SN = 4557
* Conductivity SN = 1337
* Number of Bytes Per Scan = 40
* Number of Voltage Words = 5
* Number of Scans Averaged by the Deck Unit = 1
* NMEA Latitude = 60 45.02 N
* NMEA Longitude = 004 07.05 E
* NMEA UTC (Time) = Oct 07 2018 02:45:56
* NMEA baud rate = 4800
** Ship: 10 F/F "G. O. Sars"
** Station: 0386
** Echodepth: 313
** Log: 4502.584
** Wind-Dir Force: 24 04
** Air-temp (dry): 8.0
** Weather Sky: 2 7
** Sea Ice: 3 0
# nquan = 20                                
# nvalues = 305                         
# units = specified
# name 0 = scan: Scan Count
# name 1 = prDM: Pressure, Digiquartz [db]
# name 2 = t068C: Temperature [ITS-68, deg C]
# name 3 = t168C: Temperature, 2 [ITS-68, deg C]
# name 4 = c0S/m: Conductivity [S/m]
# name 5 = c1S/m: Conductivity, 2 [S/m]
# name 6 = sbeox0V: Oxygen raw, SBE 43 [V]
# name 7 = altM: Altimeter [m]
# name 8 = flC: Fluorescence, Chelsea Aqua 3 Chl Con [ug/l]
# name 9 = par: PAR/Irradiance, Biospherical/Licor
# name 10 = spar: SPAR/Surface Irradiance
# name 11 = timeS: Time, Elapsed [seconds]
# name 12 = timeJ: Julian Days
# name 13 = sbeox0ML/L: Oxygen, SBE 43 [ml/l], WS = 2
# name 14 = sal00: Salinity, Practical [PSU]
# name 15 = sal11: Salinity, Practical, 2 [PSU]
# name 16 = sigma-t00: Density [sigma-t, Kg/m^3 ]
# name 17 = svCM: Sound Velocity [Chen-Millero, m/s]
# name 18 = avgsvCM: Average Sound Velocity [Chen-Millero, m/s], minP = 1, minS = 5
# name 19 = flag: flag
# span 0 =         24,       7359       
# span 1 =      3.000,    307.000       
# span 2 =     6.9104,    11.8739       
# span 3 =     6.9099,    11.8739       
# span 4 =   3.547298,   3.927959       
# span 5 =   3.550080,   3.931146       
# span 6 =     1.9867,     2.3167       
# span 7 =      12.25,     100.34       
# span 8 =     0.0116,     0.4838       
# span 9 = 5.1219e-02, 1.9378e+00       
# span 10 = 1.9438e+00, 1.9438e+00      
# span 11 =      0.978,    306.569      
# span 12 = 280.115278, 280.118814      
# span 13 =    5.37544,    5.82142      
# span 14 =    32.8972,    35.2877      
# span 15 =    32.9277,    35.3198      
# span 16 =    24.9817,    27.5480      
# span 17 =    1483.41,    1495.36      
# span 18 =    1488.42,    1494.47      
# span 19 = 0.0000e+00, 0.0000e+00      
# interval = decibars: 1                
# start_time = Oct 07 2018 02:45:59 [System UTC, header]
# bad_flag = -9.990e-29
*END*
[from data line 145]
       3444    148.000     9.0042     9.0039   3.747253   3.750221     2.1291      98.73     0.0162 5.1273e-02 1.9438e+00    143.438 280.116926    5.54670    35.2692    35.3007    27.3288    1488.97    1490.62 0.0000e+00
       3461    149.000     9.0027     9.0024   3.747224   3.750186     2.1276      98.73     0.0197 5.1273e-02 1.9438e+00    144.164 280.116935    5.54654    35.2699    35.3013    27.3296    1488.98    1490.60 0.0000e+00
       3479    150.000     9.0004     9.0001   3.747025   3.749986     2.1269      98.73     0.0207 5.1273e-02 1.9438e+00    144.905 280.116943    5.55075    35.2696    35.3010    27.3297    1488.99    1490.59 0.0000e+00
       3498    151.000     8.9978     8.9981   3.746778   3.749815     2.1263      98.73     0.0224 5.1273e-02 1.9438e+00    145.691 280.116953    5.54820    35.2692    35.3007    27.3297    1489.00    1490.58 0.0000e+00
       3518    152.000     8.9922     8.9926   3.746187   3.749236     2.1254      98.73     0.0209 5.1273e-02 1.9438e+00    146.539 280.116962    5.55335    35.2680    35.2996    27.3298    1488.99    1490.57 0.0000e+00
       3540    153.000     8.9826     8.9835   3.745198   3.748289     2.1259      98.73     0.0208 5.1273e-02 1.9438e+00    147.466 280.116973    5.56027    35.2667    35.2983    27.3303    1488.97    1490.56 0.0000e+00
       3563    154.000     8.9711     8.9716   3.743973   3.746992     2.1258      98.73     0.0191 5.1273e-02 1.9438e+00    148.431 280.116984    5.56260    35.2648    35.2960    27.3306    1488.94    1490.55 0.0000e+00
       3587    155.000     8.9619     8.9614   3.743014   3.745944     2.1265      98.73     0.0167 5.1273e-02 1.9438e+00    149.416 280.116996    5.57284    35.2633    35.2946    27.3310    1488.93    1490.54 0.0000e+00
       3611    156.000     8.9490     8.9494   3.741643   3.744646     2.1274      98.73     0.0138 5.1273e-02 1.9438e+00    150.429 280.117007    5.57731    35.2613    35.2924    27.3314    1488.89    1490.53 0.0000e+00
       3636    157.000     8.9254     8.9246   3.739212   3.742105     2.1283      98.73     0.0139 5.1273e-02 1.9438e+00    151.475 280.117019    5.58446    35.2587    35.2899    27.3332    1488.82    1490.52 0.0000e+00
       3659    158.000     8.9116     8.9109   3.737764   3.740651     2.1293      98.73     0.0116 5.1273e-02 1.9438e+00    152.433 280.117030    5.58121    35.2566    35.2877    27.3338    1488.78    1490.51 0.0000e+00
       3679    159.000     8.9032     8.9029   3.737013   3.739964     2.1274      51.28     0.0175 5.1281e-02 1.9438e+00    153.266 280.117040    5.55849    35.2566    35.2879    27.3351    1488.77    1490.50 0.0000e+00
       3697    160.000     8.9027     8.9024   3.737036   3.739990     2.1257      67.72     0.0168 5.1282e-02 1.9438e+00    154.002 280.117049    5.56540    35.2569    35.2882    27.3354    1488.78    1490.49 0.0000e+00
       3714    161.000     8.8990     8.8988   3.736736   3.739686     2.1258      99.16     0.0166 5.1273e-02 1.9438e+00    154.697 280.117057    5.57571    35.2569    35.2881    27.3361    1488.78    1490.48 0.0000e+00
       3730    162.000     8.8962     8.8956   3.736500   3.739409     2.1258      98.73     0.0160 5.1273e-02 1.9438e+00    155.384 280.117065    5.57847    35.2567    35.2879    27.3364    1488.79    1490.47 0.0000e+00
       3749    163.000     8.8908     8.8902   3.735957   3.738861     2.1263      98.73     0.0158 5.1259e-02 1.9438e+00    156.163 280.117074    5.58930    35.2559    35.2870    27.3366    1488.79    1490.46 0.0000e+00
       3772    164.000     8.8776     8.8772   3.734600   3.737529     2.1279      98.73     0.0175 5.1284e-02 1.9438e+00    157.131 280.117085    5.59974    35.2543    35.2855    27.3374    1488.75    1490.45 0.0000e+00
       3801    165.000     8.8637     8.8640   3.733218   3.736217     2.1292      98.73     0.0182 5.1273e-02 1.9438e+00    158.334 280.117099    5.60035    35.2530    35.2843    27.3387    1488.72    1490.44 0.0000e+00
       3829    166.000     8.8583     8.8579   3.732692   3.735629     2.1295      98.73     0.0204 5.1273e-02 1.9438e+00    159.493 280.117112    5.59715    35.2524    35.2837    27.3390    1488.71    1490.42 0.0000e+00
       3850    167.000     8.8519     8.8518   3.732106   3.735051     2.1296      98.73     0.0211 5.1273e-02 1.9438e+00    160.388 280.117123    5.60052    35.2521    35.2832    27.3398    1488.70    1490.41 0.0000e+00
       3869    168.000     8.8424     8.8418   3.731173   3.734064     2.1297      98.73     0.0186 5.1273e-02 1.9438e+00    161.173 280.117132    5.59984    35.2512    35.2823    27.3407    1488.68    1490.40 0.0000e+00
       3888    169.000     8.8350     8.8347   3.730461   3.733402     2.1293      98.73     0.0159 5.1250e-02 1.9438e+00    161.952 280.117141    5.59571    35.2506    35.2819    27.3414    1488.67    1490.39 0.0000e+00
       3908    170.000     8.8317     8.8313   3.730170   3.733109     2.1285      98.73     0.0164 5.1273e-02 1.9438e+00    162.787 280.117150    5.59390    35.2503    35.2817    27.3417    1488.68    1490.38 0.0000e+00
       3930    171.000     8.8270     8.8266   3.729719   3.732643     2.1276      98.73     0.0182 5.1273e-02 1.9438e+00    163.697 280.117161    5.58589    35.2498    35.2810    27.3420    1488.67    1490.37 0.0000e+00
       3953    172.000     8.8139     8.8137   3.728393   3.731325     2.1260      98.73     0.0157 5.1273e-02 1.9438e+00    164.655 280.117172    5.59684    35.2483    35.2794    27.3429    1488.64    1490.36 0.0000e+00
       3974    173.000     8.8105     8.8102   3.728124   3.731055     2.1276      98.73     0.0176 5.1273e-02 1.9438e+00    165.553 280.117182    5.61757    35.2484    35.2796    27.3435    1488.64    1490.35 0.0000e+00
       3993    174.000     8.8092     8.8091   3.728021   3.730979     2.1291      98.73     0.0156 5.1273e-02 1.9438e+00    166.335 280.117191    5.61883    35.2481    35.2794    27.3435    1488.66    1490.34 0.0000e+00
       4011    175.000     8.8003     8.8000   3.727171   3.730098     2.1295      98.73     0.0147 5.1273e-02 1.9438e+00    167.065 280.117200    5.61242    35.2475    35.2787    27.3445    1488.64    1490.33 0.0000e+00
       4029    176.000     8.7819     8.7816   3.725339   3.728204     2.1291      98.73     0.0159 5.1273e-02 1.9438e+00    167.834 280.117209    5.60948    35.2460    35.2765    27.3462    1488.59    1490.32 0.0000e+00
       4052    177.000     8.7578     8.7568   3.722676   3.725545     2.1290      98.28     0.0167 5.1273e-02 1.9438e+00    168.794 280.117220    5.61916    35.2414    35.2727    27.3465    1488.51    1490.31 0.0000e+00
       4088    178.000     8.7123     8.7119   3.717828   3.720699     2.1280      96.58     0.0152 5.1248e-02 1.9438e+00    170.276 280.117237    5.61159    35.2350    35.2657    27.3487    1488.35    1490.30 0.0000e+00
       4129    179.000     8.6996     8.6980   3.716407   3.719184     2.1269      98.89     0.0143 5.1275e-02 1.9438e+00    172.000 280.117257    5.61838    35.2322    35.2631    27.3484    1488.31    1490.29 0.0000e+00
       4150    180.000     8.6868     8.6858   3.715193   3.718049     2.1263      98.70     0.0158 5.1273e-02 1.9438e+00    172.875 280.117267    5.60497    35.2316    35.2628    27.3500    1488.28    1490.28 0.0000e+00
       4166    181.000     8.6916     8.6915   3.715802   3.718742     2.1246      98.70     0.0153 5.1264e-02 1.9438e+00    173.534 280.117275    5.59488    35.2328    35.2639    27.3502    1488.32    1490.27 0.0000e+00
       4181    182.000     8.6903     8.6899   3.715705   3.718610     2.1232      98.70     0.0142 5.1273e-02 1.9438e+00    174.160 280.117282    5.59613    35.2326    35.2637    27.3502    1488.33    1490.26 0.0000e+00
       4199    183.000     8.6909     8.6916   3.715800   3.718855     2.1223      98.71     0.0121 5.1273e-02 1.9438e+00    174.898 280.117291    5.60163    35.2325    35.2641    27.3501    1488.35    1490.25 0.0000e+00
       4221    184.000     8.6943     8.6951   3.716240   3.719277     2.1222      98.73     0.0122 5.1273e-02 1.9438e+00    175.823 280.117301    5.60513    35.2333    35.2646    27.3501    1488.38    1490.24 0.0000e+00
       4247    185.000     8.6960     8.6959   3.716467   3.719421     2.1212      62.50     0.0148 5.1284e-02 1.9438e+00    176.917 280.117314    5.59424    35.2335    35.2648    27.3500    1488.40    1490.23 0.0000e+00
       4272    186.000     8.6969     8.6963   3.716626   3.719532     2.1209      61.43     0.0140 5.1279e-02 1.9438e+00    177.979 280.117326    5.61292    35.2338    35.2651    27.3501    1488.42    1490.22 0.0000e+00
       4296    187.000     8.6962     8.6963   3.716613   3.719577     2.1221      98.80     0.0139 5.1273e-02 1.9438e+00    178.960 280.117337    5.60662    35.2339    35.2651    27.3503    1488.43    1490.21 0.0000e+00
       4318    188.000     8.6900     8.6901   3.716058   3.719017     2.1207      98.73     0.0154 5.1280e-02 1.9438e+00    179.893 280.117348    5.59586    35.2337    35.2649    27.3512    1488.43    1490.20 0.0000e+00
       4340    189.000     8.6859     8.6856   3.715704   3.718606     2.1203      98.73     0.0161 5.1273e-02 1.9438e+00    180.793 280.117359    5.60780    35.2336    35.2645    27.3517    1488.43    1490.19 0.0000e+00
       4360    190.000     8.6813     8.6804   3.715242   3.718093     2.1209      98.73     0.0147 5.1273e-02 1.9438e+00    181.624 280.117368    5.60799    35.2328    35.2638    27.3518    1488.43    1490.18 0.0000e+00
       4379    191.000     8.6626     8.6619   3.713321   3.716176     2.1202      98.73     0.0158 5.1273e-02 1.9438e+00    182.428 280.117378    5.60959    35.2306    35.2615    27.3531    1488.37    1490.17 0.0000e+00
       4398    192.000     8.6506     8.6500   3.712171   3.715059     2.1209      98.39     0.0156 5.1273e-02 1.9438e+00    183.214 280.117387    5.61174    35.2299    35.2611    27.3544    1488.34    1490.16 0.0000e+00
       4417    193.000     8.6488     8.6483   3.712000   3.714903     2.1198      97.18     0.0163 5.1265e-02 1.9438e+00    183.992 280.117396    5.59642    35.2294    35.2606    27.3543    1488.35    1490.15 0.0000e+00
       4437    194.000     8.6287     8.6276   3.709783   3.712578     2.1177      69.74     0.0162 5.1300e-02 1.9438e+00    184.821 280.117405    5.58954    35.2255    35.2562    27.3544    1488.29    1490.14 0.0000e+00
       4458    195.000     8.5969     8.5935   3.706298   3.708828     2.1164      51.49     0.0146 5.1280e-02 1.9438e+00    185.721 280.117416    5.60609    35.2198    35.2500    27.3549    1488.18    1490.13 0.0000e+00
       4482    196.000     8.5524     8.5548   3.701465   3.704680     2.1170      93.04     0.0163 5.1257e-02 1.9438e+00    186.720 280.117427    5.62111    35.2124    35.2441    27.3561    1488.02    1490.12 0.0000e+00
       4508    197.000     8.5362     8.5354   3.699733   3.702558     2.1169      74.54     0.0140 5.1273e-02 1.9438e+00    187.778 280.117440    5.61150    35.2097    35.2405    27.3566    1487.98    1490.11 0.0000e+00
       4531    198.000     8.5106     8.5081   3.696882   3.699500     2.1156      55.29     0.0141 5.1287e-02 -9.990e-29    188.749 280.117451    5.61804    35.2045    35.2348    27.3565    1487.89    1490.10 0.0000e+00
       4552    199.000     8.4629     8.4622   3.691730   3.694472     2.1160      95.76     0.0144 5.1258e-02 -9.990e-29    189.608 280.117461    5.62498    35.1969    35.2267    27.3579    1487.72    1490.09 0.0000e+00
       4571    200.000     8.3415     8.3434   3.678690   3.681471     2.1150      95.87     0.0174 5.1273e-02 -9.990e-29    190.419 280.117470    5.63356    35.1788    35.2066    27.3626    1487.26    1490.07 0.0000e+00
       4590    201.000     8.2628     8.2611   3.670531   3.673182     2.1144      95.76     0.0166 5.1273e-02 -9.990e-29    191.207 280.117479    5.63319    35.1700    35.2000    27.3678    1486.97    1490.06 0.0000e+00
       4611    202.000     8.2565     8.2574   3.669831   3.672791     2.1111      95.91     0.0184 5.1273e-02 1.9438e+00    192.067 280.117489    5.60743    35.1683    35.1990    27.3674    1486.96    1490.04 0.0000e+00
       4634    203.000     8.2535     8.2531   3.669530   3.672365     2.1069      96.09     0.0215 5.1267e-02 1.9438e+00    193.045 280.117501    5.59597    35.1676    35.1983    27.3673    1486.97    1490.03 0.0000e+00
       4659    204.000     8.2482     8.2477   3.669020   3.671853     2.1033      47.56     0.0228 5.1302e-02 1.9438e+00    194.094 280.117513    5.59865    35.1670    35.1978    27.3677    1486.96    1490.01 0.0000e+00
       4683    205.000     8.2434     8.2431   3.668598   3.671454     2.1027      86.94     0.0224 5.1272e-02 1.9438e+00    195.104 280.117524    5.61491    35.1668    35.1976    27.3683    1486.96    1490.00 0.0000e+00
       4704    206.000     8.2417     8.2413   3.668517   3.671372     2.1023      96.54     0.0212 5.1273e-02 1.9438e+00    195.952 280.117534    5.60381    35.1672    35.1981    27.3688    1486.97    1489.98 0.0000e+00
       4723    207.000     8.2403     8.2399   3.668438   3.671305     2.1004      96.28     0.0202 5.1273e-02 1.9438e+00    196.754 280.117543    5.59813    35.1672    35.1983    27.3691    1486.98    1489.97 0.0000e+00
       4743    208.000     8.2631     8.2656   3.671437   3.674772     2.1000      96.48     0.0182 5.1273e-02 1.9438e+00    197.581 280.117553    5.60574    35.1760    35.2091    27.3724    1487.09    1489.95 0.0000e+00
       4765    209.000     8.3165     8.3173   3.677775   3.680791     2.1000      95.80     0.0210 5.1267e-02 1.9438e+00    198.485 280.117564    5.59409    35.1897    35.2211    27.3750    1487.33    1489.94 0.0000e+00
       4789    210.000     8.3229     8.3233   3.678586   3.681582     2.0990      95.52     0.0205 5.1273e-02 1.9438e+00    199.498 280.117575    5.59095    35.1915    35.2230    27.3754    1487.37    1489.93 0.0000e+00
       4813    211.000     8.3261     8.3275   3.679035   3.682103     2.0987      95.89     0.0212 5.1273e-02 1.9438e+00    200.499 280.117587    5.59066    35.1926    35.2239    27.3758    1487.40    1489.92 0.0000e+00
       4835    212.000     8.3117     8.3109   3.677466   3.680317     2.0984      96.32     0.0199 5.1259e-02 1.9438e+00    201.398 280.117597    5.60251    35.1898    35.2210    27.3758    1487.36    1489.91 0.0000e+00
       4855    213.000     8.3134     8.3124   3.677915   3.680747     2.0997      96.87     0.0169 5.1280e-02 1.9438e+00    202.252 280.117607    5.61050    35.1924    35.2236    27.3776    1487.39    1489.89 0.0000e+00
       4875    214.000     8.3121     8.3105   3.677912   3.680675     2.1001      97.08     0.0159 5.1273e-02 1.9438e+00    203.099 280.117617    5.60924    35.1932    35.2242    27.3784    1487.40    1489.88 0.0000e+00
       4897    215.000     8.2753     8.2805   3.673619   3.677280     2.1009      97.96     0.0170 5.1273e-02 1.9438e+00    204.004 280.117627    5.61888    35.1837    35.2176    27.3766    1487.27    1489.87 0.0000e+00
       4921    216.000     8.1710     8.1764   3.662430   3.665822     2.1013      97.06     0.0195 5.1273e-02 1.9438e+00    204.980 280.117639    5.62037    35.1680    35.1989    27.3803    1486.87    1489.86 0.0000e+00
       4944    217.000     8.1726     8.1725   3.662767   3.665684     2.0983      62.90     0.0182 5.1266e-02 1.9438e+00    205.944 280.117650    5.58628    35.1695    35.2008    27.3812    1486.90    1489.84 0.0000e+00
       4965    218.000     8.1936     8.1933   3.665447   3.668352     2.0953      67.77     0.0187 5.1273e-02 1.9438e+00    206.848 280.117660    5.59356    35.1767    35.2081    27.3836    1487.00    1489.83 0.0000e+00
       4985    219.000     8.1963     8.1958   3.665830   3.668706     2.0952      97.88     0.0186 5.1273e-02 1.9438e+00    207.667 280.117670    5.60066    35.1776    35.2089    27.3839    1487.03    1489.82 0.0000e+00
