_data/ctd/2018/sta0396_2018.cnv
* Sea-Bird SBE 9 Data File:
* FileName = C:\Seabird\CTDData\sta0396.hex
* Software Version Seasave V 7.21f
* Temperature SN = 4557
* Conductivity SN = 1337
* Number of Bytes Per Scan = 40
* Number of Voltage Words = 5
* Number of Scans Averaged by the Deck Unit = 1
* NMEA Latitude = 60 45.12 N
* NMEA Longitude = 000 15.66 W
* NMEA UTC (Time) = Oct 09 2018 05:54:24
* NMEA baud rate = 4800
** Ship: 10 F/F "G. O. Sars"
** Station: 0396
** Echodepth: 93
** Log: 4770
** Wind-Dir Force: 32 04
** Air-temp (dry): 9.5
** Weather Sky: 2 8
** Sea Ice: 3 0
# nquan = 20                                
# nvalues = 82                          
# units = specified
# name 0 = scan: Scan Count
# name 1 = prDM: Pressure, Digiquartz [db]
# name 2 = t068C: Temperature [ITS-68, deg C]
# name 3 = t168C: Temperature, 2 [ITS-68, deg C]
# name 4 = c0S/m: Conductivity [S/m]
# name 5 = c1S/m: Conductivity, 2 [S/m]
# name 6 = sbeox0V: Oxygen raw, SBE 43 [V]
# name 7 = altM: Altimeter [m]
# name 8 = flC: Fluorescence, Chelsea Aqua 3 Chl Con [ug/l]
# name 9 = par: PAR/Irradiance, Biospherical/Licor
# name 10 = spar: SPAR/Surface Irradiance
# name 11 = timeS: Time, Elapsed [seconds]
# name 12 = timeJ: Julian Days
# name 13 = sbeox0ML/L: Oxygen, SBE 43 [ml/l], WS = 2
# name 14 = sal00: Salinity, Practical [PSU]
# name 15 = sal11: Salinity, Practical, 2 [PSU]
# name 16 = sigma-t00: Density [sigma-t, Kg/m^3 ]
# name 17 = svCM: Sound Velocity [Chen-Millero, m/s]
# name 18 = avgsvCM: Average Sound Velocity [Chen-Millero, m/s], minP = 1, minS = 5
# name 19 = flag: flag
# span 0 =         73,       2480       
# span 1 =      5.000,     86.000       
# span 2 =    10.9891,    11.0707       
# span 3 =    10.9896,    11.0710       
# span 4 =   3.929448,   3.933199       
# span 5 =   3.931211,   3.935105       
# span 6 =     2.2432,     2.2753       
# span 7 =       8.18,      84.42       
# span 8 =     0.1587,     0.2060       
# span 9 = 5.1222e-02, 1.0420e+00       
# span 10 = 1.9438e+00, 1.9438e+00      
# span 11 =      2.987,    103.285      
# span 12 = 282.246180, 282.247341      
# span 13 =    5.63478,    5.69888      
# span 14 =    35.2148,    35.2281      
# span 15 =    35.2336,    35.2463      
# span 16 =    26.9305,    26.9557      
# span 17 =    1493.95,    1495.02      
# span 18 =    1493.95,    1494.50      
# span 19 = 0.0000e+00, 0.0000e+00      
# interval = decibars: 1                
# start_time = Oct 09 2018 05:54:27 [System UTC, header]
# bad_flag = -9.990e-29
*END*
         73      5.000    11.0705    11.0705   3.932248   3.934145     2.2753      84.05     0.1784 1.0420e+00 1.9438e+00      2.987 282.246180    5.68370    35.2148    35.2337    26.9305    1493.95    1493.95 0.0000e+00
        493      6.000    11.0707    11.0710   3.932339   3.934233     2.2689      84.42     0.1800 8.4194e-01 1.9438e+00     20.497 282.246383    5.65379    35.2150    35.2337    26.9307    1493.97    1493.95 0.0000e+00
        529      7.000    11.0687    11.0689   3.932173   3.934066     2.2669      82.95     0.1757 6.5972e-01 -9.990e-29     21.992 282.246400    5.66002    35.2148    35.2336    26.9309    1493.98    1493.96 0.0000e+00
        569      8.000    11.0684    11.0686   3.932212   3.934094     2.2709      81.30     0.1779 6.5109e-01 -9.990e-29     23.679 282.246420    5.69163    35.2151    35.2337    26.9311    1493.99    1493.96 0.0000e+00
        597      9.000    11.0679    11.0686   3.932253   3.934174     2.2724      80.21     0.1758 4.8986e-01 1.9438e+00     24.826 282.246433    5.67718    35.2155    35.2340    26.9315    1494.01    1493.97 0.0000e+00
        616     10.000    11.0673    11.0679   3.932266   3.934176     2.2715      79.67     0.1729 4.0532e-01 1.9438e+00     25.620 282.246442    5.66667    35.2157    35.2343    26.9318    1494.02    1493.97 0.0000e+00
        632     11.000    11.0663    11.0667   3.932231   3.934132     2.2702      79.34     0.1722 3.0505e-01 1.9438e+00     26.302 282.246450    5.66343    35.2159    35.2345    26.9321    1494.04    1493.98 0.0000e+00
        647     12.000    11.0680    11.0686   3.932411   3.934341     2.2693      78.62     0.1741 3.0986e-01 1.9438e+00     26.937 282.246457    5.66659    35.2156    35.2343    26.9316    1494.06    1493.99 0.0000e+00
        663     13.000    11.0679    11.0683   3.932462   3.934357     2.2694      77.65     0.1752 2.4173e-01 1.9438e+00     27.581 282.246465    5.66706    35.2158    35.2343    26.9318    1494.08    1493.99 0.0000e+00
        679     14.000    11.0667    11.0671   3.932414   3.934300     2.2686      76.65     0.1755 1.8000e-01 1.9438e+00     28.258 282.246473    5.65669    35.2160    35.2344    26.9321    1494.09    1494.00 0.0000e+00
        697     15.000    11.0660    11.0663   3.932404   3.934287     2.2664      76.89     0.1750 1.7622e-01 1.9438e+00     29.011 282.246482    5.65235    35.2161    35.2346    26.9324    1494.10    1494.01 0.0000e+00
        717     16.000    11.0666    11.0669   3.932498   3.934382     2.2659      78.65     0.1761 1.4049e-01 -9.990e-29     29.828 282.246491    5.66863    35.2160    35.2346    26.9322    1494.12    1494.01 0.0000e+00
        739     17.000    11.0660    11.0664   3.932487   3.934391     2.2681      77.26     0.1794 1.4129e-01 -9.990e-29     30.749 282.246502    5.68775    35.2160    35.2347    26.9323    1494.13    1494.02 0.0000e+00
        765     18.000    11.0652    11.0658   3.932469   3.934387     2.2709      76.01     0.1863 1.1659e-01 -9.990e-29     31.818 282.246514    5.69845    35.2162    35.2347    26.9325    1494.15    1494.03 0.0000e+00
        794     19.000    11.0638    11.0642   3.932388   3.934297     2.2738      74.70     0.1854 1.1330e-01 1.9438e+00     33.036 282.246528    5.69888    35.2162    35.2349    26.9329    1494.16    1494.03 0.0000e+00
        823     20.000    11.0597    11.0606   3.932109   3.934045     2.2734      73.31     0.1860 1.1307e-01 1.9438e+00     34.246 282.246542    5.68426    35.2169    35.2354    26.9342    1494.16    1494.04 0.0000e+00
        848     21.000    11.0570    11.0575   3.931952   3.933836     2.2726      72.37     0.1892 9.3336e-02 1.9438e+00     35.284 282.246554    5.69084    35.2175    35.2358    26.9351    1494.17    1494.05 0.0000e+00
        870     22.000    11.0570    11.0575   3.931994   3.933886     2.2731      71.37     0.1978 8.8244e-02 1.9438e+00     36.192 282.246565    5.68689    35.2175    35.2359    26.9351    1494.19    1494.05 0.0000e+00
        890     23.000    11.0571    11.0577   3.932058   3.933960     2.2716      70.48     0.1904 6.4952e-02 1.9438e+00     37.027 282.246574    5.67459    35.2175    35.2360    26.9351    1494.20    1494.06 0.0000e+00
        909     24.000    11.0570    11.0576   3.932091   3.933999     2.2700      69.75     0.1849 6.1678e-02 1.9438e+00     37.825 282.246584    5.66431    35.2175    35.2360    26.9351    1494.22    1494.07 0.0000e+00
        928     25.000    11.0568    11.0574   3.932125   3.934034     2.2671      68.84     0.1828 5.4166e-02 1.9438e+00     38.637 282.246593    5.65624    35.2176    35.2361    26.9352    1494.24    1494.07 0.0000e+00
        948     26.000    11.0565    11.0569   3.932161   3.934046     2.2655      67.91     0.1826 5.1257e-02 1.9438e+00     39.478 282.246603    5.66097    35.2178    35.2362    26.9354    1494.25    1494.08 0.0000e+00
        969     27.000    11.0566    11.0562   3.932212   3.934035     2.2648      66.99     0.1809 5.1222e-02 1.9438e+00     40.317 282.246613    5.66074    35.2177    35.2364    26.9354    1494.27    1494.09 0.0000e+00
        989     28.000    11.0564    11.0566   3.932248   3.934126     2.2636      66.16     0.1796 5.1252e-02 1.9438e+00     41.167 282.246622    5.66064    35.2178    35.2364    26.9355    1494.28    1494.09 0.0000e+00
       1009     29.000    11.0566    11.0572   3.932317   3.934220     2.2637      65.03     0.1859 5.1251e-02 1.9438e+00     42.019 282.246632    5.67609    35.2179    35.2363    26.9355    1494.30    1494.10 0.0000e+00
       1030     30.000    11.0564    11.0573   3.932347   3.934271     2.2660      63.90     0.1842 5.1266e-02 -9.990e-29     42.894 282.246642    5.68577    35.2179    35.2363    26.9355    1494.32    1494.11 0.0000e+00
       1053     31.000    11.0538    11.0548   3.932219   3.934144     2.2665      62.87     0.1836 5.1261e-02 -9.990e-29     43.813 282.246653    5.67931    35.2187    35.2370    26.9366    1494.33    1494.12 0.0000e+00
       1078     32.000    11.0539    11.0544   3.932265   3.934144     2.2670      61.54     0.1827 5.1263e-02 -9.990e-29     44.876 282.246665    5.68091    35.2186    35.2369    26.9365    1494.34    1494.12 0.0000e+00
       1110     33.000    11.0539    11.0545   3.932316   3.934196     2.2663      60.27     0.1770 5.1265e-02 1.9438e+00     46.195 282.246680    5.67624    35.2187    35.2369    26.9366    1494.36    1494.13 0.0000e+00
       1149     34.000    11.0544    11.0550   3.932391   3.934279     2.2672      59.18     0.1794 5.1269e-02 1.9438e+00     47.827 282.246699    5.68367    35.2185    35.2368    26.9363    1494.38    1494.14 0.0000e+00
       1180     35.000    11.0523    11.0531   3.932306   3.934205     2.2662      58.40     0.1816 5.1273e-02 1.9438e+00     49.139 282.246715    5.66829    35.2192    35.2374    26.9373    1494.39    1494.14 0.0000e+00
       1201     36.000    11.0507    11.0512   3.932296   3.934184     2.2647      57.80     0.1813 5.1273e-02 1.9438e+00     49.997 282.246725    5.66533    35.2202    35.2386    26.9383    1494.40    1494.15 0.0000e+00
       1218     37.000    11.0514    11.0517   3.932371   3.934261     2.2638      56.99     0.1752 5.1256e-02 -9.990e-29     50.712 282.246733    5.66564    35.2198    35.2384    26.9379    1494.42    1494.16 0.0000e+00
       1237     38.000    11.0517    11.0522   3.932429   3.934327     2.2630      55.91     0.1718 5.1273e-02 -9.990e-29     51.496 282.246742    5.66748    35.2196    35.2381    26.9377    1494.44    1494.17 0.0000e+00
       1258     39.000    11.0512    11.0511   3.932463   3.934328     2.2631      54.70     0.1730 5.1260e-02 -9.990e-29     52.371 282.246752    5.67571    35.2200    35.2387    26.9381    1494.45    1494.17 0.0000e+00
       1280     40.000    11.0498    11.0503   3.932443   3.934327     2.2638      53.82     0.1689 5.1273e-02 -9.990e-29     53.312 282.246763    5.67739    35.2207    35.2390    26.9389    1494.46    1494.18 0.0000e+00
       1303     41.000    11.0498    11.0506   3.932491   3.934391     2.2638      52.76     0.1604 5.1260e-02 1.9438e+00     54.268 282.246774    5.67502    35.2207    35.2389    26.9389    1494.48    1494.19 0.0000e+00
       1326     42.000    11.0488    11.0495   3.932430   3.934331     2.2635      51.45     0.1622 5.1267e-02 1.9438e+00     55.220 282.246785    5.67601    35.2206    35.2389    26.9390    1494.49    1494.20 0.0000e+00
       1350     43.000    11.0486    11.0492   3.932458   3.934360     2.2637      50.69     0.1658 5.1273e-02 1.9438e+00     56.216 282.246796    5.67578    35.2206    35.2391    26.9391    1494.51    1494.20 0.0000e+00
       1375     44.000    11.0481    11.0488   3.932477   3.934362     2.2631      49.53     0.1689 5.1273e-02 1.9438e+00     57.269 282.246809    5.66997    35.2208    35.2390    26.9393    1494.52    1494.21 0.0000e+00
       1401     45.000    11.0486    11.0490   3.932544   3.934433     2.2615      48.60     0.1718 5.1267e-02 1.9438e+00     58.343 282.246821    5.65486    35.2206    35.2391    26.9390    1494.54    1494.22 0.0000e+00
       1426     46.000    11.0489    11.0495   3.932624   3.934520     2.2584      47.62     0.1693 5.1273e-02 1.9438e+00     59.358 282.246833    5.65008    35.2206    35.2390    26.9390    1494.56    1494.22 0.0000e+00
       1448     47.000    11.0488    11.0495   3.932681   3.934578     2.2583      46.57     0.1691 5.1273e-02 1.9438e+00     60.277 282.246844    5.67346    35.2208    35.2391    26.9392    1494.58    1494.23 0.0000e+00
       1468     48.000    11.0482    11.0490   3.932728   3.934615     2.2608      45.60     0.1671 5.1273e-02 1.9438e+00     61.118 282.246853    5.68434    35.2214    35.2395    26.9398    1494.59    1494.24 0.0000e+00
       1487     49.000    11.0482    11.0488   3.932769   3.934669     2.2614      44.87     0.1604 5.1273e-02 1.9438e+00     61.911 282.246862    5.67608    35.2214    35.2398    26.9397    1494.61    1494.25 0.0000e+00
       1506     50.000    11.0483    11.0489   3.932835   3.934725     2.2613      44.13     0.1665 5.1252e-02 1.9438e+00     62.714 282.246872    5.66800    35.2215    35.2398    26.9398    1494.62    1494.25 0.0000e+00
       1527     51.000    11.0483    11.0489   3.932893   3.934780     2.2597      43.07     0.2060 5.1279e-02 -9.990e-29     63.563 282.246882    5.65565    35.2216    35.2399    26.9399    1494.64    1494.26 0.0000e+00
       1548     52.000    11.0486    11.0492   3.932963   3.934849     2.2577      42.15     0.1907 5.1273e-02 -9.990e-29     64.474 282.246892    5.65802    35.2216    35.2399    26.9398    1494.66    1494.27 0.0000e+00
       1571     53.000    11.0489    11.0495   3.933050   3.934935     2.2579      41.17     0.1777 5.1273e-02 -9.990e-29     65.407 282.246903    5.66008    35.2217    35.2400    26.9399    1494.68    1494.28 0.0000e+00
       1593     54.000    11.0487    11.0493   3.933056   3.934945     2.2560      40.13     0.1749 5.1273e-02 1.9438e+00     66.345 282.246914    5.64363    35.2215    35.2398    26.9397    1494.69    1494.28 0.0000e+00
       1616     55.000    11.0488    11.0495   3.933127   3.935000     2.2539      39.16     0.1698 5.1273e-02 1.9438e+00     67.279 282.246925    5.65183    35.2217    35.2397    26.9398    1494.71    1494.29 0.0000e+00
       1638     56.000    11.0473    11.0475   3.933062   3.934910     2.2555      38.29     0.1735 5.1273e-02 1.9438e+00     68.208 282.246935    5.67530    35.2220    35.2403    26.9404    1494.72    1494.30 0.0000e+00
       1661     57.000    11.0468    11.0474   3.933074   3.934952     2.2575      37.20     0.1843 5.1273e-02 1.9438e+00     69.157 282.246946    5.67129    35.2222    35.2404    26.9406    1494.73    1494.31 0.0000e+00
       1684     58.000    11.0467    11.0474   3.933120   3.935009     2.2572      36.15     0.1740 5.1273e-02 1.9438e+00     70.126 282.246957    5.66872    35.2223    35.2405    26.9407    1494.75    1494.32 0.0000e+00
       1707     59.000    11.0464    11.0470   3.933155   3.935029     2.2577      35.26     0.1697 5.1273e-02 1.9438e+00     71.079 282.246969    5.66764    35.2224    35.2406    26.9409    1494.77    1494.32 0.0000e+00
       1729     60.000    11.0463    11.0471   3.933185   3.935078     2.2567      34.20     0.1698 5.1273e-02 -9.990e-29     72.011 282.246979    5.65699    35.2224    35.2405    26.9409    1494.78    1494.33 0.0000e+00
       1751     61.000    11.0460    11.0468   3.933199   3.935105     2.2549      33.16     0.1669 5.1273e-02 -9.990e-29     72.927 282.246990    5.64347    35.2224    35.2406    26.9409    1494.80    1494.34 0.0000e+00
       1773     62.000    11.0448    11.0457   3.933151   3.935052     2.2519      32.18     0.1628 5.1273e-02 -9.990e-29     73.848 282.247001    5.63478    35.2226    35.2407    26.9413    1494.81    1494.35 0.0000e+00
       1796     63.000    11.0426    11.0436   3.933012   3.934925     2.2498      31.03     0.1587 5.1273e-02 1.9438e+00     74.788 282.247011    5.63638    35.2228    35.2410    26.9419    1494.82    1494.35 0.0000e+00
       1818     64.000    11.0423    11.0429   3.933033   3.934898     2.2492      29.90     0.1607 5.1280e-02 1.9438e+00     75.710 282.247022    5.64867    35.2229    35.2410    26.9420    1494.84    1494.36 0.0000e+00
       1839     65.000    11.0416    11.0424   3.933010   3.934908     2.2504      28.90     0.1589 5.1273e-02 1.9438e+00     76.602 282.247032    5.65547    35.2229    35.2411    26.9421    1494.85    1494.37 0.0000e+00
       1861     66.000    11.0391    11.0400   3.932861   3.934738     2.2504      28.26     0.1623 5.1273e-02 1.9438e+00     77.503 282.247043    5.65116    35.2233    35.2412    26.9429    1494.86    1494.38 0.0000e+00
       1883     67.000    11.0358    11.0365   3.932601   3.934497     2.2504      27.26     0.1660 5.1273e-02 1.9438e+00     78.418 282.247053    5.65238    35.2234    35.2417    26.9436    1494.86    1494.38 0.0000e+00
       1905     68.000    11.0079    11.0167   3.930236   3.932772     2.2503      26.25     0.1641 5.1266e-02 1.9438e+00     79.333 282.247064    5.65998    35.2261    35.2430    26.9508    1494.78    1494.39 0.0000e+00
       1926     69.000    11.0066    11.0068   3.930173   3.931999     2.2514      25.35     0.1679 5.1280e-02 -9.990e-29     80.214 282.247074    5.66173    35.2263    35.2444    26.9511    1494.80    1494.40 0.0000e+00
       1947     70.000    11.0209    11.0206   3.931454   3.933265     2.2502      24.38     0.1647 5.1280e-02 -9.990e-29     81.069 282.247084    5.64232    35.2249    35.2433    26.9475    1494.86    1494.40 0.0000e+00
       1967     71.000    11.0103    11.0146   3.930540   3.932740     2.2482      23.33     0.1696 5.1273e-02 -9.990e-29     81.929 282.247094    5.64202    35.2255    35.2434    26.9498    1494.84    1494.41 0.0000e+00
       1989     72.000    11.0023    11.0038   3.929933   3.931871     2.2478      22.37     0.1703 5.1279e-02 1.9438e+00     82.847 282.247105    5.64667    35.2267    35.2446    26.9522    1494.83    1494.41 0.0000e+00
       2013     73.000    10.9977    10.9982   3.929586   3.931440     2.2468      21.21     0.1666 5.1285e-02 1.9438e+00     83.849 282.247116    5.65290    35.2271    35.2452    26.9534    1494.83    1494.42 0.0000e+00
       2038     74.000    10.9961    10.9976   3.929485   3.931420     2.2487      20.09     0.1620 5.1297e-02 1.9438e+00     84.868 282.247128    5.66391    35.2272    35.2451    26.9538    1494.84    1494.43 0.0000e+00
       2061     75.000    10.9961    10.9959   3.929536   3.931211     2.2484      19.16     0.1668 5.1273e-02 1.9438e+00     85.817 282.247139    5.65276    35.2273    35.2442    26.9538    1494.86    1494.43 0.0000e+00
       2083     76.000    10.9975    10.9968   3.929704   3.931462     2.2478      18.03     0.1685 5.1293e-02 1.9438e+00     86.746 282.247150    5.64630    35.2272    35.2454    26.9535    1494.88    1494.44 0.0000e+00
