_data/ctd/2018/sta0388_2018.cnv
* Sea-Bird SBE 9 Data File:
* FileName = C:\Seabird\CTDData\sta0388.hex
* Software Version Seasave V 7.21f
* Temperature SN = 4557
* Conductivity SN = 1337
* Number of Bytes Per Scan = 40
* Number of Voltage Words = 5
* Number of Scans Averaged by the Deck Unit = 1
* NMEA Latitude = 60 45.11 N
* NMEA Longitude = 003 47.02 E
* NMEA UTC (Time) = Oct 07 2018 04:54:19
* NMEA baud rate = 4800
** Ship: 10 F/F "G. O. Sars"
** Station: 0388
** Echodepth: 325
** Log: 4512.8
** Wind-Dir Force: 21 10
** Air-temp (dry): 8.2
** Weather Sky: 2 7
** Sea Ice: 3 0
# nquan = 20                                
# nvalues = 319                         
# units = specified
# name 0 = scan: Scan Count
# name 1 = prDM: Pressure, Digiquartz [db]
# name 2 = t068C: Temperature [ITS-68, deg C]
# name 3 = t168C: Temperature, 2 [ITS-68, deg C]
# name 4 = c0S/m: Conductivity [S/m]
# name 5 = c1S/m: Conductivity, 2 [S/m]
# name 6 = sbeox0V: Oxygen raw, SBE 43 [V]
# name 7 = altM: Altimeter [m]
# name 8 = flC: Fluorescence, Chelsea Aqua 3 Chl Con [ug/l]
# name 9 = par: PAR/Irradiance, Biospherical/Licor
# name 10 = spar: SPAR/Surface Irradiance
# name 11 = timeS: Time, Elapsed [seconds]
# name 12 = timeJ: Julian Days
# name 13 = sbeox0ML/L: Oxygen, SBE 43 [ml/l], WS = 2
# name 14 = sal00: Salinity, Practical [PSU]
# name 15 = sal11: Salinity, Practical, 2 [PSU]
# name 16 = sigma-t00: Density [sigma-t, Kg/m^3 ]
# name 17 = svCM: Sound Velocity [Chen-Millero, m/s]
# name 18 = avgsvCM: Average Sound Velocity [Chen-Millero, m/s], minP = 1, minS = 5
# name 19 = flag: flag
# span 0 =         53,       7482       
# span 1 =      3.000,    321.000       
# span 2 =     6.8685,    11.0633       
# span 3 =     6.8678,    11.0799       
# span 4 =   3.544695,   3.920074       
# span 5 =   3.547454,   3.923206       
# span 6 =     2.0268,     2.3381       
# span 7 =     -28.63,     100.31       
# span 8 =     0.0104,     0.8043       
# span 9 = 5.1248e-02, 1.3508e+00       
# span 10 = 1.9438e+00, 1.9438e+00      
# span 11 =      2.184,    311.717      
# span 12 = 280.204435, 280.208017      
# span 13 =    5.49352,    5.97484      
# span 14 =    33.4099,    35.2927      
# span 15 =    33.4106,    35.3244      
# span 16 =    25.5266,    27.5593      
# span 17 =    1483.51,    1494.51      
# span 18 =    1489.01,    1492.96      
# span 19 = 0.0000e+00, 0.0000e+00      
# interval = decibars: 1                
# start_time = Oct 07 2018 04:54:21 [System UTC, header]
# bad_flag = -9.990e-29
*END*
[from data line 73]
       2028     76.000     9.3984     9.3978   3.774986   3.777882     2.1779      98.73     0.0301 5.1273e-02 1.9438e+00     84.457 280.205387    5.62185    35.2037    35.2344    27.2130    1489.15    1492.49 0.0000e+00
       2053     77.000     9.3835     9.3829   3.773678   3.776582     2.1772      98.73     0.0290 5.1267e-02 1.9438e+00     85.491 280.205399    5.62185    35.2043    35.2351    27.2159    1489.11    1492.44 0.0000e+00
       2078     78.000     9.3689     9.3683   3.772721   3.775636     2.1750      79.08     0.0362 5.1261e-02 1.9438e+00     86.544 280.205411    5.60995    35.2082    35.2391    27.2214    1489.08    1492.40 0.0000e+00
       2100     79.000     9.3510     9.3506   3.771171   3.774082     2.1744      98.58     0.0316 5.1273e-02 1.9438e+00     87.469 280.205422    5.62124    35.2092    35.2399    27.2252    1489.03    1492.36 0.0000e+00
       2120     80.000     9.3469     9.3464   3.771189   3.774152     2.1735      98.73     0.0292 5.1273e-02 1.9438e+00     88.298 280.205432    5.61915    35.2130    35.2443    27.2288    1489.04    1492.31 0.0000e+00
       2139     81.000     9.3335     9.3326   3.770437   3.773337     2.1734      98.73     0.0278 5.1273e-02 1.9438e+00     89.079 280.205441    5.62556    35.2179    35.2490    27.2348    1489.01    1492.27 0.0000e+00
       2158     82.000     9.3236     9.3231   3.769633   3.772593     2.1735      98.73     0.0277 5.1266e-02 1.9438e+00     89.866 280.205450    5.63157    35.2188    35.2501    27.2372    1488.99    1492.23 0.0000e+00
       2178     83.000     9.3310     9.3309   3.770934   3.773990     2.1742      98.73     0.0247 5.1273e-02 1.9438e+00     90.707 280.205460    5.63393    35.2246    35.2565    27.2405    1489.04    1492.19 0.0000e+00
       2199     84.000     9.3560     9.3562   3.774477   3.777589     2.1740      98.73     0.0263 5.1273e-02 1.9438e+00     91.593 280.205470    5.61602    35.2364    35.2686    27.2456    1489.17    1492.16 0.0000e+00
       2221     85.000     9.3576     9.3574   3.775284   3.778301     2.1719      81.31     0.0250 5.1266e-02 1.9438e+00     92.494 280.205480    5.60555    35.2427    35.2743    27.2503    1489.20    1492.12 0.0000e+00
       2242     86.000     9.3511     9.3505   3.775038   3.778023     2.1711      95.92     0.0228 5.1266e-02 1.9438e+00     93.395 280.205491    5.61313    35.2461    35.2777    27.2540    1489.19    1492.09 0.0000e+00
       2265     87.000     9.3489     9.3491   3.774912   3.777974     2.1706      98.70     0.0205 5.1273e-02 1.9438e+00     94.323 280.205501    5.61372    35.2465    35.2781    27.2546    1489.20    1492.06 0.0000e+00
       2289     88.000     9.3458     9.3450   3.774785   3.777768     2.1695      98.73     0.0220 5.1273e-02 1.9438e+00     95.347 280.205513    5.60096    35.2477    35.2796    27.2561    1489.21    1492.02 0.0000e+00
       2314     89.000     9.3178     9.3171   3.772105   3.775082     2.1673      97.53     0.0189 5.1273e-02 1.9438e+00     96.382 280.205525    5.59681    35.2470    35.2787    27.2601    1489.12    1491.99 0.0000e+00
       2335     90.000     9.3245     9.3242   3.773061   3.776106     2.1657      97.60     0.0182 5.1265e-02 1.9438e+00     97.265 280.205535    5.58844    35.2498    35.2818    27.2613    1489.17    1491.96 0.0000e+00
       2354     91.000     9.3231     9.3231   3.773040   3.776068     2.1637      96.83     0.0226 5.1265e-02 1.9438e+00     98.026 280.205544    5.57657    35.2505    35.2821    27.2621    1489.18    1491.93 0.0000e+00
       2371     92.000     9.3147     9.3143   3.772297   3.775297     2.1610      64.04     0.0235 5.1273e-02 1.9438e+00     98.739 280.205553    5.58043    35.2506    35.2822    27.2635    1489.16    1491.90 0.0000e+00
       2388     93.000     9.3154     9.3150   3.772564   3.775592     2.1613      97.66     0.0222 5.1265e-02 1.9438e+00     99.475 280.205561    5.59367    35.2522    35.2842    27.2647    1489.19    1491.87 0.0000e+00
       2409     94.000     9.3239     9.3237   3.773829   3.776873     2.1611      97.27     0.0241 5.1273e-02 1.9438e+00    100.313 280.205571    5.58869    35.2565    35.2884    27.2666    1489.24    1491.84 0.0000e+00
       2433     95.000     9.3303     9.3300   3.774943   3.777966     2.1598      98.71     0.0213 5.1273e-02 1.9438e+00    101.322 280.205582    5.57727    35.2613    35.2931    27.2693    1489.28    1491.81 0.0000e+00
       2460     96.000     9.3266     9.3265   3.774800   3.777854     2.1582      98.73     0.0217 5.1279e-02 1.9438e+00    102.441 280.205595    5.57202    35.2630    35.2949    27.2713    1489.29    1491.79 0.0000e+00
       2484     97.000     9.3489     9.3491   3.777681   3.780789     2.1564      98.73     0.0212 5.1273e-02 1.9438e+00    103.439 280.205607    5.55254    35.2705    35.3027    27.2735    1489.40    1491.76 0.0000e+00
       2504     98.000     9.3549     9.3547   3.778506   3.781562     2.1529      84.54     0.0197 5.1250e-02 1.9438e+00    104.284 280.205617    5.53338    35.2727    35.3048    27.2742    1489.44    1491.74 0.0000e+00
       2523     99.000     9.3553     9.3542   3.778600   3.781574     2.1503      81.71     0.0196 5.1265e-02 1.9438e+00    105.064 280.205626    5.53853    35.2729    35.3049    27.2742    1489.46    1491.72 0.0000e+00
       2542    100.000     9.3616     9.3618   3.779528   3.782652     2.1493      99.02     0.0213 5.1266e-02 1.9438e+00    105.868 280.205635    5.54135    35.2758    35.3081    27.2755    1489.50    1491.69 0.0000e+00
       2562    101.000     9.3593     9.3590   3.779390   3.782418     2.1480      98.73     0.0250 5.1273e-02 1.9438e+00    106.724 280.205645    5.53073    35.2762    35.3080    27.2762    1489.51    1491.67 0.0000e+00
       2583    102.000     9.3515     9.3511   3.778646   3.781688     2.1455      98.73     0.0217 5.1273e-02 1.9438e+00    107.603 280.205655    5.52089    35.2757    35.3077    27.2771    1489.49    1491.65 0.0000e+00
       2604    103.000     9.3437     9.3434   3.777866   3.780881     2.1433      98.73     0.0203 5.1273e-02 1.9438e+00    108.461 280.205665    5.51595    35.2748    35.3064    27.2776    1489.48    1491.63 0.0000e+00
       2625    104.000     9.3261     9.3260   3.776084   3.779130     2.1412      98.73     0.0215 5.1273e-02 1.9438e+00    109.330 280.205675    5.51328    35.2731    35.3049    27.2792    1489.43    1491.61 0.0000e+00
       2648    105.000     9.2975     9.2968   3.773417   3.776385     2.1392      98.73     0.0216 5.1273e-02 1.9438e+00    110.296 280.205686    5.52200    35.2731    35.3047    27.2839    1489.34    1491.59 0.0000e+00
       2673    106.000     9.2929     9.2925   3.773271   3.776292     2.1392      98.73     0.0261 5.1267e-02 1.9438e+00    111.326 280.205698    5.52698    35.2756    35.3075    27.2867    1489.35    1491.57 0.0000e+00
       2696    107.000     9.2913     9.2908   3.773433   3.776470     2.1381      98.73     0.0231 5.1273e-02 1.9438e+00    112.285 280.205709    5.51297    35.2784    35.3106    27.2891    1489.36    1491.55 0.0000e+00
       2716    108.000     9.3234     9.3228   3.777614   3.780633     2.1361      98.73     0.0210 5.1257e-02 1.9438e+00    113.119 280.205719    5.50198    35.2898    35.3218    27.2928    1489.51    1491.53 0.0000e+00
       2734    109.000     9.3234     9.3232   3.777670   3.780714     2.1351      98.73     0.0180 5.1265e-02 1.9438e+00    113.872 280.205728    5.50435    35.2899    35.3218    27.2928    1489.52    1491.51 0.0000e+00
       2752    110.000     9.3172     9.3171   3.777087   3.780140     2.1344      98.73     0.0195 5.1257e-02 1.9438e+00    114.614 280.205736    5.50768    35.2895    35.3214    27.2935    1489.52    1491.49 0.0000e+00
       2770    111.000     9.3155     9.3153   3.776956   3.779994     2.1340      98.73     0.0202 5.1266e-02 1.9438e+00    115.390 280.205745    5.50768    35.2893    35.3212    27.2937    1489.53    1491.47 0.0000e+00
       2791    112.000     9.3130     9.3127   3.776755   3.779789     2.1333      81.05     0.0179 5.1266e-02 1.9438e+00    116.257 280.205755    5.50486    35.2892    35.3211    27.2940    1489.54    1491.46 0.0000e+00
       2816    113.000     9.3118     9.3116   3.776757   3.779800     2.1330      86.12     0.0187 5.1278e-02 1.9438e+00    117.279 280.205767    5.51538    35.2900    35.3219    27.2948    1489.55    1491.44 0.0000e+00
       2842    114.000     9.3078     9.3076   3.776550   3.779567     2.1341      98.71     0.0183 5.1273e-02 1.9438e+00    118.394 280.205780    5.52090    35.2913    35.3229    27.2965    1489.55    1491.42 0.0000e+00
       2867    115.000     9.3067     9.3065   3.776509   3.779533     2.1343      98.73     0.0209 5.1273e-02 1.9438e+00    119.401 280.205792    5.51587    35.2915    35.3232    27.2968    1489.56    1491.41 0.0000e+00
       2887    116.000     9.3067     9.3064   3.776589   3.779621     2.1339      98.73     0.0206 5.1273e-02 1.9438e+00    120.265 280.205802    5.51022    35.2918    35.3237    27.2971    1489.58    1491.39 0.0000e+00
       2906    117.000     9.3057     9.3054   3.776625   3.779635     2.1329      98.73     0.0193 5.1266e-02 1.9438e+00    121.060 280.205811    5.50256    35.2927    35.3244    27.2980    1489.60    1491.37 0.0000e+00
       2926    118.000     9.3024     9.3021   3.776358   3.779362     2.1314      98.73     0.0184 5.1273e-02 1.9438e+00    121.872 280.205820    5.49352    35.2927    35.3243    27.2985    1489.60    1491.36 0.0000e+00
       2946    119.000     9.2869     9.2865   3.774763   3.777743     2.1295      51.60     0.0191 5.1273e-02 1.9438e+00    122.704 280.205830    5.50357    35.2909    35.3224    27.2997    1489.56    1491.34 0.0000e+00
       2966    120.000     9.2719     9.2712   3.773244   3.776189     2.1307      99.71     0.0177 5.1273e-02 1.9438e+00    123.536 280.205840    5.51968    35.2894    35.3208    27.3010    1489.52    1491.33 0.0000e+00
       2985    121.000     9.2621     9.2618   3.772284   3.775272     2.1309      98.73     0.0132 5.1273e-02 1.9438e+00    124.352 280.205849    5.51880    35.2886    35.3201    27.3019    1489.50    1491.31 0.0000e+00
       3005    122.000     9.2564     9.2559   3.771710   3.774672     2.1311      98.73     0.0124 5.1266e-02 1.9438e+00    125.156 280.205858    5.51116    35.2878    35.3192    27.3022    1489.49    1491.30 0.0000e+00
       3025    123.000     9.2463     9.2459   3.770699   3.773696     2.1296      98.73     0.0154 5.1273e-02 1.9438e+00    126.003 280.205868    5.50693    35.2868    35.3184    27.3031    1489.47    1491.28 0.0000e+00
       3048    124.000     9.2423     9.2419   3.770334   3.773315     2.1295      98.73     0.0161 5.1273e-02 1.9438e+00    126.969 280.205879    5.52260    35.2864    35.3179    27.3035    1489.47    1491.27 0.0000e+00
       3076    125.000     9.2389     9.2385   3.770017   3.773001     2.1311      82.35     0.0176 5.1273e-02 1.9438e+00    128.114 280.205893    5.52877    35.2860    35.3176    27.3037    1489.47    1491.26 0.0000e+00
       3104    126.000     9.2367     9.2364   3.769856   3.772858     2.1320      83.73     0.0166 5.1268e-02 1.9438e+00    129.297 280.205906    5.54067    35.2860    35.3177    27.3041    1489.48    1491.24 0.0000e+00
       3128    127.000     9.2215     9.2213   3.768373   3.771368     2.1343      98.84     0.0174 5.1273e-02 1.9438e+00    130.299 280.205918    5.55080    35.2851    35.3166    27.3058    1489.44    1491.23 0.0000e+00
       3147    128.000     9.2169     9.2165   3.768014   3.771001     2.1354      98.73     0.0152 5.1273e-02 1.9438e+00    131.090 280.205927    5.53990    35.2854    35.3170    27.3069    1489.44    1491.21 0.0000e+00
       3165    129.000     9.2105     9.2103   3.767435   3.770436     2.1341      98.73     0.0163 5.1273e-02 1.9438e+00    131.818 280.205936    5.52275    35.2852    35.3168    27.3077    1489.44    1491.20 0.0000e+00
       3181    130.000     9.2080     9.2077   3.767276   3.770269     2.1323      98.73     0.0175 5.1273e-02 1.9438e+00    132.503 280.205943    5.52243    35.2856    35.3171    27.3084    1489.44    1491.19 0.0000e+00
       3198    131.000     9.2071     9.2069   3.767246   3.770244     2.1319      98.73     0.0191 5.1273e-02 1.9438e+00    133.228 280.205952    5.53546    35.2857    35.3172    27.3087    1489.46    1491.17 0.0000e+00
       3218    132.000     9.2054     9.2051   3.767127   3.770128     2.1328      93.36     0.0174 5.1273e-02 1.9438e+00    134.026 280.205961    5.54526    35.2856    35.3173    27.3089    1489.47    1491.16 0.0000e+00
       3239    133.000     9.2040     9.2037   3.767033   3.770030     2.1337      61.81     0.0187 5.1273e-02 1.9438e+00    134.910 280.205971    5.55504    35.2856    35.3172    27.3091    1489.48    1491.15 0.0000e+00
       3263    134.000     9.2012     9.2009   3.766774   3.769770     2.1356      98.29     0.0181 5.1262e-02 1.9438e+00    135.925 280.205983    5.55466    35.2852    35.3168    27.3092    1489.48    1491.13 0.0000e+00
       3291    135.000     9.1933     9.1931   3.766009   3.769007     2.1347      82.19     0.0186 5.1268e-02 1.9438e+00    137.071 280.205996    5.53381    35.2845    35.3160    27.3100    1489.47    1491.12 0.0000e+00
       3318    136.000     9.1886     9.1883   3.765576   3.768559     2.1327      74.97     0.0198 5.1267e-02 1.9438e+00    138.203 280.206009    5.53527    35.2842    35.3156    27.3105    1489.47    1491.11 0.0000e+00
       3341    137.000     9.1823     9.1820   3.764951   3.767926     2.1320      98.76     0.0181 5.1273e-02 1.9438e+00    139.168 280.206020    5.53166    35.2834    35.3148    27.3109    1489.46    1491.10 0.0000e+00
       3361    138.000     9.1623     9.1620   3.762921   3.765890     2.1307      98.73     0.0182 5.1273e-02 1.9438e+00    139.995 280.206030    5.53499    35.2815    35.3128    27.3127    1489.40    1491.09 0.0000e+00
       3379    139.000     9.1501     9.1498   3.761740   3.764711     2.1308      98.73     0.0187 5.1273e-02 1.9438e+00    140.746 280.206039    5.54642    35.2807    35.3121    27.3141    1489.37    1491.07 0.0000e+00
       3397    140.000     9.1449     9.1445   3.761239   3.764200     2.1314      98.73     0.0193 5.1273e-02 1.9438e+00    141.497 280.206047    5.55261    35.2802    35.3115    27.3145    1489.37    1491.06 0.0000e+00
       3416    141.000     9.1398     9.1395   3.760741   3.763728     2.1321      98.73     0.0170 5.1281e-02 1.9438e+00    142.284 280.206057    5.55395    35.2795    35.3111    27.3148    1489.37    1491.05 0.0000e+00
       3436    142.000     9.1354     9.1352   3.760329   3.763320     2.1320      83.84     0.0172 5.1273e-02 1.9438e+00    143.117 280.206066    5.54773    35.2791    35.3106    27.3152    1489.37    1491.04 0.0000e+00
       3456    143.000     9.1311     9.1309   3.759915   3.762906     2.1318      57.20     0.0172 5.1287e-02 1.9438e+00    143.958 280.206076    5.56286    35.2786    35.3100    27.3155    1489.37    1491.03 0.0000e+00
       3476    144.000     9.1233     9.1230   3.759153   3.762127     2.1338      98.50     0.0151 5.1273e-02 1.9438e+00    144.787 280.206086    5.57255    35.2778    35.3092    27.3162    1489.35    1491.01 0.0000e+00
       3496    145.000     9.1194     9.1191   3.758784   3.761780     2.1343      98.73     0.0159 5.1273e-02 1.9438e+00    145.633 280.206095    5.56111    35.2773    35.3090    27.3164    1489.36    1491.00 0.0000e+00
       3521    146.000     9.1153     9.1150   3.758396   3.761382     2.1331      54.20     0.0163 5.1287e-02 1.9438e+00    146.666 280.206107    5.55529    35.2769    35.3084    27.3167    1489.36    1490.99 0.0000e+00
