_data/ctd/2018/sta0387_2018.cnv
* Sea-Bird SBE 9 Data File:
* FileName = C:\Seabird\CTDData\sta0387.hex
* Software Version Seasave V 7.21f
* Temperature SN = 4557
* Conductivity SN = 1337
* Number of Bytes Per Scan = 40
* Number of Voltage Words = 5
* Number of Scans Averaged by the Deck Unit = 1
* NMEA Latitude = 60 44.94 N
* NMEA Longitude = 003 57.27 E
* NMEA UTC (Time) = Oct 07 2018 03:50:29
* NMEA baud rate = 4800
** Ship: 10 F/F "G. O. Sars"
** Station: 0387
** Echodepth: 314
** Log: 4507.402
** Wind-Dir Force: 22 07
** Air-temp (dry): 7.8
** Weather Sky: 2 7
** Sea Ice: 3 0
# nquan = 20                                
# nvalues = 305                         
# units = specified
# name 0 = scan: Scan Count
# name 1 = prDM: Pressure, Digiquartz [db]
# name 2 = t068C: Temperature [ITS-68, deg C]
# name 3 = t168C: Temperature, 2 [ITS-68, deg C]
# name 4 = c0S/m: Conductivity [S/m]
# name 5 = c1S/m: Conductivity, 2 [S/m]
# name 6 = sbeox0V: Oxygen raw, SBE 43 [V]
# name 7 = altM: Altimeter [m]
# name 8 = flC: Fluorescence, Chelsea Aqua 3 Chl Con [ug/l]
# name 9 = par: PAR/Irradiance, Biospherical/Licor
# name 10 = spar: SPAR/Surface Irradiance
# name 11 = timeS: Time, Elapsed [seconds]
# name 12 = timeJ: Julian Days
# name 13 = sbeox0ML/L: Oxygen, SBE 43 [ml/l], WS = 2
# name 14 = sal00: Salinity, Practical [PSU]
# name 15 = sal11: Salinity, Practical, 2 [PSU]
# name 16 = sigma-t00: Density [sigma-t, Kg/m^3 ]
# name 17 = svCM: Sound Velocity [Chen-Millero, m/s]
# name 18 = avgsvCM: Average Sound Velocity [Chen-Millero, m/s], minP = 1, minS = 5
# name 19 = flag: flag
# span 0 =        444,       7415       
# span 1 =      3.000,    307.000       
# span 2 =     6.6579,    11.7578       
# span 3 =     6.6584,    11.7579       
# span 4 =   3.524189,   3.953245       
# span 5 =   3.526999,   3.956392       
# span 6 =     1.9861,     2.3272       
# span 7 =      12.94,      99.99       
# span 8 =     0.0091,     0.4699       
# span 9 = 5.1203e-02, 1.8438e+00       
# span 10 = 1.9438e+00, 1.9438e+00      
# span 11 =     18.472,    308.919      
# span 12 = 280.160295, 280.163656      
# span 13 =    5.29071,    5.85900      
# span 14 =    33.0680,    35.3190      
# span 15 =    33.0966,    35.3509      
# span 16 =    25.1595,    27.5866      
# span 17 =    1482.52,    1495.78      
# span 18 =    1489.48,    1494.44      
# span 19 = 0.0000e+00, 0.0000e+00      
# interval = decibars: 1                
# start_time = Oct 07 2018 03:50:31 [System UTC, header]
# bad_flag = -9.990e-29
*END*
[from data line 73]
       2234     76.000     9.7753     9.7753   3.817422   3.820507     2.1812      98.74     0.0321 5.1273e-02 1.9438e+00     93.029 280.161158    5.57763    35.2727    35.3045    27.2038    1490.60    1493.77 0.0000e+00
       2252     77.000     9.7828     9.7828   3.819061   3.822146     2.1813      98.74     0.0290 5.1273e-02 1.9438e+00     93.803 280.161167    5.59866    35.2818    35.3136    27.2096    1490.65    1493.73 0.0000e+00
       2272     78.000     9.7804     9.7800   3.819112   3.822110     2.1833      98.74     0.0247 5.1273e-02 1.9438e+00     94.638 280.161176    5.60358    35.2842    35.3155    27.2119    1490.66    1493.69 0.0000e+00
       2295     79.000     9.7775     9.7769   3.818971   3.821967     2.1825      98.74     0.0248 5.1273e-02 1.9438e+00     95.568 280.161187    5.58089    35.2851    35.3166    27.2131    1490.67    1493.66 0.0000e+00
       2319     80.000     9.7625     9.7586   3.817744   3.820350     2.1802      98.74     0.0253 5.1273e-02 1.9438e+00     96.584 280.161199    5.57175    35.2867    35.3174    27.2169    1490.64    1493.62 0.0000e+00
       2344     81.000     9.6976     9.6967   3.811761   3.814705     2.1773      98.74     0.0220 5.1273e-02 1.9438e+00     97.608 280.161211    5.56428    35.2882    35.3195    27.2291    1490.42    1493.58 0.0000e+00
       2366     82.000     9.6964     9.6961   3.811729   3.814738     2.1739      98.74     0.0241 5.1266e-02 1.9438e+00     98.529 280.161221    5.55246    35.2886    35.3200    27.2296    1490.43    1493.54 0.0000e+00
       2386     83.000     9.6945     9.6940   3.811652   3.814665     2.1713      98.74     0.0213 5.1280e-02 1.9438e+00     99.383 280.161231    5.55298    35.2892    35.3208    27.2304    1490.44    1493.50 0.0000e+00
       2406     84.000     9.6920     9.6917   3.811542   3.814565     2.1699      98.74     0.0191 5.1273e-02 1.9438e+00    100.198 280.161241    5.55328    35.2900    35.3216    27.2314    1490.45    1493.47 0.0000e+00
       2426     85.000     9.6840     9.6835   3.810886   3.813890     2.1683      60.44     0.0208 5.1273e-02 1.9438e+00    101.028 280.161250    5.55126    35.2907    35.3222    27.2333    1490.44    1493.43 0.0000e+00
       2447     86.000     9.6724     9.6718   3.810020   3.813007     2.1674      75.89     0.0251 5.1273e-02 1.9438e+00    101.896 280.161260    5.55501    35.2926    35.3241    27.2368    1490.42    1493.39 0.0000e+00
       2468     87.000     9.6623     9.6619   3.809192   3.812193     2.1665      98.89     0.0232 5.1266e-02 1.9438e+00    102.798 280.161271    5.55121    35.2935    35.3249    27.2392    1490.40    1493.36 0.0000e+00
       2489     88.000     9.6492     9.6487   3.808218   3.811232     2.1649      98.74     0.0223 5.1273e-02 1.9438e+00    103.676 280.161281    5.54005    35.2959    35.3275    27.2432    1490.37    1493.33 0.0000e+00
       2509     89.000     9.6373     9.6367   3.807191   3.810158     2.1626      98.74     0.0216 5.1266e-02 1.9438e+00    104.506 280.161291    5.53506    35.2965    35.3277    27.2457    1490.34    1493.29 0.0000e+00
       2529     90.000     9.6088     9.6082   3.804446   3.807400     2.1612      98.74     0.0223 5.1266e-02 1.9438e+00    105.334 280.161300    5.54133    35.2956    35.3268    27.2498    1490.26    1493.26 0.0000e+00
       2550     91.000     9.5990     9.5985   3.803556   3.806564     2.1598      98.74     0.0243 5.1273e-02 1.9438e+00    106.214 280.161310    5.53083    35.2956    35.3272    27.2514    1490.24    1493.23 0.0000e+00
       2573     92.000     9.6029     9.6018   3.804104   3.807071     2.1570      98.74     0.0235 5.1273e-02 1.9438e+00    107.182 280.161322    5.52694    35.2970    35.3287    27.2518    1490.27    1493.19 0.0000e+00
       2597     93.000     9.6114     9.6111   3.805457   3.808523     2.1567      98.74     0.0200 5.1267e-02 1.9438e+00    108.177 280.161333    5.54152    35.3021    35.3341    27.2545    1490.32    1493.16 0.0000e+00
       2620     94.000     9.6093     9.6089   3.805507   3.808547     2.1573      98.74     0.0204 5.1273e-02 1.9438e+00    109.126 280.161344    5.54923    35.3042    35.3361    27.2565    1490.33    1493.13 0.0000e+00
       2641     95.000     9.5966     9.5963   3.804468   3.807505     2.1586      98.73     0.0206 5.1251e-02 1.9438e+00    110.005 280.161354    5.55333    35.3055    35.3372    27.2596    1490.31    1493.10 0.0000e+00
       2661     96.000     9.5857     9.5851   3.803614   3.806614     2.1584      96.96     0.0187 5.1280e-02 1.9438e+00    110.819 280.161364    5.54322    35.3069    35.3386    27.2625    1490.28    1493.07 0.0000e+00
       2680     97.000     9.5811     9.5807   3.803485   3.806530     2.1573      95.95     0.0162 5.1273e-02 1.9438e+00    111.632 280.161373    5.53376    35.3096    35.3416    27.2654    1490.29    1493.04 0.0000e+00
       2700     98.000     9.5804     9.5800   3.803608   3.806648     2.1553      96.84     0.0166 5.1266e-02 1.9438e+00    112.474 280.161383    5.51588    35.3111    35.3430    27.2667    1490.30    1493.02 0.0000e+00
       2721     99.000     9.5780     9.5776   3.803531   3.806577     2.1519      44.09     0.0188 5.1266e-02 1.9438e+00    113.349 280.161393    5.50716    35.3122    35.3442    27.2680    1490.31    1492.99 0.0000e+00
       2743    100.000     9.5757     9.5753   3.803472   3.806518     2.1497      98.84     0.0188 5.1273e-02 1.9438e+00    114.250 280.161403    5.49882    35.3134    35.3453    27.2693    1490.32    1492.96 0.0000e+00
       2764    101.000     9.5743     9.5740   3.803509   3.806531     2.1461      98.74     0.0157 5.1273e-02 1.9438e+00    115.142 280.161414    5.48386    35.3147    35.3463    27.2705    1490.33    1492.94 0.0000e+00
       2785    102.000     9.5729     9.5727   3.803581   3.806649     2.1429      98.74     0.0166 5.1273e-02 1.9438e+00    116.013 280.161424    5.47269    35.3163    35.3483    27.2720    1490.35    1492.91 0.0000e+00
       2806    103.000     9.5763     9.5759   3.804135   3.807183     2.1394      98.74     0.0179 5.1273e-02 1.9438e+00    116.865 280.161434    5.46450    35.3183    35.3502    27.2730    1490.38    1492.89 0.0000e+00
       2826    104.000     9.5767     9.5764   3.804291   3.807346     2.1371      98.74     0.0194 5.1273e-02 1.9438e+00    117.712 280.161443    5.46253    35.3190    35.3509    27.2735    1490.40    1492.86 0.0000e+00
       2847    105.000     9.5737     9.5731   3.804005   3.807022     2.1344      98.74     0.0185 5.1273e-02 1.9438e+00    118.593 280.161454    5.44968    35.3185    35.3504    27.2736    1490.40    1492.84 0.0000e+00
       2870    106.000     9.5649     9.5646   3.803103   3.806126     2.1308      98.74     0.0205 5.1261e-02 1.9438e+00    119.534 280.161465    5.43749    35.3174    35.3490    27.2742    1490.39    1492.82 0.0000e+00
       2894    107.000     9.5584     9.5579   3.802492   3.805511     2.1276      98.74     0.0221 5.1273e-02 1.9438e+00    120.552 280.161476    5.43330    35.3170    35.3487    27.2750    1490.38    1492.79 0.0000e+00
       2919    108.000     9.5466     9.5461   3.801344   3.804340     2.1244      98.43     0.0209 5.1273e-02 1.9438e+00    121.565 280.161488    5.42579    35.3162    35.3478    27.2764    1490.35    1492.77 0.0000e+00
       2940    109.000     9.5397     9.5394   3.800709   3.803734     2.1225      98.74     0.0185 5.1273e-02 1.9438e+00    122.438 280.161498    5.43230    35.3160    35.3476    27.2773    1490.34    1492.75 0.0000e+00
       2958    110.000     9.5355     9.5353   3.800280   3.803294     2.1221      98.74     0.0185 5.1273e-02 1.9438e+00    123.216 280.161507    5.44067    35.3152    35.3466    27.2774    1490.34    1492.73 0.0000e+00
       2976    111.000     9.5193     9.5183   3.798511   3.801390     2.1221      98.74     0.0176 5.1273e-02 1.9438e+00    123.953 280.161516    5.44432    35.3123    35.3432    27.2779    1490.30    1492.70 0.0000e+00
       2994    112.000     9.4906     9.4897   3.795467   3.798367     2.1219      98.74     0.0167 5.1266e-02 1.9438e+00    124.722 280.161525    5.44607    35.3086    35.3396    27.2797    1490.21    1492.68 0.0000e+00
       3015    113.000     9.4772     9.4768   3.794099   3.797092     2.1217      98.74     0.0175 5.1273e-02 1.9438e+00    125.568 280.161534    5.45272    35.3071    35.3386    27.2808    1490.17    1492.66 0.0000e+00
       3036    114.000     9.4731     9.4729   3.793685   3.796695     2.1223      98.74     0.0186 5.1273e-02 1.9438e+00    126.473 280.161545    5.46045    35.3064    35.3378    27.2809    1490.17    1492.64 0.0000e+00
       3059    115.000     9.4620     9.4615   3.792541   3.795526     2.1233      98.74     0.0176 5.1260e-02 1.9438e+00    127.421 280.161556    5.46882    35.3050    35.3365    27.2817    1490.15    1492.62 0.0000e+00
       3083    116.000     9.4446     9.4438   3.790748   3.793699     2.1245      98.74     0.0168 5.1273e-02 1.9438e+00    128.404 280.161567    5.46795    35.3030    35.3345    27.2830    1490.10    1492.59 0.0000e+00
       3106    117.000     9.4306     9.4302   3.789382   3.792359     2.1238      56.41     0.0175 5.1273e-02 1.9438e+00    129.386 280.161579    5.47266    35.3022    35.3335    27.2847    1490.06    1492.57 0.0000e+00
       3129    118.000     9.4191     9.4187   3.788247   3.791233     2.1260      99.58     0.0156 5.1280e-02 1.9438e+00    130.331 280.161589    5.49276    35.3013    35.3327    27.2859    1490.04    1492.55 0.0000e+00
       3150    119.000     9.4089     9.4084   3.787254   3.790235     2.1276      98.74     0.0154 5.1273e-02 1.9438e+00    131.228 280.161600    5.49491    35.3005    35.3320    27.2870    1490.01    1492.53 0.0000e+00
       3170    120.000     9.4015     9.4010   3.786627   3.789608     2.1283      98.74     0.0161 5.1273e-02 1.9438e+00    132.055 280.161609    5.49141    35.3008    35.3323    27.2885    1490.00    1492.51 0.0000e+00
       3189    121.000     9.3972     9.3971   3.786332   3.789352     2.1284      98.74     0.0196 5.1273e-02 1.9438e+00    132.850 280.161619    5.48808    35.3015    35.3330    27.2897    1490.01    1492.49 0.0000e+00
       3208    122.000     9.3932     9.3930   3.786008   3.789022     2.1281      91.32     0.0172 5.1258e-02 1.9438e+00    133.627 280.161628    5.48914    35.3016    35.3332    27.2905    1490.01    1492.47 0.0000e+00
       3227    123.000     9.3902     9.3903   3.785717   3.788769     2.1283      98.69     0.0155 5.1273e-02 -9.990e-29    134.433 280.161637    5.49537    35.3011    35.3327    27.2906    1490.01    1492.45 0.0000e+00
       3249    124.000     9.3850     9.3844   3.785225   3.788204     2.1288      98.74     0.0179 5.1279e-02 -9.990e-29    135.321 280.161647    5.49342    35.3006    35.3322    27.2911    1490.01    1492.43 0.0000e+00
       3273    125.000     9.3788     9.3784   3.784673   3.787665     2.1281      98.74     0.0205 5.1273e-02 -9.990e-29    136.326 280.161659    5.48728    35.3005    35.3321    27.2920    1490.00    1492.41 0.0000e+00
       3298    126.000     9.3778     9.3774   3.784653   3.787677     2.1271      98.74     0.0182 5.1273e-02 1.9438e+00    137.383 280.161671    5.49053    35.3009    35.3327    27.2924    1490.02    1492.39 0.0000e+00
       3321    127.000     9.3754     9.3751   3.784531   3.787525     2.1281      98.74     0.0153 5.1273e-02 1.9438e+00    138.330 280.161682    5.50422    35.3015    35.3329    27.2933    1490.02    1492.37 0.0000e+00
       3341    128.000     9.3629     9.3624   3.783357   3.786286     2.1287      98.74     0.0146 5.1273e-02 1.9438e+00    139.146 280.161692    5.50607    35.3011    35.3321    27.2951    1490.00    1492.35 0.0000e+00
       3359    129.000     9.3386     9.3377   3.780907   3.783793     2.1294      98.74     0.0180 5.1273e-02 1.9438e+00    139.917 280.161700    5.50891    35.2991    35.3301    27.2976    1489.92    1492.33 0.0000e+00
       3377    130.000     9.3177     9.3176   3.778717   3.781696     2.1295      97.54     0.0190 5.1273e-02 1.9438e+00    140.682 280.161709    5.49845    35.2965    35.3276    27.2989    1489.86    1492.31 0.0000e+00
       3397    131.000     9.3130     9.3128   3.778274   3.781279     2.1270      52.54     0.0197 5.1273e-02 1.9438e+00    141.485 280.161719    5.48784    35.2961    35.3276    27.2994    1489.86    1492.30 0.0000e+00
       3418    132.000     9.3018     9.3011   3.777134   3.780076     2.1262      98.51     0.0194 5.1267e-02 1.9438e+00    142.370 280.161729    5.49539    35.2948    35.3261    27.3002    1489.83    1492.28 0.0000e+00
       3442    133.000     9.2967     9.2964   3.776673   3.779654     2.1257      98.74     0.0180 5.1279e-02 1.9438e+00    143.369 280.161740    5.50474    35.2945    35.3259    27.3009    1489.83    1492.26 0.0000e+00
       3468    134.000     9.2866     9.2861   3.775694   3.778634     2.1268      98.74     0.0185 5.1273e-02 1.9438e+00    144.457 280.161753    5.51072    35.2938    35.3250    27.3020    1489.81    1492.24 0.0000e+00
       3493    135.000     9.2741     9.2739   3.774401   3.777371     2.1263      86.12     0.0196 5.1229e-02 1.9438e+00    145.510 280.161765    5.51046    35.2922    35.3234    27.3028    1489.78    1492.22 0.0000e+00
       3515    136.000     9.2559     9.2555   3.772540   3.775506     2.1278      98.92     0.0149 5.1273e-02 -9.990e-29    146.405 280.161776    5.52315    35.2903    35.3217    27.3043    1489.72    1492.20 0.0000e+00
       3534    137.000     9.2426     9.2427   3.771189   3.774184     2.1274      98.65     0.0160 5.1259e-02 -9.990e-29    147.228 280.161785    5.50784    35.2889    35.3201    27.3053    1489.69    1492.18 0.0000e+00
       3554    138.000     9.2349     9.2354   3.770407   3.773490     2.1259      98.39     0.0142 5.1257e-02 -9.990e-29    148.023 280.161794    5.50705    35.2879    35.3196    27.3058    1489.68    1492.17 0.0000e+00
       3572    139.000     9.2324     9.2320   3.770208   3.773178     2.1259      98.52     0.0153 5.1258e-02 -9.990e-29    148.793 280.161803    5.52518    35.2878    35.3192    27.3062    1489.68    1492.15 0.0000e+00
       3590    140.000     9.2300     9.2296   3.770005   3.772982     2.1277      98.67     0.0135 5.1273e-02 -9.990e-29    149.562 280.161812    5.54026    35.2876    35.3190    27.3064    1489.69    1492.13 0.0000e+00
       3610    141.000     9.2279     9.2275   3.769826   3.772809     2.1295      98.71     0.0144 5.1273e-02 1.9438e+00    150.368 280.161821    5.53777    35.2873    35.3188    27.3065    1489.70    1492.11 0.0000e+00
       3631    142.000     9.2230     9.2222   3.769371   3.772303     2.1295      98.73     0.0160 5.1273e-02 1.9438e+00    151.241 280.161832    5.53554    35.2869    35.3183    27.3070    1489.70    1492.10 0.0000e+00
       3655    143.000     9.2145     9.2144   3.768546   3.771566     2.1305      98.74     0.0165 5.1273e-02 1.9438e+00    152.268 280.161843    5.53110    35.2862    35.3179    27.3079    1489.68    1492.08 0.0000e+00
       3684    144.000     9.2125     9.2120   3.768402   3.771375     2.1280      69.35     0.0173 5.1273e-02 1.9438e+00    153.453 280.161857    5.52486    35.2862    35.3178    27.3082    1489.69    1492.06 0.0000e+00
       3710    145.000     9.2117     9.2114   3.768383   3.771361     2.1295      99.72     0.0139 5.1273e-02 1.9438e+00    154.536 280.161870    5.54098    35.2864    35.3178    27.3084    1489.71    1492.05 0.0000e+00
       3730    146.000     9.2054     9.2049   3.767803   3.770758     2.1293      98.74     0.0170 5.1273e-02 1.9438e+00    155.358 280.161879    5.53469    35.2861    35.3174    27.3092    1489.70    1492.03 0.0000e+00
