_data/ctd/2018/sta0393_2018.cnv
* Sea-Bird SBE 9 Data File:
* FileName = C:\Seabird\CTDData\sta0393.hex
* Software Version Seasave V 7.21f
* Temperature SN = 4557
* Conductivity SN = 1337
* Number of Bytes Per Scan = 40
* Number of Voltage Words = 5
* Number of Scans Averaged by the Deck Unit = 1
* NMEA Latitude = 60 45.02 N
* NMEA Longitude = 002 16.72 E
* NMEA UTC (Time) = Oct 08 2018 09:00:05
* NMEA baud rate = 4800
** Ship: 10 F/F "G. O. Sars"
** Station: 0393
** Echodepth: 125
** Log: 4628.13
** Wind-Dir Force: 22 25
** Air-temp (dry): 9.6
** Weather Sky: 8 8
** Sea Ice: 4 0
# nquan = 20                                
# nvalues = 114                         
# units = specified
# name 0 = scan: Scan Count
# name 1 = prDM: Pressure, Digiquartz [db]
# name 2 = t068C: Temperature [ITS-68, deg C]
# name 3 = t168C: Temperature, 2 [ITS-68, deg C]
# name 4 = c0S/m: Conductivity [S/m]
# name 5 = c1S/m: Conductivity, 2 [S/m]
# name 6 = sbeox0V: Oxygen raw, SBE 43 [V]
# name 7 = altM: Altimeter [m]
# name 8 = flC: Fluorescence, Chelsea Aqua 3 Chl Con [ug/l]
# name 9 = par: PAR/Irradiance, Biospherical/Licor
# name 10 = spar: SPAR/Surface Irradiance
# name 11 = timeS: Time, Elapsed [seconds]
# name 12 = timeJ: Julian Days
# name 13 = sbeox0ML/L: Oxygen, SBE 43 [ml/l], WS = 2
# name 14 = sal00: Salinity, Practical [PSU]
# name 15 = sal11: Salinity, Practical, 2 [PSU]
# name 16 = sigma-t00: Density [sigma-t, Kg/m^3 ]
# name 17 = svCM: Sound Velocity [Chen-Millero, m/s]
# name 18 = avgsvCM: Average Sound Velocity [Chen-Millero, m/s], minP = 1, minS = 5
# name 19 = flag: flag
# span 0 =        -83,       3508       
# span 1 =      6.000,    119.000       
# span 2 =     7.3484,    10.5243       
# span 3 =     7.3478,    10.5238       
# span 4 =   3.581733,   3.878630       
# span 5 =   3.583589,   3.880526       
# span 6 =     1.9031,     2.2916       
# span 7 =     -59.73,     108.49       
# span 8 =     0.0222,     0.1423       
# span 9 = 7.9805e-02, 3.3029e+01       
# span 10 = 1.6216e+02, 1.9833e+02      
# span 11 =     -3.506,    146.104      
# span 12 = 281.375052, 281.376784      
# span 13 =    4.95050,    5.83061      
# span 14 =    35.1729,    35.2714      
# span 15 =    35.1929,    35.2899      
# span 16 =    26.9984,    27.5087      
# span 17 =    1482.03,    1492.96      
# span 18 =    1489.59,    1492.47      
# span 19 = 0.0000e+00, 0.0000e+00      
# interval = decibars: 1                
# start_time = Oct 08 2018 09:00:08 [System UTC, header]
# bad_flag = -9.990e-29
*END*
        -83      6.000    10.5243    10.5238   3.876132   3.878126     2.2913     -59.73     0.1274 3.3029e+01 1.6216e+02     -3.506 281.375052    5.81435    35.1759    35.1965    26.9984    1492.00    1492.00 0.0000e+00
        446      7.000    10.5200    10.5196   3.875800   3.877755     2.2916     108.49     0.1198 2.9659e+01 1.7001e+02     18.524 281.375307    5.81120    35.1762    35.1964    26.9994    1492.00    1492.00 0.0000e+00
        587      8.000    10.5188    10.5184   3.875768   3.877714     2.2894      54.19     0.1180 2.6559e+01 1.7171e+02     24.423 281.375375    5.79785    35.1766    35.1967    26.9999    1492.02    1492.00 0.0000e+00
        604      9.000    10.5185    10.5184   3.875780   3.877757     2.2885      94.92     0.1205 2.3420e+01 1.7108e+02     25.126 281.375383    5.78835    35.1765    35.1966    26.9999    1492.03    1492.01 0.0000e+00
        625     10.000    10.5189    10.5185   3.875863   3.877822     2.2857      98.86     0.1222 2.1423e+01 1.7105e+02     26.016 281.375394    5.77613    35.1765    35.1967    26.9998    1492.05    1492.01 0.0000e+00
        647     11.000    10.5193    10.5188   3.875947   3.877877     2.2837      88.14     0.1249 2.0015e+01 1.7105e+02     26.904 281.375404    5.78163    35.1765    35.1965    26.9998    1492.07    1492.02 0.0000e+00
        667     12.000    10.5190    10.5186   3.875967   3.877916     2.2838      70.20     0.1201 1.9343e+01 1.7105e+02     27.739 281.375414    5.79612    35.1765    35.1967    26.9998    1492.08    1492.02 0.0000e+00
        686     13.000    10.5192    10.5188   3.876039   3.877984     2.2848      98.75     0.1175 1.8467e+01 1.7112e+02     28.559 281.375423    5.79030    35.1766    35.1967    26.9999    1492.10    1492.03 0.0000e+00
        707     14.000    10.5199    10.5197   3.876159   3.878112     2.2829      98.88     0.1236 1.7236e+01 1.7293e+02     29.406 281.375433    5.77769    35.1767    35.1967    26.9998    1492.12    1492.03 0.0000e+00
        728     15.000    10.5205    10.5200   3.876252   3.878180     2.2822      62.77     0.1261 1.6234e+01 1.7300e+02     30.312 281.375443    5.79414    35.1766    35.1966    26.9996    1492.14    1492.04 0.0000e+00
        754     16.000    10.5207    10.5203   3.876299   3.878245     2.2851      98.60     0.1197 1.4776e+01 1.7283e+02     31.389 281.375456    5.81132    35.1764    35.1965    26.9994    1492.15    1492.05 0.0000e+00
        784     17.000    10.5209    10.5206   3.876375   3.878296     2.2864      94.74     0.1197 1.4096e+01 1.7300e+02     32.625 281.375470    5.80445    35.1765    35.1963    26.9995    1492.17    1492.06 0.0000e+00
        809     18.000    10.5212    10.5211   3.876463   3.878429     2.2862      64.56     0.1168 1.3689e+01 1.7300e+02     33.686 281.375482    5.80327    35.1767    35.1967    26.9996    1492.19    1492.06 0.0000e+00
        828     19.000    10.5207    10.5204   3.876461   3.878392     2.2864      98.71     0.1172 1.2943e+01 1.7357e+02     34.454 281.375491    5.80343    35.1767    35.1965    26.9996    1492.20    1492.07 0.0000e+00
        844     20.000    10.5211    10.5210   3.876538   3.878466     2.2862      98.90     0.1129 1.2193e+01 1.7480e+02     35.106 281.375499    5.80063    35.1766    35.1962    26.9995    1492.22    1492.08 0.0000e+00
        859     21.000    10.5211    10.5207   3.876577   3.878472     2.2860      98.01     0.1392 1.1379e+01 1.7494e+02     35.758 281.375506    5.80091    35.1765    35.1961    26.9995    1492.24    1492.09 0.0000e+00
        879     22.000    10.5203    10.5200   3.876559   3.878482     2.2857      62.60     0.1423 1.0533e+01 1.7595e+02     36.581 281.375516    5.81263    35.1767    35.1964    26.9997    1492.25    1492.09 0.0000e+00
        930     23.000    10.5203    10.5198   3.876585   3.878521     2.2873      97.26     0.1250 9.8089e+00 1.7669e+02     38.713 281.375541    5.81209    35.1765    35.1966    26.9996    1492.27    1492.10 0.0000e+00
       1023     24.000    10.5208    10.5205   3.876703   3.878652     2.2843      48.69     0.1147 9.5158e+00 1.7631e+02     42.571 281.375585    5.79825    35.1767    35.1967    26.9997    1492.29    1492.11 0.0000e+00
       1039     25.000    10.5212    10.5210   3.876801   3.878697     2.2855      93.47     0.1114 8.7197e+00 1.7344e+02     43.245 281.375593    5.81332    35.1769    35.1963    26.9997    1492.31    1492.12 0.0000e+00
       1054     26.000    10.5214    10.5210   3.876850   3.878789     2.2860      99.00     0.1127 8.1480e+00 1.7764e+02     43.869 281.375600    5.81217    35.1767    35.1967    26.9995    1492.32    1492.12 0.0000e+00
       1077     27.000    10.5211    10.5206   3.876853   3.878788     2.2863      98.51     0.1137 7.6018e+00 1.7863e+02     44.853 281.375612    5.80826    35.1766    35.1966    26.9995    1492.34    1492.13 0.0000e+00
       1123     28.000    10.5210    10.5206   3.876903   3.878830     2.2840      97.37     0.1164 7.4114e+00 1.7884e+02     46.742 281.375634    5.79281    35.1767    35.1966    26.9996    1492.35    1492.14 0.0000e+00
       1146     29.000    10.5213    10.5209   3.876978   3.878905     2.2841      96.52     0.1153 7.3588e+00 1.7883e+02     47.720 281.375645    5.80896    35.1767    35.1966    26.9996    1492.37    1492.15 0.0000e+00
       1166     30.000    10.5215    10.5212   3.877045   3.878969     2.2847      95.74     0.1132 6.9086e+00 1.7909e+02     48.538 281.375654    5.80788    35.1767    35.1965    26.9996    1492.39    1492.16 0.0000e+00
       1188     31.000    10.5216    10.5212   3.877088   3.879020     2.2844      94.50     0.1095 6.5106e+00 1.8044e+02     49.451 281.375665    5.80172    35.1766    35.1966    26.9994    1492.41    1492.16 0.0000e+00
       1214     32.000    10.5215    10.5210   3.877122   3.879039     2.2834      93.23     0.1145 6.0991e+00 1.7910e+02     50.552 281.375678    5.80133    35.1766    35.1965    26.9994    1492.42    1492.17 0.0000e+00
       1243     33.000    10.5212    10.5210   3.877151   3.879081     2.2841      92.35     0.1239 5.6562e+00 1.7706e+02     51.754 281.375692    5.81202    35.1767    35.1965    26.9996    1492.44    1492.18 0.0000e+00
       1267     34.000    10.5212    10.5209   3.877201   3.879132     2.2846      91.61     0.1308 5.4109e+00 1.7885e+02     52.760 281.375703    5.80979    35.1768    35.1966    26.9996    1492.45    1492.19 0.0000e+00
       1286     35.000    10.5214    10.5211   3.877267   3.879217     2.2846      90.87     0.1281 5.1763e+00 1.7887e+02     53.531 281.375712    5.80763    35.1768    35.1968    26.9996    1492.47    1492.20 0.0000e+00
       1301     36.000    10.5217    10.5215   3.877332   3.879265     2.2843      90.57     0.1253 4.9080e+00 1.8059e+02     54.183 281.375720    5.80077    35.1767    35.1965    26.9995    1492.49    1492.20 0.0000e+00
       1317     37.000    10.5217    10.5214   3.877388   3.879330     2.2830      89.65     0.1217 4.6375e+00 1.8077e+02     54.838 281.375727    5.79283    35.1768    35.1968    26.9996    1492.50    1492.21 0.0000e+00
       1337     38.000    10.5217    10.5214   3.877375   3.879362     2.2816      88.29     0.1274 4.4050e+00 1.8232e+02     55.665 281.375737    5.79879    35.1762    35.1966    26.9991    1492.52    1492.22 0.0000e+00
       1363     39.000    10.5217    10.5214   3.877461   3.879404     2.2821      86.91     0.1147 4.1699e+00 1.8272e+02     56.757 281.375750    5.80516    35.1766    35.1966    26.9994    1492.54    1492.23 0.0000e+00
       1396     40.000    10.5218    10.5213   3.877523   3.879449     2.2817      85.60     0.1115 4.0230e+00 1.8272e+02     58.107 281.375765    5.79827    35.1767    35.1967    26.9995    1492.55    1492.24 0.0000e+00
       1424     41.000    10.5215    10.5213   3.877544   3.879483     2.2804      84.62     0.1187 3.8833e+00 1.8272e+02     59.290 281.375779    5.79727    35.1767    35.1966    26.9996    1492.57    1492.25 0.0000e+00
       1445     42.000    10.5213    10.5212   3.877586   3.879523     2.2808      83.79     0.1098 3.7326e+00 1.8272e+02     60.177 281.375789    5.80182    35.1769    35.1966    26.9997    1492.59    1492.25 0.0000e+00
       1463     43.000    10.5214    10.5212   3.877646   3.879577     2.2802      82.94     0.1042 3.5809e+00 1.8272e+02     60.932 281.375798    5.79600    35.1769    35.1967    26.9997    1492.60    1492.26 0.0000e+00
       1481     44.000    10.5216    10.5214   3.877695   3.879652     2.2798      82.08     0.1038 3.4046e+00 1.8272e+02     61.655 281.375806    5.79567    35.1768    35.1968    26.9996    1492.62    1492.27 0.0000e+00
       1499     45.000    10.5220    10.5217   3.877787   3.879712     2.2792      80.95     0.1155 3.2060e+00 1.8272e+02     62.411 281.375815    5.78973    35.1769    35.1966    26.9996    1492.64    1492.28 0.0000e+00
       1520     46.000    10.5223    10.5221   3.877845   3.879784     2.2776      79.81     0.1178 3.0100e+00 1.8009e+02     63.298 281.375825    5.78617    35.1767    35.1965    26.9994    1492.65    1492.29 0.0000e+00
       1555     47.000    10.5222    10.5216   3.877878   3.879804     2.2770      77.98     0.1128 2.8229e+00 1.8470e+02     64.730 281.375842    5.78800    35.1767    35.1968    26.9994    1492.67    1492.29 0.0000e+00
       1606     48.000    10.5219    10.5215   3.877906   3.879833     2.2744      77.38     0.1157 2.7238e+00 1.8498e+02     66.879 281.375867    5.78000    35.1768    35.1967    26.9995    1492.69    1492.30 0.0000e+00
       1631     49.000    10.5221    10.5223   3.877981   3.879948     2.2748      76.68     0.1209 2.6421e+00 1.8465e+02     67.901 281.375879    5.78566    35.1769    35.1966    26.9996    1492.70    1492.31 0.0000e+00
       1648     50.000    10.5229    10.5227   3.878104   3.880032     2.2739      75.94     0.1150 2.5043e+00 1.8466e+02     68.633 281.375887    5.77648    35.1769    35.1966    26.9994    1492.72    1492.32 0.0000e+00
       1663     51.000    10.5228    10.5226   3.878115   3.880084     2.2732      75.26     0.1100 2.3729e+00 1.8466e+02     69.257 281.375894    5.77500    35.1767    35.1968    26.9993    1492.74    1492.33 0.0000e+00
       1678     52.000    10.5230    10.5228   3.878197   3.880142     2.2723      74.51     0.1182 2.2402e+00 1.8565e+02     69.864 281.375901    5.77592    35.1768    35.1967    26.9994    1492.76    1492.34 0.0000e+00
       1693     53.000    10.5228    10.5227   3.878222   3.880172     2.2722      73.65     0.1196 2.1145e+00 1.8657e+02     70.518 281.375909    5.78161    35.1768    35.1967    26.9994    1492.77    1492.34 0.0000e+00
       1719     54.000    10.5223    10.5218   3.878207   3.880144     2.2725      72.03     0.1127 1.9993e+00 1.8723e+02     71.592 281.375921    5.78611    35.1767    35.1968    26.9994    1492.79    1492.35 0.0000e+00
       1798     55.000    10.5207    10.5206   3.878122   3.880074     2.2734      70.19     0.1063 1.9107e+00 1.8662e+02     74.890 281.375959    5.78730    35.1769    35.1968    26.9998    1492.80    1492.36 0.0000e+00
       1827     56.000    10.5201    10.5201   3.878134   3.880088     2.2737      69.61     0.1099 1.8148e+00 1.8740e+02     76.094 281.375973    5.78914    35.1772    35.1969    27.0001    1492.81    1492.37 0.0000e+00
       1845     57.000    10.5206    10.5204   3.878239   3.880170     2.2735      68.85     0.1320 1.7076e+00 1.8855e+02     76.836 281.375982    5.78358    35.1773    35.1970    27.0001    1492.83    1492.38 0.0000e+00
       1861     58.000    10.5206    10.5206   3.878274   3.880231     2.2725      68.09     0.1380 1.6074e+00 1.8855e+02     77.519 281.375990    5.78184    35.1772    35.1970    27.0001    1492.85    1492.38 0.0000e+00
       1881     59.000    10.5215    10.5217   3.878398   3.880353     2.2724      67.09     0.1224 1.5325e+00 1.8884e+02     78.316 281.375999    5.78755    35.1771    35.1967    26.9998    1492.87    1492.39 0.0000e+00
       1902     60.000    10.5221    10.5219   3.878500   3.880429     2.2728      65.98     0.1146 1.4683e+00 1.9023e+02     79.190 281.376009    5.79185    35.1771    35.1968    26.9997    1492.89    1492.40 0.0000e+00
       1922     61.000    10.5217    10.5213   3.878507   3.880428     2.2728      64.95     0.1108 1.4098e+00 1.9039e+02     80.053 281.376019    5.78685    35.1771    35.1969    26.9998    1492.90    1492.41 0.0000e+00
       1942     62.000    10.5209    10.5208   3.878494   3.880441     2.2724      63.97     0.1114 1.3489e+00 1.9039e+02     80.883 281.376029    5.78762    35.1773    35.1971    27.0001    1492.91    1492.42 0.0000e+00
       1962     63.000    10.5211    10.5209   3.878556   3.880483     2.2723      63.00     0.1060 1.2797e+00 1.9031e+02     81.707 281.376038    5.78270    35.1773    35.1970    27.0000    1492.93    1492.43 0.0000e+00
       1986     64.000    10.5215    10.5210   3.878630   3.880526     2.2702      61.79     0.1102 1.2061e+00 1.8787e+02     82.709 281.376050    5.77269    35.1772    35.1968    26.9999    1492.95    1492.43 0.0000e+00
       2093     65.000    10.5196    10.5197   3.878500   3.880460     2.2700      60.30     0.1114 1.1573e+00 1.9265e+02     87.146 281.376101    5.78098    35.1772    35.1970    27.0003    1492.96    1492.44 0.0000e+00
       2116     66.000    10.4939    10.4939   3.876404   3.878322     2.2698      59.76     0.1239 1.0893e+00 1.9244e+02     88.124 281.376113    5.78602    35.1804    35.1998    27.0073    1492.89    1492.45 0.0000e+00
       2131     67.000    10.4878    10.4877   3.875920   3.877862     2.2699      59.08     0.1175 1.0236e+00 1.9243e+02     88.763 281.376120    5.78546    35.1809    35.2007    27.0088    1492.88    1492.45 0.0000e+00
       2147     68.000    10.4878    10.4872   3.875959   3.877852     2.2692      58.27     0.1107 9.6055e-01 1.9243e+02     89.403 281.376127    5.78544    35.1809    35.2006    27.0087    1492.90    1492.46 0.0000e+00
       2168     69.000    10.4869    10.4867   3.875930   3.877850     2.2696      57.00     0.1057 9.1713e-01 1.9152e+02     90.310 281.376138    5.79238    35.1810    35.2006    27.0090    1492.91    1492.47 0.0000e+00
       2197     70.000    10.3784    10.3955   3.866515   3.869626     2.2691      55.80     0.0971 8.8128e-01 1.8860e+02     91.484 281.376151    5.79039    35.1900    35.2050    27.0351    1492.56    1492.47 0.0000e+00
       2223     71.000     9.8306     9.8420   3.819519   3.822345     2.2664      54.80     0.0869 8.4900e-01 1.9143e+02     92.590 281.376164    5.83061    35.2425    35.2604    27.1708    1490.68    1492.44 0.0000e+00
       2245     72.000     9.6314     9.6307   3.802607   3.804220     2.2598      53.85     0.0721 8.1881e-01 1.9244e+02     93.492 281.376175    5.78283    35.2629    35.2802    27.2204    1490.00    1492.41 0.0000e+00
       2265     73.000     9.5363     9.5370   3.793842   3.795631     2.2464      52.91     0.0598 7.8685e-01 1.9290e+02     94.332 281.376184    5.69977    35.2651    35.2830    27.2381    1489.68    1492.37 0.0000e+00
       2286     74.000     9.4854     9.4851   3.789194   3.790894     2.2277      51.87     0.0458 7.5335e-01 1.9435e+02     95.210 281.376195    5.60706    35.2666    35.2845    27.2477    1489.51    1492.33 0.0000e+00
       2311     75.000     9.4072     9.4129   3.781884   3.784038     2.2025      50.72     0.0391 7.2090e-01 1.9438e+02     96.238 281.376206    5.53735    35.2672    35.2840    27.2612    1489.24    1492.29 0.0000e+00
       2353     76.000     9.3095     9.3003   3.772852   3.773898     2.1681      49.29     0.0388 6.8592e-01 1.9438e+02     98.021 281.376227    5.47112    35.2691    35.2891    27.2789    1488.91    1492.25 0.0000e+00
       2399     77.000     9.2762     9.2765   3.769913   3.771721     2.1381      48.54     0.0399 6.6495e-01 1.9438e+02     99.913 281.376249    5.41118    35.2709    35.2894    27.2857    1488.80    1492.20 0.0000e+00
