_data/ctd/2018/sta0390_2018.cnv
* Sea-Bird SBE 9 Data File:
* FileName = C:\Seabird\CTDData\sta0390.hex
* Software Version Seasave V 7.21f
* Temperature SN = 4557
* Conductivity SN = 1337
* Number of Bytes Per Scan = 40
* Number of Voltage Words = 5
* Number of Scans Averaged by the Deck Unit = 1
* NMEA Latitude = 60 45.17 N
* NMEA Longitude = 002 56.34 E
* NMEA UTC (Time) = Oct 07 2018 13:12:22
* NMEA baud rate = 4800
** Ship: 10 F/F "G. O. Sars"
** Station: 0390
** Echodepth: 173
** Log: 4556.038
** Wind-Dir Force: 17 34
** Air-temp (dry): 9.4
** Weather Sky: 2 5
** Sea Ice: 5 0
# nquan = 20                                
# nvalues = 156                         
# units = specified
# name 0 = scan: Scan Count
# name 1 = prDM: Pressure, Digiquartz [db]
# name 2 = t068C: Temperature [ITS-68, deg C]
# name 3 = t168C: Temperature, 2 [ITS-68, deg C]
# name 4 = c0S/m: Conductivity [S/m]
# name 5 = c1S/m: Conductivity, 2 [S/m]
# name 6 = sbeox0V: Oxygen raw, SBE 43 [V]
# name 7 = altM: Altimeter [m]
# name 8 = flC: Fluorescence, Chelsea Aqua 3 Chl Con [ug/l]
# name 9 = par: PAR/Irradiance, Biospherical/Licor
# name 10 = spar: SPAR/Surface Irradiance
# name 11 = timeS: Time, Elapsed [seconds]
# name 12 = timeJ: Julian Days
# name 13 = sbeox0ML/L: Oxygen, SBE 43 [ml/l], WS = 2
# name 14 = sal00: Salinity, Practical [PSU]
# name 15 = sal11: Salinity, Practical, 2 [PSU]
# name 16 = sigma-t00: Density [sigma-t, Kg/m^3 ]
# name 17 = svCM: Sound Velocity [Chen-Millero, m/s]
# name 18 = avgsvCM: Average Sound Velocity [Chen-Millero, m/s], minP = 1, minS = 5
# name 19 = flag: flag
# span 0 =          2,       3788       
# span 1 =      5.000,    160.000       
# span 2 =     9.2270,    10.3945       
# span 3 =     9.2216,    10.3945       
# span 4 =   3.770449,   3.861325       
# span 5 =   3.772207,   3.863522       
# span 6 =     2.0297,     2.3120       
# span 7 =      15.48,      99.14       
# span 8 =     0.0152,     0.3375       
# span 9 = 5.1259e-02, 8.4896e+01       
# span 10 = 2.9811e+02, 3.3844e+02      
# span 11 =      0.061,    157.807      
# span 12 = 280.550256, 280.552081      
# span 13 =    5.18238,    5.89619      
# span 14 =    35.1155,    35.3043      
# span 15 =    35.1381,    35.3272      
# span 16 =    26.9747,    27.3061      
# span 17 =    1489.93,    1492.50      
# span 18 =    1491.21,    1491.99      
# span 19 = 0.0000e+00, 0.0000e+00      
# interval = decibars: 1                
# start_time = Oct 07 2018 13:12:22 [System UTC, header]
# bad_flag = -9.990e-29
*END*
[from data line 73]
       1944     78.000    10.1199    10.1176   3.848715   3.850677     2.2527      97.24     0.0745 3.5917e-01 3.0323e+02     80.969 280.551192    5.69254    35.2561    35.2784    27.1318    1491.85    1491.98 0.0000e+00
       1976     79.000    10.0428    10.0420   3.842853   3.844936     2.2323      96.04     0.0502 3.3990e-01 3.0157e+02     82.277 280.551207    5.60778    35.2709    35.2930    27.1567    1491.61    1491.98 0.0000e+00
       2002     80.000    10.0196    10.0201   3.841163   3.843351     2.2146      95.23     0.0416 3.2727e-01 3.0092e+02     83.378 280.551220    5.56428    35.2758    35.2977    27.1645    1491.55    1491.97 0.0000e+00
       2021     81.000     9.9859     9.9857   3.838550   3.840634     2.2038      94.34     0.0395 3.1654e-01 2.9936e+02     84.160 280.551229    5.54739    35.2815    35.3030    27.1747    1491.45    1491.97 0.0000e+00
       2038     82.000     9.9628     9.9627   3.836693   3.838851     2.1955      93.50     0.0349 3.0307e-01 2.9937e+02     84.867 280.551237    5.53892    35.2845    35.3068    27.1810    1491.39    1491.96 0.0000e+00
       2056     83.000     9.9478     9.9476   3.835402   3.837536     2.1882      92.46     0.0322 2.8876e-01 3.0095e+02     85.639 280.551246    5.53499    35.2855    35.3076    27.1844    1491.35    1491.95 0.0000e+00
       2079     84.000     9.9115     9.9128   3.832208   3.834415     2.1817      91.58     0.0259 2.7664e-01 3.0128e+02     86.585 280.551257    5.52784    35.2877    35.3091    27.1923    1491.24    1491.94 0.0000e+00
       2107     85.000     9.8696     9.8703   3.828576   3.830793     2.1737      90.27     0.0268 2.6693e-01 3.0120e+02     87.758 280.551270    5.50772    35.2909    35.3130    27.2020    1491.11    1491.93 0.0000e+00
       2134     86.000     9.8552     9.8563   3.827361   3.829587     2.1666      89.24     0.0262 2.5710e-01 2.9932e+02     88.883 280.551283    5.49851    35.2921    35.3139    27.2054    1491.07    1491.92 0.0000e+00
       2155     87.000     9.8243     9.8237   3.824522   3.826574     2.1631      88.41     0.0264 2.4528e-01 2.9934e+02     89.760 280.551293    5.50281    35.2927    35.3144    27.2111    1490.98    1491.91 0.0000e+00
       2175     88.000     9.8104     9.8102   3.823230   3.825408     2.1605      87.49     0.0276 2.3504e-01 2.9924e+02     90.569 280.551303    5.50266    35.2925    35.3151    27.2133    1490.95    1491.90 0.0000e+00
       2193     89.000     9.8093     9.8093   3.823181   3.825362     2.1588      86.49     0.0240 2.2519e-01 2.9879e+02     91.347 280.551312    5.49478    35.2926    35.3151    27.2136    1490.96    1491.89 0.0000e+00
       2213     90.000     9.8037     9.8032   3.822691   3.824831     2.1555      85.56     0.0239 2.1566e-01 2.9935e+02     92.177 280.551321    5.48695    35.2926    35.3151    27.2145    1490.96    1491.88 0.0000e+00
       2236     91.000     9.7954     9.7949   3.821952   3.824093     2.1541      84.41     0.0211 2.0900e-01 2.9934e+02     93.117 280.551332    5.49508    35.2927    35.3152    27.2160    1490.94    1491.87 0.0000e+00
       2260     92.000     9.7890     9.7883   3.821385   3.823499     2.1525      83.31     0.0217 2.0005e-01 2.9934e+02     94.145 280.551344    5.48790    35.2926    35.3151    27.2170    1490.94    1491.86 0.0000e+00
       2283     93.000     9.7606     9.7596   3.818681   3.820734     2.1509      82.44     0.0244 1.9283e-01 2.9934e+02     95.099 280.551355    5.49153    35.2921    35.3143    27.2215    1490.85    1491.85 0.0000e+00
       2303     94.000     9.7457     9.7450   3.817347   3.819471     2.1502      81.48     0.0226 1.8651e-01 2.9934e+02     95.935 280.551365    5.49331    35.2925    35.3151    27.2243    1490.81    1491.84 0.0000e+00
       2323     95.000     9.7397     9.7391   3.816873   3.819003     2.1492      80.48     0.0196 1.7897e-01 2.9934e+02     96.746 280.551374    5.48827    35.2931    35.3156    27.2257    1490.81    1491.83 0.0000e+00
       2344     96.000     9.7220     9.7214   3.815524   3.817648     2.1482      79.45     0.0162 1.7183e-01 2.9882e+02     97.624 280.551385    5.48529    35.2961    35.3186    27.2311    1490.76    1491.82 0.0000e+00
       2366     97.000     9.7144     9.7142   3.814982   3.817165     2.1460      78.51     0.0207 1.6611e-01 2.9811e+02     98.556 280.551395    5.47975    35.2975    35.3202    27.2335    1490.75    1491.81 0.0000e+00
       2388     98.000     9.7132     9.7126   3.814918   3.817079     2.1452      77.42     0.0224 1.5879e-01 2.9935e+02     99.464 280.551406    5.48286    35.2975    35.3204    27.2337    1490.77    1491.80 0.0000e+00
       2409     99.000     9.7046     9.7042   3.814259   3.816420     2.1441      76.45     0.0200 1.5383e-01 2.9968e+02    100.327 280.551416    5.48036    35.2987    35.3214    27.2361    1490.75    1491.78 0.0000e+00
       2430    100.000     9.6961     9.6956   3.813812   3.816014     2.1437      75.56     0.0206 1.4780e-01 -9.990e-29    101.208 280.551426    5.48591    35.3019    35.3252    27.2400    1490.74    1491.77 0.0000e+00
       2452    101.000     9.6975     9.6972   3.814152   3.816346     2.1431      74.48     0.0212 1.4546e-01 -9.990e-29    102.143 280.551437    5.48288    35.3036    35.3265    27.2411    1490.77    1491.76 0.0000e+00
       2475    102.000     9.6959     9.6955   3.814087   3.816279     2.1428      73.38     0.0204 1.3844e-01 -9.990e-29    103.098 280.551448    5.47748    35.3040    35.3271    27.2417    1490.78    1491.75 0.0000e+00
       2497    103.000     9.6939     9.6936   3.813970   3.816153     2.1407      72.48     0.0196 1.3397e-01 3.0117e+02    103.985 280.551458    5.45334    35.3043    35.3272    27.2423    1490.79    1491.75 0.0000e+00
       2516    104.000     9.6890     9.6884   3.813526   3.815659     2.1369      71.55     0.0192 1.2886e-01 3.0129e+02    104.792 280.551467    5.43861    35.3041    35.3267    27.2429    1490.79    1491.74 0.0000e+00
       2535    105.000     9.6704     9.6690   3.811699   3.813754     2.1342      70.55     0.0211 1.2610e-01 3.0159e+02    105.576 280.551477    5.43561    35.3030    35.3256    27.2452    1490.73    1491.73 0.0000e+00
       2555    106.000     9.6639     9.6628   3.811064   3.813154     2.1311      69.47     0.0230 1.2260e-01 3.0320e+02    106.421 280.551486    5.43801    35.3024    35.3250    27.2458    1490.73    1491.72 0.0000e+00
       2578    107.000     9.6563     9.6557   3.810312   3.812468     2.1306      68.55     0.0228 1.1856e-01 3.0323e+02    107.386 280.551498    5.45266    35.3016    35.3245    27.2465    1490.71    1491.71 0.0000e+00
       2603    108.000     9.6407     9.6402   3.808720   3.810872     2.1303      67.44     0.0219 1.1499e-01 3.0399e+02    108.416 280.551509    5.44851    35.3000    35.3227    27.2479    1490.67    1491.70 0.0000e+00
       2625    109.000     9.6186     9.6183   3.806547   3.808697     2.1289      66.48     0.0201 1.1112e-01 3.0517e+02    109.330 280.551520    5.43959    35.2988    35.3213    27.2506    1490.61    1491.69 0.0000e+00
       2645    110.000     9.6011     9.6013   3.804910   3.807127     2.1268      65.65     0.0170 1.0573e-01 3.0517e+02    110.163 280.551530    5.42952    35.2986    35.3213    27.2534    1490.56    1491.68 0.0000e+00
       2665    111.000     9.5889     9.5885   3.803784   3.805934     2.1243      64.61     0.0189 1.0465e-01 3.0517e+02    111.011 280.551539    5.42278    35.2985    35.3211    27.2554    1490.53    1491.67 0.0000e+00
       2686    112.000     9.5743     9.5741   3.802393   3.804570     2.1221      63.57     0.0206 1.0252e-01 3.0517e+02    111.890 280.551550    5.42623    35.2980    35.3207    27.2574    1490.50    1491.66 0.0000e+00
       2708    113.000     9.5691     9.5686   3.801912   3.804075     2.1211      62.61     0.0206 9.7847e-02 3.0517e+02    112.780 280.551560    5.43073    35.2976    35.3205    27.2580    1490.49    1491.65 0.0000e+00
       2729    114.000     9.5661     9.5658   3.801684   3.803889     2.1206      61.64     0.0216 9.5370e-02 3.0676e+02    113.673 280.551570    5.42948    35.2977    35.3209    27.2586    1490.50    1491.64 0.0000e+00
       2750    115.000     9.5614     9.5612   3.801318   3.803502     2.1195      60.58     0.0239 9.3625e-02 3.0712e+02    114.548 280.551580    5.42163    35.2981    35.3209    27.2597    1490.50    1491.63 0.0000e+00
       2770    116.000     9.5594     9.5590   3.801215   3.803396     2.1176      59.61     0.0225 9.1597e-02 3.0712e+02    115.386 280.551590    5.40815    35.2985    35.3215    27.2604    1490.51    1491.62 0.0000e+00
       2791    117.000     9.5577     9.5574   3.801150   3.803351     2.1149      58.73     0.0225 8.7393e-02 3.0712e+02    116.242 280.551600    5.39815    35.2991    35.3221    27.2611    1490.52    1491.61 0.0000e+00
       2813    118.000     9.5568     9.5565   3.801158   3.803350     2.1127      57.62     0.0220 8.2188e-02 3.0712e+02    117.168 280.551611    5.40382    35.2996    35.3226    27.2616    1490.53    1491.60 0.0000e+00
       2835    119.000     9.5552     9.5547   3.801064   3.803235     2.1125      56.58     0.0219 8.0092e-02 3.0749e+02    118.090 280.551621    5.41770    35.2997    35.3227    27.2620    1490.54    1491.59 0.0000e+00
       2856    120.000     9.5384     9.5386   3.799636   3.801841     2.1133      55.72     0.0180 7.6662e-02 3.0911e+02    118.948 280.551631    5.41607    35.3010    35.3236    27.2658    1490.50    1491.58 0.0000e+00
       2876    121.000     9.5331     9.5332   3.799225   3.801458     2.1118      54.73     0.0187 7.4010e-02 3.1091e+02    119.803 280.551641    5.40558    35.3014    35.3245    27.2670    1490.50    1491.57 0.0000e+00
       2898    122.000     9.5324     9.5316   3.799175   3.801333     2.1111      53.65     0.0189 7.0523e-02 3.1101e+02    120.712 280.551652    5.40997    35.3011    35.3243    27.2669    1490.51    1491.56 0.0000e+00
       2921    123.000     9.5301     9.5298   3.798988   3.801173     2.1106      52.64     0.0207 6.9673e-02 3.1118e+02    121.649 280.551663    5.40273    35.3010    35.3239    27.2672    1490.52    1491.55 0.0000e+00
       2941    124.000     9.5171     9.5167   3.797700   3.799838     2.1088      51.78     0.0225 6.6563e-02 3.1102e+02    122.521 280.551673    5.38877    35.3000    35.3225    27.2686    1490.49    1491.55 0.0000e+00
       2961    125.000     9.4877     9.4871   3.794847   3.796986     2.1062      50.74     0.0197 6.4648e-02 3.1263e+02    123.328 280.551682    5.38443    35.2989    35.3216    27.2726    1490.40    1491.54 0.0000e+00
       2980    126.000     9.4695     9.4691   3.793031   3.795156     2.1043      49.74     0.0180 6.1593e-02 3.1295e+02    124.133 280.551691    5.38546    35.2975    35.3199    27.2746    1490.35    1491.53 0.0000e+00
       3001    127.000     9.4446     9.4443   3.790631   3.792782     2.1026      48.78     0.0175 6.1304e-02 3.1441e+02    124.987 280.551701    5.38112    35.2966    35.3193    27.2780    1490.27    1491.52 0.0000e+00
       3023    128.000     9.4344     9.4340   3.789665   3.791821     2.0999      47.73     0.0204 5.9394e-02 3.1582e+02    125.915 280.551712    5.36919    35.2962    35.3190    27.2794    1490.25    1491.51 0.0000e+00
       3047    129.000     9.4237     9.4233   3.788621   3.790759     2.0969      46.65     0.0190 5.5939e-02 3.1685e+02    126.910 280.551724    5.36192    35.2954    35.3180    27.2806    1490.23    1491.50 0.0000e+00
       3070    130.000     9.3994     9.3988   3.786238   3.788327     2.0940      45.73     0.0152 5.7215e-02 3.1827e+02    127.869 280.551735    5.34943    35.2941    35.3164    27.2836    1490.15    1491.49 0.0000e+00
       3091    131.000     9.3798     9.3797   3.784386   3.786571     2.0902      44.80     0.0164 5.6843e-02 3.1879e+02    128.738 280.551745    5.33221    35.2937    35.3166    27.2865    1490.10    1491.48 0.0000e+00
       3111    132.000     9.3775     9.3770   3.784206   3.786351     2.0861      43.77     0.0196 5.4526e-02 3.1966e+02    129.569 280.551754    5.31901    35.2937    35.3165    27.2868    1490.10    1491.47 0.0000e+00
       3131    133.000     9.3730     9.3726   3.783871   3.786037     2.0825      42.77     0.0201 5.2136e-02 3.2072e+02    130.396 280.551764    5.31678    35.2941    35.3171    27.2880    1490.11    1491.46 0.0000e+00
       3151    134.000     9.3652     9.3649   3.783284   3.785453     2.0803      41.87     0.0211 5.1698e-02 3.2146e+02    131.245 280.551774    5.31785    35.2953    35.3181    27.2901    1490.10    1491.45 0.0000e+00
       3172    135.000     9.3620     9.3617   3.783052   3.785218     2.0780      40.72     0.0214 5.1280e-02 3.2265e+02    132.131 280.551784    5.31681    35.2955    35.3184    27.2909    1490.10    1491.44 0.0000e+00
       3194    136.000     9.3424     9.3418   3.781124   3.783225     2.0765      39.65     0.0204 5.1517e-02 3.2372e+02    133.054 280.551795    5.31933    35.2943    35.3168    27.2932    1490.04    1491.43 0.0000e+00
       3217    137.000     9.3253     9.3249   3.779450   3.781595     2.0756      38.39     0.0205 5.1259e-02 3.2464e+02    133.981 280.551805    5.31745    35.2933    35.3160    27.2952    1490.00    1491.42 0.0000e+00
       3237    138.000     9.3173     9.3170   3.778706   3.780862     2.0737      37.41     0.0185 5.1382e-02 3.2652e+02    134.851 280.551815    5.29855    35.2930    35.3157    27.2963    1489.98    1491.40 0.0000e+00
       3258    139.000     9.3119     9.3114   3.778179   3.780322     2.0701      36.73     0.0188 5.1301e-02 3.2684e+02    135.706 280.551825    5.28473    35.2924    35.3152    27.2967    1489.98    1491.39 0.0000e+00
       3278    140.000     9.3072     9.3069   3.777776   3.779940     2.0673      34.83     0.0183 5.1280e-02 3.2849e+02    136.556 280.551835    5.28537    35.2923    35.3152    27.2974    1489.98    1491.38 0.0000e+00
       3298    141.000     9.3011     9.3007   3.777191   3.779327     2.0660      33.47     0.0216 5.1280e-02 3.2860e+02    137.394 280.551845    5.29109    35.2918    35.3144    27.2980    1489.97    1491.37 0.0000e+00
       3320    142.000     9.2848     9.2843   3.775572   3.777722     2.0646      30.46     0.0206 5.1273e-02 3.3045e+02    138.276 280.551855    5.28845    35.2905    35.3134    27.2997    1489.93    1491.36 0.0000e+00
       3343    143.000     9.2808     9.2804   3.775231   3.777400     2.0634      32.68     0.0215 5.1273e-02 3.3169e+02    139.249 280.551866    5.28875    35.2905    35.3135    27.3003    1489.93    1491.35 0.0000e+00
       3368    144.000     9.2801     9.2797   3.775211   3.777382     2.0623      31.73     0.0218 5.1273e-02 3.3239e+02    140.297 280.551878    5.28603    35.2905    35.3135    27.3004    1489.94    1491.34 0.0000e+00
       3391    145.000     9.2801     9.2798   3.775279   3.777458     2.0611      30.78     0.0214 5.1273e-02 3.3239e+02    141.252 280.551890    5.27355    35.2907    35.3137    27.3006    1489.96    1491.33 0.0000e+00
       3411    146.000     9.2744     9.2739   3.774737   3.776878     2.0587      29.88     0.0182 5.1281e-02 3.3251e+02    142.065 280.551899    5.26362    35.2902    35.3130    27.3012    1489.96    1491.33 0.0000e+00
       3429    147.000     9.2686     9.2683   3.774195   3.776377     2.0570      28.75     0.0156 5.1273e-02 3.3422e+02    142.817 280.551908    5.25922    35.2898    35.3129    27.3018    1489.95    1491.32 0.0000e+00
       3446    148.000     9.2663     9.2660   3.773995   3.776174     2.0549      27.65     0.0163 5.1289e-02 3.3451e+02    143.548 280.551916    5.25111    35.2895    35.3126    27.3020    1489.96    1491.31 0.0000e+00
