_data/ctd/2018/sta0383_2018.cnv
* Sea-Bird SBE 9 Data File:
* FileName = C:\Seabird\CTDData\sta0383.hex
* Software Version Seasave V 7.21f
* Temperature SN = 4557
* Conductivity SN = 1337
* Number of Bytes Per Scan = 40
* Number of Voltage Words = 5
* Number of Scans Averaged by the Deck Unit = 1
* NMEA Latitude = 60 45.02 N
* NMEA Longitude = 004 36.86 E
* NMEA UTC (Time) = Oct 06 2018 23:38:41
* NMEA baud rate = 4800
** Ship: 10 F/F "G. O. Sars"
** Station: 0383
** Echodepth: 174
** Log: 4487.64
** Wind-Dir Force: 00 00
** Air-temp (dry): 0.0
** Weather Sky: 0 0
** Sea Ice: 0 0
# nquan = 20                                
# nvalues = 165                         
# units = specified
# name 0 = scan: Scan Count
# name 1 = prDM: Pressure, Digiquartz [db]
# name 2 = t068C: Temperature [ITS-68, deg C]
# name 3 = t168C: Temperature, 2 [ITS-68, deg C]
# name 4 = c0S/m: Conductivity [S/m]
# name 5 = c1S/m: Conductivity, 2 [S/m]
# name 6 = sbeox0V: Oxygen raw, SBE 43 [V]
# name 7 = altM: Altimeter [m]
# name 8 = flC: Fluorescence, Chelsea Aqua 3 Chl Con [ug/l]
# name 9 = par: PAR/Irradiance, Biospherical/Licor
# name 10 = spar: SPAR/Surface Irradiance
# name 11 = timeS: Time, Elapsed [seconds]
# name 12 = timeJ: Julian Days
# name 13 = sbeox0ML/L: Oxygen, SBE 43 [ml/l], WS = 2
# name 14 = sal00: Salinity, Practical [PSU]
# name 15 = sal11: Salinity, Practical, 2 [PSU]
# name 16 = sigma-t00: Density [sigma-t, Kg/m^3 ]
# name 17 = svCM: Sound Velocity [Chen-Millero, m/s]
# name 18 = avgsvCM: Average Sound Velocity [Chen-Millero, m/s], minP = 1, minS = 5
# name 19 = flag: flag
# span 0 =         38,       6335       
# span 1 =      2.000,    166.000       
# span 2 =     7.1895,    12.6431       
# span 3 =     7.1746,    12.6445       
# span 4 =   3.553132,   3.860368       
# span 5 =   3.554185,   3.863020       
# span 6 =     2.0244,     2.3360       
# span 7 =      12.08,     121.03       
# span 8 =     0.0238,     0.3579       
# span 9 = 5.1210e-02, 2.1827e+00       
# span 10 = 1.9438e+00, 1.9438e+00      
# span 11 =      1.551,    263.926      
# span 12 = 279.985214, 279.988251      
# span 13 =    5.02952,    5.82569      
# span 14 =    30.7983,    34.9973      
# span 15 =    30.8946,    35.0240      
# span 16 =    23.2915,    27.3904      
# span 17 =    1481.96,    1496.77      
# span 18 =    1488.96,    1495.64      
# span 19 = 0.0000e+00, 0.0000e+00      
# interval = decibars: 1                
# start_time = Oct 06 2018 23:38:41 [System UTC, header]
# bad_flag = -9.990e-29
*END*
         38      2.000    12.2013    12.2177   3.583022   3.594523     2.3113     121.03     0.3579 2.1827e+00 1.9438e+00      1.551 279.985214    5.80114    30.7983    30.8946    23.2915    1492.52    1492.52 0.0000e+00
        268      3.000    12.3128    12.2949   3.666925   3.657282     2.3217      68.92     0.3523 1.3315e+00 1.9438e+00     11.108 279.985325    5.80642    31.5064    31.4293    23.8196    1493.77    1492.94 0.0000e+00
        343      4.000    12.3360    12.3281   3.666631   3.669958     2.3226      51.92     0.3552 8.4161e-01 1.9438e+00     14.230 279.985361    5.78976    31.4837    31.5221    23.7976    1493.83    1493.16 0.0000e+00
        384      5.000    12.3168    12.3250   3.660245   3.667735     2.3159      82.00     0.3506 5.7668e-01 1.9438e+00     15.968 279.985382    5.77189    31.4385    31.5031    23.7662    1493.73    1493.28 0.0000e+00
        427      6.000    12.3838    12.3907   3.716011   3.718091     2.3098      68.33     0.3451 4.0796e-01 1.9438e+00     17.743 279.985402    5.74272    31.9141    31.9281    24.1222    1494.54    1493.49 0.0000e+00
        458      7.000    12.3175    12.3238   3.712601   3.720050     2.3115      95.53     0.3198 3.1538e-01 1.9438e+00     19.050 279.985417    5.77719    31.9375    32.0034    24.1528    1494.36    1493.61 0.0000e+00
        493      8.000    12.3138    12.3169   3.719600   3.728785     2.3135      60.84     0.3128 2.1783e-01 1.9438e+00     20.480 279.985434    5.78358    32.0073    32.0926    24.2076    1494.45    1493.72 0.0000e+00
        538      9.000    12.3196    12.3206   3.736579   3.742571     2.3219      68.30     0.3063 1.9714e-01 1.9438e+00     22.392 279.985456    5.82291    32.1645    32.2210    24.3284    1494.67    1493.82 0.0000e+00
        574     10.000    12.4079    12.4008   3.763296   3.764604     2.3277      84.55     0.2991 1.5535e-01 1.9438e+00     23.884 279.985473    5.81098    32.3439    32.3625    24.4507    1495.20    1493.96 0.0000e+00
        601     11.000    12.4643    12.4605   3.773423   3.775202     2.3315      79.35     0.2837 1.2843e-01 1.9438e+00     25.000 279.985486    5.82569    32.3917    32.4120    24.4771    1495.47    1494.10 0.0000e+00
        632     12.000    12.4858    12.4858   3.777523   3.779949     2.3360      51.20     0.2790 9.7661e-02 1.9438e+00     26.279 279.985501    5.81266    32.4119    32.4351    24.4886    1495.58    1494.22 0.0000e+00
        676     13.000    12.5273    12.5352   3.785400   3.789108     2.3349      94.95     0.2737 7.7732e-02 1.9438e+00     28.120 279.985522    5.79939    32.4509    32.4795    24.5109    1495.78    1494.34 0.0000e+00
        717     14.000    12.5879    12.5893   3.798523   3.801204     2.3339      94.45     0.2853 6.2548e-02 1.9438e+00     29.841 279.985542    5.76785    32.5233    32.5477    24.5554    1496.09    1494.47 0.0000e+00
        749     15.000    12.6025    12.6029   3.808304   3.810595     2.3283      93.91     0.3091 5.3473e-02 1.9438e+00     31.147 279.985557    5.73449    32.6036    32.6251    24.6148    1496.25    1494.58 0.0000e+00
        779     16.000    12.6145    12.6145   3.819366   3.821564     2.3204      92.56     0.3190 5.1299e-02 1.9438e+00     32.412 279.985572    5.70395    32.6982    32.7192    24.6858    1496.42    1494.70 0.0000e+00
        814     17.000    12.6242    12.6249   3.824206   3.826696     2.3173      93.78     0.3262 5.1261e-02 1.9438e+00     33.859 279.985589    5.71486    32.7355    32.7587    24.7129    1496.52    1494.81 0.0000e+00
        855     18.000    12.6343    12.6342   3.826060   3.828500     2.3120      92.86     0.3053 5.1270e-02 1.9438e+00     35.567 279.985608    5.67635    32.7440    32.7674    24.7175    1496.58    1494.90 0.0000e+00
        894     19.000    12.6413    12.6417   3.827160   3.829664     2.3015      92.81     0.2765 5.1249e-02 1.9438e+00     37.189 279.985627    5.62731    32.7480    32.7715    24.7192    1496.62    1494.99 0.0000e+00
        928     20.000    12.6396    12.6404   3.827059   3.829597     2.2929      90.76     0.2543 5.1247e-02 1.9438e+00     38.619 279.985644    5.62423    32.7481    32.7716    24.7196    1496.63    1495.08 0.0000e+00
        960     21.000    12.6393    12.6399   3.827121   3.829637     2.2903      91.73     0.2391 5.1264e-02 1.9438e+00     39.975 279.985659    5.62965    32.7485    32.7720    24.7200    1496.65    1495.15 0.0000e+00
        992     22.000    12.6407    12.6414   3.827342   3.829871     2.2881      91.66     0.2291 5.1254e-02 1.9438e+00     41.288 279.985675    5.62119    32.7490    32.7725    24.7201    1496.67    1495.22 0.0000e+00
       1022     23.000    12.6401    12.6410   3.827333   3.829877     2.2865      91.52     0.2207 5.1254e-02 1.9438e+00     42.538 279.985689    5.61801    32.7491    32.7725    24.7203    1496.69    1495.28 0.0000e+00
       1058     24.000    12.6424    12.6429   3.828006   3.830465     2.2832      91.47     0.2216 5.1257e-02 1.9438e+00     44.033 279.985706    5.60558    32.7531    32.7761    24.7229    1496.71    1495.34 0.0000e+00
       1109     25.000    12.6431    12.6445   3.829056   3.831635     2.2820      91.45     0.2213 5.1253e-02 1.9438e+00     46.170 279.985731    5.61531    32.7620    32.7854    24.7298    1496.74    1495.40 0.0000e+00
       1147     26.000    12.6367    12.6392   3.830449   3.832844     2.2812      91.96     0.2186 5.1258e-02 1.9438e+00     47.750 279.985749    5.60816    32.7805    32.8011    24.7453    1496.76    1495.45 0.0000e+00
       1173     27.000    12.6274    12.6296   3.831340   3.833744     2.2813      91.94     0.2127 5.1267e-02 1.9438e+00     48.815 279.985762    5.60790    32.7967    32.8177    24.7596    1496.77    1495.50 0.0000e+00
       1197     28.000    12.5997    12.6047   3.832147   3.834615     2.2790      92.12     0.2073 5.1246e-02 1.9438e+00     49.837 279.985774    5.59210    32.8281    32.8473    24.7893    1496.73    1495.54 0.0000e+00
       1229     29.000    12.4736    12.4712   3.829627   3.831555     2.2746      91.93     0.1914 5.1265e-02 1.9438e+00     51.176 279.985789    5.58480    32.9138    32.9344    24.8800    1496.42    1495.57 0.0000e+00
       1283     30.000    12.3492    12.3387   3.821953   3.823708     2.2624      91.96     0.1713 5.1254e-02 1.9438e+00     53.403 279.985815    5.54122    32.9489    32.9750    24.9310    1496.05    1495.59 0.0000e+00
       1323     31.000    12.3251    12.3257   3.820966   3.823362     2.2514      92.12     0.1753 5.1259e-02 1.9438e+00     55.079 279.985834    5.51899    32.9602    32.9827    24.9444    1496.00    1495.60 0.0000e+00
       1351     32.000    12.3310    12.3301   3.822881   3.825138     2.2470      92.17     0.1748 5.1257e-02 1.9438e+00     56.246 279.985848    5.52008    32.9730    32.9955    24.9532    1496.05    1495.62 0.0000e+00
       1381     33.000    12.3123    12.3179   3.825135   3.827632     2.2447      98.55     0.1709 5.1273e-02 1.9438e+00     57.490 279.985862    5.52199    33.0107    33.0298    24.9860    1496.05    1495.63 0.0000e+00
       1418     34.000    12.2032    12.2063   3.823275   3.825680     2.2418      98.80     0.1603 5.1269e-02 1.9438e+00     59.038 279.985880    5.51220    33.0887    33.1091    25.0672    1495.79    1495.64 0.0000e+00
       1456     35.000    12.1411    12.1419   3.818529   3.820968     2.2351      98.80     0.1532 5.1273e-02 1.9438e+00     60.643 279.985899    5.49780    33.0974    33.1203    25.0857    1495.60    1495.63 0.0000e+00
       1488     36.000    12.1040    12.1033   3.817785   3.820283     2.2313      98.80     0.1546 5.1273e-02 1.9438e+00     61.944 279.985914    5.49192    33.1227    33.1475    25.1123    1495.52    1495.63 0.0000e+00
       1517     37.000    11.8538    11.8615   3.821339   3.823713     2.2273      98.80     0.1534 5.1273e-02 1.9438e+00     63.154 279.985928    5.49557    33.3799    33.3961    25.3589    1494.99    1495.61 0.0000e+00
       1561     38.000    11.4757    11.4742   3.818140   3.820456     2.2126      98.80     0.1355 5.1271e-02 1.9438e+00     65.009 279.985949    5.43048    33.6900    33.7142    25.6698    1494.07    1495.57 0.0000e+00
       1618     39.000    11.3141    11.3229   3.815640   3.818045     2.1779      98.80     0.1233 5.1273e-02 1.9438e+00     67.380 279.985977    5.31607    33.8127    33.8283    25.7947    1493.67    1495.52 0.0000e+00
       1648     40.000    11.2509    11.2557   3.815134   3.817542     2.1624      98.80     0.1032 5.1273e-02 1.9438e+00     68.630 279.985991    5.29283    33.8652    33.8846    25.8471    1493.53    1495.47 0.0000e+00
       1671     41.000    11.2289    11.2360   3.815901   3.818127     2.1526      98.80     0.0897 5.1273e-02 1.9438e+00     69.581 279.986002    5.27475    33.8926    33.9081    25.8724    1493.50    1495.43 0.0000e+00
       1692     42.000    11.1910    11.1916   3.816470   3.818770     2.1450      98.80     0.0843 5.1273e-02 1.9438e+00     70.472 279.986012    5.26682    33.9327    33.9550    25.9105    1493.44    1495.38 0.0000e+00
       1718     43.000    11.1908    11.1916   3.816781   3.819235     2.1385      98.80     0.0807 5.1273e-02 1.9438e+00     71.534 279.986025    5.25965    33.9355    33.9591    25.9127    1493.46    1495.33 0.0000e+00
       1756     44.000    11.1903    11.1908   3.816956   3.819426     2.1299      98.80     0.0779 5.1273e-02 1.9438e+00     73.143 279.986043    5.22948    33.9373    33.9613    25.9142    1493.47    1495.29 0.0000e+00
       1824     45.000    11.1915    11.1915   3.817167   3.819635     2.1176      98.80     0.0765 5.1273e-02 1.9438e+00     75.969 279.986076    5.20937    33.9378    33.9623    25.9144    1493.49    1495.25 0.0000e+00
       1878     46.000    11.1871    11.1879   3.817257   3.819816     2.1129      98.80     0.0770 5.1263e-02 1.9438e+00     78.189 279.986102    5.19742    33.9424    33.9670    25.9187    1493.50    1495.21 0.0000e+00
       1900     47.000    11.1738    11.1775   3.816458   3.819125     2.1095      98.80     0.0770 5.1273e-02 1.9438e+00     79.118 279.986113    5.17739    33.9463    33.9693    25.9241    1493.47    1495.18 0.0000e+00
       1919     48.000    11.1433    11.1425   3.814934   3.817289     2.1060      98.80     0.0744 5.1273e-02 1.9438e+00     79.904 279.986122    5.17525    33.9589    33.9830    25.9394    1493.40    1495.14 0.0000e+00
       1938     49.000    11.1650    11.1615   3.818690   3.820717     2.1044      98.80     0.0737 5.1273e-02 1.9438e+00     80.688 279.986131    5.18322    33.9756    33.9990    25.9486    1493.51    1495.11 0.0000e+00
       1962     50.000    11.2533    11.2284   3.830207   3.829643     2.1044      98.80     0.0732 5.1260e-02 1.9438e+00     81.707 279.986142    5.17963    34.0078    34.0252    25.9576    1493.88    1495.08 0.0000e+00
       2031     51.000    11.3294    11.3329   3.840079   3.843153     2.1010      98.80     0.0703 5.1273e-02 1.9438e+00     84.566 279.986176    5.13760    34.0347    34.0619    25.9647    1494.19    1495.06 0.0000e+00
       2084     52.000    11.3641    11.3570   3.844390   3.846148     2.0922      98.80     0.0695 5.1268e-02 1.9438e+00     86.808 279.986201    5.09577    34.0449    34.0688    25.9662    1494.34    1495.05 0.0000e+00
       2109     53.000    11.3459    11.3554   3.842138   3.845942     2.0893      98.80     0.0676 5.1261e-02 1.9438e+00     87.829 279.986213    5.10922    34.0390    34.0678    25.9650    1494.29    1495.04 0.0000e+00
       2132     54.000    11.4366    11.4324   3.856754   3.858386     2.0879      98.80     0.0699 5.1273e-02 1.9438e+00     88.802 279.986225    5.08738    34.0991    34.1191    25.9951    1494.69    1495.03 0.0000e+00
       2156     55.000    11.4557    11.4562   3.860368   3.863020     2.0846      98.80     0.0623 5.1267e-02 1.9438e+00     89.793 279.986236    5.07468    34.1166    34.1423    26.0052    1494.79    1495.02 0.0000e+00
       2184     56.000    11.3884    11.4014   3.857172   3.860141     2.0817      98.80     0.0571 5.1264e-02 1.9438e+00     90.938 279.986249    5.06485    34.1469    34.1641    26.0411    1494.61    1495.02 0.0000e+00
       2241     57.000    11.1855    11.1921   3.844517   3.847342     2.0711      98.80     0.0526 5.1266e-02 1.9438e+00     93.313 279.986277    5.04801    34.2093    34.2312    26.1267    1494.00    1495.00 0.0000e+00
       2309     58.000    11.0390    11.0523   3.833028   3.836468     2.0617      98.80     0.0524 5.1268e-02 1.9438e+00     96.149 279.986310    5.04514    34.2310    34.2529    26.1701    1493.53    1494.97 0.0000e+00
       2328     59.000    10.7022    10.7073   3.805233   3.807884     2.0589      98.80     0.0491 5.1273e-02 1.9438e+00     96.970 279.986319    5.05908    34.2677    34.2895    26.2588    1492.40    1494.93 0.0000e+00
       2346     60.000    10.5332    10.5342   3.791646   3.793986     2.0547      98.80     0.0523 5.1265e-02 1.9438e+00     97.716 279.986328    5.04758    34.2894    34.3120    26.3055    1491.85    1494.88 0.0000e+00
       2365     61.000    10.4902    10.4913   3.787925   3.790306     2.0482      98.80     0.0513 5.1266e-02 1.9438e+00     98.507 279.986337    5.02952    34.2919    34.3149    26.3150    1491.72    1494.83 0.0000e+00
       2393     62.000    10.4764    10.4784   3.786692   3.789211     2.0435      98.79     0.0486 5.1272e-02 1.9438e+00     99.658 279.986350    5.06054    34.2920    34.3155    26.3175    1491.68    1494.78 0.0000e+00
       2451     63.000    10.4566    10.4677   3.785329   3.788674     2.0515      98.77     0.0506 5.1273e-02 1.9438e+00    102.073 279.986378    5.12887    34.2965    34.3198    26.3244    1491.63    1494.73 0.0000e+00
       2507     64.000    10.3385    10.3476   3.778401   3.781242     2.0585      95.62     0.0476 5.1266e-02 1.9438e+00    104.413 279.986405    5.12812    34.3374    34.3576    26.3769    1491.28    1494.67 0.0000e+00
       2542     65.000    10.3006    10.3032   3.776150   3.778726     2.0564      89.81     0.0501 5.1264e-02 1.9438e+00    105.893 279.986422    5.12394    34.3500    34.3737    26.3933    1491.18    1494.62 0.0000e+00
       2569     66.000    10.2702    10.2736   3.774489   3.777068     2.0558      89.91     0.0501 5.1267e-02 1.9438e+00    107.021 279.986435    5.12935    34.3615    34.3844    26.4075    1491.10    1494.57 0.0000e+00
       2592     67.000    10.2319    10.2364   3.772213   3.774931     2.0553      89.64     0.0487 5.1254e-02 1.9438e+00    107.963 279.986446    5.13099    34.3742    34.3976    26.4240    1490.99    1494.51 0.0000e+00
       2617     68.000    10.1843    10.1854   3.769521   3.772029     2.0550      88.66     0.0499 5.1234e-02 -9.990e-29    108.988 279.986458    5.13682    34.3916    34.4160    26.4457    1490.86    1494.46 0.0000e+00
       2661     69.000    10.1686    10.1733   3.768661   3.771418     2.0535      85.29     0.0478 5.1228e-02 -9.990e-29    110.814 279.986479    5.13465    34.3973    34.4209    26.4529    1490.83    1494.41 0.0000e+00
       2712     70.000    10.1427    10.1467   3.767189   3.769856     2.0540      93.92     0.0464 5.1240e-02 1.9438e+00    112.970 279.986504    5.14270    34.4065    34.4298    26.4645    1490.76    1494.35 0.0000e+00
       2740     71.000    10.1031    10.1051   3.764646   3.767166     2.0535      97.01     0.0470 5.1262e-02 1.9438e+00    114.112 279.986518    5.13997    34.4178    34.4415    26.4801    1490.65    1494.30 0.0000e+00
       2766     72.000     9.9489     9.9493   3.754819   3.757171     2.0523      97.66     0.0479 5.1268e-02 1.9438e+00    115.192 279.986530    5.14613    34.4639    34.4876    26.5424    1490.17    1494.24 0.0000e+00
       2801     73.000     9.7686     9.7787   3.743062   3.745967     2.0477      98.63     0.0463 5.1273e-02 1.9438e+00    116.678 279.986547    5.14170    34.5155    34.5356    26.6131    1489.60    1494.18 0.0000e+00
