_data/ctd/2018/sta0383_2018.cnv
* Sea-Bird SBE 9 Data File:
* FileName = C:\Seabird\CTDData\sta0383.hex
* Software Version Seasave V 7.21f
* Temperature SN = 4557
* Conductivity SN = 1337
* Number of Bytes Per Scan = 40
* Number of Voltage Words = 5
* Number of Scans Averaged by the Deck Unit = 1
* NMEA Latitude = 60 45.02 N
* NMEA Longitude = 004 36.86 E
* NMEA UTC (Time) = Oct 06 2018 23:38:41
* NMEA baud rate = 4800
** Ship: 10 F/F "G. O. Sars"
** Station: 0383
** Echodepth: 174
** Log: 4487.64
** Wind-Dir Force: 00 00
** Air-temp (dry): 0.0
** Weather Sky: 0 0
** Sea Ice: 0 0
# nquan = 20                                
# nvalues = 165                         
# units = specified
# name 0 = scan: Scan Count
# name 1 = prDM: Pressure, Digiquartz [db]
# name 2 = t068C: Temperature [ITS-68, deg C]
# name 3 = t168C: Temperature, 2 [ITS-68, deg C]
# name 4 = c0S/m: Conductivity [S/m]
# name 5 = c1S/m: Conductivity, 2 [S/m]
# name 6 = sbeox0V: Oxygen raw, SBE 43 [V]
# name 7 = altM: Altimeter [m]
# name 8 = flC: Fluorescence, Chelsea Aqua 3 Chl Con [ug/l]
# name 9 = par: PAR/Irradiance, Biospherical/Licor
# name 10 = spar: SPAR/Surface Irradiance
# name 11 = timeS: Time, Elapsed [seconds]
# name 12 = timeJ: Julian Days
# name 13 = sbeox0ML/L: Oxygen, SBE 43 [ml/l], WS = 2
# name 14 = sal00: Salinity, Practical [PSU]
# name 15 = sal11: Salinity, Practical, 2 [PSU]
# name 16 = sigma-t00: Density [sigma-t, Kg/m^3 ]
# name 17 = svCM: Sound Velocity [Chen-Millero, m/s]
# name 18 = avgsvCM: Average Sound Velocity [Chen-Millero, m/s], minP = 1, minS = 5
# name 19 = flag: flag
# span 0 =         38,       6335       
# span 1 =      2.000,    166.000       
# span 2 =     7.1895,    12.6431       
# span 3 =     7.1746,    12.6445       
# span 4 =   3.553132,   3.860368       
# span 5 =   3.554185,   3.863020       
# span 6 =     2.0244,     2.3360       
# span 7 =      12.08,     121.03       
# span 8 =     0.0238,     0.3579       
# span 9 = 5.1210e-02, 2.1827e+00       
# span 10 = 1.9438e+00, 1.9438e+00      
# span 11 =      1.551,    263.926      
# span 12 = 279.985214, 279.988251      
# span 13 =    5.02952,    5.82569      
# span 14 =    30.7983,    34.9973      
# span 15 =    30.8946,    35.0240      
# span 16 =    23.2915,    27.3904      
# span 17 =    1481.96,    1496.77      
# span 18 =    1488.96,    1495.64      
# span 19 = 0.0000e+00, 0.0000e+00      
# interval = decibars: 1                
# start_time = Oct 06 2018 23:38:41 [System UTC, header]
# bad_flag = -9.990e-29
*END*
[from data line 73]
       2891     75.000     9.4859     9.4915   3.723251   3.725861     2.0466      98.74     0.0389 5.1257e-02 1.9438e+00    120.419 279.986591    5.17934    34.5823    34.6039    26.7124    1488.69    1494.04 0.0000e+00
       2922     76.000     9.3752     9.3754   3.715243   3.717592     2.0434      98.74     0.0388 5.1268e-02 1.9438e+00    121.723 279.986606    5.18106    34.6058    34.6300    26.7490    1488.33    1493.96 0.0000e+00
       2947     77.000     9.3446     9.3444   3.713097   3.715427     2.0422      98.54     0.0400 5.1273e-02 1.9438e+00    122.750 279.986617    5.18846    34.6127    34.6371    26.7594    1488.24    1493.89 0.0000e+00
       2970     78.000     9.3262     9.3253   3.711852   3.714152     2.0415      98.40     0.0395 5.1273e-02 1.9438e+00    123.711 279.986629    5.19202    34.6171    34.6419    26.7659    1488.20    1493.82 0.0000e+00
       2996     79.000     9.3199     9.3210   3.711462   3.713921     2.0408      98.18     0.0387 5.1273e-02 1.9438e+00    124.799 279.986641    5.18794    34.6187    34.6432    26.7681    1488.19    1493.75 0.0000e+00
       3046     80.000     9.3098     9.3112   3.710824   3.713343     2.0404      97.19     0.0404 5.1269e-02 -9.990e-29    126.863 279.986665    5.20062    34.6214    34.6462    26.7719    1488.18    1493.68 0.0000e+00
       3123     81.000     9.3056     9.3023   3.710669   3.712831     2.0412      96.66     0.0368 5.1269e-02 1.9438e+00    130.077 279.986702    5.19279    34.6234    34.6490    26.7741    1488.18    1493.61 0.0000e+00
       3145     82.000     9.2979     9.2980   3.710127   3.712550     2.0400      95.77     0.0412 5.1273e-02 1.9438e+00    130.994 279.986713    5.18844    34.6247    34.6498    26.7765    1488.17    1493.54 0.0000e+00
       3164     83.000     9.2951     9.2953   3.709936   3.712393     2.0390      95.31     0.0399 5.1273e-02 1.9438e+00    131.812 279.986722    5.18616    34.6250    34.6503    26.7771    1488.18    1493.48 0.0000e+00
       3184     84.000     9.2926     9.2931   3.709763   3.712247     2.0382      94.50     0.0376 5.1266e-02 1.9438e+00    132.637 279.986732    5.18499    34.6251    34.6505    26.7777    1488.19    1493.41 0.0000e+00
       3210     85.000     9.2914     9.2920   3.709684   3.712203     2.0372      92.99     0.0383 5.1252e-02 1.9438e+00    133.716 279.986744    5.18480    34.6250    34.6506    26.7777    1488.20    1493.35 0.0000e+00
       3262     86.000     9.2899     9.2907   3.709605   3.712158     2.0363      90.84     0.0382 5.1250e-02 1.9438e+00    135.865 279.986769    5.18362    34.6252    34.6510    26.7781    1488.21    1493.29 0.0000e+00
       3311     87.000     9.2856     9.2858   3.709323   3.711805     2.0354      91.04     0.0366 5.1256e-02 1.9438e+00    137.923 279.986793    5.18370    34.6260    34.6516    26.7794    1488.21    1493.23 0.0000e+00
       3343     88.000     9.2828     9.2838   3.709145   3.711694     2.0344      90.31     0.0375 5.1251e-02 1.9438e+00    139.247 279.986808    5.17853    34.6263    34.6519    26.7802    1488.22    1493.18 0.0000e+00
       3378     89.000     9.2795     9.2785   3.708922   3.711324     2.0342      89.39     0.0415 5.1257e-02 1.9438e+00    140.696 279.986825    5.18120    34.6268    34.6527    26.7811    1488.22    1493.12 0.0000e+00
       3413     90.000     9.2762     9.2773   3.708711   3.711263     2.0331      88.39     0.0423 5.1255e-02 1.9438e+00    142.147 279.986842    5.17889    34.6273    34.6528    26.7820    1488.23    1493.06 0.0000e+00
       3441     91.000     9.2724     9.2747   3.708462   3.711103     2.0339      87.44     0.0415 5.1228e-02 1.9438e+00    143.336 279.986856    5.19071    34.6279    34.6532    26.7831    1488.23    1493.01 0.0000e+00
       3467     92.000     9.2390     9.2389   3.705976   3.708451     2.0342      86.38     0.0393 5.1229e-02 1.9438e+00    144.398 279.986868    5.18843    34.6340    34.6598    26.7933    1488.13    1492.96 0.0000e+00
       3498     93.000     9.1980     9.1973   3.703015   3.705427     2.0333      85.15     0.0402 5.1234e-02 1.9438e+00    145.695 279.986883    5.18852    34.6425    34.6683    26.8066    1488.01    1492.91 0.0000e+00
       3567     94.000     9.1892     9.1935   3.702414   3.705085     2.0317      84.09     0.0383 5.1260e-02 1.9438e+00    148.565 279.986916    5.18736    34.6443    34.6679    26.8094    1487.99    1492.85 0.0000e+00
       3607     95.000     9.1747     9.1763   3.701374   3.703952     2.0317      83.36     0.0375 5.1245e-02 1.9438e+00    150.235 279.986936    5.19367    34.6471    34.6724    26.8140    1487.96    1492.80 0.0000e+00
       3630     96.000     9.1545     9.1568   3.700023   3.702621     2.0323      82.46     0.0389 5.1220e-02 1.9438e+00    151.195 279.986947    5.20197    34.6521    34.6770    26.8212    1487.91    1492.75 0.0000e+00
       3653     97.000     9.1314     9.1325   3.698348   3.700856     2.0327      81.53     0.0408 5.1210e-02 1.9438e+00    152.152 279.986958    5.20110    34.6566    34.6818    26.8285    1487.85    1492.70 0.0000e+00
       3683     98.000     9.0852     9.0838   3.695064   3.697384     2.0320      80.47     0.0402 5.1226e-02 1.9438e+00    153.426 279.986973    5.19415    34.6668    34.6924    26.8439    1487.71    1492.65 0.0000e+00
       3720     99.000     9.0675     9.0675   3.693822   3.696233     2.0292      79.37     0.0362 5.1231e-02 1.9438e+00    154.975 279.986990    5.18892    34.6706    34.6958    26.8497    1487.66    1492.60 0.0000e+00
       3752    100.000     9.0537     9.0548   3.692913   3.695421     2.0289      78.48     0.0360 5.1235e-02 1.9438e+00    156.277 279.987006    5.20023    34.6741    34.6992    26.8546    1487.63    1492.55 0.0000e+00
       3788    101.000     9.0483     9.0503   3.692532   3.695139     2.0293      77.35     0.0378 5.1234e-02 1.9438e+00    157.791 279.987023    5.20443    34.6749    34.7002    26.8561    1487.63    1492.50 0.0000e+00
       3847    102.000     9.0482     9.0504   3.692566   3.695198     2.0311      76.23     0.0421 5.1249e-02 1.9438e+00    160.266 279.987052    5.21222    34.6749    34.7003    26.8561    1487.65    1492.45 0.0000e+00
       3886    103.000     9.0426     9.0420   3.692181   3.694570     2.0313      75.44     0.0383 5.1228e-02 1.9438e+00    161.892 279.987071    5.21438    34.6758    34.7014    26.8578    1487.64    1492.40 0.0000e+00
       3912    104.000     9.0305     9.0315   3.691218   3.693725     2.0318      74.67     0.0378 5.1227e-02 1.9438e+00    162.964 279.987083    5.21536    34.6771    34.7023    26.8607    1487.62    1492.36 0.0000e+00
       3937    105.000     9.0291     9.0311   3.691138   3.693707     2.0318      73.67     0.0381 5.1210e-02 1.9438e+00    163.997 279.987095    5.21270    34.6771    34.7021    26.8610    1487.63    1492.31 0.0000e+00
       3963    106.000     9.0300     9.0301   3.691207   3.693661     2.0308      72.65     0.0388 5.1247e-02 1.9438e+00    165.091 279.987108    5.20121    34.6765    34.7021    26.8604    1487.65    1492.27 0.0000e+00
       3995    107.000     9.0305     9.0311   3.691306   3.693797     2.0296      71.50     0.0395 5.1242e-02 1.9438e+00    166.414 279.987123    5.21206    34.6766    34.7021    26.8603    1487.67    1492.23 0.0000e+00
       4040    108.000     9.0247     9.0255   3.690891   3.693385     2.0317      70.23     0.0385 5.1262e-02 1.9438e+00    168.277 279.987144    5.22400    34.6774    34.7027    26.8619    1487.66    1492.18 0.0000e+00
       4083    109.000     9.0110     9.0105   3.689821   3.692183     2.0329      69.10     0.0414 5.1249e-02 1.9438e+00    170.080 279.987165    5.22773    34.6791    34.7043    26.8654    1487.63    1492.14 0.0000e+00
       4118    110.000     8.9531     8.9543   3.685501   3.687943     2.0328      68.08     0.0379 5.1240e-02 1.9438e+00    171.523 279.987182    5.22117    34.6899    34.7143    26.8831    1487.45    1492.10 0.0000e+00
       4158    111.000     8.8961     8.8889   3.681214   3.683002     2.0297      67.08     0.0357 5.1245e-02 1.9438e+00    173.197 279.987201    5.22061    34.7001    34.7259    26.9002    1487.26    1492.06 0.0000e+00
       4200    112.000     8.8598     8.8542   3.678501   3.680479     2.0303      66.24     0.0380 5.1253e-02 1.9438e+00    174.972 279.987222    5.23920    34.7066    34.7329    26.9111    1487.16    1492.01 0.0000e+00
       4230    113.000     8.7223     8.7135   3.668071   3.669788     2.0301      65.41     0.0360 5.1246e-02 1.9438e+00    176.215 279.987236    5.24446    34.7310    34.7578    26.9520    1486.69    1491.96 0.0000e+00
       4256    114.000     8.6512     8.6493   3.662909   3.665081     2.0290      64.43     0.0341 5.1256e-02 1.9438e+00    177.289 279.987249    5.24446    34.7459    34.7707    26.9748    1486.46    1491.92 0.0000e+00
       4283    115.000     8.4767     8.4865   3.649910   3.652853     2.0271      63.53     0.0351 5.1273e-02 1.9438e+00    178.399 279.987262    5.25797    34.7795    34.8011    27.0284    1485.87    1491.86 0.0000e+00
       4315    116.000     8.2598     8.2737   3.633622   3.636700     2.0257      62.33     0.0365 5.1254e-02 1.9438e+00    179.744 279.987277    5.28696    34.8201    34.8392    27.0936    1485.13    1491.80 0.0000e+00
       4358    117.000     8.0713     8.0667   3.619214   3.621041     2.0244      60.29     0.0327 5.1261e-02 1.9438e+00    181.527 279.987298    5.31378    34.8527    34.8769    27.1477    1484.48    1491.74 0.0000e+00
       4403    118.000     7.9617     7.9661   3.611103   3.613430     2.0292      58.89     0.0331 5.1270e-02 1.9438e+00    183.403 279.987319    5.38263    34.8743    34.8949    27.1812    1484.11    1491.68 0.0000e+00
       4444    119.000     7.8707     7.8727   3.604036   3.606436     2.0368      58.36     0.0322 5.1257e-02 1.9438e+00    185.121 279.987339    5.40805    34.8885    34.9124    27.2059    1483.80    1491.61 0.0000e+00
       4475    120.000     7.8462     7.8434   3.602230   3.604322     2.0392      57.57     0.0339 5.1268e-02 1.9438e+00    186.434 279.987355    5.40121    34.8931    34.9184    27.2131    1483.73    1491.54 0.0000e+00
       4502    121.000     7.8095     7.8071   3.599562   3.601657     2.0398      56.67     0.0317 5.1268e-02 1.9438e+00    187.531 279.987367    5.41157    34.9005    34.9255    27.2244    1483.61    1491.48 0.0000e+00
       4533    122.000     7.7568     7.7593   3.595629   3.598116     2.0415      55.72     0.0325 5.1255e-02 1.9438e+00    188.824 279.987382    5.42537    34.9103    34.9347    27.2399    1483.44    1491.41 0.0000e+00
       4584    123.000     7.7206     7.7283   3.592990   3.595808     2.0440      54.68     0.0305 5.1271e-02 1.9438e+00    190.953 279.987407    5.44345    34.9175    34.9403    27.2509    1483.33    1491.35 0.0000e+00
       4622    124.000     7.6450     7.6352   3.587136   3.588775     2.0466      53.91     0.0289 5.1273e-02 1.9438e+00    192.525 279.987425    5.45349    34.9295    34.9571    27.2714    1483.07    1491.28 0.0000e+00
       4646    125.000     7.5515     7.5500   3.580147   3.582317     2.0464      53.07     0.0338 5.1273e-02 1.9438e+00    193.533 279.987437    5.46048    34.9471    34.9722    27.2989    1482.76    1491.21 0.0000e+00
       4671    126.000     7.5416     7.5438   3.579406   3.581900     2.0464      52.16     0.0337 5.1268e-02 1.9438e+00    194.578 279.987449    5.46305    34.9485    34.9734    27.3014    1482.74    1491.14 0.0000e+00
       4705    127.000     7.5089     7.5120   3.577048   3.579482     2.0469      50.97     0.0314 5.1273e-02 1.9438e+00    195.999 279.987465    5.47831    34.9553    34.9786    27.3115    1482.64    1491.08 0.0000e+00
       4752    128.000     7.4701     7.4697   3.574011   3.576321     2.0491      49.59     0.0281 5.1270e-02 1.9438e+00    197.970 279.987488    5.49078    34.9608    34.9864    27.3215    1482.51    1491.01 0.0000e+00
       4802    129.000     7.4689     7.4729   3.574038   3.576690     2.0504      48.56     0.0263 5.1273e-02 1.9438e+00    200.056 279.987512    5.49105    34.9618    34.9867    27.3225    1482.52    1490.94 0.0000e+00
       4838    130.000     7.4500     7.4413   3.572612   3.574314     2.0502      47.81     0.0314 5.1268e-02 1.9438e+00    201.545 279.987529    5.48534    34.9649    34.9922    27.3276    1482.47    1490.88 0.0000e+00
       4865    131.000     7.4284     7.4329   3.570985   3.573705     2.0488      46.95     0.0333 5.1273e-02 1.9438e+00    202.674 279.987543    5.47720    34.9684    34.9935    27.3335    1482.41    1490.81 0.0000e+00
       4891    132.000     7.4035     7.4163   3.569068   3.572451     2.0474      46.17     0.0277 5.1268e-02 1.9438e+00    203.749 279.987555    5.47746    34.9721    34.9961    27.3400    1482.34    1490.75 0.0000e+00
       4925    133.000     7.3990     7.4036   3.568752   3.571460     2.0460      44.71     0.0275 5.1273e-02 1.9438e+00    205.161 279.987571    5.48190    34.9727    34.9976    27.3411    1482.34    1490.68 0.0000e+00
       4967    134.000     7.3823     7.3809   3.567437   3.569700     2.0469      43.61     0.0320 5.1265e-02 1.9438e+00    206.928 279.987592    5.50122    34.9747    35.0008    27.3451    1482.29    1490.62 0.0000e+00
       4997    135.000     7.3791     7.3800   3.567270   3.569668     2.0487      42.67     0.0302 5.1273e-02 1.9438e+00    208.184 279.987606    5.50765    34.9757    35.0009    27.3463    1482.30    1490.56 0.0000e+00
       5024    136.000     7.3628     7.3607   3.565989   3.568192     2.0489      42.60     0.0310 5.1273e-02 1.9438e+00    209.305 279.987619    5.50143    34.9776    35.0038    27.3502    1482.25    1490.50 0.0000e+00
       5069    137.000     7.3521     7.3539   3.565171   3.567674     2.0476      41.59     0.0284 5.1271e-02 1.9438e+00    211.177 279.987641    5.49172    34.9790    35.0045    27.3528    1482.23    1490.44 0.0000e+00
       5120    138.000     7.3168     7.3161   3.562385   3.564670     2.0462      40.57     0.0281 5.1277e-02 1.9438e+00    213.298 279.987665    5.49900    34.9837    35.0094    27.3616    1482.12    1490.38 0.0000e+00
       5148    139.000     7.2940     7.2886   3.560557   3.562453     2.0460      39.86     0.0291 5.1261e-02 1.9438e+00    214.468 279.987679    5.49347    34.9863    35.0125    27.3668    1482.05    1490.32 0.0000e+00
       5174    140.000     7.2710     7.2660   3.558700   3.560672     2.0443      38.93     0.0276 5.1273e-02 1.9438e+00    215.526 279.987691    5.49168    34.9888    35.0154    27.3720    1481.98    1490.26 0.0000e+00
       5208    141.000     7.2613     7.2641   3.557920   3.560546     2.0441      37.63     0.0263 5.1270e-02 1.9438e+00    216.948 279.987708    5.50595    34.9895    35.0154    27.3740    1481.96    1490.20 0.0000e+00
       5260    142.000     7.2565     7.2576   3.557588   3.560050     2.0467      36.36     0.0252 5.1273e-02 1.9438e+00    219.120 279.987733    5.52493    34.9903    35.0161    27.3753    1481.96    1490.14 0.0000e+00
       5296    143.000     7.2521     7.2535   3.557275   3.559781     2.0474      35.71     0.0297 5.1273e-02 1.9438e+00    220.612 279.987750    5.50702    34.9908    35.0168    27.3763    1481.96    1490.08 0.0000e+00
       5322    144.000     7.2632     7.2615   3.558297   3.560509     2.0455      34.78     0.0277 5.1273e-02 1.9438e+00    221.723 279.987763    5.49909    34.9903    35.0162    27.3743    1482.02    1490.02 0.0000e+00
       5350    145.000     7.2703     7.2696   3.558900   3.561242     2.0452      33.79     0.0269 5.1273e-02 1.9438e+00    222.854 279.987776    5.50801    34.9892    35.0155    27.3725    1482.06    1489.97 0.0000e+00
