_data/ctd/2018/sta0384_2018.cnv
* Sea-Bird SBE 9 Data File:
* FileName = C:\Seabird\CTDData\sta0384.hex
* Software Version Seasave V 7.21f
* Temperature SN = 4557
* Conductivity SN = 1337
* Number of Bytes Per Scan = 40
* Number of Voltage Words = 5
* Number of Scans Averaged by the Deck Unit = 1
* NMEA Latitude = 60 45.02 N
* NMEA Longitude = 004 27.00 E
* NMEA UTC (Time) = Oct 07 2018 00:41:30
* NMEA baud rate = 4800
** Ship: 10 F/F "G. O. Sars"
** Station: 0384
** Echodepth: 371
** Log: 4492.703
** Wind-Dir Force: 29 12
** Air-temp (dry): 8.2
** Weather Sky: 2 7
** Sea Ice: 3 0
# nquan = 20                                
# nvalues = 360                         
# units = specified
# name 0 = scan: Scan Count
# name 1 = prDM: Pressure, Digiquartz [db]
# name 2 = t068C: Temperature [ITS-68, deg C]
# name 3 = t168C: Temperature, 2 [ITS-68, deg C]
# name 4 = c0S/m: Conductivity [S/m]
# name 5 = c1S/m: Conductivity, 2 [S/m]
# name 6 = sbeox0V: Oxygen raw, SBE 43 [V]
# name 7 = altM: Altimeter [m]
# name 8 = flC: Fluorescence, Chelsea Aqua 3 Chl Con [ug/l]
# name 9 = par: PAR/Irradiance, Biospherical/Licor
# name 10 = spar: SPAR/Surface Irradiance
# name 11 = timeS: Time, Elapsed [seconds]
# name 12 = timeJ: Julian Days
# name 13 = sbeox0ML/L: Oxygen, SBE 43 [ml/l], WS = 2
# name 14 = sal00: Salinity, Practical [PSU]
# name 15 = sal11: Salinity, Practical, 2 [PSU]
# name 16 = sigma-t00: Density [sigma-t, Kg/m^3 ]
# name 17 = svCM: Sound Velocity [Chen-Millero, m/s]
# name 18 = avgsvCM: Average Sound Velocity [Chen-Millero, m/s], minP = 1, minS = 5
# name 19 = flag: flag
# span 0 =        349,       9069       
# span 1 =      4.000,    363.000       
# span 2 =     6.3990,    12.7281       
# span 3 =     6.3989,    12.7306       
# span 4 =   3.494829,   3.903593       
# span 5 =   3.497519,   3.906653       
# span 6 =     1.9922,     2.3161       
# span 7 =      14.41,      99.85       
# span 8 =     0.0172,     0.6149       
# span 9 = 5.1201e-02, 1.0238e+00       
# span 10 = 1.9438e+00, 1.9438e+00      
# span 11 =     14.493,    377.829      
# span 12 = 280.029010, 280.033216      
# span 13 =    5.32234,    5.88379      
# span 14 =    32.7826,    35.2258      
# span 15 =    32.8102,    35.2557      
# span 16 =    24.7324,    27.5750      
# span 17 =    1480.72,    1497.11      
# span 18 =    1485.92,    1496.82      
# span 19 = 0.0000e+00, 0.0000e+00      
# interval = decibars: 1                
# start_time = Oct 07 2018 00:41:32 [System UTC, header]
# bad_flag = -9.990e-29
*END*
        349      4.000    12.7079    12.7091   3.836228   3.839238     2.3096      98.70     0.3705 1.0238e+00 1.9438e+00     14.493 280.029010    5.67243    32.7826    32.8102    24.7331    1496.64    1496.64 0.0000e+00
        381      5.000    12.7044    12.7035   3.835960   3.838786     2.3076      98.69     0.3666 8.1314e-01 1.9438e+00     15.818 280.029026    5.67182    32.7827    32.8104    24.7339    1496.65    1496.64 0.0000e+00
        405      6.000    12.7088    12.7100   3.836461   3.839493     2.3094      98.67     0.3681 6.5072e-01 1.9438e+00     16.841 280.029037    5.68886    32.7832    32.8110    24.7334    1496.68    1496.65 0.0000e+00
        427      7.000    12.7031    12.7050   3.835974   3.839027     2.3102      98.65     0.3648 4.7267e-01 1.9438e+00     17.731 280.029048    5.68460    32.7831    32.8105    24.7345    1496.67    1496.65 0.0000e+00
        445      8.000    12.7062    12.7089   3.836400   3.839580     2.3103      64.53     0.3630 3.6885e-01 1.9438e+00     18.507 280.029057    5.67995    32.7841    32.8120    24.7346    1496.70    1496.66 0.0000e+00
        463      9.000    12.7184    12.7195   3.837664   3.840652     2.3094      91.55     0.3636 2.7395e-01 1.9438e+00     19.258 280.029065    5.67564    32.7851    32.8126    24.7330    1496.76    1496.67 0.0000e+00
        482     10.000    12.7192    12.7186   3.837717   3.840593     2.3093      98.53     0.3631 1.9960e-01 1.9438e+00     20.048 280.029075    5.68170    32.7845    32.8124    24.7324    1496.78    1496.68 0.0000e+00
        503     11.000    12.7108    12.7112   3.837006   3.839933     2.3097      98.65     0.3622 1.5445e-01 1.9438e+00     20.935 280.029085    5.68121    32.7846    32.8121    24.7342    1496.77    1496.69 0.0000e+00
        529     12.000    12.7109    12.7125   3.837083   3.840121     2.3089      98.67     0.3611 1.1698e-01 1.9438e+00     21.986 280.029097    5.67579    32.7849    32.8124    24.7343    1496.79    1496.70 0.0000e+00
        553     13.000    12.7102    12.7107   3.837072   3.839996     2.3078      98.68     0.3586 9.8670e-02 1.9438e+00     23.009 280.029109    5.67017    32.7849    32.8123    24.7345    1496.80    1496.70 0.0000e+00
        576     14.000    12.7092    12.7090   3.837016   3.839874     2.3060      90.62     0.3586 8.3816e-02 1.9438e+00     23.972 280.029120    5.66001    32.7849    32.8123    24.7347    1496.81    1496.71 0.0000e+00
        602     15.000    12.7110    12.7124   3.837270   3.840334     2.3037      77.53     0.3654 7.0088e-02 1.9438e+00     25.055 280.029133    5.66192    32.7853    32.8133    24.7347    1496.84    1496.72 0.0000e+00
        631     16.000    12.7129    12.7140   3.837569   3.840586     2.3050      98.49     0.3687 6.0075e-02 1.9438e+00     26.237 280.029146    5.68271    32.7861    32.8139    24.7349    1496.86    1496.73 0.0000e+00
        663     17.000    12.7136    12.7146   3.837716   3.840710     2.3077      74.77     0.3721 5.1291e-02 1.9438e+00     27.597 280.029162    5.68939    32.7865    32.8141    24.7351    1496.88    1496.74 0.0000e+00
        689     18.000    12.7134    12.7144   3.837725   3.840705     2.3089      98.90     0.3725 5.1278e-02 1.9438e+00     28.675 280.029174    5.68342    32.7863    32.8138    24.7350    1496.89    1496.75 0.0000e+00
        708     19.000    12.7132    12.7143   3.837774   3.840778     2.3077      98.73     0.3719 5.1273e-02 1.9438e+00     29.468 280.029184    5.66999    32.7866    32.8142    24.7352    1496.91    1496.76 0.0000e+00
        728     20.000    12.7142    12.7157   3.838079   3.841123     2.3058      77.50     0.3705 5.1267e-02 1.9438e+00     30.287 280.029193    5.66986    32.7882    32.8159    24.7363    1496.93    1496.76 0.0000e+00
        753     21.000    12.7124    12.7132   3.838283   3.841229     2.3061      88.94     0.3689 5.1273e-02 1.9438e+00     31.320 280.029205    5.67844    32.7913    32.8186    24.7390    1496.95    1496.77 0.0000e+00
        784     22.000    12.7212    12.7217   3.840927   3.843792     2.3052      98.60     0.3656 5.1269e-02 1.9438e+00     32.607 280.029220    5.66561    32.8084    32.8352    24.7506    1497.01    1496.78 0.0000e+00
        822     23.000    12.7281    12.7306   3.843055   3.846505     2.3022      84.31     0.3786 5.1263e-02 1.9438e+00     34.189 280.029238    5.65417    32.8222    32.8529    24.7599    1497.07    1496.80 0.0000e+00
        859     24.000    12.7280    12.7299   3.845525   3.848351     2.2996      99.66     0.3877 5.1268e-02 1.9438e+00     35.737 280.029256    5.64633    32.8454    32.8706    24.7779    1497.11    1496.81 0.0000e+00
        879     25.000    12.6737    12.6778   3.844225   3.847232     2.2988      98.73     0.3942 5.1265e-02 1.9438e+00     36.588 280.029266    5.66174    32.8799    32.9050    24.8152    1496.99    1496.82 0.0000e+00
        896     26.000    12.5599    12.5665   3.840910   3.844004     2.3001      98.73     0.3976 5.1273e-02 1.9438e+00     37.303 280.029274    5.67226    32.9474    32.9712    24.8894    1496.70    1496.81 0.0000e+00
        917     27.000    12.4565    12.4626   3.837191   3.840162     2.2974      98.73     0.3824 5.1279e-02 1.9438e+00     38.176 280.029284    5.65099    33.0021    33.0252    24.9517    1496.43    1496.80 0.0000e+00
        946     28.000    12.3950    12.3962   3.842313   3.845003     2.2909      98.72     0.3456 5.1273e-02 1.9438e+00     39.392 280.029299    5.64310    33.1049    33.1297    25.0432    1496.36    1496.78 0.0000e+00
        981     29.000    12.3825    12.3835   3.846439   3.849008     2.2916      98.68     0.2992 5.1277e-02 1.9438e+00     40.842 280.029315    5.67912    33.1552    33.1790    25.0846    1496.39    1496.77 0.0000e+00
       1016     30.000    12.3086    12.3155   3.855328   3.858114     2.2940      98.71     0.2794 5.1268e-02 1.9438e+00     42.279 280.029332    5.67298    33.3057    33.3264    25.2155    1496.34    1496.75 0.0000e+00
       1043     31.000    12.1216    12.1278   3.852995   3.855955     2.2909      98.65     0.2739 5.1267e-02 1.9438e+00     43.406 280.029345    5.65330    33.4496    33.4727    25.3627    1495.89    1496.73 0.0000e+00
       1064     32.000    12.0551    12.0558   3.851121   3.853975     2.2848      98.73     0.2997 5.1273e-02 1.9438e+00     44.271 280.029355    5.61851    33.4907    33.5177    25.4071    1495.73    1496.70 0.0000e+00
       1085     33.000    12.0148    12.0183   3.849752   3.852686     2.2756      98.73     0.3509 5.1273e-02 1.9438e+00     45.178 280.029365    5.59507    33.5131    33.5385    25.4321    1495.63    1496.66 0.0000e+00
       1108     34.000    11.8791    11.8847   3.846513   3.849511     2.2692      98.18     0.4135 5.1273e-02 1.9438e+00     46.142 280.029377    5.61757    33.6035    33.6276    25.5278    1495.29    1496.62 0.0000e+00
       1131     35.000    11.7544    11.7593   3.841492   3.844505     2.2684      98.74     0.4732 5.1267e-02 1.9438e+00     47.098 280.029388    5.66870    33.6669    33.6919    25.6003    1494.96    1496.58 0.0000e+00
       1153     36.000    11.6764    11.6796   3.837170   3.840148     2.2728      98.73     0.4993 5.1273e-02 1.9438e+00     48.019 280.029398    5.70936    33.6950    33.7212    25.6367    1494.74    1496.52 0.0000e+00
       1175     37.000    11.5648    11.5714   3.834281   3.837149     2.2774      98.73     0.5082 5.1273e-02 1.9438e+00     48.926 280.029409    5.74487    33.7678    33.7899    25.7139    1494.46    1496.47 0.0000e+00
       1198     38.000    11.4797    11.4826   3.833956   3.836739     2.2843      98.73     0.5285 5.1273e-02 1.9438e+00     49.857 280.029420    5.78958    33.8419    33.8667    25.7872    1494.27    1496.41 0.0000e+00
       1221     39.000    11.4190    11.4239   3.834929   3.837714     2.2927      98.73     0.5649 5.1273e-02 1.9438e+00     50.836 280.029431    5.82088    33.9067    33.9297    25.8487    1494.15    1496.35 0.0000e+00
       1245     40.000    11.3150    11.3180   3.836888   3.839641     2.2994      98.73     0.5920 5.1273e-02 1.9438e+00     51.840 280.029443    5.83378    34.0213    34.0457    25.9569    1493.94    1496.29 0.0000e+00
       1268     41.000    11.2699    11.2721   3.837878   3.840737     2.3027      98.73     0.6129 5.1273e-02 1.9438e+00     52.798 280.029454    5.83554    34.0723    34.0986    26.0048    1493.86    1496.23 0.0000e+00
       1290     42.000    11.2482    11.2500   3.838977   3.841701     2.3049      98.73     0.6149 5.1280e-02 1.9438e+00     53.699 280.029464    5.84322    34.1028    34.1281    26.0325    1493.84    1496.18 0.0000e+00
       1310     43.000    11.2343    11.2338   3.842106   3.844840     2.3074      98.65     0.5870 5.1266e-02 1.9438e+00     54.536 280.029474    5.86170    34.1463    34.1738    26.0688    1493.86    1496.12 0.0000e+00
       1330     44.000    11.2391    11.2397   3.842826   3.845708     2.3113      98.43     0.5530 5.1273e-02 1.9438e+00     55.364 280.029483    5.87153    34.1485    34.1765    26.0697    1493.90    1496.07 0.0000e+00
       1350     45.000    11.2364    11.2373   3.843116   3.846000     2.3133      98.73     0.5332 5.1273e-02 1.9438e+00     56.203 280.029493    5.85791    34.1534    34.1812    26.0740    1493.91    1496.02 0.0000e+00
       1371     46.000    11.1981    11.1988   3.840687   3.843578     2.3117      97.96     0.5288 5.1273e-02 1.9438e+00     57.074 280.029503    5.84158    34.1644    34.1925    26.0895    1493.81    1495.97 0.0000e+00
       1393     47.000    11.1870    11.1874   3.839801   3.842686     2.3101      98.73     0.5268 5.1273e-02 1.9438e+00     57.980 280.029514    5.84883    34.1655    34.1938    26.0924    1493.79    1495.93 0.0000e+00
       1415     48.000    11.1859    11.1864   3.839804   3.842692     2.3106      98.73     0.5323 5.1273e-02 1.9438e+00     58.930 280.029525    5.86923    34.1661    34.1943    26.0930    1493.80    1495.88 0.0000e+00
       1439     49.000    11.1889    11.1883   3.840369   3.843104     2.3142      98.73     0.5399 5.1273e-02 1.9438e+00     59.911 280.029536    5.88379    34.1685    34.1962    26.0944    1493.83    1495.84 0.0000e+00
       1462     50.000    11.1971    11.1976   3.841717   3.844630     2.3150      98.73     0.5417 5.1273e-02 1.9438e+00     60.858 280.029547    5.87446    34.1738    34.2023    26.0970    1493.88    1495.80 0.0000e+00
       1483     51.000    11.2063    11.2069   3.843373   3.846320     2.3161      98.73     0.5381 5.1280e-02 1.9438e+00     61.734 280.029557    5.87464    34.1813    34.2099    26.1011    1493.94    1495.77 0.0000e+00
       1503     52.000    11.2130    11.2134   3.844710   3.847646     2.3156      98.73     0.5224 5.1273e-02 1.9438e+00     62.577 280.029567    5.86582    34.1879    34.2166    26.1050    1493.99    1495.73 0.0000e+00
       1524     53.000    11.2194    11.2198   3.845947   3.848891     2.3150      98.73     0.5016 5.1273e-02 1.9438e+00     63.438 280.029577    5.85650    34.1937    34.2226    26.1084    1494.03    1495.70 0.0000e+00
       1545     54.000    11.2227    11.2231   3.846779   3.849732     2.3128      98.73     0.4773 5.1273e-02 1.9438e+00     64.324 280.029587    5.84634    34.1985    34.2274    26.1115    1494.06    1495.67 0.0000e+00
       1566     55.000    11.2252    11.2257   3.847321   3.850279     2.3112      98.73     0.4564 5.1273e-02 1.9438e+00     65.213 280.029597    5.84620    34.2011    34.2299    26.1131    1494.09    1495.64 0.0000e+00
       1588     56.000    11.2265    11.2272   3.847967   3.850918     2.3104      98.73     0.4448 5.1273e-02 1.9438e+00     66.126 280.029608    5.85461    34.2059    34.2344    26.1166    1494.12    1495.61 0.0000e+00
       1610     57.000    11.2309    11.2313   3.849984   3.852904     2.3114      98.73     0.4299 5.1273e-02 1.9438e+00     67.049 280.029619    5.85691    34.2213    34.2499    26.1278    1494.17    1495.59 0.0000e+00
       1632     58.000    11.2270    11.2278   3.851711   3.854671     2.3104      98.73     0.4128 5.1273e-02 1.9438e+00     67.945 280.029629    5.83477    34.2416    34.2702    26.1443    1494.20    1495.56 0.0000e+00
       1652     59.000    11.2097    11.2108   3.852048   3.854998     2.3067      93.86     0.3990 5.1258e-02 1.9438e+00     68.790 280.029639    5.82837    34.2606    34.2888    26.1622    1494.18    1495.54 0.0000e+00
       1671     60.000    11.1781    11.1797   3.852318   3.855270     2.3068      95.87     0.3804 5.1266e-02 1.9438e+00     69.597 280.029648    5.85594    34.2923    34.3201    26.1926    1494.12    1495.52 0.0000e+00
       1691     61.000    11.2077    11.2058   3.863212   3.865816     2.3084      98.76     0.3649 5.1273e-02 1.9438e+00     70.405 280.029658    5.84296    34.3723    34.3999    26.2496    1494.34    1495.50 0.0000e+00
       1710     62.000    11.2570    11.2568   3.875600   3.878346     2.3059      98.73     0.3406 5.1273e-02 1.9438e+00     71.227 280.029667    5.81720    34.4487    34.4761    26.3000    1494.62    1495.48 0.0000e+00
       1731     63.000    11.2888    11.2890   3.885759   3.888724     2.3053      98.73     0.2997 5.1273e-02 1.9438e+00     72.096 280.029677    5.81403    34.5192    34.5484    26.3490    1494.83    1495.47 0.0000e+00
       1759     64.000    11.3109    11.3110   3.894490   3.896977     2.3029      98.74     0.2555 5.1273e-02 1.9438e+00     73.234 280.029690    5.79074    34.5845    34.6091    26.3958    1495.00    1495.47 0.0000e+00
       1812     65.000    11.2927    11.2960   3.901237   3.903933     2.2909      98.74     0.2172 5.1273e-02 1.9438e+00     75.467 280.029716    5.71392    34.6680    34.6917    26.4642    1495.06    1495.46 0.0000e+00
       1840     66.000    11.2552    11.2559   3.903593   3.906653     2.2792      98.74     0.2029 5.1273e-02 1.9438e+00     76.611 280.029729    5.66469    34.7263    34.7560    26.5164    1495.01    1495.45 0.0000e+00
       1858     67.000    11.1152    11.1253   3.894800   3.898038     2.2713      98.74     0.1860 5.1273e-02 1.9438e+00     77.356 280.029738    5.66644    34.7706    34.7933    26.5764    1494.59    1495.44 0.0000e+00
       1874     68.000    11.0001    11.0000   3.889244   3.892005     2.2662      98.74     0.1728 5.1265e-02 1.9438e+00     78.025 280.029746    5.67393    34.8238    34.8514    26.6388    1494.27    1495.42 0.0000e+00
       1893     69.000    11.0288    11.0273   3.896082   3.898672     2.2606      98.74     0.1580 5.1273e-02 1.9438e+00     78.822 280.029755    5.64766    34.8644    34.8917    26.6652    1494.44    1495.41 0.0000e+00
       1920     70.000    10.9186    10.9263   3.889246   3.892843     2.2513      98.74     0.1363 5.1277e-02 1.9438e+00     79.952 280.029768    5.63359    34.9004    34.9290    26.7132    1494.11    1495.39 0.0000e+00
       1964     71.000    10.8156    10.8126   3.885204   3.887479     2.2387      91.62     0.1230 5.1262e-02 1.9438e+00     81.799 280.029789    5.61260    34.9577    34.9834    26.7763    1493.84    1495.37 0.0000e+00
       1996     72.000    10.6048    10.6151   3.864740   3.868706     2.2328      99.10     0.1220 5.1274e-02 1.9438e+00     83.136 280.029805    5.65438    34.9530    34.9831    26.8103    1493.10    1495.34 0.0000e+00
       2015     73.000    10.3792    10.3856   3.841372   3.844575     2.2329      98.74     0.1214 5.1281e-02 1.9438e+00     83.906 280.029814    5.67649    34.9327    34.9591    26.8342    1492.30    1495.29 0.0000e+00
       2032     74.000    10.3079    10.3087   3.835285   3.838058     2.2296      98.74     0.1239 5.1281e-02 1.9438e+00     84.635 280.029822    5.65086    34.9391    34.9665    26.8516    1492.07    1495.25 0.0000e+00
       2053     75.000    10.3256    10.3240   3.839048   3.841586     2.2230      98.74     0.1199 5.1267e-02 1.9438e+00     85.521 280.029832    5.62186    34.9598    34.9871    26.8647    1492.17    1495.21 0.0000e+00
