_data/ctd/2018/sta0385_2018.cnv
* Sea-Bird SBE 9 Data File:
* FileName = C:\Seabird\CTDData\sta0385.hex
* Software Version Seasave V 7.21f
* Temperature SN = 4557
* Conductivity SN = 1337
* Number of Bytes Per Scan = 40
* Number of Voltage Words = 5
* Number of Scans Averaged by the Deck Unit = 1
* NMEA Latitude = 60 45.04 N
* NMEA Longitude = 004 17.08 E
* NMEA UTC (Time) = Oct 07 2018 01:37:13
* NMEA baud rate = 4800
** Ship: 10 F/F "G. O. Sars"
** Station: 0385
** Echodepth: 314
** Log: 4497.646
** Wind-Dir Force: 30 09
** Air-temp (dry): 8.0
** Weather Sky: 2 7
** Sea Ice: 3 0
# nquan = 20                                
# nvalues = 304                         
# units = specified
# name 0 = scan: Scan Count
# name 1 = prDM: Pressure, Digiquartz [db]
# name 2 = t068C: Temperature [ITS-68, deg C]
# name 3 = t168C: Temperature, 2 [ITS-68, deg C]
# name 4 = c0S/m: Conductivity [S/m]
# name 5 = c1S/m: Conductivity, 2 [S/m]
# name 6 = sbeox0V: Oxygen raw, SBE 43 [V]
# name 7 = altM: Altimeter [m]
# name 8 = flC: Fluorescence, Chelsea Aqua 3 Chl Con [ug/l]
# name 9 = par: PAR/Irradiance, Biospherical/Licor
# name 10 = spar: SPAR/Surface Irradiance
# name 11 = timeS: Time, Elapsed [seconds]
# name 12 = timeJ: Julian Days
# name 13 = sbeox0ML/L: Oxygen, SBE 43 [ml/l], WS = 2
# name 14 = sal00: Salinity, Practical [PSU]
# name 15 = sal11: Salinity, Practical, 2 [PSU]
# name 16 = sigma-t00: Density [sigma-t, Kg/m^3 ]
# name 17 = svCM: Sound Velocity [Chen-Millero, m/s]
# name 18 = avgsvCM: Average Sound Velocity [Chen-Millero, m/s], minP = 1, minS = 5
# name 19 = flag: flag
# span 0 =        134,       7372       
# span 1 =      5.000,    308.000       
# span 2 =     6.3437,    11.7662       
# span 3 =     6.3433,    11.7660       
# span 4 =   3.495691,   3.948362       
# span 5 =   3.498396,   3.951327       
# span 6 =     1.9620,     2.3224       
# span 7 =      10.87,      99.79       
# span 8 =     0.0178,     0.5049       
# span 9 = 5.1225e-02, 8.2187e-01       
# span 10 = 1.9438e+00, 1.9438e+00      
# span 11 =      5.547,    307.121      
# span 12 = 280.067599, 280.071089      
# span 13 =    5.30509,    5.83356      
# span 14 =    33.0378,    35.1940      
# span 15 =    33.0669,    35.2247      
# span 16 =    25.1292,    27.6334      
# span 17 =    1480.87,    1495.72      
# span 18 =    1486.11,    1494.31      
# span 19 = 0.0000e+00, 0.0000e+00      
# interval = decibars: 1                
# start_time = Oct 07 2018 01:37:15 [System UTC, header]
# bad_flag = -9.990e-29
*END*
[from data line 145]
       3733    150.000     7.6093     7.6091   3.593765   3.596576     2.0796      98.74     0.0278 5.1273e-02 1.9438e+00    155.501 280.069334    5.58491    35.0244    35.0551    27.3513    1483.48    1489.62 0.0000e+00
       3751    151.000     7.6068     7.6060   3.593735   3.596458     2.0793      98.74     0.0291 5.1273e-02 1.9438e+00    156.259 280.069343    5.58252    35.0261    35.0565    27.3530    1483.49    1489.58 0.0000e+00
       3771    152.000     7.6057     7.6053   3.593728   3.596511     2.0787      98.73     0.0293 5.1273e-02 1.9438e+00    157.073 280.069353    5.57256    35.0267    35.0573    27.3536    1483.50    1489.54 0.0000e+00
       3792    153.000     7.6040     7.6037   3.593671   3.596460     2.0767      98.74     0.0270 5.1267e-02 1.9438e+00    157.968 280.069363    5.55852    35.0273    35.0579    27.3543    1483.52    1489.50 0.0000e+00
       3815    154.000     7.6007     7.5999   3.593400   3.596133     2.0744      98.73     0.0316 5.1273e-02 1.9438e+00    158.897 280.069374    5.55518    35.0272    35.0576    27.3547    1483.52    1489.46 0.0000e+00
       3837    155.000     7.5878     7.5867   3.592168   3.594849     2.0734      98.74     0.0303 5.1273e-02 1.9438e+00    159.813 280.069384    5.56780    35.0263    35.0565    27.3559    1483.49    1489.42 0.0000e+00
       3858    156.000     7.5703     7.5688   3.590364   3.592988     2.0735      98.74     0.0288 5.1273e-02 1.9438e+00    160.721 280.069395    5.57538    35.0239    35.0539    27.3565    1483.43    1489.39 0.0000e+00
       3879    157.000     7.5421     7.5415   3.587549   3.590308     2.0735      98.74     0.0261 5.1266e-02 1.9438e+00    161.601 280.069405    5.57805    35.0212    35.0518    27.3586    1483.34    1489.35 0.0000e+00
       3900    158.000     7.5456     7.5467   3.588213   3.591173     2.0730      98.73     0.0257 5.1273e-02 1.9438e+00    162.475 280.069415    5.56677    35.0244    35.0554    27.3606    1483.37    1489.31 0.0000e+00
       3922    159.000     7.5487     7.5481   3.588598   3.591372     2.0714      98.73     0.0269 5.1273e-02 1.9438e+00    163.391 280.069426    5.56133    35.0250    35.0557    27.3606    1483.40    1489.27 0.0000e+00
       3948    160.000     7.5507     7.5511   3.588873   3.591783     2.0709      98.74     0.0269 5.1273e-02 1.9438e+00    164.441 280.069438    5.56980    35.0254    35.0566    27.3606    1483.42    1489.23 0.0000e+00
       3975    161.000     7.5851     7.5843   3.593098   3.595950     2.0709      98.74     0.0269 5.1273e-02 1.9438e+00    165.589 280.069451    5.56737    35.0362    35.0679    27.3641    1483.59    1489.20 0.0000e+00
       3998    162.000     7.6113     7.6059   3.596028   3.598146     2.0710      98.74     0.0250 5.1266e-02 1.9438e+00    166.539 280.069462    5.56440    35.0411    35.0695    27.3641    1483.71    1489.17 0.0000e+00
       4016    163.000     7.4765     7.4718   3.582023   3.584302     2.0711      98.74     0.0235 5.1273e-02 1.9438e+00    167.273 280.069471    5.58411    35.0243    35.0538    27.3705    1483.19    1489.13 0.0000e+00
       4032    164.000     7.4683     7.4676   3.581146   3.583885     2.0710      98.74     0.0230 5.1273e-02 1.9438e+00    167.973 280.069479    5.57176    35.0225    35.0530    27.3703    1483.17    1489.09 0.0000e+00
       4049    165.000     7.4659     7.4647   3.580914   3.583577     2.0689      98.74     0.0274 5.1265e-02 1.9438e+00    168.678 280.069487    5.54661    35.0219    35.0521    27.3702    1483.18    1489.06 0.0000e+00
       4068    166.000     7.4628     7.4633   3.580590   3.583470     2.0656      98.74     0.0278 5.1280e-02 1.9438e+00    169.451 280.069496    5.53760    35.0210    35.0519    27.3699    1483.18    1489.02 0.0000e+00
       4090    167.000     7.5003     7.5109   3.585304   3.589391     2.0632      98.74     0.0258 5.1273e-02 1.9438e+00    170.367 280.069507    5.53985    35.0340    35.0678    27.3747    1483.36    1488.99 0.0000e+00
       4117    168.000     7.6530     7.6474   3.602533   3.604787     2.0629      98.74     0.0258 5.1268e-02 1.9438e+00    171.502 280.069520    5.54706    35.0667    35.0967    27.3781    1484.00    1488.96 0.0000e+00
       4152    169.000     7.7623     7.7658   3.614896   3.618480     2.0675      98.74     0.0222 5.1269e-02 1.9438e+00    172.944 280.069536    5.55727    35.0899    35.1252    27.3803    1484.46    1488.93 0.0000e+00
       4184    170.000     7.9087     7.9104   3.632097   3.635364     2.0696      98.74     0.0239 5.1273e-02 1.9438e+00    174.291 280.069552    5.52935    35.1279    35.1613    27.3883    1485.08    1488.91 0.0000e+00
       4205    171.000     7.9253     7.9253   3.634058   3.637059     2.0706      98.74     0.0230 5.1273e-02 1.9438e+00    175.147 280.069562    5.53058    35.1318    35.1641    27.3890    1485.16    1488.89 0.0000e+00
       4222    172.000     7.9264     7.9257   3.634268   3.637134     2.0709      98.74     0.0234 5.1273e-02 1.9438e+00    175.869 280.069570    5.52650    35.1325    35.1640    27.3893    1485.18    1488.86 0.0000e+00
       4239    173.000     7.9142     7.9141   3.632998   3.635898     2.0709      98.74     0.0225 5.1273e-02 1.9438e+00    176.601 280.069579    5.52680    35.1306    35.1619    27.3897    1485.15    1488.84 0.0000e+00
       4258    174.000     7.9054     7.9052   3.632214   3.635095     2.0709      98.74     0.0194 5.1273e-02 1.9438e+00    177.374 280.069588    5.52391    35.1305    35.1617    27.3909    1485.13    1488.82 0.0000e+00
       4279    175.000     7.9064     7.9050   3.632395   3.635159     2.0698      98.74     0.0178 5.1261e-02 1.9438e+00    178.242 280.069598    5.51161    35.1309    35.1621    27.3911    1485.15    1488.80 0.0000e+00
       4303    176.000     7.9137     7.9127   3.633301   3.636113     2.0680      98.74     0.0207 5.1273e-02 1.9438e+00    179.259 280.069609    5.50357    35.1329    35.1642    27.3915    1485.20    1488.78 0.0000e+00
       4330    177.000     7.9327     7.9317   3.635501   3.638288     2.0662      98.74     0.0224 5.1273e-02 1.9438e+00    180.368 280.069622    5.50210    35.1370    35.1680    27.3919    1485.29    1488.76 0.0000e+00
       4353    178.000     7.9367     7.9366   3.635971   3.638865     2.0660      98.74     0.0229 5.1273e-02 1.9438e+00    181.346 280.069634    5.50664    35.1375    35.1688    27.3918    1485.33    1488.74 0.0000e+00
       4373    179.000     7.9371     7.9365   3.636031   3.638874     2.0654      98.74     0.0215 5.1281e-02 1.9438e+00    182.161 280.069643    5.49719    35.1373    35.1685    27.3915    1485.34    1488.72 0.0000e+00
       4391    180.000     7.9371     7.9375   3.636082   3.639022     2.0641      98.74     0.0226 5.1273e-02 1.9438e+00    182.915 280.069652    5.49286    35.1373    35.1686    27.3915    1485.36    1488.70 0.0000e+00
       4410    181.000     7.9457     7.9457   3.637242   3.640201     2.0634      98.73     0.0242 5.1273e-02 1.9438e+00    183.721 280.069661    5.49219    35.1407    35.1725    27.3929    1485.41    1488.68 0.0000e+00
       4432    182.000     7.9596     7.9564   3.638989   3.641438     2.0623      98.73     0.0244 5.1273e-02 1.9438e+00    184.611 280.069671    5.48399    35.1451    35.1746    27.3942    1485.49    1488.67 0.0000e+00
       4454    183.000     7.9316     7.9299   3.636518   3.639248     2.0610      98.73     0.0229 5.1273e-02 1.9438e+00    185.555 280.069682    5.48612    35.1461    35.1772    27.3993    1485.40    1488.65 0.0000e+00
       4477    184.000     7.8972     7.8951   3.632857   3.635441     2.0601      98.34     0.0230 5.1273e-02 1.9438e+00    186.495 280.069693    5.49044    35.1408    35.1707    27.4002    1485.28    1488.63 0.0000e+00
       4499    185.000     7.8705     7.8711   3.630209   3.633150     2.0593      95.01     0.0250 5.1260e-02 1.9438e+00    187.434 280.069704    5.48846    35.1386    35.1697    27.4025    1485.19    1488.61 0.0000e+00
       4522    186.000     7.8963     7.8957   3.633348   3.636170     2.0578      94.73     0.0273 5.1260e-02 1.9438e+00    188.366 280.069715    5.47851    35.1460    35.1770    27.4044    1485.31    1488.59 0.0000e+00
       4542    187.000     7.8968     7.8980   3.633714   3.636682     2.0568      93.92     0.0287 5.1266e-02 1.9438e+00    189.222 280.069725    5.48337    35.1489    35.1797    27.4067    1485.34    1488.58 0.0000e+00
       4561    188.000     7.8645     7.8650   3.630494   3.633391     2.0569      92.99     0.0284 5.1273e-02 1.9438e+00    190.009 280.069734    5.49210    35.1462    35.1769    27.4094    1485.23    1488.56 0.0000e+00
       4580    189.000     7.8783     7.8784   3.632351   3.635240     2.0565      93.68     0.0255 5.1265e-02 1.9438e+00    190.787 280.069743    5.48116    35.1519    35.1829    27.4118    1485.30    1488.54 0.0000e+00
       4599    190.000     7.9227     7.9264   3.637826   3.641252     2.0552      93.78     0.0245 5.1273e-02 1.9438e+00    191.586 280.069752    5.46763    35.1657    35.1989    27.4160    1485.51    1488.53 0.0000e+00
       4620    191.000     7.9675     7.9674   3.643004   3.645889     2.0539      93.80     0.0227 5.1259e-02 1.9438e+00    192.449 280.069762    5.45641    35.1759    35.2070    27.4173    1485.70    1488.51 0.0000e+00
       4643    192.000     7.9494     7.9497   3.641110   3.643991     2.0524      94.03     0.0222 5.1267e-02 1.9438e+00    193.406 280.069773    5.45197    35.1732    35.2039    27.4179    1485.65    1488.50 0.0000e+00
       4668    193.000     7.9191     7.9203   3.637958   3.640953     2.0494      93.56     0.0229 5.1273e-02 1.9438e+00    194.462 280.069785    5.42250    35.1693    35.2003    27.4193    1485.55    1488.48 0.0000e+00
       4694    194.000     7.8945     7.8953   3.635430   3.638320     2.0432      93.93     0.0232 5.1262e-02 1.9438e+00    195.537 280.069798    5.38938    35.1663    35.1966    27.4207    1485.47    1488.47 0.0000e+00
       4717    195.000     7.8764     7.8758   3.633959   3.636757     2.0372      94.55     0.0229 5.1273e-02 1.9438e+00    196.496 280.069809    5.37717    35.1682    35.1989    27.4249    1485.42    1488.45 0.0000e+00
       4737    196.000     7.8893     7.8892   3.635895   3.638796     2.0330      95.14     0.0241 5.1259e-02 1.9438e+00    197.346 280.069819    5.37611    35.1756    35.2069    27.4287    1485.49    1488.43 0.0000e+00
       4757    197.000     7.9390     7.9413   3.641845   3.645045     2.0308      95.91     0.0233 5.1273e-02 1.9438e+00    198.166 280.069828    5.37404    35.1892    35.2213    27.4320    1485.71    1488.42 0.0000e+00
       4776    198.000     7.9561     7.9562   3.643937   3.646799     2.0290      94.74     0.0245 5.1265e-02 1.9438e+00    198.958 280.069837    5.36821    35.1940    35.2247    27.4332    1485.80    1488.41 0.0000e+00
       4796    199.000     7.9251     7.9251   3.640848   3.643618     2.0274      94.23     0.0239 5.1273e-02 1.9438e+00    199.780 280.069847    5.36539    35.1914    35.2213    27.4359    1485.69    1488.39 0.0000e+00
       4815    200.000     7.8653     7.8653   3.634634   3.637357     2.0251      95.12     0.0256 5.1273e-02 1.9438e+00    200.597 280.069856    5.35040    35.1842    35.2135    27.4391    1485.48    1488.38 0.0000e+00
       4836    201.000     7.8045     7.8017   3.628436   3.630902     2.0202      94.35     0.0247 5.1266e-02 1.9438e+00    201.459 280.069866    5.32462    35.1780    35.2075    27.4433    1485.25    1488.36 0.0000e+00
       4858    202.000     7.7752     7.7698   3.625534   3.627770     2.0145      95.36     0.0234 5.1267e-02 1.9438e+00    202.385 280.069877    5.30965    35.1757    35.2053    27.4459    1485.16    1488.35 0.0000e+00
       4882    203.000     7.7499     7.7502   3.623171   3.626007     2.0091      94.74     0.0219 5.1255e-02 1.9438e+00    203.366 280.069889    5.30509    35.1752    35.2056    27.4492    1485.08    1488.33 0.0000e+00
       4906    204.000     7.7180     7.7184   3.620250   3.623054     2.0052      93.52     0.0226 5.1249e-02 1.9438e+00    204.366 280.069900    5.30757    35.1753    35.2052    27.4540    1484.97    1488.31 0.0000e+00
       4930    205.000     7.6619     7.6612   3.614722   3.617397     2.0025      93.79     0.0222 5.1267e-02 1.9438e+00    205.369 280.069912    5.32121    35.1716    35.2013    27.4593    1484.77    1488.30 0.0000e+00
       4953    206.000     7.6492     7.6495   3.613478   3.616279     2.0017      94.00     0.0246 5.1260e-02 1.9438e+00    206.314 280.069923    5.32968    35.1704    35.2005    27.4603    1484.74    1488.28 0.0000e+00
       4975    207.000     7.6030     7.6096   3.608754   3.612141     2.0010      93.63     0.0245 5.1266e-02 1.9438e+00    207.229 280.069933    5.33144    35.1654    35.1954    27.4631    1484.57    1488.26 0.0000e+00
       4997    208.000     7.4857     7.4860   3.596821   3.599514     2.0001      89.93     0.0260 5.1260e-02 1.9438e+00    208.156 280.069944    5.34915    35.1538    35.1828    27.4711    1484.13    1488.24 0.0000e+00
       5018    209.000     7.4109     7.4101   3.589568   3.592208     2.0000      94.67     0.0289 5.1266e-02 1.9438e+00    209.058 280.069954    5.36057    35.1501    35.1796    27.4790    1483.85    1488.22 0.0000e+00
       5040    210.000     7.4056     7.4055   3.589037   3.591744     1.9994      95.66     0.0278 5.1280e-02 1.9438e+00    209.958 280.069965    5.36067    35.1491    35.1788    27.4790    1483.85    1488.20 0.0000e+00
       5060    211.000     7.3852     7.3850   3.587032   3.589721     1.9995      95.12     0.0259 5.1273e-02 1.9438e+00    210.808 280.069975    5.37735    35.1474    35.1770    27.4806    1483.78    1488.18 0.0000e+00
       5081    212.000     7.3384     7.3364   3.582250   3.584685     2.0014      95.63     0.0293 5.1266e-02 1.9438e+00    211.660 280.069985    5.40174    35.1422    35.1708    27.4832    1483.61    1488.16 0.0000e+00
       5101    213.000     7.2881     7.2872   3.577135   3.579702     2.0032      95.01     0.0255 5.1266e-02 1.9438e+00    212.492 280.069994    5.40747    35.1368    35.1658    27.4862    1483.43    1488.14 0.0000e+00
       5121    214.000     7.2543     7.2529   3.573794   3.576315     2.0034      90.64     0.0246 5.1259e-02 1.9438e+00    213.347 280.070004    5.39866    35.1341    35.1631    27.4888    1483.31    1488.11 0.0000e+00
       5143    215.000     7.2050     7.2024   3.568660   3.571060     2.0033      87.73     0.0222 5.1260e-02 1.9438e+00    214.251 280.070014    5.42210    35.1274    35.1564    27.4906    1483.13    1488.09 0.0000e+00
       5166    216.000     7.1453     7.1428   3.562559   3.564966     2.0060      93.38     0.0218 5.1273e-02 1.9438e+00    215.221 280.070026    5.45154    35.1207    35.1497    27.4938    1482.91    1488.07 0.0000e+00
       5194    217.000     7.0928     7.0920   3.557309   3.559960     2.0084      95.87     0.0216 5.1264e-02 1.9438e+00    216.369 280.070039    5.46119    35.1159    35.1459    27.4974    1482.72    1488.04 0.0000e+00
       5231    218.000     7.0862     7.0857   3.556952   3.559629     2.0122      98.88     0.0246 5.1266e-02 -9.990e-29    217.928 280.070057    5.49507    35.1182    35.1482    27.5002    1482.71    1488.02 0.0000e+00
       5261    219.000     7.0738     7.0746   3.555995   3.558785     2.0181      98.73     0.0268 5.1273e-02 -9.990e-29    219.156 280.070071    5.52730    35.1198    35.1497    27.5032    1482.68    1487.99 0.0000e+00
       5279    220.000     7.0653     7.0644   3.555754   3.558430     2.0212      98.69     0.0269 5.1273e-02 -9.990e-29    219.913 280.070080    5.53042    35.1253    35.1557    27.5087    1482.67    1487.97 0.0000e+00
       5294    221.000     7.0522     7.0520   3.554845   3.557579     2.0232      98.72     0.0251 5.1273e-02 1.9438e+00    220.557 280.070087    5.53199    35.1282    35.1585    27.5128    1482.64    1487.94 0.0000e+00
