_data/ctd/2018/sta0393_2018.cnv
* Sea-Bird SBE 9 Data File:
* FileName = C:\Seabird\CTDData\sta0393.hex
* Software Version Seasave V 7.21f
* Temperature SN = 4557
* Conductivity SN = 1337
* Number of Bytes Per Scan = 40
* Number of Voltage Words = 5
* Number of Scans Averaged by the Deck Unit = 1
* NMEA Latitude = 60 45.02 N
* NMEA Longitude = 002 16.72 E
* NMEA UTC (Time) = Oct 08 2018 09:00:05
* NMEA baud rate = 4800
** Ship: 10 F/F "G. O. Sars"
** Station: 0393
** Echodepth: 125
** Log: 4628.13
** Wind-Dir Force: 22 25
** Air-temp (dry): 9.6
** Weather Sky: 8 8
** Sea Ice: 4 0
# nquan = 20                                
# nvalues = 114                         
# units = specified
# name 0 = scan: Scan Count
# name 1 = prDM: Pressure, Digiquartz [db]
# name 2 = t068C: Temperature [ITS-68, deg C]
# name 3 = t168C: Temperature, 2 [ITS-68, deg C]
# name 4 = c0S/m: Conductivity [S/m]
# name 5 = c1S/m: Conductivity, 2 [S/m]
# name 6 = sbeox0V: Oxygen raw, SBE 43 [V]
# name 7 = altM: Altimeter [m]
# name 8 = flC: Fluorescence, Chelsea Aqua 3 Chl Con [ug/l]
# name 9 = par: PAR/Irradiance, Biospherical/Licor
# name 10 = spar: SPAR/Surface Irradiance
# name 11 = timeS: Time, Elapsed [seconds]
# name 12 = timeJ: Julian Days
# name 13 = sbeox0ML/L: Oxygen, SBE 43 [ml/l], WS = 2
# name 14 = sal00: Salinity, Practical [PSU]
# name 15 = sal11: Salinity, Practical, 2 [PSU]
# name 16 = sigma-t00: Density [sigma-t, Kg/m^3 ]
# name 17 = svCM: Sound Velocity [Chen-Millero, m/s]
# name 18 = avgsvCM: Average Sound Velocity [Chen-Millero, m/s], minP = 1, minS = 5
# name 19 = flag: flag
# span 0 =        -83,       3508       
# span 1 =      6.000,    119.000       
# span 2 =     7.3484,    10.5243       
# span 3 =     7.3478,    10.5238       
# span 4 =   3.581733,   3.878630       
# span 5 =   3.583589,   3.880526       
# span 6 =     1.9031,     2.2916       
# span 7 =     -59.73,     108.49       
# span 8 =     0.0222,     0.1423       
# span 9 = 7.9805e-02, 3.3029e+01       
# span 10 = 1.6216e+02, 1.9833e+02      
# span 11 =     -3.506,    146.104      
# span 12 = 281.375052, 281.376784      
# span 13 =    4.95050,    5.83061      
# span 14 =    35.1729,    35.2714      
# span 15 =    35.1929,    35.2899      
# span 16 =    26.9984,    27.5087      
# span 17 =    1482.03,    1492.96      
# span 18 =    1489.59,    1492.47      
# span 19 = 0.0000e+00, 0.0000e+00      
# interval = decibars: 1                
# start_time = Oct 08 2018 09:00:08 [System UTC, header]
# bad_flag = -9.990e-29
*END*
[from data line 73]
       2433     79.000     9.2403     9.2401   3.766601   3.768377     2.1224      47.07     0.0286 6.0590e-01 1.9438e+02    101.315 281.376265    5.38906    35.2708    35.2896    27.2916    1488.70    1492.11 0.0000e+00
       2447     80.000     9.1977     9.1991   3.762337   3.764156     2.1175      46.35     0.0270 5.8305e-01 1.9438e+02    101.920 281.376272    5.39283    35.2680    35.2856    27.2963    1488.56    1492.07 0.0000e+00
       2464     81.000     9.1445     9.1451   3.757145   3.758999     2.1128      45.34     0.0249 5.6144e-01 1.9193e+02    102.630 281.376280    5.39555    35.2658    35.2846    27.3033    1488.38    1492.02 0.0000e+00
       2491     82.000     9.1130     9.1131   3.754052   3.755910     2.1073      43.91     0.0267 5.4374e-01 1.9388e+02    103.763 281.376294    5.39187    35.2642    35.2835    27.3072    1488.28    1491.98 0.0000e+00
       2524     83.000     9.0806     9.0816   3.750897   3.752814     2.1006      42.70     0.0267 5.2778e-01 1.9439e+02    105.117 281.376309    5.36895    35.2627    35.2818    27.3113    1488.18    1491.93 0.0000e+00
       2549     84.000     9.0348     9.0339   3.746466   3.748234     2.0955      41.79     0.0253 5.1011e-01 1.9438e+02    106.164 281.376321    5.36565    35.2612    35.2806    27.3175    1488.02    1491.89 0.0000e+00
       2573     85.000     9.0172     9.0170   3.744811   3.746674     2.0918      40.81     0.0222 4.9102e-01 1.9441e+02    107.148 281.376333    5.36188    35.2608    35.2806    27.3201    1487.97    1491.84 0.0000e+00
       2595     86.000     8.9872     8.9891   3.741817   3.743873     2.0885      39.86     0.0228 4.7049e-01 1.9616e+02    108.074 281.376343    5.35566    35.2586    35.2784    27.3232    1487.88    1491.79 0.0000e+00
       2615     87.000     8.9580     8.9578   3.739115   3.740958     2.0860      38.94     0.0233 4.4997e-01 1.9632e+02    108.897 281.376353    5.35398    35.2588    35.2783    27.3280    1487.79    1491.75 0.0000e+00
       2632     88.000     8.9445     8.9442   3.737831   3.739679     2.0836      38.07     0.0234 4.3134e-01 1.9632e+02    109.633 281.376361    5.34610    35.2582    35.2779    27.3297    1487.75    1491.70 0.0000e+00
       2649     89.000     8.9078     8.9080   3.734154   3.736055     2.0810      37.13     0.0261 4.1250e-01 1.9632e+02    110.352 281.376370    5.34279    35.2555    35.2753    27.3335    1487.63    1491.66 0.0000e+00
       2670     90.000     8.8638     8.8645   3.729872   3.731807     2.0782      36.05     0.0260 3.9502e-01 1.9529e+02    111.212 281.376380    5.33378    35.2536    35.2733    27.3391    1487.48    1491.61 0.0000e+00
       2698     91.000     8.8202     8.8227   3.725542   3.727657     2.0720      34.76     0.0250 3.7723e-01 1.9233e+02    112.388 281.376393    5.29695    35.2509    35.2707    27.3439    1487.33    1491.56 0.0000e+00
       2727     92.000     8.7654     8.7667   3.719979   3.722019     2.0625      33.61     0.0394 3.6432e-01 1.9444e+02    113.575 281.376407    5.26797    35.2462    35.2664    27.3490    1487.14    1491.51 0.0000e+00
       2746     93.000     8.7120     8.7113   3.714837   3.716604     2.0578      32.78     0.0326 3.5217e-01 1.9495e+02    114.356 281.376416    5.27837    35.2446    35.2639    27.3562    1486.96    1491.47 0.0000e+00
       2761     94.000     8.6794     8.6798   3.711667   3.713497     2.0554      31.92     0.0288 3.3727e-01 1.9622e+02    114.998 281.376424    5.28311    35.2430    35.2620    27.3601    1486.85    1491.42 0.0000e+00
       2776     95.000     8.5447     8.5494   3.698097   3.700151     2.0532      31.01     0.0282 3.2538e-01 1.9632e+02    115.628 281.376431    5.29520    35.2331    35.2502    27.3735    1486.36    1491.36 0.0000e+00
       2796     96.000     8.3331     8.3348   3.677457   3.679538     2.0501      30.06     0.0284 3.1404e-01 1.9632e+02    116.458 281.376440    5.30269    35.2245    35.2450    27.3997    1485.57    1491.30 0.0000e+00
       2825     97.000     8.1978     8.2158   3.664427   3.667469     2.0426      28.77     0.0280 3.0046e-01 1.9632e+02    117.650 281.376454    5.27188    35.2204    35.2349    27.4173    1485.08    1491.24 0.0000e+00
       2861     98.000     7.9318     7.9425   3.638140   3.640577     2.0291      27.60     0.0258 2.8754e-01 1.9632e+02    119.154 281.376472    5.22942    35.2050    35.2205    27.4455    1484.08    1491.16 0.0000e+00
       2894     99.000     7.8753     7.8794   3.632398   3.634494     2.0125      26.63     0.0281 2.7629e-01 1.9632e+02    120.559 281.376488    5.17636    35.1996    35.2181    27.4497    1483.87    1491.09 0.0000e+00
       2925    100.000     7.7347     7.7469   3.618453   3.621308     2.0000      25.73     0.0287 2.6290e-01 1.9632e+02    121.840 281.376503    5.17225    35.1902    35.2088    27.4633    1483.34    1491.01 0.0000e+00
       2951    101.000     7.5220     7.5233   3.597565   3.599507     1.9912      24.88     0.0285 2.4853e-01 1.9342e+02    122.926 281.376515    5.16345    35.1782    35.1980    27.4850    1482.54    1490.93 0.0000e+00
       2971    102.000     7.4538     7.4529   3.591089   3.592721     1.9827      24.05     0.0304 2.3200e-01 1.9638e+02    123.748 281.376525    5.13260    35.1763    35.1950    27.4934    1482.29    1490.84 0.0000e+00
       2987    103.000     7.4173     7.4164   3.587659   3.589266     1.9760      23.19     0.0339 2.2100e-01 1.9750e+02    124.423 281.376533    5.11645    35.1754    35.1938    27.4980    1482.17    1490.76 0.0000e+00
       3002    104.000     7.3986     7.3982   3.585890   3.587577     1.9700      22.31     0.0357 2.0819e-01 1.9827e+02    125.039 281.376540    5.09793    35.1746    35.1934    27.5000    1482.11    1490.67 0.0000e+00
       3016    105.000     7.3838     7.3829   3.584527   3.586203     1.9638      21.36     0.0366 1.9503e-01 1.9827e+02    125.639 281.376547    5.08039    35.1742    35.1934    27.5019    1482.07    1490.59 0.0000e+00
       3031    106.000     7.3779     7.3775   3.583968   3.585712     1.9581      20.36     0.0367 1.8327e-01 1.9827e+02    126.259 281.376554    5.06728    35.1736    35.1931    27.5022    1482.06    1490.51 0.0000e+00
       3049    107.000     7.3722     7.3716   3.583434   3.585197     1.9518      19.27     0.0398 1.7469e-01 1.9654e+02    126.994 281.376562    5.04734    35.1731    35.1929    27.5026    1482.06    1490.43 0.0000e+00
       3070    108.000     7.3650     7.3645   3.582795   3.584593     1.9439      18.09     0.0394 1.6547e-01 1.9633e+02    127.865 281.376573    5.02210    35.1729    35.1930    27.5035    1482.04    1490.35 0.0000e+00
       3113    109.000     7.3573     7.3567   3.582146   3.584063     1.9317      16.55     0.0382 1.5612e-01 1.9592e+02    129.682 281.376594    5.01223    35.1731    35.1947    27.5048    1482.03    1490.28 0.0000e+00
       3160    110.000     7.3534     7.3522   3.581926   3.583701     1.9241      15.54     0.0385 1.4547e-01 1.9833e+02    131.633 281.376616    5.00254    35.1742    35.1948    27.5062    1482.03    1490.20 0.0000e+00
       3190    111.000     7.3509     7.3504   3.581807   3.583660     1.9205      14.69     0.0338 1.3544e-01 1.9582e+02    132.864 281.376630    4.99497    35.1749    35.1957    27.5072    1482.04    1490.13 0.0000e+00
       3216    112.000     7.3491     7.3487   3.581733   3.583589     1.9178      13.81     0.0356 1.2764e-01 1.9748e+02    133.957 281.376643    4.99317    35.1754    35.1961    27.5078    1482.05    1490.06 0.0000e+00
       3236    113.000     7.3484     7.3478   3.581752   3.583611     1.9165      13.00     0.0414 1.2162e-01 1.9631e+02    134.782 281.376653    4.98772    35.1759    35.1968    27.5083    1482.07    1489.98 0.0000e+00
       3252    114.000     7.3485     7.3478   3.581838   3.583705     1.9149      12.15     0.0418 1.1120e-01 1.9632e+02    135.451 281.376660    4.97353    35.1762    35.1973    27.5085    1482.08    1489.91 0.0000e+00
       3267    115.000     7.3495     7.3488   3.581983   3.583873     1.9125      11.25     0.0414 1.0345e-01 1.9632e+02    136.063 281.376668    4.96149    35.1763    35.1976    27.5084    1482.10    1489.85 0.0000e+00
       3281    116.000     7.3489     7.3487   3.581990   3.583899     1.9105      10.31     0.0414 9.8636e-02 1.9554e+02    136.661 281.376674    4.95560    35.1764    35.1975    27.5087    1482.12    1489.78 0.0000e+00
       3298    117.000     7.3495     7.3490   3.582080   3.583956     1.9080       9.26     0.0403 8.8337e-02 1.9583e+02    137.366 281.376682    4.95050    35.1763    35.1973    27.5085    1482.14    1489.71 0.0000e+00
       3324    118.000     7.3493     7.3486   3.582077   3.583956     1.9053       5.87     0.0349 8.5494e-02 1.9629e+02    138.452 281.376695    4.95284    35.1760    35.1972    27.5082    1482.15    1489.65 0.0000e+00
       3508    119.000     7.3499     7.3492   3.582170   3.584074     1.9031       3.76     0.0393 7.9805e-02 1.9699e+02    146.104 281.376784    4.95491    35.1759    35.1974    27.5081    1482.17    1489.59 0.0000e+00
