_data/ctd/2018/sta0387_2018.cnv
* Sea-Bird SBE 9 Data File:
* FileName = C:\Seabird\CTDData\sta0387.hex
* Software Version Seasave V 7.21f
* Temperature SN = 4557
* Conductivity SN = 1337
* Number of Bytes Per Scan = 40
* Number of Voltage Words = 5
* Number of Scans Averaged by the Deck Unit = 1
* NMEA Latitude = 60 44.94 N
* NMEA Longitude = 003 57.27 E
* NMEA UTC (Time) = Oct 07 2018 03:50:29
* NMEA baud rate = 4800
** Ship: 10 F/F "G. O. Sars"
** Station: 0387
** Echodepth: 314
** Log: 4507.402
** Wind-Dir Force: 22 07
** Air-temp (dry): 7.8
** Weather Sky: 2 7
** Sea Ice: 3 0
# nquan = 20                                
# nvalues = 305                         
# units = specified
# name 0 = scan: Scan Count
# name 1 = prDM: Pressure, Digiquartz [db]
# name 2 = t068C: Temperature [ITS-68, deg C]
# name 3 = t168C: Temperature, 2 [ITS-68, deg C]
# name 4 = c0S/m: Conductivity [S/m]
# name 5 = c1S/m: Conductivity, 2 [S/m]
# name 6 = sbeox0V: Oxygen raw, SBE 43 [V]
# name 7 = altM: Altimeter [m]
# name 8 = flC: Fluorescence, Chelsea Aqua 3 Chl Con [ug/l]
# name 9 = par: PAR/Irradiance, Biospherical/Licor
# name 10 = spar: SPAR/Surface Irradiance
# name 11 = timeS: Time, Elapsed [seconds]
# name 12 = timeJ: Julian Days
# name 13 = sbeox0ML/L: Oxygen, SBE 43 [ml/l], WS = 2
# name 14 = sal00: Salinity, Practical [PSU]
# name 15 = sal11: Salinity, Practical, 2 [PSU]
# name 16 = sigma-t00: Density [sigma-t, Kg/m^3 ]
# name 17 = svCM: Sound Velocity [Chen-Millero, m/s]
# name 18 = avgsvCM: Average Sound Velocity [Chen-Millero, m/s], minP = 1, minS = 5
# name 19 = flag: flag
# span 0 =        444,       7415       
# span 1 =      3.000,    307.000       
# span 2 =     6.6579,    11.7578       
# span 3 =     6.6584,    11.7579       
# span 4 =   3.524189,   3.953245       
# span 5 =   3.526999,   3.956392       
# span 6 =     1.9861,     2.3272       
# span 7 =      12.94,      99.99       
# span 8 =     0.0091,     0.4699       
# span 9 = 5.1203e-02, 1.8438e+00       
# span 10 = 1.9438e+00, 1.9438e+00      
# span 11 =     18.472,    308.919      
# span 12 = 280.160295, 280.163656      
# span 13 =    5.29071,    5.85900      
# span 14 =    33.0680,    35.3190      
# span 15 =    33.0966,    35.3509      
# span 16 =    25.1595,    27.5866      
# span 17 =    1482.52,    1495.78      
# span 18 =    1489.48,    1494.44      
# span 19 = 0.0000e+00, 0.0000e+00      
# interval = decibars: 1                
# start_time = Oct 07 2018 03:50:31 [System UTC, header]
# bad_flag = -9.990e-29
*END*
[from data line 218]
       5347    221.000     8.4725     8.4726   3.694665   3.697580     2.1203      41.40     0.0170 5.1273e-02 1.9438e+00    222.763 280.162659    5.63842    35.2079    35.2388    27.3651    1488.13    1491.04 0.0000e+00
       5370    222.000     8.4500     8.4490   3.692329   3.695124     2.1180      90.00     0.0169 5.1248e-02 1.9438e+00    223.714 280.162670    5.63720    35.2051    35.2358    27.3664    1488.06    1491.03 0.0000e+00
       5393    223.000     8.4303     8.4296   3.690325   3.693146     2.1166      89.32     0.0189 5.1242e-02 1.9438e+00    224.664 280.162681    5.63843    35.2029    35.2336    27.3678    1488.00    1491.02 0.0000e+00
       5415    224.000     8.4132     8.4121   3.688563   3.691330     2.1150      89.05     0.0178 5.1253e-02 1.9438e+00    225.585 280.162692    5.63898    35.2008    35.2313    27.3687    1487.95    1491.00 0.0000e+00
       5437    225.000     8.4008     8.4008   3.687350   3.690239     2.1140      89.00     0.0163 5.1266e-02 1.9438e+00    226.486 280.162702    5.63299    35.1998    35.2305    27.3699    1487.92    1490.99 0.0000e+00
       5459    226.000     8.3857     8.3858   3.685979   3.688904     2.1118      89.54     0.0166 5.1237e-02 1.9438e+00    227.435 280.162713    5.62645    35.1998    35.2308    27.3722    1487.88    1490.98 0.0000e+00
       5484    227.000     8.3939     8.3931   3.687178   3.690009     2.1099      90.75     0.0193 5.1262e-02 1.9438e+00    228.462 280.162725    5.61810    35.2039    35.2348    27.3741    1487.93    1490.96 0.0000e+00
       5508    228.000     8.3872     8.3870   3.686619   3.689527     2.1078      90.63     0.0187 5.1229e-02 1.9438e+00    229.470 280.162737    5.61073    35.2041    35.2353    27.3754    1487.92    1490.95 0.0000e+00
       5531    229.000     8.3809     8.3804   3.686049   3.688897     2.1051      71.72     0.0182 5.1267e-02 1.9438e+00    230.400 280.162748    5.60225    35.2039    35.2347    27.3762    1487.92    1490.94 0.0000e+00
       5551    230.000     8.3691     8.3687   3.684875   3.687753     2.1037      94.73     0.0180 5.1259e-02 1.9438e+00    231.252 280.162758    5.60365    35.2027    35.2337    27.3770    1487.89    1490.92 0.0000e+00
       5571    231.000     8.3620     8.3616   3.684193   3.687067     2.1019      95.23     0.0177 5.1265e-02 1.9438e+00    232.084 280.162767    5.59855    35.2020    35.2330    27.3776    1487.88    1490.91 0.0000e+00
       5591    232.000     8.3318     8.3298   3.681096   3.683762     2.1005      95.49     0.0190 5.1266e-02 1.9438e+00    232.898 280.162777    5.60129    35.1987    35.2292    27.3797    1487.78    1490.90 0.0000e+00
       5611    233.000     8.3054     8.3059   3.678424   3.681402     2.0992      98.39     0.0206 5.1266e-02 1.9438e+00    233.737 280.162786    5.59545    35.1962    35.2274    27.3818    1487.69    1490.88 0.0000e+00
       5633    234.000     8.2911     8.2914   3.677001   3.679927     2.0964      34.42     0.0214 5.1303e-02 1.9438e+00    234.679 280.162797    5.59162    35.1948    35.2257    27.3829    1487.65    1490.87 0.0000e+00
       5659    235.000     8.2815     8.2813   3.676569   3.679464     2.0952      95.63     0.0212 5.1262e-02 1.9438e+00    235.736 280.162809    5.58174    35.1993    35.2304    27.3879    1487.64    1490.85 0.0000e+00
       5684    236.000     8.2695     8.2693   3.675480   3.678362     2.0904      96.35     0.0211 5.1273e-02 1.9438e+00    236.809 280.162822    5.54757    35.1992    35.2302    27.3897    1487.61    1490.84 0.0000e+00
       5709    237.000     8.2582     8.2578   3.674441   3.677324     2.0856      95.54     0.0223 5.1273e-02 1.9438e+00    237.815 280.162834    5.53913    35.1990    35.2301    27.3912    1487.58    1490.83 0.0000e+00
       5730    238.000     8.2651     8.2646   3.675726   3.678607     2.0821      95.62     0.0210 5.1273e-02 1.9438e+00    238.706 280.162844    5.53115    35.2053    35.2365    27.3951    1487.63    1490.81 0.0000e+00
       5751    239.000     8.2591     8.2588   3.675334   3.678212     2.0791      95.90     0.0187 5.1266e-02 1.9438e+00    239.573 280.162854    5.52687    35.2066    35.2376    27.3971    1487.63    1490.80 0.0000e+00
       5772    240.000     8.2548     8.2542   3.674967   3.677811     2.0768      95.71     0.0162 5.1266e-02 1.9438e+00    240.455 280.162864    5.51980    35.2065    35.2375    27.3977    1487.63    1490.79 0.0000e+00
       5793    241.000     8.2466     8.2467   3.674135   3.677053     2.0735      96.24     0.0171 5.1273e-02 1.9438e+00    241.329 280.162874    5.49331    35.2054    35.2364    27.3980    1487.61    1490.77 0.0000e+00
       5814    242.000     8.2370     8.2371   3.673107   3.676029     2.0678      79.46     0.0206 5.1273e-02 1.9438e+00    242.223 280.162884    5.46663    35.2035    35.2346    27.3980    1487.59    1490.76 0.0000e+00
       5835    243.000     8.2270     8.2239   3.672075   3.674662     2.0635      86.44     0.0208 5.1253e-02 1.9438e+00    243.100 280.162895    5.46424    35.2020    35.2328    27.3984    1487.57    1490.75 0.0000e+00
       5857    244.000     8.2112     8.2123   3.670411   3.673416     2.0592      97.51     0.0198 5.1273e-02 1.9438e+00    244.006 280.162905    5.45319    35.1996    35.2306    27.3989    1487.52    1490.73 0.0000e+00
       5878    245.000     8.2099     8.2096   3.670328   3.673218     2.0554      95.29     0.0202 5.1266e-02 1.9438e+00    244.894 280.162915    5.44782    35.1995    35.2307    27.3990    1487.53    1490.72 0.0000e+00
       5899    246.000     8.2103     8.2086   3.670374   3.673073     2.0526      95.60     0.0233 5.1266e-02 1.9438e+00    245.733 280.162925    5.44849    35.1991    35.2297    27.3987    1487.55    1490.71 0.0000e+00
       5919    247.000     8.1660     8.1609   3.665611   3.667948     2.0513      96.78     0.0217 5.1259e-02 1.9438e+00    246.591 280.162935    5.46079    35.1921    35.2222    27.3999    1487.39    1490.69 0.0000e+00
       5941    248.000     8.0789     8.0760   3.656404   3.658941     2.0498      97.00     0.0216 5.1261e-02 1.9438e+00    247.519 280.162946    5.46491    35.1803    35.2104    27.4039    1487.07    1490.68 0.0000e+00
       5966    249.000     7.9927     7.9908   3.647371   3.649894     2.0482      95.47     0.0241 5.1262e-02 1.9438e+00    248.557 280.162958    5.47351    35.1693    35.1983    27.4083    1486.74    1490.66 0.0000e+00
       5993    250.000     7.9070     7.9032   3.638293   3.640686     2.0459      95.79     0.0249 5.1268e-02 1.9438e+00    249.676 280.162971    5.46455    35.1573    35.1869    27.4117    1486.42    1490.65 0.0000e+00
       6017    251.000     7.8718     7.8701   3.634624   3.637264     2.0422      71.66     0.0248 5.1203e-02 1.9438e+00    250.684 280.162982    5.47152    35.1527    35.1828    27.4133    1486.30    1490.63 0.0000e+00
       6038    252.000     7.8504     7.8501   3.632367   3.635143     2.0432      90.01     0.0211 5.1243e-02 1.9438e+00    251.540 280.162992    5.50682    35.1494    35.1796    27.4139    1486.23    1490.61 0.0000e+00
       6057    253.000     7.8171     7.8154   3.628957   3.631575     2.0446      96.12     0.0213 5.1265e-02 1.9438e+00    252.313 280.163001    5.51917    35.1456    35.1755    27.4159    1486.12    1490.59 0.0000e+00
       6075    254.000     7.7834     7.7822   3.625532   3.628230     2.0462      81.06     0.0210 5.1265e-02 1.9438e+00    253.064 280.163010    5.53139    35.1420    35.1724    27.4182    1486.00    1490.58 0.0000e+00
       6093    255.000     7.7678     7.7675   3.624080   3.626862     2.0479      76.28     0.0211 5.1243e-02 1.9438e+00    253.829 280.163019    5.54836    35.1416    35.1719    27.4201    1485.96    1490.56 0.0000e+00
       6112    256.000     7.7433     7.7421   3.621584   3.624249     2.0507      98.67     0.0202 5.1265e-02 1.9438e+00    254.624 280.163028    5.55486    35.1388    35.1688    27.4215    1485.88    1490.54 0.0000e+00
       6133    257.000     7.7144     7.7140   3.618672   3.621460     2.0514      82.12     0.0218 5.1248e-02 1.9438e+00    255.493 280.163038    5.55480    35.1359    35.1665    27.4235    1485.78    1490.52 0.0000e+00
       6156    258.000     7.7108     7.7098   3.618348   3.621073     2.0527      98.53     0.0251 5.1273e-02 1.9438e+00    256.467 280.163049    5.55961    35.1355    35.1660    27.4238    1485.78    1490.50 0.0000e+00
       6181    259.000     7.6978     7.6974   3.617060   3.619868     2.0538      98.74     0.0283 5.1273e-02 1.9438e+00    257.492 280.163061    5.55954    35.1342    35.1650    27.4247    1485.75    1490.48 0.0000e+00
       6205    260.000     7.6926     7.6920   3.616578   3.619358     2.0537      82.77     0.0235 5.1255e-02 1.9438e+00    258.489 280.163073    5.56217    35.1338    35.1644    27.4251    1485.75    1490.47 0.0000e+00
       6228    261.000     7.6788     7.6781   3.615150   3.617918     2.0547      98.74     0.0207 5.1273e-02 1.9438e+00    259.458 280.163084    5.56240    35.1317    35.1624    27.4255    1485.71    1490.45 0.0000e+00
       6251    262.000     7.6307     7.6297   3.610296   3.613005     2.0534      98.75     0.0200 5.1267e-02 1.9438e+00    260.412 280.163095    5.54963    35.1271    35.1575    27.4290    1485.53    1490.43 0.0000e+00
       6273    263.000     7.5716     7.5709   3.604397   3.607121     2.0515      98.74     0.0198 5.1273e-02 1.9438e+00    261.321 280.163106    5.54699    35.1223    35.1526    27.4338    1485.32    1490.41 0.0000e+00
       6292    264.000     7.5552     7.5552   3.602863   3.605662     2.0497      98.75     0.0232 5.1273e-02 1.9438e+00    262.127 280.163115    5.53994    35.1217    35.1521    27.4357    1485.27    1490.39 0.0000e+00
       6310    265.000     7.5317     7.5320   3.600593   3.603407     2.0474      77.08     0.0265 5.1257e-02 1.9438e+00    262.888 280.163124    5.52867    35.1203    35.1505    27.4380    1485.20    1490.37 0.0000e+00
       6329    266.000     7.5135     7.5128   3.598858   3.601572     2.0445      54.88     0.0270 5.1273e-02 1.9438e+00    263.660 280.163133    5.52796    35.1193    35.1495    27.4399    1485.14    1490.35 0.0000e+00
       6348    267.000     7.4939     7.4936   3.597027   3.599808     2.0430      83.28     0.0248 5.1273e-02 1.9438e+00    264.477 280.163142    5.53860    35.1187    35.1493    27.4423    1485.08    1490.33 0.0000e+00
       6370    268.000     7.4908     7.4902   3.596812   3.599602     2.0419      81.02     0.0244 5.1267e-02 1.9438e+00    265.370 280.163152    5.53187    35.1190    35.1500    27.4430    1485.09    1490.31 0.0000e+00
       6394    269.000     7.4643     7.4629   3.594323   3.597028     2.0405      51.72     0.0254 5.1279e-02 1.9438e+00    266.365 280.163164    5.53742    35.1182    35.1491    27.4462    1485.00    1490.29 0.0000e+00
       6419    270.000     7.4200     7.4197   3.590213   3.593004     2.0393      50.74     0.0208 5.1273e-02 1.9438e+00    267.417 280.163176    5.53604    35.1178    35.1485    27.4523    1484.85    1490.27 0.0000e+00
       6444    271.000     7.4477     7.4496   3.593832   3.596904     2.0375      49.78     0.0223 5.1273e-02 1.9438e+00    268.467 280.163188    5.52430    35.1287    35.1602    27.4568    1484.99    1490.25 0.0000e+00
       6467    272.000     7.4454     7.4436   3.593611   3.596308     2.0362      48.81     0.0214 5.1266e-02 1.9438e+00    269.429 280.163199    5.52642    35.1281    35.1593    27.4567    1484.99    1490.23 0.0000e+00
       6488    273.000     7.3848     7.3839   3.587229   3.589908     2.0356      47.85     0.0249 5.1259e-02 1.9438e+00    270.312 280.163210    5.53545    35.1194    35.1495    27.4586    1484.77    1490.21 0.0000e+00
       6508    274.000     7.3658     7.3645   3.585310   3.587956     2.0347      46.87     0.0259 5.1273e-02 1.9438e+00    271.136 280.163219    5.51942    35.1172    35.1474    27.4596    1484.71    1490.19 0.0000e+00
       6527    275.000     7.3366     7.3352   3.582334   3.584972     2.0317      45.86     0.0269 5.1273e-02 1.9438e+00    271.899 280.163228    5.50407    35.1138    35.1440    27.4611    1484.61    1490.17 0.0000e+00
       6545    276.000     7.3150     7.3139   3.580199   3.582888     2.0293      45.04     0.0282 5.1273e-02 1.9438e+00    272.658 280.163237    5.50570    35.1119    35.1424    27.4627    1484.54    1490.15 0.0000e+00
       6564    277.000     7.3039     7.3035   3.579163   3.581936     2.0275      43.99     0.0258 5.1265e-02 1.9438e+00    273.455 280.163246    5.50783    35.1113    35.1420    27.4638    1484.51    1490.13 0.0000e+00
       6585    278.000     7.3005     7.3001   3.578917   3.581719     2.0257      43.06     0.0214 5.1273e-02 1.9438e+00    274.329 280.163256    5.50446    35.1116    35.1426    27.4645    1484.52    1490.11 0.0000e+00
       6609    279.000     7.2915     7.2916   3.578120   3.580966     2.0245      41.78     0.0199 5.1279e-02 1.9438e+00    275.334 280.163268    5.52045    35.1115    35.1425    27.4658    1484.50    1490.09 0.0000e+00
       6634    280.000     7.2675     7.2661   3.575887   3.578608     2.0257      40.68     0.0196 5.1273e-02 1.9438e+00    276.383 280.163280    5.53820    35.1109    35.1421    27.4687    1484.42    1490.07 0.0000e+00
       6658    281.000     7.2529     7.2521   3.574627   3.577378     2.0265      39.67     0.0198 5.1261e-02 1.9438e+00    277.389 280.163292    5.53856    35.1115    35.1424    27.4712    1484.38    1490.05 0.0000e+00
       6682    282.000     7.1980     7.1959   3.569771   3.572450     2.0265      38.66     0.0210 5.1273e-02 1.9438e+00    278.369 280.163303    5.53373    35.1135    35.1450    27.4806    1484.19    1490.03 0.0000e+00
       6703    283.000     7.1938     7.1944   3.570094   3.573045     2.0252      37.80     0.0239 5.1273e-02 1.9438e+00    279.262 280.163313    5.52397    35.1208    35.1525    27.4870    1484.20    1490.01 0.0000e+00
       6722    284.000     7.2318     7.2362   3.574565   3.578018     2.0239      36.91     0.0228 5.1273e-02 1.9438e+00    280.056 280.163322    5.51156    35.1307    35.1640    27.4894    1484.37    1489.99 0.0000e+00
       6740    285.000     7.3042     7.3033   3.582902   3.585741     2.0225      35.93     0.0210 5.1273e-02 1.9438e+00    280.799 280.163331    5.50127    35.1479    35.1798    27.4926    1484.69    1489.97 0.0000e+00
       6758    286.000     7.3456     7.3453   3.587991   3.590833     2.0220      34.89     0.0230 5.1265e-02 1.9438e+00    281.554 280.163340    5.50716    35.1610    35.1923    27.4970    1484.88    1489.95 0.0000e+00
       6779    287.000     7.3259     7.3252   3.586507   3.589295     2.0228      33.83     0.0218 5.1273e-02 1.9438e+00    282.425 280.163350    5.51761    35.1643    35.1954    27.5024    1484.83    1489.93 0.0000e+00
       6805    288.000     7.2284     7.2264   3.576692   3.579266     2.0223      32.74     0.0247 5.1273e-02 1.9438e+00    283.488 280.163362    5.50623    35.1554    35.1856    27.5094    1484.46    1489.91 0.0000e+00
       6831    289.000     7.1237     7.1232   3.566106   3.568903     2.0187      31.66     0.0254 5.1273e-02 1.9438e+00    284.567 280.163375    5.47480    35.1453    35.1765    27.5162    1484.06    1489.89 0.0000e+00
       6852    290.000     7.0659     7.0644   3.560675   3.563254     2.0123      30.78     0.0267 5.1280e-02 1.9438e+00    285.460 280.163385    5.44082    35.1440    35.1739    27.5233    1483.85    1489.87 0.0000e+00
       6871    291.000     6.9661     6.9642   3.551096   3.553622     2.0062      29.87     0.0272 5.1266e-02 1.9438e+00    286.267 280.163394    5.44442    35.1397    35.1695    27.5339    1483.48    1489.85 0.0000e+00
