_data/ctd/2018/sta0399_2018.cnv
* Sea-Bird SBE 9 Data File:
* FileName = C:\Seabird\CTDData\sta0399.hex
* Software Version Seasave V 7.21f
* Temperature SN = 4557
* Conductivity SN = 1337
* Number of Bytes Per Scan = 40
* Number of Voltage Words = 5
* Number of Scans Averaged by the Deck Unit = 1
* NMEA Latitude = 61 18.74 N
* NMEA Longitude = 001 20.22 W
* NMEA UTC (Time) = Oct 10 2018 01:50:57
* NMEA baud rate = 4800
** Ship: 10 F/F "G. O. Sars"
** Station: 0399
** Echodepth: 215
** Log: 4927.576
** Wind-Dir Force: 18 12
** Air-temp (dry): 10.5
** Weather Sky: 0 6
** Sea Ice: 3 0
# nquan = 20                                
# nvalues = 200                         
# units = specified
# name 0 = scan: Scan Count
# name 1 = prDM: Pressure, Digiquartz [db]
# name 2 = t068C: Temperature [ITS-68, deg C]
# name 3 = t168C: Temperature, 2 [ITS-68, deg C]
# name 4 = c0S/m: Conductivity [S/m]
# name 5 = c1S/m: Conductivity, 2 [S/m]
# name 6 = sbeox0V: Oxygen raw, SBE 43 [V]
# name 7 = altM: Altimeter [m]
# name 8 = flC: Fluorescence, Chelsea Aqua 3 Chl Con [ug/l]
# name 9 = par: PAR/Irradiance, Biospherical/Licor
# name 10 = spar: SPAR/Surface Irradiance
# name 11 = timeS: Time, Elapsed [seconds]
# name 12 = timeJ: Julian Days
# name 13 = sbeox0ML/L: Oxygen, SBE 43 [ml/l], WS = 2
# name 14 = sal00: Salinity, Practical [PSU]
# name 15 = sal11: Salinity, Practical, 2 [PSU]
# name 16 = sigma-t00: Density [sigma-t, Kg/m^3 ]
# name 17 = svCM: Sound Velocity [Chen-Millero, m/s]
# name 18 = avgsvCM: Average Sound Velocity [Chen-Millero, m/s], minP = 1, minS = 5
# name 19 = flag: flag
# span 0 =         74,       4860       
# span 1 =      6.000,    205.000       
# span 2 =    10.0206,    10.3458       
# span 3 =    10.0211,    10.3464       
# span 4 =   3.852696,   3.871343       
# span 5 =   3.854531,   3.873192       
# span 6 =     2.0534,     2.2821       
# span 7 =      14.16,      99.35       
# span 8 =     0.0219,     0.1578       
# span 9 = 5.1210e-02, 5.9934e-01       
# span 10 = 3.5138e-01, 1.9492e+00      
# span 11 =      3.024,    202.470      
# span 12 = 283.077107, 283.079415      
# span 13 =    5.15413,    5.82681      
# span 14 =    35.1996,    35.3462      
# span 15 =    35.2184,    35.3645      
# span 16 =    27.0506,    27.2181      
# span 17 =    1491.34,    1493.70      
# span 18 =    1491.34,    1492.57      
# span 19 = 0.0000e+00, 0.0000e+00      
# interval = decibars: 1                
# start_time = Oct 10 2018 01:50:59 [System UTC, header]
# bad_flag = -9.990e-29
*END*
[from data line 73]
       2043     79.000    10.3446    10.3452   3.867381   3.869235     2.2498      98.74     0.1124 5.1268e-02 1.9438e+00     85.080 283.078056    5.73622    35.2274    35.2457    27.0703    1492.63    1491.94 0.0000e+00
       2074     80.000    10.3448    10.3453   3.867446   3.869300     2.2490      98.68     0.1037 5.1259e-02 1.9438e+00     86.362 283.078071    5.74657    35.2274    35.2458    27.0702    1492.65    1491.95 0.0000e+00
       2104     81.000    10.3449    10.3454   3.867529   3.869384     2.2498      98.62     0.0979 5.1273e-02 1.9438e+00     87.645 283.078086    5.75446    35.2277    35.2461    27.0704    1492.66    1491.95 0.0000e+00
       2128     82.000    10.3451    10.3456   3.867742   3.869597     2.2498      98.59     0.1027 5.1273e-02 -9.990e-29     88.617 283.078097    5.73418    35.2292    35.2476    27.0716    1492.68    1491.96 0.0000e+00
       2146     83.000    10.3455    10.3460   3.867950   3.869807     2.2468      98.58     0.1078 5.1273e-02 -9.990e-29     89.358 283.078106    5.72086    35.2305    35.2489    27.0725    1492.70    1491.97 0.0000e+00
       2161     84.000    10.3457    10.3461   3.868060   3.869920     2.2456      98.58     0.1027 5.1273e-02 -9.990e-29     90.010 283.078113    5.72766    35.2310    35.2495    27.0728    1492.72    1491.98 0.0000e+00
       2177     85.000    10.3457    10.3462   3.868162   3.870020     2.2453      98.52     0.1057 5.1273e-02 -9.990e-29     90.672 283.078121    5.72759    35.2315    35.2499    27.0733    1492.74    1491.99 0.0000e+00
       2194     86.000    10.3457    10.3462   3.868242   3.870100     2.2438      98.33     0.1008 5.1265e-02 1.9438e+00     91.383 283.078129    5.71660    35.2319    35.2503    27.0736    1492.75    1492.00 0.0000e+00
       2215     87.000    10.3457    10.3462   3.868328   3.870191     2.2414      98.02     0.0933 5.1254e-02 1.9438e+00     92.236 283.078139    5.70292    35.2323    35.2508    27.0739    1492.77    1492.01 0.0000e+00
       2240     88.000    10.3452    10.3458   3.868532   3.870391     2.2379      98.71     0.0915 5.1273e-02 1.9438e+00     93.305 283.078152    5.69855    35.2344    35.2527    27.0756    1492.79    1492.02 0.0000e+00
       2269     89.000    10.3454    10.3460   3.868693   3.870550     2.2365      98.78     0.0866 5.1268e-02 1.9438e+00     94.484 283.078165    5.70454    35.2354    35.2537    27.0763    1492.81    1492.03 0.0000e+00
       2294     90.000    10.3458    10.3464   3.869055   3.870919     2.2357      98.78     0.0901 5.1260e-02 1.9438e+00     95.554 283.078178    5.70475    35.2382    35.2566    27.0785    1492.83    1492.03 0.0000e+00
       2316     91.000    10.3453    10.3457   3.869559   3.871393     2.2351      98.78     0.0889 5.1273e-02 -9.990e-29     96.478 283.078188    5.69848    35.2434    35.2616    27.0826    1492.85    1492.04 0.0000e+00
       2336     92.000    10.3455    10.3461   3.870101   3.871959     2.2338      98.78     0.0810 5.1266e-02 -9.990e-29     97.311 283.078198    5.69540    35.2482    35.2665    27.0863    1492.87    1492.05 0.0000e+00
       2356     93.000    10.3418    10.3424   3.870200   3.872058     2.2332      98.75     0.0810 5.1273e-02 -9.990e-29     98.109 283.078207    5.68650    35.2524    35.2707    27.0902    1492.88    1492.06 0.0000e+00
       2375     94.000    10.3350    10.3354   3.870040   3.871891     2.2301      98.59     0.0835 5.1273e-02 -9.990e-29     98.914 283.078217    5.66112    35.2569    35.2753    27.0949    1492.88    1492.07 0.0000e+00
       2395     95.000    10.3306    10.3312   3.870152   3.872002     2.2260      98.56     0.0806 5.1273e-02 -9.990e-29     99.745 283.078226    5.64803    35.2618    35.2800    27.0996    1492.89    1492.08 0.0000e+00
       2416     96.000    10.3271    10.3277   3.870312   3.872157     2.2220      98.46     0.0746 5.1273e-02 -9.990e-29    100.636 283.078237    5.63423    35.2664    35.2846    27.1037    1492.90    1492.09 0.0000e+00
       2439     97.000    10.3129    10.3134   3.870093   3.871931     2.2172      98.42     0.0712 5.1260e-02 -9.990e-29    101.586 283.078248    5.61670    35.2775    35.2957    27.1149    1492.87    1492.10 0.0000e+00
       2462     98.000    10.3048    10.3054   3.869995   3.871844     2.2118      98.42     0.0663 5.1260e-02 -9.990e-29    102.540 283.078259    5.60283    35.2839    35.3021    27.1213    1492.87    1492.10 0.0000e+00
       2484     99.000    10.3038    10.3042   3.870193   3.872050     2.2081      98.40     0.0634 5.1273e-02 -9.990e-29    103.444 283.078269    5.59061    35.2864    35.3049    27.1235    1492.89    1492.11 0.0000e+00
       2505    100.000    10.2968    10.2974   3.871098   3.872958     2.2026      98.39     0.0626 5.1260e-02 1.9438e+00    104.317 283.078279    5.55678    35.3020    35.3203    27.1368    1492.90    1492.12 0.0000e+00
       2526    101.000    10.2782    10.2785   3.871343   3.873192     2.1952      96.98     0.0550 5.1266e-02 1.9438e+00    105.210 283.078289    5.52567    35.3221    35.3406    27.1558    1492.87    1492.13 0.0000e+00
       2547    102.000    10.2404    10.2406   3.869612   3.871391     2.1877      98.35     0.0503 5.1273e-02 1.9438e+00    106.104 283.078300    5.51046    35.3408    35.3588    27.1770    1492.78    1492.13 0.0000e+00
       2567    103.000    10.2117    10.2122   3.867366   3.869171     2.1815      98.71     0.0428 5.1281e-02 1.9438e+00    106.932 283.078309    5.48092    35.3455    35.3634    27.1856    1492.70    1492.14 0.0000e+00
       2586    104.000    10.2043    10.2052   3.866707   3.868569     2.1722      98.77     0.0357 5.1273e-02 1.9438e+00    107.723 283.078318    5.41617    35.3455    35.3636    27.1869    1492.69    1492.14 0.0000e+00
       2605    105.000    10.1982    10.1987   3.866149   3.867968     2.1587      98.78     0.0308 5.1266e-02 1.9438e+00    108.513 283.078328    5.34869    35.3453    35.3634    27.1878    1492.68    1492.15 0.0000e+00
       2626    106.000    10.1881    10.1887   3.865239   3.867055     2.1431      98.78     0.0310 5.1273e-02 -9.990e-29    109.358 283.078338    5.30153    35.3454    35.3633    27.1897    1492.66    1492.15 0.0000e+00
       2648    107.000    10.1755    10.1758   3.864106   3.865920     2.1284      98.69     0.0283 5.1273e-02 -9.990e-29    110.291 283.078348    5.28659    35.3457    35.3639    27.1921    1492.63    1492.16 0.0000e+00
       2672    108.000    10.1708    10.1714   3.863722   3.865550     2.1180      98.74     0.0277 5.1273e-02 -9.990e-29    111.307 283.078360    5.28044    35.3459    35.3639    27.1930    1492.63    1492.16 0.0000e+00
       2697    109.000    10.1659    10.1666   3.863317   3.865161     2.1093      98.76     0.0268 5.1267e-02 1.9438e+00    112.345 283.078372    5.26162    35.3460    35.3642    27.1940    1492.63    1492.17 0.0000e+00
       2721    110.000    10.1619    10.1624   3.862978   3.864799     2.1022      98.77     0.0273 5.1260e-02 1.9438e+00    113.335 283.078383    5.25394    35.3460    35.3641    27.1947    1492.63    1492.17 0.0000e+00
       2742    111.000    10.1542    10.1548   3.862285   3.864117     2.0981      98.78     0.0256 5.1273e-02 1.9438e+00    114.215 283.078394    5.25362    35.3460    35.3641    27.1960    1492.62    1492.18 0.0000e+00
       2762    112.000    10.1397    10.1402   3.860949   3.862774     2.0951      98.76     0.0251 5.1273e-02 1.9438e+00    115.025 283.078403    5.25039    35.3460    35.3642    27.1986    1492.59    1492.18 0.0000e+00
       2781    113.000    10.1338    10.1342   3.860444   3.862271     2.0921      98.74     0.0265 5.1265e-02 1.9438e+00    115.816 283.078412    5.24518    35.3462    35.3645    27.1997    1492.58    1492.18 0.0000e+00
       2799    114.000    10.1244    10.1252   3.859573   3.861425     2.0903      98.37     0.0249 5.1273e-02 1.9438e+00    116.600 283.078421    5.25410    35.3460    35.3641    27.2012    1492.57    1492.19 0.0000e+00
       2818    115.000    10.1051    10.1055   3.857786   3.859588     2.0900      95.26     0.0263 5.1258e-02 1.9438e+00    117.384 283.078430    5.25414    35.3461    35.3641    27.2046    1492.51    1492.19 0.0000e+00
       2838    116.000    10.0995    10.0996   3.857245   3.859045     2.0878      94.55     0.0277 5.1273e-02 1.9438e+00    118.199 283.078440    5.24254    35.3456    35.3639    27.2052    1492.51    1492.19 0.0000e+00
       2860    117.000    10.0916    10.0923   3.856488   3.858347     2.0860      95.46     0.0274 5.1267e-02 1.9438e+00    119.122 283.078450    5.24053    35.3451    35.3634    27.2062    1492.50    1492.19 0.0000e+00
       2886    118.000    10.0867    10.0871   3.856026   3.857867     2.0833      94.26     0.0275 5.1273e-02 1.9438e+00    120.200 283.078463    5.22476    35.3447    35.3631    27.2067    1492.50    1492.20 0.0000e+00
       2911    119.000    10.0777    10.0793   3.855190   3.857136     2.0798      93.23     0.0255 5.1241e-02 1.9438e+00    121.266 283.078475    5.21591    35.3445    35.3628    27.2081    1492.48    1492.20 0.0000e+00
       2933    120.000    10.0724    10.0732   3.854701   3.856566     2.0773      92.84     0.0287 5.1253e-02 -9.990e-29    122.186 283.078486    5.21389    35.3442    35.3625    27.2088    1492.48    1492.20 0.0000e+00
       2954    121.000    10.0719    10.0726   3.854691   3.856551     2.0758      92.48     0.0305 5.1244e-02 -9.990e-29    123.057 283.078496    5.21444    35.3441    35.3625    27.2088    1492.49    1492.20 0.0000e+00
       2974    122.000    10.0724    10.0730   3.854801   3.856660     2.0745      91.87     0.0290 5.1243e-02 -9.990e-29    123.886 283.078506    5.20694    35.3443    35.3627    27.2089    1492.51    1492.21 0.0000e+00
       2993    123.000    10.0726    10.0731   3.854878   3.856715     2.0725      90.78     0.0304 5.1235e-02 1.9438e+00    124.685 283.078515    5.19514    35.3444    35.3627    27.2089    1492.53    1492.21 0.0000e+00
       3012    124.000    10.0727    10.0727   3.854932   3.856719     2.0698      88.84     0.0307 5.1251e-02 1.9438e+00    125.476 283.078524    5.18181    35.3444    35.3627    27.2089    1492.54    1492.21 0.0000e+00
       3032    125.000    10.0690    10.0692   3.854575   3.856395     2.0668      85.63     0.0308 5.1235e-02 1.9438e+00    126.284 283.078533    5.17288    35.3439    35.3623    27.2092    1492.55    1492.21 0.0000e+00
       3052    126.000    10.0668    10.0674   3.854406   3.856257     2.0642      84.43     0.0306 5.1239e-02 1.9438e+00    127.134 283.078543    5.17599    35.3439    35.3622    27.2095    1492.56    1492.22 0.0000e+00
       3074    127.000    10.0649    10.0656   3.854274   3.856118     2.0631      84.01     0.0334 5.1219e-02 1.9438e+00    128.053 283.078554    5.18160    35.3439    35.3621    27.2099    1492.57    1492.22 0.0000e+00
       3099    128.000    10.0647    10.0653   3.854289   3.856147     2.0626      82.76     0.0348 5.1221e-02 1.9438e+00    129.070 283.078566    5.18468    35.3438    35.3622    27.2098    1492.58    1492.22 0.0000e+00
       3124    129.000    10.0642    10.0646   3.854298   3.856138     2.0622      82.03     0.0301 5.1233e-02 -9.990e-29    130.136 283.078578    5.18576    35.3439    35.3623    27.2100    1492.60    1492.23 0.0000e+00
       3147    130.000    10.0628    10.0633   3.854222   3.856065     2.0623      81.73     0.0275 5.1223e-02 -9.990e-29    131.067 283.078589    5.18531    35.3440    35.3624    27.2103    1492.61    1492.23 0.0000e+00
       3166    131.000    10.0629    10.0633   3.854264   3.856109     2.0616      81.73     0.0283 5.1250e-02 -9.990e-29    131.869 283.078598    5.17624    35.3439    35.3624    27.2102    1492.62    1492.23 0.0000e+00
       3184    132.000    10.0628    10.0634   3.854313   3.856166     2.0603      79.07     0.0290 5.1236e-02 -9.990e-29    132.643 283.078607    5.16931    35.3440    35.3624    27.2103    1492.64    1492.23 0.0000e+00
       3204    133.000    10.0629    10.0634   3.854364   3.856219     2.0587      85.47     0.0315 5.1251e-02 1.9438e+00    133.460 283.078616    5.16102    35.3440    35.3625    27.2103    1492.66    1492.24 0.0000e+00
       3225    134.000    10.0626    10.0632   3.854395   3.856244     2.0566      84.56     0.0311 5.1234e-02 1.9438e+00    134.348 283.078627    5.15839    35.3441    35.3625    27.2104    1492.67    1492.24 0.0000e+00
       3248    135.000    10.0623    10.0628   3.854405   3.856242     2.0554      83.80     0.0306 5.1221e-02 1.9438e+00    135.279 283.078638    5.15577    35.3441    35.3624    27.2104    1492.69    1492.24 0.0000e+00
       3270    136.000    10.0621    10.0626   3.854427   3.856277     2.0537      82.54     0.0275 5.1229e-02 1.9438e+00    136.211 283.078648    5.15413    35.3440    35.3625    27.2104    1492.70    1492.25 0.0000e+00
       3293    137.000    10.0610    10.0616   3.854370   3.856221     2.0534      81.49     0.0266 5.1231e-02 1.9438e+00    137.176 283.078659    5.17062    35.3440    35.3624    27.2106    1492.72    1492.25 0.0000e+00
       3317    138.000    10.0599    10.0605   3.854315   3.856172     2.0556      80.55     0.0275 5.1210e-02 -9.990e-29    138.175 283.078671    5.18611    35.3441    35.3625    27.2109    1492.73    1492.25 0.0000e+00
       3339    139.000    10.0583    10.0589   3.854209   3.856062     2.0572      79.51     0.0257 5.1218e-02 -9.990e-29    139.093 283.078682    5.17774    35.3441    35.3625    27.2112    1492.74    1492.26 0.0000e+00
       3359    140.000    10.0570    10.0576   3.854134   3.856001     2.0558      78.63     0.0238 5.1225e-02 -9.990e-29    139.900 283.078691    5.16035    35.3441    35.3627    27.2114    1492.75    1492.26 0.0000e+00
       3377    141.000    10.0558    10.0564   3.854089   3.855930     2.0545      77.94     0.0262 5.1235e-02 -9.990e-29    140.659 283.078700    5.15875    35.3444    35.3626    27.2118    1492.76    1492.26 0.0000e+00
       3395    142.000    10.0544    10.0550   3.854005   3.855864     2.0537      76.99     0.0276 5.1233e-02 1.9438e+00    141.429 283.078709    5.16450    35.3444    35.3629    27.2121    1492.78    1492.27 0.0000e+00
       3414    143.000    10.0536    10.0541   3.853979   3.855829     2.0537      75.76     0.0306 5.1225e-02 1.9438e+00    142.190 283.078718    5.17342    35.3445    35.3629    27.2123    1492.79    1492.27 0.0000e+00
       3432    144.000    10.0529    10.0535   3.853965   3.855820     2.0547      74.75     0.0353 5.1243e-02 1.9438e+00    142.960 283.078726    5.18175    35.3446    35.3630    27.2125    1492.80    1492.28 0.0000e+00
       3452    145.000    10.0521    10.0526   3.853941   3.855794     2.0556      73.82     0.0351 5.1239e-02 1.9438e+00    143.786 283.078736    5.18169    35.3446    35.3631    27.2127    1492.82    1492.28 0.0000e+00
       3476    146.000    10.0519    10.0524   3.853958   3.855811     2.0563      72.63     0.0308 5.1243e-02 1.9438e+00    144.791 283.078748    5.18896    35.3445    35.3630    27.2126    1492.83    1492.28 0.0000e+00
       3557    147.000    10.0529    10.0534   3.854095   3.855953     2.0599      71.28     0.0282 5.1224e-02 1.9438e+00    148.152 283.078787    5.19993    35.3445    35.3630    27.2124    1492.85    1492.29 0.0000e+00
       3605    148.000    10.0520    10.0526   3.854080   3.855931     2.0610      70.63     0.0286 5.1247e-02 1.9438e+00    150.187 283.078810    5.19287    35.3448    35.3631    27.2128    1492.87    1492.29 0.0000e+00
       3619    149.000    10.0517    10.0522   3.854095   3.855953     2.0601      69.81     0.0265 5.1215e-02 -9.990e-29    150.752 283.078817    5.18863    35.3447    35.3633    27.2128    1492.88    1492.30 0.0000e+00
