_data/ctd/2018/sta0397_2018.cnv
* Sea-Bird SBE 9 Data File:
* FileName = C:\Seabird\CTDData\sta0397.hex
* Software Version Seasave V 7.21f
* Temperature SN = 4557
* Conductivity SN = 1337
* Number of Bytes Per Scan = 40
* Number of Voltage Words = 5
* Number of Scans Averaged by the Deck Unit = 1
* NMEA Latitude = 60 44.98 N
* NMEA Longitude = 000 27.90 W
* NMEA UTC (Time) = Oct 09 2018 07:03:22
* NMEA baud rate = 4800
** Ship: 10 F/F "G. O. Sars"
** Station: 0397
** Echodepth: 141
** Log: 4776.27
** Wind-Dir Force: 25 02
** Air-temp (dry): 9.4
** Weather Sky: 2 8
** Sea Ice: 3 0
# nquan = 20                                
# nvalues = 133                         
# units = specified
# name 0 = scan: Scan Count
# name 1 = prDM: Pressure, Digiquartz [db]
# name 2 = t068C: Temperature [ITS-68, deg C]
# name 3 = t168C: Temperature, 2 [ITS-68, deg C]
# name 4 = c0S/m: Conductivity [S/m]
# name 5 = c1S/m: Conductivity, 2 [S/m]
# name 6 = sbeox0V: Oxygen raw, SBE 43 [V]
# name 7 = altM: Altimeter [m]
# name 8 = flC: Fluorescence, Chelsea Aqua 3 Chl Con [ug/l]
# name 9 = par: PAR/Irradiance, Biospherical/Licor
# name 10 = spar: SPAR/Surface Irradiance
# name 11 = timeS: Time, Elapsed [seconds]
# name 12 = timeJ: Julian Days
# name 13 = sbeox0ML/L: Oxygen, SBE 43 [ml/l], WS = 2
# name 14 = sal00: Salinity, Practical [PSU]
# name 15 = sal11: Salinity, Practical, 2 [PSU]
# name 16 = sigma-t00: Density [sigma-t, Kg/m^3 ]
# name 17 = svCM: Sound Velocity [Chen-Millero, m/s]
# name 18 = avgsvCM: Average Sound Velocity [Chen-Millero, m/s], minP = 1, minS = 5
# name 19 = flag: flag
# span 0 =        228,       3463       
# span 1 =      5.000,    137.000       
# span 2 =    10.9587,    11.0288       
# span 3 =    10.9590,    11.0292       
# span 4 =   3.927198,   3.930571       
# span 5 =   3.929406,   3.932602       
# span 6 =     2.2200,     2.2686       
# span 7 =       5.70,     101.46       
# span 8 =     0.1430,     0.1820       
# span 9 = 5.1218e-02, 3.3777e+00       
# span 10 = 4.5169e+00, 1.2000e+01      
# span 11 =      9.475,    144.245      
# span 12 = 282.294149, 282.295709      
# span 13 =    5.60330,    5.68223      
# span 14 =    35.2096,    35.2268      
# span 15 =    35.2304,    35.2466      
# span 16 =    26.9347,    26.9602      
# span 17 =    1493.78,    1495.75      
# span 18 =    1493.78,    1494.78      
# span 19 = 0.0000e+00, 0.0000e+00      
# interval = decibars: 1                
# start_time = Oct 09 2018 07:03:25 [System UTC, header]
# bad_flag = -9.990e-29
*END*
        228      5.000    11.0233    11.0246   3.927198   3.929406     2.2642      67.95     0.1756 3.3777e+00 1.1663e+01      9.475 282.294149    5.65214    35.2096    35.2304    26.9351    1493.78    1493.78 0.0000e+00
        613      6.000    11.0263    11.0269   3.927618   3.929700     2.2686     101.46     0.1779 3.0671e+00 1.1663e+01     25.515 282.294335    5.66471    35.2104    35.2307    26.9352    1493.81    1493.78 0.0000e+00
        612      7.000    11.0276    11.0281   3.927812   3.929889     2.2664      98.85     0.1797 2.6702e+00 9.0191e+00     25.457 282.294334    5.65776    35.2107    35.2310    26.9351    1493.83    1493.79 0.0000e+00
        631      8.000    11.0275    11.0280   3.927866   3.929926     2.2664      98.84     0.1751 2.4458e+00 1.0010e+01     26.255 282.294343    5.66859    35.2108    35.2310    26.9353    1493.85    1493.80 0.0000e+00
        649      9.000    11.0267    11.0274   3.927817   3.929910     2.2673      98.28     0.1741 2.2223e+00 1.1610e+01     27.016 282.294352    5.66613    35.2107    35.2309    26.9353    1493.86    1493.80 0.0000e+00
        672     10.000    11.0269    11.0272   3.927879   3.929923     2.2655      98.65     0.1730 1.9789e+00 1.1663e+01     27.969 282.294363    5.64675    35.2106    35.2308    26.9352    1493.88    1493.81 0.0000e+00
        701     11.000    11.0269    11.0277   3.927924   3.930023     2.2630      98.80     0.1761 1.7688e+00 1.1663e+01     29.164 282.294377    5.64940    35.2106    35.2309    26.9352    1493.89    1493.82 0.0000e+00
        732     12.000    11.0277    11.0285   3.928046   3.930136     2.2632      93.86     0.1748 1.6495e+00 1.1663e+01     30.464 282.294392    5.66654    35.2106    35.2308    26.9351    1493.91    1493.83 0.0000e+00
        760     13.000    11.0285    11.0288   3.928189   3.930236     2.2666      98.88     0.1776 1.5110e+00 1.1663e+01     31.628 282.294405    5.68223    35.2108    35.2310    26.9351    1493.93    1493.84 0.0000e+00
        784     14.000    11.0284    11.0290   3.928233   3.930299     2.2669      27.39     0.1755 1.3657e+00 1.1663e+01     32.609 282.294417    5.66764    35.2109    35.2310    26.9352    1493.95    1493.84 0.0000e+00
        804     15.000    11.0287    11.0291   3.928319   3.930371     2.2667      99.06     0.1748 1.2286e+00 1.1663e+01     33.438 282.294426    5.66393    35.2110    35.2312    26.9352    1493.97    1493.85 0.0000e+00
        821     16.000    11.0288    11.0292   3.928370   3.930420     2.2657      98.73     0.1780 1.1041e+00 1.0657e+01     34.146 282.294435    5.65884    35.2110    35.2311    26.9352    1493.98    1493.86 0.0000e+00
        836     17.000    11.0288    11.0292   3.928400   3.930455     2.2649      98.72     0.1776 1.0144e+00 7.3448e+00     34.808 282.294442    5.65707    35.2108    35.2310    26.9351    1494.00    1493.87 0.0000e+00
        853     18.000    11.0286    11.0291   3.928379   3.930499     2.2640      98.70     0.1747 9.3890e-01 1.1535e+01     35.520 282.294450    5.65309    35.2104    35.2311    26.9347    1494.01    1493.88 0.0000e+00
        874     19.000    11.0287    11.0291   3.928444   3.930551     2.2624      98.70     0.1752 8.7711e-01 1.1663e+01     36.388 282.294460    5.65334    35.2105    35.2312    26.9348    1494.03    1493.88 0.0000e+00
        901     20.000    11.0287    11.0292   3.928588   3.930640     2.2630      98.70     0.1788 8.2737e-01 1.1663e+01     37.511 282.294474    5.66621    35.2115    35.2315    26.9356    1494.05    1493.89 0.0000e+00
        931     21.000    11.0286    11.0290   3.928642   3.930696     2.2637      98.69     0.1786 7.7863e-01 1.1663e+01     38.735 282.294488    5.66626    35.2116    35.2318    26.9357    1494.06    1493.90 0.0000e+00
        955     22.000    11.0266    11.0270   3.928594   3.930638     2.2636      98.68     0.1820 7.2998e-01 1.1663e+01     39.738 282.294499    5.65974    35.2126    35.2327    26.9368    1494.08    1493.91 0.0000e+00
        975     23.000    11.0222    11.0226   3.928371   3.930414     2.2625      98.68     0.1820 6.6980e-01 1.1663e+01     40.591 282.294509    5.65726    35.2142    35.2342    26.9388    1494.08    1493.92 0.0000e+00
        994     24.000    11.0211    11.0216   3.928347   3.930389     2.2624      98.67     0.1767 6.1383e-01 1.1663e+01     41.393 282.294518    5.66617    35.2145    35.2345    26.9393    1494.09    1493.92 0.0000e+00
       1015     25.000    11.0196    11.0198   3.928279   3.930297     2.2633      98.66     0.1752 5.6670e-01 1.1663e+01     42.229 282.294528    5.67219    35.2148    35.2348    26.9398    1494.10    1493.93 0.0000e+00
       1036     26.000    11.0160    11.0165   3.928077   3.930110     2.2635      98.65     0.1727 5.2287e-01 1.1663e+01     43.123 282.294538    5.66156    35.2158    35.2357    26.9413    1494.11    1493.94 0.0000e+00
       1058     27.000    11.0150    11.0154   3.928052   3.930091     2.2614      98.65     0.1717 4.8612e-01 1.1627e+01     44.048 282.294549    5.64650    35.2161    35.2361    26.9416    1494.12    1493.94 0.0000e+00
       1079     28.000    11.0138    11.0143   3.928063   3.930113     2.2594      98.65     0.1745 4.5825e-01 7.5685e+00     44.929 282.294559    5.64517    35.2169    35.2369    26.9425    1494.13    1493.95 0.0000e+00
       1099     29.000    11.0138    11.0144   3.928134   3.930184     2.2584      98.65     0.1748 4.3453e-01 1.1643e+01     45.767 282.294569    5.65328    35.2171    35.2371    26.9427    1494.15    1493.96 0.0000e+00
       1120     30.000    11.0136    11.0141   3.928149   3.930200     2.2587      98.65     0.1750 4.1226e-01 1.1663e+01     46.606 282.294579    5.64773    35.2170    35.2371    26.9426    1494.17    1493.96 0.0000e+00
       1141     31.000    11.0137    11.0142   3.928209   3.930258     2.2562      98.65     0.1760 3.9051e-01 1.1663e+01     47.485 282.294589    5.63178    35.2171    35.2371    26.9426    1494.18    1493.97 0.0000e+00
       1162     32.000    11.0137    11.0143   3.928258   3.930305     2.2545      98.65     0.1714 3.6744e-01 1.1663e+01     48.391 282.294599    5.63950    35.2171    35.2370    26.9427    1494.20    1493.98 0.0000e+00
       1184     33.000    11.0143    11.0148   3.928393   3.930456     2.2549      98.65     0.1730 3.4270e-01 1.1663e+01     49.279 282.294610    5.64998    35.2174    35.2376    26.9428    1494.22    1493.99 0.0000e+00
       1205     34.000    11.0146    11.0150   3.928486   3.930530     2.2555      98.65     0.1737 3.2100e-01 1.1663e+01     50.186 282.294620    5.65456    35.2176    35.2377    26.9429    1494.24    1493.99 0.0000e+00
       1228     35.000    11.0146    11.0149   3.928529   3.930567     2.2567      98.65     0.1676 3.0145e-01 1.1663e+01     51.125 282.294631    5.65980    35.2176    35.2377    26.9429    1494.25    1494.00 0.0000e+00
       1253     36.000    11.0146    11.0150   3.928581   3.930629     2.2567      98.64     0.1620 2.8538e-01 1.1663e+01     52.147 282.294643    5.64500    35.2177    35.2378    26.9429    1494.27    1494.01 0.0000e+00
       1277     37.000    11.0147    11.0151   3.928642   3.930685     2.2547      98.64     0.1622 2.6738e-01 1.1663e+01     53.183 282.294655    5.64383    35.2177    35.2378    26.9430    1494.29    1494.02 0.0000e+00
       1300     38.000    11.0147    11.0152   3.928705   3.930742     2.2553      98.64     0.1608 2.5284e-01 1.1470e+01     54.112 282.294666    5.65720    35.2179    35.2378    26.9431    1494.30    1494.02 0.0000e+00
       1320     39.000    11.0148    11.0152   3.928751   3.930800     2.2563      98.64     0.1627 2.4172e-01 7.8250e+00     54.971 282.294676    5.65946    35.2178    35.2379    26.9430    1494.32    1494.03 0.0000e+00
       1340     40.000    11.0146    11.0149   3.928784   3.930802     2.2564      98.64     0.1638 2.2823e-01 1.1578e+01     55.774 282.294685    5.65725    35.2179    35.2378    26.9431    1494.34    1494.04 0.0000e+00
       1359     41.000    11.0133    11.0138   3.928726   3.930763     2.2566      98.65     0.1633 2.1301e-01 1.1663e+01     56.576 282.294694    5.66434    35.2181    35.2380    26.9435    1494.35    1494.05 0.0000e+00
       1379     42.000    11.0129    11.0133   3.928730   3.930752     2.2582      98.65     0.1651 2.0094e-01 1.1663e+01     57.421 282.294704    5.66827    35.2181    35.2379    26.9436    1494.36    1494.05 0.0000e+00
       1401     43.000    11.0120    11.0126   3.928714   3.930754     2.2578      98.65     0.1647 1.8918e-01 1.1663e+01     58.313 282.294714    5.66362    35.2183    35.2381    26.9439    1494.38    1494.06 0.0000e+00
       1422     44.000    11.0117    11.0123   3.928737   3.930776     2.2586      98.64     0.1613 1.7896e-01 1.1663e+01     59.213 282.294725    5.66657    35.2184    35.2382    26.9440    1494.39    1494.07 0.0000e+00
       1444     45.000    11.0112    11.0116   3.928737   3.930767     2.2577      98.03     0.1656 1.6809e-01 1.1663e+01     60.114 282.294735    5.65469    35.2184    35.2383    26.9441    1494.41    1494.08 0.0000e+00
       1466     46.000    11.0107    11.0111   3.928739   3.930778     2.2562      97.24     0.1666 1.5974e-01 1.1663e+01     61.035 282.294746    5.64940    35.2184    35.2385    26.9443    1494.42    1494.08 0.0000e+00
       1489     47.000    11.0102    11.0108   3.928752   3.930808     2.2545      96.13     0.1661 1.5394e-01 1.1663e+01     62.006 282.294757    5.64247    35.2186    35.2386    26.9445    1494.44    1494.09 0.0000e+00
       1513     48.000    11.0100    11.0103   3.928793   3.930822     2.2530      95.24     0.1645 1.4317e-01 1.1663e+01     62.984 282.294768    5.64585    35.2187    35.2388    26.9446    1494.45    1494.10 0.0000e+00
       1534     49.000    11.0096    11.0100   3.928821   3.930847     2.2527      94.33     0.1622 1.3737e-01 1.1663e+01     63.891 282.294779    5.65047    35.2190    35.2388    26.9449    1494.47    1494.11 0.0000e+00
       1555     50.000    11.0092    11.0099   3.928838   3.930888     2.2529      93.36     0.1610 1.3159e-01 1.1663e+01     64.745 282.294789    5.65183    35.2191    35.2389    26.9450    1494.48    1494.11 0.0000e+00
       1574     51.000    11.0082    11.0089   3.928810   3.930873     2.2525      92.68     0.1606 1.2365e-01 8.0482e+00     65.556 282.294798    5.64051    35.2193    35.2393    26.9454    1494.50    1494.12 0.0000e+00
       1594     52.000    11.0081    11.0084   3.928863   3.930870     2.2503      91.47     0.1588 1.1887e-01 1.1156e+01     66.378 282.294808    5.63066    35.2195    35.2392    26.9455    1494.51    1494.13 0.0000e+00
       1615     53.000    11.0078    11.0082   3.928866   3.930901     2.2489      90.50     0.1541 1.1488e-01 1.1653e+01     67.230 282.294818    5.62985    35.2193    35.2393    26.9455    1494.53    1494.14 0.0000e+00
       1636     54.000    11.0076    11.0080   3.928892   3.930946     2.2472      89.40     0.1530 1.0849e-01 1.1663e+01     68.135 282.294828    5.62802    35.2193    35.2395    26.9455    1494.54    1494.14 0.0000e+00
       1660     55.000    11.0076    11.0082   3.928943   3.930987     2.2468      88.35     0.1556 1.0425e-01 1.1663e+01     69.135 282.294840    5.63493    35.2194    35.2392    26.9456    1494.56    1494.15 0.0000e+00
       1686     56.000    11.0068    11.0076   3.928925   3.930986     2.2468      87.24     0.1492 1.0053e-01 1.1663e+01     70.198 282.294852    5.63878    35.2195    35.2394    26.9458    1494.58    1494.16 0.0000e+00
       1709     57.000    11.0072    11.0078   3.929008   3.931052     2.2474      86.17     0.1501 9.3346e-02 1.1663e+01     71.177 282.294863    5.64352    35.2195    35.2394    26.9457    1494.59    1494.17 0.0000e+00
       1730     58.000    11.0074    11.0079   3.929071   3.931116     2.2477      85.31     0.1599 8.8009e-02 1.1663e+01     72.025 282.294873    5.63515    35.2195    35.2395    26.9457    1494.61    1494.17 0.0000e+00
       1749     59.000    11.0072    11.0076   3.929102   3.931124     2.2461      84.39     0.1631 7.7724e-02 1.1663e+01     72.840 282.294882    5.62159    35.2195    35.2394    26.9457    1494.63    1494.18 0.0000e+00
       1769     60.000    11.0070    11.0075   3.929137   3.931170     2.2441      83.40     0.1567 7.4848e-02 1.1663e+01     73.663 282.294892    5.62221    35.2196    35.2395    26.9459    1494.64    1494.19 0.0000e+00
       1789     61.000    11.0061    11.0064   3.929107   3.931109     2.2439      82.34     0.1543 7.1996e-02 7.8086e+00     74.513 282.294902    5.63232    35.2197    35.2395    26.9461    1494.66    1494.20 0.0000e+00
       1810     62.000    11.0044    11.0047   3.928999   3.931004     2.2444      81.30     0.1536 6.4897e-02 1.1652e+01     75.393 282.294912    5.63502    35.2198    35.2396    26.9465    1494.67    1494.21 0.0000e+00
       1833     63.000    11.0038    11.0042   3.928985   3.931021     2.2442      80.38     0.1551 6.1477e-02 1.1663e+01     76.322 282.294923    5.63048    35.2198    35.2398    26.9466    1494.68    1494.21 0.0000e+00
       1857     64.000    11.0039    11.0042   3.929044   3.931076     2.2433      79.22     0.1523 5.9155e-02 1.1663e+01     77.336 282.294934    5.62044    35.2199    35.2399    26.9466    1494.70    1494.22 0.0000e+00
       1882     65.000    11.0042    11.0047   3.929116   3.931173     2.2412      78.20     0.1502 5.6551e-02 1.1663e+01     78.366 282.294946    5.61779    35.2198    35.2399    26.9465    1494.71    1494.23 0.0000e+00
       1905     66.000    11.0049    11.0052   3.929231   3.931263     2.2414      77.36     0.1485 5.3587e-02 1.1663e+01     79.315 282.294957    5.63498    35.2199    35.2399    26.9464    1494.73    1494.24 0.0000e+00
       1926     67.000    11.0041    11.0044   3.929200   3.931219     2.2430      76.37     0.1494 5.2987e-02 1.1663e+01     80.194 282.294968    5.63278    35.2199    35.2398    26.9466    1494.75    1494.24 0.0000e+00
       1945     68.000    11.0027    11.0033   3.929137   3.931173     2.2416      75.38     0.1503 5.1243e-02 1.1663e+01     81.018 282.294977    5.62094    35.2201    35.2399    26.9470    1494.76    1494.25 0.0000e+00
       1965     69.000    11.0023    11.0023   3.929139   3.931137     2.2412      74.47     0.1509 5.1235e-02 1.1663e+01     81.821 282.294986    5.63339    35.2201    35.2401    26.9471    1494.77    1494.26 0.0000e+00
       1984     70.000    11.0026    11.0026   3.929210   3.931208     2.2426      73.55     0.1491 5.1243e-02 1.1663e+01     82.621 282.294996    5.64064    35.2200    35.2400    26.9470    1494.79    1494.27 0.0000e+00
       2004     71.000    11.0021    11.0026   3.929215   3.931259     2.2428      72.35     0.1478 5.1218e-02 1.1663e+01     83.454 282.295005    5.63197    35.2201    35.2401    26.9471    1494.81    1494.27 0.0000e+00
       2025     72.000    11.0022    11.0026   3.929258   3.931300     2.2419      71.37     0.1468 5.1218e-02 1.1663e+01     84.328 282.295015    5.62671    35.2200    35.2400    26.9470    1494.82    1494.28 0.0000e+00
       2048     73.000    11.0020    11.0025   3.929292   3.931334     2.2409      70.50     0.1474 5.1231e-02 1.0755e+01     85.278 282.295026    5.62529    35.2201    35.2400    26.9471    1494.84    1494.29 0.0000e+00
       2073     74.000    11.0020    11.0021   3.929308   3.931352     2.2416      69.35     0.1510 5.1230e-02 9.4483e+00     86.327 282.295039    5.64604    35.2198    35.2401    26.9469    1494.86    1494.30 0.0000e+00
       2099     75.000    11.0020    11.0025   3.929385   3.931430     2.2437      68.26     0.1662 5.1227e-02 1.1693e+01     87.431 282.295051    5.63954    35.2201    35.2401    26.9471    1494.87    1494.30 0.0000e+00
       2123     76.000    11.0023    11.0027   3.929466   3.931492     2.2420      67.44     0.1549 5.1267e-02 1.1663e+01     88.408 282.295063    5.62859    35.2202    35.2401    26.9471    1494.89    1494.31 0.0000e+00
