_data/ctd/2018/sta0391_2018.cnv
* Sea-Bird SBE 9 Data File:
* FileName = C:\Seabird\CTDData\sta0391.hex
* Software Version Seasave V 7.21f
* Temperature SN = 4557
* Conductivity SN = 1337
* Number of Bytes Per Scan = 40
* Number of Voltage Words = 5
* Number of Scans Averaged by the Deck Unit = 1
* NMEA Latitude = 60 45.14 N
* NMEA Longitude = 002 46.54 E
* NMEA UTC (Time) = Oct 07 2018 14:25:15
* NMEA baud rate = 4800
** Ship: 10 F/F "G. O. Sars"
** Station: 0391
** Echodepth: 127
** Log: 4561.324
** Wind-Dir Force: 19 34
** Air-temp (dry): 9.4
** Weather Sky: 2 7
** Sea Ice: 5 0
# nquan = 20                                
# nvalues = 115                         
# units = specified
# name 0 = scan: Scan Count
# name 1 = prDM: Pressure, Digiquartz [db]
# name 2 = t068C: Temperature [ITS-68, deg C]
# name 3 = t168C: Temperature, 2 [ITS-68, deg C]
# name 4 = c0S/m: Conductivity [S/m]
# name 5 = c1S/m: Conductivity, 2 [S/m]
# name 6 = sbeox0V: Oxygen raw, SBE 43 [V]
# name 7 = altM: Altimeter [m]
# name 8 = flC: Fluorescence, Chelsea Aqua 3 Chl Con [ug/l]
# name 9 = par: PAR/Irradiance, Biospherical/Licor
# name 10 = spar: SPAR/Surface Irradiance
# name 11 = timeS: Time, Elapsed [seconds]
# name 12 = timeJ: Julian Days
# name 13 = sbeox0ML/L: Oxygen, SBE 43 [ml/l], WS = 2
# name 14 = sal00: Salinity, Practical [PSU]
# name 15 = sal11: Salinity, Practical, 2 [PSU]
# name 16 = sigma-t00: Density [sigma-t, Kg/m^3 ]
# name 17 = svCM: Sound Velocity [Chen-Millero, m/s]
# name 18 = avgsvCM: Average Sound Velocity [Chen-Millero, m/s], minP = 1, minS = 5
# name 19 = flag: flag
# span 0 =         -4,       4155       
# span 1 =      5.000,    119.000       
# span 2 =     9.3021,    10.6679       
# span 3 =     9.3024,    10.6679       
# span 4 =   3.776469,   3.892042       
# span 5 =   3.778577,   3.894231       
# span 6 =     2.0462,     2.2909       
# span 7 =       0.71,      98.90       
# span 8 =     0.0179,     0.2403       
# span 9 = 5.1282e-02, 3.9201e+01       
# span 10 = 1.1456e+02, 1.2635e+02      
# span 11 =     -0.207,    173.077      
# span 12 = 280.600889, 280.602895      
# span 13 =    5.21019,    5.81907      
# span 14 =    35.1857,    35.3047      
# span 15 =    35.2077,    35.3269      
# span 16 =    26.9806,    27.2993      
# span 17 =    1489.55,    1493.41      
# span 18 =    1491.93,    1492.96      
# span 19 = 0.0000e+00, 0.0000e+00      
# interval = decibars: 1                
# start_time = Oct 07 2018 14:25:17 [System UTC, header]
# bad_flag = -9.990e-29
*END*
         -4      5.000    10.6679    10.6663   3.890793   3.892881     2.2881       1.44     0.1737 3.9201e+01 1.2635e+02     -0.207 280.600889    5.78332    35.1858    35.2084    26.9806    1492.50    1492.50 0.0000e+00
        224      6.000    10.6669    10.6668   3.890775   3.892970     2.2883       1.38     0.1999 3.1563e+01 1.2635e+02      9.289 280.600999    5.77855    35.1861    35.2084    26.9810    1492.52    1492.51 0.0000e+00
        297      7.000    10.6668    10.6668   3.890824   3.893018     2.2892       1.21     0.1961 2.8491e+01 1.2635e+02     12.337 280.601034    5.78756    35.1863    35.2084    26.9812    1492.53    1492.51 0.0000e+00
        320      8.000    10.6669    10.6668   3.890885   3.893079     2.2894       1.06     0.1888 2.6697e+01 1.2635e+02     13.304 280.601045    5.78132    35.1863    35.2086    26.9812    1492.55    1492.52 0.0000e+00
        340      9.000    10.6669    10.6668   3.890932   3.893126     2.2880       1.18     0.1816 2.4231e+01 1.2635e+02     14.123 280.601055    5.76927    35.1863    35.2086    26.9812    1492.57    1492.52 0.0000e+00
        357     10.000    10.6667    10.6665   3.890948   3.893150     2.2866      44.79     0.1935 2.1991e+01 1.2635e+02     14.818 280.601063    5.76318    35.1862    35.2086    26.9812    1492.58    1492.53 0.0000e+00
        371     11.000    10.6668    10.6665   3.891001   3.893198     2.2854       0.71     0.2038 2.0356e+01 1.2635e+02     15.422 280.601070    5.75886    35.1862    35.2087    26.9811    1492.60    1492.53 0.0000e+00
        385     12.000    10.6666    10.6665   3.891014   3.893239     2.2835       1.04     0.1892 1.9106e+01 1.2635e+02     15.995 280.601076    5.76032    35.1861    35.2086    26.9811    1492.62    1492.54 0.0000e+00
        398     13.000    10.6668    10.6666   3.891089   3.893305     2.2832      13.99     0.1798 1.7791e+01 1.2635e+02     16.558 280.601083    5.77518    35.1862    35.2087    26.9811    1492.63    1492.55 0.0000e+00
        412     14.000    10.6667    10.6665   3.891122   3.893334     2.2848      97.25     0.1724 1.6272e+01 1.2635e+02     17.113 280.601089    5.78810    35.1862    35.2087    26.9811    1492.65    1492.56 0.0000e+00
        425     15.000    10.6669    10.6667   3.891191   3.893400     2.2860      82.05     0.1681 1.4893e+01 1.2635e+02     17.670 280.601096    5.78823    35.1862    35.2087    26.9811    1492.67    1492.56 0.0000e+00
        438     16.000    10.6673    10.6669   3.891269   3.893472     2.2858       1.47     0.1785 1.3679e+01 1.2635e+02     18.224 280.601102    5.78339    35.1861    35.2088    26.9810    1492.68    1492.57 0.0000e+00
        452     17.000    10.6671    10.6666   3.891292   3.893473     2.2865      87.03     0.1944 1.2306e+01 1.2635e+02     18.780 280.601109    5.78317    35.1861    35.2086    26.9810    1492.70    1492.58 0.0000e+00
        465     18.000    10.6668    10.6665   3.891313   3.893508     2.2860      98.69     0.1876 1.1088e+01 1.2635e+02     19.343 280.601115    5.77655    35.1861    35.2086    26.9811    1492.72    1492.59 0.0000e+00
        479     19.000    10.6669    10.6667   3.891377   3.893573     2.2854      98.90     0.1871 1.0123e+01 1.2635e+02     19.910 280.601122    5.77072    35.1862    35.2086    26.9811    1492.73    1492.59 0.0000e+00
        492     20.000    10.6671    10.6668   3.891445   3.893642     2.2842      98.90     0.1801 9.3647e+00 1.2635e+02     20.476 280.601128    5.76373    35.1863    35.2087    26.9811    1492.75    1492.60 0.0000e+00
        506     21.000    10.6671    10.6670   3.891491   3.893686     2.2831      98.90     0.1704 8.7519e+00 1.2635e+02     21.036 280.601135    5.75627    35.1863    35.2085    26.9811    1492.77    1492.61 0.0000e+00
        519     22.000    10.6672    10.6670   3.891536   3.893742     2.2813      98.90     0.1711 8.2030e+00 1.2635e+02     21.589 280.601141    5.74495    35.1862    35.2086    26.9810    1492.78    1492.62 0.0000e+00
        532     23.000    10.6669    10.6667   3.891559   3.893750     2.2790      98.90     0.1743 7.6622e+00 1.2635e+02     22.131 280.601147    5.73685    35.1862    35.2085    26.9811    1492.80    1492.62 0.0000e+00
        545     24.000    10.6667    10.6667   3.891547   3.893773     2.2767      98.90     0.1986 7.1253e+00 1.2635e+02     22.679 280.601154    5.73808    35.1859    35.2083    26.9809    1492.81    1492.63 0.0000e+00
        559     25.000    10.6656    10.6659   3.891514   3.893744     2.2760      98.90     0.2064 6.5684e+00 1.2635e+02     23.233 280.601160    5.74845    35.1861    35.2083    26.9813    1492.83    1492.64 0.0000e+00
        572     26.000    10.6660    10.6659   3.891596   3.893786     2.2760      98.90     0.1950 6.0949e+00 1.2635e+02     23.797 280.601167    5.75552    35.1861    35.2083    26.9812    1492.84    1492.65 0.0000e+00
        586     27.000    10.6672    10.6671   3.891728   3.893925     2.2761      98.90     0.1860 5.6691e+00 1.2635e+02     24.371 280.601173    5.75658    35.1858    35.2081    26.9807    1492.86    1492.66 0.0000e+00
        600     28.000    10.6676    10.6675   3.891797   3.894012     2.2762      98.89     0.1789 5.2556e+00 1.2635e+02     24.951 280.601180    5.75855    35.1857    35.2081    26.9806    1492.88    1492.66 0.0000e+00
        614     29.000    10.6679    10.6676   3.891903   3.894081     2.2760      98.89     0.1718 4.8372e+00 1.2635e+02     25.532 280.601187    5.76696    35.1860    35.2083    26.9808    1492.90    1492.67 0.0000e+00
        676     30.000    10.6676    10.6674   3.891946   3.894147     2.2811      98.44     0.1694 4.4347e+00 1.2634e+02     28.129 280.601217    5.78763    35.1863    35.2087    26.9810    1492.92    1492.68 0.0000e+00
       1069     31.000    10.6675    10.6674   3.891955   3.894154     2.2909      96.74     0.1652 4.0826e+00 1.2509e+02     44.508 280.601406    5.79942    35.1860    35.2083    26.9808    1492.93    1492.69 0.0000e+00
       2029     32.000    10.6675    10.6679   3.892031   3.894231     2.2864      96.88     0.1722 3.7032e+00 1.2256e+02     84.479 280.601869    5.78921    35.1863    35.2081    26.9811    1492.95    1492.70 0.0000e+00
       2099     33.000    10.6590    10.6602   3.891308   3.893608     2.2859      95.89     0.1821 3.4580e+00 1.2246e+02     87.435 280.601903    5.79042    35.1867    35.2088    26.9829    1492.94    1492.70 0.0000e+00
       2120     34.000    10.6566    10.6565   3.891173   3.893340     2.2851      94.92     0.1773 3.2857e+00 1.2246e+02     88.289 280.601913    5.78374    35.1872    35.2092    26.9837    1492.94    1492.71 0.0000e+00
       2139     35.000    10.6596    10.6596   3.891477   3.893672     2.2839      93.55     0.1808 3.1294e+00 1.2246e+02     89.102 280.601922    5.78324    35.1870    35.2091    26.9830    1492.97    1492.72 0.0000e+00
       2159     36.000    10.6582    10.6581   3.891392   3.893563     2.2840      92.44     0.1714 2.9792e+00 1.2246e+02     89.907 280.601932    5.78896    35.1870    35.2090    26.9833    1492.98    1492.73 0.0000e+00
       2178     37.000    10.6503    10.6510   3.890748   3.892979     2.2834      91.43     0.1776 2.8226e+00 1.2246e+02     90.725 280.601941    5.78731    35.1877    35.2095    26.9852    1492.97    1492.73 0.0000e+00
       2199     38.000    10.6616    10.6584   3.891804   3.893694     2.2834      90.40     0.1822 2.6655e+00 1.2246e+02     91.596 280.601951    5.78647    35.1869    35.2091    26.9826    1493.03    1492.74 0.0000e+00
       2222     39.000    10.6640    10.6644   3.892042   3.894174     2.2827      89.33     0.1810 2.4853e+00 1.2246e+02     92.528 280.601962    5.78330    35.1866    35.2077    26.9819    1493.05    1492.75 0.0000e+00
       2245     40.000    10.6577    10.6590   3.891548   3.893829     2.2825      88.27     0.1903 2.2980e+00 1.2246e+02     93.511 280.601973    5.78343    35.1872    35.2090    26.9835    1493.05    1492.76 0.0000e+00
       2270     41.000    10.6474    10.6470   3.890657   3.892803     2.2808      87.20     0.1872 2.1407e+00 1.2246e+02     94.533 280.601985    5.77172    35.1877    35.2097    26.9857    1493.03    1492.76 0.0000e+00
       2295     42.000    10.6438    10.6437   3.890386   3.892557     2.2795      86.17     0.1831 2.0012e+00 1.2246e+02     95.564 280.601997    5.78114    35.1880    35.2100    26.9866    1493.03    1492.77 0.0000e+00
       2317     43.000    10.6436    10.6435   3.890422   3.892588     2.2801      85.27     0.1786 1.8824e+00 1.2246e+02     96.485 280.602008    5.79249    35.1881    35.2100    26.9867    1493.05    1492.78 0.0000e+00
       2336     44.000    10.6422    10.6418   3.890324   3.892481     2.2814      84.39     0.1746 1.7792e+00 1.2246e+02     97.274 280.602017    5.79984    35.1880    35.2101    26.9869    1493.06    1492.78 0.0000e+00
       2353     45.000    10.6423    10.6429   3.890408   3.892636     2.2824      83.53     0.1759 1.6794e+00 1.2246e+02     98.008 280.602026    5.79411    35.1883    35.2102    26.9871    1493.08    1492.79 0.0000e+00
       2371     46.000    10.6465    10.6460   3.890815   3.892958     2.2816      82.57     0.2069 1.5857e+00 1.2246e+02     98.739 280.602034    5.78356    35.1879    35.2100    26.9860    1493.11    1492.80 0.0000e+00
       2391     47.000    10.6480    10.6482   3.890996   3.893180     2.2807      81.48     0.1976 1.4996e+00 1.2246e+02     99.576 280.602044    5.78386    35.1878    35.2096    26.9857    1493.13    1492.80 0.0000e+00
       2414     48.000    10.6509    10.6526   3.891300   3.893620     2.2807      80.29     0.1836 1.3935e+00 1.2238e+02    100.558 280.602055    5.79204    35.1876    35.2094    26.9850    1493.16    1492.81 0.0000e+00
       2440     49.000    10.6455    10.6462   3.890839   3.893103     2.2811      79.21     0.1726 1.2856e+00 1.2238e+02    101.618 280.602067    5.78963    35.1877    35.2099    26.9861    1493.15    1492.82 0.0000e+00
       2465     50.000    10.6439    10.6404   3.890764   3.892622     2.2802      78.24     0.1713 1.1895e+00 1.2212e+02    102.669 280.602080    5.78453    35.1880    35.2102    26.9866    1493.16    1492.82 0.0000e+00
       2489     51.000    10.6422    10.6388   3.890636   3.892551     2.2800      77.28     0.1758 1.1217e+00 1.2126e+02    103.682 280.602091    5.79385    35.1879    35.2105    26.9868    1493.17    1492.83 0.0000e+00
       2512     52.000    10.6458    10.6441   3.891045   3.893065     2.2809      76.35     0.1735 1.0730e+00 -9.990e-29    104.609 280.602102    5.79658    35.1881    35.2101    26.9863    1493.20    1492.84 0.0000e+00
       2531     53.000    10.6406    10.6398   3.890621   3.892725     2.2809      75.52     0.1737 1.0215e+00 -9.990e-29    105.401 280.602111    5.79482    35.1884    35.2104    26.9875    1493.20    1492.84 0.0000e+00
       2547     54.000    10.6417    10.6429   3.890763   3.893063     2.2810      74.60     0.1691 9.6040e-01 -9.990e-29    106.099 280.602119    5.79553    35.1883    35.2104    26.9872    1493.22    1492.85 0.0000e+00
       2563     55.000    10.6375    10.6392   3.890350   3.892750     2.2809      73.67     0.1681 9.0205e-01 -9.990e-29    106.766 280.602127    5.79151    35.1877    35.2103    26.9875    1493.22    1492.86 0.0000e+00
       2581     56.000    10.6356    10.6367   3.890294   3.892581     2.2799      72.62     0.1844 8.4173e-01 -9.990e-29    107.493 280.602135    5.78296    35.1885    35.2106    26.9885    1493.23    1492.87 0.0000e+00
       2612     57.000    10.6356    10.6355   3.890339   3.892528     2.2790      71.26     0.1846 7.7525e-01 1.2054e+02    108.787 280.602150    5.79529    35.1885    35.2107    26.9885    1493.25    1492.87 0.0000e+00
       2678     58.000    10.6377    10.6382   3.890581   3.892807     2.2802      69.94     0.1729 7.3132e-01 1.2051e+02    111.523 280.602182    5.78781    35.1885    35.2105    26.9881    1493.27    1492.88 0.0000e+00
       2695     59.000    10.6341    10.6338   3.890334   3.892481     2.2784      69.39     0.1799 6.9293e-01 1.2051e+02    112.246 280.602190    5.78595    35.1890    35.2110    26.9891    1493.28    1492.89 0.0000e+00
       2710     60.000    10.6348    10.6347   3.890429   3.892610     2.2785      68.57     0.1777 6.4474e-01 1.2051e+02    112.890 280.602198    5.80055    35.1888    35.2110    26.9889    1493.30    1492.89 0.0000e+00
       2727     61.000    10.6324    10.6326   3.890262   3.892457     2.2802      67.60     0.1802 6.0554e-01 1.2051e+02    113.598 280.602206    5.80639    35.1890    35.2110    26.9894    1493.31    1492.90 0.0000e+00
       2752     62.000    10.6328    10.6333   3.890335   3.892557     2.2796      66.38     0.1905 5.6735e-01 1.2051e+02    114.645 280.602218    5.79068    35.1889    35.2109    26.9893    1493.32    1492.91 0.0000e+00
       2787     63.000    10.6308    10.6316   3.890205   3.892468     2.2779      65.19     0.1833 5.2938e-01 1.2051e+02    116.065 280.602235    5.78621    35.1891    35.2111    26.9898    1493.33    1492.91 0.0000e+00
       2814     64.000    10.6266    10.6274   3.889909   3.892154     2.2769      64.30     0.1787 4.9307e-01 1.2051e+02    117.227 280.602248    5.78947    35.1897    35.2116    26.9910    1493.34    1492.92 0.0000e+00
       2832     65.000    10.6252    10.6249   3.889821   3.891979     2.2772      63.50     0.1735 4.6089e-01 1.2051e+02    117.974 280.602257    5.79539    35.1897    35.2118    26.9912    1493.35    1492.93 0.0000e+00
       2849     66.000    10.6214    10.6214   3.889524   3.891715     2.2773      62.61     0.1791 4.3394e-01 1.2051e+02    118.658 280.602265    5.79857    35.1899    35.2120    26.9921    1493.35    1492.93 0.0000e+00
       2868     67.000    10.6216    10.6217   3.889574   3.891783     2.2780      61.60     0.1788 4.1206e-01 1.2051e+02    119.461 280.602274    5.80889    35.1897    35.2120    26.9919    1493.37    1492.94 0.0000e+00
       2894     68.000    10.6246    10.6262   3.889855   3.892191     2.2804      60.41     0.1839 3.8643e-01 1.2051e+02    120.542 280.602286    5.81907    35.1892    35.2113    26.9910    1493.39    1492.95 0.0000e+00
       2929     69.000    10.6241    10.6254   3.889849   3.892139     2.2822      59.25     0.2342 3.5924e-01 1.2051e+02    121.987 280.602303    5.81184    35.1892    35.2111    26.9911    1493.41    1492.95 0.0000e+00
       2955     70.000    10.6209    10.6219   3.889635   3.891905     2.2809      58.42     0.2403 3.3461e-01 1.2051e+02    123.067 280.602316    5.79985    35.1897    35.2116    26.9920    1493.41    1492.96 0.0000e+00
       2972     71.000    10.5701    10.5725   3.885443   3.887638     2.2799      57.58     0.2089 3.1459e-01 1.2051e+02    123.792 280.602324    5.80316    35.1959    35.2158    27.0059    1493.26    1492.96 0.0000e+00
       2988     72.000    10.4792    10.4802   3.878300   3.880419     2.2788      56.70     0.1746 2.9909e-01 1.2051e+02    124.440 280.602332    5.80911    35.2110    35.2315    27.0338    1492.97    1492.96 0.0000e+00
       3005     73.000    10.3974    10.3994   3.871675   3.873847     2.2773      55.72     0.1499 2.7962e-01 1.1939e+02    125.183 280.602340    5.80307    35.2226    35.2427    27.0572    1492.71    1492.96 0.0000e+00
       3027     74.000    10.3144    10.3107   3.864923   3.866594     2.2727      54.61     0.1192 2.6629e-01 1.1859e+02    126.103 280.602351    5.78565    35.2341    35.2547    27.0807    1492.45    1492.95 0.0000e+00
       3056     75.000    10.1739    10.1726   3.853482   3.855437     2.2647      53.47     0.0911 2.5138e-01 1.1857e+02    127.273 280.602364    5.74454    35.2536    35.2748    27.1205    1491.99    1492.94 0.0000e+00
       3085     76.000    10.0736    10.0704   3.844967   3.846675     2.2490      52.45     0.0826 2.3948e-01 1.1857e+02    128.489 280.602378    5.67877    35.2639    35.2845    27.1459    1491.66    1492.92 0.0000e+00
