_data/ctd/2018/sta0387_2018.cnv
* Sea-Bird SBE 9 Data File:
* FileName = C:\Seabird\CTDData\sta0387.hex
* Software Version Seasave V 7.21f
* Temperature SN = 4557
* Conductivity SN = 1337
* Number of Bytes Per Scan = 40
* Number of Voltage Words = 5
* Number of Scans Averaged by the Deck Unit = 1
* NMEA Latitude = 60 44.94 N
* NMEA Longitude = 003 57.27 E
* NMEA UTC (Time) = Oct 07 2018 03:50:29
* NMEA baud rate = 4800
** Ship: 10 F/F "G. O. Sars"
** Station: 0387
** Echodepth: 314
** Log: 4507.402
** Wind-Dir Force: 22 07
** Air-temp (dry): 7.8
** Weather Sky: 2 7
** Sea Ice: 3 0
# nquan = 20                                
# nvalues = 305                         
# units = specified
# name 0 = scan: Scan Count
# name 1 = prDM: Pressure, Digiquartz [db]
# name 2 = t068C: Temperature [ITS-68, deg C]
# name 3 = t168C: Temperature, 2 [ITS-68, deg C]
# name 4 = c0S/m: Conductivity [S/m]
# name 5 = c1S/m: Conductivity, 2 [S/m]
# name 6 = sbeox0V: Oxygen raw, SBE 43 [V]
# name 7 = altM: Altimeter [m]
# name 8 = flC: Fluorescence, Chelsea Aqua 3 Chl Con [ug/l]
# name 9 = par: PAR/Irradiance, Biospherical/Licor
# name 10 = spar: SPAR/Surface Irradiance
# name 11 = timeS: Time, Elapsed [seconds]
# name 12 = timeJ: Julian Days
# name 13 = sbeox0ML/L: Oxygen, SBE 43 [ml/l], WS = 2
# name 14 = sal00: Salinity, Practical [PSU]
# name 15 = sal11: Salinity, Practical, 2 [PSU]
# name 16 = sigma-t00: Density [sigma-t, Kg/m^3 ]
# name 17 = svCM: Sound Velocity [Chen-Millero, m/s]
# name 18 = avgsvCM: Average Sound Velocity [Chen-Millero, m/s], minP = 1, minS = 5
# name 19 = flag: flag
# span 0 =        444,       7415       
# span 1 =      3.000,    307.000       
# span 2 =     6.6579,    11.7578       
# span 3 =     6.6584,    11.7579       
# span 4 =   3.524189,   3.953245       
# span 5 =   3.526999,   3.956392       
# span 6 =     1.9861,     2.3272       
# span 7 =      12.94,      99.99       
# span 8 =     0.0091,     0.4699       
# span 9 = 5.1203e-02, 1.8438e+00       
# span 10 = 1.9438e+00, 1.9438e+00      
# span 11 =     18.472,    308.919      
# span 12 = 280.160295, 280.163656      
# span 13 =    5.29071,    5.85900      
# span 14 =    33.0680,    35.3190      
# span 15 =    33.0966,    35.3509      
# span 16 =    25.1595,    27.5866      
# span 17 =    1482.52,    1495.78      
# span 18 =    1489.48,    1494.44      
# span 19 = 0.0000e+00, 0.0000e+00      
# interval = decibars: 1                
# start_time = Oct 07 2018 03:50:31 [System UTC, header]
# bad_flag = -9.990e-29
*END*
        444      3.000    11.6198    11.6206   3.766743   3.770287     2.3272      98.79     0.4699 1.8438e+00 1.9438e+00     18.472 280.160295    5.85900    33.0712    33.1051    25.1624    1493.25    1493.25 0.0000e+00
        668      4.000    11.6212    11.6212   3.767464   3.770397     2.3270      98.74     0.4677 1.3314e+00 1.9438e+00     27.800 280.160403    5.85670    33.0766    33.1052    25.1663    1493.28    1493.26 0.0000e+00
        689      5.000    11.6206    11.6207   3.767848   3.770861     2.3265      98.69     0.4672 9.4995e-01 1.9438e+00     28.649 280.160413    5.85506    33.0804    33.1098    25.1694    1493.30    1493.26 0.0000e+00
        708      6.000    11.6209    11.6211   3.767909   3.770904     2.3260      98.66     0.4690 6.8972e-01 1.9438e+00     29.446 280.160422    5.85205    33.0803    33.1094    25.1693    1493.31    1493.27 0.0000e+00
        724      7.000    11.6216    11.6216   3.768064   3.770918     2.3253      98.64     0.4669 4.8862e-01 1.9438e+00     30.144 280.160430    5.84502    33.0808    33.1087    25.1695    1493.33    1493.28 0.0000e+00
        740      8.000    11.6223    11.6222   3.767454   3.770395     2.3236      98.63     0.4670 3.7488e-01 1.9438e+00     30.798 280.160437    5.83784    33.0738    33.1026    25.1639    1493.34    1493.29 0.0000e+00
        759      9.000    11.6216    11.6218   3.766837   3.769810     2.3222      98.62     0.4665 2.8502e-01 1.9438e+00     31.578 280.160447    5.83463    33.0680    33.0968    25.1595    1493.35    1493.30 0.0000e+00
        785     10.000    11.6220    11.6219   3.766965   3.769835     2.3203      49.78     0.4615 2.1045e-01 1.9438e+00     32.684 280.160459    5.83766    33.0684    33.0966    25.1598    1493.37    1493.30 0.0000e+00
        814     11.000    11.6234    11.6234   3.768430   3.771207     2.3206      99.99     0.4613 1.7729e-01 1.9438e+00     33.888 280.160473    5.85006    33.0811    33.1082    25.1694    1493.41    1493.31 0.0000e+00
        840     12.000    11.6341    11.6331   3.772795   3.775617     2.3223      98.64     0.4651 1.4980e-01 1.9438e+00     34.974 280.160486    5.85468    33.1138    33.1422    25.1928    1493.50    1493.33 0.0000e+00
        864     13.000    11.6418    11.6404   3.774448   3.777188     2.3226      98.65     0.4680 1.2406e-01 1.9438e+00     35.938 280.160497    5.84873    33.1226    33.1506    25.1983    1493.55    1493.35 0.0000e+00
        883     14.000    11.6537    11.6534   3.777164   3.780215     2.3229      98.67     0.4690 9.9485e-02 1.9438e+00     36.741 280.160506    5.85626    33.1381    33.1682    25.2081    1493.63    1493.37 0.0000e+00
        901     15.000    11.7502    11.7502   3.821870   3.825854     2.3247      98.69     0.4477 7.8376e-02 1.9438e+00     37.513 280.160515    5.83733    33.4876    33.5265    25.4618    1494.40    1493.43 0.0000e+00
        920     16.000    11.7578    11.7579   3.835915   3.838270     2.3251      98.70     0.3711 6.5551e-02 1.9438e+00     38.295 280.160524    5.83306    33.6175    33.6404    25.5613    1494.60    1493.51 0.0000e+00
        939     17.000    11.7534    11.7533   3.840367   3.843843     2.3268      98.73     0.3140 5.3434e-02 1.9438e+00     39.094 280.160533    5.82872    33.6645    33.6986    25.5987    1494.65    1493.57 0.0000e+00
        960     18.000    11.6801    11.6801   3.864711   3.868084     2.3242      98.73     0.2704 5.1312e-02 1.9438e+00     39.942 280.160543    5.76586    33.9691    34.0021    25.8490    1494.78    1493.64 0.0000e+00
        981     19.000    11.6370    11.6373   3.884081   3.887117     2.3117      98.74     0.2268 5.1273e-02 1.9438e+00     40.842 280.160554    5.67315    34.1983    34.2278    26.0351    1494.92    1493.71 0.0000e+00
       1005     20.000    11.6049    11.6048   3.899271   3.902408     2.2941      98.74     0.1909 5.1279e-02 1.9438e+00     41.816 280.160565    5.60908    34.3768    34.4077    26.1799    1495.04    1493.78 0.0000e+00
       1029     21.000    11.5712    11.5723   3.900671   3.903789     2.2786      98.74     0.1686 5.1273e-02 1.9438e+00     42.840 280.160577    5.59729    34.4214    34.4511    26.2209    1495.00    1493.83 0.0000e+00
       1052     22.000    11.4847    11.4817   3.896190   3.898643     2.2703      98.74     0.1548 5.1267e-02 1.9438e+00     43.803 280.160588    5.61415    34.4574    34.4844    26.2649    1494.76    1493.88 0.0000e+00
       1073     23.000    10.9613    10.9566   3.844092   3.845581     2.2664      98.73     0.1343 5.1273e-02 1.9438e+00     44.679 280.160598    5.68657    34.4296    34.4489    26.3387    1492.92    1493.83 0.0000e+00
       1094     24.000    10.8233    10.8269   3.830215   3.833633     2.2635      98.73     0.1030 5.1273e-02 1.9438e+00     45.523 280.160608    5.65035    34.4201    34.4509    26.3560    1492.44    1493.78 0.0000e+00
       1114     25.000    10.9349    10.9365   3.844390   3.847661     2.2481      98.73     0.0861 5.1273e-02 1.9438e+00     46.391 280.160618    5.51220    34.4565    34.4877    26.3644    1492.89    1493.74 0.0000e+00
       1137     26.000    11.0532    11.0510   3.859205   3.862095     2.2249      98.73     0.0809 5.1279e-02 1.9438e+00     47.337 280.160629    5.39043    34.4927    34.5236    26.3713    1493.37    1493.73 0.0000e+00
       1161     27.000    11.1270    11.1283   3.868696   3.871941     2.1987      31.23     0.0793 5.1299e-02 1.9438e+00     48.318 280.160640    5.31382    34.5175    34.5485    26.3772    1493.67    1493.72 0.0000e+00
       1182     28.000    11.3119    11.3159   3.892996   3.897720     2.1816      99.65     0.0822 5.1266e-02 1.9438e+00     49.219 280.160651    5.29772    34.5847    34.6278    26.3958    1494.41    1493.75 0.0000e+00
       1201     29.000    11.6251    11.6266   3.934382   3.938059     2.1739      98.73     0.0882 5.1273e-02 1.9438e+00     50.019 280.160660    5.29071    34.6994    34.7342    26.4270    1495.65    1493.81 0.0000e+00
       1219     30.000    11.6528    11.6517   3.938718   3.941852     2.1729      98.73     0.1013 5.1273e-02 1.9438e+00     50.765 280.160669    5.33392    34.7157    34.7475    26.4344    1495.78    1493.88 0.0000e+00
       1238     31.000    11.5912    11.5932   3.932247   3.935513     2.1778      98.73     0.1073 5.1273e-02 1.9438e+00     51.539 280.160678    5.40614    34.7093    34.7396    26.4410    1495.58    1493.93 0.0000e+00
       1260     32.000    11.2206    11.2154   3.894530   3.896661     2.1913      98.73     0.1057 5.1273e-02 1.9438e+00     52.462 280.160688    5.53897    34.6840    34.7101    26.4898    1494.28    1493.94 0.0000e+00
       1290     33.000    10.9139    10.9067   3.864909   3.866914     2.2092      71.39     0.0935 5.1285e-02 1.9438e+00     53.719 280.160703    5.57889    34.6779    34.7048    26.5407    1493.22    1493.92 0.0000e+00
       1325     34.000    10.7542    10.7532   3.852290   3.855514     2.2098      69.86     0.0821 5.1278e-02 1.9438e+00     55.150 280.160719    5.51183    34.7023    34.7357    26.5883    1492.70    1493.89 0.0000e+00
       1349     35.000    10.9429    10.9473   3.885120   3.889671     2.2003      40.37     0.0776 5.1288e-02 1.9438e+00     56.186 280.160731    5.42456    34.8517    34.8931    26.6709    1493.56    1493.88 0.0000e+00
       1367     36.000    11.1860    11.1892   3.920954   3.925096     2.1935      82.32     0.0875 5.1273e-02 1.9438e+00     56.931 280.160740    5.38478    34.9778    35.0160    26.7248    1494.58    1493.90 0.0000e+00
       1383     37.000    11.2742    11.2745   3.935822   3.939282     2.1890      98.48     0.1096 5.1264e-02 1.9438e+00     57.594 280.160748    5.38966    35.0413    35.0754    26.7581    1494.98    1493.93 0.0000e+00
       1401     38.000    11.2856    11.2855   3.938700   3.941949     2.1896      98.73     0.1335 5.1273e-02 1.9438e+00     58.319 280.160756    5.45199    35.0586    35.0910    26.7695    1495.06    1493.96 0.0000e+00
       1422     39.000    11.2800    11.2801   3.939008   3.942195     2.2013      98.73     0.1476 5.1273e-02 1.9438e+00     59.216 280.160766    5.54710    35.0666    35.0981    26.7767    1495.06    1493.98 0.0000e+00
       1451     40.000    11.2665    11.2663   3.937760   3.940912     2.2216      98.73     0.1521 5.1268e-02 1.9438e+00     60.400 280.160780    5.63172    35.0666    35.0981    26.7792    1495.03    1494.01 0.0000e+00
       1482     41.000    11.2722    11.2720   3.938857   3.942016     2.2430      98.73     0.1556 5.1273e-02 1.9438e+00     61.693 280.160795    5.68325    35.0716    35.1032    26.7820    1495.07    1494.04 0.0000e+00
       1505     42.000    11.2383    11.2379   3.935791   3.938868     2.2561      98.73     0.1531 5.1273e-02 1.9438e+00     62.664 280.160806    5.70372    35.0729    35.1039    26.7893    1494.97    1494.06 0.0000e+00
       1524     43.000    11.2504    11.2508   3.937675   3.940946     2.2624      98.73     0.1539 5.1273e-02 1.9438e+00     63.477 280.160816    5.68730    35.0797    35.1118    26.7923    1495.04    1494.08 0.0000e+00
       1543     44.000    11.2597    11.2596   3.939220   3.942390     2.2647      98.73     0.1530 5.1273e-02 1.9438e+00     64.268 280.160825    5.68356    35.0857    35.1174    26.7953    1495.10    1494.10 0.0000e+00
       1563     45.000    11.2773    11.2777   3.941672   3.944981     2.2681      98.73     0.1497 5.1259e-02 1.9438e+00     65.064 280.160834    5.70245    35.0929    35.1254    26.7977    1495.18    1494.13 0.0000e+00
       1582     46.000    11.2915    11.2915   3.943554   3.946736     2.2728      98.73     0.1396 5.1273e-02 1.9438e+00     65.878 280.160843    5.70801    35.0976    35.1292    26.7987    1495.25    1494.15 0.0000e+00
       1602     47.000    11.2972    11.2970   3.944440   3.947596     2.2746      98.73     0.1301 5.1259e-02 1.9438e+00     66.723 280.160853    5.70357    35.1005    35.1321    26.8000    1495.29    1494.18 0.0000e+00
       1624     48.000    11.3062    11.3065   3.945737   3.948985     2.2765      98.73     0.1213 5.1261e-02 1.9438e+00     67.629 280.160864    5.70019    35.1044    35.1364    26.8013    1495.35    1494.20 0.0000e+00
       1649     49.000    11.3310    11.3321   3.949163   3.952522     2.2763      98.73     0.1146 5.1268e-02 1.9438e+00     68.657 280.160876    5.68614    35.1144    35.1467    26.8045    1495.46    1494.23 0.0000e+00
       1676     50.000    11.3444    11.3443   3.950992   3.954195     2.2752      98.74     0.1142 5.1273e-02 1.9438e+00     69.774 280.160889    5.67754    35.1193    35.1512    26.8058    1495.53    1494.25 0.0000e+00
       1699     51.000    11.3582    11.3589   3.953011   3.956335     2.2735      98.74     0.1165 5.1266e-02 1.9438e+00     70.757 280.160900    5.66477    35.1257    35.1580    26.8083    1495.60    1494.28 0.0000e+00
       1719     52.000    11.3588    11.3586   3.953245   3.956392     2.2717      98.74     0.1162 5.1281e-02 1.9438e+00     71.584 280.160910    5.67584    35.1270    35.1585    26.8092    1495.62    1494.31 0.0000e+00
       1737     53.000    11.3521    11.3519   3.952594   3.955735     2.2737      98.74     0.1124 5.1273e-02 1.9438e+00     72.353 280.160918    5.69676    35.1265    35.1579    26.8100    1495.62    1494.33 0.0000e+00
       1757     54.000    11.3495    11.3493   3.952484   3.955657     2.2750      98.74     0.1120 5.1273e-02 1.9438e+00     73.151 280.160928    5.68902    35.1275    35.1591    26.8112    1495.62    1494.35 0.0000e+00
       1778     55.000    11.3416    11.3412   3.951758   3.954865     2.2742      98.74     0.1150 5.1248e-02 1.9438e+00     74.035 280.160938    5.68168    35.1273    35.1585    26.8126    1495.61    1494.38 0.0000e+00
       1801     56.000    11.3085    11.3079   3.948417   3.951449     2.2737      98.73     0.1110 5.1273e-02 1.9438e+00     75.019 280.160949    5.68402    35.1252    35.1559    26.8171    1495.51    1494.40 0.0000e+00
       1825     57.000    11.2796    11.2789   3.945356   3.948351     2.2724      98.73     0.1026 5.1273e-02 1.9438e+00     76.019 280.160961    5.68541    35.1219    35.1524    26.8198    1495.42    1494.42 0.0000e+00
       1847     58.000    11.2266    11.2255   3.940028   3.942955     2.2725      98.73     0.1012 5.1273e-02 1.9438e+00     76.918 280.160971    5.69106    35.1190    35.1492    26.8274    1495.25    1494.43 0.0000e+00
       1867     59.000    11.1410    11.1382   3.932242   3.934765     2.2704      98.73     0.1084 5.1252e-02 1.9438e+00     77.763 280.160981    5.67603    35.1228    35.1506    26.8460    1494.98    1494.44 0.0000e+00
       1887     60.000    10.9667    10.9657   3.917466   3.920103     2.2660      98.73     0.1070 5.1273e-02 1.9438e+00     78.600 280.160991    5.67370    35.1415    35.1688    26.8923    1494.41    1494.44 0.0000e+00
       1908     61.000    10.7983    10.7951   3.901833   3.904217     2.2610      98.73     0.1000 5.1273e-02 1.9438e+00     79.479 280.161001    5.67754    35.1458    35.1729    26.9261    1493.84    1494.43 0.0000e+00
       1931     62.000    10.6747    10.6721   3.890856   3.893307     2.2561      98.73     0.0896 5.1273e-02 1.9438e+00     80.402 280.161012    5.67552    35.1538    35.1810    26.9544    1493.43    1494.41 0.0000e+00
       1953     63.000    10.4824    10.4790   3.873662   3.875881     2.2496      98.74     0.0762 5.1260e-02 1.9438e+00     81.354 280.161023    5.66404    35.1651    35.1909    26.9974    1492.78    1494.39 0.0000e+00
       1976     64.000    10.2522    10.2465   3.852511   3.854577     2.2412      98.74     0.0619 5.1267e-02 1.9438e+00     82.290 280.161033    5.64991    35.1727    35.1993    27.0437    1491.99    1494.35 0.0000e+00
       1998     65.000    10.1313    10.1289   3.842131   3.844722     2.2308      98.74     0.0536 5.1273e-02 1.9438e+00     83.211 280.161044    5.62097    35.1838    35.2126    27.0734    1491.59    1494.31 0.0000e+00
       2020     66.000    10.0854    10.0838   3.838238   3.840885     2.2200      98.74     0.0494 5.1273e-02 1.9438e+00     84.130 280.161055    5.60178    35.1882    35.2168    27.0847    1491.44    1494.26 0.0000e+00
       2042     67.000    10.0468    10.0450   3.834837   3.837514     2.2126      98.74     0.0447 5.1273e-02 1.9438e+00     85.025 280.161065    5.59993    35.1905    35.2197    27.0932    1491.33    1494.22 0.0000e+00
       2062     68.000    10.0008     9.9958   3.830581   3.832786     2.2064      98.74     0.0448 5.1273e-02 1.9438e+00     85.865 280.161075    5.59292    35.1913    35.2188    27.1017    1491.18    1494.17 0.0000e+00
       2081     69.000     9.9077     9.9050   3.822062   3.824479     2.2016      98.73     0.0434 5.1273e-02 1.9438e+00     86.677 280.161084    5.59735    35.1942    35.2217    27.1199    1490.86    1494.13 0.0000e+00
       2101     70.000     9.8049     9.8040   3.812894   3.815599     2.1972      98.74     0.0421 5.1273e-02 1.9438e+00     87.518 280.161094    5.60420    35.1999    35.2287    27.1419    1490.52    1494.07 0.0000e+00
       2124     71.000     9.7698     9.7687   3.809858   3.812578     2.1937      98.74     0.0416 5.1267e-02 1.9438e+00     88.452 280.161105    5.60008    35.2025    35.2316    27.1499    1490.41    1494.02 0.0000e+00
       2149     72.000     9.7145     9.7132   3.804712   3.807459     2.1893      98.74     0.0421 5.1279e-02 1.9438e+00     89.521 280.161117    5.60200    35.2031    35.2327    27.1597    1490.23    1493.97 0.0000e+00
       2174     73.000     9.6598     9.6584   3.799388   3.802090     2.1872      98.74     0.0396 5.1273e-02 1.9438e+00     90.556 280.161129    5.61011    35.2013    35.2306    27.1675    1490.04    1493.92 0.0000e+00
       2196     74.000     9.6451     9.6449   3.799144   3.802222     2.1856      98.74     0.0367 5.1273e-02 1.9438e+00     91.447 280.161139    5.60686    35.2127    35.2447    27.1789    1490.02    1493.86 0.0000e+00
