_data/ctd/2018/sta0388_2018.cnv
* Sea-Bird SBE 9 Data File:
* FileName = C:\Seabird\CTDData\sta0388.hex
* Software Version Seasave V 7.21f
* Temperature SN = 4557
* Conductivity SN = 1337
* Number of Bytes Per Scan = 40
* Number of Voltage Words = 5
* Number of Scans Averaged by the Deck Unit = 1
* NMEA Latitude = 60 45.11 N
* NMEA Longitude = 003 47.02 E
* NMEA UTC (Time) = Oct 07 2018 04:54:19
* NMEA baud rate = 4800
** Ship: 10 F/F "G. O. Sars"
** Station: 0388
** Echodepth: 325
** Log: 4512.8
** Wind-Dir Force: 21 10
** Air-temp (dry): 8.2
** Weather Sky: 2 7
** Sea Ice: 3 0
# nquan = 20                                
# nvalues = 319                         
# units = specified
# name 0 = scan: Scan Count
# name 1 = prDM: Pressure, Digiquartz [db]
# name 2 = t068C: Temperature [ITS-68, deg C]
# name 3 = t168C: Temperature, 2 [ITS-68, deg C]
# name 4 = c0S/m: Conductivity [S/m]
# name 5 = c1S/m: Conductivity, 2 [S/m]
# name 6 = sbeox0V: Oxygen raw, SBE 43 [V]
# name 7 = altM: Altimeter [m]
# name 8 = flC: Fluorescence, Chelsea Aqua 3 Chl Con [ug/l]
# name 9 = par: PAR/Irradiance, Biospherical/Licor
# name 10 = spar: SPAR/Surface Irradiance
# name 11 = timeS: Time, Elapsed [seconds]
# name 12 = timeJ: Julian Days
# name 13 = sbeox0ML/L: Oxygen, SBE 43 [ml/l], WS = 2
# name 14 = sal00: Salinity, Practical [PSU]
# name 15 = sal11: Salinity, Practical, 2 [PSU]
# name 16 = sigma-t00: Density [sigma-t, Kg/m^3 ]
# name 17 = svCM: Sound Velocity [Chen-Millero, m/s]
# name 18 = avgsvCM: Average Sound Velocity [Chen-Millero, m/s], minP = 1, minS = 5
# name 19 = flag: flag
# span 0 =         53,       7482       
# span 1 =      3.000,    321.000       
# span 2 =     6.8685,    11.0633       
# span 3 =     6.8678,    11.0799       
# span 4 =   3.544695,   3.920074       
# span 5 =   3.547454,   3.923206       
# span 6 =     2.0268,     2.3381       
# span 7 =     -28.63,     100.31       
# span 8 =     0.0104,     0.8043       
# span 9 = 5.1248e-02, 1.3508e+00       
# span 10 = 1.9438e+00, 1.9438e+00      
# span 11 =      2.184,    311.717      
# span 12 = 280.204435, 280.208017      
# span 13 =    5.49352,    5.97484      
# span 14 =    33.4099,    35.2927      
# span 15 =    33.4106,    35.3244      
# span 16 =    25.5266,    27.5593      
# span 17 =    1483.51,    1494.51      
# span 18 =    1489.01,    1492.96      
# span 19 = 0.0000e+00, 0.0000e+00      
# interval = decibars: 1                
# start_time = Oct 07 2018 04:54:21 [System UTC, header]
# bad_flag = -9.990e-29
*END*
         53      3.000    11.0633    11.0799   3.750229   3.751817     2.3261     -28.63     0.6462 1.3508e+00 1.9438e+00      2.184 280.204435    5.90958    33.4099    33.4106    25.5266    1491.72    1491.72 0.0000e+00
        355      4.000    10.8849    10.8957   3.764961   3.767128     2.3301      65.48     0.7346 1.1111e+00 1.9438e+00     14.755 280.204581    5.94121    33.7193    33.7310    25.7992    1491.48    1491.66 0.0000e+00
        482      5.000    10.8266    10.8187   3.769898   3.773515     2.3324      99.83     0.8043 8.0118e-01 1.9438e+00     20.027 280.204642    5.95297    33.8219    33.8654    25.8895    1491.41    1491.61 0.0000e+00
        506      6.000    10.8773    10.8981   3.765460   3.766735     2.3322      98.65     0.7905 5.7055e-01 1.9438e+00     21.052 280.204653    5.95460    33.7304    33.7240    25.8092    1491.50    1491.59 0.0000e+00
        527      7.000    10.9095    10.9023   3.764095   3.767752     2.3327      98.64     0.7605 3.6895e-01 1.9438e+00     21.899 280.204663    5.95756    33.6867    33.7298    25.7695    1491.58    1491.59 0.0000e+00
        543      8.000    10.8472    10.8487   3.770640   3.773234     2.3338      98.63     0.7570 2.8306e-01 1.9438e+00     22.604 280.204671    5.97000    33.8090    33.8335    25.8758    1491.52    1491.58 0.0000e+00
        559      9.000    10.8410    10.8485   3.770864   3.773017     2.3349      98.63     0.7598 2.0195e-01 1.9438e+00     23.268 280.204679    5.97484    33.8165    33.8311    25.8827    1491.52    1491.57 0.0000e+00
        578     10.000    10.8499    10.8378   3.770101   3.775575     2.3358      98.64     0.7697 1.6977e-01 1.9438e+00     24.043 280.204688    5.97069    33.8002    33.8661    25.8685    1491.55    1491.57 0.0000e+00
        600     11.000    10.7653    10.7595   3.800271   3.805365     2.3356      98.65     0.7843 1.3173e-01 1.9438e+00     24.963 280.204699    5.95952    34.1802    34.2367    26.1795    1491.73    1491.59 0.0000e+00
        627     12.000    10.7627    10.7631   3.805935   3.809003     2.3348      98.66     0.7682 1.1073e-01 1.9438e+00     26.100 280.204712    5.96482    34.2390    34.2694    26.2258    1491.81    1491.60 0.0000e+00
        657     13.000    10.7872    10.7869   3.810494   3.813458     2.3369      98.68     0.7328 9.5705e-02 1.9438e+00     27.327 280.204726    5.97063    34.2613    34.2913    26.2388    1491.94    1491.63 0.0000e+00
        682     14.000    10.8034    10.8032   3.814083   3.817144     2.3369      98.69     0.7094 7.4989e-02 1.9438e+00     28.359 280.204738    5.96198    34.2816    34.3125    26.2517    1492.04    1491.66 0.0000e+00
        702     15.000    10.8470    10.8473   3.822447   3.825674     2.3370      98.70     0.6918 6.1583e-02 1.9438e+00     29.214 280.204748    5.95553    34.3241    34.3561    26.2770    1492.26    1491.70 0.0000e+00
        720     16.000    10.8653    10.8645   3.829458   3.832566     2.3369      98.71     0.6710 5.1259e-02 1.9438e+00     29.966 280.204756    5.95400    34.3766    34.4085    26.3147    1492.40    1491.74 0.0000e+00
        737     17.000    10.8233    10.8227   3.833202   3.836335     2.3375      98.71     0.6718 5.1273e-02 1.9438e+00     30.667 280.204765    5.96203    34.4531    34.4851    26.3818    1492.36    1491.78 0.0000e+00
        754     18.000    10.8207    10.8206   3.835367   3.838424     2.3381      98.71     0.6848 5.1273e-02 1.9438e+00     31.391 280.204773    5.94962    34.4768    34.5076    26.4007    1492.40    1491.81 0.0000e+00
        774     19.000    10.8215    10.8215   3.839766   3.842753     2.3350      98.71     0.6861 5.1280e-02 1.9438e+00     32.201 280.204782    5.91326    34.5197    34.5497    26.4340    1492.47    1491.85 0.0000e+00
        796     20.000    10.8178    10.8175   3.844978   3.848056     2.3295      98.71     0.6511 5.1267e-02 1.9438e+00     33.114 280.204793    5.90216    34.5750    34.6062    26.4778    1492.54    1491.88 0.0000e+00
        819     21.000    10.8179    10.8178   3.845463   3.848524     2.3281      98.71     0.6236 5.1279e-02 -9.990e-29     34.101 280.204804    5.92922    34.5793    34.6101    26.4811    1492.56    1491.92 0.0000e+00
        844     22.000    10.8187    10.8186   3.845794   3.848850     2.3301      98.71     0.6194 5.1279e-02 -9.990e-29     35.124 280.204816    5.94175    34.5814    34.6122    26.4826    1492.58    1491.95 0.0000e+00
        870     23.000    10.8212    10.8212   3.846948   3.850093     2.3306      98.71     0.6149 5.1279e-02 -9.990e-29     36.193 280.204829    5.93260    34.5902    34.6217    26.4890    1492.62    1491.98 0.0000e+00
        896     24.000    10.8261    10.8260   3.850295   3.853469     2.3298      98.72     0.6026 5.1267e-02 1.9438e+00     37.302 280.204841    5.92038    34.6187    34.6506    26.5103    1492.69    1492.00 0.0000e+00
        921     25.000    10.8169    10.8162   3.857675   3.860850     2.3279      98.72     0.5619 5.1260e-02 1.9438e+00     38.320 280.204853    5.91589    34.7010    34.7335    26.5760    1492.77    1492.04 0.0000e+00
        941     26.000    10.7847    10.7854   3.858206   3.861291     2.3276      98.71     0.5366 5.1258e-02 1.9438e+00     39.180 280.204863    5.91466    34.7364    34.7667    26.6094    1492.72    1492.06 0.0000e+00
        959     27.000    10.7415    10.7403   3.856980   3.859980     2.3257      98.71     0.5295 5.1264e-02 1.9438e+00     39.907 280.204872    5.89940    34.7647    34.7960    26.6392    1492.62    1492.08 0.0000e+00
        975     28.000    10.7334    10.7334   3.856611   3.859614     2.3223      98.72     0.5269 5.1264e-02 1.9438e+00     40.566 280.204879    5.88807    34.7683    34.7985    26.6434    1492.61    1492.10 0.0000e+00
        990     29.000    10.7027    10.7026   3.854331   3.857334     2.3203      98.72     0.5284 5.1273e-02 1.9438e+00     41.210 280.204887    5.89059    34.7741    34.8044    26.6534    1492.52    1492.12 0.0000e+00
       1007     30.000    10.6855    10.6857   3.852915   3.855947     2.3179      98.71     0.5142 5.1280e-02 1.9438e+00     41.921 280.204895    5.88012    34.7758    34.8061    26.6578    1492.48    1492.13 0.0000e+00
       1030     31.000    10.6717    10.6715   3.851902   3.854941     2.3133      98.72     0.5082 5.1268e-02 1.9438e+00     42.895 280.204906    5.87242    34.7783    34.8091    26.6622    1492.45    1492.14 0.0000e+00
       1064     32.000    10.7130    10.7118   3.858540   3.861625     2.3110      98.73     0.4994 5.1273e-02 1.9438e+00     44.301 280.204923    5.87742    34.8053    34.8375    26.6759    1492.65    1492.15 0.0000e+00
       1098     33.000    10.7504    10.7497   3.864903   3.868035     2.3115      98.73     0.4483 5.1273e-02 1.9438e+00     45.728 280.204939    5.89081    34.8332    34.8653    26.6910    1492.83    1492.17 0.0000e+00
       1122     34.000    10.8035    10.8026   3.873493   3.876617     2.3132      98.73     0.4206 5.1266e-02 1.9438e+00     46.703 280.204950    5.87163    34.8684    34.9006    26.7089    1493.08    1492.20 0.0000e+00
       1141     35.000    10.8167    10.8162   3.875990   3.879104     2.3109      98.73     0.3963 5.1273e-02 1.9438e+00     47.493 280.204959    5.85528    34.8804    34.9122    26.7159    1493.15    1492.23 0.0000e+00
       1159     36.000    10.8306    10.8305   3.878160   3.881346     2.3102      98.73     0.3825 5.1273e-02 1.9438e+00     48.248 280.204968    5.85865    34.8885    34.9206    26.7197    1493.23    1492.26 0.0000e+00
       1177     37.000    10.8450    10.8448   3.880413   3.883587     2.3097      98.73     0.3661 5.1273e-02 1.9438e+00     49.009 280.204977    5.84595    34.8969    34.9289    26.7237    1493.31    1492.28 0.0000e+00
       1196     38.000    10.8603    10.8600   3.882669   3.885811     2.3067      98.73     0.3501 5.1273e-02 1.9438e+00     49.800 280.204986    5.82424    34.9045    34.9363    26.7269    1493.38    1492.31 0.0000e+00
       1216     39.000    10.8700    10.8699   3.884124   3.887292     2.3036      98.26     0.3362 5.1273e-02 1.9438e+00     50.624 280.204996    5.81623    34.9094    34.9412    26.7289    1493.44    1492.34 0.0000e+00
       1237     40.000    10.8770    10.8769   3.885227   3.888365     2.3010      98.72     0.3284 5.1273e-02 1.9438e+00     51.484 280.205006    5.80938    34.9133    34.9449    26.7307    1493.49    1492.37 0.0000e+00
       1259     41.000    10.8865    10.8861   3.886564   3.889710     2.2980      98.73     0.3238 5.1273e-02 1.9438e+00     52.398 280.205016    5.80057    34.9172    34.9491    26.7320    1493.54    1492.40 0.0000e+00
       1282     42.000    10.8901    10.8898   3.887391   3.890524     2.2959      98.73     0.3178 5.1273e-02 1.9438e+00     53.389 280.205028    5.80058    34.9216    34.9533    26.7348    1493.58    1492.43 0.0000e+00
       1307     43.000    10.8886    10.8883   3.887601   3.890713     2.2940      98.73     0.3112 5.1273e-02 1.9438e+00     54.436 280.205040    5.79533    34.9247    34.9562    26.7375    1493.59    1492.45 0.0000e+00
       1333     44.000    10.8845    10.8842   3.887588   3.890726     2.2925      98.73     0.3099 5.1279e-02 1.9438e+00     55.486 280.205052    5.79512    34.9280    34.9597    26.7408    1493.60    1492.48 0.0000e+00
       1357     45.000    10.8847    10.8843   3.888245   3.891365     2.2908      98.73     0.3031 5.1273e-02 1.9438e+00     56.480 280.205063    5.78308    34.9339    34.9656    26.7454    1493.62    1492.51 0.0000e+00
       1378     46.000    10.8998    10.9000   3.891009   3.894279     2.2886      98.73     0.2953 5.1259e-02 1.9438e+00     57.361 280.205074    5.77285    34.9468    34.9794    26.7527    1493.71    1492.53 0.0000e+00
       1397     47.000    10.9130    10.9127   3.893350   3.896468     2.2865      98.73     0.2954 5.1273e-02 1.9438e+00     58.163 280.205083    5.76431    34.9572    34.9887    26.7584    1493.78    1492.56 0.0000e+00
       1416     48.000    10.9208    10.9205   3.894920   3.898058     2.2845      98.72     0.2749 5.1273e-02 1.9438e+00     58.945 280.205092    5.76060    34.9650    34.9967    26.7631    1493.84    1492.58 0.0000e+00
       1435     49.000    10.9352    10.9348   3.897259   3.900409     2.2833      98.68     0.2682 5.1273e-02 1.9438e+00     59.738 280.205101    5.76567    34.9743    35.0062    26.7677    1493.91    1492.61 0.0000e+00
       1455     50.000    10.9546    10.9544   3.900579   3.903786     2.2838      98.70     0.2605 5.1280e-02 1.9438e+00     60.585 280.205111    5.77551    34.9885    35.0208    26.7753    1494.01    1492.64 0.0000e+00
       1477     51.000    10.9678    10.9674   3.902790   3.905922     2.2852      98.70     0.2409 5.1260e-02 1.9438e+00     61.486 280.205121    5.77732    34.9976    35.0293    26.7800    1494.09    1492.67 0.0000e+00
       1499     52.000    10.9838    10.9832   3.905495   3.908620     2.2846      92.61     0.2250 5.1267e-02 1.9438e+00     62.417 280.205132    5.75478    35.0089    35.0408    26.7859    1494.17    1492.70 0.0000e+00
       1521     53.000    11.0043    11.0046   3.909154   3.912456     2.2823      96.98     0.2092 5.1273e-02 1.9438e+00     63.344 280.205143    5.75173    35.0255    35.0582    26.7951    1494.28    1492.73 0.0000e+00
       1543     54.000    11.0160    11.0160   3.913201   3.916501     2.2826      98.67     0.1905 5.1267e-02 1.9438e+00     64.254 280.205153    5.75227    35.0543    35.0873    26.8155    1494.38    1492.76 0.0000e+00
       1565     55.000    11.0259    11.0257   3.918692   3.921883     2.2808      98.71     0.1621 5.1273e-02 1.9438e+00     65.181 280.205164    5.72870    35.0993    35.1314    26.8487    1494.48    1492.79 0.0000e+00
       1588     56.000    11.0252    11.0249   3.920074   3.923206     2.2774      98.71     0.1315 5.1273e-02 1.9438e+00     66.127 280.205175    5.71348    35.1133    35.1449    26.8598    1494.51    1492.82 0.0000e+00
       1611     57.000    11.0040    11.0030   3.918590   3.921611     2.2735      98.71     0.1167 5.1273e-02 1.9438e+00     67.076 280.205186    5.69392    35.1183    35.1495    26.8675    1494.46    1492.85 0.0000e+00
       1634     58.000    10.9688    10.9685   3.915855   3.918945     2.2681      98.71     0.1072 5.1273e-02 1.9438e+00     68.032 280.205197    5.68138    35.1242    35.1555    26.8785    1494.36    1492.87 0.0000e+00
       1657     59.000    10.9305    10.9298   3.913540   3.916594     2.2635      98.69     0.0995 5.1279e-02 1.9438e+00     68.990 280.205208    5.67291    35.1373    35.1686    26.8956    1494.26    1492.90 0.0000e+00
       1679     60.000    10.9120    10.9115   3.912424   3.915610     2.2589      98.65     0.0961 5.1273e-02 1.9438e+00     69.908 280.205219    5.66354    35.1434    35.1758    26.9037    1494.22    1492.92 0.0000e+00
       1699     61.000    10.8883    10.8890   3.910777   3.913889     2.2556      98.57     0.0936 5.1273e-02 1.9438e+00     70.750 280.205229    5.65820    35.1492    35.1797    26.9125    1494.16    1492.94 0.0000e+00
       1718     62.000    10.7854    10.7850   3.901234   3.903950     2.2522      98.57     0.0917 5.1273e-02 1.9438e+00     71.522 280.205238    5.64947    35.1517    35.1794    26.9330    1493.82    1492.95 0.0000e+00
       1735     63.000    10.5909    10.5906   3.883454   3.886180     2.2470      98.65     0.0887 5.1273e-02 1.9438e+00     72.257 280.205246    5.63961    35.1594    35.1872    26.9737    1493.16    1492.96 0.0000e+00
       1753     64.000    10.3506    10.3500   3.860700   3.862880     2.2398      98.71     0.0816 5.1273e-02 1.9438e+00     73.003 280.205255    5.63424    35.1607    35.1834    27.0171    1492.32    1492.95 0.0000e+00
       1773     65.000    10.1422    10.1412   3.840991   3.843724     2.2310      98.72     0.0770 5.1273e-02 1.9438e+00     73.834 280.205264    5.62302    35.1616    35.1905    27.0541    1491.60    1492.93 0.0000e+00
       1798     66.000    10.0327    10.0320   3.832887   3.835719     2.2187      88.03     0.0706 5.1254e-02 1.9438e+00     74.874 280.205276    5.59735    35.1848    35.2144    27.0911    1491.25    1492.90 0.0000e+00
       1831     67.000     9.9606     9.9598   3.826591   3.829371     2.2064      98.53     0.0622 5.1273e-02 1.9438e+00     76.247 280.205292    5.60407    35.1900    35.2193    27.1076    1491.02    1492.87 0.0000e+00
       1865     68.000     9.8483     9.8472   3.815293   3.817913     2.2019      98.73     0.0568 5.1273e-02 1.9438e+00     77.674 280.205309    5.62600    35.1831    35.2112    27.1214    1490.62    1492.84 0.0000e+00
       1888     69.000     9.6686     9.6680   3.798564   3.801048     2.1984      98.73     0.0554 5.1257e-02 1.9438e+00     78.620 280.205320    5.62693    35.1860    35.2123    27.1540    1489.99    1492.80 0.0000e+00
       1905     70.000     9.5462     9.5456   3.788323   3.790998     2.1951      98.73     0.0467 5.1273e-02 1.9438e+00     79.347 280.205328    5.62780    35.1996    35.2279    27.1852    1489.58    1492.75 0.0000e+00
       1922     71.000     9.5216     9.5213   3.786059   3.788844     2.1915      98.73     0.0395 5.1273e-02 1.9438e+00     80.053 280.205336    5.61494    35.1999    35.2290    27.1895    1489.51    1492.71 0.0000e+00
       1941     72.000     9.5089     9.5085   3.784864   3.787691     2.1869      98.73     0.0372 5.1273e-02 1.9438e+00     80.823 280.205345    5.61243    35.1995    35.2292    27.1913    1489.48    1492.66 0.0000e+00
       1961     73.000     9.5020     9.5017   3.784299   3.787160     2.1851      98.73     0.0342 5.1259e-02 1.9438e+00     81.668 280.205355    5.61850    35.1999    35.2299    27.1928    1489.47    1492.62 0.0000e+00
       1983     74.000     9.4828     9.4820   3.782526   3.785342     2.1821      98.73     0.0297 5.1273e-02 1.9438e+00     82.579 280.205366    5.60507    35.1999    35.2299    27.1960    1489.42    1492.57 0.0000e+00
