_data/ctd/2018/sta0384_2018.cnv
* Sea-Bird SBE 9 Data File:
* FileName = C:\Seabird\CTDData\sta0384.hex
* Software Version Seasave V 7.21f
* Temperature SN = 4557
* Conductivity SN = 1337
* Number of Bytes Per Scan = 40
* Number of Voltage Words = 5
* Number of Scans Averaged by the Deck Unit = 1
* NMEA Latitude = 60 45.02 N
* NMEA Longitude = 004 27.00 E
* NMEA UTC (Time) = Oct 07 2018 00:41:30
* NMEA baud rate = 4800
** Ship: 10 F/F "G. O. Sars"
** Station: 0384
** Echodepth: 371
** Log: 4492.703
** Wind-Dir Force: 29 12
** Air-temp (dry): 8.2
** Weather Sky: 2 7
** Sea Ice: 3 0
# nquan = 20                                
# nvalues = 360                         
# units = specified
# name 0 = scan: Scan Count
# name 1 = prDM: Pressure, Digiquartz [db]
# name 2 = t068C: Temperature [ITS-68, deg C]
# name 3 = t168C: Temperature, 2 [ITS-68, deg C]
# name 4 = c0S/m: Conductivity [S/m]
# name 5 = c1S/m: Conductivity, 2 [S/m]
# name 6 = sbeox0V: Oxygen raw, SBE 43 [V]
# name 7 = altM: Altimeter [m]
# name 8 = flC: Fluorescence, Chelsea Aqua 3 Chl Con [ug/l]
# name 9 = par: PAR/Irradiance, Biospherical/Licor
# name 10 = spar: SPAR/Surface Irradiance
# name 11 = timeS: Time, Elapsed [seconds]
# name 12 = timeJ: Julian Days
# name 13 = sbeox0ML/L: Oxygen, SBE 43 [ml/l], WS = 2
# name 14 = sal00: Salinity, Practical [PSU]
# name 15 = sal11: Salinity, Practical, 2 [PSU]
# name 16 = sigma-t00: Density [sigma-t, Kg/m^3 ]
# name 17 = svCM: Sound Velocity [Chen-Millero, m/s]
# name 18 = avgsvCM: Average Sound Velocity [Chen-Millero, m/s], minP = 1, minS = 5
# name 19 = flag: flag
# span 0 =        349,       9069       
# span 1 =      4.000,    363.000       
# span 2 =     6.3990,    12.7281       
# span 3 =     6.3989,    12.7306       
# span 4 =   3.494829,   3.903593       
# span 5 =   3.497519,   3.906653       
# span 6 =     1.9922,     2.3161       
# span 7 =      14.41,      99.85       
# span 8 =     0.0172,     0.6149       
# span 9 = 5.1201e-02, 1.0238e+00       
# span 10 = 1.9438e+00, 1.9438e+00      
# span 11 =     14.493,    377.829      
# span 12 = 280.029010, 280.033216      
# span 13 =    5.32234,    5.88379      
# span 14 =    32.7826,    35.2258      
# span 15 =    32.8102,    35.2557      
# span 16 =    24.7324,    27.5750      
# span 17 =    1480.72,    1497.11      
# span 18 =    1485.92,    1496.82      
# span 19 = 0.0000e+00, 0.0000e+00      
# interval = decibars: 1                
# start_time = Oct 07 2018 00:41:32 [System UTC, header]
# bad_flag = -9.990e-29
*END*
[from data line 73]
       2100     77.000    10.3389    10.3391   3.842124   3.845003     2.2160      98.73     0.1092 5.1273e-02 1.9438e+00     87.470 280.029855    5.63142    34.9773    35.0063    26.8761    1492.27    1495.13 0.0000e+00
       2121     78.000    10.3363    10.3291   3.842403   3.844411     2.2145      98.73     0.1080 5.1266e-02 1.9438e+00     88.314 280.029865    5.62391    34.9822    35.0095    26.8803    1492.29    1495.10 0.0000e+00
       2140     79.000    10.1704    10.1819   3.825425   3.829301     2.2124      98.73     0.1063 5.1273e-02 1.9438e+00     89.120 280.029874    5.63669    34.9690    34.9974    26.8989    1491.70    1495.05 0.0000e+00
       2160     80.000     9.7735     9.7817   3.786270   3.789817     2.2101      75.45     0.0977 5.1266e-02 1.9438e+00     89.939 280.029884    5.67292    34.9518    34.9803    26.9533    1490.27    1494.99 0.0000e+00
       2181     81.000     9.5564     9.5613   3.764585   3.767757     2.2053      96.57     0.0856 5.1273e-02 1.9438e+00     90.836 280.029894    5.64961    34.9388    34.9668    26.9795    1489.48    1494.92 0.0000e+00
       2205     82.000     9.3591     9.3670   3.745349   3.748800     2.1938      98.75     0.0790 5.1267e-02 1.9438e+00     91.839 280.029906    5.61031    34.9313    34.9595    27.0063    1488.77    1494.85 0.0000e+00
       2231     83.000     9.2196     9.2232   3.731555   3.734565     2.1806      75.74     0.0733 5.1250e-02 1.9438e+00     92.896 280.029918    5.60007    34.9236    34.9515    27.0232    1488.27    1494.77 0.0000e+00
       2253     84.000     8.9558     8.9644   3.703785   3.707348     2.1741      98.17     0.0684 5.1273e-02 1.9438e+00     93.851 280.029929    5.64009    34.8913    34.9203    27.0405    1487.28    1494.68 0.0000e+00
       2273     85.000     8.8259     8.8326   3.689976   3.693149     2.1680      98.75     0.0658 5.1273e-02 1.9438e+00     94.672 280.029938    5.61660    34.8734    34.9002    27.0472    1486.79    1494.59 0.0000e+00
       2292     86.000     8.6852     8.6859   3.674918   3.677612     2.1595      98.75     0.0584 5.1281e-02 1.9438e+00     95.449 280.029947    5.59227    34.8526    34.8804    27.0531    1486.26    1494.49 0.0000e+00
       2310     87.000     8.5805     8.6009   3.663907   3.668468     2.1507      90.71     0.0529 5.1258e-02 1.9438e+00     96.214 280.029956    5.56303    34.8389    34.8671    27.0588    1485.87    1494.39 0.0000e+00
       2330     88.000     8.4879     8.4919   3.654083   3.656991     2.1391      85.89     0.0483 5.1260e-02 1.9438e+00     97.056 280.029966    5.52424    34.8257    34.8526    27.0628    1485.53    1494.29 0.0000e+00
       2353     89.000     8.4639     8.4653   3.651669   3.654390     2.1247      98.31     0.0433 5.1273e-02 1.9438e+00     98.009 280.029977    5.46369    34.8233    34.8508    27.0647    1485.45    1494.19 0.0000e+00
       2383     90.000     8.4068     8.4073   3.645678   3.648273     2.1060      80.48     0.0424 5.1265e-02 1.9438e+00     99.240 280.029991    5.42952    34.8156    34.8427    27.0675    1485.25    1494.09 0.0000e+00
       2420     91.000     8.3595     8.3575   3.640828   3.643324     2.0878      99.85     0.0401 5.1273e-02 1.9438e+00    100.812 280.030009    5.39324    34.8103    34.8388    27.0706    1485.08    1493.99 0.0000e+00
       2446     92.000     8.3356     8.3348   3.638908   3.641527     2.0771      76.55     0.0372 5.1244e-02 1.9438e+00    101.864 280.030022    5.37169    34.8130    34.8417    27.0764    1485.01    1493.89 0.0000e+00
       2464     93.000     8.3191     8.3198   3.638246   3.640991     2.0711      91.09     0.0374 5.1265e-02 1.9438e+00    102.628 280.030030    5.36489    34.8218    34.8504    27.0858    1484.97    1493.79 0.0000e+00
       2483     94.000     8.3211     8.3194   3.639464   3.642018     2.0652      98.66     0.0376 5.1273e-02 1.9438e+00    103.407 280.030039    5.34158    34.8323    34.8612    27.0938    1485.01    1493.70 0.0000e+00
       2503     95.000     8.2734     8.2732   3.635087   3.637809     2.0581      98.75     0.0350 5.1273e-02 1.9438e+00    104.251 280.030049    5.32234    34.8324    34.8617    27.1012    1484.85    1493.61 0.0000e+00
       2526     96.000     8.2643     8.2650   3.634952   3.637742     2.0509      68.96     0.0367 5.1261e-02 1.9438e+00    105.210 280.030060    5.32732    34.8395    34.8686    27.1081    1484.84    1493.52 0.0000e+00
       2551     97.000     8.2319     8.2338   3.633201   3.636137     2.0482      98.52     0.0387 5.1273e-02 1.9438e+00    106.263 280.030072    5.33857    34.8525    34.8820    27.1232    1484.75    1493.42 0.0000e+00
       2577     98.000     8.1862     8.1869   3.629163   3.631965     2.0452      96.33     0.0370 5.1273e-02 1.9438e+00    107.338 280.030085    5.33492    34.8542    34.8835    27.1316    1484.60    1493.33 0.0000e+00
       2600     99.000     8.0693     8.0721   3.620046   3.623042     2.0429      67.07     0.0357 5.1273e-02 1.9438e+00    108.275 280.030096    5.35324    34.8723    34.9017    27.1635    1484.20    1493.24 0.0000e+00
       2621    100.000     8.1210     8.1188   3.627790   3.630228     2.0422      98.81     0.0356 5.1273e-02 1.9438e+00    109.168 280.030106    5.34698    34.9034    34.9317    27.1800    1484.45    1493.15 0.0000e+00
       2643    101.000     8.3511     8.3469   3.658453   3.660811     2.0416      98.74     0.0355 5.1266e-02 1.9438e+00    110.064 280.030117    5.32923    35.0015    35.0308    27.2219    1485.45    1493.08 0.0000e+00
       2664    102.000     8.5979     8.5985   3.688478   3.691506     2.0440      98.74     0.0351 5.1273e-02 1.9438e+00    110.946 280.030127    5.33286    35.0747    35.1062    27.2410    1486.47    1493.01 0.0000e+00
       2684    103.000     8.6563     8.6559   3.695347   3.698321     2.0493      98.74     0.0321 5.1266e-02 1.9438e+00    111.775 280.030136    5.37868    35.0890    35.1209    27.2430    1486.73    1492.95 0.0000e+00
       2703    104.000     8.7675     8.7685   3.709867   3.713063     2.0584      98.73     0.0285 5.1265e-02 1.9438e+00    112.584 280.030146    5.41529    35.1316    35.1643    27.2588    1487.21    1492.89 0.0000e+00
       2723    105.000     8.8013     8.8032   3.713962   3.717210     2.0681      98.69     0.0263 5.1273e-02 1.9438e+00    113.416 280.030155    5.44917    35.1408    35.1732    27.2607    1487.36    1492.84 0.0000e+00
       2744    106.000     8.8033     8.8055   3.714284   3.717584     2.0790      98.73     0.0278 5.1273e-02 1.9438e+00    114.304 280.030166    5.48557    35.1417    35.1743    27.2611    1487.38    1492.79 0.0000e+00
       2768    107.000     8.8157     8.8177   3.716022   3.719235     2.0900      98.69     0.0273 5.1273e-02 1.9438e+00    115.302 280.030177    5.50410    35.1473    35.1792    27.2635    1487.45    1492.74 0.0000e+00
       2794    108.000     8.8192     8.8194   3.716566   3.719541     2.0982      98.65     0.0259 5.1267e-02 1.9438e+00    116.388 280.030190    5.50672    35.1491    35.1802    27.2643    1487.48    1492.69 0.0000e+00
       2817    109.000     8.8178     8.8204   3.716295   3.719606     2.1034      98.65     0.0261 5.1273e-02 1.9438e+00    117.348 280.030201    5.51017    35.1471    35.1794    27.2630    1487.49    1492.64 0.0000e+00
       2837    110.000     8.8212     8.8201   3.716759   3.719565     2.1063      98.66     0.0234 5.1273e-02 1.9438e+00    118.186 280.030210    5.50824    35.1482    35.1788    27.2633    1487.52    1492.60 0.0000e+00
       2856    111.000     8.8257     8.8255   3.717339   3.720281     2.1080      98.65     0.0256 5.1265e-02 1.9438e+00    118.962 280.030219    5.50746    35.1493    35.1805    27.2635    1487.56    1492.55 0.0000e+00
       2875    112.000     8.8279     8.8288   3.717630   3.720697     2.1092      69.35     0.0264 5.1259e-02 1.9438e+00    119.755 280.030229    5.50531    35.1497    35.1812    27.2634    1487.58    1492.51 0.0000e+00
       2896    113.000     8.8334     8.8355   3.718343   3.721581     2.1100      83.16     0.0263 5.1266e-02 1.9438e+00    120.620 280.030239    5.50319    35.1513    35.1834    27.2638    1487.62    1492.46 0.0000e+00
       2918    114.000     8.8359     8.8375   3.718715   3.721860     2.1100      98.68     0.0257 5.1273e-02 1.9438e+00    121.560 280.030250    5.49845    35.1523    35.1838    27.2642    1487.65    1492.42 0.0000e+00
       2942    115.000     8.8388     8.8375   3.719081   3.721864     2.1098      98.52     0.0264 5.1273e-02 1.9438e+00    122.523 280.030261    5.49634    35.1528    35.1834    27.2641    1487.68    1492.38 0.0000e+00
       2963    116.000     8.8407     8.8406   3.719409   3.722298     2.1093      98.44     0.0266 5.1273e-02 1.9438e+00    123.430 280.030271    5.49259    35.1539    35.1844    27.2646    1487.70    1492.34 0.0000e+00
       2984    117.000     8.8475     8.8445   3.720299   3.722897     2.1088      98.24     0.0255 5.1280e-02 1.9438e+00    124.276 280.030281    5.49910    35.1560    35.1864    27.2652    1487.75    1492.30 0.0000e+00
       3003    118.000     8.8556     8.8559   3.721339   3.724291     2.1101      98.59     0.0247 5.1273e-02 1.9438e+00    125.099 280.030290    5.51570    35.1585    35.1893    27.2659    1487.80    1492.26 0.0000e+00
       3024    119.000     8.8584     8.8589   3.721856   3.724803     2.1120      96.91     0.0272 5.1266e-02 1.9438e+00    125.944 280.030300    5.52332    35.1607    35.1912    27.2671    1487.82    1492.22 0.0000e+00
       3045    120.000     8.8570     8.8589   3.721717   3.724860     2.1137      98.55     0.0251 5.1273e-02 1.9438e+00    126.849 280.030311    5.52339    35.1601    35.1913    27.2669    1487.84    1492.19 0.0000e+00
       3068    121.000     8.8487     8.8477   3.720814   3.723652     2.1142      97.44     0.0233 5.1267e-02 1.9438e+00    127.809 280.030322    5.51836    35.1584    35.1892    27.2669    1487.82    1492.15 0.0000e+00
       3092    122.000     8.8349     8.8412   3.719481   3.723120     2.1144      98.59     0.0257 5.1273e-02 1.9438e+00    128.789 280.030333    5.52417    35.1575    35.1896    27.2684    1487.78    1492.12 0.0000e+00
       3113    123.000     8.8468     8.8455   3.720996   3.723726     2.1148      98.54     0.0254 5.1273e-02 1.9438e+00    129.669 280.030343    5.51746    35.1612    35.1912    27.2694    1487.85    1492.08 0.0000e+00
       3133    124.000     8.8538     8.8505   3.721890   3.724428     2.1138      98.50     0.0250 5.1273e-02 1.9438e+00    130.500 280.030353    5.51049    35.1632    35.1932    27.2698    1487.89    1492.05 0.0000e+00
       3153    125.000     8.8957     8.8982   3.727229   3.730556     2.1136      98.23     0.0270 5.1273e-02 1.9438e+00    131.325 280.030363    5.50551    35.1774    35.2099    27.2743    1488.08    1492.01 0.0000e+00
       3172    126.000     8.9689     8.9673   3.736730   3.739461     2.1126      46.39     0.0253 5.1273e-02 1.9438e+00    132.143 280.030372    5.50293    35.2042    35.2345    27.2835    1488.40    1491.99 0.0000e+00
       3192    127.000     8.9966     8.9959   3.740086   3.742936     2.1146      97.01     0.0242 5.1273e-02 1.9438e+00    132.964 280.030381    5.51666    35.2116    35.2422    27.2848    1488.53    1491.96 0.0000e+00
       3213    128.000     9.0048     9.0067   3.741257   3.744445     2.1161      97.90     0.0203 5.1273e-02 1.9438e+00    133.817 280.030391    5.52297    35.2153    35.2468    27.2864    1488.58    1491.93 0.0000e+00
       3235    129.000     9.0183     9.0186   3.743173   3.746135     2.1181      98.30     0.0172 5.1273e-02 1.9438e+00    134.742 280.030402    5.52287    35.2215    35.2523    27.2891    1488.65    1491.91 0.0000e+00
       3261    130.000     9.0170     9.0176   3.743237   3.746194     2.1189      98.73     0.0203 5.1273e-02 1.9438e+00    135.821 280.030415    5.52088    35.2230    35.2534    27.2905    1488.67    1491.88 0.0000e+00
       3290    131.000     8.9999     9.0004   3.741566   3.744533     2.1196      98.73     0.0200 5.1268e-02 1.9438e+00    137.049 280.030429    5.51773    35.2219    35.2526    27.2924    1488.62    1491.86 0.0000e+00
       3316    132.000     8.9672     8.9671   3.738894   3.741736     2.1180      98.73     0.0207 5.1260e-02 1.9438e+00    138.128 280.030441    5.50825    35.2258    35.2557    27.3007    1488.52    1491.83 0.0000e+00
       3335    133.000     8.8977     8.8999   3.731947   3.734923     2.1173      98.73     0.0230 5.1265e-02 1.9438e+00    138.937 280.030451    5.51934    35.2212    35.2503    27.3083    1488.27    1491.80 0.0000e+00
       3354    134.000     8.7890     8.7904   3.721331   3.724220     2.1164      98.73     0.0213 5.1273e-02 1.9438e+00    139.701 280.030460    5.52721    35.2168    35.2459    27.3222    1487.88    1491.78 0.0000e+00
       3373    135.000     8.7684     8.7664   3.719243   3.721825     2.1149      98.73     0.0224 5.1273e-02 1.9438e+00    140.484 280.030469    5.51461    35.2148    35.2440    27.3239    1487.82    1491.75 0.0000e+00
       3392    136.000     8.6971     8.6953   3.711842   3.714438     2.1119      98.73     0.0215 5.1273e-02 1.9438e+00    141.294 280.030478    5.51399    35.2070    35.2363    27.3291    1487.57    1491.72 0.0000e+00
       3413    137.000     8.5651     8.5734   3.697052   3.700894     2.1101      98.73     0.0233 5.1273e-02 1.9438e+00    142.146 280.030488    5.53571    35.1814    35.2138    27.3298    1487.06    1491.68 0.0000e+00
       3434    138.000     8.4388     8.4208   3.683412   3.684164     2.1085      98.73     0.0199 5.1273e-02 1.9438e+00    143.061 280.030498    5.54102    35.1619    35.1879    27.3343    1486.58    1491.64 0.0000e+00
       3458    139.000     8.1384     8.1194   3.650056   3.651028     2.1051      48.84     0.0199 5.1273e-02 1.9438e+00    144.049 280.030510    5.56848    35.1056    35.1350    27.3362    1485.40    1491.60 0.0000e+00
       3482    140.000     7.8969     7.9008   3.625231   3.628325     2.1023      98.69     0.0240 5.1279e-02 1.9438e+00    145.041 280.030521    5.58155    35.0804    35.1098    27.3528    1484.48    1491.55 0.0000e+00
       3504    141.000     7.8539     7.8530   3.621430   3.623910     2.0970      98.73     0.0273 5.1273e-02 1.9438e+00    145.950 280.030532    5.56822    35.0821    35.1098    27.3606    1484.34    1491.50 0.0000e+00
       3524    142.000     7.8612     7.8624   3.622391   3.625171     2.0945      98.73     0.0267 5.1273e-02 1.9438e+00    146.775 280.030541    5.58084    35.0847    35.1135    27.3615    1484.38    1491.45 0.0000e+00
       3543    143.000     7.8763     7.8760   3.624229   3.626859     2.0939      98.73     0.0295 5.1273e-02 1.9438e+00    147.592 280.030551    5.59180    35.0888    35.1175    27.3625    1484.46    1491.40 0.0000e+00
       3563    144.000     7.8826     7.8841   3.625058   3.627944     2.0941      98.74     0.0287 5.1266e-02 1.9438e+00    148.417 280.030560    5.60032    35.0910    35.1206    27.3632    1484.50    1491.35 0.0000e+00
       3584    145.000     7.8940     7.8936   3.626522   3.629162     2.0950      98.74     0.0280 5.1280e-02 1.9438e+00    149.278 280.030570    5.60131    35.0948    35.1236    27.3646    1484.57    1491.30 0.0000e+00
       3605    146.000     7.8935     7.8947   3.626625   3.629424     2.0950      98.73     0.0246 5.1273e-02 1.9438e+00    150.162 280.030581    5.59839    35.0959    35.1249    27.3655    1484.58    1491.26 0.0000e+00
       3625    147.000     7.8986     7.8991   3.627415   3.630190     2.0953      98.74     0.0255 5.1273e-02 -9.990e-29    151.020 280.030590    5.59492    35.0988    35.1282    27.3670    1484.62    1491.21 0.0000e+00
