_data/ctd/2018/sta0395_2018.cnv
* Sea-Bird SBE 9 Data File:
* FileName = C:\Seabird\CTDData\sta0395.hex
* Software Version Seasave V 7.21f
* Temperature SN = 4557
* Conductivity SN = 1337
* Number of Bytes Per Scan = 40
* Number of Voltage Words = 5
* Number of Scans Averaged by the Deck Unit = 1
* NMEA Latitude = 60 45.04 N
* NMEA Longitude = 001 25.95 E
* NMEA UTC (Time) = Oct 08 2018 16:21:36
* NMEA baud rate = 4800
** Ship: 10 F/F "G. O. Sars"
** Station: 0395
** Echodepth: 147
** Log: 4666.59
** Wind-Dir Force: 16 20
** Air-temp (dry): 10.1
** Weather Sky: 2 4
** Sea Ice: 3 0
# nquan = 20                                
# nvalues = 134                         
# units = specified
# name 0 = scan: Scan Count
# name 1 = prDM: Pressure, Digiquartz [db]
# name 2 = t068C: Temperature [ITS-68, deg C]
# name 3 = t168C: Temperature, 2 [ITS-68, deg C]
# name 4 = c0S/m: Conductivity [S/m]
# name 5 = c1S/m: Conductivity, 2 [S/m]
# name 6 = sbeox0V: Oxygen raw, SBE 43 [V]
# name 7 = altM: Altimeter [m]
# name 8 = flC: Fluorescence, Chelsea Aqua 3 Chl Con [ug/l]
# name 9 = par: PAR/Irradiance, Biospherical/Licor
# name 10 = spar: SPAR/Surface Irradiance
# name 11 = timeS: Time, Elapsed [seconds]
# name 12 = timeJ: Julian Days
# name 13 = sbeox0ML/L: Oxygen, SBE 43 [ml/l], WS = 2
# name 14 = sal00: Salinity, Practical [PSU]
# name 15 = sal11: Salinity, Practical, 2 [PSU]
# name 16 = sigma-t00: Density [sigma-t, Kg/m^3 ]
# name 17 = svCM: Sound Velocity [Chen-Millero, m/s]
# name 18 = avgsvCM: Average Sound Velocity [Chen-Millero, m/s], minP = 1, minS = 5
# name 19 = flag: flag
# span 0 =         45,       4191       
# span 1 =      7.000,    140.000       
# span 2 =     7.0285,    10.7344       
# span 3 =     7.0277,    10.7323       
# span 4 =   3.550797,   3.899720       
# span 5 =   3.552612,   3.901725       
# span 6 =     1.8897,     2.2870       
# span 7 =      -2.49,     100.05       
# span 8 =     0.0309,     0.2623       
# span 9 = 5.1219e-02, 8.0158e+00       
# span 10 = 3.9671e+01, 4.3151e+01      
# span 11 =      1.853,    174.604      
# span 12 = 281.681711, 281.683710      
# span 13 =    4.95640,    5.77902      
# span 14 =    35.1567,    35.2459      
# span 15 =    35.1773,    35.2621      
# span 16 =    26.9727,    27.5406      
# span 17 =    1480.98,    1493.83      
# span 18 =    1489.42,    1493.29      
# span 19 = 0.0000e+00, 0.0000e+00      
# interval = decibars: 1                
# start_time = Oct 08 2018 16:21:38 [System UTC, header]
# bad_flag = -9.990e-29
*END*
         45      7.000    10.7344    10.7323   3.897749   3.899577     2.2855      -2.49     0.1852 8.0158e+00 3.9671e+01      1.853 281.681711    5.76778    35.1909    35.2113    26.9727    1492.78    1492.78 0.0000e+00
        115      8.000    10.7342    10.7317   3.897769   3.899568     2.2857      14.03     0.1773 7.0184e+00 4.1831e+01      4.739 281.681745    5.76711    35.1908    35.2114    26.9727    1492.79    1492.78 0.0000e+00
        524      9.000    10.7278    10.7276   3.897203   3.899191     2.2870      88.18     0.1739 6.4235e+00 4.1940e+01     21.795 281.681942    5.76331    35.1908    35.2111    26.9738    1492.79    1492.78 0.0000e+00
        558     10.000    10.7265    10.7265   3.897144   3.899140     2.2859      98.95     0.1710 5.8464e+00 4.2766e+01     23.196 281.681958    5.76357    35.1910    35.2111    26.9742    1492.80    1492.78 0.0000e+00
        580     11.000    10.7262    10.7260   3.897160   3.899157     2.2855      75.49     0.1677 5.3130e+00 4.2763e+01     24.121 281.681969    5.76813    35.1910    35.2113    26.9743    1492.82    1492.79 0.0000e+00
        601     12.000    10.7252    10.7248   3.897123   3.899098     2.2864      86.29     0.1696 5.0349e+00 4.2763e+01     24.995 281.681979    5.77902    35.1912    35.2114    26.9745    1492.83    1492.79 0.0000e+00
        622     13.000    10.7259    10.7266   3.897226   3.899307     2.2870      99.10     0.1719 4.6207e+00 4.2763e+01     25.868 281.681989    5.77565    35.1911    35.2114    26.9743    1492.85    1492.79 0.0000e+00
        640     14.000    10.7267    10.7271   3.897354   3.899397     2.2870      98.90     0.1693 4.1256e+00 4.2763e+01     26.619 281.681998    5.77409    35.1911    35.2113    26.9742    1492.87    1492.80 0.0000e+00
        656     15.000    10.7272    10.7271   3.897432   3.899446     2.2870      98.88     0.1709 3.8072e+00 4.2763e+01     27.297 281.682006    5.76706    35.1910    35.2114    26.9740    1492.88    1492.80 0.0000e+00
        672     16.000    10.7282    10.7283   3.897582   3.899603     2.2857      98.87     0.1732 3.5789e+00 4.2763e+01     27.955 281.682013    5.74882    35.1911    35.2113    26.9739    1492.90    1492.81 0.0000e+00
        687     17.000    10.7285    10.7287   3.897655   3.899685     2.2821      33.28     0.1762 3.3578e+00 4.2763e+01     28.595 281.682021    5.73621    35.1910    35.2113    26.9739    1492.92    1492.82 0.0000e+00
        704     18.000    10.7285    10.7284   3.897705   3.899696     2.2808      89.36     0.1731 3.1308e+00 4.2763e+01     29.280 281.682029    5.74093    35.1911    35.2113    26.9739    1492.94    1492.82 0.0000e+00
        732     19.000    10.7285    10.7281   3.897719   3.899694     2.2783      95.66     0.1694 2.8824e+00 4.2763e+01     30.447 281.682042    5.73758    35.1908    35.2111    26.9737    1492.95    1492.83 0.0000e+00
        785     20.000    10.7280    10.7278   3.897740   3.899734     2.2793      71.46     0.1714 2.6711e+00 4.2138e+01     32.673 281.682068    5.77440    35.1910    35.2113    26.9739    1492.97    1492.84 0.0000e+00
        814     21.000    10.7290    10.7289   3.897898   3.899891     2.2828      99.57     0.1777 2.5873e+00 4.2779e+01     33.876 281.682082    5.76112    35.1912    35.2114    26.9739    1492.99    1492.85 0.0000e+00
        831     22.000    10.7278    10.7284   3.897843   3.899893     2.2805      32.18     0.1760 2.4004e+00 4.2763e+01     34.582 281.682090    5.75209    35.1913    35.2114    26.9742    1493.00    1492.85 0.0000e+00
        846     23.000    10.7263    10.7262   3.897741   3.899734     2.2811      87.44     0.1771 2.2071e+00 4.2763e+01     35.202 281.682097    5.76560    35.1913    35.2115    26.9744    1493.01    1492.86 0.0000e+00
        862     24.000    10.7262    10.7262   3.897782   3.899776     2.2816      98.35     0.1852 2.0756e+00 4.2763e+01     35.869 281.682105    5.76674    35.1913    35.2114    26.9745    1493.03    1492.87 0.0000e+00
        887     25.000    10.7276    10.7273   3.897927   3.899914     2.2814      83.66     0.2623 1.9887e+00 4.2763e+01     36.898 281.682117    5.76336    35.1910    35.2113    26.9740    1493.05    1492.87 0.0000e+00
        919     26.000    10.7291    10.7286   3.898098   3.900072     2.2809      75.28     0.2048 1.8087e+00 4.2763e+01     38.260 281.682133    5.75799    35.1908    35.2112    26.9736    1493.07    1492.88 0.0000e+00
        952     27.000    10.7290    10.7288   3.898144   3.900132     2.2798      98.82     0.1867 1.7333e+00 4.2763e+01     39.606 281.682148    5.75542    35.1909    35.2111    26.9737    1493.09    1492.89 0.0000e+00
        981     28.000    10.7292    10.7292   3.898231   3.900227     2.2792      44.94     0.2314 1.6925e+00 4.2763e+01     40.814 281.682162    5.76353    35.1911    35.2112    26.9738    1493.11    1492.90 0.0000e+00
       1003     29.000    10.7300    10.7298   3.898346   3.900328     2.2804      99.93     0.2196 1.5977e+00 4.2763e+01     41.750 281.682173    5.76445    35.1911    35.2112    26.9736    1493.13    1492.90 0.0000e+00
       1021     30.000    10.7302    10.7301   3.898406   3.900408     2.2797      98.78     0.2038 1.4950e+00 4.2763e+01     42.491 281.682182    5.76165    35.1910    35.2113    26.9735    1493.14    1492.91 0.0000e+00
       1036     31.000    10.7304    10.7303   3.898472   3.900466     2.2805      73.66     0.1867 1.4040e+00 4.2763e+01     43.143 281.682189    5.75999    35.1910    35.2112    26.9735    1493.16    1492.92 0.0000e+00
       1052     32.000    10.7304    10.7305   3.898513   3.900527     2.2788      32.85     0.1837 1.3124e+00 4.2763e+01     43.795 281.682197    5.74413    35.1910    35.2112    26.9735    1493.18    1492.93 0.0000e+00
       1071     33.000    10.7306    10.7306   3.898579   3.900577     2.2766      97.83     0.1770 1.2302e+00 4.2763e+01     44.593 281.682206    5.73462    35.1910    35.2111    26.9735    1493.19    1492.94 0.0000e+00
       1095     34.000    10.7307    10.7307   3.898628   3.900619     2.2747      98.74     0.1712 1.1643e+00 4.2763e+01     45.582 281.682217    5.74822    35.1909    35.2110    26.9734    1493.21    1492.94 0.0000e+00
       1118     35.000    10.7309    10.7309   3.898709   3.900696     2.2758      35.49     0.1741 1.1085e+00 4.2763e+01     46.547 281.682229    5.76281    35.1911    35.2111    26.9735    1493.23    1492.95 0.0000e+00
       1138     36.000    10.7310    10.7310   3.898770   3.900753     2.2774      97.22     0.1704 1.0669e+00 4.2763e+01     47.363 281.682238    5.75717    35.1912    35.2111    26.9735    1493.24    1492.96 0.0000e+00
       1155     37.000    10.7310    10.7310   3.898815   3.900801     2.2756      98.71     0.1646 1.0117e+00 4.2763e+01     48.101 281.682246    5.73766    35.1912    35.2112    26.9735    1493.26    1492.97 0.0000e+00
       1175     38.000    10.7310    10.7310   3.898852   3.900848     2.2736      92.58     0.1679 9.5661e-01 4.2763e+01     48.904 281.682256    5.73564    35.1911    35.2112    26.9734    1493.28    1492.98 0.0000e+00
       1200     39.000    10.7312    10.7312   3.898889   3.900887     2.2730      55.80     0.1725 8.9669e-01 4.2763e+01     49.954 281.682268    5.74830    35.1908    35.2109    26.9732    1493.29    1492.99 0.0000e+00
       1234     40.000    10.7314    10.7313   3.898951   3.900938     2.2736      99.75     0.1697 8.5057e-01 4.2763e+01     51.366 281.682284    5.74714    35.1908    35.2109    26.9731    1493.31    1492.99 0.0000e+00
       1264     41.000    10.7309    10.7308   3.898970   3.900941     2.2722      34.32     0.1685 8.1137e-01 4.1584e+01     52.612 281.682299    5.73925    35.1910    35.2109    26.9734    1493.33    1493.00 0.0000e+00
       1285     42.000    10.7272    10.7275   3.898643   3.900673     2.2724     100.05     0.1710 7.7542e-01 4.2785e+01     53.497 281.682309    5.75159    35.1908    35.2110    26.9739    1493.33    1493.01 0.0000e+00
       1304     43.000    10.7283    10.7281   3.898806   3.900801     2.2731      98.69     0.1651 7.2912e-01 4.2763e+01     54.307 281.682318    5.75545    35.1909    35.2112    26.9738    1493.35    1493.02 0.0000e+00
       1324     44.000    10.7299    10.7294   3.898917   3.900951     2.2736      98.68     0.1616 6.8311e-01 4.2763e+01     55.128 281.682328    5.75325    35.1901    35.2110    26.9728    1493.37    1493.03 0.0000e+00
       1345     45.000    10.7299    10.7303   3.899062   3.901087     2.2732      98.68     0.1623 6.3434e-01 4.2763e+01     55.986 281.682338    5.74629    35.1911    35.2111    26.9736    1493.39    1493.03 0.0000e+00
       1365     46.000    10.7313    10.7311   3.899234   3.901219     2.2724      98.67     0.1612 5.9908e-01 4.2763e+01     56.822 281.682348    5.74845    35.1910    35.2112    26.9733    1493.41    1493.04 0.0000e+00
       1384     47.000    10.7297    10.7302   3.899143   3.901177     2.2729      98.65     0.1634 5.6398e-01 4.2763e+01     57.606 281.682357    5.74984    35.1912    35.2112    26.9737    1493.42    1493.05 0.0000e+00
       1402     48.000    10.7288    10.7290   3.899085   3.901099     2.2719      43.87     0.1625 5.2477e-01 4.2763e+01     58.367 281.682365    5.74756    35.1910    35.2111    26.9738    1493.43    1493.06 0.0000e+00
       1420     49.000    10.7291    10.7291   3.899160   3.901157     2.2726      69.05     0.1645 4.9610e-01 4.2763e+01     59.143 281.682374    5.75444    35.1910    35.2111    26.9737    1493.45    1493.07 0.0000e+00
       1441     50.000    10.7293    10.7293   3.899221   3.901225     2.2720      98.12     0.1623 4.6854e-01 4.2748e+01     60.005 281.682384    5.74481    35.1909    35.2111    26.9736    1493.47    1493.07 0.0000e+00
       1463     51.000    10.7296    10.7296   3.899297   3.901287     2.2711      98.53     0.1610 4.4651e-01 4.0502e+01     60.929 281.682395    5.74239    35.1910    35.2110    26.9736    1493.49    1493.08 0.0000e+00
       1485     52.000    10.7299    10.7299   3.899380   3.901305     2.2698      98.57     0.1566 4.2796e-01 4.2419e+01     61.849 281.682406    5.73475    35.1911    35.2104    26.9736    1493.50    1493.09 0.0000e+00
       1506     53.000    10.7300    10.7299   3.899423   3.901408     2.2686      97.87     0.1552 4.1028e-01 4.2122e+01     62.705 281.682416    5.73264    35.1909    35.2110    26.9735    1493.52    1493.10 0.0000e+00
       1527     54.000    10.7301    10.7299   3.899483   3.901460     2.2672      95.92     0.1623 3.9038e-01 4.2751e+01     63.566 281.682426    5.73305    35.1910    35.2111    26.9735    1493.54    1493.11 0.0000e+00
       1552     55.000    10.7303    10.7302   3.899534   3.901525     2.2675      94.89     0.1599 3.6913e-01 4.2763e+01     64.627 281.682438    5.74194    35.1909    35.2110    26.9734    1493.55    1493.11 0.0000e+00
       1596     56.000    10.7304    10.7302   3.899579   3.901559     2.2679      94.91     0.1519 3.4395e-01 4.2763e+01     66.465 281.682459    5.74440    35.1908    35.2109    26.9733    1493.57    1493.12 0.0000e+00
       1655     57.000    10.7302    10.7301   3.899626   3.901605     2.2697      91.78     0.1566 3.2239e-01 4.2763e+01     68.927 281.682488    5.75819    35.1910    35.2110    26.9735    1493.59    1493.13 0.0000e+00
       1677     58.000    10.7306    10.7307   3.899720   3.901725     2.2711      93.91     0.1600 3.0051e-01 4.2763e+01     69.852 281.682498    5.75219    35.1911    35.2112    26.9735    1493.61    1493.14 0.0000e+00
       1695     59.000    10.7297    10.7299   3.899681   3.901675     2.2696      65.51     0.1623 2.7855e-01 4.2763e+01     70.568 281.682507    5.74511    35.1911    35.2110    26.9737    1493.62    1493.15 0.0000e+00
       1710     60.000    10.7289    10.7286   3.899644   3.901599     2.2700      89.55     0.1619 2.6498e-01 4.2763e+01     71.213 281.682514    5.75170    35.1910    35.2110    26.9738    1493.63    1493.15 0.0000e+00
       1727     61.000    10.7287    10.7289   3.899653   3.901663     2.2698      88.76     0.1593 2.5264e-01 4.2763e+01     71.905 281.682522    5.74735    35.1909    35.2109    26.9737    1493.65    1493.16 0.0000e+00
       1746     62.000    10.7252    10.7252   3.899365   3.901342     2.2688      87.72     0.1541 2.3766e-01 4.2763e+01     72.702 281.682531    5.74520    35.1909    35.2108    26.9743    1493.65    1493.17 0.0000e+00
       1769     63.000    10.7242    10.7244   3.899325   3.901314     2.2682      86.94     0.1491 2.2562e-01 4.2763e+01     73.646 281.682542    5.73991    35.1910    35.2108    26.9746    1493.66    1493.18 0.0000e+00
       1793     64.000    10.7180    10.7176   3.898778   3.900725     2.2662      90.77     0.1480 2.1785e-01 4.2763e+01     74.687 281.682554    5.72899    35.1910    35.2110    26.9757    1493.66    1493.19 0.0000e+00
       1818     65.000    10.7138    10.7110   3.898452   3.900149     2.2641      86.71     0.1457 2.0492e-01 4.2763e+01     75.691 281.682566    5.72997    35.1913    35.2111    26.9767    1493.66    1493.19 0.0000e+00
       1842     66.000    10.7077    10.7074   3.897941   3.899889     2.2636      83.36     0.1393 1.9469e-01 4.2763e+01     76.703 281.682578    5.73042    35.1916    35.2115    26.9780    1493.66    1493.20 0.0000e+00
       1868     67.000    10.7054    10.7054   3.897766   3.899758     2.2616      82.35     0.1343 1.8645e-01 4.2763e+01     77.790 281.682590    5.72233    35.1916    35.2116    26.9784    1493.67    1493.21 0.0000e+00
       1894     68.000    10.7098    10.7084   3.898235   3.900092     2.2602      81.31     0.1328 1.7871e-01 4.2763e+01     78.881 281.682603    5.71859    35.1916    35.2116    26.9776    1493.70    1493.21 0.0000e+00
       1917     69.000    10.7124    10.7123   3.898508   3.900490     2.2590      80.34     0.1361 1.6814e-01 4.2763e+01     79.826 281.682614    5.71751    35.1914    35.2114    26.9770    1493.72    1493.22 0.0000e+00
       1937     70.000    10.7121    10.7120   3.898553   3.900523     2.2581      79.43     0.1339 1.5884e-01 4.2763e+01     80.673 281.682623    5.70756    35.1917    35.2116    26.9773    1493.74    1493.23 0.0000e+00
       1958     71.000    10.7122    10.7121   3.898606   3.900585     2.2554      78.51     0.1351 1.4735e-01 4.2388e+01     81.538 281.682634    5.69274    35.1916    35.2117    26.9772    1493.76    1493.24 0.0000e+00
       1980     72.000    10.7113    10.7112   3.898580   3.900558     2.2526      77.75     0.1442 1.3990e-01 4.1881e+01     82.446 281.682644    5.69094    35.1918    35.2118    26.9775    1493.77    1493.24 0.0000e+00
       2001     73.000    10.7077    10.7081   3.898307   3.900316     2.2517      76.71     0.1447 1.3301e-01 4.2775e+01     83.346 281.682654    5.70575    35.1920    35.2119    26.9784    1493.77    1493.25 0.0000e+00
       2021     74.000    10.7072    10.7072   3.898311   3.900282     2.2527      76.11     0.1396 1.2800e-01 4.2763e+01     84.160 281.682664    5.70995    35.1921    35.2120    26.9785    1493.79    1493.26 0.0000e+00
       2039     75.000    10.7069    10.7067   3.898330   3.900289     2.2521      75.00     0.1377 1.2260e-01 4.2763e+01     84.904 281.682673    5.70066    35.1921    35.2121    26.9786    1493.80    1493.27 0.0000e+00
       2056     76.000    10.7063    10.7064   3.898313   3.900297     2.2513      74.14     0.1363 1.1823e-01 4.2763e+01     85.627 281.682681    5.70028    35.1921    35.2120    26.9786    1493.82    1493.27 0.0000e+00
       2075     77.000    10.7037    10.7037   3.898122   3.900090     2.2511      72.95     0.1338 1.1277e-01 4.2763e+01     86.399 281.682690    5.70613    35.1922    35.2120    26.9792    1493.83    1493.28 0.0000e+00
       2097     78.000    10.6821    10.6816   3.896237   3.898149     2.2511      71.66     0.1307 1.0612e-01 4.2763e+01     87.318 281.682700    5.70299    35.1936    35.2133    26.9841    1493.77    1493.29 0.0000e+00
