_data/ctd/2018/sta0388_2018.cnv
* Sea-Bird SBE 9 Data File:
* FileName = C:\Seabird\CTDData\sta0388.hex
* Software Version Seasave V 7.21f
* Temperature SN = 4557
* Conductivity SN = 1337
* Number of Bytes Per Scan = 40
* Number of Voltage Words = 5
* Number of Scans Averaged by the Deck Unit = 1
* NMEA Latitude = 60 45.11 N
* NMEA Longitude = 003 47.02 E
* NMEA UTC (Time) = Oct 07 2018 04:54:19
* NMEA baud rate = 4800
** Ship: 10 F/F "G. O. Sars"
** Station: 0388
** Echodepth: 325
** Log: 4512.8
** Wind-Dir Force: 21 10
** Air-temp (dry): 8.2
** Weather Sky: 2 7
** Sea Ice: 3 0
# nquan = 20                                
# nvalues = 319                         
# units = specified
# name 0 = scan: Scan Count
# name 1 = prDM: Pressure, Digiquartz [db]
# name 2 = t068C: Temperature [ITS-68, deg C]
# name 3 = t168C: Temperature, 2 [ITS-68, deg C]
# name 4 = c0S/m: Conductivity [S/m]
# name 5 = c1S/m: Conductivity, 2 [S/m]
# name 6 = sbeox0V: Oxygen raw, SBE 43 [V]
# name 7 = altM: Altimeter [m]
# name 8 = flC: Fluorescence, Chelsea Aqua 3 Chl Con [ug/l]
# name 9 = par: PAR/Irradiance, Biospherical/Licor
# name 10 = spar: SPAR/Surface Irradiance
# name 11 = timeS: Time, Elapsed [seconds]
# name 12 = timeJ: Julian Days
# name 13 = sbeox0ML/L: Oxygen, SBE 43 [ml/l], WS = 2
# name 14 = sal00: Salinity, Practical [PSU]
# name 15 = sal11: Salinity, Practical, 2 [PSU]
# name 16 = sigma-t00: Density [sigma-t, Kg/m^3 ]
# name 17 = svCM: Sound Velocity [Chen-Millero, m/s]
# name 18 = avgsvCM: Average Sound Velocity [Chen-Millero, m/s], minP = 1, minS = 5
# name 19 = flag: flag
# span 0 =         53,       7482       
# span 1 =      3.000,    321.000       
# span 2 =     6.8685,    11.0633       
# span 3 =     6.8678,    11.0799       
# span 4 =   3.544695,   3.920074       
# span 5 =   3.547454,   3.923206       
# span 6 =     2.0268,     2.3381       
# span 7 =     -28.63,     100.31       
# span 8 =     0.0104,     0.8043       
# span 9 = 5.1248e-02, 1.3508e+00       
# span 10 = 1.9438e+00, 1.9438e+00      
# span 11 =      2.184,    311.717      
# span 12 = 280.204435, 280.208017      
# span 13 =    5.49352,    5.97484      
# span 14 =    33.4099,    35.2927      
# span 15 =    33.4106,    35.3244      
# span 16 =    25.5266,    27.5593      
# span 17 =    1483.51,    1494.51      
# span 18 =    1489.01,    1492.96      
# span 19 = 0.0000e+00, 0.0000e+00      
# interval = decibars: 1                
# start_time = Oct 07 2018 04:54:21 [System UTC, header]
# bad_flag = -9.990e-29
*END*
[from data line 145]
       3602    148.000     9.1013     9.1012   3.757003   3.760014     2.1357      98.73     0.0160 5.1273e-02 1.9438e+00    150.056 280.206146    5.58330    35.2752    35.3068    27.3177    1489.34    1490.97 0.0000e+00
       3621    149.000     9.0842     9.0840   3.755336   3.758287     2.1367      98.73     0.0177 5.1273e-02 1.9438e+00    150.846 280.206156    5.58545    35.2742    35.3053    27.3197    1489.29    1490.96 0.0000e+00
       3637    150.000     9.0750     9.0747   3.754459   3.757420     2.1368      98.73     0.0153 5.1273e-02 1.9438e+00    151.481 280.206163    5.58278    35.2737    35.3050    27.3208    1489.27    1490.95 0.0000e+00
       3651    151.000     9.0703     9.0699   3.753990   3.756967     2.1368      98.73     0.0123 5.1256e-02 1.9438e+00    152.089 280.206170    5.57911    35.2729    35.3045    27.3210    1489.27    1490.94 0.0000e+00
       3669    152.000     9.0663     9.0660   3.753618   3.756603     2.1361      98.73     0.0128 5.1273e-02 1.9438e+00    152.821 280.206179    5.57042    35.2725    35.3041    27.3213    1489.27    1490.92 0.0000e+00
       3691    153.000     9.0625     9.0623   3.753258   3.756241     2.1345      98.73     0.0140 5.1273e-02 1.9438e+00    153.766 280.206189    5.57348    35.2720    35.3035    27.3215    1489.27    1490.91 0.0000e+00
       3719    154.000     9.0580     9.0578   3.752862   3.755841     2.1354      92.28     0.0150 5.1273e-02 1.9438e+00    154.908 280.206203    5.59130    35.2719    35.3033    27.3221    1489.27    1490.90 0.0000e+00
       3744    155.000     9.0540     9.0537   3.752514   3.755495     2.1367      50.32     0.0150 5.1279e-02 1.9438e+00    155.941 280.206215    5.60161    35.2717    35.3032    27.3226    1489.27    1490.89 0.0000e+00
       3766    156.000     9.0520     9.0515   3.752353   3.755322     2.1385      99.24     0.0160 5.1273e-02 1.9438e+00    156.864 280.206225    5.60589    35.2715    35.3031    27.3228    1489.28    1490.88 0.0000e+00
       3788    157.000     9.0480     9.0476   3.751996   3.754968     2.1392      98.73     0.0143 5.1273e-02 1.9438e+00    157.803 280.206236    5.59668    35.2713    35.3028    27.3233    1489.28    1490.87 0.0000e+00
       3811    158.000     9.0432     9.0427   3.751552   3.754509     2.1382      32.65     0.0139 5.1299e-02 1.9438e+00    158.765 280.206247    5.59741    35.2709    35.3024    27.3238    1489.28    1490.86 0.0000e+00
       3834    159.000     9.0393     9.0391   3.751205   3.754195     2.1392     100.31     0.0153 5.1272e-02 1.9438e+00    159.689 280.206258    5.60503    35.2706    35.3022    27.3242    1489.28    1490.85 0.0000e+00
       3853    160.000     9.0373     9.0370   3.751041   3.754022     2.1391      98.73     0.0181 5.1273e-02 1.9438e+00    160.502 280.206267    5.59464    35.2704    35.3020    27.3244    1489.29    1490.84 0.0000e+00
       3871    161.000     9.0342     9.0340   3.750776   3.753757     2.1377      63.98     0.0192 5.1282e-02 1.9438e+00    161.254 280.206276    5.59185    35.2702    35.3017    27.3247    1489.30    1490.83 0.0000e+00
       3889    162.000     9.0327     9.0324   3.750663   3.753636     2.1380      46.68     0.0209 5.1297e-02 1.9438e+00    161.985 280.206285    5.60841    35.2701    35.3015    27.3248    1489.31    1490.82 0.0000e+00
       3907    163.000     9.0306     9.0304   3.750487   3.753463     2.1392      98.52     0.0202 5.1266e-02 1.9438e+00    162.747 280.206293    5.61109    35.2698    35.3012    27.3250    1489.32    1490.81 0.0000e+00
       3927    164.000     9.0253     9.0254   3.749951   3.752958     2.1392      98.73     0.0179 5.1273e-02 1.9438e+00    163.595 280.206303    5.60393    35.2690    35.3004    27.3252    1489.31    1490.80 0.0000e+00
       3950    165.000     9.0131     9.0134   3.748711   3.751744     2.1383      35.11     0.0171 5.1327e-02 1.9438e+00    164.555 280.206314    5.60498    35.2676    35.2991    27.3261    1489.28    1490.80 0.0000e+00
       3974    166.000     9.0072     9.0073   3.748118   3.751119     2.1393      99.31     0.0177 5.1279e-02 1.9438e+00    165.552 280.206326    5.60940    35.2668    35.2981    27.3263    1489.28    1490.79 0.0000e+00
       3997    167.000     9.0002     8.9999   3.747406   3.750366     2.1375      98.73     0.0172 5.1273e-02 1.9438e+00    166.500 280.206337    5.59420    35.2657    35.2971    27.3267    1489.27    1490.78 0.0000e+00
       4019    168.000     8.9942     8.9946   3.746803   3.749841     2.1369      98.73     0.0177 5.1273e-02 1.9438e+00    167.424 280.206347    5.60923    35.2649    35.2964    27.3270    1489.26    1490.77 0.0000e+00
       4042    169.000     8.9889     8.9885   3.746261   3.749211     2.1381      98.73     0.0193 5.1273e-02 1.9438e+00    168.390 280.206359    5.61740    35.2640    35.2953    27.3271    1489.26    1490.76 0.0000e+00
       4067    170.000     8.9700     8.9696   3.744268   3.747211     2.1383      98.73     0.0193 5.1273e-02 1.9438e+00    169.396 280.206370    5.61491    35.2613    35.2926    27.3281    1489.20    1490.75 0.0000e+00
       4089    171.000     8.9458     8.9447   3.741750   3.744617     2.1380      98.73     0.0177 5.1273e-02 1.9438e+00    170.337 280.206381    5.61767    35.2584    35.2896    27.3297    1489.12    1490.74 0.0000e+00
       4109    172.000     8.9333     8.9333   3.740515   3.743467     2.1381      98.73     0.0162 5.1273e-02 1.9438e+00    171.165 280.206391    5.62270    35.2574    35.2884    27.3309    1489.09    1490.73 0.0000e+00
       4127    173.000     8.9323     8.9318   3.740705   3.743678     2.1383      98.73     0.0138 5.1273e-02 1.9438e+00    171.900 280.206399    5.62237    35.2599    35.2916    27.3330    1489.11    1490.72 0.0000e+00
       4143    174.000     8.9285     8.9281   3.740407   3.743344     2.1380      98.73     0.0140 5.1264e-02 1.9438e+00    172.586 280.206407    5.61796    35.2600    35.2913    27.3338    1489.11    1490.71 0.0000e+00
       4159    175.000     8.9253     8.9238   3.740123   3.742948     2.1375      98.73     0.0181 5.1273e-02 1.9438e+00    173.256 280.206415    5.61562    35.2597    35.2909    27.3340    1489.12    1490.70 0.0000e+00
       4176    176.000     8.9205     8.9205   3.739656   3.742635     2.1369      98.73     0.0195 5.1273e-02 1.9438e+00    173.963 280.206423    5.61883    35.2591    35.2904    27.3343    1489.11    1490.69 0.0000e+00
       4197    177.000     8.9135     8.9135   3.738994   3.741986     2.1370      98.73     0.0191 5.1279e-02 1.9438e+00    174.820 280.206433    5.62683    35.2586    35.2901    27.3351    1489.10    1490.69 0.0000e+00
       4261    178.000     8.9228     8.9229   3.739957   3.742971     2.1395      98.72     0.0168 5.1262e-02 1.9438e+00    177.489 280.206464    5.63856    35.2590    35.2906    27.3339    1489.15    1490.68 0.0000e+00
       4318    179.000     8.9212     8.9178   3.739832   3.742451     2.1418      98.73     0.0173 5.1273e-02 1.9438e+00    179.854 280.206491    5.64209    35.2588    35.2897    27.3340    1489.16    1490.67 0.0000e+00
       4333    180.000     8.9030     8.9027   3.738123   3.741091     2.1416      98.73     0.0184 5.1273e-02 1.9438e+00    180.514 280.206499    5.63466    35.2585    35.2900    27.3366    1489.11    1490.66 0.0000e+00
       4348    181.000     8.8995     8.8992   3.737816   3.740767     2.1405      98.73     0.0179 5.1273e-02 1.9438e+00    181.121 280.206506    5.62750    35.2582    35.2896    27.3370    1489.12    1490.65 0.0000e+00
       4365    182.000     8.8939     8.8931   3.737293   3.740194     2.1393      98.73     0.0155 5.1281e-02 1.9438e+00    181.823 280.206514    5.63052    35.2578    35.2891    27.3376    1489.11    1490.64 0.0000e+00
       4386    183.000     8.8869     8.8867   3.736617   3.739581     2.1392      98.73     0.0147 5.1273e-02 1.9438e+00    182.708 280.206524    5.63944    35.2572    35.2885    27.3382    1489.10    1490.63 0.0000e+00
       4410    184.000     8.8828     8.8824   3.736256   3.739214     2.1393      98.73     0.0152 5.1273e-02 1.9438e+00    183.705 280.206536    5.64092    35.2570    35.2885    27.3387    1489.10    1490.63 0.0000e+00
       4436    185.000     8.8753     8.8750   3.735538   3.738491     2.1393      98.73     0.0153 5.1273e-02 1.9438e+00    184.794 280.206549    5.64083    35.2564    35.2878    27.3394    1489.09    1490.62 0.0000e+00
       4461    186.000     8.8689     8.8686   3.734936   3.737892     2.1386      98.73     0.0156 5.1273e-02 1.9438e+00    185.845 280.206561    5.63114    35.2559    35.2873    27.3401    1489.08    1490.61 0.0000e+00
       4485    187.000     8.8636     8.8635   3.734457   3.737421     2.1368      98.73     0.0180 5.1273e-02 1.9438e+00    186.841 280.206572    5.62249    35.2557    35.2870    27.3408    1489.08    1490.60 0.0000e+00
       4508    188.000     8.8590     8.8587   3.734067   3.737004     2.1356      98.73     0.0194 5.1273e-02 1.9438e+00    187.795 280.206583    5.63041    35.2557    35.2869    27.3415    1489.08    1490.59 0.0000e+00
       4529    189.000     8.8531     8.8520   3.733510   3.736364     2.1356      98.73     0.0161 5.1273e-02 1.9438e+00    188.684 280.206594    5.63379    35.2552    35.2863    27.3420    1489.07    1490.58 0.0000e+00
       4549    190.000     8.8461     8.8453   3.732816   3.735708     2.1352      98.73     0.0147 5.1273e-02 1.9438e+00    189.485 280.206603    5.62922    35.2543    35.2856    27.3425    1489.06    1490.58 0.0000e+00
       4567    191.000     8.8400     8.8395   3.732230   3.735149     2.1344      98.73     0.0145 5.1273e-02 1.9438e+00    190.266 280.206612    5.62907    35.2538    35.2850    27.3430    1489.06    1490.57 0.0000e+00
       4586    192.000     8.8324     8.8324   3.731443   3.734406     2.1341      98.72     0.0146 5.1273e-02 1.9438e+00    191.048 280.206621    5.62977    35.2525    35.2837    27.3433    1489.04    1490.56 0.0000e+00
       4605    193.000     8.8175     8.8170   3.729910   3.732837     2.1334      98.70     0.0174 5.1273e-02 1.9438e+00    191.852 280.206630    5.62787    35.2507    35.2820    27.3442    1489.00    1490.55 0.0000e+00
       4626    194.000     8.8099     8.8095   3.729154   3.732088     2.1323      98.66     0.0148 5.1273e-02 1.9438e+00    192.712 280.206640    5.62685    35.2498    35.2811    27.3448    1488.99    1490.54 0.0000e+00
       4648    195.000     8.7891     8.7889   3.727057   3.729994     2.1321      98.67     0.0104 5.1260e-02 1.9438e+00    193.616 280.206651    5.63936    35.2479    35.2791    27.3466    1488.93    1490.54 0.0000e+00
       4670    196.000     8.7819     8.7812   3.726428   3.729314     2.1327      98.70     0.0120 5.1273e-02 1.9438e+00    194.526 280.206661    5.63374    35.2480    35.2791    27.3478    1488.92    1490.53 0.0000e+00
       4692    197.000     8.7711     8.7706   3.725411   3.728330     2.1308      98.73     0.0119 5.1273e-02 1.9438e+00    195.443 280.206672    5.62040    35.2475    35.2788    27.3491    1488.89    1490.52 0.0000e+00
       4714    198.000     8.7668     8.7667   3.725023   3.727972     2.1294      98.70     0.0108 5.1261e-02 1.9438e+00    196.384 280.206683    5.62241    35.2472    35.2784    27.3496    1488.89    1490.51 0.0000e+00
       4739    199.000     8.7617     8.7616   3.724541   3.727485     2.1288      97.89     0.0144 5.1273e-02 1.9438e+00    197.435 280.206695    5.63403    35.2467    35.2779    27.3500    1488.89    1490.50 0.0000e+00
       4768    200.000     8.7578     8.7573   3.724177   3.727085     2.1295      98.23     0.0161 5.1263e-02 1.9438e+00    198.623 280.206709    5.63618    35.2463    35.2774    27.3503    1488.89    1490.50 0.0000e+00
       4792    201.000     8.7544     8.7543   3.723867   3.726803     2.1291      98.26     0.0162 5.1280e-02 1.9438e+00    199.634 280.206720    5.63207    35.2459    35.2770    27.3505    1488.90    1490.49 0.0000e+00
       4812    202.000     8.7360     8.7356   3.721925   3.724816     2.1291      98.26     0.0140 5.1273e-02 1.9438e+00    200.446 280.206730    5.64130    35.2432    35.2741    27.3513    1488.84    1490.48 0.0000e+00
       4829    203.000     8.7191     8.7184   3.720258   3.723116     2.1295      98.30     0.0151 5.1282e-02 1.9438e+00    201.152 280.206738    5.64179    35.2419    35.2728    27.3530    1488.79    1490.47 0.0000e+00
       4845    204.000     8.7076     8.7076   3.719075   3.722022     2.1289      98.32     0.0166 5.1265e-02 1.9438e+00    201.842 280.206746    5.63561    35.2404    35.2715    27.3536    1488.76    1490.46 0.0000e+00
       4864    205.000     8.7037     8.7034   3.718672   3.721596     2.1281      96.85     0.0157 5.1273e-02 1.9438e+00    202.605 280.206755    5.63644    35.2396    35.2707    27.3536    1488.77    1490.45 0.0000e+00
       4886    206.000     8.6922     8.6921   3.717463   3.720406     2.1279      98.06     0.0149 5.1273e-02 1.9438e+00    203.525 280.206765    5.64303    35.2377    35.2689    27.3540    1488.74    1490.45 0.0000e+00
       4915    207.000     8.6810     8.6806   3.716426   3.719341     2.1279      98.67     0.0148 5.1265e-02 1.9438e+00    204.755 280.206780    5.64160    35.2375    35.2687    27.3555    1488.71    1490.44 0.0000e+00
       4948    208.000     8.6746     8.6747   3.715926   3.718883     2.1267      98.65     0.0135 5.1273e-02 1.9438e+00    206.125 280.206795    5.63875    35.2381    35.2692    27.3570    1488.71    1490.43 0.0000e+00
       4971    209.000     8.6743     8.6741   3.715955   3.718896     2.1269      98.65     0.0156 5.1273e-02 1.9438e+00    207.081 280.206807    5.64843    35.2382    35.2695    27.3572    1488.72    1490.42 0.0000e+00
       4989    210.000     8.6715     8.6714   3.715684   3.718635     2.1275      92.00     0.0157 5.1248e-02 1.9438e+00    207.831 280.206815    5.65185    35.2376    35.2689    27.3572    1488.73    1490.41 0.0000e+00
       5006    211.000     8.6554     8.6552   3.714014   3.716922     2.1275      18.66     0.0157 5.1352e-02 1.9438e+00    208.550 280.206823    5.66229    35.2355    35.2665    27.3581    1488.68    1490.40 0.0000e+00
       5025    212.000     8.6343     8.6351   3.711751   3.714766     2.1296      97.05     0.0156 5.1275e-02 1.9438e+00    209.338 280.206833    5.66836    35.2321    35.2632    27.3587    1488.61    1490.40 0.0000e+00
       5048    213.000     8.6271     8.6268   3.711103   3.714015     2.1287      96.95     0.0151 5.1262e-02 1.9438e+00    210.294 280.206844    5.65097    35.2319    35.2631    27.3597    1488.60    1490.39 0.0000e+00
       5074    214.000     8.6221     8.6219   3.710678   3.713627     2.1275      41.65     0.0173 5.1278e-02 1.9438e+00    211.386 280.206856    5.65729    35.2319    35.2634    27.3605    1488.60    1490.38 0.0000e+00
       5099    215.000     8.6167     8.6165   3.710258   3.713184     2.1290      98.94     0.0166 5.1273e-02 1.9438e+00    212.428 280.206868    5.67498    35.2324    35.2636    27.3617    1488.60    1490.37 0.0000e+00
       5122    216.000     8.6023     8.6024   3.708726   3.711661     2.1295      98.01     0.0145 5.1280e-02 -9.990e-29    213.363 280.206879    5.67023    35.2300    35.2610    27.3621    1488.56    1490.36 0.0000e+00
       5142    217.000     8.5740     8.5740   3.705801   3.708734     2.1295      97.77     0.0129 5.1273e-02 -9.990e-29    214.203 280.206889    5.67155    35.2268    35.2579    27.3640    1488.47    1490.35 0.0000e+00
       5162    218.000     8.5670     8.5667   3.705130   3.708060     2.1291      98.25     0.0140 5.1266e-02 -9.990e-29    215.052 280.206899    5.66285    35.2262    35.2575    27.3646    1488.46    1490.35 0.0000e+00
       5183    219.000     8.5659     8.5659   3.705099   3.708054     2.1275      97.91     0.0140 5.1266e-02 -9.990e-29    215.898 280.206909    5.65591    35.2265    35.2578    27.3650    1488.47    1490.34 0.0000e+00
