_data/ctd/2018/sta0386_2018.cnv
* Sea-Bird SBE 9 Data File:
* FileName = C:\Seabird\CTDData\sta0386.hex
* Software Version Seasave V 7.21f
* Temperature SN = 4557
* Conductivity SN = 1337
* Number of Bytes Per Scan = 40
* Number of Voltage Words = 5
* Number of Scans Averaged by the Deck Unit = 1
* NMEA Latitude = 60 45.02 N
* NMEA Longitude = 004 07.05 E
* NMEA UTC (Time) = Oct 07 2018 02:45:56
* NMEA baud rate = 4800
** Ship: 10 F/F "G. O. Sars"
** Station: 0386
** Echodepth: 313
** Log: 4502.584
** Wind-Dir Force: 24 04
** Air-temp (dry): 8.0
** Weather Sky: 2 7
** Sea Ice: 3 0
# nquan = 20                                
# nvalues = 305                         
# units = specified
# name 0 = scan: Scan Count
# name 1 = prDM: Pressure, Digiquartz [db]
# name 2 = t068C: Temperature [ITS-68, deg C]
# name 3 = t168C: Temperature, 2 [ITS-68, deg C]
# name 4 = c0S/m: Conductivity [S/m]
# name 5 = c1S/m: Conductivity, 2 [S/m]
# name 6 = sbeox0V: Oxygen raw, SBE 43 [V]
# name 7 = altM: Altimeter [m]
# name 8 = flC: Fluorescence, Chelsea Aqua 3 Chl Con [ug/l]
# name 9 = par: PAR/Irradiance, Biospherical/Licor
# name 10 = spar: SPAR/Surface Irradiance
# name 11 = timeS: Time, Elapsed [seconds]
# name 12 = timeJ: Julian Days
# name 13 = sbeox0ML/L: Oxygen, SBE 43 [ml/l], WS = 2
# name 14 = sal00: Salinity, Practical [PSU]
# name 15 = sal11: Salinity, Practical, 2 [PSU]
# name 16 = sigma-t00: Density [sigma-t, Kg/m^3 ]
# name 17 = svCM: Sound Velocity [Chen-Millero, m/s]
# name 18 = avgsvCM: Average Sound Velocity [Chen-Millero, m/s], minP = 1, minS = 5
# name 19 = flag: flag
# span 0 =         24,       7359       
# span 1 =      3.000,    307.000       
# span 2 =     6.9104,    11.8739       
# span 3 =     6.9099,    11.8739       
# span 4 =   3.547298,   3.927959       
# span 5 =   3.550080,   3.931146       
# span 6 =     1.9867,     2.3167       
# span 7 =      12.25,     100.34       
# span 8 =     0.0116,     0.4838       
# span 9 = 5.1219e-02, 1.9378e+00       
# span 10 = 1.9438e+00, 1.9438e+00      
# span 11 =      0.978,    306.569      
# span 12 = 280.115278, 280.118814      
# span 13 =    5.37544,    5.82142      
# span 14 =    32.8972,    35.2877      
# span 15 =    32.9277,    35.3198      
# span 16 =    24.9817,    27.5480      
# span 17 =    1483.41,    1495.36      
# span 18 =    1488.42,    1494.47      
# span 19 = 0.0000e+00, 0.0000e+00      
# interval = decibars: 1                
# start_time = Oct 07 2018 02:45:59 [System UTC, header]
# bad_flag = -9.990e-29
*END*
[from data line 73]
       1904     76.000     8.9006     8.8992   3.718039   3.720878     2.1326      98.73     0.0331 5.1273e-02 1.9438e+00     79.298 280.116184    5.55434    35.0993    35.1305    27.2123    1487.20    1492.18 0.0000e+00
       1928     77.000     8.8827     8.8820   3.717202   3.720184     2.1331      98.73     0.0291 5.1273e-02 1.9438e+00     80.298 280.116196    5.55022    35.1077    35.1398    27.2218    1487.16    1492.11 0.0000e+00
       1950     78.000     8.9701     8.9706   3.729064   3.732350     2.1333      86.25     0.0306 5.1245e-02 1.9438e+00     81.221 280.116206    5.54585    35.1455    35.1795    27.2373    1487.54    1492.05 0.0000e+00
       1970     79.000     9.1097     9.1080   3.746283   3.749325     2.1352      90.14     0.0296 5.1258e-02 1.9438e+00     82.055 280.116216    5.54888    35.1875    35.2211    27.2477    1488.12    1492.00 0.0000e+00
       1989     80.000     9.1228     9.1223   3.748285   3.751347     2.1381      98.96     0.0241 5.1281e-02 1.9438e+00     82.854 280.116225    5.56313    35.1951    35.2276    27.2514    1488.20    1491.95 0.0000e+00
       2009     81.000     9.1185     9.1183   3.748087   3.751174     2.1415      98.73     0.0223 5.1273e-02 1.9438e+00     83.657 280.116234    5.57893    35.1968    35.2293    27.2535    1488.20    1491.91 0.0000e+00
       2029     82.000     9.1353     9.1349   3.750606   3.753692     2.1450      69.56     0.0216 5.1260e-02 1.9438e+00     84.518 280.116244    5.59298    35.2060    35.2387    27.2580    1488.29    1491.86 0.0000e+00
       2052     83.000     9.1655     9.1661   3.754531   3.757743     2.1500      98.34     0.0231 5.1279e-02 1.9438e+00     85.449 280.116255    5.59725    35.2168    35.2498    27.2615    1488.43    1491.82 0.0000e+00
       2075     84.000     9.1463     9.1465   3.752585   3.755661     2.1515      98.35     0.0258 5.1273e-02 1.9438e+00     86.419 280.116266    5.58219    35.2149    35.2469    27.2632    1488.37    1491.78 0.0000e+00
       2098     85.000     9.1198     9.1191   3.749861   3.752873     2.1515      98.20     0.0246 5.1280e-02 1.9438e+00     87.366 280.116277    5.58151    35.2121    35.2444    27.2653    1488.29    1491.74 0.0000e+00
       2119     86.000     9.1178     9.1175   3.750106   3.753187     2.1514      97.63     0.0231 5.1266e-02 1.9438e+00     88.270 280.116288    5.57691    35.2162    35.2487    27.2688    1488.30    1491.70 0.0000e+00
       2140     87.000     9.1533     9.1523   3.754742   3.757763     2.1501      98.64     0.0242 5.1266e-02 1.9438e+00     89.106 280.116298    5.56245    35.2291    35.2617    27.2732    1488.47    1491.66 0.0000e+00
       2159     88.000     9.2200     9.2190   3.762955   3.766133     2.1490      98.73     0.0228 5.1273e-02 1.9438e+00     89.924 280.116307    5.55896    35.2486    35.2827    27.2775    1488.75    1491.63 0.0000e+00
       2179     89.000     9.3040     9.3056   3.773045   3.776404     2.1496      98.73     0.0218 5.1266e-02 1.9438e+00     90.765 280.116317    5.56345    35.2704    35.3038    27.2807    1489.10    1491.60 0.0000e+00
       2201     90.000     9.3209     9.3207   3.775265   3.778387     2.1515      98.73     0.0201 5.1273e-02 1.9438e+00     91.668 280.116327    5.57275    35.2763    35.3091    27.2826    1489.19    1491.57 0.0000e+00
       2224     91.000     9.3248     9.3241   3.775931   3.778988     2.1533      98.73     0.0209 5.1273e-02 1.9438e+00     92.637 280.116338    5.56725    35.2790    35.3115    27.2840    1489.22    1491.55 0.0000e+00
       2247     92.000     9.3292     9.3290   3.776639   3.779751     2.1521      71.83     0.0201 5.1266e-02 1.9438e+00     93.577 280.116349    5.54167    35.2815    35.3141    27.2853    1489.26    1491.52 0.0000e+00
       2268     93.000     9.3309     9.3306   3.777059   3.780143     2.1496      97.69     0.0184 5.1259e-02 1.9438e+00     94.459 280.116359    5.52495    35.2837    35.3162    27.2868    1489.28    1491.50 0.0000e+00
       2289     94.000     9.3264     9.3263   3.776658   3.779743     2.1462      95.39     0.0178 5.1273e-02 1.9438e+00     95.316 280.116369    5.51468    35.2835    35.3158    27.2874    1489.28    1491.48 0.0000e+00
       2308     95.000     9.3232     9.3230   3.776449   3.779531     2.1438      95.09     0.0193 5.1273e-02 1.9438e+00     96.129 280.116379    5.51113    35.2840    35.3163    27.2883    1489.29    1491.45 0.0000e+00
       2327     96.000     9.3315     9.3307   3.777552   3.780562     2.1414      94.86     0.0174 5.1273e-02 1.9438e+00     96.930 280.116388    5.50378    35.2869    35.3190    27.2891    1489.34    1491.43 0.0000e+00
       2347     97.000     9.3345     9.3342   3.777967   3.781018     2.1394      97.74     0.0166 5.1259e-02 1.9438e+00     97.759 280.116398    5.50623    35.2877    35.3198    27.2893    1489.36    1491.41 0.0000e+00
       2369     98.000     9.3320     9.3315   3.777737   3.780760     2.1385      98.67     0.0215 5.1267e-02 1.9438e+00     98.664 280.116408    5.50944    35.2873    35.3193    27.2894    1489.37    1491.39 0.0000e+00
       2393     99.000     9.3150     9.3140   3.775896   3.778860     2.1375      98.47     0.0171 5.1273e-02 1.9438e+00     99.685 280.116420    5.50830    35.2845    35.3163    27.2900    1489.32    1491.37 0.0000e+00
       2418    100.000     9.3164     9.3161   3.776198   3.779245     2.1363      98.57     0.0152 5.1267e-02 1.9438e+00    100.715 280.116432    5.50301    35.2858    35.3178    27.2908    1489.35    1491.35 0.0000e+00
       2440    101.000     9.3216     9.3214   3.776904   3.779977     2.1351      98.73     0.0191 5.1273e-02 1.9438e+00    101.637 280.116443    5.49673    35.2875    35.3197    27.2913    1489.38    1491.33 0.0000e+00
       2461    102.000     9.3151     9.3153   3.776290   3.779369     2.1336      98.73     0.0236 5.1273e-02 1.9438e+00    102.485 280.116452    5.49558    35.2871    35.3189    27.2920    1489.38    1491.31 0.0000e+00
       2480    103.000     9.3105     9.3102   3.775837   3.778867     2.1331      98.73     0.0225 5.1265e-02 1.9438e+00    103.300 280.116462    5.50054    35.2864    35.3183    27.2922    1489.37    1491.29 0.0000e+00
       2500    104.000     9.3081     9.3081   3.775601   3.778663     2.1326      98.73     0.0211 5.1273e-02 1.9438e+00    104.119 280.116471    5.49516    35.2858    35.3177    27.2922    1489.38    1491.27 0.0000e+00
       2520    105.000     9.3056     9.3045   3.775347   3.778290     2.1313      92.32     0.0192 5.1273e-02 1.9438e+00    104.954 280.116481    5.48586    35.2852    35.3169    27.2921    1489.39    1491.25 0.0000e+00
       2540    106.000     9.3017     9.3015   3.774919   3.777941     2.1297      69.89     0.0176 5.1273e-02 1.9438e+00    105.800 280.116491    5.49360    35.2841    35.3158    27.2919    1489.39    1491.24 0.0000e+00
       2561    107.000     9.2815     9.2815   3.772872   3.775913     2.1303      98.69     0.0157 5.1273e-02 1.9438e+00    106.665 280.116501    5.50012    35.2822    35.3140    27.2937    1489.33    1491.22 0.0000e+00
       2582    108.000     9.2704     9.2694   3.771871   3.774773     2.1295      98.73     0.0160 5.1273e-02 1.9438e+00    107.544 280.116511    5.48983    35.2823    35.3136    27.2956    1489.31    1491.20 0.0000e+00
       2604    109.000     9.2469     9.2465   3.769435   3.772401     2.1276      98.73     0.0199 5.1273e-02 1.9438e+00    108.444 280.116521    5.48290    35.2796    35.3110    27.2974    1489.23    1491.18 0.0000e+00
       2627    110.000     9.2334     9.2332   3.768099   3.771112     2.1263      98.73     0.0196 5.1273e-02 1.9438e+00    109.421 280.116533    5.50017    35.2786    35.3102    27.2988    1489.20    1491.16 0.0000e+00
       2653    111.000     9.2206     9.2207   3.766931   3.769956     2.1287      98.73     0.0210 5.1273e-02 1.9438e+00    110.494 280.116545    5.52488    35.2785    35.3100    27.3009    1489.17    1491.15 0.0000e+00
       2677    112.000     9.2125     9.2123   3.766192   3.769185     2.1305      98.73     0.0216 5.1273e-02 1.9438e+00    111.481 280.116557    5.52828    35.2784    35.3098    27.3020    1489.15    1491.13 0.0000e+00
       2696    113.000     9.2062     9.2058   3.765577   3.768557     2.1319      98.73     0.0194 5.1273e-02 1.9438e+00    112.307 280.116566    5.52855    35.2777    35.3092    27.3025    1489.15    1491.11 0.0000e+00
       2714    114.000     9.2011     9.2009   3.765120   3.768128     2.1320      98.73     0.0210 5.1273e-02 1.9438e+00    113.049 280.116575    5.52845    35.2775    35.3091    27.3032    1489.15    1491.09 0.0000e+00
       2732    115.000     9.1987     9.1983   3.764983   3.767971     2.1329      98.73     0.0194 5.1273e-02 1.9438e+00    113.783 280.116583    5.53006    35.2780    35.3096    27.3040    1489.15    1491.08 0.0000e+00
       2751    116.000     9.1950     9.1948   3.764641   3.767633     2.1326      98.73     0.0200 5.1273e-02 1.9438e+00    114.570 280.116592    5.52708    35.2776    35.3090    27.3043    1489.16    1491.06 0.0000e+00
       2772    117.000     9.1887     9.1884   3.764038   3.767007     2.1328      98.73     0.0218 5.1267e-02 1.9438e+00    115.452 280.116602    5.53277    35.2770    35.3083    27.3049    1489.15    1491.04 0.0000e+00
       2796    118.000     9.1865     9.1861   3.763869   3.766858     2.1335      98.73     0.0182 5.1273e-02 1.9438e+00    116.467 280.116614    5.53689    35.2770    35.3086    27.3052    1489.16    1491.03 0.0000e+00
       2821    119.000     9.1858     9.1855   3.763896   3.766896     2.1334      60.03     0.0209 5.1273e-02 1.9438e+00    117.508 280.116626    5.53503    35.2775    35.3091    27.3057    1489.17    1491.01 0.0000e+00
       2844    120.000     9.1886     9.1882   3.764408   3.767413     2.1343      98.90     0.0219 5.1273e-02 1.9438e+00    118.439 280.116637    5.54560    35.2796    35.3114    27.3069    1489.20    1491.00 0.0000e+00
       2864    121.000     9.1846     9.1842   3.764131   3.767104     2.1354      98.73     0.0204 5.1273e-02 1.9438e+00    119.303 280.116647    5.54459    35.2801    35.3116    27.3080    1489.20    1490.98 0.0000e+00
       2884    122.000     9.1731     9.1726   3.763044   3.765989     2.1348      98.72     0.0197 5.1273e-02 1.9438e+00    120.133 280.116657    5.52779    35.2797    35.3110    27.3095    1489.18    1490.97 0.0000e+00
       2905    123.000     9.1602     9.1597   3.761679   3.764617     2.1325      98.62     0.0174 5.1273e-02 1.9438e+00    120.982 280.116667    5.52525    35.2777    35.3089    27.3101    1489.14    1490.95 0.0000e+00
       2926    124.000     9.1488     9.1481   3.760537   3.763465     2.1324      97.49     0.0172 5.1273e-02 1.9438e+00    121.868 280.116677    5.53992    35.2766    35.3079    27.3110    1489.12    1490.94 0.0000e+00
       2948    125.000     9.1429     9.1422   3.759995   3.762933     2.1324      98.73     0.0187 5.1273e-02 1.9438e+00    122.771 280.116687    5.53635    35.2763    35.3077    27.3118    1489.11    1490.92 0.0000e+00
       2969    126.000     9.1325     9.1323   3.758999   3.761973     2.1319      98.73     0.0183 5.1273e-02 1.9438e+00    123.683 280.116698    5.53824    35.2757    35.3070    27.3130    1489.09    1490.91 0.0000e+00
       2991    127.000     9.1227     9.1223   3.758041   3.760988     2.1319      98.73     0.0200 5.1259e-02 1.9438e+00    124.570 280.116708    5.54110    35.2749    35.3061    27.3140    1489.07    1490.89 0.0000e+00
       3011    128.000     9.1136     9.1130   3.757149   3.760091     2.1316      98.73     0.0172 5.1273e-02 1.9438e+00    125.406 280.116718    5.53986    35.2741    35.3055    27.3148    1489.05    1490.88 0.0000e+00
       3030    129.000     9.1072     9.1067   3.756492   3.759444     2.1312      98.73     0.0164 5.1273e-02 1.9438e+00    126.221 280.116727    5.54248    35.2731    35.3045    27.3151    1489.04    1490.86 0.0000e+00
       3051    130.000     9.0974     9.0966   3.755470   3.758392     2.1313      98.73     0.0174 5.1273e-02 1.9438e+00    127.069 280.116737    5.53770    35.2716    35.3030    27.3155    1489.02    1490.85 0.0000e+00
       3073    131.000     9.0802     9.0800   3.753683   3.756636     2.1297      98.73     0.0195 5.1273e-02 1.9438e+00    127.985 280.116748    5.54153    35.2694    35.3006    27.3166    1488.97    1490.84 0.0000e+00
       3096    132.000     9.0665     9.0664   3.752256   3.755253     2.1308      84.05     0.0193 5.1260e-02 1.9438e+00    128.964 280.116759    5.55456    35.2676    35.2991    27.3174    1488.94    1490.82 0.0000e+00
       3119    133.000     9.0613     9.0614   3.751766   3.754772     2.1309      65.63     0.0202 5.1273e-02 1.9438e+00    129.919 280.116770    5.55161    35.2671    35.2985    27.3179    1488.93    1490.81 0.0000e+00
       3140    134.000     9.0603     9.0598   3.751692   3.754635     2.1308      99.00     0.0220 5.1273e-02 1.9438e+00    130.799 280.116780    5.54599    35.2668    35.2982    27.3178    1488.95    1490.79 0.0000e+00
       3160    135.000     9.0548     9.0542   3.751129   3.754052     2.1297      98.72     0.0228 5.1273e-02 1.9438e+00    131.641 280.116790    5.54814    35.2659    35.2972    27.3180    1488.94    1490.78 0.0000e+00
       3181    136.000     9.0373     9.0360   3.749318   3.752154     2.1305      98.72     0.0199 5.1273e-02 1.9438e+00    132.485 280.116800    5.55823    35.2638    35.2948    27.3192    1488.89    1490.77 0.0000e+00
       3202    137.000     9.0275     9.0273   3.748387   3.751357     2.1302      98.72     0.0182 5.1273e-02 1.9438e+00    133.387 280.116810    5.55064    35.2633    35.2946    27.3203    1488.87    1490.75 0.0000e+00
       3225    138.000     9.0205     9.0199   3.747744   3.750682     2.1295      98.72     0.0163 5.1273e-02 1.9438e+00    134.328 280.116821    5.55472    35.2630    35.2944    27.3212    1488.86    1490.74 0.0000e+00
       3247    139.000     9.0268     9.0269   3.748591   3.751597     2.1297      98.72     0.0157 5.1273e-02 1.9438e+00    135.234 280.116831    5.55629    35.2651    35.2966    27.3219    1488.90    1490.73 0.0000e+00
       3266    140.000     9.0179     9.0182   3.747707   3.750726     2.1296      98.71     0.0139 5.1273e-02 1.9438e+00    136.062 280.116841    5.56117    35.2642    35.2956    27.3226    1488.89    1490.71 0.0000e+00
       3285    141.000     9.0158     9.0155   3.747557   3.750525     2.1304      98.72     0.0139 5.1281e-02 1.9438e+00    136.825 280.116850    5.57241    35.2643    35.2957    27.3230    1488.89    1490.70 0.0000e+00
       3303    142.000     9.0159     9.0157   3.747656   3.750634     2.1316      98.70     0.0182 5.1265e-02 1.9438e+00    137.583 280.116859    5.57018    35.2647    35.2962    27.3233    1488.91    1490.69 0.0000e+00
       3323    143.000     9.0138     9.0135   3.747533   3.750499     2.1310      98.72     0.0193 5.1273e-02 1.9438e+00    138.408 280.116868    5.55895    35.2650    35.2964    27.3239    1488.92    1490.67 0.0000e+00
       3347    144.000     9.0097     9.0091   3.747176   3.750120     2.1306      98.73     0.0172 5.1273e-02 1.9438e+00    139.403 280.116880    5.56792    35.2649    35.2964    27.3245    1488.92    1490.66 0.0000e+00
       3375    145.000     9.0081     9.0079   3.747068   3.750057     2.1316      97.59     0.0163 5.1273e-02 1.9438e+00    140.590 280.116893    5.57079    35.2648    35.2964    27.3247    1488.93    1490.65 0.0000e+00
       3403    146.000     9.0073     9.0071   3.747038   3.750009     2.1311      50.55     0.0159 5.1273e-02 1.9438e+00    141.757 280.116907    5.56547    35.2649    35.2962    27.3248    1488.95    1490.64 0.0000e+00
