_data/ctd/2018/sta0398_2018.cnv
* Sea-Bird SBE 9 Data File:
* FileName = C:\Seabird\CTDData\sta0398.hex
* Software Version Seasave V 7.21f
* Temperature SN = 4557
* Conductivity SN = 1337
* Number of Bytes Per Scan = 40
* Number of Voltage Words = 5
* Number of Scans Averaged by the Deck Unit = 1
* NMEA Latitude = 60 45.00 N
* NMEA Longitude = 000 39.97 W
* NMEA UTC (Time) = Oct 09 2018 08:07:03
* NMEA baud rate = 4800
** Ship: 10 F/F "G. O. Sars"
** Station: 0398
** Echodepth: 101
** Log: 4782.22
** Wind-Dir Force: 20 03
** Air-temp (dry): 9.9
** Weather Sky: 8 8
** Sea Ice: 3 0
# nquan = 20                                
# nvalues = 85                          
# units = specified
# name 0 = scan: Scan Count
# name 1 = prDM: Pressure, Digiquartz [db]
# name 2 = t068C: Temperature [ITS-68, deg C]
# name 3 = t168C: Temperature, 2 [ITS-68, deg C]
# name 4 = c0S/m: Conductivity [S/m]
# name 5 = c1S/m: Conductivity, 2 [S/m]
# name 6 = sbeox0V: Oxygen raw, SBE 43 [V]
# name 7 = altM: Altimeter [m]
# name 8 = flC: Fluorescence, Chelsea Aqua 3 Chl Con [ug/l]
# name 9 = par: PAR/Irradiance, Biospherical/Licor
# name 10 = spar: SPAR/Surface Irradiance
# name 11 = timeS: Time, Elapsed [seconds]
# name 12 = timeJ: Julian Days
# name 13 = sbeox0ML/L: Oxygen, SBE 43 [ml/l], WS = 2
# name 14 = sal00: Salinity, Practical [PSU]
# name 15 = sal11: Salinity, Practical, 2 [PSU]
# name 16 = sigma-t00: Density [sigma-t, Kg/m^3 ]
# name 17 = svCM: Sound Velocity [Chen-Millero, m/s]
# name 18 = avgsvCM: Average Sound Velocity [Chen-Millero, m/s], minP = 1, minS = 5
# name 19 = flag: flag
# span 0 =        212,       2222       
# span 1 =      6.000,     90.000       
# span 2 =    11.1205,    11.1458       
# span 3 =    11.1207,    11.1463       
# span 4 =   3.933635,   3.940862       
# span 5 =   3.935721,   3.942913       
# span 6 =     2.2549,     2.2778       
# span 7 =      12.55,      95.07       
# span 8 =     0.1693,     0.2995       
# span 9 = 5.1273e-02, 1.0968e+01       
# span 10 = 3.8957e+01, 4.4733e+01      
# span 11 =      8.791,     92.541      
# span 12 = 282.338331, 282.339300      
# span 13 =    5.65111,    5.69519      
# span 14 =    35.1802,    35.1904      
# span 15 =    35.2009,    35.2103      
# span 16 =    26.8945,    26.8986      
# span 17 =    1494.10,    1495.59      
# span 18 =    1494.10,    1494.82      
# span 19 = 0.0000e+00, 0.0000e+00      
# interval = decibars: 1                
# start_time = Oct 09 2018 08:07:03 [System UTC, header]
# bad_flag = -9.990e-29
*END*
[from data line 73]
       1913     79.000    11.1437    11.1444   3.940187   3.942251     2.2597      23.96     0.1780 5.1274e-02 4.4707e+01     79.655 282.339151    5.67602    35.1904    35.2103    26.8981    1495.40    1494.73 0.0000e+00
       1935     80.000    11.1441    11.1447   3.940267   3.942321     2.2571      22.88     0.1749 5.1273e-02 4.4707e+01     80.582 282.339162    5.65111    35.1903    35.2102    26.8980    1495.41    1494.74 0.0000e+00
       1958     81.000    11.1443    11.1449   3.940314   3.942367     2.2549      21.83     0.1750 5.1286e-02 4.4707e+01     81.546 282.339173    5.65822    35.1902    35.2101    26.8978    1495.43    1494.75 0.0000e+00
       1981     82.000    11.1445    11.1451   3.940390   3.942437     2.2550      20.92     0.1727 5.1280e-02 4.4707e+01     82.487 282.339184    5.66958    35.1903    35.2101    26.8979    1495.45    1494.76 0.0000e+00
       2001     83.000    11.1447    11.1454   3.940466   3.942513     2.2557      19.96     0.1752 5.1280e-02 4.4707e+01     83.348 282.339194    5.67943    35.1904    35.2101    26.8979    1495.47    1494.76 0.0000e+00
       2022     84.000    11.1448    11.1454   3.940489   3.942552     2.2576      18.95     0.1781 5.1295e-02 4.4707e+01     84.190 282.339204    5.68957    35.1901    35.2101    26.8977    1495.48    1494.77 0.0000e+00
       2042     85.000    11.1449    11.1455   3.940552   3.942618     2.2588      17.95     0.1738 5.1280e-02 4.4707e+01     85.062 282.339214    5.68163    35.1902    35.2102    26.8977    1495.50    1494.78 0.0000e+00
       2065     86.000    11.1450    11.1456   3.940616   3.942665     2.2580      17.00     0.1758 5.1279e-02 3.9769e+01     85.995 282.339225    5.67475    35.1902    35.2101    26.8978    1495.52    1494.79 0.0000e+00
       2089     87.000    11.1452    11.1459   3.940689   3.942756     2.2579      15.86     0.1745 5.1291e-02 4.4733e+01     87.011 282.339236    5.67837    35.1903    35.2103    26.8978    1495.53    1494.80 0.0000e+00
       2114     88.000    11.1455    11.1461   3.940772   3.942814     2.2580      14.85     0.1746 5.1297e-02 4.4707e+01     88.028 282.339248    5.68396    35.1904    35.2102    26.8978    1495.55    1494.81 0.0000e+00
       2136     89.000    11.1456    11.1463   3.940820   3.942877     2.2588      13.92     0.1768 5.1287e-02 4.4707e+01     88.942 282.339259    5.68162    35.1904    35.2102    26.8978    1495.57    1494.81 0.0000e+00
       2222     90.000    11.1458    11.1463   3.940862   3.942913     2.2572      12.55     0.1763 5.1309e-02 4.3796e+01     92.541 282.339300    5.67140    35.1901    35.2101    26.8975    1495.59    1494.82 0.0000e+00
