_data/ctd/2018/sta0395_2018.cnv
* Sea-Bird SBE 9 Data File:
* FileName = C:\Seabird\CTDData\sta0395.hex
* Software Version Seasave V 7.21f
* Temperature SN = 4557
* Conductivity SN = 1337
* Number of Bytes Per Scan = 40
* Number of Voltage Words = 5
* Number of Scans Averaged by the Deck Unit = 1
* NMEA Latitude = 60 45.04 N
* NMEA Longitude = 001 25.95 E
* NMEA UTC (Time) = Oct 08 2018 16:21:36
* NMEA baud rate = 4800
** Ship: 10 F/F "G. O. Sars"
** Station: 0395
** Echodepth: 147
** Log: 4666.59
** Wind-Dir Force: 16 20
** Air-temp (dry): 10.1
** Weather Sky: 2 4
** Sea Ice: 3 0
# nquan = 20                                
# nvalues = 134                         
# units = specified
# name 0 = scan: Scan Count
# name 1 = prDM: Pressure, Digiquartz [db]
# name 2 = t068C: Temperature [ITS-68, deg C]
# name 3 = t168C: Temperature, 2 [ITS-68, deg C]
# name 4 = c0S/m: Conductivity [S/m]
# name 5 = c1S/m: Conductivity, 2 [S/m]
# name 6 = sbeox0V: Oxygen raw, SBE 43 [V]
# name 7 = altM: Altimeter [m]
# name 8 = flC: Fluorescence, Chelsea Aqua 3 Chl Con [ug/l]
# name 9 = par: PAR/Irradiance, Biospherical/Licor
# name 10 = spar: SPAR/Surface Irradiance
# name 11 = timeS: Time, Elapsed [seconds]
# name 12 = timeJ: Julian Days
# name 13 = sbeox0ML/L: Oxygen, SBE 43 [ml/l], WS = 2
# name 14 = sal00: Salinity, Practical [PSU]
# name 15 = sal11: Salinity, Practical, 2 [PSU]
# name 16 = sigma-t00: Density [sigma-t, Kg/m^3 ]
# name 17 = svCM: Sound Velocity [Chen-Millero, m/s]
# name 18 = avgsvCM: Average Sound Velocity [Chen-Millero, m/s], minP = 1, minS = 5
# name 19 = flag: flag
# span 0 =         45,       4191       
# span 1 =      7.000,    140.000       
# span 2 =     7.0285,    10.7344       
# span 3 =     7.0277,    10.7323       
# span 4 =   3.550797,   3.899720       
# span 5 =   3.552612,   3.901725       
# span 6 =     1.8897,     2.2870       
# span 7 =      -2.49,     100.05       
# span 8 =     0.0309,     0.2623       
# span 9 = 5.1219e-02, 8.0158e+00       
# span 10 = 3.9671e+01, 4.3151e+01      
# span 11 =      1.853,    174.604      
# span 12 = 281.681711, 281.683710      
# span 13 =    4.95640,    5.77902      
# span 14 =    35.1567,    35.2459      
# span 15 =    35.1773,    35.2621      
# span 16 =    26.9727,    27.5406      
# span 17 =    1480.98,    1493.83      
# span 18 =    1489.42,    1493.29      
# span 19 = 0.0000e+00, 0.0000e+00      
# interval = decibars: 1                
# start_time = Oct 08 2018 16:21:38 [System UTC, header]
# bad_flag = -9.990e-29
*END*
[from data line 73]
       2161     80.000    10.5777    10.5779   3.886799   3.888751     2.2452      69.27     0.1191 9.3709e-02 4.2763e+01     89.993 281.682731    5.68644    35.1981    35.2177    27.0063    1493.44    1493.29 0.0000e+00
       2186     81.000    10.5268    10.5273   3.882118   3.883973     2.2425      68.63     0.1098 8.8043e-02 4.2763e+01     91.039 281.682744    5.68781    35.1995    35.2178    27.0164    1493.28    1493.29 0.0000e+00
       2204     82.000    10.3329    10.3323   3.864575   3.866015     2.2414      67.85     0.1029 8.4359e-02 4.1278e+01     91.791 281.682752    5.70089    35.2089    35.2241    27.0578    1492.62    1493.28 0.0000e+00
       2221     83.000     9.8808     9.8828   3.823319   3.824070     2.2380      66.85     0.0915 7.9005e-02 4.2770e+01     92.482 281.682760    5.72232    35.2269    35.2326    27.1500    1491.04    1493.26 0.0000e+00
       2237     84.000     9.5247     9.5280   3.791390   3.793068     2.2317      65.86     0.0717 7.6996e-02 4.2763e+01     93.181 281.682768    5.71255    35.2459    35.2601    27.2250    1489.79    1493.22 0.0000e+00
       2256     85.000     9.4398     9.4390   3.783299   3.784827     2.2206      64.99     0.0518 7.3379e-02 4.2763e+01     93.953 281.682777    5.62660    35.2451    35.2617    27.2385    1489.50    1493.17 0.0000e+00
       2278     86.000     9.3465     9.3458   3.774398   3.776079     2.1969      63.73     0.0372 6.9307e-02 4.2763e+01     94.886 281.682788    5.48051    35.2440    35.2621    27.2531    1489.17    1493.12 0.0000e+00
       2311     87.000     9.1887     9.1933   3.759252   3.760949     2.1529      62.42     0.0334 6.5531e-02 4.2763e+01     96.230 281.682804    5.33766    35.2413    35.2545    27.2769    1488.61    1493.07 0.0000e+00
       2361     88.000     9.0804     9.0813   3.748743   3.750450     2.0966      61.16     0.0334 6.4153e-02 4.2763e+01     98.331 281.682828    5.24469    35.2380    35.2550    27.2919    1488.23    1493.02 0.0000e+00
       2392     89.000     9.0518     9.0524   3.745613   3.747367     2.0769      60.50     0.0329 6.0833e-02 4.2763e+01     99.604 281.682843    5.24210    35.2330    35.2508    27.2927    1488.13    1492.96 0.0000e+00
       2409     90.000     8.9817     8.9797   3.739053   3.740602     2.0692      59.71     0.0334 5.6776e-02 4.2763e+01    100.347 281.682851    5.24496    35.2332    35.2514    27.3041    1487.89    1492.91 0.0000e+00
       2424     91.000     8.9283     8.9279   3.733947   3.735592     2.0636      58.87     0.0319 5.5248e-02 4.2763e+01    100.971 281.682858    5.24161    35.2320    35.2497    27.3118    1487.71    1492.85 0.0000e+00
       2439     92.000     8.8593     8.8600   3.727239   3.728894     2.0587      58.03     0.0309 5.7237e-02 4.2763e+01    101.579 281.682866    5.23483    35.2294    35.2461    27.3209    1487.47    1492.79 0.0000e+00
       2456     93.000     8.7583     8.7525   3.717371   3.718419     2.0527      56.96     0.0337 5.4096e-02 4.2763e+01    102.284 281.682874    5.22433    35.2252    35.2421    27.3337    1487.11    1492.73 0.0000e+00
       2477     94.000     8.6913     8.6916   3.711025   3.712854     2.0449      55.24     0.0348 5.3900e-02 4.2763e+01    103.180 281.682884    5.21297    35.2244    35.2434    27.3436    1486.87    1492.67 0.0000e+00
       2508     95.000     8.6635     8.6637   3.708471   3.710265     2.0363      53.40     0.0315 5.1379e-02 4.2763e+01    104.463 281.682899    5.20767    35.2246    35.2434    27.3482    1486.79    1492.60 0.0000e+00
       2544     96.000     8.6179     8.6185   3.704179   3.706034     2.0309      53.05     0.0319 5.1269e-02 4.2763e+01    105.950 281.682916    5.22342    35.2241    35.2431    27.3550    1486.63    1492.54 0.0000e+00
       2569     97.000     8.5781     8.5784   3.700364   3.702221     2.0297      52.26     0.0320 5.1266e-02 4.2763e+01    106.994 281.682928    5.23219    35.2228    35.2422    27.3603    1486.50    1492.48 0.0000e+00
       2589     98.000     8.5300     8.5299   3.695782   3.697606     2.0291      51.34     0.0349 5.1273e-02 4.2763e+01    107.818 281.682938    5.23530    35.2217    35.2412    27.3669    1486.34    1492.42 0.0000e+00
       2610     99.000     8.4411     8.4412   3.687156   3.688980     2.0275      50.55     0.0365 5.1273e-02 4.2763e+01    108.702 281.682948    5.23325    35.2184    35.2377    27.3782    1486.02    1492.35 0.0000e+00
       2633    100.000     8.3724     8.3710   3.680543   3.682261     2.0249      49.42     0.0350 5.1273e-02 4.2763e+01    109.685 281.682959    5.22189    35.2161    35.2359    27.3871    1485.78    1492.29 0.0000e+00
       2656    101.000     8.3066     8.3070   3.674018   3.675814     2.0206      48.34     0.0356 5.1273e-02 4.2763e+01    110.625 281.682970    5.20647    35.2119    35.2307    27.3939    1485.54    1492.22 0.0000e+00
       2675    102.000     8.2137     8.2132   3.665159   3.666898     2.0170      47.47     0.0386 5.1257e-02 4.2763e+01    111.404 281.682979    5.20673    35.2099    35.2290    27.4066    1485.21    1492.15 0.0000e+00
       2691    103.000     8.1894     8.1890   3.662926   3.664732     2.0137      46.87     0.0376 5.1273e-02 4.2763e+01    112.084 281.682987    5.19652    35.2098    35.2296    27.4103    1485.13    1492.08 0.0000e+00
       2707    104.000     8.1842     8.1838   3.662426   3.664256     2.0105      46.01     0.0354 5.1273e-02 4.2763e+01    112.741 281.682995    5.18509    35.2092    35.2292    27.4106    1485.13    1492.01 0.0000e+00
       2724    105.000     8.1256     8.1233   3.656552   3.658131     2.0068      45.01     0.0331 5.1273e-02 4.2763e+01    113.438 281.683003    5.18029    35.2046    35.2238    27.4159    1484.92    1491.95 0.0000e+00
       2744    106.000     8.0374     8.0379   3.648117   3.650004     2.0026      43.87     0.0339 5.1273e-02 4.2763e+01    114.303 281.683013    5.18375    35.2022    35.2220    27.4274    1484.60    1491.88 0.0000e+00
       2773    107.000     7.9500     7.9514   3.639666   3.641504     1.9982      42.64     0.0350 5.1273e-02 4.2763e+01    115.502 281.683027    5.18321    35.1987    35.2171    27.4378    1484.28    1491.81 0.0000e+00
       2808    108.000     7.8408     7.8417   3.628957   3.630872     1.9914      41.47     0.0316 5.1273e-02 4.2763e+01    116.953 281.683043    5.16003    35.1928    35.2126    27.4495    1483.88    1491.73 0.0000e+00
       2834    109.000     7.8003     7.7995   3.624984   3.626735     1.9851      40.59     0.0343 5.1259e-02 4.2763e+01    118.039 281.683056    5.14082    35.1902    35.2100    27.4535    1483.74    1491.66 0.0000e+00
       2852    110.000     7.7062     7.7064   3.615392   3.617114     1.9806      39.76     0.0341 5.1273e-02 4.2763e+01    118.810 281.683065    5.13905    35.1809    35.1994    27.4602    1483.39    1491.58 0.0000e+00
       2871    111.000     7.5646     7.5635   3.601617   3.603215     1.9764      38.83     0.0352 5.1281e-02 4.2763e+01    119.573 281.683074    5.14062    35.1741    35.1926    27.4756    1482.86    1491.50 0.0000e+00
       2891    112.000     7.5238     7.5234   3.597857   3.599644     1.9712      37.72     0.0369 5.1273e-02 4.2763e+01    120.396 281.683083    5.12035    35.1741    35.1939    27.4815    1482.72    1491.42 0.0000e+00
       2912    113.000     7.5074     7.5069   3.596318   3.598129     1.9649      36.65     0.0389 5.1273e-02 4.2763e+01    121.302 281.683094    5.09297    35.1734    35.1937    27.4834    1482.67    1491.35 0.0000e+00
       2935    114.000     7.4873     7.4860   3.594463   3.596233     1.9570      35.23     0.0362 5.1273e-02 4.1496e+01    122.250 281.683105    5.04902    35.1731    35.1937    27.4860    1482.61    1491.27 0.0000e+00
       2957    115.000     7.4667     7.4650   3.592591   3.594298     1.9471      34.33     0.0359 5.1273e-02 4.2771e+01    123.151 281.683115    5.00876    35.1731    35.1934    27.4890    1482.55    1491.19 0.0000e+00
       2977    116.000     7.4367     7.4350   3.589760   3.591461     1.9388      33.83     0.0388 5.1273e-02 4.2763e+01    123.983 281.683125    4.99554    35.1722    35.1924    27.4926    1482.45    1491.12 0.0000e+00
       2996    117.000     7.3647     7.3623   3.582919   3.584535     1.9320      26.86     0.0373 5.1273e-02 4.2763e+01    124.791 281.683134    4.99511    35.1701    35.1901    27.5014    1482.19    1491.04 0.0000e+00
       3017    118.000     7.3081     7.3070   3.577535   3.579300     1.9262      31.40     0.0362 5.1273e-02 4.2763e+01    125.649 281.683144    4.99396    35.1682    35.1886    27.5080    1481.99    1490.96 0.0000e+00
       3039    119.000     7.2505     7.2502   3.572113   3.573966     1.9207      30.82     0.0359 5.1273e-02 4.2763e+01    126.588 281.683155    4.99241    35.1669    35.1875    27.5152    1481.78    1490.89 0.0000e+00
       3063    120.000     7.2055     7.2061   3.567821   3.569803     1.9169      29.80     0.0370 5.1279e-02 4.2763e+01    127.573 281.683166    5.00705    35.1651    35.1863    27.5202    1481.62    1490.81 0.0000e+00
       3086    121.000     7.1107     7.1134   3.558527   3.560550     1.9157      28.80     0.0369 5.1273e-02 4.2763e+01    128.526 281.683177    5.03463    35.1591    35.1786    27.5289    1481.26    1490.73 0.0000e+00
       3107    122.000     7.0345     7.0354   3.551332   3.553262     1.9157      27.84     0.0384 5.1273e-02 4.2763e+01    129.402 281.683188    5.04423    35.1572    35.1775    27.5381    1480.98    1490.65 0.0000e+00
       3126    123.000     7.0287     7.0281   3.550797   3.552612     1.9148      26.91     0.0388 5.1273e-02 4.2763e+01    130.201 281.683197    5.02910    35.1567    35.1773    27.5385    1480.98    1490.57 0.0000e+00
       3145    124.000     7.0288     7.0285   3.550859   3.552722     1.9126      25.93     0.0378 5.1294e-02 4.2763e+01    131.003 281.683206    5.02071    35.1568    35.1776    27.5386    1480.99    1490.49 0.0000e+00
       3167    125.000     7.0300     7.0293   3.551014   3.552857     1.9112      24.88     0.0391 5.1274e-02 4.2763e+01    131.896 281.683216    5.01917    35.1567    35.1778    27.5384    1481.02    1490.42 0.0000e+00
       3191    126.000     7.0289     7.0282   3.550978   3.552819     1.9092      23.80     0.0418 5.1284e-02 4.2200e+01    132.929 281.683228    5.01133    35.1570    35.1780    27.5387    1481.03    1490.34 0.0000e+00
       3216    127.000     7.0285     7.0278   3.551033   3.552895     1.9073      22.77     0.0442 5.1279e-02 4.2287e+01    133.962 281.683240    5.00996    35.1575    35.1787    27.5392    1481.04    1490.27 0.0000e+00
       3236    128.000     7.0288     7.0282   3.551157   3.553033     1.9064      21.56     0.0425 5.1288e-02 4.2774e+01    134.812 281.683250    5.01449    35.1580    35.1793    27.5396    1481.06    1490.19 0.0000e+00
       3254    129.000     7.0288     7.0281   3.551233   3.553102     1.9064      20.94     0.0398 5.1289e-02 4.2763e+01    135.560 281.683259    5.01687    35.1584    35.1797    27.5398    1481.08    1490.12 0.0000e+00
       3272    130.000     7.0295     7.0287   3.551340   3.553231     1.9059      20.01     0.0384 5.1289e-02 4.2763e+01    136.305 281.683267    5.01135    35.1583    35.1800    27.5397    1481.10    1490.05 0.0000e+00
       3294    131.000     7.0286     7.0280   3.551309   3.553195     1.9047      18.92     0.0407 5.1290e-02 4.2763e+01    137.190 281.683278    5.00634    35.1584    35.1798    27.5399    1481.11    1489.98 0.0000e+00
       3323    132.000     7.0287     7.0280   3.551357   3.553245     1.9043      17.73     0.0395 5.1286e-02 4.2763e+01    138.417 281.683292    5.01285    35.1583    35.1798    27.5398    1481.13    1489.92 0.0000e+00
       3358    133.000     7.0287     7.0280   3.551435   3.553332     1.9035      16.65     0.0401 5.1303e-02 4.2763e+01    139.878 281.683309    5.00231    35.1587    35.1803    27.5401    1481.14    1489.85 0.0000e+00
       3381    134.000     7.0286     7.0281   3.551523   3.553428     1.9019      15.82     0.0430 5.1304e-02 4.2763e+01    140.851 281.683320    4.98994    35.1592    35.1807    27.5406    1481.16    1489.79 0.0000e+00
       3398    135.000     7.0288     7.0281   3.551581   3.553512     1.9004      15.00     0.0446 5.1292e-02 4.2750e+01    141.547 281.683328    4.98631    35.1592    35.1812    27.5405    1481.18    1489.72 0.0000e+00
       3414    136.000     7.0287     7.0281   3.551630   3.553543     1.8995      14.07     0.0429 5.1305e-02 4.1171e+01    142.222 281.683336    4.98979    35.1593    35.1810    27.5406    1481.19    1489.66 0.0000e+00
       3434    137.000     7.0286     7.0281   3.551649   3.553565     1.8990      13.02     0.0430 5.1307e-02 4.2738e+01    143.029 281.683345    4.99404    35.1591    35.1807    27.5405    1481.21    1489.60 0.0000e+00
       3457    138.000     7.0287     7.0282   3.551688   3.553614     1.8986      11.90     0.0409 5.1284e-02 4.2763e+01    144.017 281.683357    4.99682    35.1590    35.1807    27.5403    1481.23    1489.54 0.0000e+00
       3611    139.000     7.0291     7.0286   3.551748   3.553651     1.8972      10.61     0.0413 5.1315e-02 4.2470e+01    150.424 281.683431    4.98868    35.1587    35.1802    27.5401    1481.24    1489.48 0.0000e+00
       4191    140.000     7.0285     7.0277   3.551580   3.553416     1.8897       9.03     0.0422 5.1219e-02 4.3151e+01    174.604 281.683710    4.95640    35.1570    35.1780    27.5388    1481.26    1489.42 0.0000e+00
