_data/ctd/2018/sta0392_2018.cnv
* Sea-Bird SBE 9 Data File:
* FileName = C:\Seabird\CTDData\sta0392.hex
* Software Version Seasave V 7.21f
* Temperature SN = 4557
* Conductivity SN = 1337
* Number of Bytes Per Scan = 40
* Number of Voltage Words = 5
* Number of Scans Averaged by the Deck Unit = 1
* NMEA Latitude = 60 44.94 N
* NMEA Longitude = 002 36.20 E
* NMEA UTC (Time) = Oct 08 2018 04:42:04
* NMEA baud rate = 4800
** Ship: 10 F/F "G. O. Sars"
** Station: 0392
** Echodepth: 123
** Log: 04608.78
** Wind-Dir Force: 25 25
** Air-temp (dry): 9.6
** Weather Sky: 8 8
** Sea Ice: 5 0
# nquan = 20                                
# nvalues = 111                         
# units = specified
# name 0 = scan: Scan Count
# name 1 = prDM: Pressure, Digiquartz [db]
# name 2 = t068C: Temperature [ITS-68, deg C]
# name 3 = t168C: Temperature, 2 [ITS-68, deg C]
# name 4 = c0S/m: Conductivity [S/m]
# name 5 = c1S/m: Conductivity, 2 [S/m]
# name 6 = sbeox0V: Oxygen raw, SBE 43 [V]
# name 7 = altM: Altimeter [m]
# name 8 = flC: Fluorescence, Chelsea Aqua 3 Chl Con [ug/l]
# name 9 = par: PAR/Irradiance, Biospherical/Licor
# name 10 = spar: SPAR/Surface Irradiance
# name 11 = timeS: Time, Elapsed [seconds]
# name 12 = timeJ: Julian Days
# name 13 = sbeox0ML/L: Oxygen, SBE 43 [ml/l], WS = 2
# name 14 = sal00: Salinity, Practical [PSU]
# name 15 = sal11: Salinity, Practical, 2 [PSU]
# name 16 = sigma-t00: Density [sigma-t, Kg/m^3 ]
# name 17 = svCM: Sound Velocity [Chen-Millero, m/s]
# name 18 = avgsvCM: Average Sound Velocity [Chen-Millero, m/s], minP = 1, minS = 5
# name 19 = flag: flag
# span 0 =        -17,       3290       
# span 1 =      8.000,    118.000       
# span 2 =     8.4232,    10.5633       
# span 3 =     8.4252,    10.5629       
# span 4 =   3.688401,   3.883184       
# span 5 =   3.690697,   3.885311       
# span 6 =     1.9658,     2.2957       
# span 7 =       2.41,     101.82       
# span 8 =     0.0231,     0.1561       
# span 9 = 5.1192e-02, 4.4463e-01       
# span 10 = 1.9438e+00, 1.9438e+00      
# span 11 =     -0.737,    137.024      
# span 12 = 281.195894, 281.197489      
# span 13 =    5.02194,    5.81709      
# span 14 =    35.1898,    35.2818      
# span 15 =    35.2119,    35.3034      
# span 16 =    27.0028,    27.3982      
# span 17 =    1486.29,    1492.97      
# span 18 =    1490.63,    1492.55      
# span 19 = 0.0000e+00, 0.0000e+00      
# interval = decibars: 1                
# start_time = Oct 08 2018 04:42:06 [System UTC, header]
# bad_flag = -9.990e-29
*END*
        -17      8.000    10.5554    10.5542   3.880633   3.882709     2.2957      98.45     0.1194 4.4463e-01 -9.990e-29     -0.737 281.195894    5.81709    35.1904    35.2126    27.0042    1492.16    1492.16 0.0000e+00
        320      9.000    10.5541    10.5541   3.880529   3.882721     2.2917      84.17     0.1148 3.9335e-01 1.9438e+00     13.290 281.196057    5.81155    35.1902    35.2123    27.0043    1492.17    1492.16 0.0000e+00
        597     10.000    10.5564    10.5563   3.880794   3.882954     2.2883      97.12     0.1283 3.2120e-01 1.9438e+00     24.822 281.196190    5.78819    35.1902    35.2121    27.0038    1492.20    1492.17 0.0000e+00
        613     11.000    10.5560    10.5567   3.880823   3.883050     2.2870      97.03     0.1214 2.5941e-01 1.9438e+00     25.519 281.196198    5.78573    35.1904    35.2122    27.0041    1492.21    1492.17 0.0000e+00
        631     12.000    10.5588    10.5587   3.881126   3.883313     2.2861      97.07     0.1320 2.3502e-01 1.9438e+00     26.269 281.196207    5.78070    35.1903    35.2125    27.0035    1492.24    1492.18 0.0000e+00
        648     13.000    10.5606    10.5596   3.881367   3.883453     2.2845      50.01     0.1243 1.7371e-01 1.9438e+00     26.975 281.196215    5.77794    35.1905    35.2126    27.0034    1492.26    1492.18 0.0000e+00
        667     14.000    10.5608    10.5606   3.881445   3.883597     2.2842      73.80     0.1205 1.5520e-01 1.9438e+00     27.737 281.196224    5.79330    35.1907    35.2126    27.0034    1492.28    1492.19 0.0000e+00
        687     15.000    10.5609    10.5607   3.881493   3.883649     2.2859      96.70     0.1367 1.3053e-01 1.9438e+00     28.580 281.196234    5.80113    35.1906    35.2126    27.0034    1492.30    1492.20 0.0000e+00
        708     16.000    10.5607    10.5606   3.881509   3.883657     2.2860      96.79     0.1252 1.2789e-01 1.9438e+00     29.464 281.196244    5.78721    35.1905    35.2123    27.0033    1492.31    1492.21 0.0000e+00
        734     17.000    10.5564    10.5567   3.881108   3.883302     2.2845      96.48     0.1317 1.1058e-01 -9.990e-29     30.523 281.196256    5.79162    35.1901    35.2120    27.0038    1492.31    1492.21 0.0000e+00
        770     18.000    10.5578    10.5575   3.881259   3.883414     2.2862      94.64     0.1218 1.0162e-01 -9.990e-29     32.030 281.196273    5.79721    35.1898    35.2119    27.0033    1492.34    1492.22 0.0000e+00
        812     19.000    10.5612    10.5594   3.881660   3.883672     2.2837      44.12     0.1139 8.6658e-02 1.9438e+00     33.793 281.196294    5.77811    35.1901    35.2122    27.0030    1492.36    1492.23 0.0000e+00
        845     20.000    10.5611    10.5604   3.881720   3.883833     2.2824     101.82     0.1115 6.6435e-02 1.9438e+00     35.158 281.196310    5.78930    35.1904    35.2124    27.0032    1492.38    1492.23 0.0000e+00
        863     21.000    10.5620    10.5617   3.881854   3.884013     2.2837      63.05     0.1104 5.3484e-02 1.9438e+00     35.922 281.196319    5.79857    35.1904    35.2125    27.0030    1492.40    1492.24 0.0000e+00
        878     22.000    10.5617    10.5615   3.881903   3.884046     2.2842      10.37     0.1082 5.1473e-02 1.9438e+00     36.534 281.196326    5.79796    35.1907    35.2126    27.0033    1492.42    1492.25 0.0000e+00
        892     23.000    10.5616    10.5615   3.881931   3.884107     2.2847      71.28     0.1097 5.1301e-02 1.9438e+00     37.111 281.196332    5.79327    35.1907    35.2128    27.0033    1492.43    1492.26 0.0000e+00
        906     24.000    10.5623    10.5619   3.882017   3.884184     2.2839      98.38     0.1086 5.1263e-02 1.9438e+00     37.688 281.196339    5.78688    35.1904    35.2127    27.0030    1492.45    1492.27 0.0000e+00
        923     25.000    10.5622    10.5621   3.882050   3.884203     2.2832      97.52     0.1073 5.1266e-02 1.9438e+00     38.417 281.196347    5.78779    35.1904    35.2122    27.0030    1492.47    1492.27 0.0000e+00
        948     26.000    10.5623    10.5620   3.882088   3.884242     2.2831      96.55     0.1114 5.1263e-02 1.9438e+00     39.450 281.196359    5.79282    35.1902    35.2123    27.0028    1492.48    1492.28 0.0000e+00
        980     27.000    10.5620    10.5617   3.882092   3.884259     2.2829      95.02     0.1075 5.1261e-02 1.9438e+00     40.794 281.196375    5.79121    35.1901    35.2123    27.0028    1492.50    1492.29 0.0000e+00
       1015     28.000    10.5616    10.5614   3.882131   3.884269     2.2833      93.72     0.1053 5.1265e-02 1.9438e+00     42.230 281.196392    5.79458    35.1904    35.2122    27.0031    1492.51    1492.30 0.0000e+00
       1045     29.000    10.5611    10.5608   3.882154   3.884289     2.2826      92.75     0.1015 5.1255e-02 -9.990e-29     43.498 281.196406    5.78770    35.1906    35.2125    27.0034    1492.53    1492.31 0.0000e+00
       1066     30.000    10.5608    10.5606   3.882209   3.884344     2.2820      91.96     0.1020 5.1265e-02 -9.990e-29     44.355 281.196416    5.78298    35.1910    35.2128    27.0037    1492.54    1492.31 0.0000e+00
       1082     31.000    10.5613    10.5612   3.882303   3.884463     2.2808      91.27     0.1034 5.1254e-02 -9.990e-29     45.040 281.196424    5.77366    35.1910    35.2130    27.0036    1492.56    1492.32 0.0000e+00
       1097     32.000    10.5615    10.5613   3.882357   3.884495     2.2791      90.67     0.1046 5.1263e-02 1.9438e+00     45.667 281.196431    5.77001    35.1909    35.2127    27.0035    1492.58    1492.33 0.0000e+00
       1113     33.000    10.5618    10.5616   3.882435   3.884578     2.2783      89.58     0.1075 5.1214e-02 1.9438e+00     46.326 281.196439    5.77458    35.1910    35.2128    27.0035    1492.60    1492.34 0.0000e+00
       1131     34.000    10.5619    10.5615   3.882494   3.884602     2.2779      88.51     0.1063 5.1249e-02 1.9438e+00     47.065 281.196448    5.77592    35.1910    35.2127    27.0035    1492.61    1492.35 0.0000e+00
       1151     35.000    10.5623    10.5621   3.882523   3.884708     2.2770      87.41     0.1056 5.1247e-02 1.9438e+00     47.903 281.196457    5.77135    35.1904    35.2127    27.0030    1492.63    1492.35 0.0000e+00
       1181     36.000    10.5626    10.5622   3.882609   3.884757     2.2769      86.07     0.1114 5.1244e-02 1.9438e+00     49.157 281.196472    5.78179    35.1906    35.2127    27.0031    1492.65    1492.36 0.0000e+00
       1257     37.000    10.5630    10.5626   3.882711   3.884850     2.2792      84.51     0.1253 5.1228e-02 -9.990e-29     52.345 281.196509    5.78496    35.1907    35.2128    27.0031    1492.67    1492.37 0.0000e+00
       1281     38.000    10.5627    10.5626   3.882774   3.884917     2.2785      84.06     0.1274 5.1208e-02 -9.990e-29     53.342 281.196520    5.77954    35.1912    35.2130    27.0035    1492.68    1492.38 0.0000e+00
       1297     39.000    10.5633    10.5629   3.882886   3.885030     2.2777      83.37     0.1236 5.1235e-02 1.9438e+00     54.007 281.196528    5.77467    35.1913    35.2134    27.0035    1492.70    1492.39 0.0000e+00
       1312     40.000    10.5616    10.5614   3.882802   3.884945     2.2768      82.56     0.1195 5.1211e-02 1.9438e+00     54.605 281.196535    5.76976    35.1916    35.2135    27.0041    1492.71    1492.40 0.0000e+00
       1326     41.000    10.5609    10.5608   3.882792   3.884959     2.2756      81.66     0.1155 5.1231e-02 1.9438e+00     55.223 281.196542    5.76469    35.1918    35.2138    27.0043    1492.73    1492.40 0.0000e+00
       1351     42.000    10.5595    10.5594   3.882702   3.884872     2.2734      80.36     0.1118 5.1192e-02 1.9438e+00     56.237 281.196554    5.75726    35.1917    35.2138    27.0045    1492.74    1492.41 0.0000e+00
       1384     43.000    10.5607    10.5608   3.882864   3.885041     2.2710      79.06     0.1110 5.1226e-02 1.9438e+00     57.614 281.196570    5.76255    35.1918    35.2137    27.0043    1492.76    1492.42 0.0000e+00
       1409     44.000    10.5616    10.5612   3.882996   3.885133     2.2719      78.02     0.1120 5.1223e-02 1.9438e+00     58.684 281.196582    5.78116    35.1918    35.2138    27.0042    1492.78    1492.43 0.0000e+00
       1432     45.000    10.5612    10.5612   3.883039   3.885189     2.2742      77.00     0.1113 5.1240e-02 1.9438e+00     59.605 281.196593    5.78809    35.1921    35.2139    27.0045    1492.79    1492.44 0.0000e+00
       1454     46.000    10.5610    10.5611   3.882999   3.885156     2.2747      75.96     0.1160 5.1223e-02 1.9438e+00     60.538 281.196603    5.77731    35.1915    35.2132    27.0040    1492.81    1492.44 0.0000e+00
       1478     47.000    10.5603    10.5602   3.882947   3.885100     2.2737      74.87     0.1214 5.1207e-02 1.9438e+00     61.522 281.196615    5.77370    35.1911    35.2130    27.0039    1492.82    1492.45 0.0000e+00
       1502     48.000    10.5601    10.5599   3.882970   3.885101     2.2742      73.79     0.1196 5.1207e-02 1.9438e+00     62.525 281.196626    5.78763    35.1911    35.2129    27.0039    1492.84    1492.46 0.0000e+00
       1523     49.000    10.5601    10.5598   3.883013   3.885149     2.2757      72.89     0.1214 5.1244e-02 -9.990e-29     63.426 281.196637    5.79080    35.1911    35.2130    27.0039    1492.86    1492.47 0.0000e+00
       1543     50.000    10.5606    10.5602   3.883152   3.885262     2.2756      72.07     0.1199 5.1243e-02 -9.990e-29     64.233 281.196646    5.77840    35.1916    35.2133    27.0042    1492.87    1492.48 0.0000e+00
       1561     51.000    10.5603    10.5600   3.883184   3.885311     2.2742      71.35     0.1195 5.1239e-02 -9.990e-29     65.002 281.196655    5.76500    35.1917    35.2135    27.0044    1492.89    1492.48 0.0000e+00
       1579     52.000    10.5591    10.5590   3.883109   3.885257     2.2721      70.55     0.1234 5.1225e-02 -9.990e-29     65.733 281.196664    5.75788    35.1916    35.2135    27.0045    1492.90    1492.49 0.0000e+00
       1595     53.000    10.5587    10.5586   3.883114   3.885269     2.2705      69.65     0.1207 5.1219e-02 1.9438e+00     66.426 281.196672    5.76092    35.1916    35.2135    27.0046    1492.92    1492.50 0.0000e+00
       1611     54.000    10.5587    10.5583   3.883164   3.885303     2.2701      68.70     0.1182 5.1210e-02 1.9438e+00     67.098 281.196679    5.76845    35.1917    35.2137    27.0046    1492.93    1492.51 0.0000e+00
       1628     55.000    10.5567    10.5560   3.883093   3.885204     2.2701      67.63     0.1295 5.1256e-02 1.9438e+00     67.802 281.196687    5.77577    35.1924    35.2145    27.0056    1492.94    1492.52 0.0000e+00
       1648     56.000    10.5532    10.5526   3.882855   3.884955     2.2712      66.46     0.1337 5.1246e-02 1.9438e+00     68.611 281.196697    5.78511    35.1929    35.2148    27.0066    1492.95    1492.52 0.0000e+00
       1679     57.000    10.5480    10.5487   3.882479   3.884699     2.2725      65.17     0.1561 5.1229e-02 1.9438e+00     69.921 281.196712    5.78716    35.1937    35.2155    27.0081    1492.95    1492.53 0.0000e+00
       1784     58.000    10.5486    10.5517   3.882565   3.884949     2.2750      63.56     0.1212 5.1247e-02 -9.990e-29     74.272 281.196762    5.79018    35.1935    35.2147    27.0079    1492.97    1492.54 0.0000e+00
       1798     59.000    10.5354    10.5353   3.881568   3.883699     2.2748      63.16     0.1395 5.1241e-02 1.9438e+00     74.893 281.196770    5.78631    35.1958    35.2174    27.0119    1492.94    1492.55 0.0000e+00
       1815     60.000    10.5289    10.5295   3.880993   3.883159     2.2736      62.48     0.1355 5.1237e-02 1.9438e+00     75.579 281.196778    5.77491    35.1958    35.2171    27.0131    1492.93    1492.55 0.0000e+00
       1830     61.000    10.4583    10.4554   3.875119   3.876846     2.2717      61.68     0.1265 5.1255e-02 1.9438e+00     76.221 281.196785    5.77645    35.2041    35.2244    27.0321    1492.71    1492.55 0.0000e+00
       1846     62.000    10.3956    10.3909   3.869916   3.871576     2.2705      60.76     0.1134 5.1246e-02 1.9438e+00     76.886 281.196793    5.77857    35.2116    35.2330    27.0489    1492.51    1492.55 0.0000e+00
       1864     63.000    10.3549    10.3530   3.866393   3.868254     2.2680      59.76     0.1056 5.1257e-02 1.9438e+00     77.621 281.196801    5.76549    35.2148    35.2355    27.0586    1492.39    1492.55 0.0000e+00
       1882     64.000    10.3145    10.3105   3.863012   3.864771     2.2641      58.89     0.0961 5.1235e-02 1.9438e+00     78.379 281.196810    5.75300    35.2192    35.2409    27.0691    1492.27    1492.55 0.0000e+00
       1902     65.000    10.3051    10.3034   3.862229   3.864183     2.2597      57.50     0.0894 5.1260e-02 1.9438e+00     79.215 281.196820    5.73324    35.2199    35.2414    27.0713    1492.25    1492.54 0.0000e+00
       1927     66.000    10.2901    10.2888   3.861014   3.863006     2.2526      56.37     0.0929 5.1258e-02 -9.990e-29     80.263 281.196832    5.70459    35.2216    35.2431    27.0752    1492.22    1492.54 0.0000e+00
       1971     67.000    10.2670    10.2873   3.858878   3.862707     2.2400      54.97     0.0797 5.1270e-02 -9.990e-29     82.064 281.196853    5.66973    35.2218    35.2411    27.0794    1492.15    1492.53 0.0000e+00
       2044     68.000    10.0405    10.1559   3.840046   3.851224     2.2278      53.79     0.0834 5.1273e-02 -9.990e-29     85.134 281.196888    5.68501    35.2495    35.2514    27.1404    1491.39    1492.51 0.0000e+00
       2066     69.000     9.9189     9.9138   3.828460   3.829970     2.2244      53.25     0.0680 5.1273e-02 -9.990e-29     86.050 281.196899    5.66748    35.2490    35.2695    27.1608    1490.97    1492.49 0.0000e+00
       2083     70.000     9.7612     9.7658   3.814748   3.816994     2.2192      52.52     0.0589 5.1273e-02 -9.990e-29     86.756 281.196907    5.65460    35.2618    35.2805    27.1977    1490.44    1492.46 0.0000e+00
       2098     71.000     9.6773     9.6775   3.807404   3.809137     2.2140      51.85     0.0527 5.1273e-02 1.9438e+00     87.378 281.196914    5.63038    35.2679    35.2856    27.2166    1490.16    1492.43 0.0000e+00
       2113     72.000     9.5699     9.5696   3.797782   3.799591     2.2063      50.90     0.0472 5.1273e-02 1.9438e+00     87.997 281.196921    5.59621    35.2734    35.2924    27.2389    1489.79    1492.39 0.0000e+00
       2131     73.000     9.5169     9.5168   3.793155   3.795012     2.1945      49.80     0.0397 5.1273e-02 1.9438e+00     88.758 281.196930    5.54924    35.2771    35.2965    27.2507    1489.62    1492.36 0.0000e+00
       2153     74.000     9.4730     9.4730   3.789097   3.791005     2.1810      48.65     0.0364 5.1273e-02 1.9438e+00     89.651 281.196940    5.52136    35.2778    35.2976    27.2586    1489.48    1492.32 0.0000e+00
       2176     75.000     9.4187     9.4181   3.784033   3.785909     2.1688      47.78     0.0305 5.1273e-02 1.9438e+00     90.624 281.196952    5.50268    35.2782    35.2983    27.2679    1489.30    1492.28 0.0000e+00
       2202     76.000     9.3566     9.3560   3.778283   3.780132     2.1573      46.48     0.0292 5.1273e-02 1.9438e+00     91.692 281.196964    5.49183    35.2792    35.2990    27.2790    1489.09    1492.23 0.0000e+00
       2272     77.000     9.4273     9.3543   3.784672   3.779986     2.1409      45.03     0.0373 5.1268e-02 1.9438e+00     94.639 281.196998    5.46909    35.2754    35.2987    27.2643    1489.36    1492.20 0.0000e+00
       2335     78.000     9.3056     9.2739   3.773617   3.772573     2.1328      44.32     0.0377 5.1273e-02 1.9438e+00     97.270 281.197028    5.48720    35.2800    35.3004    27.2880    1488.94    1492.16 0.0000e+00
       2350     79.000     9.2387     9.2388   3.767498   3.769428     2.1332      43.57     0.0320 5.1273e-02 1.9438e+00     97.861 281.197036    5.49595    35.2818    35.3018    27.3004    1488.71    1492.11 0.0000e+00
