_data/ctd/2018/sta0384_2018.cnv
* Sea-Bird SBE 9 Data File:
* FileName = C:\Seabird\CTDData\sta0384.hex
* Software Version Seasave V 7.21f
* Temperature SN = 4557
* Conductivity SN = 1337
* Number of Bytes Per Scan = 40
* Number of Voltage Words = 5
* Number of Scans Averaged by the Deck Unit = 1
* NMEA Latitude = 60 45.02 N
* NMEA Longitude = 004 27.00 E
* NMEA UTC (Time) = Oct 07 2018 00:41:30
* NMEA baud rate = 4800
** Ship: 10 F/F "G. O. Sars"
** Station: 0384
** Echodepth: 371
** Log: 4492.703
** Wind-Dir Force: 29 12
** Air-temp (dry): 8.2
** Weather Sky: 2 7
** Sea Ice: 3 0
# nquan = 20                                
# nvalues = 360                         
# units = specified
# name 0 = scan: Scan Count
# name 1 = prDM: Pressure, Digiquartz [db]
# name 2 = t068C: Temperature [ITS-68, deg C]
# name 3 = t168C: Temperature, 2 [ITS-68, deg C]
# name 4 = c0S/m: Conductivity [S/m]
# name 5 = c1S/m: Conductivity, 2 [S/m]
# name 6 = sbeox0V: Oxygen raw, SBE 43 [V]
# name 7 = altM: Altimeter [m]
# name 8 = flC: Fluorescence, Chelsea Aqua 3 Chl Con [ug/l]
# name 9 = par: PAR/Irradiance, Biospherical/Licor
# name 10 = spar: SPAR/Surface Irradiance
# name 11 = timeS: Time, Elapsed [seconds]
# name 12 = timeJ: Julian Days
# name 13 = sbeox0ML/L: Oxygen, SBE 43 [ml/l], WS = 2
# name 14 = sal00: Salinity, Practical [PSU]
# name 15 = sal11: Salinity, Practical, 2 [PSU]
# name 16 = sigma-t00: Density [sigma-t, Kg/m^3 ]
# name 17 = svCM: Sound Velocity [Chen-Millero, m/s]
# name 18 = avgsvCM: Average Sound Velocity [Chen-Millero, m/s], minP = 1, minS = 5
# name 19 = flag: flag
# span 0 =        349,       9069       
# span 1 =      4.000,    363.000       
# span 2 =     6.3990,    12.7281       
# span 3 =     6.3989,    12.7306       
# span 4 =   3.494829,   3.903593       
# span 5 =   3.497519,   3.906653       
# span 6 =     1.9922,     2.3161       
# span 7 =      14.41,      99.85       
# span 8 =     0.0172,     0.6149       
# span 9 = 5.1201e-02, 1.0238e+00       
# span 10 = 1.9438e+00, 1.9438e+00      
# span 11 =     14.493,    377.829      
# span 12 = 280.029010, 280.033216      
# span 13 =    5.32234,    5.88379      
# span 14 =    32.7826,    35.2258      
# span 15 =    32.8102,    35.2557      
# span 16 =    24.7324,    27.5750      
# span 17 =    1480.72,    1497.11      
# span 18 =    1485.92,    1496.82      
# span 19 = 0.0000e+00, 0.0000e+00      
# interval = decibars: 1                
# start_time = Oct 07 2018 00:41:32 [System UTC, header]
# bad_flag = -9.990e-29
*END*
[from data line 290]
       6896    294.000     6.4013     6.4015   3.494932   3.497629     2.0235      96.70     0.0243 5.1267e-02 1.9438e+00    287.279 280.032168    5.63775    35.0931    35.1230    27.5741    1481.26    1486.89 0.0000e+00
       6919    295.000     6.4012     6.4021   3.494986   3.497736     2.0221      81.84     0.0232 5.1235e-02 1.9438e+00    288.264 280.032179    5.64331    35.0933    35.1231    27.5742    1481.28    1486.87 0.0000e+00
       6942    296.000     6.4010     6.4013   3.495007   3.497716     2.0224      81.33     0.0233 5.1248e-02 1.9438e+00    289.224 280.032190    5.65857    35.0932    35.1232    27.5742    1481.30    1486.85 0.0000e+00
       6965    297.000     6.4014     6.4016   3.495096   3.497790     2.0234      80.15     0.0261 5.1240e-02 1.9438e+00    290.161 280.032201    5.65915    35.0933    35.1232    27.5742    1481.31    1486.83 0.0000e+00
       6986    298.000     6.4026     6.4025   3.495264   3.497925     2.0234      78.41     0.0292 5.1215e-02 1.9438e+00    291.037 280.032211    5.65651    35.0934    35.1233    27.5742    1481.34    1486.81 0.0000e+00
       7005    299.000     6.4026     6.4025   3.495306   3.497975     2.0237      76.55     0.0276 5.1258e-02 1.9438e+00    291.834 280.032220    5.65873    35.0934    35.1233    27.5741    1481.35    1486.79 0.0000e+00
       7023    300.000     6.4021     6.4020   3.495300   3.497976     2.0236      76.28     0.0268 5.1239e-02 1.9438e+00    292.582 280.032229    5.65440    35.0934    35.1234    27.5742    1481.37    1486.77 0.0000e+00
       7040    301.000     6.4018     6.4012   3.495329   3.497939     2.0233      75.94     0.0277 5.1233e-02 1.9438e+00    293.310 280.032237    5.64656    35.0935    35.1233    27.5743    1481.38    1486.76 0.0000e+00
       7059    302.000     6.4004     6.3998   3.495224   3.497846     2.0221      75.74     0.0287 5.1237e-02 1.9438e+00    294.092 280.032246    5.64146    35.0932    35.1231    27.5743    1481.39    1486.74 0.0000e+00
       7081    303.000     6.3990     6.3991   3.495135   3.497826     2.0212      74.81     0.0281 5.1201e-02 1.9438e+00    295.016 280.032257    5.63892    35.0932    35.1231    27.5744    1481.40    1486.72 0.0000e+00
       7108    304.000     6.3990     6.3989   3.495175   3.497840     2.0201      73.65     0.0259 5.1253e-02 1.9438e+00    296.139 280.032270    5.64606    35.0931    35.1230    27.5744    1481.42    1486.70 0.0000e+00
       7137    305.000     6.4003     6.4001   3.495334   3.497993     2.0206      72.60     0.0220 5.1230e-02 1.9438e+00    297.341 280.032284    5.65819    35.0931    35.1230    27.5742    1481.44    1486.69 0.0000e+00
       7161    306.000     6.4004     6.4002   3.495395   3.498065     2.0217      71.58     0.0237 5.1232e-02 1.9438e+00    298.351 280.032296    5.66285    35.0931    35.1232    27.5742    1481.46    1486.67 0.0000e+00
       7182    307.000     6.4001     6.3997   3.495417   3.498065     2.0221      70.65     0.0229 5.1251e-02 1.9438e+00    299.189 280.032306    5.66022    35.0932    35.1232    27.5743    1481.47    1486.65 0.0000e+00
       7202    308.000     6.3994     6.3989   3.495406   3.498056     2.0222      69.77     0.0256 5.1246e-02 1.9438e+00    300.041 280.032315    5.66020    35.0933    35.1234    27.5745    1481.49    1486.64 0.0000e+00
       7222    309.000     6.3994     6.3992   3.495451   3.498119     2.0224      68.78     0.0251 5.1244e-02 1.9438e+00    300.892 280.032325    5.66158    35.0933    35.1233    27.5745    1481.50    1486.62 0.0000e+00
       7242    310.000     6.3992     6.3991   3.495494   3.498156     2.0225      67.76     0.0243 5.1250e-02 1.9438e+00    301.723 280.032335    5.66152    35.0935    35.1233    27.5746    1481.52    1486.60 0.0000e+00
       7262    311.000     6.3992     6.3990   3.495533   3.498206     2.0225      66.79     0.0232 5.1244e-02 1.9438e+00    302.521 280.032344    5.65995    35.0934    35.1235    27.5746    1481.54    1486.59 0.0000e+00
       7281    312.000     6.3994     6.3992   3.495593   3.498263     2.0223      65.82     0.0220 5.1235e-02 1.9438e+00    303.321 280.032353    5.65734    35.0933    35.1234    27.5745    1481.55    1486.57 0.0000e+00
       7301    313.000     6.3995     6.3994   3.495651   3.498311     2.0217      64.74     0.0243 5.1245e-02 1.9438e+00    304.159 280.032363    5.64905    35.0934    35.1232    27.5745    1481.57    1486.55 0.0000e+00
       7322    314.000     6.3998     6.3997   3.495719   3.498382     2.0205      63.49     0.0244 5.1247e-02 1.9438e+00    305.042 280.032373    5.64446    35.0933    35.1232    27.5745    1481.59    1486.54 0.0000e+00
       7345    315.000     6.3998     6.3999   3.495765   3.498451     2.0197      62.04     0.0230 5.1260e-02 1.9438e+00    305.980 280.032384    5.65030    35.0933    35.1232    27.5745    1481.60    1486.52 0.0000e+00
       7368    316.000     6.4001     6.4001   3.495827   3.498519     2.0197      61.33     0.0217 5.1267e-02 1.9438e+00    306.957 280.032395    5.65461    35.0932    35.1233    27.5743    1481.62    1486.51 0.0000e+00
       7391    317.000     6.4001     6.4000   3.495872   3.498544     2.0197      60.36     0.0228 5.1254e-02 1.9438e+00    307.932 280.032407    5.65535    35.0932    35.1232    27.5743    1481.64    1486.49 0.0000e+00
       7414    318.000     6.3999     6.3997   3.495908   3.498567     2.0197      59.56     0.0241 5.1267e-02 1.9438e+00    308.854 280.032417    5.65610    35.0933    35.1232    27.5744    1481.65    1486.48 0.0000e+00
       7435    319.000     6.4000     6.3998   3.495943   3.498621     2.0197      58.68     0.0252 5.1266e-02 1.9438e+00    309.747 280.032428    5.65666    35.0931    35.1232    27.5742    1481.67    1486.46 0.0000e+00
       7455    320.000     6.4004     6.4003   3.496038   3.498722     2.0197      57.73     0.0253 5.1273e-02 1.9438e+00    310.587 280.032437    5.65673    35.0933    35.1233    27.5743    1481.69    1486.45 0.0000e+00
       7474    321.000     6.4010     6.4007   3.496144   3.498791     2.0196      56.78     0.0230 5.1273e-02 1.9438e+00    311.381 280.032447    5.65774    35.0933    35.1232    27.5743    1481.71    1486.43 0.0000e+00
       7493    322.000     6.4008     6.4004   3.496176   3.498809     2.0196      55.78     0.0229 5.1265e-02 1.9438e+00    312.159 280.032456    5.65861    35.0934    35.1232    27.5744    1481.72    1486.42 0.0000e+00
       7511    323.000     6.4003     6.4002   3.496176   3.498841     2.0197      54.33     0.0227 5.1273e-02 1.9438e+00    312.933 280.032464    5.65332    35.0934    35.1233    27.5744    1481.74    1486.40 0.0000e+00
       7531    324.000     6.4003     6.4003   3.496223   3.498912     2.0186      53.60     0.0224 5.1273e-02 1.9438e+00    313.748 280.032474    5.64571    35.0934    35.1234    27.5744    1481.75    1486.39 0.0000e+00
       7554    325.000     6.4007     6.4007   3.496329   3.499000     2.0177      52.60     0.0233 5.1273e-02 1.9438e+00    314.705 280.032485    5.64486    35.0937    35.1235    27.5746    1481.77    1486.37 0.0000e+00
       7585    326.000     6.4006     6.4001   3.496350   3.498995     2.0172      51.46     0.0225 5.1277e-02 1.9438e+00    316.013 280.032500    5.65162    35.0935    35.1236    27.5745    1481.79    1486.36 0.0000e+00
       7619    327.000     6.4007     6.4007   3.496439   3.499097     2.0176      50.43     0.0254 5.1267e-02 -9.990e-29    317.397 280.032516    5.66285    35.0939    35.1236    27.5748    1481.81    1486.35 0.0000e+00
       7639    328.000     6.4012     6.4010   3.496524   3.499175     2.0185      46.36     0.0233 5.1273e-02 -9.990e-29    318.249 280.032526    5.66430    35.0938    35.1236    27.5747    1481.82    1486.33 0.0000e+00
       7655    329.000     6.4005     6.4003   3.496512   3.499173     2.0185      48.37     0.0230 5.1273e-02 -9.990e-29    318.900 280.032534    5.65973    35.0939    35.1238    27.5748    1481.84    1486.32 0.0000e+00
       7671    330.000     6.4007     6.4005   3.496572   3.499235     2.0185      47.87     0.0238 5.1273e-02 -9.990e-29    319.580 280.032541    5.65996    35.0939    35.1238    27.5748    1481.86    1486.30 0.0000e+00
       7693    331.000     6.4008     6.4006   3.496604   3.499264     2.0183      46.75     0.0240 5.1262e-02 1.9438e+00    320.493 280.032552    5.65559    35.0936    35.1235    27.5746    1481.87    1486.29 0.0000e+00
       7724    332.000     6.4008     6.4006   3.496650   3.499304     2.0179      45.23     0.0240 5.1273e-02 1.9438e+00    321.808 280.032567    5.65725    35.0936    35.1235    27.5746    1481.89    1486.28 0.0000e+00
       7758    333.000     6.4004     6.4002   3.496683   3.499331     2.0173      44.02     0.0225 5.1278e-02 1.9438e+00    323.217 280.032584    5.65091    35.0939    35.1237    27.5748    1481.90    1486.26 0.0000e+00
       7780    334.000     6.4002     6.3999   3.496711   3.499341     2.0165      43.15     0.0235 5.1273e-02 1.9438e+00    324.135 280.032594    5.64661    35.0939    35.1236    27.5749    1481.92    1486.25 0.0000e+00
       7797    335.000     6.3998     6.3995   3.496712   3.499346     2.0161      42.73     0.0227 5.1273e-02 1.9438e+00    324.827 280.032602    5.64814    35.0938    35.1236    27.5749    1481.93    1486.24 0.0000e+00
       7813    336.000     6.4005     6.4003   3.496830   3.499481     2.0156      41.79     0.0257 5.1273e-02 1.9438e+00    325.513 280.032610    5.64798    35.0939    35.1238    27.5748    1481.95    1486.23 0.0000e+00
       7832    337.000     6.4009     6.4006   3.496899   3.499547     2.0153      40.77     0.0237 5.1273e-02 1.9438e+00    326.300 280.032619    5.65361    35.0938    35.1237    27.5747    1481.97    1486.21 0.0000e+00
       7855    338.000     6.4011     6.4010   3.496957   3.499616     2.0155      39.72     0.0237 5.1273e-02 1.9438e+00    327.238 280.032630    5.64893    35.0937    35.1235    27.5746    1481.99    1486.20 0.0000e+00
       7881    339.000     6.4011     6.4010   3.497003   3.499648     2.0144      38.66     0.0227 5.1273e-02 1.9438e+00    328.341 280.032643    5.64379    35.0937    35.1234    27.5746    1482.00    1486.19 0.0000e+00
       7909    340.000     6.4009     6.4008   3.497029   3.499688     2.0139      37.21     0.0219 5.1262e-02 1.9438e+00    329.516 280.032656    5.64184    35.0937    35.1235    27.5746    1482.02    1486.18 0.0000e+00
       7933    341.000     6.4008     6.4005   3.497083   3.499716     2.0126      36.09     0.0251 5.1273e-02 1.9438e+00    330.486 280.032668    5.63584    35.0939    35.1237    27.5748    1482.04    1486.16 0.0000e+00
       7951    342.000     6.4002     6.3999   3.497082   3.499720     2.0122      35.01     0.0264 5.1273e-02 1.9438e+00    331.240 280.032676    5.63268    35.0940    35.1238    27.5750    1482.05    1486.15 0.0000e+00
       7967    343.000     6.4004     6.4001   3.497142   3.499800     2.0109      32.81     0.0246 5.1282e-02 1.9438e+00    331.933 280.032684    5.62619    35.0940    35.1240    27.5749    1482.07    1486.14 0.0000e+00
       7984    344.000     6.4004     6.4003   3.497186   3.499850     2.0101      33.41     0.0260 5.1273e-02 1.9438e+00    332.614 280.032692    5.63148    35.0940    35.1238    27.5749    1482.08    1486.13 0.0000e+00
       8004    345.000     6.4005     6.4004   3.497218   3.499891     2.0100      32.40     0.0244 5.1273e-02 1.9438e+00    333.448 280.032702    5.64317    35.0937    35.1237    27.5747    1482.10    1486.12 0.0000e+00
       8037    346.000     6.4008     6.4003   3.497285   3.499935     2.0116      31.20     0.0262 5.1276e-02 -9.990e-29    334.839 280.032718    5.65538    35.0937    35.1238    27.5746    1482.12    1486.10 0.0000e+00
       8084    347.000     6.4008     6.4005   3.497343   3.499990     2.0124      30.00     0.0279 5.1282e-02 -9.990e-29    336.777 280.032740    5.64892    35.0938    35.1237    27.5747    1482.14    1486.09 0.0000e+00
       8107    348.000     6.4008     6.4007   3.497419   3.500068     2.0124      28.30     0.0271 5.1273e-02 1.9438e+00    337.734 280.032752    5.65020    35.0942    35.1239    27.5750    1482.15    1486.08 0.0000e+00
       8123    349.000     6.4013     6.4011   3.497501   3.500147     2.0124      24.79     0.0273 5.1283e-02 1.9438e+00    338.412 280.032759    5.65085    35.0941    35.1238    27.5748    1482.17    1486.07 0.0000e+00
       8138    350.000     6.4014     6.4014   3.497538   3.500202     2.0124      27.27     0.0255 5.1282e-02 1.9438e+00    339.050 280.032767    5.65006    35.0939    35.1236    27.5747    1482.19    1486.06 0.0000e+00
       8156    351.000     6.4010     6.4008   3.497575   3.500229     2.0122      25.77     0.0240 5.1281e-02 1.9438e+00    339.782 280.032775    5.64217    35.0942    35.1240    27.5750    1482.20    1486.05 0.0000e+00
       8178    352.000     6.4009     6.4007   3.497613   3.500260     2.0108      25.57     0.0213 5.1279e-02 1.9438e+00    340.708 280.032786    5.63499    35.0942    35.1240    27.5750    1482.22    1486.04 0.0000e+00
       8209    353.000     6.4011     6.4008   3.497655   3.500312     2.0100      24.58     0.0238 5.1277e-02 1.9438e+00    342.013 280.032801    5.64230    35.0940    35.1240    27.5748    1482.24    1486.03 0.0000e+00
       8247    354.000     6.4011     6.4010   3.497723   3.500376     2.0099      23.44     0.0272 5.1283e-02 1.9438e+00    343.569 280.032819    5.64525    35.0942    35.1240    27.5750    1482.25    1486.02 0.0000e+00
       8271    355.000     6.4015     6.4014   3.497795   3.500447     2.0100      22.67     0.0247 5.1288e-02 1.9438e+00    344.585 280.032831    5.64664    35.0941    35.1239    27.5749    1482.27    1486.01 0.0000e+00
       8289    356.000     6.4016     6.4014   3.497840   3.500502     2.0100      21.84     0.0256 5.1273e-02 1.9438e+00    345.337 280.032840    5.64642    35.0940    35.1240    27.5748    1482.29    1485.99 0.0000e+00
       8308    357.000     6.4016     6.4015   3.497900   3.500556     2.0099      20.86     0.0226 5.1280e-02 1.9438e+00    346.130 280.032849    5.64728    35.0942    35.1240    27.5749    1482.30    1485.98 0.0000e+00
       8329    358.000     6.4017     6.4015   3.497955   3.500606     2.0100      20.00     0.0210 5.1294e-02 1.9438e+00    346.987 280.032859    5.64494    35.0942    35.1240    27.5749    1482.32    1485.97 0.0000e+00
       8349    359.000     6.4017     6.4017   3.498005   3.500659     2.0093      18.92     0.0204 5.1281e-02 1.9438e+00    347.838 280.032868    5.63785    35.0943    35.1239    27.5749    1482.34    1485.96 0.0000e+00
       8369    360.000     6.4018     6.4017   3.498057   3.500723     2.0088      17.91     0.0237 5.1273e-02 1.9438e+00    348.682 280.032878    5.64081    35.0942    35.1241    27.5749    1482.35    1485.95 0.0000e+00
       8536    361.000     6.4023     6.4020   3.498140   3.500796     2.0082      16.47     0.0236 5.1277e-02 1.9438e+00    355.628 280.032959    5.64681    35.0942    35.1241    27.5748    1482.37    1485.94 0.0000e+00
       8812    362.000     6.4023     6.4021   3.498204   3.500857     2.0092      15.35     0.0252 5.1286e-02 1.9438e+00    367.132 280.033092    5.64314    35.0944    35.1242    27.5749    1482.39    1485.93 0.0000e+00
       9069    363.000     6.4028     6.4022   3.498274   3.500921     2.0088      14.41     0.0289 5.1283e-02 1.9438e+00    377.829 280.033216    5.64944    35.0941    35.1243    27.5747    1482.41    1485.92 0.0000e+00
