_data/ctd/2012/sta0444_2012.cnv
* Sea-Bird SBE 9 Data File:
* FileName = C:\Seabird\CTDData\sta0444.hex
* Software Version Seasave V 7.21f
* Temperature SN = 4306
* Conductivity SN = 2694
* Number of Bytes Per Scan = 31
* Number of Voltage Words = 2
* Number of Scans Averaged by the Deck Unit = 1
* NMEA Latitude = 60 52.35 N
* NMEA Longitude = 005 24.12 E
* NMEA UTC (Time) = Oct 24 2012 00:38:33
* NMEA baud rate = 4800
** Ship: 14 F/F "G. O. Sars"
** Station: 0444
** Echodepth: 478
** Log: 7508.195
** Wind-Dir Force: 23 06
** Air-temp (dry): 8.9
** Weather Sky: 2 2
** Sea Ice: 1 0
# nquan = 19                                
# nvalues = 466                         
# units = specified
# name 0 = scan: Scan Count
# name 1 = prDM: Pressure, Digiquartz [db]
# name 2 = t068C: Temperature [ITS-68, deg C]
# name 3 = t168C: Temperature, 2 [ITS-68, deg C]
# name 4 = c0S/m: Conductivity [S/m]
# name 5 = c1S/m: Conductivity, 2 [S/m]
# name 6 = sbeox0ML/L: Oxygen, SBE 43 [ml/l]
# name 7 = sbeox0V: Oxygen raw, SBE 43 [V]
# name 8 = sal00: Salinity, Practical [PSU]
# name 9 = sal11: Salinity, Practical, 2 [PSU]
# name 10 = sigma-t00: Density [sigma-t, Kg/m^3 ]
# name 11 = svCM: Sound Velocity [Chen-Millero, m/s]
# name 12 = oxsolML/L: Oxygen Saturation, Garcia & Gordon [ml/l]
# name 13 = sal00: Salinity, Practical [PSU]
# name 14 = sal11: Salinity, Practical, 2 [PSU]
# name 15 = sigma-t00: Density [sigma-t, Kg/m^3 ]
# name 16 = svCM: Sound Velocity [Chen-Millero, m/s]
# name 17 = avgsvCM: Average Sound Velocity [Chen-Millero, m/s], minP = 1, minS = 5
# name 18 = flag: flag
# span 0 =        349,      11782       
# span 1 =      3.000,    468.000       
# span 2 =     8.2190,    12.9145       
# span 3 =     8.2195,    12.9147       
# span 4 =   3.333022,   3.771916       
# span 5 =   3.333826,   3.771678       
# span 6 =    3.58242,    5.71062       
# span 7 =     1.5430,     2.3266       
# span 8 =    28.6871,    35.1182       
# span 9 =    28.6985,    35.1138       
# span 10 =    21.7181,    27.3255      
# span 11 =    1484.50,    1496.44      
# span 12 =    6.06377,    6.57581      
# span 13 =    28.6886,    35.1183      
# span 14 =    28.7000,    35.1138      
# span 15 =    21.7190,    27.3255      
# span 16 =    1484.48,    1496.44      
# span 17 =    1487.99,    1494.80      
# span 18 = 0.0000e+00, 0.0000e+00      
# interval = decibars: 1                
# start_time = Oct 24 2012 00:38:35 [System UTC, header]
# bad_flag = -9.990e-29
*END*
[from data line 153]
       4006    156.000     8.2401     8.2405   3.654095   3.653681    4.09819     1.7358    35.0389    35.0341    27.2683    1485.98    6.56291    35.0389    35.0341    27.2683    1485.98    1488.78 0.0000e+00
       4029    157.000     8.2411     8.2416   3.654285   3.653877    4.10893     1.7363    35.0395    35.0346    27.2686    1486.00    6.56274    35.0395    35.0346    27.2686    1486.00    1488.76 0.0000e+00
       4052    158.000     8.2411     8.2415   3.654350   3.653946    4.12018     1.7370    35.0397    35.0350    27.2688    1486.02    6.56274    35.0397    35.0350    27.2688    1486.02    1488.75 0.0000e+00
       4076    159.000     8.2412     8.2416   3.654412   3.654003    4.10278     1.7352    35.0398    35.0350    27.2689    1486.04    6.56272    35.0398    35.0350    27.2688    1486.04    1488.73 0.0000e+00
       4099    160.000     8.2412     8.2417   3.654463   3.654067    4.07521     1.7332    35.0398    35.0351    27.2689    1486.05    6.56271    35.0398    35.0351    27.2689    1486.05    1488.71 0.0000e+00
       4122    161.000     8.2413     8.2418   3.654524   3.654108    4.07258     1.7315    35.0399    35.0349    27.2689    1486.07    6.56269    35.0399    35.0350    27.2689    1486.07    1488.70 0.0000e+00
       4145    162.000     8.2414     8.2419   3.654580   3.654180    4.07099     1.7300    35.0399    35.0351    27.2689    1486.09    6.56268    35.0399    35.0351    27.2689    1486.09    1488.68 0.0000e+00
       4169    163.000     8.2414     8.2418   3.654629   3.654231    4.07129     1.7289    35.0400    35.0352    27.2690    1486.10    6.56268    35.0399    35.0353    27.2690    1486.10    1488.66 0.0000e+00
       4192    164.000     8.2415     8.2419   3.654698   3.654290    4.08075     1.7288    35.0401    35.0353    27.2691    1486.12    6.56266    35.0401    35.0353    27.2691    1486.12    1488.65 0.0000e+00
       4216    165.000     8.2416     8.2421   3.654769   3.654364    4.09050     1.7291    35.0403    35.0354    27.2692    1486.14    6.56264    35.0403    35.0355    27.2692    1486.14    1488.63 0.0000e+00
       4239    166.000     8.2417     8.2422   3.654835   3.654430    4.09660     1.7297    35.0404    35.0356    27.2693    1486.15    6.56262    35.0404    35.0356    27.2693    1486.16    1488.62 0.0000e+00
       4263    167.000     8.2419     8.2423   3.654896   3.654499    4.11022     1.7312    35.0404    35.0357    27.2692    1486.17    6.56259    35.0404    35.0357    27.2692    1486.17    1488.60 0.0000e+00
       4286    168.000     8.2420     8.2425   3.654968   3.654564    4.11482     1.7320    35.0406    35.0357    27.2694    1486.19    6.56257    35.0406    35.0357    27.2693    1486.19    1488.59 0.0000e+00
       4310    169.000     8.2420     8.2424   3.655027   3.654621    4.10415     1.7318    35.0407    35.0359    27.2695    1486.21    6.56256    35.0407    35.0360    27.2694    1486.21    1488.57 0.0000e+00
       4333    170.000     8.2417     8.2422   3.655057   3.654653    4.09667     1.7314    35.0408    35.0360    27.2696    1486.22    6.56259    35.0408    35.0360    27.2696    1486.22    1488.56 0.0000e+00
       4356    171.000     8.2417     8.2422   3.655094   3.654703    4.08716     1.7303    35.0407    35.0360    27.2695    1486.24    6.56260    35.0407    35.0361    27.2695    1486.24    1488.55 0.0000e+00
       4380    172.000     8.2419     8.2423   3.655150   3.654762    4.07667     1.7290    35.0407    35.0361    27.2695    1486.26    6.56258    35.0407    35.0361    27.2694    1486.26    1488.53 0.0000e+00
       4403    173.000     8.2419     8.2422   3.655216   3.654797    4.08127     1.7287    35.0409    35.0361    27.2696    1486.27    6.56257    35.0409    35.0361    27.2696    1486.27    1488.52 0.0000e+00
       4426    174.000     8.2417     8.2421   3.655242   3.654843    4.08253     1.7277    35.0409    35.0362    27.2696    1486.29    6.56260    35.0409    35.0362    27.2696    1486.29    1488.51 0.0000e+00
       4450    175.000     8.2419     8.2423   3.655281   3.654893    4.07813     1.7272    35.0407    35.0361    27.2695    1486.30    6.56258    35.0406    35.0361    27.2694    1486.30    1488.49 0.0000e+00
       4473    176.000     8.2400     8.2408   3.655257   3.654867    4.08508     1.7271    35.0418    35.0368    27.2706    1486.32    6.56280    35.0418    35.0368    27.2706    1486.32    1488.48 0.0000e+00
       4497    177.000     8.2396     8.2396   3.655293   3.654852    4.09195     1.7275    35.0421    35.0374    27.2709    1486.33    6.56285    35.0421    35.0374    27.2709    1486.33    1488.47 0.0000e+00
       4520    178.000     8.2408     8.2410   3.655421   3.655000    4.09268     1.7273    35.0417    35.0371    27.2704    1486.35    6.56269    35.0418    35.0371    27.2705    1486.35    1488.46 0.0000e+00
       4543    179.000     8.2407     8.2412   3.655468   3.655062    4.08358     1.7267    35.0419    35.0371    27.2706    1486.37    6.56270    35.0419    35.0370    27.2706    1486.37    1488.45 0.0000e+00
       4566    180.000     8.2393     8.2406   3.655413   3.655088    4.07342     1.7254    35.0423    35.0374    27.2711    1486.38    6.56289    35.0422    35.0374    27.2710    1486.38    1488.44 0.0000e+00
       4590    181.000     8.2380     8.2386   3.655358   3.654965    4.06250     1.7240    35.0425    35.0377    27.2715    1486.39    6.56307    35.0424    35.0376    27.2714    1486.39    1488.42 0.0000e+00
       4613    182.000     8.2363     8.2367   3.655287   3.654871    4.06665     1.7231    35.0430    35.0381    27.2721    1486.40    6.56330    35.0429    35.0380    27.2720    1486.40    1488.41 0.0000e+00
       4637    183.000     8.2359     8.2365   3.655300   3.654903    4.06872     1.7230    35.0430    35.0382    27.2722    1486.42    6.56336    35.0429    35.0381    27.2721    1486.42    1488.40 0.0000e+00
       4660    184.000     8.2352     8.2359   3.655288   3.654892    4.09415     1.7245    35.0432    35.0383    27.2725    1486.43    6.56346    35.0430    35.0381    27.2723    1486.43    1488.39 0.0000e+00
       4684    185.000     8.2349     8.2354   3.655317   3.654918    4.11583     1.7270    35.0432    35.0385    27.2725    1486.45    6.56349    35.0431    35.0384    27.2725    1486.45    1488.38 0.0000e+00
       4707    186.000     8.2345     8.2350   3.655318   3.654926    4.14232     1.7302    35.0432    35.0385    27.2726    1486.46    6.56356    35.0431    35.0384    27.2725    1486.46    1488.37 0.0000e+00
       4731    187.000     8.2321     8.2325   3.655171   3.654750    4.15258     1.7332    35.0436    35.0387    27.2732    1486.47    6.56390    35.0434    35.0385    27.2731    1486.47    1488.36 0.0000e+00
       4755    188.000     8.2315     8.2320   3.655172   3.654768    4.15736     1.7356    35.0437    35.0389    27.2734    1486.48    6.56398    35.0435    35.0387    27.2733    1486.48    1488.35 0.0000e+00
       4778    189.000     8.2301     8.2312   3.655095   3.654757    4.16217     1.7383    35.0438    35.0391    27.2738    1486.49    6.56419    35.0436    35.0389    27.2736    1486.49    1488.34 0.0000e+00
       4802    190.000     8.2306     8.2310   3.655198   3.654785    4.18226     1.7415    35.0439    35.0391    27.2737    1486.51    6.56411    35.0437    35.0389    27.2736    1486.51    1488.33 0.0000e+00
       4825    191.000     8.2314     8.2319   3.655299   3.654919    4.18803     1.7438    35.0436    35.0390    27.2734    1486.53    6.56399    35.0435    35.0390    27.2733    1486.53    1488.32 0.0000e+00
       4848    192.000     8.2310     8.2315   3.655325   3.654916    4.18212     1.7453    35.0438    35.0389    27.2736    1486.55    6.56404    35.0437    35.0389    27.2735    1486.55    1488.31 0.0000e+00
       4872    193.000     8.2301     8.2308   3.655285   3.654916    4.17857     1.7464    35.0438    35.0391    27.2737    1486.56    6.56417    35.0437    35.0391    27.2736    1486.56    1488.30 0.0000e+00
       4895    194.000     8.2312     8.2313   3.655419   3.654995    4.17637     1.7471    35.0437    35.0391    27.2735    1486.58    6.56403    35.0436    35.0389    27.2734    1486.58    1488.29 0.0000e+00
       4919    195.000     8.2305     8.2310   3.655419   3.655019    4.17806     1.7479    35.0438    35.0391    27.2736    1486.59    6.56411    35.0438    35.0390    27.2736    1486.59    1488.29 0.0000e+00
       4943    196.000     8.2304     8.2309   3.655465   3.655069    4.17875     1.7483    35.0440    35.0392    27.2738    1486.61    6.56412    35.0439    35.0392    27.2737    1486.61    1488.28 0.0000e+00
       4967    197.000     8.2310     8.2313   3.655549   3.655144    4.18343     1.7496    35.0437    35.0391    27.2735    1486.63    6.56404    35.0437    35.0391    27.2735    1486.63    1488.27 0.0000e+00
       4990    198.000     8.2313     8.2316   3.655621   3.655224    4.19879     1.7511    35.0437    35.0391    27.2735    1486.65    6.56400    35.0437    35.0392    27.2734    1486.65    1488.26 0.0000e+00
       5014    199.000     8.2306     8.2311   3.655604   3.655205    4.20467     1.7526    35.0438    35.0390    27.2737    1486.66    6.56410    35.0437    35.0390    27.2736    1486.66    1488.25 0.0000e+00
       5038    200.000     8.2290     8.2294   3.655524   3.655124    4.20437     1.7532    35.0441    35.0394    27.2741    1486.67    6.56433    35.0440    35.0393    27.2740    1486.67    1488.24 0.0000e+00
       5061    201.000     8.2284     8.2288   3.655503   3.655106    4.19125     1.7530    35.0439    35.0393    27.2741    1486.68    6.56442    35.0439    35.0392    27.2740    1486.69    1488.24 0.0000e+00
       5084    202.000     8.2286     8.2292   3.655567   3.655180    4.19352     1.7536    35.0440    35.0392    27.2741    1486.70    6.56439    35.0439    35.0392    27.2740    1486.70    1488.23 0.0000e+00
       5107    203.000     8.2286     8.2289   3.655615   3.655206    4.21380     1.7556    35.0440    35.0393    27.2741    1486.72    6.56439    35.0439    35.0393    27.2740    1486.72    1488.22 0.0000e+00
       5131    204.000     8.2283     8.2287   3.655640   3.655241    4.22203     1.7565    35.0441    35.0394    27.2742    1486.74    6.56443    35.0440    35.0393    27.2741    1486.73    1488.21 0.0000e+00
       5154    205.000     8.2281     8.2286   3.655662   3.655268    4.21393     1.7572    35.0440    35.0393    27.2742    1486.75    6.56446    35.0440    35.0392    27.2741    1486.75    1488.21 0.0000e+00
       5177    206.000     8.2272     8.2277   3.655630   3.655237    4.22349     1.7585    35.0441    35.0394    27.2744    1486.76    6.56459    35.0440    35.0393    27.2743    1486.76    1488.20 0.0000e+00
       5201    207.000     8.2268     8.2272   3.655638   3.655235    4.22828     1.7594    35.0442    35.0395    27.2745    1486.78    6.56465    35.0440    35.0393    27.2744    1486.78    1488.19 0.0000e+00
       5224    208.000     8.2268     8.2272   3.655681   3.655284    4.21915     1.7595    35.0441    35.0395    27.2744    1486.80    6.56465    35.0440    35.0394    27.2744    1486.79    1488.19 0.0000e+00
       5248    209.000     8.2260     8.2265   3.655668   3.655274    4.22042     1.7598    35.0442    35.0396    27.2747    1486.81    6.56476    35.0442    35.0395    27.2746    1486.81    1488.18 0.0000e+00
       5271    210.000     8.2257     8.2260   3.655689   3.655288    4.22489     1.7605    35.0443    35.0397    27.2748    1486.82    6.56480    35.0442    35.0396    27.2747    1486.82    1488.17 0.0000e+00
       5295    211.000     8.2248     8.2253   3.655653   3.655263    4.24359     1.7627    35.0444    35.0397    27.2750    1486.84    6.56493    35.0443    35.0396    27.2749    1486.84    1488.17 0.0000e+00
       5318    212.000     8.2236     8.2242   3.655593   3.655202    4.26823     1.7654    35.0444    35.0397    27.2752    1486.85    6.56511    35.0443    35.0396    27.2751    1486.85    1488.16 0.0000e+00
       5342    213.000     8.2231     8.2237   3.655591   3.655206    4.27681     1.7676    35.0445    35.0398    27.2753    1486.86    6.56518    35.0443    35.0396    27.2752    1486.86    1488.15 0.0000e+00
       5365    214.000     8.2229     8.2234   3.655618   3.655219    4.27919     1.7695    35.0444    35.0397    27.2753    1486.88    6.56521    35.0443    35.0396    27.2752    1486.88    1488.15 0.0000e+00
       5389    215.000     8.2224     8.2229   3.655614   3.655222    4.27034     1.7702    35.0444    35.0397    27.2754    1486.89    6.56528    35.0443    35.0396    27.2753    1486.89    1488.14 0.0000e+00
       5412    216.000     8.2221     8.2226   3.655650   3.655246    4.27048     1.7716    35.0446    35.0398    27.2756    1486.91    6.56532    35.0445    35.0397    27.2755    1486.91    1488.14 0.0000e+00
       5436    217.000     8.2215     8.2220   3.655646   3.655244    4.29273     1.7738    35.0446    35.0399    27.2757    1486.92    6.56540    35.0446    35.0398    27.2756    1486.92    1488.13 0.0000e+00
       5459    218.000     8.2213     8.2218   3.655678   3.655286    4.31180     1.7770    35.0448    35.0400    27.2758    1486.94    6.56543    35.0446    35.0400    27.2757    1486.94    1488.13 0.0000e+00
       5482    219.000     8.2211     8.2216   3.655708   3.655325    4.32521     1.7797    35.0447    35.0402    27.2758    1486.96    6.56546    35.0447    35.0401    27.2758    1486.96    1488.12 0.0000e+00
       5506    220.000     8.2207     8.2212   3.655728   3.655332    4.33005     1.7819    35.0449    35.0402    27.2760    1486.97    6.56551    35.0448    35.0401    27.2759    1486.97    1488.12 0.0000e+00
       5529    221.000     8.2199     8.2203   3.655703   3.655301    4.33068     1.7841    35.0450    35.0403    27.2762    1486.98    6.56563    35.0449    35.0402    27.2761    1486.98    1488.11 0.0000e+00
       5553    222.000     8.2194     8.2199   3.655709   3.655332    4.34862     1.7871    35.0450    35.0405    27.2763    1487.00    6.56569    35.0449    35.0404    27.2762    1487.00    1488.11 0.0000e+00
       5576    223.000     8.2194     8.2199   3.655752   3.655362    4.34994     1.7886    35.0450    35.0404    27.2763    1487.02    6.56570    35.0449    35.0402    27.2762    1487.02    1488.10 0.0000e+00
       5600    224.000     8.2194     8.2200   3.655811   3.655428    4.34398     1.7898    35.0451    35.0405    27.2764    1487.03    6.56569    35.0451    35.0404    27.2763    1487.03    1488.10 0.0000e+00
       5623    225.000     8.2202     8.2207   3.655949   3.655569    4.34321     1.7909    35.0453    35.0408    27.2764    1487.05    6.56557    35.0453    35.0407    27.2764    1487.05    1488.09 0.0000e+00
       5647    226.000     8.2202     8.2207   3.656010   3.655620    4.34689     1.7920    35.0454    35.0407    27.2765    1487.07    6.56555    35.0454    35.0408    27.2765    1487.07    1488.09 0.0000e+00
       5670    227.000     8.2200     8.2205   3.656036   3.655649    4.35647     1.7935    35.0454    35.0408    27.2765    1487.08    6.56558    35.0454    35.0408    27.2765    1487.08    1488.08 0.0000e+00
       5694    228.000     8.2196     8.2201   3.656056   3.655668    4.36627     1.7953    35.0456    35.0409    27.2767    1487.10    6.56564    35.0455    35.0409    27.2767    1487.10    1488.08 0.0000e+00
       5718    229.000     8.2197     8.2202   3.656121   3.655749    4.38248     1.7979    35.0457    35.0412    27.2768    1487.12    6.56562    35.0457    35.0412    27.2768    1487.12    1488.07 0.0000e+00
       5742    230.000     8.2197     8.2202   3.656196   3.655817    4.39559     1.8002    35.0460    35.0414    27.2770    1487.13    6.56560    35.0460    35.0414    27.2770    1487.13    1488.07 0.0000e+00
