_data/ctd/2012/sta0442_2012.cnv
* Sea-Bird SBE 9 Data File:
* FileName = C:\Seabird\CTDData\sta0442.hex
* Software Version Seasave V 7.21f
* Temperature SN = 4306
* Conductivity SN = 2694
* Number of Bytes Per Scan = 31
* Number of Voltage Words = 2
* Number of Scans Averaged by the Deck Unit = 1
* NMEA Latitude = 60 52.39 N
* NMEA Longitude = 005 25.09 E
* NMEA UTC (Time) = Oct 23 2012 09:41:34
* NMEA baud rate = 4800
** Ship: 14 F/F "G. O. Sars"
** Station: 0442
** Echodepth: 475
** Log: 7472.7
** Wind-Dir Force: 02 08
** Air-temp (dry): 8.7
** Weather Sky: 2 2
** Sea Ice: 1 0
# nquan = 19                                
# nvalues = 463                         
# units = specified
# name 0 = scan: Scan Count
# name 1 = prDM: Pressure, Digiquartz [db]
# name 2 = t068C: Temperature [ITS-68, deg C]
# name 3 = t168C: Temperature, 2 [ITS-68, deg C]
# name 4 = c0S/m: Conductivity [S/m]
# name 5 = c1S/m: Conductivity, 2 [S/m]
# name 6 = sbeox0ML/L: Oxygen, SBE 43 [ml/l]
# name 7 = sbeox0V: Oxygen raw, SBE 43 [V]
# name 8 = sal00: Salinity, Practical [PSU]
# name 9 = sal11: Salinity, Practical, 2 [PSU]
# name 10 = sigma-t00: Density [sigma-t, Kg/m^3 ]
# name 11 = svCM: Sound Velocity [Chen-Millero, m/s]
# name 12 = oxsolML/L: Oxygen Saturation, Garcia & Gordon [ml/l]
# name 13 = sal00: Salinity, Practical [PSU]
# name 14 = sal11: Salinity, Practical, 2 [PSU]
# name 15 = sigma-t00: Density [sigma-t, Kg/m^3 ]
# name 16 = svCM: Sound Velocity [Chen-Millero, m/s]
# name 17 = avgsvCM: Average Sound Velocity [Chen-Millero, m/s], minP = 1, minS = 5
# name 18 = flag: flag
# span 0 =        633,      12051       
# span 1 =      3.000,    465.000       
# span 2 =     8.2157,    12.9395       
# span 3 =     8.2163,    12.9400       
# span 4 =   3.313671,   3.775746       
# span 5 =   3.326385,   3.775331       
# span 6 =    3.57283,    5.78549       
# span 7 =     1.5408,     2.3508       
# span 8 =    28.5183,    35.1181       
# span 9 =    28.6380,    35.1139       
# span 10 =    21.5907,    27.3258      
# span 11 =    1484.50,    1496.54      
# span 12 =    6.06263,    6.57599      
# span 13 =    28.5203,    35.1181      
# span 14 =    28.6403,    35.1140      
# span 15 =    21.5922,    27.3258      
# span 16 =    1484.48,    1496.54      
# span 17 =    1487.97,    1494.84      
# span 18 = 0.0000e+00, 0.0000e+00      
# interval = decibars: 1                
# start_time = Oct 23 2012 09:41:36 [System UTC, header]
# bad_flag = -9.990e-29
*END*
[from data line 153]
       4291    156.000     8.2384     8.2390   3.653869   3.653495    4.11024     1.7385    35.0382    35.0337    27.2680    1485.98    6.56319    35.0382    35.0336    27.2680    1485.98    1488.75 0.0000e+00
       4314    157.000     8.2384     8.2389   3.653929   3.653550    4.11110     1.7381    35.0384    35.0338    27.2681    1485.99    6.56319    35.0384    35.0338    27.2682    1485.99    1488.74 0.0000e+00
       4337    158.000     8.2388     8.2392   3.654014   3.653628    4.10568     1.7376    35.0384    35.0339    27.2681    1486.01    6.56313    35.0384    35.0339    27.2681    1486.01    1488.72 0.0000e+00
       4360    159.000     8.2389     8.2393   3.654077   3.653701    4.11932     1.7383    35.0385    35.0340    27.2682    1486.03    6.56311    35.0385    35.0341    27.2682    1486.03    1488.70 0.0000e+00
       4384    160.000     8.2390     8.2394   3.654143   3.653749    4.12253     1.7383    35.0386    35.0340    27.2682    1486.04    6.56309    35.0386    35.0340    27.2683    1486.04    1488.69 0.0000e+00
       4407    161.000     8.2392     8.2397   3.654226   3.653841    4.11310     1.7378    35.0388    35.0342    27.2684    1486.06    6.56305    35.0388    35.0342    27.2684    1486.06    1488.67 0.0000e+00
       4431    162.000     8.2395     8.2399   3.654345   3.653968    4.11218     1.7377    35.0393    35.0348    27.2687    1486.08    6.56299    35.0393    35.0349    27.2687    1486.08    1488.65 0.0000e+00
       4454    163.000     8.2397     8.2402   3.654437   3.654058    4.11377     1.7373    35.0396    35.0351    27.2690    1486.10    6.56295    35.0396    35.0350    27.2689    1486.10    1488.64 0.0000e+00
       4478    164.000     8.2399     8.2403   3.654528   3.654156    4.10400     1.7364    35.0399    35.0354    27.2692    1486.11    6.56290    35.0399    35.0355    27.2691    1486.12    1488.62 0.0000e+00
       4501    165.000     8.2401     8.2406   3.654621   3.654242    4.10526     1.7361    35.0402    35.0357    27.2693    1486.13    6.56286    35.0402    35.0356    27.2693    1486.13    1488.61 0.0000e+00
       4525    166.000     8.2403     8.2408   3.654717   3.654342    4.11432     1.7364    35.0404    35.0360    27.2695    1486.15    6.56281    35.0405    35.0360    27.2696    1486.15    1488.59 0.0000e+00
       4549    167.000     8.2405     8.2410   3.654806   3.654424    4.11327     1.7359    35.0408    35.0362    27.2697    1486.17    6.56278    35.0408    35.0362    27.2698    1486.17    1488.58 0.0000e+00
       4572    168.000     8.2407     8.2412   3.654897   3.654518    4.10148     1.7351    35.0410    35.0366    27.2699    1486.19    6.56273    35.0411    35.0365    27.2700    1486.19    1488.56 0.0000e+00
       4596    169.000     8.2413     8.2418   3.655049   3.654666    4.10166     1.7346    35.0415    35.0370    27.2702    1486.21    6.56262    35.0416    35.0370    27.2703    1486.20    1488.55 0.0000e+00
       4620    170.000     8.2409     8.2416   3.655044   3.654701    4.10444     1.7342    35.0414    35.0371    27.2702    1486.22    6.56268    35.0415    35.0371    27.2702    1486.22    1488.54 0.0000e+00
       4643    171.000     8.2411     8.2416   3.655104   3.654732    4.09381     1.7327    35.0414    35.0370    27.2701    1486.24    6.56265    35.0415    35.0370    27.2702    1486.24    1488.52 0.0000e+00
       4667    172.000     8.2416     8.2420   3.655270   3.654879    4.08327     1.7316    35.0422    35.0376    27.2707    1486.25    6.56255    35.0422    35.0377    27.2707    1486.26    1488.51 0.0000e+00
       4691    173.000     8.2416     8.2420   3.655348   3.654960    4.09870     1.7318    35.0426    35.0380    27.2710    1486.27    6.56253    35.0426    35.0380    27.2710    1486.27    1488.50 0.0000e+00
       4714    174.000     8.2417     8.2422   3.655418   3.655040    4.09895     1.7312    35.0427    35.0382    27.2711    1486.29    6.56251    35.0428    35.0382    27.2711    1486.29    1488.48 0.0000e+00
       4738    175.000     8.2417     8.2421   3.655472   3.655091    4.08822     1.7303    35.0429    35.0383    27.2712    1486.31    6.56252    35.0428    35.0384    27.2712    1486.31    1488.47 0.0000e+00
       4762    176.000     8.2416     8.2421   3.655525   3.655152    4.08732     1.7297    35.0430    35.0385    27.2713    1486.32    6.56252    35.0430    35.0386    27.2713    1486.32    1488.46 0.0000e+00
       4785    177.000     8.2417     8.2421   3.655595   3.655209    4.08488     1.7289    35.0432    35.0386    27.2715    1486.34    6.56250    35.0432    35.0387    27.2715    1486.34    1488.45 0.0000e+00
       4809    178.000     8.2412     8.2417   3.655603   3.655214    4.08696     1.7286    35.0433    35.0386    27.2716    1486.35    6.56257    35.0433    35.0386    27.2716    1486.35    1488.43 0.0000e+00
       4832    179.000     8.2403     8.2408   3.655585   3.655209    4.09462     1.7286    35.0436    35.0391    27.2720    1486.37    6.56269    35.0435    35.0390    27.2719    1486.37    1488.42 0.0000e+00
       4855    180.000     8.2399     8.2404   3.655602   3.655226    4.09697     1.7289    35.0436    35.0392    27.2721    1486.38    6.56274    35.0436    35.0391    27.2721    1486.38    1488.41 0.0000e+00
       4879    181.000     8.2400     8.2403   3.655651   3.655253    4.10209     1.7292    35.0436    35.0391    27.2721    1486.40    6.56273    35.0436    35.0390    27.2720    1486.40    1488.40 0.0000e+00
       4902    182.000     8.2395     8.2399   3.655638   3.655253    4.10495     1.7298    35.0435    35.0390    27.2721    1486.41    6.56281    35.0434    35.0389    27.2720    1486.41    1488.39 0.0000e+00
       4926    183.000     8.2389     8.2394   3.655640   3.655255    4.10978     1.7303    35.0436    35.0389    27.2722    1486.43    6.56289    35.0436    35.0390    27.2722    1486.43    1488.38 0.0000e+00
       4949    184.000     8.2378     8.2384   3.655601   3.655222    4.11034     1.7306    35.0438    35.0392    27.2725    1486.44    6.56304    35.0438    35.0391    27.2725    1486.44    1488.37 0.0000e+00
       4973    185.000     8.2370     8.2375   3.655570   3.655194    4.11262     1.7313    35.0438    35.0393    27.2727    1486.45    6.56316    35.0438    35.0392    27.2726    1486.45    1488.36 0.0000e+00
       4997    186.000     8.2369     8.2374   3.655610   3.655229    4.12644     1.7329    35.0439    35.0393    27.2727    1486.47    6.56318    35.0438    35.0392    27.2727    1486.47    1488.35 0.0000e+00
       5021    187.000     8.2368     8.2373   3.655649   3.655274    4.14056     1.7346    35.0439    35.0394    27.2728    1486.49    6.56319    35.0438    35.0393    27.2727    1486.49    1488.34 0.0000e+00
       5044    188.000     8.2361     8.2366   3.655643   3.655255    4.13898     1.7355    35.0440    35.0394    27.2730    1486.50    6.56328    35.0440    35.0393    27.2729    1486.50    1488.33 0.0000e+00
       5068    189.000     8.2351     8.2356   3.655591   3.655202    4.14876     1.7376    35.0440    35.0394    27.2731    1486.51    6.56343    35.0439    35.0393    27.2730    1486.51    1488.32 0.0000e+00
       5091    190.000     8.2340     8.2346   3.655516   3.655152    4.15633     1.7390    35.0439    35.0394    27.2732    1486.53    6.56360    35.0438    35.0393    27.2731    1486.53    1488.31 0.0000e+00
       5115    191.000     8.2311     8.2316   3.655296   3.654926    4.16113     1.7405    35.0440    35.0395    27.2738    1486.53    6.56403    35.0438    35.0394    27.2736    1486.53    1488.30 0.0000e+00
       5138    192.000     8.2303     8.2307   3.655275   3.654893    4.16101     1.7414    35.0441    35.0396    27.2739    1486.55    6.56414    35.0439    35.0394    27.2738    1486.54    1488.29 0.0000e+00
       5161    193.000     8.2291     8.2295   3.655211   3.654828    4.16659     1.7433    35.0441    35.0396    27.2741    1486.56    6.56432    35.0439    35.0394    27.2740    1486.56    1488.28 0.0000e+00
       5185    194.000     8.2283     8.2288   3.655182   3.654793    4.19947     1.7468    35.0441    35.0395    27.2742    1486.57    6.56443    35.0439    35.0393    27.2741    1486.57    1488.27 0.0000e+00
       5208    195.000     8.2281     8.2286   3.655210   3.654836    4.21561     1.7499    35.0441    35.0397    27.2743    1486.59    6.56446    35.0440    35.0395    27.2741    1486.59    1488.26 0.0000e+00
       5232    196.000     8.2271     8.2276   3.655151   3.654781    4.22832     1.7533    35.0440    35.0396    27.2743    1486.60    6.56461    35.0438    35.0394    27.2742    1486.60    1488.26 0.0000e+00
       5255    197.000     8.2264     8.2268   3.655134   3.654767    4.24245     1.7567    35.0441    35.0397    27.2745    1486.61    6.56472    35.0439    35.0396    27.2743    1486.61    1488.25 0.0000e+00
       5279    198.000     8.2252     8.2258   3.655080   3.654710    4.25018     1.7597    35.0442    35.0396    27.2748    1486.62    6.56488    35.0440    35.0395    27.2746    1486.62    1488.24 0.0000e+00
       5302    199.000     8.2238     8.2243   3.654991   3.654626    4.26253     1.7631    35.0442    35.0398    27.2750    1486.64    6.56510    35.0440    35.0396    27.2748    1486.64    1488.23 0.0000e+00
       5326    200.000     8.2230     8.2234   3.654990   3.654613    4.27165     1.7659    35.0445    35.0400    27.2753    1486.65    6.56519    35.0443    35.0398    27.2752    1486.65    1488.22 0.0000e+00
       5349    201.000     8.2223     8.2229   3.654976   3.654625    4.26752     1.7678    35.0445    35.0402    27.2754    1486.66    6.56529    35.0443    35.0400    27.2753    1486.66    1488.22 0.0000e+00
       5372    202.000     8.2219     8.2224   3.654995   3.654623    4.27592     1.7706    35.0446    35.0402    27.2756    1486.68    6.56535    35.0445    35.0400    27.2755    1486.68    1488.21 0.0000e+00
       5396    203.000     8.2217     8.2223   3.655032   3.654668    4.30933     1.7751    35.0447    35.0403    27.2757    1486.69    6.56537    35.0446    35.0401    27.2756    1486.69    1488.20 0.0000e+00
       5419    204.000     8.2217     8.2221   3.655072   3.654702    4.34612     1.7805    35.0447    35.0403    27.2757    1486.71    6.56538    35.0445    35.0402    27.2755    1486.71    1488.19 0.0000e+00
       5443    205.000     8.2214     8.2219   3.655098   3.654740    4.35828     1.7847    35.0447    35.0404    27.2757    1486.73    6.56541    35.0446    35.0403    27.2757    1486.73    1488.19 0.0000e+00
       5466    206.000     8.2215     8.2219   3.655156   3.654782    4.35434     1.7878    35.0448    35.0403    27.2758    1486.74    6.56540    35.0446    35.0403    27.2757    1486.74    1488.18 0.0000e+00
       5489    207.000     8.2215     8.2220   3.655200   3.654834    4.35174     1.7899    35.0447    35.0403    27.2757    1486.76    6.56540    35.0446    35.0402    27.2757    1486.76    1488.17 0.0000e+00
       5513    208.000     8.2215     8.2221   3.655243   3.654888    4.34042     1.7912    35.0447    35.0403    27.2757    1486.78    6.56540    35.0446    35.0402    27.2757    1486.78    1488.17 0.0000e+00
       5537    209.000     8.2214     8.2221   3.655285   3.654932    4.33992     1.7922    35.0447    35.0403    27.2757    1486.79    6.56541    35.0447    35.0402    27.2757    1486.79    1488.16 0.0000e+00
       5560    210.000     8.2214     8.2219   3.655337   3.654971    4.33560     1.7926    35.0448    35.0403    27.2758    1486.81    6.56541    35.0448    35.0403    27.2758    1486.81    1488.15 0.0000e+00
       5584    211.000     8.2211     8.2216   3.655342   3.654980    4.34135     1.7937    35.0448    35.0403    27.2758    1486.82    6.56546    35.0446    35.0403    27.2757    1486.82    1488.15 0.0000e+00
       5607    212.000     8.2191     8.2197   3.655206   3.654844    4.34980     1.7948    35.0448    35.0403    27.2762    1486.83    6.56576    35.0447    35.0402    27.2761    1486.83    1488.14 0.0000e+00
       5631    213.000     8.2188     8.2192   3.655227   3.654853    4.34676     1.7950    35.0449    35.0404    27.2763    1486.85    6.56579    35.0447    35.0403    27.2762    1486.85    1488.13 0.0000e+00
       5654    214.000     8.2186     8.2190   3.655256   3.654880    4.34710     1.7960    35.0449    35.0404    27.2763    1486.86    6.56582    35.0447    35.0403    27.2762    1486.86    1488.13 0.0000e+00
       5678    215.000     8.2188     8.2191   3.655308   3.654946    4.37056     1.7984    35.0447    35.0405    27.2762    1486.88    6.56580    35.0446    35.0405    27.2761    1486.88    1488.12 0.0000e+00
       5701    216.000     8.2188     8.2193   3.655374   3.655004    4.39966     1.8021    35.0449    35.0405    27.2763    1486.90    6.56578    35.0448    35.0404    27.2763    1486.90    1488.12 0.0000e+00
       5724    217.000     8.2186     8.2191   3.655398   3.655042    4.41896     1.8053    35.0449    35.0406    27.2763    1486.91    6.56582    35.0448    35.0405    27.2763    1486.91    1488.11 0.0000e+00
       5748    218.000     8.2176     8.2181   3.655374   3.655003    4.41384     1.8072    35.0451    35.0407    27.2767    1486.93    6.56595    35.0451    35.0406    27.2766    1486.93    1488.11 0.0000e+00
       5771    219.000     8.2167     8.2173   3.655331   3.654978    4.39509     1.8074    35.0452    35.0408    27.2768    1486.94    6.56609    35.0450    35.0407    27.2767    1486.94    1488.10 0.0000e+00
       5794    220.000     8.2162     8.2167   3.655330   3.654964    4.39592     1.8088    35.0452    35.0408    27.2769    1486.95    6.56616    35.0450    35.0406    27.2768    1486.95    1488.09 0.0000e+00
       5817    221.000     8.2157     8.2163   3.655331   3.654976    4.42019     1.8111    35.0451    35.0408    27.2770    1486.97    6.56623    35.0451    35.0407    27.2769    1486.97    1488.09 0.0000e+00
       5841    222.000     8.2159     8.2164   3.655404   3.655044    4.43251     1.8133    35.0453    35.0409    27.2770    1486.99    6.56620    35.0452    35.0408    27.2769    1486.99    1488.08 0.0000e+00
       5864    223.000     8.2163     8.2168   3.655499   3.655133    4.43052     1.8146    35.0453    35.0410    27.2770    1487.00    6.56613    35.0453    35.0409    27.2770    1487.00    1488.08 0.0000e+00
       5888    224.000     8.2164     8.2169   3.655558   3.655196    4.43523     1.8164    35.0455    35.0411    27.2771    1487.02    6.56612    35.0453    35.0410    27.2770    1487.02    1488.08 0.0000e+00
       5912    225.000     8.2165     8.2168   3.655613   3.655235    4.44149     1.8180    35.0455    35.0411    27.2771    1487.04    6.56611    35.0454    35.0410    27.2770    1487.04    1488.07 0.0000e+00
       5935    226.000     8.2165     8.2170   3.655665   3.655308    4.43659     1.8183    35.0455    35.0412    27.2771    1487.05    6.56610    35.0454    35.0411    27.2771    1487.05    1488.07 0.0000e+00
       5959    227.000     8.2181     8.2186   3.655898   3.655558    4.41355     1.8172    35.0458    35.0417    27.2771    1487.08    6.56585    35.0458    35.0417    27.2771    1487.08    1488.06 0.0000e+00
       5982    228.000     8.2194     8.2202   3.656102   3.655769    4.41168     1.8171    35.0462    35.0418    27.2772    1487.10    6.56564    35.0462    35.0419    27.2773    1487.10    1488.06 0.0000e+00
       6006    229.000     8.2207     8.2212   3.656298   3.655952    4.41927     1.8170    35.0465    35.0422    27.2773    1487.12    6.56544    35.0466    35.0424    27.2773    1487.12    1488.05 0.0000e+00
       6030    230.000     8.2198     8.2204   3.656271   3.655926    4.41380     1.8162    35.0467    35.0423    27.2775    1487.13    6.56556    35.0467    35.0424    27.2775    1487.13    1488.05 0.0000e+00
