_data/ctd/2012/sta0443_2012.cnv
* Sea-Bird SBE 9 Data File:
* FileName = C:\Seabird\CTDData\sta0443.hex
* Software Version Seasave V 7.21f
* Temperature SN = 4306
* Conductivity SN = 2694
* Number of Bytes Per Scan = 31
* Number of Voltage Words = 2
* Number of Scans Averaged by the Deck Unit = 1
* NMEA Latitude = 60 52.36 N
* NMEA Longitude = 005 24.84 E
* NMEA UTC (Time) = Oct 23 2012 20:00:47
* NMEA baud rate = 4800
** Ship: 14 F/F "G. O. Sars"
** Station: 0443
** Echodepth: 479
** Log: 7496.3
** Wind-Dir Force: 24 08
** Air-temp (dry): 10.6
** Weather Sky: 2 2
** Sea Ice: 1 0
# nquan = 19                                
# nvalues = 469                         
# units = specified
# name 0 = scan: Scan Count
# name 1 = prDM: Pressure, Digiquartz [db]
# name 2 = t068C: Temperature [ITS-68, deg C]
# name 3 = t168C: Temperature, 2 [ITS-68, deg C]
# name 4 = c0S/m: Conductivity [S/m]
# name 5 = c1S/m: Conductivity, 2 [S/m]
# name 6 = sbeox0ML/L: Oxygen, SBE 43 [ml/l]
# name 7 = sbeox0V: Oxygen raw, SBE 43 [V]
# name 8 = sal00: Salinity, Practical [PSU]
# name 9 = sal11: Salinity, Practical, 2 [PSU]
# name 10 = sigma-t00: Density [sigma-t, Kg/m^3 ]
# name 11 = svCM: Sound Velocity [Chen-Millero, m/s]
# name 12 = oxsolML/L: Oxygen Saturation, Garcia & Gordon [ml/l]
# name 13 = sal00: Salinity, Practical [PSU]
# name 14 = sal11: Salinity, Practical, 2 [PSU]
# name 15 = sigma-t00: Density [sigma-t, Kg/m^3 ]
# name 16 = svCM: Sound Velocity [Chen-Millero, m/s]
# name 17 = avgsvCM: Average Sound Velocity [Chen-Millero, m/s], minP = 1, minS = 5
# name 18 = flag: flag
# span 0 =        645,      12305       
# span 1 =      3.000,    471.000       
# span 2 =     8.2173,    12.9288       
# span 3 =     8.2178,    12.9289       
# span 4 =   3.163486,   3.774940       
# span 5 =   3.156952,   3.774555       
# span 6 =    3.56575,    5.88479       
# span 7 =     1.5391,     2.3623       
# span 8 =    27.2732,    35.1180       
# span 9 =    27.2141,    35.1136       
# span 10 =    20.6671,    27.3255      
# span 11 =    1484.47,    1496.52      
# span 12 =    6.06333,    6.57545      
# span 13 =    27.2644,    35.1181      
# span 14 =    27.2054,    35.1137      
# span 15 =    20.6593,    27.3255      
# span 16 =    1484.46,    1496.52      
# span 17 =    1486.24,    1494.77      
# span 18 = 0.0000e+00, 0.0000e+00      
# interval = decibars: 1                
# start_time = Oct 23 2012 20:00:49 [System UTC, header]
# bad_flag = -9.990e-29
*END*
[from data line 77]
       2501     80.000     8.3668     8.3669   3.609075   3.608864    4.91824     2.0405    34.4852    34.4829    26.8144    1484.52    6.56859    34.4706    34.4683    26.8029    1484.50    1492.05 0.0000e+00
       2524     81.000     8.3422     8.3428   3.610372   3.610100    4.84976     2.0257    34.5214    34.5179    26.8465    1484.49    6.57060    34.5080    34.5045    26.8361    1484.48    1491.95 0.0000e+00
       2548     82.000     8.3290     8.3300   3.611306   3.611031    4.83127     2.0137    34.5423    34.5385    26.8650    1484.48    6.57158    34.5304    34.5265    26.8557    1484.47    1491.86 0.0000e+00
       2572     83.000     8.3124     8.3132   3.613098   3.612852    4.81708     2.0020    34.5761    34.5728    26.8941    1484.48    6.57253    34.5653    34.5619    26.8856    1484.47    1491.77 0.0000e+00
       2597     84.000     8.2964     8.2972   3.614065   3.613787    4.78418     1.9908    34.6007    34.5970    26.9157    1484.47    6.57379    34.5909    34.5871    26.9081    1484.46    1491.68 0.0000e+00
       2621     85.000     8.2854     8.2861   3.615095   3.614821    4.75958     1.9804    34.6211    34.6175    26.9334    1484.47    6.57450    34.6122    34.6086    26.9265    1484.46    1491.60 0.0000e+00
       2645     86.000     8.2699     8.2706   3.617011   3.616747    4.75187     1.9725    34.6555    34.6520    26.9628    1484.47    6.57527    34.6474    34.6439    26.9565    1484.46    1491.52 0.0000e+00
       2669     87.000     8.2613     8.2619   3.618982   3.618683    4.76574     1.9669    34.6837    34.6800    26.9862    1484.49    6.57529    34.6765    34.6727    26.9806    1484.48    1491.43 0.0000e+00
       2693     88.000     8.2567     8.2575   3.619898   3.619585    4.76101     1.9613    34.6966    34.6925    26.9971    1484.50    6.57538    34.6903    34.6862    26.9921    1484.50    1491.36 0.0000e+00
       2717     89.000     8.2532     8.2538   3.620594   3.620274    4.72878     1.9544    34.7063    34.7024    27.0053    1484.52    6.57545    34.7007    34.6967    27.0008    1484.51    1491.28 0.0000e+00
       2741     90.000     8.2501     8.2507   3.621664   3.621337    4.69422     1.9470    34.7197    34.7156    27.0162    1484.54    6.57531    34.7147    34.7106    27.0123    1484.53    1491.20 0.0000e+00
       2765     91.000     8.2458     8.2463   3.623133   3.622815    4.66323     1.9394    34.7386    34.7346    27.0317    1484.56    6.57511    34.7341    34.7302    27.0282    1484.56    1491.13 0.0000e+00
       2789     92.000     8.2432     8.2437   3.624049   3.623725    4.65144     1.9331    34.7499    34.7460    27.0410    1484.58    6.57499    34.7460    34.7420    27.0379    1484.58    1491.06 0.0000e+00
       2813     93.000     8.2422     8.2428   3.624676   3.624358    4.64837     1.9279    34.7566    34.7527    27.0464    1484.61    6.57482    34.7532    34.7492    27.0437    1484.60    1490.99 0.0000e+00
       2836     94.000     8.2397     8.2402   3.625718   3.625408    4.64328     1.9231    34.7693    34.7655    27.0568    1484.63    6.57463    34.7663    34.7625    27.0544    1484.62    1490.92 0.0000e+00
       2860     95.000     8.2347     8.2352   3.628579   3.628291    4.63058     1.9187    34.8041    34.8005    27.0848    1484.67    6.57387    34.8013    34.7977    27.0826    1484.67    1490.85 0.0000e+00
       2884     96.000     8.2329     8.2334   3.630111   3.629785    4.62137     1.9143    34.8215    34.8175    27.0987    1484.70    6.57338    34.8190    34.8150    27.0968    1484.70    1490.79 0.0000e+00
       2908     97.000     8.2327     8.2331   3.631041   3.630702    4.59339     1.9084    34.8308    34.8268    27.1061    1484.73    6.57299    34.8286    34.8246    27.1044    1484.72    1490.73 0.0000e+00
       2932     98.000     8.2327     8.2329   3.632165   3.631698    4.55152     1.9013    34.8420    34.8368    27.1149    1484.76    6.57250    34.8401    34.8350    27.1134    1484.76    1490.67 0.0000e+00
       2956     99.000     8.2315     8.2317   3.632882   3.632577    4.52087     1.8939    34.8502    34.8466    27.1215    1484.78    6.57232    34.8485    34.8450    27.1202    1484.78    1490.61 0.0000e+00
       2979    100.000     8.2319     8.2323   3.634730   3.634394    4.49629     1.8868    34.8688    34.8648    27.1361    1484.82    6.57146    34.8674    34.8634    27.1349    1484.82    1490.55 0.0000e+00
       3003    101.000     8.2323     8.2327   3.637219   3.636861    4.49389     1.8818    34.8942    34.8901    27.1559    1484.87    6.57029    34.8931    34.8888    27.1550    1484.87    1490.49 0.0000e+00
       3027    102.000     8.2337     8.2341   3.637976   3.637698    4.49253     1.8769    34.9003    34.8969    27.1605    1484.90    6.56983    34.8993    34.8959    27.1597    1484.90    1490.44 0.0000e+00
       3051    103.000     8.2373     8.2377   3.640032   3.639610    4.47220     1.8715    34.9179    34.9131    27.1738    1484.95    6.56853    34.9172    34.9123    27.1732    1484.95    1490.38 0.0000e+00
       3074    104.000     8.2386     8.2389   3.640921   3.640530    4.43527     1.8647    34.9255    34.9210    27.1796    1484.98    6.56801    34.9249    34.9204    27.1791    1484.98    1490.33 0.0000e+00
       3098    105.000     8.2395     8.2399   3.641520   3.641129    4.40756     1.8579    34.9304    34.9258    27.1832    1485.01    6.56765    34.9299    34.9253    27.1829    1485.01    1490.28 0.0000e+00
       3122    106.000     8.2403     8.2406   3.642141   3.641749    4.37396     1.8502    34.9357    34.9312    27.1873    1485.03    6.56732    34.9353    34.9308    27.1869    1485.03    1490.23 0.0000e+00
       3145    107.000     8.2420     8.2424   3.643017   3.642594    4.35310     1.8434    34.9428    34.9379    27.1926    1485.07    6.56676    34.9424    34.9375    27.1923    1485.06    1490.18 0.0000e+00
       3169    108.000     8.2444     8.2448   3.644451   3.644094    4.35625     1.8388    34.9551    34.9509    27.2019    1485.11    6.56587    34.9549    34.9507    27.2017    1485.11    1490.13 0.0000e+00
       3193    109.000     8.2473     8.2478   3.646175   3.645827    4.35898     1.8346    34.9700    34.9659    27.2132    1485.15    6.56480    34.9699    34.9657    27.2131    1485.15    1490.09 0.0000e+00
       3216    110.000     8.2493     8.2498   3.647442   3.647112    4.33699     1.8294    34.9810    34.9770    27.2214    1485.19    6.56403    34.9810    34.9770    27.2215    1485.19    1490.04 0.0000e+00
       3240    111.000     8.2518     8.2521   3.649231   3.648820    4.30836     1.8234    34.9971    34.9923    27.2337    1485.23    6.56298    34.9971    34.9924    27.2337    1485.24    1490.00 0.0000e+00
       3264    112.000     8.2519     8.2523   3.649402   3.649014    4.27099     1.8162    34.9984    34.9938    27.2347    1485.25    6.56292    34.9984    34.9938    27.2347    1485.25    1489.96 0.0000e+00
       3287    113.000     8.2516     8.2522   3.649727   3.649193    4.22691     1.8074    35.0016    34.9953    27.2373    1485.27    6.56281    35.0016    34.9953    27.2373    1485.27    1489.92 0.0000e+00
       3311    114.000     8.2518     8.2523   3.650654   3.650445    4.17629     1.7976    35.0108    35.0081    27.2445    1485.30    6.56239    35.0109    35.0081    27.2445    1485.30    1489.88 0.0000e+00
       3335    115.000     8.2521     8.2526   3.651123   3.650732    4.16619     1.7905    35.0151    35.0104    27.2478    1485.32    6.56217    35.0151    35.0104    27.2478    1485.32    1489.84 0.0000e+00
       3359    116.000     8.2513     8.2518   3.651316   3.650931    4.17127     1.7847    35.0175    35.0129    27.2498    1485.34    6.56219    35.0175    35.0128    27.2498    1485.34    1489.80 0.0000e+00
       3382    117.000     8.2501     8.2506   3.651497   3.651106    4.15601     1.7785    35.0202    35.0154    27.2521    1485.36    6.56225    35.0201    35.0154    27.2520    1485.36    1489.76 0.0000e+00
       3406    118.000     8.2496     8.2500   3.651580   3.651185    4.13931     1.7729    35.0211    35.0164    27.2529    1485.37    6.56229    35.0210    35.0164    27.2528    1485.37    1489.72 0.0000e+00
       3430    119.000     8.2490     8.2495   3.651672   3.651270    4.13076     1.7680    35.0221    35.0174    27.2538    1485.39    6.56233    35.0221    35.0173    27.2538    1485.39    1489.69 0.0000e+00
       3453    120.000     8.2487     8.2491   3.651719   3.651332    4.12008     1.7630    35.0225    35.0179    27.2541    1485.40    6.56236    35.0224    35.0179    27.2541    1485.40    1489.65 0.0000e+00
       3477    121.000     8.2486     8.2490   3.651779   3.651379    4.10686     1.7588    35.0227    35.0180    27.2543    1485.42    6.56236    35.0227    35.0180    27.2543    1485.42    1489.61 0.0000e+00
       3501    122.000     8.2474     8.2477   3.651842   3.651458    4.12182     1.7568    35.0241    35.0197    27.2556    1485.43    6.56248    35.0241    35.0197    27.2556    1485.43    1489.58 0.0000e+00
       3525    123.000     8.2460     8.2465   3.651913   3.651523    4.12893     1.7547    35.0258    35.0212    27.2572    1485.45    6.56261    35.0257    35.0211    27.2571    1485.45    1489.55 0.0000e+00
       3548    124.000     8.2454     8.2459   3.651975   3.651578    4.12961     1.7537    35.0266    35.0218    27.2579    1485.46    6.56267    35.0265    35.0218    27.2578    1485.46    1489.51 0.0000e+00
       3572    125.000     8.2446     8.2452   3.652029   3.651628    4.13485     1.7529    35.0274    35.0227    27.2586    1485.48    6.56274    35.0274    35.0225    27.2586    1485.48    1489.48 0.0000e+00
       3595    126.000     8.2444     8.2448   3.652074   3.651683    4.13861     1.7520    35.0276    35.0231    27.2588    1485.49    6.56276    35.0276    35.0230    27.2588    1485.49    1489.45 0.0000e+00
       3619    127.000     8.2445     8.2448   3.652130   3.651733    4.12150     1.7502    35.0277    35.0231    27.2589    1485.51    6.56275    35.0276    35.0231    27.2588    1485.51    1489.42 0.0000e+00
       3642    128.000     8.2439     8.2442   3.652173   3.651764    4.11570     1.7487    35.0283    35.0236    27.2594    1485.52    6.56282    35.0282    35.0235    27.2593    1485.52    1489.39 0.0000e+00
       3666    129.000     8.2420     8.2425   3.652223   3.651828    4.11418     1.7474    35.0302    35.0255    27.2612    1485.54    6.56301    35.0301    35.0254    27.2611    1485.54    1489.36 0.0000e+00
       3689    130.000     8.2419     8.2424   3.652279   3.651889    4.11201     1.7461    35.0304    35.0258    27.2614    1485.55    6.56301    35.0303    35.0257    27.2613    1485.55    1489.33 0.0000e+00
       3713    131.000     8.2412     8.2417   3.652362   3.651959    4.10917     1.7449    35.0316    35.0268    27.2624    1485.57    6.56307    35.0314    35.0266    27.2623    1485.57    1489.30 0.0000e+00
       3737    132.000     8.2411     8.2416   3.652407   3.652011    4.11263     1.7444    35.0317    35.0269    27.2625    1485.58    6.56309    35.0315    35.0268    27.2624    1485.58    1489.27 0.0000e+00
       3761    133.000     8.2408     8.2413   3.652507   3.652106    4.11317     1.7437    35.0325    35.0277    27.2632    1485.60    6.56309    35.0324    35.0276    27.2631    1485.60    1489.24 0.0000e+00
       3784    134.000     8.2403     8.2408   3.652579   3.652179    4.12047     1.7438    35.0333    35.0285    27.2639    1485.61    6.56313    35.0332    35.0284    27.2638    1485.61    1489.22 0.0000e+00
       3807    135.000     8.2407     8.2410   3.652695   3.652278    4.11624     1.7431    35.0336    35.0289    27.2641    1485.63    6.56306    35.0335    35.0288    27.2640    1485.63    1489.19 0.0000e+00
       3830    136.000     8.2409     8.2414   3.652770   3.652386    4.10847     1.7423    35.0337    35.0291    27.2642    1485.65    6.56302    35.0337    35.0291    27.2641    1485.65    1489.16 0.0000e+00
       3853    137.000     8.2403     8.2411   3.652787   3.652421    4.10774     1.7417    35.0340    35.0293    27.2644    1485.66    6.56309    35.0340    35.0292    27.2644    1485.67    1489.14 0.0000e+00
       3876    138.000     8.2412     8.2416   3.652968   3.652563    4.11170     1.7415    35.0345    35.0298    27.2647    1485.69    6.56294    35.0345    35.0298    27.2647    1485.69    1489.11 0.0000e+00
       3899    139.000     8.2412     8.2414   3.653068   3.652631    4.11118     1.7410    35.0352    35.0302    27.2652    1485.70    6.56292    35.0351    35.0302    27.2652    1485.70    1489.09 0.0000e+00
       3922    140.000     8.2404     8.2407   3.653077   3.652659    4.11080     1.7407    35.0356    35.0308    27.2657    1485.72    6.56302    35.0355    35.0307    27.2656    1485.72    1489.06 0.0000e+00
       3945    141.000     8.2405     8.2409   3.653143   3.652745    4.10151     1.7392    35.0357    35.0310    27.2657    1485.73    6.56300    35.0356    35.0310    27.2657    1485.73    1489.04 0.0000e+00
       3969    142.000     8.2405     8.2409   3.653163   3.652773    4.08299     1.7375    35.0354    35.0308    27.2655    1485.75    6.56301    35.0354    35.0308    27.2655    1485.75    1489.02 0.0000e+00
       3991    143.000     8.2408     8.2412   3.653261   3.652852    4.08229     1.7361    35.0356    35.0309    27.2656    1485.77    6.56295    35.0356    35.0308    27.2656    1485.77    1489.00 0.0000e+00
       4015    144.000     8.2408     8.2413   3.653442   3.653034    4.08808     1.7357    35.0371    35.0323    27.2668    1485.79    6.56289    35.0371    35.0322    27.2668    1485.79    1488.97 0.0000e+00
       4038    145.000     8.2405     8.2409   3.653517   3.653122    4.10343     1.7361    35.0377    35.0330    27.2674    1485.80    6.56291    35.0377    35.0331    27.2673    1485.80    1488.95 0.0000e+00
       4062    146.000     8.2405     8.2411   3.653577   3.653168    4.10265     1.7359    35.0378    35.0329    27.2674    1485.82    6.56290    35.0378    35.0329    27.2674    1485.82    1488.93 0.0000e+00
       4085    147.000     8.2407     8.2412   3.653621   3.653210    4.09914     1.7355    35.0376    35.0328    27.2672    1485.83    6.56288    35.0376    35.0327    27.2672    1485.84    1488.91 0.0000e+00
       4109    148.000     8.2408     8.2413   3.653682   3.653283    4.08744     1.7342    35.0377    35.0330    27.2672    1485.85    6.56286    35.0377    35.0329    27.2673    1485.85    1488.89 0.0000e+00
       4133    149.000     8.2410     8.2414   3.653737   3.653336    4.07146     1.7323    35.0376    35.0329    27.2672    1485.87    6.56284    35.0376    35.0329    27.2672    1485.87    1488.87 0.0000e+00
       4157    150.000     8.2411     8.2416   3.653792   3.653391    4.07506     1.7319    35.0376    35.0328    27.2671    1485.89    6.56282    35.0376    35.0328    27.2672    1485.89    1488.85 0.0000e+00
       4180    151.000     8.2412     8.2417   3.653848   3.653447    4.09519     1.7324    35.0376    35.0329    27.2671    1485.90    6.56280    35.0376    35.0328    27.2671    1485.90    1488.83 0.0000e+00
       4204    152.000     8.2413     8.2417   3.653907   3.653506    4.09201     1.7318    35.0377    35.0330    27.2672    1485.92    6.56280    35.0377    35.0330    27.2672    1485.92    1488.81 0.0000e+00
       4227    153.000     8.2413     8.2417   3.653962   3.653566    4.08778     1.7320    35.0378    35.0331    27.2673    1485.94    6.56279    35.0378    35.0331    27.2672    1485.94    1488.79 0.0000e+00
       4251    154.000     8.2410     8.2414   3.654015   3.653616    4.10507     1.7330    35.0382    35.0335    27.2676    1485.95    6.56281    35.0381    35.0335    27.2676    1485.95    1488.77 0.0000e+00
