_data/ctd/2012/sta0442_2012.cnv
* Sea-Bird SBE 9 Data File:
* FileName = C:\Seabird\CTDData\sta0442.hex
* Software Version Seasave V 7.21f
* Temperature SN = 4306
* Conductivity SN = 2694
* Number of Bytes Per Scan = 31
* Number of Voltage Words = 2
* Number of Scans Averaged by the Deck Unit = 1
* NMEA Latitude = 60 52.39 N
* NMEA Longitude = 005 25.09 E
* NMEA UTC (Time) = Oct 23 2012 09:41:34
* NMEA baud rate = 4800
** Ship: 14 F/F "G. O. Sars"
** Station: 0442
** Echodepth: 475
** Log: 7472.7
** Wind-Dir Force: 02 08
** Air-temp (dry): 8.7
** Weather Sky: 2 2
** Sea Ice: 1 0
# nquan = 19                                
# nvalues = 463                         
# units = specified
# name 0 = scan: Scan Count
# name 1 = prDM: Pressure, Digiquartz [db]
# name 2 = t068C: Temperature [ITS-68, deg C]
# name 3 = t168C: Temperature, 2 [ITS-68, deg C]
# name 4 = c0S/m: Conductivity [S/m]
# name 5 = c1S/m: Conductivity, 2 [S/m]
# name 6 = sbeox0ML/L: Oxygen, SBE 43 [ml/l]
# name 7 = sbeox0V: Oxygen raw, SBE 43 [V]
# name 8 = sal00: Salinity, Practical [PSU]
# name 9 = sal11: Salinity, Practical, 2 [PSU]
# name 10 = sigma-t00: Density [sigma-t, Kg/m^3 ]
# name 11 = svCM: Sound Velocity [Chen-Millero, m/s]
# name 12 = oxsolML/L: Oxygen Saturation, Garcia & Gordon [ml/l]
# name 13 = sal00: Salinity, Practical [PSU]
# name 14 = sal11: Salinity, Practical, 2 [PSU]
# name 15 = sigma-t00: Density [sigma-t, Kg/m^3 ]
# name 16 = svCM: Sound Velocity [Chen-Millero, m/s]
# name 17 = avgsvCM: Average Sound Velocity [Chen-Millero, m/s], minP = 1, minS = 5
# name 18 = flag: flag
# span 0 =        633,      12051       
# span 1 =      3.000,    465.000       
# span 2 =     8.2157,    12.9395       
# span 3 =     8.2163,    12.9400       
# span 4 =   3.313671,   3.775746       
# span 5 =   3.326385,   3.775331       
# span 6 =    3.57283,    5.78549       
# span 7 =     1.5408,     2.3508       
# span 8 =    28.5183,    35.1181       
# span 9 =    28.6380,    35.1139       
# span 10 =    21.5907,    27.3258      
# span 11 =    1484.50,    1496.54      
# span 12 =    6.06263,    6.57599      
# span 13 =    28.5203,    35.1181      
# span 14 =    28.6403,    35.1140      
# span 15 =    21.5922,    27.3258      
# span 16 =    1484.48,    1496.54      
# span 17 =    1487.97,    1494.84      
# span 18 = 0.0000e+00, 0.0000e+00      
# interval = decibars: 1                
# start_time = Oct 23 2012 09:41:36 [System UTC, header]
# bad_flag = -9.990e-29
*END*
[from data line 305]
       7895    308.000     8.2532     8.2537   3.668566   3.668223    3.80716     1.6301    35.1071    35.1029    27.3198    1488.62    6.55808    35.1071    35.1030    27.3199    1488.62    1488.01 0.0000e+00
       7919    309.000     8.2534     8.2540   3.668687   3.668341    3.80721     1.6290    35.1077    35.1034    27.3202    1488.64    6.55802    35.1077    35.1035    27.3203    1488.64    1488.01 0.0000e+00
       7942    310.000     8.2537     8.2542   3.668789   3.668436    3.80478     1.6277    35.1080    35.1037    27.3205    1488.65    6.55797    35.1081    35.1038    27.3205    1488.65    1488.01 0.0000e+00
       7967    311.000     8.2538     8.2543   3.668857   3.668511    3.80001     1.6266    35.1081    35.1039    27.3206    1488.67    6.55794    35.1082    35.1040    27.3206    1488.67    1488.02 0.0000e+00
       7990    312.000     8.2540     8.2544   3.668916   3.668567    3.79597     1.6252    35.1081    35.1039    27.3205    1488.69    6.55792    35.1082    35.1040    27.3206    1488.69    1488.02 0.0000e+00
       8014    313.000     8.2541     8.2546   3.669009   3.668664    3.79948     1.6249    35.1085    35.1043    27.3208    1488.71    6.55788    35.1086    35.1044    27.3209    1488.71    1488.02 0.0000e+00
       8039    314.000     8.2545     8.2549   3.669164   3.668805    3.80774     1.6245    35.1094    35.1050    27.3214    1488.73    6.55780    35.1093    35.1051    27.3214    1488.73    1488.02 0.0000e+00
       8063    315.000     8.2546     8.2551   3.669236   3.668875    3.80405     1.6242    35.1095    35.1052    27.3216    1488.74    6.55778    35.1095    35.1052    27.3216    1488.74    1488.03 0.0000e+00
       8087    316.000     8.2546     8.2551   3.669286   3.668928    3.80702     1.6238    35.1095    35.1052    27.3215    1488.76    6.55776    35.1096    35.1053    27.3216    1488.76    1488.03 0.0000e+00
       8111    317.000     8.2548     8.2553   3.669369   3.669015    3.78114     1.6212    35.1097    35.1055    27.3217    1488.78    6.55773    35.1098    35.1055    27.3217    1488.78    1488.03 0.0000e+00
       8135    318.000     8.2550     8.2556   3.669468   3.669106    3.74279     1.6170    35.1101    35.1057    27.3219    1488.79    6.55768    35.1102    35.1057    27.3220    1488.79    1488.03 0.0000e+00
       8159    319.000     8.2553     8.2558   3.669583   3.669237    3.72734     1.6136    35.1106    35.1064    27.3223    1488.81    6.55762    35.1106    35.1064    27.3223    1488.81    1488.03 0.0000e+00
       8183    320.000     8.2556     8.2561   3.669694   3.669339    3.72941     1.6110    35.1110    35.1067    27.3226    1488.83    6.55756    35.1110    35.1067    27.3226    1488.83    1488.04 0.0000e+00
       8207    321.000     8.2557     8.2562   3.669767   3.669413    3.73215     1.6089    35.1112    35.1069    27.3226    1488.85    6.55753    35.1112    35.1070    27.3227    1488.85    1488.04 0.0000e+00
       8231    322.000     8.2559     8.2564   3.669841   3.669486    3.72601     1.6067    35.1113    35.1070    27.3228    1488.86    6.55750    35.1113    35.1071    27.3228    1488.86    1488.04 0.0000e+00
       8254    323.000     8.2561     8.2566   3.669927   3.669566    3.73031     1.6057    35.1115    35.1072    27.3229    1488.88    6.55747    35.1116    35.1072    27.3229    1488.88    1488.04 0.0000e+00
       8278    324.000     8.2563     8.2568   3.670017   3.669673    3.74571     1.6060    35.1119    35.1076    27.3231    1488.90    6.55743    35.1119    35.1077    27.3231    1488.90    1488.05 0.0000e+00
       8301    325.000     8.2566     8.2571   3.670122   3.669773    3.75884     1.6062    35.1122    35.1080    27.3234    1488.92    6.55737    35.1122    35.1080    27.3233    1488.92    1488.05 0.0000e+00
       8325    326.000     8.2567     8.2572   3.670175   3.669827    3.75575     1.6064    35.1122    35.1080    27.3233    1488.93    6.55735    35.1122    35.1080    27.3233    1488.93    1488.05 0.0000e+00
       8348    327.000     8.2567     8.2572   3.670236   3.669886    3.76292     1.6072    35.1123    35.1080    27.3234    1488.95    6.55734    35.1124    35.1081    27.3235    1488.95    1488.06 0.0000e+00
       8372    328.000     8.2569     8.2575   3.670318   3.669957    3.77760     1.6086    35.1124    35.1081    27.3235    1488.97    6.55730    35.1126    35.1081    27.3236    1488.97    1488.06 0.0000e+00
       8395    329.000     8.2571     8.2576   3.670408   3.670049    3.78102     1.6095    35.1128    35.1084    27.3237    1488.99    6.55727    35.1128    35.1085    27.3238    1488.99    1488.06 0.0000e+00
       8419    330.000     8.2573     8.2578   3.670483   3.670126    3.77791     1.6102    35.1129    35.1086    27.3238    1489.00    6.55723    35.1130    35.1087    27.3238    1489.00    1488.06 0.0000e+00
       8442    331.000     8.2574     8.2580   3.670546   3.670199    3.77535     1.6103    35.1130    35.1087    27.3239    1489.02    6.55721    35.1131    35.1088    27.3239    1489.02    1488.07 0.0000e+00
       8466    332.000     8.2577     8.2582   3.670635   3.670270    3.77016     1.6102    35.1132    35.1089    27.3240    1489.04    6.55716    35.1132    35.1088    27.3240    1489.04    1488.07 0.0000e+00
       8490    333.000     8.2578     8.2583   3.670698   3.670349    3.76290     1.6095    35.1133    35.1091    27.3240    1489.06    6.55714    35.1133    35.1091    27.3240    1489.06    1488.07 0.0000e+00
       8514    334.000     8.2580     8.2585   3.670773   3.670419    3.75496     1.6084    35.1134    35.1092    27.3241    1489.07    6.55711    35.1134    35.1092    27.3241    1489.07    1488.08 0.0000e+00
       8538    335.000     8.2582     8.2587   3.670851   3.670498    3.74135     1.6068    35.1136    35.1093    27.3242    1489.09    6.55707    35.1136    35.1093    27.3242    1489.09    1488.08 0.0000e+00
       8562    336.000     8.2584     8.2589   3.670919   3.670573    3.72488     1.6041    35.1137    35.1095    27.3242    1489.11    6.55704    35.1136    35.1095    27.3242    1489.11    1488.08 0.0000e+00
       8585    337.000     8.2585     8.2590   3.670988   3.670629    3.69812     1.6005    35.1138    35.1094    27.3243    1489.12    6.55702    35.1138    35.1095    27.3243    1489.12    1488.08 0.0000e+00
       8608    338.000     8.2586     8.2591   3.671041   3.670692    3.68456     1.5974    35.1137    35.1096    27.3243    1489.14    6.55700    35.1138    35.1096    27.3243    1489.14    1488.09 0.0000e+00
       8631    339.000     8.2587     8.2592   3.671105   3.670756    3.68916     1.5954    35.1138    35.1096    27.3243    1489.16    6.55698    35.1139    35.1097    27.3244    1489.16    1488.09 0.0000e+00
       8654    340.000     8.2589     8.2594   3.671174   3.670824    3.69707     1.5940    35.1139    35.1097    27.3244    1489.18    6.55695    35.1140    35.1097    27.3244    1489.18    1488.09 0.0000e+00
       8678    341.000     8.2590     8.2596   3.671260   3.670905    3.69288     1.5923    35.1142    35.1099    27.3246    1489.19    6.55692    35.1143    35.1099    27.3246    1489.19    1488.10 0.0000e+00
       8701    342.000     8.2592     8.2597   3.671334   3.670988    3.68808     1.5908    35.1143    35.1101    27.3247    1489.21    6.55689    35.1144    35.1102    27.3247    1489.21    1488.10 0.0000e+00
       8724    343.000     8.2594     8.2599   3.671398   3.671048    3.68485     1.5895    35.1144    35.1102    27.3247    1489.23    6.55686    35.1144    35.1102    27.3247    1489.23    1488.10 0.0000e+00
       8748    344.000     8.2595     8.2599   3.671455   3.671103    3.69130     1.5888    35.1144    35.1102    27.3247    1489.24    6.55685    35.1144    35.1103    27.3247    1489.24    1488.11 0.0000e+00
       8771    345.000     8.2596     8.2601   3.671520   3.671165    3.69329     1.5883    35.1145    35.1102    27.3247    1489.26    6.55683    35.1146    35.1103    27.3247    1489.26    1488.11 0.0000e+00
       8794    346.000     8.2598     8.2602   3.671584   3.671229    3.69715     1.5882    35.1145    35.1103    27.3247    1489.28    6.55680    35.1146    35.1104    27.3247    1489.28    1488.11 0.0000e+00
       8818    347.000     8.2599     8.2604   3.671642   3.671294    3.69756     1.5878    35.1146    35.1104    27.3247    1489.30    6.55678    35.1146    35.1104    27.3247    1489.30    1488.12 0.0000e+00
       8841    348.000     8.2600     8.2605   3.671724   3.671369    3.69125     1.5872    35.1149    35.1106    27.3249    1489.31    6.55675    35.1149    35.1106    27.3249    1489.31    1488.12 0.0000e+00
       8864    349.000     8.2601     8.2606   3.671775   3.671430    3.69133     1.5867    35.1149    35.1106    27.3249    1489.33    6.55674    35.1149    35.1107    27.3249    1489.33    1488.12 0.0000e+00
       8887    350.000     8.2602     8.2607   3.671840   3.671484    3.69682     1.5870    35.1149    35.1106    27.3249    1489.35    6.55672    35.1150    35.1107    27.3250    1489.35    1488.13 0.0000e+00
       8910    351.000     8.2604     8.2609   3.671902   3.671543    3.71001     1.5878    35.1150    35.1107    27.3249    1489.36    6.55669    35.1150    35.1106    27.3249    1489.36    1488.13 0.0000e+00
       8934    352.000     8.2605     8.2610   3.671962   3.671607    3.71385     1.5883    35.1150    35.1107    27.3250    1489.38    6.55667    35.1150    35.1107    27.3250    1489.38    1488.14 0.0000e+00
       8957    353.000     8.2606     8.2611   3.672019   3.671659    3.71236     1.5887    35.1150    35.1107    27.3250    1489.40    6.55666    35.1151    35.1107    27.3250    1489.40    1488.14 0.0000e+00
       8980    354.000     8.2607     8.2613   3.672074   3.671728    3.71784     1.5895    35.1151    35.1108    27.3250    1489.41    6.55664    35.1151    35.1108    27.3250    1489.41    1488.14 0.0000e+00
       9003    355.000     8.2608     8.2613   3.672134   3.671788    3.71994     1.5899    35.1151    35.1109    27.3250    1489.43    6.55662    35.1151    35.1109    27.3250    1489.43    1488.15 0.0000e+00
       9027    356.000     8.2609     8.2614   3.672205   3.671850    3.71873     1.5905    35.1152    35.1110    27.3251    1489.45    6.55660    35.1153    35.1110    27.3251    1489.45    1488.15 0.0000e+00
       9050    357.000     8.2610     8.2615   3.672262   3.671912    3.72748     1.5914    35.1153    35.1110    27.3250    1489.46    6.55658    35.1153    35.1111    27.3251    1489.47    1488.15 0.0000e+00
       9074    358.000     8.2612     8.2617   3.672329   3.671979    3.73447     1.5924    35.1153    35.1111    27.3251    1489.48    6.55655    35.1154    35.1112    27.3251    1489.48    1488.16 0.0000e+00
       9098    359.000     8.2614     8.2619   3.672396   3.672045    3.73209     1.5928    35.1154    35.1111    27.3251    1489.50    6.55652    35.1154    35.1112    27.3251    1489.50    1488.16 0.0000e+00
       9122    360.000     8.2616     8.2621   3.672474   3.672115    3.71769     1.5918    35.1156    35.1112    27.3252    1489.52    6.55649    35.1156    35.1112    27.3252    1489.52    1488.16 0.0000e+00
       9146    361.000     8.2617     8.2622   3.672542   3.672182    3.69969     1.5904    35.1157    35.1113    27.3253    1489.53    6.55647    35.1157    35.1114    27.3253    1489.53    1488.17 0.0000e+00
       9170    362.000     8.2619     8.2624   3.672582   3.672235    3.69227     1.5888    35.1155    35.1113    27.3251    1489.55    6.55645    35.1155    35.1113    27.3251    1489.55    1488.17 0.0000e+00
       9194    363.000     8.2620     8.2625   3.672652   3.672300    3.68019     1.5867    35.1156    35.1114    27.3252    1489.57    6.55642    35.1156    35.1114    27.3252    1489.57    1488.18 0.0000e+00
       9218    364.000     8.2622     8.2627   3.672718   3.672353    3.66819     1.5843    35.1157    35.1113    27.3252    1489.59    6.55640    35.1157    35.1113    27.3252    1489.59    1488.18 0.0000e+00
       9241    365.000     8.2623     8.2627   3.672775   3.672433    3.66256     1.5824    35.1157    35.1116    27.3252    1489.60    6.55638    35.1157    35.1117    27.3252    1489.60    1488.18 0.0000e+00
       9265    366.000     8.2624     8.2629   3.672827   3.672483    3.66374     1.5809    35.1157    35.1115    27.3252    1489.62    6.55637    35.1157    35.1115    27.3252    1489.62    1488.19 0.0000e+00
       9288    367.000     8.2625     8.2630   3.672889   3.672544    3.66171     1.5793    35.1158    35.1116    27.3252    1489.64    6.55635    35.1158    35.1116    27.3252    1489.64    1488.19 0.0000e+00
       9312    368.000     8.2626     8.2631   3.672952   3.672596    3.65531 -9.990e-29    35.1158    35.1116    27.3253    1489.65    6.55633    35.1159    35.1116    27.3253    1489.65    1488.20 0.0000e+00
       9336    369.000     8.2628     8.2633   3.673010   3.672659    3.66123 -9.990e-29    35.1158    35.1116    27.3252    1489.67    6.55631    35.1158    35.1116    27.3252    1489.67    1488.20 0.0000e+00
       9359    370.000     8.2629     8.2634   3.673075   3.672721    3.67288 -9.990e-29    35.1159    35.1117    27.3253    1489.69    6.55628    35.1159    35.1116    27.3253    1489.69    1488.20 0.0000e+00
       9383    371.000     8.2630     8.2636   3.673134   3.672782    3.67669 -9.990e-29    35.1159    35.1116    27.3253    1489.70    6.55627    35.1160    35.1116    27.3253    1489.70    1488.21 0.0000e+00
       9407    372.000     8.2631     8.2636   3.673188   3.672834    3.67674     1.5772    35.1159    35.1117    27.3252    1489.72    6.55625    35.1160    35.1117    27.3253    1489.72    1488.21 0.0000e+00
       9431    373.000     8.2633     8.2638   3.673255   3.672901    3.66788     1.5764    35.1160    35.1117    27.3253    1489.74    6.55622    35.1160    35.1117    27.3253    1489.74    1488.22 0.0000e+00
       9454    374.000     8.2633     8.2640   3.673314   3.672966    3.66162     1.5757    35.1161    35.1118    27.3254    1489.75    6.55621    35.1162    35.1118    27.3254    1489.76    1488.22 0.0000e+00
       9478    375.000     8.2635     8.2641   3.673370   3.673022    3.66018     1.5750    35.1161    35.1118    27.3253    1489.77    6.55619    35.1161    35.1118    27.3253    1489.77    1488.22 0.0000e+00
       9502    376.000     8.2636     8.2642   3.673424   3.673073    3.66269     1.5747    35.1161    35.1118    27.3254    1489.79    6.55618    35.1161    35.1117    27.3253    1489.79    1488.23 0.0000e+00
       9525    377.000     8.2637     8.2642   3.673489   3.673137    3.65710     1.5737    35.1162    35.1119    27.3254    1489.81    6.55616    35.1162    35.1119    27.3254    1489.81    1488.23 0.0000e+00
       9549    378.000     8.2638     8.2643   3.673557   3.673206    3.65687     1.5734    35.1163    35.1120    27.3254    1489.82    6.55613    35.1163    35.1121    27.3255    1489.82    1488.24 0.0000e+00
       9572    379.000     8.2640     8.2645   3.673617   3.673262    3.67620     1.5746    35.1163    35.1120    27.3254    1489.84    6.55611    35.1163    35.1120    27.3254    1489.84    1488.24 0.0000e+00
       9596    380.000     8.2641     8.2647   3.673670   3.673323    3.69564     1.5763    35.1163    35.1120    27.3254    1489.86    6.55609    35.1163    35.1120    27.3254    1489.86    1488.24 0.0000e+00
       9619    381.000     8.2642     8.2647   3.673728   3.673380    3.69618     1.5768    35.1163    35.1121    27.3254    1489.87    6.55607    35.1163    35.1121    27.3254    1489.87    1488.25 0.0000e+00
       9643    382.000     8.2643     8.2649   3.673789   3.673437    3.67604     1.5761    35.1164    35.1121    27.3254    1489.89    6.55606    35.1164    35.1121    27.3255    1489.89    1488.25 0.0000e+00
