_data/ctd/2012/sta0443_2012.cnv
* Sea-Bird SBE 9 Data File:
* FileName = C:\Seabird\CTDData\sta0443.hex
* Software Version Seasave V 7.21f
* Temperature SN = 4306
* Conductivity SN = 2694
* Number of Bytes Per Scan = 31
* Number of Voltage Words = 2
* Number of Scans Averaged by the Deck Unit = 1
* NMEA Latitude = 60 52.36 N
* NMEA Longitude = 005 24.84 E
* NMEA UTC (Time) = Oct 23 2012 20:00:47
* NMEA baud rate = 4800
** Ship: 14 F/F "G. O. Sars"
** Station: 0443
** Echodepth: 479
** Log: 7496.3
** Wind-Dir Force: 24 08
** Air-temp (dry): 10.6
** Weather Sky: 2 2
** Sea Ice: 1 0
# nquan = 19                                
# nvalues = 469                         
# units = specified
# name 0 = scan: Scan Count
# name 1 = prDM: Pressure, Digiquartz [db]
# name 2 = t068C: Temperature [ITS-68, deg C]
# name 3 = t168C: Temperature, 2 [ITS-68, deg C]
# name 4 = c0S/m: Conductivity [S/m]
# name 5 = c1S/m: Conductivity, 2 [S/m]
# name 6 = sbeox0ML/L: Oxygen, SBE 43 [ml/l]
# name 7 = sbeox0V: Oxygen raw, SBE 43 [V]
# name 8 = sal00: Salinity, Practical [PSU]
# name 9 = sal11: Salinity, Practical, 2 [PSU]
# name 10 = sigma-t00: Density [sigma-t, Kg/m^3 ]
# name 11 = svCM: Sound Velocity [Chen-Millero, m/s]
# name 12 = oxsolML/L: Oxygen Saturation, Garcia & Gordon [ml/l]
# name 13 = sal00: Salinity, Practical [PSU]
# name 14 = sal11: Salinity, Practical, 2 [PSU]
# name 15 = sigma-t00: Density [sigma-t, Kg/m^3 ]
# name 16 = svCM: Sound Velocity [Chen-Millero, m/s]
# name 17 = avgsvCM: Average Sound Velocity [Chen-Millero, m/s], minP = 1, minS = 5
# name 18 = flag: flag
# span 0 =        645,      12305       
# span 1 =      3.000,    471.000       
# span 2 =     8.2173,    12.9288       
# span 3 =     8.2178,    12.9289       
# span 4 =   3.163486,   3.774940       
# span 5 =   3.156952,   3.774555       
# span 6 =    3.56575,    5.88479       
# span 7 =     1.5391,     2.3623       
# span 8 =    27.2732,    35.1180       
# span 9 =    27.2141,    35.1136       
# span 10 =    20.6671,    27.3255      
# span 11 =    1484.47,    1496.52      
# span 12 =    6.06333,    6.57545      
# span 13 =    27.2644,    35.1181      
# span 14 =    27.2054,    35.1137      
# span 15 =    20.6593,    27.3255      
# span 16 =    1484.46,    1496.52      
# span 17 =    1486.24,    1494.77      
# span 18 = 0.0000e+00, 0.0000e+00      
# interval = decibars: 1                
# start_time = Oct 23 2012 20:00:49 [System UTC, header]
# bad_flag = -9.990e-29
*END*
[from data line 153]
       4297    156.000     8.2413     8.2417   3.654185   3.653780    4.08650     1.7320    35.0386    35.0339    27.2679    1485.99    6.56274    35.0387    35.0340    27.2680    1485.99    1488.74 0.0000e+00
       4320    157.000     8.2413     8.2417   3.654245   3.653841    4.09630     1.7323    35.0389    35.0341    27.2681    1486.00    6.56274    35.0388    35.0341    27.2681    1486.00    1488.72 0.0000e+00
       4343    158.000     8.2408     8.2412   3.654259   3.653863    4.09466     1.7319    35.0390    35.0344    27.2683    1486.02    6.56281    35.0390    35.0344    27.2683    1486.02    1488.70 0.0000e+00
       4366    159.000     8.2404     8.2409   3.654281   3.653885    4.07818     1.7304    35.0392    35.0344    27.2685    1486.03    6.56286    35.0392    35.0344    27.2685    1486.03    1488.68 0.0000e+00
       4389    160.000     8.2405     8.2409   3.654366   3.653953    4.07361     1.7297    35.0395    35.0346    27.2687    1486.05    6.56284    35.0395    35.0347    27.2687    1486.05    1488.67 0.0000e+00
       4413    161.000     8.2406     8.2410   3.654431   3.654027    4.08570     1.7298    35.0396    35.0349    27.2688    1486.07    6.56281    35.0396    35.0349    27.2688    1486.07    1488.65 0.0000e+00
       4436    162.000     8.2410     8.2414   3.654539   3.654134    4.09690     1.7306    35.0399    35.0351    27.2690    1486.09    6.56275    35.0399    35.0351    27.2689    1486.09    1488.64 0.0000e+00
       4459    163.000     8.2414     8.2417   3.654635   3.654220    4.10858     1.7316    35.0401    35.0353    27.2691    1486.10    6.56268    35.0400    35.0353    27.2690    1486.10    1488.62 0.0000e+00
       4483    164.000     8.2418     8.2421   3.654756   3.654345    4.10465     1.7316    35.0405    35.0357    27.2693    1486.12    6.56260    35.0404    35.0357    27.2693    1486.12    1488.61 0.0000e+00
       4506    165.000     8.2419     8.2424   3.654842   3.654442    4.09339     1.7313    35.0407    35.0359    27.2695    1486.14    6.56257    35.0408    35.0360    27.2695    1486.14    1488.59 0.0000e+00
       4529    166.000     8.2417     8.2422   3.654861   3.654458    4.09162     1.7309    35.0407    35.0359    27.2695    1486.15    6.56261    35.0407    35.0359    27.2695    1486.16    1488.58 0.0000e+00
       4553    167.000     8.2416     8.2420   3.654900   3.654494    4.08107     1.7295    35.0407    35.0360    27.2695    1486.17    6.56262    35.0407    35.0360    27.2695    1486.17    1488.56 0.0000e+00
       4576    168.000     8.2415     8.2419   3.654942   3.654552    4.06616     1.7277    35.0407    35.0361    27.2696    1486.19    6.56263    35.0408    35.0362    27.2696    1486.19    1488.55 0.0000e+00
       4600    169.000     8.2412     8.2417   3.654984   3.654589    4.07061     1.7270    35.0411    35.0363    27.2699    1486.20    6.56266    35.0410    35.0363    27.2698    1486.20    1488.53 0.0000e+00
       4624    170.000     8.2409     8.2414   3.655038   3.654631    4.06860     1.7258    35.0414    35.0366    27.2702    1486.22    6.56269    35.0414    35.0366    27.2702    1486.22    1488.52 0.0000e+00
       4647    171.000     8.2408     8.2413   3.655101   3.654706    4.06714     1.7252    35.0417    35.0370    27.2704    1486.24    6.56269    35.0417    35.0370    27.2704    1486.24    1488.51 0.0000e+00
       4670    172.000     8.2409     8.2414   3.655189   3.654788    4.08110     1.7258    35.0420    35.0373    27.2707    1486.25    6.56266    35.0421    35.0373    27.2707    1486.25    1488.49 0.0000e+00
       4694    173.000     8.2413     8.2417   3.655285   3.654872    4.09250     1.7263    35.0423    35.0375    27.2708    1486.27    6.56260    35.0422    35.0374    27.2707    1486.27    1488.48 0.0000e+00
       4717    174.000     8.2412     8.2416   3.655322   3.654929    4.08584     1.7261    35.0423    35.0376    27.2708    1486.29    6.56261    35.0422    35.0376    27.2708    1486.29    1488.47 0.0000e+00
       4741    175.000     8.2406     8.2412   3.655340   3.654929    4.07733     1.7256    35.0425    35.0376    27.2711    1486.30    6.56268    35.0425    35.0375    27.2711    1486.30    1488.46 0.0000e+00
       4764    176.000     8.2403     8.2407   3.655358   3.654950    4.08008     1.7255    35.0425    35.0378    27.2711    1486.32    6.56273    35.0425    35.0378    27.2712    1486.32    1488.44 0.0000e+00
       4788    177.000     8.2404     8.2408   3.655407   3.654992    4.07957     1.7252    35.0425    35.0376    27.2711    1486.33    6.56272    35.0425    35.0377    27.2711    1486.33    1488.43 0.0000e+00
       4811    178.000     8.2405     8.2409   3.655469   3.655058    4.07083     1.7240    35.0426    35.0378    27.2711    1486.35    6.56270    35.0426    35.0378    27.2711    1486.35    1488.42 0.0000e+00
       4835    179.000     8.2405     8.2409   3.655525   3.655113    4.05825     1.7226    35.0427    35.0378    27.2712    1486.37    6.56270    35.0427    35.0379    27.2712    1486.37    1488.41 0.0000e+00
       4858    180.000     8.2406     8.2411   3.655593   3.655184    4.05722     1.7216    35.0428    35.0380    27.2713    1486.38    6.56267    35.0428    35.0380    27.2713    1486.38    1488.40 0.0000e+00
       4882    181.000     8.2404     8.2408   3.655620   3.655210    4.07219     1.7222    35.0428    35.0381    27.2713    1486.40    6.56270    35.0428    35.0381    27.2714    1486.40    1488.39 0.0000e+00
       4905    182.000     8.2402     8.2405   3.655652   3.655241    4.08877     1.7234    35.0429    35.0382    27.2714    1486.42    6.56273    35.0429    35.0382    27.2714    1486.42    1488.37 0.0000e+00
       4929    183.000     8.2400     8.2404   3.655683   3.655274    4.10000     1.7246    35.0430    35.0382    27.2716    1486.43    6.56276    35.0429    35.0382    27.2715    1486.43    1488.36 0.0000e+00
       4953    184.000     8.2398     8.2401   3.655704   3.655285    4.09917     1.7255    35.0429    35.0382    27.2715    1486.45    6.56279    35.0429    35.0381    27.2715    1486.45    1488.35 0.0000e+00
       4977    185.000     8.2394     8.2397   3.655711   3.655304    4.10514     1.7266    35.0430    35.0383    27.2716    1486.46    6.56285    35.0429    35.0382    27.2715    1486.46    1488.34 0.0000e+00
       5000    186.000     8.2391     8.2389   3.655747   3.655298    4.10293     1.7270    35.0432    35.0385    27.2718    1486.48    6.56289    35.0431    35.0385    27.2717    1486.48    1488.33 0.0000e+00
       5024    187.000     8.2393     8.2393   3.655811   3.655376    4.09601     1.7270    35.0431    35.0384    27.2718    1486.49    6.56285    35.0431    35.0384    27.2717    1486.50    1488.32 0.0000e+00
       5048    188.000     8.2389     8.2392   3.655825   3.655413    4.09499     1.7273    35.0432    35.0384    27.2719    1486.51    6.56291    35.0431    35.0384    27.2718    1486.51    1488.31 0.0000e+00
       5072    189.000     8.2384     8.2387   3.655833   3.655417    4.11052     1.7285    35.0432    35.0385    27.2720    1486.53    6.56298    35.0432    35.0385    27.2720    1486.52    1488.30 0.0000e+00
       5095    190.000     8.2378     8.2383   3.655833   3.655436    4.11861     1.7297    35.0434    35.0387    27.2722    1486.54    6.56306    35.0433    35.0386    27.2722    1486.54    1488.30 0.0000e+00
       5119    191.000     8.2370     8.2375   3.655814   3.655409    4.11932     1.7304    35.0435    35.0387    27.2724    1486.55    6.56317    35.0435    35.0386    27.2724    1486.55    1488.29 0.0000e+00
       5142    192.000     8.2359     8.2366   3.655764   3.655386    4.12644     1.7319    35.0437    35.0389    27.2727    1486.57    6.56334    35.0435    35.0388    27.2726    1486.57    1488.28 0.0000e+00
       5165    193.000     8.2343     8.2349   3.655666   3.655261    4.13756     1.7333    35.0437    35.0388    27.2730    1486.58    6.56357    35.0436    35.0387    27.2729    1486.58    1488.27 0.0000e+00
       5188    194.000     8.2333     8.2338   3.655619   3.655220    4.14169     1.7348    35.0438    35.0390    27.2732    1486.59    6.56371    35.0436    35.0389    27.2731    1486.59    1488.26 0.0000e+00
       5212    195.000     8.2327     8.2332   3.655614   3.655231    4.14956     1.7364    35.0438    35.0392    27.2733    1486.60    6.56379    35.0437    35.0391    27.2732    1486.60    1488.25 0.0000e+00
       5235    196.000     8.2325     8.2329   3.655642   3.655253    4.16205     1.7387    35.0439    35.0392    27.2734    1486.62    6.56383    35.0437    35.0391    27.2733    1486.62    1488.24 0.0000e+00
       5259    197.000     8.2315     8.2320   3.655607   3.655200    4.18367     1.7420    35.0439    35.0391    27.2736    1486.63    6.56396    35.0438    35.0390    27.2735    1486.63    1488.23 0.0000e+00
       5282    198.000     8.2312     8.2316   3.655623   3.655210    4.20479     1.7454    35.0439    35.0391    27.2736    1486.65    6.56401    35.0438    35.0390    27.2736    1486.65    1488.23 0.0000e+00
       5305    199.000     8.2308     8.2312   3.655628   3.655231    4.19272     1.7462    35.0439    35.0393    27.2737    1486.66    6.56407    35.0438    35.0392    27.2736    1486.66    1488.22 0.0000e+00
       5328    200.000     8.2289     8.2295   3.655510   3.655115    4.18849     1.7483    35.0441    35.0393    27.2741    1486.67    6.56434    35.0439    35.0391    27.2740    1486.67    1488.21 0.0000e+00
       5352    201.000     8.2273     8.2282   3.655419   3.655057    4.21144     1.7508    35.0443    35.0395    27.2745    1486.68    6.56458    35.0441    35.0393    27.2744    1486.68    1488.20 0.0000e+00
       5375    202.000     8.2260     8.2263   3.655378   3.654964    4.22217     1.7534    35.0447    35.0399    27.2750    1486.70    6.56475    35.0445    35.0397    27.2748    1486.69    1488.20 0.0000e+00
       5398    203.000     8.2265     8.2271   3.655455   3.655087    4.24229     1.7569    35.0445    35.0399    27.2748    1486.71    6.56469    35.0443    35.0398    27.2746    1486.71    1488.19 0.0000e+00
       5421    204.000     8.2253     8.2257   3.655398   3.655000    4.26515     1.7611    35.0446    35.0399    27.2751    1486.72    6.56485    35.0444    35.0398    27.2749    1486.72    1488.18 0.0000e+00
       5445    205.000     8.2242     8.2248   3.655338   3.654953    4.28762     1.7655    35.0445    35.0398    27.2752    1486.74    6.56502    35.0444    35.0397    27.2751    1486.74    1488.17 0.0000e+00
       5468    206.000     8.2233     8.2237   3.655298   3.654892    4.29135     1.7685    35.0445    35.0398    27.2753    1486.75    6.56514    35.0444    35.0396    27.2752    1486.75    1488.17 0.0000e+00
       5491    207.000     8.2232     8.2235   3.655316   3.654921    4.29482     1.7718    35.0444    35.0398    27.2752    1486.77    6.56517    35.0442    35.0397    27.2751    1486.77    1488.16 0.0000e+00
       5514    208.000     8.2233     8.2237   3.655384   3.654986    4.30581     1.7746    35.0444    35.0398    27.2752    1486.78    6.56515    35.0443    35.0397    27.2752    1486.78    1488.15 0.0000e+00
       5537    209.000     8.2232     8.2237   3.655430   3.655034    4.30787     1.7771    35.0446    35.0399    27.2754    1486.80    6.56516    35.0444    35.0397    27.2753    1486.80    1488.15 0.0000e+00
       5561    210.000     8.2227     8.2231   3.655436   3.655046    4.30731     1.7787    35.0447    35.0401    27.2755    1486.81    6.56523    35.0445    35.0399    27.2754    1486.81    1488.14 0.0000e+00
       5584    211.000     8.2224     8.2230   3.655462   3.655074    4.30046     1.7798    35.0447    35.0400    27.2756    1486.83    6.56527    35.0446    35.0399    27.2755    1486.83    1488.13 0.0000e+00
       5608    212.000     8.2223     8.2228   3.655498   3.655104    4.30300     1.7810    35.0448    35.0401    27.2756    1486.85    6.56529    35.0446    35.0399    27.2755    1486.84    1488.13 0.0000e+00
       5631    213.000     8.2218     8.2222   3.655498   3.655105    4.31696     1.7831    35.0448    35.0401    27.2757    1486.86    6.56536    35.0446    35.0400    27.2756    1486.86    1488.12 0.0000e+00
       5655    214.000     8.2212     8.2216   3.655507   3.655103    4.34113     1.7863    35.0449    35.0402    27.2760    1486.87    6.56544    35.0448    35.0401    27.2759    1486.87    1488.12 0.0000e+00
       5678    215.000     8.2205     8.2211   3.655491   3.655098    4.35997     1.7896    35.0450    35.0402    27.2761    1486.89    6.56553    35.0449    35.0401    27.2760    1486.89    1488.11 0.0000e+00
       5702    216.000     8.2199     8.2204   3.655482   3.655085    4.37361     1.7928    35.0450    35.0402    27.2762    1486.90    6.56562    35.0449    35.0402    27.2761    1486.90    1488.11 0.0000e+00
       5726    217.000     8.2196     8.2201   3.655501   3.655106    4.37491     1.7952    35.0450    35.0403    27.2762    1486.92    6.56566    35.0449    35.0402    27.2762    1486.92    1488.10 0.0000e+00
       5749    218.000     8.2194     8.2199   3.655522   3.655137    4.38111     1.7980    35.0449    35.0404    27.2762    1486.93    6.56570    35.0449    35.0403    27.2762    1486.93    1488.09 0.0000e+00
       5772    219.000     8.2192     8.2197   3.655559   3.655168    4.39576     1.8009    35.0450    35.0404    27.2763    1486.95    6.56572    35.0450    35.0403    27.2763    1486.95    1488.09 0.0000e+00
       5796    220.000     8.2179     8.2184   3.655480   3.655089    4.39888     1.8029    35.0451    35.0403    27.2766    1486.96    6.56592    35.0449    35.0403    27.2765    1486.96    1488.08 0.0000e+00
       5819    221.000     8.2186     8.2188   3.655626   3.655215    4.39766     1.8045    35.0454    35.0408    27.2767    1486.98    6.56580    35.0453    35.0407    27.2767    1486.98    1488.08 0.0000e+00
       5843    222.000     8.2188     8.2192   3.655681   3.655288    4.39886     1.8063    35.0454    35.0407    27.2767    1487.00    6.56578    35.0452    35.0406    27.2766    1487.00    1488.07 0.0000e+00
       5866    223.000     8.2198     8.2204   3.655855   3.655486    4.41705     1.8086    35.0456    35.0411    27.2767    1487.02    6.56560    35.0456    35.0411    27.2767    1487.02    1488.07 0.0000e+00
       5889    224.000     8.2207     8.2212   3.655994   3.655618    4.41127     1.8095    35.0457    35.0412    27.2766    1487.04    6.56547    35.0457    35.0412    27.2766    1487.04    1488.07 0.0000e+00
       5913    225.000     8.2203     8.2208   3.656000   3.655621    4.40366     1.8102    35.0456    35.0411    27.2766    1487.05    6.56553    35.0457    35.0412    27.2767    1487.05    1488.06 0.0000e+00
       5936    226.000     8.2210     8.2212   3.656134   3.655723    4.39709     1.8098    35.0459    35.0414    27.2767    1487.07    6.56541    35.0459    35.0414    27.2768    1487.07    1488.06 0.0000e+00
       5960    227.000     8.2210     8.2215   3.656186   3.655799    4.38711     1.8094    35.0460    35.0414    27.2768    1487.09    6.56541    35.0460    35.0414    27.2768    1487.09    1488.05 0.0000e+00
       5984    228.000     8.2194     8.2199   3.656064   3.655694    4.39123     1.8094    35.0459    35.0414    27.2770    1487.10    6.56566    35.0458    35.0414    27.2769    1487.10    1488.05 0.0000e+00
       6007    229.000     8.2176     8.2180   3.655931   3.655539    4.39798     1.8096    35.0458    35.0412    27.2772    1487.11    6.56593    35.0457    35.0411    27.2771    1487.11    1488.04 0.0000e+00
       6031    230.000     8.2175     8.2180   3.655966   3.655598    4.39483     1.8095    35.0458    35.0414    27.2772    1487.12    6.56595    35.0457    35.0413    27.2771    1487.12    1488.04 0.0000e+00
