_data/ctd/2012/sta0441_2012.cnv
* Sea-Bird SBE 9 Data File:
* FileName = C:\Seabird\CTDData\sta0441.hex
* Software Version Seasave V 7.21f
* Temperature SN = 4306
* Conductivity SN = 2694
* Number of Bytes Per Scan = 31
* Number of Voltage Words = 2
* Number of Scans Averaged by the Deck Unit = 1
* NMEA Latitude = 60 52.36 N
* NMEA Longitude = 005 23.68 E
* NMEA UTC (Time) = Oct 23 2012 04:17:06
* NMEA baud rate = 4800
** Ship: 14 F/F "G. O. Sars"
** Station: 0441
** Echodepth: 470
** Log: 7465.3
** Wind-Dir Force: 01 01
** Air-temp (dry): 7.5
** Weather Sky: 2 2
** Sea Ice: 1 0
# nquan = 19                                
# nvalues = 448                         
# units = specified
# name 0 = scan: Scan Count
# name 1 = prDM: Pressure, Digiquartz [db]
# name 2 = t068C: Temperature [ITS-68, deg C]
# name 3 = t168C: Temperature, 2 [ITS-68, deg C]
# name 4 = c0S/m: Conductivity [S/m]
# name 5 = c1S/m: Conductivity, 2 [S/m]
# name 6 = sbeox0ML/L: Oxygen, SBE 43 [ml/l]
# name 7 = sbeox0V: Oxygen raw, SBE 43 [V]
# name 8 = sal00: Salinity, Practical [PSU]
# name 9 = sal11: Salinity, Practical, 2 [PSU]
# name 10 = sigma-t00: Density [sigma-t, Kg/m^3 ]
# name 11 = svCM: Sound Velocity [Chen-Millero, m/s]
# name 12 = oxsolML/L: Oxygen Saturation, Garcia & Gordon [ml/l]
# name 13 = sal00: Salinity, Practical [PSU]
# name 14 = sal11: Salinity, Practical, 2 [PSU]
# name 15 = sigma-t00: Density [sigma-t, Kg/m^3 ]
# name 16 = svCM: Sound Velocity [Chen-Millero, m/s]
# name 17 = avgsvCM: Average Sound Velocity [Chen-Millero, m/s], minP = 1, minS = 5
# name 18 = flag: flag
# span 0 =        803,      11793       
# span 1 =      3.000,    450.000       
# span 2 =     8.2183,    12.9141       
# span 3 =     8.2189,    12.9141       
# span 4 =   3.330409,   3.776219       
# span 5 =   3.331409,   3.775787       
# span 6 =    3.60684,    5.63715       
# span 7 =     1.5534,     2.3030       
# span 8 =    28.6359,    35.1187       
# span 9 =    28.6440,    35.1142       
# span 10 =    21.6714,    27.3262      
# span 11 =    1484.49,    1496.55      
# span 12 =    6.06348,    6.57560      
# span 13 =    28.6337,    35.1188      
# span 14 =    28.6422,    35.1142      
# span 15 =    21.6695,    27.3263      
# span 16 =    1484.48,    1496.55      
# span 17 =    1488.09,    1494.95      
# span 18 = 0.0000e+00, 0.0000e+00      
# interval = decibars: 1                
# start_time = Oct 23 2012 04:17:08 [System UTC, header]
# bad_flag = -9.990e-29
*END*
[from data line 77]
       2654     80.000     8.4206     8.4217   3.608093   3.607848    4.97187     2.0608    34.4242    34.4205    26.7583    1484.65    6.56339    34.4076    34.4039    26.7452    1484.63    1492.48 0.0000e+00
       2678     81.000     8.4040     8.4051   3.609445   3.609156    4.92986     2.0476    34.4526    34.4485    26.7831    1484.64    6.56454    34.4377    34.4335    26.7714    1484.62    1492.38 0.0000e+00
       2702     82.000     8.3637     8.3659   3.609161   3.608910    4.92741     2.0371    34.4876    34.4828    26.8167    1484.55    6.56892    34.4736    34.4688    26.8058    1484.53    1492.28 0.0000e+00
       2726     83.000     8.3458     8.3471   3.610017   3.609738    4.92253     2.0279    34.5124    34.5083    26.8389    1484.53    6.57043    34.4998    34.4955    26.8290    1484.51    1492.19 0.0000e+00
       2750     84.000     8.3319     8.3330   3.610799   3.610503    4.90496     2.0191    34.5326    34.5285    26.8569    1484.52    6.57155    34.5212    34.5170    26.8480    1484.50    1492.10 0.0000e+00
       2774     85.000     8.3148     8.3159   3.612460   3.612182    4.87744     2.0101    34.5656    34.5616    26.8854    1484.51    6.57261    34.5552    34.5512    26.8773    1484.50    1492.01 0.0000e+00
       2798     86.000     8.2941     8.2953   3.614268   3.613985    4.85421     2.0018    34.6040    34.5997    26.9187    1484.50    6.57399    34.5944    34.5902    26.9112    1484.48    1491.92 0.0000e+00
       2823     87.000     8.2787     8.2795   3.615930   3.615645    4.84477     1.9946    34.6354    34.6316    26.9457    1484.49    6.57486    34.6268    34.6229    26.9389    1484.48    1491.83 0.0000e+00
       2847     88.000     8.2743     8.2749   3.617030   3.616753    4.82757     1.9872    34.6500    34.6464    26.9578    1484.51    6.57485    34.6423    34.6388    26.9518    1484.50    1491.75 0.0000e+00
       2871     89.000     8.2667     8.2675   3.618217   3.617925    4.77649     1.9771    34.6688    34.6650    26.9737    1484.52    6.57511    34.6620    34.6581    26.9684    1484.51    1491.67 0.0000e+00
       2895     90.000     8.2577     8.2584   3.619569   3.619273    4.71320     1.9658    34.6910    34.6871    26.9925    1484.53    6.57547    34.6848    34.6810    26.9877    1484.53    1491.59 0.0000e+00
       2919     91.000     8.2491     8.2499   3.621284   3.620981    4.68004     1.9555    34.7167    34.7127    27.0140    1484.55    6.57560    34.7111    34.7071    27.0097    1484.54    1491.51 0.0000e+00
       2943     92.000     8.2445     8.2451   3.622960   3.622656    4.66594     1.9469    34.7381    34.7342    27.0315    1484.57    6.57535    34.7331    34.7292    27.0276    1484.57    1491.43 0.0000e+00
       2967     93.000     8.2487     8.2492   3.624846   3.624513    4.68505     1.9421    34.7528    34.7488    27.0424    1484.62    6.57407    34.7486    34.7445    27.0391    1484.62    1491.36 0.0000e+00
       2991     94.000     8.2405     8.2411   3.625449   3.625125    4.68988     1.9369    34.7665    34.7624    27.0545    1484.63    6.57467    34.7626    34.7586    27.0514    1484.62    1491.29 0.0000e+00
       3015     95.000     8.2345     8.2351   3.625980   3.625660    4.64627     1.9290    34.7772    34.7732    27.0638    1484.63    6.57507    34.7738    34.7698    27.0610    1484.63    1491.22 0.0000e+00
       3039     96.000     8.2306     8.2312   3.627175   3.626837    4.59967     1.9212    34.7930    34.7888    27.0768    1484.66    6.57495    34.7899    34.7857    27.0743    1484.65    1491.15 0.0000e+00
       3063     97.000     8.2302     8.2306   3.627833   3.627505    4.60528     1.9162    34.7996    34.7957    27.0820    1484.68    6.57472    34.7968    34.7929    27.0798    1484.68    1491.08 0.0000e+00
       3087     98.000     8.2326     8.2331   3.631135   3.630817    4.61530     1.9123    34.8316    34.8277    27.1067    1484.74    6.57298    34.8292    34.8253    27.1049    1484.74    1491.02 0.0000e+00
       3111     99.000     8.2324     8.2330   3.632929   3.632582    4.61294     1.9087    34.8502    34.8458    27.1213    1484.78    6.57221    34.8481    34.8438    27.1197    1484.78    1490.95 0.0000e+00
       3134    100.000     8.2257     8.2262   3.633070   3.632731    4.58629     1.9034    34.8577    34.8536    27.1283    1484.78    6.57286    34.8558    34.8517    27.1268    1484.78    1490.89 0.0000e+00
       3158    101.000     8.2233     8.2238   3.633870   3.633529    4.52819     1.8949    34.8680    34.8639    27.1367    1484.80    6.57277    34.8662    34.8621    27.1353    1484.80    1490.83 0.0000e+00
       3181    102.000     8.2260     8.2261   3.635256   3.634866    4.49384     1.8883    34.8793    34.8751    27.1451    1484.84    6.57187    34.8779    34.8736    27.1441    1484.84    1490.77 0.0000e+00
       3204    103.000     8.2312     8.2318   3.636351   3.636006    4.50904     1.8841    34.8850    34.8807    27.1489    1484.89    6.57085    34.8839    34.8796    27.1480    1484.89    1490.72 0.0000e+00
       3228    104.000     8.2289     8.2292   3.637711   3.637425    4.52643     1.8815    34.9013    34.8979    27.1620    1484.91    6.57049    34.9002    34.8969    27.1612    1484.91    1490.66 0.0000e+00
       3251    105.000     8.2300     8.2304   3.638852   3.638426    4.51235     1.8771    34.9117    34.9068    27.1700    1484.95    6.56987    34.9109    34.9059    27.1693    1484.95    1490.61 0.0000e+00
       3274    106.000     8.2312     8.2314   3.639948   3.639448    4.47345     1.8717    34.9216    34.9161    27.1776    1484.98    6.56926    34.9209    34.9153    27.1770    1484.98    1490.55 0.0000e+00
       3298    107.000     8.2335     8.2338   3.641129   3.640753    4.44857     1.8660    34.9313    34.9269    27.1848    1485.02    6.56850    34.9307    34.9264    27.1844    1485.02    1490.50 0.0000e+00
       3321    108.000     8.2363     8.2367   3.642455   3.642083    4.42691     1.8600    34.9420    34.9376    27.1929    1485.06    6.56763    34.9416    34.9373    27.1925    1485.06    1490.45 0.0000e+00
       3345    109.000     8.2380     8.2383   3.643512   3.643125    4.41046     1.8548    34.9511    34.9466    27.1997    1485.09    6.56699    34.9507    34.9463    27.1994    1485.09    1490.40 0.0000e+00
       3369    110.000     8.2409     8.2412   3.644351   3.643965    4.39699     1.8491    34.9566    34.9521    27.2036    1485.13    6.56633    34.9563    34.9519    27.2034    1485.13    1490.35 0.0000e+00
       3392    111.000     8.2428     8.2433   3.645169   3.644794    4.36463     1.8426    34.9628    34.9583    27.2081    1485.16    6.56577    34.9627    34.9582    27.2081    1485.16    1490.31 0.0000e+00
       3416    112.000     8.2460     8.2467   3.646830   3.646565    4.34512     1.8368    34.9767    34.9733    27.2186    1485.20    6.56470    34.9768    34.9732    27.2186    1485.20    1490.26 0.0000e+00
       3440    113.000     8.2495     8.2501   3.648598   3.648325    4.34213     1.8320    34.9915    34.9880    27.2297    1485.25    6.56355    34.9917    34.9882    27.2298    1485.25    1490.22 0.0000e+00
       3464    114.000     8.2504     8.2510   3.649283   3.648883    4.32129     1.8260    34.9975    34.9927    27.2342    1485.28    6.56316    34.9976    34.9927    27.2343    1485.28    1490.17 0.0000e+00
       3488    115.000     8.2530     8.2534   3.650237   3.649843    4.27182     1.8176    35.0046    35.0000    27.2394    1485.31    6.56248    35.0047    35.0001    27.2395    1485.31    1490.13 0.0000e+00
       3511    116.000     8.2533     8.2536   3.650601   3.650157    4.22145     1.8088    35.0076    35.0027    27.2417    1485.34    6.56230    35.0078    35.0028    27.2419    1485.34    1490.09 0.0000e+00
       3534    117.000     8.2539     8.2547   3.650846   3.650512    4.19067     1.7999    35.0092    35.0048    27.2429    1485.36    6.56215    35.0094    35.0050    27.2430    1485.36    1490.05 0.0000e+00
       3558    118.000     8.2542     8.2547   3.651179   3.650757    4.16524     1.7914    35.0120    35.0070    27.2451    1485.38    6.56199    35.0121    35.0071    27.2452    1485.38    1490.01 0.0000e+00
       3581    119.000     8.2532     8.2537   3.651488   3.651080    4.15603     1.7850    35.0159    35.0110    27.2482    1485.40    6.56198    35.0159    35.0111    27.2483    1485.40    1489.97 0.0000e+00
       3604    120.000     8.2524     8.2528   3.651776   3.651379    4.17834     1.7813    35.0193    35.0146    27.2511    1485.41    6.56195    35.0193    35.0147    27.2511    1485.41    1489.93 0.0000e+00
       3627    121.000     8.2521     8.2526   3.651938   3.651540    4.17736     1.7771    35.0208    35.0161    27.2523    1485.43    6.56192    35.0209    35.0161    27.2523    1485.43    1489.89 0.0000e+00
       3650    122.000     8.2519     8.2525   3.652139   3.651741    4.15019     1.7717    35.0227    35.0179    27.2538    1485.45    6.56187    35.0227    35.0179    27.2538    1485.45    1489.86 0.0000e+00
       3674    123.000     8.2526     8.2531   3.652374   3.651996    4.13224     1.7674    35.0241    35.0195    27.2548    1485.47    6.56172    35.0241    35.0195    27.2548    1485.47    1489.82 0.0000e+00
       3697    124.000     8.2517     8.2521   3.652396   3.651997    4.13845     1.7642    35.0247    35.0200    27.2554    1485.48    6.56182    35.0247    35.0201    27.2554    1485.48    1489.79 0.0000e+00
       3720    125.000     8.2516     8.2520   3.652475   3.652075    4.13942     1.7615    35.0252    35.0205    27.2558    1485.50    6.56181    35.0252    35.0205    27.2558    1485.50    1489.75 0.0000e+00
       3744    126.000     8.2518     8.2522   3.652578   3.652176    4.13517     1.7589    35.0256    35.0209    27.2561    1485.52    6.56177    35.0256    35.0209    27.2561    1485.52    1489.72 0.0000e+00
       3767    127.000     8.2519     8.2524   3.652740   3.652349    4.12348     1.7559    35.0267    35.0220    27.2570    1485.54    6.56170    35.0267    35.0221    27.2570    1485.54    1489.69 0.0000e+00
       3790    128.000     8.2507     8.2512   3.652763   3.652358    4.11898     1.7538    35.0277    35.0229    27.2580    1485.55    6.56184    35.0277    35.0229    27.2579    1485.55    1489.65 0.0000e+00
       3814    129.000     8.2495     8.2500   3.652807   3.652403    4.12866     1.7526    35.0289    35.0241    27.2590    1485.56    6.56196    35.0289    35.0241    27.2590    1485.56    1489.62 0.0000e+00
       3837    130.000     8.2488     8.2493   3.652908   3.652504    4.13097     1.7514    35.0302    35.0255    27.2602    1485.58    6.56201    35.0302    35.0254    27.2601    1485.58    1489.59 0.0000e+00
       3861    131.000     8.2489     8.2493   3.653039   3.652630    4.12717     1.7504    35.0310    35.0262    27.2608    1485.60    6.56196    35.0310    35.0262    27.2608    1485.60    1489.56 0.0000e+00
       3884    132.000     8.2484     8.2488   3.653066   3.652650    4.12245     1.7489    35.0314    35.0266    27.2611    1485.61    6.56202    35.0313    35.0264    27.2611    1485.61    1489.53 0.0000e+00
       3908    133.000     8.2482     8.2486   3.653112   3.652703    4.10620     1.7463    35.0316    35.0268    27.2613    1485.62    6.56205    35.0315    35.0267    27.2613    1485.63    1489.50 0.0000e+00
       3932    134.000     8.2473     8.2478   3.653175   3.652774    4.08717     1.7436    35.0327    35.0279    27.2624    1485.64    6.56213    35.0326    35.0278    27.2623    1485.64    1489.47 0.0000e+00
       3955    135.000     8.2466     8.2470   3.653298   3.652883    4.07762     1.7405    35.0342    35.0293    27.2637    1485.66    6.56217    35.0341    35.0293    27.2636    1485.66    1489.44 0.0000e+00
       3979    136.000     8.2465     8.2470   3.653381   3.652973    4.06794     1.7380    35.0347    35.0299    27.2640    1485.67    6.56216    35.0346    35.0297    27.2640    1485.67    1489.41 0.0000e+00
       4003    137.000     8.2463     8.2468   3.653441   3.653037    4.07704     1.7366    35.0350    35.0302    27.2643    1485.69    6.56217    35.0350    35.0301    27.2643    1485.69    1489.39 0.0000e+00
       4026    138.000     8.2461     8.2466   3.653494   3.653082    4.07783     1.7351    35.0353    35.0304    27.2646    1485.70    6.56219    35.0352    35.0303    27.2645    1485.70    1489.36 0.0000e+00
       4050    139.000     8.2460     8.2464   3.653554   3.653151    4.06888     1.7332    35.0356    35.0308    27.2649    1485.72    6.56220    35.0355    35.0308    27.2648    1485.72    1489.33 0.0000e+00
       4074    140.000     8.2459     8.2464   3.653635   3.653236    4.06472     1.7318    35.0360    35.0312    27.2652    1485.74    6.56219    35.0360    35.0312    27.2651    1485.74    1489.31 0.0000e+00
       4097    141.000     8.2460     8.2465   3.653735   3.653325    4.06533     1.7305    35.0365    35.0317    27.2655    1485.75    6.56215    35.0365    35.0316    27.2655    1485.76    1489.28 0.0000e+00
       4122    142.000     8.2459     8.2463   3.653833   3.653413    4.06112     1.7291    35.0372    35.0323    27.2661    1485.77    6.56214    35.0371    35.0322    27.2660    1485.77    1489.26 0.0000e+00
       4145    143.000     8.2437     8.2441   3.653794   3.653385    4.06052     1.7282    35.0385    35.0337    27.2675    1485.78    6.56241    35.0384    35.0336    27.2674    1485.78    1489.23 0.0000e+00
       4169    144.000     8.2432     8.2436   3.653819   3.653420    4.05657     1.7267    35.0389    35.0342    27.2678    1485.80    6.56247    35.0387    35.0340    27.2677    1485.80    1489.21 0.0000e+00
       4193    145.000     8.2425     8.2431   3.653875   3.653475    4.04925     1.7253    35.0395    35.0348    27.2685    1485.81    6.56253    35.0395    35.0346    27.2684    1485.81    1489.19 0.0000e+00
       4217    146.000     8.2425     8.2430   3.653940   3.653540    4.03747     1.7232    35.0398    35.0350    27.2687    1485.83    6.56253    35.0397    35.0349    27.2686    1485.83    1489.16 0.0000e+00
       4242    147.000     8.2418     8.2425   3.653974   3.653594    4.03434     1.7217    35.0404    35.0356    27.2693    1485.84    6.56261    35.0403    35.0355    27.2692    1485.84    1489.14 0.0000e+00
       4266    148.000     8.2424     8.2429   3.654086   3.653669    4.02891     1.7197    35.0404    35.0355    27.2692    1485.86    6.56251    35.0404    35.0355    27.2692    1485.86    1489.12 0.0000e+00
       4289    149.000     8.2424     8.2429   3.654125   3.653721    4.02806     1.7190    35.0404    35.0356    27.2691    1485.88    6.56251    35.0403    35.0355    27.2691    1485.88    1489.10 0.0000e+00
       4313    150.000     8.2420     8.2425   3.654149   3.653741    4.05942     1.7207    35.0405    35.0357    27.2693    1485.89    6.56257    35.0405    35.0357    27.2693    1485.89    1489.08 0.0000e+00
       4337    151.000     8.2423     8.2426   3.654202   3.653791    4.07552     1.7216    35.0404    35.0357    27.2692    1485.91    6.56254    35.0403    35.0356    27.2691    1485.91    1489.06 0.0000e+00
       4361    152.000     8.2425     8.2430   3.654273   3.653861    4.06881     1.7224    35.0404    35.0355    27.2692    1485.93    6.56250    35.0404    35.0355    27.2691    1485.93    1489.03 0.0000e+00
       4385    153.000     8.2425     8.2429   3.654317   3.653905    4.07711     1.7235    35.0404    35.0356    27.2691    1485.94    6.56250    35.0404    35.0356    27.2691    1485.94    1489.01 0.0000e+00
       4408    154.000     8.2421     8.2423   3.654334   3.653892    4.07412     1.7237    35.0404    35.0355    27.2692    1485.96    6.56255    35.0405    35.0355    27.2692    1485.96    1488.99 0.0000e+00
