_data/ctd/2012/sta0440_2012.cnv
* Sea-Bird SBE 9 Data File:
* FileName = C:\Seabird\CTDData\sta0440.hex
* Software Version Seasave V 7.21f
* Temperature SN = 4306
* Conductivity SN = 2694
* Number of Bytes Per Scan = 31
* Number of Voltage Words = 2
* Number of Scans Averaged by the Deck Unit = 1
* NMEA Latitude = 60 52.35 N
* NMEA Longitude = 005 24.63 E
* NMEA UTC (Time) = Oct 22 2012 23:03:39
* NMEA baud rate = 4800
** Ship: 14 F/F "G. O. Sars"
** Station: 0440
** Echodepth: 484
** Log: 7453.414
** Wind-Dir Force: 05 01
** Air-temp (dry): 7.8
** Weather Sky: 2 2
** Sea Ice: 1 0
# nquan = 19                                
# nvalues = 472                         
# units = specified
# name 0 = scan: Scan Count
# name 1 = prDM: Pressure, Digiquartz [db]
# name 2 = t068C: Temperature [ITS-68, deg C]
# name 3 = t168C: Temperature, 2 [ITS-68, deg C]
# name 4 = c0S/m: Conductivity [S/m]
# name 5 = c1S/m: Conductivity, 2 [S/m]
# name 6 = sbeox0ML/L: Oxygen, SBE 43 [ml/l]
# name 7 = sbeox0V: Oxygen raw, SBE 43 [V]
# name 8 = sal00: Salinity, Practical [PSU]
# name 9 = sal11: Salinity, Practical, 2 [PSU]
# name 10 = sigma-t00: Density [sigma-t, Kg/m^3 ]
# name 11 = svCM: Sound Velocity [Chen-Millero, m/s]
# name 12 = oxsolML/L: Oxygen Saturation, Garcia & Gordon [ml/l]
# name 13 = sal00: Salinity, Practical [PSU]
# name 14 = sal11: Salinity, Practical, 2 [PSU]
# name 15 = sigma-t00: Density [sigma-t, Kg/m^3 ]
# name 16 = svCM: Sound Velocity [Chen-Millero, m/s]
# name 17 = avgsvCM: Average Sound Velocity [Chen-Millero, m/s], minP = 1, minS = 5
# name 18 = flag: flag
# span 0 =        373,      12488       
# span 1 =      4.000,    475.000       
# span 2 =     8.2177,    12.9556       
# span 3 =     8.2181,    12.9547       
# span 4 =   3.375409,   3.777229       
# span 5 =   3.378819,   3.776494       
# span 6 =    3.61112,    5.57143       
# span 7 =     1.5455,     2.2987       
# span 8 =    28.9941,    35.1194       
# span 9 =    29.0260,    35.1143       
# span 10 =    21.9333,    27.3264      
# span 11 =    1484.50,    1496.52      
# span 12 =    6.06298,    6.57539      
# span 13 =    28.9938,    35.1195      
# span 14 =    29.0260,    35.1143      
# span 15 =    21.9330,    27.3265      
# span 16 =    1484.49,    1496.52      
# span 17 =    1487.96,    1494.76      
# span 18 = 0.0000e+00, 0.0000e+00      
# interval = decibars: 1                
# start_time = Oct 22 2012 23:03:41 [System UTC, header]
# bad_flag = -9.990e-29
*END*
[from data line 77]
       2221     81.000     8.3709     8.3720   3.608812   3.608500    4.93680     2.0438    34.4760    34.4716    26.8065    1484.54    6.56830    34.4633    34.4589    26.7966    1484.53    1491.94 0.0000e+00
       2245     82.000     8.3554     8.3560   3.609736   3.609430    4.87874     2.0295    34.4992    34.4954    26.8271    1484.53    6.56952    34.4878    34.4840    26.8182    1484.52    1491.85 0.0000e+00
       2269     83.000     8.3388     8.3397   3.610726   3.610428    4.83538     2.0159    34.5245    34.5205    26.8495    1484.51    6.57085    34.5142    34.5101    26.8414    1484.50    1491.76 0.0000e+00
       2293     84.000     8.3335     8.3340   3.612064   3.611702    4.80971     2.0040    34.5422    34.5379    26.8642    1484.53    6.57081    34.5331    34.5288    26.8571    1484.52    1491.68 0.0000e+00
       2317     85.000     8.3228     8.3233   3.612657   3.612348    4.79327     1.9932    34.5577    34.5538    26.8780    1484.53    6.57169    34.5495    34.5457    26.8715    1484.52    1491.59 0.0000e+00
       2341     86.000     8.3062     8.3075   3.613493   3.613137    4.80933     1.9877    34.5818    34.5767    26.8994    1484.51    6.57307    34.5742    34.5691    26.8935    1484.50    1491.51 0.0000e+00
       2364     87.000     8.2890     8.2899   3.614872   3.614528    4.86366     1.9858    34.6124    34.6079    26.9261    1484.50    6.57426    34.6053    34.6008    26.9205    1484.49    1491.43 0.0000e+00
       2388     88.000     8.2734     8.2739   3.616657   3.616440    4.85331     1.9813    34.6458    34.6430    26.9547    1484.50    6.57511    34.6392    34.6364    26.9495    1484.49    1491.35 0.0000e+00
       2412     89.000     8.2639     8.2643   3.618653   3.618351    4.81586     1.9762    34.6753    34.6718    26.9793    1484.52    6.57521    34.6694    34.6658    26.9747    1484.51    1491.27 0.0000e+00
       2435     90.000     8.2586     8.2592   3.621422   3.621023    4.78017     1.9692    34.7090    34.7042    27.0065    1484.56    6.57452    34.7037    34.6989    27.0024    1484.55    1491.20 0.0000e+00
       2459     91.000     8.2550     8.2558   3.622897   3.622521    4.72205     1.9597    34.7272    34.7225    27.0214    1484.58    6.57425    34.7225    34.7177    27.0177    1484.58    1491.12 0.0000e+00
       2483     92.000     8.2510     8.2511   3.623220   3.622864    4.66205     1.9488    34.7337    34.7298    27.0270    1484.59    6.57454    34.7294    34.7255    27.0237    1484.59    1491.05 0.0000e+00
       2506     93.000     8.2416     8.2424   3.623926   3.623571    4.62149     1.9380    34.7497    34.7452    27.0411    1484.59    6.57523    34.7458    34.7412    27.0380    1484.59    1490.98 0.0000e+00
       2530     94.000     8.2354     8.2359   3.625023   3.624666    4.59424     1.9283    34.7667    34.7624    27.0553    1484.61    6.57539    34.7631    34.7588    27.0526    1484.60    1490.92 0.0000e+00
       2554     95.000     8.2341     8.2346   3.625939   3.625574    4.60365     1.9221    34.7769    34.7726    27.0635    1484.63    6.57514    34.7737    34.7693    27.0611    1484.63    1490.85 0.0000e+00
       2577     96.000     8.2316     8.2320   3.627564   3.627162    4.62682     1.9182    34.7959    34.7912    27.0789    1484.66    6.57468    34.7931    34.7884    27.0766    1484.66    1490.78 0.0000e+00
       2601     97.000     8.2270     8.2276   3.629797   3.629406    4.62686     1.9141    34.8236    34.8188    27.1013    1484.70    6.57416    34.8210    34.8162    27.0993    1484.69    1490.72 0.0000e+00
       2624     98.000     8.2278     8.2281   3.631129   3.630719    4.59984     1.9088    34.8361    34.8315    27.1110    1484.73    6.57349    34.8339    34.8293    27.1093    1484.73    1490.66 0.0000e+00
       2648     99.000     8.2352     8.2355   3.633075   3.632685    4.57327     1.9034    34.8486    34.8442    27.1197    1484.79    6.57184    34.8469    34.8424    27.1183    1484.79    1490.60 0.0000e+00
       2672    100.000     8.2304     8.2312   3.633368   3.632987    4.56269     1.8987    34.8559    34.8511    27.1261    1484.80    6.57223    34.8543    34.8494    27.1249    1484.80    1490.54 0.0000e+00
       2695    101.000     8.2300     8.2306   3.634719   3.634308    4.52791     1.8912    34.8701    34.8651    27.1373    1484.83    6.57168    34.8686    34.8637    27.1362    1484.83    1490.49 0.0000e+00
       2719    102.000     8.2282     8.2286   3.632242   3.635047    4.47618     1.8834    34.8678    34.8744    27.1358    1484.81    6.57301    34.8435    34.8731    27.1167    1484.81    1490.43 0.0000e+00
       2742    103.000     8.2320     8.2320   3.636516   3.636232    4.47315     1.8776    34.8862    34.8828    27.1497    1484.89    6.57069    34.8849    34.8818    27.1487    1484.89    1490.38 0.0000e+00
       2766    104.000     8.2326     8.2332   3.637510   3.637161    4.47070     1.8724    34.8953    34.8910    27.1567    1484.92    6.57019    34.8944    34.8901    27.1561    1484.92    1490.32 0.0000e+00
       2789    105.000     8.2342     8.2346   3.638941   3.638610    4.46683     1.8683    34.9083    34.9044    27.1667    1484.96    6.56939    34.9076    34.9037    27.1662    1484.96    1490.27 0.0000e+00
       2813    106.000     8.2388     8.2392   3.640586   3.640247    4.45909     1.8639    34.9206    34.9166    27.1757    1485.01    6.56818    34.9201    34.9161    27.1753    1485.01    1490.22 0.0000e+00
       2837    107.000     8.2351     8.2357   3.641105   3.640762    4.43865     1.8593    34.9294    34.9251    27.1831    1485.02    6.56835    34.9289    34.9246    27.1827    1485.02    1490.17 0.0000e+00
       2860    108.000     8.2396     8.2398   3.643386   3.643015    4.40892     1.8531    34.9486    34.9444    27.1976    1485.08    6.56686    34.9483    34.9441    27.1973    1485.08    1490.13 0.0000e+00
       2884    109.000     8.2462     8.2465   3.645739   3.645361    4.37850     1.8473    34.9665    34.9621    27.2106    1485.14    6.56512    34.9664    34.9620    27.2105    1485.14    1490.08 0.0000e+00
       2908    110.000     8.2479     8.2483   3.646998   3.646649    4.39279     1.8444    34.9777    34.9735    27.2191    1485.18    6.56439    34.9776    34.9735    27.2190    1485.18    1490.04 0.0000e+00
       2932    111.000     8.2490     8.2494   3.647905   3.647491    4.37887     1.8390    34.9858    34.9809    27.2253    1485.21    6.56388    34.9857    34.9809    27.2252    1485.21    1489.99 0.0000e+00
       2955    112.000     8.2536     8.2540   3.649626   3.649247    4.31397     1.8306    34.9989    34.9945    27.2349    1485.26    6.56263    34.9991    34.9946    27.2350    1485.26    1489.95 0.0000e+00
       2979    113.000     8.2543     8.2548   3.650726   3.650341    4.26845     1.8221    35.0095    35.0049    27.2431    1485.29    6.56208    35.0096    35.0050    27.2432    1485.29    1489.91 0.0000e+00
       3003    114.000     8.2563     8.2568   3.651409   3.651035    4.23962     1.8134    35.0143    35.0098    27.2465    1485.32    6.56158    35.0144    35.0099    27.2466    1485.32    1489.87 0.0000e+00
       3027    115.000     8.2537     8.2543   3.651427   3.651058    4.19879     1.8034    35.0166    35.0121    27.2488    1485.33    6.56186    35.0167    35.0122    27.2488    1485.33    1489.83 0.0000e+00
       3050    116.000     8.2520     8.2524   3.651526   3.651142    4.14724     1.7926    35.0190    35.0145    27.2509    1485.34    6.56202    35.0190    35.0145    27.2509    1485.35    1489.79 0.0000e+00
       3074    117.000     8.2509     8.2516   3.651630   3.651270    4.12140     1.7830    35.0207    35.0162    27.2524    1485.36    6.56211    35.0207    35.0162    27.2524    1485.36    1489.75 0.0000e+00
       3097    118.000     8.2495     8.2504   3.651689   3.651346    4.11753     1.7758    35.0224    35.0177    27.2539    1485.37    6.56225    35.0223    35.0177    27.2538    1485.37    1489.71 0.0000e+00
       3120    119.000     8.2483     8.2490   3.651723   3.651330    4.12126     1.7700    35.0234    35.0185    27.2549    1485.39    6.56238    35.0233    35.0184    27.2549    1485.39    1489.68 0.0000e+00
       3144    120.000     8.2464     8.2470   3.651881   3.651480    4.12144     1.7652    35.0265    35.0217    27.2577    1485.40    6.56252    35.0264    35.0216    27.2576    1485.40    1489.64 0.0000e+00
       3167    121.000     8.2438     8.2447   3.651896   3.651522    4.11881     1.7612    35.0289    35.0240    27.2600    1485.41    6.56281    35.0287    35.0238    27.2598    1485.41    1489.61 0.0000e+00
       3190    122.000     8.2435     8.2434   3.651949   3.651560    4.11436     1.7574    35.0292    35.0253    27.2602    1485.43    6.56283    35.0291    35.0250    27.2601    1485.42    1489.57 0.0000e+00
       3213    123.000     8.2422     8.2427   3.651979   3.651586    4.09706     1.7532    35.0304    35.0257    27.2613    1485.44    6.56298    35.0302    35.0255    27.2612    1485.44    1489.54 0.0000e+00
       3237    124.000     8.2418     8.2422   3.652073   3.651681    4.09669     1.7506    35.0313    35.0267    27.2621    1485.45    6.56300    35.0311    35.0265    27.2620    1485.45    1489.51 0.0000e+00
       3260    125.000     8.2415     8.2419   3.652145   3.651747    4.11263     1.7493    35.0319    35.0272    27.2626    1485.47    6.56302    35.0317    35.0271    27.2625    1485.47    1489.47 0.0000e+00
       3283    126.000     8.2408     8.2412   3.652171   3.651775    4.12090     1.7487    35.0324    35.0277    27.2631    1485.48    6.56310    35.0322    35.0276    27.2630    1485.48    1489.44 0.0000e+00
       3307    127.000     8.2393     8.2397   3.652154   3.651746    4.13150     1.7486    35.0333    35.0284    27.2641    1485.49    6.56329    35.0330    35.0283    27.2638    1485.50    1489.41 0.0000e+00
       3330    128.000     8.2387     8.2391   3.652165   3.651765    4.13509 -9.990e-29    35.0335    35.0288    27.2643    1485.51    6.56336    35.0333    35.0286    27.2641    1485.51    1489.38 0.0000e+00
       3354    129.000     8.2387     8.2391   3.652234   3.651838    4.13253 -9.990e-29    35.0337    35.0290    27.2644    1485.53    6.56335    35.0335    35.0289    27.2643    1485.53    1489.35 0.0000e+00
       3377    130.000     8.2388     8.2392   3.652290   3.651898    4.13227 -9.990e-29    35.0337    35.0291    27.2644    1485.54    6.56334    35.0335    35.0289    27.2643    1485.54    1489.32 0.0000e+00
       3401    131.000     8.2388     8.2392   3.652353   3.651949    4.13491     1.7482    35.0338    35.0291    27.2645    1485.56    6.56332    35.0337    35.0290    27.2645    1485.56    1489.29 0.0000e+00
       3424    132.000     8.2387     8.2391   3.652403   3.652010    4.13446     1.7481    35.0340    35.0293    27.2647    1485.58    6.56333    35.0339    35.0293    27.2646    1485.58    1489.26 0.0000e+00
       3448    133.000     8.2386     8.2390   3.652457   3.652061    4.12764     1.7472    35.0341    35.0295    27.2648    1485.59    6.56334    35.0341    35.0294    27.2648    1485.59    1489.24 0.0000e+00
       3471    134.000     8.2385     8.2389   3.652517   3.652128    4.12899     1.7472    35.0344    35.0299    27.2650    1485.61    6.56335    35.0343    35.0298    27.2650    1485.61    1489.21 0.0000e+00
       3495    135.000     8.2389     8.2392   3.652658   3.652233    4.12897     1.7466    35.0350    35.0301    27.2655    1485.63    6.56326    35.0349    35.0301    27.2654    1485.63    1489.18 0.0000e+00
       3518    136.000     8.2387     8.2391   3.652725   3.652321    4.11903     1.7456    35.0354    35.0307    27.2658    1485.64    6.56327    35.0354    35.0307    27.2658    1485.64    1489.16 0.0000e+00
       3542    137.000     8.2384     8.2389   3.652756   3.652348    4.11675     1.7449    35.0356    35.0307    27.2660    1485.66    6.56331    35.0355    35.0307    27.2659    1485.66    1489.13 0.0000e+00
       3565    138.000     8.2377     8.2384   3.652766   3.652359    4.11644     1.7441    35.0359    35.0309    27.2663    1485.67    6.56339    35.0358    35.0308    27.2663    1485.67    1489.11 0.0000e+00
       3589    139.000     8.2374     8.2379   3.652826   3.652416    4.11764     1.7437    35.0364    35.0315    27.2668    1485.69    6.56342    35.0363    35.0314    27.2667    1485.69    1489.08 0.0000e+00
       3613    140.000     8.2374     8.2378   3.652932   3.652521    4.11984     1.7435    35.0370    35.0322    27.2672    1485.71    6.56339    35.0369    35.0322    27.2672    1485.71    1489.06 0.0000e+00
       3636    141.000     8.2373     8.2378   3.652998   3.652569    4.12821     1.7441    35.0373    35.0322    27.2675    1485.72    6.56339    35.0373    35.0322    27.2675    1485.72    1489.03 0.0000e+00
       3660    142.000     8.2374     8.2379   3.653084   3.652639    4.13374     1.7440    35.0376    35.0324    27.2678    1485.74    6.56336    35.0376    35.0323    27.2677    1485.74    1489.01 0.0000e+00
       3684    143.000     8.2375     8.2379   3.653125   3.652685    4.11561     1.7429    35.0375    35.0324    27.2676    1485.76    6.56336    35.0375    35.0324    27.2676    1485.76    1488.99 0.0000e+00
       3708    144.000     8.2376     8.2381   3.653238   3.652817    4.10831     1.7420    35.0381    35.0331    27.2681    1485.77    6.56332    35.0381    35.0331    27.2681    1485.78    1488.96 0.0000e+00
       3732    145.000     8.2380     8.2385   3.653354   3.652911    4.11134     1.7415    35.0385    35.0333    27.2683    1485.79    6.56324    35.0384    35.0332    27.2683    1485.79    1488.94 0.0000e+00
       3756    146.000     8.2379     8.2385   3.653363   3.652932    4.12431     1.7421    35.0381    35.0330    27.2680    1485.81    6.56327    35.0381    35.0329    27.2681    1485.81    1488.92 0.0000e+00
       3780    147.000     8.2381     8.2385   3.653461   3.652997    4.11960     1.7412    35.0385    35.0332    27.2683    1485.83    6.56323    35.0385    35.0332    27.2683    1485.83    1488.90 0.0000e+00
       3804    148.000     8.2385     8.2388   3.653557   3.653092    4.10544     1.7401    35.0386    35.0334    27.2684    1485.85    6.56316    35.0386    35.0334    27.2684    1485.85    1488.88 0.0000e+00
       3828    149.000     8.2386     8.2390   3.653608   3.653143    4.11409     1.7405    35.0386    35.0332    27.2683    1485.86    6.56314    35.0386    35.0332    27.2683    1485.86    1488.86 0.0000e+00
       3851    150.000     8.2390     8.2394   3.653721   3.653253    4.12137     1.7403    35.0389    35.0335    27.2685    1485.88    6.56307    35.0389    35.0335    27.2685    1485.88    1488.84 0.0000e+00
       3875    151.000     8.2392     8.2396   3.653793   3.653332    4.10965     1.7394    35.0390    35.0337    27.2686    1485.90    6.56304    35.0390    35.0337    27.2686    1485.90    1488.82 0.0000e+00
       3898    152.000     8.2394     8.2398   3.653883   3.653449    4.11362     1.7396    35.0393    35.0343    27.2688    1485.91    6.56300    35.0393    35.0343    27.2687    1485.92    1488.80 0.0000e+00
       3922    153.000     8.2396     8.2400   3.654059   3.653618    4.10924     1.7385    35.0405    35.0354    27.2696    1485.93    6.56292    35.0405    35.0354    27.2697    1485.93    1488.78 0.0000e+00
       3945    154.000     8.2397     8.2402   3.654136   3.653692    4.10514     1.7383    35.0407    35.0355    27.2699    1485.95    6.56290    35.0407    35.0355    27.2698    1485.95    1488.76 0.0000e+00
       3969    155.000     8.2397     8.2402   3.654211   3.653786    4.10772     1.7376    35.0410    35.0360    27.2700    1485.97    6.56288    35.0410    35.0360    27.2701    1485.97    1488.75 0.0000e+00
