_data/ctd/2012/sta0445_2012.cnv
* Sea-Bird SBE 9 Data File:
* FileName = C:\Seabird\CTDData\sta0445.hex
* Software Version Seasave V 7.21f
* Temperature SN = 4306
* Conductivity SN = 2694
* Number of Bytes Per Scan = 31
* Number of Voltage Words = 2
* Number of Scans Averaged by the Deck Unit = 1
* NMEA Latitude = 60 52.34 N
* NMEA Longitude = 005 24.38 E
* NMEA UTC (Time) = Oct 24 2012 10:19:18
* NMEA baud rate = 4800
** Ship: 14 F/F "G. O. Sars"
** Station: 0445
** Echodepth: 486
** Log: 7522.844
** Wind-Dir Force: 26 09
** Air-temp (dry): 8.0
** Weather Sky: 2 2
** Sea Ice: 1 0
# nquan = 19                                
# nvalues = 474                         
# units = specified
# name 0 = scan: Scan Count
# name 1 = prDM: Pressure, Digiquartz [db]
# name 2 = t068C: Temperature [ITS-68, deg C]
# name 3 = t168C: Temperature, 2 [ITS-68, deg C]
# name 4 = c0S/m: Conductivity [S/m]
# name 5 = c1S/m: Conductivity, 2 [S/m]
# name 6 = sbeox0ML/L: Oxygen, SBE 43 [ml/l]
# name 7 = sbeox0V: Oxygen raw, SBE 43 [V]
# name 8 = sal00: Salinity, Practical [PSU]
# name 9 = sal11: Salinity, Practical, 2 [PSU]
# name 10 = sigma-t00: Density [sigma-t, Kg/m^3 ]
# name 11 = svCM: Sound Velocity [Chen-Millero, m/s]
# name 12 = oxsolML/L: Oxygen Saturation, Garcia & Gordon [ml/l]
# name 13 = sal00: Salinity, Practical [PSU]
# name 14 = sal11: Salinity, Practical, 2 [PSU]
# name 15 = sigma-t00: Density [sigma-t, Kg/m^3 ]
# name 16 = svCM: Sound Velocity [Chen-Millero, m/s]
# name 17 = avgsvCM: Average Sound Velocity [Chen-Millero, m/s], minP = 1, minS = 5
# name 18 = flag: flag
# span 0 =        378,      12049       
# span 1 =      4.000,    477.000       
# span 2 =     8.2181,    12.9238       
# span 3 =     8.2185,    12.9239       
# span 4 =   3.499276,   3.770135       
# span 5 =   3.500165,   3.769785       
# span 6 =    3.59876,    5.45412       
# span 7 =     1.5444,     2.2697       
# span 8 =    29.9843,    35.1181       
# span 9 =    29.9899,    35.1141       
# span 10 =    22.6579,    27.3254      
# span 11 =    1484.49,    1496.45      
# span 12 =    6.06325,    6.57562      
# span 13 =    29.9872,    35.1181      
# span 14 =    29.9929,    35.1141      
# span 15 =    22.6602,    27.3254      
# span 16 =    1484.48,    1496.45      
# span 17 =    1488.03,    1495.22      
# span 18 = 0.0000e+00, 0.0000e+00      
# interval = decibars: 1                
# start_time = Oct 24 2012 10:19:21 [System UTC, header]
# bad_flag = -9.990e-29
*END*
[from data line 153]
       4000    157.000     8.2413     8.2417   3.654320   3.653977    4.08029     1.7299    35.0397    35.0356    27.2687    1486.00    6.56271    35.0396    35.0356    27.2687    1486.00    1488.84 0.0000e+00
       4023    158.000     8.2412     8.2416   3.654368   3.654023    4.07621     1.7291    35.0398    35.0357    27.2689    1486.02    6.56272    35.0398    35.0357    27.2688    1486.02    1488.82 0.0000e+00
       4047    159.000     8.2408     8.2413   3.654394   3.654048    4.07501     1.7285    35.0400    35.0358    27.2691    1486.04    6.56277    35.0400    35.0358    27.2691    1486.04    1488.81 0.0000e+00
       4070    160.000     8.2409     8.2414   3.654444   3.654100    4.07572     1.7279    35.0399    35.0358    27.2690    1486.05    6.56275    35.0399    35.0357    27.2690    1486.05    1488.79 0.0000e+00
       4093    161.000     8.2411     8.2415   3.654517   3.654172    4.07934     1.7279    35.0400    35.0359    27.2691    1486.07    6.56272    35.0400    35.0359    27.2691    1486.07    1488.77 0.0000e+00
       4116    162.000     8.2412     8.2417   3.654604   3.654255    4.09160     1.7286    35.0404    35.0362    27.2693    1486.09    6.56269    35.0404    35.0361    27.2693    1486.09    1488.76 0.0000e+00
       4140    163.000     8.2412     8.2416   3.654661   3.654309    4.08798     1.7282    35.0405    35.0363    27.2694    1486.10    6.56268    35.0405    35.0363    27.2694    1486.10    1488.74 0.0000e+00
       4164    164.000     8.2409     8.2414   3.654699   3.654345    4.07054     1.7270    35.0407    35.0364    27.2696    1486.12    6.56271    35.0407    35.0364    27.2696    1486.12    1488.72 0.0000e+00
       4187    165.000     8.2409     8.2414   3.654749   3.654399    4.06713     1.7263    35.0408    35.0366    27.2696    1486.14    6.56272    35.0408    35.0365    27.2697    1486.14    1488.71 0.0000e+00
       4211    166.000     8.2410     8.2416   3.654807   3.654451    4.07670     1.7260    35.0408    35.0365    27.2697    1486.15    6.56270    35.0408    35.0364    27.2697    1486.15    1488.69 0.0000e+00
       4234    167.000     8.2415     8.2419   3.654903   3.654560    4.07844 -9.990e-29    35.0408    35.0368    27.2696    1486.17    6.56263    35.0408    35.0368    27.2696    1486.17    1488.68 0.0000e+00
       4258    168.000     8.2416     8.2421   3.654974   3.654634    4.07946 -9.990e-29    35.0410    35.0369    27.2697    1486.19    6.56260    35.0410    35.0369    27.2698    1486.19    1488.66 0.0000e+00
       4281    169.000     8.2419     8.2422   3.655048   3.654695    4.08402 -9.990e-29    35.0410    35.0369    27.2698    1486.21    6.56256    35.0410    35.0370    27.2697    1486.21    1488.65 0.0000e+00
       4304    170.000     8.2419     8.2424   3.655104   3.654755    4.07408     1.7249    35.0411    35.0369    27.2698    1486.22    6.56255    35.0411    35.0369    27.2698    1486.22    1488.63 0.0000e+00
       4327    171.000     8.2419     8.2424   3.655156   3.654815    4.05896     1.7240    35.0412    35.0370    27.2698    1486.24    6.56255    35.0412    35.0371    27.2699    1486.24    1488.62 0.0000e+00
       4351    172.000     8.2416     8.2421   3.655204   3.654851    4.06546     1.7235    35.0415    35.0373    27.2702    1486.26    6.56258    35.0415    35.0373    27.2702    1486.26    1488.61 0.0000e+00
       4374    173.000     8.2418     8.2421   3.655282   3.654939    4.06599     1.7230    35.0417    35.0377    27.2703    1486.27    6.56255    35.0417    35.0377    27.2703    1486.27    1488.59 0.0000e+00
       4398    174.000     8.2420     8.2424   3.655368   3.655022    4.07816     1.7238    35.0419    35.0378    27.2704    1486.29    6.56251    35.0419    35.0378    27.2704    1486.29    1488.58 0.0000e+00
       4421    175.000     8.2421     8.2424   3.655447   3.655093    4.08434     1.7241    35.0422    35.0380    27.2706    1486.31    6.56249    35.0422    35.0381    27.2706    1486.31    1488.57 0.0000e+00
       4444    176.000     8.2417     8.2420   3.655464   3.655100    4.08424     1.7246    35.0423    35.0381    27.2707    1486.32    6.56253    35.0423    35.0381    27.2707    1486.32    1488.55 0.0000e+00
       4468    177.000     8.2404     8.2409   3.655424   3.655075    4.08946     1.7251    35.0427    35.0385    27.2712    1486.33    6.56271    35.0427    35.0384    27.2712    1486.33    1488.54 0.0000e+00
       4492    178.000     8.2402     8.2407   3.655460   3.655130    4.08007     1.7245    35.0428    35.0388    27.2713    1486.35    6.56273    35.0428    35.0387    27.2713    1486.35    1488.53 0.0000e+00
       4515    179.000     8.2402     8.2406   3.655513   3.655159    4.08133     1.7250    35.0429    35.0387    27.2715    1486.37    6.56273    35.0429    35.0387    27.2714    1486.37    1488.52 0.0000e+00
       4539    180.000     8.2400     8.2405   3.655551   3.655204    4.09562     1.7260    35.0430    35.0388    27.2716    1486.38    6.56275    35.0430    35.0388    27.2715    1486.38    1488.50 0.0000e+00
       4563    181.000     8.2395     8.2399   3.655563   3.655210    4.10213     1.7267    35.0432    35.0390    27.2718    1486.40    6.56283    35.0431    35.0389    27.2717    1486.40    1488.49 0.0000e+00
       4586    182.000     8.2385     8.2390   3.655539   3.655192    4.09149     1.7264    35.0434    35.0393    27.2721    1486.41    6.56296    35.0434    35.0392    27.2721    1486.41    1488.48 0.0000e+00
       4609    183.000     8.2378     8.2384   3.655548   3.655219    4.08422     1.7260    35.0438    35.0397    27.2725    1486.42    6.56305    35.0437    35.0396    27.2724    1486.42    1488.47 0.0000e+00
       4633    184.000     8.2376     8.2380   3.655582   3.655236    4.08793     1.7263    35.0438    35.0397    27.2726    1486.44    6.56307    35.0438    35.0397    27.2725    1486.44    1488.46 0.0000e+00
       4656    185.000     8.2377     8.2381   3.655642   3.655296    4.11524     1.7287    35.0438    35.0398    27.2726    1486.46    6.56305    35.0438    35.0397    27.2726    1486.46    1488.45 0.0000e+00
       4680    186.000     8.2379     8.2384   3.655726   3.655400    4.14278     1.7317    35.0441    35.0401    27.2727    1486.48    6.56301    35.0440    35.0401    27.2727    1486.47    1488.44 0.0000e+00
       4703    187.000     8.2373     8.2378   3.655720   3.655383    4.14443     1.7333    35.0441    35.0401    27.2729    1486.49    6.56310    35.0441    35.0400    27.2728    1486.49    1488.43 0.0000e+00
       4727    188.000     8.2370     8.2374   3.655732   3.655395    4.13014     1.7339    35.0441    35.0401    27.2729    1486.50    6.56315    35.0440    35.0400    27.2728    1486.50    1488.42 0.0000e+00
       4751    189.000     8.2364     8.2368   3.655718   3.655379    4.13245     1.7351    35.0441    35.0400    27.2730    1486.52    6.56324    35.0440    35.0400    27.2729    1486.52    1488.41 0.0000e+00
       4774    190.000     8.2356     8.2361   3.655698   3.655353    4.13994     1.7360    35.0442    35.0400    27.2731    1486.53    6.56335    35.0441    35.0399    27.2731    1486.53    1488.40 0.0000e+00
       4798    191.000     8.2344     8.2349   3.655614   3.655271    4.13284     1.7361    35.0441    35.0399    27.2733    1486.54    6.56354    35.0439    35.0398    27.2731    1486.54    1488.39 0.0000e+00
       4822    192.000     8.2340     8.2344   3.655623   3.655277    4.13708     1.7372    35.0440    35.0399    27.2733    1486.56    6.56360    35.0439    35.0398    27.2732    1486.56    1488.38 0.0000e+00
       4845    193.000     8.2339     8.2344   3.655664   3.655326    4.15607     1.7391    35.0440    35.0399    27.2733    1486.57    6.56360    35.0440    35.0399    27.2733    1486.57    1488.37 0.0000e+00
       4869    194.000     8.2339     8.2344   3.655706   3.655371    4.17015     1.7412    35.0440    35.0399    27.2733    1486.59    6.56361    35.0439    35.0399    27.2732    1486.59    1488.36 0.0000e+00
       4892    195.000     8.2339     8.2344   3.655759   3.655432    4.17789     1.7431    35.0440    35.0401    27.2733    1486.61    6.56360    35.0440    35.0400    27.2733    1486.61    1488.35 0.0000e+00
       4916    196.000     8.2330     8.2335   3.655713   3.655382    4.17203     1.7438    35.0441    35.0400    27.2735    1486.62    6.56374    35.0440    35.0399    27.2734    1486.62    1488.34 0.0000e+00
       4939    197.000     8.2316     8.2323   3.655626   3.655304    4.16796     1.7446    35.0441    35.0399    27.2737    1486.63    6.56395    35.0439    35.0398    27.2736    1486.63    1488.33 0.0000e+00
       4962    198.000     8.2312     8.2317   3.655634   3.655302    4.17409     1.7457    35.0440    35.0400    27.2737    1486.65    6.56400    35.0439    35.0399    27.2736    1486.65    1488.32 0.0000e+00
       4985    199.000     8.2311     8.2315   3.655667   3.655332    4.18761     1.7474    35.0441    35.0400    27.2738    1486.66    6.56403    35.0439    35.0399    27.2736    1486.66    1488.32 0.0000e+00
       5008    200.000     8.2306     8.2311   3.655665   3.655328    4.19489     1.7491    35.0440    35.0400    27.2738    1486.68    6.56410    35.0439    35.0398    27.2737    1486.68    1488.31 0.0000e+00
       5031    201.000     8.2301     8.2305   3.655675   3.655331    4.20333     1.7506    35.0442    35.0401    27.2740    1486.69    6.56417    35.0440    35.0400    27.2739    1486.69    1488.30 0.0000e+00
       5054    202.000     8.2293     8.2299   3.655649   3.655306    4.19453     1.7511    35.0442    35.0400    27.2741    1486.70    6.56428    35.0441    35.0398    27.2740    1486.71    1488.29 0.0000e+00
       5077    203.000     8.2291     8.2296   3.655669   3.655326    4.19902     1.7523    35.0441    35.0400    27.2741    1486.72    6.56431    35.0440    35.0398    27.2740    1486.72    1488.28 0.0000e+00
       5100    204.000     8.2286     8.2293   3.655657   3.655341    4.21492     1.7543    35.0440    35.0399    27.2741    1486.74    6.56439    35.0439    35.0398    27.2740    1486.74    1488.28 0.0000e+00
       5124    205.000     8.2274     8.2280   3.655593   3.655252    4.22396     1.7558    35.0440    35.0398    27.2743    1486.75    6.56456    35.0439    35.0397    27.2742    1486.75    1488.27 0.0000e+00
       5147    206.000     8.2261     8.2266   3.655521   3.655177    4.20991     1.7557    35.0441    35.0399    27.2745    1486.76    6.56475    35.0440    35.0398    27.2744    1486.76    1488.26 0.0000e+00
       5170    207.000     8.2258     8.2260   3.655555   3.655198    4.20023     1.7557    35.0443    35.0402    27.2748    1486.78    6.56479    35.0441    35.0401    27.2746    1486.77    1488.25 0.0000e+00
       5194    208.000     8.2262     8.2265   3.655661   3.655315    4.21111     1.7567    35.0445    35.0405    27.2748    1486.79    6.56472    35.0444    35.0404    27.2748    1486.79    1488.25 0.0000e+00
       5217    209.000     8.2254     8.2259   3.655646   3.655311    4.23845     1.7596    35.0447    35.0406    27.2751    1486.81    6.56483    35.0445    35.0405    27.2750    1486.81    1488.24 0.0000e+00
       5240    210.000     8.2260     8.2265   3.655771   3.655432    4.27520     1.7639    35.0448    35.0408    27.2751    1486.83    6.56473    35.0448    35.0407    27.2751    1486.83    1488.23 0.0000e+00
       5264    211.000     8.2253     8.2257   3.655731   3.655401    4.29383     1.7673    35.0447    35.0408    27.2752    1486.84    6.56485    35.0446    35.0407    27.2751    1486.84    1488.23 0.0000e+00
       5287    212.000     8.2249     8.2254   3.655771   3.655436    4.29140     1.7702    35.0451    35.0410    27.2755    1486.85    6.56489    35.0449    35.0409    27.2754    1486.85    1488.22 0.0000e+00
       5310    213.000     8.2243     8.2248   3.655786   3.655449    4.29506     1.7725    35.0453    35.0412    27.2758    1486.87    6.56496    35.0452    35.0411    27.2757    1486.87    1488.21 0.0000e+00
       5334    214.000     8.2235     8.2242   3.655752   3.655439    4.29449     1.7745    35.0452    35.0413    27.2758    1486.88    6.56508    35.0452    35.0411    27.2758    1486.88    1488.21 0.0000e+00
       5357    215.000     8.2229     8.2232   3.655734   3.655380    4.32008     1.7787    35.0452    35.0412    27.2759    1486.90    6.56518    35.0451    35.0410    27.2758    1486.90    1488.20 0.0000e+00
       5380    216.000     8.2209     8.2215   3.655562   3.655245    4.35209     1.7828    35.0449    35.0409    27.2760    1486.90    6.56548    35.0448    35.0408    27.2759    1486.91    1488.20 0.0000e+00
       5404    217.000     8.2203     8.2208   3.655543   3.655230    4.34945     1.7856    35.0448    35.0410    27.2760    1486.92    6.56557    35.0447    35.0408    27.2759    1486.92    1488.19 0.0000e+00
       5427    218.000     8.2201     8.2206   3.655591   3.655249    4.34138     1.7871    35.0450    35.0409    27.2762    1486.94    6.56559    35.0449    35.0408    27.2761    1486.94    1488.18 0.0000e+00
       5451    219.000     8.2200     8.2202   3.655637   3.655282    4.32712     1.7875    35.0451    35.0411    27.2763    1486.95    6.56560    35.0450    35.0410    27.2762    1486.95    1488.18 0.0000e+00
       5475    220.000     8.2190     8.2194   3.655612   3.655280    4.31754     1.7875    35.0454    35.0414    27.2767    1486.96    6.56574    35.0453    35.0413    27.2765    1486.96    1488.17 0.0000e+00
       5498    221.000     8.2187     8.2193   3.655641   3.655319    4.32574     1.7885    35.0455    35.0415    27.2768    1486.98    6.56578    35.0454    35.0413    27.2767    1486.98    1488.17 0.0000e+00
       5522    222.000     8.2185     8.2189   3.655693   3.655349    4.34314     1.7903    35.0458    35.0417    27.2771    1487.00    6.56580    35.0457    35.0416    27.2769    1487.00    1488.16 0.0000e+00
       5545    223.000     8.2188     8.2192   3.655751   3.655422    4.36032     1.7927    35.0457    35.0417    27.2769    1487.01    6.56576    35.0455    35.0416    27.2768    1487.01    1488.16 0.0000e+00
       5569    224.000     8.2187     8.2193   3.655794   3.655463    4.38587     1.7963    35.0457    35.0415    27.2769    1487.03    6.56577    35.0456    35.0414    27.2768    1487.03    1488.15 0.0000e+00
       5592    225.000     8.2187     8.2192   3.655841   3.655516    4.39713     1.7989    35.0457    35.0417    27.2769    1487.05    6.56577    35.0456    35.0416    27.2769    1487.05    1488.15 0.0000e+00
       5616    226.000     8.2183     8.2187   3.655860   3.655531    4.38965     1.8005    35.0458    35.0419    27.2771    1487.06    6.56582    35.0457    35.0418    27.2770    1487.06    1488.14 0.0000e+00
       5639    227.000     8.2182     8.2186   3.655931   3.655597    4.38042     1.8012    35.0462    35.0422    27.2774    1487.08    6.56583    35.0461    35.0421    27.2773    1487.08    1488.14 0.0000e+00
       5663    228.000     8.2181     8.2185   3.656011   3.655676    4.37574     1.8019    35.0466    35.0427    27.2777    1487.10    6.56582    35.0466    35.0426    27.2777    1487.09    1488.13 0.0000e+00
       5687    229.000     8.2184     8.2187   3.656087   3.655765    4.37949     1.8025    35.0467    35.0429    27.2778    1487.11    6.56578    35.0466    35.0429    27.2777    1487.11    1488.13 0.0000e+00
       5710    230.000     8.2186     8.2190   3.656133   3.655832    4.39663     1.8047    35.0464    35.0428    27.2775    1487.13    6.56575    35.0464    35.0428    27.2775    1487.13    1488.12 0.0000e+00
       5734    231.000     8.2188     8.2193   3.656303   3.655978    4.41820     1.8073    35.0475    35.0436    27.2784    1487.15    6.56567    35.0475    35.0436    27.2784    1487.15    1488.12 0.0000e+00
