_data/ctd/2012/sta0445_2012.cnv
* Sea-Bird SBE 9 Data File:
* FileName = C:\Seabird\CTDData\sta0445.hex
* Software Version Seasave V 7.21f
* Temperature SN = 4306
* Conductivity SN = 2694
* Number of Bytes Per Scan = 31
* Number of Voltage Words = 2
* Number of Scans Averaged by the Deck Unit = 1
* NMEA Latitude = 60 52.34 N
* NMEA Longitude = 005 24.38 E
* NMEA UTC (Time) = Oct 24 2012 10:19:18
* NMEA baud rate = 4800
** Ship: 14 F/F "G. O. Sars"
** Station: 0445
** Echodepth: 486
** Log: 7522.844
** Wind-Dir Force: 26 09
** Air-temp (dry): 8.0
** Weather Sky: 2 2
** Sea Ice: 1 0
# nquan = 19                                
# nvalues = 474                         
# units = specified
# name 0 = scan: Scan Count
# name 1 = prDM: Pressure, Digiquartz [db]
# name 2 = t068C: Temperature [ITS-68, deg C]
# name 3 = t168C: Temperature, 2 [ITS-68, deg C]
# name 4 = c0S/m: Conductivity [S/m]
# name 5 = c1S/m: Conductivity, 2 [S/m]
# name 6 = sbeox0ML/L: Oxygen, SBE 43 [ml/l]
# name 7 = sbeox0V: Oxygen raw, SBE 43 [V]
# name 8 = sal00: Salinity, Practical [PSU]
# name 9 = sal11: Salinity, Practical, 2 [PSU]
# name 10 = sigma-t00: Density [sigma-t, Kg/m^3 ]
# name 11 = svCM: Sound Velocity [Chen-Millero, m/s]
# name 12 = oxsolML/L: Oxygen Saturation, Garcia & Gordon [ml/l]
# name 13 = sal00: Salinity, Practical [PSU]
# name 14 = sal11: Salinity, Practical, 2 [PSU]
# name 15 = sigma-t00: Density [sigma-t, Kg/m^3 ]
# name 16 = svCM: Sound Velocity [Chen-Millero, m/s]
# name 17 = avgsvCM: Average Sound Velocity [Chen-Millero, m/s], minP = 1, minS = 5
# name 18 = flag: flag
# span 0 =        378,      12049       
# span 1 =      4.000,    477.000       
# span 2 =     8.2181,    12.9238       
# span 3 =     8.2185,    12.9239       
# span 4 =   3.499276,   3.770135       
# span 5 =   3.500165,   3.769785       
# span 6 =    3.59876,    5.45412       
# span 7 =     1.5444,     2.2697       
# span 8 =    29.9843,    35.1181       
# span 9 =    29.9899,    35.1141       
# span 10 =    22.6579,    27.3254      
# span 11 =    1484.49,    1496.45      
# span 12 =    6.06325,    6.57562      
# span 13 =    29.9872,    35.1181      
# span 14 =    29.9929,    35.1141      
# span 15 =    22.6602,    27.3254      
# span 16 =    1484.48,    1496.45      
# span 17 =    1488.03,    1495.22      
# span 18 = 0.0000e+00, 0.0000e+00      
# interval = decibars: 1                
# start_time = Oct 24 2012 10:19:21 [System UTC, header]
# bad_flag = -9.990e-29
*END*
[from data line 229]
       5781    233.000     8.2199     8.2204   3.656564   3.656230    4.44242     1.8128    35.0482    35.0442    27.2787    1487.19    6.56548    35.0483    35.0442    27.2788    1487.19    1488.11 0.0000e+00
       5805    234.000     8.2201     8.2205   3.656629   3.656306    4.44520     1.8149    35.0483    35.0444    27.2787    1487.20    6.56545    35.0483    35.0444    27.2787    1487.20    1488.11 0.0000e+00
       5829    235.000     8.2207     8.2212   3.656773   3.656449    4.43109     1.8149    35.0488    35.0448    27.2790    1487.22    6.56535    35.0487    35.0448    27.2790    1487.22    1488.10 0.0000e+00
       5853    236.000     8.2216     8.2221   3.656958   3.656628    4.40658     1.8141    35.0492    35.0453    27.2792    1487.24    6.56518    35.0493    35.0453    27.2793    1487.24    1488.10 0.0000e+00
       5877    237.000     8.2216     8.2221   3.657004   3.656681    4.40335     1.8134    35.0493    35.0453    27.2793    1487.26    6.56519    35.0493    35.0454    27.2794    1487.26    1488.10 0.0000e+00
       5901    238.000     8.2216     8.2221   3.657049   3.656728    4.39388     1.8119    35.0492    35.0454    27.2793    1487.28    6.56518    35.0493    35.0454    27.2794    1487.28    1488.09 0.0000e+00
       5925    239.000     8.2219     8.2224   3.657144   3.656821    4.38739     1.8107    35.0495    35.0456    27.2795    1487.29    6.56513    35.0496    35.0456    27.2795    1487.29    1488.09 0.0000e+00
       5949    240.000     8.2221     8.2227   3.657239   3.656906    4.38501     1.8094    35.0498    35.0457    27.2796    1487.31    6.56508    35.0499    35.0458    27.2797    1487.31    1488.09 0.0000e+00
       5973    241.000     8.2230     8.2234   3.657430   3.657082    4.38344     1.8084    35.0506    35.0464    27.2801    1487.33    6.56493    35.0506    35.0465    27.2801    1487.33    1488.08 0.0000e+00
       5996    242.000     8.2254     8.2259   3.657870   3.657543    4.38129     1.8073    35.0523    35.0483    27.2811    1487.36    6.56449    35.0524    35.0484    27.2812    1487.36    1488.08 0.0000e+00
       6020    243.000     8.2263     8.2268   3.658117   3.657793    4.37553     1.8060    35.0535    35.0495    27.2819    1487.38    6.56431    35.0537    35.0497    27.2820    1487.38    1488.08 0.0000e+00
       6044    244.000     8.2267     8.2272   3.658214   3.657885    4.35460     1.8030    35.0537    35.0497    27.2820    1487.40    6.56424    35.0538    35.0498    27.2821    1487.40    1488.08 0.0000e+00
       6068    245.000     8.2272     8.2277   3.658350   3.658023    4.31056     1.7974    35.0542    35.0502    27.2823    1487.42    6.56415    35.0543    35.0503    27.2824    1487.42    1488.07 0.0000e+00
       6093    246.000     8.2277     8.2281   3.658497   3.658161    4.25714     1.7901    35.0548    35.0507    27.2827    1487.44    6.56405    35.0549    35.0509    27.2828    1487.44    1488.07 0.0000e+00
       6117    247.000     8.2282     8.2287   3.658659   3.658341    4.23820     1.7844    35.0555    35.0516    27.2831    1487.46    6.56394    35.0556    35.0517    27.2833    1487.46    1488.07 0.0000e+00
       6141    248.000     8.2286     8.2290   3.658751   3.658424    4.24411     1.7799    35.0556    35.0517    27.2832    1487.47    6.56388    35.0557    35.0518    27.2833    1487.47    1488.07 0.0000e+00
       6165    249.000     8.2293     8.2298   3.658928   3.658601    4.23569     1.7754    35.0563    35.0523    27.2836    1487.50    6.56375    35.0564    35.0525    27.2837    1487.49    1488.06 0.0000e+00
       6189    250.000     8.2296     8.2301   3.659025   3.658685    4.22598     1.7714    35.0566    35.0525    27.2838    1487.51    6.56370    35.0567    35.0526    27.2839    1487.51    1488.06 0.0000e+00
       6214    251.000     8.2307     8.2311   3.659297   3.658956    4.21887     1.7680    35.0579    35.0539    27.2847    1487.53    6.56348    35.0580    35.0540    27.2848    1487.53    1488.06 0.0000e+00
       6238    252.000     8.2316     8.2321   3.659561   3.659224    4.22780     1.7659    35.0593    35.0552    27.2856    1487.56    6.56328    35.0595    35.0554    27.2858    1487.56    1488.06 0.0000e+00
       6262    253.000     8.2320     8.2325   3.659689   3.659364    4.22245     1.7632    35.0598    35.0558    27.2860    1487.58    6.56320    35.0599    35.0560    27.2861    1487.57    1488.06 0.0000e+00
       6287    254.000     8.2330     8.2334   3.659927   3.659617    4.19093     1.7584    35.0609    35.0571    27.2867    1487.60    6.56301    35.0610    35.0573    27.2868    1487.60    1488.05 0.0000e+00
       6311    255.000     8.2336     8.2341   3.660096   3.659771    4.15304     1.7531    35.0616    35.0577    27.2872    1487.62    6.56290    35.0617    35.0578    27.2873    1487.62    1488.05 0.0000e+00
       6335    256.000     8.2342     8.2346   3.660267   3.659933    4.14318     1.7485    35.0623    35.0584    27.2876    1487.64    6.56278    35.0625    35.0585    27.2877    1487.64    1488.05 0.0000e+00
       6360    257.000     8.2351     8.2356   3.660494   3.660165    4.14234     1.7450    35.0633    35.0594    27.2883    1487.66    6.56259    35.0635    35.0595    27.2884    1487.66    1488.05 0.0000e+00
       6383    258.000     8.2361     8.2366   3.660731   3.660404    4.12964     1.7406    35.0645    35.0604    27.2890    1487.68    6.56241    35.0646    35.0606    27.2891    1487.68    1488.05 0.0000e+00
       6407    259.000     8.2372     8.2377   3.660975   3.660652    4.10350     1.7359    35.0654    35.0615    27.2896    1487.70    6.56220    35.0656    35.0617    27.2897    1487.70    1488.05 0.0000e+00
       6430    260.000     8.2381     8.2386   3.661176   3.660843    4.09126     1.7316    35.0662    35.0622    27.2900    1487.72    6.56203    35.0664    35.0623    27.2902    1487.72    1488.04 0.0000e+00
       6454    261.000     8.2382     8.2388   3.661239   3.660909    4.08613     1.7281    35.0663    35.0622    27.2901    1487.74    6.56201    35.0665    35.0623    27.2903    1487.74    1488.04 0.0000e+00
       6478    262.000     8.2383     8.2388   3.661370   3.661042    4.08880     1.7253    35.0671    35.0631    27.2907    1487.76    6.56196    35.0673    35.0633    27.2909    1487.76    1488.04 0.0000e+00
       6502    263.000     8.2386     8.2390   3.661570   3.661249    4.08913     1.7231    35.0686    35.0646    27.2919    1487.78    6.56187    35.0686    35.0648    27.2919    1487.78    1488.04 0.0000e+00
       6526    264.000     8.2396     8.2401   3.661827   3.661511    4.08050     1.7202    35.0698    35.0659    27.2926    1487.80    6.56166    35.0699    35.0660    27.2927    1487.80    1488.04 0.0000e+00
       6550    265.000     8.2397     8.2401   3.661925   3.661597    4.07276     1.7183    35.0703    35.0663    27.2931    1487.81    6.56163    35.0704    35.0665    27.2931    1487.81    1488.04 0.0000e+00
       6574    266.000     8.2389     8.2393   3.661983   3.661650    4.06884     1.7155    35.0712    35.0672    27.2939    1487.83    6.56170    35.0713    35.0674    27.2940    1487.83    1488.04 0.0000e+00
       6598    267.000     8.2396     8.2401   3.662233   3.661903    4.05470     1.7130    35.0727    35.0687    27.2949    1487.85    6.56154    35.0728    35.0688    27.2950    1487.85    1488.04 0.0000e+00
       6622    268.000     8.2402     8.2407   3.662429   3.662104    4.04959     1.7104    35.0737    35.0698    27.2957    1487.87    6.56141    35.0738    35.0698    27.2957    1487.87    1488.04 0.0000e+00
       6646    269.000     8.2406     8.2411   3.662583   3.662263    4.03132     1.7069    35.0745    35.0705    27.2962    1487.89    6.56132    35.0746    35.0707    27.2963    1487.89    1488.04 0.0000e+00
       6670    270.000     8.2410     8.2415   3.662713   3.662392    4.00759     1.7030    35.0749    35.0711    27.2965    1487.91    6.56123    35.0751    35.0712    27.2966    1487.91    1488.04 0.0000e+00
       6694    271.000     8.2414     8.2419   3.662877   3.662552    4.00722     1.7003    35.0759    35.0719    27.2971    1487.93    6.56114    35.0760    35.0720    27.2972    1487.93    1488.04 0.0000e+00
       6717    272.000     8.2422     8.2426   3.663084   3.662757    4.00773     1.6981    35.0768    35.0729    27.2978    1487.95    6.56099    35.0769    35.0730    27.2978    1487.95    1488.04 0.0000e+00
       6740    273.000     8.2431     8.2435   3.663325   3.663008    4.01444     1.6969    35.0780    35.0742    27.2986    1487.97    6.56080    35.0781    35.0743    27.2986    1487.97    1488.04 0.0000e+00
       6764    274.000     8.2436     8.2441   3.663548   3.663228    4.01981     1.6958    35.0794    35.0755    27.2996    1487.99    6.56067    35.0795    35.0756    27.2997    1487.99    1488.04 0.0000e+00
       6787    275.000     8.2440     8.2446   3.663704   3.663383    4.00913     1.6940    35.0801    35.0762    27.3001    1488.01    6.56057    35.0803    35.0762    27.3002    1488.01    1488.03 0.0000e+00
       6810    276.000     8.2443     8.2448   3.663828   3.663500    4.00018     1.6923    35.0807    35.0767    27.3005    1488.02    6.56051    35.0808    35.0768    27.3006    1488.03    1488.03 0.0000e+00
       6834    277.000     8.2445     8.2450   3.663912   3.663592    3.99377     1.6906    35.0809    35.0771    27.3006    1488.04    6.56047    35.0810    35.0771    27.3007    1488.04    1488.03 0.0000e+00
       6857    278.000     8.2448     8.2452   3.664081   3.663760    3.98901     1.6886    35.0820    35.0781    27.3014    1488.06    6.56039    35.0821    35.0782    27.3015    1488.06    1488.04 0.0000e+00
       6881    279.000     8.2451     8.2456   3.664278   3.663951    3.97849     1.6866    35.0833    35.0793    27.3024    1488.08    6.56028    35.0834    35.0794    27.3025    1488.08    1488.04 0.0000e+00
       6904    280.000     8.2452     8.2456   3.664419   3.664093    3.97579     1.6850    35.0843    35.0803    27.3032    1488.10    6.56023    35.0843    35.0804    27.3032    1488.10    1488.04 0.0000e+00
       6928    281.000     8.2454     8.2459   3.664614   3.664275    3.97280     1.6831    35.0856    35.0815    27.3042    1488.12    6.56013    35.0857    35.0816    27.3043    1488.12    1488.04 0.0000e+00
       6952    282.000     8.2458     8.2462   3.664789   3.664463    3.95914     1.6808    35.0867    35.0827    27.3050    1488.14    6.56004    35.0867    35.0828    27.3050    1488.14    1488.04 0.0000e+00
       6975    283.000     8.2458     8.2463   3.664887   3.664562    3.95660     1.6792    35.0872    35.0832    27.3054    1488.15    6.56001    35.0873    35.0833    27.3054    1488.15    1488.04 0.0000e+00
       6998    284.000     8.2459     8.2464   3.664980   3.664652    3.95042     1.6771    35.0876    35.0836    27.3057    1488.17    6.55999    35.0877    35.0837    27.3057    1488.17    1488.04 0.0000e+00
       7021    285.000     8.2460     8.2465   3.665091   3.664768    3.93401     1.6742    35.0882    35.0843    27.3061    1488.19    6.55994    35.0883    35.0843    27.3062    1488.19    1488.04 0.0000e+00
       7044    286.000     8.2460     8.2465   3.665154   3.664845    3.92398     1.6718    35.0884    35.0847    27.3063    1488.21    6.55993    35.0885    35.0847    27.3063    1488.21    1488.04 0.0000e+00
       7068    287.000     8.2460     8.2464   3.665240   3.664917    3.92715     1.6703    35.0889    35.0850    27.3067    1488.22    6.55992    35.0889    35.0851    27.3067    1488.22    1488.04 0.0000e+00
       7091    288.000     8.2462     8.2468   3.665398   3.665077    3.92291     1.6680    35.0898    35.0859    27.3074    1488.24    6.55984    35.0899    35.0859    27.3074    1488.24    1488.04 0.0000e+00
       7114    289.000     8.2467     8.2472   3.665629   3.665313    3.90987     1.6659    35.0913    35.0875    27.3085    1488.26    6.55970    35.0914    35.0875    27.3085    1488.26    1488.04 0.0000e+00
       7137    290.000     8.2471     8.2475   3.665810   3.665489    3.89868     1.6631    35.0924    35.0885    27.3093    1488.28    6.55960    35.0924    35.0886    27.3093    1488.28    1488.04 0.0000e+00
       7161    291.000     8.2471     8.2476   3.665937   3.665612    3.89205     1.6611    35.0933    35.0893    27.3100    1488.30    6.55957    35.0933    35.0894    27.3100    1488.30    1488.04 0.0000e+00
       7184    292.000     8.2472     8.2478   3.666172   3.665851    3.87773     1.6574    35.0952    35.0912    27.3114    1488.32    6.55946    35.0953    35.0912    27.3115    1488.32    1488.04 0.0000e+00
       7207    293.000     8.2478     8.2484   3.666407   3.666089    3.84982     1.6537    35.0966    35.0927    27.3125    1488.34    6.55931    35.0967    35.0927    27.3125    1488.34    1488.04 0.0000e+00
       7230    294.000     8.2486     8.2491   3.666694   3.666384    3.83997     1.6498    35.0984    35.0946    27.3138    1488.36    6.55913    35.0985    35.0947    27.3138    1488.36    1488.05 0.0000e+00
       7253    295.000     8.2493     8.2498   3.666904   3.666581    3.81802     1.6453    35.0994    35.0955    27.3144    1488.38    6.55897    35.0995    35.0956    27.3145    1488.38    1488.05 0.0000e+00
       7277    296.000     8.2500     8.2505   3.667162   3.666840    3.79435     1.6404    35.1010    35.0971    27.3155    1488.40    6.55880    35.1011    35.0972    27.3156    1488.40    1488.05 0.0000e+00
       7300    297.000     8.2505     8.2511   3.667350   3.667032    3.79031     1.6370    35.1021    35.0981    27.3163    1488.42    6.55869    35.1021    35.0981    27.3164    1488.42    1488.05 0.0000e+00
       7324    298.000     8.2508     8.2513   3.667511   3.667187    3.81011     1.6356    35.1029    35.0990    27.3170    1488.44    6.55860    35.1031    35.0991    27.3171    1488.44    1488.05 0.0000e+00
       7347    299.000     8.2510     8.2516   3.667607   3.667287    3.82157     1.6345    35.1033    35.0993    27.3172    1488.46    6.55856    35.1034    35.0994    27.3173    1488.46    1488.05 0.0000e+00
       7371    300.000     8.2512     8.2517   3.667692   3.667370    3.82465     1.6338    35.1035    35.0996    27.3173    1488.48    6.55852    35.1036    35.0997    27.3175    1488.48    1488.05 0.0000e+00
       7394    301.000     8.2518     8.2523   3.667925   3.667611    3.81907     1.6325    35.1050    35.1011    27.3184    1488.50    6.55837    35.1050    35.1012    27.3185    1488.50    1488.05 0.0000e+00
       7417    302.000     8.2521     8.2526   3.668073   3.667756    3.80355     1.6306    35.1058    35.1019    27.3190    1488.51    6.55829    35.1058    35.1020    27.3190    1488.51    1488.06 0.0000e+00
       7441    303.000     8.2523     8.2527   3.668135   3.667827    3.79559     1.6289    35.1058    35.1020    27.3190    1488.53    6.55827    35.1058    35.1021    27.3190    1488.53    1488.06 0.0000e+00
       7465    304.000     8.2525     8.2529   3.668234   3.667916    3.79222     1.6270    35.1062    35.1023    27.3192    1488.55    6.55823    35.1062    35.1024    27.3193    1488.55    1488.06 0.0000e+00
       7488    305.000     8.2527     8.2532   3.668338   3.668020    3.78710     1.6255    35.1065    35.1027    27.3195    1488.57    6.55817    35.1066    35.1027    27.3196    1488.57    1488.06 0.0000e+00
       7512    306.000     8.2530     8.2534   3.668441   3.668124    3.79212     1.6246    35.1069    35.1031    27.3197    1488.58    6.55812    35.1070    35.1032    27.3198    1488.58    1488.06 0.0000e+00
       7535    307.000     8.2532     8.2538   3.668623   3.668299    3.78983     1.6233    35.1082    35.1041    27.3207    1488.60    6.55803    35.1082    35.1042    27.3207    1488.60    1488.06 0.0000e+00
