_data/ctd/2012/sta0440_2012.cnv
* Sea-Bird SBE 9 Data File:
* FileName = C:\Seabird\CTDData\sta0440.hex
* Software Version Seasave V 7.21f
* Temperature SN = 4306
* Conductivity SN = 2694
* Number of Bytes Per Scan = 31
* Number of Voltage Words = 2
* Number of Scans Averaged by the Deck Unit = 1
* NMEA Latitude = 60 52.35 N
* NMEA Longitude = 005 24.63 E
* NMEA UTC (Time) = Oct 22 2012 23:03:39
* NMEA baud rate = 4800
** Ship: 14 F/F "G. O. Sars"
** Station: 0440
** Echodepth: 484
** Log: 7453.414
** Wind-Dir Force: 05 01
** Air-temp (dry): 7.8
** Weather Sky: 2 2
** Sea Ice: 1 0
# nquan = 19                                
# nvalues = 472                         
# units = specified
# name 0 = scan: Scan Count
# name 1 = prDM: Pressure, Digiquartz [db]
# name 2 = t068C: Temperature [ITS-68, deg C]
# name 3 = t168C: Temperature, 2 [ITS-68, deg C]
# name 4 = c0S/m: Conductivity [S/m]
# name 5 = c1S/m: Conductivity, 2 [S/m]
# name 6 = sbeox0ML/L: Oxygen, SBE 43 [ml/l]
# name 7 = sbeox0V: Oxygen raw, SBE 43 [V]
# name 8 = sal00: Salinity, Practical [PSU]
# name 9 = sal11: Salinity, Practical, 2 [PSU]
# name 10 = sigma-t00: Density [sigma-t, Kg/m^3 ]
# name 11 = svCM: Sound Velocity [Chen-Millero, m/s]
# name 12 = oxsolML/L: Oxygen Saturation, Garcia & Gordon [ml/l]
# name 13 = sal00: Salinity, Practical [PSU]
# name 14 = sal11: Salinity, Practical, 2 [PSU]
# name 15 = sigma-t00: Density [sigma-t, Kg/m^3 ]
# name 16 = svCM: Sound Velocity [Chen-Millero, m/s]
# name 17 = avgsvCM: Average Sound Velocity [Chen-Millero, m/s], minP = 1, minS = 5
# name 18 = flag: flag
# span 0 =        373,      12488       
# span 1 =      4.000,    475.000       
# span 2 =     8.2177,    12.9556       
# span 3 =     8.2181,    12.9547       
# span 4 =   3.375409,   3.777229       
# span 5 =   3.378819,   3.776494       
# span 6 =    3.61112,    5.57143       
# span 7 =     1.5455,     2.2987       
# span 8 =    28.9941,    35.1194       
# span 9 =    29.0260,    35.1143       
# span 10 =    21.9333,    27.3264      
# span 11 =    1484.50,    1496.52      
# span 12 =    6.06298,    6.57539      
# span 13 =    28.9938,    35.1195      
# span 14 =    29.0260,    35.1143      
# span 15 =    21.9330,    27.3265      
# span 16 =    1484.49,    1496.52      
# span 17 =    1487.96,    1494.76      
# span 18 = 0.0000e+00, 0.0000e+00      
# interval = decibars: 1                
# start_time = Oct 22 2012 23:03:41 [System UTC, header]
# bad_flag = -9.990e-29
*END*
[from data line 229]
       5802    233.000     8.2187     8.2192   3.656463   3.656028    4.42499     1.8160    35.0484    35.0432    27.2790    1487.18    6.56565    35.0484    35.0432    27.2790    1487.18    1488.02 0.0000e+00
       5826    234.000     8.2186     8.2191   3.656530   3.656105    4.42964     1.8168    35.0487    35.0437    27.2793    1487.20    6.56565    35.0487    35.0437    27.2793    1487.20    1488.02 0.0000e+00
       5850    235.000     8.2188     8.2193   3.656613   3.656184    4.43846     1.8178    35.0490    35.0439    27.2795    1487.22    6.56562    35.0489    35.0438    27.2795    1487.22    1488.01 0.0000e+00
       5874    236.000     8.2193     8.2197   3.656733   3.656299    4.43170     1.8177    35.0492    35.0441    27.2797    1487.23    6.56553    35.0492    35.0442    27.2796    1487.23    1488.01 0.0000e+00
       5898    237.000     8.2206     8.2209   3.656958   3.656521    4.42516     1.8175    35.0498    35.0448    27.2799    1487.26    6.56531    35.0499    35.0449    27.2799    1487.26    1488.01 0.0000e+00
       5922    238.000     8.2232     8.2237   3.657359   3.656924    4.42200     1.8173    35.0509    35.0458    27.2803    1487.28    6.56487    35.0511    35.0459    27.2805    1487.28    1488.00 0.0000e+00
       5945    239.000     8.2235     8.2240   3.657455   3.657010    4.42358     1.8172    35.0512    35.0459    27.2805    1487.30    6.56482    35.0513    35.0461    27.2806    1487.30    1488.00 0.0000e+00
       5969    240.000     8.2241     8.2245   3.657572   3.657146    4.41732     1.8162    35.0514    35.0463    27.2806    1487.32    6.56473    35.0515    35.0465    27.2806    1487.32    1488.00 0.0000e+00
       5993    241.000     8.2246     8.2251   3.657689   3.657248    4.39425     1.8138    35.0517    35.0465    27.2807    1487.34    6.56464    35.0517    35.0465    27.2808    1487.34    1488.00 0.0000e+00
       6017    242.000     8.2248     8.2253   3.657781   3.657346    4.37513     1.8111    35.0520    35.0468    27.2809    1487.36    6.56460    35.0520    35.0469    27.2810    1487.36    1487.99 0.0000e+00
       6041    243.000     8.2250     8.2255   3.657856   3.657422    4.36361     1.8084    35.0521    35.0470    27.2810    1487.37    6.56456    35.0522    35.0470    27.2811    1487.37    1487.99 0.0000e+00
       6065    244.000     8.2254     8.2258   3.657970   3.657538    4.37058     1.8071    35.0524    35.0474    27.2812    1487.39    6.56449    35.0525    35.0475    27.2813    1487.39    1487.99 0.0000e+00
       6089    245.000     8.2259     8.2263   3.658110   3.657671    4.37194     1.8053    35.0529    35.0478    27.2815    1487.41    6.56439    35.0530    35.0479    27.2816    1487.41    1487.99 0.0000e+00
       6114    246.000     8.2262     8.2267   3.658251   3.657830    4.35416     1.8028    35.0536    35.0486    27.2820    1487.43    6.56432    35.0537    35.0488    27.2821    1487.43    1487.98 0.0000e+00
       6138    247.000     8.2271     8.2276   3.658466   3.658034    4.34091     1.8002    35.0545    35.0494    27.2826    1487.45    6.56414    35.0547    35.0496    27.2827    1487.45    1487.98 0.0000e+00
       6162    248.000     8.2284     8.2288   3.658741   3.658311    4.33006     1.7972    35.0557    35.0507    27.2833    1487.47    6.56391    35.0558    35.0508    27.2834    1487.47    1487.98 0.0000e+00
       6187    249.000     8.2287     8.2291   3.658837   3.658405    4.30940     1.7933    35.0560    35.0509    27.2835    1487.49    6.56385    35.0561    35.0511    27.2835    1487.49    1487.98 0.0000e+00
       6211    250.000     8.2289     8.2294   3.658947   3.658507    4.28550     1.7888    35.0564    35.0513    27.2838    1487.51    6.56380    35.0566    35.0514    27.2839    1487.51    1487.98 0.0000e+00
       6235    251.000     8.2294     8.2298   3.659081   3.658652    4.25188     1.7830    35.0570    35.0519    27.2841    1487.53    6.56372    35.0570    35.0520    27.2842    1487.53    1487.97 0.0000e+00
       6260    252.000     8.2301     8.2306   3.659279   3.658846    4.24364     1.7790    35.0578    35.0527    27.2847    1487.55    6.56357    35.0579    35.0528    27.2848    1487.55    1487.97 0.0000e+00
       6284    253.000     8.2308     8.2312   3.659425   3.659006    4.25003     1.7755    35.0583    35.0533    27.2849    1487.57    6.56345    35.0583    35.0535    27.2850    1487.57    1487.97 0.0000e+00
       6309    254.000     8.2313     8.2317   3.659580   3.659146    4.23153     1.7713    35.0589    35.0538    27.2854    1487.59    6.56334    35.0590    35.0540    27.2855    1487.59    1487.97 0.0000e+00
       6333    255.000     8.2317     8.2322   3.659716   3.659282    4.21790     1.7677    35.0594    35.0544    27.2857    1487.61    6.56326    35.0596    35.0544    27.2858    1487.61    1487.97 0.0000e+00
       6357    256.000     8.2324     8.2328   3.659880   3.659449    4.20634     1.7634    35.0601    35.0550    27.2861    1487.63    6.56314    35.0601    35.0551    27.2862    1487.63    1487.97 0.0000e+00
       6381    257.000     8.2327     8.2332   3.659978   3.659553    4.19248     1.7598    35.0603    35.0552    27.2863    1487.64    6.56308    35.0604    35.0554    27.2863    1487.64    1487.96 0.0000e+00
       6406    258.000     8.2331     8.2335   3.660087   3.659661    4.18674     1.7561    35.0607    35.0556    27.2865    1487.66    6.56301    35.0607    35.0558    27.2865    1487.66    1487.96 0.0000e+00
       6429    259.000     8.2333     8.2338   3.660175   3.659748    4.17764     1.7531    35.0609    35.0558    27.2866    1487.68    6.56297    35.0610    35.0559    27.2867    1487.68    1487.96 0.0000e+00
       6453    260.000     8.2337     8.2342   3.660314   3.659872    4.16662     1.7495    35.0615    35.0563    27.2870    1487.70    6.56289    35.0616    35.0563    27.2871    1487.70    1487.96 0.0000e+00
       6476    261.000     8.2342     8.2347   3.660472   3.660035    4.15892     1.7467    35.0622    35.0570    27.2875    1487.72    6.56278    35.0623    35.0571    27.2876    1487.72    1487.96 0.0000e+00
       6500    262.000     8.2349     8.2353   3.660658   3.660214    4.16039     1.7445    35.0630    35.0578    27.2881    1487.74    6.56265    35.0631    35.0579    27.2881    1487.74    1487.96 0.0000e+00
       6524    263.000     8.2355     8.2360   3.660845   3.660418    4.16641     1.7430    35.0639    35.0589    27.2887    1487.76    6.56252    35.0640    35.0589    27.2887    1487.76    1487.96 0.0000e+00
       6548    264.000     8.2357     8.2361   3.660943   3.660503    4.15794     1.7406    35.0643    35.0591    27.2890    1487.77    6.56248    35.0644    35.0593    27.2890    1487.78    1487.96 0.0000e+00
       6572    265.000     8.2362     8.2367   3.661098   3.660666    4.13014     1.7371    35.0649    35.0599    27.2894    1487.79    6.56237    35.0650    35.0599    27.2894    1487.79    1487.96 0.0000e+00
       6596    266.000     8.2367     8.2371   3.661277   3.660834    4.12473     1.7346    35.0659    35.0607    27.2900    1487.81    6.56226    35.0660    35.0608    27.2901    1487.81    1487.96 0.0000e+00
       6620    267.000     8.2372     8.2376   3.661501   3.661055    4.11317     1.7313    35.0673    35.0621    27.2911    1487.83    6.56212    35.0674    35.0622    27.2911    1487.83    1487.96 0.0000e+00
       6644    268.000     8.2380     8.2385   3.661797   3.661371    4.10665     1.7288    35.0691    35.0641    27.2924    1487.86    6.56192    35.0693    35.0642    27.2925    1487.86    1487.96 0.0000e+00
       6668    269.000     8.2385     8.2388   3.661966   3.661522    4.09997     1.7259    35.0700    35.0649    27.2930    1487.87    6.56182    35.0701    35.0650    27.2931    1487.88    1487.96 0.0000e+00
       6692    270.000     8.2387     8.2392   3.662076   3.661635    4.08699     1.7228    35.0704    35.0653    27.2933    1487.89    6.56176    35.0706    35.0654    27.2934    1487.89    1487.96 0.0000e+00
       6716    271.000     8.2389     8.2394   3.662231   3.661793    4.07187     1.7197    35.0714    35.0663    27.2941    1487.91    6.56169    35.0716    35.0664    27.2941    1487.91    1487.96 0.0000e+00
       6740    272.000     8.2394     8.2399   3.662398   3.661964    4.06915     1.7171    35.0723    35.0672    27.2946    1487.93    6.56159    35.0724    35.0672    27.2947    1487.93    1487.96 0.0000e+00
       6763    273.000     8.2398     8.2403   3.662523   3.662087    4.06178     1.7142    35.0727    35.0676    27.2949    1487.95    6.56151    35.0728    35.0677    27.2950    1487.95    1487.96 0.0000e+00
       6787    274.000     8.2402     8.2407   3.662664   3.662223    4.05205     1.7116    35.0733    35.0681    27.2953    1487.97    6.56142    35.0734    35.0682    27.2954    1487.97    1487.96 0.0000e+00
       6811    275.000     8.2407     8.2412   3.662844   3.662398    4.05349     1.7097    35.0742    35.0691    27.2960    1487.99    6.56131    35.0744    35.0691    27.2961    1487.99    1487.96 0.0000e+00
       6836    276.000     8.2415     8.2419   3.663046   3.662620    4.04956     1.7076    35.0752    35.0702    27.2966    1488.01    6.56116    35.0753    35.0703    27.2967    1488.01    1487.96 0.0000e+00
       6860    277.000     8.2423     8.2427   3.663256   3.662817    4.04207     1.7056    35.0761    35.0710    27.2972    1488.03    6.56100    35.0762    35.0711    27.2973    1488.03    1487.96 0.0000e+00
       6883    278.000     8.2430     8.2435   3.663493   3.663058    4.03595     1.7034    35.0775    35.0723    27.2982    1488.05    6.56084    35.0776    35.0724    27.2982    1488.05    1487.96 0.0000e+00
       6907    279.000     8.2435     8.2440   3.663715   3.663271    4.01605     1.7003    35.0788    35.0737    27.2991    1488.07    6.56070    35.0790    35.0737    27.2993    1488.07    1487.96 0.0000e+00
       6931    280.000     8.2441     8.2445   3.663923   3.663484    4.01400     1.6983    35.0800    35.0749    27.3000    1488.09    6.56057    35.0801    35.0750    27.3001    1488.09    1487.96 0.0000e+00
       6955    281.000     8.2446     8.2451   3.664154   3.663724    4.01382     1.6963    35.0815    35.0764    27.3011    1488.11    6.56043    35.0816    35.0765    27.3012    1488.11    1487.96 0.0000e+00
       6978    282.000     8.2451     8.2455   3.664376   3.663940    4.00187     1.6938    35.0829    35.0778    27.3021    1488.13    6.56030    35.0830    35.0779    27.3022    1488.13    1487.96 0.0000e+00
       7002    283.000     8.2455     8.2459   3.664569   3.664140    3.98456     1.6907    35.0841    35.0790    27.3030    1488.15    6.56019    35.0842    35.0792    27.3030    1488.15    1487.96 0.0000e+00
       7025    284.000     8.2460     8.2465   3.664838   3.664405    3.97784     1.6884    35.0859    35.0809    27.3044    1488.17    6.56003    35.0861    35.0809    27.3044    1488.17    1487.96 0.0000e+00
       7049    285.000     8.2464     8.2469   3.665047   3.664615    3.97950     1.6865    35.0873    35.0822    27.3053    1488.19    6.55992    35.0874    35.0823    27.3054    1488.19    1487.96 0.0000e+00
       7072    286.000     8.2465     8.2470   3.665134   3.664714    3.97376     1.6840    35.0877    35.0827    27.3057    1488.21    6.55989    35.0878    35.0828    27.3057    1488.21    1487.96 0.0000e+00
       7096    287.000     8.2467     8.2472   3.665266   3.664838    3.95498     1.6812    35.0884    35.0833    27.3061    1488.22    6.55983    35.0885    35.0834    27.3062    1488.23    1487.96 0.0000e+00
       7120    288.000     8.2471     8.2475   3.665452   3.665016    3.94789     1.6786    35.0895    35.0844    27.3070    1488.25    6.55972    35.0896    35.0845    27.3070    1488.24    1487.96 0.0000e+00
       7143    289.000     8.2472     8.2477   3.665589   3.665165    3.93545     1.6757    35.0904    35.0854    27.3077    1488.26    6.55967    35.0905    35.0854    27.3077    1488.26    1487.96 0.0000e+00
       7167    290.000     8.2474     8.2478   3.665684   3.665246    3.93053     1.6731    35.0908    35.0856    27.3079    1488.28    6.55963    35.0908    35.0857    27.3080    1488.28    1487.97 0.0000e+00
       7191    291.000     8.2475     8.2480   3.665811   3.665375    3.93086     1.6714    35.0915    35.0864    27.3085    1488.30    6.55958    35.0916    35.0864    27.3086    1488.30    1487.97 0.0000e+00
       7215    292.000     8.2477     8.2482   3.666066   3.665623    3.92973     1.6693    35.0935    35.0883    27.3100    1488.32    6.55946    35.0936    35.0884    27.3101    1488.32    1487.97 0.0000e+00
       7239    293.000     8.2481     8.2486   3.666244   3.665818    3.92157     1.6675    35.0946    35.0896    27.3108    1488.34    6.55936    35.0946    35.0896    27.3109    1488.34    1487.97 0.0000e+00
       7262    294.000     8.2488     8.2493   3.666592   3.666176    3.91413     1.6651    35.0971    35.0921    27.3127    1488.36    6.55915    35.0972    35.0922    27.3127    1488.36    1487.97 0.0000e+00
       7286    295.000     8.2491     8.2496   3.666763   3.666326    3.88957     1.6618    35.0981    35.0930    27.3135    1488.38    6.55906    35.0982    35.0931    27.3135    1488.38    1487.97 0.0000e+00
       7310    296.000     8.2497     8.2502   3.667073   3.666651    3.88111     1.6589    35.1003    35.0953    27.3151    1488.40    6.55887    35.1005    35.0955    27.3152    1488.40    1487.97 0.0000e+00
       7334    297.000     8.2502     8.2507   3.667311   3.666876    3.86796     1.6556    35.1019    35.0968    27.3163    1488.42    6.55874    35.1020    35.0969    27.3163    1488.42    1487.97 0.0000e+00
       7358    298.000     8.2505     8.2509   3.667412   3.666976    3.86148     1.6529    35.1023    35.0971    27.3165    1488.44    6.55868    35.1023    35.0973    27.3165    1488.44    1487.98 0.0000e+00
       7382    299.000     8.2506     8.2511   3.667501   3.667078    3.85926     1.6504    35.1026    35.0976    27.3167    1488.46    6.55865    35.1027    35.0977    27.3168    1488.46    1487.98 0.0000e+00
       7405    300.000     8.2508     8.2513   3.667636   3.667207    3.84359     1.6471    35.1034    35.0983    27.3173    1488.47    6.55859    35.1034    35.0984    27.3174    1488.47    1487.98 0.0000e+00
       7430    301.000     8.2511     8.2516   3.667769   3.667330    3.83004     1.6441    35.1040    35.0988    27.3177    1488.49    6.55852    35.1041    35.0989    27.3178    1488.49    1487.98 0.0000e+00
       7454    302.000     8.2518     8.2521   3.668013   3.667572    3.82608     1.6413    35.1055    35.1004    27.3188    1488.51    6.55836    35.1055    35.1005    27.3188    1488.51    1487.98 0.0000e+00
       7478    303.000     8.2521     8.2526   3.668212   3.667787    3.83359     1.6401    35.1067    35.1018    27.3197    1488.53    6.55825    35.1069    35.1018    27.3198    1488.53    1487.98 0.0000e+00
       7502    304.000     8.2525     8.2530   3.668443   3.668013    3.84331     1.6393    35.1083    35.1032    27.3209    1488.55    6.55812    35.1084    35.1034    27.3210    1488.55    1487.99 0.0000e+00
       7526    305.000     8.2530     8.2535   3.668614   3.668192    3.83272     1.6374    35.1092    35.1042    27.3215    1488.57    6.55802    35.1093    35.1043    27.3216    1488.57    1487.99 0.0000e+00
       7550    306.000     8.2532     8.2537   3.668723   3.668288    3.81133     1.6346    35.1097    35.1045    27.3219    1488.59    6.55797    35.1098    35.1046    27.3220    1488.59    1487.99 0.0000e+00
       7574    307.000     8.2534     8.2539   3.668815   3.668387    3.79014     1.6312    35.1100    35.1050    27.3221    1488.61    6.55793    35.1101    35.1050    27.3222    1488.61    1487.99 0.0000e+00
