_data/ctd/2012/sta0445_2012.cnv
* Sea-Bird SBE 9 Data File:
* FileName = C:\Seabird\CTDData\sta0445.hex
* Software Version Seasave V 7.21f
* Temperature SN = 4306
* Conductivity SN = 2694
* Number of Bytes Per Scan = 31
* Number of Voltage Words = 2
* Number of Scans Averaged by the Deck Unit = 1
* NMEA Latitude = 60 52.34 N
* NMEA Longitude = 005 24.38 E
* NMEA UTC (Time) = Oct 24 2012 10:19:18
* NMEA baud rate = 4800
** Ship: 14 F/F "G. O. Sars"
** Station: 0445
** Echodepth: 486
** Log: 7522.844
** Wind-Dir Force: 26 09
** Air-temp (dry): 8.0
** Weather Sky: 2 2
** Sea Ice: 1 0
# nquan = 19                                
# nvalues = 474                         
# units = specified
# name 0 = scan: Scan Count
# name 1 = prDM: Pressure, Digiquartz [db]
# name 2 = t068C: Temperature [ITS-68, deg C]
# name 3 = t168C: Temperature, 2 [ITS-68, deg C]
# name 4 = c0S/m: Conductivity [S/m]
# name 5 = c1S/m: Conductivity, 2 [S/m]
# name 6 = sbeox0ML/L: Oxygen, SBE 43 [ml/l]
# name 7 = sbeox0V: Oxygen raw, SBE 43 [V]
# name 8 = sal00: Salinity, Practical [PSU]
# name 9 = sal11: Salinity, Practical, 2 [PSU]
# name 10 = sigma-t00: Density [sigma-t, Kg/m^3 ]
# name 11 = svCM: Sound Velocity [Chen-Millero, m/s]
# name 12 = oxsolML/L: Oxygen Saturation, Garcia & Gordon [ml/l]
# name 13 = sal00: Salinity, Practical [PSU]
# name 14 = sal11: Salinity, Practical, 2 [PSU]
# name 15 = sigma-t00: Density [sigma-t, Kg/m^3 ]
# name 16 = svCM: Sound Velocity [Chen-Millero, m/s]
# name 17 = avgsvCM: Average Sound Velocity [Chen-Millero, m/s], minP = 1, minS = 5
# name 18 = flag: flag
# span 0 =        378,      12049       
# span 1 =      4.000,    477.000       
# span 2 =     8.2181,    12.9238       
# span 3 =     8.2185,    12.9239       
# span 4 =   3.499276,   3.770135       
# span 5 =   3.500165,   3.769785       
# span 6 =    3.59876,    5.45412       
# span 7 =     1.5444,     2.2697       
# span 8 =    29.9843,    35.1181       
# span 9 =    29.9899,    35.1141       
# span 10 =    22.6579,    27.3254      
# span 11 =    1484.49,    1496.45      
# span 12 =    6.06325,    6.57562      
# span 13 =    29.9872,    35.1181      
# span 14 =    29.9929,    35.1141      
# span 15 =    22.6602,    27.3254      
# span 16 =    1484.48,    1496.45      
# span 17 =    1488.03,    1495.22      
# span 18 = 0.0000e+00, 0.0000e+00      
# interval = decibars: 1                
# start_time = Oct 24 2012 10:19:21 [System UTC, header]
# bad_flag = -9.990e-29
*END*
[from data line 305]
       7582    309.000     8.2536     8.2541   3.668789   3.668474    3.77611     1.6202    35.1086    35.1047    27.3209    1488.64    6.55795    35.1086    35.1048    27.3210    1488.64    1488.07 0.0000e+00
       7606    310.000     8.2540     8.2544   3.668918   3.668595    3.74714     1.6167    35.1091    35.1052    27.3213    1488.66    6.55788    35.1091    35.1053    27.3213    1488.66    1488.07 0.0000e+00
       7629    311.000     8.2542     8.2547   3.669014   3.668695    3.73206     1.6140    35.1094    35.1055    27.3215    1488.67    6.55783    35.1095    35.1056    27.3216    1488.67    1488.07 0.0000e+00
       7653    312.000     8.2544     8.2549   3.669108   3.668782    3.74745     1.6132    35.1097    35.1057    27.3217    1488.69    6.55779    35.1098    35.1058    27.3218    1488.69    1488.07 0.0000e+00
       7676    313.000     8.2545     8.2551   3.669184   3.668862    3.77199     1.6137    35.1100    35.1060    27.3219    1488.71    6.55776    35.1100    35.1060    27.3220    1488.71    1488.08 0.0000e+00
       7700    314.000     8.2547     8.2553   3.669273   3.668941    3.78376     1.6145    35.1102    35.1061    27.3221    1488.73    6.55772    35.1103    35.1062    27.3221    1488.73    1488.08 0.0000e+00
       7723    315.000     8.2550     8.2555   3.669385   3.669073    3.78997     1.6152    35.1107    35.1069    27.3224    1488.74    6.55767    35.1107    35.1069    27.3224    1488.75    1488.08 0.0000e+00
       7746    316.000     8.2551     8.2557   3.669470   3.669137    3.78389     1.6152    35.1110    35.1069    27.3226    1488.76    6.55764    35.1111    35.1069    27.3227    1488.76    1488.08 0.0000e+00
       7769    317.000     8.2553     8.2559   3.669554   3.669236    3.78160     1.6152    35.1112    35.1073    27.3228    1488.78    6.55759    35.1113    35.1073    27.3228    1488.78    1488.08 0.0000e+00
       7793    318.000     8.2555     8.2561   3.669654   3.669340    3.77696     1.6150    35.1116    35.1077    27.3230    1488.80    6.55755    35.1117    35.1077    27.3231    1488.80    1488.09 0.0000e+00
       7816    319.000     8.2558     8.2562   3.669725   3.669408    3.76301     1.6135    35.1116    35.1078    27.3230    1488.81    6.55751    35.1116    35.1079    27.3230    1488.82    1488.09 0.0000e+00
       7839    320.000     8.2559     8.2564   3.669802   3.669481    3.74492     1.6111    35.1119    35.1079    27.3232    1488.83    6.55748    35.1119    35.1080    27.3232    1488.83    1488.09 0.0000e+00
       7863    321.000     8.2561     8.2566   3.669888   3.669566    3.71732     1.6076    35.1121    35.1082    27.3234    1488.85    6.55744    35.1121    35.1082    27.3234    1488.85    1488.09 0.0000e+00
       7886    322.000     8.2563     8.2569   3.669988   3.669671    3.70161     1.6044    35.1124    35.1085    27.3236    1488.87    6.55739    35.1125    35.1085    27.3236    1488.87    1488.10 0.0000e+00
       7909    323.000     8.2565     8.2570   3.670073   3.669743    3.70350     1.6022    35.1127    35.1086    27.3238    1488.88    6.55736    35.1127    35.1087    27.3238    1488.89    1488.10 0.0000e+00
       7933    324.000     8.2566     8.2572   3.670143   3.669822    3.71216     1.6009    35.1128    35.1089    27.3238    1488.90    6.55733    35.1129    35.1089    27.3239    1488.90    1488.10 0.0000e+00
       7956    325.000     8.2568     8.2573   3.670205   3.669881    3.71764     1.5999    35.1128    35.1089    27.3238    1488.92    6.55731    35.1129    35.1089    27.3239    1488.92    1488.10 0.0000e+00
       7980    326.000     8.2569     8.2574   3.670274   3.669943    3.70540     1.5978    35.1129    35.1089    27.3239    1488.94    6.55728    35.1130    35.1090    27.3240    1488.94    1488.11 0.0000e+00
       8004    327.000     8.2570     8.2576   3.670344   3.670020    3.69002     1.5957    35.1131    35.1092    27.3240    1488.95    6.55726    35.1132    35.1092    27.3241    1488.95    1488.11 0.0000e+00
       8027    328.000     8.2573     8.2577   3.670413   3.670091    3.70683     1.5960    35.1131    35.1093    27.3240    1488.97    6.55722    35.1132    35.1093    27.3240    1488.97    1488.11 0.0000e+00
       8051    329.000     8.2574     8.2579   3.670480   3.670156    3.73302     1.5968    35.1133    35.1093    27.3241    1488.99    6.55720    35.1133    35.1094    27.3241    1488.99    1488.11 0.0000e+00
       8074    330.000     8.2575     8.2580   3.670551   3.670228    3.72736     1.5966    35.1134    35.1095    27.3242    1489.00    6.55718    35.1135    35.1095    27.3242    1489.01    1488.12 0.0000e+00
       8098    331.000     8.2577     8.2582   3.670620   3.670288    3.71263     1.5958    35.1135    35.1095    27.3243    1489.02    6.55715    35.1135    35.1095    27.3242    1489.02    1488.12 0.0000e+00
       8122    332.000     8.2579     8.2584   3.670691   3.670376    3.70860     1.5949    35.1136    35.1097    27.3243    1489.04    6.55711    35.1136    35.1098    27.3243    1489.04    1488.12 0.0000e+00
       8145    333.000     8.2582     8.2586   3.670804   3.670481    3.69161     1.5929    35.1141    35.1101    27.3246    1489.06    6.55705    35.1141    35.1102    27.3246    1489.06    1488.12 0.0000e+00
       8168    334.000     8.2583     8.2587   3.670876   3.670551    3.69006     1.5922    35.1142    35.1103    27.3247    1489.08    6.55703    35.1142    35.1104    27.3247    1489.07    1488.13 0.0000e+00
       8191    335.000     8.2584     8.2589   3.670935   3.670621    3.70079     1.5917    35.1142    35.1104    27.3247    1489.09    6.55701    35.1143    35.1104    27.3247    1489.09    1488.13 0.0000e+00
       8215    336.000     8.2585     8.2591   3.671006   3.670681    3.69798     1.5909    35.1144    35.1104    27.3248    1489.11    6.55699    35.1145    35.1104    27.3248    1489.11    1488.13 0.0000e+00
       8239    337.000     8.2587     8.2592   3.671061   3.670743    3.70889     1.5917    35.1144    35.1105    27.3247    1489.13    6.55696    35.1144    35.1105    27.3247    1489.13    1488.14 0.0000e+00
       8262    338.000     8.2588     8.2593   3.671132   3.670806    3.72156     1.5924    35.1145    35.1105    27.3248    1489.14    6.55694    35.1146    35.1106    27.3249    1489.14    1488.14 0.0000e+00
       8285    339.000     8.2590     8.2595   3.671197   3.670875    3.72887     1.5936    35.1146    35.1106    27.3248    1489.16    6.55691    35.1146    35.1106    27.3248    1489.16    1488.14 0.0000e+00
       8309    340.000     8.2590     8.2596   3.671254   3.670938    3.73376     1.5944    35.1146    35.1107    27.3249    1489.18    6.55690    35.1147    35.1107    27.3249    1489.18    1488.15 0.0000e+00
       8332    341.000     8.2592     8.2597   3.671315   3.670991    3.72187     1.5939    35.1146    35.1107    27.3249    1489.19    6.55688    35.1147    35.1107    27.3249    1489.19    1488.15 0.0000e+00
       8356    342.000     8.2593     8.2598   3.671365   3.671052    3.70374     1.5927    35.1146    35.1107    27.3248    1489.21    6.55686    35.1146    35.1108    27.3248    1489.21    1488.15 0.0000e+00
       8379    343.000     8.2595     8.2599   3.671430   3.671111    3.69936     1.5921    35.1147    35.1108    27.3248    1489.23    6.55684    35.1147    35.1109    27.3248    1489.23    1488.15 0.0000e+00
       8403    344.000     8.2596     8.2601   3.671502   3.671184    3.71006     1.5920    35.1148    35.1109    27.3250    1489.25    6.55682    35.1148    35.1110    27.3250    1489.25    1488.16 0.0000e+00
       8426    345.000     8.2597     8.2602   3.671563   3.671241    3.70815     1.5913    35.1149    35.1109    27.3250    1489.26    6.55680    35.1149    35.1110    27.3250    1489.26    1488.16 0.0000e+00
       8450    346.000     8.2598     8.2603   3.671625   3.671302    3.69148     1.5898    35.1149    35.1110    27.3250    1489.28    6.55677    35.1150    35.1111    27.3251    1489.28    1488.16 0.0000e+00
       8474    347.000     8.2600     8.2605   3.671681   3.671365    3.69488     1.5895    35.1149    35.1111    27.3250    1489.30    6.55675    35.1149    35.1111    27.3250    1489.30    1488.17 0.0000e+00
       8497    348.000     8.2601     8.2606   3.671741   3.671432    3.70502     1.5894    35.1150    35.1111    27.3250    1489.31    6.55673    35.1150    35.1112    27.3250    1489.31    1488.17 0.0000e+00
       8521    349.000     8.2602     8.2607   3.671795   3.671478    3.70115     1.5888    35.1150    35.1110    27.3250    1489.33    6.55672    35.1150    35.1111    27.3250    1489.33    1488.17 0.0000e+00
       8544    350.000     8.2603     8.2609   3.671862   3.671539    3.69518     1.5882    35.1151    35.1111    27.3250    1489.35    6.55670    35.1151    35.1111    27.3251    1489.35    1488.18 0.0000e+00
       8568    351.000     8.2605     8.2610   3.671920   3.671598    3.69745     1.5879    35.1151    35.1111    27.3250    1489.36    6.55667    35.1151    35.1111    27.3250    1489.36    1488.18 0.0000e+00
       8592    352.000     8.2606     8.2611   3.671978   3.671670    3.69080     1.5870    35.1151    35.1113    27.3250    1489.38    6.55666    35.1151    35.1113    27.3250    1489.38    1488.18 0.0000e+00
       8615    353.000     8.2607     8.2612   3.672027   3.671713    3.68771 -9.990e-29    35.1151    35.1112    27.3250    1489.40    6.55665    35.1150    35.1112    27.3249    1489.40    1488.19 0.0000e+00
       8639    354.000     8.2607     8.2613   3.672078   3.671768    3.69164 -9.990e-29    35.1151    35.1112    27.3249    1489.41    6.55664    35.1151    35.1112    27.3250    1489.41    1488.19 0.0000e+00
       8663    355.000     8.2609     8.2614   3.672146   3.671829    3.69616 -9.990e-29    35.1151    35.1112    27.3250    1489.43    6.55661    35.1152    35.1113    27.3250    1489.43    1488.19 0.0000e+00
       8687    356.000     8.2610     8.2615   3.672198   3.671888    3.69430 -9.990e-29    35.1151    35.1113    27.3250    1489.45    6.55660    35.1151    35.1113    27.3250    1489.45    1488.20 0.0000e+00
       8711    357.000     8.2612     8.2617   3.672264   3.671949    3.69526     1.5856    35.1152    35.1113    27.3250    1489.47    6.55657    35.1152    35.1113    27.3250    1489.47    1488.20 0.0000e+00
       8735    358.000     8.2612     8.2618   3.672325   3.672014    3.68954     1.5847    35.1153    35.1114    27.3250    1489.48    6.55655    35.1153    35.1114    27.3251    1489.48    1488.21 0.0000e+00
       8759    359.000     8.2614     8.2619   3.672391   3.672069    3.68415     1.5842    35.1153    35.1114    27.3250    1489.50    6.55653    35.1154    35.1114    27.3251    1489.50    1488.21 0.0000e+00
       8783    360.000     8.2615     8.2621   3.672462   3.672132    3.69017     1.5840    35.1155    35.1114    27.3252    1489.52    6.55650    35.1155    35.1114    27.3252    1489.52    1488.21 0.0000e+00
       8807    361.000     8.2617     8.2622   3.672513   3.672200    3.69832     1.5845    35.1154    35.1116    27.3251    1489.53    6.55648    35.1154    35.1116    27.3251    1489.53    1488.22 0.0000e+00
       8830    362.000     8.2618     8.2624   3.672583   3.672260    3.69683     1.5841    35.1156    35.1116    27.3252    1489.55    6.55646    35.1156    35.1115    27.3252    1489.55    1488.22 0.0000e+00
       8854    363.000     8.2620     8.2625   3.672643   3.672324    3.68064     1.5830    35.1155    35.1116    27.3251    1489.57    6.55643    35.1155    35.1116    27.3251    1489.57    1488.22 0.0000e+00
       8878    364.000     8.2621     8.2627   3.672707   3.672386    3.67753     1.5823    35.1156    35.1116    27.3252    1489.59    6.55641    35.1157    35.1116    27.3252    1489.59    1488.23 0.0000e+00
       8901    365.000     8.2623     8.2628   3.672767   3.672451    3.67833     1.5813    35.1156    35.1117    27.3251    1489.60    6.55638    35.1156    35.1117    27.3252    1489.60    1488.23 0.0000e+00
       8925    366.000     8.2624     8.2629   3.672828   3.672508    3.66498     1.5799    35.1157    35.1118    27.3252    1489.62    6.55637    35.1157    35.1118    27.3252    1489.62    1488.23 0.0000e+00
       8949    367.000     8.2625     8.2630   3.672898   3.672569    3.66714     1.5792    35.1159    35.1118    27.3253    1489.64    6.55635    35.1159    35.1119    27.3253    1489.64    1488.24 0.0000e+00
       8973    368.000     8.2626     8.2632   3.672953   3.672642    3.66636     1.5781    35.1158    35.1119    27.3253    1489.65    6.55632    35.1159    35.1120    27.3253    1489.65    1488.24 0.0000e+00
       8996    369.000     8.2628     8.2633   3.673012   3.672698    3.65819     1.5770    35.1158    35.1120    27.3252    1489.67    6.55630    35.1158    35.1120    27.3252    1489.67    1488.25 0.0000e+00
       9020    370.000     8.2629     8.2634   3.673070   3.672758    3.67117     1.5773    35.1158    35.1120    27.3252    1489.69    6.55629    35.1159    35.1120    27.3253    1489.69    1488.25 0.0000e+00
       9043    371.000     8.2630     8.2635   3.673133   3.672813    3.68843     1.5783    35.1159    35.1120    27.3253    1489.70    6.55626    35.1160    35.1120    27.3253    1489.70    1488.25 0.0000e+00
       9067    372.000     8.2631     8.2636   3.673192   3.672871    3.68077     1.5777    35.1159    35.1120    27.3253    1489.72    6.55625    35.1160    35.1121    27.3253    1489.72    1488.26 0.0000e+00
       9091    373.000     8.2632     8.2638   3.673236   3.672929    3.66896     1.5773    35.1158    35.1120    27.3252    1489.74    6.55624    35.1159    35.1120    27.3252    1489.74    1488.26 0.0000e+00
       9114    374.000     8.2634     8.2639   3.673299   3.672982    3.67803     1.5776    35.1159    35.1120    27.3252    1489.75    6.55621    35.1159    35.1120    27.3252    1489.76    1488.27 0.0000e+00
       9138    375.000     8.2635     8.2640   3.673345   3.673042    3.68033     1.5775    35.1158    35.1121    27.3251    1489.77    6.55620    35.1158    35.1121    27.3251    1489.77    1488.27 0.0000e+00
       9161    376.000     8.2636     8.2641   3.673420   3.673096    3.67417     1.5770    35.1160    35.1121    27.3253    1489.79    6.55618    35.1160    35.1121    27.3253    1489.79    1488.27 0.0000e+00
       9185    377.000     8.2637     8.2642   3.673471   3.673148    3.66559     1.5763    35.1160    35.1120    27.3252    1489.81    6.55616    35.1160    35.1121    27.3252    1489.81    1488.28 0.0000e+00
       9209    378.000     8.2638     8.2643   3.673528   3.673211    3.66964     1.5760    35.1160    35.1121    27.3252    1489.82    6.55615    35.1160    35.1122    27.3252    1489.82    1488.28 0.0000e+00
       9232    379.000     8.2639     8.2645   3.673578   3.673262    3.66560     1.5753    35.1159    35.1120    27.3252    1489.84    6.55613    35.1160    35.1120    27.3252    1489.84    1488.29 0.0000e+00
       9256    380.000     8.2640     8.2645   3.673644   3.673319    3.66412     1.5749    35.1161    35.1121    27.3253    1489.86    6.55611    35.1161    35.1122    27.3253    1489.86    1488.29 0.0000e+00
       9279    381.000     8.2642     8.2647   3.673696   3.673379    3.66705     1.5746    35.1160    35.1121    27.3252    1489.87    6.55609    35.1160    35.1121    27.3252    1489.87    1488.29 0.0000e+00
       9303    382.000     8.2642     8.2648   3.673753   3.673428    3.67249     1.5748    35.1161    35.1121    27.3252    1489.89    6.55608    35.1161    35.1121    27.3253    1489.89    1488.30 0.0000e+00
       9327    383.000     8.2644     8.2649   3.673819   3.673493    3.67643 -9.990e-29    35.1162    35.1122    27.3253    1489.91    6.55605    35.1162    35.1122    27.3253    1489.91    1488.30 0.0000e+00
