_data/ctd/2012/sta0444_2012.cnv
* Sea-Bird SBE 9 Data File:
* FileName = C:\Seabird\CTDData\sta0444.hex
* Software Version Seasave V 7.21f
* Temperature SN = 4306
* Conductivity SN = 2694
* Number of Bytes Per Scan = 31
* Number of Voltage Words = 2
* Number of Scans Averaged by the Deck Unit = 1
* NMEA Latitude = 60 52.35 N
* NMEA Longitude = 005 24.12 E
* NMEA UTC (Time) = Oct 24 2012 00:38:33
* NMEA baud rate = 4800
** Ship: 14 F/F "G. O. Sars"
** Station: 0444
** Echodepth: 478
** Log: 7508.195
** Wind-Dir Force: 23 06
** Air-temp (dry): 8.9
** Weather Sky: 2 2
** Sea Ice: 1 0
# nquan = 19                                
# nvalues = 466                         
# units = specified
# name 0 = scan: Scan Count
# name 1 = prDM: Pressure, Digiquartz [db]
# name 2 = t068C: Temperature [ITS-68, deg C]
# name 3 = t168C: Temperature, 2 [ITS-68, deg C]
# name 4 = c0S/m: Conductivity [S/m]
# name 5 = c1S/m: Conductivity, 2 [S/m]
# name 6 = sbeox0ML/L: Oxygen, SBE 43 [ml/l]
# name 7 = sbeox0V: Oxygen raw, SBE 43 [V]
# name 8 = sal00: Salinity, Practical [PSU]
# name 9 = sal11: Salinity, Practical, 2 [PSU]
# name 10 = sigma-t00: Density [sigma-t, Kg/m^3 ]
# name 11 = svCM: Sound Velocity [Chen-Millero, m/s]
# name 12 = oxsolML/L: Oxygen Saturation, Garcia & Gordon [ml/l]
# name 13 = sal00: Salinity, Practical [PSU]
# name 14 = sal11: Salinity, Practical, 2 [PSU]
# name 15 = sigma-t00: Density [sigma-t, Kg/m^3 ]
# name 16 = svCM: Sound Velocity [Chen-Millero, m/s]
# name 17 = avgsvCM: Average Sound Velocity [Chen-Millero, m/s], minP = 1, minS = 5
# name 18 = flag: flag
# span 0 =        349,      11782       
# span 1 =      3.000,    468.000       
# span 2 =     8.2190,    12.9145       
# span 3 =     8.2195,    12.9147       
# span 4 =   3.333022,   3.771916       
# span 5 =   3.333826,   3.771678       
# span 6 =    3.58242,    5.71062       
# span 7 =     1.5430,     2.3266       
# span 8 =    28.6871,    35.1182       
# span 9 =    28.6985,    35.1138       
# span 10 =    21.7181,    27.3255      
# span 11 =    1484.50,    1496.44      
# span 12 =    6.06377,    6.57581      
# span 13 =    28.6886,    35.1183      
# span 14 =    28.7000,    35.1138      
# span 15 =    21.7190,    27.3255      
# span 16 =    1484.48,    1496.44      
# span 17 =    1487.99,    1494.80      
# span 18 = 0.0000e+00, 0.0000e+00      
# interval = decibars: 1                
# start_time = Oct 24 2012 00:38:35 [System UTC, header]
# bad_flag = -9.990e-29
*END*
[from data line 229]
       5789    232.000     8.2195     8.2200   3.656279   3.655905    4.38559     1.8023    35.0461    35.0416    27.2772    1487.17    6.56563    35.0461    35.0416    27.2771    1487.17    1488.06 0.0000e+00
       5812    233.000     8.2195     8.2200   3.656338   3.655965    4.39476     1.8043    35.0463    35.0418    27.2773    1487.18    6.56563    35.0463    35.0418    27.2772    1487.18    1488.06 0.0000e+00
       5836    234.000     8.2194     8.2198   3.656381   3.655992    4.41632     1.8066    35.0464    35.0418    27.2774    1487.20    6.56564    35.0463    35.0418    27.2773    1487.20    1488.05 0.0000e+00
       5859    235.000     8.2191     8.2196   3.656409   3.656025    4.41108     1.8075    35.0464    35.0418    27.2774    1487.21    6.56567    35.0464    35.0418    27.2775    1487.21    1488.05 0.0000e+00
       5883    236.000     8.2190     8.2195   3.656447   3.656067    4.40730     1.8085    35.0465    35.0420    27.2775    1487.23    6.56569    35.0465    35.0419    27.2775    1487.23    1488.05 0.0000e+00
       5907    237.000     8.2194     8.2199   3.656565   3.656178    4.40887     1.8091    35.0469    35.0422    27.2778    1487.25    6.56562    35.0469    35.0422    27.2777    1487.25    1488.04 0.0000e+00
       5931    238.000     8.2202     8.2206   3.656704   3.656331    4.40815     1.8097    35.0471    35.0426    27.2778    1487.27    6.56549    35.0471    35.0427    27.2778    1487.27    1488.04 0.0000e+00
       5955    239.000     8.2206     8.2211   3.656836   3.656450    4.41294     1.8107    35.0476    35.0430    27.2782    1487.29    6.56541    35.0476    35.0430    27.2781    1487.29    1488.04 0.0000e+00
       5978    240.000     8.2211     8.2217   3.657004   3.656621    4.41884     1.8117    35.0483    35.0437    27.2786    1487.31    6.56529    35.0484    35.0437    27.2787    1487.31    1488.03 0.0000e+00
       6003    241.000     8.2229     8.2234   3.657291   3.656897    4.41869     1.8120    35.0491    35.0445    27.2789    1487.33    6.56500    35.0492    35.0445    27.2790    1487.33    1488.03 0.0000e+00
       6027    242.000     8.2238     8.2244   3.657448   3.657066    4.40804     1.8116    35.0493    35.0448    27.2790    1487.35    6.56485    35.0495    35.0448    27.2791    1487.35    1488.03 0.0000e+00
       6051    243.000     8.2242     8.2247   3.657575   3.657189    4.39565     1.8104    35.0499    35.0452    27.2794    1487.37    6.56477    35.0500    35.0453    27.2794    1487.37    1488.03 0.0000e+00
       6075    244.000     8.2252     8.2257   3.657823   3.657438    4.36786     1.8072    35.0510    35.0464    27.2801    1487.39    6.56458    35.0511    35.0465    27.2802    1487.39    1488.02 0.0000e+00
       6099    245.000     8.2262     8.2266   3.658037   3.657646    4.36398     1.8060    35.0518    35.0472    27.2806    1487.41    6.56440    35.0519    35.0474    27.2807    1487.41    1488.02 0.0000e+00
       6123    246.000     8.2270     8.2275   3.658238   3.657848    4.36329     1.8036    35.0527    35.0480    27.2811    1487.43    6.56424    35.0528    35.0481    27.2813    1487.43    1488.02 0.0000e+00
       6147    247.000     8.2280     8.2285   3.658484   3.658098    4.33627     1.8000    35.0538    35.0492    27.2819    1487.45    6.56405    35.0540    35.0493    27.2820    1487.45    1488.02 0.0000e+00
       6171    248.000     8.2283     8.2289   3.658599   3.658222    4.30939     1.7959    35.0542    35.0497    27.2822    1487.47    6.56398    35.0544    35.0498    27.2823    1487.47    1488.01 0.0000e+00
       6195    249.000     8.2292     8.2297   3.658798   3.658421    4.29556     1.7919    35.0551    35.0505    27.2827    1487.49    6.56382    35.0552    35.0506    27.2828    1487.49    1488.01 0.0000e+00
       6219    250.000     8.2298     8.2304   3.658982   3.658600    4.28343     1.7879    35.0559    35.0512    27.2832    1487.51    6.56369    35.0560    35.0514    27.2834    1487.51    1488.01 0.0000e+00
       6243    251.000     8.2302     8.2307   3.659065   3.658693    4.25608     1.7822    35.0560    35.0514    27.2832    1487.53    6.56364    35.0560    35.0516    27.2833    1487.53    1488.01 0.0000e+00
       6267    252.000     8.2312     8.2316   3.659313   3.658933    4.21662     1.7758    35.0571    35.0526    27.2840    1487.55    6.56344    35.0572    35.0528    27.2841    1487.55    1488.01 0.0000e+00
       6291    253.000     8.2315     8.2320   3.659459   3.659078    4.20937     1.7711    35.0579    35.0533    27.2845    1487.57    6.56336    35.0580    35.0534    27.2846    1487.57    1488.00 0.0000e+00
       6315    254.000     8.2318     8.2323   3.659567   3.659182    4.21455     1.7673    35.0583    35.0536    27.2848    1487.59    6.56330    35.0584    35.0538    27.2849    1487.59    1488.00 0.0000e+00
       6340    255.000     8.2320     8.2325   3.659655   3.659265    4.20380     1.7632    35.0586    35.0539    27.2850    1487.61    6.56326    35.0586    35.0540    27.2851    1487.61    1488.00 0.0000e+00
       6364    256.000     8.2321     8.2326   3.659766   3.659386    4.18163     1.7583    35.0591    35.0545    27.2854    1487.62    6.56322    35.0592    35.0547    27.2855    1487.62    1488.00 0.0000e+00
       6388    257.000     8.2325     8.2330   3.659899   3.659531    4.16166     1.7537    35.0596    35.0552    27.2858    1487.64    6.56314    35.0598    35.0553    27.2859    1487.64    1488.00 0.0000e+00
       6412    258.000     8.2332     8.2338   3.660065   3.659687    4.16803     1.7510    35.0603    35.0556    27.2861    1487.66    6.56301    35.0604    35.0557    27.2862    1487.66    1488.00 0.0000e+00
       6437    259.000     8.2335     8.2340   3.660207   3.659822    4.17448     1.7485    35.0610    35.0564    27.2867    1487.68    6.56293    35.0611    35.0565    27.2868    1487.68    1488.00 0.0000e+00
       6461    260.000     8.2340     8.2345   3.660370   3.660001    4.16810     1.7463    35.0617    35.0573    27.2872    1487.70    6.56283    35.0619    35.0574    27.2873    1487.70    1487.99 0.0000e+00
       6485    261.000     8.2343     8.2347   3.660473   3.660092    4.15436     1.7429    35.0621    35.0576    27.2874    1487.72    6.56277    35.0622    35.0577    27.2875    1487.72    1487.99 0.0000e+00
       6509    262.000     8.2348     8.2352   3.660648   3.660268    4.12438     1.7387    35.0630    35.0585    27.2881    1487.74    6.56266    35.0631    35.0586    27.2881    1487.74    1487.99 0.0000e+00
       6533    263.000     8.2357     8.2362   3.660925   3.660542    4.11651     1.7356    35.0646    35.0600    27.2892    1487.76    6.56246    35.0646    35.0601    27.2892    1487.76    1487.99 0.0000e+00
       6557    264.000     8.2365     8.2371   3.661197   3.660822    4.11506     1.7325    35.0661    35.0615    27.2902    1487.78    6.56227    35.0663    35.0617    27.2904    1487.78    1487.99 0.0000e+00
       6581    265.000     8.2373     8.2377   3.661403   3.661033    4.10050     1.7290    35.0671    35.0627    27.2909    1487.80    6.56212    35.0672    35.0628    27.2910    1487.80    1487.99 0.0000e+00
       6605    266.000     8.2379     8.2384   3.661655   3.661272    4.08468     1.7253    35.0686    35.0641    27.2920    1487.82    6.56196    35.0688    35.0642    27.2921    1487.82    1487.99 0.0000e+00
       6629    267.000     8.2384     8.2390   3.661807   3.661434    4.07724     1.7222    35.0693    35.0648    27.2924    1487.84    6.56185    35.0694    35.0649    27.2926    1487.84    1487.99 0.0000e+00
       6653    268.000     8.2397     8.2402   3.662062   3.661685    4.06650     1.7186    35.0702    35.0657    27.2930    1487.86    6.56163    35.0704    35.0659    27.2931    1487.86    1487.99 0.0000e+00
       6677    269.000     8.2404     8.2410   3.662270   3.661880    4.05786     1.7157    35.0713    35.0666    27.2937    1487.88    6.56148    35.0714    35.0667    27.2938    1487.88    1487.99 0.0000e+00
       6701    270.000     8.2408     8.2413   3.662424   3.662045    4.05506     1.7131    35.0720    35.0675    27.2942    1487.90    6.56139    35.0722    35.0677    27.2944    1487.90    1487.99 0.0000e+00
       6725    271.000     8.2418     8.2423   3.662755   3.662378    4.05148     1.7105    35.0741    35.0696    27.2957    1487.93    6.56116    35.0743    35.0697    27.2958    1487.93    1487.99 0.0000e+00
       6749    272.000     8.2427     8.2432   3.663102   3.662726    4.03767     1.7077    35.0764    35.0719    27.2974    1487.95    6.56092    35.0766    35.0721    27.2975    1487.95    1487.99 0.0000e+00
       6773    273.000     8.2431     8.2435   3.663274   3.662910    4.02598     1.7046    35.0775    35.0730    27.2982    1487.97    6.56083    35.0775    35.0733    27.2982    1487.97    1487.99 0.0000e+00
       6797    274.000     8.2437     8.2442   3.663549   3.663171    4.01220     1.7013    35.0793    35.0747    27.2995    1487.99    6.56066    35.0794    35.0749    27.2996    1487.99    1487.99 0.0000e+00
       6820    275.000     8.2442     8.2447   3.663750   3.663371    3.99482     1.6976    35.0804    35.0759    27.3003    1488.01    6.56054    35.0806    35.0760    27.3004    1488.01    1487.99 0.0000e+00
       6844    276.000     8.2443     8.2448   3.663914   3.663532    3.98203     1.6940    35.0816    35.0770    27.3012    1488.03    6.56047    35.0817    35.0772    27.3013    1488.03    1487.99 0.0000e+00
       6868    277.000     8.2444     8.2449   3.664059   3.663672    3.97540     1.6908    35.0826    35.0780    27.3020    1488.04    6.56042    35.0827    35.0781    27.3021    1488.04    1487.99 0.0000e+00
       6892    278.000     8.2446     8.2450   3.664155   3.663774    3.97540     1.6883    35.0830    35.0784    27.3022    1488.06    6.56037    35.0830    35.0786    27.3023    1488.06    1487.99 0.0000e+00
       6916    279.000     8.2445     8.2451   3.664250   3.663873    3.96011     1.6849    35.0836    35.0790    27.3027    1488.08    6.56036    35.0837    35.0791    27.3028    1488.08    1487.99 0.0000e+00
       6940    280.000     8.2446     8.2452   3.664351   3.663974    3.95296     1.6823    35.0840    35.0795    27.3031    1488.10    6.56032    35.0842    35.0796    27.3032    1488.10    1487.99 0.0000e+00
       6964    281.000     8.2449     8.2454   3.664466   3.664081    3.95665     1.6804    35.0846    35.0800    27.3034    1488.11    6.56026    35.0846    35.0800    27.3035    1488.11    1487.99 0.0000e+00
       6988    282.000     8.2452     8.2458   3.664631   3.664261    3.96336     1.6793    35.0855    35.0810    27.3041    1488.13    6.56017    35.0856    35.0811    27.3042    1488.13    1487.99 0.0000e+00
       7011    283.000     8.2456     8.2462   3.664796   3.664446    3.95817     1.6776    35.0864    35.0821    27.3048    1488.15    6.56007    35.0865    35.0822    27.3048    1488.15    1487.99 0.0000e+00
       7035    284.000     8.2459     8.2464   3.664909   3.664518    3.95197     1.6762    35.0869    35.0821    27.3051    1488.17    6.56002    35.0869    35.0822    27.3051    1488.17    1487.99 0.0000e+00
       7059    285.000     8.2460     8.2466   3.665001   3.664617    3.94198     1.6739    35.0872    35.0826    27.3054    1488.19    6.55998    35.0873    35.0826    27.3054    1488.19    1487.99 0.0000e+00
       7082    286.000     8.2462     8.2467   3.665077   3.664683    3.93342     1.6723    35.0874    35.0827    27.3055    1488.20    6.55995    35.0874    35.0827    27.3055    1488.21    1487.99 0.0000e+00
       7106    287.000     8.2463     8.2468   3.665167   3.664796    3.93798     1.6709    35.0877    35.0833    27.3057    1488.22    6.55991    35.0878    35.0834    27.3058    1488.22    1487.99 0.0000e+00
       7129    288.000     8.2465     8.2471   3.665308   3.664941    3.93150     1.6694    35.0886    35.0841    27.3064    1488.24    6.55985    35.0886    35.0841    27.3064    1488.24    1487.99 0.0000e+00
       7153    289.000     8.2466     8.2472   3.665556   3.665199    3.93517     1.6688    35.0906    35.0863    27.3080    1488.26    6.55975    35.0907    35.0863    27.3080    1488.26    1488.00 0.0000e+00
       7176    290.000     8.2473     8.2479   3.665889   3.665532    3.93511     1.6677    35.0930    35.0886    27.3097    1488.28    6.55954    35.0931    35.0887    27.3098    1488.28    1488.00 0.0000e+00
       7200    291.000     8.2478     8.2484   3.666103   3.665730    3.91758     1.6652    35.0944    35.0898    27.3107    1488.30    6.55942    35.0944    35.0898    27.3107    1488.30    1488.00 0.0000e+00
       7224    292.000     8.2481     8.2487   3.666239   3.665874    3.88181     1.6612    35.0950    35.0905    27.3111    1488.32    6.55934    35.0951    35.0906    27.3112    1488.32    1488.00 0.0000e+00
       7248    293.000     8.2485     8.2490   3.666423   3.666044    3.85193     1.6562    35.0961    35.0915    27.3120    1488.34    6.55924    35.0962    35.0916    27.3120    1488.34    1488.00 0.0000e+00
       7271    294.000     8.2489     8.2495   3.666609   3.666246    3.83916     1.6525    35.0972    35.0927    27.3127    1488.36    6.55913    35.0973    35.0928    27.3128    1488.36    1488.00 0.0000e+00
       7295    295.000     8.2492     8.2498   3.666767   3.666395    3.85478     1.6506    35.0981    35.0935    27.3134    1488.38    6.55904    35.0982    35.0936    27.3135    1488.38    1488.00 0.0000e+00
       7319    296.000     8.2496     8.2501   3.666951   3.666576    3.85838     1.6483    35.0991    35.0946    27.3142    1488.40    6.55894    35.0992    35.0948    27.3143    1488.40    1488.00 0.0000e+00
       7343    297.000     8.2501     8.2507   3.667194   3.666820    3.83603     1.6449    35.1008    35.0962    27.3154    1488.42    6.55880    35.1009    35.0963    27.3154    1488.42    1488.00 0.0000e+00
       7367    298.000     8.2506     8.2511   3.667387   3.667006    3.82392     1.6422    35.1018    35.0973    27.3161    1488.44    6.55868    35.1019    35.0974    27.3162    1488.44    1488.01 0.0000e+00
       7391    299.000     8.2510     8.2516   3.667610   3.667233    3.82668     1.6403    35.1033    35.0987    27.3172    1488.46    6.55856    35.1034    35.0988    27.3173    1488.46    1488.01 0.0000e+00
       7415    300.000     8.2514     8.2520   3.667817   3.667448    3.82978     1.6385    35.1046    35.1001    27.3182    1488.48    6.55844    35.1048    35.1002    27.3183    1488.48    1488.01 0.0000e+00
       7438    301.000     8.2520     8.2525   3.667998   3.667616    3.81897     1.6363    35.1056    35.1010    27.3189    1488.50    6.55832    35.1056    35.1011    27.3189    1488.50    1488.01 0.0000e+00
       7462    302.000     8.2523     8.2528   3.668114   3.667748    3.79601     1.6327    35.1060    35.1016    27.3192    1488.51    6.55826    35.1061    35.1017    27.3192    1488.52    1488.01 0.0000e+00
       7487    303.000     8.2526     8.2531   3.668232   3.667859    3.78162     1.6298    35.1065    35.1020    27.3195    1488.53    6.55820    35.1066    35.1021    27.3195    1488.53    1488.01 0.0000e+00
       7511    304.000     8.2529     8.2534   3.668384   3.668008    3.79098     1.6283    35.1073    35.1028    27.3201    1488.55    6.55811    35.1074    35.1029    27.3202    1488.55    1488.02 0.0000e+00
       7535    305.000     8.2531     8.2537   3.668515   3.668144    3.79553     1.6268    35.1080    35.1035    27.3206    1488.57    6.55805    35.1081    35.1036    27.3207    1488.57    1488.02 0.0000e+00
       7559    306.000     8.2535     8.2540   3.668646   3.668267    3.78727     1.6250    35.1086    35.1041    27.3210    1488.59    6.55797    35.1086    35.1041    27.3210    1488.59    1488.02 0.0000e+00
