_data/ctd/2012/sta0441_2012.cnv
* Sea-Bird SBE 9 Data File:
* FileName = C:\Seabird\CTDData\sta0441.hex
* Software Version Seasave V 7.21f
* Temperature SN = 4306
* Conductivity SN = 2694
* Number of Bytes Per Scan = 31
* Number of Voltage Words = 2
* Number of Scans Averaged by the Deck Unit = 1
* NMEA Latitude = 60 52.36 N
* NMEA Longitude = 005 23.68 E
* NMEA UTC (Time) = Oct 23 2012 04:17:06
* NMEA baud rate = 4800
** Ship: 14 F/F "G. O. Sars"
** Station: 0441
** Echodepth: 470
** Log: 7465.3
** Wind-Dir Force: 01 01
** Air-temp (dry): 7.5
** Weather Sky: 2 2
** Sea Ice: 1 0
# nquan = 19                                
# nvalues = 448                         
# units = specified
# name 0 = scan: Scan Count
# name 1 = prDM: Pressure, Digiquartz [db]
# name 2 = t068C: Temperature [ITS-68, deg C]
# name 3 = t168C: Temperature, 2 [ITS-68, deg C]
# name 4 = c0S/m: Conductivity [S/m]
# name 5 = c1S/m: Conductivity, 2 [S/m]
# name 6 = sbeox0ML/L: Oxygen, SBE 43 [ml/l]
# name 7 = sbeox0V: Oxygen raw, SBE 43 [V]
# name 8 = sal00: Salinity, Practical [PSU]
# name 9 = sal11: Salinity, Practical, 2 [PSU]
# name 10 = sigma-t00: Density [sigma-t, Kg/m^3 ]
# name 11 = svCM: Sound Velocity [Chen-Millero, m/s]
# name 12 = oxsolML/L: Oxygen Saturation, Garcia & Gordon [ml/l]
# name 13 = sal00: Salinity, Practical [PSU]
# name 14 = sal11: Salinity, Practical, 2 [PSU]
# name 15 = sigma-t00: Density [sigma-t, Kg/m^3 ]
# name 16 = svCM: Sound Velocity [Chen-Millero, m/s]
# name 17 = avgsvCM: Average Sound Velocity [Chen-Millero, m/s], minP = 1, minS = 5
# name 18 = flag: flag
# span 0 =        803,      11793       
# span 1 =      3.000,    450.000       
# span 2 =     8.2183,    12.9141       
# span 3 =     8.2189,    12.9141       
# span 4 =   3.330409,   3.776219       
# span 5 =   3.331409,   3.775787       
# span 6 =    3.60684,    5.63715       
# span 7 =     1.5534,     2.3030       
# span 8 =    28.6359,    35.1187       
# span 9 =    28.6440,    35.1142       
# span 10 =    21.6714,    27.3262      
# span 11 =    1484.49,    1496.55      
# span 12 =    6.06348,    6.57560      
# span 13 =    28.6337,    35.1188      
# span 14 =    28.6422,    35.1142      
# span 15 =    21.6695,    27.3263      
# span 16 =    1484.48,    1496.55      
# span 17 =    1488.09,    1494.95      
# span 18 = 0.0000e+00, 0.0000e+00      
# interval = decibars: 1                
# start_time = Oct 23 2012 04:17:08 [System UTC, header]
# bad_flag = -9.990e-29
*END*
[from data line 381]
       9847    384.000     8.2643     8.2649   3.673917   3.673536    3.64424     1.5641    35.1168    35.1122    27.3258    1489.92    6.55604    35.1168    35.1122    27.3258    1489.92    1488.34 0.0000e+00
       9871    385.000     8.2644     8.2650   3.673976   3.673589    3.66289     1.5658    35.1169    35.1122    27.3258    1489.94    6.55602    35.1169    35.1122    27.3258    1489.94    1488.35 0.0000e+00
       9894    386.000     8.2645     8.2651   3.674040   3.673658    3.67799     1.5682    35.1169    35.1123    27.3258    1489.96    6.55600    35.1170    35.1123    27.3259    1489.96    1488.35 0.0000e+00
       9918    387.000     8.2647     8.2652   3.674112   3.673728    3.69227     1.5707    35.1171    35.1124    27.3259    1489.98    6.55597    35.1171    35.1125    27.3259    1489.98    1488.36 0.0000e+00
       9942    388.000     8.2648     8.2654   3.674175   3.673795    3.70393     1.5733    35.1171    35.1125    27.3259    1489.99    6.55595    35.1172    35.1125    27.3260    1489.99    1488.36 0.0000e+00
       9965    389.000     8.2649     8.2655   3.674242   3.673861    3.70999     1.5755    35.1172    35.1126    27.3260    1490.01    6.55593    35.1173    35.1127    27.3261    1490.01    1488.37 0.0000e+00
       9989    390.000     8.2651     8.2657   3.674307   3.673936    3.71229     1.5775    35.1173    35.1128    27.3260    1490.03    6.55589    35.1173    35.1128    27.3261    1490.03    1488.37 0.0000e+00
      10013    391.000     8.2653     8.2658   3.674385   3.673994    3.70420     1.5781    35.1174    35.1128    27.3261    1490.05    6.55586    35.1175    35.1128    27.3262    1490.04    1488.37 0.0000e+00
      10036    392.000     8.2654     8.2660   3.674434   3.674047    3.69426     1.5784    35.1174    35.1127    27.3261    1490.06    6.55585    35.1174    35.1127    27.3261    1490.06    1488.38 0.0000e+00
      10060    393.000     8.2655     8.2661   3.674497   3.674110    3.68712     1.5777    35.1174    35.1128    27.3261    1490.08    6.55583    35.1175    35.1128    27.3262    1490.08    1488.38 0.0000e+00
      10083    394.000     8.2657     8.2662   3.674551   3.674173    3.66747     1.5761    35.1174    35.1128    27.3261    1490.09    6.55581    35.1174    35.1129    27.3260    1490.10    1488.39 0.0000e+00
      10107    395.000     8.2658     8.2664   3.674614   3.674225    3.66658     1.5757    35.1175    35.1128    27.3261    1490.11    6.55579    35.1175    35.1128    27.3261    1490.11    1488.39 0.0000e+00
      10131    396.000     8.2659     8.2665   3.674681   3.674288    3.67352     1.5751    35.1177    35.1129    27.3262    1490.13    6.55577    35.1177    35.1129    27.3262    1490.13    1488.40 0.0000e+00
      10154    397.000     8.2660     8.2666   3.674745   3.674348    3.68011     1.5754    35.1177    35.1129    27.3262    1490.15    6.55575    35.1178    35.1129    27.3263    1490.15    1488.40 0.0000e+00
      10177    398.000     8.2662     8.2668   3.674807   3.674414    3.67907     1.5750    35.1177    35.1130    27.3262    1490.16    6.55572    35.1178    35.1130    27.3262    1490.16    1488.40 0.0000e+00
      10201    399.000     8.2663     8.2669   3.674858   3.674471    3.67732     1.5748    35.1177    35.1130    27.3261    1490.18    6.55570    35.1177    35.1130    27.3262    1490.18    1488.41 0.0000e+00
      10224    400.000     8.2664     8.2670   3.674915   3.674531    3.67165     1.5740    35.1177    35.1130    27.3262    1490.20    6.55569    35.1178    35.1131    27.3262    1490.20    1488.41 0.0000e+00
      10247    401.000     8.2665     8.2671   3.674973   3.674594    3.66672     1.5734    35.1178    35.1131    27.3262    1490.21    6.55567    35.1178    35.1132    27.3262    1490.21    1488.42 0.0000e+00
      10271    402.000     8.2667     8.2672   3.675037   3.674669    3.66898     1.5731    35.1178    35.1133    27.3262    1490.23    6.55565    35.1178    35.1134    27.3262    1490.23    1488.42 0.0000e+00
      10294    403.000     8.2668     8.2673   3.675095   3.674707    3.67329     1.5727    35.1179    35.1132    27.3262    1490.25    6.55563    35.1178    35.1132    27.3262    1490.25    1488.43 0.0000e+00
      10318    404.000     8.2669     8.2674   3.675144   3.674765    3.65487     1.5711    35.1178    35.1131    27.3261    1490.27    6.55562    35.1178    35.1133    27.3262    1490.27    1488.43 0.0000e+00
      10341    405.000     8.2670     8.2676   3.675203   3.674819    3.64558     1.5698    35.1179    35.1131    27.3262    1490.28    6.55560    35.1178    35.1132    27.3262    1490.28    1488.44 0.0000e+00
      10364    406.000     8.2671     8.2677   3.675258   3.674877    3.65023     1.5689    35.1178    35.1132    27.3261    1490.30    6.55558    35.1179    35.1132    27.3262    1490.30    1488.44 0.0000e+00
      10388    407.000     8.2672     8.2678   3.675316   3.674927    3.65225     1.5684    35.1178    35.1132    27.3261    1490.32    6.55557    35.1179    35.1132    27.3262    1490.32    1488.45 0.0000e+00
      10411    408.000     8.2673     8.2679   3.675373   3.674990    3.65847     1.5684    35.1178    35.1132    27.3261    1490.33    6.55555    35.1179    35.1133    27.3262    1490.33    1488.45 0.0000e+00
      10435    409.000     8.2674     8.2680   3.675423   3.675052    3.67239     1.5693    35.1178    35.1133    27.3261    1490.35    6.55553    35.1179    35.1133    27.3262    1490.35    1488.45 0.0000e+00
      10459    410.000     8.2676     8.2682   3.675487   3.675113    3.67014     1.5690    35.1179    35.1133    27.3261    1490.37    6.55551    35.1179    35.1133    27.3261    1490.37    1488.46 0.0000e+00
      10482    411.000     8.2676     8.2684   3.675549   3.675157    3.66457     1.5691    35.1180    35.1132    27.3262    1490.38    6.55550    35.1181    35.1131    27.3263    1490.38    1488.46 0.0000e+00
      10506    412.000     8.2678     8.2684   3.675610   3.675231    3.66690     1.5690    35.1180    35.1134    27.3262    1490.40    6.55547    35.1181    35.1134    27.3262    1490.40    1488.47 0.0000e+00
      10530    413.000     8.2679     8.2685   3.675654   3.675269    3.66912     1.5693    35.1179    35.1132    27.3261    1490.42    6.55546    35.1179    35.1133    27.3261    1490.42    1488.47 0.0000e+00
      10553    414.000     8.2681     8.2686   3.675712   3.675333    3.66655     1.5690    35.1179    35.1134    27.3261    1490.43    6.55544    35.1179    35.1134    27.3261    1490.43    1488.48 0.0000e+00
      10576    415.000     8.2682     8.2688   3.675774   3.675392    3.66610     1.5690    35.1180    35.1133    27.3261    1490.45    6.55542    35.1180    35.1133    27.3261    1490.45    1488.48 0.0000e+00
      10599    416.000     8.2683     8.2689   3.675827   3.675443    3.66605     1.5687    35.1180    35.1132    27.3261    1490.47    6.55541    35.1180    35.1133    27.3261    1490.47    1488.49 0.0000e+00
      10622    417.000     8.2684     8.2690   3.675880   3.675499    3.66134     1.5684    35.1180    35.1133    27.3261    1490.49    6.55539    35.1180    35.1133    27.3261    1490.49    1488.49 0.0000e+00
      10645    418.000     8.2685     8.2691   3.675939   3.675559    3.66204     1.5683    35.1180    35.1134    27.3261    1490.50    6.55538    35.1180    35.1134    27.3261    1490.50    1488.50 0.0000e+00
      10668    419.000     8.2687     8.2692   3.675999   3.675618    3.67169     1.5688    35.1180    35.1134    27.3261    1490.52    6.55535    35.1180    35.1134    27.3260    1490.52    1488.50 0.0000e+00
      10691    420.000     8.2688     8.2693   3.676059   3.675660    3.67148     1.5684    35.1180    35.1132    27.3261    1490.54    6.55533    35.1180    35.1133    27.3261    1490.54    1488.51 0.0000e+00
      10714    421.000     8.2689     8.2695   3.676124   3.675738    3.65712     1.5677    35.1181    35.1135    27.3261    1490.55    6.55530    35.1182    35.1135    27.3261    1490.55    1488.51 0.0000e+00
      10738    422.000     8.2690     8.2696   3.676178   3.675787    3.64935     1.5663    35.1181    35.1134    27.3261    1490.57    6.55529    35.1182    35.1134    27.3261    1490.57    1488.52 0.0000e+00
      10761    423.000     8.2691     8.2697   3.676228   3.675852    3.64505     1.5657    35.1181    35.1135    27.3261    1490.59    6.55528    35.1181    35.1135    27.3261    1490.59    1488.52 0.0000e+00
      10784    424.000     8.2692     8.2698   3.676292   3.675902    3.65195     1.5652    35.1182    35.1135    27.3261    1490.60    6.55526    35.1182    35.1135    27.3261    1490.60    1488.53 0.0000e+00
      10808    425.000     8.2693     8.2699   3.676340   3.675957    3.65404     1.5650    35.1182    35.1135    27.3261    1490.62    6.55525    35.1182    35.1135    27.3261    1490.62    1488.53 0.0000e+00
      10832    426.000     8.2694     8.2700   3.676391   3.676019    3.65303     1.5646    35.1181    35.1135    27.3260    1490.64    6.55523    35.1181    35.1136    27.3260    1490.64    1488.54 0.0000e+00
      10855    427.000     8.2695     8.2701   3.676452   3.676080    3.64939     1.5641    35.1182    35.1136    27.3261    1490.65    6.55522    35.1182    35.1137    27.3261    1490.65    1488.54 0.0000e+00
      10879    428.000     8.2697     8.2702   3.676509   3.676117    3.65582     1.5643    35.1182    35.1134    27.3260    1490.67    6.55520    35.1181    35.1135    27.3260    1490.67    1488.55 0.0000e+00
      10902    429.000     8.2697     8.2703   3.676557   3.676180    3.65633     1.5640    35.1181    35.1135    27.3260    1490.69    6.55519    35.1182    35.1136    27.3260    1490.69    1488.55 0.0000e+00
      10926    430.000     8.2699     8.2705   3.676625   3.676243    3.65757     1.5642    35.1182    35.1135    27.3260    1490.71    6.55516    35.1182    35.1136    27.3260    1490.71    1488.56 0.0000e+00
      10949    431.000     8.2700     8.2707   3.676700   3.676311    3.66117     1.5644    35.1184    35.1137    27.3261    1490.72    6.55513    35.1185    35.1136    27.3262    1490.72    1488.56 0.0000e+00
      10972    432.000     8.2702     8.2708   3.676748   3.676364    3.66789     1.5649    35.1183    35.1136    27.3260    1490.74    6.55511    35.1183    35.1136    27.3260    1490.74    1488.57 0.0000e+00
      10995    433.000     8.2703     8.2709   3.676807   3.676420    3.65907     1.5642    35.1183    35.1136    27.3260    1490.76    6.55509    35.1183    35.1136    27.3261    1490.76    1488.57 0.0000e+00
      11019    434.000     8.2705     8.2710   3.676867   3.676476    3.64609     1.5635    35.1183    35.1136    27.3261    1490.77    6.55507    35.1183    35.1137    27.3260    1490.77    1488.58 0.0000e+00
      11042    435.000     8.2706     8.2712   3.676940   3.676537    3.64664     1.5629    35.1184    35.1136    27.3261    1490.79    6.55504    35.1185    35.1136    27.3262    1490.79    1488.58 0.0000e+00
      11065    436.000     8.2707     8.2714   3.676989   3.676596    3.65064     1.5628    35.1184    35.1136    27.3261    1490.81    6.55503    35.1185    35.1136    27.3261    1490.81    1488.59 0.0000e+00
      11089    437.000     8.2708     8.2714   3.677050   3.676662    3.65266     1.5624    35.1185    35.1138    27.3261    1490.82    6.55501    35.1185    35.1138    27.3261    1490.82    1488.59 0.0000e+00
      11112    438.000     8.2710     8.2715   3.677106   3.676718    3.64301     1.5614    35.1185    35.1138    27.3261    1490.84    6.55499    35.1185    35.1138    27.3261    1490.84    1488.60 0.0000e+00
      11136    439.000     8.2711     8.2717   3.677169   3.676774    3.63873     1.5606    35.1186    35.1138    27.3261    1490.86    6.55497    35.1186    35.1138    27.3261    1490.86    1488.60 0.0000e+00
      11160    440.000     8.2713     8.2718   3.677226   3.676826    3.63113     1.5594    35.1185    35.1137    27.3260    1490.88    6.55494    35.1185    35.1137    27.3260    1490.88    1488.61 0.0000e+00
      11183    441.000     8.2714     8.2720   3.677283   3.676897    3.63554     1.5591    35.1185    35.1138    27.3260    1490.89    6.55492    35.1185    35.1138    27.3260    1490.89    1488.61 0.0000e+00
      11207    442.000     8.2715     8.2721   3.677342   3.676958    3.64265     1.5589    35.1186    35.1139    27.3261    1490.91    6.55491    35.1186    35.1139    27.3261    1490.91    1488.62 0.0000e+00
      11230    443.000     8.2716     8.2722   3.677394   3.677020    3.64642     1.5591    35.1185    35.1139    27.3260    1490.93    6.55489    35.1186    35.1140    27.3260    1490.93    1488.62 0.0000e+00
      11254    444.000     8.2717     8.2723   3.677458   3.677073    3.64699     1.5589    35.1186    35.1140    27.3261    1490.94    6.55488    35.1187    35.1140    27.3261    1490.94    1488.63 0.0000e+00
      11278    445.000     8.2719     8.2725   3.677511   3.677126    3.63114     1.5576    35.1185    35.1139    27.3260    1490.96    6.55485    35.1186    35.1139    27.3260    1490.96    1488.63 0.0000e+00
      11301    446.000     8.2721     8.2726   3.677597   3.677210    3.62418     1.5567    35.1187    35.1141    27.3261    1490.98    6.55481    35.1188    35.1142    27.3262    1490.98    1488.64 0.0000e+00
      11324    447.000     8.2722     8.2728   3.677648   3.677255    3.63381     1.5567    35.1187    35.1140    27.3261    1490.99    6.55480    35.1188    35.1140    27.3261    1491.00    1488.64 0.0000e+00
      11348    448.000     8.2723     8.2730   3.677699   3.677318    3.63943     1.5565    35.1187    35.1140    27.3261    1491.01    6.55478    35.1187    35.1140    27.3261    1491.01    1488.65 0.0000e+00
      11371    449.000     8.2725     8.2731   3.677759   3.677373    3.62277     1.5548    35.1187    35.1140    27.3260    1491.03    6.55476    35.1187    35.1140    27.3260    1491.03    1488.65 0.0000e+00
      11793    450.000     8.2726     8.2730   3.677805   3.677421    3.62347     1.5534    35.1187    35.1142    27.3260    1491.05    6.55475    35.1186    35.1141    27.3259    1491.05    1488.66 0.0000e+00
