_data/ctd/2012/sta0443_2012.cnv
* Sea-Bird SBE 9 Data File:
* FileName = C:\Seabird\CTDData\sta0443.hex
* Software Version Seasave V 7.21f
* Temperature SN = 4306
* Conductivity SN = 2694
* Number of Bytes Per Scan = 31
* Number of Voltage Words = 2
* Number of Scans Averaged by the Deck Unit = 1
* NMEA Latitude = 60 52.36 N
* NMEA Longitude = 005 24.84 E
* NMEA UTC (Time) = Oct 23 2012 20:00:47
* NMEA baud rate = 4800
** Ship: 14 F/F "G. O. Sars"
** Station: 0443
** Echodepth: 479
** Log: 7496.3
** Wind-Dir Force: 24 08
** Air-temp (dry): 10.6
** Weather Sky: 2 2
** Sea Ice: 1 0
# nquan = 19                                
# nvalues = 469                         
# units = specified
# name 0 = scan: Scan Count
# name 1 = prDM: Pressure, Digiquartz [db]
# name 2 = t068C: Temperature [ITS-68, deg C]
# name 3 = t168C: Temperature, 2 [ITS-68, deg C]
# name 4 = c0S/m: Conductivity [S/m]
# name 5 = c1S/m: Conductivity, 2 [S/m]
# name 6 = sbeox0ML/L: Oxygen, SBE 43 [ml/l]
# name 7 = sbeox0V: Oxygen raw, SBE 43 [V]
# name 8 = sal00: Salinity, Practical [PSU]
# name 9 = sal11: Salinity, Practical, 2 [PSU]
# name 10 = sigma-t00: Density [sigma-t, Kg/m^3 ]
# name 11 = svCM: Sound Velocity [Chen-Millero, m/s]
# name 12 = oxsolML/L: Oxygen Saturation, Garcia & Gordon [ml/l]
# name 13 = sal00: Salinity, Practical [PSU]
# name 14 = sal11: Salinity, Practical, 2 [PSU]
# name 15 = sigma-t00: Density [sigma-t, Kg/m^3 ]
# name 16 = svCM: Sound Velocity [Chen-Millero, m/s]
# name 17 = avgsvCM: Average Sound Velocity [Chen-Millero, m/s], minP = 1, minS = 5
# name 18 = flag: flag
# span 0 =        645,      12305       
# span 1 =      3.000,    471.000       
# span 2 =     8.2173,    12.9288       
# span 3 =     8.2178,    12.9289       
# span 4 =   3.163486,   3.774940       
# span 5 =   3.156952,   3.774555       
# span 6 =    3.56575,    5.88479       
# span 7 =     1.5391,     2.3623       
# span 8 =    27.2732,    35.1180       
# span 9 =    27.2141,    35.1136       
# span 10 =    20.6671,    27.3255      
# span 11 =    1484.47,    1496.52      
# span 12 =    6.06333,    6.57545      
# span 13 =    27.2644,    35.1181      
# span 14 =    27.2054,    35.1137      
# span 15 =    20.6593,    27.3255      
# span 16 =    1484.46,    1496.52      
# span 17 =    1486.24,    1494.77      
# span 18 = 0.0000e+00, 0.0000e+00      
# interval = decibars: 1                
# start_time = Oct 23 2012 20:00:49 [System UTC, header]
# bad_flag = -9.990e-29
*END*
[from data line 305]
       7895    308.000     8.2530     8.2535   3.668495   3.668118    3.78074     1.6264    35.1064    35.1020    27.3194    1488.62    6.55813    35.1066    35.1021    27.3195    1488.62    1488.00 0.0000e+00
       7920    309.000     8.2532     8.2538   3.668626   3.668241    3.79422     1.6259    35.1072    35.1026    27.3199    1488.64    6.55807    35.1073    35.1026    27.3200    1488.64    1488.00 0.0000e+00
       7943    310.000     8.2536     8.2541   3.668715   3.668355    3.80471     1.6252    35.1073    35.1030    27.3199    1488.65    6.55801    35.1074    35.1030    27.3200    1488.65    1488.00 0.0000e+00
       7967    311.000     8.2538     8.2542   3.668810   3.668442    3.79892     1.6242    35.1076    35.1034    27.3202    1488.67    6.55797    35.1077    35.1034    27.3202    1488.67    1488.01 0.0000e+00
       7991    312.000     8.2540     8.2544   3.668934   3.668560    3.78463     1.6225    35.1083    35.1039    27.3207    1488.69    6.55791    35.1083    35.1040    27.3207    1488.69    1488.01 0.0000e+00
       8014    313.000     8.2542     8.2547   3.669071   3.668709    3.77645     1.6208    35.1091    35.1047    27.3213    1488.71    6.55784    35.1091    35.1048    27.3213    1488.71    1488.01 0.0000e+00
       8038    314.000     8.2546     8.2552   3.669224   3.668853    3.76338     1.6184    35.1098    35.1053    27.3217    1488.73    6.55775    35.1099    35.1053    27.3218    1488.73    1488.01 0.0000e+00
       8062    315.000     8.2548     8.2553   3.669290   3.668921    3.74386     1.6152    35.1099    35.1055    27.3218    1488.74    6.55773    35.1099    35.1055    27.3218    1488.74    1488.01 0.0000e+00
       8086    316.000     8.2549     8.2554   3.669341   3.668967    3.72322     1.6116    35.1099    35.1054    27.3218    1488.76    6.55772    35.1099    35.1054    27.3218    1488.76    1488.02 0.0000e+00
       8110    317.000     8.2550     8.2554   3.669416   3.669035    3.72915     1.6101    35.1100    35.1056    27.3219    1488.78    6.55769    35.1101    35.1056    27.3219    1488.78    1488.02 0.0000e+00
       8134    318.000     8.2555     8.2559   3.669550   3.669178    3.74511     1.6089    35.1105    35.1061    27.3222    1488.80    6.55760    35.1105    35.1062    27.3222    1488.80    1488.02 0.0000e+00
       8158    319.000     8.2558     8.2563   3.669670   3.669295    3.74801     1.6083    35.1110    35.1064    27.3225    1488.81    6.55753    35.1111    35.1066    27.3226    1488.81    1488.02 0.0000e+00
       8182    320.000     8.2559     8.2564   3.669732   3.669365    3.74103     1.6071    35.1110    35.1066    27.3225    1488.83    6.55751    35.1111    35.1067    27.3226    1488.83    1488.03 0.0000e+00
       8206    321.000     8.2561     8.2566   3.669785   3.669415    3.72986     1.6059    35.1110    35.1066    27.3225    1488.85    6.55749    35.1110    35.1066    27.3225    1488.85    1488.03 0.0000e+00
       8229    322.000     8.2562     8.2567   3.669864   3.669485    3.73420 -9.990e-29    35.1112    35.1067    27.3226    1488.87    6.55746    35.1113    35.1067    27.3227    1488.87    1488.03 0.0000e+00
       8252    323.000     8.2564     8.2569   3.669935   3.669569    3.74744 -9.990e-29    35.1113    35.1070    27.3227    1488.88    6.55743    35.1114    35.1070    27.3227    1488.88    1488.03 0.0000e+00
       8275    324.000     8.2565     8.2570   3.669998   3.669621    3.75414 -9.990e-29    35.1114    35.1069    27.3227    1488.90    6.55741    35.1115    35.1069    27.3228    1488.90    1488.04 0.0000e+00
       8298    325.000     8.2565     8.2571   3.670064   3.669690    3.75011     1.6054    35.1116    35.1071    27.3229    1488.92    6.55740    35.1117    35.1071    27.3230    1488.92    1488.04 0.0000e+00
       8321    326.000     8.2566     8.2572   3.670132   3.669760    3.74787     1.6050    35.1117    35.1072    27.3230    1488.93    6.55737    35.1118    35.1073    27.3231    1488.93    1488.04 0.0000e+00
       8344    327.000     8.2568     8.2573   3.670202   3.669841    3.73764     1.6041    35.1119    35.1075    27.3231    1488.95    6.55735    35.1119    35.1076    27.3231    1488.95    1488.05 0.0000e+00
       8367    328.000     8.2570     8.2575   3.670279   3.669910    3.72568     1.6023    35.1120    35.1076    27.3231    1488.97    6.55731    35.1120    35.1076    27.3232    1488.97    1488.05 0.0000e+00
       8390    329.000     8.2571     8.2576   3.670361   3.669988    3.71500     1.6008    35.1123    35.1078    27.3233    1488.99    6.55729    35.1123    35.1079    27.3234    1488.99    1488.05 0.0000e+00
       8413    330.000     8.2573     8.2578   3.670420   3.670055    3.70140     1.5983    35.1123    35.1079    27.3233    1489.00    6.55726    35.1123    35.1079    27.3233    1489.00    1488.05 0.0000e+00
       8437    331.000     8.2573     8.2579   3.670488   3.670108    3.69553     1.5966    35.1125    35.1078    27.3234    1489.02    6.55725    35.1125    35.1079    27.3235    1489.02    1488.06 0.0000e+00
       8460    332.000     8.2576     8.2581   3.670570   3.670194    3.70356     1.5957    35.1126    35.1081    27.3235    1489.04    6.55720    35.1126    35.1081    27.3235    1489.04    1488.06 0.0000e+00
       8484    333.000     8.2577     8.2582   3.670628   3.670262    3.70949     1.5951    35.1127    35.1083    27.3235    1489.05    6.55718    35.1127    35.1083    27.3235    1489.05    1488.06 0.0000e+00
       8508    334.000     8.2578     8.2583   3.670700   3.670332    3.72334     1.5960    35.1128    35.1084    27.3237    1489.07    6.55715    35.1129    35.1084    27.3237    1489.07    1488.07 0.0000e+00
       8531    335.000     8.2580     8.2585   3.670782   3.670414    3.74365     1.5975    35.1130    35.1086    27.3238    1489.09    6.55712    35.1131    35.1086    27.3238    1489.09    1488.07 0.0000e+00
       8555    336.000     8.2582     8.2586   3.670879   3.670506    3.75571     1.5992    35.1133    35.1090    27.3240    1489.11    6.55707    35.1134    35.1090    27.3241    1489.11    1488.07 0.0000e+00
       8578    337.000     8.2584     8.2589   3.670968   3.670600    3.76551     1.6012    35.1136    35.1092    27.3242    1489.12    6.55703    35.1137    35.1093    27.3242    1489.12    1488.07 0.0000e+00
       8601    338.000     8.2585     8.2591   3.671024   3.670661    3.76799     1.6024    35.1136    35.1092    27.3242    1489.14    6.55702    35.1137    35.1092    27.3242    1489.14    1488.08 0.0000e+00
       8625    339.000     8.2587     8.2592   3.671094   3.670730    3.76258     1.6033    35.1137    35.1094    27.3242    1489.16    6.55699    35.1138    35.1094    27.3243    1489.16    1488.08 0.0000e+00
       8648    340.000     8.2588     8.2593   3.671152   3.670786    3.76215     1.6038    35.1138    35.1093    27.3242    1489.17    6.55697    35.1138    35.1094    27.3243    1489.18    1488.08 0.0000e+00
       8671    341.000     8.2590     8.2595   3.671214   3.670849    3.75637     1.6039    35.1138    35.1094    27.3242    1489.19    6.55695    35.1138    35.1094    27.3242    1489.19    1488.09 0.0000e+00
       8694    342.000     8.2591     8.2596   3.671271   3.670899    3.74504     1.6031    35.1138    35.1094    27.3242    1489.21    6.55693    35.1138    35.1094    27.3242    1489.21    1488.09 0.0000e+00
       8718    343.000     8.2592     8.2597   3.671336   3.670960    3.73607     1.6020    35.1139    35.1094    27.3243    1489.23    6.55691    35.1139    35.1094    27.3243    1489.23    1488.09 0.0000e+00
       8741    344.000     8.2594     8.2598   3.671407   3.671040    3.73524     1.6015    35.1140    35.1097    27.3243    1489.24    6.55688    35.1140    35.1097    27.3244    1489.24    1488.10 0.0000e+00
       8765    345.000     8.2595     8.2600   3.671477   3.671107    3.73759     1.6009    35.1142    35.1097    27.3244    1489.26    6.55686    35.1142    35.1098    27.3245    1489.26    1488.10 0.0000e+00
       8788    346.000     8.2596     8.2601   3.671546   3.671176    3.73402     1.6001    35.1143    35.1098    27.3246    1489.28    6.55684    35.1144    35.1099    27.3246    1489.28    1488.10 0.0000e+00
       8812    347.000     8.2598     8.2603   3.671627   3.671252    3.73403     1.5998    35.1145    35.1100    27.3247    1489.30    6.55680    35.1145    35.1100    27.3247    1489.30    1488.11 0.0000e+00
       8835    348.000     8.2600     8.2605   3.671682   3.671320    3.74046     1.5999    35.1145    35.1101    27.3246    1489.31    6.55677    35.1145    35.1101    27.3246    1489.31    1488.11 0.0000e+00
       8859    349.000     8.2601     8.2606   3.671761   3.671390    3.74386     1.5999    35.1147    35.1102    27.3247    1489.33    6.55674    35.1147    35.1103    27.3248    1489.33    1488.11 0.0000e+00
       8882    350.000     8.2603     8.2608   3.671828   3.671468    3.73323     1.5989    35.1147    35.1104    27.3248    1489.35    6.55671    35.1148    35.1104    27.3248    1489.35    1488.12 0.0000e+00
       8906    351.000     8.2605     8.2611   3.671917   3.671544    3.71931     1.5974    35.1150    35.1105    27.3249    1489.36    6.55667    35.1150    35.1105    27.3250    1489.36    1488.12 0.0000e+00
       8930    352.000     8.2606     8.2612   3.671978   3.671616    3.69757     1.5944    35.1151    35.1106    27.3250    1489.38    6.55665    35.1151    35.1106    27.3250    1489.38    1488.13 0.0000e+00
       8954    353.000     8.2608     8.2613   3.672031   3.671676    3.68200     1.5920    35.1150    35.1107    27.3249    1489.40    6.55663    35.1150    35.1107    27.3249    1489.40    1488.13 0.0000e+00
       8977    354.000     8.2609     8.2614   3.672110   3.671738    3.68305     1.5900    35.1152    35.1107    27.3250    1489.41    6.55660    35.1153    35.1108    27.3251    1489.42    1488.13 0.0000e+00
       9001    355.000     8.2611     8.2615   3.672174   3.671811    3.67779     1.5879    35.1152    35.1109    27.3250    1489.43    6.55657    35.1153    35.1110    27.3251    1489.43    1488.14 0.0000e+00
       9024    356.000     8.2612     8.2617   3.672242   3.671877    3.67863     1.5867    35.1153    35.1109    27.3251    1489.45    6.55655    35.1154    35.1110    27.3252    1489.45    1488.14 0.0000e+00
       9047    357.000     8.2614     8.2619   3.672304   3.671933    3.68564     1.5859    35.1154    35.1109    27.3251    1489.47    6.55653    35.1154    35.1109    27.3251    1489.47    1488.14 0.0000e+00
       9071    358.000     8.2614     8.2620   3.672356   3.671986    3.68868     1.5853    35.1154    35.1109    27.3251    1489.48    6.55652    35.1155    35.1109    27.3252    1489.48    1488.15 0.0000e+00
       9094    359.000     8.2616     8.2621   3.672418   3.672048    3.68941     1.5848    35.1154    35.1109    27.3251    1489.50    6.55650    35.1155    35.1110    27.3251    1489.50    1488.15 0.0000e+00
       9117    360.000     8.2616     8.2622   3.672481   3.672115    3.68846     1.5842    35.1156    35.1111    27.3252    1489.52    6.55648    35.1156    35.1111    27.3253    1489.52    1488.15 0.0000e+00
       9141    361.000     8.2619     8.2624   3.672550   3.672178    3.67927     1.5831    35.1156    35.1112    27.3252    1489.54    6.55645    35.1156    35.1111    27.3252    1489.53    1488.16 0.0000e+00
       9165    362.000     8.2620     8.2625   3.672608   3.672234    3.66629     1.5813    35.1157    35.1112    27.3252    1489.55    6.55643    35.1156    35.1112    27.3252    1489.55    1488.16 0.0000e+00
       9189    363.000     8.2621     8.2627   3.672673   3.672297    3.65958     1.5799    35.1157    35.1112    27.3253    1489.57    6.55640    35.1158    35.1112    27.3253    1489.57    1488.17 0.0000e+00
       9213    364.000     8.2623     8.2628   3.672732   3.672368    3.66564     1.5790    35.1157    35.1113    27.3253    1489.59    6.55638    35.1157    35.1113    27.3252    1489.59    1488.17 0.0000e+00
       9237    365.000     8.2624     8.2629   3.672800   3.672443    3.66315     1.5780    35.1158    35.1115    27.3253    1489.60    6.55636    35.1159    35.1116    27.3253    1489.60    1488.17 0.0000e+00
       9261    366.000     8.2625     8.2630   3.672856   3.672481    3.66308     1.5774    35.1159    35.1113    27.3253    1489.62    6.55634    35.1159    35.1114    27.3253    1489.62    1488.18 0.0000e+00
       9284    367.000     8.2627     8.2631   3.672915   3.672541    3.66178     1.5765    35.1158    35.1114    27.3253    1489.64    6.55632    35.1158    35.1115    27.3253    1489.64    1488.18 0.0000e+00
       9308    368.000     8.2628     8.2633   3.672971   3.672603    3.66199     1.5761    35.1159    35.1115    27.3253    1489.65    6.55630    35.1159    35.1114    27.3253    1489.65    1488.19 0.0000e+00
       9332    369.000     8.2629     8.2634   3.673027   3.672660    3.66792 -9.990e-29    35.1158    35.1115    27.3252    1489.67    6.55628    35.1159    35.1115    27.3253    1489.67    1488.19 0.0000e+00
       9355    370.000     8.2630     8.2635   3.673085   3.672715    3.67426 -9.990e-29    35.1159    35.1114    27.3253    1489.69    6.55627    35.1159    35.1115    27.3253    1489.69    1488.19 0.0000e+00
       9379    371.000     8.2631     8.2636   3.673147   3.672783    3.67387 -9.990e-29    35.1159    35.1116    27.3253    1489.70    6.55625    35.1160    35.1116    27.3253    1489.70    1488.20 0.0000e+00
       9403    372.000     8.2632     8.2638   3.673213   3.672850    3.67036     1.5758    35.1160    35.1117    27.3253    1489.72    6.55623    35.1161    35.1117    27.3254    1489.72    1488.20 0.0000e+00
       9427    373.000     8.2634     8.2639   3.673267   3.672896    3.66112     1.5752    35.1161    35.1116    27.3253    1489.74    6.55621    35.1160    35.1116    27.3253    1489.74    1488.21 0.0000e+00
       9450    374.000     8.2635     8.2640   3.673328   3.672967    3.66097     1.5748    35.1161    35.1117    27.3253    1489.75    6.55619    35.1161    35.1118    27.3254    1489.76    1488.21 0.0000e+00
       9474    375.000     8.2636     8.2641   3.673383   3.673015    3.66259     1.5743    35.1161    35.1117    27.3253    1489.77    6.55617    35.1161    35.1117    27.3253    1489.77    1488.21 0.0000e+00
       9498    376.000     8.2637     8.2642   3.673444   3.673068    3.65367     1.5732    35.1161    35.1117    27.3253    1489.79    6.55615    35.1162    35.1117    27.3254    1489.79    1488.22 0.0000e+00
       9521    377.000     8.2639     8.2643   3.673509   3.673143    3.65074     1.5726    35.1162    35.1118    27.3254    1489.81    6.55613    35.1162    35.1119    27.3254    1489.81    1488.22 0.0000e+00
       9545    378.000     8.2640     8.2644   3.673563   3.673194    3.66295     1.5728    35.1162    35.1118    27.3254    1489.82    6.55611    35.1162    35.1119    27.3254    1489.82    1488.23 0.0000e+00
       9568    379.000     8.2641     8.2646   3.673625   3.673255    3.66480     1.5728    35.1163    35.1118    27.3254    1489.84    6.55609    35.1163    35.1119    27.3254    1489.84    1488.23 0.0000e+00
       9592    380.000     8.2642     8.2647   3.673687   3.673313    3.66509     1.5730    35.1164    35.1119    27.3255    1489.86    6.55608    35.1164    35.1119    27.3255    1489.86    1488.24 0.0000e+00
       9616    381.000     8.2643     8.2649   3.673734   3.673371    3.66741     1.5728    35.1163    35.1118    27.3254    1489.87    6.55606    35.1163    35.1118    27.3254    1489.87    1488.24 0.0000e+00
       9639    382.000     8.2645     8.2650   3.673786   3.673422    3.66036     1.5725    35.1162    35.1118    27.3253    1489.89    6.55604    35.1162    35.1118    27.3253    1489.89    1488.24 0.0000e+00
