_data/ctd/2012/sta0442_2012.cnv
* Sea-Bird SBE 9 Data File:
* FileName = C:\Seabird\CTDData\sta0442.hex
* Software Version Seasave V 7.21f
* Temperature SN = 4306
* Conductivity SN = 2694
* Number of Bytes Per Scan = 31
* Number of Voltage Words = 2
* Number of Scans Averaged by the Deck Unit = 1
* NMEA Latitude = 60 52.39 N
* NMEA Longitude = 005 25.09 E
* NMEA UTC (Time) = Oct 23 2012 09:41:34
* NMEA baud rate = 4800
** Ship: 14 F/F "G. O. Sars"
** Station: 0442
** Echodepth: 475
** Log: 7472.7
** Wind-Dir Force: 02 08
** Air-temp (dry): 8.7
** Weather Sky: 2 2
** Sea Ice: 1 0
# nquan = 19                                
# nvalues = 463                         
# units = specified
# name 0 = scan: Scan Count
# name 1 = prDM: Pressure, Digiquartz [db]
# name 2 = t068C: Temperature [ITS-68, deg C]
# name 3 = t168C: Temperature, 2 [ITS-68, deg C]
# name 4 = c0S/m: Conductivity [S/m]
# name 5 = c1S/m: Conductivity, 2 [S/m]
# name 6 = sbeox0ML/L: Oxygen, SBE 43 [ml/l]
# name 7 = sbeox0V: Oxygen raw, SBE 43 [V]
# name 8 = sal00: Salinity, Practical [PSU]
# name 9 = sal11: Salinity, Practical, 2 [PSU]
# name 10 = sigma-t00: Density [sigma-t, Kg/m^3 ]
# name 11 = svCM: Sound Velocity [Chen-Millero, m/s]
# name 12 = oxsolML/L: Oxygen Saturation, Garcia & Gordon [ml/l]
# name 13 = sal00: Salinity, Practical [PSU]
# name 14 = sal11: Salinity, Practical, 2 [PSU]
# name 15 = sigma-t00: Density [sigma-t, Kg/m^3 ]
# name 16 = svCM: Sound Velocity [Chen-Millero, m/s]
# name 17 = avgsvCM: Average Sound Velocity [Chen-Millero, m/s], minP = 1, minS = 5
# name 18 = flag: flag
# span 0 =        633,      12051       
# span 1 =      3.000,    465.000       
# span 2 =     8.2157,    12.9395       
# span 3 =     8.2163,    12.9400       
# span 4 =   3.313671,   3.775746       
# span 5 =   3.326385,   3.775331       
# span 6 =    3.57283,    5.78549       
# span 7 =     1.5408,     2.3508       
# span 8 =    28.5183,    35.1181       
# span 9 =    28.6380,    35.1139       
# span 10 =    21.5907,    27.3258      
# span 11 =    1484.50,    1496.54      
# span 12 =    6.06263,    6.57599      
# span 13 =    28.5203,    35.1181      
# span 14 =    28.6403,    35.1140      
# span 15 =    21.5922,    27.3258      
# span 16 =    1484.48,    1496.54      
# span 17 =    1487.97,    1494.84      
# span 18 = 0.0000e+00, 0.0000e+00      
# interval = decibars: 1                
# start_time = Oct 23 2012 09:41:36 [System UTC, header]
# bad_flag = -9.990e-29
*END*
        633      3.000    11.8342    11.8357   3.313671   3.326385    5.78549     2.3508    28.5183    28.6380    21.5907    1488.55    6.32625    28.5203    28.6403    21.5922    1488.55    1488.55 0.0000e+00
        672      4.000    11.9765    11.9798   3.431947   3.433209    5.73239     2.3498    29.5318    29.5414    22.3509    1490.27    6.26697    29.5370    29.5464    22.3549    1490.28    1488.98 0.0000e+00
        696      5.000    12.0789    12.0711   3.459341   3.459063    5.70043     2.3466    29.7089    29.7125    22.4695    1490.85    6.24640    29.7166    29.7202    22.4756    1490.86    1489.36 0.0000e+00
        719      6.000    12.4167    12.4196   3.556253   3.558169    5.57768     2.3385    30.3516    30.3676    22.9054    1492.80    6.17673    30.3665    30.3823    22.9170    1492.82    1489.94 0.0000e+00
        743      7.000    12.4961    12.4949   3.595278   3.594261    5.51901     2.3320    30.6569    30.6484    23.1272    1493.45    6.15463    30.6715    30.6628    23.1384    1493.47    1490.44 0.0000e+00
        766      8.000    12.5027    12.4983   3.608885   3.607807    5.41941     2.3118    30.7811    30.7746    23.2219    1493.63    6.14905    30.7947    30.7881    23.2325    1493.65    1490.84 0.0000e+00
        790      9.000    12.6386    12.6393   3.641867   3.641281    5.15244     2.2786    30.9804    30.9744    23.3507    1494.35    6.12386    30.9951    30.9890    23.3621    1494.37    1491.23 0.0000e+00
        814     10.000    12.6370    12.6381   3.643164   3.642876    5.07593     2.2551    30.9955    30.9919    23.3627    1494.38    6.12356    31.0083    31.0046    23.3726    1494.39    1491.55 0.0000e+00
        837     11.000    12.7031    12.6994   3.657532   3.656810    5.06941     2.2349    31.0764    31.0728    23.4128    1494.72    6.11202    31.0893    31.0855    23.4228    1494.73    1491.84 0.0000e+00
        861     12.000    12.8146    12.8129   3.677785   3.677258    5.03255     2.2189    31.1743    31.1708    23.4673    1495.23    6.09406    31.1881    31.1845    23.4780    1495.24    1492.12 0.0000e+00
        885     13.000    12.8671    12.8662   3.694462   3.694188    5.04924     2.2093    31.2882    31.2864    23.5454    1495.55    6.08309    31.3015    31.2997    23.5556    1495.57    1492.38 0.0000e+00
        909     14.000    12.8774    12.8788   3.702761   3.702661    5.03126     2.1980    31.3588    31.3567    23.5980    1495.69    6.07915    31.3707    31.3686    23.6072    1495.70    1492.62 0.0000e+00
        933     15.000    12.9182    12.9189   3.721566   3.721716    4.99439     2.1888    31.5023    31.5032    23.7012    1496.01    6.06857    31.5136    31.5144    23.7099    1496.03    1492.85 0.0000e+00
        957     16.000    12.9395    12.9400   3.728455   3.728055    4.99820     2.1830    31.5500    31.5459    23.7340    1496.16    6.06411    31.5603    31.5561    23.7420    1496.17    1493.05 0.0000e+00
        980     17.000    12.9233    12.9241   3.730527   3.730103    5.01256     2.1791    31.5844    31.5797    23.7637    1496.16    6.06492    31.5930    31.5883    23.7703    1496.17    1493.24 0.0000e+00
       1003     18.000    12.9015    12.9019   3.732546   3.732076    5.00324     2.1750    31.6229    31.6181    23.7977    1496.15    6.06627    31.6298    31.6250    23.8031    1496.16    1493.40 0.0000e+00
       1027     19.000    12.9065    12.9068   3.741433   3.741003    4.98924     2.1706    31.7029    31.6986    23.8587    1496.28    6.06263    31.7090    31.7047    23.8634    1496.28    1493.55 0.0000e+00
       1050     20.000    12.8781    12.8796   3.746139   3.745714    4.98649     2.1678    31.7723    31.7670    23.9179    1496.28    6.06364    31.7768    31.7716    23.9214    1496.29    1493.69 0.0000e+00
       1074     21.000    12.8172    12.8184   3.744666   3.744198    4.98990     2.1649    31.8112    31.8058    23.9597    1496.14    6.06991    31.8137    31.8083    23.9617    1496.14    1493.80 0.0000e+00
       1098     22.000    12.8436    12.8432   3.750920   3.750432    5.00121     2.1653    31.8476    31.8432    23.9828    1496.29    6.06520    31.8502    31.8459    23.9849    1496.29    1493.92 0.0000e+00
       1122     23.000    12.8159    12.8172   3.751759   3.751341    5.04146     2.1684    31.8793    31.8742    24.0127    1496.25    6.06751    31.8811    31.8760    24.0141    1496.25    1494.02 0.0000e+00
       1146     24.000    12.8226    12.8228   3.756646   3.756220    5.04882     2.1701    31.9195    31.9154    24.0426    1496.33    6.06514    31.9212    31.9170    24.0439    1496.34    1494.11 0.0000e+00
       1170     25.000    12.8170    12.8176   3.758371   3.757912    5.04402     2.1710    31.9406    31.9358    24.0600    1496.36    6.06506    31.9419    31.9370    24.0610    1496.36    1494.20 0.0000e+00
       1194     26.000    12.7454    12.7475   3.754338   3.753973    5.05764     2.1731    31.9644    31.9591    24.0922    1496.16    6.07327    31.9639    31.9586    24.0918    1496.16    1494.28 0.0000e+00
       1218     27.000    12.7951    12.7940   3.764706   3.764277    5.04590     2.1726    32.0190    32.0159    24.1249    1496.41    6.06488    32.0196    32.0164    24.1253    1496.41    1494.36 0.0000e+00
       1242     28.000    12.7931    12.7937   3.767940   3.767525    5.04057     2.1737    32.0510    32.0465    24.1500    1496.46    6.06392    32.0515    32.0470    24.1504    1496.46    1494.43 0.0000e+00
       1266     29.000    12.7786    12.7794   3.769947   3.769513    5.07803     2.1777    32.0823    32.0775    24.1771    1496.46    6.06457    32.0824    32.0776    24.1772    1496.46    1494.50 0.0000e+00
       1290     30.000    12.7741    12.7741   3.772759   3.772373    5.10213     2.1818    32.1125    32.1088    24.2014    1496.50    6.06399    32.1125    32.1088    24.2013    1496.50    1494.57 0.0000e+00
       1314     31.000    12.7738    12.7744   3.774809   3.774381    5.09641     2.1833    32.1318    32.1272    24.2163    1496.54    6.06330    32.1317    32.1272    24.2163    1496.54    1494.63 0.0000e+00
       1338     32.000    12.7640    12.7646   3.775746   3.775331    5.09629     2.1860    32.1489    32.1444    24.2315    1496.54    6.06390    32.1485    32.1441    24.2312    1496.54    1494.69 0.0000e+00
       1363     33.000    12.7375    12.7394   3.775250   3.774857    5.10391     2.1867    32.1671    32.1617    24.2508    1496.49    6.06658    32.1660    32.1607    24.2499    1496.49    1494.75 0.0000e+00
       1387     34.000    12.5333    12.5390   3.756303   3.755973    5.10081     2.1856    32.1656    32.1576    24.2887    1495.81    6.09268    32.1598    32.1518    24.2842    1495.81    1494.78 0.0000e+00
       1412     35.000    12.4044    12.4077   3.746780   3.746419    5.09024     2.1817    32.1874    32.1811    24.3302    1495.42    6.10838    32.1788    32.1725    24.3235    1495.41    1494.80 0.0000e+00
       1436     36.000    12.2774    12.2798   3.737361   3.737011    5.04111     2.1736    32.2076    32.2021    24.3698    1495.03    6.12393    32.1972    32.1918    24.3617    1495.01    1494.80 0.0000e+00
       1460     37.000    12.2937    12.2927   3.744459   3.744013    5.01227     2.1675    32.2596    32.2563    24.4070    1495.16    6.11977    32.2509    32.2474    24.4002    1495.15    1494.81 0.0000e+00
       1484     38.000    12.3563    12.3555   3.756735   3.756202    5.03650     2.1672    32.3201    32.3158    24.4421    1495.46    6.10933    32.3142    32.3097    24.4375    1495.45    1494.83 0.0000e+00
       1509     39.000    12.2790    12.2838   3.751527   3.751345    5.10720     2.1711    32.3376    32.3317    24.4702    1495.23    6.11860    32.3305    32.3246    24.4647    1495.22    1494.84 0.0000e+00
       1533     40.000    12.2120    12.2118   3.748552   3.748185    5.12090     2.1720    32.3676    32.3643    24.5062    1495.06    6.12608    32.3594    32.3560    24.4998    1495.05    1494.84 0.0000e+00
       1557     41.000    12.0468    12.0458   3.739377   3.738475    5.08884     2.1686    32.4247    32.4168    24.5814    1494.58    6.14528    32.4137    32.4059    24.5729    1494.56    1494.84 0.0000e+00
       1581     42.000    12.0103    12.0113   3.741557   3.741264    5.06133     2.1646    32.4765    32.4729    24.6284    1494.53    6.14796    32.4661    32.4624    24.6203    1494.52    1494.83 0.0000e+00
       1605     43.000    11.9507    11.9528   3.740068   3.739598    5.06794     2.1631    32.5141    32.5076    24.6686    1494.38    6.15426    32.5032    32.4968    24.6602    1494.37    1494.82 0.0000e+00
       1629     44.000    11.8651    11.8650   3.737471   3.737159    5.09904     2.1628    32.5640    32.5611    24.7233    1494.16    6.16345    32.5524    32.5494    24.7142    1494.15    1494.80 0.0000e+00
       1653     45.000    11.7594    11.7638   3.734774   3.734393    5.09048     2.1605    32.6317    32.6239    24.7954    1493.90    6.17466    32.6184    32.6108    24.7850    1493.88    1494.78 0.0000e+00
       1676     46.000    11.4200    11.4241   3.708974   3.708262    5.14299     2.1614    32.6845    32.6739    24.8982    1492.80    6.21738    32.6650    32.6544    24.8831    1492.78    1494.74 0.0000e+00
       1700     47.000    11.3432    11.3439   3.710942   3.710748    5.12174     2.1566    32.7707    32.7681    24.9790    1492.66    6.22411    32.7519    32.7493    24.9645    1492.63    1494.69 0.0000e+00
       1724     48.000    11.4512    11.4513   3.730276   3.730136    5.07170     2.1540    32.8602    32.8588    25.0294    1493.15    6.20618    32.8453    32.8438    25.0176    1493.13    1494.66 0.0000e+00
       1748     49.000    11.2128    11.2171   3.709191   3.708870    5.17771     2.1599    32.8680    32.8610    25.0782    1492.35    6.23756    32.8498    32.8428    25.0640    1492.32    1494.61 0.0000e+00
       1772     50.000    11.2100    11.2122   3.720778   3.720755    5.20747     2.1611    32.9819    32.9797    25.1673    1492.49    6.23333    32.9661    32.9639    25.1550    1492.47    1494.57 0.0000e+00
       1796     51.000    11.2495    11.2488   3.730284   3.729960    5.13643     2.1593    33.0370    33.0344    25.2031    1492.71    6.22580    33.0240    33.0214    25.1930    1492.70    1494.53 0.0000e+00
       1820     52.000    11.1552    11.1603   3.722551   3.722357    5.17968     2.1622    33.0459    33.0392    25.2269    1492.41    6.23802    33.0318    33.0253    25.2160    1492.39    1494.49 0.0000e+00
       1844     53.000    10.8156    10.8124   3.694411   3.692975    5.21681     2.1609    33.0785    33.0674    25.3123    1491.27    6.28249    33.0580    33.0466    25.2965    1491.24    1494.43 0.0000e+00
       1868     54.000    10.6938    10.6884   3.683889   3.682970    5.14541     2.1527    33.0839    33.0797    25.3379    1490.86    6.29873    33.0627    33.0584    25.3214    1490.83    1494.36 0.0000e+00
       1892     55.000    10.6725    10.6755   3.683527   3.683535    5.11830     2.1492    33.0984    33.0951    25.3532    1490.81    6.30101    33.0779    33.0753    25.3370    1490.79    1494.30 0.0000e+00
       1917     56.000    10.3110    10.3349   3.653693   3.654553    5.25709     2.1544    33.1314    33.1182    25.4407    1489.59    6.34921    33.1065    33.0933    25.4215    1489.56    1494.21 0.0000e+00
       1940     57.000    10.2486    10.2496   3.654284   3.653858    5.29600     2.1559    33.1933    33.1882    25.4998    1489.45    6.35526    33.1689    33.1637    25.4808    1489.43    1494.13 0.0000e+00
       1964     58.000    10.3429    10.3271   3.667187   3.665308    5.26351     2.1587    33.2302    33.2267    25.5124    1489.86    6.34053    33.2125    33.2080    25.4987    1489.83    1494.06 0.0000e+00
       1989     59.000    10.5606    10.5566   3.696598   3.695755    5.31929     2.1686    33.3199    33.3149    25.5451    1490.75    6.30691    33.3088    33.3040    25.5363    1490.74    1494.00 0.0000e+00
       2013     60.000    10.5118    10.5126   3.695926   3.695761    5.41546     2.1809    33.3567    33.3542    25.5821    1490.64    6.31204    33.3462    33.3439    25.5740    1490.63    1493.94 0.0000e+00
       2037     61.000    10.1986    10.2065   3.668505   3.668027    5.38099     2.1783    33.3740    33.3617    25.6490    1489.56    6.35460    33.3568    33.3447    25.6359    1489.54    1493.87 0.0000e+00
       2061     62.000    10.0758    10.0757   3.662421   3.662098    5.20908     2.1643    33.4263    33.4231    25.7109    1489.20    6.36939    33.4079    33.4047    25.6965    1489.18    1493.79 0.0000e+00
       2085     63.000     9.9635     9.9656   3.654950   3.654694    5.11400     2.1519    33.4541    33.4495    25.7514    1488.85    6.38384    33.4353    33.4307    25.7368    1488.82    1493.72 0.0000e+00
       2109     64.000     9.8651     9.8682   3.648156   3.647770    5.22300     2.1520    33.4763    33.4694    25.7852    1488.53    6.39667    33.4568    33.4500    25.7700    1488.51    1493.63 0.0000e+00
       2132     65.000     9.7308     9.7283   3.644100   3.643527    5.31528     2.1540    33.5598    33.5564    25.8727    1488.17    6.41203    33.5398    33.5362    25.8571    1488.14    1493.55 0.0000e+00
       2156     66.000     9.6764     9.6809   3.643024   3.642864    5.31942     2.1542    33.5981    33.5923    25.9116    1488.03    6.41803    33.5790    33.5732    25.8967    1488.01    1493.46 0.0000e+00
       2180     67.000     9.4959     9.5012   3.630806   3.630627    5.34586     2.1557    33.6436    33.6366    25.9767    1487.45    6.44170    33.6219    33.6151    25.9598    1487.42    1493.37 0.0000e+00
       2203     68.000     9.3251     9.3271   3.619852   3.619636    5.34089     2.1531    33.6924    33.6882    26.0427    1486.90    6.46395    33.6689    33.6648    26.0243    1486.87    1493.28 0.0000e+00
       2227     69.000     9.1887     9.1926   3.614533   3.614325    5.32432     2.1507    33.7660    33.7601    26.1221    1486.51    6.48035    33.7420    33.7362    26.1034    1486.47    1493.18 0.0000e+00
       2250     70.000     9.1090     9.1109   3.615596   3.615373    5.34386     2.1505    33.8519    33.8478    26.2022    1486.33    6.48814    33.8281    33.8240    26.1835    1486.30    1493.08 0.0000e+00
       2274     71.000     8.9259     8.9305   3.608133   3.607994    5.38921     2.1519    33.9492    33.9433    26.3073    1485.80    6.51043    33.9242    33.9183    26.2877    1485.76    1492.98 0.0000e+00
       2298     72.000     8.8557     8.8588   3.609682   3.609552    5.38990     2.1501    34.0310    34.0266    26.3825    1485.65    6.51706    34.0071    34.0028    26.3637    1485.62    1492.87 0.0000e+00
       2322     73.000     8.7244     8.7280   3.608001   3.607860    5.32795     2.1437    34.1395    34.1345    26.4881    1485.31    6.53152    34.1152    34.1102    26.4690    1485.28    1492.77 0.0000e+00
       2346     74.000     8.6359     8.6375   3.608930   3.608757    5.26896     2.1347    34.2336    34.2302    26.5756    1485.12    6.54036    34.2099    34.2066    26.5570    1485.09    1492.67 0.0000e+00
       2370     75.000     8.5893     8.5905   3.608264   3.608059    5.19597     2.1220    34.2692    34.2660    26.6108    1485.00    6.54554    34.2476    34.2442    26.5938    1484.98    1492.56 0.0000e+00
       2394     76.000     8.5662     8.5667   3.608513   3.608299    5.09933     2.1054    34.2917    34.2889    26.6319    1484.96    6.54787    34.2721    34.2694    26.6166    1484.94    1492.46 0.0000e+00
       2418     77.000     8.5497     8.5503   3.608400   3.608170    5.02752     2.0892    34.3039    34.3009    26.6440    1484.93    6.54966    34.2865    34.2835    26.6304    1484.91    1492.36 0.0000e+00
       2442     78.000     8.4961     8.4970   3.608010   3.607802    5.00436     2.0756    34.3506    34.3476    26.6889    1484.81    6.55548    34.3340    34.3309    26.6759    1484.79    1492.27 0.0000e+00
