_data/ctd/2012/sta0441_2012.cnv
* Sea-Bird SBE 9 Data File:
* FileName = C:\Seabird\CTDData\sta0441.hex
* Software Version Seasave V 7.21f
* Temperature SN = 4306
* Conductivity SN = 2694
* Number of Bytes Per Scan = 31
* Number of Voltage Words = 2
* Number of Scans Averaged by the Deck Unit = 1
* NMEA Latitude = 60 52.36 N
* NMEA Longitude = 005 23.68 E
* NMEA UTC (Time) = Oct 23 2012 04:17:06
* NMEA baud rate = 4800
** Ship: 14 F/F "G. O. Sars"
** Station: 0441
** Echodepth: 470
** Log: 7465.3
** Wind-Dir Force: 01 01
** Air-temp (dry): 7.5
** Weather Sky: 2 2
** Sea Ice: 1 0
# nquan = 19                                
# nvalues = 448                         
# units = specified
# name 0 = scan: Scan Count
# name 1 = prDM: Pressure, Digiquartz [db]
# name 2 = t068C: Temperature [ITS-68, deg C]
# name 3 = t168C: Temperature, 2 [ITS-68, deg C]
# name 4 = c0S/m: Conductivity [S/m]
# name 5 = c1S/m: Conductivity, 2 [S/m]
# name 6 = sbeox0ML/L: Oxygen, SBE 43 [ml/l]
# name 7 = sbeox0V: Oxygen raw, SBE 43 [V]
# name 8 = sal00: Salinity, Practical [PSU]
# name 9 = sal11: Salinity, Practical, 2 [PSU]
# name 10 = sigma-t00: Density [sigma-t, Kg/m^3 ]
# name 11 = svCM: Sound Velocity [Chen-Millero, m/s]
# name 12 = oxsolML/L: Oxygen Saturation, Garcia & Gordon [ml/l]
# name 13 = sal00: Salinity, Practical [PSU]
# name 14 = sal11: Salinity, Practical, 2 [PSU]
# name 15 = sigma-t00: Density [sigma-t, Kg/m^3 ]
# name 16 = svCM: Sound Velocity [Chen-Millero, m/s]
# name 17 = avgsvCM: Average Sound Velocity [Chen-Millero, m/s], minP = 1, minS = 5
# name 18 = flag: flag
# span 0 =        803,      11793       
# span 1 =      3.000,    450.000       
# span 2 =     8.2183,    12.9141       
# span 3 =     8.2189,    12.9141       
# span 4 =   3.330409,   3.776219       
# span 5 =   3.331409,   3.775787       
# span 6 =    3.60684,    5.63715       
# span 7 =     1.5534,     2.3030       
# span 8 =    28.6359,    35.1187       
# span 9 =    28.6440,    35.1142       
# span 10 =    21.6714,    27.3262      
# span 11 =    1484.49,    1496.55      
# span 12 =    6.06348,    6.57560      
# span 13 =    28.6337,    35.1188      
# span 14 =    28.6422,    35.1142      
# span 15 =    21.6695,    27.3263      
# span 16 =    1484.48,    1496.55      
# span 17 =    1488.09,    1494.95      
# span 18 = 0.0000e+00, 0.0000e+00      
# interval = decibars: 1                
# start_time = Oct 23 2012 04:17:08 [System UTC, header]
# bad_flag = -9.990e-29
*END*
[from data line 153]
       4456    156.000     8.2420     8.2425   3.654491   3.654085    4.06445     1.7234    35.0413    35.0365    27.2699    1485.99    6.56253    35.0413    35.0364    27.2699    1485.99    1488.96 0.0000e+00
       4479    157.000     8.2421     8.2425   3.654560   3.654146    4.06935     1.7237    35.0414    35.0366    27.2700    1486.01    6.56251    35.0414    35.0366    27.2700    1486.01    1488.94 0.0000e+00
       4503    158.000     8.2421     8.2425   3.654607   3.654196    4.08125     1.7248    35.0415    35.0367    27.2700    1486.03    6.56251    35.0414    35.0366    27.2700    1486.03    1488.92 0.0000e+00
       4526    159.000     8.2422     8.2426   3.654698   3.654282    4.08007     1.7252    35.0419    35.0370    27.2703    1486.04    6.56249    35.0418    35.0370    27.2703    1486.04    1488.90 0.0000e+00
       4550    160.000     8.2424     8.2429   3.654770   3.654363    4.08562     1.7262    35.0420    35.0371    27.2704    1486.06    6.56245    35.0419    35.0371    27.2703    1486.06    1488.88 0.0000e+00
       4573    161.000     8.2425     8.2430   3.654841   3.654433    4.09543     1.7273    35.0421    35.0372    27.2705    1486.08    6.56243    35.0421    35.0372    27.2705    1486.08    1488.87 0.0000e+00
       4596    162.000     8.2425     8.2430   3.654893   3.654491    4.09061     1.7274    35.0422    35.0374    27.2705    1486.09    6.56242    35.0422    35.0374    27.2705    1486.09    1488.85 0.0000e+00
       4620    163.000     8.2421     8.2426   3.654917   3.654511    4.07148     1.7262    35.0423    35.0375    27.2707    1486.11    6.56247    35.0423    35.0375    27.2707    1486.11    1488.83 0.0000e+00
       4643    164.000     8.2419     8.2424   3.654957   3.654554    4.05526     1.7247    35.0425    35.0377    27.2708    1486.13    6.56250    35.0425    35.0377    27.2709    1486.13    1488.81 0.0000e+00
       4667    165.000     8.2418     8.2422   3.655009   3.654602    4.06408     1.7246    35.0427    35.0379    27.2711    1486.14    6.56251    35.0426    35.0379    27.2710    1486.14    1488.80 0.0000e+00
       4690    166.000     8.2416     8.2421   3.655059   3.654655    4.07760     1.7248    35.0429    35.0380    27.2712    1486.16    6.56252    35.0429    35.0381    27.2712    1486.16    1488.78 0.0000e+00
       4714    167.000     8.2416     8.2421   3.655103   3.654696    4.06822     1.7240    35.0429    35.0381    27.2712    1486.17    6.56252    35.0429    35.0380    27.2712    1486.17    1488.77 0.0000e+00
       4737    168.000     8.2414     8.2418   3.655132   3.654723    4.05416     1.7223    35.0429    35.0381    27.2713    1486.19    6.56255    35.0429    35.0381    27.2713    1486.19    1488.75 0.0000e+00
       4761    169.000     8.2415     8.2418   3.655185   3.654773    4.03736     1.7201    35.0430    35.0382    27.2713    1486.21    6.56254    35.0429    35.0382    27.2712    1486.21    1488.74 0.0000e+00
       4785    170.000     8.2412     8.2417   3.655220   3.654805    4.03200     1.7184    35.0431    35.0382    27.2714    1486.22    6.56257    35.0431    35.0381    27.2714    1486.22    1488.72 0.0000e+00
       4808    171.000     8.2413     8.2417   3.655262   3.654848    4.03300     1.7170    35.0430    35.0382    27.2714    1486.24    6.56257    35.0429    35.0381    27.2713    1486.24    1488.71 0.0000e+00
       4832    172.000     8.2411     8.2416   3.655296   3.654881    4.03331     1.7159    35.0431    35.0381    27.2715    1486.26    6.56259    35.0430    35.0381    27.2714    1486.26    1488.69 0.0000e+00
       4855    173.000     8.2407     8.2411   3.655326   3.654904    4.04160     1.7158    35.0433    35.0383    27.2717    1486.27    6.56264    35.0433    35.0383    27.2717    1486.27    1488.68 0.0000e+00
       4879    174.000     8.2408     8.2412   3.655386   3.654970    4.05253     1.7160    35.0433    35.0384    27.2717    1486.29    6.56262    35.0433    35.0385    27.2717    1486.29    1488.67 0.0000e+00
       4903    175.000     8.2410     8.2416   3.655473   3.655069    4.04662     1.7155    35.0436    35.0387    27.2719    1486.30    6.56258    35.0436    35.0386    27.2718    1486.30    1488.65 0.0000e+00
       4926    176.000     8.2418     8.2423   3.655593   3.655183    4.03918     1.7147    35.0436    35.0387    27.2718    1486.32    6.56247    35.0436    35.0387    27.2717    1486.32    1488.64 0.0000e+00
       4950    177.000     8.2417     8.2421   3.655642   3.655235    4.03508     1.7140    35.0437    35.0389    27.2719    1486.34    6.56248    35.0437    35.0390    27.2718    1486.34    1488.63 0.0000e+00
       4974    178.000     8.2410     8.2414   3.655630   3.655204    4.04078     1.7141    35.0438    35.0389    27.2721    1486.35    6.56257    35.0438    35.0388    27.2720    1486.35    1488.61 0.0000e+00
       4998    179.000     8.2400     8.2405   3.655577   3.655161    4.07044     1.7165    35.0437    35.0388    27.2721    1486.37    6.56272    35.0437    35.0388    27.2721    1486.37    1488.60 0.0000e+00
       5022    180.000     8.2404     8.2408   3.655658   3.655234    4.09357     1.7189    35.0437    35.0388    27.2721    1486.38    6.56266    35.0437    35.0388    27.2721    1486.38    1488.59 0.0000e+00
       5045    181.000     8.2407     8.2411   3.655720   3.655300    4.09413     1.7207    35.0435    35.0387    27.2719    1486.40    6.56262    35.0436    35.0387    27.2719    1486.40    1488.58 0.0000e+00
       5068    182.000     8.2397     8.2400   3.655683   3.655252    4.09744     1.7224    35.0437    35.0388    27.2722    1486.42    6.56277    35.0437    35.0388    27.2722    1486.42    1488.56 0.0000e+00
       5091    183.000     8.2398     8.2402   3.655728   3.655317    4.09695     1.7234    35.0437    35.0389    27.2721    1486.43    6.56276    35.0436    35.0388    27.2721    1486.43    1488.55 0.0000e+00
       5114    184.000     8.2391     8.2397   3.655729   3.655319    4.09083     1.7237    35.0439    35.0390    27.2724    1486.44    6.56285    35.0438    35.0389    27.2724    1486.45    1488.54 0.0000e+00
       5138    185.000     8.2388     8.2393   3.655753   3.655356    4.08362     1.7238    35.0440    35.0392    27.2725    1486.46    6.56289    35.0439    35.0392    27.2725    1486.46    1488.53 0.0000e+00
       5161    186.000     8.2385     8.2389   3.655776   3.655366    4.07875     1.7232    35.0440    35.0392    27.2725    1486.48    6.56293    35.0440    35.0392    27.2726    1486.48    1488.52 0.0000e+00
       5184    187.000     8.2384     8.2388   3.655815   3.655404    4.06229     1.7217    35.0441    35.0393    27.2726    1486.49    6.56295    35.0440    35.0392    27.2726    1486.49    1488.51 0.0000e+00
       5207    188.000     8.2380     8.2386   3.655839   3.655428    4.05903     1.7209    35.0442    35.0393    27.2728    1486.51    6.56300    35.0442    35.0392    27.2728    1486.51    1488.50 0.0000e+00
       5230    189.000     8.2363     8.2370   3.655742   3.655342    4.07979     1.7219    35.0444    35.0395    27.2732    1486.52    6.56324    35.0444    35.0394    27.2732    1486.52    1488.49 0.0000e+00
       5253    190.000     8.2355     8.2360   3.655717   3.655311    4.09746     1.7233    35.0445    35.0397    27.2734    1486.53    6.56335    35.0444    35.0396    27.2734    1486.53    1488.48 0.0000e+00
       5277    191.000     8.2356     8.2361   3.655774   3.655370    4.10888     1.7250    35.0445    35.0397    27.2735    1486.55    6.56334    35.0444    35.0396    27.2734    1486.55    1488.47 0.0000e+00
       5301    192.000     8.2350     8.2357   3.655779   3.655378    4.11952     1.7271    35.0447    35.0397    27.2736    1486.56    6.56342    35.0446    35.0396    27.2736    1486.56    1488.46 0.0000e+00
       5324    193.000     8.2349     8.2352   3.655804   3.655397    4.13675     1.7299    35.0446    35.0399    27.2736    1486.58    6.56344    35.0445    35.0398    27.2735    1486.58    1488.45 0.0000e+00
       5348    194.000     8.2348     8.2353   3.655858   3.655451    4.15802     1.7332    35.0447    35.0399    27.2737    1486.60    6.56344    35.0447    35.0398    27.2737    1486.60    1488.44 0.0000e+00
       5371    195.000     8.2344     8.2353   3.655860   3.655492    4.15720     1.7352    35.0447    35.0398    27.2738    1486.61    6.56351    35.0446    35.0398    27.2737    1486.61    1488.43 0.0000e+00
       5395    196.000     8.2337     8.2342   3.655851   3.655451    4.15270     1.7366    35.0448    35.0400    27.2740    1486.62    6.56361    35.0447    35.0400    27.2739    1486.62    1488.42 0.0000e+00
       5418    197.000     8.2334     8.2341   3.655877   3.655485    4.14952     1.7375    35.0449    35.0401    27.2741    1486.64    6.56364    35.0448    35.0399    27.2740    1486.64    1488.41 0.0000e+00
       5442    198.000     8.2343     8.2348   3.655989   3.655593    4.15116     1.7387    35.0447    35.0399    27.2738    1486.66    6.56352    35.0446    35.0399    27.2737    1486.66    1488.40 0.0000e+00
       5465    199.000     8.2336     8.2343   3.655969   3.655597    4.15427     1.7395    35.0447    35.0400    27.2739    1486.67    6.56363    35.0446    35.0400    27.2738    1486.67    1488.39 0.0000e+00
       5488    200.000     8.2331     8.2338   3.655978   3.655589    4.14948     1.7395    35.0449    35.0400    27.2741    1486.69    6.56369    35.0448    35.0399    27.2740    1486.69    1488.38 0.0000e+00
       5511    201.000     8.2334     8.2338   3.656052   3.655634    4.14585     1.7399    35.0449    35.0400    27.2740    1486.71    6.56365    35.0448    35.0399    27.2740    1486.71    1488.37 0.0000e+00
       5535    202.000     8.2330     8.2335   3.656075   3.655668    4.15192     1.7402    35.0450    35.0401    27.2742    1486.72    6.56370    35.0449    35.0401    27.2741    1486.72    1488.37 0.0000e+00
       5558    203.000     8.2330     8.2334   3.656110   3.655711    4.16085     1.7414    35.0449    35.0402    27.2741    1486.74    6.56371    35.0448    35.0402    27.2741    1486.74    1488.36 0.0000e+00
       5581    204.000     8.2331     8.2336   3.656157   3.655763    4.16584     1.7420    35.0448    35.0401    27.2740    1486.75    6.56369    35.0447    35.0400    27.2740    1486.75    1488.35 0.0000e+00
       5604    205.000     8.2333     8.2338   3.656224   3.655816    4.15588     1.7418    35.0448    35.0400    27.2740    1486.77    6.56366    35.0448    35.0399    27.2740    1486.77    1488.34 0.0000e+00
       5627    206.000     8.2332     8.2336   3.656257   3.655856    4.15411     1.7420    35.0448    35.0400    27.2740    1486.79    6.56367    35.0447    35.0401    27.2740    1486.79    1488.34 0.0000e+00
       5650    207.000     8.2330     8.2334   3.656292   3.655877    4.16508     1.7430    35.0449    35.0400    27.2741    1486.80    6.56370    35.0448    35.0400    27.2741    1486.80    1488.33 0.0000e+00
       5674    208.000     8.2321     8.2327   3.656254   3.655860    4.17146     1.7436    35.0449    35.0401    27.2742    1486.82    6.56383    35.0448    35.0400    27.2742    1486.82    1488.32 0.0000e+00
       5697    209.000     8.2309     8.2315   3.656200   3.655814    4.16400     1.7435    35.0451    35.0404    27.2746    1486.83    6.56401    35.0450    35.0403    27.2745    1486.83    1488.31 0.0000e+00
       5720    210.000     8.2308     8.2310   3.656242   3.655820    4.16370     1.7438    35.0452    35.0405    27.2747    1486.84    6.56402    35.0450    35.0403    27.2746    1486.84    1488.31 0.0000e+00
       5744    211.000     8.2307     8.2313   3.656281   3.655887    4.17986     1.7453    35.0451    35.0403    27.2746    1486.86    6.56403    35.0451    35.0403    27.2746    1486.86    1488.30 0.0000e+00
       5767    212.000     8.2305     8.2311   3.656301   3.655916    4.19876     1.7474    35.0451    35.0403    27.2747    1486.88    6.56406    35.0450    35.0403    27.2746    1486.88    1488.29 0.0000e+00
       5791    213.000     8.2305     8.2311   3.656357   3.655956    4.21425     1.7500    35.0452    35.0403    27.2747    1486.89    6.56406    35.0451    35.0402    27.2747    1486.89    1488.29 0.0000e+00
       5814    214.000     8.2296     8.2302   3.656323   3.655932    4.21944     1.7516    35.0452    35.0405    27.2749    1486.91    6.56419    35.0452    35.0404    27.2749    1486.91    1488.28 0.0000e+00
       5837    215.000     8.2291     8.2291   3.656326   3.655889    4.20774     1.7522    35.0453    35.0406    27.2750    1486.92    6.56426    35.0452    35.0406    27.2750    1486.92    1488.27 0.0000e+00
       5861    216.000     8.2288     8.2293   3.656352   3.655952    4.20922     1.7534    35.0454    35.0407    27.2752    1486.94    6.56430    35.0453    35.0406    27.2751    1486.94    1488.27 0.0000e+00
       5884    217.000     8.2282     8.2292   3.656334   3.655977    4.21706     1.7548    35.0453    35.0405    27.2752    1486.95    6.56439    35.0452    35.0404    27.2751    1486.95    1488.26 0.0000e+00
       5908    218.000     8.2271     8.2275   3.656295   3.655875    4.24461     1.7578    35.0456    35.0407    27.2755    1486.96    6.56454    35.0454    35.0406    27.2755    1486.96    1488.26 0.0000e+00
       5931    219.000     8.2270     8.2277   3.656322   3.655944    4.24684     1.7593    35.0455    35.0407    27.2755    1486.98    6.56456    35.0453    35.0406    27.2754    1486.98    1488.25 0.0000e+00
       5955    220.000     8.2246     8.2259   3.656177   3.655823    4.25280     1.7617    35.0458    35.0408    27.2761    1486.99    6.56489    35.0457    35.0406    27.2760    1486.99    1488.24 0.0000e+00
       5978    221.000     8.2217     8.2222   3.655995   3.655592    4.26798     1.7641    35.0464    35.0416    27.2770    1486.99    6.56530    35.0462    35.0414    27.2769    1486.99    1488.24 0.0000e+00
       6002    222.000     8.2210     8.2214   3.655999   3.655596    4.28122     1.7671    35.0466    35.0419    27.2773    1487.01    6.56540    35.0464    35.0417    27.2772    1487.01    1488.23 0.0000e+00
       6025    223.000     8.2197     8.2202   3.655940   3.655542    4.30858     1.7716    35.0468    35.0420    27.2777    1487.02    6.56558    35.0466    35.0419    27.2775    1487.02    1488.23 0.0000e+00
       6049    224.000     8.2189     8.2195   3.655947   3.655555    4.36519     1.7791    35.0472    35.0424    27.2781    1487.03    6.56568    35.0470    35.0422    27.2779    1487.03    1488.22 0.0000e+00
       6072    225.000     8.2183     8.2189   3.655995   3.655605    4.41019     1.7864    35.0478    35.0431    27.2787    1487.05    6.56574    35.0476    35.0429    27.2785    1487.05    1488.22 0.0000e+00
       6096    226.000     8.2184     8.2189   3.656071   3.655678    4.41564     1.7922    35.0480    35.0433    27.2788    1487.06    6.56571    35.0479    35.0432    27.2787    1487.06    1488.21 0.0000e+00
       6119    227.000     8.2189     8.2193   3.656190   3.655795    4.42491     1.7978    35.0483    35.0437    27.2789    1487.08    6.56563    35.0482    35.0435    27.2788    1487.08    1488.21 0.0000e+00
       6143    228.000     8.2196     8.2200   3.656328   3.655931    4.44945     1.8041    35.0486    35.0439    27.2791    1487.10    6.56552    35.0485    35.0438    27.2790    1487.10    1488.20 0.0000e+00
       6166    229.000     8.2199     8.2204   3.656404   3.656011    4.46570     1.8091    35.0486    35.0439    27.2790    1487.12    6.56548    35.0485    35.0438    27.2789    1487.12    1488.20 0.0000e+00
       6190    230.000     8.2198     8.2204   3.656455   3.656067    4.44472     1.8110    35.0487    35.0440    27.2792    1487.14    6.56548    35.0486    35.0439    27.2791    1487.14    1488.19 0.0000e+00
