_data/ctd/2012/sta0440_2012.cnv
* Sea-Bird SBE 9 Data File:
* FileName = C:\Seabird\CTDData\sta0440.hex
* Software Version Seasave V 7.21f
* Temperature SN = 4306
* Conductivity SN = 2694
* Number of Bytes Per Scan = 31
* Number of Voltage Words = 2
* Number of Scans Averaged by the Deck Unit = 1
* NMEA Latitude = 60 52.35 N
* NMEA Longitude = 005 24.63 E
* NMEA UTC (Time) = Oct 22 2012 23:03:39
* NMEA baud rate = 4800
** Ship: 14 F/F "G. O. Sars"
** Station: 0440
** Echodepth: 484
** Log: 7453.414
** Wind-Dir Force: 05 01
** Air-temp (dry): 7.8
** Weather Sky: 2 2
** Sea Ice: 1 0
# nquan = 19                                
# nvalues = 472                         
# units = specified
# name 0 = scan: Scan Count
# name 1 = prDM: Pressure, Digiquartz [db]
# name 2 = t068C: Temperature [ITS-68, deg C]
# name 3 = t168C: Temperature, 2 [ITS-68, deg C]
# name 4 = c0S/m: Conductivity [S/m]
# name 5 = c1S/m: Conductivity, 2 [S/m]
# name 6 = sbeox0ML/L: Oxygen, SBE 43 [ml/l]
# name 7 = sbeox0V: Oxygen raw, SBE 43 [V]
# name 8 = sal00: Salinity, Practical [PSU]
# name 9 = sal11: Salinity, Practical, 2 [PSU]
# name 10 = sigma-t00: Density [sigma-t, Kg/m^3 ]
# name 11 = svCM: Sound Velocity [Chen-Millero, m/s]
# name 12 = oxsolML/L: Oxygen Saturation, Garcia & Gordon [ml/l]
# name 13 = sal00: Salinity, Practical [PSU]
# name 14 = sal11: Salinity, Practical, 2 [PSU]
# name 15 = sigma-t00: Density [sigma-t, Kg/m^3 ]
# name 16 = svCM: Sound Velocity [Chen-Millero, m/s]
# name 17 = avgsvCM: Average Sound Velocity [Chen-Millero, m/s], minP = 1, minS = 5
# name 18 = flag: flag
# span 0 =        373,      12488       
# span 1 =      4.000,    475.000       
# span 2 =     8.2177,    12.9556       
# span 3 =     8.2181,    12.9547       
# span 4 =   3.375409,   3.777229       
# span 5 =   3.378819,   3.776494       
# span 6 =    3.61112,    5.57143       
# span 7 =     1.5455,     2.2987       
# span 8 =    28.9941,    35.1194       
# span 9 =    29.0260,    35.1143       
# span 10 =    21.9333,    27.3264      
# span 11 =    1484.50,    1496.52      
# span 12 =    6.06298,    6.57539      
# span 13 =    28.9938,    35.1195      
# span 14 =    29.0260,    35.1143      
# span 15 =    21.9330,    27.3265      
# span 16 =    1484.49,    1496.52      
# span 17 =    1487.96,    1494.76      
# span 18 = 0.0000e+00, 0.0000e+00      
# interval = decibars: 1                
# start_time = Oct 22 2012 23:03:41 [System UTC, header]
# bad_flag = -9.990e-29
*END*
[from data line 381]
       9415    385.000     8.2646     8.2651   3.674051   3.673618    3.68096     1.5763    35.1175    35.1123    27.3263    1489.94    6.55597    35.1175    35.1124    27.3263    1489.94    1488.25 0.0000e+00
       9439    386.000     8.2647     8.2652   3.674103   3.673669    3.68944     1.5771    35.1175    35.1123    27.3262    1489.96    6.55595    35.1175    35.1123    27.3262    1489.96    1488.26 0.0000e+00
       9462    387.000     8.2648     8.2653   3.674157   3.673733    3.68017     1.5764    35.1175    35.1124    27.3262    1489.98    6.55594    35.1175    35.1124    27.3262    1489.98    1488.26 0.0000e+00
       9486    388.000     8.2649     8.2655   3.674214   3.673789    3.67529     1.5764    35.1175    35.1124    27.3262    1489.99    6.55592    35.1175    35.1124    27.3262    1489.99    1488.27 0.0000e+00
       9510    389.000     8.2650     8.2656   3.674280   3.673841    3.68284     1.5764    35.1176    35.1124    27.3263    1490.01    6.55590    35.1176    35.1123    27.3263    1490.01    1488.27 0.0000e+00
       9533    390.000     8.2651     8.2657   3.674332   3.673898    3.67400     1.5757    35.1176    35.1124    27.3262    1490.03    6.55589    35.1176    35.1124    27.3263    1490.03    1488.28 0.0000e+00
       9557    391.000     8.2653     8.2658   3.674390   3.673959    3.66829     1.5750    35.1176    35.1124    27.3262    1490.04    6.55587    35.1175    35.1124    27.3262    1490.04    1488.28 0.0000e+00
       9581    392.000     8.2654     8.2659   3.674458   3.674025    3.66114     1.5738    35.1177    35.1125    27.3263    1490.06    6.55584    35.1177    35.1126    27.3263    1490.06    1488.29 0.0000e+00
       9604    393.000     8.2655     8.2660   3.674528   3.674097    3.66088     1.5735    35.1178    35.1127    27.3264    1490.08    6.55582    35.1179    35.1128    27.3264    1490.08    1488.29 0.0000e+00
       9628    394.000     8.2657     8.2662   3.674587   3.674147    3.66830     1.5730    35.1178    35.1126    27.3264    1490.10    6.55580    35.1178    35.1126    27.3264    1490.10    1488.29 0.0000e+00
       9651    395.000     8.2658     8.2663   3.674631   3.674189    3.67258     1.5734    35.1177    35.1125    27.3262    1490.11    6.55579    35.1177    35.1125    27.3263    1490.11    1488.30 0.0000e+00
       9675    396.000     8.2659     8.2664   3.674694   3.674252    3.67036     1.5727    35.1178    35.1125    27.3263    1490.13    6.55576    35.1178    35.1126    27.3263    1490.13    1488.30 0.0000e+00
       9698    397.000     8.2660     8.2665   3.674746   3.674313    3.66107     1.5720    35.1178    35.1127    27.3263    1490.15    6.55575    35.1178    35.1127    27.3263    1490.15    1488.31 0.0000e+00
       9721    398.000     8.2661     8.2666   3.674808   3.674369    3.66291     1.5719    35.1179    35.1126    27.3263    1490.16    6.55573    35.1179    35.1127    27.3263    1490.16    1488.31 0.0000e+00
       9744    399.000     8.2663     8.2668   3.674869   3.674427    3.66316     1.5714    35.1178    35.1127    27.3263    1490.18    6.55570    35.1178    35.1126    27.3263    1490.18    1488.32 0.0000e+00
       9767    400.000     8.2664     8.2669   3.674929   3.674486    3.66743     1.5716    35.1179    35.1126    27.3263    1490.20    6.55569    35.1179    35.1127    27.3263    1490.20    1488.32 0.0000e+00
       9791    401.000     8.2665     8.2670   3.674991   3.674549    3.67217     1.5716    35.1180    35.1127    27.3263    1490.21    6.55567    35.1180    35.1128    27.3264    1490.21    1488.33 0.0000e+00
       9814    402.000     8.2666     8.2672   3.675056   3.674622    3.66933     1.5715    35.1180    35.1129    27.3264    1490.23    6.55564    35.1181    35.1129    27.3264    1490.23    1488.33 0.0000e+00
       9837    403.000     8.2668     8.2673   3.675113   3.674680    3.66804     1.5712    35.1180    35.1129    27.3264    1490.25    6.55562    35.1180    35.1129    27.3264    1490.25    1488.34 0.0000e+00
       9861    404.000     8.2669     8.2674   3.675171   3.674735    3.66009     1.5704    35.1180    35.1129    27.3263    1490.26    6.55560    35.1181    35.1129    27.3264    1490.27    1488.34 0.0000e+00
       9885    405.000     8.2670     8.2675   3.675223   3.674797    3.65835     1.5700    35.1180    35.1129    27.3263    1490.28    6.55559    35.1181    35.1130    27.3263    1490.28    1488.35 0.0000e+00
       9908    406.000     8.2672     8.2677   3.675283   3.674844    3.66503     1.5700    35.1180    35.1129    27.3263    1490.30    6.55557    35.1180    35.1128    27.3263    1490.30    1488.35 0.0000e+00
       9932    407.000     8.2673     8.2678   3.675354   3.674901    3.66584     1.5698    35.1182    35.1129    27.3264    1490.32    6.55555    35.1182    35.1129    27.3264    1490.32    1488.36 0.0000e+00
       9955    408.000     8.2674     8.2679   3.675406   3.674965    3.65865     1.5690    35.1182    35.1129    27.3264    1490.33    6.55553    35.1182    35.1130    27.3264    1490.33    1488.36 0.0000e+00
       9979    409.000     8.2674     8.2680   3.675453   3.675015    3.65170     1.5684    35.1182    35.1129    27.3263    1490.35    6.55552    35.1182    35.1129    27.3264    1490.35    1488.37 0.0000e+00
      10003    410.000     8.2676     8.2681   3.675509   3.675072    3.65471     1.5678    35.1181    35.1129    27.3263    1490.37    6.55550    35.1181    35.1130    27.3263    1490.37    1488.37 0.0000e+00
      10027    411.000     8.2677     8.2683   3.675566   3.675125    3.65228     1.5673    35.1181    35.1129    27.3263    1490.38    6.55549    35.1182    35.1129    27.3263    1490.38    1488.38 0.0000e+00
      10050    412.000     8.2678     8.2684   3.675620   3.675183    3.65764     1.5673    35.1181    35.1129    27.3263    1490.40    6.55547    35.1182    35.1129    27.3263    1490.40    1488.38 0.0000e+00
      10074    413.000     8.2679     8.2685   3.675677   3.675241    3.66033     1.5673    35.1181    35.1129    27.3263    1490.42    6.55545    35.1182    35.1130    27.3263    1490.42    1488.39 0.0000e+00
      10097    414.000     8.2681     8.2687   3.675756   3.675312    3.65670     1.5668    35.1184    35.1130    27.3264    1490.44    6.55542    35.1184    35.1130    27.3264    1490.44    1488.39 0.0000e+00
      10121    415.000     8.2682     8.2688   3.675817   3.675373    3.65043 -9.990e-29    35.1184    35.1131    27.3264    1490.45    6.55539    35.1184    35.1131    27.3265    1490.45    1488.40 0.0000e+00
      10145    416.000     8.2684     8.2689   3.675874   3.675431    3.65814 -9.990e-29    35.1184    35.1132    27.3264    1490.47    6.55538    35.1184    35.1132    27.3264    1490.47    1488.40 0.0000e+00
      10168    417.000     8.2685     8.2690   3.675930   3.675479    3.66566 -9.990e-29    35.1184    35.1131    27.3264    1490.49    6.55536    35.1184    35.1131    27.3264    1490.49    1488.41 0.0000e+00
      10191    418.000     8.2687     8.2691   3.675986   3.675547    3.65951     1.5664    35.1184    35.1132    27.3263    1490.50    6.55533    35.1183    35.1132    27.3263    1490.50    1488.41 0.0000e+00
      10214    419.000     8.2687     8.2692   3.676034   3.675591    3.65826     1.5665    35.1183    35.1131    27.3263    1490.52    6.55533    35.1184    35.1131    27.3263    1490.52    1488.42 0.0000e+00
      10238    420.000     8.2688     8.2694   3.676101   3.675649    3.66429     1.5668    35.1185    35.1131    27.3264    1490.54    6.55530    35.1185    35.1131    27.3264    1490.54    1488.42 0.0000e+00
      10261    421.000     8.2689     8.2695   3.676154   3.675723    3.65753     1.5660    35.1185    35.1133    27.3263    1490.55    6.55529    35.1185    35.1133    27.3264    1490.55    1488.43 0.0000e+00
      10284    422.000     8.2690     8.2696   3.676209   3.675778    3.64582     1.5652    35.1185    35.1133    27.3263    1490.57    6.55528    35.1185    35.1133    27.3264    1490.57    1488.43 0.0000e+00
      10308    423.000     8.2692     8.2697   3.676269   3.675830    3.65428     1.5652    35.1185    35.1133    27.3263    1490.59    6.55526    35.1185    35.1133    27.3263    1490.59    1488.44 0.0000e+00
      10331    424.000     8.2692     8.2698   3.676329   3.675893    3.65718     1.5651    35.1186    35.1133    27.3264    1490.61    6.55524    35.1186    35.1134    27.3265    1490.60    1488.44 0.0000e+00
      10355    425.000     8.2694     8.2699   3.676376   3.675948    3.65281     1.5645    35.1184    35.1133    27.3263    1490.62    6.55522    35.1184    35.1134    27.3263    1490.62    1488.45 0.0000e+00
      10378    426.000     8.2695     8.2701   3.676432   3.675999    3.65045     1.5642    35.1184    35.1133    27.3262    1490.64    6.55520    35.1185    35.1133    27.3263    1490.64    1488.45 0.0000e+00
      10401    427.000     8.2697     8.2701   3.676492   3.676054    3.65075     1.5639    35.1184    35.1133    27.3262    1490.66    6.55518    35.1184    35.1134    27.3262    1490.66    1488.46 0.0000e+00
      10425    428.000     8.2697     8.2702   3.676546   3.676113    3.65146     1.5636    35.1185    35.1133    27.3263    1490.67    6.55517    35.1185    35.1134    27.3263    1490.67    1488.46 0.0000e+00
      10448    429.000     8.2698     8.2704   3.676607   3.676169    3.64895     1.5632    35.1185    35.1134    27.3263    1490.69    6.55515    35.1186    35.1134    27.3264    1490.69    1488.47 0.0000e+00
      10471    430.000     8.2699     8.2705   3.676659   3.676229    3.65030     1.5631    35.1185    35.1134    27.3263    1490.71    6.55514    35.1186    35.1134    27.3263    1490.71    1488.47 0.0000e+00
      10494    431.000     8.2700     8.2706   3.676717   3.676284    3.65477     1.5631    35.1186    35.1134    27.3263    1490.72    6.55512    35.1186    35.1134    27.3263    1490.72    1488.48 0.0000e+00
      10518    432.000     8.2702     8.2707   3.676778   3.676333    3.65122 -9.990e-29    35.1186    35.1133    27.3263    1490.74    6.55510    35.1186    35.1134    27.3263    1490.74    1488.48 0.0000e+00
      10541    433.000     8.2703     8.2709   3.676834   3.676397    3.65093 -9.990e-29    35.1186    35.1134    27.3262    1490.76    6.55508    35.1186    35.1134    27.3263    1490.76    1488.49 0.0000e+00
      10565    434.000     8.2704     8.2710   3.676890   3.676460    3.65572 -9.990e-29    35.1186    35.1135    27.3263    1490.77    6.55506    35.1187    35.1135    27.3263    1490.77    1488.49 0.0000e+00
      10588    435.000     8.2706     8.2711   3.676945   3.676512    3.64906 -9.990e-29    35.1186    35.1134    27.3262    1490.79    6.55504    35.1186    35.1135    27.3262    1490.79    1488.50 0.0000e+00
      10612    436.000     8.2707     8.2712   3.677003   3.676561    3.63796     1.5609    35.1186    35.1134    27.3262    1490.81    6.55502    35.1186    35.1134    27.3262    1490.81    1488.50 0.0000e+00
      10636    437.000     8.2708     8.2714   3.677065   3.676628    3.62710     1.5595    35.1186    35.1135    27.3262    1490.82    6.55500    35.1187    35.1134    27.3263    1490.83    1488.51 0.0000e+00
      10660    438.000     8.2710     8.2714   3.677129   3.676676    3.62436     1.5584    35.1187    35.1134    27.3262    1490.84    6.55498    35.1187    35.1135    27.3262    1490.84    1488.51 0.0000e+00
      10683    439.000     8.2710     8.2716   3.677184   3.676740    3.63014     1.5579    35.1188    35.1135    27.3263    1490.86    6.55497    35.1188    35.1135    27.3263    1490.86    1488.52 0.0000e+00
      10707    440.000     8.2711     8.2717   3.677242   3.676796    3.64157     1.5583    35.1188    35.1135    27.3263    1490.88    6.55495    35.1189    35.1135    27.3264    1490.88    1488.52 0.0000e+00
      10730    441.000     8.2713     8.2718   3.677290   3.676851    3.65028     1.5588    35.1187    35.1135    27.3262    1490.89    6.55493    35.1187    35.1135    27.3262    1490.89    1488.53 0.0000e+00
      10754    442.000     8.2714     8.2719   3.677343   3.676907    3.65542     1.5594    35.1187    35.1135    27.3261    1490.91    6.55492    35.1187    35.1136    27.3262    1490.91    1488.54 0.0000e+00
      10777    443.000     8.2715     8.2721   3.677419   3.676973    3.65122     1.5593    35.1189    35.1136    27.3263    1490.93    6.55489    35.1189    35.1136    27.3263    1490.93    1488.54 0.0000e+00
      10800    444.000     8.2717     8.2723   3.677471   3.677027    3.63722     1.5584    35.1188    35.1135    27.3262    1490.94    6.55487    35.1188    35.1135    27.3262    1490.94    1488.55 0.0000e+00
      10823    445.000     8.2717     8.2724   3.677527   3.677088    3.63907     1.5586    35.1188    35.1136    27.3262    1490.96    6.55486    35.1189    35.1136    27.3263    1490.96    1488.55 0.0000e+00
      10847    446.000     8.2718     8.2724   3.677574   3.677136    3.65279     1.5590    35.1188    35.1136    27.3262    1490.98    6.55485    35.1189    35.1136    27.3262    1490.98    1488.56 0.0000e+00
      10870    447.000     8.2720     8.2725   3.677637   3.677194    3.65122     1.5590    35.1188    35.1136    27.3262    1490.99    6.55483    35.1189    35.1136    27.3262    1490.99    1488.56 0.0000e+00
      10894    448.000     8.2721     8.2726   3.677694   3.677255    3.64259     1.5584    35.1188    35.1136    27.3262    1491.01    6.55481    35.1189    35.1137    27.3262    1491.01    1488.57 0.0000e+00
      10917    449.000     8.2722     8.2728   3.677743   3.677312    3.63576     1.5578    35.1188    35.1137    27.3261    1491.03    6.55480    35.1188    35.1137    27.3262    1491.03    1488.57 0.0000e+00
      10941    450.000     8.2723     8.2729   3.677813   3.677368    3.63729     1.5575    35.1189    35.1136    27.3262    1491.05    6.55477    35.1190    35.1137    27.3263    1491.05    1488.58 0.0000e+00
      10964    451.000     8.2724     8.2730   3.677869   3.677435    3.64102     1.5573    35.1190    35.1138    27.3262    1491.06    6.55476    35.1190    35.1138    27.3263    1491.06    1488.58 0.0000e+00
      10988    452.000     8.2726     8.2731   3.677919   3.677481    3.64036     1.5570    35.1189    35.1137    27.3261    1491.08    6.55473    35.1189    35.1137    27.3261    1491.08    1488.59 0.0000e+00
      11011    453.000     8.2727     8.2732   3.677981   3.677540    3.64671     1.5575    35.1189    35.1137    27.3262    1491.10    6.55471    35.1190    35.1138    27.3262    1491.10    1488.60 0.0000e+00
      11035    454.000     8.2728     8.2733   3.678038   3.677599    3.64200     1.5568    35.1190    35.1138    27.3262    1491.11    6.55470    35.1190    35.1138    27.3262    1491.11    1488.60 0.0000e+00
      11058    455.000     8.2730     8.2735   3.678097   3.677655    3.62997     1.5559    35.1190    35.1137    27.3262    1491.13    6.55468    35.1190    35.1138    27.3261    1491.13    1488.61 0.0000e+00
      11082    456.000     8.2731     8.2736   3.678152   3.677709    3.63283     1.5556    35.1190    35.1137    27.3261    1491.15    6.55466    35.1190    35.1138    27.3261    1491.15    1488.61 0.0000e+00
      11106    457.000     8.2732     8.2738   3.678209   3.677762    3.63504     1.5553    35.1190    35.1137    27.3261    1491.16    6.55464    35.1190    35.1137    27.3261    1491.16    1488.62 0.0000e+00
      11129    458.000     8.2733     8.2739   3.678266   3.677832    3.63274     1.5548    35.1190    35.1138    27.3261    1491.18    6.55463    35.1190    35.1138    27.3262    1491.18    1488.62 0.0000e+00
      11153    459.000     8.2735     8.2740   3.678323   3.677876    3.62909     1.5542    35.1190    35.1137    27.3261    1491.20    6.55460    35.1190    35.1137    27.3261    1491.20    1488.63 0.0000e+00
      11177    460.000     8.2736     8.2741   3.678377   3.677941    3.63214     1.5539    35.1190    35.1138    27.3261    1491.22    6.55459    35.1190    35.1138    27.3261    1491.22    1488.63 0.0000e+00
