_data/ctd/2012/sta0442_2012.cnv
* Sea-Bird SBE 9 Data File:
* FileName = C:\Seabird\CTDData\sta0442.hex
* Software Version Seasave V 7.21f
* Temperature SN = 4306
* Conductivity SN = 2694
* Number of Bytes Per Scan = 31
* Number of Voltage Words = 2
* Number of Scans Averaged by the Deck Unit = 1
* NMEA Latitude = 60 52.39 N
* NMEA Longitude = 005 25.09 E
* NMEA UTC (Time) = Oct 23 2012 09:41:34
* NMEA baud rate = 4800
** Ship: 14 F/F "G. O. Sars"
** Station: 0442
** Echodepth: 475
** Log: 7472.7
** Wind-Dir Force: 02 08
** Air-temp (dry): 8.7
** Weather Sky: 2 2
** Sea Ice: 1 0
# nquan = 19                                
# nvalues = 463                         
# units = specified
# name 0 = scan: Scan Count
# name 1 = prDM: Pressure, Digiquartz [db]
# name 2 = t068C: Temperature [ITS-68, deg C]
# name 3 = t168C: Temperature, 2 [ITS-68, deg C]
# name 4 = c0S/m: Conductivity [S/m]
# name 5 = c1S/m: Conductivity, 2 [S/m]
# name 6 = sbeox0ML/L: Oxygen, SBE 43 [ml/l]
# name 7 = sbeox0V: Oxygen raw, SBE 43 [V]
# name 8 = sal00: Salinity, Practical [PSU]
# name 9 = sal11: Salinity, Practical, 2 [PSU]
# name 10 = sigma-t00: Density [sigma-t, Kg/m^3 ]
# name 11 = svCM: Sound Velocity [Chen-Millero, m/s]
# name 12 = oxsolML/L: Oxygen Saturation, Garcia & Gordon [ml/l]
# name 13 = sal00: Salinity, Practical [PSU]
# name 14 = sal11: Salinity, Practical, 2 [PSU]
# name 15 = sigma-t00: Density [sigma-t, Kg/m^3 ]
# name 16 = svCM: Sound Velocity [Chen-Millero, m/s]
# name 17 = avgsvCM: Average Sound Velocity [Chen-Millero, m/s], minP = 1, minS = 5
# name 18 = flag: flag
# span 0 =        633,      12051       
# span 1 =      3.000,    465.000       
# span 2 =     8.2157,    12.9395       
# span 3 =     8.2163,    12.9400       
# span 4 =   3.313671,   3.775746       
# span 5 =   3.326385,   3.775331       
# span 6 =    3.57283,    5.78549       
# span 7 =     1.5408,     2.3508       
# span 8 =    28.5183,    35.1181       
# span 9 =    28.6380,    35.1139       
# span 10 =    21.5907,    27.3258      
# span 11 =    1484.50,    1496.54      
# span 12 =    6.06263,    6.57599      
# span 13 =    28.5203,    35.1181      
# span 14 =    28.6403,    35.1140      
# span 15 =    21.5922,    27.3258      
# span 16 =    1484.48,    1496.54      
# span 17 =    1487.97,    1494.84      
# span 18 = 0.0000e+00, 0.0000e+00      
# interval = decibars: 1                
# start_time = Oct 23 2012 09:41:36 [System UTC, header]
# bad_flag = -9.990e-29
*END*
[from data line 77]
       2489     80.000     8.4094     8.4110   3.607410   3.607185    5.00446     2.0553    34.4260    34.4220    26.7614    1484.61    6.56488    34.4112    34.4073    26.7498    1484.59    1492.07 0.0000e+00
       2513     81.000     8.3840     8.3853   3.608339   3.608091    4.95897     2.0440    34.4590    34.4551    26.7912    1484.57    6.56714    34.4455    34.4416    26.7806    1484.55    1491.98 0.0000e+00
       2537     82.000     8.3569     8.3583   3.609663   3.609444    4.91535     2.0323    34.4981    34.4945    26.8261    1484.53    6.56940    34.4856    34.4819    26.8162    1484.52    1491.89 0.0000e+00
       2560     83.000     8.3330     8.3341   3.611015   3.610780    4.87796     2.0209    34.5345    34.5309    26.8582    1484.51    6.57132    34.5229    34.5194    26.8492    1484.49    1491.80 0.0000e+00
       2584     84.000     8.3113     8.3123   3.613412   3.613166    4.84479     2.0096    34.5798    34.5763    26.8971    1484.50    6.57252    34.5693    34.5657    26.8889    1484.48    1491.71 0.0000e+00
       2608     85.000     8.3004     8.3010   3.614714   3.614479    4.81180     1.9985    34.6029    34.5998    26.9168    1484.50    6.57309    34.5934    34.5903    26.9094    1484.49    1491.63 0.0000e+00
       2632     86.000     8.2885     8.2892   3.616265   3.616026    4.77629     1.9871    34.6297    34.6266    26.9397    1484.51    6.57365    34.6212    34.6179    26.9330    1484.50    1491.54 0.0000e+00
       2656     87.000     8.2756     8.2757   3.618482   3.618202    4.72798     1.9748    34.6649    34.6618    26.9693    1484.52    6.57403    34.6570    34.6539    26.9631    1484.51    1491.46 0.0000e+00
       2680     88.000     8.2634     8.2642   3.620003   3.619719    4.67972     1.9620    34.6919    34.6880    26.9924    1484.52    6.57463    34.6848    34.6810    26.9868    1484.51    1491.38 0.0000e+00
       2704     89.000     8.2500     8.2512   3.621157   3.620894    4.64553     1.9504    34.7164    34.7124    27.0136    1484.52    6.57553    34.7099    34.7059    27.0085    1484.51    1491.31 0.0000e+00
       2728     90.000     8.2427     8.2433   3.621858   3.621587    4.63788     1.9411    34.7299    34.7265    27.0254    1484.52    6.57599    34.7241    34.7206    27.0208    1484.52    1491.23 0.0000e+00
       2753     91.000     8.2425     8.2430   3.623112   3.622818    4.63371     1.9331    34.7423    34.7386    27.0351    1484.56    6.57546    34.7372    34.7335    27.0311    1484.55    1491.16 0.0000e+00
       2777     92.000     8.2407     8.2413   3.625197   3.624887    4.64250     1.9282    34.7651    34.7612    27.0533    1484.59    6.57472    34.7607    34.7568    27.0499    1484.59    1491.08 0.0000e+00
       2802     93.000     8.2415     8.2420   3.627118   3.626830    4.66391     1.9254    34.7838    34.7802    27.0679    1484.64    6.57378    34.7799    34.7764    27.0648    1484.63    1491.01 0.0000e+00
       2826     94.000     8.2356     8.2363   3.629249   3.628907    4.65433     1.9209    34.8115    34.8072    27.0905    1484.66    6.57345    34.8081    34.8037    27.0878    1484.66    1490.95 0.0000e+00
       2850     95.000     8.2320     8.2326   3.631541   3.631247    4.60404     1.9141    34.8387    34.8350    27.1124    1484.70    6.57279    34.8356    34.8319    27.1100    1484.70    1490.88 0.0000e+00
       2874     96.000     8.2293     8.2298   3.632423   3.632118    4.54775     1.9050    34.8500    34.8463    27.1217    1484.72    6.57269    34.8472    34.8435    27.1195    1484.72    1490.82 0.0000e+00
       2898     97.000     8.2288     8.2292   3.632838   3.632532    4.50368     1.8960    34.8541    34.8505    27.1250    1484.74    6.57258    34.8517    34.8480    27.1231    1484.74    1490.75 0.0000e+00
       2922     98.000     8.2289     8.2294   3.633607   3.633313    4.49519     1.8892    34.8614    34.8577    27.1306    1484.77    6.57223    34.8593    34.8557    27.1291    1484.76    1490.69 0.0000e+00
       2946     99.000     8.2298     8.2303   3.634803   3.634525    4.50676     1.8844    34.8725    34.8690    27.1393    1484.80    6.57162    34.8707    34.8672    27.1379    1484.80    1490.63 0.0000e+00
       2970    100.000     8.2323     8.2327   3.635842   3.635488    4.50045     1.8794    34.8803    34.8761    27.1450    1484.84    6.57090    34.8788    34.8747    27.1439    1484.83    1490.57 0.0000e+00
       2993    101.000     8.2332     8.2336   3.636693   3.636384    4.49174     1.8756    34.8879    34.8841    27.1508    1484.87    6.57044    34.8865    34.8829    27.1498    1484.86    1490.52 0.0000e+00
       3016    102.000     8.2323     8.2329   3.637805   3.637481    4.48057     1.8708    34.8999    34.8959    27.1604    1484.89    6.57004    34.8988    34.8948    27.1596    1484.89    1490.46 0.0000e+00
       3040    103.000     8.2352     8.2354   3.639773   3.639421    4.45533     1.8662    34.9174    34.9134    27.1737    1484.94    6.56887    34.9165    34.9125    27.1730    1484.94    1490.41 0.0000e+00
       3063    104.000     8.2390     8.2394   3.641390   3.641058    4.45510     1.8628    34.9302    34.9262    27.1831    1484.99    6.56775    34.9295    34.9256    27.1826    1484.99    1490.36 0.0000e+00
       3087    105.000     8.2418     8.2422   3.643127   3.642803    4.43955     1.8580    34.9453    34.9415    27.1946    1485.03    6.56669    34.9448    34.9409    27.1942    1485.03    1490.30 0.0000e+00
       3110    106.000     8.2446     8.2450   3.644532   3.644224    4.39255     1.8510    34.9569    34.9532    27.2033    1485.08    6.56578    34.9565    34.9528    27.2030    1485.08    1490.26 0.0000e+00
       3133    107.000     8.2491     8.2497   3.646612   3.646331    4.34867     1.8434    34.9739    34.9704    27.2159    1485.13    6.56437    34.9738    34.9702    27.2158    1485.13    1490.21 0.0000e+00
       3157    108.000     8.2512     8.2517   3.647426   3.647079    4.32447     1.8360    34.9800    34.9758    27.2204    1485.16    6.56381    34.9799    34.9757    27.2203    1485.16    1490.16 0.0000e+00
       3180    109.000     8.2536     8.2540   3.648704   3.648395    4.29747     1.8282    34.9907    34.9870    27.2285    1485.20    6.56300    34.9907    34.9870    27.2284    1485.20    1490.11 0.0000e+00
       3204    110.000     8.2534     8.2539   3.649253   3.648919    4.26478     1.8198    34.9963    34.9922    27.2328    1485.22    6.56278    34.9962    34.9922    27.2328    1485.22    1490.07 0.0000e+00
       3228    111.000     8.2548     8.2553   3.649911   3.649582    4.23510     1.8117    35.0014    34.9974    27.2366    1485.25    6.56236    35.0014    34.9974    27.2366    1485.25    1490.03 0.0000e+00
       3252    112.000     8.2550     8.2555   3.650041   3.649687    4.21216     1.8036    35.0021    34.9978    27.2372    1485.27    6.56230    35.0021    34.9978    27.2372    1485.27    1489.98 0.0000e+00
       3275    113.000     8.2547     8.2552   3.650118   3.649770    4.19368     1.7964    35.0027    34.9985    27.2377    1485.28    6.56232    35.0027    34.9985    27.2377    1485.29    1489.94 0.0000e+00
       3299    114.000     8.2547     8.2551   3.650187   3.649836    4.18206     1.7899    35.0030    34.9988    27.2379    1485.30    6.56231    35.0030    34.9988    27.2379    1485.30    1489.90 0.0000e+00
       3323    115.000     8.2551     8.2556   3.650332   3.649984    4.17665     1.7846    35.0036    34.9994    27.2383    1485.32    6.56222    35.0036    34.9994    27.2384    1485.32    1489.86 0.0000e+00
       3347    116.000     8.2556     8.2560   3.650998   3.650651    4.18273     1.7812    35.0098    35.0056    27.2431    1485.35    6.56188    35.0098    35.0057    27.2431    1485.35    1489.82 0.0000e+00
       3370    117.000     8.2546     8.2550   3.651431   3.651129    4.20243     1.7797    35.0149    35.0113    27.2473    1485.37    6.56182    35.0149    35.0113    27.2473    1485.37    1489.78 0.0000e+00
       3394    118.000     8.2540     8.2543   3.651694   3.651319    4.20811     1.7780    35.0179    35.0135    27.2497    1485.38    6.56178    35.0178    35.0135    27.2497    1485.38    1489.75 0.0000e+00
       3417    119.000     8.2541     8.2545   3.651878   3.651530    4.18064     1.7739    35.0192    35.0151    27.2507    1485.40    6.56170    35.0192    35.0151    27.2507    1485.40    1489.71 0.0000e+00
       3441    120.000     8.2513     8.2518   3.651933   3.651564    4.13562     1.7684    35.0222    35.0178    27.2535    1485.41    6.56199    35.0221    35.0177    27.2534    1485.41    1489.67 0.0000e+00
       3464    121.000     8.2499     8.2506   3.651963   3.651643    4.11831     1.7638    35.0234    35.0193    27.2547    1485.43    6.56214    35.0233    35.0192    27.2546    1485.42    1489.64 0.0000e+00
       3487    122.000     8.2505     8.2510   3.652195   3.651829    4.12097     1.7604    35.0248    35.0204    27.2557    1485.44    6.56200    35.0247    35.0203    27.2556    1485.45    1489.60 0.0000e+00
       3510    123.000     8.2511     8.2516   3.652429   3.652077    4.12331     1.7574    35.0262    35.0220    27.2566    1485.47    6.56184    35.0262    35.0219    27.2566    1485.47    1489.57 0.0000e+00
       3533    124.000     8.2485     8.2491   3.652363   3.651999    4.11617     1.7547    35.0276    35.0232    27.2582    1485.47    6.56216    35.0276    35.0231    27.2581    1485.47    1489.54 0.0000e+00
       3557    125.000     8.2440     8.2447   3.652060   3.651707    4.11584     1.7523    35.0286    35.0241    27.2596    1485.47    6.56279    35.0283    35.0238    27.2594    1485.47    1489.51 0.0000e+00
       3580    126.000     8.2429     8.2436   3.652028   3.651675    4.10687     1.7499    35.0288    35.0244    27.2599    1485.49    6.56294    35.0286    35.0241    27.2598    1485.49    1489.47 0.0000e+00
       3603    127.000     8.2429     8.2434   3.652167   3.651786    4.11141     1.7485    35.0298    35.0252    27.2607    1485.50    6.56290    35.0296    35.0250    27.2606    1485.51    1489.44 0.0000e+00
       3627    128.000     8.2421     8.2426   3.652201   3.651837    4.10576     1.7463    35.0305    35.0261    27.2614    1485.52    6.56299    35.0303    35.0259    27.2612    1485.52    1489.41 0.0000e+00
       3650    129.000     8.2419     8.2423   3.652286   3.651911    4.10733     1.7457    35.0310    35.0266    27.2619    1485.54    6.56299    35.0309    35.0265    27.2618    1485.54    1489.38 0.0000e+00
       3674    130.000     8.2416     8.2420   3.652352   3.651989    4.12791     1.7463    35.0316    35.0273    27.2624    1485.55    6.56302    35.0314    35.0271    27.2622    1485.55    1489.35 0.0000e+00
       3698    131.000     8.2409     8.2413   3.652390   3.652023    4.13134     1.7460    35.0322    35.0279    27.2630    1485.57    6.56309    35.0320    35.0277    27.2628    1485.57    1489.32 0.0000e+00
       3721    132.000     8.2407     8.2411   3.652436   3.652063    4.12410     1.7459    35.0324    35.0280    27.2632    1485.58    6.56311    35.0322    35.0278    27.2630    1485.58    1489.29 0.0000e+00
       3745    133.000     8.2399     8.2404   3.652453   3.652080    4.12166     1.7451    35.0329    35.0284    27.2636    1485.60    6.56321    35.0327    35.0282    27.2635    1485.60    1489.27 0.0000e+00
       3769    134.000     8.2389     8.2393   3.652447   3.652069    4.10987     1.7440    35.0334    35.0288    27.2642    1485.61    6.56334    35.0332    35.0287    27.2640    1485.61    1489.24 0.0000e+00
       3792    135.000     8.2383     8.2388   3.652486   3.652108    4.11162     1.7434    35.0338    35.0294    27.2646    1485.62    6.56340    35.0337    35.0292    27.2645    1485.62    1489.21 0.0000e+00
       3816    136.000     8.2383     8.2388   3.652549   3.652173    4.10584     1.7420    35.0340    35.0296    27.2648    1485.64    6.56340    35.0339    35.0294    27.2647    1485.64    1489.19 0.0000e+00
       3840    137.000     8.2384     8.2389   3.652633   3.652265    4.10829     1.7420    35.0343    35.0299    27.2650    1485.66    6.56336    35.0342    35.0298    27.2649    1485.66    1489.16 0.0000e+00
       3863    138.000     8.2381     8.2385   3.652669   3.652296    4.11390     1.7414    35.0345    35.0302    27.2652    1485.67    6.56340    35.0344    35.0300    27.2651    1485.67    1489.14 0.0000e+00
       3887    139.000     8.2378     8.2383   3.652712   3.652332    4.11345     1.7416    35.0348    35.0303    27.2655    1485.69    6.56343    35.0347    35.0301    27.2654    1485.69    1489.11 0.0000e+00
       3911    140.000     8.2391     8.2397   3.652939   3.652583    4.12647     1.7422    35.0353    35.0310    27.2657    1485.71    6.56321    35.0353    35.0309    27.2657    1485.71    1489.09 0.0000e+00
       3935    141.000     8.2400     8.2405   3.653113   3.652747    4.11680     1.7414    35.0359    35.0314    27.2660    1485.73    6.56307    35.0358    35.0314    27.2659    1485.73    1489.06 0.0000e+00
       3959    142.000     8.2382     8.2386   3.652995   3.652619    4.11021     1.7410    35.0359    35.0315    27.2662    1485.74    6.56332    35.0358    35.0314    27.2662    1485.74    1489.04 0.0000e+00
       3982    143.000     8.2374     8.2380   3.652990   3.652623    4.10736     1.7401    35.0362    35.0316    27.2666    1485.76    6.56343    35.0361    35.0316    27.2665    1485.76    1489.02 0.0000e+00
       4007    144.000     8.2375     8.2380   3.653039   3.652656    4.10304     1.7394    35.0362    35.0315    27.2666    1485.77    6.56342    35.0360    35.0315    27.2665    1485.77    1488.99 0.0000e+00
       4031    145.000     8.2378     8.2383   3.653132   3.652746    4.10326     1.7388    35.0362    35.0317    27.2666    1485.79    6.56336    35.0363    35.0316    27.2666    1485.79    1488.97 0.0000e+00
       4055    146.000     8.2384     8.2389   3.653255   3.652876    4.10638     1.7386    35.0365    35.0320    27.2667    1485.81    6.56327    35.0365    35.0319    27.2667    1485.81    1488.95 0.0000e+00
       4079    147.000     8.2382     8.2388   3.653286   3.652910    4.10982     1.7385    35.0365    35.0319    27.2667    1485.82    6.56329    35.0365    35.0319    27.2668    1485.82    1488.93 0.0000e+00
       4103    148.000     8.2381     8.2385   3.653348   3.652971    4.11236     1.7386    35.0368    35.0324    27.2670    1485.84    6.56330    35.0368    35.0324    27.2670    1485.84    1488.91 0.0000e+00
       4127    149.000     8.2389     8.2392   3.653513   3.653115    4.11087     1.7382    35.0373    35.0328    27.2673    1485.86    6.56316    35.0373    35.0327    27.2673    1485.86    1488.89 0.0000e+00
       4150    150.000     8.2396     8.2401   3.653647   3.653265    4.10900     1.7382    35.0375    35.0330    27.2673    1485.88    6.56305    35.0375    35.0330    27.2673    1485.88    1488.87 0.0000e+00
       4174    151.000     8.2396     8.2400   3.653699   3.653313    4.11137     1.7381    35.0376    35.0331    27.2674    1485.90    6.56305    35.0376    35.0331    27.2674    1485.90    1488.85 0.0000e+00
       4197    152.000     8.2388     8.2392   3.653681   3.653295    4.10977     1.7379    35.0378    35.0332    27.2677    1485.91    6.56316    35.0377    35.0332    27.2676    1485.91    1488.83 0.0000e+00
       4220    153.000     8.2387     8.2390   3.653728   3.653336    4.11618     1.7384    35.0379    35.0334    27.2677    1485.93    6.56316    35.0379    35.0334    27.2677    1485.93    1488.81 0.0000e+00
       4244    154.000     8.2393     8.2398   3.653849   3.653470    4.12594     1.7393    35.0380    35.0335    27.2678    1485.95    6.56307    35.0381    35.0335    27.2678    1485.95    1488.79 0.0000e+00
