_data/ctd/2012/sta0440_2012.cnv
* Sea-Bird SBE 9 Data File:
* FileName = C:\Seabird\CTDData\sta0440.hex
* Software Version Seasave V 7.21f
* Temperature SN = 4306
* Conductivity SN = 2694
* Number of Bytes Per Scan = 31
* Number of Voltage Words = 2
* Number of Scans Averaged by the Deck Unit = 1
* NMEA Latitude = 60 52.35 N
* NMEA Longitude = 005 24.63 E
* NMEA UTC (Time) = Oct 22 2012 23:03:39
* NMEA baud rate = 4800
** Ship: 14 F/F "G. O. Sars"
** Station: 0440
** Echodepth: 484
** Log: 7453.414
** Wind-Dir Force: 05 01
** Air-temp (dry): 7.8
** Weather Sky: 2 2
** Sea Ice: 1 0
# nquan = 19                                
# nvalues = 472                         
# units = specified
# name 0 = scan: Scan Count
# name 1 = prDM: Pressure, Digiquartz [db]
# name 2 = t068C: Temperature [ITS-68, deg C]
# name 3 = t168C: Temperature, 2 [ITS-68, deg C]
# name 4 = c0S/m: Conductivity [S/m]
# name 5 = c1S/m: Conductivity, 2 [S/m]
# name 6 = sbeox0ML/L: Oxygen, SBE 43 [ml/l]
# name 7 = sbeox0V: Oxygen raw, SBE 43 [V]
# name 8 = sal00: Salinity, Practical [PSU]
# name 9 = sal11: Salinity, Practical, 2 [PSU]
# name 10 = sigma-t00: Density [sigma-t, Kg/m^3 ]
# name 11 = svCM: Sound Velocity [Chen-Millero, m/s]
# name 12 = oxsolML/L: Oxygen Saturation, Garcia & Gordon [ml/l]
# name 13 = sal00: Salinity, Practical [PSU]
# name 14 = sal11: Salinity, Practical, 2 [PSU]
# name 15 = sigma-t00: Density [sigma-t, Kg/m^3 ]
# name 16 = svCM: Sound Velocity [Chen-Millero, m/s]
# name 17 = avgsvCM: Average Sound Velocity [Chen-Millero, m/s], minP = 1, minS = 5
# name 18 = flag: flag
# span 0 =        373,      12488       
# span 1 =      4.000,    475.000       
# span 2 =     8.2177,    12.9556       
# span 3 =     8.2181,    12.9547       
# span 4 =   3.375409,   3.777229       
# span 5 =   3.378819,   3.776494       
# span 6 =    3.61112,    5.57143       
# span 7 =     1.5455,     2.2987       
# span 8 =    28.9941,    35.1194       
# span 9 =    29.0260,    35.1143       
# span 10 =    21.9333,    27.3264      
# span 11 =    1484.50,    1496.52      
# span 12 =    6.06298,    6.57539      
# span 13 =    28.9938,    35.1195      
# span 14 =    29.0260,    35.1143      
# span 15 =    21.9330,    27.3265      
# span 16 =    1484.49,    1496.52      
# span 17 =    1487.96,    1494.76      
# span 18 = 0.0000e+00, 0.0000e+00      
# interval = decibars: 1                
# start_time = Oct 22 2012 23:03:41 [System UTC, header]
# bad_flag = -9.990e-29
*END*
[from data line 305]
       7622    309.000     8.2539     8.2544   3.669043   3.668613    3.77922     1.6257    35.1111    35.1059    27.3229    1488.64    6.55781    35.1110    35.1060    27.3229    1488.64    1488.00 0.0000e+00
       7646    310.000     8.2541     8.2546   3.669161   3.668722    3.76588     1.6227    35.1115    35.1064    27.3232    1488.66    6.55775    35.1116    35.1064    27.3233    1488.66    1488.00 0.0000e+00
       7670    311.000     8.2543     8.2549   3.669255   3.668823    3.75961     1.6203    35.1119    35.1067    27.3235    1488.68    6.55771    35.1119    35.1067    27.3235    1488.68    1488.00 0.0000e+00
       7694    312.000     8.2545     8.2550   3.669319   3.668889    3.75169     1.6174    35.1119    35.1068    27.3234    1488.70    6.55769    35.1120    35.1069    27.3235    1488.70    1488.00 0.0000e+00
       7717    313.000     8.2547     8.2552   3.669422   3.668995    3.73200     1.6137    35.1123    35.1073    27.3237    1488.71    6.55763    35.1124    35.1073    27.3238    1488.71    1488.01 0.0000e+00
       7741    314.000     8.2549     8.2554   3.669518   3.669079    3.71870     1.6107    35.1127    35.1074    27.3240    1488.73    6.55759    35.1127    35.1075    27.3240    1488.73    1488.01 0.0000e+00
       7764    315.000     8.2551     8.2557   3.669621   3.669178    3.72790     1.6089    35.1130    35.1078    27.3242    1488.75    6.55754    35.1131    35.1078    27.3243    1488.75    1488.01 0.0000e+00
       7788    316.000     8.2553     8.2558   3.669689   3.669247    3.73081     1.6072    35.1131    35.1079    27.3243    1488.77    6.55751    35.1132    35.1080    27.3243    1488.77    1488.01 0.0000e+00
       7812    317.000     8.2555     8.2559   3.669732   3.669309    3.72331     1.6054    35.1129    35.1080    27.3241    1488.78    6.55749    35.1130    35.1081    27.3241    1488.78    1488.02 0.0000e+00
       7835    318.000     8.2556     8.2560   3.669799   3.669363    3.71920     1.6036    35.1131    35.1080    27.3242    1488.80    6.55748    35.1131    35.1081    27.3242    1488.80    1488.02 0.0000e+00
       7859    319.000     8.2556     8.2561   3.669839   3.669404    3.71332     1.6019    35.1130    35.1078    27.3241    1488.82    6.55747    35.1131    35.1079    27.3242    1488.82    1488.02 0.0000e+00
       7883    320.000     8.2558     8.2562   3.669901   3.669462    3.71786     1.6013    35.1130    35.1079    27.3241    1488.83    6.55745    35.1130    35.1080    27.3241    1488.83    1488.02 0.0000e+00
       7907    321.000     8.2559     8.2563   3.669954   3.669512    3.73077     1.6011    35.1130    35.1078    27.3241    1488.85    6.55743    35.1130    35.1079    27.3241    1488.85    1488.03 0.0000e+00
       7931    322.000     8.2561     8.2566   3.670044   3.669605    3.72812     1.6006    35.1132    35.1081    27.3242    1488.87    6.55739    35.1133    35.1081    27.3243    1488.87    1488.03 0.0000e+00
       7954    323.000     8.2563     8.2568   3.670126   3.669696    3.72495     1.6003    35.1134    35.1083    27.3244    1488.88    6.55735    35.1135    35.1084    27.3244    1488.89    1488.03 0.0000e+00
       7978    324.000     8.2566     8.2570   3.670207   3.669769    3.73614     1.6007    35.1136    35.1085    27.3244    1488.90    6.55731    35.1136    35.1085    27.3244    1488.90    1488.03 0.0000e+00
       8002    325.000     8.2568     8.2573   3.670307   3.669871    3.73499     1.6004    35.1139    35.1088    27.3247    1488.92    6.55726    35.1140    35.1088    27.3247    1488.92    1488.04 0.0000e+00
       8025    326.000     8.2569     8.2574   3.670368   3.669929    3.73636     1.6011    35.1140    35.1088    27.3247    1488.94    6.55724    35.1140    35.1089    27.3247    1488.94    1488.04 0.0000e+00
       8049    327.000     8.2571     8.2576   3.670442   3.670008    3.74055     1.6007    35.1141    35.1090    27.3248    1488.96    6.55721    35.1142    35.1090    27.3248    1488.95    1488.04 0.0000e+00
       8072    328.000     8.2572     8.2577   3.670515   3.670080    3.72274     1.5999    35.1143    35.1092    27.3249    1488.97    6.55718    35.1144    35.1092    27.3249    1488.97    1488.04 0.0000e+00
       8096    329.000     8.2573     8.2579   3.670578   3.670143    3.73057     1.6000    35.1144    35.1092    27.3249    1488.99    6.55716    35.1145    35.1092    27.3250    1488.99    1488.05 0.0000e+00
       8119    330.000     8.2575     8.2580   3.670641   3.670210    3.72944     1.5995    35.1144    35.1094    27.3250    1489.01    6.55714    35.1144    35.1094    27.3250    1489.01    1488.05 0.0000e+00
       8143    331.000     8.2577     8.2582   3.670716   3.670278    3.72517     1.5990    35.1146    35.1094    27.3251    1489.02    6.55711    35.1146    35.1094    27.3250    1489.02    1488.05 0.0000e+00
       8166    332.000     8.2579     8.2583   3.670802   3.670370    3.73019     1.5992    35.1148    35.1098    27.3252    1489.04    6.55707    35.1148    35.1098    27.3252    1489.04    1488.06 0.0000e+00
       8190    333.000     8.2580     8.2584   3.670875   3.670442    3.73993     1.5998    35.1150    35.1099    27.3253    1489.06    6.55704    35.1150    35.1100    27.3253    1489.06    1488.06 0.0000e+00
       8213    334.000     8.2581     8.2586   3.670949   3.670510    3.74118     1.5999    35.1152    35.1100    27.3255    1489.07    6.55702    35.1152    35.1100    27.3255    1489.08    1488.06 0.0000e+00
       8237    335.000     8.2583     8.2588   3.671046   3.670611    3.72595     1.5988    35.1155    35.1104    27.3257    1489.09    6.55697    35.1156    35.1104    27.3257    1489.09    1488.06 0.0000e+00
       8261    336.000     8.2585     8.2590   3.671114   3.670670    3.71264     1.5975    35.1156    35.1104    27.3258    1489.11    6.55694    35.1156    35.1104    27.3257    1489.11    1488.07 0.0000e+00
       8285    337.000     8.2586     8.2591   3.671185   3.670750    3.71293     1.5967    35.1157    35.1106    27.3258    1489.13    6.55691    35.1158    35.1107    27.3259    1489.13    1488.07 0.0000e+00
       8309    338.000     8.2587     8.2592   3.671241   3.670808    3.71735     1.5961    35.1158    35.1106    27.3258    1489.14    6.55690    35.1158    35.1107    27.3259    1489.14    1488.07 0.0000e+00
       8333    339.000     8.2589     8.2594   3.671323   3.670886    3.71243     1.5953    35.1159    35.1109    27.3259    1489.16    6.55686    35.1160    35.1109    27.3260    1489.16    1488.08 0.0000e+00
       8357    340.000     8.2590     8.2596   3.671380   3.670949    3.70893     1.5944    35.1160    35.1109    27.3260    1489.18    6.55685    35.1161    35.1109    27.3260    1489.18    1488.08 0.0000e+00
       8381    341.000     8.2592     8.2597   3.671445   3.671015    3.71327     1.5942    35.1160    35.1109    27.3259    1489.20    6.55681    35.1161    35.1110    27.3260    1489.20    1488.08 0.0000e+00
       8404    342.000     8.2594     8.2598   3.671525   3.671084    3.71065     1.5934    35.1162    35.1111    27.3261    1489.21    6.55678    35.1162    35.1111    27.3261    1489.21    1488.09 0.0000e+00
       8427    343.000     8.2595     8.2599   3.671577   3.671134    3.71347     1.5936    35.1162    35.1110    27.3260    1489.23    6.55677    35.1162    35.1111    27.3261    1489.23    1488.09 0.0000e+00
       8450    344.000     8.2596     8.2600   3.671643   3.671206    3.71488     1.5929    35.1163    35.1112    27.3261    1489.25    6.55675    35.1163    35.1113    27.3261    1489.25    1488.09 0.0000e+00
       8473    345.000     8.2598     8.2603   3.671702   3.671263    3.70147     1.5918    35.1163    35.1111    27.3261    1489.26    6.55672    35.1163    35.1111    27.3261    1489.26    1488.10 0.0000e+00
       8496    346.000     8.2599     8.2604   3.671757   3.671326    3.69118     1.5902    35.1163    35.1112    27.3260    1489.28    6.55670    35.1163    35.1112    27.3261    1489.28    1488.10 0.0000e+00
       8520    347.000     8.2600     8.2605   3.671818   3.671389    3.69104     1.5896    35.1164    35.1113    27.3261    1489.30    6.55669    35.1164    35.1113    27.3261    1489.30    1488.10 0.0000e+00
       8543    348.000     8.2601     8.2607   3.671881   3.671454    3.69813     1.5890    35.1164    35.1114    27.3261    1489.32    6.55667    35.1165    35.1113    27.3262    1489.32    1488.11 0.0000e+00
       8566    349.000     8.2603     8.2608   3.671942   3.671513    3.69294     1.5881    35.1165    35.1113    27.3261    1489.33    6.55665    35.1164    35.1114    27.3261    1489.33    1488.11 0.0000e+00
       8589    350.000     8.2604     8.2609   3.671997   3.671574    3.69419     1.5878    35.1164    35.1114    27.3261    1489.35    6.55662    35.1165    35.1114    27.3261    1489.35    1488.11 0.0000e+00
       8613    351.000     8.2605     8.2611   3.672051   3.671623    3.69115     1.5869    35.1164    35.1113    27.3261    1489.36    6.55661    35.1165    35.1113    27.3261    1489.37    1488.12 0.0000e+00
       8636    352.000     8.2606     8.2612   3.672109   3.671677    3.68526     1.5860    35.1165    35.1113    27.3261    1489.38    6.55660    35.1165    35.1113    27.3261    1489.38    1488.12 0.0000e+00
       8659    353.000     8.2607     8.2612   3.672179   3.671746    3.68986     1.5858    35.1166    35.1115    27.3262    1489.40    6.55657    35.1167    35.1116    27.3262    1489.40    1488.13 0.0000e+00
       8683    354.000     8.2608     8.2614   3.672231   3.671800    3.69589     1.5859    35.1166    35.1114    27.3261    1489.42    6.55656    35.1166    35.1115    27.3262    1489.42    1488.13 0.0000e+00
       8706    355.000     8.2610     8.2615   3.672299   3.671860    3.69585     1.5857    35.1167    35.1115    27.3262    1489.43    6.55653    35.1167    35.1115    27.3262    1489.43    1488.13 0.0000e+00
       8729    356.000     8.2611     8.2616   3.672362   3.671919    3.68858     1.5849    35.1167    35.1116    27.3262    1489.45    6.55651    35.1168    35.1116    27.3263    1489.45    1488.14 0.0000e+00
       8752    357.000     8.2612     8.2617   3.672414   3.671977    3.68674     1.5845    35.1167    35.1116    27.3262    1489.47    6.55649    35.1168    35.1116    27.3262    1489.47    1488.14 0.0000e+00
       8776    358.000     8.2614     8.2618   3.672465   3.672034    3.69225     1.5845    35.1166    35.1115    27.3261    1489.48    6.55647    35.1166    35.1116    27.3261    1489.48    1488.14 0.0000e+00
       8799    359.000     8.2614     8.2620   3.672535   3.672103    3.69743     1.5847    35.1168    35.1117    27.3262    1489.50    6.55646    35.1169    35.1117    27.3263    1489.50    1488.15 0.0000e+00
       8823    360.000     8.2616     8.2621   3.672599   3.672156    3.69681     1.5846    35.1169    35.1117    27.3263    1489.52    6.55643    35.1169    35.1117    27.3263    1489.52    1488.15 0.0000e+00
       8846    361.000     8.2617     8.2622   3.672655   3.672219    3.69161     1.5843    35.1169    35.1117    27.3262    1489.54    6.55642    35.1169    35.1118    27.3263    1489.54    1488.16 0.0000e+00
       8870    362.000     8.2618     8.2624   3.672715   3.672271    3.69203     1.5841    35.1170    35.1117    27.3263    1489.55    6.55640    35.1170    35.1117    27.3263    1489.55    1488.16 0.0000e+00
       8894    363.000     8.2620     8.2624   3.672758   3.672322    3.68854     1.5834    35.1168    35.1117    27.3261    1489.57    6.55638    35.1168    35.1117    27.3261    1489.57    1488.16 0.0000e+00
       8917    364.000     8.2621     8.2626   3.672825   3.672392    3.68278     1.5828    35.1169    35.1117    27.3261    1489.59    6.55635    35.1169    35.1118    27.3262    1489.59    1488.17 0.0000e+00
       8941    365.000     8.2623     8.2628   3.672895   3.672464    3.67994     1.5821    35.1170    35.1119    27.3262    1489.60    6.55633    35.1170    35.1119    27.3262    1489.60    1488.17 0.0000e+00
       8966    366.000     8.2624     8.2629   3.672961   3.672517    3.68205     1.5817    35.1171    35.1118    27.3263    1489.62    6.55631    35.1171    35.1119    27.3263    1489.62    1488.17 0.0000e+00
       8990    367.000     8.2625     8.2630   3.673015   3.672573    3.67867     1.5810    35.1171    35.1118    27.3263    1489.64    6.55629    35.1171    35.1119    27.3263    1489.64    1488.18 0.0000e+00
       9013    368.000     8.2626     8.2630   3.673074   3.672638    3.68360     1.5810    35.1171    35.1120    27.3263    1489.65    6.55627    35.1172    35.1121    27.3263    1489.65    1488.18 0.0000e+00
       9037    369.000     8.2627     8.2632   3.673126   3.672685    3.68308     1.5805    35.1171    35.1119    27.3262    1489.67    6.55626    35.1171    35.1119    27.3263    1489.67    1488.19 0.0000e+00
       9061    370.000     8.2628     8.2633   3.673173   3.672746    3.67318     1.5798    35.1170    35.1120    27.3262    1489.69    6.55625    35.1171    35.1120    27.3262    1489.69    1488.19 0.0000e+00
       9084    371.000     8.2629     8.2634   3.673239   3.672795    3.68117     1.5799    35.1171    35.1119    27.3262    1489.71    6.55622    35.1172    35.1120    27.3263    1489.71    1488.20 0.0000e+00
       9108    372.000     8.2630     8.2635   3.673276   3.672849    3.68003     1.5791    35.1169    35.1119    27.3261    1489.72    6.55622    35.1170    35.1120    27.3261    1489.72    1488.20 0.0000e+00
       9132    373.000     8.2632     8.2637   3.673348   3.672926    3.66986     1.5784    35.1171    35.1121    27.3262    1489.74    6.55619    35.1171    35.1121    27.3262    1489.74    1488.20 0.0000e+00
       9155    374.000     8.2633     8.2639   3.673423   3.672994    3.67815     1.5785    35.1173    35.1121    27.3263    1489.76    6.55616    35.1173    35.1121    27.3263    1489.76    1488.21 0.0000e+00
       9179    375.000     8.2635     8.2640   3.673484   3.673045    3.68436     1.5787    35.1173    35.1121    27.3263    1489.77    6.55614    35.1173    35.1121    27.3263    1489.77    1488.21 0.0000e+00
       9202    376.000     8.2636     8.2641   3.673546   3.673114    3.68864     1.5791    35.1174    35.1123    27.3263    1489.79    6.55612    35.1174    35.1123    27.3263    1489.79    1488.22 0.0000e+00
       9226    377.000     8.2636     8.2642   3.673597   3.673162    3.68227     1.5787    35.1174    35.1122    27.3263    1489.81    6.55611    35.1174    35.1122    27.3264    1489.81    1488.22 0.0000e+00
       9250    378.000     8.2638     8.2643   3.673665   3.673236    3.66979     1.5774    35.1174    35.1123    27.3263    1489.82    6.55608    35.1175    35.1124    27.3264    1489.82    1488.22 0.0000e+00
       9273    379.000     8.2639     8.2644   3.673728   3.673294    3.65829     1.5762    35.1175    35.1124    27.3264    1489.84    6.55606    35.1176    35.1125    27.3265    1489.84    1488.23 0.0000e+00
       9297    380.000     8.2641     8.2645   3.673779   3.673342    3.67392     1.5767    35.1175    35.1123    27.3264    1489.86    6.55604    35.1175    35.1124    27.3263    1489.86    1488.23 0.0000e+00
       9321    381.000     8.2642     8.2646   3.673834   3.673399    3.68653     1.5771    35.1175    35.1124    27.3263    1489.88    6.55603    35.1175    35.1124    27.3263    1489.88    1488.24 0.0000e+00
       9344    382.000     8.2643     8.2648   3.673896   3.673462    3.67570     1.5764    35.1175    35.1124    27.3263    1489.89    6.55601    35.1176    35.1124    27.3264    1489.89    1488.24 0.0000e+00
       9368    383.000     8.2644     8.2649   3.673943   3.673509    3.66990     1.5760    35.1175    35.1123    27.3263    1489.91    6.55599    35.1175    35.1124    27.3263    1489.91    1488.25 0.0000e+00
