_data/ctd/2012/sta0444_2012.cnv
* Sea-Bird SBE 9 Data File:
* FileName = C:\Seabird\CTDData\sta0444.hex
* Software Version Seasave V 7.21f
* Temperature SN = 4306
* Conductivity SN = 2694
* Number of Bytes Per Scan = 31
* Number of Voltage Words = 2
* Number of Scans Averaged by the Deck Unit = 1
* NMEA Latitude = 60 52.35 N
* NMEA Longitude = 005 24.12 E
* NMEA UTC (Time) = Oct 24 2012 00:38:33
* NMEA baud rate = 4800
** Ship: 14 F/F "G. O. Sars"
** Station: 0444
** Echodepth: 478
** Log: 7508.195
** Wind-Dir Force: 23 06
** Air-temp (dry): 8.9
** Weather Sky: 2 2
** Sea Ice: 1 0
# nquan = 19                                
# nvalues = 466                         
# units = specified
# name 0 = scan: Scan Count
# name 1 = prDM: Pressure, Digiquartz [db]
# name 2 = t068C: Temperature [ITS-68, deg C]
# name 3 = t168C: Temperature, 2 [ITS-68, deg C]
# name 4 = c0S/m: Conductivity [S/m]
# name 5 = c1S/m: Conductivity, 2 [S/m]
# name 6 = sbeox0ML/L: Oxygen, SBE 43 [ml/l]
# name 7 = sbeox0V: Oxygen raw, SBE 43 [V]
# name 8 = sal00: Salinity, Practical [PSU]
# name 9 = sal11: Salinity, Practical, 2 [PSU]
# name 10 = sigma-t00: Density [sigma-t, Kg/m^3 ]
# name 11 = svCM: Sound Velocity [Chen-Millero, m/s]
# name 12 = oxsolML/L: Oxygen Saturation, Garcia & Gordon [ml/l]
# name 13 = sal00: Salinity, Practical [PSU]
# name 14 = sal11: Salinity, Practical, 2 [PSU]
# name 15 = sigma-t00: Density [sigma-t, Kg/m^3 ]
# name 16 = svCM: Sound Velocity [Chen-Millero, m/s]
# name 17 = avgsvCM: Average Sound Velocity [Chen-Millero, m/s], minP = 1, minS = 5
# name 18 = flag: flag
# span 0 =        349,      11782       
# span 1 =      3.000,    468.000       
# span 2 =     8.2190,    12.9145       
# span 3 =     8.2195,    12.9147       
# span 4 =   3.333022,   3.771916       
# span 5 =   3.333826,   3.771678       
# span 6 =    3.58242,    5.71062       
# span 7 =     1.5430,     2.3266       
# span 8 =    28.6871,    35.1182       
# span 9 =    28.6985,    35.1138       
# span 10 =    21.7181,    27.3255      
# span 11 =    1484.50,    1496.44      
# span 12 =    6.06377,    6.57581      
# span 13 =    28.6886,    35.1183      
# span 14 =    28.7000,    35.1138      
# span 15 =    21.7190,    27.3255      
# span 16 =    1484.48,    1496.44      
# span 17 =    1487.99,    1494.80      
# span 18 = 0.0000e+00, 0.0000e+00      
# interval = decibars: 1                
# start_time = Oct 24 2012 00:38:35 [System UTC, header]
# bad_flag = -9.990e-29
*END*
        349      3.000    11.8552    11.8503   3.333022   3.333826    5.71062     2.3245    28.6871    28.6985    21.7181    1488.82    6.31668    28.6886    28.7000    21.7190    1488.83    1488.83 0.0000e+00
        387      4.000    12.0078    11.9979   3.422894   3.419177    5.67428     2.3259    29.4194    29.3921    22.2581    1490.25    6.26729    29.4260    29.3983    22.2632    1490.25    1489.18 0.0000e+00
        411      5.000    12.1450    12.1421   3.497119   3.496507    5.64361     2.3266    30.0151    30.0117    22.6949    1491.45    6.22555    30.0237    30.0202    22.7016    1491.46    1489.64 0.0000e+00
        434      6.000    12.1421    12.1430   3.510009   3.509803    5.62731     2.3250    30.1409    30.1382    22.7929    1491.60    6.22105    30.1485    30.1458    22.7988    1491.61    1489.97 0.0000e+00
        458      7.000    12.1947    12.1916   3.535204   3.534145    5.49528     2.3099    30.3379    30.3304    22.9359    1492.04    6.20644    30.3457    30.3381    22.9420    1492.05    1490.26 0.0000e+00
        481      8.000    12.2620    12.2597   3.555287   3.554892    5.33768     2.2915    30.4732    30.4714    23.0283    1492.45    6.19234    30.4819    30.4800    23.0351    1492.46    1490.54 0.0000e+00
        505      9.000    12.3711    12.3687   3.586159   3.585542    5.30514     2.2792    30.6760    30.6721    23.1652    1493.08    6.17023    30.6862    30.6823    23.1732    1493.09    1490.82 0.0000e+00
        529     10.000    12.5593    12.5497   3.627927   3.626365    5.27263     2.2674    30.9143    30.9076    23.3146    1494.02    6.13663    30.9279    30.9210    23.3251    1494.03    1491.14 0.0000e+00
        552     11.000    12.6954    12.6924   3.657055   3.656576    5.21857     2.2557    31.0757    31.0737    23.4137    1494.69    6.11294    31.0911    31.0891    23.4257    1494.71    1491.46 0.0000e+00
        576     12.000    12.8324    12.8282   3.688980   3.688225    5.15675     2.2429    31.2625    31.2589    23.5322    1495.39    6.08833    31.2789    31.2753    23.5448    1495.41    1491.79 0.0000e+00
        599     13.000    12.8575    12.8538   3.703780   3.702919    5.08992     2.2281    31.3820    31.3770    23.6197    1495.63    6.08066    31.3973    31.3922    23.6316    1495.65    1492.09 0.0000e+00
        623     14.000    12.9089    12.9115   3.718950   3.718783    5.00617     2.2100    31.4828    31.4789    23.6879    1495.94    6.07037    31.4971    31.4934    23.6989    1495.96    1492.36 0.0000e+00
        647     15.000    12.9069    12.9117   3.727881   3.728364    4.96224     2.1962    31.5700    31.5705    23.7557    1496.06    6.06738    31.5825    31.5831    23.7654    1496.07    1492.61 0.0000e+00
        671     16.000    12.9145    12.9121   3.731939   3.731338    4.96424     2.1849    31.6030    31.5994    23.7798    1496.14    6.06522    31.6140    31.6103    23.7883    1496.15    1492.83 0.0000e+00
        694     17.000    12.9092    12.9147   3.732873   3.732135    4.95905     2.1766    31.6174    31.6057    23.7919    1496.15    6.06540    31.6268    31.6153    23.7993    1496.16    1493.03 0.0000e+00
        718     18.000    12.9017    12.9047   3.735110   3.734421    4.97918     2.1724    31.6459    31.6368    23.8155    1496.18    6.06533    31.6538    31.6448    23.8216    1496.19    1493.20 0.0000e+00
        742     19.000    12.8709    12.8738   3.739465   3.738754    5.00063     2.1701    31.7142    31.7049    23.8743    1496.17    6.06669    31.7203    31.7111    23.8790    1496.18    1493.36 0.0000e+00
        766     20.000    12.8556    12.8568   3.746237   3.745602    5.00864     2.1689    31.7917    31.7847    23.9372    1496.23    6.06571    31.7967    31.7897    23.9411    1496.23    1493.50 0.0000e+00
        790     21.000    12.8408    12.8415   3.750845   3.750393    5.01702     2.1689    31.8484    31.8435    23.9840    1496.26    6.06547    31.8522    31.8474    23.9870    1496.27    1493.63 0.0000e+00
        815     22.000    12.8217    12.8224   3.752295   3.751870    5.04163     2.1710    31.8787    31.8741    24.0111    1496.25    6.06676    31.8817    31.8770    24.0134    1496.25    1493.75 0.0000e+00
        839     23.000    12.8209    12.8213   3.757000   3.756601    5.06271     2.1740    31.9240    31.9199    24.0464    1496.32    6.06516    31.9264    31.9223    24.0482    1496.32    1493.86 0.0000e+00
        863     24.000    12.7906    12.7918   3.758683   3.758251    5.06929     2.1758    31.9661    31.9611    24.0848    1496.28    6.06742    31.9676    31.9625    24.0859    1496.28    1493.96 0.0000e+00
        887     25.000    12.7922    12.7927   3.763528   3.763056    5.05362     2.1758    32.0105    32.0055    24.1189    1496.36    6.06554    32.0117    32.0068    24.1198    1496.36    1494.06 0.0000e+00
        911     26.000    12.7953    12.7957   3.767667   3.767283    5.04589     2.1758    32.0466    32.0426    24.1462    1496.43    6.06377    32.0478    32.0438    24.1472    1496.43    1494.15 0.0000e+00
        936     27.000    12.7898    12.7903   3.768670   3.768195    5.05978     2.1778    32.0608    32.0558    24.1583    1496.44    6.06395    32.0616    32.0567    24.1589    1496.44    1494.24 0.0000e+00
        960     28.000    12.7643    12.7673   3.767995   3.767651    5.08839     2.1808    32.0763    32.0705    24.1752    1496.39    6.06660    32.0764    32.0706    24.1753    1496.39    1494.31 0.0000e+00
        984     29.000    12.7457    12.7457   3.767196   3.766751    5.08047     2.1808    32.0848    32.0805    24.1854    1496.35    6.06865    32.0843    32.0801    24.1850    1496.35    1494.38 0.0000e+00
       1009     30.000    12.6932    12.6924   3.766043   3.764981    5.06227     2.1797    32.1191    32.1099    24.2220    1496.23    6.07400    32.1176    32.1082    24.2209    1496.23    1494.44 0.0000e+00
       1033     31.000    12.7038    12.7026   3.769685   3.769209    5.05625     2.1789    32.1439    32.1405    24.2392    1496.31    6.07171    32.1427    32.1392    24.2383    1496.31    1494.50 0.0000e+00
       1057     32.000    12.6961    12.6992   3.771916   3.771678    5.06535     2.1793    32.1713    32.1663    24.2620    1496.34    6.07165    32.1701    32.1652    24.2610    1496.34    1494.56 0.0000e+00
       1081     33.000    12.6549    12.6563   3.770256   3.769891    5.07167     2.1788    32.1911    32.1864    24.2852    1496.24    6.07613    32.1891    32.1844    24.2836    1496.24    1494.61 0.0000e+00
       1105     34.000    12.5890    12.5804   3.765862   3.764520    5.06995     2.1783    32.2068    32.2017    24.3100    1496.05    6.08394    32.2032    32.1978    24.3072    1496.05    1494.65 0.0000e+00
       1129     35.000    12.4708    12.4732   3.756487   3.756201    5.07353     2.1760    32.2206    32.2156    24.3432    1495.68    6.09853    32.2146    32.2098    24.3386    1495.67    1494.68 0.0000e+00
       1153     36.000    12.4949    12.4949   3.762012   3.761606    5.03576     2.1719    32.2510    32.2471    24.3622    1495.82    6.09425    32.2463    32.2424    24.3585    1495.81    1494.71 0.0000e+00
       1177     37.000    12.5082    12.5083   3.768371   3.767934    5.03953     2.1710    32.2990    32.2947    24.3969    1495.93    6.09069    32.2951    32.2909    24.3939    1495.93    1494.75 0.0000e+00
       1201     38.000    12.4198    12.4245   3.763783   3.763537    5.07721     2.1722    32.3322    32.3258    24.4394    1495.69    6.10072    32.3269    32.3205    24.4353    1495.68    1494.77 0.0000e+00
       1225     39.000    12.3130    12.3171   3.755775   3.755380    5.09139     2.1719    32.3493    32.3419    24.4729    1495.36    6.11380    32.3419    32.3346    24.4672    1495.35    1494.79 0.0000e+00
       1249     40.000    12.2212    12.2254   3.755439   3.755027    5.07367     2.1693    32.4265    32.4188    24.5501    1495.16    6.12266    32.4176    32.4100    24.5432    1495.15    1494.80 0.0000e+00
       1274     41.000    12.0881    12.0912   3.746906   3.746571    5.05424     2.1651    32.4616    32.4556    24.6023    1494.76    6.13852    32.4505    32.4446    24.5937    1494.75    1494.79 0.0000e+00
       1298     42.000    12.0152    12.0181   3.743713   3.743376    5.05108     2.1618    32.4941    32.4883    24.6412    1494.57    6.14669    32.4826    32.4769    24.6322    1494.55    1494.79 0.0000e+00
       1322     43.000    11.9366    11.9393   3.742409   3.742080    5.06386     2.1602    32.5502    32.5446    24.6993    1494.38    6.15472    32.5381    32.5326    24.6899    1494.36    1494.78 0.0000e+00
       1347     44.000    11.8201    11.8254   3.737138   3.736839    5.10333     2.1615    32.6021    32.5945    24.7612    1494.06    6.16790    32.5885    32.5810    24.7506    1494.04    1494.76 0.0000e+00
       1371     45.000    11.5490    11.5561   3.719277   3.718998    5.15145     2.1629    32.6711    32.6620    24.8644    1493.21    6.20089    32.6524    32.6434    24.8499    1493.19    1494.73 0.0000e+00
       1396     46.000    11.4555    11.4549   3.717767   3.717557    5.13005     2.1601    32.7378    32.7364    24.9332    1492.99    6.21055    32.7198    32.7182    24.9192    1492.97    1494.69 0.0000e+00
       1420     47.000    11.5916    11.5921   3.740715   3.740437    5.08369     2.1578    32.8360    32.8330    24.9848    1493.59    6.18858    32.8233    32.8202    24.9750    1493.58    1494.67 0.0000e+00
       1445     48.000    11.5444    11.5456   3.740809   3.740432    5.15366     2.1641    32.8778    32.8730    25.0259    1493.50    6.19312    32.8657    32.8609    25.0165    1493.48    1494.64 0.0000e+00
       1469     49.000    11.4198    11.4238   3.730933   3.730212    5.21520     2.1677    32.8933    32.8826    25.0607    1493.10    6.20900    32.8792    32.8686    25.0497    1493.08    1494.61 0.0000e+00
       1493     50.000    11.1566    11.1625   3.706011   3.706265    5.18401     2.1646    32.8862    32.8834    25.1023    1492.19    6.24432    32.8681    32.8653    25.0884    1492.17    1494.56 0.0000e+00
       1517     51.000    11.2737    11.2753   3.728617   3.728634    5.07459     2.1554    32.9994    32.9981    25.1695    1492.75    6.22409    32.9859    32.9846    25.1590    1492.73    1494.52 0.0000e+00
       1541     52.000    11.1234    11.1378   3.718410   3.718830    5.11878     2.1572    33.0352    33.0262    25.2243    1492.28    6.24274    33.0194    33.0107    25.2120    1492.26    1494.48 0.0000e+00
       1565     53.000    10.9354    10.9408   3.709055   3.708799    5.21100     2.1587    33.1138    33.1064    25.3188    1491.73    6.26485    33.0955    33.0881    25.3046    1491.71    1494.43 0.0000e+00
       1589     54.000    10.7947    10.7987   3.700487   3.700212    5.17223     2.1546    33.1565    33.1503    25.3768    1491.31    6.28212    33.1370    33.1306    25.3617    1491.28    1494.37 0.0000e+00
       1612     55.000    10.7476    10.7492   3.700285   3.700038    5.12723     2.1499    33.1956    33.1918    25.4156    1491.20    6.28686    33.1772    33.1733    25.4012    1491.18    1494.31 0.0000e+00
       1636     56.000    10.7016    10.7045   3.702147   3.701818    5.15981     2.1506    33.2543    33.2485    25.4693    1491.13    6.29068    33.2371    33.2312    25.4560    1491.11    1494.25 0.0000e+00
       1660     57.000    10.6452    10.6468   3.701997   3.701560    5.21963     2.1536    33.3031    33.2972    25.5172    1491.00    6.29633    33.2866    33.2807    25.5043    1490.98    1494.20 0.0000e+00
       1682     58.000    10.5934    10.5978   3.699149   3.698975    5.22124     2.1538    33.3207    33.3149    25.5399    1490.86    6.30262    33.3049    33.2991    25.5276    1490.84    1494.14 0.0000e+00
       1705     59.000    10.4977    10.4949   3.692255   3.691615    5.20853     2.1525    33.3391    33.3354    25.5709    1490.55    6.31491    33.3227    33.3188    25.5581    1490.53    1494.08 0.0000e+00
       1729     60.000    10.4147    10.4189   3.688080   3.687929    5.17156     2.1476    33.3728    33.3674    25.6114    1490.32    6.32488    33.3563    33.3509    25.5986    1490.30    1494.01 0.0000e+00
       1753     61.000    10.3174    10.3184   3.683351   3.682892    5.15767     2.1440    33.4145    33.4090    25.6607    1490.04    6.33653    33.3975    33.3920    25.6474    1490.01    1493.95 0.0000e+00
       1776     62.000    10.1263    10.1334   3.672182   3.672036    5.18640     2.1416    33.4803    33.4721    25.7445    1489.45    6.36027    33.4602    33.4522    25.7288    1489.42    1493.88 0.0000e+00
       1799     63.000     9.9625     9.9694   3.663126   3.662959    5.19233     2.1379    33.5413    33.5331    25.8197    1488.95    6.38054    33.5195    33.5114    25.8026    1488.92    1493.80 0.0000e+00
       1824     64.000     9.7845     9.7902   3.655059   3.654909    5.18634     2.1342    33.6259    33.6190    25.9154    1488.42    6.40193    33.6023    33.5955    25.8970    1488.40    1493.71 0.0000e+00
       1848     65.000     9.7094     9.7128   3.651584   3.651374    5.21914     2.1339    33.6590    33.6537    25.9537    1488.21    6.41103    33.6364    33.6311    25.9361    1488.18    1493.63 0.0000e+00
       1872     66.000     9.5907     9.5975   3.645816   3.645772    5.24467     2.1335    33.7110    33.7040    26.0140    1487.86    6.42559    33.6879    33.6811    25.9959    1487.83    1493.54 0.0000e+00
       1896     67.000     9.4254     9.4318   3.633262   3.633233    5.26369     2.1333    33.7377    33.7314    26.0618    1487.30    6.44786    33.7135    33.7072    26.0429    1487.27    1493.44 0.0000e+00
       1920     68.000     9.3410     9.3442   3.627707   3.627560    5.26100     2.1312    33.7585    33.7539    26.0918    1487.04    6.45892    33.7352    33.7306    26.0735    1487.01    1493.35 0.0000e+00
       1944     69.000     9.2611     9.2665   3.624081   3.623963    5.25219     2.1298    33.7951    33.7888    26.1333    1486.81    6.46873    33.7726    33.7663    26.1157    1486.78    1493.25 0.0000e+00
       1968     70.000     9.1204     9.1290   3.616216   3.616120    5.30961     2.1325    33.8474    33.8381    26.1968    1486.37    6.48670    33.8238    33.8146    26.1783    1486.34    1493.15 0.0000e+00
       1992     71.000     8.9300     8.9362   3.609109   3.608943    5.34430     2.1333    33.9560    33.9483    26.3120    1485.82    6.50957    33.9305    33.9228    26.2920    1485.79    1493.05 0.0000e+00
       2015     72.000     8.8437     8.8474   3.608648   3.608461    5.32919     2.1328    34.0326    34.0270    26.3856    1485.61    6.51877    34.0078    34.0022    26.3662    1485.58    1492.95 0.0000e+00
       2039     73.000     8.7355     8.7381   3.608037   3.607858    5.32873     2.1315    34.1291    34.1249    26.4781    1485.34    6.53033    34.1048    34.1005    26.4592    1485.31    1492.84 0.0000e+00
       2063     74.000     8.6891     8.6897   3.609207   3.608983    5.28876     2.1263    34.1838    34.1811    26.5283    1485.25    6.53467    34.1614    34.1585    26.5107    1485.23    1492.74 0.0000e+00
       2087     75.000     8.6504     8.6525   3.609325   3.609125    5.21900     2.1176    34.2203    34.2161    26.5629    1485.17    6.53869    34.1996    34.1955    26.5467    1485.15    1492.64 0.0000e+00
       2111     76.000     8.5970     8.6001   3.609492   3.609316    5.15583     2.1067    34.2720    34.2672    26.6117    1485.05    6.54420    34.2526    34.2477    26.5965    1485.03    1492.54 0.0000e+00
       2134     77.000     8.5397     8.5408   3.608430   3.608147    5.10050     2.0945    34.3151    34.3111    26.6544    1484.91    6.55070    34.2965    34.2925    26.6398    1484.89    1492.44 0.0000e+00
       2158     78.000     8.4640     8.4669   3.607603   3.607338    5.06147     2.0824    34.3790    34.3734    26.7161    1484.72    6.55902    34.3610    34.3553    26.7020    1484.70    1492.34 0.0000e+00
