_data/ctd/2012/sta0445_2012.cnv
* Sea-Bird SBE 9 Data File:
* FileName = C:\Seabird\CTDData\sta0445.hex
* Software Version Seasave V 7.21f
* Temperature SN = 4306
* Conductivity SN = 2694
* Number of Bytes Per Scan = 31
* Number of Voltage Words = 2
* Number of Scans Averaged by the Deck Unit = 1
* NMEA Latitude = 60 52.34 N
* NMEA Longitude = 005 24.38 E
* NMEA UTC (Time) = Oct 24 2012 10:19:18
* NMEA baud rate = 4800
** Ship: 14 F/F "G. O. Sars"
** Station: 0445
** Echodepth: 486
** Log: 7522.844
** Wind-Dir Force: 26 09
** Air-temp (dry): 8.0
** Weather Sky: 2 2
** Sea Ice: 1 0
# nquan = 19                                
# nvalues = 474                         
# units = specified
# name 0 = scan: Scan Count
# name 1 = prDM: Pressure, Digiquartz [db]
# name 2 = t068C: Temperature [ITS-68, deg C]
# name 3 = t168C: Temperature, 2 [ITS-68, deg C]
# name 4 = c0S/m: Conductivity [S/m]
# name 5 = c1S/m: Conductivity, 2 [S/m]
# name 6 = sbeox0ML/L: Oxygen, SBE 43 [ml/l]
# name 7 = sbeox0V: Oxygen raw, SBE 43 [V]
# name 8 = sal00: Salinity, Practical [PSU]
# name 9 = sal11: Salinity, Practical, 2 [PSU]
# name 10 = sigma-t00: Density [sigma-t, Kg/m^3 ]
# name 11 = svCM: Sound Velocity [Chen-Millero, m/s]
# name 12 = oxsolML/L: Oxygen Saturation, Garcia & Gordon [ml/l]
# name 13 = sal00: Salinity, Practical [PSU]
# name 14 = sal11: Salinity, Practical, 2 [PSU]
# name 15 = sigma-t00: Density [sigma-t, Kg/m^3 ]
# name 16 = svCM: Sound Velocity [Chen-Millero, m/s]
# name 17 = avgsvCM: Average Sound Velocity [Chen-Millero, m/s], minP = 1, minS = 5
# name 18 = flag: flag
# span 0 =        378,      12049       
# span 1 =      4.000,    477.000       
# span 2 =     8.2181,    12.9238       
# span 3 =     8.2185,    12.9239       
# span 4 =   3.499276,   3.770135       
# span 5 =   3.500165,   3.769785       
# span 6 =    3.59876,    5.45412       
# span 7 =     1.5444,     2.2697       
# span 8 =    29.9843,    35.1181       
# span 9 =    29.9899,    35.1141       
# span 10 =    22.6579,    27.3254      
# span 11 =    1484.49,    1496.45      
# span 12 =    6.06325,    6.57562      
# span 13 =    29.9872,    35.1181      
# span 14 =    29.9929,    35.1141      
# span 15 =    22.6602,    27.3254      
# span 16 =    1484.48,    1496.45      
# span 17 =    1488.03,    1495.22      
# span 18 = 0.0000e+00, 0.0000e+00      
# interval = decibars: 1                
# start_time = Oct 24 2012 10:19:21 [System UTC, header]
# bad_flag = -9.990e-29
*END*
[from data line 77]
       2209     81.000     8.3730     8.3744   3.609058   3.608840    4.92867     2.0376    34.4775    34.4738    26.8074    1484.55    6.56797    34.4639    34.4602    26.7967    1484.54    1492.20 0.0000e+00
       2232     82.000     8.3525     8.3545   3.610600   3.610202    4.88198     2.0252    34.5124    34.5062    26.8379    1484.53    6.56944    34.4999    34.4937    26.8281    1484.52    1492.10 0.0000e+00
       2256     83.000     8.3264     8.3278   3.612602   3.612376    4.83458     2.0124    34.5578    34.5541    26.8775    1484.51    6.57129    34.5463    34.5425    26.8685    1484.50    1492.01 0.0000e+00
       2279     84.000     8.3101     8.3111   3.613371   3.613138    4.81888     2.0027    34.5805    34.5771    26.8978    1484.50    6.57267    34.5700    34.5666    26.8896    1484.48    1491.92 0.0000e+00
       2302     85.000     8.2955     8.2963   3.614660   3.614452    4.82491     1.9946    34.6072    34.6043    26.9210    1484.49    6.57363    34.5976    34.5946    26.9135    1484.48    1491.83 0.0000e+00
       2326     86.000     8.2808     8.2815   3.616225   3.616004    4.81872     1.9876    34.6370    34.6340    26.9467    1484.49    6.57449    34.6283    34.6253    26.9398    1484.48    1491.75 0.0000e+00
       2349     87.000     8.2727     8.2731   3.617119   3.616906    4.81122     1.9814    34.6531    34.6506    26.9606    1484.49    6.57495    34.6453    34.6427    26.9544    1484.48    1491.66 0.0000e+00
       2373     88.000     8.2614     8.2623   3.619194   3.618979    4.78581     1.9740    34.6853    34.6821    26.9875    1484.51    6.57521    34.6781    34.6750    26.9819    1484.50    1491.58 0.0000e+00
       2396     89.000     8.2517     8.2522   3.620572   3.620334    4.74178     1.9655    34.7084    34.7053    27.0071    1484.52    6.57562    34.7019    34.6989    27.0020    1484.51    1491.50 0.0000e+00
       2419     90.000     8.2463     8.2470   3.621946   3.621682    4.70744     1.9569    34.7272    34.7238    27.0227    1484.53    6.57557    34.7214    34.7179    27.0182    1484.53    1491.43 0.0000e+00
       2442     91.000     8.2426     8.2433   3.623173   3.622917    4.67830     1.9483    34.7429    34.7395    27.0355    1484.56    6.57542    34.7377    34.7343    27.0315    1484.55    1491.35 0.0000e+00
       2466     92.000     8.2392     8.2398   3.624819   3.624528    4.66053     1.9407    34.7628    34.7591    27.0517    1484.59    6.57505    34.7582    34.7545    27.0481    1484.58    1491.28 0.0000e+00
       2489     93.000     8.2382     8.2387   3.626069   3.625806    4.65044     1.9341    34.7760    34.7728    27.0623    1484.61    6.57460    34.7720    34.7687    27.0591    1484.61    1491.20 0.0000e+00
       2512     94.000     8.2342     8.2351   3.627248   3.626919    4.63522     1.9275    34.7916    34.7873    27.0751    1484.63    6.57450    34.7881    34.7837    27.0723    1484.63    1491.13 0.0000e+00
       2536     95.000     8.2279     8.2284   3.629246   3.628943    4.61349     1.9207    34.8185    34.8147    27.0971    1484.66    6.57427    34.8152    34.8114    27.0946    1484.66    1491.06 0.0000e+00
       2559     96.000     8.2241     8.2246   3.630285   3.629998    4.58837     1.9136    34.8326    34.8290    27.1088    1484.68    6.57422    34.8296    34.8260    27.1064    1484.68    1491.00 0.0000e+00
       2583     97.000     8.2227     8.2232   3.631602   3.631320    4.56110     1.9064    34.8472    34.8436    27.1205    1484.71    6.57379    34.8445    34.8410    27.1184    1484.71    1490.93 0.0000e+00
       2607     98.000     8.2215     8.2220   3.632634   3.632336    4.54195     1.8997    34.8586    34.8549    27.1296    1484.74    6.57346    34.8563    34.8526    27.1278    1484.73    1490.87 0.0000e+00
       2630     99.000     8.2213     8.2218   3.633670   3.633372    4.54032     1.8949    34.8690    34.8654    27.1378    1484.77    6.57302    34.8670    34.8634    27.1363    1484.76    1490.81 0.0000e+00
       2654    100.000     8.2223     8.2226   3.634251   3.633922    4.54536     1.8908    34.8735    34.8697    27.1412    1484.79    6.57268    34.8718    34.8680    27.1398    1484.79    1490.75 0.0000e+00
       2678    101.000     8.2229     8.2234   3.635095   3.634815    4.53441     1.8866    34.8812    34.8777    27.1471    1484.82    6.57225    34.8797    34.8762    27.1460    1484.82    1490.69 0.0000e+00
       2702    102.000     8.2267     8.2270   3.637210   3.636907    4.51878     1.8824    34.8993    34.8957    27.1608    1484.87    6.57091    34.8980    34.8945    27.1598    1484.87    1490.63 0.0000e+00
       2725    103.000     8.2281     8.2284   3.638418   3.638086    4.49987     1.8778    34.9101    34.9062    27.1690    1484.91    6.57023    34.9091    34.9052    27.1682    1484.91    1490.58 0.0000e+00
       2749    104.000     8.2327     8.2330   3.639969   3.639674    4.49210     1.8741    34.9213    34.9178    27.1771    1484.95    6.56906    34.9206    34.9171    27.1766    1484.95    1490.52 0.0000e+00
       2773    105.000     8.2359     8.2362   3.641739   3.641438    4.47164     1.8688    34.9364    34.9329    27.1885    1485.00    6.56794    34.9358    34.9323    27.1881    1485.00    1490.47 0.0000e+00
       2796    106.000     8.2394     8.2398   3.643019   3.642726    4.43797     1.8631    34.9459    34.9424    27.1955    1485.04    6.56701    34.9455    34.9420    27.1951    1485.04    1490.42 0.0000e+00
       2820    107.000     8.2435     8.2438   3.644689   3.644386    4.41073     1.8566    34.9590    34.9555    27.2051    1485.09    6.56583    34.9588    34.9553    27.2049    1485.09    1490.37 0.0000e+00
       2844    108.000     8.2459     8.2463   3.645515   3.645210    4.37415     1.8491    34.9649    34.9612    27.2093    1485.12    6.56523    34.9648    34.9611    27.2092    1485.12    1490.32 0.0000e+00
       2867    109.000     8.2475     8.2479   3.646331   3.646017    4.33773     1.8408    34.9714    34.9677    27.2142    1485.15    6.56471    34.9714    34.9676    27.2142    1485.15    1490.27 0.0000e+00
       2891    110.000     8.2487     8.2491   3.646854   3.646585    4.29980     1.8320    34.9754    34.9720    27.2171    1485.18    6.56437    34.9753    34.9720    27.2171    1485.18    1490.22 0.0000e+00
       2915    111.000     8.2490     8.2496   3.647396   3.647102    4.27396     1.8238    34.9803    34.9766    27.2209    1485.20    6.56411    34.9803    34.9766    27.2210    1485.20    1490.18 0.0000e+00
       2938    112.000     8.2503     8.2507   3.648124   3.647805    4.26506     1.8171    34.9863    34.9825    27.2254    1485.23    6.56367    34.9863    34.9825    27.2255    1485.23    1490.13 0.0000e+00
       2962    113.000     8.2510     8.2515   3.649318   3.648975    4.25171     1.8104    34.9978    34.9937    27.2344    1485.27    6.56306    34.9979    34.9937    27.2345    1485.27    1490.09 0.0000e+00
       2986    114.000     8.2509     8.2514   3.650542   3.650211    4.23470     1.8042    35.0105    35.0065    27.2444    1485.30    6.56254    35.0106    35.0065    27.2444    1485.30    1490.05 0.0000e+00
       3010    115.000     8.2505     8.2511   3.651131   3.650815    4.21621     1.7979    35.0167    35.0128    27.2493    1485.32    6.56234    35.0168    35.0128    27.2494    1485.32    1490.01 0.0000e+00
       3033    116.000     8.2476     8.2483   3.651118   3.650800    4.19305     1.7912    35.0191    35.0150    27.2516    1485.33    6.56266    35.0190    35.0149    27.2516    1485.33    1489.97 0.0000e+00
       3057    117.000     8.2440     8.2445   3.650996   3.650676    4.15452     1.7829    35.0210    35.0171    27.2537    1485.33    6.56312    35.0208    35.0169    27.2535    1485.33    1489.93 0.0000e+00
       3081    118.000     8.2436     8.2442   3.651127   3.650808    4.12060     1.7753    35.0223    35.0183    27.2547    1485.35    6.56311    35.0221    35.0181    27.2546    1485.35    1489.89 0.0000e+00
       3104    119.000     8.2459     8.2464   3.651541   3.651252    4.12263     1.7699    35.0239    35.0203    27.2557    1485.38    6.56271    35.0238    35.0202    27.2556    1485.38    1489.85 0.0000e+00
       3128    120.000     8.2487     8.2491   3.652046   3.651730    4.13546     1.7664    35.0259    35.0221    27.2568    1485.41    6.56221    35.0259    35.0221    27.2568    1485.41    1489.81 0.0000e+00
       3152    121.000     8.2495     8.2500   3.652289   3.651977    4.13483     1.7625    35.0272    35.0233    27.2577    1485.43    6.56203    35.0272    35.0234    27.2577    1485.43    1489.78 0.0000e+00
       3175    122.000     8.2504     8.2509   3.652504   3.652168    4.10912     1.7578    35.0281    35.0240    27.2582    1485.45    6.56186    35.0281    35.0240    27.2583    1485.45    1489.74 0.0000e+00
       3199    123.000     8.2493     8.2498   3.652532   3.652206    4.09768     1.7541    35.0291    35.0251    27.2592    1485.46    6.56199    35.0290    35.0251    27.2592    1485.46    1489.71 0.0000e+00
       3222    124.000     8.2480     8.2484   3.652556   3.652215    4.10007     1.7511    35.0301    35.0260    27.2602    1485.48    6.56213    35.0301    35.0261    27.2602    1485.48    1489.67 0.0000e+00
       3246    125.000     8.2460     8.2466   3.652435   3.652098    4.10239     1.7489    35.0303    35.0263    27.2607    1485.49    6.56241    35.0303    35.0261    27.2607    1485.48    1489.64 0.0000e+00
       3269    126.000     8.2414     8.2420   3.652161   3.651824    4.10835     1.7474    35.0317    35.0275    27.2625    1485.49    6.56304    35.0315    35.0273    27.2623    1485.49    1489.61 0.0000e+00
       3293    127.000     8.2404     8.2408   3.652202   3.651870    4.10936     1.7461    35.0327    35.0287    27.2634    1485.50    6.56315    35.0325    35.0285    27.2632    1485.50    1489.57 0.0000e+00
       3317    128.000     8.2399     8.2403   3.652241   3.651906    4.11217     1.7454    35.0331    35.0291    27.2638    1485.51    6.56320    35.0329    35.0289    27.2636    1485.51    1489.54 0.0000e+00
       3340    129.000     8.2393     8.2396   3.652263   3.651919    4.11232     1.7444    35.0335    35.0294    27.2642    1485.53    6.56328    35.0332    35.0293    27.2640    1485.53    1489.51 0.0000e+00
       3364    130.000     8.2390     8.2394   3.652317   3.651965    4.10513     1.7434    35.0338    35.0296    27.2645    1485.55    6.56331    35.0336    35.0295    27.2644    1485.54    1489.48 0.0000e+00
       3387    131.000     8.2386     8.2391   3.652340   3.652002    4.11369     1.7434    35.0340    35.0298    27.2647    1485.56    6.56336    35.0338    35.0297    27.2645    1485.56    1489.45 0.0000e+00
       3411    132.000     8.2385     8.2389   3.652386   3.652046    4.11968     1.7434    35.0340    35.0300    27.2647    1485.58    6.56337    35.0339    35.0299    27.2646    1485.58    1489.42 0.0000e+00
       3435    133.000     8.2383     8.2387   3.652429   3.652086    4.12099     1.7435    35.0342    35.0301    27.2649    1485.59    6.56339    35.0341    35.0300    27.2648    1485.59    1489.39 0.0000e+00
       3458    134.000     8.2381     8.2386   3.652481   3.652150    4.11329     1.7425    35.0344    35.0304    27.2651    1485.61    6.56340    35.0343    35.0303    27.2650    1485.61    1489.36 0.0000e+00
       3482    135.000     8.2381     8.2386   3.652555   3.652207    4.10313     1.7416    35.0347    35.0305    27.2653    1485.63    6.56339    35.0346    35.0304    27.2653    1485.62    1489.34 0.0000e+00
       3506    136.000     8.2380     8.2385   3.652592   3.652251    4.10551     1.7409    35.0347    35.0306    27.2654    1485.64    6.56340    35.0347    35.0305    27.2653    1485.64    1489.31 0.0000e+00
       3530    137.000     8.2377     8.2381   3.652636   3.652289    4.11192     1.7411    35.0350    35.0309    27.2657    1485.66    6.56344    35.0349    35.0308    27.2656    1485.66    1489.28 0.0000e+00
       3554    138.000     8.2375     8.2379   3.652666   3.652326    4.11637     1.7410    35.0351    35.0310    27.2657    1485.67    6.56347    35.0350    35.0309    27.2656    1485.67    1489.26 0.0000e+00
       3578    139.000     8.2375     8.2380   3.652717   3.652384    4.12421     1.7420    35.0351    35.0311    27.2657    1485.69    6.56346    35.0350    35.0310    27.2657    1485.69    1489.23 0.0000e+00
       3602    140.000     8.2377     8.2381   3.652777   3.652438    4.13250     1.7428    35.0351    35.0310    27.2657    1485.71    6.56344    35.0350    35.0310    27.2656    1485.71    1489.20 0.0000e+00
       3626    141.000     8.2377     8.2382   3.652839   3.652493    4.12270     1.7421    35.0352    35.0310    27.2658    1485.72    6.56343    35.0352    35.0310    27.2658    1485.72    1489.18 0.0000e+00
       3649    142.000     8.2377     8.2382   3.652914   3.652556    4.10302     1.7410    35.0355    35.0313    27.2660    1485.74    6.56341    35.0355    35.0312    27.2660    1485.74    1489.16 0.0000e+00
       3673    143.000     8.2379     8.2383   3.652978   3.652635    4.11016     1.7409    35.0355    35.0315    27.2660    1485.76    6.56338    35.0355    35.0314    27.2660    1485.76    1489.13 0.0000e+00
       3696    144.000     8.2379     8.2384   3.653048   3.652698    4.12290     1.7416    35.0357    35.0315    27.2662    1485.77    6.56337    35.0357    35.0315    27.2662    1485.77    1489.11 0.0000e+00
       3719    145.000     8.2379     8.2382   3.653112   3.652766    4.12663     1.7417    35.0360    35.0319    27.2664    1485.79    6.56337    35.0359    35.0320    27.2663    1485.79    1489.09 0.0000e+00
       3743    146.000     8.2381     8.2386   3.653207   3.652863    4.12552     1.7420    35.0363    35.0321    27.2666    1485.81    6.56332    35.0363    35.0321    27.2666    1485.81    1489.06 0.0000e+00
       3766    147.000     8.2388     8.2393   3.653356   3.653012    4.12879     1.7424    35.0367    35.0325    27.2668    1485.83    6.56320    35.0367    35.0325    27.2668    1485.83    1489.04 0.0000e+00
       3790    148.000     8.2398     8.2402   3.653526   3.653175    4.12099     1.7416    35.0370    35.0328    27.2669    1485.85    6.56304    35.0370    35.0329    27.2669    1485.85    1489.02 0.0000e+00
       3813    149.000     8.2403     8.2408   3.653636   3.653297    4.10593     1.7404    35.0372    35.0331    27.2669    1485.87    6.56296    35.0372    35.0331    27.2670    1485.87    1489.00 0.0000e+00
       3837    150.000     8.2405     8.2409   3.653716   3.653370    4.09047     1.7380    35.0373    35.0332    27.2671    1485.88    6.56292    35.0374    35.0333    27.2671    1485.88    1488.98 0.0000e+00
       3860    151.000     8.2404     8.2408   3.653784   3.653439    4.07858     1.7362    35.0377    35.0336    27.2673    1485.90    6.56292    35.0377    35.0336    27.2674    1485.90    1488.96 0.0000e+00
       3884    152.000     8.2404     8.2409   3.653880   3.653525    4.08067     1.7346    35.0382    35.0340    27.2677    1485.92    6.56290    35.0383    35.0340    27.2678    1485.92    1488.94 0.0000e+00
       3907    153.000     8.2406     8.2410   3.653951   3.653615    4.07782     1.7331    35.0383    35.0343    27.2678    1485.93    6.56287    35.0383    35.0344    27.2678    1485.93    1488.92 0.0000e+00
       3931    154.000     8.2406     8.2410   3.654035   3.653684    4.07592     1.7319    35.0388    35.0346    27.2682    1485.95    6.56285    35.0388    35.0346    27.2681    1485.95    1488.90 0.0000e+00
       3954    155.000     8.2406     8.2411   3.654108   3.653755    4.07611     1.7310    35.0390    35.0348    27.2683    1485.97    6.56284    35.0391    35.0348    27.2684    1485.97    1488.88 0.0000e+00
