_data/ctd/2012/sta0441_2012.cnv
* Sea-Bird SBE 9 Data File:
* FileName = C:\Seabird\CTDData\sta0441.hex
* Software Version Seasave V 7.21f
* Temperature SN = 4306
* Conductivity SN = 2694
* Number of Bytes Per Scan = 31
* Number of Voltage Words = 2
* Number of Scans Averaged by the Deck Unit = 1
* NMEA Latitude = 60 52.36 N
* NMEA Longitude = 005 23.68 E
* NMEA UTC (Time) = Oct 23 2012 04:17:06
* NMEA baud rate = 4800
** Ship: 14 F/F "G. O. Sars"
** Station: 0441
** Echodepth: 470
** Log: 7465.3
** Wind-Dir Force: 01 01
** Air-temp (dry): 7.5
** Weather Sky: 2 2
** Sea Ice: 1 0
# nquan = 19                                
# nvalues = 448                         
# units = specified
# name 0 = scan: Scan Count
# name 1 = prDM: Pressure, Digiquartz [db]
# name 2 = t068C: Temperature [ITS-68, deg C]
# name 3 = t168C: Temperature, 2 [ITS-68, deg C]
# name 4 = c0S/m: Conductivity [S/m]
# name 5 = c1S/m: Conductivity, 2 [S/m]
# name 6 = sbeox0ML/L: Oxygen, SBE 43 [ml/l]
# name 7 = sbeox0V: Oxygen raw, SBE 43 [V]
# name 8 = sal00: Salinity, Practical [PSU]
# name 9 = sal11: Salinity, Practical, 2 [PSU]
# name 10 = sigma-t00: Density [sigma-t, Kg/m^3 ]
# name 11 = svCM: Sound Velocity [Chen-Millero, m/s]
# name 12 = oxsolML/L: Oxygen Saturation, Garcia & Gordon [ml/l]
# name 13 = sal00: Salinity, Practical [PSU]
# name 14 = sal11: Salinity, Practical, 2 [PSU]
# name 15 = sigma-t00: Density [sigma-t, Kg/m^3 ]
# name 16 = svCM: Sound Velocity [Chen-Millero, m/s]
# name 17 = avgsvCM: Average Sound Velocity [Chen-Millero, m/s], minP = 1, minS = 5
# name 18 = flag: flag
# span 0 =        803,      11793       
# span 1 =      3.000,    450.000       
# span 2 =     8.2183,    12.9141       
# span 3 =     8.2189,    12.9141       
# span 4 =   3.330409,   3.776219       
# span 5 =   3.331409,   3.775787       
# span 6 =    3.60684,    5.63715       
# span 7 =     1.5534,     2.3030       
# span 8 =    28.6359,    35.1187       
# span 9 =    28.6440,    35.1142       
# span 10 =    21.6714,    27.3262      
# span 11 =    1484.49,    1496.55      
# span 12 =    6.06348,    6.57560      
# span 13 =    28.6337,    35.1188      
# span 14 =    28.6422,    35.1142      
# span 15 =    21.6695,    27.3263      
# span 16 =    1484.48,    1496.55      
# span 17 =    1488.09,    1494.95      
# span 18 = 0.0000e+00, 0.0000e+00      
# interval = decibars: 1                
# start_time = Oct 23 2012 04:17:08 [System UTC, header]
# bad_flag = -9.990e-29
*END*
[from data line 305]
       8054    308.000     8.2527     8.2532   3.668560   3.668170    3.76755     1.6266    35.1075    35.1028    27.3202    1488.62    6.55813    35.1076    35.1029    27.3203    1488.62    1488.11 0.0000e+00
       8078    309.000     8.2530     8.2535   3.668665   3.668291    3.77211     1.6242    35.1079    35.1033    27.3205    1488.63    6.55808    35.1079    35.1034    27.3205    1488.64    1488.11 0.0000e+00
       8101    310.000     8.2531     8.2537   3.668741   3.668352    3.77640     1.6226    35.1080    35.1034    27.3206    1488.65    6.55805    35.1081    35.1034    27.3207    1488.65    1488.12 0.0000e+00
       8125    311.000     8.2536     8.2541   3.668888   3.668495    3.78315     1.6217    35.1087    35.1040    27.3211    1488.67    6.55796    35.1087    35.1040    27.3211    1488.67    1488.12 0.0000e+00
       8149    312.000     8.2543     8.2549   3.669152   3.668769    3.79039     1.6214    35.1103    35.1056    27.3222    1488.69    6.55778    35.1104    35.1057    27.3223    1488.69    1488.12 0.0000e+00
       8173    313.000     8.2546     8.2550   3.669241   3.668859    3.79516     1.6210    35.1105    35.1060    27.3223    1488.71    6.55773    35.1105    35.1061    27.3224    1488.71    1488.12 0.0000e+00
       8197    314.000     8.2547     8.2552   3.669322   3.668925    3.77994     1.6194    35.1108    35.1060    27.3225    1488.73    6.55770    35.1108    35.1061    27.3226    1488.73    1488.12 0.0000e+00
       8221    315.000     8.2548     8.2553   3.669385   3.669002    3.77177     1.6183    35.1109    35.1063    27.3226    1488.74    6.55769    35.1109    35.1063    27.3226    1488.74    1488.13 0.0000e+00
       8245    316.000     8.2549     8.2554   3.669456   3.669072    3.77283     1.6171    35.1110    35.1064    27.3226    1488.76    6.55766    35.1111    35.1065    27.3227    1488.76    1488.13 0.0000e+00
       8269    317.000     8.2551     8.2556   3.669538   3.669152    3.77064     1.6164    35.1112    35.1066    27.3228    1488.78    6.55762    35.1113    35.1067    27.3229    1488.78    1488.13 0.0000e+00
       8293    318.000     8.2553     8.2558   3.669607   3.669221    3.77962     1.6163    35.1113    35.1067    27.3229    1488.80    6.55759    35.1114    35.1067    27.3229    1488.80    1488.13 0.0000e+00
       8317    319.000     8.2555     8.2559   3.669690   3.669297    3.78440     1.6163    35.1116    35.1069    27.3230    1488.81    6.55756    35.1116    35.1070    27.3230    1488.81    1488.13 0.0000e+00
       8342    320.000     8.2559     8.2564   3.669857   3.669472    3.77839     1.6156    35.1124    35.1078    27.3236    1488.83    6.55746    35.1125    35.1079    27.3237    1488.83    1488.14 0.0000e+00
       8365    321.000     8.2561     8.2566   3.669944   3.669560    3.76771     1.6145    35.1127    35.1081    27.3238    1488.85    6.55742    35.1127    35.1081    27.3238    1488.85    1488.14 0.0000e+00
       8389    322.000     8.2562     8.2568   3.670018   3.669630    3.76114     1.6133    35.1128    35.1082    27.3239    1488.87    6.55739    35.1129    35.1082    27.3240    1488.87    1488.14 0.0000e+00
       8413    323.000     8.2563     8.2569   3.670084   3.669691    3.75493     1.6119    35.1130    35.1083    27.3240    1488.89    6.55737    35.1131    35.1083    27.3241    1488.88    1488.14 0.0000e+00
       8436    324.000     8.2565     8.2570   3.670162   3.669774    3.74767     1.6104    35.1132    35.1085    27.3242    1488.90    6.55734    35.1132    35.1086    27.3241    1488.90    1488.15 0.0000e+00
       8460    325.000     8.2567     8.2572   3.670244   3.669857    3.74519     1.6092    35.1133    35.1087    27.3242    1488.92    6.55729    35.1134    35.1088    27.3243    1488.92    1488.15 0.0000e+00
       8483    326.000     8.2568     8.2574   3.670317   3.669931    3.74136     1.6075    35.1135    35.1088    27.3244    1488.94    6.55727    35.1136    35.1089    27.3244    1488.94    1488.15 0.0000e+00
       8507    327.000     8.2570     8.2576   3.670405   3.670014    3.72638     1.6053    35.1138    35.1091    27.3245    1488.95    6.55723    35.1139    35.1091    27.3246    1488.95    1488.15 0.0000e+00
       8530    328.000     8.2572     8.2577   3.670495   3.670104    3.71779     1.6033    35.1141    35.1094    27.3247    1488.97    6.55719    35.1141    35.1095    27.3248    1488.97    1488.16 0.0000e+00
       8554    329.000     8.2574     8.2580   3.670572   3.670180    3.71807     1.6019    35.1142    35.1095    27.3248    1488.99    6.55716    35.1143    35.1095    27.3249    1488.99    1488.16 0.0000e+00
       8577    330.000     8.2576     8.2582   3.670651   3.670266    3.72192     1.6009    35.1144    35.1098    27.3249    1489.01    6.55712    35.1145    35.1098    27.3250    1489.01    1488.16 0.0000e+00
       8601    331.000     8.2578     8.2583   3.670703   3.670315    3.72089     1.5999    35.1144    35.1097    27.3249    1489.02    6.55710    35.1143    35.1097    27.3248    1489.02    1488.16 0.0000e+00
       8624    332.000     8.2579     8.2584   3.670779   3.670390    3.72151     1.5991    35.1145    35.1099    27.3250    1489.04    6.55707    35.1146    35.1099    27.3250    1489.04    1488.17 0.0000e+00
       8648    333.000     8.2580     8.2585   3.670839   3.670443    3.71644     1.5981    35.1146    35.1098    27.3250    1489.06    6.55705    35.1146    35.1099    27.3250    1489.06    1488.17 0.0000e+00
       8672    334.000     8.2582     8.2587   3.670903   3.670505    3.71357     1.5970    35.1147    35.1099    27.3250    1489.08    6.55703    35.1146    35.1099    27.3250    1489.08    1488.17 0.0000e+00
       8695    335.000     8.2583     8.2588   3.670975   3.670594    3.70649     1.5958    35.1148    35.1102    27.3252    1489.09    6.55701    35.1148    35.1103    27.3251    1489.09    1488.17 0.0000e+00
       8719    336.000     8.2584     8.2590   3.671055   3.670666    3.69983 -9.990e-29    35.1150    35.1103    27.3253    1489.11    6.55697    35.1151    35.1104    27.3253    1489.11    1488.18 0.0000e+00
       8743    337.000     8.2586     8.2591   3.671124   3.670744    3.70739 -9.990e-29    35.1151    35.1105    27.3253    1489.13    6.55694    35.1152    35.1106    27.3254    1489.13    1488.18 0.0000e+00
       8767    338.000     8.2587     8.2592   3.671185   3.670800    3.71809 -9.990e-29    35.1151    35.1106    27.3253    1489.14    6.55692    35.1152    35.1106    27.3254    1489.14    1488.18 0.0000e+00
       8791    339.000     8.2589     8.2594   3.671244   3.670860    3.72192     1.5944    35.1152    35.1106    27.3253    1489.16    6.55690    35.1152    35.1106    27.3253    1489.16    1488.19 0.0000e+00
       8814    340.000     8.2590     8.2596   3.671315   3.670927    3.71052     1.5934    35.1153    35.1107    27.3254    1489.18    6.55688    35.1154    35.1106    27.3255    1489.18    1488.19 0.0000e+00
       8837    341.000     8.2591     8.2597   3.671372   3.670987    3.69875     1.5923    35.1153    35.1107    27.3254    1489.19    6.55686    35.1154    35.1107    27.3255    1489.19    1488.19 0.0000e+00
       8861    342.000     8.2592     8.2598   3.671425   3.671044    3.71179     1.5927    35.1153    35.1107    27.3254    1489.21    6.55684    35.1154    35.1107    27.3254    1489.21    1488.19 0.0000e+00
       8884    343.000     8.2593     8.2599   3.671481   3.671092    3.71804     1.5929    35.1153    35.1107    27.3254    1489.23    6.55683    35.1154    35.1107    27.3254    1489.23    1488.20 0.0000e+00
       8907    344.000     8.2594     8.2599   3.671536   3.671151    3.71771     1.5927    35.1154    35.1107    27.3254    1489.24    6.55682    35.1154    35.1108    27.3254    1489.25    1488.20 0.0000e+00
       8931    345.000     8.2596     8.2601   3.671593   3.671211    3.70591     1.5920    35.1153    35.1107    27.3253    1489.26    6.55679    35.1153    35.1108    27.3253    1489.26    1488.20 0.0000e+00
       8954    346.000     8.2597     8.2602   3.671660   3.671271    3.70497     1.5914    35.1155    35.1107    27.3254    1489.28    6.55678    35.1155    35.1108    27.3254    1489.28    1488.21 0.0000e+00
       8977    347.000     8.2598     8.2604   3.671726   3.671332    3.70536     1.5910    35.1156    35.1108    27.3256    1489.30    6.55676    35.1156    35.1108    27.3255    1489.30    1488.21 0.0000e+00
       9000    348.000     8.2599     8.2605   3.671790   3.671398    3.71108     1.5911    35.1157    35.1109    27.3256    1489.31    6.55673    35.1157    35.1109    27.3256    1489.31    1488.21 0.0000e+00
       9023    349.000     8.2601     8.2606   3.671844   3.671460    3.72027 -9.990e-29    35.1156    35.1109    27.3255    1489.33    6.55671    35.1156    35.1110    27.3255    1489.33    1488.22 0.0000e+00
       9047    350.000     8.2602     8.2607   3.671916   3.671520    3.72103 -9.990e-29    35.1158    35.1110    27.3256    1489.35    6.55668    35.1158    35.1111    27.3256    1489.35    1488.22 0.0000e+00
       9070    351.000     8.2604     8.2609   3.671976   3.671581    3.71850 -9.990e-29    35.1158    35.1110    27.3256    1489.36    6.55666    35.1158    35.1110    27.3256    1489.36    1488.22 0.0000e+00
       9093    352.000     8.2605     8.2611   3.672038   3.671656    3.71512     1.5919    35.1158    35.1112    27.3255    1489.38    6.55663    35.1158    35.1112    27.3256    1489.38    1488.23 0.0000e+00
       9116    353.000     8.2606     8.2612   3.672094   3.671699    3.71780     1.5920    35.1158    35.1111    27.3255    1489.40    6.55662    35.1159    35.1111    27.3256    1489.40    1488.23 0.0000e+00
       9139    354.000     8.2608     8.2613   3.672159   3.671783    3.71135     1.5912    35.1159    35.1113    27.3256    1489.42    6.55660    35.1159    35.1114    27.3256    1489.42    1488.23 0.0000e+00
       9163    355.000     8.2609     8.2614   3.672232   3.671833    3.69927     1.5900    35.1161    35.1113    27.3257    1489.43    6.55657    35.1161    35.1113    27.3257    1489.43    1488.24 0.0000e+00
       9186    356.000     8.2609     8.2615   3.672288   3.671896    3.70254     1.5898    35.1161    35.1113    27.3257    1489.45    6.55656    35.1162    35.1114    27.3258    1489.45    1488.24 0.0000e+00
       9209    357.000     8.2611     8.2616   3.672347   3.671956    3.71179     1.5900    35.1161    35.1114    27.3257    1489.47    6.55653    35.1161    35.1115    27.3258    1489.47    1488.24 0.0000e+00
       9233    358.000     8.2613     8.2618   3.672397   3.672026    3.71382     1.5897    35.1160    35.1115    27.3256    1489.48    6.55652    35.1160    35.1116    27.3256    1489.48    1488.25 0.0000e+00
       9256    359.000     8.2614     8.2620   3.672464   3.672072    3.69704     1.5884    35.1161    35.1114    27.3257    1489.50    6.55650    35.1161    35.1114    27.3257    1489.50    1488.25 0.0000e+00
       9279    360.000     8.2615     8.2620   3.672526   3.672141    3.69589     1.5881    35.1162    35.1116    27.3257    1489.52    6.55647    35.1162    35.1116    27.3258    1489.52    1488.25 0.0000e+00
       9302    361.000     8.2616     8.2621   3.672581   3.672192    3.69488     1.5869    35.1162    35.1115    27.3257    1489.53    6.55646    35.1162    35.1116    27.3257    1489.53    1488.26 0.0000e+00
       9326    362.000     8.2617     8.2622   3.672632   3.672247    3.68687     1.5860    35.1162    35.1115    27.3257    1489.55    6.55645    35.1162    35.1116    27.3257    1489.55    1488.26 0.0000e+00
       9349    363.000     8.2619     8.2624   3.672691   3.672295    3.68720     1.5851    35.1162    35.1114    27.3257    1489.57    6.55642    35.1162    35.1114    27.3256    1489.57    1488.26 0.0000e+00
       9373    364.000     8.2620     8.2625   3.672743   3.672358    3.68654     1.5845    35.1162    35.1115    27.3256    1489.59    6.55641    35.1161    35.1115    27.3256    1489.59    1488.27 0.0000e+00
       9396    365.000     8.2621     8.2627   3.672802   3.672414    3.69478     1.5845    35.1162    35.1115    27.3256    1489.60    6.55639    35.1162    35.1115    27.3256    1489.60    1488.27 0.0000e+00
       9420    366.000     8.2622     8.2628   3.672868   3.672486    3.69199     1.5840    35.1163    35.1117    27.3257    1489.62    6.55637    35.1163    35.1116    27.3257    1489.62    1488.27 0.0000e+00
       9444    367.000     8.2624     8.2628   3.672923   3.672536    3.69269     1.5838    35.1163    35.1116    27.3257    1489.64    6.55635    35.1162    35.1117    27.3256    1489.64    1488.28 0.0000e+00
       9468    368.000     8.2624     8.2629   3.672973   3.672591    3.69186     1.5834    35.1162    35.1117    27.3257    1489.65    6.55634    35.1163    35.1117    27.3257    1489.65    1488.28 0.0000e+00
       9492    369.000     8.2625     8.2631   3.673030   3.672645    3.68665     1.5827    35.1163    35.1116    27.3256    1489.67    6.55632    35.1163    35.1116    27.3257    1489.67    1488.29 0.0000e+00
       9516    370.000     8.2627     8.2631   3.673094   3.672708    3.68605     1.5824    35.1163    35.1118    27.3256    1489.69    6.55629    35.1163    35.1118    27.3256    1489.69    1488.29 0.0000e+00
       9540    371.000     8.2628     8.2633   3.673159   3.672771    3.69313     1.5826    35.1164    35.1118    27.3257    1489.70    6.55627    35.1164    35.1118    27.3257    1489.70    1488.29 0.0000e+00
       9564    372.000     8.2630     8.2635   3.673232   3.672845    3.69371     1.5822    35.1165    35.1119    27.3257    1489.72    6.55624    35.1165    35.1119    27.3258    1489.72    1488.30 0.0000e+00
       9587    373.000     8.2632     8.2637   3.673301   3.672917    3.68733     1.5818    35.1166    35.1120    27.3258    1489.74    6.55621    35.1166    35.1120    27.3258    1489.74    1488.30 0.0000e+00
       9611    374.000     8.2633     8.2639   3.673358   3.672977    3.66324     1.5790    35.1166    35.1120    27.3258    1489.76    6.55620    35.1166    35.1120    27.3258    1489.76    1488.30 0.0000e+00
       9635    375.000     8.2633     8.2639   3.673407   3.673016    3.62420     1.5749    35.1166    35.1119    27.3258    1489.77    6.55619    35.1167    35.1119    27.3258    1489.77    1488.31 0.0000e+00
       9658    376.000     8.2635     8.2641   3.673464   3.673085    3.60832     1.5715    35.1166    35.1119    27.3258    1489.79    6.55617    35.1166    35.1120    27.3257    1489.79    1488.31 0.0000e+00
       9682    377.000     8.2637     8.2642   3.673528   3.673142    3.60835     1.5688    35.1166    35.1120    27.3257    1489.81    6.55614    35.1166    35.1120    27.3257    1489.81    1488.32 0.0000e+00
       9705    378.000     8.2637     8.2643   3.673582   3.673198    3.62887     1.5684    35.1166    35.1120    27.3257    1489.82    6.55613    35.1167    35.1120    27.3258    1489.82    1488.32 0.0000e+00
       9729    379.000     8.2638     8.2644   3.673636   3.673257    3.64234     1.5678    35.1167    35.1121    27.3257    1489.84    6.55612    35.1167    35.1121    27.3258    1489.84    1488.32 0.0000e+00
       9752    380.000     8.2640     8.2645   3.673695   3.673310    3.63382     1.5668    35.1167    35.1120    27.3257    1489.86    6.55609    35.1167    35.1121    27.3257    1489.86    1488.33 0.0000e+00
       9776    381.000     8.2640     8.2645   3.673758   3.673352    3.61894     1.5650    35.1169    35.1120    27.3259    1489.87    6.55609    35.1169    35.1120    27.3259    1489.87    1488.33 0.0000e+00
       9799    382.000     8.2641     8.2646   3.673802   3.673417    3.60684     1.5630    35.1167    35.1121    27.3258    1489.89    6.55607    35.1167    35.1121    27.3258    1489.89    1488.34 0.0000e+00
