_data/ctd/2012/sta0443_2012.cnv
* Sea-Bird SBE 9 Data File:
* FileName = C:\Seabird\CTDData\sta0443.hex
* Software Version Seasave V 7.21f
* Temperature SN = 4306
* Conductivity SN = 2694
* Number of Bytes Per Scan = 31
* Number of Voltage Words = 2
* Number of Scans Averaged by the Deck Unit = 1
* NMEA Latitude = 60 52.36 N
* NMEA Longitude = 005 24.84 E
* NMEA UTC (Time) = Oct 23 2012 20:00:47
* NMEA baud rate = 4800
** Ship: 14 F/F "G. O. Sars"
** Station: 0443
** Echodepth: 479
** Log: 7496.3
** Wind-Dir Force: 24 08
** Air-temp (dry): 10.6
** Weather Sky: 2 2
** Sea Ice: 1 0
# nquan = 19                                
# nvalues = 469                         
# units = specified
# name 0 = scan: Scan Count
# name 1 = prDM: Pressure, Digiquartz [db]
# name 2 = t068C: Temperature [ITS-68, deg C]
# name 3 = t168C: Temperature, 2 [ITS-68, deg C]
# name 4 = c0S/m: Conductivity [S/m]
# name 5 = c1S/m: Conductivity, 2 [S/m]
# name 6 = sbeox0ML/L: Oxygen, SBE 43 [ml/l]
# name 7 = sbeox0V: Oxygen raw, SBE 43 [V]
# name 8 = sal00: Salinity, Practical [PSU]
# name 9 = sal11: Salinity, Practical, 2 [PSU]
# name 10 = sigma-t00: Density [sigma-t, Kg/m^3 ]
# name 11 = svCM: Sound Velocity [Chen-Millero, m/s]
# name 12 = oxsolML/L: Oxygen Saturation, Garcia & Gordon [ml/l]
# name 13 = sal00: Salinity, Practical [PSU]
# name 14 = sal11: Salinity, Practical, 2 [PSU]
# name 15 = sigma-t00: Density [sigma-t, Kg/m^3 ]
# name 16 = svCM: Sound Velocity [Chen-Millero, m/s]
# name 17 = avgsvCM: Average Sound Velocity [Chen-Millero, m/s], minP = 1, minS = 5
# name 18 = flag: flag
# span 0 =        645,      12305       
# span 1 =      3.000,    471.000       
# span 2 =     8.2173,    12.9288       
# span 3 =     8.2178,    12.9289       
# span 4 =   3.163486,   3.774940       
# span 5 =   3.156952,   3.774555       
# span 6 =    3.56575,    5.88479       
# span 7 =     1.5391,     2.3623       
# span 8 =    27.2732,    35.1180       
# span 9 =    27.2141,    35.1136       
# span 10 =    20.6671,    27.3255      
# span 11 =    1484.47,    1496.52      
# span 12 =    6.06333,    6.57545      
# span 13 =    27.2644,    35.1181      
# span 14 =    27.2054,    35.1137      
# span 15 =    20.6593,    27.3255      
# span 16 =    1484.46,    1496.52      
# span 17 =    1486.24,    1494.77      
# span 18 = 0.0000e+00, 0.0000e+00      
# interval = decibars: 1                
# start_time = Oct 23 2012 20:00:49 [System UTC, header]
# bad_flag = -9.990e-29
*END*
[from data line 381]
       9686    384.000     8.2647     8.2652   3.673903   3.673537    3.66066     1.5722    35.1163    35.1119    27.3253    1489.93    6.55600    35.1163    35.1119    27.3253    1489.93    1488.25 0.0000e+00
       9710    385.000     8.2648     8.2653   3.673967   3.673591    3.66862     1.5724    35.1164    35.1119    27.3253    1489.94    6.55598    35.1164    35.1119    27.3254    1489.94    1488.26 0.0000e+00
       9733    386.000     8.2649     8.2654   3.674025   3.673664    3.66835 -9.990e-29    35.1164    35.1120    27.3253    1489.96    6.55596    35.1164    35.1121    27.3254    1489.96    1488.26 0.0000e+00
       9757    387.000     8.2650     8.2656   3.674083   3.673730    3.66729 -9.990e-29    35.1164    35.1121    27.3254    1489.98    6.55595    35.1165    35.1121    27.3254    1489.98    1488.27 0.0000e+00
       9781    388.000     8.2652     8.2657   3.674143   3.673775    3.66687 -9.990e-29    35.1165    35.1120    27.3254    1489.99    6.55593    35.1164    35.1120    27.3253    1489.99    1488.27 0.0000e+00
       9804    389.000     8.2653     8.2658   3.674200   3.673827    3.66256     1.5718    35.1165    35.1120    27.3254    1490.01    6.55591    35.1165    35.1120    27.3254    1490.01    1488.28 0.0000e+00
       9828    390.000     8.2654     8.2659   3.674244   3.673885    3.66288     1.5719    35.1163    35.1120    27.3253    1490.03    6.55590    35.1164    35.1120    27.3253    1490.03    1488.28 0.0000e+00
       9852    391.000     8.2655     8.2660   3.674305   3.673940    3.65705     1.5709    35.1164    35.1120    27.3253    1490.04    6.55588    35.1164    35.1120    27.3253    1490.04    1488.28 0.0000e+00
       9875    392.000     8.2656     8.2661   3.674374   3.674005    3.64516     1.5699    35.1165    35.1121    27.3254    1490.06    6.55586    35.1166    35.1122    27.3254    1490.06    1488.29 0.0000e+00
       9899    393.000     8.2657     8.2663   3.674438   3.674064    3.65230     1.5696    35.1166    35.1121    27.3254    1490.08    6.55584    35.1167    35.1121    27.3255    1490.08    1488.29 0.0000e+00
       9922    394.000     8.2658     8.2664   3.674474   3.674116    3.66130 -9.990e-29    35.1164    35.1121    27.3253    1490.09    6.55583    35.1165    35.1121    27.3253    1490.09    1488.30 0.0000e+00
       9946    395.000     8.2659     8.2665   3.674540   3.674179    3.66722 -9.990e-29    35.1166    35.1122    27.3253    1490.11    6.55581    35.1166    35.1122    27.3254    1490.11    1488.30 0.0000e+00
       9969    396.000     8.2661     8.2667   3.674603   3.674241    3.66203 -9.990e-29    35.1166    35.1122    27.3253    1490.13    6.55578    35.1166    35.1122    27.3254    1490.13    1488.31 0.0000e+00
       9992    397.000     8.2662     8.2668   3.674660   3.674291    3.66162     1.5698    35.1166    35.1122    27.3253    1490.15    6.55577    35.1167    35.1121    27.3254    1490.15    1488.31 0.0000e+00
      10015    398.000     8.2663     8.2669   3.674714   3.674352    3.65455     1.5691    35.1166    35.1122    27.3253    1490.16    6.55575    35.1167    35.1122    27.3254    1490.16    1488.32 0.0000e+00
      10039    399.000     8.2665     8.2670   3.674774   3.674413    3.64922     1.5685    35.1166    35.1123    27.3253    1490.18    6.55573    35.1166    35.1123    27.3253    1490.18    1488.32 0.0000e+00
      10062    400.000     8.2665     8.2671   3.674830   3.674467    3.65376     1.5684    35.1167    35.1122    27.3253    1490.20    6.55572    35.1167    35.1123    27.3254    1490.20    1488.33 0.0000e+00
      10085    401.000     8.2667     8.2672   3.674884   3.674513    3.65296     1.5678    35.1166    35.1121    27.3253    1490.21    6.55570    35.1166    35.1122    27.3253    1490.21    1488.33 0.0000e+00
      10108    402.000     8.2668     8.2673   3.674947   3.674579    3.64964     1.5675    35.1167    35.1123    27.3253    1490.23    6.55568    35.1167    35.1123    27.3253    1490.23    1488.34 0.0000e+00
      10132    403.000     8.2669     8.2674   3.674994   3.674635    3.65392     1.5674    35.1167    35.1123    27.3253    1490.25    6.55567    35.1167    35.1123    27.3253    1490.25    1488.34 0.0000e+00
      10155    404.000     8.2670     8.2675   3.675050   3.674682    3.64512     1.5662    35.1167    35.1122    27.3252    1490.26    6.55565    35.1167    35.1123    27.3253    1490.26    1488.34 0.0000e+00
      10179    405.000     8.2671     8.2677   3.675103   3.674740    3.64063     1.5659    35.1167    35.1122    27.3253    1490.28    6.55564    35.1167    35.1122    27.3253    1490.28    1488.35 0.0000e+00
      10202    406.000     8.2672     8.2678   3.675160   3.674792    3.65705     1.5664    35.1167    35.1122    27.3252    1490.30    6.55562    35.1167    35.1122    27.3253    1490.30    1488.35 0.0000e+00
      10226    407.000     8.2673     8.2679   3.675217   3.674855    3.65728     1.5664    35.1167    35.1123    27.3253    1490.31    6.55561    35.1167    35.1123    27.3253    1490.31    1488.36 0.0000e+00
      10250    408.000     8.2675     8.2680   3.675281   3.674910    3.64524     1.5653    35.1167    35.1122    27.3252    1490.33    6.55557    35.1168    35.1123    27.3252    1490.33    1488.36 0.0000e+00
      10273    409.000     8.2676     8.2681   3.675342   3.674964    3.64421     1.5653    35.1168    35.1123    27.3253    1490.35    6.55556    35.1168    35.1123    27.3253    1490.35    1488.37 0.0000e+00
      10297    410.000     8.2677     8.2682   3.675393   3.675025    3.65763     1.5659    35.1168    35.1124    27.3253    1490.37    6.55555    35.1168    35.1124    27.3252    1490.37    1488.37 0.0000e+00
      10321    411.000     8.2677     8.2684   3.675442   3.675085    3.66108     1.5658    35.1168    35.1124    27.3252    1490.38    6.55553    35.1168    35.1123    27.3253    1490.38    1488.38 0.0000e+00
      10344    412.000     8.2679     8.2685   3.675503   3.675133    3.65206     1.5659    35.1168    35.1123    27.3252    1490.40    6.55551    35.1168    35.1123    27.3252    1490.40    1488.38 0.0000e+00
      10367    413.000     8.2680     8.2686   3.675554   3.675192    3.65367     1.5654    35.1167    35.1123    27.3251    1490.42    6.55549    35.1168    35.1123    27.3252    1490.42    1488.39 0.0000e+00
      10390    414.000     8.2681     8.2686   3.675610   3.675239    3.65356     1.5658    35.1168    35.1123    27.3252    1490.43    6.55548    35.1168    35.1124    27.3252    1490.43    1488.39 0.0000e+00
      10413    415.000     8.2683     8.2688   3.675668   3.675309    3.66172     1.5657    35.1168    35.1124    27.3252    1490.45    6.55546    35.1168    35.1124    27.3251    1490.45    1488.40 0.0000e+00
      10436    416.000     8.2684     8.2689   3.675730   3.675353    3.64730     1.5651    35.1169    35.1123    27.3252    1490.47    6.55544    35.1168    35.1123    27.3252    1490.47    1488.40 0.0000e+00
      10460    417.000     8.2684     8.2690   3.675777   3.675410    3.64662     1.5644    35.1168    35.1124    27.3252    1490.48    6.55543    35.1169    35.1124    27.3252    1490.48    1488.41 0.0000e+00
      10483    418.000     8.2687     8.2692   3.675853   3.675488    3.62959     1.5628    35.1169    35.1125    27.3252    1490.50    6.55540    35.1169    35.1125    27.3252    1490.50    1488.41 0.0000e+00
      10506    419.000     8.2688     8.2693   3.675909   3.675543    3.63188     1.5621    35.1170    35.1125    27.3252    1490.52    6.55538    35.1169    35.1125    27.3252    1490.52    1488.42 0.0000e+00
      10530    420.000     8.2688     8.2694   3.675952   3.675593    3.64285     1.5622    35.1169    35.1125    27.3251    1490.53    6.55537    35.1169    35.1125    27.3252    1490.54    1488.42 0.0000e+00
      10553    421.000     8.2689     8.2695   3.676006   3.675653    3.64519     1.5620    35.1169    35.1125    27.3251    1490.55    6.55536    35.1169    35.1125    27.3252    1490.55    1488.43 0.0000e+00
      10576    422.000     8.2690     8.2695   3.676062   3.675698    3.65060     1.5625    35.1169    35.1125    27.3251    1490.57    6.55534    35.1169    35.1126    27.3252    1490.57    1488.43 0.0000e+00
      10600    423.000     8.2691     8.2697   3.676122   3.675748    3.65081     1.5622    35.1170    35.1124    27.3252    1490.59    6.55533    35.1170    35.1124    27.3252    1490.59    1488.44 0.0000e+00
      10624    424.000     8.2693     8.2698   3.676185   3.675818    3.64627     1.5624    35.1170    35.1125    27.3251    1490.60    6.55530    35.1170    35.1126    27.3252    1490.60    1488.44 0.0000e+00
      10647    425.000     8.2695     8.2700   3.676260   3.675894    3.65560     1.5627    35.1171    35.1127    27.3252    1490.62    6.55526    35.1171    35.1127    27.3252    1490.62    1488.45 0.0000e+00
      10671    426.000     8.2696     8.2702   3.676330   3.675962    3.65825     1.5633    35.1172    35.1127    27.3252    1490.64    6.55524    35.1173    35.1128    27.3253    1490.64    1488.45 0.0000e+00
      10694    427.000     8.2698     8.2704   3.676399   3.676027    3.65463     1.5629    35.1173    35.1128    27.3253    1490.65    6.55521    35.1173    35.1128    27.3254    1490.65    1488.46 0.0000e+00
      10717    428.000     8.2699     8.2705   3.676452   3.676101    3.63784     1.5616    35.1173    35.1130    27.3253    1490.67    6.55520    35.1173    35.1130    27.3253    1490.67    1488.46 0.0000e+00
      10740    429.000     8.2701     8.2706   3.676516   3.676153    3.63428     1.5612    35.1173    35.1129    27.3253    1490.69    6.55517    35.1173    35.1130    27.3253    1490.69    1488.47 0.0000e+00
      10763    430.000     8.2703     8.2709   3.676578   3.676225    3.63930     1.5606    35.1173    35.1130    27.3253    1490.71    6.55514    35.1173    35.1130    27.3253    1490.71    1488.47 0.0000e+00
      10787    431.000     8.2705     8.2710   3.676641   3.676285    3.63731     1.5601    35.1174    35.1130    27.3253    1490.72    6.55512    35.1173    35.1130    27.3252    1490.72    1488.48 0.0000e+00
      10810    432.000     8.2706     8.2711   3.676713   3.676346    3.62575     1.5585    35.1176    35.1131    27.3254    1490.74    6.55509    35.1175    35.1131    27.3254    1490.74    1488.48 0.0000e+00
      10833    433.000     8.2707     8.2712   3.676756   3.676408    3.61518     1.5572    35.1174    35.1132    27.3253    1490.76    6.55508    35.1174    35.1132    27.3253    1490.76    1488.49 0.0000e+00
      10857    434.000     8.2708     8.2713   3.676823   3.676464    3.61930     1.5565    35.1175    35.1132    27.3253    1490.77    6.55505    35.1175    35.1132    27.3254    1490.77    1488.50 0.0000e+00
      10880    435.000     8.2709     8.2715   3.676870   3.676520    3.62054     1.5556    35.1175    35.1132    27.3253    1490.79    6.55505    35.1175    35.1131    27.3253    1490.79    1488.50 0.0000e+00
      10903    436.000     8.2709     8.2715   3.676937   3.676574    3.61708     1.5546    35.1176    35.1132    27.3254    1490.81    6.55503    35.1177    35.1132    27.3255    1490.81    1488.51 0.0000e+00
      10927    437.000     8.2711     8.2717   3.676995   3.676624    3.61901     1.5546    35.1176    35.1131    27.3253    1490.83    6.55500    35.1177    35.1131    27.3254    1490.82    1488.51 0.0000e+00
      10951    438.000     8.2712     8.2718   3.677050   3.676683    3.63044     1.5547    35.1176    35.1132    27.3254    1490.84    6.55499    35.1177    35.1132    27.3254    1490.84    1488.52 0.0000e+00
      10974    439.000     8.2713     8.2720   3.677102   3.676739    3.62774     1.5545    35.1176    35.1131    27.3253    1490.86    6.55497    35.1176    35.1131    27.3254    1490.86    1488.52 0.0000e+00
      10998    440.000     8.2714     8.2721   3.677160   3.676804    3.62618     1.5543    35.1176    35.1132    27.3253    1490.88    6.55496    35.1177    35.1132    27.3254    1490.88    1488.53 0.0000e+00
      11021    441.000     8.2716     8.2722   3.677220   3.676850    3.62172     1.5537    35.1177    35.1131    27.3253    1490.89    6.55494    35.1177    35.1131    27.3253    1490.89    1488.53 0.0000e+00
      11045    442.000     8.2717     8.2723   3.677279   3.676918    3.61400     1.5529    35.1177    35.1133    27.3253    1490.91    6.55492    35.1177    35.1133    27.3254    1490.91    1488.54 0.0000e+00
      11068    443.000     8.2718     8.2724   3.677333   3.676971    3.61769     1.5525    35.1177    35.1132    27.3253    1490.93    6.55490    35.1177    35.1133    27.3253    1490.93    1488.54 0.0000e+00
      11092    444.000     8.2719     8.2725   3.677390   3.677031    3.61407     1.5519    35.1177    35.1133    27.3253    1490.94    6.55489    35.1177    35.1133    27.3254    1490.94    1488.55 0.0000e+00
      11115    445.000     8.2720     8.2726   3.677441   3.677080    3.61505     1.5518    35.1177    35.1133    27.3253    1490.96    6.55487    35.1177    35.1133    27.3253    1490.96    1488.55 0.0000e+00
      11139    446.000     8.2722     8.2728   3.677504   3.677132    3.62360     1.5518    35.1177    35.1132    27.3252    1490.98    6.55485    35.1177    35.1132    27.3253    1490.98    1488.56 0.0000e+00
      11162    447.000     8.2723     8.2729   3.677561   3.677192    3.62335     1.5518    35.1177    35.1132    27.3253    1490.99    6.55483    35.1177    35.1132    27.3253    1490.99    1488.56 0.0000e+00
      11186    448.000     8.2724     8.2730   3.677610   3.677256    3.62916     1.5518    35.1177    35.1133    27.3253    1491.01    6.55482    35.1177    35.1133    27.3252    1491.01    1488.57 0.0000e+00
      11209    449.000     8.2725     8.2730   3.677657   3.677303    3.62705     1.5521    35.1176    35.1133    27.3252    1491.03    6.55481    35.1176    35.1134    27.3252    1491.03    1488.58 0.0000e+00
      11233    450.000     8.2727     8.2732   3.677716   3.677358    3.61891     1.5517    35.1177    35.1132    27.3252    1491.04    6.55478    35.1176    35.1133    27.3251    1491.05    1488.58 0.0000e+00
      11256    451.000     8.2728     8.2733   3.677772   3.677410    3.61656     1.5511    35.1176    35.1132    27.3251    1491.06    6.55476    35.1176    35.1133    27.3251    1491.06    1488.59 0.0000e+00
      11280    452.000     8.2728     8.2734   3.677831   3.677465    3.62036     1.5513    35.1177    35.1133    27.3252    1491.08    6.55475    35.1178    35.1133    27.3252    1491.08    1488.59 0.0000e+00
      11304    453.000     8.2730     8.2736   3.677877   3.677527    3.62588     1.5513    35.1176    35.1133    27.3251    1491.09    6.55474    35.1176    35.1133    27.3250    1491.10    1488.60 0.0000e+00
      11328    454.000     8.2731     8.2736   3.677938   3.677580    3.61611     1.5505    35.1177    35.1133    27.3251    1491.11    6.55472    35.1177    35.1133    27.3251    1491.11    1488.60 0.0000e+00
      11351    455.000     8.2732     8.2738   3.677998   3.677635    3.61518     1.5503    35.1177    35.1133    27.3251    1491.13    6.55470    35.1177    35.1133    27.3251    1491.13    1488.61 0.0000e+00
      11375    456.000     8.2733     8.2738   3.678053   3.677687    3.61932     1.5501    35.1178    35.1133    27.3252    1491.15    6.55469    35.1177    35.1133    27.3251    1491.15    1488.61 0.0000e+00
      11399    457.000     8.2735     8.2741   3.678117   3.677759    3.60853     1.5489    35.1177    35.1133    27.3251    1491.16    6.55465    35.1177    35.1133    27.3251    1491.16    1488.62 0.0000e+00
      11423    458.000     8.2736     8.2742   3.678180   3.677813    3.60032     1.5479    35.1178    35.1133    27.3251    1491.18    6.55463    35.1178    35.1133    27.3252    1491.18    1488.63 0.0000e+00
      11447    459.000     8.2737     8.2743   3.678235   3.677871    3.59913     1.5471    35.1178    35.1134    27.3251    1491.20    6.55462    35.1178    35.1134    27.3252    1491.20    1488.63 0.0000e+00
