_data/ctd/2012/sta0444_2012.cnv
* Sea-Bird SBE 9 Data File:
* FileName = C:\Seabird\CTDData\sta0444.hex
* Software Version Seasave V 7.21f
* Temperature SN = 4306
* Conductivity SN = 2694
* Number of Bytes Per Scan = 31
* Number of Voltage Words = 2
* Number of Scans Averaged by the Deck Unit = 1
* NMEA Latitude = 60 52.35 N
* NMEA Longitude = 005 24.12 E
* NMEA UTC (Time) = Oct 24 2012 00:38:33
* NMEA baud rate = 4800
** Ship: 14 F/F "G. O. Sars"
** Station: 0444
** Echodepth: 478
** Log: 7508.195
** Wind-Dir Force: 23 06
** Air-temp (dry): 8.9
** Weather Sky: 2 2
** Sea Ice: 1 0
# nquan = 19                                
# nvalues = 466                         
# units = specified
# name 0 = scan: Scan Count
# name 1 = prDM: Pressure, Digiquartz [db]
# name 2 = t068C: Temperature [ITS-68, deg C]
# name 3 = t168C: Temperature, 2 [ITS-68, deg C]
# name 4 = c0S/m: Conductivity [S/m]
# name 5 = c1S/m: Conductivity, 2 [S/m]
# name 6 = sbeox0ML/L: Oxygen, SBE 43 [ml/l]
# name 7 = sbeox0V: Oxygen raw, SBE 43 [V]
# name 8 = sal00: Salinity, Practical [PSU]
# name 9 = sal11: Salinity, Practical, 2 [PSU]
# name 10 = sigma-t00: Density [sigma-t, Kg/m^3 ]
# name 11 = svCM: Sound Velocity [Chen-Millero, m/s]
# name 12 = oxsolML/L: Oxygen Saturation, Garcia & Gordon [ml/l]
# name 13 = sal00: Salinity, Practical [PSU]
# name 14 = sal11: Salinity, Practical, 2 [PSU]
# name 15 = sigma-t00: Density [sigma-t, Kg/m^3 ]
# name 16 = svCM: Sound Velocity [Chen-Millero, m/s]
# name 17 = avgsvCM: Average Sound Velocity [Chen-Millero, m/s], minP = 1, minS = 5
# name 18 = flag: flag
# span 0 =        349,      11782       
# span 1 =      3.000,    468.000       
# span 2 =     8.2190,    12.9145       
# span 3 =     8.2195,    12.9147       
# span 4 =   3.333022,   3.771916       
# span 5 =   3.333826,   3.771678       
# span 6 =    3.58242,    5.71062       
# span 7 =     1.5430,     2.3266       
# span 8 =    28.6871,    35.1182       
# span 9 =    28.6985,    35.1138       
# span 10 =    21.7181,    27.3255      
# span 11 =    1484.50,    1496.44      
# span 12 =    6.06377,    6.57581      
# span 13 =    28.6886,    35.1183      
# span 14 =    28.7000,    35.1138      
# span 15 =    21.7190,    27.3255      
# span 16 =    1484.48,    1496.44      
# span 17 =    1487.99,    1494.80      
# span 18 = 0.0000e+00, 0.0000e+00      
# interval = decibars: 1                
# start_time = Oct 24 2012 00:38:35 [System UTC, header]
# bad_flag = -9.990e-29
*END*
[from data line 381]
       9403    384.000     8.2646     8.2651   3.673907   3.673535    3.69157     1.5804    35.1165    35.1119    27.3255    1489.92    6.55602    35.1164    35.1120    27.3254    1489.93    1488.27 0.0000e+00
       9427    385.000     8.2647     8.2653   3.673964   3.673592    3.68672     1.5800    35.1164    35.1119    27.3254    1489.94    6.55600    35.1164    35.1119    27.3254    1489.94    1488.28 0.0000e+00
       9450    386.000     8.2648     8.2654   3.674024   3.673652    3.68001     1.5791    35.1165    35.1120    27.3254    1489.96    6.55598    35.1165    35.1120    27.3255    1489.96    1488.28 0.0000e+00
       9474    387.000     8.2649     8.2655   3.674083   3.673716    3.66878     1.5776    35.1165    35.1120    27.3255    1489.98    6.55596    35.1166    35.1121    27.3255    1489.98    1488.29 0.0000e+00
       9498    388.000     8.2650     8.2656   3.674138   3.673772    3.66354     1.5765    35.1165    35.1120    27.3254    1489.99    6.55595    35.1166    35.1121    27.3255    1489.99    1488.29 0.0000e+00
       9521    389.000     8.2652     8.2657   3.674194   3.673831    3.67169     1.5763    35.1165    35.1121    27.3254    1490.01    6.55592    35.1165    35.1121    27.3254    1490.01    1488.29 0.0000e+00
       9544    390.000     8.2652     8.2658   3.674253   3.673886    3.67912     1.5762    35.1166    35.1120    27.3255    1490.03    6.55591    35.1166    35.1121    27.3255    1490.03    1488.30 0.0000e+00
       9567    391.000     8.2654     8.2659   3.674303   3.673942    3.68595     1.5767    35.1165    35.1120    27.3253    1490.04    6.55589    35.1165    35.1122    27.3254    1490.04    1488.30 0.0000e+00
       9591    392.000     8.2655     8.2661   3.674376   3.674007    3.69158     1.5771    35.1167    35.1122    27.3255    1490.06    6.55587    35.1167    35.1122    27.3255    1490.06    1488.31 0.0000e+00
       9614    393.000     8.2656     8.2663   3.674424   3.674064    3.67374     1.5757    35.1166    35.1121    27.3254    1490.08    6.55585    35.1166    35.1121    27.3255    1490.08    1488.31 0.0000e+00
       9637    394.000     8.2657     8.2664   3.674480   3.674121    3.66433     1.5751    35.1166    35.1121    27.3254    1490.09    6.55584    35.1167    35.1121    27.3255    1490.09    1488.32 0.0000e+00
       9660    395.000     8.2658     8.2665   3.674539   3.674175    3.67182     1.5746    35.1167    35.1121    27.3254    1490.11    6.55582    35.1167    35.1121    27.3255    1490.11    1488.32 0.0000e+00
       9683    396.000     8.2660     8.2666   3.674602   3.674231    3.66245     1.5734    35.1167    35.1122    27.3254    1490.13    6.55579    35.1167    35.1122    27.3254    1490.13    1488.33 0.0000e+00
       9706    397.000     8.2661     8.2667   3.674657   3.674292    3.65943     1.5728    35.1167    35.1123    27.3254    1490.15    6.55578    35.1167    35.1122    27.3254    1490.15    1488.33 0.0000e+00
       9730    398.000     8.2663     8.2669   3.674715   3.674347    3.66071     1.5719    35.1167    35.1122    27.3254    1490.16    6.55575    35.1167    35.1122    27.3254    1490.16    1488.34 0.0000e+00
       9753    399.000     8.2664     8.2669   3.674779   3.674406    3.65496     1.5710    35.1168    35.1122    27.3255    1490.18    6.55574    35.1168    35.1123    27.3254    1490.18    1488.34 0.0000e+00
       9776    400.000     8.2665     8.2671   3.674833   3.674471    3.65515     1.5704    35.1167    35.1124    27.3254    1490.20    6.55572    35.1168    35.1123    27.3254    1490.20    1488.34 0.0000e+00
       9799    401.000     8.2666     8.2672   3.674898   3.674527    3.66231     1.5706    35.1169    35.1124    27.3255    1490.21    6.55570    35.1169    35.1123    27.3255    1490.21    1488.35 0.0000e+00
       9823    402.000     8.2667     8.2672   3.674947   3.674579    3.66155 -9.990e-29    35.1168    35.1123    27.3254    1490.23    6.55569    35.1168    35.1124    27.3254    1490.23    1488.35 0.0000e+00
       9846    403.000     8.2668     8.2674   3.675004   3.674637    3.66252 -9.990e-29    35.1168    35.1123    27.3254    1490.25    6.55567    35.1169    35.1124    27.3254    1490.25    1488.36 0.0000e+00
       9870    404.000     8.2669     8.2676   3.675061   3.674695    3.66878 -9.990e-29    35.1169    35.1123    27.3255    1490.26    6.55566    35.1169    35.1123    27.3255    1490.26    1488.36 0.0000e+00
       9893    405.000     8.2670     8.2676   3.675114   3.674756    3.67495     1.5712    35.1168    35.1124    27.3254    1490.28    6.55564    35.1169    35.1125    27.3254    1490.28    1488.37 0.0000e+00
       9917    406.000     8.2671     8.2677   3.675168   3.674801    3.67372     1.5708    35.1168    35.1123    27.3254    1490.30    6.55562    35.1169    35.1124    27.3254    1490.30    1488.37 0.0000e+00
       9940    407.000     8.2672     8.2678   3.675232   3.674859    3.66063     1.5699    35.1169    35.1124    27.3254    1490.31    6.55560    35.1170    35.1124    27.3255    1490.31    1488.38 0.0000e+00
       9964    408.000     8.2674     8.2680   3.675286   3.674918    3.65497     1.5692    35.1169    35.1124    27.3254    1490.33    6.55558    35.1169    35.1124    27.3254    1490.33    1488.38 0.0000e+00
       9987    409.000     8.2675     8.2681   3.675344   3.674983    3.65927     1.5690    35.1169    35.1125    27.3254    1490.35    6.55556    35.1169    35.1125    27.3254    1490.35    1488.39 0.0000e+00
      10010    410.000     8.2676     8.2683   3.675401   3.675032    3.65331     1.5680    35.1169    35.1124    27.3254    1490.37    6.55555    35.1170    35.1124    27.3254    1490.37    1488.39 0.0000e+00
      10033    411.000     8.2677     8.2684   3.675463   3.675093    3.64657     1.5672    35.1171    35.1125    27.3254    1490.38    6.55553    35.1171    35.1124    27.3255    1490.38    1488.40 0.0000e+00
      10057    412.000     8.2678     8.2684   3.675510   3.675139    3.65676     1.5673    35.1169    35.1124    27.3253    1490.40    6.55552    35.1170    35.1124    27.3254    1490.40    1488.40 0.0000e+00
      10080    413.000     8.2680     8.2686   3.675566   3.675207    3.66346     1.5674    35.1169    35.1125    27.3253    1490.42    6.55549    35.1169    35.1125    27.3253    1490.42    1488.41 0.0000e+00
      10104    414.000     8.2681     8.2687   3.675631   3.675262    3.65634     1.5668    35.1170    35.1125    27.3253    1490.43    6.55547    35.1170    35.1125    27.3254    1490.43    1488.41 0.0000e+00
      10128    415.000     8.2683     8.2689   3.675685   3.675317    3.65141     1.5663    35.1169    35.1124    27.3252    1490.45    6.55545    35.1169    35.1124    27.3253    1490.45    1488.42 0.0000e+00
      10151    416.000     8.2685     8.2690   3.675752   3.675386    3.64757     1.5655    35.1170    35.1126    27.3253    1490.47    6.55542    35.1170    35.1126    27.3253    1490.47    1488.42 0.0000e+00
      10173    417.000     8.2686     8.2691   3.675798   3.675436    3.64192     1.5645    35.1169    35.1125    27.3252    1490.48    6.55541    35.1169    35.1125    27.3252    1490.48    1488.43 0.0000e+00
      10197    418.000     8.2687     8.2692   3.675860   3.675498    3.63339     1.5633    35.1170    35.1126    27.3252    1490.50    6.55539    35.1170    35.1126    27.3252    1490.50    1488.43 0.0000e+00
      10221    419.000     8.2688     8.2694   3.675923   3.675556    3.63498     1.5627    35.1171    35.1126    27.3253    1490.52    6.55537    35.1171    35.1126    27.3253    1490.52    1488.44 0.0000e+00
      10244    420.000     8.2688     8.2695   3.675972   3.675612    3.64535     1.5626    35.1171    35.1126    27.3253    1490.54    6.55536    35.1171    35.1126    27.3253    1490.54    1488.44 0.0000e+00
      10267    421.000     8.2690     8.2696   3.676032   3.675666    3.64112     1.5619    35.1171    35.1126    27.3253    1490.55    6.55534    35.1171    35.1126    27.3253    1490.55    1488.45 0.0000e+00
      10290    422.000     8.2691     8.2697   3.676089   3.675719    3.63417     1.5612    35.1171    35.1126    27.3253    1490.57    6.55532    35.1171    35.1126    27.3253    1490.57    1488.45 0.0000e+00
      10313    423.000     8.2693     8.2698   3.676150   3.675787    3.63022     1.5604    35.1171    35.1127    27.3253    1490.59    6.55530    35.1171    35.1127    27.3252    1490.59    1488.46 0.0000e+00
      10337    424.000     8.2695     8.2700   3.676220   3.675846    3.63288     1.5599    35.1172    35.1126    27.3253    1490.60    6.55527    35.1172    35.1127    27.3253    1490.60    1488.46 0.0000e+00
      10360    425.000     8.2696     8.2701   3.676278   3.675902    3.63098     1.5593    35.1172    35.1127    27.3253    1490.62    6.55525    35.1172    35.1127    27.3253    1490.62    1488.47 0.0000e+00
      10384    426.000     8.2697     8.2702   3.676325   3.675966    3.63047     1.5589    35.1171    35.1127    27.3252    1490.64    6.55524    35.1171    35.1128    27.3252    1490.64    1488.47 0.0000e+00
      10407    427.000     8.2697     8.2703   3.676388   3.676017    3.63422     1.5587    35.1173    35.1127    27.3253    1490.65    6.55523    35.1173    35.1128    27.3254    1490.65    1488.48 0.0000e+00
      10431    428.000     8.2698     8.2705   3.676442   3.676073    3.63463     1.5585    35.1173    35.1127    27.3253    1490.67    6.55521    35.1173    35.1127    27.3253    1490.67    1488.48 0.0000e+00
      10454    429.000     8.2699     8.2706   3.676497   3.676128    3.63332     1.5581    35.1172    35.1127    27.3252    1490.69    6.55519    35.1173    35.1127    27.3253    1490.69    1488.49 0.0000e+00
      10478    430.000     8.2701     8.2707   3.676553   3.676184    3.62574     1.5573    35.1173    35.1127    27.3253    1490.71    6.55517    35.1173    35.1127    27.3252    1490.71    1488.49 0.0000e+00
      10501    431.000     8.2703     8.2708   3.676608   3.676256    3.62336     1.5567    35.1172    35.1129    27.3252    1490.72    6.55515    35.1172    35.1129    27.3251    1490.72    1488.50 0.0000e+00
      10524    432.000     8.2703     8.2709   3.676670   3.676292    3.62325     1.5561    35.1173    35.1127    27.3253    1490.74    6.55513    35.1174    35.1127    27.3253    1490.74    1488.50 0.0000e+00
      10548    433.000     8.2705     8.2710   3.676726   3.676356    3.62493     1.5557    35.1173    35.1128    27.3252    1490.76    6.55511    35.1173    35.1128    27.3252    1490.76    1488.51 0.0000e+00
      10571    434.000     8.2706     8.2712   3.676780   3.676411    3.62183     1.5551    35.1173    35.1128    27.3252    1490.77    6.55510    35.1173    35.1128    27.3252    1490.77    1488.51 0.0000e+00
      10594    435.000     8.2707     8.2713   3.676841   3.676474    3.62492     1.5552    35.1174    35.1129    27.3252    1490.79    6.55508    35.1174    35.1129    27.3252    1490.79    1488.52 0.0000e+00
      10618    436.000     8.2708     8.2714   3.676901   3.676528    3.63627 -9.990e-29    35.1174    35.1129    27.3253    1490.81    6.55506    35.1174    35.1129    27.3253    1490.81    1488.52 0.0000e+00
      10641    437.000     8.2709     8.2715   3.676960   3.676598    3.63419 -9.990e-29    35.1175    35.1130    27.3253    1490.82    6.55505    35.1175    35.1130    27.3253    1490.82    1488.53 0.0000e+00
      10664    438.000     8.2710     8.2716   3.677018   3.676647    3.63272 -9.990e-29    35.1175    35.1129    27.3252    1490.84    6.55502    35.1175    35.1130    27.3253    1490.84    1488.53 0.0000e+00
      10688    439.000     8.2712     8.2717   3.677075   3.676701    3.62998 -9.990e-29    35.1174    35.1129    27.3252    1490.86    6.55500    35.1175    35.1130    27.3252    1490.86    1488.54 0.0000e+00
      10711    440.000     8.2713     8.2719   3.677131   3.676773    3.63327     1.5557    35.1175    35.1131    27.3253    1490.87    6.55499    35.1175    35.1131    27.3252    1490.87    1488.54 0.0000e+00
      10734    441.000     8.2714     8.2720   3.677188   3.676827    3.64563     1.5568    35.1176    35.1131    27.3253    1490.89    6.55497    35.1175    35.1131    27.3252    1490.89    1488.55 0.0000e+00
      10758    442.000     8.2715     8.2722   3.677243   3.676876    3.65500     1.5577    35.1175    35.1130    27.3252    1490.91    6.55495    35.1175    35.1129    27.3252    1490.91    1488.55 0.0000e+00
      10781    443.000     8.2716     8.2722   3.677312   3.676943    3.65240     1.5581    35.1176    35.1131    27.3253    1490.92    6.55493    35.1177    35.1132    27.3254    1490.93    1488.56 0.0000e+00
      10805    444.000     8.2717     8.2724   3.677361   3.676996    3.64694     1.5582    35.1176    35.1131    27.3253    1490.94    6.55492    35.1176    35.1131    27.3253    1490.94    1488.57 0.0000e+00
      10828    445.000     8.2719     8.2725   3.677423   3.677057    3.63434     1.5572    35.1176    35.1131    27.3252    1490.96    6.55489    35.1176    35.1131    27.3253    1490.96    1488.57 0.0000e+00
      10852    446.000     8.2720     8.2726   3.677484   3.677109    3.62324     1.5561    35.1176    35.1131    27.3252    1490.98    6.55487    35.1177    35.1131    27.3253    1490.98    1488.58 0.0000e+00
      10876    447.000     8.2721     8.2727   3.677542   3.677176    3.62144     1.5552    35.1177    35.1132    27.3253    1490.99    6.55485    35.1177    35.1133    27.3253    1490.99    1488.58 0.0000e+00
      10899    448.000     8.2723     8.2729   3.677594   3.677237    3.62225     1.5544    35.1176    35.1132    27.3252    1491.01    6.55484    35.1176    35.1132    27.3252    1491.01    1488.59 0.0000e+00
      10922    449.000     8.2724     8.2730   3.677655   3.677287    3.62541     1.5543    35.1177    35.1132    27.3252    1491.03    6.55481    35.1177    35.1132    27.3252    1491.03    1488.59 0.0000e+00
      10946    450.000     8.2725     8.2731   3.677714   3.677349    3.63367     1.5544    35.1177    35.1132    27.3252    1491.04    6.55480    35.1178    35.1133    27.3253    1491.04    1488.60 0.0000e+00
      10970    451.000     8.2727     8.2733   3.677771   3.677400    3.63917     1.5547    35.1177    35.1131    27.3252    1491.06    6.55477    35.1177    35.1131    27.3252    1491.06    1488.60 0.0000e+00
      10993    452.000     8.2728     8.2734   3.677832   3.677459    3.63487     1.5546    35.1178    35.1132    27.3253    1491.08    6.55475    35.1178    35.1132    27.3252    1491.08    1488.61 0.0000e+00
      11017    453.000     8.2729     8.2735   3.677890   3.677527    3.63471     1.5544    35.1178    35.1133    27.3253    1491.09    6.55474    35.1178    35.1134    27.3252    1491.10    1488.61 0.0000e+00
      11040    454.000     8.2730     8.2737   3.677945   3.677586    3.62142     1.5532    35.1178    35.1133    27.3253    1491.11    6.55472    35.1178    35.1133    27.3252    1491.11    1488.62 0.0000e+00
      11064    455.000     8.2731     8.2738   3.678005   3.677636    3.61613     1.5526    35.1179    35.1133    27.3252    1491.13    6.55470    35.1179    35.1133    27.3253    1491.13    1488.63 0.0000e+00
      11088    456.000     8.2732     8.2739   3.678054   3.677692    3.62651     1.5526    35.1178    35.1133    27.3252    1491.15    6.55469    35.1178    35.1133    27.3252    1491.15    1488.63 0.0000e+00
      11112    457.000     8.2734     8.2740   3.678127   3.677758    3.62827     1.5523    35.1180    35.1134    27.3253    1491.16    6.55466    35.1179    35.1134    27.3253    1491.16    1488.64 0.0000e+00
      11136    458.000     8.2736     8.2742   3.678187   3.677829    3.62243     1.5519    35.1179    35.1134    27.3252    1491.18    6.55463    35.1179    35.1135    27.3252    1491.18    1488.64 0.0000e+00
      11160    459.000     8.2737     8.2743   3.678243   3.677889    3.62136     1.5513    35.1179    35.1135    27.3252    1491.20    6.55461    35.1179    35.1136    27.3252    1491.20    1488.65 0.0000e+00
