_data/ctd/2015/Sta0685_2015.cnv
* Sea-Bird SBE 9 Data File:
* FileName = C:\Seabird\CTDDATA\sta0685.hex
* Software Version Seasave V 7.21f
* Temperature SN = 5127
* Conductivity SN = 3771
* Number of Bytes Per Scan = 41
* Number of Voltage Words = 4
* Number of Scans Averaged by the Deck Unit = 1
* NMEA Latitude = 60 52.11 N
* NMEA Longitude = 005 21.94 E
* NMEA UTC (Time) = Sep 17 2015 10:19:09
** Ship: 01 F/F "Håkon Mosby"
** Station: 0685
** Echodepth: 472
** Log: 3603.160
** Wind-Dir Force: 05 02
** Air-temp (dry): 16.5
** Weather Sky: 2 3
** Sea Ice: 1 0
** UNIS station:
# nquan = 18                                
# nvalues = 473                         
# units = specified
# name 0 = scan: Scan Count
# name 1 = prDM: Pressure, Digiquartz [db]
# name 2 = t068C: Temperature [ITS-68, deg C]
# name 3 = c0S/m: Conductivity [S/m]
# name 4 = t168C: Temperature, 2 [ITS-68, deg C]
# name 5 = c1S/m: Conductivity, 2 [S/m]
# name 6 = altM: Altimeter [m]
# name 7 = sbeox0V: Oxygen raw, SBE 43 [V]
# name 8 = flC: Fluorescence, Chelsea Aqua 3 Chl Con [ug/l]
# name 9 = xmiss: Beam Transmission, Chelsea/Seatech [%]
# name 10 = par: PAR/Irradiance, Biospherical/Licor
# name 11 = sbeox0ML/L: Oxygen, SBE 43 [ml/l], WS = 2
# name 12 = sal00: Salinity, Practical [PSU]
# name 13 = sal11: Salinity, Practical, 2 [PSU]
# name 14 = sigma-t00: Density [sigma-t, Kg/m^3 ]
# name 15 = svCM: Sound Velocity [Chen-Millero, m/s]
# name 16 = avgsvCM: Average Sound Velocity [Chen-Millero, m/s], minP = 0, minS = 0
# name 17 = flag: flag
# span 0 =        441,      11683       
# span 1 =      3.000,    475.000       
# span 2 =     8.0887,    14.3782       
# span 3 =   3.304642,   3.806334       
# span 4 =     8.0889,    14.3789       
# span 5 =   3.309135,   3.806886       
# span 6 =       2.90,     108.24       
# span 7 =     1.1237,     2.1079       
# span 8 =     0.0333,     0.6886       
# span 9 =     0.4814,    74.1555       
# span 10 = -1.556e-07, 1.4150e+02      
# span 11 =    2.22936,    5.02836      
# span 12 =    26.6919,    35.0592      
# span 13 =    26.7348,    35.0674      
# span 14 =    19.7316,    27.2901      
# span 15 =    1484.17,    1499.88      
# span 16 =    1487.95,    1498.54      
# span 17 = 0.0000e+00, 0.0000e+00      
# interval = decibars: 1                
# start_time = Sep 17 2015 10:19:12 [System UTC, first data scan.]
# bad_flag = -9.990e-29
*END*
[from data line 161]
       4105    164.000     8.1186   3.635519     8.1187   3.636322      96.46     1.3783     0.0398    74.0732 1.0000e-12    3.00761    34.9575    34.9660    27.2229    1485.56    1488.91 0.0000e+00
       4127    165.000     8.1187   3.635636     8.1190   3.636432      62.05     1.3746     0.0391    74.0434 1.0000e-12    3.00576    34.9582    34.9664    27.2234    1485.58    1488.89 0.0000e+00
       4149    166.000     8.1180   3.635693     8.1183   3.636497      67.58     1.3733     0.0420    74.0566 1.0000e-12    3.01097    34.9590    34.9673    27.2242    1485.59    1488.87 0.0000e+00
       4171    167.000     8.1182   3.635784     8.1185   3.636589      93.39     1.3713     0.0414    74.0613 1.0000e-12    2.99436    34.9593    34.9676    27.2244    1485.61    1488.85 0.0000e+00
       4193    168.000     8.1183   3.635895     8.1186   3.636693      93.53     1.3678     0.0425    74.0469 1.0000e-12    2.98887    34.9599    34.9681    27.2248    1485.62    1488.83 0.0000e+00
       4215    169.000     8.1184   3.635985     8.1186   3.636791      96.52     1.3670     0.0395    74.0551 1.0000e-12    2.98684    34.9603    34.9687    27.2251    1485.64    1488.82 0.0000e+00
       4238    170.000     8.1183   3.636086     8.1186   3.636892      96.46     1.3639     0.0387    74.0602 1.0000e-12    2.97117    34.9610    34.9693    27.2257    1485.66    1488.80 0.0000e+00
       4260    171.000     8.1183   3.636172     8.1185   3.636970      96.47     1.3620     0.0379    74.0413 1.0000e-12    2.97888    34.9614    34.9698    27.2260    1485.68    1488.78 0.0000e+00
       4283    172.000     8.1181   3.636246     8.1184   3.637046      84.01     1.3616     0.0380    74.0336 1.0000e-12    2.97679    34.9619    34.9702    27.2265    1485.69    1488.76 0.0000e+00
       4306    173.000     8.1179   3.636328     8.1182   3.637134      78.94     1.3594     0.0367    74.0391 1.0000e-12    2.95805    34.9625    34.9708    27.2269    1485.71    1488.74 0.0000e+00
       4328    174.000     8.1176   3.636390     8.1179   3.637194      96.35     1.3569     0.0341    74.0401 1.0000e-12    2.94898    34.9630    34.9713    27.2274    1485.72    1488.73 0.0000e+00
       4351    175.000     8.1170   3.636460     8.1173   3.637248      96.31     1.3541     0.0333    74.0449 1.0000e-12    2.94218    34.9638    34.9720    27.2281    1485.74    1488.71 0.0000e+00
       4374    176.000     8.1172   3.636530     8.1175   3.637319      96.26     1.3524     0.0365    74.0380 1.0000e-12    2.93959    34.9639    34.9721    27.2282    1485.76    1488.69 0.0000e+00
       4396    177.000     8.1173   3.636588     8.1177   3.637387      96.46     1.3502     0.0381    74.0401 1.0000e-12    2.93058    34.9640    34.9721    27.2282    1485.77    1488.67 0.0000e+00
       4419    178.000     8.1174   3.636653     8.1178   3.637452      96.46     1.3483     0.0377    74.0302 1.0000e-12    2.92795    34.9641    34.9722    27.2282    1485.79    1488.66 0.0000e+00
       4442    179.000     8.1175   3.636731     8.1178   3.637529      96.47     1.3465     0.0385    74.0191 1.0000e-12    2.91844    34.9643    34.9726    27.2284    1485.81    1488.64 0.0000e+00
       4465    180.000     8.1178   3.636833     8.1182   3.637633      82.96     1.3439     0.0390    74.0142 1.0000e-12    2.91045    34.9646    34.9728    27.2286    1485.83    1488.63 0.0000e+00
       4488    181.000     8.1181   3.636954     8.1184   3.637750      72.47     1.3426     0.0410    74.0178 1.0000e-12    2.91630    34.9651    34.9734    27.2290    1485.84    1488.61 0.0000e+00
       4511    182.000     8.1182   3.637029     8.1185   3.637829      96.06     1.3421     0.0417    73.9892 1.0000e-12    2.92032    34.9654    34.9736    27.2291    1485.86    1488.60 0.0000e+00
       4535    183.000     8.1185   3.637135     8.1188   3.637935      96.45     1.3417     0.0388    74.0155 1.0000e-12    2.91366    34.9657    34.9740    27.2294    1485.88    1488.58 0.0000e+00
       4557    184.000     8.1186   3.637228     8.1189   3.638028      96.47     1.3400     0.0390    74.0109 1.0000e-12    2.89795    34.9661    34.9744    27.2297    1485.90    1488.57 0.0000e+00
       4580    185.000     8.1186   3.637305     8.1190   3.638091      96.46     1.3376     0.0393    74.0223 1.0000e-12    2.88787    34.9665    34.9745    27.2299    1485.91    1488.55 0.0000e+00
       4603    186.000     8.1189   3.637399     8.1193   3.638189      96.46     1.3353     0.0406    74.0223 1.0000e-12    2.88359    34.9667    34.9747    27.2301    1485.93    1488.54 0.0000e+00
       4625    187.000     8.1196   3.637544     8.1199   3.638337      72.08     1.3339     0.0423    74.0213 1.0000e-12    2.89009    34.9671    34.9753    27.2303    1485.95    1488.52 0.0000e+00
       4648    188.000     8.1206   3.637735     8.1210   3.638532      73.99     1.3337     0.0416    74.0109 1.0000e-12    2.89197    34.9676    34.9758    27.2306    1485.97    1488.51 0.0000e+00
       4671    189.000     8.1218   3.637972     8.1222   3.638760      96.52     1.3326     0.0388    73.9997 1.0000e-12    2.87723    34.9685    34.9765    27.2310    1485.99    1488.50 0.0000e+00
       4694    190.000     8.1236   3.638296     8.1240   3.639078      96.46     1.3304     0.0384    73.9873 1.0000e-12    2.86940    34.9697    34.9776    27.2317    1486.02    1488.48 0.0000e+00
       4717    191.000     8.1245   3.638464     8.1250   3.639272      96.46     1.3295     0.0387    73.9555 1.0000e-12    2.87968    34.9701    34.9782    27.2319    1486.04    1488.47 0.0000e+00
       4740    192.000     8.1255   3.638659     8.1259   3.639450      63.89     1.3292     0.0390    73.9873 1.0000e-12    2.87955    34.9707    34.9788    27.2322    1486.06    1488.46 0.0000e+00
       4762    193.000     8.1265   3.638851     8.1269   3.639640      67.92     1.3294     0.0415    73.9869 1.0000e-12    2.88516    34.9713    34.9793    27.2325    1486.08    1488.45 0.0000e+00
       4784    194.000     8.1284   3.639163     8.1288   3.639958      92.61     1.3298     0.0398    73.9852 1.0000e-12    2.88673    34.9722    34.9803    27.2330    1486.11    1488.43 0.0000e+00
       4804    195.000     8.1289   3.639279     8.1292   3.640075      89.19     1.3299     0.0372    73.9659 1.0000e-12    2.88305    34.9725    34.9807    27.2331    1486.12    1488.42 0.0000e+00
       4826    196.000     8.1294   3.639425     8.1298   3.640214      96.45     1.3291     0.0374    73.9750 1.0000e-12    2.87665    34.9731    34.9811    27.2335    1486.14    1488.41 0.0000e+00
       4848    197.000     8.1309   3.639698     8.1313   3.640483      96.46     1.3289     0.0421    73.9473 1.0000e-12    2.88324    34.9740    34.9820    27.2340    1486.17    1488.40 0.0000e+00
       4871    198.000     8.1321   3.639906     8.1324   3.640681      96.47     1.3291     0.0426    73.9232 1.0000e-12    2.87952    34.9746    34.9826    27.2343    1486.19    1488.39 0.0000e+00
       4894    199.000     8.1322   3.640011     8.1325   3.640807      81.85     1.3283     0.0403    73.8716 1.0000e-12    2.87931    34.9751    34.9833    27.2347    1486.21    1488.38 0.0000e+00
       4917    200.000     8.1322   3.640109     8.1326   3.640892      49.89     1.3290     0.0384    73.8882 1.0000e-12    2.88924    34.9757    34.9837    27.2351    1486.22    1488.37 0.0000e+00
       4939    201.000     8.1329   3.640303     8.1334   3.641094      96.45     1.3291     0.0384    73.8567 1.0000e-12    2.88215    34.9766    34.9845    27.2357    1486.24    1488.36 0.0000e+00
       4961    202.000     8.1334   3.640422     8.1337   3.641223      96.18     1.3288     0.0392    73.8424 1.0000e-12    2.88081    34.9769    34.9851    27.2359    1486.26    1488.35 0.0000e+00
       4983    203.000     8.1334   3.640506     8.1338   3.641289      96.46     1.3287     0.0382    73.8400 1.0000e-12    2.88289    34.9773    34.9853    27.2362    1486.28    1488.34 0.0000e+00
       5006    204.000     8.1336   3.640603     8.1339   3.641384      96.47     1.3286     0.0379    73.8282 1.0000e-12    2.88054    34.9776    34.9857    27.2364    1486.30    1488.33 0.0000e+00
       5028    205.000     8.1339   3.640705     8.1342   3.641494      96.46     1.3280     0.0389    73.8246 1.0000e-12    2.87161    34.9779    34.9861    27.2366    1486.31    1488.32 0.0000e+00
       5050    206.000     8.1340   3.640778     8.1343   3.641562      93.63     1.3265     0.0389    73.7922 1.0000e-12    2.86950    34.9781    34.9862    27.2368    1486.33    1488.31 0.0000e+00
       5073    207.000     8.1341   3.640847     8.1344   3.641626      55.74     1.3266     0.0393    73.7905 1.0000e-12    2.87745    34.9783    34.9863    27.2369    1486.35    1488.30 0.0000e+00
       5094    208.000     8.1343   3.640935     8.1346   3.641715      96.37     1.3261     0.0408    73.7882 1.0000e-12    2.86237    34.9786    34.9866    27.2371    1486.37    1488.29 0.0000e+00
       5116    209.000     8.1344   3.641011     8.1348   3.641803      96.46     1.3243     0.0420    73.7847 1.0000e-12    2.86383    34.9788    34.9869    27.2372    1486.38    1488.28 0.0000e+00
       5138    210.000     8.1345   3.641078     8.1349   3.641873      96.47     1.3245     0.0435    73.7800 1.0000e-12    2.87372    34.9789    34.9870    27.2373    1486.40    1488.27 0.0000e+00
       5160    211.000     8.1346   3.641152     8.1350   3.641936      96.46     1.3246     0.0428    73.7764 1.0000e-12    2.86576    34.9791    34.9871    27.2375    1486.42    1488.26 0.0000e+00
       5182    212.000     8.1346   3.641229     8.1350   3.642009      96.46     1.3234     0.0379    73.7810 1.0000e-12    2.85998    34.9795    34.9874    27.2377    1486.43    1488.25 0.0000e+00
       5204    213.000     8.1346   3.641299     8.1350   3.642085      96.47     1.3229     0.0404    73.7776 1.0000e-12    2.86114    34.9797    34.9878    27.2380    1486.45    1488.24 0.0000e+00
       5227    214.000     8.1347   3.641369     8.1350   3.642151      27.62     1.3221     0.0414    73.7478 1.0000e-12    2.85363    34.9799    34.9880    27.2381    1486.47    1488.24 0.0000e+00
       5249    215.000     8.1348   3.641428     8.1351   3.642221      96.17     1.3207     0.0405    73.7464 1.0000e-12    2.85159    34.9800    34.9881    27.2381    1486.49    1488.23 0.0000e+00
       5271    216.000     8.1348   3.641491     8.1352   3.642281      81.55     1.3203     0.0392    73.7423 1.0000e-12    2.85358    34.9802    34.9882    27.2382    1486.50    1488.22 0.0000e+00
       5294    217.000     8.1350   3.641562     8.1352   3.642343      96.67     1.3196     0.0407    73.7243 1.0000e-12    2.84934    34.9802    34.9884    27.2383    1486.52    1488.21 0.0000e+00
       5316    218.000     8.1349   3.641628     8.1352   3.642409      96.46     1.3186     0.0399    73.7396 1.0000e-12    2.84695    34.9806    34.9886    27.2385    1486.54    1488.20 0.0000e+00
       5338    219.000     8.1347   3.641719     8.1351   3.642502      96.46     1.3183     0.0393    73.7479 1.0000e-12    2.84790    34.9812    34.9892    27.2391    1486.55    1488.20 0.0000e+00
       5360    220.000     8.1346   3.641784     8.1350   3.642568      96.46     1.3176     0.0399    73.7463 1.0000e-12    2.83888    34.9816    34.9895    27.2394    1486.57    1488.19 0.0000e+00
       5382    221.000     8.1346   3.641836     8.1349   3.642624      96.46     1.3159     0.0395    73.7673 1.0000e-12    2.83423    34.9816    34.9898    27.2394    1486.59    1488.18 0.0000e+00
       5403    222.000     8.1347   3.641888     8.1350   3.642670      96.47     1.3154     0.0417    73.7552 1.0000e-12    2.84337    34.9816    34.9897    27.2394    1486.60    1488.17 0.0000e+00
       5425    223.000     8.1348   3.641944     8.1351   3.642741      96.46     1.3156     0.0433    73.7819 1.0000e-12    2.84165    34.9816    34.9899    27.2394    1486.62    1488.17 0.0000e+00
       5446    224.000     8.1347   3.642017     8.1350   3.642795      96.47     1.3149     0.0416    73.7576 1.0000e-12    2.83812    34.9820    34.9900    27.2397    1486.64    1488.16 0.0000e+00
       5468    225.000     8.1347   3.642065     8.1349   3.642854      96.46     1.3144     0.0434    73.7623 1.0000e-12    2.83707    34.9821    34.9903    27.2398    1486.65    1488.15 0.0000e+00
       5489    226.000     8.1345   3.642125     8.1348   3.642914      96.46     1.3144     0.0424    73.7736 1.0000e-12    2.84039    34.9824    34.9906    27.2401    1486.67    1488.15 0.0000e+00
       5511    227.000     8.1337   3.642121     8.1339   3.642920      96.46     1.3139     0.0377    73.7524 1.0000e-12    2.83114    34.9827    34.9910    27.2404    1486.68    1488.14 0.0000e+00
       5533    228.000     8.1332   3.642156     8.1334   3.642936      96.46     1.3127     0.0384    73.7816 1.0000e-12    2.82396    34.9831    34.9912    27.2408    1486.70    1488.13 0.0000e+00
       5554    229.000     8.1332   3.642228     8.1335   3.643014      96.46     1.3111     0.0366    73.8008 1.0000e-12    2.82489    34.9834    34.9915    27.2410    1486.71    1488.13 0.0000e+00
       5576    230.000     8.1327   3.642243     8.1330   3.643024      96.46     1.3116     0.0400    73.8104 1.0000e-12    2.84020    34.9835    34.9916    27.2412    1486.73    1488.12 0.0000e+00
       5597    231.000     8.1322   3.642267     8.1325   3.643046      96.47     1.3122     0.0406    73.8351 1.0000e-12    2.83478    34.9838    34.9918    27.2415    1486.74    1488.12 0.0000e+00
       5619    232.000     8.1324   3.642352     8.1327   3.643127      96.46     1.3116     0.0418    73.8463 1.0000e-12    2.82801    34.9840    34.9920    27.2417    1486.76    1488.11 0.0000e+00
       5641    233.000     8.1322   3.642417     8.1326   3.643212      96.46     1.3107     0.0417    73.8363 1.0000e-12    2.82633    34.9845    34.9926    27.2420    1486.78    1488.10 0.0000e+00
       5662    234.000     8.1313   3.642403     8.1317   3.643191      96.46     1.3105     0.0427    73.8517 1.0000e-12    2.83000    34.9847    34.9928    27.2424    1486.79    1488.10 0.0000e+00
       5684    235.000     8.1303   3.642423     8.1307   3.643214      96.46     1.3105     0.0415    73.8552 1.0000e-12    2.83329    34.9854    34.9935    27.2431    1486.80    1488.09 0.0000e+00
       5706    236.000     8.1293   3.642430     8.1296   3.643206      96.46     1.3110     0.0420    73.8437 1.0000e-12    2.83632    34.9860    34.9940    27.2437    1486.82    1488.09 0.0000e+00
       5728    237.000     8.1290   3.642446     8.1293   3.643240      96.46     1.3109     0.0424    73.8554 1.0000e-12    2.83118    34.9860    34.9942    27.2437    1486.83    1488.08 0.0000e+00
       5749    238.000     8.1287   3.642481     8.1290   3.643270      96.47     1.3106     0.0398    73.7658 1.0000e-12    2.82636    34.9862    34.9944    27.2439    1486.85    1488.08 0.0000e+00
       5771    239.000     8.1281   3.642505     8.1285   3.643295      96.46     1.3095     0.0375    73.8707 1.0000e-12    2.82339    34.9866    34.9946    27.2443    1486.86    1488.07 0.0000e+00
       5793    240.000     8.1282   3.642573     8.1285   3.643346      96.46     1.3092     0.0383    73.8759 1.0000e-12    2.83562    34.9867    34.9947    27.2444    1486.88    1488.07 0.0000e+00
       5815    241.000     8.1282   3.642624     8.1285   3.643405      96.46     1.3111     0.0385    73.8975 1.0000e-12    2.85174    34.9868    34.9949    27.2445    1486.90    1488.06 0.0000e+00
       5838    242.000     8.1282   3.642669     8.1285   3.643450      96.47     1.3123     0.0384    73.8870 1.0000e-12    2.84367    34.9868    34.9949    27.2445    1486.91    1488.06 0.0000e+00
       5859    243.000     8.1277   3.642701     8.1280   3.643486      96.46     1.3118     0.0398    73.8731 1.0000e-12    2.82763    34.9872    34.9953    27.2448    1486.93    1488.05 0.0000e+00
