_data/ctd/2015/Sta0685_2015.cnv
* Sea-Bird SBE 9 Data File:
* FileName = C:\Seabird\CTDDATA\sta0685.hex
* Software Version Seasave V 7.21f
* Temperature SN = 5127
* Conductivity SN = 3771
* Number of Bytes Per Scan = 41
* Number of Voltage Words = 4
* Number of Scans Averaged by the Deck Unit = 1
* NMEA Latitude = 60 52.11 N
* NMEA Longitude = 005 21.94 E
* NMEA UTC (Time) = Sep 17 2015 10:19:09
** Ship: 01 F/F "Håkon Mosby"
** Station: 0685
** Echodepth: 472
** Log: 3603.160
** Wind-Dir Force: 05 02
** Air-temp (dry): 16.5
** Weather Sky: 2 3
** Sea Ice: 1 0
** UNIS station:
# nquan = 18                                
# nvalues = 473                         
# units = specified
# name 0 = scan: Scan Count
# name 1 = prDM: Pressure, Digiquartz [db]
# name 2 = t068C: Temperature [ITS-68, deg C]
# name 3 = c0S/m: Conductivity [S/m]
# name 4 = t168C: Temperature, 2 [ITS-68, deg C]
# name 5 = c1S/m: Conductivity, 2 [S/m]
# name 6 = altM: Altimeter [m]
# name 7 = sbeox0V: Oxygen raw, SBE 43 [V]
# name 8 = flC: Fluorescence, Chelsea Aqua 3 Chl Con [ug/l]
# name 9 = xmiss: Beam Transmission, Chelsea/Seatech [%]
# name 10 = par: PAR/Irradiance, Biospherical/Licor
# name 11 = sbeox0ML/L: Oxygen, SBE 43 [ml/l], WS = 2
# name 12 = sal00: Salinity, Practical [PSU]
# name 13 = sal11: Salinity, Practical, 2 [PSU]
# name 14 = sigma-t00: Density [sigma-t, Kg/m^3 ]
# name 15 = svCM: Sound Velocity [Chen-Millero, m/s]
# name 16 = avgsvCM: Average Sound Velocity [Chen-Millero, m/s], minP = 0, minS = 0
# name 17 = flag: flag
# span 0 =        441,      11683       
# span 1 =      3.000,    475.000       
# span 2 =     8.0887,    14.3782       
# span 3 =   3.304642,   3.806334       
# span 4 =     8.0889,    14.3789       
# span 5 =   3.309135,   3.806886       
# span 6 =       2.90,     108.24       
# span 7 =     1.1237,     2.1079       
# span 8 =     0.0333,     0.6886       
# span 9 =     0.4814,    74.1555       
# span 10 = -1.556e-07, 1.4150e+02      
# span 11 =    2.22936,    5.02836      
# span 12 =    26.6919,    35.0592      
# span 13 =    26.7348,    35.0674      
# span 14 =    19.7316,    27.2901      
# span 15 =    1484.17,    1499.88      
# span 16 =    1487.95,    1498.54      
# span 17 = 0.0000e+00, 0.0000e+00      
# interval = decibars: 1                
# start_time = Sep 17 2015 10:19:12 [System UTC, first data scan.]
# bad_flag = -9.990e-29
*END*
[from data line 242]
       5903    245.000     8.1271   3.642825     8.1274   3.643601      96.46     1.3096     0.0425    73.9153 1.0000e-12    2.83910    34.9881    34.9961    27.2457    1486.96    1488.04 0.0000e+00
       5925    246.000     8.1270   3.642878     8.1273   3.643657      96.47     1.3110     0.0438    73.9367 1.0000e-12    2.84499    34.9883    34.9963    27.2458    1486.98    1488.04 0.0000e+00
       5946    247.000     8.1270   3.642953     8.1272   3.643737      96.47     1.3113     0.0431    73.9225 1.0000e-12    2.83496    34.9886    34.9968    27.2461    1486.99    1488.04 0.0000e+00
       5968    248.000     8.1268   3.643050     8.1271   3.643835      96.46     1.3102     0.0427    73.9390 1.0000e-12    2.82711    34.9894    34.9975    27.2467    1487.01    1488.03 0.0000e+00
       5989    249.000     8.1269   3.643142     8.1272   3.643919      96.46     1.3097     0.0399    73.9435 1.0000e-12    2.83283    34.9898    34.9978    27.2470    1487.03    1488.03 0.0000e+00
       6011    250.000     8.1270   3.643230     8.1272   3.644014      96.47     1.3099     0.0395    73.9659 1.0000e-12    2.83652    34.9901    34.9983    27.2473    1487.04    1488.02 0.0000e+00
       6033    251.000     8.1272   3.643320     8.1275   3.644113      96.46     1.3099     0.0400    73.9707 1.0000e-12    2.83271    34.9904    34.9986    27.2475    1487.06    1488.02 0.0000e+00
       6055    252.000     8.1276   3.643411     8.1279   3.644197      96.45     1.3094     0.0379    73.9730 1.0000e-12    2.83216    34.9905    34.9986    27.2475    1487.08    1488.02 0.0000e+00
       6077    253.000     8.1280   3.643559     8.1283   3.644319      93.53     1.3097     0.0386    73.9564 1.0000e-12    2.83669    34.9912    34.9991    27.2480    1487.10    1488.01 0.0000e+00
       6099    254.000     8.1283   3.643711     8.1286   3.644483      86.24     1.3095     0.0395    73.9291 1.0000e-12    2.82844    34.9921    35.0000    27.2486    1487.12    1488.01 0.0000e+00
       6121    255.000     8.1287   3.643823     8.1290   3.644614      96.64     1.3085     0.0388    73.9774 1.0000e-12    2.82470    34.9924    35.0006    27.2488    1487.14    1488.01 0.0000e+00
       6143    256.000     8.1287   3.643978     8.1290   3.644764      96.45     1.3079     0.0366    73.9682 1.0000e-12    2.82509    34.9936    35.0017    27.2497    1487.15    1488.00 0.0000e+00
       6164    257.000     8.1289   3.644094     8.1293   3.644875      96.38     1.3073     0.0376    73.9718 1.0000e-12    2.82078    34.9941    35.0021    27.2501    1487.17    1488.00 0.0000e+00
       6186    258.000     8.1293   3.644220     8.1297   3.645006      96.46     1.3065     0.0390    73.9672 1.0000e-12    2.81302    34.9946    35.0026    27.2504    1487.19    1488.00 0.0000e+00
       6208    259.000     8.1300   3.644470     8.1304   3.645238      96.46     1.3047     0.0375    73.9401 1.0000e-12    2.80849    34.9961    35.0039    27.2515    1487.21    1487.99 0.0000e+00
       6230    260.000     8.1316   3.644953     8.1320   3.645715      96.47     1.3042     0.0382    73.9508 1.0000e-12    2.81868    34.9992    35.0069    27.2537    1487.24    1487.99 0.0000e+00
       6252    261.000     8.1321   3.645098     8.1324   3.645885      96.46     1.3048     0.0419    73.9379 1.0000e-12    2.82370    34.9998    35.0079    27.2540    1487.26    1487.99 0.0000e+00
       6274    262.000     8.1326   3.645264     8.1330   3.646042      37.63     1.3047     0.0426    73.9204 1.0000e-12    2.81547    35.0006    35.0085    27.2546    1487.28    1487.98 0.0000e+00
       6296    263.000     8.1344   3.645691     8.1347   3.646452      95.73     1.3039     0.0398    73.8971 1.0000e-12    2.80832    35.0028    35.0107    27.2561    1487.30    1487.98 0.0000e+00
       6318    264.000     8.1349   3.645877     8.1353   3.646645      96.32     1.3025     0.0386    73.8953 1.0000e-12    2.79627    35.0039    35.0117    27.2568    1487.32    1487.98 0.0000e+00
       6340    265.000     8.1360   3.646162     8.1364   3.646933      96.46     1.3005     0.0376    73.8277 1.0000e-12    2.78909    35.0053    35.0132    27.2578    1487.34    1487.98 0.0000e+00
       6362    266.000     8.1368   3.646351     8.1372   3.647122      96.47     1.2989     0.0411    73.8306 1.0000e-12    2.78819    35.0061    35.0139    27.2583    1487.36    1487.97 0.0000e+00
       6384    267.000     8.1383   3.646708     8.1388   3.647476      96.46     1.2977     0.0413    73.8557 1.0000e-12    2.78454    35.0079    35.0156    27.2595    1487.39    1487.97 0.0000e+00
       6406    268.000     8.1398   3.647058     8.1401   3.647832      96.46     1.2960     0.0434    73.8397 1.0000e-12    2.77146    35.0097    35.0177    27.2607    1487.41    1487.97 0.0000e+00
       6428    269.000     8.1405   3.647232     8.1408   3.648014      69.74     1.2934     0.0437    73.8399 1.0000e-12    2.74494    35.0104    35.0184    27.2611    1487.43    1487.97 0.0000e+00
       6451    270.000     8.1414   3.647444     8.1417   3.648224      95.65     1.2880     0.0443    73.8246 1.0000e-12    2.73382    35.0112    35.0193    27.2617    1487.45    1487.97 0.0000e+00
       6473    271.000     8.1421   3.647647     8.1424   3.648412      96.46     1.2869     0.0397    73.8331 1.0000e-12    2.74631    35.0122    35.0201    27.2623    1487.47    1487.96 0.0000e+00
       6495    272.000     8.1431   3.647900     8.1434   3.648672      96.47     1.2852     0.0365    73.8020 1.0000e-12    2.73366    35.0135    35.0214    27.2631    1487.50    1487.96 0.0000e+00
       6517    273.000     8.1442   3.648189     8.1445   3.648968      96.46     1.2822     0.0370    73.7904 1.0000e-12    2.71986    35.0150    35.0230    27.2642    1487.52    1487.96 0.0000e+00
       6539    274.000     8.1453   3.648502     8.1457   3.649278      53.96     1.2803     0.0382    73.7775 1.0000e-12    2.71919    35.0168    35.0247    27.2654    1487.54    1487.96 0.0000e+00
       6560    275.000     8.1464   3.648767     8.1467   3.649560      74.89     1.2782     0.0392    73.7857 1.0000e-12    2.70784    35.0180    35.0262    27.2662    1487.56    1487.96 0.0000e+00
       6582    276.000     8.1470   3.648944     8.1474   3.649722      89.70     1.2756     0.0391    73.8228 1.0000e-12    2.70699    35.0188    35.0267    27.2668    1487.58    1487.96 0.0000e+00
       6604    277.000     8.1476   3.649092     8.1479   3.649849      92.26     1.2750     0.0373    73.8379 1.0000e-12    2.71143    35.0193    35.0271    27.2671    1487.60    1487.96 0.0000e+00
       6626    278.000     8.1498   3.649598     8.1501   3.650363      96.51     1.2735     0.0395    73.8285 1.0000e-12    2.70046    35.0221    35.0299    27.2689    1487.63    1487.95 0.0000e+00
       6648    279.000     8.1502   3.649753     8.1506   3.650542      96.46     1.2721     0.0417    73.8117 1.0000e-12    2.69712    35.0228    35.0309    27.2694    1487.65    1487.95 0.0000e+00
       6671    280.000     8.1515   3.650034     8.1518   3.650809      96.46     1.2706     0.0395    73.8287 1.0000e-12    2.68852    35.0241    35.0321    27.2702    1487.67    1487.95 0.0000e+00
       6693    281.000     8.1525   3.650283     8.1529   3.651076      96.46     1.2683     0.0377    73.8317 1.0000e-12    2.68113    35.0253    35.0333    27.2710    1487.69    1487.95 0.0000e+00
       6716    282.000     8.1531   3.650447     8.1535   3.651240      96.46     1.2671     0.0406    73.8152 1.0000e-12    2.67510    35.0259    35.0340    27.2714    1487.71    1487.95 0.0000e+00
       6738    283.000     8.1540   3.650687     8.1544   3.651466      78.75     1.2646     0.0414    73.8142 1.0000e-12    2.66783    35.0271    35.0350    27.2722    1487.74    1487.95 0.0000e+00
       6760    284.000     8.1552   3.650961     8.1556   3.651751      77.74     1.2634     0.0403    73.8057 1.0000e-12    2.66297    35.0284    35.0364    27.2730    1487.76    1487.95 0.0000e+00
       6782    285.000     8.1561   3.651170     8.1565   3.651944      96.66     1.2608     0.0395    73.8189 1.0000e-12    2.65283    35.0292    35.0371    27.2735    1487.78    1487.95 0.0000e+00
       6804    286.000     8.1571   3.651392     8.1574   3.652168      96.46     1.2590     0.0405    73.7851 1.0000e-12    2.64634    35.0301    35.0381    27.2741    1487.80    1487.95 0.0000e+00
       6826    287.000     8.1579   3.651627     8.1586   3.652442      96.47     1.2568     0.0399    73.7994 1.0000e-12    2.63767    35.0314    35.0394    27.2749    1487.82    1487.95 0.0000e+00
       6848    288.000     8.1589   3.651866     8.1593   3.652657      81.63     1.2544     0.0385    73.7769 1.0000e-12    2.62801    35.0324    35.0405    27.2756    1487.84    1487.95 0.0000e+00
       6870    289.000     8.1590   3.651936     8.1594   3.652728      52.22     1.2523     0.0408    73.7985 1.0000e-12    2.62853    35.0326    35.0407    27.2758    1487.86    1487.95 0.0000e+00
       6892    290.000     8.1591   3.651991     8.1595   3.652781      85.87     1.2510     0.0409    73.7930 1.0000e-12    2.62594    35.0326    35.0407    27.2757    1487.88    1487.95 0.0000e+00
       6914    291.000     8.1594   3.652079     8.1597   3.652865      69.06     1.2495     0.0392    73.7799 1.0000e-12    2.62053    35.0328    35.0409    27.2758    1487.89    1487.95 0.0000e+00
       6937    292.000     8.1603   3.652311     8.1608   3.653096      96.66     1.2479     0.0375    73.8024 1.0000e-12    2.60766    35.0339    35.0418    27.2766    1487.92    1487.95 0.0000e+00
       6959    293.000     8.1612   3.652528     8.1614   3.653296      96.46     1.2458     0.0417    73.8004 1.0000e-12    2.61044    35.0348    35.0428    27.2772    1487.94    1487.95 0.0000e+00
       6981    294.000     8.1618   3.652676     8.1622   3.653449      96.46     1.2448     0.0403    73.8258 1.0000e-12    2.61153    35.0353    35.0432    27.2775    1487.96    1487.95 0.0000e+00
       7004    295.000     8.1636   3.653093     8.1640   3.653861      96.47     1.2445     0.0401    73.8353 1.0000e-12    2.62024    35.0375    35.0453    27.2789    1487.98    1487.95 0.0000e+00
       7026    296.000     8.1649   3.653379     8.1653   3.654162      96.46     1.2451     0.0401    73.8524 1.0000e-12    2.61907    35.0388    35.0468    27.2797    1488.00    1487.95 0.0000e+00
       7049    297.000     8.1653   3.653500     8.1657   3.654287      92.73     1.2442     0.0413    73.8375 1.0000e-12    2.60359    35.0392    35.0472    27.2800    1488.02    1487.95 0.0000e+00
       7071    298.000     8.1657   3.653587     8.1660   3.654363      66.36     1.2423     0.0386    73.8319 1.0000e-12    2.59806    35.0393    35.0472    27.2800    1488.04    1487.95 0.0000e+00
       7093    299.000     8.1666   3.653826     8.1671   3.654606      96.00     1.2416     0.0394    73.8468 1.0000e-12    2.59818    35.0404    35.0483    27.2807    1488.06    1487.95 0.0000e+00
       7116    300.000     8.1677   3.654083     8.1680   3.654871      96.46     1.2403     0.0427    73.7463 1.0000e-12    2.58974    35.0416    35.0497    27.2815    1488.08    1487.95 0.0000e+00
       7138    301.000     8.1682   3.654210     8.1685   3.655001      96.46     1.2384     0.0400    73.8210 1.0000e-12    2.57893    35.0420    35.0501    27.2817    1488.10    1487.95 0.0000e+00
       7161    302.000     8.1698   3.654565     8.1702   3.655338      96.47     1.2361     0.0386    73.8365 1.0000e-12    2.57052    35.0437    35.0516    27.2828    1488.13    1487.95 0.0000e+00
       7184    303.000     8.1713   3.654890     8.1718   3.655689      96.46     1.2338     0.0420    73.8175 1.0000e-12    2.56012    35.0452    35.0532    27.2838    1488.15    1487.95 0.0000e+00
       7207    304.000     8.1720   3.655057     8.1725   3.655860      92.37     1.2319     0.0411    73.7904 1.0000e-12    2.55984    35.0458    35.0539    27.2841    1488.17    1487.95 0.0000e+00
       7229    305.000     8.1722   3.655144     8.1726   3.655921      69.61     1.2303     0.0440    73.7215 1.0000e-12    2.54980    35.0461    35.0540    27.2843    1488.19    1487.95 0.0000e+00
       7252    306.000     8.1728   3.655298     8.1732   3.656083      96.49     1.2275     0.0440    73.7114 1.0000e-12    2.53957    35.0466    35.0546    27.2847    1488.21    1487.95 0.0000e+00
       7275    307.000     8.1734   3.655441     8.1738   3.656232      96.46     1.2255     0.0422    73.6890 1.0000e-12    2.52897    35.0471    35.0551    27.2849    1488.23    1487.95 0.0000e+00
       7297    308.000     8.1737   3.655535     8.1741   3.656328      96.46     1.2223     0.0428    73.6626 1.0000e-12    2.51913    35.0473    35.0554    27.2851    1488.25    1487.95 0.0000e+00
       7320    309.000     8.1746   3.655731     8.1749   3.656509      93.51     1.2203     0.0433    73.6539 1.0000e-12    2.51341    35.0480    35.0560    27.2855    1488.27    1487.96 0.0000e+00
       7343    310.000     8.1754   3.655925     8.1758   3.656697      45.25     1.2177     0.0441    73.6438 1.0000e-12    2.50457    35.0488    35.0567    27.2860    1488.29    1487.96 0.0000e+00
       7366    311.000     8.1762   3.656108     8.1766   3.656898      96.11     1.2153     0.0412    73.6020 1.0000e-12    2.49358    35.0495    35.0575    27.2864    1488.31    1487.96 0.0000e+00
       7389    312.000     8.1764   3.656203     8.1768   3.656987      91.93     1.2121     0.0396    73.5796 1.0000e-12    2.48452    35.0498    35.0578    27.2866    1488.33    1487.96 0.0000e+00
       7412    313.000     8.1767   3.656285     8.1771   3.657070      96.50     1.2100     0.0386    73.5535 1.0000e-12    2.48316    35.0499    35.0579    27.2867    1488.34    1487.96 0.0000e+00
       7435    314.000     8.1768   3.656343     8.1772   3.657134      96.46     1.2082     0.0376    73.5590 1.0000e-12    2.47520    35.0500    35.0580    27.2867    1488.36    1487.96 0.0000e+00
       7459    315.000     8.1769   3.656402     8.1773   3.657189      96.46     1.2057     0.0394    73.5260 1.0000e-12    2.47130    35.0500    35.0580    27.2867    1488.38    1487.96 0.0000e+00
       7482    316.000     8.1772   3.656492     8.1776   3.657284      96.46     1.2046     0.0398    73.5299 1.0000e-12    2.47260    35.0502    35.0583    27.2868    1488.39    1487.96 0.0000e+00
       7506    317.000     8.1776   3.656604     8.1781   3.657397      96.46     1.2036     0.0439    73.5369 1.0000e-12    2.47036    35.0505    35.0585    27.2870    1488.41    1487.97 0.0000e+00
       7529    318.000     8.1778   3.656672     8.1782   3.657459      96.46     1.2024     0.0446    73.5267 1.0000e-12    2.46661    35.0506    35.0586    27.2870    1488.43    1487.97 0.0000e+00
       7553    319.000     8.1781   3.656743     8.1784   3.657526      96.46     1.2016     0.0447    73.4892 1.0000e-12    2.46278    35.0505    35.0586    27.2869    1488.45    1487.97 0.0000e+00
       7576    320.000     8.1784   3.656832     8.1788   3.657626      96.46     1.2000     0.0448    73.5064 1.0000e-12    2.45039    35.0507    35.0588    27.2870    1488.47    1487.97 0.0000e+00
       7599    321.000     8.1792   3.657032     8.1795   3.657809      96.46     1.1980     0.0437    73.4418 1.0000e-12    2.44338    35.0516    35.0596    27.2876    1488.49    1487.97 0.0000e+00
       7621    322.000     8.1797   3.657169     8.1801   3.657964      96.46     1.1963     0.0433    73.4126 1.0000e-12    2.43981    35.0521    35.0602    27.2879    1488.51    1487.97 0.0000e+00
       7644    323.000     8.1799   3.657240     8.1803   3.658020      86.01     1.1949     0.0426    73.3849 1.0000e-12    2.44050    35.0521    35.0601    27.2879    1488.52    1487.97 0.0000e+00
