_data/ctd/2015/Sta0683_2015.cnv
* Sea-Bird SBE 9 Data File:
* FileName = C:\Seabird\CTDDATA\sta0683.hex
* Software Version Seasave V 7.21f
* Temperature SN = 5127
* Conductivity SN = 3771
* Number of Bytes Per Scan = 41
* Number of Voltage Words = 4
* Number of Scans Averaged by the Deck Unit = 1
* NMEA Latitude = 60 52.17 N
* NMEA Longitude = 005 22.12 E
* NMEA UTC (Time) = Sep 16 2015 06:41:26
** Ship: 01 F/F "Håkon Mosby"
** Station: 0683
** Echodepth: 468
** Log: 355.76
** Wind-Dir Force: 08 07
** Air-temp (dry): 12.2
** Weather Sky: 2 3
** Sea Ice: 1 0
** UNIS station:
# nquan = 18                                
# nvalues = 470                         
# units = specified
# name 0 = scan: Scan Count
# name 1 = prDM: Pressure, Digiquartz [db]
# name 2 = t068C: Temperature [ITS-68, deg C]
# name 3 = c0S/m: Conductivity [S/m]
# name 4 = t168C: Temperature, 2 [ITS-68, deg C]
# name 5 = c1S/m: Conductivity, 2 [S/m]
# name 6 = altM: Altimeter [m]
# name 7 = sbeox0V: Oxygen raw, SBE 43 [V]
# name 8 = flC: Fluorescence, Chelsea Aqua 3 Chl Con [ug/l]
# name 9 = xmiss: Beam Transmission, Chelsea/Seatech [%]
# name 10 = par: PAR/Irradiance, Biospherical/Licor
# name 11 = sbeox0ML/L: Oxygen, SBE 43 [ml/l], WS = 2
# name 12 = sal00: Salinity, Practical [PSU]
# name 13 = sal11: Salinity, Practical, 2 [PSU]
# name 14 = sigma-t00: Density [sigma-t, Kg/m^3 ]
# name 15 = svCM: Sound Velocity [Chen-Millero, m/s]
# name 16 = avgsvCM: Average Sound Velocity [Chen-Millero, m/s], minP = 0, minS = 0
# name 17 = flag: flag
# span 0 =        485,      12198       
# span 1 =      3.000,    472.000       
# span 2 =     8.1087,    14.2995       
# span 3 =   3.366069,   3.747777       
# span 4 =     8.1090,    14.2977       
# span 5 =   3.377265,   3.748702       
# span 6 =       3.55,      97.37       
# span 7 =     1.1209,     2.0778       
# span 8 =     0.0321,     0.4270       
# span 9 =     0.4490,    74.2790       
# span 10 = 1.0000e-12, 6.1930e+01      
# span 11 =    2.21150,    4.89631      
# span 12 =    27.2147,    35.0605      
# span 13 =    27.3022,    35.0690      
# span 14 =    20.1266,    27.2910      
# span 15 =    1483.91,    1498.86      
# span 16 =    1487.27,    1497.75      
# span 17 = 0.0000e+00, 0.0000e+00      
# interval = decibars: 1                
# start_time = Sep 16 2015 06:41:29 [System UTC, first data scan.]
# bad_flag = -9.990e-29
*END*
[from data line 322]
       8251    325.000     8.1790   3.657242     8.1793   3.658064      96.49     1.2027     0.0398    73.5948 1.0000e-12    2.47164    35.0521    35.0606    27.2880    1488.55    1487.40 0.0000e+00
       8277    326.000     8.1792   3.657312     8.1795   3.658137      96.49     1.2025     0.0388    73.5879 1.0000e-12    2.47452    35.0522    35.0607    27.2880    1488.57    1487.40 0.0000e+00
       8301    327.000     8.1795   3.657410     8.1798   3.658237      96.49     1.2017     0.0409    73.5552 1.0000e-12    2.46230    35.0524    35.0610    27.2882    1488.59    1487.41 0.0000e+00
       8326    328.000     8.1799   3.657530     8.1803   3.658344      96.49     1.1997     0.0436    73.5122 1.0000e-12    2.45681    35.0529    35.0611    27.2885    1488.61    1487.41 0.0000e+00
       8350    329.000     8.1802   3.657608     8.1805   3.658433      96.49     1.1986     0.0402    73.4967 1.0000e-12    2.45340    35.0529    35.0614    27.2885    1488.62    1487.41 0.0000e+00
       8375    330.000     8.1804   3.657682     8.1807   3.658507      96.49     1.1970     0.0412    73.4594 1.0000e-12    2.44677    35.0530    35.0615    27.2885    1488.64    1487.42 0.0000e+00
       8399    331.000     8.1807   3.657772     8.1811   3.658592      96.49     1.1955     0.0427    73.4532 1.0000e-12    2.44415    35.0532    35.0616    27.2886    1488.66    1487.42 0.0000e+00
       8423    332.000     8.1810   3.657880     8.1815   3.658704      96.49     1.1945     0.0394    73.4445 1.0000e-12    2.44353    35.0536    35.0619    27.2889    1488.68    1487.42 0.0000e+00
       8447    333.000     8.1813   3.657970     8.1819   3.658803      96.49     1.1933     0.0394    73.4096 1.0000e-12    2.43338    35.0538    35.0621    27.2890    1488.69    1487.43 0.0000e+00
       8471    334.000     8.1819   3.658089     8.1823   3.658915      96.49     1.1915     0.0402    73.3641 1.0000e-12    2.42881    35.0540    35.0624    27.2890    1488.71    1487.43 0.0000e+00
       8495    335.000     8.1827   3.658276     8.1830   3.659089      96.49     1.1903     0.0419    73.3190 1.0000e-12    2.42889    35.0547    35.0631    27.2895    1488.73    1487.44 0.0000e+00
       8519    336.000     8.1831   3.658377     8.1835   3.659206      96.49     1.1890     0.0431    73.2574 1.0000e-12    2.41420    35.0549    35.0633    27.2896    1488.75    1487.44 0.0000e+00
       8544    337.000     8.1835   3.658493     8.1839   3.659315      96.49     1.1863     0.0425    73.2125 1.0000e-12    2.39764    35.0552    35.0636    27.2898    1488.77    1487.44 0.0000e+00
       8567    338.000     8.1837   3.658567     8.1841   3.659384      96.49     1.1830     0.0436    73.1003 1.0000e-12    2.38977    35.0554    35.0637    27.2899    1488.79    1487.45 0.0000e+00
       8592    339.000     8.1839   3.658640     8.1843   3.659453      96.49     1.1808     0.0443    73.1008 1.0000e-12    2.38090    35.0555    35.0637    27.2899    1488.81    1487.45 0.0000e+00
       8616    340.000     8.1844   3.658745     8.1847   3.659566      96.49     1.1777     0.0421    73.0683 1.0000e-12    2.37347    35.0556    35.0641    27.2899    1488.82    1487.46 0.0000e+00
       8641    341.000     8.1847   3.658842     8.1850   3.659666      96.49     1.1753     0.0411    72.9933 1.0000e-12    2.36568    35.0559    35.0644    27.2901    1488.84    1487.46 0.0000e+00
       8665    342.000     8.1848   3.658900     8.1852   3.659730      96.49     1.1736     0.0429    72.9154 1.0000e-12    2.36528    35.0559    35.0644    27.2901    1488.86    1487.46 0.0000e+00
       8689    343.000     8.1850   3.658971     8.1854   3.659796      96.49     1.1714     0.0461    72.8590 1.0000e-12    2.35014    35.0560    35.0644    27.2902    1488.88    1487.47 0.0000e+00
       8713    344.000     8.1851   3.659028     8.1855   3.659850      96.49     1.1685     0.0470    72.8286 1.0000e-12    2.34513    35.0560    35.0644    27.2902    1488.89    1487.47 0.0000e+00
       8737    345.000     8.1853   3.659101     8.1857   3.659920      96.49     1.1674     0.0448    72.7825 1.0000e-12    2.35023    35.0561    35.0645    27.2902    1488.91    1487.48 0.0000e+00
       8761    346.000     8.1854   3.659156     8.1858   3.659979      96.49     1.1661     0.0415    72.7453 1.0000e-12    2.34405    35.0561    35.0645    27.2902    1488.93    1487.48 0.0000e+00
       8786    347.000     8.1857   3.659240     8.1861   3.660073      96.48     1.1651     0.0440    72.7224 1.0000e-12    2.34183    35.0562    35.0647    27.2903    1488.94    1487.49 0.0000e+00
       8810    348.000     8.1858   3.659300     8.1862   3.660130      96.49     1.1635     0.0455    72.7287 1.0000e-12    2.33508    35.0563    35.0648    27.2903    1488.96    1487.49 0.0000e+00
       8834    349.000     8.1860   3.659382     8.1864   3.660200      96.49     1.1625     0.0427    72.7364 1.0000e-12    2.33848    35.0565    35.0648    27.2904    1488.98    1487.49 0.0000e+00
       8858    350.000     8.1862   3.659458     8.1867   3.660287      96.49     1.1625     0.0412    72.6758 1.0000e-12    2.34007    35.0566    35.0650    27.2905    1489.00    1487.50 0.0000e+00
       8882    351.000     8.1864   3.659522     8.1868   3.660340      96.49     1.1615     0.0413    72.6951 1.0000e-12    2.32763    35.0566    35.0650    27.2905    1489.01    1487.50 0.0000e+00
       8906    352.000     8.1865   3.659575     8.1870   3.660396      96.49     1.1598     0.0404    72.6815 1.0000e-12    2.32663    35.0566    35.0649    27.2904    1489.03    1487.51 0.0000e+00
       8931    353.000     8.1866   3.659627     8.1871   3.660453      96.49     1.1593     0.0418    72.6402 1.0000e-12    2.32405    35.0566    35.0649    27.2904    1489.05    1487.51 0.0000e+00
       8956    354.000     8.1868   3.659685     8.1871   3.660520      96.49     1.1581     0.0402    72.6317 1.0000e-12    2.32431    35.0566    35.0652    27.2903    1489.06    1487.52 0.0000e+00
       8980    355.000     8.1869   3.659742     8.1873   3.660574      96.49     1.1578     0.0417    72.5934 1.0000e-12    2.32322    35.0566    35.0651    27.2903    1489.08    1487.52 0.0000e+00
       9004    356.000     8.1871   3.659826     8.1876   3.660650      96.49     1.1569     0.0433    72.5919 1.0000e-12    2.32071    35.0568    35.0651    27.2905    1489.10    1487.52 0.0000e+00
       9028    357.000     8.1873   3.659891     8.1878   3.660717      96.49     1.1565     0.0431    72.5548 1.0000e-12    2.31513    35.0568    35.0651    27.2905    1489.12    1487.53 0.0000e+00
       9052    358.000     8.1874   3.659948     8.1878   3.660776      96.49     1.1548     0.0430    72.5189 1.0000e-12    2.30421    35.0569    35.0653    27.2905    1489.13    1487.53 0.0000e+00
       9076    359.000     8.1875   3.659994     8.1879   3.660824      96.49     1.1535     0.0444    72.4595 1.0000e-12    2.30861    35.0568    35.0652    27.2904    1489.15    1487.54 0.0000e+00
       9100    360.000     8.1877   3.660064     8.1881   3.660884      96.49     1.1532     0.0438    72.4418 1.0000e-12    2.31338    35.0568    35.0652    27.2904    1489.17    1487.54 0.0000e+00
       9123    361.000     8.1879   3.660153     8.1884   3.660969      96.49     1.1534     0.0435    72.4351 1.0000e-12    2.31347    35.0571    35.0653    27.2906    1489.18    1487.55 0.0000e+00
       9147    362.000     8.1883   3.660238     8.1887   3.661062      96.49     1.1529     0.0451    72.4070 1.0000e-12    2.30872    35.0571    35.0655    27.2906    1489.20    1487.55 0.0000e+00
       9171    363.000     8.1885   3.660317     8.1888   3.661141      96.49     1.1523     0.0444    72.3755 1.0000e-12    2.30523    35.0573    35.0658    27.2907    1489.22    1487.56 0.0000e+00
       9194    364.000     8.1887   3.660393     8.1891   3.661208      96.48     1.1518     0.0423    72.3522 1.0000e-12    2.30458    35.0575    35.0658    27.2907    1489.24    1487.56 0.0000e+00
       9219    365.000     8.1888   3.660441     8.1892   3.661271      96.49     1.1509     0.0418    71.4626 1.0000e-12    2.29685    35.0574    35.0658    27.2907    1489.25    1487.56 0.0000e+00
       9243    366.000     8.1889   3.660497     8.1893   3.661325      96.49     1.1497     0.0437    70.0737 1.0000e-12    2.29464    35.0574    35.0658    27.2907    1489.27    1487.57 0.0000e+00
       9267    367.000     8.1891   3.660567     8.1894   3.661384      96.49     1.1488     0.0441    66.4082 1.0000e-12    2.29236    35.0575    35.0659    27.2907    1489.29    1487.57 0.0000e+00
       9291    368.000     8.1892   3.660623     8.1896   3.661452      96.49     1.1478     0.0466    15.5253 1.0000e-12    2.28473    35.0575    35.0659    27.2907    1489.31    1487.58 0.0000e+00
       9315    369.000     8.1893   3.660674     8.1897   3.661512      96.49     1.1463     0.0436    16.3765 1.0000e-12    2.28077    35.0575    35.0660    27.2907    1489.32    1487.58 0.0000e+00
       9339    370.000     8.1895   3.660752     8.1899   3.661571      96.49     1.1457     0.0430    25.0868 1.0000e-12    2.29065    35.0576    35.0660    27.2908    1489.34    1487.59 0.0000e+00
       9363    371.000     8.1897   3.660811     8.1900   3.661631      96.49     1.1463     0.0417    21.5518 1.0000e-12    2.29937    35.0576    35.0660    27.2907    1489.36    1487.59 0.0000e+00
       9387    372.000     8.1898   3.660866     8.1901   3.661678      96.49     1.1470     0.0419     2.9044 1.0000e-12    2.29424    35.0576    35.0660    27.2907    1489.37    1487.60 0.0000e+00
       9411    373.000     8.1898   3.660910     8.1902   3.661746      96.49     1.1460     0.0424    47.6084 1.0000e-12    2.27905    35.0576    35.0661    27.2907    1489.39    1487.60 0.0000e+00
       9435    374.000     8.1900   3.660983     8.1903   3.661797      96.48     1.1447     0.0427    72.1118 1.0000e-12    2.28339    35.0577    35.0661    27.2907    1489.41    1487.61 0.0000e+00
       9458    375.000     8.1901   3.661031     8.1905   3.661853      96.49     1.1450     0.0435    72.1428 1.0000e-12    2.29423    35.0576    35.0660    27.2907    1489.42    1487.61 0.0000e+00
       9482    376.000     8.1902   3.661091     8.1906   3.661911      96.49     1.1455     0.0461    72.1502 1.0000e-12    2.29512    35.0577    35.0660    27.2907    1489.44    1487.62 0.0000e+00
       9505    377.000     8.1903   3.661146     8.1907   3.661971      96.49     1.1460     0.0444    72.1493 1.0000e-12    2.29079    35.0577    35.0661    27.2907    1489.46    1487.62 0.0000e+00
       9529    378.000     8.1904   3.661206     8.1908   3.662027      96.48     1.1449     0.0418    72.1589 1.0000e-12    2.27944    35.0578    35.0661    27.2907    1489.47    1487.63 0.0000e+00
       9553    379.000     8.1906   3.661266     8.1910   3.662087      96.49     1.1440     0.0408    20.3582 1.0000e-12    2.28198    35.0577    35.0661    27.2907    1489.49    1487.63 0.0000e+00
       9577    380.000     8.1907   3.661326     8.1911   3.662152      96.49     1.1438     0.0417     1.1612 1.0000e-12    2.28485    35.0578    35.0662    27.2907    1489.51    1487.64 0.0000e+00
       9601    381.000     8.1909   3.661392     8.1913   3.662224      96.49     1.1439     0.0393     7.8229 1.0000e-12    2.28767    35.0578    35.0663    27.2907    1489.53    1487.64 0.0000e+00
       9625    382.000     8.1910   3.661447     8.1914   3.662281      96.48     1.1439     0.0407     0.4490 1.0000e-12    2.28588    35.0578    35.0663    27.2907    1489.54    1487.65 0.0000e+00
       9649    383.000     8.1911   3.661514     8.1915   3.662332      96.48     1.1435     0.0449     0.5762 1.0000e-12    2.27811    35.0580    35.0663    27.2908    1489.56    1487.65 0.0000e+00
       9672    384.000     8.1913   3.661567     8.1916   3.662391      96.49     1.1426     0.0438     7.1791 1.0000e-12    2.27907    35.0579    35.0663    27.2907    1489.58    1487.66 0.0000e+00
       9696    385.000     8.1913   3.661623     8.1918   3.662447      96.49     1.1426     0.0429    17.0533 1.0000e-12    2.28481    35.0580    35.0663    27.2908    1489.59    1487.66 0.0000e+00
       9720    386.000     8.1915   3.661679     8.1919   3.662504      96.49     1.1427     0.0434    10.3553 1.0000e-12    2.28079    35.0579    35.0663    27.2907    1489.61    1487.67 0.0000e+00
       9744    387.000     8.1917   3.661738     8.1920   3.662563      96.49     1.1420     0.0400     1.3221 1.0000e-12    2.28126    35.0579    35.0664    27.2906    1489.63    1487.67 0.0000e+00
       9767    388.000     8.1917   3.661795     8.1921   3.662620      96.49     1.1424     0.0392     0.4867 1.0000e-12    2.27845    35.0580    35.0664    27.2907    1489.64    1487.68 0.0000e+00
       9791    389.000     8.1919   3.661852     8.1922   3.662687      96.49     1.1409     0.0425     0.4871 1.0000e-12    2.26147    35.0579    35.0665    27.2906    1489.66    1487.68 0.0000e+00
       9815    390.000     8.1919   3.661913     8.1924   3.662734      96.49     1.1391     0.0435     0.4893 1.0000e-12    2.27009    35.0581    35.0664    27.2908    1489.68    1487.69 0.0000e+00
       9839    391.000     8.1921   3.661968     8.1925   3.662797      96.49     1.1404     0.0436     0.5012 1.0000e-12    2.28858    35.0580    35.0665    27.2907    1489.70    1487.69 0.0000e+00
       9864    392.000     8.1922   3.662023     8.1926   3.662859      96.49     1.1412     0.0476     0.4958 1.0000e-12    2.28370    35.0580    35.0665    27.2907    1489.71    1487.70 0.0000e+00
       9888    393.000     8.1923   3.662096     8.1928   3.662918      96.49     1.1414     0.0465     0.5040 1.0000e-12    2.27621    35.0582    35.0665    27.2908    1489.73    1487.70 0.0000e+00
       9912    394.000     8.1925   3.662146     8.1928   3.662975      96.49     1.1401     0.0482     0.5084 1.0000e-12    2.26977    35.0581    35.0666    27.2907    1489.75    1487.71 0.0000e+00
       9936    395.000     8.1926   3.662211     8.1930   3.663023      96.48     1.1400     0.0463     0.4979 1.0000e-12    2.27695    35.0582    35.0665    27.2907    1489.76    1487.71 0.0000e+00
       9960    396.000     8.1927   3.662268     8.1932   3.663090      96.49     1.1399     0.0457     0.7933 1.0000e-12    2.27432    35.0582    35.0665    27.2907    1489.78    1487.72 0.0000e+00
       9983    397.000     8.1929   3.662330     8.1933   3.663149      96.49     1.1397     0.0427     0.5140 1.0000e-12    2.27503    35.0582    35.0666    27.2907    1489.80    1487.72 0.0000e+00
      10007    398.000     8.1930   3.662389     8.1934   3.663210      96.49     1.1397     0.0410     0.4790 1.0000e-12    2.27901    35.0583    35.0666    27.2907    1489.82    1487.73 0.0000e+00
      10031    399.000     8.1932   3.662446     8.1936   3.663270      96.49     1.1400     0.0437     0.4864 1.0000e-12    2.27365    35.0582    35.0666    27.2906    1489.83    1487.73 0.0000e+00
      10055    400.000     8.1933   3.662504     8.1937   3.663331      96.48     1.1389     0.0446     0.4968 1.0000e-12    2.26964    35.0582    35.0667    27.2907    1489.85    1487.74 0.0000e+00
      10080    401.000     8.1933   3.662547     8.1937   3.663374      92.75     1.1389     0.0436     0.4904 1.0000e-12    2.27366    35.0582    35.0667    27.2907    1489.87    1487.74 0.0000e+00
      10104    402.000     8.1934   3.662601     8.1938   3.663431      96.47     1.1385     0.0418     0.4709 1.0000e-12    2.26837    35.0582    35.0667    27.2906    1489.88    1487.75 0.0000e+00
      10128    403.000     8.1936   3.662662     8.1940   3.663484      96.49     1.1380     0.0419     0.4881 1.0000e-12    2.27056    35.0582    35.0666    27.2906    1489.90    1487.76 0.0000e+00
      10152    404.000     8.1936   3.662718     8.1940   3.663542      96.49     1.1381     0.0428     0.4947 1.0000e-12    2.27085    35.0583    35.0667    27.2907    1489.92    1487.76 0.0000e+00
