_data/ctd/2015/Sta0683_2015.cnv
* Sea-Bird SBE 9 Data File:
* FileName = C:\Seabird\CTDDATA\sta0683.hex
* Software Version Seasave V 7.21f
* Temperature SN = 5127
* Conductivity SN = 3771
* Number of Bytes Per Scan = 41
* Number of Voltage Words = 4
* Number of Scans Averaged by the Deck Unit = 1
* NMEA Latitude = 60 52.17 N
* NMEA Longitude = 005 22.12 E
* NMEA UTC (Time) = Sep 16 2015 06:41:26
** Ship: 01 F/F "Håkon Mosby"
** Station: 0683
** Echodepth: 468
** Log: 355.76
** Wind-Dir Force: 08 07
** Air-temp (dry): 12.2
** Weather Sky: 2 3
** Sea Ice: 1 0
** UNIS station:
# nquan = 18                                
# nvalues = 470                         
# units = specified
# name 0 = scan: Scan Count
# name 1 = prDM: Pressure, Digiquartz [db]
# name 2 = t068C: Temperature [ITS-68, deg C]
# name 3 = c0S/m: Conductivity [S/m]
# name 4 = t168C: Temperature, 2 [ITS-68, deg C]
# name 5 = c1S/m: Conductivity, 2 [S/m]
# name 6 = altM: Altimeter [m]
# name 7 = sbeox0V: Oxygen raw, SBE 43 [V]
# name 8 = flC: Fluorescence, Chelsea Aqua 3 Chl Con [ug/l]
# name 9 = xmiss: Beam Transmission, Chelsea/Seatech [%]
# name 10 = par: PAR/Irradiance, Biospherical/Licor
# name 11 = sbeox0ML/L: Oxygen, SBE 43 [ml/l], WS = 2
# name 12 = sal00: Salinity, Practical [PSU]
# name 13 = sal11: Salinity, Practical, 2 [PSU]
# name 14 = sigma-t00: Density [sigma-t, Kg/m^3 ]
# name 15 = svCM: Sound Velocity [Chen-Millero, m/s]
# name 16 = avgsvCM: Average Sound Velocity [Chen-Millero, m/s], minP = 0, minS = 0
# name 17 = flag: flag
# span 0 =        485,      12198       
# span 1 =      3.000,    472.000       
# span 2 =     8.1087,    14.2995       
# span 3 =   3.366069,   3.747777       
# span 4 =     8.1090,    14.2977       
# span 5 =   3.377265,   3.748702       
# span 6 =       3.55,      97.37       
# span 7 =     1.1209,     2.0778       
# span 8 =     0.0321,     0.4270       
# span 9 =     0.4490,    74.2790       
# span 10 = 1.0000e-12, 6.1930e+01      
# span 11 =    2.21150,    4.89631      
# span 12 =    27.2147,    35.0605      
# span 13 =    27.3022,    35.0690      
# span 14 =    20.1266,    27.2910      
# span 15 =    1483.91,    1498.86      
# span 16 =    1487.27,    1497.75      
# span 17 = 0.0000e+00, 0.0000e+00      
# interval = decibars: 1                
# start_time = Sep 16 2015 06:41:29 [System UTC, first data scan.]
# bad_flag = -9.990e-29
*END*
        485      3.000    14.2742   3.366069    14.2793   3.384359      96.49     2.0711     0.3738    69.8165 6.1930e+01    4.89337    27.2147    27.3749    20.1266    1495.30    1495.30 0.0000e+00
        530      4.000    14.2995   3.380279    14.2919   3.377265      96.49     2.0715     0.3859    70.0698 4.5579e+01    4.88360    27.3238    27.3022    20.2055    1495.52    1495.35 0.0000e+00
        563      5.000    14.2899   3.469160    14.2977   3.444818      96.49     2.0764     0.4000    70.1022 3.3349e+01    4.89631    28.1274    27.9032    20.8262    1496.44    1495.57 0.0000e+00
        596      6.000    14.2666   3.654041    14.2699   3.654434      96.49     2.0778     0.4137    69.6387 2.4586e+01    4.82249    29.8129    29.8140    22.1293    1498.35    1496.03 0.0000e+00
        624      7.000    14.2695   3.661174    14.2655   3.662089      96.49     2.0768     0.4270    69.0102 1.8721e+01    4.82284    29.8750    29.8864    22.1765    1498.45    1496.38 0.0000e+00
        651      8.000    14.2064   3.681560    14.2029   3.683645      96.49     2.0748     0.4259    70.0743 1.4367e+01    4.79084    30.1086    30.1303    22.3694    1498.53    1496.65 0.0000e+00
        678      9.000    14.2447   3.679973    14.2347   3.688912      96.49     2.0658     0.4214    70.3604 1.1159e+01    4.75598    30.0640    30.1529    22.3272    1498.62    1496.87 0.0000e+00
        705     10.000    14.2442   3.690521    14.2413   3.694728      96.49     2.0633     0.4239    70.3679 8.7992e+00    4.77092    30.1598    30.2003    22.4012    1498.75    1497.06 0.0000e+00
        732     11.000    14.1363   3.722826    14.1388   3.720362      96.49     2.0595     0.4182    70.3249 7.0006e+00    4.74803    30.5382    30.5137    22.7148    1498.86    1497.22 0.0000e+00
        758     12.000    14.0398   3.728606    14.0387   3.729217      96.49     2.0573     0.4155    70.3887 5.6431e+00    4.75992    30.6671    30.6736    22.8339    1498.71    1497.34 0.0000e+00
        785     13.000    13.9908   3.730036    13.9901   3.730874      96.49     2.0546     0.3681    70.4873 4.5846e+00    4.74552    30.7189    30.7271    22.8838    1498.62    1497.44 0.0000e+00
        810     14.000    13.9927   3.740132    13.9917   3.739821      96.49     2.0516     0.3370    70.9048 3.7716e+00    4.73811    30.8095    30.8074    22.9532    1498.75    1497.54 0.0000e+00
        834     15.000    13.9428   3.746411    13.9479   3.747102      96.49     2.0484     0.3150    71.1198 3.1441e+00    4.71103    30.9067    30.9089    23.0383    1498.72    1497.61 0.0000e+00
        859     16.000    13.8775   3.747310    13.8782   3.748041      96.49     2.0404     0.2992    71.2663 2.6471e+00    4.70478    30.9671    30.9732    23.0981    1498.59    1497.68 0.0000e+00
        883     17.000    13.8417   3.747777    13.8437   3.748702      96.49     2.0402     0.2889    71.4275 2.2606e+00    4.71739    30.9999    31.0068    23.1306    1498.53    1497.73 0.0000e+00
        908     18.000    13.7184   3.743472    13.7274   3.744898      96.49     2.0364     0.2778    71.6154 1.9394e+00    4.71756    31.0595    31.0654    23.2015    1498.21    1497.75 0.0000e+00
        932     19.000    13.4652   3.735913    13.4685   3.736835      96.49     2.0365     0.2606    71.6960 1.6665e+00    4.73570    31.1951    31.2010    23.3566    1497.55    1497.74 0.0000e+00
        957     20.000    13.3562   3.729690    13.3549   3.730541      34.86     2.0298     0.2451    71.9326 1.4421e+00    4.67635    31.2261    31.2350    23.4020    1497.24    1497.72 0.0000e+00
        981     21.000    13.1375   3.724237    13.1409   3.725904      97.16     2.0166     0.2284    72.1298 1.2540e+00    4.65757    31.3546    31.3674    23.5443    1496.67    1497.67 0.0000e+00
       1005     22.000    12.9299   3.707495    12.9333   3.708345      96.49     2.0081     0.2087    72.3115 1.0940e+00    4.65357    31.3687    31.3739    23.5955    1496.01    1497.59 0.0000e+00
       1029     23.000    12.9171   3.715438    12.9188   3.715812      96.49     1.9959     0.1947    72.6242 9.4866e-01    4.59768    31.4537    31.4558    23.6638    1496.08    1497.53 0.0000e+00
       1053     24.000    12.6114   3.699131    12.6189   3.701803      96.49     1.9852     0.1783    72.6854 8.2888e-01    4.61509    31.5542    31.5732    23.8002    1495.19    1497.43 0.0000e+00
       1078     25.000    12.5137   3.702300    12.5172   3.702550      96.49     1.9761     0.1635    72.8658 7.2602e-01    4.57249    31.6659    31.6653    23.9053    1495.00    1497.33 0.0000e+00
       1102     26.000    12.4760   3.714716    12.4702   3.712530      96.49     1.9618     0.1615    72.9427 6.3758e-01    4.53576    31.8155    31.7996    24.0283    1495.07    1497.24 0.0000e+00
       1126     27.000    12.5591   3.731266    12.5605   3.732072      96.49     1.9567     0.1633    73.0955 5.6247e-01    4.57544    31.9023    31.9088    24.0798    1495.47    1497.18 0.0000e+00
       1150     28.000    12.5160   3.730197    12.5163   3.730931      96.49     1.9600     0.1633    73.0698 4.9434e-01    4.59320    31.9283    31.9350    24.1081    1495.37    1497.11 0.0000e+00
       1174     29.000    12.4155   3.722024    12.4227   3.724740      96.49     1.9571     0.1564    73.0241 4.3894e-01    4.56458    31.9353    31.9551    24.1326    1495.06    1497.04 0.0000e+00
       1199     30.000    12.1025   3.692578    12.1044   3.693649      96.49     1.9530     0.1472    73.1015 3.8692e-01    4.58632    31.9196    31.9282    24.1791    1493.98    1496.94 0.0000e+00
       1222     31.000    11.8426   3.675882    11.8475   3.677487      96.49     1.9476     0.1348    73.2059 3.4030e-01    4.57915    31.9807    31.9921    24.2747    1493.18    1496.82 0.0000e+00
       1247     32.000    11.9660   3.702026    11.9624   3.700841      96.49     1.9434     0.1233    73.3201 2.9679e-01    4.57715    32.1268    32.1185    24.3653    1493.79    1496.72 0.0000e+00
       1271     33.000    12.0050   3.714045    12.0056   3.714499      96.49     1.9421     0.1257    73.4020 2.6182e-01    4.56405    32.2088    32.2127    24.4217    1494.04    1496.64 0.0000e+00
       1296     34.000    11.9545   3.714175    11.9567   3.715786      96.49     1.9403     0.1263    73.3230 2.2901e-01    4.58088    32.2533    32.2669    24.4655    1493.94    1496.56 0.0000e+00
       1320     35.000    11.6703   3.690413    11.6741   3.693710      96.49     1.9422     0.1188    73.3632 2.0305e-01    4.60058    32.2690    32.2977    24.5300    1492.99    1496.46 0.0000e+00
       1344     36.000    11.3730   3.664638    11.3731   3.663928      96.49     1.9363     0.1060    73.4926 1.7523e-01    4.58081    32.2761    32.2690    24.5893    1491.98    1496.34 0.0000e+00
       1368     37.000    11.6102   3.698470    11.6067   3.697792      96.49     1.9306     0.1042    73.5801 1.5052e-01    4.56604    32.3990    32.3954    24.6419    1492.97    1496.24 0.0000e+00
       1392     38.000    11.7699   3.724080    11.7684   3.723501      96.49     1.9324     0.1079    73.6122 1.2898e-01    4.57618    32.5082    32.5038    24.6975    1493.67    1496.18 0.0000e+00
       1415     39.000    11.6848   3.721860    11.6865   3.724788      96.49     1.9328     0.1097    73.5768 1.1155e-01    4.56285    32.5607    32.5877    24.7539    1493.46    1496.11 0.0000e+00
       1439     40.000    11.2104   3.676855    11.2125   3.677331      96.49     1.9298     0.1071    73.5971 9.4493e-02    4.58047    32.5372    32.5400    24.8214    1491.79    1496.00 0.0000e+00
       1463     41.000    11.3384   3.700965    11.3386   3.701447      96.49     1.9230     0.0999    73.5838 7.8855e-02    4.55162    32.6607    32.6652    24.8945    1492.40    1495.91 0.0000e+00
       1487     42.000    11.1755   3.696521    11.1766   3.697783      96.49     1.9233     0.0965    73.6837 6.6943e-02    4.59081    32.7610    32.7725    25.0017    1491.97    1495.82 0.0000e+00
       1511     43.000    11.0155   3.687638    11.0158   3.689031      96.49     1.9219     0.0925    73.6788 5.4191e-02    4.59043    32.8155    32.8290    25.0725    1491.49    1495.72 0.0000e+00
       1535     44.000    10.6878   3.657900    10.6937   3.660555      96.49     1.9208     0.0894    73.7615 4.6045e-02    4.63043    32.8130    32.8342    25.1280    1490.35    1495.59 0.0000e+00
       1559     45.000    10.4615   3.644327    10.4639   3.644879      96.49     1.9203     0.0830    73.7968 3.5785e-02    4.60751    32.8805    32.8839    25.2196    1489.64    1495.46 0.0000e+00
       1583     46.000    10.3558   3.646094    10.3575   3.647356      96.49     1.9080     0.0777    73.8497 2.8602e-02    4.55815    32.9935    33.0047    25.3258    1489.42    1495.33 0.0000e+00
       1607     47.000    10.2133   3.638556    10.2170   3.640226      96.49     1.9037     0.0733    73.8815 2.1798e-02    4.60497    33.0467    33.0602    25.3915    1488.99    1495.19 0.0000e+00
       1632     48.000     9.7911   3.604380     9.7980   3.607378      77.15     1.9021     0.0704    73.9140 1.3280e-02    4.62968    33.0854    33.1097    25.4923    1487.53    1495.03 0.0000e+00
       1656     49.000     9.5691   3.588930     9.5697   3.589678      96.76     1.8946     0.0672    73.9698 8.7190e-03    4.59110    33.1313    33.1384    25.5644    1486.79    1494.86 0.0000e+00
       1680     50.000     9.5171   3.590574     9.5170   3.591109      96.49     1.8863     0.0653    74.0133 1.8058e-03    4.59040    33.1958    33.2014    25.6233    1486.70    1494.70 0.0000e+00
       1704     51.000     9.3831   3.585710     9.3835   3.586746      96.49     1.8809     0.0633    74.0782 3.2271e-04    4.58397    33.2695    33.2799    25.7026    1486.31    1494.53 0.0000e+00
       1728     52.000     9.2240   3.577343     9.2242   3.578877      96.49     1.8752     0.0636    74.0622 7.7246e-07    4.59034    33.3308    33.3465    25.7761    1485.82    1494.37 0.0000e+00
       1752     53.000     9.0320   3.565261     9.0341   3.566360      96.49     1.8718     0.0635    74.0654 1.0000e-12    4.60670    33.3846    33.3941    25.8486    1485.20    1494.19 0.0000e+00
       1777     54.000     8.9928   3.565007     8.9931   3.565715      86.53     1.8662     0.0602    74.1222 1.0000e-12    4.55022    33.4183    33.4254    25.8812    1485.11    1494.02 0.0000e+00
       1801     55.000     8.9000   3.565234     8.8984   3.565915      74.93     1.8557     0.0575    74.1376 1.0000e-12    4.53451    33.5076    33.5163    25.9656    1484.89    1493.86 0.0000e+00
       1826     56.000     8.8049   3.564819     8.8035   3.565613      96.58     1.8501     0.0560    74.1641 1.0000e-12    4.52214    33.5928    33.6024    26.0471    1484.66    1493.69 0.0000e+00
       1850     57.000     8.7357   3.564757     8.7366   3.565441      96.49     1.8411     0.0547    74.1473 1.0000e-12    4.50038    33.6573    33.6636    26.1085    1484.50    1493.53 0.0000e+00
       1874     58.000     8.7009   3.565308     8.7011   3.566080      96.49     1.8358     0.0550    74.1539 1.0000e-12    4.49084    33.6958    33.7037    26.1440    1484.43    1493.37 0.0000e+00
       1897     59.000     8.6775   3.565398     8.6779   3.566166      96.49     1.8285     0.0542    74.1796 1.0000e-12    4.46864    33.7185    33.7262    26.1654    1484.39    1493.22 0.0000e+00
       1921     60.000     8.6168   3.567553     8.6169   3.568114      96.49     1.8236     0.0532    74.1823 1.0000e-12    4.46710    33.7987    33.8045    26.2376    1484.28    1493.07 0.0000e+00
       1945     61.000     8.5544   3.571758     8.5549   3.572476      96.49     1.8185     0.0531    74.1699 1.0000e-12    4.44680    33.9024    33.9095    26.3285    1484.19    1492.92 0.0000e+00
       1969     62.000     8.5265   3.573996     8.5267   3.574641      96.49     1.8113     0.0535    74.1668 1.0000e-12    4.41325    33.9524    33.9590    26.3720    1484.17    1492.78 0.0000e+00
       1993     63.000     8.4717   3.578037     8.4718   3.578721      96.49     1.8047     0.0514    74.1712 1.0000e-12    4.39460    34.0474    34.0546    26.4550    1484.09    1492.64 0.0000e+00
       2017     64.000     8.4600   3.581940     8.4604   3.582622      96.49     1.7959     0.0497    74.1588 1.0000e-12    4.34809    34.0996    34.1064    26.4977    1484.13    1492.51 0.0000e+00
       2041     65.000     8.4615   3.588635     8.4619   3.588934      96.49     1.7871     0.0510    74.1993 1.0000e-12    4.33247    34.1686    34.1714    26.5515    1484.24    1492.38 0.0000e+00
       2064     66.000     8.4490   3.596362     8.4494   3.597108      96.49     1.7808     0.0508    74.2141 1.0000e-12    4.31453    34.2621    34.2696    26.6268    1484.32    1492.26 0.0000e+00
       2088     67.000     8.4061   3.597636     8.4061   3.598443      96.49     1.7740     0.0501    74.2034 1.0000e-12    4.28432    34.3169    34.3255    26.6764    1484.25    1492.14 0.0000e+00
       2111     68.000     8.3379   3.596027     8.3370   3.597102      96.49     1.7645     0.0485    74.2175 1.0000e-12    4.23149    34.3659    34.3782    26.7252    1484.07    1492.02 0.0000e+00
       2135     69.000     8.2641   3.597542     8.2646   3.598104      96.49     1.7524     0.0490    74.1878 1.0000e-12    4.20039    34.4538    34.4593    26.8054    1483.92    1491.90 0.0000e+00
       2159     70.000     8.2599   3.602153     8.2598   3.602997      96.49     1.7440     0.0465    74.2172 1.0000e-12    4.20735    34.5066    34.5157    26.8475    1483.98    1491.79 0.0000e+00
       2183     71.000     8.2286   3.604580     8.2284   3.605388      96.49     1.7391     0.0475    74.2003 1.0000e-12    4.19427    34.5627    34.5716    26.8963    1483.95    1491.67 0.0000e+00
       2206     72.000     8.2104   3.605807     8.2107   3.606666      96.49     1.7324     0.0451    74.2048 1.0000e-12    4.16856    34.5933    34.6022    26.9230    1483.94    1491.57 0.0000e+00
       2229     73.000     8.1969   3.606102     8.1976   3.606977      96.49     1.7267     0.0455    74.1431 1.0000e-12    4.15927    34.6093    34.6179    26.9376    1483.92    1491.46 0.0000e+00
       2253     74.000     8.1854   3.606063     8.1860   3.606966      96.49     1.7215     0.0446    74.1127 1.0000e-12    4.13299    34.6197    34.6288    26.9476    1483.91    1491.36 0.0000e+00
       2276     75.000     8.1792   3.606768     8.1796   3.607607      96.49     1.7141     0.0452    74.1644 1.0000e-12    4.10770    34.6329    34.6415    26.9588    1483.92    1491.26 0.0000e+00
       2299     76.000     8.1831   3.608476     8.1837   3.609334      96.49     1.7090     0.0428    74.1767 1.0000e-12    4.11713    34.6468    34.6554    26.9692    1483.97    1491.16 0.0000e+00
       2323     77.000     8.2003   3.611830     8.2003   3.612555      96.49     1.7074     0.0434    74.1450 1.0000e-12    4.12284    34.6652    34.6729    26.9810    1484.07    1491.07 0.0000e+00
       2346     78.000     8.2034   3.613533     8.2040   3.614397      96.49     1.7049     0.0438    74.0907 1.0000e-12    4.09626    34.6798    34.6884    26.9920    1484.12    1490.98 0.0000e+00
       2370     79.000     8.2005   3.615669     8.2010   3.616557      96.49     1.6996     0.0441    74.1633 1.0000e-12    4.06279    34.7050    34.7140    27.0122    1484.15    1490.89 0.0000e+00
       2394     80.000     8.1966   3.616563     8.1968   3.617381      96.49     1.6938     0.0421    74.1665 1.0000e-12    4.05155    34.7179    34.7265    27.0230    1484.17    1490.81 0.0000e+00
       2418     81.000     8.2105   3.619268     8.2117   3.619964      96.49     1.6897     0.0433    74.1559 1.0000e-12    4.03752    34.7326    34.7388    27.0324    1484.26    1490.73 0.0000e+00
       2442     82.000     8.2602   3.626269     8.2612   3.627138      96.49     1.6841     0.0427    74.1648 1.0000e-12    3.99795    34.7577    34.7660    27.0445    1484.49    1490.65 0.0000e+00
