_data/ctd/2015/Sta0683_2015.cnv
* Sea-Bird SBE 9 Data File:
* FileName = C:\Seabird\CTDDATA\sta0683.hex
* Software Version Seasave V 7.21f
* Temperature SN = 5127
* Conductivity SN = 3771
* Number of Bytes Per Scan = 41
* Number of Voltage Words = 4
* Number of Scans Averaged by the Deck Unit = 1
* NMEA Latitude = 60 52.17 N
* NMEA Longitude = 005 22.12 E
* NMEA UTC (Time) = Sep 16 2015 06:41:26
** Ship: 01 F/F "Håkon Mosby"
** Station: 0683
** Echodepth: 468
** Log: 355.76
** Wind-Dir Force: 08 07
** Air-temp (dry): 12.2
** Weather Sky: 2 3
** Sea Ice: 1 0
** UNIS station:
# nquan = 18                                
# nvalues = 470                         
# units = specified
# name 0 = scan: Scan Count
# name 1 = prDM: Pressure, Digiquartz [db]
# name 2 = t068C: Temperature [ITS-68, deg C]
# name 3 = c0S/m: Conductivity [S/m]
# name 4 = t168C: Temperature, 2 [ITS-68, deg C]
# name 5 = c1S/m: Conductivity, 2 [S/m]
# name 6 = altM: Altimeter [m]
# name 7 = sbeox0V: Oxygen raw, SBE 43 [V]
# name 8 = flC: Fluorescence, Chelsea Aqua 3 Chl Con [ug/l]
# name 9 = xmiss: Beam Transmission, Chelsea/Seatech [%]
# name 10 = par: PAR/Irradiance, Biospherical/Licor
# name 11 = sbeox0ML/L: Oxygen, SBE 43 [ml/l], WS = 2
# name 12 = sal00: Salinity, Practical [PSU]
# name 13 = sal11: Salinity, Practical, 2 [PSU]
# name 14 = sigma-t00: Density [sigma-t, Kg/m^3 ]
# name 15 = svCM: Sound Velocity [Chen-Millero, m/s]
# name 16 = avgsvCM: Average Sound Velocity [Chen-Millero, m/s], minP = 0, minS = 0
# name 17 = flag: flag
# span 0 =        485,      12198       
# span 1 =      3.000,    472.000       
# span 2 =     8.1087,    14.2995       
# span 3 =   3.366069,   3.747777       
# span 4 =     8.1090,    14.2977       
# span 5 =   3.377265,   3.748702       
# span 6 =       3.55,      97.37       
# span 7 =     1.1209,     2.0778       
# span 8 =     0.0321,     0.4270       
# span 9 =     0.4490,    74.2790       
# span 10 = 1.0000e-12, 6.1930e+01      
# span 11 =    2.21150,    4.89631      
# span 12 =    27.2147,    35.0605      
# span 13 =    27.3022,    35.0690      
# span 14 =    20.1266,    27.2910      
# span 15 =    1483.91,    1498.86      
# span 16 =    1487.27,    1497.75      
# span 17 = 0.0000e+00, 0.0000e+00      
# interval = decibars: 1                
# start_time = Sep 16 2015 06:41:29 [System UTC, first data scan.]
# bad_flag = -9.990e-29
*END*
[from data line 242]
       6338    245.000     8.1269   3.642789     8.1272   3.643604      93.95     1.3152     0.0384    74.1215 1.0000e-12    2.84076    34.9879    34.9964    27.2456    1486.96    1487.28 0.0000e+00
       6361    246.000     8.1265   3.642837     8.1267   3.643658      89.33     1.3147     0.0389    74.0965 1.0000e-12    2.85472    34.9884    34.9969    27.2460    1486.97    1487.28 0.0000e+00
       6384    247.000     8.1268   3.642984     8.1271   3.643807      96.46     1.3161     0.0398    74.1311 1.0000e-12    2.87006    34.9892    34.9977    27.2465    1486.99    1487.28 0.0000e+00
       6408    248.000     8.1272   3.643127     8.1275   3.643948      96.49     1.3177     0.0380    74.1539 1.0000e-12    2.86597    34.9898    34.9983    27.2470    1487.01    1487.28 0.0000e+00
       6431    249.000     8.1272   3.643206     8.1275   3.644023      96.49     1.3171     0.0389    74.1582 1.0000e-12    2.85475    34.9902    34.9986    27.2473    1487.03    1487.28 0.0000e+00
       6455    250.000     8.1268   3.643255     8.1271   3.644067      74.66     1.3167     0.0398    74.1338 1.0000e-12    2.85609    34.9906    34.9990    27.2477    1487.04    1487.27 0.0000e+00
       6479    251.000     8.1267   3.643342     8.1271   3.644164      71.62     1.3165     0.0386    74.1406 1.0000e-12    2.85607    34.9912    34.9996    27.2481    1487.06    1487.27 0.0000e+00
       6502    252.000     8.1269   3.643498     8.1272   3.644319      90.77     1.3161     0.0376    74.1420 1.0000e-12    2.85474    34.9921    35.0006    27.2489    1487.08    1487.27 0.0000e+00
       6526    253.000     8.1271   3.643627     8.1274   3.644437      93.76     1.3157     0.0397    74.1541 1.0000e-12    2.85241    34.9928    35.0012    27.2494    1487.10    1487.27 0.0000e+00
       6550    254.000     8.1274   3.643741     8.1277   3.644553      96.51     1.3156     0.0404    74.1702 1.0000e-12    2.85407    34.9933    35.0017    27.2497    1487.12    1487.27 0.0000e+00
       6573    255.000     8.1275   3.643810     8.1277   3.644642      96.49     1.3149     0.0410    74.1669 1.0000e-12    2.84688    34.9934    35.0021    27.2498    1487.13    1487.27 0.0000e+00
       6597    256.000     8.1277   3.643892     8.1279   3.644710      96.49     1.3140     0.0406    74.1506 1.0000e-12    2.84908    34.9936    35.0022    27.2499    1487.15    1487.27 0.0000e+00
       6621    257.000     8.1279   3.643979     8.1282   3.644805      62.98     1.3144     0.0414    74.1387 1.0000e-12    2.85611    34.9939    35.0024    27.2501    1487.17    1487.27 0.0000e+00
       6644    258.000     8.1282   3.644101     8.1285   3.644914      92.14     1.3148     0.0411    74.1590 1.0000e-12    2.85909    34.9944    35.0028    27.2504    1487.19    1487.27 0.0000e+00
       6668    259.000     8.1284   3.644191     8.1287   3.645002      96.21     1.3151     0.0395    74.1440 1.0000e-12    2.85509    34.9947    35.0031    27.2506    1487.20    1487.27 0.0000e+00
       6691    260.000     8.1287   3.644313     8.1290   3.645121      96.49     1.3147     0.0396    74.1485 1.0000e-12    2.85448    34.9952    35.0036    27.2510    1487.22    1487.27 0.0000e+00
       6715    261.000     8.1299   3.644658     8.1301   3.645453      96.49     1.3148     0.0427    74.1252 1.0000e-12    2.85406    34.9972    35.0055    27.2524    1487.25    1487.27 0.0000e+00
       6738    262.000     8.1308   3.644934     8.1312   3.645750      96.49     1.3142     0.0402    74.1000 1.0000e-12    2.84353    34.9988    35.0071    27.2535    1487.27    1487.27 0.0000e+00
       6762    263.000     8.1316   3.645145     8.1319   3.645949      96.49     1.3127     0.0413    74.1301 1.0000e-12    2.84284    34.9998    35.0081    27.2542    1487.29    1487.27 0.0000e+00
       6786    264.000     8.1326   3.645450     8.1329   3.646253      70.08     1.3126     0.0417    74.0943 1.0000e-12    2.84184    35.0016    35.0099    27.2554    1487.31    1487.27 0.0000e+00
       6809    265.000     8.1331   3.645619     8.1334   3.646436      96.29     1.3109     0.0394    74.0816 1.0000e-12    2.82918    35.0024    35.0108    27.2560    1487.33    1487.27 0.0000e+00
       6832    266.000     8.1341   3.645878     8.1343   3.646676      96.49     1.3097     0.0365    74.0809 1.0000e-12    2.83302    35.0037    35.0120    27.2568    1487.35    1487.27 0.0000e+00
       6856    267.000     8.1353   3.646207     8.1356   3.647006      96.49     1.3095     0.0373    74.0664 1.0000e-12    2.83209    35.0055    35.0138    27.2581    1487.37    1487.27 0.0000e+00
       6879    268.000     8.1364   3.646490     8.1367   3.647313      96.49     1.3081     0.0386    74.0483 1.0000e-12    2.82021    35.0070    35.0155    27.2591    1487.40    1487.27 0.0000e+00
       6902    269.000     8.1367   3.646606     8.1371   3.647430      31.19     1.3061     0.0380    74.0493 1.0000e-12    2.80354    35.0075    35.0159    27.2594    1487.42    1487.27 0.0000e+00
       6925    270.000     8.1377   3.646853     8.1380   3.647672      93.37     1.3032     0.0371    74.0470 1.0000e-12    2.79405    35.0086    35.0171    27.2602    1487.44    1487.27 0.0000e+00
       6949    271.000     8.1386   3.647101     8.1389   3.647920      73.77     1.3009     0.0359    74.0270 1.0000e-12    2.79941    35.0099    35.0184    27.2610    1487.46    1487.27 0.0000e+00
       6972    272.000     8.1390   3.647217     8.1393   3.648037      96.69     1.3007     0.0392    73.9961 1.0000e-12    2.80537    35.0103    35.0187    27.2612    1487.48    1487.27 0.0000e+00
       6996    273.000     8.1396   3.647394     8.1399   3.648209      96.49     1.2998     0.0412    73.9962 1.0000e-12    2.79715    35.0111    35.0195    27.2618    1487.50    1487.27 0.0000e+00
       7020    274.000     8.1420   3.647960     8.1422   3.648743      96.49     1.2984     0.0416    74.0071 1.0000e-12    2.77931    35.0142    35.0224    27.2639    1487.53    1487.28 0.0000e+00
       7043    275.000     8.1440   3.648467     8.1444   3.649285      80.91     1.2950     0.0421    73.9898 1.0000e-12    2.77123    35.0172    35.0255    27.2659    1487.55    1487.28 0.0000e+00
       7067    276.000     8.1454   3.648809     8.1458   3.649620      65.49     1.2943     0.0400    73.9951 1.0000e-12    2.78069    35.0190    35.0272    27.2671    1487.58    1487.28 0.0000e+00
       7091    277.000     8.1465   3.649055     8.1469   3.649884      96.32     1.2928     0.0422    74.0109 1.0000e-12    2.76411    35.0200    35.0285    27.2678    1487.60    1487.28 0.0000e+00
       7115    278.000     8.1472   3.649226     8.1475   3.650045      96.49     1.2904     0.0439    73.9961 1.0000e-12    2.75596    35.0207    35.0291    27.2682    1487.62    1487.28 0.0000e+00
       7138    279.000     8.1473   3.649300     8.1477   3.650124      96.49     1.2887     0.0412    74.0020 1.0000e-12    2.75733    35.0209    35.0293    27.2683    1487.64    1487.28 0.0000e+00
       7162    280.000     8.1481   3.649493     8.1485   3.650306      96.49     1.2874     0.0399    74.0103 1.0000e-12    2.74856    35.0217    35.0300    27.2688    1487.66    1487.28 0.0000e+00
       7185    281.000     8.1497   3.649858     8.1501   3.650672      96.49     1.2852     0.0393    73.9963 1.0000e-12    2.73916    35.0235    35.0318    27.2700    1487.68    1487.28 0.0000e+00
       7209    282.000     8.1504   3.650042     8.1508   3.650866      54.00     1.2831     0.0398    74.0028 1.0000e-12    2.73146    35.0243    35.0327    27.2705    1487.70    1487.29 0.0000e+00
       7233    283.000     8.1511   3.650208     8.1515   3.651019      81.81     1.2813     0.0375    74.0158 1.0000e-12    2.72699    35.0249    35.0332    27.2709    1487.72    1487.29 0.0000e+00
       7256    284.000     8.1516   3.650315     8.1519   3.651142      81.72     1.2788     0.0379    74.0155 1.0000e-12    2.70788    35.0251    35.0336    27.2710    1487.74    1487.29 0.0000e+00
       7279    285.000     8.1523   3.650512     8.1526   3.651319      95.85     1.2756     0.0348    73.9876 1.0000e-12    2.70114    35.0260    35.0343    27.2716    1487.76    1487.29 0.0000e+00
       7303    286.000     8.1528   3.650663     8.1533   3.651493      96.48     1.2733     0.0354    73.9863 1.0000e-12    2.69126    35.0266    35.0350    27.2720    1487.78    1487.29 0.0000e+00
       7326    287.000     8.1541   3.650977     8.1545   3.651803      96.48     1.2700     0.0321    73.9681 1.0000e-12    2.68105    35.0282    35.0366    27.2730    1487.80    1487.29 0.0000e+00
       7349    288.000     8.1544   3.651085     8.1548   3.651904      96.49     1.2682     0.0358    73.9768 1.0000e-12    2.69064    35.0286    35.0369    27.2733    1487.82    1487.30 0.0000e+00
       7373    289.000     8.1549   3.651202     8.1553   3.652031      39.78     1.2678     0.0385    73.9750 1.0000e-12    2.69183    35.0288    35.0373    27.2734    1487.84    1487.30 0.0000e+00
       7396    290.000     8.1554   3.651358     8.1558   3.652188      96.51     1.2666     0.0395    73.9736 1.0000e-12    2.67804    35.0295    35.0380    27.2739    1487.86    1487.30 0.0000e+00
       7420    291.000     8.1555   3.651422     8.1560   3.652253      65.08     1.2642     0.0382    73.9784 1.0000e-12    2.67504    35.0296    35.0380    27.2740    1487.88    1487.30 0.0000e+00
       7444    292.000     8.1565   3.651659     8.1570   3.652479      96.67     1.2643     0.0378    73.9963 1.0000e-12    2.68517    35.0307    35.0390    27.2746    1487.90    1487.30 0.0000e+00
       7467    293.000     8.1577   3.651919     8.1581   3.652736      96.49     1.2633     0.0394    74.0059 1.0000e-12    2.67271    35.0318    35.0401    27.2753    1487.92    1487.31 0.0000e+00
       7491    294.000     8.1588   3.652203     8.1593   3.653031      96.49     1.2622     0.0405    73.9941 1.0000e-12    2.67642    35.0333    35.0416    27.2763    1487.94    1487.31 0.0000e+00
       7515    295.000     8.1595   3.652369     8.1599   3.653189      90.02     1.2625     0.0377    73.9995 1.0000e-12    2.68594    35.0339    35.0422    27.2767    1487.96    1487.31 0.0000e+00
       7538    296.000     8.1603   3.652573     8.1607   3.653378      41.95     1.2629     0.0369    74.0134 1.0000e-12    2.67541    35.0348    35.0430    27.2772    1487.98    1487.31 0.0000e+00
       7562    297.000     8.1610   3.652743     8.1613   3.653559      90.57     1.2608     0.0372    74.0289 1.0000e-12    2.65854    35.0354    35.0438    27.2776    1488.00    1487.31 0.0000e+00
       7586    298.000     8.1618   3.652951     8.1622   3.653769      81.01     1.2591     0.0392    74.0384 1.0000e-12    2.66101    35.0363    35.0447    27.2783    1488.02    1487.32 0.0000e+00
       7610    299.000     8.1632   3.653266     8.1636   3.654071      96.49     1.2587     0.0400    74.0167 1.0000e-12    2.65673    35.0378    35.0460    27.2792    1488.05    1487.32 0.0000e+00
       7634    300.000     8.1637   3.653408     8.1641   3.654223      96.49     1.2561     0.0405    74.0113 1.0000e-12    2.64254    35.0384    35.0467    27.2796    1488.07    1487.32 0.0000e+00
       7658    301.000     8.1644   3.653576     8.1648   3.654379      96.49     1.2549     0.0411    74.0015 1.0000e-12    2.64547    35.0390    35.0472    27.2800    1488.09    1487.32 0.0000e+00
       7682    302.000     8.1658   3.653886     8.1662   3.654706      96.49     1.2534     0.0381    73.9950 1.0000e-12    2.63467    35.0404    35.0488    27.2809    1488.11    1487.33 0.0000e+00
       7707    303.000     8.1663   3.654017     8.1667   3.654839      96.49     1.2510     0.0399    73.9886 1.0000e-12    2.62716    35.0409    35.0492    27.2811    1488.13    1487.33 0.0000e+00
       7731    304.000     8.1675   3.654304     8.1678   3.655107      53.31     1.2495     0.0431    73.9973 1.0000e-12    2.61652    35.0422    35.0505    27.2820    1488.15    1487.33 0.0000e+00
       7756    305.000     8.1689   3.654608     8.1693   3.655422      96.04     1.2461     0.0448    73.9744 1.0000e-12    2.59506    35.0436    35.0519    27.2829    1488.17    1487.33 0.0000e+00
       7780    306.000     8.1705   3.654946     8.1709   3.655766      96.49     1.2427     0.0440    73.9779 1.0000e-12    2.59315    35.0452    35.0535    27.2839    1488.20    1487.34 0.0000e+00
       7805    307.000     8.1709   3.655045     8.1711   3.655861      96.49     1.2405     0.0431    73.9615 1.0000e-12    2.58218    35.0453    35.0539    27.2839    1488.22    1487.34 0.0000e+00
       7829    308.000     8.1719   3.655282     8.1722   3.656089      96.49     1.2371     0.0415    73.9525 1.0000e-12    2.57068    35.0464    35.0547    27.2846    1488.24    1487.34 0.0000e+00
       7854    309.000     8.1725   3.655441     8.1728   3.656255      96.49     1.2347     0.0401    73.9082 1.0000e-12    2.56523    35.0470    35.0554    27.2850    1488.26    1487.35 0.0000e+00
       7878    310.000     8.1730   3.655574     8.1733   3.656393      92.24     1.2322     0.0375    73.8987 1.0000e-12    2.55510    35.0475    35.0559    27.2853    1488.28    1487.35 0.0000e+00
       7903    311.000     8.1732   3.655646     8.1735   3.656477      84.20     1.2294     0.0404    73.8707 1.0000e-12    2.54773    35.0475    35.0561    27.2853    1488.29    1487.35 0.0000e+00
       7928    312.000     8.1736   3.655768     8.1740   3.656589      96.34     1.2270     0.0402    73.8687 1.0000e-12    2.54741    35.0480    35.0563    27.2856    1488.31    1487.36 0.0000e+00
       7953    313.000     8.1741   3.655906     8.1744   3.656718      96.49     1.2260     0.0403    73.8862 1.0000e-12    2.54599    35.0485    35.0568    27.2859    1488.33    1487.36 0.0000e+00
       7978    314.000     8.1744   3.655986     8.1748   3.656823      96.49     1.2240     0.0394    73.8554 1.0000e-12    2.52615    35.0485    35.0571    27.2859    1488.35    1487.36 0.0000e+00
       8003    315.000     8.1749   3.656132     8.1753   3.656951      45.34     1.2207     0.0382    73.8280 1.0000e-12    2.51338    35.0491    35.0575    27.2863    1488.37    1487.37 0.0000e+00
       8029    316.000     8.1752   3.656200     8.1756   3.657035      91.59     1.2177     0.0416    73.8356 1.0000e-12    2.51513    35.0491    35.0576    27.2862    1488.39    1487.37 0.0000e+00
       8054    317.000     8.1757   3.656334     8.1760   3.657145      96.53     1.2171     0.0449    73.8146 1.0000e-12    2.52114    35.0495    35.0579    27.2865    1488.40    1487.37 0.0000e+00
       8079    318.000     8.1765   3.656533     8.1768   3.657349      96.49     1.2159     0.0443    73.7887 1.0000e-12    2.50837    35.0504    35.0588    27.2870    1488.43    1487.37 0.0000e+00
       8105    319.000     8.1770   3.656651     8.1773   3.657471      96.49     1.2137     0.0423    73.7858 1.0000e-12    2.49746    35.0507    35.0591    27.2872    1488.44    1487.38 0.0000e+00
       8129    320.000     8.1776   3.656798     8.1780   3.657632      96.49     1.2117     0.0396    73.7537 1.0000e-12    2.49612    35.0512    35.0597    27.2875    1488.46    1487.38 0.0000e+00
       8153    321.000     8.1780   3.656920     8.1784   3.657743      96.49     1.2105     0.0422    73.7417 1.0000e-12    2.49503    35.0516    35.0600    27.2878    1488.48    1487.38 0.0000e+00
       8178    322.000     8.1783   3.657021     8.1787   3.657844      96.49     1.2093     0.0411    73.6589 1.0000e-12    2.48636    35.0519    35.0603    27.2880    1488.50    1487.39 0.0000e+00
       8202    323.000     8.1785   3.657089     8.1789   3.657911      96.49     1.2072     0.0396    73.6479 1.0000e-12    2.47482    35.0519    35.0603    27.2880    1488.52    1487.39 0.0000e+00
