_data/ctd/2015/Sta0684_2015.cnv
* Sea-Bird SBE 9 Data File:
* FileName = C:\Seabird\CTDDATA\sta0684.hex
* Software Version Seasave V 7.21f
* Temperature SN = 5127
* Conductivity SN = 3771
* Number of Bytes Per Scan = 41
* Number of Voltage Words = 4
* Number of Scans Averaged by the Deck Unit = 1
* NMEA Latitude = 60 52.19 N
* NMEA Longitude = 005 21.98 E
* NMEA UTC (Time) = Sep 16 2015 22:33:04
** Ship: 01 F/F "Håkon Mosby"
** Station: 0684
** Echodepth: 446
** Log: 3580.92
** Wind-Dir Force: 08 05
** Air-temp (dry): 14.5
** Weather Sky: 2 3
** Sea Ice: 1 0
** UNIS station:
# nquan = 18                                
# nvalues = 439                         
# units = specified
# name 0 = scan: Scan Count
# name 1 = prDM: Pressure, Digiquartz [db]
# name 2 = t068C: Temperature [ITS-68, deg C]
# name 3 = c0S/m: Conductivity [S/m]
# name 4 = t168C: Temperature, 2 [ITS-68, deg C]
# name 5 = c1S/m: Conductivity, 2 [S/m]
# name 6 = altM: Altimeter [m]
# name 7 = sbeox0V: Oxygen raw, SBE 43 [V]
# name 8 = flC: Fluorescence, Chelsea Aqua 3 Chl Con [ug/l]
# name 9 = xmiss: Beam Transmission, Chelsea/Seatech [%]
# name 10 = par: PAR/Irradiance, Biospherical/Licor
# name 11 = sbeox0ML/L: Oxygen, SBE 43 [ml/l], WS = 2
# name 12 = sal00: Salinity, Practical [PSU]
# name 13 = sal11: Salinity, Practical, 2 [PSU]
# name 14 = sigma-t00: Density [sigma-t, Kg/m^3 ]
# name 15 = svCM: Sound Velocity [Chen-Millero, m/s]
# name 16 = avgsvCM: Average Sound Velocity [Chen-Millero, m/s], minP = 0, minS = 0
# name 17 = flag: flag
# span 0 =        204,       8852       
# span 1 =      3.000,    441.000       
# span 2 =     8.1071,    14.5438       
# span 3 =   3.292390,   3.762770       
# span 4 =     8.1109,    14.5458       
# span 5 =   3.281737,   3.763583       
# span 6 =      16.71,      97.31       
# span 7 =     1.1481,     2.1246       
# span 8 =     0.0349,     0.6484       
# span 9 =     0.3086,    74.2345       
# span 10 = -4.766e-07, 1.5751e-01      
# span 11 =    2.30876,    5.03581      
# span 12 =    26.4913,    35.0615      
# span 13 =    26.4003,    35.0709      
# span 14 =    19.5510,    27.2926      
# span 15 =    1484.00,    1499.37      
# span 16 =    1487.69,    1498.24      
# span 17 = 0.0000e+00, 0.0000e+00      
# interval = decibars: 1                
# start_time = Sep 16 2015 22:33:06 [System UTC, first data scan.]
# bad_flag = -9.990e-29
*END*
[from data line 403]
       8152    406.000     8.1941   3.663073     8.1944   3.663946      96.49     1.1517     0.0460    70.6388 1.0000e-12    2.31454    35.0607    35.0697    27.2924    1489.95    1488.06 0.0000e+00
       8171    407.000     8.1941   3.663124     8.1945   3.664000      96.49     1.1511     0.0447    72.2438 1.0000e-12    2.31002    35.0607    35.0697    27.2925    1489.97    1488.06 0.0000e+00
       8190    408.000     8.1942   3.663178     8.1946   3.664063      96.49     1.1496     0.0440    72.2391 1.0000e-12    2.30876    35.0607    35.0698    27.2925    1489.99    1488.06 0.0000e+00
       8210    409.000     8.1943   3.663234     8.1947   3.664118      96.48     1.1502     0.0427    72.2204 1.0000e-12    2.31414    35.0608    35.0698    27.2925    1490.00    1488.07 0.0000e+00
       8229    410.000     8.1944   3.663278     8.1947   3.664169      96.49     1.1488     0.0418    72.2844 1.0000e-12    2.31279    35.0607    35.0699    27.2924    1490.02    1488.07 0.0000e+00
       8249    411.000     8.1945   3.663335     8.1948   3.664218      96.48     1.1500     0.0402    59.3698 1.0000e-12    2.30914    35.0607    35.0698    27.2924    1490.04    1488.08 0.0000e+00
       8269    412.000     8.1945   3.663388     8.1949   3.664275      96.49     1.1481     0.0403    72.3009 1.0000e-12    2.30998    35.0608    35.0698    27.2925    1490.05    1488.08 0.0000e+00
       8289    413.000     8.1946   3.663447     8.1950   3.664326      96.49     1.1496     0.0426    72.3506 1.0000e-12    2.32630    35.0608    35.0698    27.2925    1490.07    1488.09 0.0000e+00
       8308    414.000     8.1946   3.663492     8.1950   3.664393      96.49     1.1500     0.0400    72.3736 1.0000e-12    2.32466    35.0608    35.0700    27.2925    1490.09    1488.09 0.0000e+00
       8328    415.000     8.1948   3.663554     8.1951   3.664442      96.48     1.1508     0.0381    72.3852 1.0000e-12    2.32878    35.0608    35.0700    27.2925    1490.11    1488.10 0.0000e+00
       8348    416.000     8.1949   3.663618     8.1953   3.664508      96.48     1.1511     0.0426    72.4188 1.0000e-12    2.33616    35.0609    35.0700    27.2925    1490.12    1488.10 0.0000e+00
       8368    417.000     8.1950   3.663662     8.1953   3.664570      96.48     1.1534     0.0452    71.7742 1.0000e-12    2.34479    35.0608    35.0702    27.2924    1490.14    1488.11 0.0000e+00
       8388    418.000     8.1951   3.663711     8.1954   3.664624      96.48     1.1537     0.0429    71.8524 1.0000e-12    2.33624    35.0608    35.0702    27.2924    1490.16    1488.11 0.0000e+00
       8408    419.000     8.1952   3.663772     8.1955   3.664669      96.49     1.1542     0.0426    72.1769 1.0000e-12    2.33784    35.0608    35.0701    27.2924    1490.17    1488.12 0.0000e+00
       8427    420.000     8.1953   3.663832     8.1956   3.664707      96.48     1.1545     0.0402    72.5278 1.0000e-12    2.34457    35.0609    35.0699    27.2925    1490.19    1488.12 0.0000e+00
       8447    421.000     8.1954   3.663889     8.1957   3.664763      96.48     1.1556     0.0419    72.5866 1.0000e-12    2.35057    35.0609    35.0700    27.2925    1490.21    1488.13 0.0000e+00
       8467    422.000     8.1955   3.663944     8.1959   3.664832      96.49     1.1564     0.0408    71.2246 1.0000e-12    2.35334    35.0610    35.0700    27.2925    1490.22    1488.13 0.0000e+00
       8487    423.000     8.1956   3.663994     8.1959   3.664883      96.49     1.1575     0.0405    69.5281 1.0000e-12    2.35760    35.0609    35.0701    27.2924    1490.24    1488.14 0.0000e+00
       8507    424.000     8.1957   3.664051     8.1961   3.664931      96.48     1.1583     0.0423    70.7452 1.0000e-12    2.35827    35.0610    35.0699    27.2924    1490.26    1488.14 0.0000e+00
       8527    425.000     8.1958   3.664106     8.1961   3.665006      96.48     1.1588     0.0439    71.9324 1.0000e-12    2.35988    35.0610    35.0703    27.2924    1490.27    1488.15 0.0000e+00
       8547    426.000     8.1960   3.664183     8.1963   3.665061      96.48     1.1597     0.0452    72.6351 1.0000e-12    2.36040    35.0611    35.0702    27.2925    1490.29    1488.15 0.0000e+00
       8567    427.000     8.1961   3.664236     8.1964   3.665140      21.15     1.1597     0.0433    72.6396 1.0000e-12    2.35442    35.0611    35.0704    27.2925    1490.31    1488.16 0.0000e+00
       8587    428.000     8.1963   3.664294     8.1966   3.665208      97.31     1.1593     0.0442    72.6249 1.0000e-12    2.35565    35.0610    35.0705    27.2924    1490.33    1488.16 0.0000e+00
       8607    429.000     8.1964   3.664359     8.1968   3.665261      96.48     1.1596     0.0431    72.6447 1.0000e-12    2.35825    35.0612    35.0704    27.2925    1490.34    1488.17 0.0000e+00
       8627    430.000     8.1965   3.664420     8.1969   3.665293      96.48     1.1598     0.0438    72.6222 1.0000e-12    2.35859    35.0612    35.0702    27.2925    1490.36    1488.17 0.0000e+00
       8647    431.000     8.1967   3.664476     8.1970   3.665362      96.48     1.1598     0.0429    72.6261 1.0000e-12    2.35811    35.0612    35.0703    27.2924    1490.38    1488.18 0.0000e+00
       8667    432.000     8.1968   3.664528     8.1971   3.665431      96.48     1.1598     0.0434    72.6097 1.0000e-12    2.36100    35.0611    35.0705    27.2924    1490.39    1488.18 0.0000e+00
       8688    433.000     8.1969   3.664587     8.1972   3.665484      61.16     1.1604     0.0444    72.6303 1.0000e-12    2.36682    35.0612    35.0705    27.2924    1490.41    1488.19 0.0000e+00
       8708    434.000     8.1970   3.664653     8.1973   3.665535      75.20     1.1610     0.0443    72.6236 1.0000e-12    2.35819    35.0613    35.0704    27.2925    1490.43    1488.19 0.0000e+00
       8728    435.000     8.1972   3.664704     8.1975   3.665604      76.54     1.1594     0.0419    72.6391 1.0000e-12    2.34788    35.0612    35.0705    27.2924    1490.44    1488.20 0.0000e+00
       8749    436.000     8.1973   3.664766     8.1976   3.665662      74.53     1.1592     0.0409    72.6360 1.0000e-12    2.35734    35.0613    35.0705    27.2924    1490.46    1488.20 0.0000e+00
       8769    437.000     8.1975   3.664830     8.1977   3.665722      96.29     1.1594     0.0422    72.6213 1.0000e-12    2.36094    35.0613    35.0706    27.2924    1490.48    1488.21 0.0000e+00
       8790    438.000     8.1976   3.664894     8.1979   3.665775      96.48     1.1598     0.0448    72.6248 1.0000e-12    2.36163    35.0614    35.0705    27.2925    1490.50    1488.21 0.0000e+00
       8810    439.000     8.1980   3.664967     8.1981   3.665842      96.48     1.1595     0.0452    72.6109 1.0000e-12    2.35418    35.0613    35.0705    27.2924    1490.51    1488.22 0.0000e+00
       8831    440.000     8.1981   3.665034     8.1983   3.665923      96.48     1.1588     0.0431    72.5763 1.0000e-12    2.35082    35.0615    35.0707    27.2925    1490.53    1488.22 0.0000e+00
       8852    441.000     8.1981   3.665079     8.1985   3.666002      96.48     1.1581     0.0447    72.5386 1.0000e-12    2.35468    35.0615    35.0709    27.2925    1490.55    1488.23 0.0000e+00
