_data/ctd/2015/Sta0691_2015.cnv
* Sea-Bird SBE 9 Data File:
* FileName = C:\Seabird\CTDDATA\sta0691.hex
* Software Version Seasave V 7.21f
* Temperature SN = 5127
* Conductivity SN = 3771
* Number of Bytes Per Scan = 41
* Number of Voltage Words = 4
* Number of Scans Averaged by the Deck Unit = 1
* NMEA Latitude = 60 52.23 N
* NMEA Longitude = 005 22.27 E
* NMEA UTC (Time) = Sep 22 2015 21:00:33
** Ship: 01 F/F "Håkon Mosby"
** Station: 0691
** Echodepth: 469
** Log: 3847.29
** Wind-Dir Force: 07 02
** Air-temp (dry): 11.9
** Weather Sky: 2 3
** Sea Ice: 1 0
** UNIS station:
# nquan = 18                                
# nvalues = 458                         
# units = specified
# name 0 = scan: Scan Count
# name 1 = prDM: Pressure, Digiquartz [db]
# name 2 = t068C: Temperature [ITS-68, deg C]
# name 3 = c0S/m: Conductivity [S/m]
# name 4 = t168C: Temperature, 2 [ITS-68, deg C]
# name 5 = c1S/m: Conductivity, 2 [S/m]
# name 6 = altM: Altimeter [m]
# name 7 = sbeox0V: Oxygen raw, SBE 43 [V]
# name 8 = flC: Fluorescence, Chelsea Aqua 3 Chl Con [ug/l]
# name 9 = xmiss: Beam Transmission, Chelsea/Seatech [%]
# name 10 = par: PAR/Irradiance, Biospherical/Licor
# name 11 = sbeox0ML/L: Oxygen, SBE 43 [ml/l], WS = 2
# name 12 = sal00: Salinity, Practical [PSU]
# name 13 = sal11: Salinity, Practical, 2 [PSU]
# name 14 = sigma-t00: Density [sigma-t, Kg/m^3 ]
# name 15 = svCM: Sound Velocity [Chen-Millero, m/s]
# name 16 = avgsvCM: Average Sound Velocity [Chen-Millero, m/s], minP = 0, minS = 0
# name 17 = flag: flag
# span 0 =        751,      14405       
# span 1 =      3.000,    460.000       
# span 2 =     8.1071,    14.7767       
# span 3 =   3.571209,   3.760174       
# span 4 =     8.1073,    14.7736       
# span 5 =   3.572777,   3.761385       
# span 6 =      12.17,      96.92       
# span 7 =     1.1344,     2.1090       
# span 8 =     0.0356,     0.7031       
# span 9 =     0.4415,    74.0414       
# span 10 = 1.0000e-12, 1.3681e-01      
# span 11 =    2.25638,    4.90351      
# span 12 =    28.7735,    35.0597      
# span 13 =    28.7734,    35.0690      
# span 14 =    21.2491,    27.2907      
# span 15 =    1484.15,    1499.79      
# span 16 =    1487.43,    1499.35      
# span 17 = 0.0000e+00, 0.0000e+00      
# interval = decibars: 1                
# start_time = Sep 22 2015 21:00:36 [System UTC, first data scan.]
# bad_flag = -9.990e-29
*END*
[from data line 322]
      10211    325.000     8.1809   3.657556     8.1810   3.658408      93.65     1.1819     0.0400    73.3259 1.0000e-12    2.39115    35.0536    35.0626    27.2889    1488.56    1487.53 0.0000e+00
      10243    326.000     8.1810   3.657621     8.1811   3.658471      76.05     1.1792     0.0415    73.3202 1.0000e-12    2.37883    35.0537    35.0627    27.2890    1488.58    1487.53 0.0000e+00
      10274    327.000     8.1812   3.657687     8.1814   3.658547      82.98     1.1771     0.0416    73.2688 1.0000e-12    2.37429    35.0537    35.0627    27.2889    1488.60    1487.53 0.0000e+00
      10305    328.000     8.1814   3.657769     8.1816   3.658628      96.45     1.1746     0.0445    73.2271 1.0000e-12    2.36474    35.0539    35.0629    27.2891    1488.61    1487.54 0.0000e+00
      10336    329.000     8.1818   3.657867     8.1820   3.658725      96.47     1.1732     0.0433    73.1213 1.0000e-12    2.36765    35.0541    35.0630    27.2891    1488.63    1487.54 0.0000e+00
      10366    330.000     8.1820   3.657942     8.1821   3.658796      61.97     1.1722     0.0424    73.1753 1.0000e-12    2.36780    35.0542    35.0632    27.2892    1488.65    1487.54 0.0000e+00
      10397    331.000     8.1822   3.658018     8.1823   3.658872      91.36     1.1714     0.0569    73.1426 1.0000e-12    2.35994    35.0543    35.0634    27.2893    1488.67    1487.55 0.0000e+00
      10428    332.000     8.1823   3.658088     8.1825   3.658939      95.83     1.1693     0.0814    73.0966 1.0000e-12    2.34875    35.0545    35.0634    27.2894    1488.68    1487.55 0.0000e+00
      10459    333.000     8.1826   3.658162     8.1827   3.659014      96.46     1.1679     0.0572    73.1287 1.0000e-12    2.35036    35.0545    35.0635    27.2894    1488.70    1487.55 0.0000e+00
      10490    334.000     8.1827   3.658222     8.1829   3.659087      96.46     1.1669     0.0513    73.0541 1.0000e-12    2.35125    35.0546    35.0636    27.2894    1488.72    1487.56 0.0000e+00
      10522    335.000     8.1829   3.658292     8.1830   3.659148      96.47     1.1665     0.0476    73.0235 1.0000e-12    2.34929    35.0547    35.0637    27.2894    1488.73    1487.56 0.0000e+00
      10554    336.000     8.1831   3.658371     8.1832   3.659220      74.07     1.1657     0.0430    72.6929 1.0000e-12    2.34442    35.0548    35.0638    27.2895    1488.75    1487.56 0.0000e+00
      10585    337.000     8.1833   3.658427     8.1835   3.659291      91.05     1.1643     0.0439    72.8952 1.0000e-12    2.33943    35.0547    35.0638    27.2894    1488.77    1487.57 0.0000e+00
      10616    338.000     8.1835   3.658529     8.1837   3.659377      96.51     1.1637     0.0461    72.6598 1.0000e-12    2.33917    35.0551    35.0640    27.2897    1488.79    1487.57 0.0000e+00
      10647    339.000     8.1838   3.658596     8.1840   3.659454      96.46     1.1629     0.0460    72.9708 1.0000e-12    2.33672    35.0551    35.0640    27.2896    1488.80    1487.58 0.0000e+00
      10677    340.000     8.1839   3.658653     8.1840   3.659503      96.47     1.1621     0.0456    44.5395 1.0000e-12    2.33401    35.0551    35.0641    27.2896    1488.82    1487.58 0.0000e+00
      10708    341.000     8.1840   3.658716     8.1842   3.659572      79.48     1.1611     0.0454     6.8103 1.0000e-12    2.32858    35.0552    35.0642    27.2897    1488.84    1487.58 0.0000e+00
      10738    342.000     8.1842   3.658782     8.1843   3.659631      81.40     1.1600     0.0444    28.9657 1.0000e-12    2.32773    35.0552    35.0642    27.2897    1488.86    1487.59 0.0000e+00
      10769    343.000     8.1845   3.658866     8.1846   3.659722      83.73     1.1593     0.0450    60.2180 1.0000e-12    2.32249    35.0554    35.0644    27.2897    1488.87    1487.59 0.0000e+00
      10800    344.000     8.1846   3.658931     8.1848   3.659792      96.47     1.1582     0.0444     1.4014 1.0000e-12    2.32157    35.0555    35.0645    27.2898    1488.89    1487.59 0.0000e+00
      10831    345.000     8.1848   3.659006     8.1850   3.659851      96.47     1.1578     0.0459    53.0851 1.0000e-12    2.32420    35.0556    35.0644    27.2899    1488.91    1487.60 0.0000e+00
      10862    346.000     8.1851   3.659087     8.1853   3.659950      96.47     1.1572     0.0447    11.6010 1.0000e-12    2.31850    35.0557    35.0647    27.2899    1488.93    1487.60 0.0000e+00
      10893    347.000     8.1853   3.659151     8.1854   3.659994      96.46     1.1564     0.0405     1.5258 1.0000e-12    2.31448    35.0557    35.0646    27.2899    1488.94    1487.61 0.0000e+00
      10924    348.000     8.1855   3.659210     8.1856   3.660068      66.89     1.1553     0.0423    61.7958 1.0000e-12    2.30734    35.0556    35.0647    27.2898    1488.96    1487.61 0.0000e+00
      10954    349.000     8.1856   3.659274     8.1857   3.660141      96.27     1.1537     0.0422    64.6464 1.0000e-12    2.30475    35.0558    35.0649    27.2899    1488.98    1487.61 0.0000e+00
      10984    350.000     8.1858   3.659339     8.1859   3.660202      96.47     1.1527     0.0410    13.8397 1.0000e-12    2.30057    35.0558    35.0649    27.2899    1488.99    1487.62 0.0000e+00
      11014    351.000     8.1860   3.659421     8.1862   3.660276      96.47     1.1515     0.0421     0.7135 1.0000e-12    2.29673    35.0560    35.0649    27.2900    1489.01    1487.62 0.0000e+00
      11045    352.000     8.1863   3.659507     8.1865   3.660365      96.46     1.1505     0.0435     0.4556 1.0000e-12    2.29622    35.0561    35.0651    27.2901    1489.03    1487.63 0.0000e+00
      11076    353.000     8.1864   3.659566     8.1866   3.660424      96.46     1.1492     0.0434     0.4583 1.0000e-12    2.28879    35.0562    35.0651    27.2901    1489.05    1487.63 0.0000e+00
      11107    354.000     8.1865   3.659619     8.1868   3.660475      96.46     1.1482     0.0416     0.4516 1.0000e-12    2.28372    35.0562    35.0650    27.2901    1489.06    1487.63 0.0000e+00
      11138    355.000     8.1866   3.659680     8.1869   3.660543      96.47     1.1463     0.0432     0.4516 1.0000e-12    2.27662    35.0562    35.0651    27.2901    1489.08    1487.64 0.0000e+00
      11169    356.000     8.1869   3.659760     8.1871   3.660612      96.47     1.1447     0.0434     0.4491 1.0000e-12    2.27211    35.0563    35.0652    27.2901    1489.10    1487.64 0.0000e+00
      11200    357.000     8.1870   3.659815     8.1872   3.660680      96.46     1.1437     0.0421     0.4468 1.0000e-12    2.27637    35.0563    35.0653    27.2901    1489.11    1487.65 0.0000e+00
      11231    358.000     8.1872   3.659874     8.1874   3.660740      96.47     1.1436     0.0452     0.4521 1.0000e-12    2.27837    35.0563    35.0653    27.2900    1489.13    1487.65 0.0000e+00
      11262    359.000     8.1873   3.659938     8.1875   3.660793      96.47     1.1435     0.0450     0.4546 1.0000e-12    2.27682    35.0564    35.0653    27.2901    1489.15    1487.65 0.0000e+00
      11292    360.000     8.1874   3.659989     8.1875   3.660850      96.47     1.1430     0.0422     0.4415 1.0000e-12    2.27430    35.0563    35.0654    27.2901    1489.17    1487.66 0.0000e+00
      11323    361.000     8.1875   3.660049     8.1877   3.660907      96.47     1.1427     0.0411     0.5607 1.0000e-12    2.27205    35.0564    35.0654    27.2901    1489.18    1487.66 0.0000e+00
      11353    362.000     8.1876   3.660109     8.1878   3.660966      96.47     1.1417     0.0399     0.4511 1.0000e-12    2.26934    35.0565    35.0654    27.2901    1489.20    1487.67 0.0000e+00
      11384    363.000     8.1878   3.660169     8.1879   3.661025      96.47     1.1414     0.0426     0.4528 1.0000e-12    2.27236    35.0564    35.0655    27.2901    1489.22    1487.67 0.0000e+00
      11414    364.000     8.1879   3.660238     8.1881   3.661091      96.47     1.1416     0.0439     0.4474 1.0000e-12    2.27471    35.0566    35.0655    27.2902    1489.23    1487.67 0.0000e+00
      11445    365.000     8.1881   3.660306     8.1883   3.661163      96.47     1.1416     0.0410     0.4927 1.0000e-12    2.27792    35.0566    35.0656    27.2902    1489.25    1487.68 0.0000e+00
      11475    366.000     8.1884   3.660393     8.1886   3.661256      96.47     1.1425     0.0474     0.5645 1.0000e-12    2.27972    35.0568    35.0658    27.2903    1489.27    1487.68 0.0000e+00
      11506    367.000     8.1886   3.660464     8.1887   3.661319      96.47     1.1423     0.0452     0.4640 1.0000e-12    2.27364    35.0569    35.0659    27.2903    1489.29    1487.69 0.0000e+00
      11537    368.000     8.1888   3.660540     8.1890   3.661400      96.46     1.1418     0.0442     6.7459 1.0000e-12    2.27071    35.0570    35.0660    27.2904    1489.30    1487.69 0.0000e+00
      11568    369.000     8.1890   3.660603     8.1892   3.661465      96.46     1.1409     0.0451     0.6620 1.0000e-12    2.26846    35.0570    35.0660    27.2903    1489.32    1487.70 0.0000e+00
      11598    370.000     8.1891   3.660667     8.1893   3.661527      96.46     1.1407     0.0438     0.5090 1.0000e-12    2.26929    35.0571    35.0661    27.2904    1489.34    1487.70 0.0000e+00
      11628    371.000     8.1892   3.660722     8.1893   3.661579      96.47     1.1398     0.0376     1.0618 1.0000e-12    2.26343    35.0571    35.0662    27.2904    1489.35    1487.71 0.0000e+00
      11658    372.000     8.1892   3.660773     8.1895   3.661633      96.46     1.1394     0.0384     9.6164 1.0000e-12    2.26873    35.0572    35.0661    27.2905    1489.37    1487.71 0.0000e+00
      11689    373.000     8.1893   3.660826     8.1895   3.661693      96.46     1.1399     0.0389    20.0979 1.0000e-12    2.27412    35.0572    35.0662    27.2904    1489.39    1487.71 0.0000e+00
      11719    374.000     8.1895   3.660886     8.1896   3.661744      96.46     1.1401     0.0396    72.0937 1.0000e-12    2.27485    35.0571    35.0662    27.2904    1489.40    1487.72 0.0000e+00
      11750    375.000     8.1896   3.660947     8.1898   3.661805      96.10     1.1414     0.0415    72.4870 1.0000e-12    2.28213    35.0572    35.0662    27.2904    1489.42    1487.72 0.0000e+00
      11781    376.000     8.1899   3.661014     8.1900   3.661875      96.46     1.1414     0.0440    72.4937 1.0000e-12    2.27352    35.0572    35.0662    27.2903    1489.44    1487.73 0.0000e+00
      11811    377.000     8.1901   3.661092     8.1902   3.661944      96.46     1.1411     0.0455    72.5341 1.0000e-12    2.27247    35.0573    35.0663    27.2904    1489.46    1487.73 0.0000e+00
      11842    378.000     8.1902   3.661154     8.1904   3.662020      96.47     1.1401     0.0461    72.5301 1.0000e-12    2.26754    35.0574    35.0664    27.2905    1489.47    1487.74 0.0000e+00
      11872    379.000     8.1903   3.661227     8.1906   3.662084      96.46     1.1401     0.0463    72.4824 1.0000e-12    2.27187    35.0576    35.0665    27.2906    1489.49    1487.74 0.0000e+00
      11902    380.000     8.1904   3.661283     8.1906   3.662132      96.46     1.1398     0.0438    72.4158 1.0000e-12    2.26949    35.0576    35.0665    27.2906    1489.51    1487.75 0.0000e+00
      11932    381.000     8.1905   3.661343     8.1907   3.662192      96.46     1.1393     0.0435    72.4599 1.0000e-12    2.26666    35.0577    35.0666    27.2907    1489.52    1487.75 0.0000e+00
      11962    382.000     8.1906   3.661394     8.1909   3.662249      96.46     1.1389     0.0465    72.4485 1.0000e-12    2.26926    35.0577    35.0665    27.2906    1489.54    1487.76 0.0000e+00
      11993    383.000     8.1908   3.661450     8.1910   3.662308      96.46     1.1393     0.0451    72.4512 1.0000e-12    2.27241    35.0576    35.0665    27.2905    1489.56    1487.76 0.0000e+00
      12024    384.000     8.1908   3.661506     8.1911   3.662368      96.46     1.1395     0.0448    29.5905 1.0000e-12    2.27710    35.0577    35.0666    27.2906    1489.58    1487.77 0.0000e+00
      12055    385.000     8.1908   3.661558     8.1911   3.662419      84.20     1.1409     0.0478     0.6597 1.0000e-12    2.28715    35.0578    35.0667    27.2907    1489.59    1487.77 0.0000e+00
      12085    386.000     8.1909   3.661608     8.1911   3.662474      79.21     1.1420     0.0466    10.3731 1.0000e-12    2.28756    35.0577    35.0668    27.2906    1489.61    1487.77 0.0000e+00
      12116    387.000     8.1911   3.661678     8.1914   3.662539      96.41     1.1429     0.0438    72.4226 1.0000e-12    2.29232    35.0578    35.0667    27.2907    1489.63    1487.78 0.0000e+00
      12147    388.000     8.1912   3.661739     8.1915   3.662601      96.46     1.1440     0.0432    72.6157 1.0000e-12    2.29728    35.0579    35.0668    27.2907    1489.64    1487.78 0.0000e+00
      12178    389.000     8.1916   3.661824     8.1919   3.662687      69.02     1.1452     0.0424    72.5937 1.0000e-12    2.30226    35.0579    35.0668    27.2907    1489.66    1487.79 0.0000e+00
      12207    390.000     8.1917   3.661874     8.1920   3.662737      91.04     1.1464     0.0422    72.4012 1.0000e-12    2.30259    35.0579    35.0668    27.2906    1489.68    1487.79 0.0000e+00
      12237    391.000     8.1919   3.661945     8.1921   3.662804      96.43     1.1464     0.0414    16.4935 1.0000e-12    2.29537    35.0580    35.0669    27.2907    1489.70    1487.80 0.0000e+00
      12268    392.000     8.1920   3.661999     8.1922   3.662859      96.46     1.1455     0.0415     0.5174 1.0000e-12    2.28917    35.0580    35.0669    27.2906    1489.71    1487.80 0.0000e+00
      12298    393.000     8.1923   3.662067     8.1924   3.662921      96.46     1.1448     0.0449     0.5453 1.0000e-12    2.28784    35.0579    35.0669    27.2906    1489.73    1487.81 0.0000e+00
      12329    394.000     8.1925   3.662141     8.1927   3.663006      96.46     1.1440     0.0470    17.8737 1.0000e-12    2.28529    35.0580    35.0671    27.2906    1489.75    1487.81 0.0000e+00
      12359    395.000     8.1926   3.662208     8.1928   3.663062      96.46     1.1431     0.0451    72.4026 1.0000e-12    2.27818    35.0582    35.0671    27.2907    1489.76    1487.82 0.0000e+00
      12390    396.000     8.1928   3.662269     8.1930   3.663131      96.46     1.1412     0.0459    71.0590 1.0000e-12    2.26542    35.0581    35.0671    27.2907    1489.78    1487.82 0.0000e+00
      12420    397.000     8.1930   3.662322     8.1931   3.663188      96.47     1.1390     0.0459    72.3695 1.0000e-12    2.26455    35.0580    35.0672    27.2905    1489.80    1487.83 0.0000e+00
      12451    398.000     8.1931   3.662381     8.1932   3.663238      96.47     1.1384     0.0445    72.1043 1.0000e-12    2.26668    35.0581    35.0671    27.2906    1489.82    1487.83 0.0000e+00
      12481    399.000     8.1932   3.662441     8.1934   3.663304      96.47     1.1373     0.0429    72.3398 1.0000e-12    2.25977    35.0581    35.0672    27.2906    1489.83    1487.84 0.0000e+00
      12512    400.000     8.1933   3.662505     8.1935   3.663358      96.46     1.1360     0.0424    72.3391 1.0000e-12    2.25638    35.0583    35.0672    27.2907    1489.85    1487.84 0.0000e+00
      12543    401.000     8.1935   3.662561     8.1936   3.663421      96.46     1.1358     0.0431    72.3458 1.0000e-12    2.26376    35.0582    35.0673    27.2906    1489.87    1487.85 0.0000e+00
      12574    402.000     8.1936   3.662616     8.1938   3.663483      96.46     1.1354     0.0423    72.3383 1.0000e-12    2.25805    35.0582    35.0672    27.2906    1489.88    1487.85 0.0000e+00
      12604    403.000     8.1936   3.662677     8.1939   3.663533      96.46     1.1348     0.0441    72.2927 1.0000e-12    2.25739    35.0584    35.0672    27.2907    1489.90    1487.86 0.0000e+00
      12635    404.000     8.1938   3.662732     8.1940   3.663588      72.36     1.1344     0.0451    72.3055 1.0000e-12    2.25678    35.0583    35.0672    27.2906    1489.92    1487.86 0.0000e+00
