_data/ctd/2015/Sta0684_2015.cnv
* Sea-Bird SBE 9 Data File:
* FileName = C:\Seabird\CTDDATA\sta0684.hex
* Software Version Seasave V 7.21f
* Temperature SN = 5127
* Conductivity SN = 3771
* Number of Bytes Per Scan = 41
* Number of Voltage Words = 4
* Number of Scans Averaged by the Deck Unit = 1
* NMEA Latitude = 60 52.19 N
* NMEA Longitude = 005 21.98 E
* NMEA UTC (Time) = Sep 16 2015 22:33:04
** Ship: 01 F/F "Håkon Mosby"
** Station: 0684
** Echodepth: 446
** Log: 3580.92
** Wind-Dir Force: 08 05
** Air-temp (dry): 14.5
** Weather Sky: 2 3
** Sea Ice: 1 0
** UNIS station:
# nquan = 18                                
# nvalues = 439                         
# units = specified
# name 0 = scan: Scan Count
# name 1 = prDM: Pressure, Digiquartz [db]
# name 2 = t068C: Temperature [ITS-68, deg C]
# name 3 = c0S/m: Conductivity [S/m]
# name 4 = t168C: Temperature, 2 [ITS-68, deg C]
# name 5 = c1S/m: Conductivity, 2 [S/m]
# name 6 = altM: Altimeter [m]
# name 7 = sbeox0V: Oxygen raw, SBE 43 [V]
# name 8 = flC: Fluorescence, Chelsea Aqua 3 Chl Con [ug/l]
# name 9 = xmiss: Beam Transmission, Chelsea/Seatech [%]
# name 10 = par: PAR/Irradiance, Biospherical/Licor
# name 11 = sbeox0ML/L: Oxygen, SBE 43 [ml/l], WS = 2
# name 12 = sal00: Salinity, Practical [PSU]
# name 13 = sal11: Salinity, Practical, 2 [PSU]
# name 14 = sigma-t00: Density [sigma-t, Kg/m^3 ]
# name 15 = svCM: Sound Velocity [Chen-Millero, m/s]
# name 16 = avgsvCM: Average Sound Velocity [Chen-Millero, m/s], minP = 0, minS = 0
# name 17 = flag: flag
# span 0 =        204,       8852       
# span 1 =      3.000,    441.000       
# span 2 =     8.1071,    14.5438       
# span 3 =   3.292390,   3.762770       
# span 4 =     8.1109,    14.5458       
# span 5 =   3.281737,   3.763583       
# span 6 =      16.71,      97.31       
# span 7 =     1.1481,     2.1246       
# span 8 =     0.0349,     0.6484       
# span 9 =     0.3086,    74.2345       
# span 10 = -4.766e-07, 1.5751e-01      
# span 11 =    2.30876,    5.03581      
# span 12 =    26.4913,    35.0615      
# span 13 =    26.4003,    35.0709      
# span 14 =    19.5510,    27.2926      
# span 15 =    1484.00,    1499.37      
# span 16 =    1487.69,    1498.24      
# span 17 = 0.0000e+00, 0.0000e+00      
# interval = decibars: 1                
# start_time = Sep 16 2015 22:33:06 [System UTC, first data scan.]
# bad_flag = -9.990e-29
*END*
[from data line 322]
       6561    325.000     8.1813   3.657879     8.1816   3.658696      96.49     1.1953     0.0426    73.1772 1.0000e-12    2.43012    35.0566    35.0650    27.2912    1488.57    1487.75 0.0000e+00
       6582    326.000     8.1814   3.657924     8.1817   3.658751      96.49     1.1926     0.0411    73.1343 1.0000e-12    2.42079    35.0565    35.0651    27.2911    1488.58    1487.76 0.0000e+00
       6602    327.000     8.1818   3.658026     8.1819   3.658819      96.49     1.1908     0.0393    73.1100 1.0000e-12    2.41971    35.0567    35.0651    27.2912    1488.60    1487.76 0.0000e+00
       6622    328.000     8.1819   3.658097     8.1821   3.658900      96.49     1.1895     0.0392    73.1108 1.0000e-12    2.42078    35.0569    35.0653    27.2914    1488.62    1487.76 0.0000e+00
       6642    329.000     8.1823   3.658201     8.1823   3.658977      96.49     1.1885     0.0408    73.0796 1.0000e-12    2.42127    35.0571    35.0654    27.2915    1488.64    1487.76 0.0000e+00
       6662    330.000     8.1825   3.658278     8.1826   3.659070      96.49     1.1876     0.0402    73.0518 1.0000e-12    2.41470    35.0573    35.0656    27.2916    1488.65    1487.77 0.0000e+00
       6682    331.000     8.1827   3.658340     8.1829   3.659153      96.49     1.1863     0.0409    73.0436 1.0000e-12    2.39968    35.0573    35.0658    27.2915    1488.67    1487.77 0.0000e+00
       6703    332.000     8.1830   3.658418     8.1830   3.659226      96.48     1.1836     0.0416    73.0147 1.0000e-12    2.39029    35.0573    35.0660    27.2915    1488.69    1487.77 0.0000e+00
       6723    333.000     8.1832   3.658484     8.1833   3.659303      96.49     1.1815     0.0426    72.9678 1.0000e-12    2.39820    35.0574    35.0660    27.2915    1488.71    1487.77 0.0000e+00
       6742    334.000     8.1833   3.658547     8.1835   3.659371      96.49     1.1823     0.0413    72.9452 1.0000e-12    2.39864    35.0575    35.0661    27.2916    1488.72    1487.78 0.0000e+00
       6762    335.000     8.1835   3.658629     8.1836   3.659431      96.49     1.1794     0.0427    72.9241 1.0000e-12    2.36876    35.0577    35.0661    27.2917    1488.74    1487.78 0.0000e+00
       6782    336.000     8.1837   3.658697     8.1839   3.659516      96.49     1.1767     0.0411    72.8891 1.0000e-12    2.38170    35.0577    35.0662    27.2917    1488.76    1487.78 0.0000e+00
       6801    337.000     8.1839   3.658772     8.1841   3.659591      96.49     1.1777     0.0407    72.8984 1.0000e-12    2.38815    35.0578    35.0664    27.2918    1488.78    1487.79 0.0000e+00
       6821    338.000     8.1840   3.658837     8.1843   3.659682      96.49     1.1763     0.0408    72.8704 1.0000e-12    2.37051    35.0579    35.0667    27.2918    1488.79    1487.79 0.0000e+00
       6841    339.000     8.1843   3.658921     8.1844   3.659732      96.49     1.1738     0.0417    72.7845 1.0000e-12    2.37153    35.0581    35.0666    27.2919    1488.81    1487.79 0.0000e+00
       6861    340.000     8.1846   3.659007     8.1847   3.659805      96.49     1.1746     0.0426    72.8289 1.0000e-12    2.38209    35.0582    35.0666    27.2920    1488.83    1487.80 0.0000e+00
       6881    341.000     8.1846   3.659034     8.1849   3.659887      96.49     1.1736     0.0426    72.8555 1.0000e-12    2.37087    35.0580    35.0668    27.2918    1488.84    1487.80 0.0000e+00
       6901    342.000     8.1847   3.659098     8.1850   3.659947      96.49     1.1728     0.0419    72.8301 1.0000e-12    2.36407    35.0581    35.0669    27.2919    1488.86    1487.80 0.0000e+00
       6921    343.000     8.1850   3.659159     8.1851   3.660010      96.49     1.1708     0.0416    72.8376 1.0000e-12    2.35470    35.0580    35.0670    27.2917    1488.88    1487.80 0.0000e+00
       6940    344.000     8.1850   3.659217     8.1853   3.660064      96.49     1.1702     0.0427    72.7930 1.0000e-12    2.35890    35.0581    35.0669    27.2918    1488.89    1487.81 0.0000e+00
       6960    345.000     8.1851   3.659271     8.1855   3.660119      96.49     1.1687     0.0432    72.7681 1.0000e-12    2.35131    35.0581    35.0668    27.2918    1488.91    1487.81 0.0000e+00
       6980    346.000     8.1852   3.659320     8.1856   3.660181      96.49     1.1674     0.0421    72.7498 1.0000e-12    2.34887    35.0581    35.0669    27.2918    1488.93    1487.81 0.0000e+00
       7000    347.000     8.1853   3.659384     8.1857   3.660243      96.49     1.1669     0.0428    72.7481 1.0000e-12    2.35392    35.0582    35.0670    27.2918    1488.95    1487.82 0.0000e+00
       7019    348.000     8.1856   3.659454     8.1858   3.660312      96.49     1.1665     0.0413    72.7288 1.0000e-12    2.35603    35.0582    35.0671    27.2918    1488.96    1487.82 0.0000e+00
       7038    349.000     8.1857   3.659511     8.1860   3.660384      96.49     1.1667     0.0428    72.7041 1.0000e-12    2.35559    35.0582    35.0672    27.2918    1488.98    1487.82 0.0000e+00
       7058    350.000     8.1858   3.659577     8.1861   3.660436      96.49     1.1662     0.0420    72.6963 1.0000e-12    2.34519    35.0583    35.0672    27.2919    1489.00    1487.83 0.0000e+00
       7077    351.000     8.1860   3.659639     8.1862   3.660488      96.49     1.1644     0.0419    72.6579 1.0000e-12    2.33386    35.0583    35.0672    27.2918    1489.01    1487.83 0.0000e+00
       7097    352.000     8.1861   3.659697     8.1864   3.660565      96.49     1.1628     0.0418    72.6498 1.0000e-12    2.33607    35.0583    35.0673    27.2918    1489.03    1487.83 0.0000e+00
       7117    353.000     8.1863   3.659785     8.1866   3.660629      96.49     1.1627     0.0441    72.6549 1.0000e-12    2.34487    35.0586    35.0673    27.2920    1489.05    1487.84 0.0000e+00
       7137    354.000     8.1862   3.659824     8.1867   3.660710      96.49     1.1627     0.0430    72.6337 1.0000e-12    2.34355    35.0586    35.0676    27.2921    1489.06    1487.84 0.0000e+00
       7157    355.000     8.1861   3.659871     8.1868   3.660769      96.49     1.1622     0.0416    72.6604 1.0000e-12    2.33779    35.0588    35.0677    27.2922    1489.08    1487.84 0.0000e+00
       7177    356.000     8.1861   3.659916     8.1867   3.660798      96.49     1.1619     0.0409    32.2997 1.0000e-12    2.34161    35.0588    35.0676    27.2922    1489.10    1487.85 0.0000e+00
       7197    357.000     8.1863   3.659973     8.1867   3.660836      96.49     1.1616     0.0395    11.8939 1.0000e-12    2.34775    35.0587    35.0675    27.2921    1489.11    1487.85 0.0000e+00
       7216    358.000     8.1864   3.660038     8.1868   3.660916      96.49     1.1627     0.0389     6.9296 1.0000e-12    2.36529    35.0588    35.0678    27.2922    1489.13    1487.86 0.0000e+00
       7236    359.000     8.1867   3.660110     8.1869   3.660979      96.49     1.1653     0.0408    58.5396 1.0000e-12    2.38615    35.0588    35.0679    27.2921    1489.15    1487.86 0.0000e+00
       7255    360.000     8.1868   3.660172     8.1871   3.661043      96.49     1.1680     0.0417    72.8682 1.0000e-12    2.40138    35.0589    35.0679    27.2922    1489.17    1487.86 0.0000e+00
       7275    361.000     8.1870   3.660229     8.1873   3.661095      96.49     1.1716     0.0427    73.0604 1.0000e-12    2.40809    35.0588    35.0678    27.2921    1489.18    1487.87 0.0000e+00
       7294    362.000     8.1872   3.660298     8.1875   3.661127      96.49     1.1734     0.0425    61.0176 1.0000e-12    2.40144    35.0589    35.0674    27.2921    1489.20    1487.87 0.0000e+00
       7314    363.000     8.1873   3.660350     8.1876   3.661222      96.49     1.1741     0.0428    72.9683 1.0000e-12    2.40216    35.0589    35.0679    27.2921    1489.22    1487.87 0.0000e+00
       7333    364.000     8.1877   3.660439     8.1878   3.661285      96.49     1.1761     0.0418    73.0029 1.0000e-12    2.40697    35.0589    35.0679    27.2921    1489.24    1487.88 0.0000e+00
       7353    365.000     8.1876   3.660485     8.1880   3.661361      96.49     1.1760     0.0402    72.9289 1.0000e-12    2.38901    35.0591    35.0680    27.2922    1489.25    1487.88 0.0000e+00
       7372    366.000     8.1877   3.660544     8.1881   3.661412      96.49     1.1749     0.0425     4.9129 1.0000e-12    2.37514    35.0591    35.0680    27.2922    1489.27    1487.88 0.0000e+00
       7392    367.000     8.1877   3.660594     8.1881   3.661472      96.49     1.1728     0.0429     0.6767 1.0000e-12    2.37439    35.0592    35.0681    27.2922    1489.29    1487.89 0.0000e+00
       7411    368.000     8.1880   3.660670     8.1882   3.661518      94.85     1.1724     0.0435     1.1230 1.0000e-12    2.38349    35.0592    35.0680    27.2922    1489.30    1487.89 0.0000e+00
       7431    369.000     8.1882   3.660739     8.1884   3.661607      59.38     1.1731     0.0460     0.6767 1.0000e-12    2.39160    35.0593    35.0683    27.2922    1489.32    1487.90 0.0000e+00
       7450    370.000     8.1883   3.660801     8.1886   3.661673      96.47     1.1731     0.0458     0.7788 1.0000e-12    2.38646    35.0593    35.0683    27.2923    1489.34    1487.90 0.0000e+00
       7470    371.000     8.1884   3.660853     8.1887   3.661726      77.78     1.1729     0.0437     0.4904 1.0000e-12    2.38788    35.0593    35.0683    27.2923    1489.35    1487.90 0.0000e+00
       7489    372.000     8.1887   3.660930     8.1888   3.661792      96.05     1.1733     0.0459     0.3220 1.0000e-12    2.39760    35.0594    35.0685    27.2922    1489.37    1487.91 0.0000e+00
       7509    373.000     8.1888   3.660988     8.1890   3.661845      92.47     1.1747     0.0455     7.4313 1.0000e-12    2.40448    35.0594    35.0684    27.2923    1489.39    1487.91 0.0000e+00
       7529    374.000     8.1890   3.661054     8.1892   3.661913      94.82     1.1751     0.0429    10.0902 1.0000e-12    2.39422    35.0594    35.0684    27.2923    1489.41    1487.92 0.0000e+00
       7548    375.000     8.1892   3.661126     8.1893   3.662003      96.48     1.1742     0.0410    71.9747 1.0000e-12    2.39149    35.0595    35.0688    27.2923    1489.42    1487.92 0.0000e+00
       7568    376.000     8.1893   3.661190     8.1895   3.662076      96.49     1.1751     0.0403    72.9767 1.0000e-12    2.40505    35.0596    35.0689    27.2924    1489.44    1487.92 0.0000e+00
       7587    377.000     8.1895   3.661256     8.1897   3.662139      96.49     1.1756     0.0409    72.9660 1.0000e-12    2.40697    35.0597    35.0689    27.2924    1489.46    1487.93 0.0000e+00
       7607    378.000     8.1896   3.661314     8.1898   3.662202      96.49     1.1768     0.0405    72.9084 1.0000e-12    2.40157    35.0597    35.0690    27.2924    1489.47    1487.93 0.0000e+00
       7626    379.000     8.1898   3.661377     8.1900   3.662257      96.49     1.1755     0.0403    72.9631 1.0000e-12    2.38862    35.0597    35.0689    27.2923    1489.49    1487.94 0.0000e+00
       7645    380.000     8.1901   3.661468     8.1902   3.662302      96.49     1.1751     0.0398    72.9676 1.0000e-12    2.39942    35.0599    35.0687    27.2925    1489.51    1487.94 0.0000e+00
       7665    381.000     8.1902   3.661530     8.1904   3.662388      96.49     1.1755     0.0402    72.9567 1.0000e-12    2.39636    35.0600    35.0689    27.2925    1489.53    1487.94 0.0000e+00
       7684    382.000     8.1902   3.661587     8.1906   3.662469      96.49     1.1744     0.0423    72.7485 1.0000e-12    2.38604    35.0601    35.0691    27.2926    1489.54    1487.95 0.0000e+00
       7704    383.000     8.1904   3.661646     8.1907   3.662520      96.49     1.1745     0.0449    72.2397 1.0000e-12    2.39134    35.0601    35.0691    27.2925    1489.56    1487.95 0.0000e+00
       7723    384.000     8.1906   3.661719     8.1908   3.662586      96.49     1.1734     0.0439    72.1400 1.0000e-12    2.39216    35.0602    35.0692    27.2926    1489.58    1487.96 0.0000e+00
       7743    385.000     8.1907   3.661772     8.1910   3.662634      96.49     1.1737     0.0444    72.7448 1.0000e-12    2.39147    35.0602    35.0691    27.2926    1489.59    1487.96 0.0000e+00
       7762    386.000     8.1909   3.661827     8.1912   3.662702      96.49     1.1734     0.0438    71.0134 1.0000e-12    2.38797    35.0601    35.0691    27.2925    1489.61    1487.97 0.0000e+00
       7782    387.000     8.1912   3.661912     8.1914   3.662770      96.49     1.1729     0.0441    39.2625 1.0000e-12    2.38371    35.0602    35.0692    27.2925    1489.63    1487.97 0.0000e+00
       7802    388.000     8.1913   3.661961     8.1915   3.662822      96.48     1.1719     0.0434     0.6757 1.0000e-12    2.38289    35.0602    35.0691    27.2925    1489.65    1487.97 0.0000e+00
       7821    389.000     8.1914   3.662021     8.1917   3.662898      96.49     1.1719     0.0433     0.3321 1.0000e-12    2.37945    35.0602    35.0693    27.2925    1489.66    1487.98 0.0000e+00
       7841    390.000     8.1915   3.662087     8.1919   3.662959      96.49     1.1701     0.0440     0.3241 1.0000e-12    2.36452    35.0603    35.0693    27.2926    1489.68    1487.98 0.0000e+00
       7860    391.000     8.1917   3.662137     8.1920   3.663036      96.49     1.1690     0.0431     0.3098 1.0000e-12    2.36640    35.0602    35.0695    27.2924    1489.70    1487.99 0.0000e+00
       7879    392.000     8.1918   3.662199     8.1921   3.663083      96.49     1.1675     0.0439     0.3241 1.0000e-12    2.35736    35.0603    35.0694    27.2925    1489.71    1487.99 0.0000e+00
       7899    393.000     8.1921   3.662266     8.1923   3.663161      96.49     1.1658     0.0415     0.3154 1.0000e-12    2.35613    35.0602    35.0696    27.2924    1489.73    1488.00 0.0000e+00
       7918    394.000     8.1925   3.662365     8.1924   3.663218      96.49     1.1656     0.0420     0.3086 1.0000e-12    2.36044    35.0604    35.0696    27.2925    1489.75    1488.00 0.0000e+00
       7938    395.000     8.1928   3.662446     8.1928   3.663285      96.49     1.1644     0.0428     0.4255 1.0000e-12    2.35505    35.0605    35.0695    27.2925    1489.77    1488.01 0.0000e+00
       7958    396.000     8.1928   3.662505     8.1930   3.663373      96.49     1.1642     0.0430     1.3064 1.0000e-12    2.35395    35.0607    35.0697    27.2926    1489.78    1488.01 0.0000e+00
       7977    397.000     8.1930   3.662566     8.1932   3.663432      96.49     1.1627     0.0433    60.0530 1.0000e-12    2.33283    35.0606    35.0697    27.2926    1489.80    1488.01 0.0000e+00
       7997    398.000     8.1931   3.662620     8.1933   3.663493      96.49     1.1597     0.0429    71.1657 1.0000e-12    2.32356    35.0606    35.0697    27.2926    1489.82    1488.02 0.0000e+00
       8017    399.000     8.1932   3.662672     8.1935   3.663560      38.21     1.1581     0.0420    72.4058 1.0000e-12    2.32294    35.0606    35.0698    27.2925    1489.84    1488.02 0.0000e+00
       8036    400.000     8.1933   3.662736     8.1936   3.663616      94.42     1.1564     0.0412    72.3457 1.0000e-12    2.31600    35.0607    35.0698    27.2926    1489.85    1488.03 0.0000e+00
       8055    401.000     8.1935   3.662789     8.1938   3.663645      44.86     1.1543     0.0411    70.3716 1.0000e-12    2.31679    35.0606    35.0694    27.2925    1489.87    1488.03 0.0000e+00
       8075    402.000     8.1936   3.662845     8.1939   3.663728      71.91     1.1539     0.0416    71.1590 1.0000e-12    2.31896    35.0606    35.0698    27.2925    1489.89    1488.04 0.0000e+00
       8094    403.000     8.1937   3.662898     8.1940   3.663782      96.29     1.1529     0.0417    69.2469 1.0000e-12    2.31652    35.0606    35.0698    27.2925    1489.90    1488.04 0.0000e+00
       8113    404.000     8.1938   3.662961     8.1941   3.663831      96.48     1.1522     0.0427    72.2033 1.0000e-12    2.31788    35.0607    35.0697    27.2925    1489.92    1488.05 0.0000e+00
