_data/ctd/2015/Sta0685_2015.cnv
* Sea-Bird SBE 9 Data File:
* FileName = C:\Seabird\CTDDATA\sta0685.hex
* Software Version Seasave V 7.21f
* Temperature SN = 5127
* Conductivity SN = 3771
* Number of Bytes Per Scan = 41
* Number of Voltage Words = 4
* Number of Scans Averaged by the Deck Unit = 1
* NMEA Latitude = 60 52.11 N
* NMEA Longitude = 005 21.94 E
* NMEA UTC (Time) = Sep 17 2015 10:19:09
** Ship: 01 F/F "Håkon Mosby"
** Station: 0685
** Echodepth: 472
** Log: 3603.160
** Wind-Dir Force: 05 02
** Air-temp (dry): 16.5
** Weather Sky: 2 3
** Sea Ice: 1 0
** UNIS station:
# nquan = 18                                
# nvalues = 473                         
# units = specified
# name 0 = scan: Scan Count
# name 1 = prDM: Pressure, Digiquartz [db]
# name 2 = t068C: Temperature [ITS-68, deg C]
# name 3 = c0S/m: Conductivity [S/m]
# name 4 = t168C: Temperature, 2 [ITS-68, deg C]
# name 5 = c1S/m: Conductivity, 2 [S/m]
# name 6 = altM: Altimeter [m]
# name 7 = sbeox0V: Oxygen raw, SBE 43 [V]
# name 8 = flC: Fluorescence, Chelsea Aqua 3 Chl Con [ug/l]
# name 9 = xmiss: Beam Transmission, Chelsea/Seatech [%]
# name 10 = par: PAR/Irradiance, Biospherical/Licor
# name 11 = sbeox0ML/L: Oxygen, SBE 43 [ml/l], WS = 2
# name 12 = sal00: Salinity, Practical [PSU]
# name 13 = sal11: Salinity, Practical, 2 [PSU]
# name 14 = sigma-t00: Density [sigma-t, Kg/m^3 ]
# name 15 = svCM: Sound Velocity [Chen-Millero, m/s]
# name 16 = avgsvCM: Average Sound Velocity [Chen-Millero, m/s], minP = 0, minS = 0
# name 17 = flag: flag
# span 0 =        441,      11683       
# span 1 =      3.000,    475.000       
# span 2 =     8.0887,    14.3782       
# span 3 =   3.304642,   3.806334       
# span 4 =     8.0889,    14.3789       
# span 5 =   3.309135,   3.806886       
# span 6 =       2.90,     108.24       
# span 7 =     1.1237,     2.1079       
# span 8 =     0.0333,     0.6886       
# span 9 =     0.4814,    74.1555       
# span 10 = -1.556e-07, 1.4150e+02      
# span 11 =    2.22936,    5.02836      
# span 12 =    26.6919,    35.0592      
# span 13 =    26.7348,    35.0674      
# span 14 =    19.7316,    27.2901      
# span 15 =    1484.17,    1499.88      
# span 16 =    1487.95,    1498.54      
# span 17 = 0.0000e+00, 0.0000e+00      
# interval = decibars: 1                
# start_time = Sep 17 2015 10:19:12 [System UTC, first data scan.]
# bad_flag = -9.990e-29
*END*
[from data line 403]
       9495    406.000     8.1940   3.662753     8.1945   3.663535      96.46     1.1430     0.0442    65.3884 1.0000e-12    2.27982    35.0574    35.0652    27.2899    1489.95    1488.23 0.0000e+00
       9517    407.000     8.1941   3.662798     8.1946   3.663604      90.27     1.1398     0.0453    34.7153 1.0000e-12    2.26401    35.0573    35.0654    27.2898    1489.97    1488.24 0.0000e+00
       9539    408.000     8.1942   3.662863     8.1946   3.663645      70.73     1.1395     0.0447     4.1458 1.0000e-12    2.26534    35.0574    35.0653    27.2898    1489.98    1488.24 0.0000e+00
       9562    409.000     8.1942   3.662911     8.1947   3.663711      96.55     1.1376     0.0448    12.7128 1.0000e-12    2.26712    35.0574    35.0654    27.2899    1490.00    1488.25 0.0000e+00
       9584    410.000     8.1943   3.662979     8.1948   3.663761      96.46     1.1381     0.0451    69.3598 1.0000e-12    2.27844    35.0576    35.0654    27.2900    1490.02    1488.25 0.0000e+00
       9606    411.000     8.1945   3.663024     8.1949   3.663817      96.45     1.1384     0.0426    28.1801 1.0000e-12    2.27497    35.0574    35.0654    27.2898    1490.03    1488.26 0.0000e+00
       9629    412.000     8.1945   3.663079     8.1950   3.663871      96.45     1.1381     0.0416    30.9578 1.0000e-12    2.28381    35.0575    35.0654    27.2899    1490.05    1488.26 0.0000e+00
       9651    413.000     8.1947   3.663139     8.1951   3.663923      96.46     1.1402     0.0414     7.6893 1.0000e-12    2.29421    35.0574    35.0654    27.2898    1490.07    1488.27 0.0000e+00
       9674    414.000     8.1947   3.663186     8.1952   3.663976      96.45     1.1405     0.0417     2.8442 1.0000e-12    2.28893    35.0575    35.0654    27.2898    1490.08    1488.27 0.0000e+00
       9696    415.000     8.1948   3.663242     8.1953   3.664033      96.46     1.1409     0.0422    41.3553 1.0000e-12    2.28919    35.0575    35.0654    27.2898    1490.10    1488.27 0.0000e+00
       9719    416.000     8.1949   3.663302     8.1954   3.664087      96.46     1.1416     0.0392    62.6348 1.0000e-12    2.29419    35.0576    35.0654    27.2899    1490.12    1488.28 0.0000e+00
       9742    417.000     8.1951   3.663356     8.1956   3.664151      96.46     1.1421     0.0405    68.5952 1.0000e-12    2.29827    35.0575    35.0654    27.2898    1490.14    1488.28 0.0000e+00
       9764    418.000     8.1951   3.663408     8.1955   3.664202      96.46     1.1430     0.0411    65.7067 1.0000e-12    2.29927    35.0575    35.0656    27.2898    1490.15    1488.29 0.0000e+00
       9787    419.000     8.1952   3.663469     8.1957   3.664263      96.46     1.1430     0.0383    70.2627 1.0000e-12    2.29349    35.0576    35.0656    27.2899    1490.17    1488.29 0.0000e+00
       9809    420.000     8.1953   3.663515     8.1959   3.664309      96.46     1.1436     0.0405    71.1599 1.0000e-12    2.30981    35.0575    35.0654    27.2898    1490.19    1488.30 0.0000e+00
       9832    421.000     8.1954   3.663574     8.1959   3.664362      96.45     1.1450     0.0420    72.4028 1.0000e-12    2.31180    35.0576    35.0655    27.2898    1490.20    1488.30 0.0000e+00
       9854    422.000     8.1955   3.663626     8.1960   3.664418      96.46     1.1452     0.0428    72.4296 1.0000e-12    2.30310    35.0576    35.0655    27.2898    1490.22    1488.31 0.0000e+00
       9877    423.000     8.1955   3.663684     8.1961   3.664478      96.46     1.1456     0.0420    72.4285 1.0000e-12    2.30474    35.0577    35.0656    27.2899    1490.24    1488.31 0.0000e+00
       9899    424.000     8.1956   3.663747     8.1962   3.664529      96.46     1.1453     0.0428    72.4209 1.0000e-12    2.31189    35.0578    35.0656    27.2900    1490.25    1488.31 0.0000e+00
       9922    425.000     8.1958   3.663797     8.1962   3.664589      96.46     1.1470     0.0443    72.4492 1.0000e-12    2.32465    35.0577    35.0657    27.2898    1490.27    1488.32 0.0000e+00
       9945    426.000     8.1960   3.663870     8.1965   3.664651      96.46     1.1481     0.0398    72.5297 1.0000e-12    2.32414    35.0578    35.0656    27.2899    1490.29    1488.32 0.0000e+00
       9968    427.000     8.1961   3.663932     8.1966   3.664722      96.45     1.1493     0.0439    72.5626 1.0000e-12    2.32745    35.0579    35.0658    27.2899    1490.30    1488.33 0.0000e+00
       9990    428.000     8.1963   3.663990     8.1967   3.664779      96.46     1.1497     0.0447    72.5807 1.0000e-12    2.32958    35.0578    35.0658    27.2899    1490.32    1488.33 0.0000e+00
      10013    429.000     8.1964   3.664052     8.1969   3.664838      96.45     1.1511     0.0442    72.5679 1.0000e-12    2.33300    35.0579    35.0658    27.2899    1490.34    1488.34 0.0000e+00
      10036    430.000     8.1965   3.664116     8.1970   3.664889      96.46     1.1511     0.0452    72.6213 1.0000e-12    2.33254    35.0580    35.0657    27.2900    1490.36    1488.34 0.0000e+00
      10059    431.000     8.1966   3.664180     8.1971   3.664966      96.46     1.1526     0.0459    72.6007 1.0000e-12    2.34516    35.0581    35.0660    27.2901    1490.37    1488.35 0.0000e+00
      10082    432.000     8.1968   3.664249     8.1974   3.665033      96.46     1.1535     0.0454    72.6300 1.0000e-12    2.34325    35.0582    35.0659    27.2901    1490.39    1488.35 0.0000e+00
      10105    433.000     8.1970   3.664292     8.1975   3.665084      96.46     1.1543     0.0460    72.5988 1.0000e-12    2.35063    35.0580    35.0659    27.2899    1490.41    1488.36 0.0000e+00
      10128    434.000     8.1971   3.664357     8.1976   3.665152      96.46     1.1559     0.0464    72.5951 1.0000e-12    2.35052    35.0581    35.0661    27.2900    1490.42    1488.36 0.0000e+00
      10151    435.000     8.1973   3.664420     8.1977   3.665208      96.46     1.1554     0.0454    72.5951 1.0000e-12    2.33881    35.0581    35.0661    27.2899    1490.44    1488.37 0.0000e+00
      10174    436.000     8.1974   3.664473     8.1978   3.665266      96.45     1.1552     0.0455    72.5679 1.0000e-12    2.34006    35.0581    35.0661    27.2899    1490.46    1488.37 0.0000e+00
      10198    437.000     8.1975   3.664529     8.1980   3.665316      88.30     1.1547     0.0461    72.5832 1.0000e-12    2.33842    35.0581    35.0660    27.2899    1490.47    1488.38 0.0000e+00
      10221    438.000     8.1977   3.664601     8.1981   3.665387      85.61     1.1545     0.0453    72.5385 1.0000e-12    2.34748    35.0582    35.0662    27.2899    1490.49    1488.38 0.0000e+00
      10245    439.000     8.1978   3.664653     8.1983   3.665454      96.47     1.1560     0.0428    72.5595 1.0000e-12    2.35609    35.0582    35.0662    27.2899    1490.51    1488.39 0.0000e+00
      10268    440.000     8.1980   3.664718     8.1985   3.665518      96.45     1.1566     0.0436    72.5605 1.0000e-12    2.34756    35.0582    35.0662    27.2899    1490.53    1488.39 0.0000e+00
      10292    441.000     8.1982   3.664788     8.1987   3.665574      96.45     1.1558     0.0468    72.5563 1.0000e-12    2.34159    35.0583    35.0661    27.2899    1490.54    1488.39 0.0000e+00
      10316    442.000     8.1984   3.664858     8.1988   3.665646      96.45     1.1552     0.0462    72.4468 1.0000e-12    2.33620    35.0583    35.0663    27.2900    1490.56    1488.40 0.0000e+00
      10340    443.000     8.1985   3.664918     8.1989   3.665699      96.46     1.1544     0.0445    72.4766 1.0000e-12    2.33478    35.0584    35.0663    27.2900    1490.58    1488.40 0.0000e+00
      10363    444.000     8.1986   3.664968     8.1991   3.665760      96.45     1.1535     0.0481    72.4817 1.0000e-12    2.33265    35.0584    35.0663    27.2899    1490.59    1488.41 0.0000e+00
      10387    445.000     8.1987   3.665024     8.1991   3.665811      96.46     1.1527     0.0494    72.4579 1.0000e-12    2.33131    35.0584    35.0664    27.2899    1490.61    1488.41 0.0000e+00
      10411    446.000     8.1989   3.665073     8.1992   3.665871      96.45     1.1527     0.0469    72.4624 1.0000e-12    2.33994    35.0582    35.0664    27.2898    1490.63    1488.42 0.0000e+00
      10435    447.000     8.1989   3.665135     8.1994   3.665927      96.45     1.1530     0.0471    72.4786 1.0000e-12    2.33816    35.0584    35.0664    27.2899    1490.65    1488.42 0.0000e+00
      10459    448.000     8.1990   3.665186     8.1995   3.665978      96.45     1.1530     0.0459    72.4894 1.0000e-12    2.33665    35.0584    35.0663    27.2899    1490.66    1488.43 0.0000e+00
      10484    449.000     8.1992   3.665245     8.1996   3.666029      96.45     1.1527     0.0451    72.4761 1.0000e-12    2.34202    35.0583    35.0663    27.2898    1490.68    1488.43 0.0000e+00
      10509    450.000     8.1993   3.665306     8.1997   3.666093      96.06     1.1536     0.0454    72.4396 1.0000e-12    2.34789    35.0584    35.0664    27.2899    1490.70    1488.44 0.0000e+00
      10533    451.000     8.1994   3.665364     8.1999   3.666153      96.46     1.1543     0.0449    72.4538 1.0000e-12    2.34279    35.0585    35.0664    27.2899    1490.71    1488.44 0.0000e+00
      10557    452.000     8.1996   3.665424     8.2001   3.666212      96.45     1.1532     0.0456    72.4134 1.0000e-12    2.33370    35.0584    35.0663    27.2899    1490.73    1488.45 0.0000e+00
      10580    453.000     8.1997   3.665485     8.2002   3.666282      96.45     1.1532     0.0431    72.4511 1.0000e-12    2.34218    35.0585    35.0665    27.2899    1490.75    1488.45 0.0000e+00
      10603    454.000     8.2000   3.665563     8.2004   3.666352      96.45     1.1530     0.0446    72.3547 1.0000e-12    2.33451    35.0586    35.0666    27.2899    1490.77    1488.46 0.0000e+00
      10626    455.000     8.2002   3.665624     8.2007   3.666421      96.45     1.1522     0.0454    72.3506 1.0000e-12    2.33443    35.0585    35.0665    27.2898    1490.78    1488.46 0.0000e+00
      10650    456.000     8.2003   3.665693     8.2008   3.666477      67.88     1.1522     0.0442    72.3435 1.0000e-12    2.33305    35.0587    35.0666    27.2900    1490.80    1488.47 0.0000e+00
      10673    457.000     8.2005   3.665759     8.2010   3.666549      61.61     1.1515     0.0432    72.3158 1.0000e-12    2.32745    35.0587    35.0667    27.2900    1490.82    1488.47 0.0000e+00
      10696    458.000     8.2010   3.665851     8.2015   3.666640      19.19     1.1503     0.0434    72.2291 1.0000e-12    2.32565    35.0588    35.0667    27.2899    1490.83    1488.48 0.0000e+00
      10718    459.000     8.2013   3.665937     8.2018   3.666728      18.74     1.1501     0.0445    72.1079 1.0000e-12    2.32479    35.0589    35.0668    27.2900    1490.85    1488.49 0.0000e+00
      10741    460.000     8.2017   3.666025     8.2021   3.666808      17.60     1.1490     0.0435    72.0105 1.0000e-12    2.31621    35.0590    35.0669    27.2899    1490.87    1488.49 0.0000e+00
      10946    461.000     8.2018   3.666071     8.2021   3.666858      16.30     1.1450     0.0462    71.6108 1.0000e-12    2.30391    35.0589    35.0670    27.2899    1490.89    1488.50 0.0000e+00
      11290    462.000     8.2018   3.666118     8.2021   3.666911      38.35     1.1402     0.0464    71.1618 1.0000e-12    2.29462    35.0589    35.0671    27.2899    1490.90    1488.50 0.0000e+00
      11323    463.000     8.2020   3.666182     8.2022   3.666964      13.77     1.1386     0.0461    71.1933 1.0000e-12    2.27636    35.0589    35.0671    27.2899    1490.92    1488.51 0.0000e+00
      11356    464.000     8.2020   3.666230     8.2024   3.667028      13.45     1.1366     0.0451    71.0966 1.0000e-12    2.27148    35.0590    35.0671    27.2899    1490.94    1488.51 0.0000e+00
      11387    465.000     8.2022   3.666297     8.2026   3.667080      12.37     1.1347     0.0465    71.1495 1.0000e-12    2.26835    35.0590    35.0669    27.2899    1490.96    1488.52 0.0000e+00
      11419    466.000     8.2024   3.666363     8.2028   3.667147      11.52     1.1339     0.0441    71.1399 1.0000e-12    2.27342    35.0590    35.0670    27.2899    1490.97    1488.52 0.0000e+00
      11449    467.000     8.2025   3.666413     8.2029   3.667202      10.45     1.1340     0.0464    71.1072 1.0000e-12    2.26726    35.0590    35.0670    27.2898    1490.99    1488.53 0.0000e+00
      11479    468.000     8.2028   3.666488     8.2031   3.667274       9.40     1.1320     0.0480    71.0499 1.0000e-12    2.25913    35.0590    35.0671    27.2898    1491.01    1488.53 0.0000e+00
      11508    469.000     8.2030   3.666559     8.2034   3.667338       8.42     1.1314     0.0480    70.9766 1.0000e-12    2.26598    35.0591    35.0670    27.2899    1491.02    1488.54 0.0000e+00
      11537    470.000     8.2031   3.666610     8.2035   3.667411       7.46     1.1313     0.0477    70.9437 1.0000e-12    2.26155    35.0591    35.0672    27.2898    1491.04    1488.54 0.0000e+00
      11566    471.000     8.2035   3.666691     8.2037   3.667479       6.51     1.1300     0.0479    70.7825 1.0000e-12    2.24936    35.0591    35.0673    27.2898    1491.06    1488.55 0.0000e+00
      11595    472.000     8.2036   3.666754     8.2039   3.667540       5.48     1.1283     0.0490    70.6286 1.0000e-12    2.24741    35.0592    35.0672    27.2898    1491.08    1488.55 0.0000e+00
      11623    473.000     8.2036   3.666799     8.2040   3.667592       4.49     1.1272     0.0488    70.6085 1.0000e-12    2.23907    35.0592    35.0672    27.2898    1491.09    1488.56 0.0000e+00
      11651    474.000     8.2037   3.666841     8.2040   3.667636       3.68     1.1249     0.0475    70.4879 1.0000e-12    2.22936    35.0590    35.0672    27.2897    1491.11    1488.56 0.0000e+00
      11683    475.000     8.2038   3.666874     8.2039   3.667686       2.90     1.1237     0.0438    70.4337 1.0000e-12    2.23956    35.0588    35.0674    27.2895    1491.13    1488.57 0.0000e+00
