_data/ctd/2015/Sta0685_2015.cnv
* Sea-Bird SBE 9 Data File:
* FileName = C:\Seabird\CTDDATA\sta0685.hex
* Software Version Seasave V 7.21f
* Temperature SN = 5127
* Conductivity SN = 3771
* Number of Bytes Per Scan = 41
* Number of Voltage Words = 4
* Number of Scans Averaged by the Deck Unit = 1
* NMEA Latitude = 60 52.11 N
* NMEA Longitude = 005 21.94 E
* NMEA UTC (Time) = Sep 17 2015 10:19:09
** Ship: 01 F/F "Håkon Mosby"
** Station: 0685
** Echodepth: 472
** Log: 3603.160
** Wind-Dir Force: 05 02
** Air-temp (dry): 16.5
** Weather Sky: 2 3
** Sea Ice: 1 0
** UNIS station:
# nquan = 18                                
# nvalues = 473                         
# units = specified
# name 0 = scan: Scan Count
# name 1 = prDM: Pressure, Digiquartz [db]
# name 2 = t068C: Temperature [ITS-68, deg C]
# name 3 = c0S/m: Conductivity [S/m]
# name 4 = t168C: Temperature, 2 [ITS-68, deg C]
# name 5 = c1S/m: Conductivity, 2 [S/m]
# name 6 = altM: Altimeter [m]
# name 7 = sbeox0V: Oxygen raw, SBE 43 [V]
# name 8 = flC: Fluorescence, Chelsea Aqua 3 Chl Con [ug/l]
# name 9 = xmiss: Beam Transmission, Chelsea/Seatech [%]
# name 10 = par: PAR/Irradiance, Biospherical/Licor
# name 11 = sbeox0ML/L: Oxygen, SBE 43 [ml/l], WS = 2
# name 12 = sal00: Salinity, Practical [PSU]
# name 13 = sal11: Salinity, Practical, 2 [PSU]
# name 14 = sigma-t00: Density [sigma-t, Kg/m^3 ]
# name 15 = svCM: Sound Velocity [Chen-Millero, m/s]
# name 16 = avgsvCM: Average Sound Velocity [Chen-Millero, m/s], minP = 0, minS = 0
# name 17 = flag: flag
# span 0 =        441,      11683       
# span 1 =      3.000,    475.000       
# span 2 =     8.0887,    14.3782       
# span 3 =   3.304642,   3.806334       
# span 4 =     8.0889,    14.3789       
# span 5 =   3.309135,   3.806886       
# span 6 =       2.90,     108.24       
# span 7 =     1.1237,     2.1079       
# span 8 =     0.0333,     0.6886       
# span 9 =     0.4814,    74.1555       
# span 10 = -1.556e-07, 1.4150e+02      
# span 11 =    2.22936,    5.02836      
# span 12 =    26.6919,    35.0592      
# span 13 =    26.7348,    35.0674      
# span 14 =    19.7316,    27.2901      
# span 15 =    1484.17,    1499.88      
# span 16 =    1487.95,    1498.54      
# span 17 = 0.0000e+00, 0.0000e+00      
# interval = decibars: 1                
# start_time = Sep 17 2015 10:19:12 [System UTC, first data scan.]
# bad_flag = -9.990e-29
*END*
        441      3.000    14.2362   3.304642    14.2322   3.309135     108.24     2.1079     0.4436    68.2783 1.4150e+02    5.02836    26.6919    26.7348    19.7316    1494.56    1494.56 0.0000e+00
        483      4.000    14.3156   3.398103    14.3225   3.389932      60.53     2.0996     0.6018    67.8852 1.0273e+02    4.93233    27.4720    27.3939    20.3164    1495.75    1494.86 0.0000e+00
        505      5.000    14.3681   3.580339    14.3691   3.571028      95.85     2.0967     0.6886    67.2282 7.6787e+01    4.90374    29.0701    28.9855    21.5364    1497.80    1495.44 0.0000e+00
        529      6.000    14.3680   3.660698    14.3676   3.657071      96.48     2.1002     0.6659    65.8329 5.5067e+01    4.90930    29.7951    29.7626    22.0949    1498.66    1495.98 0.0000e+00
        553      7.000    14.3687   3.675465    14.3690   3.672827      96.49     2.1046     0.6120    66.9088 4.1079e+01    4.91901    29.9278    29.9037    22.1970    1498.84    1496.39 0.0000e+00
        580      8.000    14.3677   3.678430    14.3672   3.680913      96.47     2.1055     0.5843    68.0867 3.1692e+01    4.88850    29.9550    29.9779    22.2182    1498.88    1496.70 0.0000e+00
        619      9.000    14.3675   3.683707    14.3665   3.686608      96.36     2.1000     0.5596    68.5664 2.4356e+01    4.86690    30.0026    30.0296    22.2548    1498.95    1496.95 0.0000e+00
        657     10.000    14.3594   3.711084    14.3570   3.712114      96.48     2.0910     0.5476    69.0495 1.9199e+01    4.80697    30.2564    30.2676    22.4521    1499.24    1497.18 0.0000e+00
        688     11.000    14.3191   3.720705    14.3174   3.722082      96.48     2.0834     0.4888    69.4541 1.5490e+01    4.81955    30.3748    30.3887    22.5516    1499.26    1497.37 0.0000e+00
        713     12.000    14.3328   3.728745    14.3370   3.729775      65.22     2.0828     0.4404    69.8143 1.2621e+01    4.80416    30.4367    30.4427    22.5965    1499.40    1497.54 0.0000e+00
        737     13.000    14.3782   3.735468    14.3789   3.736024      92.37     2.0763     0.4264    69.9262 1.0500e+01    4.76866    30.4616    30.4661    22.6064    1499.59    1497.69 0.0000e+00
        762     14.000    14.3772   3.743023    14.3772   3.743529      96.52     2.0734     0.4080    70.0460 8.8490e+00    4.78038    30.5305    30.5351    22.6597    1499.68    1497.84 0.0000e+00
        787     15.000    14.3652   3.747922    14.3654   3.748657      96.47     2.0708     0.3818    70.3197 7.5676e+00    4.77042    30.5840    30.5906    22.7034    1499.72    1497.96 0.0000e+00
        812     16.000    14.3612   3.756620    14.3609   3.757042      96.47     2.0717     0.3671    70.4371 6.5416e+00    4.79461    30.6658    30.6698    22.7672    1499.82    1498.08 0.0000e+00
        837     17.000    14.3476   3.763365    14.3454   3.764074      39.54     2.0726     0.3544    70.6224 5.7087e+00    4.76897    30.7374    30.7456    22.8253    1499.88    1498.18 0.0000e+00
        862     18.000    14.2419   3.758323    14.2420   3.759411      94.22     2.0677     0.3554    70.7980 5.0016e+00    4.76364    30.7752    30.7851    22.8761    1499.60    1498.26 0.0000e+00
        887     19.000    14.1812   3.753825    14.1824   3.755133      87.82     2.0647     0.3262    70.9161 4.4117e+00    4.74524    30.7822    30.7932    22.8939    1499.42    1498.32 0.0000e+00
        913     20.000    14.1428   3.750673    14.1428   3.751358      96.58     2.0562     0.3088    71.0977 3.9117e+00    4.71353    30.7837    30.7900    22.9029    1499.31    1498.37 0.0000e+00
        938     21.000    14.0395   3.754373    14.0449   3.755169      96.16     2.0488     0.2946    71.2018 3.4534e+00    4.71622    30.8998    30.9027    23.0134    1499.13    1498.41 0.0000e+00
        964     22.000    13.9023   3.760538    13.9026   3.761026      96.44     2.0471     0.2733    71.2610 3.0473e+00    4.73042    31.0664    31.0706    23.1698    1498.89    1498.43 0.0000e+00
        990     23.000    13.8969   3.763808    13.8971   3.764503      96.48     2.0411     0.2536    71.5378 2.6754e+00    4.68620    31.1004    31.1066    23.1971    1498.93    1498.45 0.0000e+00
       1015     24.000    13.8695   3.769053    13.8672   3.769542      96.47     2.0348     0.2433    71.6172 2.3569e+00    4.68803    31.1705    31.1768    23.2567    1498.94    1498.47 0.0000e+00
       1041     25.000    13.8087   3.774028    13.8082   3.774896      90.26     2.0314     0.2333    71.7679 2.0843e+00    4.66997    31.2653    31.2737    23.3422    1498.87    1498.49 0.0000e+00
       1067     26.000    13.7949   3.773169    13.7950   3.773995      63.77     2.0241     0.2215    71.8603 1.8418e+00    4.66367    31.2682    31.2758    23.3472    1498.84    1498.50 0.0000e+00
       1092     27.000    13.7796   3.772684    13.7800   3.773528      96.52     2.0245     0.2161    71.9443 1.6230e+00    4.67457    31.2759    31.2833    23.3562    1498.81    1498.51 0.0000e+00
       1117     28.000    13.7458   3.772717    13.7451   3.773503      96.48     2.0197     0.2122    72.0390 1.4323e+00    4.63853    31.3034    31.3112    23.3842    1498.75    1498.52 0.0000e+00
       1142     29.000    13.6773   3.773268    13.6767   3.774077      96.47     2.0144     0.2061    72.0545 1.2655e+00    4.65527    31.3641    31.3720    23.4448    1498.61    1498.52 0.0000e+00
       1165     30.000    13.6350   3.776713    13.6332   3.777450      96.48     2.0160     0.1995    72.1744 1.1191e+00    4.65913    31.4302    31.4385    23.5044    1498.57    1498.53 0.0000e+00
       1186     31.000    13.5571   3.784484    13.5560   3.785043      96.47     2.0111     0.1916    72.1448 9.8807e-01    4.63951    31.5660    31.5721    23.6249    1498.49    1498.53 0.0000e+00
       1207     32.000    13.5314   3.789844    13.5312   3.790232      92.17     2.0111     0.1809    72.1576 8.7117e-01    4.65789    31.6366    31.6404    23.6846    1498.50    1498.52 0.0000e+00
       1227     33.000    13.5766   3.798674    13.5769   3.798789      88.06     2.0100     0.1743    72.2983 7.7136e-01    4.63746    31.6808    31.6816    23.7097    1498.72    1498.53 0.0000e+00
       1248     34.000    13.5930   3.806334    13.5910   3.806886      96.57     2.0070     0.1657    72.1519 6.8077e-01    4.61323    31.7379    31.7447    23.7505    1498.86    1498.54 0.0000e+00
       1269     35.000    13.4616   3.800059    13.4519   3.801014      96.48     2.0020     0.1607    72.4086 6.0374e-01    4.61415    31.7884    31.8054    23.8158    1498.50    1498.54 0.0000e+00
       1291     36.000    13.2625   3.782994    13.2561   3.783780      96.18     2.0012     0.1592    72.5111 5.3432e-01    4.64509    31.7948    31.8075    23.8602    1497.86    1498.52 0.0000e+00
       1312     37.000    13.0341   3.765932    13.0276   3.767335      96.47     1.9987     0.1583    72.5762 4.6960e-01    4.63229    31.8256    31.8443    23.9288    1497.15    1498.48 0.0000e+00
       1333     38.000    12.8625   3.753489    12.8599   3.754557      96.48     1.9906     0.1546    72.6538 4.1038e-01    4.59811    31.8522    31.8645    23.9828    1496.62    1498.43 0.0000e+00
       1355     39.000    12.6773   3.742566    12.6750   3.743365      96.48     1.9811     0.1471    72.5570 3.6285e-01    4.60586    31.9047    31.9143    24.0591    1496.07    1498.37 0.0000e+00
       1377     40.000    12.6765   3.747669    12.6778   3.748260      96.48     1.9782     0.1444    72.8314 3.1703e-01    4.60704    31.9534    31.9579    24.0970    1496.14    1498.32 0.0000e+00
       1400     41.000    12.7260   3.755870    12.7282   3.756165      59.14     1.9711     0.1442    72.8201 2.7813e-01    4.56026    31.9889    31.9898    24.1149    1496.37    1498.27 0.0000e+00
       1422     42.000    12.7038   3.763702    12.7011   3.764651      96.38     1.9633     0.1425    72.8428 2.3971e-01    4.53342    32.0816    32.0929    24.1909    1496.42    1498.23 0.0000e+00
       1445     43.000    12.5411   3.755628    12.5388   3.756677      96.47     1.9554     0.1432    72.8721 2.1208e-01    4.53680    32.1431    32.1550    24.2698    1495.96    1498.17 0.0000e+00
       1467     44.000    12.3455   3.741792    12.3421   3.743001      96.47     1.9516     0.1394    72.9207 1.8461e-01    4.56178    32.1780    32.1925    24.3340    1495.35    1498.11 0.0000e+00
       1490     45.000    12.2127   3.734654    12.2090   3.735837      96.47     1.9489     0.1321    72.9878 1.5774e-01    4.55370    32.2232    32.2378    24.3941    1494.97    1498.04 0.0000e+00
       1513     46.000    12.0406   3.723304    12.0404   3.723985      96.47     1.9413     0.1289    73.0230 1.3690e-01    4.52339    32.2620    32.2688    24.4563    1494.44    1497.96 0.0000e+00
       1535     47.000    11.9438   3.715134    11.9408   3.716492      96.46     1.9343     0.1199    73.0163 1.1571e-01    4.54280    32.2665    32.2822    24.4778    1494.13    1497.88 0.0000e+00
       1558     48.000    11.6076   3.684984    11.6065   3.686296      70.68     1.9335     0.1130    73.1882 1.0032e-01    4.58177    32.2653    32.2790    24.5385    1492.98    1497.78 0.0000e+00
       1582     49.000    11.5464   3.692199    11.5440   3.693068      96.87     1.9289     0.1071    73.2763 8.2986e-02    4.55511    32.3886    32.3992    24.6454    1492.93    1497.68 0.0000e+00
       1606     50.000    11.4148   3.686448    11.4131   3.687184      96.47     1.9260     0.1017    73.3391 6.8234e-02    4.58676    32.4472    32.4559    24.7148    1492.56    1497.57 0.0000e+00
       1630     51.000    11.3426   3.685468    11.3416   3.686407      96.47     1.9262     0.0980    73.3651 5.3614e-02    4.57765    32.5007    32.5107    24.7693    1492.39    1497.47 0.0000e+00
       1654     52.000    10.8751   3.640193    10.8553   3.642437      93.89     1.9206     0.0918    73.4656 4.5251e-02    4.58651    32.4664    32.5062    24.8255    1490.72    1497.34 0.0000e+00
       1678     53.000    10.5829   3.615430    10.5835   3.615620      40.66     1.9152     0.0837    73.5417 3.4448e-02    4.61075    32.4789    32.4802    24.8859    1489.72    1497.20 0.0000e+00
       1701     54.000    10.4015   3.614044    10.3968   3.615536      94.56     1.9116     0.0739    73.6450 2.3269e-02    4.61592    32.6266    32.6458    25.0320    1489.27    1497.05 0.0000e+00
       1725     55.000    10.0666   3.590168    10.0666   3.590951      87.91     1.9073     0.0708    73.6133 1.9917e-02    4.62255    32.6870    32.6949    25.1355    1488.15    1496.89 0.0000e+00
       1749     56.000     9.9351   3.586239     9.9313   3.587346      96.63     1.9013     0.0648    73.7121 1.3307e-02    4.62894    32.7657    32.7804    25.2189    1487.79    1496.72 0.0000e+00
       1773     57.000     9.6974   3.575286     9.6975   3.575742      96.47     1.8979     0.0642    73.7903 7.0440e-03    4.62202    32.8701    32.8747    25.3395    1487.07    1496.55 0.0000e+00
       1798     58.000     9.6913   3.582222     9.6923   3.583006      96.47     1.8903     0.0616    73.7301 2.0282e-03    4.59882    32.9462    32.9533    25.3999    1487.16    1496.39 0.0000e+00
       1824     59.000     9.6093   3.581194     9.6092   3.581687      64.81     1.8851     0.0603    73.8329 1.4316e-04    4.58992    33.0104    33.0156    25.4635    1486.95    1496.23 0.0000e+00
       1849     60.000     9.4769   3.578057     9.4732   3.579206      84.50     1.8779     0.0603    73.8459 -1.556e-07    4.56638    33.0997    33.1150    25.5548    1486.60    1496.07 0.0000e+00
       1875     61.000     9.2363   3.570230     9.2336   3.571153      96.53     1.8719     0.0632    73.8155 1.0000e-12    4.59271    33.2416    33.2537    25.7043    1485.90    1495.90 0.0000e+00
       1900     62.000     8.9355   3.560622     8.9341   3.561408      96.47     1.8684     0.0608    73.8428 1.0000e-12    4.58103    33.4228    33.4323    25.8937    1485.03    1495.72 0.0000e+00
       1926     63.000     8.8732   3.562293     8.8731   3.562901      96.48     1.8564     0.0589    73.8085 1.0000e-12    4.50789    33.4985    33.5049    25.9627    1484.91    1495.55 0.0000e+00
       1951     64.000     8.7679   3.564478     8.7675   3.565084      96.47     1.8449     0.0556    73.7594 1.0000e-12    4.50408    33.6206    33.6273    26.0747    1484.69    1495.38 0.0000e+00
       1977     65.000     8.7222   3.565505     8.7221   3.566203      86.62     1.8366     0.0558    73.8309 1.0000e-12    4.47213    33.6743    33.6817    26.1239    1484.60    1495.21 0.0000e+00
       2002     66.000     8.6433   3.567920     8.6418   3.568438      79.52     1.8256     0.0537    73.9174 1.0000e-12    4.44119    33.7744    33.7813    26.2145    1484.45    1495.05 0.0000e+00
       2027     67.000     8.5476   3.574158     8.5476   3.574795      96.30     1.8176     0.0521    73.8976 1.0000e-12    4.43615    33.9314    33.9382    26.3523    1484.30    1494.89 0.0000e+00
       2053     68.000     8.5103   3.578101     8.5104   3.578645      96.46     1.8088     0.0519    73.8768 1.0000e-12    4.39211    34.0085    34.0142    26.4185    1484.27    1494.73 0.0000e+00
       2079     69.000     8.4835   3.583386     8.4830   3.584041      96.47     1.7984     0.0512    73.9309 1.0000e-12    4.35543    34.0898    34.0972    26.4864    1484.29    1494.58 0.0000e+00
       2105     70.000     8.4340   3.589694     8.4335   3.590253      96.47     1.7885     0.0494    73.9578 1.0000e-12    4.32613    34.2041    34.2105    26.5836    1484.26    1494.43 0.0000e+00
       2131     71.000     8.4077   3.596221     8.4081   3.596893      96.47     1.7781     0.0465    73.9547 1.0000e-12    4.28401    34.2984    34.3052    26.6616    1484.30    1494.29 0.0000e+00
       2157     72.000     8.3551   3.599160     8.3551   3.599785      96.47     1.7666     0.0488    73.9786 1.0000e-12    4.24266    34.3805    34.3871    26.7340    1484.22    1494.15 0.0000e+00
       2182     73.000     8.3367   3.606304     8.3375   3.606698      96.47     1.7553     0.0460    73.9546 1.0000e-12    4.21764    34.4740    34.4774    26.8102    1484.28    1494.01 0.0000e+00
       2204     74.000     8.3464   3.613032     8.3467   3.613738      96.47     1.7485     0.0428    73.9723 1.0000e-12    4.20540    34.5356    34.5428    26.8570    1484.41    1493.88 0.0000e+00
       2224     75.000     8.3458   3.616193     8.3461   3.616934      96.47     1.7419     0.0431    73.9799 1.0000e-12    4.17381    34.5693    34.5769    26.8836    1484.47    1493.75 0.0000e+00
       2244     76.000     8.3384   3.617139     8.3380   3.618025      96.47     1.7347     0.0446    73.9942 1.0000e-12    4.13443    34.5862    34.5960    26.8979    1484.48    1493.63 0.0000e+00
       2264     77.000     8.3091   3.615629     8.3087   3.616557      96.47     1.7249     0.0453    74.0153 1.0000e-12    4.09532    34.5984    34.6087    26.9120    1484.40    1493.51 0.0000e+00
       2284     78.000     8.2940   3.619270     8.2944   3.619849      96.48     1.7156     0.0438    74.0202 1.0000e-12    4.07191    34.6516    34.6574    26.9561    1484.42    1493.39 0.0000e+00
       2304     79.000     8.2473   3.619327     8.2458   3.620331      96.46     1.7074     0.0424    74.0358 1.0000e-12    4.05093    34.6978    34.7100    26.9995    1484.32    1493.28 0.0000e+00
       2324     80.000     8.2133   3.617476     8.2136   3.618363      96.47     1.6986     0.0423    73.9158 1.0000e-12    4.01853    34.7112    34.7204    27.0151    1484.23    1493.16 0.0000e+00
       2344     81.000     8.1939   3.615755     8.1945   3.616712      96.47     1.6891     0.0406    73.9847 1.0000e-12    3.99373    34.7115    34.7211    27.0183    1484.17    1493.05 0.0000e+00
       2365     82.000     8.1950   3.616801     8.1958   3.617578      96.47     1.6814     0.0402    74.0044 1.0000e-12    3.99801    34.7211    34.7286    27.0257    1484.20    1492.94 0.0000e+00
