_data/ctd/2015/Sta0684_2015.cnv
* Sea-Bird SBE 9 Data File:
* FileName = C:\Seabird\CTDDATA\sta0684.hex
* Software Version Seasave V 7.21f
* Temperature SN = 5127
* Conductivity SN = 3771
* Number of Bytes Per Scan = 41
* Number of Voltage Words = 4
* Number of Scans Averaged by the Deck Unit = 1
* NMEA Latitude = 60 52.19 N
* NMEA Longitude = 005 21.98 E
* NMEA UTC (Time) = Sep 16 2015 22:33:04
** Ship: 01 F/F "Håkon Mosby"
** Station: 0684
** Echodepth: 446
** Log: 3580.92
** Wind-Dir Force: 08 05
** Air-temp (dry): 14.5
** Weather Sky: 2 3
** Sea Ice: 1 0
** UNIS station:
# nquan = 18                                
# nvalues = 439                         
# units = specified
# name 0 = scan: Scan Count
# name 1 = prDM: Pressure, Digiquartz [db]
# name 2 = t068C: Temperature [ITS-68, deg C]
# name 3 = c0S/m: Conductivity [S/m]
# name 4 = t168C: Temperature, 2 [ITS-68, deg C]
# name 5 = c1S/m: Conductivity, 2 [S/m]
# name 6 = altM: Altimeter [m]
# name 7 = sbeox0V: Oxygen raw, SBE 43 [V]
# name 8 = flC: Fluorescence, Chelsea Aqua 3 Chl Con [ug/l]
# name 9 = xmiss: Beam Transmission, Chelsea/Seatech [%]
# name 10 = par: PAR/Irradiance, Biospherical/Licor
# name 11 = sbeox0ML/L: Oxygen, SBE 43 [ml/l], WS = 2
# name 12 = sal00: Salinity, Practical [PSU]
# name 13 = sal11: Salinity, Practical, 2 [PSU]
# name 14 = sigma-t00: Density [sigma-t, Kg/m^3 ]
# name 15 = svCM: Sound Velocity [Chen-Millero, m/s]
# name 16 = avgsvCM: Average Sound Velocity [Chen-Millero, m/s], minP = 0, minS = 0
# name 17 = flag: flag
# span 0 =        204,       8852       
# span 1 =      3.000,    441.000       
# span 2 =     8.1071,    14.5438       
# span 3 =   3.292390,   3.762770       
# span 4 =     8.1109,    14.5458       
# span 5 =   3.281737,   3.763583       
# span 6 =      16.71,      97.31       
# span 7 =     1.1481,     2.1246       
# span 8 =     0.0349,     0.6484       
# span 9 =     0.3086,    74.2345       
# span 10 = -4.766e-07, 1.5751e-01      
# span 11 =    2.30876,    5.03581      
# span 12 =    26.4913,    35.0615      
# span 13 =    26.4003,    35.0709      
# span 14 =    19.5510,    27.2926      
# span 15 =    1484.00,    1499.37      
# span 16 =    1487.69,    1498.24      
# span 17 = 0.0000e+00, 0.0000e+00      
# interval = decibars: 1                
# start_time = Sep 16 2015 22:33:06 [System UTC, first data scan.]
# bad_flag = -9.990e-29
*END*
[from data line 81]
       1922     84.000     8.2027   3.620931     8.2026   3.627037      96.49     1.6976     0.0405    74.0912 1.0000e-12    4.03842    34.7566    34.8220    27.0524    1484.31    1491.83 0.0000e+00
       1941     85.000     8.2073   3.622435     8.2024   3.627556      96.49     1.6907     0.0407    74.0940 1.0000e-12    4.01597    34.7677    34.8273    27.0604    1484.36    1491.74 0.0000e+00
       1960     86.000     8.2162   3.623724     8.2066   3.628867      59.22     1.6847     0.0420    74.1007 1.0000e-12    4.01032    34.7721    34.8366    27.0626    1484.41    1491.66 0.0000e+00
       1979     87.000     8.2170   3.625157     8.2115   3.630019      56.81     1.6811     0.0437    74.0914 1.0000e-12    4.00458    34.7862    34.8436    27.0735    1484.45    1491.58 0.0000e+00
       1998     88.000     8.2287   3.627191     8.2165   3.631633      95.85     1.6764     0.0422    74.1073 1.0000e-12    3.98106    34.7958    34.8554    27.0792    1484.52    1491.49 0.0000e+00
       2017     89.000     8.2258   3.627977     8.2230   3.633004      96.49     1.6717     0.0410    74.1430 1.0000e-12    3.97076    34.8066    34.8631    27.0882    1484.54    1491.42 0.0000e+00
       2035     90.000     8.2096   3.627298     8.2210   3.633345      96.49     1.6678     0.0429    74.1500 1.0000e-12    3.95842    34.8149    34.8682    27.0972    1484.51    1491.34 0.0000e+00
       2054     91.000     8.2271   3.629940     8.2179   3.633454      96.49     1.6629     0.0415    74.1471 1.0000e-12    3.92870    34.8253    34.8720    27.1026    1484.60    1491.26 0.0000e+00
       2073     92.000     8.2406   3.631698     8.2253   3.635574      96.49     1.6570     0.0398    74.1868 1.0000e-12    3.91478    34.8302    34.8868    27.1044    1484.67    1491.19 0.0000e+00
       2092     93.000     8.2276   3.630612     8.2316   3.636397      96.49     1.6532     0.0396    74.2048 1.0000e-12    3.89643    34.8310    34.8889    27.1070    1484.64    1491.12 0.0000e+00
       2110     94.000     8.2164   3.629803     8.2273   3.635393      96.49     1.6471     0.0389    74.2345 1.0000e-12    3.87037    34.8330    34.8819    27.1103    1484.62    1491.05 0.0000e+00
       2129     95.000     8.2229   3.631187     8.2235   3.635169      96.49     1.6411     0.0376    74.2009 1.0000e-12    3.86358    34.8409    34.8828    27.1155    1484.67    1490.99 0.0000e+00
       2147     96.000     8.2150   3.630689     8.2228   3.635973      87.96     1.6379     0.0386    74.2003 1.0000e-12    3.85927    34.8429    34.8916    27.1183    1484.66    1490.92 0.0000e+00
       2166     97.000     8.1917   3.628469     8.2160   3.634962      84.61     1.6329     0.0406    74.2112 1.0000e-12    3.84471    34.8418    34.8871    27.1210    1484.59    1490.85 0.0000e+00
       2185     98.000     8.1920   3.628823     8.2053   3.633623      96.37     1.6293     0.0413    74.2058 1.0000e-12    3.84437    34.8448    34.8829    27.1233    1484.61    1490.79 0.0000e+00
       2203     99.000     8.1935   3.629092     8.2003   3.633634      96.49     1.6270     0.0414    74.2004 1.0000e-12    3.85004    34.8457    34.8875    27.1238    1484.63    1490.73 0.0000e+00
       2222    100.000     8.1938   3.629455     8.1982   3.633780      96.49     1.6257     0.0387    74.1976 1.0000e-12    3.84709    34.8488    34.8907    27.1262    1484.65    1490.67 0.0000e+00
       2240    101.000     8.1886   3.629250     8.1965   3.633880      96.49     1.6237     0.0396    74.1845 1.0000e-12    3.83694    34.8513    34.8930    27.1289    1484.65    1490.61 0.0000e+00
       2259    102.000     8.1781   3.628520     8.1916   3.633390      96.49     1.6220     0.0383    74.1922 1.0000e-12    3.83850    34.8534    34.8921    27.1322    1484.63    1490.55 0.0000e+00
       2278    103.000     8.1803   3.629120     8.1865   3.633053      96.49     1.6208     0.0375    74.1866 1.0000e-12    3.83336    34.8572    34.8931    27.1348    1484.66    1490.49 0.0000e+00
       2297    104.000     8.1721   3.628369     8.1837   3.633201      96.49     1.6188     0.0365    74.1648 1.0000e-12    3.82585    34.8568    34.8970    27.1357    1484.65    1490.43 0.0000e+00
       2316    105.000     8.1513   3.626448     8.1762   3.632164      96.49     1.6170     0.0359    74.1341 1.0000e-12    3.82736    34.8565    34.8929    27.1386    1484.58    1490.38 0.0000e+00
       2334    106.000     8.1485   3.626515     8.1657   3.630898      96.49     1.6162     0.0349    74.1240 1.0000e-12    3.82847    34.8595    34.8893    27.1414    1484.59    1490.32 0.0000e+00
       2353    107.000     8.1506   3.627074     8.1587   3.630651      96.49     1.6151     0.0393    74.0649 1.0000e-12    3.82409    34.8629    34.8931    27.1438    1484.62    1490.27 0.0000e+00
       2371    108.000     8.1471   3.626899     8.1567   3.631181      96.49     1.6142     0.0413    74.0791 1.0000e-12    3.82118    34.8640    34.9003    27.1452    1484.63    1490.22 0.0000e+00
       2390    109.000     8.1513   3.627690     8.1531   3.630714      96.49     1.6131     0.0411    74.0557 1.0000e-12    3.82992    34.8678    34.8984    27.1475    1484.66    1490.17 0.0000e+00
       2409    110.000     8.1540   3.628404     8.1538   3.631544      96.49     1.6144     0.0419    74.0665 1.0000e-12    3.84246    34.8723    34.9061    27.1506    1484.70    1490.12 0.0000e+00
       2427    111.000     8.1511   3.628609     8.1542   3.631928      96.49     1.6149     0.0430    74.0506 1.0000e-12    3.82341    34.8769    34.9093    27.1547    1484.71    1490.07 0.0000e+00
       2446    112.000     8.1372   3.627446     8.1516   3.631860      96.49     1.6121     0.0427    74.0627 1.0000e-12    3.80016    34.8778    34.9107    27.1575    1484.67    1490.02 0.0000e+00
       2465    113.000     8.1260   3.626424     8.1437   3.630857      96.49     1.6096     0.0416    74.0245 1.0000e-12    3.79770    34.8775    34.9073    27.1589    1484.65    1489.97 0.0000e+00
       2484    114.000     8.1249   3.626568     8.1358   3.630025      96.49     1.6078     0.0408    73.9919 1.0000e-12    3.78656    34.8796    34.9058    27.1608    1484.66    1489.92 0.0000e+00
       2503    115.000     8.1245   3.626880     8.1319   3.630209      96.49     1.6040     0.0400    73.9872 1.0000e-12    3.77452    34.8829    34.9112    27.1634    1484.68    1489.88 0.0000e+00
       2521    116.000     8.1193   3.626521     8.1284   3.630128      57.99     1.6026     0.0383    73.9696 1.0000e-12    3.79689    34.8837    34.9133    27.1649    1484.68    1489.83 0.0000e+00
       2540    117.000     8.1213   3.627040     8.1256   3.630024      48.15     1.6036     0.0393    73.9396 1.0000e-12    3.81869    34.8868    34.9145    27.1670    1484.71    1489.79 0.0000e+00
       2558    118.000     8.1132   3.626346     8.1233   3.630130      96.15     1.6057     0.0396    73.9412 1.0000e-12    3.82507    34.8869    34.9174    27.1683    1484.69    1489.75 0.0000e+00
       2577    119.000     8.1082   3.625961     8.1185   3.629537      53.51     1.6063     0.0386    73.9276 1.0000e-12    3.81835    34.8873    34.9154    27.1694    1484.69    1489.70 0.0000e+00
       2596    120.000     8.1089   3.626229     8.1141   3.629228      95.97     1.6066     0.0392    73.9033 1.0000e-12    3.80716    34.8890    34.9159    27.1706    1484.71    1489.66 0.0000e+00
       2615    121.000     8.1185   3.627621     8.1138   3.629656      64.79     1.6047     0.0396    73.8777 1.0000e-12    3.79140    34.8939    34.9203    27.1730    1484.77    1489.62 0.0000e+00
       2633    122.000     8.1175   3.627679     8.1167   3.630451      90.03     1.6035     0.0404    73.8799 1.0000e-12    3.79954    34.8950    34.9255    27.1740    1484.79    1489.58 0.0000e+00
       2652    123.000     8.1142   3.627628     8.1171   3.630458      88.27     1.6038     0.0399    73.8852 1.0000e-12    3.79920    34.8972    34.9247    27.1763    1484.79    1489.54 0.0000e+00
       2670    124.000     8.1111   3.627631     8.1158   3.630435      84.82     1.6023     0.0369    73.8728 1.0000e-12    3.77152    34.8999    34.9252    27.1788    1484.80    1489.50 0.0000e+00
       2689    125.000     8.1097   3.627685     8.1139   3.630434      96.44     1.5980     0.0360    73.8689 1.0000e-12    3.75298    34.9014    34.9266    27.1802    1484.81    1489.47 0.0000e+00
       2708    126.000     8.1086   3.627725     8.1123   3.630379      92.70     1.5959     0.0409    73.8420 1.0000e-12    3.75802    34.9024    34.9272    27.1812    1484.83    1489.43 0.0000e+00
       2727    127.000     8.1105   3.628233     8.1112   3.630408      96.49     1.5937     0.0428    73.8491 1.0000e-12    3.75667    34.9055    34.9281    27.1833    1484.85    1489.39 0.0000e+00
       2745    128.000     8.1150   3.629015     8.1121   3.630933      96.49     1.5924     0.0405    73.8485 1.0000e-12    3.74303    34.9089    34.9323    27.1853    1484.89    1489.36 0.0000e+00
       2764    129.000     8.1150   3.629349     8.1140   3.631485      96.49     1.5891     0.0404    73.8378 1.0000e-12    3.72287    34.9120    34.9359    27.1877    1484.91    1489.32 0.0000e+00
       2783    130.000     8.1076   3.628968     8.1139   3.631646      96.49     1.5861     0.0406    73.8232 1.0000e-12    3.71413    34.9148    34.9372    27.1910    1484.90    1489.29 0.0000e+00
       2801    131.000     8.1071   3.629218     8.1111   3.631454      96.49     1.5825     0.0384    73.8337 1.0000e-12    3.69853    34.9175    34.9374    27.1932    1484.92    1489.26 0.0000e+00
       2820    132.000     8.1182   3.630717     8.1109   3.631851      96.49     1.5787     0.0391    73.7842 1.0000e-12    3.68419    34.9220    34.9414    27.1951    1484.99    1489.22 0.0000e+00
       2838    133.000     8.1299   3.632247     8.1166   3.633129      96.49     1.5753     0.0418    73.8002 1.0000e-12    3.66818    34.9262    34.9489    27.1966    1485.05    1489.19 0.0000e+00
       2857    134.000     8.1344   3.632917     8.1238   3.634254      96.49     1.5709     0.0393    73.8628 1.0000e-12    3.64101    34.9284    34.9533    27.1977    1485.09    1489.16 0.0000e+00
       2876    135.000     8.1335   3.632926     8.1287   3.634799      96.49     1.5651     0.0365    73.8662 1.0000e-12    3.59946    34.9289    34.9538    27.1982    1485.10    1489.13 0.0000e+00
       2895    136.000     8.1344   3.633322     8.1310   3.634939      96.49     1.5564     0.0375    73.9432 1.0000e-12    3.54666    34.9318    34.9525    27.2003    1485.12    1489.10 0.0000e+00
       2914    137.000     8.1355   3.633566     8.1327   3.635275      96.49     1.5461     0.0388    73.9683 1.0000e-12    3.50322    34.9328    34.9539    27.2010    1485.15    1489.07 0.0000e+00
       2933    138.000     8.1358   3.633734     8.1342   3.635488      96.49     1.5360     0.0362    73.9955 1.0000e-12    3.46979    34.9339    34.9542    27.2017    1485.17    1489.04 0.0000e+00
       2952    139.000     8.1346   3.633789     8.1349   3.635613      96.49     1.5257     0.0371    74.0282 1.0000e-12    3.43694    34.9352    34.9544    27.2029    1485.18    1489.02 0.0000e+00
       2971    140.000     8.1346   3.633896     8.1349   3.635694      96.49     1.5163     0.0416    74.0912 1.0000e-12    3.41254    34.9358    34.9548    27.2035    1485.20    1488.99 0.0000e+00
       2989    141.000     8.1332   3.633939     8.1348   3.635776      21.17     1.5075     0.0420    74.0871 1.0000e-12    3.39168    34.9372    34.9553    27.2047    1485.21    1488.96 0.0000e+00
       3008    142.000     8.1296   3.633789     8.1340   3.635807      84.62     1.5000     0.0417    74.1146 1.0000e-12    3.38726    34.9387    34.9559    27.2065    1485.21    1488.94 0.0000e+00
       3027    143.000     8.1281   3.633809     8.1320   3.635661      96.39     1.4952     0.0418    74.1472 1.0000e-12    3.37836    34.9399    34.9558    27.2077    1485.23    1488.91 0.0000e+00
       3045    144.000     8.1271   3.633886     8.1305   3.635677      96.49     1.4887     0.0425    74.1745 1.0000e-12    3.34906    34.9412    34.9570    27.2089    1485.24    1488.88 0.0000e+00
       3064    145.000     8.1260   3.634037     8.1293   3.635760      96.49     1.4826     0.0443    74.1717 1.0000e-12    3.33076    34.9435    34.9586    27.2108    1485.26    1488.86 0.0000e+00
       3083    146.000     8.1245   3.634134     8.1280   3.635863      96.49     1.4768     0.0414    74.1860 1.0000e-12    3.32265    34.9455    34.9605    27.2126    1485.27    1488.83 0.0000e+00
       3101    147.000     8.1238   3.634201     8.1267   3.635940      96.49     1.4725     0.0396    74.1991 1.0000e-12    3.31369    34.9464    34.9622    27.2134    1485.28    1488.81 0.0000e+00
       3120    148.000     8.1235   3.634266     8.1258   3.636003      96.49     1.4679     0.0405    74.1975 1.0000e-12    3.28608    34.9470    34.9633    27.2139    1485.30    1488.79 0.0000e+00
       3140    149.000     8.1222   3.634391     8.1249   3.636042      96.49     1.4609     0.0394    74.2003 1.0000e-12    3.25453    34.9491    34.9641    27.2158    1485.31    1488.76 0.0000e+00
       3159    150.000     8.1219   3.634480     8.1241   3.636155      96.49     1.4546     0.0391    74.2141 1.0000e-12    3.23580    34.9499    34.9656    27.2164    1485.33    1488.74 0.0000e+00
       3178    151.000     8.1216   3.634566     8.1234   3.636211      96.49     1.4485     0.0391    74.2000 1.0000e-12    3.22185    34.9506    34.9664    27.2170    1485.35    1488.72 0.0000e+00
       3197    152.000     8.1215   3.634620     8.1230   3.636250      96.49     1.4433     0.0386    74.2003 1.0000e-12    3.20221    34.9508    34.9668    27.2172    1485.36    1488.70 0.0000e+00
       3216    153.000     8.1207   3.634726     8.1225   3.636313      96.49     1.4375     0.0419    74.1975 1.0000e-12    3.18922    34.9522    34.9674    27.2185    1485.38    1488.67 0.0000e+00
       3235    154.000     8.1205   3.634811     8.1220   3.636390      96.49     1.4331     0.0416    74.1934 1.0000e-12    3.17849    34.9529    34.9683    27.2190    1485.39    1488.65 0.0000e+00
       3254    155.000     8.1203   3.634855     8.1216   3.636423      96.48     1.4281     0.0403    74.2003 1.0000e-12    3.16586    34.9531    34.9686    27.2192    1485.41    1488.63 0.0000e+00
       3273    156.000     8.1198   3.634953     8.1214   3.636494      96.49     1.4240     0.0389    74.1976 1.0000e-12    3.14056    34.9541    34.9690    27.2201    1485.43    1488.61 0.0000e+00
       3292    157.000     8.1194   3.635095     8.1210   3.636544      44.07     1.4179     0.0407    74.1895 1.0000e-12    3.12731    34.9556    34.9695    27.2213    1485.44    1488.59 0.0000e+00
       3311    158.000     8.1193   3.635208     8.1206   3.636672      63.99     1.4152     0.0443    74.1746 1.0000e-12    3.17857    34.9564    34.9708    27.2219    1485.46    1488.57 0.0000e+00
       3330    159.000     8.1192   3.635297     8.1204   3.636763      72.30     1.4200     0.0441    74.1717 1.0000e-12    3.21741    34.9569    34.9715    27.2224    1485.48    1488.55 0.0000e+00
       3349    160.000     8.1192   3.635366     8.1202   3.636830      44.19     1.4203     0.0440    74.1568 1.0000e-12    3.08414    34.9572    34.9719    27.2226    1485.49    1488.53 0.0000e+00
       3368    161.000     8.1191   3.635446     8.1200   3.636864      97.03     1.4012     0.0426    74.1677 1.0000e-12    3.03822    34.9577    34.9720    27.2230    1485.51    1488.51 0.0000e+00
       3388    162.000     8.1192   3.635527     8.1199   3.636931      51.86     1.4030     0.0412    74.1679 1.0000e-12    3.11417    34.9580    34.9723    27.2232    1485.53    1488.50 0.0000e+00
