_data/ctd/2015/Sta0691_2015.cnv
* Sea-Bird SBE 9 Data File:
* FileName = C:\Seabird\CTDDATA\sta0691.hex
* Software Version Seasave V 7.21f
* Temperature SN = 5127
* Conductivity SN = 3771
* Number of Bytes Per Scan = 41
* Number of Voltage Words = 4
* Number of Scans Averaged by the Deck Unit = 1
* NMEA Latitude = 60 52.23 N
* NMEA Longitude = 005 22.27 E
* NMEA UTC (Time) = Sep 22 2015 21:00:33
** Ship: 01 F/F "Håkon Mosby"
** Station: 0691
** Echodepth: 469
** Log: 3847.29
** Wind-Dir Force: 07 02
** Air-temp (dry): 11.9
** Weather Sky: 2 3
** Sea Ice: 1 0
** UNIS station:
# nquan = 18                                
# nvalues = 458                         
# units = specified
# name 0 = scan: Scan Count
# name 1 = prDM: Pressure, Digiquartz [db]
# name 2 = t068C: Temperature [ITS-68, deg C]
# name 3 = c0S/m: Conductivity [S/m]
# name 4 = t168C: Temperature, 2 [ITS-68, deg C]
# name 5 = c1S/m: Conductivity, 2 [S/m]
# name 6 = altM: Altimeter [m]
# name 7 = sbeox0V: Oxygen raw, SBE 43 [V]
# name 8 = flC: Fluorescence, Chelsea Aqua 3 Chl Con [ug/l]
# name 9 = xmiss: Beam Transmission, Chelsea/Seatech [%]
# name 10 = par: PAR/Irradiance, Biospherical/Licor
# name 11 = sbeox0ML/L: Oxygen, SBE 43 [ml/l], WS = 2
# name 12 = sal00: Salinity, Practical [PSU]
# name 13 = sal11: Salinity, Practical, 2 [PSU]
# name 14 = sigma-t00: Density [sigma-t, Kg/m^3 ]
# name 15 = svCM: Sound Velocity [Chen-Millero, m/s]
# name 16 = avgsvCM: Average Sound Velocity [Chen-Millero, m/s], minP = 0, minS = 0
# name 17 = flag: flag
# span 0 =        751,      14405       
# span 1 =      3.000,    460.000       
# span 2 =     8.1071,    14.7767       
# span 3 =   3.571209,   3.760174       
# span 4 =     8.1073,    14.7736       
# span 5 =   3.572777,   3.761385       
# span 6 =      12.17,      96.92       
# span 7 =     1.1344,     2.1090       
# span 8 =     0.0356,     0.7031       
# span 9 =     0.4415,    74.0414       
# span 10 = 1.0000e-12, 1.3681e-01      
# span 11 =    2.25638,    4.90351      
# span 12 =    28.7735,    35.0597      
# span 13 =    28.7734,    35.0690      
# span 14 =    21.2491,    27.2907      
# span 15 =    1484.15,    1499.79      
# span 16 =    1487.43,    1499.35      
# span 17 = 0.0000e+00, 0.0000e+00      
# interval = decibars: 1                
# start_time = Sep 22 2015 21:00:36 [System UTC, first data scan.]
# bad_flag = -9.990e-29
*END*
[from data line 161]
       5310    164.000     8.1189   3.635556     8.1191   3.636410      89.24     1.3714     0.0399    74.0276 1.0000e-12    2.99654    34.9576    34.9665    27.2229    1485.56    1488.02 0.0000e+00
       5339    165.000     8.1189   3.635614     8.1191   3.636466      74.18     1.3686     0.0395    73.9992 1.0000e-12    2.99311    34.9577    34.9667    27.2231    1485.58    1488.01 0.0000e+00
       5369    166.000     8.1189   3.635712     8.1192   3.636556      88.92     1.3655     0.0382    74.0290 1.0000e-12    2.97378    34.9583    34.9670    27.2235    1485.59    1487.99 0.0000e+00
       5399    167.000     8.1190   3.635794     8.1192   3.636652      96.49     1.3623     0.0419    74.0344 1.0000e-12    2.96688    34.9586    34.9676    27.2237    1485.61    1487.98 0.0000e+00
       5430    168.000     8.1186   3.635968     8.1189   3.636814      96.47     1.3589     0.0436    73.9463 1.0000e-12    2.95762    34.9604    34.9691    27.2252    1485.63    1487.96 0.0000e+00
       5461    169.000     8.1186   3.636110     8.1188   3.636951      73.44     1.3565     0.0438    74.0218 1.0000e-12    2.95552    34.9614    34.9702    27.2260    1485.64    1487.95 0.0000e+00
       5492    170.000     8.1186   3.636203     8.1188   3.637031      91.19     1.3549     0.0420    74.0222 1.0000e-12    2.95364    34.9619    34.9706    27.2264    1485.66    1487.94 0.0000e+00
       5523    171.000     8.1186   3.636272     8.1187   3.637125      86.35     1.3536     0.0374    74.0319 1.0000e-12    2.95028    34.9622    34.9712    27.2266    1485.68    1487.92 0.0000e+00
       5553    172.000     8.1185   3.636346     8.1187   3.637196      96.52     1.3515     0.0363    74.0037 1.0000e-12    2.93226    34.9626    34.9715    27.2269    1485.69    1487.91 0.0000e+00
       5584    173.000     8.1187   3.636411     8.1189   3.637254      96.46     1.3483     0.0356    74.0130 1.0000e-12    2.92496    34.9626    34.9714    27.2269    1485.71    1487.90 0.0000e+00
       5614    174.000     8.1183   3.636457     8.1185   3.637318      96.46     1.3459     0.0409    74.0379 1.0000e-12    2.91581    34.9630    34.9720    27.2273    1485.73    1487.89 0.0000e+00
       5645    175.000     8.1181   3.636517     8.1183   3.637365      91.99     1.3433     0.0393    74.0076 1.0000e-12    2.90867    34.9634    34.9722    27.2276    1485.74    1487.87 0.0000e+00
       5677    176.000     8.1179   3.636591     8.1181   3.637441      64.58     1.3408     0.0404    74.0147 1.0000e-12    2.90266    34.9639    34.9728    27.2280    1485.76    1487.86 0.0000e+00
       5708    177.000     8.1178   3.636662     8.1180   3.637510      96.32     1.3389     0.0412    74.0089 1.0000e-12    2.89923    34.9642    34.9731    27.2283    1485.78    1487.85 0.0000e+00
       5739    178.000     8.1173   3.636760     8.1176   3.637618      96.47     1.3370     0.0405    73.9955 1.0000e-12    2.89160    34.9653    34.9742    27.2292    1485.79    1487.84 0.0000e+00
       5771    179.000     8.1176   3.636906     8.1178   3.637752      96.47     1.3353     0.0384    74.0054 1.0000e-12    2.89102    34.9661    34.9749    27.2298    1485.81    1487.83 0.0000e+00
       5802    180.000     8.1176   3.637003     8.1179   3.637856      96.47     1.3344     0.0405    74.0131 1.0000e-12    2.88763    34.9666    34.9755    27.2302    1485.83    1487.82 0.0000e+00
       5833    181.000     8.1183   3.637174     8.1186   3.638030      96.48     1.3325     0.0419    74.0197 1.0000e-12    2.87321    34.9673    34.9762    27.2306    1485.85    1487.80 0.0000e+00
       5865    182.000     8.1190   3.637358     8.1192   3.638203      67.84     1.3299     0.0410    74.0098 1.0000e-12    2.86981    34.9681    34.9769    27.2312    1485.87    1487.79 0.0000e+00
       5896    183.000     8.1195   3.637468     8.1197   3.638320      95.63     1.3289     0.0402    74.0198 1.0000e-12    2.86891    34.9683    34.9772    27.2312    1485.89    1487.78 0.0000e+00
       5928    184.000     8.1206   3.637674     8.1207   3.638520      94.65     1.3268     0.0410    74.0286 1.0000e-12    2.85570    34.9689    34.9779    27.2316    1485.91    1487.77 0.0000e+00
       5959    185.000     8.1213   3.637826     8.1214   3.638674      96.47     1.3247     0.0433    74.0092 1.0000e-12    2.85290    34.9694    34.9783    27.2318    1485.93    1487.76 0.0000e+00
       5991    186.000     8.1218   3.637978     8.1219   3.638827      96.47     1.3233     0.0431    74.0221 1.0000e-12    2.85251    34.9700    34.9790    27.2322    1485.95    1487.75 0.0000e+00
       6024    187.000     8.1224   3.638107     8.1225   3.638958      54.59     1.3228     0.0445    74.0092 1.0000e-12    2.85436    34.9703    34.9793    27.2324    1485.97    1487.74 0.0000e+00
       6056    188.000     8.1230   3.638224     8.1230   3.639073      94.46     1.3221     0.0413    74.0108 1.0000e-12    2.85136    34.9705    34.9796    27.2324    1485.98    1487.73 0.0000e+00
       6088    189.000     8.1237   3.638371     8.1238   3.639221      93.73     1.3211     0.0393    73.9808 1.0000e-12    2.84541    34.9709    34.9799    27.2326    1486.00    1487.73 0.0000e+00
       6118    190.000     8.1245   3.638559     8.1246   3.639404      96.40     1.3200     0.0373    73.9011 1.0000e-12    2.84252    34.9716    34.9805    27.2331    1486.02    1487.72 0.0000e+00
       6148    191.000     8.1256   3.638756     8.1257   3.639603      96.12     1.3192     0.0358    74.0126 1.0000e-12    2.84113    34.9721    34.9811    27.2333    1486.05    1487.71 0.0000e+00
       6178    192.000     8.1271   3.639014     8.1272   3.639854      96.47     1.3188     0.0357    73.9939 1.0000e-12    2.84798    34.9729    34.9818    27.2337    1486.07    1487.70 0.0000e+00
       6204    193.000     8.1287   3.639280     8.1287   3.640127      96.47     1.3195     0.0372    73.9604 1.0000e-12    2.85193    34.9737    34.9827    27.2341    1486.09    1487.69 0.0000e+00
       6232    194.000     8.1291   3.639421     8.1292   3.640263      81.42     1.3197     0.0392    73.9236 1.0000e-12    2.84995    34.9743    34.9832    27.2345    1486.11    1487.68 0.0000e+00
       6264    195.000     8.1293   3.639500     8.1294   3.640262      96.62     1.3200     0.0390    73.8823 1.0000e-12    2.85107    34.9745    34.9825    27.2346    1486.13    1487.67 0.0000e+00
       6296    196.000     8.1296   3.639578     8.1297   3.640437      96.47     1.3196     0.0414    73.8657 1.0000e-12    2.84578    34.9745    34.9836    27.2346    1486.15    1487.67 0.0000e+00
       6328    197.000     8.1300   3.639704     8.1302   3.640556      96.47     1.3195     0.0426    73.8674 1.0000e-12    2.84942    34.9750    34.9839    27.2349    1486.16    1487.66 0.0000e+00
       6360    198.000     8.1307   3.639880     8.1308   3.640723      96.47     1.3192     0.0416    73.8236 1.0000e-12    2.84513    34.9757    34.9846    27.2354    1486.18    1487.65 0.0000e+00
       6390    199.000     8.1312   3.640027     8.1313   3.640874      96.46     1.3187     0.0420    73.8368 1.0000e-12    2.84458    34.9763    34.9852    27.2357    1486.20    1487.64 0.0000e+00
       6421    200.000     8.1314   3.640120     8.1315   3.640962      81.07     1.3182     0.0403    73.8195 1.0000e-12    2.84119    34.9766    34.9855    27.2360    1486.22    1487.64 0.0000e+00
       6451    201.000     8.1317   3.640240     8.1318   3.641088      91.83     1.3174     0.0375    73.8125 1.0000e-12    2.83897    34.9771    34.9861    27.2363    1486.24    1487.63 0.0000e+00
       6482    202.000     8.1319   3.640338     8.1321   3.641185      96.47     1.3171     0.0370    73.7745 1.0000e-12    2.83947    34.9775    34.9863    27.2366    1486.26    1487.62 0.0000e+00
       6511    203.000     8.1325   3.640495     8.1326   3.641328      96.47     1.3164     0.0419    73.6338 1.0000e-12    2.83852    34.9781    34.9869    27.2369    1486.28    1487.62 0.0000e+00
       6542    204.000     8.1331   3.640614     8.1331   3.641457      96.47     1.3162     0.0435    73.7711 1.0000e-12    2.83398    34.9783    34.9873    27.2370    1486.30    1487.61 0.0000e+00
       6572    205.000     8.1334   3.640715     8.1334   3.641564      85.20     1.3150     0.0408    73.7529 1.0000e-12    2.83102    34.9786    34.9876    27.2372    1486.31    1487.60 0.0000e+00
       6602    206.000     8.1335   3.640829     8.1336   3.641672      72.56     1.3144     0.0415    73.7625 1.0000e-12    2.83152    34.9792    34.9881    27.2377    1486.33    1487.60 0.0000e+00
       6632    207.000     8.1336   3.640912     8.1337   3.641765      83.64     1.3146     0.0430    73.7649 1.0000e-12    2.83804    34.9795    34.9885    27.2379    1486.35    1487.59 0.0000e+00
       6663    208.000     8.1337   3.640987     8.1337   3.641833      96.32     1.3147     0.0401    73.8120 1.0000e-12    2.83439    34.9797    34.9888    27.2381    1486.37    1487.59 0.0000e+00
       6693    209.000     8.1338   3.641065     8.1338   3.641910      96.47     1.3143     0.0399    73.8229 1.0000e-12    2.83358    34.9800    34.9890    27.2382    1486.38    1487.58 0.0000e+00
       6724    210.000     8.1340   3.641159     8.1341   3.642002      96.47     1.3142     0.0396    73.8359 1.0000e-12    2.83317    34.9803    34.9892    27.2385    1486.40    1487.57 0.0000e+00
       6754    211.000     8.1342   3.641253     8.1343   3.642106      96.47     1.3136     0.0397    73.8333 1.0000e-12    2.82791    34.9806    34.9896    27.2387    1486.42    1487.57 0.0000e+00
       6785    212.000     8.1343   3.641334     8.1344   3.642184      71.80     1.3125     0.0401    73.8402 1.0000e-12    2.82084    34.9809    34.9899    27.2389    1486.44    1487.56 0.0000e+00
       6815    213.000     8.1344   3.641401     8.1345   3.642250      96.57     1.3108     0.0390    73.8114 1.0000e-12    2.81546    34.9810    34.9900    27.2390    1486.45    1487.56 0.0000e+00
       6844    214.000     8.1339   3.641443     8.1340   3.642302      96.46     1.3103     0.0397    73.7763 1.0000e-12    2.82150    34.9815    34.9906    27.2394    1486.47    1487.55 0.0000e+00
       6874    215.000     8.1340   3.641510     8.1341   3.642352      96.47     1.3098     0.0405    73.7599 1.0000e-12    2.81684    34.9816    34.9905    27.2395    1486.48    1487.55 0.0000e+00
       6904    216.000     8.1341   3.641581     8.1343   3.642431      96.46     1.3093     0.0405    73.7582 1.0000e-12    2.82002    34.9818    34.9907    27.2397    1486.50    1487.54 0.0000e+00
       6934    217.000     8.1339   3.641616     8.1340   3.642468      75.46     1.3095     0.0429    73.7816 1.0000e-12    2.81744    34.9819    34.9909    27.2398    1486.52    1487.54 0.0000e+00
       6963    218.000     8.1332   3.641607     8.1332   3.642451      71.48     1.3083     0.0422    73.7584 1.0000e-12    2.81152    34.9820    34.9911    27.2400    1486.53    1487.53 0.0000e+00
       6993    219.000     8.1330   3.641646     8.1331   3.642491      81.86     1.3077     0.0404    73.7522 1.0000e-12    2.81557    34.9822    34.9911    27.2401    1486.55    1487.53 0.0000e+00
       7023    220.000     8.1324   3.641660     8.1324   3.642504      96.28     1.3086     0.0385    73.8024 1.0000e-12    2.82668    34.9824    34.9915    27.2404    1486.56    1487.53 0.0000e+00
       7053    221.000     8.1320   3.641689     8.1321   3.642536      96.46     1.3093     0.0376    73.8202 1.0000e-12    2.82242    34.9826    34.9916    27.2406    1486.58    1487.52 0.0000e+00
       7083    222.000     8.1319   3.641740     8.1320   3.642588      96.47     1.3091     0.0381    73.8592 1.0000e-12    2.82678    34.9828    34.9918    27.2408    1486.59    1487.52 0.0000e+00
       7113    223.000     8.1310   3.641749     8.1312   3.642602      96.47     1.3108     0.0369    73.8818 1.0000e-12    2.83872    34.9833    34.9923    27.2413    1486.61    1487.51 0.0000e+00
       7143    224.000     8.1313   3.641813     8.1311   3.642655      57.96     1.3114     0.0390    73.8920 1.0000e-12    2.83251    34.9832    34.9924    27.2412    1486.62    1487.51 0.0000e+00
       7172    225.000     8.1305   3.641821     8.1308   3.642682      91.34     1.3119     0.0392    73.9294 1.0000e-12    2.83431    34.9836    34.9925    27.2416    1486.64    1487.51 0.0000e+00
       7201    226.000     8.1302   3.641849     8.1303   3.642706      87.28     1.3119     0.0391    73.9334 1.0000e-12    2.83249    34.9837    34.9928    27.2418    1486.65    1487.50 0.0000e+00
       7231    227.000     8.1294   3.641864     8.1295   3.642710      96.27     1.3118     0.0364    73.9233 1.0000e-12    2.83364    34.9842    34.9932    27.2423    1486.67    1487.50 0.0000e+00
       7261    228.000     8.1287   3.641875     8.1288   3.642731      96.14     1.3116     0.0385    73.9484 1.0000e-12    2.82834    34.9846    34.9936    27.2426    1486.68    1487.49 0.0000e+00
       7291    229.000     8.1282   3.641923     8.1283   3.642768      96.47     1.3109     0.0373    73.9504 1.0000e-12    2.82744    34.9851    34.9940    27.2431    1486.70    1487.49 0.0000e+00
       7321    230.000     8.1279   3.641954     8.1278   3.642806      96.47     1.3104     0.0380    73.9662 1.0000e-12    2.82633    34.9852    34.9944    27.2433    1486.71    1487.49 0.0000e+00
       7350    231.000     8.1280   3.642025     8.1280   3.642871      96.47     1.3103     0.0396    73.9653 1.0000e-12    2.83082    34.9854    34.9945    27.2434    1486.73    1487.48 0.0000e+00
       7380    232.000     8.1280   3.642079     8.1281   3.642927      46.88     1.3106     0.0415    73.9537 1.0000e-12    2.83229    34.9855    34.9945    27.2435    1486.75    1487.48 0.0000e+00
       7410    233.000     8.1281   3.642123     8.1281   3.642970      83.97     1.3106     0.0421    73.9581 1.0000e-12    2.82979    34.9854    34.9945    27.2434    1486.76    1487.48 0.0000e+00
       7439    234.000     8.1280   3.642259     8.1280   3.643088      92.75     1.3102     0.0413    73.9670 1.0000e-12    2.82694    34.9865    34.9953    27.2442    1486.78    1487.47 0.0000e+00
       7469    235.000     8.1283   3.642328     8.1283   3.643181      96.45     1.3097     0.0392    73.9619 1.0000e-12    2.82595    34.9864    34.9956    27.2442    1486.80    1487.47 0.0000e+00
       7499    236.000     8.1285   3.642429     8.1286   3.643289      96.46     1.3093     0.0388    73.9278 1.0000e-12    2.82506    34.9868    34.9959    27.2444    1486.82    1487.47 0.0000e+00
       7529    237.000     8.1288   3.642591     8.1290   3.643449      96.47     1.3093     0.0377    73.9189 1.0000e-12    2.82557    34.9878    34.9968    27.2451    1486.83    1487.47 0.0000e+00
       7558    238.000     8.1286   3.642639     8.1286   3.643487      87.87     1.3082     0.0388    73.9299 1.0000e-12    2.81675    34.9880    34.9971    27.2454    1486.85    1487.46 0.0000e+00
       7588    239.000     8.1284   3.642697     8.1284   3.643545      63.71     1.3072     0.0414    73.9018 1.0000e-12    2.81352    34.9883    34.9974    27.2456    1486.87    1487.46 0.0000e+00
       7618    240.000     8.1282   3.642764     8.1283   3.643611      90.44     1.3060     0.0393    73.9058 1.0000e-12    2.80975    34.9888    34.9977    27.2460    1486.88    1487.46 0.0000e+00
       7648    241.000     8.1282   3.642824     8.1284   3.643681      96.51     1.3050     0.0413    73.9075 1.0000e-12    2.80871    34.9889    34.9979    27.2461    1486.90    1487.46 0.0000e+00
       7678    242.000     8.1283   3.642888     8.1284   3.643732      96.47     1.3047     0.0448    73.8701 1.0000e-12    2.81439    34.9890    34.9980    27.2462    1486.92    1487.45 0.0000e+00
       7708    243.000     8.1283   3.642954     8.1284   3.643806      96.46     1.3048     0.0426    73.8809 1.0000e-12    2.81625    34.9893    34.9983    27.2464    1486.93    1487.45 0.0000e+00
