_data/ctd/2015/Sta0684_2015.cnv
* Sea-Bird SBE 9 Data File:
* FileName = C:\Seabird\CTDDATA\sta0684.hex
* Software Version Seasave V 7.21f
* Temperature SN = 5127
* Conductivity SN = 3771
* Number of Bytes Per Scan = 41
* Number of Voltage Words = 4
* Number of Scans Averaged by the Deck Unit = 1
* NMEA Latitude = 60 52.19 N
* NMEA Longitude = 005 21.98 E
* NMEA UTC (Time) = Sep 16 2015 22:33:04
** Ship: 01 F/F "Håkon Mosby"
** Station: 0684
** Echodepth: 446
** Log: 3580.92
** Wind-Dir Force: 08 05
** Air-temp (dry): 14.5
** Weather Sky: 2 3
** Sea Ice: 1 0
** UNIS station:
# nquan = 18                                
# nvalues = 439                         
# units = specified
# name 0 = scan: Scan Count
# name 1 = prDM: Pressure, Digiquartz [db]
# name 2 = t068C: Temperature [ITS-68, deg C]
# name 3 = c0S/m: Conductivity [S/m]
# name 4 = t168C: Temperature, 2 [ITS-68, deg C]
# name 5 = c1S/m: Conductivity, 2 [S/m]
# name 6 = altM: Altimeter [m]
# name 7 = sbeox0V: Oxygen raw, SBE 43 [V]
# name 8 = flC: Fluorescence, Chelsea Aqua 3 Chl Con [ug/l]
# name 9 = xmiss: Beam Transmission, Chelsea/Seatech [%]
# name 10 = par: PAR/Irradiance, Biospherical/Licor
# name 11 = sbeox0ML/L: Oxygen, SBE 43 [ml/l], WS = 2
# name 12 = sal00: Salinity, Practical [PSU]
# name 13 = sal11: Salinity, Practical, 2 [PSU]
# name 14 = sigma-t00: Density [sigma-t, Kg/m^3 ]
# name 15 = svCM: Sound Velocity [Chen-Millero, m/s]
# name 16 = avgsvCM: Average Sound Velocity [Chen-Millero, m/s], minP = 0, minS = 0
# name 17 = flag: flag
# span 0 =        204,       8852       
# span 1 =      3.000,    441.000       
# span 2 =     8.1071,    14.5438       
# span 3 =   3.292390,   3.762770       
# span 4 =     8.1109,    14.5458       
# span 5 =   3.281737,   3.763583       
# span 6 =      16.71,      97.31       
# span 7 =     1.1481,     2.1246       
# span 8 =     0.0349,     0.6484       
# span 9 =     0.3086,    74.2345       
# span 10 = -4.766e-07, 1.5751e-01      
# span 11 =    2.30876,    5.03581      
# span 12 =    26.4913,    35.0615      
# span 13 =    26.4003,    35.0709      
# span 14 =    19.5510,    27.2926      
# span 15 =    1484.00,    1499.37      
# span 16 =    1487.69,    1498.24      
# span 17 = 0.0000e+00, 0.0000e+00      
# interval = decibars: 1                
# start_time = Sep 16 2015 22:33:06 [System UTC, first data scan.]
# bad_flag = -9.990e-29
*END*
        204      3.000    14.3693   3.292390    14.3637   3.281737      96.49     2.1187     0.4147    69.1106 1.5751e-01    5.03581    26.4913    26.4003    19.5510    1494.76    1494.76 0.0000e+00
        241      4.000    14.4193   3.391798    14.4265   3.411463      96.49     2.1180     0.4488    69.0252 1.3765e-01    5.03385    27.3423    27.5128    20.1959    1495.94    1495.06 0.0000e+00
        275      5.000    14.4544   3.534902    14.4520   3.534424      96.49     2.1246     0.4807    68.7951 7.5921e-02    4.97647    28.5974    28.5949    21.1549    1497.53    1495.55 0.0000e+00
        309      6.000    14.5438   3.612348    14.5458   3.614622      96.49     2.1157     0.5201    68.2634 2.5570e-02    4.91759    29.2258    29.2447    21.6205    1498.57    1496.05 0.0000e+00
        344      7.000    14.4661   3.638938    14.4640   3.640503      96.49     2.1108     0.5465    68.7971 5.5980e-03    4.88817    29.5234    29.5391    21.8655    1498.68    1496.43 0.0000e+00
        377      8.000    14.4197   3.650881    14.4232   3.650759      84.53     2.1024     0.5911    68.9090 2.7027e-04    4.87301    29.6661    29.6623    21.9850    1498.71    1496.71 0.0000e+00
        407      9.000    14.3817   3.665540    14.3803   3.665991      87.44     2.1021     0.6308    68.8659 -4.766e-07    4.90801    29.8273    29.8324    22.1169    1498.80    1496.95 0.0000e+00
        434     10.000    14.3481   3.677497    14.3456   3.679004      74.50     2.1035     0.6484    68.6298 1.0000e-12    4.88648    29.9610    29.9766    22.2268    1498.86    1497.14 0.0000e+00
        459     11.000    14.3149   3.691324    14.3125   3.693397      94.65     2.1008     0.6226    68.7787 1.0000e-12    4.87965    30.1116    30.1323    22.3496    1498.94    1497.30 0.0000e+00
        484     12.000    14.3033   3.696692    14.3051   3.696120      79.89     2.0980     0.5983    68.9626 1.0000e-12    4.86401    30.1690    30.1624    22.3962    1498.99    1497.44 0.0000e+00
        509     13.000    14.2813   3.711628    14.2801   3.713174      96.41     2.0955     0.6018    69.0350 1.0000e-12    4.85043    30.3213    30.3363    22.5181    1499.11    1497.57 0.0000e+00
        534     14.000    14.2351   3.720184    14.2335   3.721298      96.49     2.0890     0.6006    69.0371 1.0000e-12    4.80548    30.4350    30.4464    22.6152    1499.11    1497.68 0.0000e+00
        557     15.000    14.2291   3.731903    14.2309   3.732825      82.08     2.0796     0.5692    69.4369 1.0000e-12    4.79232    30.5460    30.5530    22.7020    1499.24    1497.78 0.0000e+00
        579     16.000    14.2213   3.744681    14.2202   3.745889      91.24     2.0781     0.5339    69.7577 1.0000e-12    4.81379    30.6681    30.6800    22.7977    1499.37    1497.88 0.0000e+00
        601     17.000    14.1785   3.752990    14.1771   3.753859      96.49     2.0780     0.4856    69.8713 1.0000e-12    4.80909    30.7775    30.7866    22.8908    1499.37    1497.97 0.0000e+00
        623     18.000    14.0753   3.751330    14.0700   3.752087      96.49     2.0760     0.4405    70.1343 1.0000e-12    4.80669    30.8444    30.8555    22.9634    1499.13    1498.03 0.0000e+00
        644     19.000    14.0055   3.747429    14.0047   3.748142      96.49     2.0738     0.4008    70.4597 1.0000e-12    4.81143    30.8642    30.8714    22.9929    1498.94    1498.08 0.0000e+00
        664     20.000    13.9579   3.757006    13.9580   3.757465      96.49     2.0730     0.3707    70.7694 1.0000e-12    4.80148    30.9898    30.9940    23.0995    1498.95    1498.13 0.0000e+00
        685     21.000    13.9310   3.758130    13.9306   3.758610      96.49     2.0679     0.3451    70.9799 1.0000e-12    4.74476    31.0215    31.0262    23.1293    1498.92    1498.16 0.0000e+00
        706     22.000    13.8882   3.759608    13.8907   3.760649      96.49     2.0538     0.3286    71.2077 1.0000e-12    4.69969    31.0692    31.0768    23.1748    1498.85    1498.19 0.0000e+00
        727     23.000    13.8330   3.757028    13.8343   3.758087      96.49     2.0485     0.3167    71.2976 1.0000e-12    4.73638    31.0898    31.0985    23.2018    1498.71    1498.22 0.0000e+00
        748     24.000    13.7958   3.755596    13.7967   3.756483      96.49     2.0462     0.3064    71.5184 1.0000e-12    4.72499    31.1063    31.1138    23.2221    1498.62    1498.23 0.0000e+00
        769     25.000    13.6997   3.756872    13.6889   3.757572      96.49     2.0409     0.2986    71.6113 1.0000e-12    4.70825    31.1958    31.2110    23.3104    1498.42    1498.24 0.0000e+00
        790     26.000    13.5658   3.762005    13.5635   3.763002      96.49     2.0346     0.2839    71.5819 1.0000e-12    4.70174    31.3522    31.3634    23.4580    1498.18    1498.24 0.0000e+00
        812     27.000    13.3993   3.760330    13.3928   3.761434      96.49     2.0308     0.2653    71.8026 1.0000e-12    4.70214    31.4732    31.4889    23.5846    1497.79    1498.22 0.0000e+00
        834     28.000    13.1726   3.761794    13.1655   3.762582      96.39     2.0241     0.2400    71.9043 1.0000e-12    4.66625    31.6745    31.6878    23.7848    1497.29    1498.19 0.0000e+00
        855     29.000    13.1273   3.762770    13.1272   3.763583      96.23     2.0107     0.2197    72.0615 1.0000e-12    4.63078    31.7210    31.7287    23.8297    1497.21    1498.15 0.0000e+00
        877     30.000    13.0587   3.758237    13.0560   3.758846      96.49     2.0052     0.2055    72.2483 1.0000e-12    4.66187    31.7354    31.7434    23.8543    1497.01    1498.12 0.0000e+00
        898     31.000    12.9904   3.752949    12.9888   3.753543      96.49     2.0037     0.1982    72.4388 1.0000e-12    4.66568    31.7425    31.7494    23.8730    1496.80    1498.07 0.0000e+00
        919     32.000    12.9621   3.753025    12.9575   3.753775      95.20     1.9995     0.2086    72.5530 1.0000e-12    4.64617    31.7665    31.7774    23.8971    1496.75    1498.03 0.0000e+00
        940     33.000    12.8483   3.745280    12.8470   3.746727      90.95     1.9938     0.2083    72.5907 1.0000e-12    4.61769    31.7886    31.8034    23.9363    1496.41    1497.98 0.0000e+00
        962     34.000    12.6850   3.735530    12.6815   3.736132      96.53     1.9851     0.1932    72.6934 1.0000e-12    4.61969    31.8335    31.8422    24.0024    1495.93    1497.92 0.0000e+00
        983     35.000    12.6380   3.734826    12.6382   3.735378      96.20     1.9821     0.1838    72.7724 1.0000e-12    4.63076    31.8661    31.8712    24.0367    1495.83    1497.86 0.0000e+00
       1002     36.000    12.6209   3.743436    12.6232   3.744095      96.49     1.9790     0.1800    72.8449 1.0000e-12    4.60961    31.9620    31.9663    24.1142    1495.90    1497.81 0.0000e+00
       1022     37.000    12.5519   3.744438    12.5549   3.745121      96.49     1.9731     0.1763    72.9053 1.0000e-12    4.58049    32.0297    32.0337    24.1799    1495.76    1497.75 0.0000e+00
       1041     38.000    12.5541   3.750431    12.5552   3.750966      96.49     1.9660     0.1698    72.9062 1.0000e-12    4.57144    32.0845    32.0887    24.2219    1495.85    1497.70 0.0000e+00
       1061     39.000    12.5321   3.752934    12.5318   3.753651      89.06     1.9641     0.1683    72.9324 1.0000e-12    4.59896    32.1267    32.1338    24.2588    1495.84    1497.66 0.0000e+00
       1081     40.000    12.4476   3.749579    12.4483   3.751086      96.41     1.9649     0.1647    72.9546 1.0000e-12    4.60462    32.1665    32.1803    24.3058    1495.62    1497.60 0.0000e+00
       1101     41.000    12.1583   3.724645    12.1516   3.727143      96.50     1.9629     0.1612    72.9806 1.0000e-12    4.61098    32.1755    32.2053    24.3673    1494.66    1497.53 0.0000e+00
       1121     42.000    11.8614   3.700538    11.8304   3.701484      96.49     1.9581     0.1491    73.0490 1.0000e-12    4.61458    32.1986    32.2346    24.4403    1493.68    1497.44 0.0000e+00
       1141     43.000    11.4178   3.665597    11.3849   3.663664      96.49     1.9536     0.1300    73.1637 1.0000e-12    4.61427    32.2434    32.2532    24.5559    1492.21    1497.32 0.0000e+00
       1160     44.000    11.5526   3.695797    11.5620   3.695214      96.49     1.9424     0.1131    73.2258 1.0000e-12    4.55872    32.4204    32.4065    24.6690    1492.91    1497.22 0.0000e+00
       1180     45.000    11.7261   3.722704    11.7241   3.723877      96.49     1.9369     0.1108    73.3090 1.0000e-12    4.58408    32.5302    32.5434    24.7226    1493.66    1497.14 0.0000e+00
       1199     46.000    11.4717   3.697945    11.4676   3.700752      96.49     1.9409     0.1128    73.3697 1.0000e-12    4.65535    32.5115    32.5425    24.7544    1492.77    1497.04 0.0000e+00
       1218     47.000    11.2936   3.684005    11.2988   3.684518      96.49     1.9440     0.1072    73.4416 1.0000e-12    4.65856    32.5311    32.5316    24.8018    1492.19    1496.94 0.0000e+00
       1238     48.000    11.1586   3.679734    11.1427   3.682375      96.49     1.9419     0.1020    73.5073 1.0000e-12    4.62442    32.6080    32.6481    24.8857    1491.83    1496.83 0.0000e+00
       1256     49.000    10.5631   3.628135    10.5431   3.628147      96.49     1.9357     0.0967    73.3881 1.0000e-12    4.64262    32.6252    32.6433    25.0033    1489.76    1496.69 0.0000e+00
       1275     50.000    10.3859   3.625338    10.3751   3.627192      96.49     1.9278     0.0881    73.6158 1.0000e-12    4.62581    32.7558    32.7842    25.1354    1489.30    1496.54 0.0000e+00
       1294     51.000    10.0082   3.592570    10.0074   3.593907      96.49     1.9212     0.0798    73.6693 1.0000e-12    4.63821    32.7659    32.7802    25.2068    1487.97    1496.37 0.0000e+00
       1314     52.000     9.8963   3.584804     9.8960   3.585748      96.49     1.9113     0.0752    73.7241 1.0000e-12    4.60744    32.7881    32.7980    25.2428    1487.61    1496.20 0.0000e+00
       1333     53.000     9.7783   3.578773     9.7771   3.579612      95.14     1.9034     0.0722    73.8152 1.0000e-12    4.63089    32.8337    32.8433    25.2978    1487.25    1496.03 0.0000e+00
       1352     54.000     9.6721   3.580226     9.6730   3.580689      35.75     1.9011     0.0678    73.8715 1.0000e-12    4.62912    32.9451    32.9490    25.4022    1487.02    1495.86 0.0000e+00
       1372     55.000     9.5816   3.576482     9.5809   3.577747      95.95     1.8929     0.0631    73.8974 1.0000e-12    4.60622    32.9894    33.0030    25.4515    1486.76    1495.70 0.0000e+00
       1392     56.000     9.5186   3.580458     9.5205   3.580380      43.17     1.8898     0.0600    73.8881 1.0000e-12    4.62293    33.0877    33.0852    25.5386    1486.67    1495.54 0.0000e+00
       1411     57.000     9.4853   3.583075     9.4844   3.584064      94.07     1.8864     0.0596    73.9263 1.0000e-12    4.59475    33.1449    33.1559    25.5887    1486.63    1495.38 0.0000e+00
       1430     58.000     9.4093   3.579948     9.4074   3.580748      69.62     1.8789     0.0614    73.9538 1.0000e-12    4.57466    33.1826    33.1927    25.6305    1486.42    1495.22 0.0000e+00
       1450     59.000     9.2074   3.570219     9.2018   3.571530      81.72     1.8758     0.0622    73.9581 1.0000e-12    4.60864    33.2693    33.2881    25.7306    1485.80    1495.06 0.0000e+00
       1469     60.000     8.9459   3.563391     8.9436   3.564105      96.30     1.8730     0.0626    73.9347 1.0000e-12    4.61733    33.4428    33.4524    25.9077    1485.06    1494.89 0.0000e+00
       1488     61.000     8.8002   3.563781     8.7998   3.564455      96.49     1.8691     0.0607    73.9944 1.0000e-12    4.59873    33.5840    33.5915    26.0410    1484.71    1494.73 0.0000e+00
       1507     62.000     8.7311   3.564095     8.7308   3.564739      96.49     1.8632     0.0562    73.9671 1.0000e-12    4.54519    33.6524    33.6595    26.1054    1484.56    1494.56 0.0000e+00
       1526     63.000     8.6488   3.566570     8.6536   3.567077      96.49     1.8509     0.0525    73.9712 1.0000e-12    4.49488    33.7564    33.7571    26.1995    1484.40    1494.40 0.0000e+00
       1545     64.000     8.5948   3.569978     8.6430   3.569958      96.49     1.8422     0.0508    73.9809 1.0000e-12    4.50558    33.8434    33.7971    26.2761    1484.32    1494.24 0.0000e+00
       1564     65.000     8.5312   3.574367     8.6008   3.578203      96.49     1.8370     0.0531    73.9929 1.0000e-12    4.47165    33.9503    33.9239    26.3697    1484.23    1494.09 0.0000e+00
       1583     66.000     8.4908   3.578804     8.5600   3.582083      96.49     1.8247     0.0531    73.9330 1.0000e-12    4.41667    34.0357    34.0036    26.4428    1484.20    1493.93 0.0000e+00
       1602     67.000     8.4928   3.585946     8.5323   3.589868      96.49     1.8168     0.0543    73.9931 1.0000e-12    4.40952    34.1089    34.1122    26.4999    1484.31    1493.79 0.0000e+00
       1621     68.000     8.4501   3.589707     8.5100   3.593889      96.49     1.8084     0.0516    74.0216 1.0000e-12    4.38546    34.1896    34.1758    26.5697    1484.27    1493.65 0.0000e+00
       1640     69.000     8.4089   3.593756     8.4771   3.599505      96.49     1.8011     0.0524    74.0637 1.0000e-12    4.34553    34.2721    34.2667    26.6407    1484.24    1493.51 0.0000e+00
       1658     70.000     8.3981   3.601559     8.4483   3.603965      96.49     1.7895     0.0512    73.9865 1.0000e-12    4.29568    34.3649    34.3415    26.7152    1484.33    1493.38 0.0000e+00
       1677     71.000     8.3679   3.606058     8.4220   3.610652      96.49     1.7802     0.0494    74.0656 1.0000e-12    4.28206    34.4418    34.4376    26.7801    1484.33    1493.25 0.0000e+00
       1696     72.000     8.3225   3.605343     8.3965   3.615014      96.49     1.7725     0.0479    74.0867 1.0000e-12    4.26117    34.4782    34.5084    26.8156    1484.22    1493.13 0.0000e+00
       1714     73.000     8.2497   3.602090     8.3502   3.612193      96.49     1.7628     0.0490    74.0967 1.0000e-12    4.22621    34.5145    34.5234    26.8552    1484.00    1493.00 0.0000e+00
       1733     74.000     8.2331   3.604103     8.3041   3.611672      96.49     1.7533     0.0482    74.0386 1.0000e-12    4.19095    34.5518    34.5626    26.8870    1484.01    1492.88 0.0000e+00
       1752     75.000     8.2111   3.606724     8.2708   3.613686      96.49     1.7432     0.0471    74.0839 1.0000e-12    4.17747    34.6009    34.6164    26.9289    1484.00    1492.76 0.0000e+00
       1771     76.000     8.1970   3.608379     8.2442   3.615596      96.49     1.7374     0.0458    74.0489 1.0000e-12    4.17195    34.6320    34.6625    26.9555    1484.00    1492.64 0.0000e+00
       1790     77.000     8.2001   3.611037     8.2255   3.617228      96.49     1.7300     0.0453    74.0725 1.0000e-12    4.15959    34.6569    34.6979    26.9745    1484.06    1492.53 0.0000e+00
       1809     78.000     8.2051   3.613981     8.2183   3.619907      96.49     1.7260     0.0453    74.0889 1.0000e-12    4.16170    34.6829    34.7332    26.9942    1484.13    1492.42 0.0000e+00
       1829     79.000     8.1995   3.614343     8.2132   3.621477      96.49     1.7228     0.0458    74.0655 1.0000e-12    4.14050    34.6918    34.7545    27.0020    1484.13    1492.32 0.0000e+00
       1847     80.000     8.1944   3.614814     8.2085   3.622235      96.49     1.7164     0.0436    74.0835 1.0000e-12    4.10112    34.7014    34.7668    27.0104    1484.14    1492.21 0.0000e+00
       1866     81.000     8.1838   3.615179     8.2003   3.622019      96.49     1.7097     0.0404    74.0953 1.0000e-12    4.09498    34.7153    34.7721    27.0229    1484.14    1492.11 0.0000e+00
       1885     82.000     8.1960   3.617947     8.1965   3.623306      96.49     1.7061     0.0386    74.0837 1.0000e-12    4.09929    34.7324    34.7891    27.0344    1484.22    1492.02 0.0000e+00
