_data/ctd/2015/Sta0691_2015.cnv
* Sea-Bird SBE 9 Data File:
* FileName = C:\Seabird\CTDDATA\sta0691.hex
* Software Version Seasave V 7.21f
* Temperature SN = 5127
* Conductivity SN = 3771
* Number of Bytes Per Scan = 41
* Number of Voltage Words = 4
* Number of Scans Averaged by the Deck Unit = 1
* NMEA Latitude = 60 52.23 N
* NMEA Longitude = 005 22.27 E
* NMEA UTC (Time) = Sep 22 2015 21:00:33
** Ship: 01 F/F "Håkon Mosby"
** Station: 0691
** Echodepth: 469
** Log: 3847.29
** Wind-Dir Force: 07 02
** Air-temp (dry): 11.9
** Weather Sky: 2 3
** Sea Ice: 1 0
** UNIS station:
# nquan = 18                                
# nvalues = 458                         
# units = specified
# name 0 = scan: Scan Count
# name 1 = prDM: Pressure, Digiquartz [db]
# name 2 = t068C: Temperature [ITS-68, deg C]
# name 3 = c0S/m: Conductivity [S/m]
# name 4 = t168C: Temperature, 2 [ITS-68, deg C]
# name 5 = c1S/m: Conductivity, 2 [S/m]
# name 6 = altM: Altimeter [m]
# name 7 = sbeox0V: Oxygen raw, SBE 43 [V]
# name 8 = flC: Fluorescence, Chelsea Aqua 3 Chl Con [ug/l]
# name 9 = xmiss: Beam Transmission, Chelsea/Seatech [%]
# name 10 = par: PAR/Irradiance, Biospherical/Licor
# name 11 = sbeox0ML/L: Oxygen, SBE 43 [ml/l], WS = 2
# name 12 = sal00: Salinity, Practical [PSU]
# name 13 = sal11: Salinity, Practical, 2 [PSU]
# name 14 = sigma-t00: Density [sigma-t, Kg/m^3 ]
# name 15 = svCM: Sound Velocity [Chen-Millero, m/s]
# name 16 = avgsvCM: Average Sound Velocity [Chen-Millero, m/s], minP = 0, minS = 0
# name 17 = flag: flag
# span 0 =        751,      14405       
# span 1 =      3.000,    460.000       
# span 2 =     8.1071,    14.7767       
# span 3 =   3.571209,   3.760174       
# span 4 =     8.1073,    14.7736       
# span 5 =   3.572777,   3.761385       
# span 6 =      12.17,      96.92       
# span 7 =     1.1344,     2.1090       
# span 8 =     0.0356,     0.7031       
# span 9 =     0.4415,    74.0414       
# span 10 = 1.0000e-12, 1.3681e-01      
# span 11 =    2.25638,    4.90351      
# span 12 =    28.7735,    35.0597      
# span 13 =    28.7734,    35.0690      
# span 14 =    21.2491,    27.2907      
# span 15 =    1484.15,    1499.79      
# span 16 =    1487.43,    1499.35      
# span 17 = 0.0000e+00, 0.0000e+00      
# interval = decibars: 1                
# start_time = Sep 22 2015 21:00:36 [System UTC, first data scan.]
# bad_flag = -9.990e-29
*END*
[from data line 403]
      12696    406.000     8.1940   3.662837     8.1942   3.663702      96.46     1.1345     0.0414    70.2491 1.0000e-12    2.26219    35.0582    35.0673    27.2906    1489.95    1487.87 0.0000e+00
      12726    407.000     8.1940   3.662894     8.1942   3.663747      95.40     1.1346     0.0413    72.3615 1.0000e-12    2.26266    35.0584    35.0673    27.2907    1489.97    1487.88 0.0000e+00
      12756    408.000     8.1941   3.662953     8.1943   3.663803      55.85     1.1360     0.0433    72.3627 1.0000e-12    2.27805    35.0584    35.0673    27.2907    1489.98    1487.88 0.0000e+00
      12786    409.000     8.1942   3.662997     8.1943   3.663849      51.15     1.1373     0.0393    72.3575 1.0000e-12    2.27679    35.0583    35.0673    27.2906    1490.00    1487.89 0.0000e+00
      12816    410.000     8.1943   3.663052     8.1945   3.663913      96.49     1.1374     0.0398    72.4281 1.0000e-12    2.27429    35.0583    35.0673    27.2906    1490.02    1487.89 0.0000e+00
      12847    411.000     8.1944   3.663095     8.1945   3.663964      96.46     1.1382     0.0415    72.4580 1.0000e-12    2.27896    35.0582    35.0674    27.2905    1490.03    1487.90 0.0000e+00
      12879    412.000     8.1945   3.663153     8.1946   3.664019      96.46     1.1386     0.0431    72.4786 1.0000e-12    2.28227    35.0583    35.0674    27.2905    1490.05    1487.90 0.0000e+00
      12910    413.000     8.1946   3.663217     8.1947   3.664080      96.46     1.1394     0.0444    72.4837 1.0000e-12    2.28513    35.0584    35.0675    27.2906    1490.07    1487.91 0.0000e+00
      12941    414.000     8.1947   3.663271     8.1948   3.664128      69.07     1.1404     0.0445    72.5471 1.0000e-12    2.29144    35.0584    35.0674    27.2906    1490.09    1487.92 0.0000e+00
      12972    415.000     8.1948   3.663333     8.1950   3.664197      92.31     1.1416     0.0449    72.5810 1.0000e-12    2.29626    35.0585    35.0675    27.2906    1490.10    1487.92 0.0000e+00
      13002    416.000     8.1949   3.663392     8.1951   3.664249      96.42     1.1423     0.0459    72.5639 1.0000e-12    2.29288    35.0585    35.0675    27.2906    1490.12    1487.93 0.0000e+00
      13033    417.000     8.1950   3.663445     8.1952   3.664302      93.66     1.1426     0.0452    72.5862 1.0000e-12    2.29400    35.0585    35.0675    27.2906    1490.14    1487.93 0.0000e+00
      13064    418.000     8.1951   3.663495     8.1954   3.664362      96.18     1.1426     0.0422    72.5873 1.0000e-12    2.29162    35.0585    35.0674    27.2906    1490.15    1487.94 0.0000e+00
      13095    419.000     8.1952   3.663553     8.1954   3.664414      96.46     1.1426     0.0405    72.5940 1.0000e-12    2.29522    35.0585    35.0675    27.2906    1490.17    1487.94 0.0000e+00
      13126    420.000     8.1954   3.663608     8.1955   3.664473      96.46     1.1424     0.0451    72.6193 1.0000e-12    2.28742    35.0584    35.0676    27.2905    1490.19    1487.95 0.0000e+00
      13158    421.000     8.1954   3.663667     8.1956   3.664529      96.46     1.1423     0.0408    72.6110 1.0000e-12    2.29594    35.0586    35.0676    27.2906    1490.20    1487.95 0.0000e+00
      13189    422.000     8.1956   3.663718     8.1958   3.664583      96.46     1.1427     0.0420    72.6024 1.0000e-12    2.29644    35.0584    35.0675    27.2905    1490.22    1487.96 0.0000e+00
      13220    423.000     8.1956   3.663780     8.1959   3.664639      96.46     1.1430     0.0397    72.6207 1.0000e-12    2.29716    35.0586    35.0675    27.2906    1490.24    1487.96 0.0000e+00
      13251    424.000     8.1958   3.663840     8.1960   3.664696      96.46     1.1435     0.0403    72.6240 1.0000e-12    2.30085    35.0586    35.0675    27.2906    1490.25    1487.97 0.0000e+00
      13282    425.000     8.1959   3.663900     8.1962   3.664756      96.46     1.1435     0.0424    72.6017 1.0000e-12    2.30083    35.0587    35.0675    27.2906    1490.27    1487.97 0.0000e+00
      13312    426.000     8.1961   3.663954     8.1963   3.664818      96.46     1.1443     0.0403    72.5540 1.0000e-12    2.30503    35.0586    35.0676    27.2905    1490.29    1487.98 0.0000e+00
      13343    427.000     8.1962   3.664014     8.1964   3.664875      96.46     1.1452     0.0452    72.6022 1.0000e-12    2.30979    35.0586    35.0676    27.2905    1490.31    1487.98 0.0000e+00
      13374    428.000     8.1963   3.664066     8.1965   3.664930      96.46     1.1452     0.0441    72.6099 1.0000e-12    2.30347    35.0586    35.0676    27.2905    1490.32    1487.99 0.0000e+00
      13406    429.000     8.1964   3.664123     8.1967   3.664991      96.46     1.1448     0.0447    72.5781 1.0000e-12    2.30136    35.0586    35.0676    27.2905    1490.34    1488.00 0.0000e+00
      13438    430.000     8.1965   3.664177     8.1967   3.665043      96.46     1.1444     0.0437    72.5680 1.0000e-12    2.29830    35.0587    35.0677    27.2905    1490.36    1488.00 0.0000e+00
      13470    431.000     8.1966   3.664240     8.1969   3.665097      96.46     1.1442     0.0420    72.5600 1.0000e-12    2.30337    35.0587    35.0676    27.2906    1490.37    1488.01 0.0000e+00
      13500    432.000     8.1968   3.664290     8.1970   3.665154      96.46     1.1441     0.0407    72.5903 1.0000e-12    2.29972    35.0586    35.0676    27.2904    1490.39    1488.01 0.0000e+00
      13531    433.000     8.1968   3.664354     8.1971   3.665209      96.46     1.1442     0.0428    72.5965 1.0000e-12    2.30721    35.0588    35.0676    27.2906    1490.41    1488.02 0.0000e+00
      13562    434.000     8.1970   3.664410     8.1972   3.665269      78.71     1.1446     0.0458    72.6015 1.0000e-12    2.30391    35.0587    35.0677    27.2905    1490.42    1488.02 0.0000e+00
      13593    435.000     8.1971   3.664463     8.1973   3.665323      71.51     1.1447     0.0472    72.6231 1.0000e-12    2.30745    35.0587    35.0677    27.2905    1490.44    1488.03 0.0000e+00
      13624    436.000     8.1972   3.664520     8.1974   3.665384      46.46     1.1453     0.0440    72.6102 1.0000e-12    2.31148    35.0588    35.0678    27.2905    1490.46    1488.03 0.0000e+00
      13656    437.000     8.1974   3.664605     8.1976   3.665462      41.39     1.1455     0.0439    72.6473 1.0000e-12    2.31019    35.0590    35.0679    27.2906    1490.48    1488.04 0.0000e+00
      13689    438.000     8.1977   3.664684     8.1979   3.665536      96.26     1.1461     0.0433    72.6247 1.0000e-12    2.31627    35.0591    35.0680    27.2906    1490.49    1488.05 0.0000e+00
      13721    439.000     8.1978   3.664736     8.1980   3.665602      54.42     1.1467     0.0428    72.6127 1.0000e-12    2.31661    35.0590    35.0681    27.2906    1490.51    1488.05 0.0000e+00
      13754    440.000     8.1979   3.664795     8.1982   3.665666      96.92     1.1471     0.0411    72.6175 1.0000e-12    2.31729    35.0591    35.0681    27.2906    1490.53    1488.06 0.0000e+00
      13786    441.000     8.1981   3.664848     8.1983   3.665715      36.85     1.1477     0.0396    72.6270 1.0000e-12    2.32232    35.0590    35.0680    27.2905    1490.54    1488.06 0.0000e+00
      13818    442.000     8.1982   3.664914     8.1984   3.665771      84.87     1.1482     0.0408    72.6062 1.0000e-12    2.31961    35.0591    35.0681    27.2906    1490.56    1488.07 0.0000e+00
      13851    443.000     8.1983   3.664966     8.1985   3.665834      28.66     1.1480     0.0417    72.5810 1.0000e-12    2.31898    35.0591    35.0682    27.2906    1490.58    1488.07 0.0000e+00
      13883    444.000     8.1985   3.665025     8.1986   3.665886      38.34     1.1480     0.0442    72.5664 1.0000e-12    2.31838    35.0591    35.0681    27.2905    1490.60    1488.08 0.0000e+00
      13916    445.000     8.1986   3.665091     8.1988   3.665950      61.49     1.1474     0.0452    72.5634 1.0000e-12    2.31293    35.0592    35.0682    27.2906    1490.61    1488.08 0.0000e+00
      13950    446.000     8.1987   3.665149     8.1989   3.666010      61.86     1.1472     0.0437    72.5535 1.0000e-12    2.31874    35.0592    35.0682    27.2906    1490.63    1488.09 0.0000e+00
      13984    447.000     8.1988   3.665202     8.1990   3.666066      24.63     1.1477     0.0430    72.5575 1.0000e-12    2.32356    35.0592    35.0682    27.2906    1490.65    1488.10 0.0000e+00
      14018    448.000     8.1990   3.665263     8.1992   3.666130      48.99     1.1482     0.0461    72.5400 1.0000e-12    2.32389    35.0592    35.0683    27.2906    1490.66    1488.10 0.0000e+00
      14052    449.000     8.1991   3.665322     8.1993   3.666184      89.18     1.1489     0.0475    72.5282 1.0000e-12    2.33113    35.0593    35.0683    27.2906    1490.68    1488.11 0.0000e+00
      14085    450.000     8.1992   3.665376     8.1994   3.666243      46.18     1.1500     0.0433    72.5249 1.0000e-12    2.32949    35.0593    35.0683    27.2906    1490.70    1488.11 0.0000e+00
      14118    451.000     8.1993   3.665439     8.1996   3.666299      21.08     1.1490     0.0428    72.5179 1.0000e-12    2.31746    35.0594    35.0682    27.2906    1490.71    1488.12 0.0000e+00
      14150    452.000     8.1995   3.665499     8.1997   3.666363      20.11     1.1483     0.0448    72.4732 1.0000e-12    2.31736    35.0593    35.0683    27.2906    1490.73    1488.13 0.0000e+00
      14182    453.000     8.1997   3.665558     8.1999   3.666418      19.17     1.1474     0.0434    72.4363 1.0000e-12    2.31682    35.0593    35.0683    27.2905    1490.75    1488.13 0.0000e+00
      14214    454.000     8.1998   3.665624     8.2001   3.666487      18.06     1.1472     0.0405    72.4516 1.0000e-12    2.31684    35.0594    35.0683    27.2906    1490.77    1488.14 0.0000e+00
      14245    455.000     8.1999   3.665684     8.2002   3.666548      17.07     1.1468     0.0425    72.4636 1.0000e-12    2.31539    35.0595    35.0684    27.2906    1490.78    1488.14 0.0000e+00
      14278    456.000     8.2001   3.665746     8.2004   3.666609      16.07     1.1465     0.0436    72.4181 1.0000e-12    2.31913    35.0595    35.0684    27.2906    1490.80    1488.15 0.0000e+00
      14309    457.000     8.2002   3.665805     8.2005   3.666667      15.09     1.1467     0.0452    72.4086 1.0000e-12    2.31800    35.0595    35.0684    27.2906    1490.82    1488.15 0.0000e+00
      14341    458.000     8.2005   3.665887     8.2009   3.666756      14.16     1.1463     0.0441    72.3651 1.0000e-12    2.31346    35.0596    35.0685    27.2907    1490.83    1488.16 0.0000e+00
      14373    459.000     8.2008   3.665967     8.2011   3.666834      13.16     1.1458     0.0464    72.3012 1.0000e-12    2.31072    35.0597    35.0687    27.2907    1490.85    1488.17 0.0000e+00
      14405    460.000     8.2010   3.666025     8.2011   3.666906      12.17     1.1456     0.0506    72.2174 1.0000e-12    2.30345    35.0597    35.0690    27.2906    1490.87    1488.17 0.0000e+00
