_data/ctd/2015/Sta0683_2015.cnv
* Sea-Bird SBE 9 Data File:
* FileName = C:\Seabird\CTDDATA\sta0683.hex
* Software Version Seasave V 7.21f
* Temperature SN = 5127
* Conductivity SN = 3771
* Number of Bytes Per Scan = 41
* Number of Voltage Words = 4
* Number of Scans Averaged by the Deck Unit = 1
* NMEA Latitude = 60 52.17 N
* NMEA Longitude = 005 22.12 E
* NMEA UTC (Time) = Sep 16 2015 06:41:26
** Ship: 01 F/F "Håkon Mosby"
** Station: 0683
** Echodepth: 468
** Log: 355.76
** Wind-Dir Force: 08 07
** Air-temp (dry): 12.2
** Weather Sky: 2 3
** Sea Ice: 1 0
** UNIS station:
# nquan = 18                                
# nvalues = 470                         
# units = specified
# name 0 = scan: Scan Count
# name 1 = prDM: Pressure, Digiquartz [db]
# name 2 = t068C: Temperature [ITS-68, deg C]
# name 3 = c0S/m: Conductivity [S/m]
# name 4 = t168C: Temperature, 2 [ITS-68, deg C]
# name 5 = c1S/m: Conductivity, 2 [S/m]
# name 6 = altM: Altimeter [m]
# name 7 = sbeox0V: Oxygen raw, SBE 43 [V]
# name 8 = flC: Fluorescence, Chelsea Aqua 3 Chl Con [ug/l]
# name 9 = xmiss: Beam Transmission, Chelsea/Seatech [%]
# name 10 = par: PAR/Irradiance, Biospherical/Licor
# name 11 = sbeox0ML/L: Oxygen, SBE 43 [ml/l], WS = 2
# name 12 = sal00: Salinity, Practical [PSU]
# name 13 = sal11: Salinity, Practical, 2 [PSU]
# name 14 = sigma-t00: Density [sigma-t, Kg/m^3 ]
# name 15 = svCM: Sound Velocity [Chen-Millero, m/s]
# name 16 = avgsvCM: Average Sound Velocity [Chen-Millero, m/s], minP = 0, minS = 0
# name 17 = flag: flag
# span 0 =        485,      12198       
# span 1 =      3.000,    472.000       
# span 2 =     8.1087,    14.2995       
# span 3 =   3.366069,   3.747777       
# span 4 =     8.1090,    14.2977       
# span 5 =   3.377265,   3.748702       
# span 6 =       3.55,      97.37       
# span 7 =     1.1209,     2.0778       
# span 8 =     0.0321,     0.4270       
# span 9 =     0.4490,    74.2790       
# span 10 = 1.0000e-12, 6.1930e+01      
# span 11 =    2.21150,    4.89631      
# span 12 =    27.2147,    35.0605      
# span 13 =    27.3022,    35.0690      
# span 14 =    20.1266,    27.2910      
# span 15 =    1483.91,    1498.86      
# span 16 =    1487.27,    1497.75      
# span 17 = 0.0000e+00, 0.0000e+00      
# interval = decibars: 1                
# start_time = Sep 16 2015 06:41:29 [System UTC, first data scan.]
# bad_flag = -9.990e-29
*END*
[from data line 403]
      10200    406.000     8.1940   3.662841     8.1944   3.663664      96.49     1.1366     0.0439     1.4896 1.0000e-12    2.26643    35.0583    35.0667    27.2906    1489.95    1487.77 0.0000e+00
      10224    407.000     8.1941   3.662910     8.1945   3.663731      96.49     1.1371     0.0436     2.9965 1.0000e-12    2.27204    35.0585    35.0668    27.2907    1489.97    1487.78 0.0000e+00
      10248    408.000     8.1943   3.662969     8.1947   3.663784      73.21     1.1365     0.0445     1.0732 1.0000e-12    2.26026    35.0584    35.0667    27.2906    1489.98    1487.78 0.0000e+00
      10272    409.000     8.1944   3.663031     8.1948   3.663850      88.31     1.1360     0.0440    50.9844 1.0000e-12    2.26664    35.0585    35.0668    27.2907    1490.00    1487.79 0.0000e+00
      10296    410.000     8.1946   3.663087     8.1948   3.663906      96.60     1.1366     0.0451    71.4296 1.0000e-12    2.27701    35.0584    35.0670    27.2906    1490.02    1487.79 0.0000e+00
      10320    411.000     8.1946   3.663144     8.1950   3.663970      96.49     1.1376     0.0437    71.1067 1.0000e-12    2.27759    35.0585    35.0670    27.2907    1490.04    1487.80 0.0000e+00
      10345    412.000     8.1947   3.663194     8.1951   3.664026      96.48     1.1376     0.0435    72.0707 1.0000e-12    2.27066    35.0585    35.0670    27.2907    1490.05    1487.80 0.0000e+00
      10369    413.000     8.1948   3.663249     8.1952   3.664075      38.29     1.1369     0.0436    72.0986 1.0000e-12    2.25751    35.0585    35.0669    27.2907    1490.07    1487.81 0.0000e+00
      10393    414.000     8.1949   3.663310     8.1953   3.664131      95.83     1.1347     0.0410    72.0964 1.0000e-12    2.25098    35.0586    35.0670    27.2907    1490.09    1487.81 0.0000e+00
      10418    415.000     8.1950   3.663366     8.1954   3.664193      96.49     1.1350     0.0441    72.0863 1.0000e-12    2.27231    35.0586    35.0670    27.2907    1490.10    1487.82 0.0000e+00
      10443    416.000     8.1952   3.663424     8.1955   3.664252      96.48     1.1359     0.0441    72.1342 1.0000e-12    2.27979    35.0586    35.0671    27.2906    1490.12    1487.83 0.0000e+00
      10467    417.000     8.1953   3.663480     8.1957   3.664300      96.49     1.1373     0.0424    71.8268 1.0000e-12    2.27873    35.0586    35.0669    27.2906    1490.14    1487.83 0.0000e+00
      10491    418.000     8.1954   3.663540     8.1958   3.664356      96.49     1.1372     0.0437    70.9953 1.0000e-12    2.26995    35.0587    35.0670    27.2907    1490.15    1487.84 0.0000e+00
      10516    419.000     8.1955   3.663593     8.1959   3.664411      96.48     1.1360     0.0460    72.0790 1.0000e-12    2.26082    35.0586    35.0670    27.2906    1490.17    1487.84 0.0000e+00
      10540    420.000     8.1956   3.663648     8.1960   3.664471      96.49     1.1360     0.0423    72.1571 1.0000e-12    2.26969    35.0587    35.0670    27.2906    1490.19    1487.85 0.0000e+00
      10564    421.000     8.1957   3.663704     8.1961   3.664525      96.49     1.1363     0.0426    71.8093 1.0000e-12    2.26891    35.0587    35.0670    27.2906    1490.20    1487.85 0.0000e+00
      10589    422.000     8.1958   3.663760     8.1962   3.664586      96.49     1.1354     0.0414    71.7685 1.0000e-12    2.26619    35.0587    35.0671    27.2906    1490.22    1487.86 0.0000e+00
      10613    423.000     8.1960   3.663828     8.1964   3.664652      96.49     1.1354     0.0452    72.0754 1.0000e-12    2.27733    35.0587    35.0671    27.2906    1490.24    1487.86 0.0000e+00
      10638    424.000     8.1961   3.663885     8.1965   3.664712      96.49     1.1374     0.0469    71.9710 1.0000e-12    2.28009    35.0588    35.0672    27.2907    1490.26    1487.87 0.0000e+00
      10663    425.000     8.1962   3.663940     8.1965   3.664758      96.49     1.1363     0.0468    71.8244 1.0000e-12    2.26447    35.0588    35.0672    27.2907    1490.27    1487.88 0.0000e+00
      10687    426.000     8.1963   3.663995     8.1968   3.664818      96.48     1.1363     0.0460    71.5296 1.0000e-12    2.27635    35.0588    35.0671    27.2906    1490.29    1487.88 0.0000e+00
      10712    427.000     8.1966   3.664070     8.1970   3.664898      96.48     1.1369     0.0426    72.2667 1.0000e-12    2.28103    35.0588    35.0673    27.2906    1490.31    1487.89 0.0000e+00
      10736    428.000     8.1968   3.664142     8.1971   3.664962      96.49     1.1374     0.0414    72.1075 1.0000e-12    2.27817    35.0589    35.0674    27.2907    1490.32    1487.89 0.0000e+00
      10761    429.000     8.1969   3.664201     8.1972   3.665021      96.49     1.1370     0.0421    72.0613 1.0000e-12    2.26416    35.0590    35.0674    27.2907    1490.34    1487.90 0.0000e+00
      10786    430.000     8.1970   3.664270     8.1974   3.665079      96.49     1.1354     0.0449    72.0676 1.0000e-12    2.26175    35.0591    35.0674    27.2908    1490.36    1487.90 0.0000e+00
      10811    431.000     8.1970   3.664318     8.1974   3.665134      96.48     1.1350     0.0437    72.0964 1.0000e-12    2.27578    35.0592    35.0675    27.2908    1490.38    1487.91 0.0000e+00
      10836    432.000     8.1971   3.664376     8.1975   3.665200      96.49     1.1358     0.0432    71.9885 1.0000e-12    2.26916    35.0592    35.0676    27.2909    1490.39    1487.92 0.0000e+00
      10861    433.000     8.1973   3.664440     8.1976   3.665256      96.49     1.1348     0.0438    71.8661 1.0000e-12    2.26354    35.0592    35.0676    27.2908    1490.41    1487.92 0.0000e+00
      10886    434.000     8.1974   3.664486     8.1977   3.665318      96.48     1.1361     0.0443    70.7467 1.0000e-12    2.29864    35.0592    35.0677    27.2908    1490.43    1487.93 0.0000e+00
      10911    435.000     8.1975   3.664552     8.1979   3.665374      96.49     1.1390     0.0430    71.3213 1.0000e-12    2.30222    35.0593    35.0677    27.2908    1490.44    1487.93 0.0000e+00
      10936    436.000     8.1976   3.664608     8.1980   3.665434      96.48     1.1402     0.0418    72.1119 1.0000e-12    2.29423    35.0593    35.0677    27.2908    1490.46    1487.94 0.0000e+00
      10962    437.000     8.1977   3.664666     8.1982   3.665487      96.48     1.1406     0.0405    62.8664 1.0000e-12    2.30150    35.0594    35.0676    27.2909    1490.48    1487.94 0.0000e+00
      10987    438.000     8.1979   3.664725     8.1983   3.665547      96.49     1.1423     0.0431    69.6600 1.0000e-12    2.30768    35.0593    35.0677    27.2908    1490.49    1487.95 0.0000e+00
      11012    439.000     8.1981   3.664803     8.1986   3.665624      96.49     1.1431     0.0458    71.3691 1.0000e-12    2.30235    35.0595    35.0677    27.2909    1490.51    1487.96 0.0000e+00
      11037    440.000     8.1983   3.664862     8.1987   3.665682      96.48     1.1429     0.0460    72.1688 1.0000e-12    2.30494    35.0594    35.0678    27.2908    1490.53    1487.96 0.0000e+00
      11062    441.000     8.1984   3.664927     8.1988   3.665749      96.49     1.1439     0.0433    72.1488 1.0000e-12    2.30649    35.0595    35.0679    27.2909    1490.55    1487.97 0.0000e+00
      11088    442.000     8.1986   3.665000     8.1990   3.665825      96.48     1.1437     0.0444    70.1065 1.0000e-12    2.29825    35.0596    35.0680    27.2910    1490.56    1487.97 0.0000e+00
      11114    443.000     8.1987   3.665040     8.1991   3.665874      96.48     1.1431     0.0436    72.1021 1.0000e-12    2.30306    35.0595    35.0680    27.2908    1490.58    1487.98 0.0000e+00
      11140    444.000     8.1988   3.665104     8.1992   3.665932      96.48     1.1437     0.0390    72.0958 1.0000e-12    2.30757    35.0596    35.0680    27.2909    1490.60    1487.99 0.0000e+00
      11166    445.000     8.1990   3.665168     8.1994   3.665990      96.48     1.1438     0.0384    72.0727 1.0000e-12    2.30427    35.0596    35.0680    27.2909    1490.61    1487.99 0.0000e+00
      11192    446.000     8.1991   3.665221     8.1994   3.666036      96.48     1.1441     0.0411    72.0365 1.0000e-12    2.31538    35.0596    35.0680    27.2908    1490.63    1488.00 0.0000e+00
      11217    447.000     8.1992   3.665276     8.1996   3.666094      96.48     1.1454     0.0443    71.9917 1.0000e-12    2.31866    35.0596    35.0679    27.2908    1490.65    1488.00 0.0000e+00
      11243    448.000     8.1993   3.665330     8.1997   3.666152      95.43     1.1460     0.0443    72.0562 1.0000e-12    2.31704    35.0596    35.0680    27.2908    1490.66    1488.01 0.0000e+00
      11269    449.000     8.1994   3.665384     8.1998   3.666221      51.48     1.1463     0.0443    72.0479 1.0000e-12    2.31845    35.0596    35.0682    27.2908    1490.68    1488.02 0.0000e+00
      11295    450.000     8.1995   3.665438     8.2000   3.666268      97.37     1.1469     0.0455    72.0744 1.0000e-12    2.32334    35.0596    35.0680    27.2908    1490.70    1488.02 0.0000e+00
      11321    451.000     8.1996   3.665487     8.2000   3.666320      38.29     1.1476     0.0443    72.0615 1.0000e-12    2.31812    35.0596    35.0681    27.2907    1490.72    1488.03 0.0000e+00
      11348    452.000     8.1998   3.665555     8.2002   3.666371      96.13     1.1468     0.0443    72.0689 1.0000e-12    2.31565    35.0596    35.0679    27.2908    1490.73    1488.03 0.0000e+00
      11374    453.000     8.2000   3.665626     8.2004   3.666455      21.33     1.1469     0.0453    72.1150 1.0000e-12    2.31787    35.0597    35.0682    27.2908    1490.75    1488.04 0.0000e+00
      11399    454.000     8.2002   3.665702     8.2006   3.666521      20.36     1.1465     0.0432    72.0538 1.0000e-12    2.30776    35.0599    35.0682    27.2909    1490.77    1488.04 0.0000e+00
      11502    455.000     8.2004   3.665756     8.2007   3.666577      19.44     1.1448     0.0417    71.9879 1.0000e-12    2.30692    35.0598    35.0682    27.2908    1490.78    1488.05 0.0000e+00
      11637    456.000     8.2006   3.665807     8.2008   3.666635      18.20     1.1443     0.0408    71.9343 1.0000e-12    2.31361    35.0596    35.0683    27.2906    1490.80    1488.06 0.0000e+00
      11672    457.000     8.2007   3.665880     8.2010   3.666713      17.36     1.1449     0.0430    71.8517 1.0000e-12    2.31214    35.0598    35.0684    27.2908    1490.82    1488.06 0.0000e+00
      11705    458.000     8.2008   3.665944     8.2012   3.666773      16.34     1.1441     0.0458    71.8665 1.0000e-12    2.30388    35.0599    35.0684    27.2909    1490.84    1488.07 0.0000e+00
      11738    459.000     8.2010   3.665996     8.2013   3.666829      15.31     1.1440     0.0435    71.8238 1.0000e-12    2.31077    35.0598    35.0684    27.2907    1490.85    1488.07 0.0000e+00
      11772    460.000     8.2010   3.666055     8.2014   3.666870      14.28     1.1442     0.0419    71.8214 1.0000e-12    2.30899    35.0600    35.0683    27.2909    1490.87    1488.08 0.0000e+00
      11807    461.000     8.2012   3.666113     8.2015   3.666931      13.34     1.1432     0.0419    71.7314 1.0000e-12    2.29857    35.0599    35.0683    27.2908    1490.89    1488.09 0.0000e+00
      11841    462.000     8.2015   3.666177     8.2018   3.667004      12.31     1.1422     0.0424    71.6392 1.0000e-12    2.30119    35.0598    35.0684    27.2907    1490.90    1488.09 0.0000e+00
      11877    463.000     8.2016   3.666249     8.2020   3.667068      11.28     1.1416     0.0456    71.6347 1.0000e-12    2.29085    35.0600    35.0684    27.2908    1490.92    1488.10 0.0000e+00
      11912    464.000     8.2019   3.666323     8.2023   3.667147      10.29     1.1399     0.0431    71.5208 1.0000e-12    2.28896    35.0600    35.0684    27.2908    1490.94    1488.11 0.0000e+00
      11947    465.000     8.2024   3.666423     8.2027   3.667257       9.31     1.1384     0.0421    71.4038 1.0000e-12    2.28133    35.0601    35.0687    27.2908    1490.96    1488.11 0.0000e+00
      11982    466.000     8.2028   3.666513     8.2031   3.667336       8.33     1.1368     0.0468    71.0986 1.0000e-12    2.26529    35.0602    35.0687    27.2908    1490.98    1488.12 0.0000e+00
      12018    467.000     8.2029   3.666577     8.2032   3.667397       7.34     1.1321     0.0442    70.8054 1.0000e-12    2.24846    35.0603    35.0688    27.2908    1490.99    1488.12 0.0000e+00
      12054    468.000     8.2031   3.666634     8.2034   3.667463       6.35     1.1306     0.0474    70.6140 1.0000e-12    2.25417    35.0603    35.0688    27.2908    1491.01    1488.13 0.0000e+00
      12089    469.000     8.2034   3.666711     8.2037   3.667537       5.37     1.1283     0.0495    70.2870 1.0000e-12    2.23813    35.0603    35.0688    27.2908    1491.03    1488.14 0.0000e+00
      12125    470.000     8.2037   3.666784     8.2039   3.667609       4.40     1.1257     0.0496    70.1798 1.0000e-12    2.23451    35.0603    35.0689    27.2907    1491.04    1488.14 0.0000e+00
      12162    471.000     8.2039   3.666858     8.2043   3.667687       3.55     1.1237     0.0508    69.9956 1.0000e-12    2.22440    35.0604    35.0689    27.2908    1491.06    1488.15 0.0000e+00
      12198    472.000     8.2042   3.666940     8.2046   3.667768      31.50     1.1209     0.0470    69.7883 1.0000e-12    2.21150    35.0605    35.0690    27.2908    1491.08    1488.15 0.0000e+00
