_data/ctd/2015/Sta0691_2015.cnv
* Sea-Bird SBE 9 Data File:
* FileName = C:\Seabird\CTDDATA\sta0691.hex
* Software Version Seasave V 7.21f
* Temperature SN = 5127
* Conductivity SN = 3771
* Number of Bytes Per Scan = 41
* Number of Voltage Words = 4
* Number of Scans Averaged by the Deck Unit = 1
* NMEA Latitude = 60 52.23 N
* NMEA Longitude = 005 22.27 E
* NMEA UTC (Time) = Sep 22 2015 21:00:33
** Ship: 01 F/F "Håkon Mosby"
** Station: 0691
** Echodepth: 469
** Log: 3847.29
** Wind-Dir Force: 07 02
** Air-temp (dry): 11.9
** Weather Sky: 2 3
** Sea Ice: 1 0
** UNIS station:
# nquan = 18                                
# nvalues = 458                         
# units = specified
# name 0 = scan: Scan Count
# name 1 = prDM: Pressure, Digiquartz [db]
# name 2 = t068C: Temperature [ITS-68, deg C]
# name 3 = c0S/m: Conductivity [S/m]
# name 4 = t168C: Temperature, 2 [ITS-68, deg C]
# name 5 = c1S/m: Conductivity, 2 [S/m]
# name 6 = altM: Altimeter [m]
# name 7 = sbeox0V: Oxygen raw, SBE 43 [V]
# name 8 = flC: Fluorescence, Chelsea Aqua 3 Chl Con [ug/l]
# name 9 = xmiss: Beam Transmission, Chelsea/Seatech [%]
# name 10 = par: PAR/Irradiance, Biospherical/Licor
# name 11 = sbeox0ML/L: Oxygen, SBE 43 [ml/l], WS = 2
# name 12 = sal00: Salinity, Practical [PSU]
# name 13 = sal11: Salinity, Practical, 2 [PSU]
# name 14 = sigma-t00: Density [sigma-t, Kg/m^3 ]
# name 15 = svCM: Sound Velocity [Chen-Millero, m/s]
# name 16 = avgsvCM: Average Sound Velocity [Chen-Millero, m/s], minP = 0, minS = 0
# name 17 = flag: flag
# span 0 =        751,      14405       
# span 1 =      3.000,    460.000       
# span 2 =     8.1071,    14.7767       
# span 3 =   3.571209,   3.760174       
# span 4 =     8.1073,    14.7736       
# span 5 =   3.572777,   3.761385       
# span 6 =      12.17,      96.92       
# span 7 =     1.1344,     2.1090       
# span 8 =     0.0356,     0.7031       
# span 9 =     0.4415,    74.0414       
# span 10 = 1.0000e-12, 1.3681e-01      
# span 11 =    2.25638,    4.90351      
# span 12 =    28.7735,    35.0597      
# span 13 =    28.7734,    35.0690      
# span 14 =    21.2491,    27.2907      
# span 15 =    1484.15,    1499.79      
# span 16 =    1487.43,    1499.35      
# span 17 = 0.0000e+00, 0.0000e+00      
# interval = decibars: 1                
# start_time = Sep 22 2015 21:00:36 [System UTC, first data scan.]
# bad_flag = -9.990e-29
*END*
[from data line 242]
       7767    245.000     8.1280   3.643063     8.1281   3.643907      79.51     1.3042     0.0419    73.8921 1.0000e-12    2.80583    34.9898    34.9987    27.2468    1486.97    1487.45 0.0000e+00
       7797    246.000     8.1280   3.643128     8.1280   3.643972      84.73     1.3034     0.0425    73.8955 1.0000e-12    2.80254    34.9900    34.9990    27.2470    1486.98    1487.45 0.0000e+00
       7827    247.000     8.1282   3.643223     8.1282   3.644078      96.47     1.3019     0.0403    73.9075 1.0000e-12    2.79869    34.9903    34.9995    27.2472    1487.00    1487.44 0.0000e+00
       7856    248.000     8.1282   3.643307     8.1284   3.644159      96.47     1.3011     0.0400    73.8919 1.0000e-12    2.79793    34.9907    34.9997    27.2476    1487.02    1487.44 0.0000e+00
       7886    249.000     8.1284   3.643412     8.1285   3.644268      96.47     1.3005     0.0417    73.8998 1.0000e-12    2.79847    34.9912    35.0002    27.2479    1487.03    1487.44 0.0000e+00
       7916    250.000     8.1286   3.643537     8.1286   3.644385      95.50     1.3003     0.0412    73.9041 1.0000e-12    2.79759    34.9918    35.0009    27.2484    1487.05    1487.44 0.0000e+00
       7945    251.000     8.1282   3.643642     8.1283   3.644480      60.13     1.2995     0.0411    73.9092 1.0000e-12    2.79432    34.9929    35.0017    27.2492    1487.07    1487.44 0.0000e+00
       7975    252.000     8.1286   3.643797     8.1287   3.644646      96.06     1.2991     0.0405    73.9297 1.0000e-12    2.79771    34.9937    35.0026    27.2498    1487.09    1487.44 0.0000e+00
       8005    253.000     8.1288   3.643887     8.1289   3.644739      96.47     1.2995     0.0417    73.8785 1.0000e-12    2.80070    34.9939    35.0030    27.2500    1487.11    1487.44 0.0000e+00
       8035    254.000     8.1288   3.643993     8.1289   3.644844      96.46     1.2991     0.0416    73.9361 1.0000e-12    2.79180    34.9946    35.0036    27.2505    1487.12    1487.43 0.0000e+00
       8065    255.000     8.1290   3.644085     8.1291   3.644928      96.47     1.2981     0.0424    73.9360 1.0000e-12    2.79245    34.9949    35.0038    27.2507    1487.14    1487.43 0.0000e+00
       8094    256.000     8.1293   3.644224     8.1294   3.645068      96.47     1.2980     0.0377    73.9214 1.0000e-12    2.79358    34.9956    35.0045    27.2512    1487.16    1487.43 0.0000e+00
       8123    257.000     8.1296   3.644400     8.1298   3.645252      85.36     1.2981     0.0391    73.9360 1.0000e-12    2.79532    34.9967    35.0056    27.2520    1487.18    1487.43 0.0000e+00
       8153    258.000     8.1300   3.644548     8.1302   3.645399      78.71     1.2975     0.0364    73.9633 1.0000e-12    2.78750    34.9974    35.0063    27.2525    1487.20    1487.43 0.0000e+00
       8182    259.000     8.1308   3.644776     8.1309   3.645622      96.49     1.2966     0.0389    73.9456 1.0000e-12    2.79023    34.9986    35.0075    27.2533    1487.22    1487.43 0.0000e+00
       8212    260.000     8.1315   3.644968     8.1316   3.645812      96.47     1.2969     0.0413    73.9560 1.0000e-12    2.79041    34.9994    35.0084    27.2539    1487.24    1487.43 0.0000e+00
       8241    261.000     8.1322   3.645165     8.1323   3.646008      96.47     1.2961     0.0422    73.9602 1.0000e-12    2.78264    35.0004    35.0093    27.2545    1487.26    1487.43 0.0000e+00
       8272    262.000     8.1337   3.645519     8.1339   3.646366      96.47     1.2947     0.0391    73.9090 1.0000e-12    2.77478    35.0022    35.0110    27.2557    1487.28    1487.43 0.0000e+00
       8302    263.000     8.1346   3.645759     8.1347   3.646602      57.14     1.2929     0.0405    73.9171 1.0000e-12    2.75901    35.0034    35.0123    27.2565    1487.30    1487.43 0.0000e+00
       8332    264.000     8.1353   3.645956     8.1354   3.646807      84.90     1.2890     0.0409    73.8759 1.0000e-12    2.74589    35.0043    35.0133    27.2571    1487.32    1487.43 0.0000e+00
       8362    265.000     8.1359   3.646195     8.1360   3.647041      94.10     1.2873     0.0390    73.8822 1.0000e-12    2.74609    35.0058    35.0147    27.2582    1487.34    1487.43 0.0000e+00
       8392    266.000     8.1364   3.646409     8.1365   3.647252      96.48     1.2850     0.0373    73.8677 1.0000e-12    2.73916    35.0071    35.0160    27.2592    1487.36    1487.43 0.0000e+00
       8422    267.000     8.1368   3.646509     8.1369   3.647366      96.47     1.2838     0.0393    73.8748 1.0000e-12    2.74598    35.0073    35.0163    27.2592    1487.38    1487.43 0.0000e+00
       8451    268.000     8.1378   3.646782     8.1379   3.647616      96.47     1.2838     0.0371    73.8909 1.0000e-12    2.74920    35.0087    35.0175    27.2602    1487.40    1487.43 0.0000e+00
       8481    269.000     8.1386   3.647015     8.1388   3.647864      87.60     1.2836     0.0414    73.9006 1.0000e-12    2.74453    35.0099    35.0188    27.2611    1487.43    1487.43 0.0000e+00
       8511    270.000     8.1398   3.647291     8.1398   3.648130      73.09     1.2833     0.0392    73.9178 1.0000e-12    2.74601    35.0112    35.0202    27.2619    1487.45    1487.43 0.0000e+00
       8542    271.000     8.1407   3.647517     8.1407   3.648366      96.44     1.2828     0.0394    73.9061 1.0000e-12    2.74460    35.0122    35.0213    27.2626    1487.47    1487.43 0.0000e+00
       8572    272.000     8.1418   3.647828     8.1420   3.648678      96.46     1.2828     0.0386    73.9099 1.0000e-12    2.74422    35.0140    35.0229    27.2638    1487.49    1487.43 0.0000e+00
       8602    273.000     8.1424   3.648002     8.1426   3.648865      96.46     1.2820     0.0389    73.8894 1.0000e-12    2.73421    35.0148    35.0238    27.2643    1487.51    1487.43 0.0000e+00
       8632    274.000     8.1432   3.648197     8.1434   3.649067      96.47     1.2804     0.0380    73.8938 1.0000e-12    2.72882    35.0156    35.0247    27.2648    1487.53    1487.43 0.0000e+00
       8661    275.000     8.1435   3.648306     8.1437   3.649163      96.47     1.2790     0.0377    73.9161 1.0000e-12    2.72399    35.0160    35.0249    27.2650    1487.55    1487.43 0.0000e+00
       8691    276.000     8.1443   3.648511     8.1445   3.649370      79.37     1.2780     0.0400    73.9187 1.0000e-12    2.72314    35.0169    35.0259    27.2656    1487.57    1487.43 0.0000e+00
       8721    277.000     8.1451   3.648709     8.1452   3.649559      91.56     1.2768     0.0385    73.9136 1.0000e-12    2.71932    35.0177    35.0267    27.2662    1487.59    1487.43 0.0000e+00
       8752    278.000     8.1462   3.649002     8.1464   3.649834      96.51     1.2756     0.0409    73.9171 1.0000e-12    2.71418    35.0193    35.0280    27.2672    1487.61    1487.43 0.0000e+00
       8782    279.000     8.1470   3.649184     8.1470   3.650029      96.46     1.2747     0.0417    73.9220 1.0000e-12    2.71400    35.0199    35.0290    27.2676    1487.63    1487.43 0.0000e+00
       8813    280.000     8.1474   3.649302     8.1475   3.650158      96.47     1.2738     0.0389    73.9295 1.0000e-12    2.70956    35.0203    35.0294    27.2679    1487.65    1487.43 0.0000e+00
       8843    281.000     8.1481   3.649478     8.1482   3.650327      96.46     1.2721     0.0414    73.8982 1.0000e-12    2.69865    35.0210    35.0300    27.2683    1487.67    1487.43 0.0000e+00
       8874    282.000     8.1502   3.649965     8.1503   3.650811      96.46     1.2711     0.0416    73.8902 1.0000e-12    2.70661    35.0237    35.0326    27.2701    1487.70    1487.43 0.0000e+00
       8904    283.000     8.1509   3.650147     8.1510   3.651001      96.47     1.2709     0.0424    73.9148 1.0000e-12    2.70382    35.0244    35.0335    27.2706    1487.72    1487.43 0.0000e+00
       8934    284.000     8.1517   3.650342     8.1518   3.651194      96.47     1.2702     0.0416    73.8891 1.0000e-12    2.69704    35.0252    35.0343    27.2711    1487.74    1487.43 0.0000e+00
       8964    285.000     8.1520   3.650452     8.1522   3.651296      96.47     1.2684     0.0410    73.8782 1.0000e-12    2.68689    35.0256    35.0345    27.2714    1487.76    1487.44 0.0000e+00
       8993    286.000     8.1524   3.650554     8.1525   3.651410      49.81     1.2666     0.0408    73.8713 1.0000e-12    2.68042    35.0259    35.0349    27.2715    1487.78    1487.44 0.0000e+00
       9023    287.000     8.1529   3.650683     8.1529   3.651532      85.97     1.2652     0.0389    73.8866 1.0000e-12    2.67867    35.0263    35.0353    27.2717    1487.80    1487.44 0.0000e+00
       9053    288.000     8.1535   3.650838     8.1536   3.651683      87.10     1.2634     0.0393    72.8841 1.0000e-12    2.67123    35.0268    35.0358    27.2721    1487.82    1487.44 0.0000e+00
       9083    289.000     8.1547   3.651141     8.1548   3.651985      96.39     1.2621     0.0393    73.8595 1.0000e-12    2.66982    35.0284    35.0373    27.2731    1487.84    1487.44 0.0000e+00
       9114    290.000     8.1560   3.651424     8.1561   3.652280      96.46     1.2610     0.0406    73.8384 1.0000e-12    2.66820    35.0296    35.0387    27.2739    1487.86    1487.44 0.0000e+00
       9144    291.000     8.1568   3.651642     8.1570   3.652491      96.47     1.2598     0.0418    73.8427 1.0000e-12    2.65881    35.0307    35.0396    27.2746    1487.88    1487.44 0.0000e+00
       9175    292.000     8.1576   3.651835     8.1577   3.652692      91.16     1.2576     0.0427    73.8468 1.0000e-12    2.64794    35.0315    35.0405    27.2751    1487.90    1487.45 0.0000e+00
       9206    293.000     8.1594   3.652261     8.1596   3.653099      66.28     1.2556     0.0408    73.8177 1.0000e-12    2.64393    35.0338    35.0425    27.2766    1487.93    1487.45 0.0000e+00
       9236    294.000     8.1615   3.652686     8.1616   3.653530      96.41     1.2537     0.0402    73.8658 1.0000e-12    2.63785    35.0357    35.0447    27.2778    1487.96    1487.45 0.0000e+00
       9266    295.000     8.1622   3.652877     8.1624   3.653726      96.47     1.2523     0.0398    73.8525 1.0000e-12    2.63181    35.0366    35.0455    27.2784    1487.98    1487.45 0.0000e+00
       9297    296.000     8.1631   3.653093     8.1633   3.653942      96.46     1.2493     0.0431    73.8385 1.0000e-12    2.60832    35.0375    35.0464    27.2790    1488.00    1487.45 0.0000e+00
       9327    297.000     8.1642   3.653342     8.1643   3.654193      96.47     1.2452     0.0404    73.8152 1.0000e-12    2.59107    35.0386    35.0476    27.2797    1488.02    1487.45 0.0000e+00
       9358    298.000     8.1651   3.653556     8.1653   3.654407      59.36     1.2405     0.0392    73.8150 1.0000e-12    2.57299    35.0395    35.0484    27.2803    1488.04    1487.46 0.0000e+00
       9388    299.000     8.1659   3.653753     8.1660   3.654602      84.87     1.2365     0.0417    73.7955 1.0000e-12    2.57051    35.0403    35.0493    27.2808    1488.06    1487.46 0.0000e+00
       9419    300.000     8.1668   3.653950     8.1670   3.654812      95.15     1.2343     0.0404    73.7755 1.0000e-12    2.56567    35.0411    35.0501    27.2812    1488.08    1487.46 0.0000e+00
       9450    301.000     8.1672   3.654063     8.1673   3.654836      96.47     1.2313     0.0403    73.7590 1.0000e-12    2.55202    35.0414    35.0496    27.2814    1488.10    1487.46 0.0000e+00
       9481    302.000     8.1682   3.654321     8.1684   3.655175      96.47     1.2280     0.0403    73.7338 1.0000e-12    2.54151    35.0427    35.0516    27.2823    1488.12    1487.46 0.0000e+00
       9512    303.000     8.1693   3.654556     8.1695   3.655410      96.47     1.2255     0.0401    73.7490 1.0000e-12    2.53542    35.0436    35.0525    27.2828    1488.14    1487.47 0.0000e+00
       9543    304.000     8.1701   3.654744     8.1702   3.655598      73.57     1.2229     0.0408    73.7179 1.0000e-12    2.52637    35.0444    35.0534    27.2833    1488.16    1487.47 0.0000e+00
       9574    305.000     8.1706   3.654884     8.1708   3.655742      83.64     1.2201     0.0388    73.6837 1.0000e-12    2.51548    35.0449    35.0538    27.2836    1488.18    1487.47 0.0000e+00
       9605    306.000     8.1713   3.655038     8.1714   3.655902      96.26     1.2176     0.0421    73.6500 1.0000e-12    2.51277    35.0453    35.0545    27.2839    1488.20    1487.47 0.0000e+00
       9637    307.000     8.1718   3.655180     8.1719   3.656032      96.47     1.2160     0.0424    73.6462 1.0000e-12    2.50139    35.0459    35.0549    27.2842    1488.22    1487.48 0.0000e+00
       9668    308.000     8.1726   3.655377     8.1727   3.656227      96.47     1.2112     0.0427    73.6368 1.0000e-12    2.47714    35.0467    35.0557    27.2848    1488.24    1487.48 0.0000e+00
       9700    309.000     8.1735   3.655585     8.1736   3.656434      70.33     1.2097     0.0446    73.5696 1.0000e-12    2.49653    35.0476    35.0565    27.2853    1488.26    1487.48 0.0000e+00
       9732    310.000     8.1742   3.655785     8.1744   3.656637      77.74     1.2090     0.0428    73.5777 1.0000e-12    2.48599    35.0485    35.0574    27.2859    1488.28    1487.48 0.0000e+00
       9764    311.000     8.1752   3.656011     8.1753   3.656858      79.10     1.2066     0.0509    73.5710 1.0000e-12    2.47315    35.0495    35.0584    27.2865    1488.30    1487.49 0.0000e+00
       9796    312.000     8.1754   3.656088     8.1756   3.656951      96.69     1.2042     0.0469    73.5704 1.0000e-12    2.46429    35.0496    35.0586    27.2866    1488.32    1487.49 0.0000e+00
       9828    313.000     8.1757   3.656176     8.1759   3.657043      96.47     1.2023     0.0436    73.5762 1.0000e-12    2.46414    35.0498    35.0588    27.2867    1488.34    1487.49 0.0000e+00
       9860    314.000     8.1760   3.656265     8.1761   3.657117      96.47     1.2006     0.0394    73.5826 1.0000e-12    2.45556    35.0499    35.0589    27.2868    1488.36    1487.49 0.0000e+00
       9892    315.000     8.1762   3.656336     8.1763   3.657194      95.33     1.1986     0.0399    73.6129 1.0000e-12    2.44802    35.0500    35.0591    27.2868    1488.37    1487.50 0.0000e+00
       9924    316.000     8.1768   3.656476     8.1768   3.657323      49.17     1.1974     0.0428    73.5762 1.0000e-12    2.45352    35.0504    35.0595    27.2870    1488.39    1487.50 0.0000e+00
       9957    317.000     8.1773   3.656599     8.1774   3.657456      96.71     1.1964     0.0422    73.5744 1.0000e-12    2.44478    35.0508    35.0598    27.2872    1488.41    1487.50 0.0000e+00
       9989    318.000     8.1774   3.656666     8.1775   3.657525      96.47     1.1949     0.0418    73.5350 1.0000e-12    2.44196    35.0509    35.0600    27.2873    1488.43    1487.51 0.0000e+00
      10021    319.000     8.1781   3.656841     8.1783   3.657694      96.47     1.1940     0.0400    73.4865 1.0000e-12    2.43881    35.0516    35.0605    27.2878    1488.45    1487.51 0.0000e+00
      10052    320.000     8.1785   3.656940     8.1786   3.657794      96.47     1.1930     0.0416    73.4560 1.0000e-12    2.43734    35.0518    35.0608    27.2878    1488.47    1487.51 0.0000e+00
      10084    321.000     8.1787   3.657014     8.1789   3.657874      96.47     1.1916     0.0415    73.4229 1.0000e-12    2.42285    35.0519    35.0609    27.2879    1488.48    1487.51 0.0000e+00
      10115    322.000     8.1794   3.657188     8.1795   3.658043      46.20     1.1887     0.0442    73.3795 1.0000e-12    2.41038    35.0526    35.0616    27.2883    1488.50    1487.52 0.0000e+00
      10147    323.000     8.1798   3.657294     8.1799   3.658139      83.06     1.1863     0.0407    73.3862 1.0000e-12    2.40516    35.0528    35.0617    27.2885    1488.52    1487.52 0.0000e+00
