_data/ctd/2015/Sta690_2015.cnv
* Sea-Bird SBE 9 Data File:
* FileName = C:\Seabird\CTDDATA\sta690.hex
* Software Version Seasave V 7.21f
* Temperature SN = 5127
* Conductivity SN = 3771
* Number of Bytes Per Scan = 41
* Number of Voltage Words = 4
* Number of Scans Averaged by the Deck Unit = 1
* NMEA Latitude = 60 52.15 N
* NMEA Longitude = 005 21.98 E
* NMEA UTC (Time) = Sep 21 2015 06:30:15
** Ship: 01 F/F "Håkon Mosby"
** Station: 06890
** Echodepth: 472
** Log: 3699.15
** Wind-Dir Force: 08 04
** Air-temp (dry): 7.8
** Weather Sky: 2 3
** Sea Ice: 1 0
** UNIS station:
# nquan = 18                                
# nvalues = 468                         
# units = specified
# name 0 = scan: Scan Count
# name 1 = prDM: Pressure, Digiquartz [db]
# name 2 = t068C: Temperature [ITS-68, deg C]
# name 3 = c0S/m: Conductivity [S/m]
# name 4 = t168C: Temperature, 2 [ITS-68, deg C]
# name 5 = c1S/m: Conductivity, 2 [S/m]
# name 6 = altM: Altimeter [m]
# name 7 = sbeox0V: Oxygen raw, SBE 43 [V]
# name 8 = flC: Fluorescence, Chelsea Aqua 3 Chl Con [ug/l]
# name 9 = xmiss: Beam Transmission, Chelsea/Seatech [%]
# name 10 = par: PAR/Irradiance, Biospherical/Licor
# name 11 = sbeox0ML/L: Oxygen, SBE 43 [ml/l], WS = 2
# name 12 = sal00: Salinity, Practical [PSU]
# name 13 = sal11: Salinity, Practical, 2 [PSU]
# name 14 = sigma-t00: Density [sigma-t, Kg/m^3 ]
# name 15 = svCM: Sound Velocity [Chen-Millero, m/s]
# name 16 = avgsvCM: Average Sound Velocity [Chen-Millero, m/s], minP = 0, minS = 0
# name 17 = flag: flag
# span 0 =        470,      12906       
# span 1 =      2.000,    469.000       
# span 2 =     8.1037,    14.5733       
# span 3 =   3.448538,   3.797330       
# span 4 =     8.1042,    14.5740       
# span 5 =   3.488339,   3.799101       
# span 6 =       7.07,      97.17       
# span 7 =     1.1217,     2.0548       
# span 8 =     0.0345,     0.4478       
# span 9 =     0.4448,    74.1651       
# span 10 = 1.0000e-12, 5.0775e+01      
# span 11 =    2.22299,    4.80971      
# span 12 =    27.9619,    35.0589      
# span 13 =    28.2845,    35.0674      
# span 14 =    20.7041,    27.2900      
# span 15 =    1484.15,    1499.78      
# span 16 =    1487.40,    1498.77      
# span 17 = 0.0000e+00, 0.0000e+00      
# interval = decibars: 1                
# start_time = Sep 21 2015 06:30:17 [System UTC, first data scan.]
# bad_flag = -9.990e-29
*END*
[from data line 161]
       4679    163.000     8.1194   3.635288     8.1199   3.636088      85.48     1.3880     0.0401    73.9801 1.0000e-12    3.04484    34.9547    34.9628    27.2206    1485.54    1488.00 0.0000e+00
       4705    164.000     8.1194   3.635380     8.1198   3.636169      96.50     1.3838     0.0412    74.0065 1.0000e-12    3.02805    34.9552    34.9633    27.2210    1485.56    1487.99 0.0000e+00
       4731    165.000     8.1193   3.635468     8.1198   3.636257      96.48     1.3797     0.0396    74.0291 1.0000e-12    3.01515    34.9558    34.9637    27.2214    1485.57    1487.97 0.0000e+00
       4756    166.000     8.1192   3.635551     8.1197   3.636337      96.48     1.3755     0.0418    74.0042 1.0000e-12    3.00324    34.9563    34.9642    27.2219    1485.59    1487.96 0.0000e+00
       4782    167.000     8.1191   3.635634     8.1196   3.636421      57.77     1.3726     0.0442    74.0397 1.0000e-12    3.00138    34.9568    34.9647    27.2223    1485.61    1487.94 0.0000e+00
       4808    168.000     8.1189   3.635758     8.1195   3.636549      97.16     1.3689     0.0450    74.0338 1.0000e-12    2.98388    34.9578    34.9657    27.2231    1485.62    1487.93 0.0000e+00
       4834    169.000     8.1188   3.635843     8.1194   3.636644      96.49     1.3664     0.0428    74.0359 1.0000e-12    2.98434    34.9584    34.9663    27.2235    1485.64    1487.92 0.0000e+00
       4860    170.000     8.1188   3.635937     8.1193   3.636738      96.49     1.3635     0.0433    74.0318 1.0000e-12    2.96708    34.9589    34.9670    27.2240    1485.66    1487.90 0.0000e+00
       4886    171.000     8.1188   3.636035     8.1192   3.636831      96.48     1.3594     0.0405    74.0198 1.0000e-12    2.94860    34.9594    34.9676    27.2244    1485.68    1487.89 0.0000e+00
       4912    172.000     8.1194   3.636217     8.1199   3.637011      96.48     1.3564     0.0406    74.0070 1.0000e-12    2.95116    34.9603    34.9683    27.2250    1485.70    1487.88 0.0000e+00
       4939    173.000     8.1199   3.636347     8.1203   3.637141      96.49     1.3539     0.0433    74.0007 1.0000e-12    2.93714    34.9607    34.9688    27.2252    1485.71    1487.86 0.0000e+00
       4965    174.000     8.1201   3.636461     8.1206   3.637260      96.49     1.3501     0.0424    74.0178 1.0000e-12    2.92513    34.9613    34.9693    27.2256    1485.73    1487.85 0.0000e+00
       4992    175.000     8.1203   3.636555     8.1208   3.637352      96.48     1.3485     0.0407    74.0009 1.0000e-12    2.93406    34.9616    34.9696    27.2259    1485.75    1487.84 0.0000e+00
       5018    176.000     8.1203   3.636615     8.1207   3.637418      96.48     1.3470     0.0395    73.9582 1.0000e-12    2.92259    34.9617    34.9699    27.2260    1485.77    1487.83 0.0000e+00
       5045    177.000     8.1201   3.636690     8.1206   3.637489      96.48     1.3447     0.0433    73.9942 1.0000e-12    2.91590    34.9623    34.9703    27.2264    1485.78    1487.82 0.0000e+00
       5071    178.000     8.1201   3.636779     8.1206   3.637574      96.48     1.3433     0.0434    73.9940 1.0000e-12    2.91792    34.9627    34.9707    27.2268    1485.80    1487.81 0.0000e+00
       5098    179.000     8.1195   3.636815     8.1199   3.637610      96.49     1.3427     0.0410    73.9881 1.0000e-12    2.92119    34.9632    34.9713    27.2273    1485.81    1487.79 0.0000e+00
       5125    180.000     8.1193   3.636876     8.1197   3.637678      96.48     1.3423     0.0411    73.9882 1.0000e-12    2.91470    34.9636    34.9718    27.2276    1485.83    1487.78 0.0000e+00
       5153    181.000     8.1187   3.636918     8.1192   3.637710      96.48     1.3404     0.0408    73.9884 1.0000e-12    2.91025    34.9642    34.9721    27.2281    1485.85    1487.77 0.0000e+00
       5180    182.000     8.1187   3.636988     8.1190   3.637774      96.49     1.3403     0.0426    73.9985 1.0000e-12    2.91154    34.9644    34.9725    27.2283    1485.86    1487.76 0.0000e+00
       5208    183.000     8.1183   3.637008     8.1187   3.637808      96.49     1.3389     0.0423    74.0055 1.0000e-12    2.90070    34.9646    34.9727    27.2285    1485.88    1487.75 0.0000e+00
       5236    184.000     8.1177   3.637037     8.1180   3.637827      96.49     1.3374     0.0389    73.9634 1.0000e-12    2.90285    34.9650    34.9731    27.2289    1485.89    1487.74 0.0000e+00
       5262    185.000     8.1175   3.637099     8.1179   3.637893      96.49     1.3371     0.0389    74.0152 1.0000e-12    2.89577    34.9654    34.9735    27.2292    1485.91    1487.73 0.0000e+00
       5288    186.000     8.1171   3.637154     8.1175   3.637947      96.48     1.3345     0.0380    74.0357 1.0000e-12    2.88199    34.9659    34.9740    27.2297    1485.92    1487.72 0.0000e+00
       5315    187.000     8.1168   3.637211     8.1171   3.638007      96.48     1.3336     0.0408    74.0314 1.0000e-12    2.89331    34.9663    34.9745    27.2301    1485.94    1487.71 0.0000e+00
       5341    188.000     8.1166   3.637304     8.1170   3.638102      96.48     1.3331     0.0417    74.0780 1.0000e-12    2.88260    34.9670    34.9751    27.2307    1485.96    1487.70 0.0000e+00
       5367    189.000     8.1166   3.637377     8.1171   3.638174      52.87     1.3306     0.0425    74.0649 1.0000e-12    2.86494    34.9673    34.9753    27.2309    1485.97    1487.69 0.0000e+00
       5393    190.000     8.1166   3.637461     8.1170   3.638249      93.00     1.3276     0.0413    74.0666 1.0000e-12    2.85042    34.9677    34.9757    27.2312    1485.99    1487.68 0.0000e+00
       5419    191.000     8.1172   3.637618     8.1176   3.638399      92.03     1.3250     0.0415    74.1107 1.0000e-12    2.85868    34.9683    34.9763    27.2316    1486.01    1487.68 0.0000e+00
       5444    192.000     8.1175   3.637727     8.1180   3.638519      96.50     1.3247     0.0430    74.0935 1.0000e-12    2.86121    34.9687    34.9767    27.2319    1486.03    1487.67 0.0000e+00
       5470    193.000     8.1179   3.637854     8.1183   3.638637      96.47     1.3243     0.0431    74.1137 1.0000e-12    2.86607    34.9692    34.9772    27.2322    1486.05    1487.66 0.0000e+00
       5494    194.000     8.1184   3.638006     8.1188   3.638795      96.48     1.3245     0.0426    74.1489 1.0000e-12    2.86625    34.9698    34.9779    27.2326    1486.07    1487.65 0.0000e+00
       5519    195.000     8.1186   3.638073     8.1190   3.638869      67.65     1.3240     0.0444    74.1045 1.0000e-12    2.86127    34.9699    34.9780    27.2326    1486.08    1487.64 0.0000e+00
       5544    196.000     8.1199   3.638289     8.1202   3.639067      68.14     1.3237     0.0390    74.1206 1.0000e-12    2.86085    34.9704    34.9784    27.2328    1486.10    1487.63 0.0000e+00
       5569    197.000     8.1210   3.638481     8.1214   3.639263      93.18     1.3232     0.0390    74.1102 1.0000e-12    2.85443    34.9709    34.9788    27.2330    1486.13    1487.63 0.0000e+00
       5593    198.000     8.1217   3.638665     8.1222   3.639451      96.01     1.3218     0.0411    74.1478 1.0000e-12    2.85114    34.9717    34.9796    27.2336    1486.15    1487.62 0.0000e+00
       5617    199.000     8.1227   3.638844     8.1231   3.639635      96.48     1.3215     0.0419    74.1356 1.0000e-12    2.85471    34.9721    34.9802    27.2337    1486.17    1487.61 0.0000e+00
       5642    200.000     8.1240   3.639068     8.1244   3.639859      96.48     1.3208     0.0423    74.1637 1.0000e-12    2.85044    34.9727    34.9808    27.2340    1486.19    1487.61 0.0000e+00
       5666    201.000     8.1246   3.639193     8.1250   3.639985      96.48     1.3208     0.0424    74.1651 1.0000e-12    2.85544    34.9730    34.9810    27.2341    1486.21    1487.60 0.0000e+00
       5691    202.000     8.1267   3.639508     8.1271   3.640300      58.32     1.3202     0.0414    74.1507 1.0000e-12    2.85506    34.9738    34.9818    27.2345    1486.23    1487.59 0.0000e+00
       5716    203.000     8.1308   3.640038     8.1310   3.640816      96.04     1.3212     0.0402    74.1609 1.0000e-12    2.85657    34.9749    34.9830    27.2347    1486.27    1487.58 0.0000e+00
       5741    204.000     8.1324   3.640301     8.1328   3.641095      93.16     1.3202     0.0390    74.1208 1.0000e-12    2.85177    34.9756    34.9837    27.2350    1486.29    1487.58 0.0000e+00
       5766    205.000     8.1326   3.640378     8.1330   3.641166      96.43     1.3203     0.0395    74.0756 1.0000e-12    2.85078    34.9757    34.9838    27.2351    1486.31    1487.57 0.0000e+00
       5790    206.000     8.1326   3.640449     8.1331   3.641234      96.49     1.3195     0.0396    74.0536 1.0000e-12    2.84634    34.9760    34.9839    27.2353    1486.32    1487.57 0.0000e+00
       5815    207.000     8.1328   3.640562     8.1333   3.641346      96.48     1.3188     0.0401    74.0458 1.0000e-12    2.84287    34.9765    34.9844    27.2357    1486.34    1487.56 0.0000e+00
       5840    208.000     8.1333   3.640731     8.1338   3.641514      72.71     1.3174     0.0430    74.0081 1.0000e-12    2.83524    34.9774    34.9853    27.2363    1486.36    1487.55 0.0000e+00
       5863    209.000     8.1332   3.640797     8.1337   3.641594      84.50     1.3168     0.0406    73.9793 1.0000e-12    2.84157    34.9777    34.9857    27.2366    1486.38    1487.55 0.0000e+00
       5887    210.000     8.1335   3.640919     8.1340   3.641703      96.32     1.3167     0.0394    73.9673 1.0000e-12    2.84265    34.9782    34.9861    27.2369    1486.40    1487.54 0.0000e+00
       5911    211.000     8.1341   3.641048     8.1346   3.641849      96.48     1.3164     0.0421    73.9243 1.0000e-12    2.83734    34.9785    34.9866    27.2371    1486.41    1487.54 0.0000e+00
       5935    212.000     8.1342   3.641148     8.1346   3.641939      96.49     1.3153     0.0389    73.8858 1.0000e-12    2.83247    34.9790    34.9871    27.2374    1486.43    1487.53 0.0000e+00
       5960    213.000     8.1342   3.641214     8.1346   3.642010      96.49     1.3148     0.0388    73.8275 1.0000e-12    2.83330    34.9792    34.9874    27.2376    1486.45    1487.53 0.0000e+00
       5985    214.000     8.1342   3.641286     8.1346   3.642074      96.49     1.3137     0.0376    73.7944 1.0000e-12    2.81846    34.9795    34.9876    27.2378    1486.47    1487.52 0.0000e+00
       6009    215.000     8.1343   3.641386     8.1347   3.642172      50.18     1.3109     0.0368    73.7697 1.0000e-12    2.80737    34.9800    34.9880    27.2382    1486.48    1487.52 0.0000e+00
       6034    216.000     8.1342   3.641453     8.1347   3.642252      97.05     1.3101     0.0361    73.7177 1.0000e-12    2.82819    34.9803    34.9884    27.2385    1486.50    1487.51 0.0000e+00
       6059    217.000     8.1344   3.641562     8.1348   3.642361      96.29     1.3114     0.0376    73.7134 1.0000e-12    2.82686    34.9808    34.9890    27.2388    1486.52    1487.51 0.0000e+00
       6083    218.000     8.1344   3.641674     8.1350   3.642463      96.48     1.3098     0.0374    73.7330 1.0000e-12    2.81274    34.9815    34.9894    27.2394    1486.53    1487.50 0.0000e+00
       6106    219.000     8.1345   3.641738     8.1351   3.642537      96.48     1.3094     0.0395    73.7169 1.0000e-12    2.82060    34.9816    34.9896    27.2395    1486.55    1487.50 0.0000e+00
       6130    220.000     8.1346   3.641810     8.1351   3.642595      96.48     1.3094     0.0417    73.7450 1.0000e-12    2.82108    34.9818    34.9897    27.2396    1486.57    1487.50 0.0000e+00
       6154    221.000     8.1345   3.641843     8.1350   3.642641      73.07     1.3090     0.0409    73.7502 1.0000e-12    2.81399    34.9818    34.9898    27.2396    1486.59    1487.49 0.0000e+00
       6178    222.000     8.1343   3.641887     8.1348   3.642681      73.61     1.3081     0.0446    73.7621 1.0000e-12    2.81744    34.9820    34.9900    27.2398    1486.60    1487.49 0.0000e+00
       6202    223.000     8.1341   3.641931     8.1346   3.642723      90.66     1.3086     0.0461    73.7507 1.0000e-12    2.81898    34.9822    34.9902    27.2399    1486.62    1487.48 0.0000e+00
       6226    224.000     8.1340   3.641984     8.1345   3.642782      95.30     1.3074     0.0445    73.7802 1.0000e-12    2.80672    34.9824    34.9904    27.2401    1486.63    1487.48 0.0000e+00
       6251    225.000     8.1340   3.642037     8.1345   3.642829      96.48     1.3069     0.0433    73.7837 1.0000e-12    2.81465    34.9825    34.9904    27.2402    1486.65    1487.48 0.0000e+00
       6276    226.000     8.1340   3.642082     8.1345   3.642870      96.48     1.3073     0.0430    73.7889 1.0000e-12    2.81364    34.9825    34.9904    27.2402    1486.67    1487.47 0.0000e+00
       6301    227.000     8.1339   3.642141     8.1344   3.642929      96.49     1.3060     0.0409    73.7684 1.0000e-12    2.80841    34.9827    34.9906    27.2404    1486.68    1487.47 0.0000e+00
       6325    228.000     8.1345   3.642263     8.1349   3.643060      96.48     1.3061     0.0413    73.8040 1.0000e-12    2.81072    34.9829    34.9911    27.2405    1486.70    1487.47 0.0000e+00
       6349    229.000     8.1347   3.642349     8.1352   3.643143      96.18     1.3054     0.0427    73.7987 1.0000e-12    2.80822    34.9832    34.9912    27.2406    1486.72    1487.46 0.0000e+00
       6372    230.000     8.1341   3.642357     8.1347   3.643154      83.25     1.3055     0.0424    73.7944 1.0000e-12    2.81737    34.9834    34.9913    27.2409    1486.73    1487.46 0.0000e+00
       6396    231.000     8.1337   3.642380     8.1342   3.643182      96.41     1.3069     0.0396    73.8038 1.0000e-12    2.82988    34.9835    34.9916    27.2411    1486.75    1487.46 0.0000e+00
       6420    232.000     8.1339   3.642471     8.1345   3.643265      96.48     1.3078     0.0373    73.8031 1.0000e-12    2.82170    34.9838    34.9917    27.2413    1486.77    1487.45 0.0000e+00
       6443    233.000     8.1344   3.642577     8.1348   3.643361      96.48     1.3076     0.0408    73.8127 1.0000e-12    2.81037    34.9840    34.9920    27.2413    1486.78    1487.45 0.0000e+00
       6467    234.000     8.1344   3.642634     8.1348   3.643427      96.48     1.3057     0.0409    73.7977 1.0000e-12    2.80917    34.9841    34.9922    27.2414    1486.80    1487.45 0.0000e+00
       6492    235.000     8.1337   3.642620     8.1342   3.643408      96.48     1.3062     0.0435    73.8161 1.0000e-12    2.81779    34.9842    34.9921    27.2416    1486.82    1487.44 0.0000e+00
       6515    236.000     8.1330   3.642611     8.1335   3.643406      84.40     1.3059     0.0438    73.8203 1.0000e-12    2.81136    34.9843    34.9923    27.2418    1486.83    1487.44 0.0000e+00
       6540    237.000     8.1330   3.642660     8.1334   3.643457      88.31     1.3055     0.0447    73.8214 1.0000e-12    2.81504    34.9843    34.9925    27.2418    1486.85    1487.44 0.0000e+00
       6564    238.000     8.1328   3.642731     8.1333   3.643517      96.51     1.3056     0.0448    73.7965 1.0000e-12    2.81233    34.9848    34.9927    27.2422    1486.86    1487.44 0.0000e+00
       6588    239.000     8.1322   3.642742     8.1328   3.643542      96.01     1.3050     0.0436    73.8151 1.0000e-12    2.81128    34.9850    34.9930    27.2425    1486.88    1487.44 0.0000e+00
       6612    240.000     8.1314   3.642729     8.1320   3.643532      96.43     1.3051     0.0426    73.8160 1.0000e-12    2.81701    34.9852    34.9932    27.2427    1486.89    1487.43 0.0000e+00
       6636    241.000     8.1308   3.642765     8.1315   3.643540      96.48     1.3055     0.0425    73.7604 1.0000e-12    2.81459    34.9857    34.9933    27.2432    1486.91    1487.43 0.0000e+00
       6660    242.000     8.1305   3.642779     8.1309   3.643572      96.48     1.3051     0.0420    73.8407 1.0000e-12    2.81464    34.9857    34.9938    27.2432    1486.92    1487.43 0.0000e+00
