_data/ctd/2015/Sta690_2015.cnv
* Sea-Bird SBE 9 Data File:
* FileName = C:\Seabird\CTDDATA\sta690.hex
* Software Version Seasave V 7.21f
* Temperature SN = 5127
* Conductivity SN = 3771
* Number of Bytes Per Scan = 41
* Number of Voltage Words = 4
* Number of Scans Averaged by the Deck Unit = 1
* NMEA Latitude = 60 52.15 N
* NMEA Longitude = 005 21.98 E
* NMEA UTC (Time) = Sep 21 2015 06:30:15
** Ship: 01 F/F "Håkon Mosby"
** Station: 06890
** Echodepth: 472
** Log: 3699.15
** Wind-Dir Force: 08 04
** Air-temp (dry): 7.8
** Weather Sky: 2 3
** Sea Ice: 1 0
** UNIS station:
# nquan = 18                                
# nvalues = 468                         
# units = specified
# name 0 = scan: Scan Count
# name 1 = prDM: Pressure, Digiquartz [db]
# name 2 = t068C: Temperature [ITS-68, deg C]
# name 3 = c0S/m: Conductivity [S/m]
# name 4 = t168C: Temperature, 2 [ITS-68, deg C]
# name 5 = c1S/m: Conductivity, 2 [S/m]
# name 6 = altM: Altimeter [m]
# name 7 = sbeox0V: Oxygen raw, SBE 43 [V]
# name 8 = flC: Fluorescence, Chelsea Aqua 3 Chl Con [ug/l]
# name 9 = xmiss: Beam Transmission, Chelsea/Seatech [%]
# name 10 = par: PAR/Irradiance, Biospherical/Licor
# name 11 = sbeox0ML/L: Oxygen, SBE 43 [ml/l], WS = 2
# name 12 = sal00: Salinity, Practical [PSU]
# name 13 = sal11: Salinity, Practical, 2 [PSU]
# name 14 = sigma-t00: Density [sigma-t, Kg/m^3 ]
# name 15 = svCM: Sound Velocity [Chen-Millero, m/s]
# name 16 = avgsvCM: Average Sound Velocity [Chen-Millero, m/s], minP = 0, minS = 0
# name 17 = flag: flag
# span 0 =        470,      12906       
# span 1 =      2.000,    469.000       
# span 2 =     8.1037,    14.5733       
# span 3 =   3.448538,   3.797330       
# span 4 =     8.1042,    14.5740       
# span 5 =   3.488339,   3.799101       
# span 6 =       7.07,      97.17       
# span 7 =     1.1217,     2.0548       
# span 8 =     0.0345,     0.4478       
# span 9 =     0.4448,    74.1651       
# span 10 = 1.0000e-12, 5.0775e+01      
# span 11 =    2.22299,    4.80971      
# span 12 =    27.9619,    35.0589      
# span 13 =    28.2845,    35.0674      
# span 14 =    20.7041,    27.2900      
# span 15 =    1484.15,    1499.78      
# span 16 =    1487.40,    1498.77      
# span 17 = 0.0000e+00, 0.0000e+00      
# interval = decibars: 1                
# start_time = Sep 21 2015 06:30:17 [System UTC, first data scan.]
# bad_flag = -9.990e-29
*END*
        470      2.000    14.2949   3.469212    14.3123   3.488339      96.47     2.0543     0.4435    69.4430 5.0775e+01    4.78579    28.1253    28.2845    20.8235    1496.41    1496.41 0.0000e+00
        516      3.000    14.2888   3.465523    14.3809   3.521360      96.47     2.0491     0.4277    69.3457 3.6699e+01    4.78818    28.0962    28.5306    20.8024    1496.37    1496.40 0.0000e+00
        551      4.000    14.2630   3.448538    14.3696   3.510913      96.48     2.0521     0.4175    69.7652 2.7115e+01    4.80971    27.9619    28.4447    20.7041    1496.15    1496.33 0.0000e+00
        584      5.000    14.5733   3.638028    14.5740   3.641324      96.47     2.0519     0.4294    69.8397 2.0465e+01    4.73175    29.4345    29.4636    21.7752    1498.89    1496.85 0.0000e+00
        616      6.000    14.5620   3.672535    14.5631   3.672677      96.47     2.0548     0.4478    69.8383 1.5456e+01    4.74486    29.7530    29.7535    22.0227    1499.25    1497.24 0.0000e+00
        649      7.000    14.4595   3.695612    14.4656   3.694480      96.47     2.0526     0.4096    69.9857 1.1887e+01    4.69340    30.0397    30.0247    22.2646    1499.26    1497.53 0.0000e+00
        681      8.000    14.4013   3.708186    14.3995   3.709390      96.47     2.0431     0.3245    70.5449 9.3598e+00    4.66622    30.1982    30.2105    22.3987    1499.28    1497.75 0.0000e+00
        714      9.000    14.3998   3.718258    14.4047   3.718569      70.82     2.0301     0.2646    71.3024 7.5329e+00    4.58643    30.2902    30.2892    22.4698    1499.39    1497.93 0.0000e+00
        747     10.000    14.3604   3.722488    14.3680   3.722995      96.31     2.0132     0.2326    71.8282 6.1969e+00    4.55808    30.3590    30.3576    22.5310    1499.36    1498.08 0.0000e+00
        780     11.000    14.3511   3.721378    14.3504   3.721521      96.47     1.9992     0.2195    72.0799 5.1629e+00    4.51024    30.3558    30.3577    22.5304    1499.35    1498.19 0.0000e+00
        814     12.000    14.3346   3.727334    14.3376   3.727577      56.01     1.9874     0.2101    72.3321 4.3614e+00    4.52067    30.4224    30.4223    22.5852    1499.39    1498.29 0.0000e+00
        846     13.000    14.2869   3.729993    14.2890   3.730927      93.25     1.9909     0.1955    72.4153 3.6986e+00    4.54875    30.4838    30.4906    22.6422    1499.32    1498.37 0.0000e+00
        878     14.000    14.2405   3.727391    14.2460   3.728605      88.67     1.9862     0.1858    72.4275 3.1413e+00    4.51660    30.4963    30.5030    22.6613    1499.20    1498.43 0.0000e+00
        908     15.000    14.2257   3.731558    14.2208   3.731572      96.52     1.9854     0.1837    72.6558 2.6799e+00    4.54663    30.5455    30.5495    22.7023    1499.22    1498.48 0.0000e+00
        937     16.000    14.2055   3.732522    14.1983   3.732811      96.47     1.9879     0.1756    72.7633 2.2925e+00    4.54986    30.5699    30.5783    22.7252    1499.20    1498.53 0.0000e+00
        964     17.000    14.1643   3.732709    14.1703   3.733488      87.15     1.9902     0.1694    72.6993 1.9673e+00    4.56852    30.6039    30.6062    22.7598    1499.13    1498.56 0.0000e+00
        989     18.000    14.1254   3.732810    14.1279   3.733520      58.64     1.9904     0.1632    72.8902 1.6953e+00    4.54427    30.6353    30.6398    22.7920    1499.05    1498.59 0.0000e+00
       1015     19.000    14.0488   3.733127    14.0515   3.733781      94.45     1.9877     0.1532    72.9915 1.4674e+00    4.56306    30.6987    30.7026    22.8564    1498.89    1498.61 0.0000e+00
       1041     20.000    13.9921   3.733111    13.9921   3.733785      95.40     1.9897     0.1455    73.0474 1.2708e+00    4.54872    30.7434    30.7496    22.9024    1498.77    1498.61 0.0000e+00
       1067     21.000    14.0028   3.742215    14.0015   3.742646      96.46     1.9819     0.1359    73.1592 1.1092e+00    4.51466    30.8179    30.8228    22.9577    1498.91    1498.63 0.0000e+00
       1093     22.000    14.1020   3.766003    14.1011   3.766776      96.48     1.9796     0.1332    73.2191 9.7260e-01    4.50431    30.9557    30.9634    23.0438    1499.42    1498.66 0.0000e+00
       1120     23.000    14.0001   3.768776    14.0061   3.770050      84.46     1.9749     0.1234    73.1868 8.5581e-01    4.51319    31.0627    31.0695    23.1471    1499.22    1498.69 0.0000e+00
       1147     24.000    14.1219   3.792423    14.1218   3.793268      48.19     1.9789     0.1158    73.3150 7.5871e-01    4.52081    31.1805    31.1883    23.2132    1499.78    1498.73 0.0000e+00
       1175     25.000    14.0634   3.797330    14.0737   3.799101      88.03     1.9787     0.1077    73.3741 6.7439e-01    4.53097    31.2724    31.2803    23.2960    1499.71    1498.77 0.0000e+00
       1202     26.000    13.3056   3.723638    13.3312   3.725586      94.97     1.9861     0.1032    73.3540 6.0000e-01    4.63808    31.2088    31.2060    23.3987    1497.15    1498.71 0.0000e+00
       1229     27.000    12.8989   3.690495    12.9057   3.691150      96.46     1.9837     0.0980    73.4252 5.3201e-01    4.57277    31.2324    31.2330    23.4960    1495.83    1498.60 0.0000e+00
       1257     28.000    12.8573   3.698862    12.8633   3.699624      93.50     1.9611     0.0934    73.4297 4.7004e-01    4.48448    31.3452    31.3474    23.5913    1495.84    1498.50 0.0000e+00
       1284     29.000    12.6705   3.693583    12.6910   3.695494      87.24     1.9521     0.0846    73.4403 4.1533e-01    4.52817    31.4502    31.4512    23.7084    1495.35    1498.39 0.0000e+00
       1311     30.000    12.4782   3.682822    12.4728   3.682720      96.57     1.9452     0.0822    73.5886 3.6643e-01    4.51279    31.5084    31.5120    23.7900    1494.78    1498.27 0.0000e+00
       1338     31.000    12.3297   3.677781    12.3468   3.679453      96.47     1.9341     0.0779    73.7210 3.2375e-01    4.49415    31.5847    31.5863    23.8771    1494.38    1498.15 0.0000e+00
       1366     32.000    12.1174   3.664576    12.1171   3.665002      96.48     1.9306     0.0764    73.7435 2.8582e-01    4.51625    31.6371    31.6414    23.9573    1493.73    1498.01 0.0000e+00
       1393     33.000    12.0451   3.662537    12.0461   3.663084      51.74     1.9206     0.0783    73.8446 2.5187e-01    4.46678    31.6783    31.6828    24.0027    1493.55    1497.87 0.0000e+00
       1421     34.000    11.9917   3.663969    11.9939   3.664620      89.33     1.9151     0.0802    73.8626 2.2454e-01    4.51722    31.7371    31.7415    24.0581    1493.45    1497.74 0.0000e+00
       1449     35.000    11.9210   3.661975    11.9208   3.662462      92.15     1.9200     0.0790    73.8960 2.0055e-01    4.53571    31.7776    31.7825    24.1026    1493.27    1497.62 0.0000e+00
       1475     36.000    11.6921   3.646753    11.7088   3.648062      96.41     1.9185     0.0761    73.8836 1.7347e-01    4.54966    31.8256    31.8240    24.1817    1492.55    1497.47 0.0000e+00
       1502     37.000    11.3464   3.619240    11.3587   3.620014      96.48     1.9202     0.0747    73.9563 1.4945e-01    4.57256    31.8543    31.8513    24.2663    1491.40    1497.31 0.0000e+00
       1528     38.000    10.9518   3.598670    10.9529   3.598444      94.60     1.9128     0.0719    73.9310 1.3005e-01    4.53801    31.9938    31.9906    24.4443    1490.19    1497.12 0.0000e+00
       1554     39.000    10.6521   3.586382    10.6612   3.586932      67.83     1.9011     0.0646    74.0168 1.1033e-01    4.53066    32.1339    32.1314    24.6053    1489.32    1496.92 0.0000e+00
       1581     40.000    10.7179   3.612254    10.7145   3.612760      96.60     1.8971     0.0688    74.0039 9.3538e-02    4.55234    32.3330    32.3410    24.7490    1489.81    1496.74 0.0000e+00
       1608     41.000    10.5280   3.605665    10.5310   3.606114      96.48     1.8943     0.0667    74.0654 8.0094e-02    4.56148    32.4353    32.4371    24.8613    1489.27    1496.56 0.0000e+00
       1635     42.000    10.2060   3.593562    10.2052   3.593602      96.48     1.8954     0.0635    73.9883 6.8467e-02    4.59412    32.6013    32.6024    25.0454    1488.34    1496.36 0.0000e+00
       1662     43.000    10.0145   3.592782    10.0057   3.592703      96.47     1.8882     0.0649    74.0355 5.5519e-02    4.54726    32.7658    32.7730    25.2058    1487.86    1496.16 0.0000e+00
       1690     44.000     9.8448   3.589728     9.8596   3.591105      79.31     1.8829     0.0616    74.0090 4.6864e-02    4.56411    32.8887    32.8892    25.3298    1487.41    1495.96 0.0000e+00
       1718     45.000     9.8581   3.608538     9.8545   3.609256      69.40     1.8756     0.0591    74.0125 3.8737e-02    4.50847    33.0677    33.0783    25.4673    1487.70    1495.78 0.0000e+00
       1744     46.000     9.7967   3.611691     9.7994   3.612428      93.06     1.8692     0.0599    73.9602 2.9822e-02    4.52025    33.1558    33.1609    25.5463    1487.60    1495.60 0.0000e+00
       1768     47.000     9.7057   3.610542     9.7080   3.611373      96.06     1.8652     0.0580    73.9473 2.3544e-02    4.50531    33.2275    33.2339    25.6173    1487.37    1495.42 0.0000e+00
       1792     48.000     9.6407   3.609409     9.6429   3.610082      96.48     1.8605     0.0575    73.9186 1.8641e-02    4.49209    33.2756    33.2805    25.6655    1487.21    1495.25 0.0000e+00
       1816     49.000     9.5855   3.608984     9.5889   3.609802      96.48     1.8536     0.0605    73.8345 1.3357e-02    4.45783    33.3220    33.3272    25.7108    1487.08    1495.08 0.0000e+00
       1841     50.000     9.4327   3.599940     9.4469   3.601143      96.46     1.8470     0.0587    73.8987 7.9397e-03    4.47154    33.3706    33.3698    25.7736    1486.60    1494.91 0.0000e+00
       1865     51.000     9.3319   3.596646     9.3369   3.597413      96.48     1.8420     0.0606    73.8643 4.9954e-03    4.44284    33.4302    33.4335    25.8365    1486.32    1494.74 0.0000e+00
       1890     52.000     9.2725   3.596707     9.2746   3.597391      94.97     1.8330     0.0613    73.8698 1.5541e-03    4.42897    33.4860    33.4911    25.8897    1486.19    1494.58 0.0000e+00
       1916     53.000     9.2792   3.598531     9.2777   3.599134      87.06     1.8291     0.0583    73.8998 1.0061e-05    4.42696    33.4982    33.5058    25.8981    1486.24    1494.42 0.0000e+00
       1942     54.000     9.3852   3.615945     9.3828   3.616306      96.30     1.8236     0.0585    73.8857 5.3687e-08    4.40682    33.5784    33.5843    25.9438    1486.75    1494.28 0.0000e+00
       1968     55.000     9.3746   3.618782     9.3758   3.619630      96.48     1.8225     0.0579    73.8726 1.0000e-12    4.41272    33.6172    33.6248    25.9758    1486.77    1494.14 0.0000e+00
       1995     56.000     9.3476   3.618080     9.3495   3.618967      96.48     1.8188     0.0591    73.8084 1.0000e-12    4.38761    33.6348    33.6422    25.9940    1486.71    1494.01 0.0000e+00
       2020     57.000     9.2712   3.614722     9.2765   3.615663      30.95     1.8155     0.0586    73.8285 1.0000e-12    4.40590    33.6716    33.6763    26.0351    1486.49    1493.87 0.0000e+00
       2045     58.000     9.2125   3.612731     9.2176   3.613626      97.17     1.8158     0.0595    73.8325 1.0000e-12    4.41634    33.7059    33.7103    26.0713    1486.34    1493.74 0.0000e+00
       2071     59.000     9.0853   3.607874     9.0928   3.608829      79.95     1.8151     0.0616    73.8105 1.0000e-12    4.41419    33.7753    33.7781    26.1460    1485.97    1493.61 0.0000e+00
       2096     60.000     9.0390   3.606366     9.0428   3.607251      96.36     1.8106     0.0596    73.7909 1.0000e-12    4.38634    33.8031    33.8087    26.1750    1485.85    1493.48 0.0000e+00
       2122     61.000     8.9560   3.603441     8.9625   3.604390      96.48     1.8078     0.0571    73.8128 1.0000e-12    4.39987    33.8510    33.8548    26.2257    1485.62    1493.35 0.0000e+00
       2148     62.000     8.8917   3.601766     8.8990   3.602627      96.48     1.8044     0.0558    73.7916 1.0000e-12    4.37153    33.8944    33.8964    26.2698    1485.45    1493.22 0.0000e+00
       2174     63.000     8.8434   3.601251     8.8446   3.602031      44.56     1.7986     0.0540    73.8089 1.0000e-12    4.36861    33.9347    33.9417    26.3090    1485.34    1493.10 0.0000e+00
       2199     64.000     8.8212   3.600655     8.8225   3.601475      86.71     1.7956     0.0549    73.8028 1.0000e-12    4.35121    33.9492    33.9566    26.3238    1485.29    1492.98 0.0000e+00
       2225     65.000     8.7483   3.600117     8.7579   3.600954      87.11     1.7894     0.0546    73.6957 1.0000e-12    4.33994    34.0130    34.0126    26.3852    1485.12    1492.85 0.0000e+00
       2251     66.000     8.6450   3.599742     8.6474   3.600519      96.49     1.7855     0.0564    73.7640 1.0000e-12    4.32378    34.1080    34.1139    26.4757    1484.86    1492.73 0.0000e+00
       2276     67.000     8.6078   3.600203     8.6119   3.600970      96.48     1.7788     0.0547    73.8001 1.0000e-12    4.30962    34.1483    34.1525    26.5131    1484.79    1492.61 0.0000e+00
       2301     68.000     8.5541   3.600401     8.5567   3.601188      96.48     1.7733     0.0518    73.8313 1.0000e-12    4.27999    34.2019    34.2077    26.5634    1484.68    1492.50 0.0000e+00
       2326     69.000     8.5042   3.599293     8.5088   3.600032      72.44     1.7658     0.0528    73.7712 1.0000e-12    4.26317    34.2381    34.2415    26.5995    1484.55    1492.38 0.0000e+00
       2351     70.000     8.4367   3.600538     8.4414   3.601343      67.97     1.7597     0.0524    73.8272 1.0000e-12    4.24253    34.3165    34.3204    26.6713    1484.41    1492.27 0.0000e+00
       2375     71.000     8.4059   3.600735     8.4072   3.601532      96.17     1.7511     0.0478    73.8396 1.0000e-12    4.20137    34.3481    34.3553    26.7008    1484.35    1492.15 0.0000e+00
       2400     72.000     8.3851   3.601177     8.3873   3.601960      96.48     1.7424     0.0465    73.8625 1.0000e-12    4.18615    34.3726    34.3788    26.7233    1484.32    1492.04 0.0000e+00
       2425     73.000     8.3530   3.603834     8.3558   3.604517      96.48     1.7351     0.0457    73.8562 1.0000e-12    4.15957    34.4317    34.4363    26.7746    1484.29    1491.94 0.0000e+00
       2450     74.000     8.3122   3.605608     8.3155   3.606381      96.49     1.7280     0.0477    73.8511 1.0000e-12    4.14859    34.4901    34.4951    26.8266    1484.23    1491.83 0.0000e+00
       2475     75.000     8.2955   3.606156     8.2966   3.606947      96.47     1.7208     0.0447    73.8872 1.0000e-12    4.11591    34.5119    34.5192    26.8462    1484.21    1491.73 0.0000e+00
       2500     76.000     8.2855   3.606491     8.2869   3.607288      77.15     1.7131     0.0420    73.8883 1.0000e-12    4.09821    34.5248    34.5319    26.8578    1484.20    1491.63 0.0000e+00
       2525     77.000     8.2622   3.607350     8.2642   3.608145      96.19     1.7066     0.0410    73.8986 1.0000e-12    4.08030    34.5563    34.5629    26.8862    1484.17    1491.53 0.0000e+00
       2549     78.000     8.2409   3.608680     8.2423   3.609499      96.48     1.7010     0.0430    73.8733 1.0000e-12    4.08495    34.5910    34.5984    26.9166    1484.15    1491.44 0.0000e+00
       2575     79.000     8.2353   3.609989     8.2358   3.610800      96.48     1.6977     0.0411    73.8425 1.0000e-12    4.06160    34.6100    34.6182    26.9324    1484.17    1491.35 0.0000e+00
       2600     80.000     8.2326   3.610756     8.2332   3.611555      96.48     1.6913     0.0424    73.8139 1.0000e-12    4.04585    34.6204    34.6283    26.9409    1484.19    1491.26 0.0000e+00
       2625     81.000     8.2411   3.612507     8.2404   3.613255      96.48     1.6882     0.0449    73.7661 1.0000e-12    4.04063    34.6302    34.6389    26.9473    1484.25    1491.17 0.0000e+00
