_data/ctd/2015/Sta690_2015.cnv
* Sea-Bird SBE 9 Data File:
* FileName = C:\Seabird\CTDDATA\sta690.hex
* Software Version Seasave V 7.21f
* Temperature SN = 5127
* Conductivity SN = 3771
* Number of Bytes Per Scan = 41
* Number of Voltage Words = 4
* Number of Scans Averaged by the Deck Unit = 1
* NMEA Latitude = 60 52.15 N
* NMEA Longitude = 005 21.98 E
* NMEA UTC (Time) = Sep 21 2015 06:30:15
** Ship: 01 F/F "Håkon Mosby"
** Station: 06890
** Echodepth: 472
** Log: 3699.15
** Wind-Dir Force: 08 04
** Air-temp (dry): 7.8
** Weather Sky: 2 3
** Sea Ice: 1 0
** UNIS station:
# nquan = 18                                
# nvalues = 468                         
# units = specified
# name 0 = scan: Scan Count
# name 1 = prDM: Pressure, Digiquartz [db]
# name 2 = t068C: Temperature [ITS-68, deg C]
# name 3 = c0S/m: Conductivity [S/m]
# name 4 = t168C: Temperature, 2 [ITS-68, deg C]
# name 5 = c1S/m: Conductivity, 2 [S/m]
# name 6 = altM: Altimeter [m]
# name 7 = sbeox0V: Oxygen raw, SBE 43 [V]
# name 8 = flC: Fluorescence, Chelsea Aqua 3 Chl Con [ug/l]
# name 9 = xmiss: Beam Transmission, Chelsea/Seatech [%]
# name 10 = par: PAR/Irradiance, Biospherical/Licor
# name 11 = sbeox0ML/L: Oxygen, SBE 43 [ml/l], WS = 2
# name 12 = sal00: Salinity, Practical [PSU]
# name 13 = sal11: Salinity, Practical, 2 [PSU]
# name 14 = sigma-t00: Density [sigma-t, Kg/m^3 ]
# name 15 = svCM: Sound Velocity [Chen-Millero, m/s]
# name 16 = avgsvCM: Average Sound Velocity [Chen-Millero, m/s], minP = 0, minS = 0
# name 17 = flag: flag
# span 0 =        470,      12906       
# span 1 =      2.000,    469.000       
# span 2 =     8.1037,    14.5733       
# span 3 =   3.448538,   3.797330       
# span 4 =     8.1042,    14.5740       
# span 5 =   3.488339,   3.799101       
# span 6 =       7.07,      97.17       
# span 7 =     1.1217,     2.0548       
# span 8 =     0.0345,     0.4478       
# span 9 =     0.4448,    74.1651       
# span 10 = 1.0000e-12, 5.0775e+01      
# span 11 =    2.22299,    4.80971      
# span 12 =    27.9619,    35.0589      
# span 13 =    28.2845,    35.0674      
# span 14 =    20.7041,    27.2900      
# span 15 =    1484.15,    1499.78      
# span 16 =    1487.40,    1498.77      
# span 17 = 0.0000e+00, 0.0000e+00      
# interval = decibars: 1                
# start_time = Sep 21 2015 06:30:17 [System UTC, first data scan.]
# bad_flag = -9.990e-29
*END*
[from data line 242]
       6708    244.000     8.1289   3.642796     8.1295   3.643591      53.45     1.3037     0.0412    73.8533 1.0000e-12    2.80158    34.9865    34.9944    27.2441    1486.95    1487.42 0.0000e+00
       6732    245.000     8.1286   3.642854     8.1291   3.643640      96.03     1.3031     0.0415    73.8667 1.0000e-12    2.80831    34.9869    34.9948    27.2445    1486.96    1487.42 0.0000e+00
       6757    246.000     8.1283   3.642896     8.1288   3.643695      82.32     1.3031     0.0401    73.8744 1.0000e-12    2.81089    34.9872    34.9953    27.2448    1486.98    1487.42 0.0000e+00
       6781    247.000     8.1276   3.642943     8.1281   3.643737      96.61     1.3034     0.0412    73.8558 1.0000e-12    2.81740    34.9879    34.9959    27.2454    1486.99    1487.42 0.0000e+00
       6805    248.000     8.1274   3.643035     8.1278   3.643825      96.48     1.3043     0.0406    73.8751 1.0000e-12    2.81777    34.9886    34.9967    27.2460    1487.01    1487.42 0.0000e+00
       6830    249.000     8.1274   3.643137     8.1279   3.643931      96.49     1.3043     0.0400    73.8894 1.0000e-12    2.80847    34.9892    34.9972    27.2465    1487.03    1487.42 0.0000e+00
       6854    250.000     8.1275   3.643219     8.1280   3.644007      71.85     1.3031     0.0406    73.8796 1.0000e-12    2.80820    34.9895    34.9975    27.2467    1487.05    1487.41 0.0000e+00
       6878    251.000     8.1276   3.643297     8.1281   3.644085      67.87     1.3032     0.0410    73.8928 1.0000e-12    2.80749    34.9898    34.9977    27.2469    1487.06    1487.41 0.0000e+00
       6902    252.000     8.1277   3.643356     8.1283   3.644153      87.39     1.3023     0.0393    73.9276 1.0000e-12    2.80558    34.9898    34.9978    27.2469    1487.08    1487.41 0.0000e+00
       6926    253.000     8.1279   3.643504     8.1283   3.644293      92.86     1.3027     0.0394    73.8954 1.0000e-12    2.81179    34.9907    34.9988    27.2476    1487.10    1487.41 0.0000e+00
       6950    254.000     8.1281   3.643629     8.1285   3.644426      96.55     1.3022     0.0398    73.9410 1.0000e-12    2.80200    34.9914    34.9995    27.2481    1487.12    1487.41 0.0000e+00
       6974    255.000     8.1281   3.643707     8.1287   3.644509      96.48     1.3010     0.0426    73.9360 1.0000e-12    2.80218    34.9917    34.9997    27.2484    1487.13    1487.41 0.0000e+00
       6998    256.000     8.1281   3.643816     8.1286   3.644590      96.48     1.3015     0.0429    73.9278 1.0000e-12    2.80699    34.9924    35.0002    27.2489    1487.15    1487.41 0.0000e+00
       7021    257.000     8.1288   3.644086     8.1293   3.644868      96.48     1.3010     0.0409    73.9336 1.0000e-12    2.79987    34.9941    35.0020    27.2501    1487.17    1487.41 0.0000e+00
       7045    258.000     8.1291   3.644236     8.1297   3.645021      96.48     1.3002     0.0395    73.9412 1.0000e-12    2.79856    34.9950    35.0028    27.2507    1487.19    1487.41 0.0000e+00
       7069    259.000     8.1299   3.644418     8.1304   3.645218      60.47     1.2998     0.0364    73.9487 1.0000e-12    2.80139    34.9956    35.0037    27.2511    1487.21    1487.40 0.0000e+00
       7094    260.000     8.1313   3.644767     8.1317   3.645547      96.55     1.2998     0.0387    73.9260 1.0000e-12    2.80546    34.9975    35.0054    27.2524    1487.23    1487.40 0.0000e+00
       7118    261.000     8.1326   3.645064     8.1331   3.645848      96.48     1.3002     0.0393    73.9456 1.0000e-12    2.80400    34.9989    35.0068    27.2533    1487.26    1487.40 0.0000e+00
       7142    262.000     8.1336   3.645318     8.1341   3.646097      96.48     1.3000     0.0385    73.9143 1.0000e-12    2.79882    35.0001    35.0080    27.2541    1487.28    1487.40 0.0000e+00
       7166    263.000     8.1346   3.645580     8.1351   3.646366      96.47     1.2987     0.0388    73.8939 1.0000e-12    2.77972    35.0015    35.0094    27.2550    1487.30    1487.40 0.0000e+00
       7191    264.000     8.1351   3.645802     8.1356   3.646585      96.48     1.2955     0.0387    73.8991 1.0000e-12    2.76681    35.0029    35.0107    27.2560    1487.32    1487.40 0.0000e+00
       7215    265.000     8.1366   3.646151     8.1370   3.646933      84.63     1.2939     0.0365    73.8483 1.0000e-12    2.76601    35.0046    35.0126    27.2572    1487.35    1487.40 0.0000e+00
       7239    266.000     8.1363   3.646224     8.1368   3.647017      83.67     1.2911     0.0381    73.8278 1.0000e-12    2.75138    35.0052    35.0132    27.2577    1487.36    1487.40 0.0000e+00
       7263    267.000     8.1369   3.646406     8.1373   3.647192      96.72     1.2889     0.0415    73.8037 1.0000e-12    2.74434    35.0061    35.0141    27.2583    1487.38    1487.40 0.0000e+00
       7287    268.000     8.1386   3.646714     8.1391   3.647508      96.48     1.2861     0.0406    73.7702 1.0000e-12    2.74082    35.0072    35.0152    27.2589    1487.41    1487.40 0.0000e+00
       7312    269.000     8.1387   3.646873     8.1392   3.647660      96.48     1.2852     0.0361    73.7827 1.0000e-12    2.74961    35.0083    35.0162    27.2598    1487.42    1487.40 0.0000e+00
       7336    270.000     8.1405   3.647277     8.1409   3.648053      96.48     1.2846     0.0345    73.7618 1.0000e-12    2.74347    35.0104    35.0183    27.2611    1487.45    1487.40 0.0000e+00
       7361    271.000     8.1417   3.647592     8.1422   3.648371      95.90     1.2835     0.0373    73.7404 1.0000e-12    2.73820    35.0121    35.0199    27.2622    1487.47    1487.40 0.0000e+00
       7385    272.000     8.1422   3.647754     8.1427   3.648534      96.48     1.2818     0.0390    73.7652 1.0000e-12    2.72451    35.0128    35.0206    27.2628    1487.49    1487.40 0.0000e+00
       7410    273.000     8.1436   3.648107     8.1441   3.648872      96.49     1.2797     0.0395    73.7620 1.0000e-12    2.71927    35.0147    35.0224    27.2640    1487.52    1487.40 0.0000e+00
       7434    274.000     8.1454   3.648511     8.1460   3.649305      96.48     1.2775     0.0405    73.7588 1.0000e-12    2.70698    35.0168    35.0246    27.2654    1487.54    1487.40 0.0000e+00
       7458    275.000     8.1468   3.648838     8.1473   3.649621      96.48     1.2749     0.0432    73.7785 1.0000e-12    2.69442    35.0184    35.0262    27.2664    1487.57    1487.40 0.0000e+00
       7483    276.000     8.1486   3.649251     8.1490   3.650030      96.40     1.2719     0.0426    73.7739 1.0000e-12    2.68886    35.0205    35.0284    27.2678    1487.59    1487.40 0.0000e+00
       7507    277.000     8.1517   3.649956     8.1521   3.650760      96.35     1.2700     0.0416    73.7826 1.0000e-12    2.68711    35.0245    35.0327    27.2705    1487.62    1487.41 0.0000e+00
       7531    278.000     8.1529   3.650258     8.1534   3.651053      96.48     1.2684     0.0406    73.7697 1.0000e-12    2.68032    35.0260    35.0340    27.2715    1487.65    1487.41 0.0000e+00
       7556    279.000     8.1539   3.650494     8.1544   3.651285      96.48     1.2661     0.0383    73.7468 1.0000e-12    2.65999    35.0271    35.0350    27.2722    1487.67    1487.41 0.0000e+00
       7580    280.000     8.1550   3.650754     8.1554   3.651524      96.49     1.2621     0.0349    73.7601 1.0000e-12    2.64832    35.0283    35.0361    27.2730    1487.69    1487.41 0.0000e+00
       7605    281.000     8.1560   3.651007     8.1565   3.651782      64.71     1.2593     0.0358    73.7392 1.0000e-12    2.64102    35.0295    35.0373    27.2738    1487.71    1487.41 0.0000e+00
       7629    282.000     8.1570   3.651240     8.1574   3.652022      91.70     1.2567     0.0385    73.7123 1.0000e-12    2.63782    35.0305    35.0385    27.2744    1487.73    1487.41 0.0000e+00
       7653    283.000     8.1578   3.651414     8.1581   3.652204      96.40     1.2546     0.0392    73.6932 1.0000e-12    2.62508    35.0311    35.0392    27.2748    1487.75    1487.41 0.0000e+00
       7677    284.000     8.1583   3.651592     8.1589   3.652381      96.48     1.2513     0.0401    73.6972 1.0000e-12    2.60872    35.0320    35.0399    27.2754    1487.77    1487.41 0.0000e+00
       7702    285.000     8.1587   3.651714     8.1592   3.652498      96.48     1.2476     0.0392    73.6885 1.0000e-12    2.60049    35.0325    35.0403    27.2757    1487.79    1487.41 0.0000e+00
       7726    286.000     8.1601   3.652006     8.1606   3.652797      96.48     1.2455     0.0397    73.6935 1.0000e-12    2.59962    35.0337    35.0417    27.2764    1487.82    1487.42 0.0000e+00
       7750    287.000     8.1606   3.652128     8.1611   3.652924      89.59     1.2429     0.0401    73.6822 1.0000e-12    2.59020    35.0340    35.0420    27.2766    1487.83    1487.42 0.0000e+00
       7775    288.000     8.1608   3.652218     8.1612   3.652995      50.58     1.2414     0.0396    73.6756 1.0000e-12    2.58931    35.0343    35.0422    27.2768    1487.85    1487.42 0.0000e+00
       7799    289.000     8.1614   3.652370     8.1620   3.653165      91.25     1.2391     0.0388    73.6842 1.0000e-12    2.57533    35.0349    35.0428    27.2772    1487.87    1487.42 0.0000e+00
       7824    290.000     8.1622   3.652559     8.1627   3.653354      88.69     1.2365     0.0386    73.6767 1.0000e-12    2.57447    35.0356    35.0436    27.2776    1487.89    1487.42 0.0000e+00
       7848    291.000     8.1636   3.652912     8.1640   3.653696      96.61     1.2357     0.0411    73.6653 1.0000e-12    2.57397    35.0375    35.0455    27.2789    1487.92    1487.42 0.0000e+00
       7873    292.000     8.1645   3.653138     8.1651   3.653930      96.48     1.2337     0.0410    73.6571 1.0000e-12    2.56121    35.0385    35.0464    27.2796    1487.94    1487.43 0.0000e+00
       7898    293.000     8.1649   3.653236     8.1654   3.654034      96.48     1.2321     0.0396    73.6677 1.0000e-12    2.56314    35.0387    35.0467    27.2796    1487.96    1487.43 0.0000e+00
       7923    294.000     8.1656   3.653392     8.1661   3.654198      56.28     1.2307     0.0425    73.6997 1.0000e-12    2.56091    35.0392    35.0473    27.2799    1487.97    1487.43 0.0000e+00
       7947    295.000     8.1664   3.653604     8.1669   3.654385      95.97     1.2305     0.0391    73.7015 1.0000e-12    2.56338    35.0402    35.0480    27.2806    1488.00    1487.43 0.0000e+00
       7972    296.000     8.1671   3.653779     8.1676   3.654560      90.01     1.2296     0.0409    73.6934 1.0000e-12    2.55291    35.0409    35.0487    27.2810    1488.02    1487.43 0.0000e+00
       7997    297.000     8.1680   3.653999     8.1685   3.654780      96.43     1.2275     0.0438    73.6894 1.0000e-12    2.53710    35.0418    35.0497    27.2816    1488.04    1487.44 0.0000e+00
       8022    298.000     8.1687   3.654184     8.1692   3.654959      96.48     1.2251     0.0448    73.6767 1.0000e-12    2.53684    35.0426    35.0504    27.2822    1488.06    1487.44 0.0000e+00
       8046    299.000     8.1695   3.654381     8.1701   3.655173      96.48     1.2239     0.0422    73.6728 1.0000e-12    2.53282    35.0435    35.0513    27.2827    1488.08    1487.44 0.0000e+00
       8071    300.000     8.1713   3.654754     8.1718   3.655538      85.23     1.2222     0.0437    73.6335 1.0000e-12    2.52737    35.0452    35.0531    27.2838    1488.10    1487.44 0.0000e+00
       8096    301.000     8.1724   3.654987     8.1729   3.655781      75.39     1.2208     0.0440    73.6282 1.0000e-12    2.52201    35.0461    35.0541    27.2843    1488.12    1487.44 0.0000e+00
       8121    302.000     8.1731   3.655161     8.1735   3.655953      96.61     1.2188     0.0439    73.6345 1.0000e-12    2.50783    35.0468    35.0548    27.2847    1488.14    1487.45 0.0000e+00
       8146    303.000     8.1736   3.655307     8.1741   3.656095      96.47     1.2160     0.0430    73.5934 1.0000e-12    2.49511    35.0474    35.0553    27.2851    1488.16    1487.45 0.0000e+00
       8172    304.000     8.1739   3.655401     8.1744   3.656197      96.48     1.2129     0.0420    73.5694 1.0000e-12    2.48528    35.0476    35.0556    27.2853    1488.18    1487.45 0.0000e+00
       8197    305.000     8.1744   3.655526     8.1748   3.656318      96.48     1.2105     0.0412    73.5159 1.0000e-12    2.47647    35.0479    35.0560    27.2855    1488.20    1487.45 0.0000e+00
       8222    306.000     8.1747   3.655646     8.1752   3.656426      96.31     1.2074     0.0436    73.5058 1.0000e-12    2.46855    35.0484    35.0563    27.2858    1488.22    1487.46 0.0000e+00
       8248    307.000     8.1750   3.655720     8.1754   3.656515      49.29     1.2050     0.0434    73.5081 1.0000e-12    2.46082    35.0485    35.0566    27.2858    1488.24    1487.46 0.0000e+00
       8274    308.000     8.1752   3.655808     8.1757   3.656598      96.67     1.2025     0.0407    73.5078 1.0000e-12    2.45847    35.0487    35.0567    27.2859    1488.25    1487.46 0.0000e+00
       8299    309.000     8.1756   3.655898     8.1760   3.656691      96.48     1.2013     0.0438    73.5101 1.0000e-12    2.45713    35.0488    35.0569    27.2859    1488.27    1487.46 0.0000e+00
       8325    310.000     8.1760   3.656011     8.1765   3.656813      96.48     1.2000     0.0417    73.5257 1.0000e-12    2.46267    35.0491    35.0572    27.2861    1488.29    1487.47 0.0000e+00
       8351    311.000     8.1763   3.656107     8.1767   3.656899      96.48     1.2001     0.0427    73.5087 1.0000e-12    2.45954    35.0494    35.0574    27.2863    1488.31    1487.47 0.0000e+00
       8376    312.000     8.1765   3.656198     8.1770   3.656991      96.48     1.1987     0.0433    73.4889 1.0000e-12    2.44647    35.0497    35.0576    27.2865    1488.33    1487.47 0.0000e+00
       8403    313.000     8.1768   3.656273     8.1773   3.657067      68.45     1.1966     0.0441    73.5010 1.0000e-12    2.44075    35.0497    35.0577    27.2865    1488.34    1487.47 0.0000e+00
       8429    314.000     8.1770   3.656352     8.1775   3.657156      96.26     1.1955     0.0426    73.5027 1.0000e-12    2.44068    35.0499    35.0580    27.2866    1488.36    1487.48 0.0000e+00
       8455    315.000     8.1778   3.656525     8.1782   3.657324      96.48     1.1947     0.0416    73.4742 1.0000e-12    2.44496    35.0504    35.0586    27.2869    1488.38    1487.48 0.0000e+00
       8481    316.000     8.1784   3.656663     8.1788   3.657454      96.48     1.1942     0.0444    73.4035 1.0000e-12    2.43568    35.0508    35.0589    27.2871    1488.40    1487.48 0.0000e+00
       8508    317.000     8.1786   3.656751     8.1790   3.657542      96.47     1.1923     0.0423    73.4115 1.0000e-12    2.42309    35.0511    35.0591    27.2873    1488.42    1487.49 0.0000e+00
       8534    318.000     8.1787   3.656814     8.1792   3.657618      96.48     1.1899     0.0416    73.3513 1.0000e-12    2.41081    35.0512    35.0593    27.2873    1488.43    1487.49 0.0000e+00
       8560    319.000     8.1791   3.656917     8.1795   3.657708      51.56     1.1878     0.0434    73.3287 1.0000e-12    2.40997    35.0514    35.0595    27.2875    1488.45    1487.49 0.0000e+00
       8585    320.000     8.1795   3.657038     8.1799   3.657829      95.79     1.1859     0.0458    73.3066 1.0000e-12    2.40489    35.0518    35.0599    27.2877    1488.47    1487.50 0.0000e+00
       8611    321.000     8.1798   3.657107     8.1802   3.657896      88.82     1.1847     0.0459    73.2514 1.0000e-12    2.40418    35.0518    35.0598    27.2876    1488.49    1487.50 0.0000e+00
       8637    322.000     8.1801   3.657194     8.1806   3.657994      96.50     1.1832     0.0478    73.2497 1.0000e-12    2.39479    35.0519    35.0600    27.2877    1488.51    1487.50 0.0000e+00
