_data/ctd/2015/Sta690_2015.cnv
* Sea-Bird SBE 9 Data File:
* FileName = C:\Seabird\CTDDATA\sta690.hex
* Software Version Seasave V 7.21f
* Temperature SN = 5127
* Conductivity SN = 3771
* Number of Bytes Per Scan = 41
* Number of Voltage Words = 4
* Number of Scans Averaged by the Deck Unit = 1
* NMEA Latitude = 60 52.15 N
* NMEA Longitude = 005 21.98 E
* NMEA UTC (Time) = Sep 21 2015 06:30:15
** Ship: 01 F/F "Håkon Mosby"
** Station: 06890
** Echodepth: 472
** Log: 3699.15
** Wind-Dir Force: 08 04
** Air-temp (dry): 7.8
** Weather Sky: 2 3
** Sea Ice: 1 0
** UNIS station:
# nquan = 18                                
# nvalues = 468                         
# units = specified
# name 0 = scan: Scan Count
# name 1 = prDM: Pressure, Digiquartz [db]
# name 2 = t068C: Temperature [ITS-68, deg C]
# name 3 = c0S/m: Conductivity [S/m]
# name 4 = t168C: Temperature, 2 [ITS-68, deg C]
# name 5 = c1S/m: Conductivity, 2 [S/m]
# name 6 = altM: Altimeter [m]
# name 7 = sbeox0V: Oxygen raw, SBE 43 [V]
# name 8 = flC: Fluorescence, Chelsea Aqua 3 Chl Con [ug/l]
# name 9 = xmiss: Beam Transmission, Chelsea/Seatech [%]
# name 10 = par: PAR/Irradiance, Biospherical/Licor
# name 11 = sbeox0ML/L: Oxygen, SBE 43 [ml/l], WS = 2
# name 12 = sal00: Salinity, Practical [PSU]
# name 13 = sal11: Salinity, Practical, 2 [PSU]
# name 14 = sigma-t00: Density [sigma-t, Kg/m^3 ]
# name 15 = svCM: Sound Velocity [Chen-Millero, m/s]
# name 16 = avgsvCM: Average Sound Velocity [Chen-Millero, m/s], minP = 0, minS = 0
# name 17 = flag: flag
# span 0 =        470,      12906       
# span 1 =      2.000,    469.000       
# span 2 =     8.1037,    14.5733       
# span 3 =   3.448538,   3.797330       
# span 4 =     8.1042,    14.5740       
# span 5 =   3.488339,   3.799101       
# span 6 =       7.07,      97.17       
# span 7 =     1.1217,     2.0548       
# span 8 =     0.0345,     0.4478       
# span 9 =     0.4448,    74.1651       
# span 10 = 1.0000e-12, 5.0775e+01      
# span 11 =    2.22299,    4.80971      
# span 12 =    27.9619,    35.0589      
# span 13 =    28.2845,    35.0674      
# span 14 =    20.7041,    27.2900      
# span 15 =    1484.15,    1499.78      
# span 16 =    1487.40,    1498.77      
# span 17 = 0.0000e+00, 0.0000e+00      
# interval = decibars: 1                
# start_time = Sep 21 2015 06:30:17 [System UTC, first data scan.]
# bad_flag = -9.990e-29
*END*
[from data line 403]
      10716    405.000     8.1938   3.662683     8.1943   3.663476      96.48     1.1407     0.0450     0.4526 1.0000e-12    2.26782    35.0573    35.0652    27.2898    1489.93    1487.86 0.0000e+00
      10740    406.000     8.1940   3.662748     8.1946   3.663547      96.48     1.1390     0.0446     0.4647 1.0000e-12    2.26998    35.0573    35.0652    27.2898    1489.95    1487.86 0.0000e+00
      10765    407.000     8.1942   3.662811     8.1947   3.663613      96.48     1.1392     0.0460     0.9395 1.0000e-12    2.28262    35.0573    35.0654    27.2898    1489.97    1487.87 0.0000e+00
      10790    408.000     8.1943   3.662862     8.1948   3.663664      96.47     1.1404     0.0440     1.0654 1.0000e-12    2.29504    35.0573    35.0653    27.2897    1489.98    1487.87 0.0000e+00
      10815    409.000     8.1944   3.662930     8.1947   3.663696      96.47     1.1417     0.0457     0.7700 1.0000e-12    2.28804    35.0574    35.0653    27.2898    1490.00    1487.88 0.0000e+00
      10840    410.000     8.1944   3.662973     8.1949   3.663764      96.48     1.1408     0.0458     0.6788 1.0000e-12    2.27863    35.0574    35.0653    27.2898    1490.02    1487.88 0.0000e+00
      10865    411.000     8.1946   3.663034     8.1951   3.663836      96.47     1.1412     0.0448     0.4746 1.0000e-12    2.29492    35.0574    35.0654    27.2898    1490.03    1487.89 0.0000e+00
      10890    412.000     8.1947   3.663090     8.1953   3.663896      96.48     1.1423     0.0458     0.5040 1.0000e-12    2.29410    35.0574    35.0654    27.2898    1490.05    1487.89 0.0000e+00
      10915    413.000     8.1948   3.663152     8.1954   3.663951      96.47     1.1422     0.0421     0.4623 1.0000e-12    2.28973    35.0575    35.0654    27.2898    1490.07    1487.90 0.0000e+00
      10940    414.000     8.1950   3.663207     8.1955   3.664001      96.48     1.1425     0.0425     0.6339 1.0000e-12    2.28930    35.0574    35.0654    27.2897    1490.09    1487.90 0.0000e+00
      10966    415.000     8.1950   3.663259     8.1956   3.664065      96.47     1.1417     0.0421    69.0178 1.0000e-12    2.28399    35.0575    35.0655    27.2898    1490.10    1487.91 0.0000e+00
      10991    416.000     8.1951   3.663322     8.1956   3.664116      96.48     1.1413     0.0435    72.3779 1.0000e-12    2.28164    35.0576    35.0655    27.2899    1490.12    1487.91 0.0000e+00
      11017    417.000     8.1952   3.663377     8.1957   3.664173      96.48     1.1407     0.0449    72.3847 1.0000e-12    2.28947    35.0576    35.0656    27.2899    1490.14    1487.92 0.0000e+00
      11042    418.000     8.1954   3.663432     8.1958   3.664226      96.48     1.1417     0.0407    69.4619 1.0000e-12    2.29861    35.0575    35.0656    27.2898    1490.15    1487.92 0.0000e+00
      11068    419.000     8.1954   3.663489     8.1960   3.664289      96.48     1.1429     0.0417    67.7618 1.0000e-12    2.30048    35.0576    35.0656    27.2899    1490.17    1487.93 0.0000e+00
      11093    420.000     8.1955   3.663545     8.1960   3.664341      96.47     1.1436     0.0428    30.2305 1.0000e-12    2.30939    35.0577    35.0656    27.2899    1490.19    1487.93 0.0000e+00
      11119    421.000     8.1956   3.663600     8.1962   3.664390      96.47     1.1454     0.0410    37.2254 1.0000e-12    2.31430    35.0577    35.0655    27.2899    1490.20    1487.94 0.0000e+00
      11144    422.000     8.1957   3.663660     8.1963   3.664452      96.48     1.1464     0.0435    42.1925 1.0000e-12    2.31276    35.0577    35.0656    27.2899    1490.22    1487.95 0.0000e+00
      11169    423.000     8.1958   3.663712     8.1963   3.664502      96.47     1.1468     0.0472    20.5466 1.0000e-12    2.31601    35.0577    35.0656    27.2899    1490.24    1487.95 0.0000e+00
      11195    424.000     8.1960   3.663767     8.1965   3.664565      96.47     1.1475     0.0476     6.1162 1.0000e-12    2.31714    35.0576    35.0656    27.2898    1490.25    1487.96 0.0000e+00
      11220    425.000     8.1961   3.663828     8.1966   3.664625      96.47     1.1483     0.0445     0.6515 1.0000e-12    2.32285    35.0577    35.0657    27.2898    1490.27    1487.96 0.0000e+00
      11246    426.000     8.1963   3.663887     8.1968   3.664693      96.47     1.1492     0.0442     5.5492 1.0000e-12    2.32326    35.0577    35.0658    27.2897    1490.29    1487.97 0.0000e+00
      11272    427.000     8.1964   3.663948     8.1969   3.664743      96.47     1.1497     0.0443     0.7117 1.0000e-12    2.33080    35.0577    35.0657    27.2898    1490.31    1487.97 0.0000e+00
      11298    428.000     8.1965   3.664019     8.1971   3.664807      96.48     1.1512     0.0420     6.6518 1.0000e-12    2.33064    35.0579    35.0657    27.2899    1490.32    1487.98 0.0000e+00
      11323    429.000     8.1966   3.664063     8.1972   3.664870      96.47     1.1508     0.0409     2.0907 1.0000e-12    2.32308    35.0578    35.0658    27.2898    1490.34    1487.98 0.0000e+00
      11349    430.000     8.1968   3.664123     8.1973   3.664927      96.47     1.1511     0.0415     0.6523 1.0000e-12    2.32787    35.0578    35.0659    27.2898    1490.36    1487.99 0.0000e+00
      11374    431.000     8.1969   3.664178     8.1974   3.664979      96.47     1.1504     0.0449    15.9941 1.0000e-12    2.31836    35.0578    35.0658    27.2898    1490.37    1487.99 0.0000e+00
      11400    432.000     8.1970   3.664241     8.1976   3.665037      96.47     1.1505     0.0444    60.2941 1.0000e-12    2.32627    35.0579    35.0658    27.2898    1490.39    1488.00 0.0000e+00
      11426    433.000     8.1971   3.664294     8.1976   3.665095      96.47     1.1505     0.0435    23.3452 1.0000e-12    2.32152    35.0579    35.0659    27.2898    1490.41    1488.01 0.0000e+00
      11452    434.000     8.1972   3.664349     8.1977   3.665143      96.47     1.1494     0.0429    66.6938 1.0000e-12    2.31640    35.0579    35.0659    27.2898    1490.42    1488.01 0.0000e+00
      11479    435.000     8.1973   3.664401     8.1979   3.665204      96.47     1.1494     0.0425    72.5495 1.0000e-12    2.32134    35.0579    35.0658    27.2898    1490.44    1488.02 0.0000e+00
      11505    436.000     8.1975   3.664471     8.1980   3.665265      96.47     1.1491     0.0439    72.5355 1.0000e-12    2.31982    35.0579    35.0659    27.2898    1490.46    1488.02 0.0000e+00
      11531    437.000     8.1978   3.664541     8.1983   3.665350      96.47     1.1492     0.0450    72.5047 1.0000e-12    2.32499    35.0579    35.0660    27.2897    1490.48    1488.03 0.0000e+00
      11558    438.000     8.1980   3.664630     8.1985   3.665424      96.48     1.1494     0.0442    72.5064 1.0000e-12    2.31670    35.0582    35.0662    27.2899    1490.49    1488.03 0.0000e+00
      11584    439.000     8.1982   3.664685     8.1987   3.665484      96.46     1.1485     0.0435    72.4844 1.0000e-12    2.31763    35.0581    35.0661    27.2898    1490.51    1488.04 0.0000e+00
      11611    440.000     8.1984   3.664752     8.1989   3.665546      96.47     1.1490     0.0419    72.4114 1.0000e-12    2.32905    35.0581    35.0661    27.2898    1490.53    1488.04 0.0000e+00
      11638    441.000     8.1987   3.664826     8.1991   3.665624      96.47     1.1495     0.0437    72.3134 1.0000e-12    2.32007    35.0582    35.0663    27.2898    1490.55    1488.05 0.0000e+00
      11664    442.000     8.1990   3.664914     8.1995   3.665714      96.47     1.1485     0.0458    72.2166 1.0000e-12    2.30841    35.0583    35.0664    27.2899    1490.56    1488.06 0.0000e+00
      11691    443.000     8.1991   3.664975     8.1996   3.665773      96.47     1.1467     0.0468    72.1027 1.0000e-12    2.30498    35.0584    35.0664    27.2899    1490.58    1488.06 0.0000e+00
      11718    444.000     8.1991   3.665015     8.1996   3.665813      96.47     1.1458     0.0465    72.0006 1.0000e-12    2.29849    35.0584    35.0664    27.2899    1490.60    1488.07 0.0000e+00
      11745    445.000     8.1992   3.665072     8.1996   3.665869      75.24     1.1436     0.0454    71.9654 1.0000e-12    2.28378    35.0584    35.0665    27.2899    1490.61    1488.07 0.0000e+00
      11772    446.000     8.1993   3.665124     8.1998   3.665928      65.33     1.1413     0.0443    71.9482 1.0000e-12    2.28445    35.0584    35.0664    27.2899    1490.63    1488.08 0.0000e+00
      11799    447.000     8.1995   3.665186     8.2001   3.665993      96.76     1.1410     0.0454    71.9143 1.0000e-12    2.29872    35.0584    35.0664    27.2898    1490.65    1488.08 0.0000e+00
      11827    448.000     8.1995   3.665236     8.2001   3.666037      96.47     1.1414     0.0448    71.9130 1.0000e-12    2.30154    35.0584    35.0664    27.2899    1490.66    1488.09 0.0000e+00
      11854    449.000     8.1997   3.665299     8.2002   3.666099      96.48     1.1421     0.0485    71.9322 1.0000e-12    2.29769    35.0584    35.0665    27.2898    1490.68    1488.10 0.0000e+00
      11882    450.000     8.2000   3.665372     8.2006   3.666182      96.47     1.1413     0.0475    72.0079 1.0000e-12    2.29829    35.0584    35.0665    27.2898    1490.70    1488.10 0.0000e+00
      11909    451.000     8.2002   3.665451     8.2008   3.666245      96.48     1.1422     0.0495    71.9437 1.0000e-12    2.30306    35.0586    35.0665    27.2899    1490.72    1488.11 0.0000e+00
      11936    452.000     8.2004   3.665513     8.2010   3.666316      96.47     1.1418     0.0497    71.9024 1.0000e-12    2.29473    35.0586    35.0665    27.2898    1490.73    1488.11 0.0000e+00
      11962    453.000     8.2005   3.665566     8.2010   3.666375      96.47     1.1411     0.0473    71.7559 1.0000e-12    2.29248    35.0586    35.0667    27.2898    1490.75    1488.12 0.0000e+00
      11988    454.000     8.2006   3.665637     8.2012   3.666431      96.47     1.1406     0.0459    71.6146 1.0000e-12    2.28988    35.0588    35.0666    27.2900    1490.77    1488.13 0.0000e+00
      12014    455.000     8.2009   3.665700     8.2014   3.666507      96.47     1.1398     0.0432    71.5476 1.0000e-12    2.28366    35.0587    35.0668    27.2898    1490.78    1488.13 0.0000e+00
      12040    456.000     8.2011   3.665774     8.2017   3.666574      23.89     1.1385     0.0480    71.4779 1.0000e-12    2.27869    35.0588    35.0667    27.2899    1490.80    1488.14 0.0000e+00
      12066    457.000     8.2012   3.665824     8.2018   3.666627      64.89     1.1376     0.0465    71.4288 1.0000e-12    2.27612    35.0587    35.0667    27.2898    1490.82    1488.14 0.0000e+00
      12092    458.000     8.2013   3.665876     8.2019   3.666676      93.83     1.1362     0.0467    71.3277 1.0000e-12    2.27130    35.0587    35.0666    27.2898    1490.84    1488.15 0.0000e+00
      12119    459.000     8.2015   3.665935     8.2020   3.666730      32.43     1.1348     0.0470    71.3016 1.0000e-12    2.26358    35.0587    35.0667    27.2898    1490.85    1488.15 0.0000e+00
      12416    460.000     8.2017   3.665985     8.2017   3.666785      28.21     1.1331     0.0478    71.2936 1.0000e-12    2.26864    35.0585    35.0671    27.2896    1490.87    1488.16 0.0000e+00
      12551    461.000     8.2018   3.666043     8.2017   3.666840      35.02     1.1315     0.0496    71.2761 1.0000e-12    2.25629    35.0586    35.0672    27.2896    1490.89    1488.17 0.0000e+00
      12596    462.000     8.2018   3.666100     8.2019   3.666895      13.91     1.1299     0.0480    71.2393 1.0000e-12    2.25273    35.0587    35.0671    27.2897    1490.90    1488.17 0.0000e+00
      12642    463.000     8.2021   3.666167     8.2021   3.666974      13.02     1.1293     0.0453    71.1453 1.0000e-12    2.25696    35.0587    35.0673    27.2896    1490.92    1488.18 0.0000e+00
      12687    464.000     8.2022   3.666228     8.2024   3.667029      11.98     1.1288     0.0455    71.0775 1.0000e-12    2.25166    35.0587    35.0671    27.2897    1490.94    1488.18 0.0000e+00
      12730    465.000     8.2023   3.666287     8.2024   3.667079      10.99     1.1277     0.0473    71.0414 1.0000e-12    2.24999    35.0588    35.0671    27.2897    1490.96    1488.19 0.0000e+00
      12773    466.000     8.2025   3.666348     8.2026   3.667153      10.01     1.1274     0.0456    70.9396 1.0000e-12    2.24744    35.0588    35.0673    27.2897    1490.97    1488.20 0.0000e+00
      12817    467.000     8.2028   3.666425     8.2030   3.667226      32.60     1.1267     0.0445    70.9462 1.0000e-12    2.24381    35.0588    35.0672    27.2897    1490.99    1488.20 0.0000e+00
      12861    468.000     8.2029   3.666486     8.2030   3.667289       7.83     1.1242     0.0468    70.8073 1.0000e-12    2.22580    35.0589    35.0674    27.2897    1491.01    1488.21 0.0000e+00
      12906    469.000     8.2029   3.666527     8.2030   3.667304       7.07     1.1217     0.0465    70.7136 1.0000e-12    2.22299    35.0589    35.0670    27.2897    1491.02    1488.21 0.0000e+00
