_data/ctd/2017/sta0301_2017.cnv
* Sea-Bird SBE 9 Data File:
* FileName = C:\Seabird\CTDData\sta0301.hex
* Software Version Seasave V 7.21f
* Temperature SN = 4385
* Conductivity SN = 2140
* Number of Bytes Per Scan = 34
* Number of Voltage Words = 3
* Number of Scans Averaged by the Deck Unit = 1
* NMEA Latitude = 61 21.85 N
* NMEA Longitude = 007 22.73 E
* NMEA UTC (Time) = Oct 14 2017 11:01:26
* NMEA baud rate = 4800
** Ship: 10 F/F "G. O. Sars"
** Station: 0301
** Echodepth: 373
** Log: 7484,082
** Wind-Dir Force: 19 17
** Air-temp (dry): 12.3
** Weather Sky: 2 6
** Sea Ice: 1 0
# nquan = 17                                
# nvalues = 364                         
# units = specified
# name 0 = scan: Scan Count
# name 1 = prDM: Pressure, Digiquartz [db]
# name 2 = t068C: Temperature [ITS-68, deg C]
# name 3 = t168C: Temperature, 2 [ITS-68, deg C]
# name 4 = c0S/m: Conductivity [S/m]
# name 5 = c1S/m: Conductivity, 2 [S/m]
# name 6 = sbeox0V: Oxygen raw, SBE 43 [V]
# name 7 = altM: Altimeter [m]
# name 8 = flC: Fluorescence, Chelsea Aqua 3 Chl Con [ug/l]
# name 9 = par: PAR/Irradiance, Biospherical/Licor
# name 10 = sbeox0ML/L: Oxygen, SBE 43 [ml/l], WS = 2
# name 11 = sal00: Salinity, Practical [PSU]
# name 12 = sal11: Salinity, Practical, 2 [PSU]
# name 13 = sigma-t00: Density [sigma-t, Kg/m^3 ]
# name 14 = svCM: Sound Velocity [Chen-Millero, m/s]
# name 15 = avgsvCM: Average Sound Velocity [Chen-Millero, m/s], minP = 1, minS = 5
# name 16 = flag: flag
# span 0 =       1232,       9118       
# span 1 =      3.000,    366.000       
# span 2 =     7.6023,    13.4791       
# span 3 =     7.6066,    13.4842       
# span 4 =   3.212211,   3.665769       
# span 5 =   3.213463,   3.666554       
# span 6 =     1.7671,     2.8600       
# span 7 =       7.96,     100.27       
# span 8 =     0.0181,     0.3747       
# span 9 = 5.1418e-02, 2.9038e+01       
# span 10 =    3.51448,    5.92792      
# span 11 =    26.9530,    34.9952      
# span 12 =    26.9622,    35.0002      
# span 13 =    20.2306,    27.3293      
# span 14 =    1483.97,    1496.14      
# span 15 =    1485.93,    1493.85      
# span 16 = 0.0000e+00, 0.0000e+00      
# interval = decibars: 1                
# start_time = Oct 14 2017 11:01:28 [System UTC, header]
# bad_flag = -9.990e-29
*END*
       1232      3.000    12.6640    12.6674   3.212211   3.213463     2.8596      98.90     0.3705 2.9038e+01    5.92792    26.9530    26.9622    20.2306    1489.57    1489.57 0.0000e+00
       1337      4.000    12.8562    12.8602   3.276545   3.277500     2.8600      98.88     0.3729 2.1209e+01    5.88097    27.4106    27.4166    20.5491    1490.78    1489.87 0.0000e+00
       1355      5.000    12.9577    12.9469   3.308320   3.304031     2.8588      98.90     0.3747 1.5637e+01    5.85771    27.6305    27.5987    20.7002    1491.41    1490.18 0.0000e+00
       1376      6.000    13.1983    13.2007   3.391964   3.393351     2.8580      98.90     0.3717 1.1634e+01    5.79914    28.2255    28.2365    21.1145    1492.94    1490.64 0.0000e+00
       1398      7.000    13.2826    13.2849   3.434752   3.434379     2.8548      98.90     0.3551 8.9018e+00    5.77087    28.5566    28.5515    21.3542    1493.63    1491.06 0.0000e+00
       1419      8.000    13.3294    13.3333   3.488599   3.490196     2.8540      98.90     0.3029 7.0858e+00    5.73529    29.0173    29.0291    21.7010    1494.35    1491.47 0.0000e+00
       1440      9.000    13.4560    13.4637   3.556264   3.560756     2.8458      98.90     0.2343 5.7663e+00    5.65439    29.5439    29.5793    22.0830    1495.41    1491.91 0.0000e+00
       1461     10.000    13.4791    13.4842   3.575888   3.578375     2.8343      98.90     0.1815 4.8837e+00    5.62266    29.7065    29.7255    22.2041    1495.69    1492.29 0.0000e+00
       1483     11.000    13.4718    13.4735   3.585887   3.587294     2.8264      98.90     0.1523 4.3072e+00    5.60377    29.8041    29.8157    22.2809    1495.80    1492.61 0.0000e+00
       1505     12.000    13.4467    13.4572   3.590206   3.592151     2.8156      98.90     0.1338 3.8308e+00    5.57354    29.8632    29.8729    22.3314    1495.80    1492.87 0.0000e+00
       1526     13.000    13.3601    13.3714   3.598192   3.598612     2.8063      34.37     0.1234 3.4624e+00    5.55813    30.0046    29.9996    22.4575    1495.69    1493.09 0.0000e+00
       1548     14.000    13.2084    13.2124   3.607516   3.610411     2.7960      94.33     0.1073 3.1203e+00    5.54469    30.2106    30.2344    22.6461    1495.45    1493.26 0.0000e+00
       1570     15.000    13.1731    13.1798   3.635832   3.639232     2.7876      98.90     0.0914 2.8261e+00    5.53380    30.5020    30.5283    22.8782    1495.69    1493.42 0.0000e+00
       1591     16.000    13.1693    13.1728   3.654488   3.655604     2.7834      98.90     0.0789 2.5768e+00    5.53652    30.6787    30.6863    23.0155    1495.90    1493.57 0.0000e+00
       1613     17.000    13.2096    13.2118   3.665769   3.666554     2.7824      98.90     0.0729 2.3775e+00    5.52317    30.7509    30.7565    23.0635    1496.14    1493.72 0.0000e+00
       1634     18.000    13.0421    13.0408   3.654226   3.654433     2.7759      80.89     0.0662 2.2087e+00    5.49851    30.7784    30.7814    23.1172    1495.62    1493.83 0.0000e+00
       1656     19.000    12.6234    12.6237   3.616217   3.616270     2.7638      99.09     0.0661 2.0480e+00    5.48581    30.7612    30.7614    23.1839    1494.20    1493.85 0.0000e+00
       1677     20.000    12.3629    12.3628   3.594623   3.594584     2.7440      98.90     0.0621 1.8953e+00    5.43397    30.7691    30.7688    23.2389    1493.34    1493.82 0.0000e+00
       1699     21.000    12.0727    12.0745   3.576714   3.576772     2.7201      98.91     0.0566 1.7495e+00    5.40813    30.8365    30.8355    23.3448    1492.44    1493.76 0.0000e+00
       1720     22.000    12.3129    12.3163   3.614619   3.615461     2.7009      98.91     0.0542 1.6127e+00    5.36459    30.9998    31.0050    23.4269    1493.48    1493.74 0.0000e+00
       1742     23.000    12.4009    12.4020   3.629917   3.630513     2.6920      98.91     0.0533 1.4836e+00    5.39169    31.0723    31.0770    23.4667    1493.88    1493.75 0.0000e+00
       1763     24.000    12.1622    12.1632   3.616517   3.616876     2.6957      74.74     0.0509 1.3690e+00    5.45301    31.1421    31.1447    23.5652    1493.16    1493.73 0.0000e+00
       1785     25.000    11.9728    11.9736   3.606843   3.607206     2.6975      69.11     0.0483 1.2620e+00    5.44477    31.2069    31.2098    23.6504    1492.60    1493.68 0.0000e+00
       1806     26.000    11.9093    11.9117   3.606433   3.606897     2.6890      98.82     0.0491 1.1612e+00    5.41437    31.2558    31.2582    23.6999    1492.46    1493.63 0.0000e+00
       1828     27.000    11.8575    11.8602   3.607015   3.607538     2.6858      98.90     0.0486 1.0739e+00    5.44682    31.3045    31.3073    23.7471    1492.35    1493.59 0.0000e+00
       1850     28.000    11.7460    11.7469   3.604462   3.604763     2.6891      98.90     0.0464 9.9439e-01    5.48094    31.3733    31.3755    23.8208    1492.07    1493.53 0.0000e+00
       1871     29.000    11.4255    11.4258   3.579241   3.579138     2.6920      98.43     0.0476 9.1656e-01    5.52125    31.3993    31.3981    23.8987    1491.00    1493.44 0.0000e+00
       1893     30.000    11.2615    11.2611   3.572469   3.572551     2.6935      98.80     0.0459 8.4760e-01    5.53520    31.4724    31.4735    23.9845    1490.53    1493.35 0.0000e+00
       1914     31.000    10.7062    10.7046   3.526342   3.526001     2.6928      98.90     0.0432 7.7811e-01    5.58375    31.4935    31.4915    24.0974    1488.60    1493.19 0.0000e+00
       1936     32.000    10.5440    10.5433   3.524773   3.524638     2.6880      98.91     0.0421 7.2197e-01    5.56134    31.6176    31.6169    24.2217    1488.19    1493.04 0.0000e+00
       1957     33.000    10.4277    10.4290   3.518129   3.518139     2.6785      98.90     0.0442 6.6521e-01    5.55403    31.6519    31.6509    24.2680    1487.83    1492.88 0.0000e+00
       1979     34.000    10.2768    10.2766   3.510881   3.510824     2.6744      84.08     0.0465 6.1311e-01    5.58423    31.7104    31.7100    24.3389    1487.38    1492.72 0.0000e+00
       2000     35.000    10.1195    10.1208   3.503021   3.503109     2.6731      75.65     0.0439 5.7011e-01    5.61041    31.7686    31.7684    24.4105    1486.90    1492.55 0.0000e+00
       2022     36.000    10.0288    10.0312   3.504287   3.504602     2.6724      98.50     0.0423 5.2260e-01    5.61084    31.8607    31.8617    24.4972    1486.70    1492.39 0.0000e+00
       2044     37.000     9.8729     9.8714   3.500263   3.500184     2.6690      98.90     0.0420 4.7845e-01    5.60136    31.9572    31.9578    24.5981    1486.27    1492.22 0.0000e+00
       2065     38.000     9.6881     9.6907   3.494133   3.494399     2.6628      98.90     0.0422 4.3729e-01    5.58507    32.0587    32.0591    24.7074    1485.73    1492.05 0.0000e+00
       2087     39.000     9.5130     9.5117   3.486886   3.486793     2.6519      98.91     0.0469 4.0596e-01    5.55315    32.1407    32.1409    24.7996    1485.21    1491.87 0.0000e+00
       2108     40.000     9.3471     9.3487   3.479768   3.479857     2.6387      98.91     0.0487 3.7506e-01    5.52514    32.2163    32.2158    24.8850    1484.71    1491.69 0.0000e+00
       2129     41.000     9.2228     9.2248   3.478367   3.478596     2.6231      55.57     0.0481 3.4361e-01    5.48106    32.3136    32.3142    24.9807    1484.39    1491.51 0.0000e+00
       2151     42.000     9.1124     9.1143   3.485734   3.486137     2.6053      89.03     0.0441 3.1822e-01    5.43979    32.4896    32.4920    25.1357    1484.21    1491.34 0.0000e+00
       2173     43.000     9.0608     9.0639   3.492826   3.493275     2.5891      98.95     0.0474 2.9466e-01    5.41369    32.6098    32.6116    25.2377    1484.19    1491.17 0.0000e+00
       2194     44.000     9.0135     9.0142   3.496290   3.496615     2.5758      98.90     0.0453 2.7244e-01    5.39943    32.6887    32.6914    25.3069    1484.13    1491.01 0.0000e+00
       2216     45.000     8.9564     8.9588   3.497245   3.497645     2.5651      98.90     0.0442 2.5215e-01    5.38599    32.7507    32.7526    25.3643    1484.01    1490.86 0.0000e+00
       2237     46.000     8.9156     8.9185   3.501776   3.502307     2.5553      98.90     0.0444 2.3511e-01    5.38251    32.8351    32.8379    25.4366    1483.97    1490.70 0.0000e+00
       2259     47.000     8.8962     8.8995   3.505540   3.505995     2.5508      98.89     0.0427 2.1619e-01    5.39517    32.8918    32.8935    25.4841    1483.99    1490.56 0.0000e+00
       2280     48.000     8.8785     8.8816   3.507938   3.508494     2.5478      98.90     0.0423 1.9927e-01    5.38958    32.9327    32.9357    25.5189    1483.99    1490.42 0.0000e+00
       2301     49.000     8.8371     8.8397   3.515988   3.516727     2.5445      98.90     0.0415 1.8657e-01    5.38882    33.0548    33.0601    25.6209    1484.00    1490.29 0.0000e+00
       2323     50.000     8.8045     8.8079   3.522677   3.523313     2.5434      98.89     0.0404 1.7296e-01    5.39250    33.1547    33.1582    25.7041    1484.02    1490.17 0.0000e+00
       2344     51.000     8.7876     8.7911   3.526561   3.527157     2.5412      62.01     0.0394 1.6100e-01    5.38220    33.2107    33.2137    25.7506    1484.04    1490.05 0.0000e+00
       2366     52.000     8.7769     8.7804   3.529585   3.530150     2.5393      86.23     0.0379 1.4826e-01    5.37845    33.2519    33.2546    25.7845    1484.07    1489.93 0.0000e+00
       2388     53.000     8.7700     8.7737   3.532522   3.533135     2.5365      98.93     0.0402 1.3956e-01    5.36305    33.2887    33.2917    25.8144    1484.11    1489.82 0.0000e+00
       2409     54.000     8.7623     8.7657   3.534885   3.535484     2.5324      98.87     0.0422 1.3042e-01    5.34072    33.3202    33.3233    25.8403    1484.13    1489.71 0.0000e+00
       2431     55.000     8.7559     8.7596   3.536536   3.537129     2.5258      98.86     0.0437 1.2381e-01    5.31195    33.3431    33.3458    25.8592    1484.15    1489.61 0.0000e+00
       2452     56.000     8.7464     8.7500   3.541048   3.541745     2.5182      98.06     0.0476 1.1486e-01    5.28759    33.3989    33.4028    25.9044    1484.20    1489.52 0.0000e+00
       2474     57.000     8.7348     8.7384   3.545521   3.546221     2.5099      98.72     0.0423 1.0879e-01    5.26159    33.4563    33.4602    25.9511    1484.25    1489.42 0.0000e+00
       2496     58.000     8.7156     8.7189   3.551476   3.552230     2.5014      58.63     0.0404 1.0199e-01    5.24874    33.5365    33.5413    26.0169    1484.29    1489.33 0.0000e+00
       2517     59.000     8.6907     8.6941   3.555942   3.556656     2.4954      98.66     0.0400 9.6024e-02    5.22755    33.6066    33.6108    26.0757    1484.30    1489.25 0.0000e+00
       2539     60.000     8.6960     8.7002   3.563810   3.564644     2.4855      98.85     0.0398 8.6612e-02    5.17987    33.6837    33.6885    26.1353    1484.43    1489.17 0.0000e+00
       2561     61.000     8.6959     8.6996   3.566964   3.567644     2.4737      98.86     0.0408 7.6679e-02    5.13803    33.7165    33.7201    26.1610    1484.49    1489.09 0.0000e+00
       2582     62.000     8.6924     8.6962   3.568753   3.569421     2.4607      98.86     0.0402 7.5160e-02    5.08685    33.7382    33.7416    26.1786    1484.52    1489.02 0.0000e+00
       2604     63.000     8.6933     8.6972   3.571919   3.572653     2.4432      98.85     0.0409 7.0911e-02    5.00826    33.7702    33.7742    26.2035    1484.58    1488.95 0.0000e+00
       2625     64.000     8.6899     8.6937   3.576157   3.576853     2.4213      98.81     0.0423 6.7383e-02    4.94332    33.8175    33.8212    26.2411    1484.64    1488.88 0.0000e+00
       2647     65.000     8.6853     8.6891   3.578031   3.578712     2.4018      98.75     0.0426 6.1777e-02    4.90705    33.8412    33.8447    26.2603    1484.67    1488.81 0.0000e+00
       2668     66.000     8.6844     8.6883   3.579046   3.579708     2.3840      98.81     0.0452 5.6120e-02    4.85947    33.8522    33.8555    26.2691    1484.70    1488.75 0.0000e+00
       2690     67.000     8.6817     8.6856   3.582431   3.583207     2.3649      98.84     0.0448 5.4289e-02    4.79957    33.8900    33.8944    26.2991    1484.75    1488.69 0.0000e+00
       2711     68.000     8.6735     8.6776   3.590139   3.590894     2.3445      26.87     0.0445 5.1955e-02    4.75061    33.9785    33.9825    26.3698    1484.84    1488.64 0.0000e+00
       2733     69.000     8.6778     8.6820   3.595882   3.596655     2.3274      99.75     0.0451 5.1492e-02    4.71434    34.0344    34.0384    26.4129    1484.95    1488.58 0.0000e+00
       2754     70.000     8.6904     8.6944   3.600000   3.600737     2.3104      98.77     0.0418 5.1459e-02    4.65833    34.0651    34.0690    26.4351    1485.05    1488.53 0.0000e+00
       2776     71.000     8.6916     8.6953   3.601607   3.602320     2.2903      98.73     0.0405 5.1484e-02    4.57471    34.0804    34.0843    26.4468    1485.09    1488.48 0.0000e+00
       2797     72.000     8.6827     8.6868   3.602982   3.603763     2.2635      93.03     0.0385 5.1471e-02    4.44745    34.1030    34.1073    26.4659    1485.10    1488.44 0.0000e+00
       2819     73.000     8.6539     8.6567   3.601938   3.602462     2.2266      78.46     0.0384 5.1473e-02    4.31665    34.1193    34.1221    26.4832    1485.03    1488.39 0.0000e+00
       2840     74.000     8.6326     8.6365   3.602269   3.602933     2.1893      80.55     0.0401 5.1451e-02    4.23855    34.1429    34.1461    26.5050    1484.99    1488.34 0.0000e+00
       2862     75.000     8.6270     8.6309   3.603202   3.603863     2.1582      16.18     0.0413 5.1487e-02    4.21406    34.1577    34.1609    26.5174    1485.01    1488.30 0.0000e+00
       2883     76.000     8.6234     8.6274   3.604211   3.604898     2.1400      95.55     0.0402 5.1451e-02    4.25849    34.1713    34.1747    26.5287    1485.03    1488.26 0.0000e+00
       2905     77.000     8.6320     8.6362   3.606472   3.607190     2.1365      98.89     0.0421 5.1473e-02    4.31460    34.1864    34.1899    26.5392    1485.09    1488.21 0.0000e+00
       2926     78.000     8.6375     8.6414   3.609867   3.610590     2.1387      98.90     0.0403 5.1451e-02    4.33304    34.2164    34.2202    26.5618    1485.17    1488.17 0.0000e+00
       2948     79.000     8.6392     8.6431   3.613418   3.614147     2.1401      98.90     0.0393 5.1466e-02    4.31677    34.2517    34.2556    26.5893    1485.23    1488.14 0.0000e+00
       2969     80.000     8.6284     8.6319   3.615032   3.615687     2.1358      85.17     0.0400 5.1458e-02    4.25950    34.2788    34.2823    26.6121    1485.24    1488.10 0.0000e+00
       2991     81.000     8.6174     8.6214   3.615881   3.616590     2.1229      98.11     0.0407 5.1487e-02    4.16237    34.2979    34.3015    26.6289    1485.24    1488.07 0.0000e+00
       3012     82.000     8.6097     8.6138   3.617704   3.618413     2.0990      63.08     0.0401 5.1464e-02    4.04837    34.3242    34.3277    26.6506    1485.26    1488.03 0.0000e+00
       3034     83.000     8.5990     8.6028   3.620771   3.621488     2.0708      98.95     0.0410 5.1459e-02    3.98744    34.3665    34.3704    26.6855    1485.29    1488.00 0.0000e+00
       3055     84.000     8.5878     8.5917   3.622680   3.623371     2.0514      98.90     0.0390 5.1490e-02    3.98195    34.3971    34.4006    26.7112    1485.30    1487.97 0.0000e+00
       3077     85.000     8.5790     8.5830   3.623688   3.624389     2.0364      98.90     0.0402 5.1487e-02    3.95196    34.4158    34.4193    26.7273    1485.31    1487.94 0.0000e+00
       3098     86.000     8.5727     8.5767   3.624283   3.624968     2.0201      98.90     0.0396 5.1471e-02    3.89476    34.4278    34.4311    26.7376    1485.32    1487.90 0.0000e+00
       3120     87.000     8.5600     8.5641   3.625160   3.625837     2.0012      98.90     0.0383 5.1487e-02    3.83260    34.4490    34.4521    26.7562    1485.31    1487.87 0.0000e+00
