_data/ctd/2017/sta0298_2017.cnv
* Sea-Bird SBE 9 Data File:
* FileName = C:\Seabird\CTDData\sta0298.hex
* Software Version Seasave V 7.21f
* Temperature SN = 4385
* Conductivity SN = 2140
* Number of Bytes Per Scan = 34
* Number of Voltage Words = 3
* Number of Scans Averaged by the Deck Unit = 1
* NMEA Latitude = 61 23.60 N
* NMEA Longitude = 002 26.99 W
* NMEA UTC (Time) = Oct 07 2017 12:45:59
* NMEA baud rate = 4800
** Ship: 10 F/F "G. O. Sars"
** Station: 0298
** Echodepth: 1187
** Log: 6744,135
** Wind-Dir Force: 07 16
** Air-temp (dry): 8.8
** Weather Sky: 2 6
** Sea Ice: 4 0
# nquan = 17                                
# nvalues = 1179                        
# units = specified
# name 0 = scan: Scan Count
# name 1 = prDM: Pressure, Digiquartz [db]
# name 2 = t068C: Temperature [ITS-68, deg C]
# name 3 = t168C: Temperature, 2 [ITS-68, deg C]
# name 4 = c0S/m: Conductivity [S/m]
# name 5 = c1S/m: Conductivity, 2 [S/m]
# name 6 = sbeox0V: Oxygen raw, SBE 43 [V]
# name 7 = altM: Altimeter [m]
# name 8 = flC: Fluorescence, Chelsea Aqua 3 Chl Con [ug/l]
# name 9 = par: PAR/Irradiance, Biospherical/Licor
# name 10 = sbeox0ML/L: Oxygen, SBE 43 [ml/l], WS = 2
# name 11 = sal00: Salinity, Practical [PSU]
# name 12 = sal11: Salinity, Practical, 2 [PSU]
# name 13 = sigma-t00: Density [sigma-t, Kg/m^3 ]
# name 14 = svCM: Sound Velocity [Chen-Millero, m/s]
# name 15 = avgsvCM: Average Sound Velocity [Chen-Millero, m/s], minP = 1, minS = 5
# name 16 = flag: flag
# span 0 =        179,      29174       
# span 1 =      3.000,   1181.000       
# span 2 =    -0.7392,    11.3605       
# span 3 =    -0.7352,    11.3656       
# span 4 =   2.880718,   3.957128       
# span 5 =   2.883779,   3.957846       
# span 6 =     2.1164,     2.8386       
# span 7 =       0.02,     100.04       
# span 8 =     0.0062,     0.3118       
# span 9 = 5.1408e-02, 3.2149e+02       
# span 10 =    5.36895,    6.47951      
# span 11 =    34.9273,    35.3290      
# span 12 =    34.8742,    35.6771      
# span 13 =    26.8477,    28.0847      
# span 14 =    1460.86,    1495.67      
# span 15 =    1477.72,    1495.27      
# span 16 = 0.0000e+00, 0.0000e+00      
# interval = decibars: 1                
# start_time = Oct 07 2017 12:46:01 [System UTC, header]
# bad_flag = -9.990e-29
*END*
[from data line 1107]
      27422   1110.000    -0.7380    -0.7216   2.884993   2.886306     2.1337      92.26     0.0147 5.1469e-02    6.36832    34.9279    34.9268    28.0841    1463.84    1478.57 0.0000e+00
      27443   1111.000    -0.7381    -0.7225   2.885031   2.886357     2.1339      98.86     0.0184 5.1458e-02    6.36494    34.9280    34.9280    28.0842    1463.86    1478.56 0.0000e+00
      27466   1112.000    -0.7383    -0.7226   2.885050   2.886398     2.1337      98.91     0.0157 5.1448e-02    6.36108    34.9279    34.9280    28.0841    1463.87    1478.55 0.0000e+00
      27491   1113.000    -0.7386    -0.7227   2.885068   2.886446     2.1336      98.91     0.0186 5.1457e-02    6.35060    34.9279    34.9282    28.0841    1463.89    1478.53 0.0000e+00
      27517   1114.000    -0.7387    -0.7226   2.885110   2.886443     2.1319      77.28     0.0180 5.1464e-02    6.34331    34.9280    34.9275    28.0842    1463.91    1478.52 0.0000e+00
      27539   1115.000    -0.7385    -0.7229   2.885166   2.886461     2.1316      75.56     0.0163 5.1440e-02    6.36139    34.9279    34.9275    28.0842    1463.92    1478.51 0.0000e+00
      27559   1116.000    -0.7385    -0.7232   2.885221   2.886498     2.1322      86.92     0.0159 5.1486e-02    6.36197    34.9281    34.9277    28.0843    1463.94    1478.49 0.0000e+00
      27578   1117.000    -0.7384    -0.7236   2.885260   2.886573     2.1314      79.38     0.0161 5.1457e-02    6.34421    34.9279    34.9286    28.0841    1463.96    1478.48 0.0000e+00
      27598   1118.000    -0.7384    -0.7233   2.885306   2.886609     2.1308      72.86     0.0124 5.1439e-02    6.34795    34.9280    34.9282    28.0842    1463.97    1478.47 0.0000e+00
      27619   1119.000    -0.7383    -0.7234   2.885363   2.886640     2.1305      71.67     0.0132 5.1466e-02    6.35225    34.9280    34.9281    28.0842    1463.99    1478.45 0.0000e+00
      27640   1120.000    -0.7381    -0.7235   2.885417   2.886694     2.1302      70.61     0.0140 5.1439e-02    6.35064    34.9279    34.9284    28.0841    1464.01    1478.44 0.0000e+00
      27661   1121.000    -0.7381    -0.7233   2.885465   2.886694     2.1298      69.66     0.0138 5.1451e-02    6.34972    34.9280    34.9276    28.0842    1464.02    1478.43 0.0000e+00
      27683   1122.000    -0.7381    -0.7239   2.885505   2.886725     2.1295      68.67     0.0150 5.1432e-02    6.35152    34.9280    34.9281    28.0842    1464.04    1478.42 0.0000e+00
      27705   1123.000    -0.7380    -0.7239   2.885556   2.886770     2.1293      67.60     0.0159 5.1462e-02    6.34988    34.9280    34.9281    28.0841    1464.06    1478.40 0.0000e+00
      27727   1124.000    -0.7379    -0.7239   2.885600   2.886794     2.1287      66.58     0.0150 5.1471e-02    6.34704    34.9279    34.9279    28.0841    1464.08    1478.39 0.0000e+00
      27749   1125.000    -0.7378    -0.7241   2.885653   2.886840     2.1286      65.60     0.0156 5.1469e-02    6.36029    34.9279    34.9281    28.0841    1464.09    1478.38 0.0000e+00
      27769   1126.000    -0.7378    -0.7241   2.885706   2.886904     2.1292      64.59     0.0138 5.1447e-02    6.36299    34.9280    34.9284    28.0842    1464.11    1478.36 0.0000e+00
      27790   1127.000    -0.7378    -0.7239   2.885743   2.886978     2.1292      63.57     0.0117 5.1472e-02    6.35965    34.9279    34.9286    28.0841    1464.13    1478.35 0.0000e+00
      27819   1128.000    -0.7377    -0.7236   2.885777   2.887005     2.1294      62.41     0.0109 5.1436e-02    6.36239    34.9277    34.9280    28.0839    1464.14    1478.34 0.0000e+00
      27849   1129.000    -0.7377    -0.7234   2.885838   2.887033     2.1293      61.45     0.0097 5.1460e-02    6.36013    34.9279    34.9276    28.0841    1464.16    1478.33 0.0000e+00
      27869   1130.000    -0.7374    -0.7237   2.885899   2.887081     2.1294      60.74     0.0099 5.1478e-02    6.36235    34.9278    34.9280    28.0840    1464.18    1478.31 0.0000e+00
      27885   1131.000    -0.7373    -0.7239   2.885949   2.887111     2.1294      59.88     0.0139 5.1428e-02    6.35996    34.9278    34.9281    28.0840    1464.19    1478.30 0.0000e+00
      27901   1132.000    -0.7374    -0.7237   2.886002   2.887149     2.1292      58.93     0.0141 5.1464e-02    6.35784    34.9280    34.9278    28.0842    1464.21    1478.29 0.0000e+00
      27918   1133.000    -0.7374    -0.7239   2.886024   2.887220     2.1290      57.80     0.0152 5.1425e-02    6.35915    34.9278    34.9284    28.0840    1464.23    1478.28 0.0000e+00
      27939   1134.000    -0.7376    -0.7238   2.886055   2.887241     2.1287      56.63     0.0171 5.1454e-02    6.35656    34.9278    34.9280    28.0840    1464.24    1478.26 0.0000e+00
      27995   1135.000    -0.7372    -0.7267   2.886102   2.887292     2.1282      55.22     0.0158 5.1460e-02    6.35621    34.9274    34.9314    28.0837    1464.26    1478.25 0.0000e+00
      28054   1136.000    -0.7373    -0.7327   2.886173   2.887364     2.1275      54.26     0.0158 5.1441e-02    6.35448    34.9279    34.9386    28.0841    1464.28    1478.24 0.0000e+00
      28073   1137.000    -0.7371    -0.7263   2.886229   2.887391     2.1273      53.53     0.0185 5.1474e-02    6.35376    34.9278    34.9311    28.0840    1464.29    1478.23 0.0000e+00
      28090   1138.000    -0.7370    -0.7239   2.886284   2.887400     2.1270      52.65     0.0157 5.1452e-02    6.35222    34.9279    34.9279    28.0840    1464.31    1478.21 0.0000e+00
      28109   1139.000    -0.7369    -0.7239   2.886336   2.887480     2.1267      51.66     0.0145 5.1454e-02    6.35331    34.9279    34.9284    28.0840    1464.33    1478.20 0.0000e+00
      28130   1140.000    -0.7369    -0.7237   2.886372   2.887511     2.1264      50.59     0.0132 5.1458e-02    6.35076    34.9278    34.9280    28.0840    1464.35    1478.19 0.0000e+00
      28152   1141.000    -0.7369    -0.7239   2.886413   2.887545     2.1259      49.55     0.0182 5.1462e-02    6.34962    34.9278    34.9281    28.0839    1464.36    1478.18 0.0000e+00
      28175   1142.000    -0.7369    -0.7241   2.886463   2.887642     2.1254      48.51     0.0163 5.1456e-02    6.34922    34.9279    34.9291    28.0840    1464.38    1478.17 0.0000e+00
      28199   1143.000    -0.7368    -0.7236   2.886512   2.887751     2.1251      47.50     0.0114 5.1463e-02    6.34917    34.9278    34.9294    28.0840    1464.40    1478.15 0.0000e+00
      28227   1144.000    -0.7367    -0.7228   2.886546   2.887787     2.1247      46.43     0.0101 5.1451e-02    6.35270    34.9276    34.9284    28.0838    1464.41    1478.14 0.0000e+00
      28259   1145.000    -0.7366    -0.7228   2.886608   2.887803     2.1247      45.30     0.0114 5.1432e-02    6.35500    34.9277    34.9280    28.0839    1464.43    1478.13 0.0000e+00
      28282   1146.000    -0.7363    -0.7229   2.886674   2.887839     2.1245      44.47     0.0140 5.1441e-02    6.35604    34.9277    34.9280    28.0839    1464.45    1478.12 0.0000e+00
      28299   1147.000    -0.7362    -0.7230   2.886738   2.887872     2.1247      43.63     0.0145 5.1428e-02    6.35430    34.9279    34.9280    28.0840    1464.47    1478.10 0.0000e+00
      28315   1148.000    -0.7362    -0.7232   2.886766   2.887953     2.1244      42.71     0.0150 5.1436e-02    6.34798    34.9276    34.9287    28.0838    1464.48    1478.09 0.0000e+00
      28333   1149.000    -0.7365    -0.7229   2.886790   2.887997     2.1238      41.67     0.0143 5.1438e-02    6.34806    34.9277    34.9284    28.0839    1464.50    1478.08 0.0000e+00
      28359   1150.000    -0.7367    -0.7229   2.886799   2.888029     2.1236      40.44     0.0162 5.1473e-02    6.35362    34.9275    34.9282    28.0837    1464.51    1478.07 0.0000e+00
      28389   1151.000    -0.7366    -0.7230   2.886863   2.888057     2.1234      39.37     0.0157 5.1451e-02    6.35374    34.9277    34.9282    28.0839    1464.53    1478.06 0.0000e+00
      28412   1152.000    -0.7364    -0.7231   2.886930   2.888072     2.1233      38.48     0.0127 5.1447e-02    6.35135    34.9278    34.9279    28.0839    1464.55    1478.05 0.0000e+00
      28430   1153.000    -0.7362    -0.7235   2.886989   2.888148     2.1231      37.59     0.0130 5.1474e-02    6.34820    34.9277    34.9288    28.0839    1464.56    1478.03 0.0000e+00
      28450   1154.000    -0.7361    -0.7232   2.887047   2.888155     2.1226      36.61     0.0149 5.1454e-02    6.34820    34.9278    34.9280    28.0840    1464.58    1478.02 0.0000e+00
      28470   1155.000    -0.7362    -0.7235   2.887071   2.888167     2.1223      35.56     0.0160 5.1471e-02    6.35311    34.9277    34.9279    28.0839    1464.60    1478.01 0.0000e+00
      28492   1156.000    -0.7362    -0.7240   2.887117   2.888208     2.1224      34.56     0.0157 5.1446e-02    6.35747    34.9277    34.9284    28.0839    1464.61    1478.00 0.0000e+00
      28513   1157.000    -0.7360    -0.7239   2.887176   2.888240     2.1225      33.57     0.0166 5.1466e-02    6.35799    34.9277    34.9282    28.0839    1464.63    1477.99 0.0000e+00
      28534   1158.000    -0.7360    -0.7240   2.887219   2.888340     2.1225      32.55     0.0171 5.1480e-02    6.35687    34.9277    34.9290    28.0839    1464.65    1477.98 0.0000e+00
      28555   1159.000    -0.7362    -0.7235   2.887246   2.888476     2.1223      31.54     0.0153 5.1464e-02    6.35437    34.9277    34.9297    28.0839    1464.66    1477.96 0.0000e+00
      28576   1160.000    -0.7361    -0.7225   2.887290   2.888478     2.1222      30.54     0.0123 5.1447e-02    6.35674    34.9276    34.9280    28.0838    1464.68    1477.95 0.0000e+00
      28596   1161.000    -0.7361    -0.7227   2.887336   2.888473     2.1221      29.59     0.0120 5.1483e-02    6.35692    34.9277    34.9276    28.0838    1464.70    1477.94 0.0000e+00
      28615   1162.000    -0.7362    -0.7233   2.887370   2.888518     2.1220      28.62     0.0096 5.1490e-02    6.34960    34.9277    34.9283    28.0838    1464.71    1477.93 0.0000e+00
      28635   1163.000    -0.7362    -0.7234   2.887423   2.888595     2.1212      27.61     0.0135 5.1483e-02    6.35173    34.9278    34.9289    28.0839    1464.73    1477.92 0.0000e+00
      28655   1164.000    -0.7362    -0.7231   2.887468   2.888642     2.1213      26.57     0.0165 5.1458e-02    6.35234    34.9278    34.9286    28.0839    1464.75    1477.91 0.0000e+00
      28679   1165.000    -0.7361    -0.7229   2.887502   2.888683     2.1207      25.50     0.0177 5.1470e-02    6.34606    34.9276    34.9283    28.0838    1464.76    1477.90 0.0000e+00
      28706   1166.000    -0.7361    -0.7231   2.887539   2.888698     2.1199      24.40     0.0175 5.1448e-02    6.34853    34.9275    34.9282    28.0837    1464.78    1477.88 0.0000e+00
      28741   1167.000    -0.7360    -0.7232   2.887584   2.888753     2.1198      23.26     0.0167 5.1479e-02    6.35170    34.9274    34.9285    28.0836    1464.80    1477.87 0.0000e+00
      28777   1168.000    -0.7360    -0.7234   2.887636   2.888817     2.1193      22.26     0.0167 5.1460e-02    6.34996    34.9275    34.9290    28.0837    1464.81    1477.86 0.0000e+00
      28798   1169.000    -0.7357    -0.7234   2.887707   2.888846     2.1193      21.46     0.0170 5.1450e-02    6.35545    34.9276    34.9288    28.0837    1464.83    1477.85 0.0000e+00
      28815   1170.000    -0.7356    -0.7232   2.887763   2.888863     2.1195      20.62     0.0154 5.1473e-02    6.34903    34.9276    34.9282    28.0838    1464.85    1477.84 0.0000e+00
      28831   1171.000    -0.7357    -0.7233   2.887797   2.888925     2.1187      19.68     0.0142 5.1458e-02    6.34540    34.9276    34.9286    28.0838    1464.87    1477.83 0.0000e+00
      28851   1172.000    -0.7357    -0.7233   2.887837   2.888961     2.1186      18.63     0.0142 5.1486e-02    6.34744    34.9276    34.9285    28.0837    1464.88    1477.82 0.0000e+00
      28874   1173.000    -0.7357    -0.7234   2.887880   2.888984     2.1181      17.51     0.0151 5.1448e-02    6.34842    34.9276    34.9283    28.0837    1464.90    1477.81 0.0000e+00
      28898   1174.000    -0.7358    -0.7235   2.887922   2.889031     2.1180      16.46     0.0133 5.1463e-02    6.34652    34.9277    34.9285    28.0838    1464.92    1477.79 0.0000e+00
      28920   1175.000    -0.7357    -0.7234   2.887967   2.889119     2.1175      15.49     0.0172 5.1438e-02    6.34616    34.9276    34.9290    28.0837    1464.93    1477.78 0.0000e+00
      28941   1176.000    -0.7357    -0.7231   2.888009   2.889142     2.1172      14.50     0.0145 5.1432e-02    6.34875    34.9276    34.9284    28.0837    1464.95    1477.77 0.0000e+00
      28963   1177.000    -0.7356    -0.7231   2.888058   2.889158     2.1171      13.53     0.0126 5.1465e-02    6.34488    34.9275    34.9280    28.0837    1464.97    1477.76 0.0000e+00
      28985   1178.000    -0.7355    -0.7234   2.888117   2.889195     2.1165      12.53     0.0120 5.1451e-02    6.34600    34.9276    34.9283    28.0838    1464.98    1477.75 0.0000e+00
      29006   1179.000    -0.7355    -0.7235   2.888168   2.889245     2.1166      11.52     0.0140 5.1459e-02    6.35182    34.9277    34.9285    28.0839    1465.00    1477.74 0.0000e+00
      29027   1180.000    -0.7353    -0.7236   2.888211   2.889289     2.1164      10.53     0.0157 5.1447e-02    6.34800    34.9275    34.9286    28.0837    1465.02    1477.73 0.0000e+00
      29174   1181.000    -0.7353    -0.7258   2.888242   2.889373     2.1167       9.29     0.0155 5.1450e-02    6.35290    34.9273    34.9317    28.0835    1465.03    1477.72 0.0000e+00
