_data/ctd/2017/sta0301_2017.cnv
* Sea-Bird SBE 9 Data File:
* FileName = C:\Seabird\CTDData\sta0301.hex
* Software Version Seasave V 7.21f
* Temperature SN = 4385
* Conductivity SN = 2140
* Number of Bytes Per Scan = 34
* Number of Voltage Words = 3
* Number of Scans Averaged by the Deck Unit = 1
* NMEA Latitude = 61 21.85 N
* NMEA Longitude = 007 22.73 E
* NMEA UTC (Time) = Oct 14 2017 11:01:26
* NMEA baud rate = 4800
** Ship: 10 F/F "G. O. Sars"
** Station: 0301
** Echodepth: 373
** Log: 7484,082
** Wind-Dir Force: 19 17
** Air-temp (dry): 12.3
** Weather Sky: 2 6
** Sea Ice: 1 0
# nquan = 17                                
# nvalues = 364                         
# units = specified
# name 0 = scan: Scan Count
# name 1 = prDM: Pressure, Digiquartz [db]
# name 2 = t068C: Temperature [ITS-68, deg C]
# name 3 = t168C: Temperature, 2 [ITS-68, deg C]
# name 4 = c0S/m: Conductivity [S/m]
# name 5 = c1S/m: Conductivity, 2 [S/m]
# name 6 = sbeox0V: Oxygen raw, SBE 43 [V]
# name 7 = altM: Altimeter [m]
# name 8 = flC: Fluorescence, Chelsea Aqua 3 Chl Con [ug/l]
# name 9 = par: PAR/Irradiance, Biospherical/Licor
# name 10 = sbeox0ML/L: Oxygen, SBE 43 [ml/l], WS = 2
# name 11 = sal00: Salinity, Practical [PSU]
# name 12 = sal11: Salinity, Practical, 2 [PSU]
# name 13 = sigma-t00: Density [sigma-t, Kg/m^3 ]
# name 14 = svCM: Sound Velocity [Chen-Millero, m/s]
# name 15 = avgsvCM: Average Sound Velocity [Chen-Millero, m/s], minP = 1, minS = 5
# name 16 = flag: flag
# span 0 =       1232,       9118       
# span 1 =      3.000,    366.000       
# span 2 =     7.6023,    13.4791       
# span 3 =     7.6066,    13.4842       
# span 4 =   3.212211,   3.665769       
# span 5 =   3.213463,   3.666554       
# span 6 =     1.7671,     2.8600       
# span 7 =       7.96,     100.27       
# span 8 =     0.0181,     0.3747       
# span 9 = 5.1418e-02, 2.9038e+01       
# span 10 =    3.51448,    5.92792      
# span 11 =    26.9530,    34.9952      
# span 12 =    26.9622,    35.0002      
# span 13 =    20.2306,    27.3293      
# span 14 =    1483.97,    1496.14      
# span 15 =    1485.93,    1493.85      
# span 16 = 0.0000e+00, 0.0000e+00      
# interval = decibars: 1                
# start_time = Oct 14 2017 11:01:28 [System UTC, header]
# bad_flag = -9.990e-29
*END*
[from data line 171]
       4961    174.000     7.8907     7.8951   3.608884   3.609585     1.9985      98.85     0.0227 5.1466e-02    4.04909    34.8940    34.8971    27.2072    1484.78    1486.31 0.0000e+00
       4982    175.000     7.8900     7.8944   3.608956   3.609642     1.9985      98.71     0.0212 5.1473e-02    4.05343    34.8950    34.8980    27.2081    1484.80    1486.30 0.0000e+00
       5003    176.000     7.8897     7.8941   3.608978   3.609687     1.9996      97.78     0.0213 5.1452e-02    4.06476    34.8950    34.8983    27.2082    1484.81    1486.29 0.0000e+00
       5024    177.000     7.8898     7.8941   3.609079   3.609779     2.0019      98.91     0.0224 5.1453e-02    4.08207    34.8955    34.8988    27.2086    1484.83    1486.28 0.0000e+00
       5045    178.000     7.8903     7.8947   3.609203   3.609916     2.0059      98.90     0.0233 5.1495e-02    4.09549    34.8959    34.8992    27.2088    1484.85    1486.27 0.0000e+00
       5066    179.000     7.8892     7.8936   3.609186   3.609892     2.0085      37.66     0.0245 5.1464e-02    4.10129    34.8963    34.8995    27.2093    1484.86    1486.26 0.0000e+00
       5088    180.000     7.8868     7.8910   3.609021   3.609737     2.0124      97.71     0.0272 5.1432e-02    4.11446    34.8964    34.8999    27.2097    1484.87    1486.26 0.0000e+00
       5109    181.000     7.8865     7.8909   3.609116   3.609835     2.0151      89.67     0.0285 5.1473e-02    4.11010    34.8973    34.9006    27.2104    1484.89    1486.25 0.0000e+00
       5130    182.000     7.8838     7.8881   3.609017   3.609731     2.0159      34.26     0.0267 5.1487e-02    4.10789    34.8984    34.9018    27.2118    1484.89    1486.24 0.0000e+00
       5151    183.000     7.8812     7.8855   3.608847   3.609544     2.0168      98.95     0.0275 5.1452e-02    4.10571    34.8987    34.9019    27.2124    1484.90    1486.23 0.0000e+00
       5172    184.000     7.8774     7.8817   3.608645   3.609350     2.0164      93.13     0.0281 5.1459e-02    4.10689    34.8998    34.9031    27.2138    1484.90    1486.23 0.0000e+00
       5193    185.000     7.8763     7.8808   3.608638   3.609349     2.0173      98.96     0.0277 5.1466e-02    4.11075    34.9004    34.9035    27.2144    1484.92    1486.22 0.0000e+00
       5214    186.000     7.8738     7.8785   3.608570   3.609293     2.0173      92.54     0.0234 5.1464e-02    4.10893    34.9016    34.9047    27.2158    1484.93    1486.21 0.0000e+00
       5236    187.000     7.8729     7.8775   3.608568   3.609280     2.0176      86.59     0.0215 5.1466e-02    4.11277    34.9020    34.9051    27.2162    1484.94    1486.21 0.0000e+00
       5257    188.000     7.8715     7.8760   3.608559   3.609277     2.0178      98.67     0.0238 5.1473e-02    4.10916    34.9028    34.9061    27.2171    1484.95    1486.20 0.0000e+00
       5278    189.000     7.8699     7.8742   3.608532   3.609255     2.0173      98.87     0.0236 5.1453e-02    4.10476    34.9037    34.9072    27.2179    1484.96    1486.19 0.0000e+00
       5299    190.000     7.8673     7.8717   3.608456   3.609178     2.0160      98.86     0.0234 5.1487e-02    4.09707    34.9050    34.9083    27.2193    1484.97    1486.19 0.0000e+00
       5320    191.000     7.8661     7.8706   3.608527   3.609248     2.0147      98.61     0.0230 5.1494e-02    4.10106    34.9064    34.9097    27.2207    1484.98    1486.18 0.0000e+00
       5341    192.000     7.8647     7.8690   3.608488   3.609198     2.0148      98.80     0.0204 5.1459e-02    4.10487    34.9069    34.9103    27.2213    1485.00    1486.17 0.0000e+00
       5362    193.000     7.8643     7.8686   3.608505   3.609214     2.0146      98.78     0.0225 5.1452e-02    4.10224    34.9070    34.9104    27.2214    1485.01    1486.17 0.0000e+00
       5383    194.000     7.8635     7.8678   3.608487   3.609208     2.0142      83.96     0.0250 5.1484e-02    4.11396    34.9071    34.9106    27.2216    1485.03    1486.16 0.0000e+00
       5404    195.000     7.8617     7.8660   3.608463   3.609182     2.0168      98.48     0.0232 5.1480e-02    4.12204    34.9082    34.9116    27.2227    1485.04    1486.16 0.0000e+00
       5426    196.000     7.8580     7.8623   3.608341   3.609063     2.0169      98.88     0.0207 5.1521e-02    4.11732    34.9101    34.9136    27.2248    1485.04    1486.15 0.0000e+00
       5447    197.000     7.8565     7.8610   3.608320   3.609048     2.0178      98.87     0.0189 5.1460e-02    4.12723    34.9109    34.9142    27.2256    1485.05    1486.15 0.0000e+00
       5468    198.000     7.8547     7.8592   3.608273   3.608996     2.0198      98.84     0.0193 5.1439e-02    4.13991    34.9117    34.9150    27.2265    1485.06    1486.14 0.0000e+00
       5490    199.000     7.8538     7.8580   3.608283   3.608995     2.0223      98.87     0.0209 5.1471e-02    4.14742    34.9122    34.9157    27.2271    1485.08    1486.13 0.0000e+00
       5511    200.000     7.8525     7.8570   3.608247   3.608967     2.0247      98.85     0.0209 5.1480e-02    4.15111    34.9126    34.9159    27.2276    1485.09    1486.13 0.0000e+00
       5532    201.000     7.8504     7.8547   3.608145   3.608869     2.0259      98.86     0.0184 5.1480e-02    4.14961    34.9131    34.9166    27.2283    1485.10    1486.12 0.0000e+00
       5553    202.000     7.8473     7.8518   3.607991   3.608721     2.0269      98.84     0.0199 5.1471e-02    4.15086    34.9141    34.9175    27.2295    1485.10    1486.12 0.0000e+00
       5575    203.000     7.8431     7.8475   3.607836   3.608575     2.0273      67.48     0.0228 5.1460e-02    4.15174    34.9161    34.9197    27.2317    1485.11    1486.11 0.0000e+00
       5596    204.000     7.8427     7.8471   3.607889   3.608640     2.0285      84.34     0.0228 5.1458e-02    4.16130    34.9166    34.9203    27.2322    1485.12    1486.11 0.0000e+00
       5618    205.000     7.8424     7.8470   3.607960   3.608694     2.0298      98.44     0.0227 5.1466e-02    4.15770    34.9172    34.9205    27.2327    1485.14    1486.10 0.0000e+00
       5639    206.000     7.8416     7.8460   3.607982   3.608709     2.0291      29.93     0.0213 5.1464e-02    4.15335    34.9178    34.9212    27.2332    1485.15    1486.10 0.0000e+00
       5661    207.000     7.8408     7.8452   3.607998   3.608732     2.0295      98.27     0.0185 5.1458e-02    4.15578    34.9182    34.9218    27.2337    1485.17    1486.10 0.0000e+00
       5683    208.000     7.8392     7.8434   3.607966   3.608693     2.0292      98.79     0.0223 5.1459e-02    4.15387    34.9190    34.9226    27.2346    1485.18    1486.09 0.0000e+00
       5705    209.000     7.8374     7.8418   3.607923   3.608656     2.0288      98.82     0.0214 5.1491e-02    4.15605    34.9199    34.9234    27.2355    1485.19    1486.09 0.0000e+00
       5727    210.000     7.8334     7.8372   3.607783   3.608451     2.0294      94.03     0.0211 5.1491e-02    4.16103    34.9219    34.9253    27.2377    1485.19    1486.08 0.0000e+00
       5748    211.000     7.8297     7.8332   3.607539   3.608174     2.0298      82.89     0.0217 5.1459e-02    4.16289    34.9224    34.9258    27.2387    1485.20    1486.08 0.0000e+00
       5770    212.000     7.8278     7.8321   3.607495   3.608233     2.0299      98.92     0.0224 5.1464e-02    4.15840    34.9234    34.9270    27.2397    1485.21    1486.07 0.0000e+00
       5791    213.000     7.8211     7.8256   3.607012   3.607746     2.0294      98.69     0.0208 5.1484e-02    4.15980    34.9244    34.9278    27.2415    1485.20    1486.07 0.0000e+00
       5813    214.000     7.8177     7.8222   3.606821   3.607567     2.0294      98.67     0.0237 5.1471e-02    4.15963    34.9252    34.9288    27.2426    1485.20    1486.07 0.0000e+00
       5835    215.000     7.8152     7.8197   3.606709   3.607449     2.0289      98.60     0.0233 5.1444e-02    4.15666    34.9260    34.9295    27.2437    1485.21    1486.06 0.0000e+00
       5857    216.000     7.8143     7.8187   3.606697   3.607437     2.0283      98.11     0.0205 5.1452e-02    4.15758    34.9263    34.9299    27.2440    1485.22    1486.06 0.0000e+00
       5879    217.000     7.8132     7.8173   3.606656   3.607369     2.0282      98.84     0.0201 5.1464e-02    4.15656    34.9265    34.9301    27.2443    1485.24    1486.05 0.0000e+00
       5901    218.000     7.8105     7.8147   3.606501   3.607235     2.0271      98.84     0.0181 5.1451e-02    4.15050    34.9270    34.9308    27.2451    1485.24    1486.05 0.0000e+00
       5923    219.000     7.8087     7.8132   3.606418   3.607158     2.0261      98.83     0.0205 5.1458e-02    4.14689    34.9275    34.9309    27.2457    1485.25    1486.05 0.0000e+00
       5944    220.000     7.8072     7.8116   3.606413   3.607161     2.0243      37.36     0.0223 5.1497e-02    4.14362    34.9284    34.9321    27.2467    1485.27    1486.04 0.0000e+00
       5966    221.000     7.8069     7.8115   3.606506   3.607267     2.0238      98.34     0.0272 5.1452e-02    4.14190    34.9292    34.9328    27.2474    1485.28    1486.04 0.0000e+00
       5988    222.000     7.8059     7.8103   3.606527   3.607273     2.0219      98.81     0.0256 5.1478e-02    4.13394    34.9300    34.9336    27.2481    1485.30    1486.04 0.0000e+00
       6009    223.000     7.8045     7.8089   3.606514   3.607254     2.0203      98.91     0.0273 5.1464e-02    4.13437    34.9308    34.9343    27.2489    1485.31    1486.03 0.0000e+00
       6031    224.000     7.8027     7.8071   3.606415   3.607172     2.0196      98.55     0.0280 5.1477e-02    4.13915    34.9310    34.9348    27.2494    1485.32    1486.03 0.0000e+00
       6053    225.000     7.7986     7.8029   3.606079   3.606810     2.0197      92.21     0.0272 5.1458e-02    4.14584    34.9310    34.9346    27.2500    1485.32    1486.03 0.0000e+00
       6075    226.000     7.7974     7.8017   3.605995   3.606737     2.0206      98.89     0.0253 5.1477e-02    4.14917    34.9308    34.9345    27.2500    1485.33    1486.02 0.0000e+00
       6097    227.000     7.7952     7.7996   3.605884   3.606621     2.0207      98.91     0.0244 5.1458e-02    4.14130    34.9313    34.9349    27.2508    1485.34    1486.02 0.0000e+00
       6120    228.000     7.7917     7.7962   3.605689   3.606431     2.0189      98.91     0.0223 5.1477e-02    4.12479    34.9322    34.9357    27.2520    1485.34    1486.02 0.0000e+00
       6142    229.000     7.7878     7.7921   3.605445   3.606196     2.0156      98.91     0.0247 5.1457e-02    4.11262    34.9330    34.9368    27.2532    1485.35    1486.01 0.0000e+00
       6164    230.000     7.7875     7.7919   3.605508   3.606264     2.0128      98.90     0.0252 5.1475e-02    4.10715    34.9335    34.9373    27.2536    1485.36    1486.01 0.0000e+00
       6186    231.000     7.7872     7.7916   3.605562   3.606320     2.0098      98.64     0.0235 5.1451e-02    4.09344    34.9339    34.9377    27.2540    1485.38    1486.01 0.0000e+00
       6208    232.000     7.7859     7.7903   3.605544   3.606304     2.0054      98.60     0.0230 5.1470e-02    4.07899    34.9345    34.9383    27.2547    1485.39    1486.01 0.0000e+00
       6230    233.000     7.7847     7.7890   3.605506   3.606261     2.0015      98.90     0.0226 5.1464e-02    4.07275    34.9348    34.9387    27.2551    1485.40    1486.00 0.0000e+00
       6252    234.000     7.7829     7.7874   3.605461   3.606224     1.9983      49.45     0.0222 5.1451e-02    4.07924    34.9357    34.9394    27.2560    1485.41    1486.00 0.0000e+00
       6274    235.000     7.7826     7.7869   3.605509   3.606275     1.9987      98.10     0.0242 5.1464e-02    4.08936    34.9360    34.9400    27.2563    1485.43    1486.00 0.0000e+00
       6296    236.000     7.7809     7.7853   3.605497   3.606257     1.9977      98.91     0.0250 5.1458e-02    4.08459    34.9371    34.9409    27.2574    1485.44    1486.00 0.0000e+00
       6318    237.000     7.7789     7.7833   3.605517   3.606282     1.9975      98.91     0.0225 5.1451e-02    4.08824    34.9388    34.9427    27.2591    1485.45    1485.99 0.0000e+00
       6340    238.000     7.7746     7.7790   3.605258   3.606035     1.9975      98.91     0.0184 5.1480e-02    4.09018    34.9398    34.9438    27.2605    1485.45    1485.99 0.0000e+00
       6362    239.000     7.7723     7.7768   3.605154   3.605920     1.9976      98.91     0.0191 5.1477e-02    4.09506    34.9405    34.9443    27.2614    1485.46    1485.99 0.0000e+00
       6383    240.000     7.7699     7.7742   3.605043   3.605810     1.9987      98.90     0.0219 5.1458e-02    4.09891    34.9412    34.9452    27.2623    1485.47    1485.99 0.0000e+00
       6405    241.000     7.7672     7.7717   3.604869   3.605632     1.9988      98.15     0.0203 5.1501e-02    4.09096    34.9416    34.9453    27.2630    1485.48    1485.99 0.0000e+00
       6427    242.000     7.7659     7.7704   3.604864   3.605640     1.9974      98.92     0.0205 5.1457e-02    4.08094    34.9423    34.9462    27.2638    1485.49    1485.98 0.0000e+00
       6448    243.000     7.7661     7.7705   3.604943   3.605717     1.9956      83.10     0.0216 5.1439e-02    4.07374    34.9425    34.9465    27.2639    1485.51    1485.98 0.0000e+00
       6470    244.000     7.7656     7.7701   3.604994   3.605769     1.9938      69.36     0.0219 5.1444e-02    4.07497    34.9431    34.9469    27.2644    1485.52    1485.98 0.0000e+00
       6491    245.000     7.7644     7.7689   3.604982   3.605763     1.9929      98.76     0.0210 5.1480e-02    4.07565    34.9437    34.9476    27.2650    1485.53    1485.98 0.0000e+00
       6512    246.000     7.7622     7.7664   3.604859   3.605617     1.9921      98.91     0.0201 5.1451e-02    4.07537    34.9440    34.9480    27.2656    1485.54    1485.98 0.0000e+00
       6534    247.000     7.7594     7.7637   3.604702   3.605472     1.9919      98.91     0.0203 5.1446e-02    4.08176    34.9447    34.9487    27.2665    1485.55    1485.97 0.0000e+00
       6555    248.000     7.7560     7.7603   3.604495   3.605255     1.9923      98.91     0.0200 5.1453e-02    4.07910    34.9453    34.9492    27.2676    1485.55    1485.97 0.0000e+00
       6577    249.000     7.7545     7.7588   3.604496   3.605274     1.9910      98.91     0.0229 5.1478e-02    4.06987    34.9464    34.9505    27.2686    1485.57    1485.97 0.0000e+00
       6598    250.000     7.7516     7.7559   3.604341   3.605100     1.9897      98.81     0.0233 5.1438e-02    4.06810    34.9471    34.9510    27.2696    1485.57    1485.97 0.0000e+00
       6620    251.000     7.7486     7.7530   3.604136   3.604903     1.9886      98.71     0.0221 5.1458e-02    4.06229    34.9474    34.9513    27.2703    1485.58    1485.97 0.0000e+00
       6641    252.000     7.7436     7.7480   3.603774   3.604535     1.9864      98.91     0.0225 5.1459e-02    4.04808    34.9480    34.9518    27.2715    1485.58    1485.97 0.0000e+00
       6662    253.000     7.7374     7.7413   3.603282   3.604015     1.9826      46.09     0.0255 5.1477e-02    4.03785    34.9484    34.9525    27.2728    1485.57    1485.96 0.0000e+00
       6684    254.000     7.7316     7.7357   3.602784   3.603545     1.9809      90.23     0.0246 5.1453e-02    4.04288    34.9484    34.9525    27.2736    1485.56    1485.96 0.0000e+00
       6705    255.000     7.7274     7.7319   3.602491   3.603268     1.9782      98.84     0.0238 5.1471e-02    4.01889    34.9489    34.9528    27.2746    1485.56    1485.96 0.0000e+00
       6727    256.000     7.7228     7.7271   3.602184   3.602952     1.9725      98.87     0.0212 5.1487e-02    3.99056    34.9497    34.9537    27.2759    1485.56    1485.96 0.0000e+00
       6748    257.000     7.7200     7.7244   3.602031   3.602813     1.9659      98.87     0.0186 5.1458e-02    3.96114    34.9504    34.9545    27.2769    1485.57    1485.96 0.0000e+00
