_data/ctd/2017/sta0300_2017.cnv
* Sea-Bird SBE 9 Data File:
* FileName = C:\Seabird\CTDData\sta0300.hex
* Software Version Seasave V 7.21f
* Temperature SN = 4385
* Conductivity SN = 2140
* Number of Bytes Per Scan = 34
* Number of Voltage Words = 3
* Number of Scans Averaged by the Deck Unit = 1
* NMEA Latitude = 60 52.25 N
* NMEA Longitude = 005 24.67 E
* NMEA UTC (Time) = Oct 10 2017 12:28:21
* NMEA baud rate = 4800
** Ship: 10 F/F "G. O. Sars"
** Station: 0300
** Echodepth: 489
** Log: 7137,783
** Wind-Dir Force: 07 16
** Air-temp (dry): 9.3
** Weather Sky: 2 8
** Sea Ice: 2 0
# nquan = 17                                
# nvalues = 478                         
# units = specified
# name 0 = scan: Scan Count
# name 1 = prDM: Pressure, Digiquartz [db]
# name 2 = t068C: Temperature [ITS-68, deg C]
# name 3 = t168C: Temperature, 2 [ITS-68, deg C]
# name 4 = c0S/m: Conductivity [S/m]
# name 5 = c1S/m: Conductivity, 2 [S/m]
# name 6 = sbeox0V: Oxygen raw, SBE 43 [V]
# name 7 = altM: Altimeter [m]
# name 8 = flC: Fluorescence, Chelsea Aqua 3 Chl Con [ug/l]
# name 9 = par: PAR/Irradiance, Biospherical/Licor
# name 10 = sbeox0ML/L: Oxygen, SBE 43 [ml/l], WS = 2
# name 11 = sal00: Salinity, Practical [PSU]
# name 12 = sal11: Salinity, Practical, 2 [PSU]
# name 13 = sigma-t00: Density [sigma-t, Kg/m^3 ]
# name 14 = svCM: Sound Velocity [Chen-Millero, m/s]
# name 15 = avgsvCM: Average Sound Velocity [Chen-Millero, m/s], minP = 1, minS = 5
# name 16 = flag: flag
# span 0 =       1530,      11857       
# span 1 =      3.000,    480.000       
# span 2 =     8.1787,    14.4437       
# span 3 =     8.1829,    14.4491       
# span 4 =   3.251991,   3.787340       
# span 5 =   3.250012,   3.788052       
# span 6 =     1.0185,     2.6927       
# span 7 =       9.88,      99.47       
# span 8 =     0.0240,     0.5242       
# span 9 = 5.1425e-02, 1.2611e+01       
# span 10 =    1.39685,    5.40411      
# span 11 =    26.8312,    35.0509      
# span 12 =    26.8141,    35.0548      
# span 13 =    20.0091,    27.2848      
# span 14 =    1484.75,    1500.24      
# span 15 =    1487.71,    1497.89      
# span 16 = 0.0000e+00, 0.0000e+00      
# interval = decibars: 1                
# start_time = Oct 10 2017 12:28:23 [System UTC, header]
# bad_flag = -9.990e-29
*END*
[from data line 86]
       3394     89.000     8.3947     8.3987   3.620875   3.621381     2.2403      98.92     0.0318 5.1451e-02    4.47373    34.5643    34.5658    26.8722    1484.87    1490.22 0.0000e+00
       3415     90.000     8.4108     8.4147   3.629156   3.629661     2.2202      98.92     0.0319 5.1453e-02    4.43935    34.6360    34.6376    26.9260    1485.04    1490.16 0.0000e+00
       3437     91.000     8.4157     8.4197   3.632441   3.632911     2.2032      98.92     0.0291 5.1491e-02    4.39394    34.6656    34.6667    26.9484    1485.11    1490.10 0.0000e+00
       3458     92.000     8.4174     8.4212   3.636471   3.636952     2.1838      98.92     0.0328 5.1440e-02    4.30535    34.7063    34.7077    26.9801    1485.18    1490.05 0.0000e+00
       3479     93.000     8.4162     8.4202   3.639604   3.640059     2.1563      42.46     0.0351 5.1466e-02    4.18581    34.7403    34.7412    27.0069    1485.24    1490.00 0.0000e+00
       3500     94.000     8.4146     8.4186   3.641212   3.641654     2.1241      86.66     0.0351 5.1459e-02    4.08175    34.7585    34.7592    27.0215    1485.27    1489.95 0.0000e+00
       3521     95.000     8.4129     8.4168   3.642950   3.643387     2.0904      99.07     0.0323 5.1473e-02    3.99084    34.7782    34.7789    27.0371    1485.30    1489.90 0.0000e+00
       3542     96.000     8.4106     8.4146   3.644182   3.644628     2.0584      98.92     0.0304 5.1445e-02    3.92972    34.7930    34.7938    27.0492    1485.33    1489.85 0.0000e+00
       3563     97.000     8.4080     8.4119   3.645775   3.646210     2.0324      98.92     0.0304 5.1471e-02    3.90296    34.8121    34.8128    27.0645    1485.36    1489.80 0.0000e+00
       3585     98.000     8.4032     8.4071   3.647167   3.647616     2.0133      98.91     0.0333 5.1446e-02    3.89336    34.8311    34.8320    27.0802    1485.38    1489.76 0.0000e+00
       3606     99.000     8.3973     8.4012   3.648675   3.649117     1.9993      98.92     0.0360 5.1459e-02    3.88609    34.8525    34.8534    27.0979    1485.40    1489.71 0.0000e+00
       3627    100.000     8.3939     8.3977   3.649450   3.649903     1.9893      46.62     0.0328 5.1501e-02    3.89065    34.8637    34.8647    27.1072    1485.42    1489.67 0.0000e+00
       3648    101.000     8.3912     8.3951   3.650044   3.650478     1.9847      99.00     0.0304 5.1432e-02    3.88862    34.8722    34.8729    27.1143    1485.44    1489.63 0.0000e+00
       3669    102.000     8.3893     8.3933   3.650356   3.650772     1.9778      98.92     0.0283 5.1466e-02    3.86251    34.8769    34.8773    27.1182    1485.45    1489.59 0.0000e+00
       3690    103.000     8.3853     8.3892   3.650621   3.651049     1.9709      98.92     0.0302 5.1432e-02    3.85060    34.8832    34.8839    27.1238    1485.46    1489.55 0.0000e+00
       3711    104.000     8.3822     8.3862   3.650955   3.651387     1.9658      98.92     0.0292 5.1460e-02    3.85069    34.8893    34.8900    27.1291    1485.47    1489.51 0.0000e+00
       3732    105.000     8.3812     8.3853   3.651297   3.651710     1.9630      98.92     0.0327 5.1459e-02    3.85614    34.8935    34.8938    27.1325    1485.49    1489.47 0.0000e+00
       3753    106.000     8.3769     8.3809   3.651280   3.651709     1.9612      98.86     0.0339 5.1477e-02    3.84685    34.8971    34.8977    27.1360    1485.50    1489.43 0.0000e+00
       3775    107.000     8.3751     8.3790   3.651425   3.651840     1.9571      67.21     0.0315 5.1460e-02    3.83748    34.8999    34.9005    27.1385    1485.51    1489.40 0.0000e+00
       3796    108.000     8.3695     8.3734   3.651237   3.651653     1.9553      98.48     0.0320 5.1446e-02    3.83421    34.9030    34.9035    27.1418    1485.51    1489.36 0.0000e+00
       3817    109.000     8.3634     8.3675   3.651057   3.651498     1.9518      98.92     0.0311 5.1453e-02    3.81325    34.9066    34.9073    27.1456    1485.51    1489.32 0.0000e+00
       3838    110.000     8.3675     8.3715   3.651768   3.652196     1.9462      98.92     0.0343 5.1466e-02    3.79144    34.9097    34.9102    27.1473    1485.54    1489.29 0.0000e+00
       3859    111.000     8.3654     8.3695   3.651756   3.652178     1.9406      98.92     0.0350 5.1459e-02    3.77079    34.9111    34.9116    27.1488    1485.55    1489.26 0.0000e+00
       3881    112.000     8.3594     8.3633   3.651404   3.651831     1.9331      98.92     0.0315 5.1464e-02    3.75660    34.9129    34.9135    27.1511    1485.55    1489.22 0.0000e+00
       3902    113.000     8.3560     8.3600   3.651204   3.651632     1.9295      97.07     0.0294 5.1487e-02    3.77222    34.9136    34.9142    27.1522    1485.55    1489.19 0.0000e+00
       3923    114.000     8.3586     8.3626   3.651707   3.652141     1.9285      90.60     0.0268 5.1487e-02    3.76973    34.9159    34.9166    27.1536    1485.58    1489.16 0.0000e+00
       3944    115.000     8.3535     8.3576   3.651419   3.651835     1.9252      98.84     0.0331 5.1473e-02    3.73921    34.9174    34.9178    27.1556    1485.58    1489.13 0.0000e+00
       3965    116.000     8.3448     8.3490   3.650632   3.651043     1.9179      98.92     0.0364 5.1480e-02    3.71429    34.9172    34.9174    27.1567    1485.57    1489.10 0.0000e+00
       3986    117.000     8.3413     8.3455   3.650477   3.650904     1.9127      98.92     0.0329 5.1453e-02    3.72117    34.9185    34.9189    27.1583    1485.57    1489.07 0.0000e+00
       4007    118.000     8.3475     8.3517   3.651482   3.651925     1.9108      98.60     0.0310 5.1466e-02    3.71245    34.9226    34.9231    27.1606    1485.62    1489.04 0.0000e+00
       4028    119.000     8.3501     8.3541   3.652052   3.652479     1.9045      98.83     0.0305 5.1466e-02    3.66375    34.9256    34.9262    27.1625    1485.65    1489.01 0.0000e+00
       4049    120.000     8.3465     8.3507   3.651833   3.652259     1.8939      98.92     0.0292 5.1480e-02    3.63546    34.9264    34.9267    27.1637    1485.65    1488.98 0.0000e+00
       4070    121.000     8.3414     8.3455   3.651431   3.651853     1.8876      98.93     0.0308 5.1459e-02    3.66513    34.9267    34.9271    27.1647    1485.65    1488.95 0.0000e+00
       4092    122.000     8.3382     8.3422   3.651233   3.651649     1.8901      98.92     0.0294 5.1471e-02    3.70598    34.9272    34.9277    27.1656    1485.65    1488.93 0.0000e+00
       4113    123.000     8.3362     8.3403   3.651137   3.651558     1.8933      98.92     0.0337 5.1473e-02    3.70419    34.9277    34.9281    27.1663    1485.66    1488.90 0.0000e+00
       4134    124.000     8.3321     8.3362   3.650813   3.651230     1.8929      98.92     0.0360 5.1439e-02    3.67645    34.9279    34.9282    27.1671    1485.66    1488.87 0.0000e+00
       4155    125.000     8.3292     8.3332   3.650622   3.651032     1.8880      98.92     0.0348 5.1453e-02    3.64229    34.9282    34.9286    27.1678    1485.67    1488.85 0.0000e+00
       4176    126.000     8.3276     8.3316   3.650537   3.650958     1.8814      98.92     0.0313 5.1446e-02    3.61691    34.9284    34.9289    27.1682    1485.68    1488.82 0.0000e+00
       4197    127.000     8.3224     8.3264   3.650074   3.650483     1.8738      98.92     0.0318 5.1453e-02    3.59326    34.9282    34.9286    27.1688    1485.68    1488.80 0.0000e+00
       4219    128.000     8.3161     8.3202   3.649538   3.649951     1.8659      98.92     0.0309 5.1451e-02    3.57258    34.9282    34.9286    27.1698    1485.67    1488.77 0.0000e+00
       4240    129.000     8.3141     8.3179   3.649392   3.649789     1.8582      98.92     0.0285 5.1453e-02    3.54578    34.9282    34.9286    27.1701    1485.68    1488.75 0.0000e+00
       4261    130.000     8.3099     8.3139   3.649036   3.649441     1.8483      98.92     0.0268 5.1473e-02    3.50181    34.9281    34.9284    27.1706    1485.68    1488.73 0.0000e+00
       4282    131.000     8.3101     8.3145   3.649139   3.649586     1.8355      94.87     0.0274 5.1459e-02    3.45374    34.9285    34.9289    27.1709    1485.70    1488.70 0.0000e+00
       4303    132.000     8.3111     8.3152   3.649315   3.649738     1.8213      10.48     0.0292 5.1439e-02    3.41196    34.9289    34.9293    27.1711    1485.72    1488.68 0.0000e+00
       4324    133.000     8.3082     8.3123   3.649075   3.649493     1.8078      60.66     0.0294 5.1471e-02    3.39082    34.9287    34.9291    27.1714    1485.72    1488.66 0.0000e+00
       4346    134.000     8.3052     8.3094   3.648833   3.649265     1.7974      67.28     0.0296 5.1460e-02    3.37824    34.9286    34.9291    27.1718    1485.73    1488.64 0.0000e+00
       4367    135.000     8.3052     8.3093   3.648935   3.649357     1.7889      57.78     0.0290 5.1480e-02    3.37141    34.9292    34.9297    27.1723    1485.75    1488.61 0.0000e+00
       4388    136.000     8.3026     8.3067   3.648737   3.649154     1.7823      74.63     0.0285 5.1466e-02    3.35609    34.9292    34.9296    27.1727    1485.75    1488.59 0.0000e+00
       4409    137.000     8.3000     8.3042   3.648575   3.649005     1.7755      55.31     0.0313 5.1453e-02    3.34664    34.9296    34.9300    27.1734    1485.76    1488.57 0.0000e+00
       4430    138.000     8.2988     8.3029   3.648527   3.648941     1.7703      98.97     0.0354 5.1459e-02    3.33293    34.9298    34.9301    27.1737    1485.77    1488.55 0.0000e+00
       4451    139.000     8.2976     8.3018   3.648475   3.648902     1.7641      98.90     0.0339 5.1459e-02    3.31178    34.9300    34.9303    27.1740    1485.78    1488.53 0.0000e+00
       4472    140.000     8.2968     8.3009   3.648453   3.648870     1.7573      98.88     0.0308 5.1473e-02    3.29076    34.9300    34.9304    27.1742    1485.80    1488.51 0.0000e+00
       4493    141.000     8.2956     8.2998   3.648405   3.648832     1.7503      98.86     0.0299 5.1487e-02    3.27794    34.9302    34.9306    27.1745    1485.81    1488.49 0.0000e+00
       4515    142.000     8.2937     8.2978   3.648246   3.648656     1.7450      98.88     0.0306 5.1473e-02    3.26750    34.9299    34.9302    27.1746    1485.82    1488.47 0.0000e+00
       4536    143.000     8.2930     8.2972   3.648218   3.648656     1.7389      70.69     0.0312 5.1464e-02    3.24828    34.9299    34.9304    27.1746    1485.83    1488.46 0.0000e+00
       4557    144.000     8.2921     8.2963   3.648201   3.648625     1.7333      76.98     0.0334 5.1453e-02    3.24199    34.9301    34.9304    27.1749    1485.85    1488.44 0.0000e+00
       4578    145.000     8.2915     8.2956   3.648188   3.648619     1.7286      98.74     0.0358 5.1453e-02    3.22766    34.9301    34.9306    27.1750    1485.86    1488.42 0.0000e+00
       4599    146.000     8.2913     8.2953   3.648220   3.648648     1.7232      98.66     0.0348 5.1446e-02    3.20921    34.9301    34.9307    27.1751    1485.88    1488.40 0.0000e+00
       4620    147.000     8.2909     8.2950   3.648259   3.648687     1.7171      98.64     0.0325 5.1446e-02    3.19155    34.9304    34.9309    27.1754    1485.89    1488.39 0.0000e+00
       4641    148.000     8.2911     8.2953   3.648338   3.648775     1.7113      98.78     0.0342 5.1467e-02    3.17988    34.9306    34.9311    27.1755    1485.91    1488.37 0.0000e+00
       4662    149.000     8.2911     8.2952   3.648411   3.648835     1.7063      98.79     0.0315 5.1487e-02    3.17314    34.9309    34.9314    27.1757    1485.93    1488.35 0.0000e+00
       4684    150.000     8.2900     8.2942   3.648349   3.648786     1.7022      77.02     0.0295 5.1451e-02    3.17452    34.9309    34.9313    27.1759    1485.94    1488.34 0.0000e+00
       4705    151.000     8.2894     8.2936   3.648359   3.648798     1.7012      92.79     0.0321 5.1459e-02    3.18668    34.9311    34.9316    27.1761    1485.95    1488.32 0.0000e+00
       4726    152.000     8.2894     8.2935   3.648407   3.648849     1.7008      98.53     0.0340 5.1459e-02    3.18634    34.9311    34.9317    27.1762    1485.97    1488.31 0.0000e+00
       4747    153.000     8.2893     8.2934   3.648448   3.648887     1.7000      98.56     0.0334 5.1493e-02    3.17815    34.9312    34.9318    27.1762    1485.98    1488.29 0.0000e+00
       4768    154.000     8.2890     8.2933   3.648482   3.648905     1.6978      98.54     0.0345 5.1467e-02    3.16580    34.9313    34.9316    27.1764    1486.00    1488.28 0.0000e+00
       4789    155.000     8.2890     8.2932   3.648530   3.648979     1.6951      98.55     0.0376 5.1473e-02    3.16049    34.9314    34.9320    27.1764    1486.02    1488.26 0.0000e+00
       4810    156.000     8.2888     8.2929   3.648579   3.649025     1.6933      98.46     0.0363 5.1466e-02    3.15900    34.9316    34.9323    27.1766    1486.03    1488.25 0.0000e+00
       4831    157.000     8.2883     8.2924   3.648612   3.649045     1.6914      85.69     0.0364 5.1480e-02    3.15599    34.9320    34.9325    27.1770    1486.05    1488.23 0.0000e+00
       4853    158.000     8.2881     8.2923   3.648649   3.649088     1.6903      98.32     0.0333 5.1451e-02    3.15725    34.9321    34.9326    27.1771    1486.06    1488.22 0.0000e+00
       4874    159.000     8.2880     8.2922   3.648705   3.649149     1.6894      98.21     0.0317 5.1446e-02    3.15367    34.9323    34.9329    27.1773    1486.08    1488.20 0.0000e+00
       4895    160.000     8.2872     8.2914   3.648698   3.649137     1.6879      98.41     0.0316 5.1459e-02    3.14851    34.9325    34.9330    27.1776    1486.09    1488.19 0.0000e+00
       4916    161.000     8.2866     8.2908   3.648705   3.649155     1.6864      98.59     0.0309 5.1480e-02    3.14663    34.9327    34.9334    27.1779    1486.11    1488.18 0.0000e+00
       4937    162.000     8.2866     8.2907   3.648746   3.649185     1.6856      98.57     0.0305 5.1445e-02    3.14874    34.9327    34.9333    27.1778    1486.12    1488.17 0.0000e+00
       4958    163.000     8.2864     8.2905   3.648789   3.649241     1.6849      98.56     0.0333 5.1481e-02    3.14732    34.9329    34.9336    27.1780    1486.14    1488.15 0.0000e+00
       4979    164.000     8.2863     8.2905   3.648814   3.649264     1.6845      98.47     0.0321 5.1473e-02    3.14632    34.9327    34.9334    27.1779    1486.16    1488.14 0.0000e+00
       5001    165.000     8.2856     8.2898   3.648808   3.649263     1.6836      98.35     0.0315 5.1451e-02    3.14430    34.9329    34.9336    27.1781    1486.17    1488.13 0.0000e+00
       5022    166.000     8.2851     8.2894   3.648811   3.649264     1.6831      98.33     0.0324 5.1473e-02    3.14248    34.9329    34.9335    27.1783    1486.18    1488.12 0.0000e+00
       5043    167.000     8.2848     8.2890   3.648834   3.649276     1.6820      98.29     0.0292 5.1473e-02    3.14231    34.9330    34.9335    27.1784    1486.20    1488.11 0.0000e+00
       5064    168.000     8.2842     8.2884   3.648844   3.649294     1.6822      98.24     0.0271 5.1473e-02    3.14827    34.9332    34.9338    27.1786    1486.21    1488.10 0.0000e+00
       5085    169.000     8.2841     8.2883   3.648893   3.649344     1.6825      98.19     0.0297 5.1452e-02    3.14792    34.9334    34.9340    27.1787    1486.23    1488.08 0.0000e+00
       5106    170.000     8.2826     8.2868   3.648823   3.649272     1.6823      97.80     0.0300 5.1467e-02    3.14637    34.9336    34.9342    27.1792    1486.24    1488.07 0.0000e+00
       5127    171.000     8.2819     8.2861   3.648811   3.649274     1.6824      97.57     0.0277 5.1484e-02    3.15338    34.9337    34.9345    27.1794    1486.26    1488.06 0.0000e+00
       5149    172.000     8.2814     8.2856   3.648820   3.649277     1.6837      97.48     0.0306 5.1453e-02    3.15943    34.9338    34.9345    27.1795    1486.27    1488.05 0.0000e+00
