_data/ctd/2017/sta0300_2017.cnv
* Sea-Bird SBE 9 Data File:
* FileName = C:\Seabird\CTDData\sta0300.hex
* Software Version Seasave V 7.21f
* Temperature SN = 4385
* Conductivity SN = 2140
* Number of Bytes Per Scan = 34
* Number of Voltage Words = 3
* Number of Scans Averaged by the Deck Unit = 1
* NMEA Latitude = 60 52.25 N
* NMEA Longitude = 005 24.67 E
* NMEA UTC (Time) = Oct 10 2017 12:28:21
* NMEA baud rate = 4800
** Ship: 10 F/F "G. O. Sars"
** Station: 0300
** Echodepth: 489
** Log: 7137,783
** Wind-Dir Force: 07 16
** Air-temp (dry): 9.3
** Weather Sky: 2 8
** Sea Ice: 2 0
# nquan = 17                                
# nvalues = 478                         
# units = specified
# name 0 = scan: Scan Count
# name 1 = prDM: Pressure, Digiquartz [db]
# name 2 = t068C: Temperature [ITS-68, deg C]
# name 3 = t168C: Temperature, 2 [ITS-68, deg C]
# name 4 = c0S/m: Conductivity [S/m]
# name 5 = c1S/m: Conductivity, 2 [S/m]
# name 6 = sbeox0V: Oxygen raw, SBE 43 [V]
# name 7 = altM: Altimeter [m]
# name 8 = flC: Fluorescence, Chelsea Aqua 3 Chl Con [ug/l]
# name 9 = par: PAR/Irradiance, Biospherical/Licor
# name 10 = sbeox0ML/L: Oxygen, SBE 43 [ml/l], WS = 2
# name 11 = sal00: Salinity, Practical [PSU]
# name 12 = sal11: Salinity, Practical, 2 [PSU]
# name 13 = sigma-t00: Density [sigma-t, Kg/m^3 ]
# name 14 = svCM: Sound Velocity [Chen-Millero, m/s]
# name 15 = avgsvCM: Average Sound Velocity [Chen-Millero, m/s], minP = 1, minS = 5
# name 16 = flag: flag
# span 0 =       1530,      11857       
# span 1 =      3.000,    480.000       
# span 2 =     8.1787,    14.4437       
# span 3 =     8.1829,    14.4491       
# span 4 =   3.251991,   3.787340       
# span 5 =   3.250012,   3.788052       
# span 6 =     1.0185,     2.6927       
# span 7 =       9.88,      99.47       
# span 8 =     0.0240,     0.5242       
# span 9 = 5.1425e-02, 1.2611e+01       
# span 10 =    1.39685,    5.40411      
# span 11 =    26.8312,    35.0509      
# span 12 =    26.8141,    35.0548      
# span 13 =    20.0091,    27.2848      
# span 14 =    1484.75,    1500.24      
# span 15 =    1487.71,    1497.89      
# span 16 = 0.0000e+00, 0.0000e+00      
# interval = decibars: 1                
# start_time = Oct 10 2017 12:28:23 [System UTC, header]
# bad_flag = -9.990e-29
*END*
[from data line 426]
      10628    429.000     8.1919     8.1959   3.662876   3.663569     1.0548      98.92     0.0376 5.1487e-02    1.48560    35.0498    35.0532    27.2843    1490.31    1488.17 0.0000e+00
      10650    430.000     8.1919     8.1960   3.662935   3.663624     1.0542      98.91     0.0403 5.1450e-02    1.48503    35.0500    35.0533    27.2844    1490.33    1488.18 0.0000e+00
      10671    431.000     8.1921     8.1961   3.662986   3.663687     1.0534      98.92     0.0405 5.1481e-02    1.48044    35.0499    35.0533    27.2843    1490.35    1488.18 0.0000e+00
      10693    432.000     8.1922     8.1961   3.663038   3.663737     1.0521      79.11     0.0397 5.1457e-02    1.47611    35.0498    35.0534    27.2842    1490.36    1488.19 0.0000e+00
      10714    433.000     8.1923     8.1963   3.663101   3.663806     1.0515      89.55     0.0411 5.1464e-02    1.48263    35.0499    35.0535    27.2843    1490.38    1488.19 0.0000e+00
      10736    434.000     8.1925     8.1965   3.663165   3.663861     1.0519      98.82     0.0387 5.1466e-02    1.48709    35.0499    35.0534    27.2843    1490.40    1488.20 0.0000e+00
      10758    435.000     8.1925     8.1965   3.663226   3.663921     1.0522      98.91     0.0377 5.1458e-02    1.48590    35.0501    35.0535    27.2844    1490.41    1488.20 0.0000e+00
      10779    436.000     8.1927     8.1966   3.663275   3.663978     1.0521      98.92     0.0403 5.1471e-02    1.48402    35.0500    35.0536    27.2843    1490.43    1488.21 0.0000e+00
      10801    437.000     8.1928     8.1968   3.663330   3.664040     1.0521      98.91     0.0414 5.1445e-02    1.48425    35.0500    35.0536    27.2843    1490.45    1488.21 0.0000e+00
      10823    438.000     8.1929     8.1968   3.663383   3.664084     1.0518      98.92     0.0443 5.1498e-02    1.48004    35.0500    35.0536    27.2842    1490.46    1488.22 0.0000e+00
      10845    439.000     8.1930     8.1971   3.663451   3.664148     1.0509      35.35     0.0438 5.1464e-02    1.47856    35.0501    35.0535    27.2843    1490.48    1488.23 0.0000e+00
      10866    440.000     8.1932     8.1972   3.663517   3.664212     1.0509      99.45     0.0442 5.1459e-02    1.48259    35.0502    35.0536    27.2843    1490.50    1488.23 0.0000e+00
      10888    441.000     8.1932     8.1972   3.663562   3.664263     1.0510      98.92     0.0434 5.1484e-02    1.48330    35.0502    35.0537    27.2843    1490.51    1488.24 0.0000e+00
      10909    442.000     8.1934     8.1974   3.663613   3.664315     1.0510      98.91     0.0417 5.1480e-02    1.48054    35.0500    35.0535    27.2842    1490.53    1488.24 0.0000e+00
      10931    443.000     8.1935     8.1973   3.663667   3.664375     1.0503      98.91     0.0421 5.1444e-02    1.47822    35.0500    35.0538    27.2842    1490.55    1488.25 0.0000e+00
      10952    444.000     8.1936     8.1976   3.663734   3.664432     1.0502      98.91     0.0438 5.1473e-02    1.47964    35.0502    35.0536    27.2843    1490.57    1488.25 0.0000e+00
      10973    445.000     8.1937     8.1977   3.663794   3.664490     1.0499      89.08     0.0421 5.1464e-02    1.47730    35.0502    35.0537    27.2843    1490.58    1488.26 0.0000e+00
      10995    446.000     8.1938     8.1977   3.663842   3.664543     1.0495      67.69     0.0376 5.1487e-02    1.48102    35.0502    35.0538    27.2843    1490.60    1488.26 0.0000e+00
      11017    447.000     8.1938     8.1979   3.663895   3.664606     1.0501      99.20     0.0319 5.1451e-02    1.48218    35.0503    35.0538    27.2843    1490.62    1488.27 0.0000e+00
      11038    448.000     8.1940     8.1980   3.663955   3.664649     1.0498      98.92     0.0341 5.1473e-02    1.47723    35.0502    35.0537    27.2843    1490.63    1488.27 0.0000e+00
      11060    449.000     8.1941     8.1981   3.664009   3.664709     1.0491      98.91     0.0395 5.1437e-02    1.47553    35.0502    35.0537    27.2843    1490.65    1488.28 0.0000e+00
      11081    450.000     8.1942     8.1982   3.664062   3.664772     1.0489      98.91     0.0391 5.1446e-02    1.47749    35.0502    35.0538    27.2842    1490.67    1488.28 0.0000e+00
      11103    451.000     8.1943     8.1983   3.664116   3.664824     1.0488      98.91     0.0401 5.1464e-02    1.47805    35.0502    35.0538    27.2842    1490.68    1488.29 0.0000e+00
      11124    452.000     8.1944     8.1984   3.664169   3.664887     1.0488      83.21     0.0396 5.1480e-02    1.47985    35.0502    35.0539    27.2842    1490.70    1488.29 0.0000e+00
      11146    453.000     8.1945     8.1986   3.664231   3.664942     1.0491      89.22     0.0394 5.1477e-02    1.47980    35.0503    35.0538    27.2843    1490.72    1488.30 0.0000e+00
      11167    454.000     8.1948     8.1987   3.664300   3.665017     1.0489      98.96     0.0416 5.1480e-02    1.47823    35.0503    35.0540    27.2842    1490.74    1488.30 0.0000e+00
      11189    455.000     8.1951     8.1990   3.664365   3.665070     1.0488      98.91     0.0417 5.1457e-02    1.47573    35.0502    35.0538    27.2841    1490.75    1488.31 0.0000e+00
      11210    456.000     8.1950     8.1991   3.664415   3.665129     1.0478      68.22     0.0430 5.1466e-02    1.46828    35.0504    35.0539    27.2842    1490.77    1488.31 0.0000e+00
      11232    457.000     8.1953     8.1992   3.664484   3.665198     1.0469      50.91     0.0426 5.1477e-02    1.46892    35.0503    35.0541    27.2841    1490.79    1488.32 0.0000e+00
      11253    458.000     8.1954     8.1994   3.664545   3.665264     1.0460      52.60     0.0445 5.1446e-02    1.46336    35.0504    35.0541    27.2842    1490.80    1488.33 0.0000e+00
      11274    459.000     8.1956     8.1995   3.664600   3.665311     1.0449      68.84     0.0451 5.1464e-02    1.45959    35.0503    35.0540    27.2841    1490.82    1488.33 0.0000e+00
      11296    460.000     8.1957     8.1997   3.664661   3.665375     1.0435      30.41     0.0449 5.1446e-02    1.45509    35.0504    35.0540    27.2841    1490.84    1488.34 0.0000e+00
      11318    461.000     8.1958     8.1999   3.664724   3.665423     1.0421      29.92     0.0423 5.1464e-02    1.45154    35.0505    35.0539    27.2842    1490.85    1488.34 0.0000e+00
      11339    462.000     8.1960     8.2000   3.664775   3.665494     1.0408      28.99     0.0389 5.1466e-02    1.44959    35.0504    35.0540    27.2841    1490.87    1488.35 0.0000e+00
      11361    463.000     8.1961     8.2000   3.664843   3.665557     1.0399      27.97     0.0394 5.1477e-02    1.44864    35.0505    35.0542    27.2842    1490.89    1488.35 0.0000e+00
      11382    464.000     8.1963     8.2002   3.664908   3.665629     1.0389      26.94     0.0406 5.1487e-02    1.44817    35.0505    35.0543    27.2842    1490.91    1488.36 0.0000e+00
      11403    465.000     8.1966     8.2005   3.664968   3.665701     1.0386      65.75     0.0420 5.1464e-02    1.44518    35.0504    35.0543    27.2840    1490.92    1488.36 0.0000e+00
      11425    466.000     8.1967     8.2006   3.665034   3.665755     1.0369      25.09     0.0416 5.1466e-02    1.43537    35.0505    35.0543    27.2841    1490.94    1488.37 0.0000e+00
      11446    467.000     8.1969     8.2008   3.665098   3.665810     1.0355      23.74     0.0430 5.1446e-02    1.43474    35.0505    35.0543    27.2841    1490.96    1488.37 0.0000e+00
      11467    468.000     8.1971     8.2010   3.665171   3.665893     1.0344      22.79     0.0434 5.1464e-02    1.43209    35.0506    35.0545    27.2841    1490.98    1488.38 0.0000e+00
      11489    469.000     8.1972     8.2011   3.665230   3.665955     1.0331      21.79     0.0407 5.1480e-02    1.42751    35.0507    35.0546    27.2841    1490.99    1488.39 0.0000e+00
      11510    470.000     8.1973     8.2013   3.665282   3.665868     1.0317      20.84     0.0402 5.1438e-02    1.42239    35.0507    35.0530    27.2841    1491.01    1488.39 0.0000e+00
      11532    471.000     8.1975     8.2015   3.665355   3.666066     1.0303      19.85     0.0421 5.1446e-02    1.42160    35.0508    35.0544    27.2842    1491.03    1488.40 0.0000e+00
      11553    472.000     8.1978     8.2016   3.665430   3.666135     1.0294      18.85     0.0410 5.1457e-02    1.41970    35.0508    35.0546    27.2841    1491.04    1488.40 0.0000e+00
      11575    473.000     8.1978     8.2017   3.665471   3.666189     1.0282      17.83     0.0424 5.1466e-02    1.41491    35.0508    35.0546    27.2841    1491.06    1488.41 0.0000e+00
      11596    474.000     8.1981     8.2020   3.665537   3.666266     1.0269      16.83     0.0434 5.1466e-02    1.40972    35.0507    35.0546    27.2840    1491.08    1488.41 0.0000e+00
      11617    475.000     8.1982     8.2021   3.665605   3.666320     1.0253      15.30     0.0442 5.1471e-02    1.40682    35.0509    35.0546    27.2841    1491.10    1488.42 0.0000e+00
      11639    476.000     8.1984     8.2023   3.665658   3.666380     1.0243      14.68     0.0421 5.1446e-02    1.40628    35.0508    35.0546    27.2840    1491.11    1488.43 0.0000e+00
      11660    477.000     8.1984     8.2024   3.665712   3.666434     1.0234      13.34     0.0406 5.1473e-02    1.40315    35.0509    35.0546    27.2841    1491.13    1488.43 0.0000e+00
      11682    478.000     8.1984     8.2024   3.665754   3.666486     1.0222      12.62     0.0434 5.1484e-02    1.39904    35.0508    35.0547    27.2841    1491.15    1488.44 0.0000e+00
      11703    479.000     8.1986     8.2025   3.665809   3.666534     1.0210      11.83     0.0424 5.1452e-02    1.39685    35.0508    35.0546    27.2840    1491.16    1488.44 0.0000e+00
      11857    480.000     8.1990     8.2027   3.665835   3.666613     1.0185       9.88     0.0416 5.1435e-02    1.40229    35.0502    35.0548    27.2834    1491.18    1488.45 0.0000e+00
