_data/ctd/2017/sta0301_2017.cnv
* Sea-Bird SBE 9 Data File:
* FileName = C:\Seabird\CTDData\sta0301.hex
* Software Version Seasave V 7.21f
* Temperature SN = 4385
* Conductivity SN = 2140
* Number of Bytes Per Scan = 34
* Number of Voltage Words = 3
* Number of Scans Averaged by the Deck Unit = 1
* NMEA Latitude = 61 21.85 N
* NMEA Longitude = 007 22.73 E
* NMEA UTC (Time) = Oct 14 2017 11:01:26
* NMEA baud rate = 4800
** Ship: 10 F/F "G. O. Sars"
** Station: 0301
** Echodepth: 373
** Log: 7484,082
** Wind-Dir Force: 19 17
** Air-temp (dry): 12.3
** Weather Sky: 2 6
** Sea Ice: 1 0
# nquan = 17                                
# nvalues = 364                         
# units = specified
# name 0 = scan: Scan Count
# name 1 = prDM: Pressure, Digiquartz [db]
# name 2 = t068C: Temperature [ITS-68, deg C]
# name 3 = t168C: Temperature, 2 [ITS-68, deg C]
# name 4 = c0S/m: Conductivity [S/m]
# name 5 = c1S/m: Conductivity, 2 [S/m]
# name 6 = sbeox0V: Oxygen raw, SBE 43 [V]
# name 7 = altM: Altimeter [m]
# name 8 = flC: Fluorescence, Chelsea Aqua 3 Chl Con [ug/l]
# name 9 = par: PAR/Irradiance, Biospherical/Licor
# name 10 = sbeox0ML/L: Oxygen, SBE 43 [ml/l], WS = 2
# name 11 = sal00: Salinity, Practical [PSU]
# name 12 = sal11: Salinity, Practical, 2 [PSU]
# name 13 = sigma-t00: Density [sigma-t, Kg/m^3 ]
# name 14 = svCM: Sound Velocity [Chen-Millero, m/s]
# name 15 = avgsvCM: Average Sound Velocity [Chen-Millero, m/s], minP = 1, minS = 5
# name 16 = flag: flag
# span 0 =       1232,       9118       
# span 1 =      3.000,    366.000       
# span 2 =     7.6023,    13.4791       
# span 3 =     7.6066,    13.4842       
# span 4 =   3.212211,   3.665769       
# span 5 =   3.213463,   3.666554       
# span 6 =     1.7671,     2.8600       
# span 7 =       7.96,     100.27       
# span 8 =     0.0181,     0.3747       
# span 9 = 5.1418e-02, 2.9038e+01       
# span 10 =    3.51448,    5.92792      
# span 11 =    26.9530,    34.9952      
# span 12 =    26.9622,    35.0002      
# span 13 =    20.2306,    27.3293      
# span 14 =    1483.97,    1496.14      
# span 15 =    1485.93,    1493.85      
# span 16 = 0.0000e+00, 0.0000e+00      
# interval = decibars: 1                
# start_time = Oct 14 2017 11:01:28 [System UTC, header]
# bad_flag = -9.990e-29
*END*
[from data line 86]
       3163     89.000     8.5452     8.5490   3.625686   3.626362     1.9588      98.90     0.0356 5.1452e-02    3.71257    34.4680    34.4715    26.7734    1485.32    1487.82 0.0000e+00
       3184     90.000     8.5375     8.5414   3.625987   3.626673     1.9392      98.90     0.0357 5.1451e-02    3.67265    34.4783    34.4817    26.7827    1485.32    1487.79 0.0000e+00
       3206     91.000     8.5230     8.5267   3.626416   3.627077     1.9208      96.96     0.0344 5.1487e-02    3.64425    34.4965    34.4999    26.7992    1485.30    1487.76 0.0000e+00
       3227     92.000     8.5106     8.5145   3.626439   3.627085     1.9076      25.74     0.0344 5.1487e-02    3.65478    34.5084    34.5114    26.8104    1485.29    1487.74 0.0000e+00
       3248     93.000     8.5025     8.5064   3.626504   3.627154     1.9025     100.27     0.0342 5.1480e-02    3.67955    34.5165    34.5196    26.8181    1485.28    1487.71 0.0000e+00
       3269     94.000     8.4914     8.4951   3.627138   3.627822     1.9012      98.86     0.0343 5.1484e-02    3.69325    34.5336    34.5373    26.8332    1485.28    1487.68 0.0000e+00
       3291     95.000     8.4801     8.4841   3.627102   3.627757     1.9008      98.87     0.0353 5.1467e-02    3.69143    34.5438    34.5469    26.8430    1485.27    1487.66 0.0000e+00
       3312     96.000     8.4696     8.4736   3.626781   3.627425     1.8994      98.86     0.0348 5.1466e-02    3.69384    34.5502    34.5531    26.8496    1485.25    1487.63 0.0000e+00
       3333     97.000     8.4361     8.4404   3.625072   3.625689     1.9003      98.77     0.0327 5.1508e-02    3.70602    34.5645    34.5668    26.8659    1485.16    1487.61 0.0000e+00
       3354     98.000     8.4255     8.4296   3.624735   3.625372     1.9005      92.01     0.0312 5.1480e-02    3.69540    34.5708    34.5736    26.8725    1485.14    1487.58 0.0000e+00
       3375     99.000     8.4134     8.4177   3.624382   3.625033     1.8985      70.09     0.0327 5.1452e-02    3.67928    34.5785    34.5812    26.8804    1485.12    1487.56 0.0000e+00
       3396    100.000     8.3985     8.4025   3.623892   3.624517     1.8937      98.81     0.0343 5.1490e-02    3.63081    34.5874    34.5901    26.8897    1485.10    1487.53 0.0000e+00
       3418    101.000     8.3834     8.3874   3.623482   3.624130     1.8817      98.83     0.0301 5.1487e-02    3.57682    34.5974    34.6004    26.8999    1485.07    1487.51 0.0000e+00
       3439    102.000     8.3747     8.3784   3.623336   3.623957     1.8699      98.85     0.0281 5.1480e-02    3.55397    34.6039    34.6069    26.9063    1485.06    1487.48 0.0000e+00
       3460    103.000     8.3427     8.3463   3.622187   3.622793     1.8602      98.87     0.0284 5.1466e-02    3.55251    34.6227    34.6256    26.9260    1484.98    1487.46 0.0000e+00
       3481    104.000     8.3011     8.3050   3.620751   3.621345     1.8549      98.87     0.0290 5.1459e-02    3.56485    34.6479    34.6504    26.9521    1484.87    1487.43 0.0000e+00
       3502    105.000     8.2991     8.3035   3.621513   3.622240     1.8520      98.88     0.0278 5.1480e-02    3.57019    34.6575    34.6609    26.9599    1484.89    1487.41 0.0000e+00
       3523    106.000     8.2909     8.2946   3.621441   3.622040     1.8508      98.78     0.0271 5.1459e-02    3.58193    34.6643    34.6671    26.9665    1484.89    1487.39 0.0000e+00
       3544    107.000     8.2815     8.2860   3.620867   3.621541     1.8518      98.53     0.0294 5.1459e-02    3.60050    34.6670    34.6697    26.9701    1484.87    1487.36 0.0000e+00
       3565    108.000     8.2776     8.2815   3.620745   3.621372     1.8553      98.44     0.0301 5.1490e-02    3.62814    34.6691    34.6719    26.9723    1484.88    1487.34 0.0000e+00
       3587    109.000     8.2662     8.2699   3.620346   3.620967     1.8612      98.46     0.0299 5.1467e-02    3.65217    34.6756    34.6785    26.9791    1484.86    1487.32 0.0000e+00
       3608    110.000     8.2575     8.2616   3.620084   3.620728     1.8668      98.23     0.0284 5.1473e-02    3.66106    34.6809    34.6837    26.9846    1484.85    1487.29 0.0000e+00
       3629    111.000     8.2449     8.2490   3.619647   3.620282     1.8705      98.10     0.0259 5.1466e-02    3.66327    34.6882    34.6909    26.9923    1484.83    1487.27 0.0000e+00
       3650    112.000     8.2338     8.2379   3.619464   3.620099     1.8735      98.06     0.0269 5.1487e-02    3.66111    34.6967    34.6994    27.0007    1484.81    1487.25 0.0000e+00
       3671    113.000     8.2264     8.2305   3.619236   3.619867     1.8737      84.26     0.0273 5.1445e-02    3.65357    34.7011    34.7038    27.0052    1484.81    1487.23 0.0000e+00
       3692    114.000     8.2148     8.2189   3.618719   3.619345     1.8744      56.31     0.0263 5.1497e-02    3.67047    34.7066    34.7092    27.0113    1484.79    1487.21 0.0000e+00
       3714    115.000     8.2050     8.2086   3.618253   3.618841     1.8778      79.57     0.0274 5.1474e-02    3.68491    34.7108    34.7135    27.0161    1484.77    1487.19 0.0000e+00
       3735    116.000     8.1849     8.1886   3.616607   3.617172     1.8803      43.56     0.0264 5.1439e-02    3.69246    34.7126    34.7150    27.0206    1484.71    1487.16 0.0000e+00
       3756    117.000     8.1742     8.1784   3.615862   3.616484     1.8830      98.22     0.0243 5.1453e-02    3.69743    34.7147    34.7172    27.0239    1484.69    1487.14 0.0000e+00
       3777    118.000     8.1655     8.1695   3.615539   3.616160     1.8844      94.99     0.0242 5.1460e-02    3.68646    34.7194    34.7221    27.0289    1484.68    1487.12 0.0000e+00
       3798    119.000     8.1514     8.1553   3.614937   3.615559     1.8824      94.80     0.0253 5.1466e-02    3.65780    34.7264    34.7292    27.0365    1484.65    1487.10 0.0000e+00
       3819    120.000     8.1390     8.1413   3.614405   3.614953     1.8766      94.10     0.0271 5.1466e-02    3.62914    34.7325    34.7361    27.0432    1484.63    1487.08 0.0000e+00
       3840    121.000     8.1191     8.1231   3.613593   3.614210     1.8706      91.97     0.0275 5.1473e-02    3.61561    34.7431    34.7457    27.0545    1484.59    1487.06 0.0000e+00
       3861    122.000     8.0930     8.0971   3.612574   3.613186     1.8648      97.85     0.0286 5.1464e-02    3.60776    34.7576    34.7600    27.0698    1484.52    1487.04 0.0000e+00
       3883    123.000     8.0648     8.0684   3.611568   3.612154     1.8606      97.92     0.0234 5.1460e-02    3.60842    34.7743    34.7770    27.0871    1484.45    1487.02 0.0000e+00
       3904    124.000     8.0509     8.0564   3.611108   3.611770     1.8573      97.94     0.0256 5.1473e-02    3.60603    34.7827    34.7843    27.0958    1484.43    1487.00 0.0000e+00
       3925    125.000     8.0428     8.0467   3.610888   3.611495     1.8549      97.94     0.0257 5.1446e-02    3.61349    34.7879    34.7905    27.1011    1484.42    1486.98 0.0000e+00
       3946    126.000     8.0393     8.0433   3.610802   3.611423     1.8553      97.94     0.0266 5.1473e-02    3.63104    34.7899    34.7926    27.1033    1484.43    1486.96 0.0000e+00
       3967    127.000     8.0375     8.0417   3.610789   3.611434     1.8574      97.93     0.0251 5.1480e-02    3.64790    34.7911    34.7938    27.1044    1484.44    1486.94 0.0000e+00
       3988    128.000     8.0236     8.0269   3.610470   3.611087     1.8608      97.90     0.0229 5.1418e-02    3.66303    34.8010    34.8043    27.1143    1484.41    1486.92 0.0000e+00
       4010    129.000     8.0138     8.0178   3.610254   3.610882     1.8644      97.88     0.0245 5.1425e-02    3.67302    34.8079    34.8107    27.1212    1484.40    1486.90 0.0000e+00
       4031    130.000     8.0080     8.0127   3.610064   3.610727     1.8672      90.26     0.0246 5.1466e-02    3.67587    34.8112    34.8136    27.1247    1484.40    1486.88 0.0000e+00
       4052    131.000     8.0050     8.0091   3.609993   3.610634     1.8698      66.87     0.0261 5.1480e-02    3.69485    34.8129    34.8157    27.1265    1484.41    1486.86 0.0000e+00
       4073    132.000     8.0011     8.0054   3.609907   3.610551     1.8750      96.78     0.0264 5.1473e-02    3.71131    34.8154    34.8180    27.1290    1484.41    1486.84 0.0000e+00
       4094    133.000     7.9972     8.0014   3.609966   3.610620     1.8787      78.71     0.0256 5.1459e-02    3.72519    34.8194    34.8223    27.1327    1484.42    1486.82 0.0000e+00
       4116    134.000     7.9976     8.0017   3.610158   3.610793     1.8841      97.90     0.0289 5.1451e-02    3.74056    34.8206    34.8233    27.1336    1484.44    1486.80 0.0000e+00
       4136    135.000     7.9967     8.0010   3.610107   3.610768     1.8884      97.82     0.0271 5.1452e-02    3.74697    34.8204    34.8233    27.1336    1484.45    1486.79 0.0000e+00
       4158    136.000     7.9965     8.0010   3.610228   3.610902     1.8918      97.78     0.0228 5.1453e-02    3.75492    34.8215    34.8242    27.1345    1484.47    1486.77 0.0000e+00
       4179    137.000     7.9969     8.0016   3.610372   3.611109     1.8958      97.86     0.0236 5.1459e-02    3.76725    34.8221    34.8254    27.1349    1484.49    1486.75 0.0000e+00
       4200    138.000     7.9971     8.0016   3.610665   3.611354     1.8996      97.91     0.0233 5.1459e-02    3.77303    34.8246    34.8275    27.1368    1484.51    1486.74 0.0000e+00
       4221    139.000     7.9947     7.9989   3.610584   3.611254     1.9019      98.48     0.0247 5.1459e-02    3.77489    34.8256    34.8286    27.1380    1484.52    1486.72 0.0000e+00
       4242    140.000     7.9929     7.9973   3.610585   3.611256     1.9044      98.76     0.0293 5.1487e-02    3.79028    34.8269    34.8298    27.1393    1484.53    1486.71 0.0000e+00
       4263    141.000     7.9913     7.9956   3.610582   3.611240     1.9091      98.78     0.0299 5.1459e-02    3.81532    34.8280    34.8308    27.1404    1484.54    1486.69 0.0000e+00
       4284    142.000     7.9896     7.9939   3.610572   3.611246     1.9144      98.62     0.0290 5.1444e-02    3.82590    34.8291    34.8321    27.1415    1484.55    1486.68 0.0000e+00
       4306    143.000     7.9858     7.9902   3.610469   3.611145     1.9182      97.97     0.0297 5.1459e-02    3.83099    34.8313    34.8342    27.1438    1484.55    1486.66 0.0000e+00
       4327    144.000     7.9783     7.9823   3.610158   3.610806     1.9217      96.44     0.0267 5.1453e-02    3.83574    34.8349    34.8379    27.1478    1484.55    1486.65 0.0000e+00
       4348    145.000     7.9707     7.9748   3.609936   3.610608     1.9238      29.90     0.0279 5.1459e-02    3.83763    34.8396    34.8428    27.1526    1484.54    1486.63 0.0000e+00
       4369    146.000     7.9660     7.9701   3.609928   3.610605     1.9260      97.57     0.0289 5.1473e-02    3.84035    34.8437    34.8469    27.1565    1484.54    1486.62 0.0000e+00
       4390    147.000     7.9634     7.9674   3.609995   3.610701     1.9266      91.08     0.0263 5.1473e-02    3.83064    34.8466    34.8502    27.1591    1484.56    1486.60 0.0000e+00
       4412    148.000     7.9618     7.9662   3.610173   3.610819     1.9260      63.36     0.0273 5.1484e-02    3.83602    34.8496    34.8521    27.1617    1484.57    1486.59 0.0000e+00
       4433    149.000     7.9609     7.9651   3.610186   3.610864     1.9276      94.92     0.0282 5.1473e-02    3.84905    34.8501    34.8532    27.1623    1484.58    1486.58 0.0000e+00
       4454    150.000     7.9610     7.9653   3.610512   3.611191     1.9300      86.82     0.0259 5.1432e-02    3.87494    34.8531    34.8561    27.1646    1484.60    1486.56 0.0000e+00
       4475    151.000     7.9601     7.9644   3.610598   3.611288     1.9363      96.13     0.0291 5.1480e-02    3.90016    34.8544    34.8575    27.1658    1484.62    1486.55 0.0000e+00
       4496    152.000     7.9594     7.9636   3.610626   3.611308     1.9412      96.21     0.0286 5.1453e-02    3.91306    34.8549    34.8580    27.1663    1484.63    1486.54 0.0000e+00
       4517    153.000     7.9557     7.9599   3.610591   3.611264     1.9475      98.55     0.0258 5.1466e-02    3.93222    34.8577    34.8608    27.1691    1484.64    1486.52 0.0000e+00
       4538    154.000     7.9526     7.9568   3.610638   3.611329     1.9522      98.81     0.0258 5.1473e-02    3.93812    34.8608    34.8641    27.1720    1484.65    1486.51 0.0000e+00
       4559    155.000     7.9502     7.9543   3.610703   3.611381     1.9569      98.80     0.0268 5.1473e-02    3.95587    34.8634    34.8666    27.1744    1484.66    1486.50 0.0000e+00
       4581    156.000     7.9447     7.9493   3.610315   3.611013     1.9625      98.80     0.0271 5.1458e-02    3.97495    34.8643    34.8672    27.1758    1484.65    1486.49 0.0000e+00
       4602    157.000     7.9382     7.9424   3.610040   3.610729     1.9678      98.81     0.0231 5.1453e-02    3.98987    34.8673    34.8705    27.1792    1484.65    1486.48 0.0000e+00
       4623    158.000     7.9377     7.9420   3.610398   3.611083     1.9733      98.80     0.0250 5.1459e-02    3.99961    34.8712    34.8742    27.1823    1484.67    1486.47 0.0000e+00
       4644    159.000     7.9365     7.9410   3.610483   3.611181     1.9770      98.80     0.0251 5.1487e-02    3.99745    34.8728    34.8758    27.1838    1484.68    1486.45 0.0000e+00
       4665    160.000     7.9333     7.9376   3.610312   3.610998     1.9791      98.74     0.0225 5.1452e-02    4.00532    34.8737    34.8767    27.1849    1484.69    1486.44 0.0000e+00
       4686    161.000     7.9260     7.9303   3.609890   3.610560     1.9830      98.69     0.0263 5.1495e-02    4.02711    34.8759    34.8788    27.1878    1484.68    1486.43 0.0000e+00
       4707    162.000     7.9259     7.9301   3.609982   3.610652     1.9874      44.34     0.0242 5.1459e-02    4.04427    34.8765    34.8795    27.1883    1484.70    1486.42 0.0000e+00
       4729    163.000     7.9254     7.9297   3.610040   3.610731     1.9932      98.67     0.0256 5.1477e-02    4.05484    34.8771    34.8803    27.1888    1484.71    1486.41 0.0000e+00
       4750    164.000     7.9244     7.9287   3.610087   3.610779     1.9956      92.41     0.0246 5.1433e-02    4.03927    34.8782    34.8813    27.1898    1484.73    1486.40 0.0000e+00
       4771    165.000     7.9201     7.9242   3.609929   3.610623     1.9951      59.94     0.0247 5.1459e-02    4.03251    34.8803    34.8836    27.1921    1484.73    1486.39 0.0000e+00
       4792    166.000     7.9141     7.9180   3.609516   3.610169     1.9957      98.22     0.0258 5.1500e-02    4.04202    34.8813    34.8845    27.1938    1484.72    1486.38 0.0000e+00
       4813    167.000     7.9099     7.9143   3.609298   3.609982     1.9971      92.85     0.0247 5.1466e-02    4.05178    34.8827    34.8857    27.1955    1484.73    1486.37 0.0000e+00
       4834    168.000     7.9097     7.9139   3.609394   3.610094     1.9991      98.56     0.0274 5.1487e-02    4.05521    34.8834    34.8868    27.1961    1484.74    1486.36 0.0000e+00
       4855    169.000     7.9055     7.9098   3.609217   3.609901     1.9996      98.73     0.0280 5.1459e-02    4.04620    34.8852    34.8883    27.1982    1484.75    1486.35 0.0000e+00
       4876    170.000     7.9007     7.9049   3.608948   3.609629     1.9987      98.37     0.0246 5.1488e-02    4.03893    34.8866    34.8898    27.2000    1484.75    1486.34 0.0000e+00
       4898    171.000     7.8997     7.9040   3.608920   3.609614     1.9975      96.14     0.0218 5.1471e-02    4.03948    34.8868    34.8900    27.2003    1484.76    1486.33 0.0000e+00
       4919    172.000     7.8982     7.9025   3.608936   3.609629     1.9974      97.98     0.0219 5.1480e-02    4.04720    34.8880    34.8912    27.2014    1484.77    1486.32 0.0000e+00
