_data/ctd/2017/sta0300_2017.cnv
* Sea-Bird SBE 9 Data File:
* FileName = C:\Seabird\CTDData\sta0300.hex
* Software Version Seasave V 7.21f
* Temperature SN = 4385
* Conductivity SN = 2140
* Number of Bytes Per Scan = 34
* Number of Voltage Words = 3
* Number of Scans Averaged by the Deck Unit = 1
* NMEA Latitude = 60 52.25 N
* NMEA Longitude = 005 24.67 E
* NMEA UTC (Time) = Oct 10 2017 12:28:21
* NMEA baud rate = 4800
** Ship: 10 F/F "G. O. Sars"
** Station: 0300
** Echodepth: 489
** Log: 7137,783
** Wind-Dir Force: 07 16
** Air-temp (dry): 9.3
** Weather Sky: 2 8
** Sea Ice: 2 0
# nquan = 17                                
# nvalues = 478                         
# units = specified
# name 0 = scan: Scan Count
# name 1 = prDM: Pressure, Digiquartz [db]
# name 2 = t068C: Temperature [ITS-68, deg C]
# name 3 = t168C: Temperature, 2 [ITS-68, deg C]
# name 4 = c0S/m: Conductivity [S/m]
# name 5 = c1S/m: Conductivity, 2 [S/m]
# name 6 = sbeox0V: Oxygen raw, SBE 43 [V]
# name 7 = altM: Altimeter [m]
# name 8 = flC: Fluorescence, Chelsea Aqua 3 Chl Con [ug/l]
# name 9 = par: PAR/Irradiance, Biospherical/Licor
# name 10 = sbeox0ML/L: Oxygen, SBE 43 [ml/l], WS = 2
# name 11 = sal00: Salinity, Practical [PSU]
# name 12 = sal11: Salinity, Practical, 2 [PSU]
# name 13 = sigma-t00: Density [sigma-t, Kg/m^3 ]
# name 14 = svCM: Sound Velocity [Chen-Millero, m/s]
# name 15 = avgsvCM: Average Sound Velocity [Chen-Millero, m/s], minP = 1, minS = 5
# name 16 = flag: flag
# span 0 =       1530,      11857       
# span 1 =      3.000,    480.000       
# span 2 =     8.1787,    14.4437       
# span 3 =     8.1829,    14.4491       
# span 4 =   3.251991,   3.787340       
# span 5 =   3.250012,   3.788052       
# span 6 =     1.0185,     2.6927       
# span 7 =       9.88,      99.47       
# span 8 =     0.0240,     0.5242       
# span 9 = 5.1425e-02, 1.2611e+01       
# span 10 =    1.39685,    5.40411      
# span 11 =    26.8312,    35.0509      
# span 12 =    26.8141,    35.0548      
# span 13 =    20.0091,    27.2848      
# span 14 =    1484.75,    1500.24      
# span 15 =    1487.71,    1497.89      
# span 16 = 0.0000e+00, 0.0000e+00      
# interval = decibars: 1                
# start_time = Oct 10 2017 12:28:23 [System UTC, header]
# bad_flag = -9.990e-29
*END*
       1530      3.000    13.3529    13.3515   3.251991   3.250012     2.6856      98.92     0.5242 1.2611e+01    5.40411    26.8312    26.8141    20.0091    1491.77    1491.77 0.0000e+00
       1563      4.000    13.6923    13.7243   3.438606   3.458037     2.6859      98.92     0.4961 9.0161e+00    5.32435    28.2885    28.4420    21.0683    1494.64    1492.49 0.0000e+00
       1585      5.000    14.0854    14.0839   3.638852   3.639004     2.6866      98.92     0.4181 6.4783e+00    5.24501    29.8152    29.8177    22.1677    1497.75    1493.54 0.0000e+00
       1606      6.000    14.1889    14.1886   3.682871   3.682573     2.6922      98.92     0.3227 4.7726e+00    5.24176    30.1349    30.1324    22.3932    1498.48    1494.36 0.0000e+00
       1627      7.000    14.2453    14.2515   3.703977   3.706288     2.6927      98.92     0.2442 3.6766e+00    5.17968    30.2823    30.2984    22.4953    1498.85    1495.00 0.0000e+00
       1648      8.000    14.2753    14.2812   3.714640   3.716570     2.6763      98.92     0.2005 2.9188e+00    5.07916    30.3552    30.3681    22.5455    1499.05    1495.50 0.0000e+00
       1670      9.000    14.3214    14.3281   3.732164   3.733808     2.6504      98.92     0.1675 2.3368e+00    4.98781    30.4778    30.4874    22.6305    1499.36    1495.93 0.0000e+00
       1691     10.000    14.3797    14.3805   3.749876   3.749859     2.6244      98.92     0.1423 1.9172e+00    4.92580    30.5922    30.5914    22.7067    1499.70    1496.31 0.0000e+00
       1713     11.000    14.4126    14.4174   3.757049   3.758147     2.6031      98.93     0.1240 1.5901e+00    4.90278    30.6308    30.6370    22.7297    1499.87    1496.63 0.0000e+00
       1735     12.000    14.4437    14.4491   3.765273   3.767549     2.5908      98.85     0.1102 1.3453e+00    4.90311    30.6804    30.6968    22.7615    1500.04    1496.91 0.0000e+00
       1756     13.000    14.4400    14.4427   3.783251   3.784791     2.5847      98.89     0.1051 1.1466e+00    4.90625    30.8460    30.8578    22.8899    1500.24    1497.17 0.0000e+00
       1778     14.000    14.4048    14.4082   3.786967   3.787728     2.5832      98.92     0.0914 9.8522e-01    4.91818    30.9074    30.9116    22.9445    1500.21    1497.39 0.0000e+00
       1799     15.000    14.3658    14.3691   3.787340   3.788052     2.5820      98.92     0.0821 8.4996e-01    4.87252    30.9415    30.9454    22.9788    1500.14    1497.57 0.0000e+00
       1821     16.000    14.3168    14.3192   3.785634   3.786102     2.5591      98.92     0.0749 7.2991e-01    4.73701    30.9648    30.9672    23.0069    1500.03    1497.72 0.0000e+00
       1842     17.000    14.1039    14.1045   3.771509   3.771601     2.5212      98.92     0.0704 6.2934e-01    4.65769    31.0063    31.0067    23.0825    1499.40    1497.82 0.0000e+00
       1864     18.000    13.8582    13.8567   3.754897   3.754772     2.4939      98.92     0.0669 5.5160e-01    4.64228    31.0517    31.0517    23.1673    1498.66    1497.87 0.0000e+00
       1886     19.000    13.7054    13.7055   3.744159   3.744107     2.4676      98.92     0.0615 4.7888e-01    4.59442    31.0760    31.0755    23.2168    1498.20    1497.89 0.0000e+00
       1907     20.000    13.5670    13.5625   3.732909   3.732265     2.4439      98.92     0.0552 4.1947e-01    4.59349    31.0840    31.0817    23.2505    1497.77    1497.88 0.0000e+00
       1929     21.000    13.2980    13.2905   3.709474   3.708729     2.4354      98.92     0.0517 3.7097e-01    4.64845    31.0850    31.0841    23.3044    1496.89    1497.83 0.0000e+00
       1951     22.000    12.9463    12.9345   3.683531   3.682367     2.4331      98.92     0.0510 3.2663e-01    4.68850    31.1298    31.1286    23.4076    1495.78    1497.74 0.0000e+00
       1972     23.000    12.6736    12.6784   3.674323   3.674754     2.4302      90.17     0.0492 2.9346e-01    4.69412    31.2677    31.2678    23.5665    1495.04    1497.62 0.0000e+00
       1994     24.000    12.6938    12.6950   3.683322   3.683574     2.4250      72.72     0.0487 2.5810e-01    4.70724    31.3357    31.3371    23.6153    1495.21    1497.52 0.0000e+00
       2015     25.000    12.4364    12.4301   3.668740   3.667997     2.4342      99.12     0.0485 2.3100e-01    4.83573    31.4114    31.4096    23.7227    1494.44    1497.40 0.0000e+00
       2037     26.000    11.8126    11.8105   3.628883   3.627957     2.4598      98.92     0.0458 2.0442e-01    4.97992    31.5539    31.5467    23.9489    1492.48    1497.21 0.0000e+00
       2059     27.000    11.4679    11.4673   3.615364   3.615004     2.4749      98.92     0.0455 1.8417e-01    4.98825    31.7161    31.7131    24.1372    1491.49    1497.00 0.0000e+00
       2080     28.000    11.3748    11.3767   3.649004   3.649323     2.4798      98.92     0.0416 1.6547e-01    5.03186    32.1247    32.1262    24.4713    1491.67    1496.80 0.0000e+00
       2101     29.000    11.0244    11.0277   3.628742   3.628316     2.5056      98.92     0.0415 1.4842e-01    5.22051    32.2311    32.2240    24.6163    1490.59    1496.59 0.0000e+00
       2123     30.000    10.7882    10.7925   3.614522   3.614465     2.5404      50.81     0.0395 1.3522e-01    5.32322    32.2977    32.2933    24.7093    1489.85    1496.36 0.0000e+00
       2145     31.000    10.8564    10.8576   3.640002   3.640273     2.5609      79.70     0.0395 1.2600e-01    5.29478    32.4900    32.4916    24.8471    1490.34    1496.17 0.0000e+00
       2166     32.000    10.7406    10.7425   3.642341   3.642397     2.5746      98.74     0.0415 1.1601e-01    5.33338    32.6158    32.6146    24.9652    1490.10    1495.98 0.0000e+00
       2188     33.000    10.6079    10.6096   3.638435   3.638467     2.5902      98.92     0.0431 1.0520e-01    5.37000    32.6950    32.6938    25.0499    1489.74    1495.79 0.0000e+00
       2210     34.000    10.4069    10.4081   3.627938   3.627869     2.5970      98.92     0.0409 9.5733e-02    5.35825    32.7700    32.7682    25.1428    1489.13    1495.59 0.0000e+00
       2231     35.000    10.3767    10.3801   3.634345   3.634615     2.5950      98.92     0.0383 8.6172e-02    5.31846    32.8612    32.8608    25.2191    1489.15    1495.41 0.0000e+00
       2253     36.000    10.3543    10.3572   3.636801   3.637050     2.5893      98.92     0.0363 7.9809e-02    5.30499    32.9057    32.9056    25.2576    1489.14    1495.23 0.0000e+00
       2274     37.000    10.3785    10.3821   3.643852   3.644236     2.5862      98.92     0.0354 7.4135e-02    5.29694    32.9543    32.9549    25.2914    1489.30    1495.07 0.0000e+00
       2296     38.000    10.4492    10.4520   3.656386   3.656780     2.5825      98.92     0.0369 6.7535e-02    5.27808    33.0158    33.0172    25.3272    1489.64    1494.93 0.0000e+00
       2317     39.000    10.3410    10.3451   3.650853   3.651175     2.5791      98.92     0.0381 6.3076e-02    5.28359    33.0580    33.0575    25.3786    1489.33    1494.78 0.0000e+00
       2339     40.000    10.1531    10.1571   3.636583   3.636682     2.5758      98.92     0.0391 5.7606e-02    5.27703    33.0847    33.0821    25.4313    1488.70    1494.63 0.0000e+00
       2360     41.000    10.1281    10.1298   3.640376   3.640604     2.5660      98.92     0.0396 5.2685e-02    5.22835    33.1455    33.1463    25.4830    1488.70    1494.49 0.0000e+00
       2382     42.000    10.0800    10.0826   3.640141   3.640377     2.5544      98.92     0.0386 5.1477e-02    5.21598    33.1868    33.1868    25.5233    1488.59    1494.34 0.0000e+00
       2403     43.000     9.9831     9.9853   3.632484   3.632578     2.5490      98.92     0.0383 5.1458e-02    5.24036    33.1976    33.1965    25.5479    1488.27    1494.20 0.0000e+00
       2425     44.000     9.8983     9.8994   3.625282   3.625276     2.5455      98.91     0.0377 5.1446e-02    5.24060    33.2018    33.2007    25.5654    1487.99    1494.06 0.0000e+00
       2446     45.000     9.8416     9.8447   3.621822   3.622111     2.5409      98.92     0.0380 5.1457e-02    5.23573    33.2183    33.2184    25.5877    1487.82    1493.92 0.0000e+00
       2468     46.000     9.8582     9.8624   3.626481   3.626995     2.5367      98.92     0.0358 5.1466e-02    5.22444    33.2501    33.2515    25.6097    1487.94    1493.79 0.0000e+00
       2490     47.000     9.7990     9.8016   3.623633   3.623816     2.5332      98.92     0.0356 5.1491e-02    5.23270    33.2752    33.2747    25.6392    1487.77    1493.66 0.0000e+00
       2511     48.000     9.8395     9.8461   3.633882   3.634817     2.5327      98.92     0.0375 5.1466e-02    5.23029    33.3420    33.3454    25.6846    1488.01    1493.54 0.0000e+00
       2533     49.000     9.9038     9.9068   3.643972   3.644446     2.5302      98.92     0.0377 5.1458e-02    5.20779    33.3850    33.3870    25.7075    1488.32    1493.44 0.0000e+00
       2554     50.000     9.8569     9.8596   3.642011   3.642381     2.5282      98.92     0.0395 5.1439e-02    5.20791    33.4079    33.4092    25.7332    1488.19    1493.33 0.0000e+00
       2575     51.000     9.8245     9.8278   3.641117   3.641513     2.5247      98.92     0.0393 5.1484e-02    5.18268    33.4284    33.4294    25.7546    1488.11    1493.23 0.0000e+00
       2597     52.000     9.8149     9.8180   3.642159   3.642573     2.5165      98.92     0.0377 5.1460e-02    5.14899    33.4475    33.4489    25.7711    1488.12    1493.13 0.0000e+00
       2618     53.000     9.7658     9.7687   3.640019   3.640375     2.5090      98.92     0.0355 5.1477e-02    5.14726    33.4708    33.4717    25.7974    1487.99    1493.03 0.0000e+00
       2640     54.000     9.7324     9.7356   3.640095   3.640507     2.5037      98.92     0.0341 5.1460e-02    5.13406    33.5022    33.5034    25.8275    1487.92    1492.94 0.0000e+00
       2661     55.000     9.6825     9.6853   3.639441   3.639820     2.4962      33.63     0.0362 5.1477e-02    5.12837    33.5416    33.5428    25.8665    1487.80    1492.85 0.0000e+00
       2683     56.000     9.6416     9.6442   3.639742   3.640114     2.4934      98.76     0.0373 5.1439e-02    5.14031    33.5824    33.5838    25.9051    1487.72    1492.75 0.0000e+00
       2705     57.000     9.5450     9.5472   3.634424   3.634643     2.4911      98.92     0.0362 5.1458e-02    5.14871    33.6177    33.6179    25.9485    1487.43    1492.66 0.0000e+00
       2727     58.000     9.4659     9.4683   3.630462   3.630731     2.4892      98.92     0.0392 5.1451e-02    5.14488    33.6506    33.6511    25.9872    1487.20    1492.56 0.0000e+00
       2748     59.000     9.4087     9.4115   3.628363   3.628601     2.4842      98.92     0.0376 5.1471e-02    5.11725    33.6823    33.6821    26.0212    1487.04    1492.47 0.0000e+00
       2770     60.000     9.4214     9.4253   3.631982   3.632453     2.4759      98.92     0.0359 5.1473e-02    5.08052    33.7072    33.7084    26.0387    1487.14    1492.38 0.0000e+00
       2791     61.000     9.4100     9.4128   3.633232   3.633603     2.4666      90.77     0.0370 5.1458e-02    5.06211    33.7304    33.7316    26.0587    1487.14    1492.30 0.0000e+00
       2813     62.000     9.3654     9.3683   3.631421   3.631747     2.4602      65.86     0.0363 5.1445e-02    5.06862    33.7533    33.7539    26.0838    1487.02    1492.21 0.0000e+00
       2835     63.000     9.3424     9.3458   3.630534   3.630900     2.4558      98.53     0.0368 5.1459e-02    5.06354    33.7654    33.7660    26.0970    1486.97    1492.13 0.0000e+00
       2856     64.000     9.3343     9.3375   3.630306   3.630651     2.4516      98.92     0.0360 5.1466e-02    5.05876    33.7702    33.7708    26.1020    1486.96    1492.05 0.0000e+00
       2878     65.000     9.2454     9.2456   3.623396   3.623394     2.4483      98.92     0.0372 5.1458e-02    5.06452    33.7822    33.7820    26.1258    1486.67    1491.96 0.0000e+00
       2899     66.000     9.0679     9.0705   3.609666   3.609742     2.4455      98.92     0.0377 5.1459e-02    5.07162    33.8073    33.8056    26.1737    1486.06    1491.87 0.0000e+00
       2920     67.000     9.0799     9.0831   3.613330   3.613714     2.4399      98.92     0.0400 5.1438e-02    5.04371    33.8336    33.8345    26.1924    1486.15    1491.79 0.0000e+00
       2942     68.000     9.0653     9.0676   3.616546   3.616801     2.4342      88.65     0.0396 5.1439e-02    5.03691    33.8805    33.8810    26.2315    1486.17    1491.70 0.0000e+00
       2964     69.000     9.0321     9.0357   3.614896   3.615213     2.4303      90.49     0.0376 5.1471e-02    5.02931    33.8944    33.8943    26.2477    1486.09    1491.62 0.0000e+00
       2985     70.000     9.0147     9.0184   3.614686   3.615052     2.4243      98.92     0.0399 5.1480e-02    5.01221    33.9084    33.9087    26.2613    1486.05    1491.54 0.0000e+00
       3006     71.000     9.0019     9.0057   3.614739   3.615128     2.4198      98.92     0.0378 5.1458e-02    5.00784    33.9207    33.9211    26.2730    1486.04    1491.47 0.0000e+00
       3028     72.000     8.9879     8.9916   3.613882   3.614257     2.4150      98.92     0.0370 5.1446e-02    4.99110    33.9246    33.9250    26.2783    1486.01    1491.39 0.0000e+00
       3050     73.000     9.0022     9.0063   3.617609   3.618095     2.4090      98.92     0.0361 5.1464e-02    4.96963    33.9494    33.9506    26.2955    1486.11    1491.32 0.0000e+00
       3071     74.000     8.9971     9.0010   3.619721   3.620165     2.4030      98.92     0.0350 5.1439e-02    4.95757    33.9759    33.9768    26.3170    1486.14    1491.25 0.0000e+00
       3093     75.000     8.9765     8.9803   3.618039   3.618416     2.3979      98.16     0.0361 5.1451e-02    4.94884    33.9775    33.9778    26.3215    1486.08    1491.18 0.0000e+00
       3114     76.000     8.8792     8.8797   3.611752   3.611966     2.3927      98.91     0.0361 5.1477e-02    4.94771    34.0044    34.0062    26.3579    1485.77    1491.11 0.0000e+00
       3136     77.000     8.7615     8.7632   3.605898   3.606040     2.3880      98.92     0.0354 5.1480e-02    4.94205    34.0555    34.0553    26.4164    1485.41    1491.03 0.0000e+00
       3157     78.000     8.7453     8.7501   3.605498   3.605935     2.3809      98.92     0.0350 5.1459e-02    4.91576    34.0664    34.0663    26.4275    1485.38    1490.96 0.0000e+00
       3179     79.000     8.7228     8.7257   3.605638   3.605869     2.3737      98.92     0.0347 5.1471e-02    4.89410    34.0890    34.0887    26.4487    1485.34    1490.89 0.0000e+00
       3200     80.000     8.5752     8.5788   3.593833   3.594000     2.3647      98.92     0.0336 5.1487e-02    4.87708    34.1065    34.1048    26.4853    1484.83    1490.81 0.0000e+00
       3222     81.000     8.5841     8.5880   3.600786   3.601122     2.3544      98.92     0.0350 5.1464e-02    4.83730    34.1708    34.1706    26.5344    1484.96    1490.74 0.0000e+00
       3243     82.000     8.5694     8.5727   3.604154   3.604478     2.3431      98.92     0.0380 5.1438e-02    4.81559    34.2201    34.2204    26.5753    1484.98    1490.67 0.0000e+00
       3265     83.000     8.5521     8.5557   3.608272   3.608606     2.3343      98.92     0.0361 5.1459e-02    4.79606    34.2800    34.2800    26.6249    1485.01    1490.60 0.0000e+00
       3286     84.000     8.5395     8.5434   3.611127   3.611476     2.3246      98.92     0.0342 5.1480e-02    4.76018    34.3219    34.3218    26.6598    1485.03    1490.53 0.0000e+00
       3307     85.000     8.5276     8.5311   3.618346   3.618767     2.3124      98.92     0.0359 5.1464e-02    4.71155    34.4094    34.4105    26.7302    1485.11    1490.47 0.0000e+00
       3329     86.000     8.4933     8.4955   3.617777   3.618053     2.2980      98.92     0.0345 5.1452e-02    4.66919    34.4364    34.4372    26.7567    1485.03    1490.41 0.0000e+00
       3351     87.000     8.4099     8.4130   3.611123   3.611377     2.2833      98.92     0.0321 5.1464e-02    4.62236    34.4468    34.4465    26.7777    1484.75    1490.34 0.0000e+00
