_data/ctd/2017/sta0298_2017.cnv
* Sea-Bird SBE 9 Data File:
* FileName = C:\Seabird\CTDData\sta0298.hex
* Software Version Seasave V 7.21f
* Temperature SN = 4385
* Conductivity SN = 2140
* Number of Bytes Per Scan = 34
* Number of Voltage Words = 3
* Number of Scans Averaged by the Deck Unit = 1
* NMEA Latitude = 61 23.60 N
* NMEA Longitude = 002 26.99 W
* NMEA UTC (Time) = Oct 07 2017 12:45:59
* NMEA baud rate = 4800
** Ship: 10 F/F "G. O. Sars"
** Station: 0298
** Echodepth: 1187
** Log: 6744,135
** Wind-Dir Force: 07 16
** Air-temp (dry): 8.8
** Weather Sky: 2 6
** Sea Ice: 4 0
# nquan = 17                                
# nvalues = 1179                        
# units = specified
# name 0 = scan: Scan Count
# name 1 = prDM: Pressure, Digiquartz [db]
# name 2 = t068C: Temperature [ITS-68, deg C]
# name 3 = t168C: Temperature, 2 [ITS-68, deg C]
# name 4 = c0S/m: Conductivity [S/m]
# name 5 = c1S/m: Conductivity, 2 [S/m]
# name 6 = sbeox0V: Oxygen raw, SBE 43 [V]
# name 7 = altM: Altimeter [m]
# name 8 = flC: Fluorescence, Chelsea Aqua 3 Chl Con [ug/l]
# name 9 = par: PAR/Irradiance, Biospherical/Licor
# name 10 = sbeox0ML/L: Oxygen, SBE 43 [ml/l], WS = 2
# name 11 = sal00: Salinity, Practical [PSU]
# name 12 = sal11: Salinity, Practical, 2 [PSU]
# name 13 = sigma-t00: Density [sigma-t, Kg/m^3 ]
# name 14 = svCM: Sound Velocity [Chen-Millero, m/s]
# name 15 = avgsvCM: Average Sound Velocity [Chen-Millero, m/s], minP = 1, minS = 5
# name 16 = flag: flag
# span 0 =        179,      29174       
# span 1 =      3.000,   1181.000       
# span 2 =    -0.7392,    11.3605       
# span 3 =    -0.7352,    11.3656       
# span 4 =   2.880718,   3.957128       
# span 5 =   2.883779,   3.957846       
# span 6 =     2.1164,     2.8386       
# span 7 =       0.02,     100.04       
# span 8 =     0.0062,     0.3118       
# span 9 = 5.1408e-02, 3.2149e+02       
# span 10 =    5.36895,    6.47951      
# span 11 =    34.9273,    35.3290      
# span 12 =    34.8742,    35.6771      
# span 13 =    26.8477,    28.0847      
# span 14 =    1460.86,    1495.67      
# span 15 =    1477.72,    1495.27      
# span 16 = 0.0000e+00, 0.0000e+00      
# interval = decibars: 1                
# start_time = Oct 07 2017 12:46:01 [System UTC, header]
# bad_flag = -9.990e-29
*END*
        179      3.000    11.3543    11.3565   3.955608   3.955961     2.8386       1.82     0.1805 3.2149e+02    5.73529    35.1768    35.1782    26.8488    1494.86    1494.86 0.0000e+00
        601      4.000    11.3605    11.3649   3.956267   3.956913     2.8315      23.31     0.1897 2.1899e+02    5.72281    35.1770    35.1792    26.8477    1494.90    1494.87 0.0000e+00
       1774      5.000    11.3510    11.3542   3.955283   3.955995     2.8295      29.94     0.1814 1.3354e+02    5.71768    35.1758    35.1799    26.8486    1494.88    1494.87 0.0000e+00
       1757      6.000    11.3514    11.3548   3.955395   3.956089     2.8325     100.04     0.1835 1.1915e+02    5.72412    35.1761    35.1798    26.8487    1494.90    1494.88 0.0000e+00
       1784      7.000    11.3515    11.3549   3.955466   3.956150     2.8315      51.93     0.1891 1.1949e+02    5.71392    35.1763    35.1798    26.8489    1494.91    1494.88 0.0000e+00
       1803      8.000    11.3524    11.3577   3.955592   3.956515     2.8306       0.02     0.1914 1.1380e+02    5.72102    35.1762    35.1803    26.8486    1494.93    1494.89 0.0000e+00
       1819      9.000    11.3590    11.3656   3.956317   3.957346     2.8322      40.26     0.1954 9.8793e+01    5.72432    35.1767    35.1806    26.8478    1494.97    1494.90 0.0000e+00
       1834     10.000    11.3575    11.3588   3.956199   3.956681     2.8325      99.41     0.2055 8.8428e+01    5.70649    35.1765    35.1800    26.8479    1494.99    1494.91 0.0000e+00
       1848     11.000    11.3520    11.3553   3.955706   3.956389     2.8276      98.92     0.2174 7.9252e+01    5.68032    35.1764    35.1800    26.8488    1494.98    1494.91 0.0000e+00
       1862     12.000    11.3515    11.3550   3.955710   3.956414     2.8234      98.91     0.2255 7.1614e+01    5.67095    35.1764    35.1801    26.8490    1495.00    1494.92 0.0000e+00
       1877     13.000    11.3512    11.3550   3.955735   3.956449     2.8195      98.92     0.2356 6.4706e+01    5.66765    35.1765    35.1800    26.8491    1495.01    1494.93 0.0000e+00
       1897     14.000    11.3505    11.3540   3.955705   3.956408     2.8157      98.92     0.2428 5.2916e+01    5.67995    35.1764    35.1801    26.8492    1495.03    1494.93 0.0000e+00
       1922     15.000    11.3500    11.3535   3.955719   3.956417     2.8181      83.30     0.2543 4.4564e+01    5.70614    35.1766    35.1802    26.8494    1495.04    1494.94 0.0000e+00
       1950     16.000    11.3492    11.3523   3.955703   3.956350     2.8217      98.39     0.2632 4.2432e+01    5.71069    35.1768    35.1802    26.8497    1495.06    1494.95 0.0000e+00
       1981     17.000    11.3500    11.3533   3.955803   3.956482     2.8224      98.92     0.2786 3.8897e+01    5.70833    35.1765    35.1801    26.8493    1495.07    1494.96 0.0000e+00
       2011     18.000    11.3500    11.3534   3.955859   3.956564     2.8245      98.92     0.2804 3.7058e+01    5.71524    35.1766    35.1804    26.8494    1495.09    1494.96 0.0000e+00
       2034     19.000    11.3491    11.3537   3.955845   3.956626     2.8247      98.92     0.2856 3.6718e+01    5.71179    35.1769    35.1803    26.8498    1495.10    1494.97 0.0000e+00
       2053     20.000    11.3479    11.3518   3.955808   3.956524     2.8246      98.93     0.2856 3.3867e+01    5.71585    35.1772    35.1806    26.8503    1495.12    1494.98 0.0000e+00
       2070     21.000    11.3477    11.3512   3.955815   3.956517     2.8259      98.92     0.2922 2.9128e+01    5.72312    35.1771    35.1807    26.8502    1495.13    1494.99 0.0000e+00
       2089     22.000    11.3475    11.3509   3.955842   3.956524     2.8269      98.92     0.2906 2.6256e+01    5.71795    35.1771    35.1806    26.8502    1495.15    1494.99 0.0000e+00
       2113     23.000    11.3472    11.3506   3.955872   3.956551     2.8244      86.08     0.2990 2.5054e+01    5.70204    35.1772    35.1807    26.8504    1495.16    1495.00 0.0000e+00
       2148     24.000    11.3472    11.3505   3.955900   3.956601     2.8242      84.54     0.3047 2.2701e+01    5.72097    35.1770    35.1808    26.8502    1495.18    1495.01 0.0000e+00
       2181     25.000    11.3472    11.3508   3.955980   3.956694     2.8250      99.47     0.3078 2.0323e+01    5.70535    35.1774    35.1810    26.8505    1495.20    1495.02 0.0000e+00
       2200     26.000    11.3471    11.3507   3.956028   3.956749     2.8217      98.91     0.3118 1.9547e+01    5.68850    35.1775    35.1812    26.8506    1495.21    1495.02 0.0000e+00
       2216     27.000    11.3472    11.3507   3.956081   3.956794     2.8183      98.92     0.3074 1.8232e+01    5.68334    35.1775    35.1812    26.8506    1495.23    1495.03 0.0000e+00
       2234     28.000    11.3466    11.3502   3.956064   3.956799     2.8163      98.92     0.3007 1.6741e+01    5.69166    35.1774    35.1813    26.8507    1495.25    1495.04 0.0000e+00
       2260     29.000    11.3461    11.3495   3.956082   3.956789     2.8168      98.92     0.2929 1.5037e+01    5.70146    35.1776    35.1814    26.8509    1495.26    1495.05 0.0000e+00
       2296     30.000    11.3450    11.3480   3.956056   3.956749     2.8169      98.92     0.2895 1.3683e+01    5.69759    35.1780    35.1820    26.8514    1495.27    1495.05 0.0000e+00
       2331     31.000    11.3444    11.3476   3.956078   3.956780     2.8160      59.86     0.2945 1.3158e+01    5.69933    35.1783    35.1822    26.8518    1495.29    1495.06 0.0000e+00
       2361     32.000    11.3440    11.3472   3.956108   3.956809     2.8160      99.76     0.2848 1.2546e+01    5.69697    35.1785    35.1824    26.8520    1495.30    1495.07 0.0000e+00
       2384     33.000    11.3431    11.3466   3.956117   3.956829     2.8154      98.92     0.2799 1.2055e+01    5.69420    35.1790    35.1828    26.8526    1495.32    1495.08 0.0000e+00
       2403     34.000    11.3432    11.3467   3.956178   3.956884     2.8141      98.92     0.2786 1.1443e+01    5.68904    35.1791    35.1828    26.8526    1495.33    1495.08 0.0000e+00
       2419     35.000    11.3430    11.3466   3.956217   3.956963     2.8131      98.92     0.2762 1.0670e+01    5.68741    35.1792    35.1832    26.8527    1495.35    1495.09 0.0000e+00
       2435     36.000    11.3431    11.3466   3.956275   3.957015     2.8119      98.92     0.2777 9.7788e+00    5.68627    35.1793    35.1833    26.8527    1495.37    1495.10 0.0000e+00
       2452     37.000    11.3427    11.3463   3.956305   3.957036     2.8111      98.92     0.2769 8.9406e+00    5.68905    35.1795    35.1833    26.8530    1495.38    1495.11 0.0000e+00
       2469     38.000    11.3425    11.3460   3.956335   3.957047     2.8113      98.92     0.2763 8.1998e+00    5.69242    35.1795    35.1833    26.8531    1495.40    1495.11 0.0000e+00
       2487     39.000    11.3420    11.3455   3.956346   3.957051     2.8111      98.92     0.2759 7.5094e+00    5.68353    35.1797    35.1833    26.8533    1495.41    1495.12 0.0000e+00
       2512     40.000    11.3416    11.3452   3.956359   3.957090     2.8065      98.92     0.2738 6.8096e+00    5.66407    35.1797    35.1835    26.8534    1495.43    1495.13 0.0000e+00
       2578     41.000    11.3412    11.3445   3.956408   3.957131     2.8091      98.92     0.2720 6.6349e+00    5.69894    35.1801    35.1842    26.8538    1495.44    1495.14 0.0000e+00
       2632     42.000    11.3412    11.3449   3.956478   3.957215     2.8141      98.92     0.2643 6.5727e+00    5.70224    35.1804    35.1842    26.8540    1495.46    1495.15 0.0000e+00
       2649     43.000    11.3415    11.3450   3.956541   3.957286     2.8132      98.92     0.2662 6.1122e+00    5.69921    35.1803    35.1843    26.8538    1495.48    1495.15 0.0000e+00
       2665     44.000    11.3420    11.3456   3.956631   3.957369     2.8132      98.92     0.2657 5.7678e+00    5.69879    35.1802    35.1841    26.8537    1495.50    1495.16 0.0000e+00
       2682     45.000    11.3419    11.3455   3.956674   3.957411     2.8124      98.92     0.2711 5.3973e+00    5.68615    35.1803    35.1842    26.8538    1495.51    1495.17 0.0000e+00
       2704     46.000    11.3420    11.3454   3.956722   3.957455     2.8081      98.92     0.2718 4.9550e+00    5.67656    35.1802    35.1843    26.8537    1495.53    1495.18 0.0000e+00
       2729     47.000    11.3419    11.3456   3.956771   3.957493     2.8067      98.92     0.2659 4.5853e+00    5.68520    35.1804    35.1840    26.8538    1495.55    1495.18 0.0000e+00
       2754     48.000    11.3420    11.3457   3.956827   3.957554     2.8074      98.92     0.2644 4.2344e+00    5.69494    35.1804    35.1841    26.8538    1495.56    1495.19 0.0000e+00
       2776     49.000    11.3415    11.3452   3.956872   3.957606     2.8078      98.92     0.2546 3.9240e+00    5.68598    35.1809    35.1846    26.8543    1495.58    1495.20 0.0000e+00
       2798     50.000    11.3417    11.3451   3.956927   3.957677     2.8054      98.92     0.2541 3.6853e+00    5.67750    35.1808    35.1850    26.8542    1495.60    1495.21 0.0000e+00
       2826     51.000    11.3416    11.3451   3.956972   3.957725     2.8049      98.92     0.2515 3.4821e+00    5.69026    35.1809    35.1850    26.8543    1495.61    1495.22 0.0000e+00
       2874     52.000    11.3413    11.3445   3.957029   3.957759     2.8075      98.92     0.2530 3.3020e+00    5.69509    35.1813    35.1855    26.8546    1495.63    1495.22 0.0000e+00
       2908     53.000    11.3407    11.3440   3.957098   3.957831     2.8064      98.92     0.2507 3.1075e+00    5.68603    35.1821    35.1862    26.8554    1495.64    1495.23 0.0000e+00
       2927     54.000    11.3404    11.3436   3.957128   3.957846     2.8061      98.92     0.2418 2.9138e+00    5.68084    35.1822    35.1863    26.8555    1495.66    1495.24 0.0000e+00
       2943     55.000    11.3374    11.3410   3.956990   3.957736     2.8034      98.92     0.2424 2.7430e+00    5.66502    35.1833    35.1872    26.8569    1495.67    1495.25 0.0000e+00
       2962     56.000    11.3304    11.3339   3.956401   3.957138     2.7994      98.92     0.2384 2.5481e+00    5.66476    35.1836    35.1876    26.8585    1495.66    1495.25 0.0000e+00
       2987     57.000    11.3109    11.3155   3.954749   3.955556     2.7995      98.92     0.2164 2.3602e+00    5.68283    35.1854    35.1890    26.8635    1495.61    1495.26 0.0000e+00
       3016     58.000    11.2827    11.2862   3.952426   3.953127     2.7995      98.92     0.1979 2.2231e+00    5.67530    35.1888    35.1924    26.8713    1495.53    1495.27 0.0000e+00
       3042     59.000    11.2677    11.2722   3.951219   3.951994     2.7947      98.92     0.1824 2.1029e+00    5.64305    35.1907    35.1941    26.8755    1495.50    1495.27 0.0000e+00
       3069     60.000    11.2394    11.2438   3.948718   3.949475     2.7857      87.91     0.1609 1.9766e+00    5.63319    35.1924    35.1957    26.8821    1495.42    1495.27 0.0000e+00
       3098     61.000    11.1653    11.1724   3.941998   3.942817     2.7839      99.03     0.1462 1.8908e+00    5.65888    35.1959    35.1972    26.8984    1495.18    1495.27 0.0000e+00
       3125     62.000    11.0718    11.0755   3.933480   3.934087     2.7821      98.92     0.1348 1.8195e+00    5.64752    35.2000    35.2025    26.9187    1494.88    1495.26 0.0000e+00
       3146     63.000    10.9581    10.9597   3.922812   3.923042     2.7760      98.91     0.1233 1.7252e+00    5.63827    35.2019    35.2027    26.9409    1494.50    1495.25 0.0000e+00
       3163     64.000    10.7016    10.7050   3.899854   3.899912     2.7719      98.92     0.1120 1.6404e+00    5.65503    35.2176    35.2149    26.9994    1493.63    1495.23 0.0000e+00
       3181     65.000    10.5953    10.5979   3.890462   3.890687     2.7652      98.92     0.0881 1.5669e+00    5.62617    35.2250    35.2248    27.0241    1493.28    1495.20 0.0000e+00
       3200     66.000    10.5489    10.5512   3.886155   3.886491     2.7519      98.92     0.0665 1.4838e+00    5.58012    35.2259    35.2271    27.0330    1493.14    1495.17 0.0000e+00
       3220     67.000    10.5259    10.5281   3.884411   3.884755     2.7388      98.91     0.0536 1.4156e+00    5.55667    35.2300    35.2314    27.0403    1493.08    1495.13 0.0000e+00
       3239     68.000    10.4797    10.4824   3.880395   3.880745     2.7279      98.91     0.0467 1.3531e+00    5.54439    35.2336    35.2346    27.0513    1492.94    1495.10 0.0000e+00
       3258     69.000    10.4284    10.4318   3.876141   3.876599     2.7180      81.26     0.0387 1.2872e+00    5.53763    35.2397    35.2411    27.0651    1492.78    1495.07 0.0000e+00
       3279     70.000    10.4070    10.4112   3.874237   3.874833     2.7100      84.79     0.0349 1.2193e+00    5.52967    35.2407    35.2427    27.0697    1492.72    1495.03 0.0000e+00
       3304     71.000    10.3728    10.3762   3.871412   3.871919     2.7018      98.19     0.0359 1.1560e+00    5.52560    35.2447    35.2466    27.0788    1492.62    1495.00 0.0000e+00
       3353     72.000    10.3620    10.3632   3.870545   3.870974     2.6895      98.92     0.0357 1.1339e+00    5.50373    35.2459    35.2491    27.0817    1492.60    1494.97 0.0000e+00
       3398     73.000    10.3566    10.3602   3.870306   3.870930     2.6828      98.91     0.0366 1.1256e+00    5.50563    35.2483    35.2511    27.0844    1492.60    1494.93 0.0000e+00
       3417     74.000    10.3561    10.3598   3.870385   3.871025     2.6817      98.92     0.0339 1.0861e+00    5.49610    35.2491    35.2520    27.0852    1492.61    1494.90 0.0000e+00
       3434     75.000    10.3549    10.3585   3.870392   3.871038     2.6786      98.92     0.0351 1.0560e+00    5.48759    35.2499    35.2530    27.0860    1492.63    1494.87 0.0000e+00
       3455     76.000    10.3514    10.3551   3.870202   3.870853     2.6763      80.52     0.0304 1.0120e+00    5.48719    35.2509    35.2539    27.0874    1492.63    1494.84 0.0000e+00
       3477     77.000    10.3447    10.3481   3.869721   3.870355     2.6746      60.14     0.0287 9.5516e-01    5.48595    35.2521    35.2552    27.0895    1492.63    1494.81 0.0000e+00
       3497     78.000    10.3386    10.3421   3.869445   3.870103     2.6724      99.50     0.0315 9.1007e-01    5.47663    35.2547    35.2580    27.0926    1492.63    1494.79 0.0000e+00
       3516     79.000    10.3366    10.3401   3.869392   3.870053     2.6699      98.92     0.0301 8.6947e-01    5.47063    35.2556    35.2590    27.0937    1492.64    1494.76 0.0000e+00
       3534     80.000    10.3271    10.3308   3.868773   3.869421     2.6676      98.93     0.0291 8.2071e-01    5.46942    35.2581    35.2611    27.0973    1492.62    1494.73 0.0000e+00
       3554     81.000    10.3197    10.3233   3.868161   3.868802     2.6654      98.92     0.0343 7.7029e-01    5.45856    35.2586    35.2616    27.0990    1492.61    1494.71 0.0000e+00
       3580     82.000    10.2648    10.2707   3.862203   3.862990     2.6609      98.92     0.0310 7.3723e-01    5.46322    35.2509    35.2531    27.1025    1492.42    1494.68 0.0000e+00
       3607     83.000    10.1813    10.1847   3.853336   3.853873     2.6599      98.92     0.0319 7.1064e-01    5.47359    35.2412    35.2434    27.1095    1492.13    1494.65 0.0000e+00
       3630     84.000    10.1590    10.1621   3.850955   3.851495     2.6567      98.92     0.0297 6.8934e-01    5.46693    35.2382    35.2407    27.1110    1492.06    1494.62 0.0000e+00
       3651     85.000    10.1608    10.1640   3.852136   3.852720     2.6562      98.92     0.0332 6.7644e-01    5.48243    35.2480    35.2508    27.1184    1492.10    1494.59 0.0000e+00
       3671     86.000    10.2035    10.2072   3.857569   3.858263     2.6580      98.92     0.0339 6.6071e-01    5.48622    35.2614    35.2649    27.1214    1492.28    1494.56 0.0000e+00
       3694     87.000    10.1774    10.1819   3.854844   3.855569     2.6597      98.91     0.0333 6.4010e-01    5.49275    35.2586    35.2616    27.1237    1492.20    1494.53 0.0000e+00
