_data/ctd/2017/sta0301_2017.cnv
* Sea-Bird SBE 9 Data File:
* FileName = C:\Seabird\CTDData\sta0301.hex
* Software Version Seasave V 7.21f
* Temperature SN = 4385
* Conductivity SN = 2140
* Number of Bytes Per Scan = 34
* Number of Voltage Words = 3
* Number of Scans Averaged by the Deck Unit = 1
* NMEA Latitude = 61 21.85 N
* NMEA Longitude = 007 22.73 E
* NMEA UTC (Time) = Oct 14 2017 11:01:26
* NMEA baud rate = 4800
** Ship: 10 F/F "G. O. Sars"
** Station: 0301
** Echodepth: 373
** Log: 7484,082
** Wind-Dir Force: 19 17
** Air-temp (dry): 12.3
** Weather Sky: 2 6
** Sea Ice: 1 0
# nquan = 17                                
# nvalues = 364                         
# units = specified
# name 0 = scan: Scan Count
# name 1 = prDM: Pressure, Digiquartz [db]
# name 2 = t068C: Temperature [ITS-68, deg C]
# name 3 = t168C: Temperature, 2 [ITS-68, deg C]
# name 4 = c0S/m: Conductivity [S/m]
# name 5 = c1S/m: Conductivity, 2 [S/m]
# name 6 = sbeox0V: Oxygen raw, SBE 43 [V]
# name 7 = altM: Altimeter [m]
# name 8 = flC: Fluorescence, Chelsea Aqua 3 Chl Con [ug/l]
# name 9 = par: PAR/Irradiance, Biospherical/Licor
# name 10 = sbeox0ML/L: Oxygen, SBE 43 [ml/l], WS = 2
# name 11 = sal00: Salinity, Practical [PSU]
# name 12 = sal11: Salinity, Practical, 2 [PSU]
# name 13 = sigma-t00: Density [sigma-t, Kg/m^3 ]
# name 14 = svCM: Sound Velocity [Chen-Millero, m/s]
# name 15 = avgsvCM: Average Sound Velocity [Chen-Millero, m/s], minP = 1, minS = 5
# name 16 = flag: flag
# span 0 =       1232,       9118       
# span 1 =      3.000,    366.000       
# span 2 =     7.6023,    13.4791       
# span 3 =     7.6066,    13.4842       
# span 4 =   3.212211,   3.665769       
# span 5 =   3.213463,   3.666554       
# span 6 =     1.7671,     2.8600       
# span 7 =       7.96,     100.27       
# span 8 =     0.0181,     0.3747       
# span 9 = 5.1418e-02, 2.9038e+01       
# span 10 =    3.51448,    5.92792      
# span 11 =    26.9530,    34.9952      
# span 12 =    26.9622,    35.0002      
# span 13 =    20.2306,    27.3293      
# span 14 =    1483.97,    1496.14      
# span 15 =    1485.93,    1493.85      
# span 16 = 0.0000e+00, 0.0000e+00      
# interval = decibars: 1                
# start_time = Oct 14 2017 11:01:28 [System UTC, header]
# bad_flag = -9.990e-29
*END*
[from data line 341]
       8603    344.000     7.6051     7.6094   3.599195   3.600042     1.7910      30.16     0.0246 5.1459e-02    3.56863    34.9927    34.9976    27.3270    1486.62    1485.98 0.0000e+00
       8624    345.000     7.6051     7.6094   3.599242   3.600108     1.7897      28.92     0.0249 5.1487e-02    3.56266    34.9927    34.9978    27.3270    1486.64    1485.98 0.0000e+00
       8645    346.000     7.6051     7.6094   3.599295   3.600149     1.7879      28.07     0.0248 5.1487e-02    3.55695    34.9928    34.9978    27.3271    1486.65    1485.98 0.0000e+00
       8666    347.000     7.6051     7.6095   3.599348   3.600209     1.7863      27.21     0.0226 5.1480e-02    3.55432    34.9929    34.9978    27.3271    1486.67    1485.98 0.0000e+00
       8687    348.000     7.6049     7.6092   3.599380   3.600236     1.7848      26.30     0.0255 5.1439e-02    3.55743    34.9930    34.9979    27.3272    1486.68    1485.99 0.0000e+00
       8708    349.000     7.6047     7.6090   3.599411   3.600289     1.7850      25.22     0.0279 5.1453e-02    3.56866    34.9930    34.9982    27.3273    1486.70    1485.99 0.0000e+00
       8729    350.000     7.6046     7.6089   3.599460   3.600320     1.7863      24.19     0.0271 5.1480e-02    3.57540    34.9932    34.9982    27.3274    1486.72    1485.99 0.0000e+00
       8750    351.000     7.6044     7.6087   3.599498   3.600362     1.7868      23.20     0.0259 5.1473e-02    3.56627    34.9933    34.9983    27.3275    1486.73    1485.99 0.0000e+00
       8771    352.000     7.6043     7.6086   3.599556   3.600412     1.7857      22.22     0.0250 5.1459e-02    3.55641    34.9935    34.9985    27.3277    1486.75    1485.99 0.0000e+00
       8792    353.000     7.6040     7.6083   3.599588   3.600451     1.7841      21.20     0.0215 5.1484e-02    3.54698    34.9937    34.9987    27.3279    1486.76    1486.00 0.0000e+00
       8814    354.000     7.6039     7.6082   3.599632   3.600494     1.7816      20.22     0.0231 5.1453e-02    3.53902    34.9938    34.9988    27.3280    1486.78    1486.00 0.0000e+00
       8835    355.000     7.6038     7.6081   3.599687   3.600539     1.7797      19.24     0.0248 5.1473e-02    3.53703    34.9940    34.9989    27.3282    1486.80    1486.00 0.0000e+00
       8856    356.000     7.6037     7.6079   3.599715   3.600579     1.7780      18.24     0.0255 5.1480e-02    3.53348    34.9939    34.9991    27.3281    1486.81    1486.00 0.0000e+00
       8877    357.000     7.6036     7.6079   3.599753   3.600625     1.7760      17.26     0.0266 5.1473e-02    3.52212    34.9940    34.9991    27.3282    1486.83    1486.01 0.0000e+00
       8898    358.000     7.6035     7.6079   3.599798   3.600673     1.7731      16.27     0.0235 5.1473e-02    3.51448    34.9941    34.9991    27.3283    1486.84    1486.01 0.0000e+00
       8919    359.000     7.6033     7.6076   3.599842   3.600706     1.7709      15.27     0.0256 5.1446e-02    3.51559    34.9943    34.9993    27.3284    1486.86    1486.01 0.0000e+00
       8940    360.000     7.6030     7.6073   3.599866   3.600739     1.7699      14.28     0.0263 5.1446e-02    3.51820    34.9943    34.9995    27.3286    1486.88    1486.01 0.0000e+00
       8961    361.000     7.6029     7.6072   3.599901   3.600772     1.7690      13.30     0.0242 5.1480e-02    3.51957    34.9943    34.9994    27.3286    1486.89    1486.02 0.0000e+00
       8982    362.000     7.6028     7.6069   3.599948   3.600822     1.7688      12.30     0.0211 5.1438e-02    3.52325    34.9944    34.9998    27.3287    1486.91    1486.02 0.0000e+00
       9003    363.000     7.6026     7.6068   3.599990   3.600861     1.7689      11.31     0.0225 5.1474e-02    3.52724    34.9946    34.9998    27.3288    1486.92    1486.02 0.0000e+00
       9024    364.000     7.6025     7.6068   3.600045   3.600934     1.7696      10.33     0.0224 5.1473e-02    3.52799    34.9948    35.0001    27.3290    1486.94    1486.02 0.0000e+00
       9045    365.000     7.6023     7.6066   3.600102   3.600966     1.7691       9.33     0.0254 5.1445e-02    3.51981    34.9952    35.0002    27.3293    1486.96    1486.03 0.0000e+00
       9118    366.000     7.6025     7.6068   3.600148   3.601026     1.7671       7.96     0.0244 5.1468e-02    3.51569    34.9950    35.0002    27.3291    1486.97    1486.03 0.0000e+00
