_data/ctd/2017/sta0300_2017.cnv
* Sea-Bird SBE 9 Data File:
* FileName = C:\Seabird\CTDData\sta0300.hex
* Software Version Seasave V 7.21f
* Temperature SN = 4385
* Conductivity SN = 2140
* Number of Bytes Per Scan = 34
* Number of Voltage Words = 3
* Number of Scans Averaged by the Deck Unit = 1
* NMEA Latitude = 60 52.25 N
* NMEA Longitude = 005 24.67 E
* NMEA UTC (Time) = Oct 10 2017 12:28:21
* NMEA baud rate = 4800
** Ship: 10 F/F "G. O. Sars"
** Station: 0300
** Echodepth: 489
** Log: 7137,783
** Wind-Dir Force: 07 16
** Air-temp (dry): 9.3
** Weather Sky: 2 8
** Sea Ice: 2 0
# nquan = 17                                
# nvalues = 478                         
# units = specified
# name 0 = scan: Scan Count
# name 1 = prDM: Pressure, Digiquartz [db]
# name 2 = t068C: Temperature [ITS-68, deg C]
# name 3 = t168C: Temperature, 2 [ITS-68, deg C]
# name 4 = c0S/m: Conductivity [S/m]
# name 5 = c1S/m: Conductivity, 2 [S/m]
# name 6 = sbeox0V: Oxygen raw, SBE 43 [V]
# name 7 = altM: Altimeter [m]
# name 8 = flC: Fluorescence, Chelsea Aqua 3 Chl Con [ug/l]
# name 9 = par: PAR/Irradiance, Biospherical/Licor
# name 10 = sbeox0ML/L: Oxygen, SBE 43 [ml/l], WS = 2
# name 11 = sal00: Salinity, Practical [PSU]
# name 12 = sal11: Salinity, Practical, 2 [PSU]
# name 13 = sigma-t00: Density [sigma-t, Kg/m^3 ]
# name 14 = svCM: Sound Velocity [Chen-Millero, m/s]
# name 15 = avgsvCM: Average Sound Velocity [Chen-Millero, m/s], minP = 1, minS = 5
# name 16 = flag: flag
# span 0 =       1530,      11857       
# span 1 =      3.000,    480.000       
# span 2 =     8.1787,    14.4437       
# span 3 =     8.1829,    14.4491       
# span 4 =   3.251991,   3.787340       
# span 5 =   3.250012,   3.788052       
# span 6 =     1.0185,     2.6927       
# span 7 =       9.88,      99.47       
# span 8 =     0.0240,     0.5242       
# span 9 = 5.1425e-02, 1.2611e+01       
# span 10 =    1.39685,    5.40411      
# span 11 =    26.8312,    35.0509      
# span 12 =    26.8141,    35.0548      
# span 13 =    20.0091,    27.2848      
# span 14 =    1484.75,    1500.24      
# span 15 =    1487.71,    1497.89      
# span 16 = 0.0000e+00, 0.0000e+00      
# interval = decibars: 1                
# start_time = Oct 10 2017 12:28:23 [System UTC, header]
# bad_flag = -9.990e-29
*END*
[from data line 171]
       5191    174.000     8.2810     8.2852   3.648882   3.649343     1.6833      97.23     0.0278 5.1446e-02    3.14307    34.9339    34.9347    27.1797    1486.30    1488.03 0.0000e+00
       5212    175.000     8.2818     8.2859   3.649039   3.649499     1.6819      96.64     0.0290 5.1432e-02    3.14567    34.9343    34.9351    27.1798    1486.32    1488.02 0.0000e+00
       5233    176.000     8.2818     8.2859   3.649127   3.649584     1.6824      96.46     0.0304 5.1453e-02    3.15258    34.9348    34.9356    27.1802    1486.34    1488.01 0.0000e+00
       5255    177.000     8.2812     8.2855   3.649132   3.649604     1.6822      79.94     0.0300 5.1484e-02    3.14406    34.9349    34.9357    27.1804    1486.35    1488.00 0.0000e+00
       5276    178.000     8.2818     8.2860   3.649262   3.649728     1.6813      44.36     0.0298 5.1453e-02    3.15244    34.9352    34.9360    27.1806    1486.37    1487.99 0.0000e+00
       5297    179.000     8.2826     8.2868   3.649416   3.649880     1.6831      98.05     0.0305 5.1466e-02    3.16167    34.9356    34.9364    27.1807    1486.39    1487.99 0.0000e+00
       5318    180.000     8.2847     8.2890   3.649726   3.650205     1.6837      98.54     0.0315 5.1487e-02    3.15949    34.9363    34.9372    27.1810    1486.42    1487.98 0.0000e+00
       5339    181.000     8.2902     8.2942   3.650437   3.650899     1.6846      98.12     0.0305 5.1466e-02    3.16818    34.9380    34.9389    27.1814    1486.46    1487.97 0.0000e+00
       5360    182.000     8.2912     8.2955   3.650635   3.651109     1.6866      96.68     0.0276 5.1453e-02    3.17514    34.9386    34.9394    27.1818    1486.48    1487.96 0.0000e+00
       5381    183.000     8.2921     8.2965   3.650792   3.651277     1.6880      96.00     0.0293 5.1446e-02    3.18250    34.9389    34.9397    27.1819    1486.50    1487.95 0.0000e+00
       5402    184.000     8.2944     8.2986   3.651096   3.651577     1.6910      77.13     0.0298 5.1473e-02    3.20569    34.9394    34.9404    27.1819    1486.52    1487.94 0.0000e+00
       5423    185.000     8.2946     8.2989   3.651201   3.651681     1.6971      66.70     0.0296 5.1473e-02    3.24169    34.9398    34.9407    27.1822    1486.54    1487.94 0.0000e+00
       5444    186.000     8.2954     8.2997   3.651396   3.651877     1.7046      99.36     0.0311 5.1501e-02    3.25735    34.9406    34.9415    27.1827    1486.56    1487.93 0.0000e+00
       5466    187.000     8.2967     8.3010   3.651615   3.652100     1.7101      98.87     0.0281 5.1457e-02    3.26631    34.9412    34.9421    27.1830    1486.58    1487.92 0.0000e+00
       5487    188.000     8.2972     8.3015   3.651740   3.652213     1.7155      98.87     0.0267 5.1480e-02    3.28016    34.9416    34.9423    27.1832    1486.60    1487.91 0.0000e+00
       5508    189.000     8.2981     8.3022   3.651889   3.652373     1.7206      98.87     0.0300 5.1425e-02    3.29146    34.9418    34.9429    27.1832    1486.62    1487.91 0.0000e+00
       5529    190.000     8.2991     8.3033   3.652074   3.652577     1.7252      98.87     0.0313 5.1460e-02    3.30128    34.9423    34.9435    27.1834    1486.64    1487.90 0.0000e+00
       5550    191.000     8.3009     8.3051   3.652364   3.652844     1.7294      78.95     0.0298 5.1452e-02    3.31025    34.9431    34.9440    27.1838    1486.67    1487.89 0.0000e+00
       5571    192.000     8.3027     8.3069   3.652649   3.653131     1.7333      86.61     0.0297 5.1460e-02    3.31898    34.9439    34.9448    27.1841    1486.69    1487.89 0.0000e+00
       5593    193.000     8.3042     8.3085   3.652908   3.653396     1.7365      98.93     0.0305 5.1471e-02    3.32589    34.9447    34.9456    27.1845    1486.72    1487.88 0.0000e+00
       5614    194.000     8.3044     8.3086   3.653005   3.653497     1.7402      98.88     0.0280 5.1460e-02    3.34001    34.9450    34.9461    27.1848    1486.73    1487.88 0.0000e+00
       5635    195.000     8.3048     8.3091   3.653141   3.653621     1.7443      98.88     0.0267 5.1480e-02    3.34942    34.9456    34.9464    27.1852    1486.75    1487.87 0.0000e+00
       5656    196.000     8.3055     8.3096   3.653289   3.653775     1.7474      98.87     0.0263 5.1460e-02    3.35433    34.9460    34.9471    27.1854    1486.77    1487.87 0.0000e+00
       5677    197.000     8.3055     8.3097   3.653356   3.653849     1.7503      98.87     0.0300 5.1459e-02    3.36252    34.9462    34.9473    27.1856    1486.79    1487.86 0.0000e+00
       5698    198.000     8.3055     8.3097   3.653418   3.653909     1.7533      98.87     0.0308 5.1446e-02    3.36779    34.9464    34.9475    27.1857    1486.80    1487.85 0.0000e+00
       5720    199.000     8.3055     8.3096   3.653469   3.653970     1.7554      98.86     0.0325 5.1467e-02    3.36386    34.9465    34.9477    27.1857    1486.82    1487.85 0.0000e+00
       5740    200.000     8.3055     8.3097   3.653536   3.654032     1.7554      98.85     0.0327 5.1458e-02    3.35110    34.9467    34.9478    27.1859    1486.84    1487.84 0.0000e+00
       5762    201.000     8.3058     8.3101   3.653649   3.654148     1.7536      97.39     0.0295 5.1487e-02    3.33707    34.9471    34.9482    27.1862    1486.86    1487.84 0.0000e+00
       5783    202.000     8.3066     8.3108   3.653807   3.654304     1.7511      95.52     0.0288 5.1452e-02    3.33392    34.9475    34.9486    27.1864    1486.88    1487.83 0.0000e+00
       5805    203.000     8.3066     8.3109   3.653866   3.654360     1.7499      98.85     0.0304 5.1471e-02    3.33835    34.9477    34.9487    27.1865    1486.89    1487.83 0.0000e+00
       5827    204.000     8.3064     8.3106   3.653913   3.654415     1.7496      98.84     0.0288 5.1444e-02    3.34339    34.9479    34.9491    27.1867    1486.91    1487.83 0.0000e+00
       5848    205.000     8.3063     8.3106   3.653969   3.654469     1.7502      98.84     0.0278 5.1473e-02    3.35683    34.9481    34.9492    27.1869    1486.92    1487.82 0.0000e+00
       5870    206.000     8.3067     8.3109   3.654077   3.654573     1.7530      98.85     0.0271 5.1464e-02    3.37510    34.9484    34.9495    27.1871    1486.94    1487.82 0.0000e+00
       5892    207.000     8.3075     8.3117   3.654206   3.654709     1.7568      98.85     0.0264 5.1471e-02    3.38833    34.9485    34.9497    27.1870    1486.96    1487.81 0.0000e+00
       5913    208.000     8.3078     8.3121   3.654306   3.654815     1.7602      98.85     0.0303 5.1451e-02    3.39040    34.9488    34.9499    27.1872    1486.98    1487.81 0.0000e+00
       5935    209.000     8.3074     8.3115   3.654338   3.654832     1.7619      98.85     0.0327 5.1487e-02    3.38609    34.9490    34.9502    27.1875    1487.00    1487.80 0.0000e+00
       5957    210.000     8.3062     8.3104   3.654263   3.654767     1.7625      98.85     0.0291 5.1471e-02    3.38332    34.9489    34.9501    27.1876    1487.01    1487.80 0.0000e+00
       5978    211.000     8.3056     8.3098   3.654266   3.654767     1.7626      98.86     0.0290 5.1445e-02    3.38157    34.9491    34.9503    27.1878    1487.02    1487.80 0.0000e+00
       6000    212.000     8.3052     8.3094   3.654276   3.654782     1.7627      98.85     0.0295 5.1452e-02    3.38323    34.9491    34.9503    27.1879    1487.04    1487.79 0.0000e+00
       6021    213.000     8.3052     8.3094   3.654329   3.654833     1.7629      98.86     0.0305 5.1471e-02    3.38613    34.9492    34.9504    27.1879    1487.05    1487.79 0.0000e+00
       6043    214.000     8.3044     8.3087   3.654327   3.654846     1.7636      98.88     0.0275 5.1451e-02    3.39081    34.9495    34.9507    27.1883    1487.07    1487.79 0.0000e+00
       6065    215.000     8.3044     8.3086   3.654397   3.654913     1.7644      98.88     0.0275 5.1467e-02    3.38913    34.9498    34.9511    27.1885    1487.08    1487.78 0.0000e+00
       6087    216.000     8.3041     8.3084   3.654423   3.654947     1.7638      98.88     0.0276 5.1464e-02    3.38048    34.9498    34.9512    27.1886    1487.10    1487.78 0.0000e+00
       6109    217.000     8.3045     8.3087   3.654540   3.655053     1.7625      98.88     0.0298 5.1462e-02    3.38024    34.9502    34.9515    27.1888    1487.12    1487.78 0.0000e+00
       6131    218.000     8.3053     8.3096   3.654684   3.655213     1.7628      98.86     0.0298 5.1446e-02    3.38568    34.9505    34.9518    27.1889    1487.14    1487.77 0.0000e+00
       6153    219.000     8.3062     8.3105   3.654861   3.655382     1.7624      60.60     0.0290 5.1444e-02    3.38488    34.9510    34.9523    27.1892    1487.16    1487.77 0.0000e+00
       6174    220.000     8.3075     8.3117   3.655059   3.655592     1.7635      65.74     0.0325 5.1464e-02    3.40091    34.9513    34.9528    27.1893    1487.18    1487.77 0.0000e+00
       6196    221.000     8.3062     8.3104   3.654989   3.655523     1.7658      98.12     0.0327 5.1459e-02    3.40681    34.9514    34.9529    27.1895    1487.19    1487.77 0.0000e+00
       6218    222.000     8.3054     8.3096   3.654989   3.655511     1.7675      98.27     0.0309 5.1478e-02    3.41339    34.9517    34.9531    27.1899    1487.21    1487.76 0.0000e+00
       6240    223.000     8.3048     8.3090   3.654990   3.655501     1.7698      98.23     0.0295 5.1444e-02    3.42179    34.9518    34.9531    27.1901    1487.22    1487.76 0.0000e+00
       6262    224.000     8.3049     8.3091   3.655025   3.655542     1.7720      98.00     0.0269 5.1451e-02    3.42044    34.9516    34.9530    27.1899    1487.24    1487.76 0.0000e+00
       6284    225.000     8.3043     8.3086   3.655034   3.655550     1.7720      97.62     0.0277 5.1471e-02    3.40826    34.9518    34.9531    27.1902    1487.25    1487.76 0.0000e+00
       6306    226.000     8.3039     8.3080   3.655044   3.655561     1.7708      44.03     0.0286 5.1477e-02    3.41269    34.9519    34.9533    27.1902    1487.27    1487.75 0.0000e+00
       6328    227.000     8.3038     8.3081   3.655109   3.655637     1.7726      97.80     0.0277 5.1456e-02    3.42210    34.9522    34.9535    27.1905    1487.28    1487.75 0.0000e+00
       6350    228.000     8.3033     8.3075   3.655105   3.655625     1.7726      97.90     0.0280 5.1446e-02    3.41354    34.9522    34.9535    27.1906    1487.30    1487.75 0.0000e+00
       6372    229.000     8.3025     8.3067   3.655076   3.655595     1.7718      98.88     0.0304 5.1451e-02    3.40965    34.9522    34.9535    27.1907    1487.31    1487.75 0.0000e+00
       6394    230.000     8.3002     8.3045   3.654896   3.655422     1.7712      98.87     0.0334 5.1475e-02    3.40418    34.9520    34.9534    27.1909    1487.32    1487.75 0.0000e+00
       6416    231.000     8.2971     8.3013   3.654630   3.655161     1.7688      98.87     0.0314 5.1471e-02    3.39148    34.9518    34.9533    27.1912    1487.32    1487.74 0.0000e+00
       6438    232.000     8.2949     8.2991   3.654455   3.654984     1.7663      87.54     0.0312 5.1464e-02    3.38241    34.9517    34.9531    27.1914    1487.33    1487.74 0.0000e+00
       6461    233.000     8.2942     8.2984   3.654434   3.654962     1.7635      78.77     0.0252 5.1471e-02    3.37847    34.9516    34.9531    27.1915    1487.34    1487.74 0.0000e+00
       6482    234.000     8.2943     8.2984   3.654484   3.655012     1.7609      98.78     0.0267 5.1458e-02    3.36714    34.9516    34.9532    27.1915    1487.36    1487.74 0.0000e+00
       6505    235.000     8.2926     8.2967   3.654351   3.654874     1.7578      98.87     0.0293 5.1464e-02    3.35918    34.9514    34.9529    27.1916    1487.37    1487.74 0.0000e+00
       6527    236.000     8.2884     8.2926   3.653976   3.654501     1.7547      98.85     0.0313 5.1464e-02    3.35441    34.9511    34.9525    27.1920    1487.37    1487.74 0.0000e+00
       6548    237.000     8.2847     8.2889   3.653652   3.654175     1.7526      98.83     0.0309 5.1471e-02    3.34859    34.9508    34.9522    27.1924    1487.37    1487.73 0.0000e+00
       6570    238.000     8.2819     8.2861   3.653415   3.653951     1.7491      98.75     0.0301 5.1464e-02    3.33328    34.9506    34.9521    27.1926    1487.38    1487.73 0.0000e+00
       6592    239.000     8.2776     8.2817   3.653028   3.653550     1.7454      86.79     0.0287 5.1459e-02    3.32456    34.9503    34.9518    27.1930    1487.38    1487.73 0.0000e+00
       6613    240.000     8.2753     8.2795   3.652842   3.653377     1.7421      97.61     0.0284 5.1458e-02    3.31526    34.9501    34.9516    27.1932    1487.39    1487.73 0.0000e+00
       6635    241.000     8.2738     8.2779   3.652738   3.653259     1.7381      98.59     0.0277 5.1446e-02    3.29872    34.9500    34.9515    27.1934    1487.40    1487.73 0.0000e+00
       6657    242.000     8.2699     8.2741   3.652381   3.652925     1.7329      98.42     0.0277 5.1458e-02    3.27599    34.9496    34.9512    27.1936    1487.40    1487.73 0.0000e+00
       6678    243.000     8.2677     8.2719   3.652206   3.652749     1.7265      98.01     0.0285 5.1466e-02    3.25438    34.9494    34.9510    27.1939    1487.41    1487.73 0.0000e+00
       6699    244.000     8.2646     8.2687   3.651948   3.652477     1.7201      98.07     0.0290 5.1464e-02    3.23832    34.9493    34.9508    27.1942    1487.41    1487.73 0.0000e+00
       6721    245.000     8.2614     8.2656   3.651664   3.652203     1.7134      98.70     0.0324 5.1460e-02    3.21500    34.9489    34.9505    27.1944    1487.42    1487.72 0.0000e+00
       6742    246.000     8.2565     8.2607   3.651227   3.651751     1.7058      98.71     0.0331 5.1466e-02    3.19464    34.9487    34.9501    27.1950    1487.41    1487.72 0.0000e+00
       6764    247.000     8.2533     8.2574   3.650962   3.651499     1.6990      98.75     0.0309 5.1471e-02    3.17781    34.9485    34.9502    27.1954    1487.42    1487.72 0.0000e+00
       6785    248.000     8.2516     8.2558   3.650853   3.651390     1.6916      98.85     0.0283 5.1473e-02    3.15327    34.9486    34.9501    27.1957    1487.43    1487.72 0.0000e+00
       6807    249.000     8.2507     8.2548   3.650835   3.651366     1.6835      98.89     0.0256 5.1471e-02    3.13137    34.9488    34.9504    27.1960    1487.44    1487.72 0.0000e+00
       6828    250.000     8.2460     8.2502   3.650466   3.650990     1.6761      98.89     0.0262 5.1439e-02    3.11220    34.9491    34.9505    27.1969    1487.44    1487.72 0.0000e+00
       6850    251.000     8.2430     8.2473   3.650251   3.650800     1.6682      98.89     0.0292 5.1471e-02    3.09334    34.9493    34.9509    27.1975    1487.45    1487.72 0.0000e+00
       6871    252.000     8.2428     8.2469   3.650300   3.650846     1.6614      98.90     0.0305 5.1494e-02    3.08104    34.9495    34.9513    27.1977    1487.46    1487.72 0.0000e+00
       6893    253.000     8.2427     8.2469   3.650385   3.650932     1.6549      98.90     0.0302 5.1477e-02    3.06350    34.9500    34.9517    27.1982    1487.48    1487.71 0.0000e+00
       6914    254.000     8.2418     8.2460   3.650376   3.650926     1.6484      98.91     0.0297 5.1487e-02    3.04168    34.9504    34.9520    27.1986    1487.49    1487.71 0.0000e+00
       6936    255.000     8.2400     8.2441   3.650294   3.650853     1.6408      98.90     0.0312 5.1444e-02    3.02572    34.9508    34.9527    27.1992    1487.50    1487.71 0.0000e+00
       6957    256.000     8.2392     8.2434   3.650352   3.650899     1.6356      98.90     0.0281 5.1453e-02    3.02211    34.9517    34.9534    27.2000    1487.52    1487.71 0.0000e+00
       6978    257.000     8.2376     8.2419   3.650334   3.650889     1.6307      98.90     0.0249 5.1458e-02    3.01014    34.9526    34.9543    27.2010    1487.53    1487.71 0.0000e+00
