_data/ctd/2017/sta0298_2017.cnv
* Sea-Bird SBE 9 Data File:
* FileName = C:\Seabird\CTDData\sta0298.hex
* Software Version Seasave V 7.21f
* Temperature SN = 4385
* Conductivity SN = 2140
* Number of Bytes Per Scan = 34
* Number of Voltage Words = 3
* Number of Scans Averaged by the Deck Unit = 1
* NMEA Latitude = 61 23.60 N
* NMEA Longitude = 002 26.99 W
* NMEA UTC (Time) = Oct 07 2017 12:45:59
* NMEA baud rate = 4800
** Ship: 10 F/F "G. O. Sars"
** Station: 0298
** Echodepth: 1187
** Log: 6744,135
** Wind-Dir Force: 07 16
** Air-temp (dry): 8.8
** Weather Sky: 2 6
** Sea Ice: 4 0
# nquan = 17                                
# nvalues = 1179                        
# units = specified
# name 0 = scan: Scan Count
# name 1 = prDM: Pressure, Digiquartz [db]
# name 2 = t068C: Temperature [ITS-68, deg C]
# name 3 = t168C: Temperature, 2 [ITS-68, deg C]
# name 4 = c0S/m: Conductivity [S/m]
# name 5 = c1S/m: Conductivity, 2 [S/m]
# name 6 = sbeox0V: Oxygen raw, SBE 43 [V]
# name 7 = altM: Altimeter [m]
# name 8 = flC: Fluorescence, Chelsea Aqua 3 Chl Con [ug/l]
# name 9 = par: PAR/Irradiance, Biospherical/Licor
# name 10 = sbeox0ML/L: Oxygen, SBE 43 [ml/l], WS = 2
# name 11 = sal00: Salinity, Practical [PSU]
# name 12 = sal11: Salinity, Practical, 2 [PSU]
# name 13 = sigma-t00: Density [sigma-t, Kg/m^3 ]
# name 14 = svCM: Sound Velocity [Chen-Millero, m/s]
# name 15 = avgsvCM: Average Sound Velocity [Chen-Millero, m/s], minP = 1, minS = 5
# name 16 = flag: flag
# span 0 =        179,      29174       
# span 1 =      3.000,   1181.000       
# span 2 =    -0.7392,    11.3605       
# span 3 =    -0.7352,    11.3656       
# span 4 =   2.880718,   3.957128       
# span 5 =   2.883779,   3.957846       
# span 6 =     2.1164,     2.8386       
# span 7 =       0.02,     100.04       
# span 8 =     0.0062,     0.3118       
# span 9 = 5.1408e-02, 3.2149e+02       
# span 10 =    5.36895,    6.47951      
# span 11 =    34.9273,    35.3290      
# span 12 =    34.8742,    35.6771      
# span 13 =    26.8477,    28.0847      
# span 14 =    1460.86,    1495.67      
# span 15 =    1477.72,    1495.27      
# span 16 = 0.0000e+00, 0.0000e+00      
# interval = decibars: 1                
# start_time = Oct 07 2017 12:46:01 [System UTC, header]
# bad_flag = -9.990e-29
*END*
[from data line 171]
       5636    174.000     9.6316     9.6351   3.810296   3.810927     2.6111      98.68     0.0129 5.1478e-02    5.49640    35.2943    35.2974    27.2449    1491.72    1493.28 0.0000e+00
       5657    175.000     9.5954     9.5989   3.806580   3.807141     2.6128      98.74     0.0108 5.1483e-02    5.50038    35.2910    35.2933    27.2484    1491.60    1493.27 0.0000e+00
       5674    176.000     9.5926     9.5966   3.806418   3.807096     2.6124      62.20     0.0122 5.1469e-02    5.48801    35.2916    35.2946    27.2494    1491.61    1493.26 0.0000e+00
       5692    177.000     9.5968     9.6005   3.806975   3.807638     2.6104      91.35     0.0128 5.1456e-02    5.48290    35.2927    35.2959    27.2496    1491.64    1493.25 0.0000e+00
       5711    178.000     9.5970     9.6007   3.807092   3.807761     2.6100      98.65     0.0129 5.1482e-02    5.49344    35.2933    35.2966    27.2500    1491.66    1493.24 0.0000e+00
       5733    179.000     9.5890     9.5928   3.806252   3.806935     2.6111      98.81     0.0132 5.1461e-02    5.49774    35.2920    35.2953    27.2503    1491.65    1493.23 0.0000e+00
       5760    180.000     9.5798     9.5837   3.805348   3.806035     2.6098      98.88     0.0164 5.1463e-02    5.48210    35.2912    35.2945    27.2512    1491.63    1493.22 0.0000e+00
       5801    181.000     9.5783     9.5820   3.805226   3.805922     2.6072      98.91     0.0152 5.1460e-02    5.49075    35.2909    35.2945    27.2513    1491.64    1493.21 0.0000e+00
       5837    182.000     9.5617     9.5644   3.803503   3.804059     2.6092      98.69     0.0151 5.1459e-02    5.50965    35.2890    35.2921    27.2525    1491.59    1493.20 0.0000e+00
       5857    183.000     9.5461     9.5503   3.801856   3.802543     2.6122      98.54     0.0161 5.1456e-02    5.51991    35.2868    35.2898    27.2534    1491.55    1493.19 0.0000e+00
       5876    184.000     9.5408     9.5450   3.801255   3.801991     2.6130      35.25     0.0166 5.1449e-02    5.51073    35.2853    35.2888    27.2531    1491.54    1493.19 0.0000e+00
       5895    185.000     9.5274     9.5316   3.799906   3.800594     2.6121      91.61     0.0142 5.1468e-02    5.50853    35.2840    35.2870    27.2544    1491.51    1493.18 0.0000e+00
       5916    186.000     9.5165     9.5204   3.798877   3.799551     2.6125      98.68     0.0142 5.1466e-02    5.51389    35.2836    35.2868    27.2559    1491.49    1493.17 0.0000e+00
       5937    187.000     9.5234     9.5271   3.799804   3.800467     2.6117      98.75     0.0155 5.1459e-02    5.50716    35.2860    35.2892    27.2566    1491.53    1493.16 0.0000e+00
       5959    188.000     9.5390     9.5426   3.801731   3.802399     2.6116      98.69     0.0143 5.1471e-02    5.51608    35.2901    35.2935    27.2572    1491.61    1493.15 0.0000e+00
       5981    189.000     9.5354     9.5395   3.801441   3.802161     2.6135      98.81     0.0163 5.1450e-02    5.52502    35.2902    35.2936    27.2579    1491.61    1493.14 0.0000e+00
       6003    190.000     9.5341     9.5383   3.801386   3.802119     2.6145      98.81     0.0131 5.1444e-02    5.52532    35.2904    35.2939    27.2583    1491.63    1493.13 0.0000e+00
       6026    191.000     9.5349     9.5385   3.801532   3.802204     2.6158      98.68     0.0115 5.1475e-02    5.53351    35.2907    35.2941    27.2583    1491.65    1493.13 0.0000e+00
       6048    192.000     9.5347     9.5384   3.801569   3.802228     2.6174      98.52     0.0171 5.1451e-02    5.53038    35.2908    35.2940    27.2585    1491.66    1493.12 0.0000e+00
       6071    193.000     9.5314     9.5357   3.801243   3.801982     2.6169      98.68     0.0202 5.1462e-02    5.53059    35.2902    35.2936    27.2585    1491.66    1493.11 0.0000e+00
       6096    194.000     9.5214     9.5255   3.800216   3.800928     2.6178      98.88     0.0166 5.1456e-02    5.53153    35.2889    35.2923    27.2592    1491.64    1493.10 0.0000e+00
       6123    195.000     9.5195     9.5237   3.800120   3.800855     2.6162      98.74     0.0143 5.1474e-02    5.51881    35.2893    35.2928    27.2598    1491.65    1493.10 0.0000e+00
       6145    196.000     9.5241     9.5287   3.800693   3.801465     2.6143      98.50     0.0166 5.1441e-02    5.51865    35.2903    35.2937    27.2598    1491.69    1493.09 0.0000e+00
       6163    197.000     9.5352     9.5383   3.802045   3.802706     2.6142      98.67     0.0192 5.1444e-02    5.51840    35.2929    35.2967    27.2600    1491.75    1493.08 0.0000e+00
       6180    198.000     9.5048     9.5092   3.798734   3.799419     2.6131      98.84     0.0179 5.1474e-02    5.50882    35.2880    35.2908    27.2613    1491.65    1493.07 0.0000e+00
       6199    199.000     9.4861     9.4901   3.796777   3.797439     2.6096      98.87     0.0163 5.1469e-02    5.50009    35.2857    35.2886    27.2626    1491.59    1493.07 0.0000e+00
       6222    200.000     9.4823     9.4865   3.796388   3.797093     2.6076      98.69     0.0132 5.1470e-02    5.51106    35.2849    35.2881    27.2626    1491.60    1493.06 0.0000e+00
       6249    201.000     9.4800     9.4844   3.796155   3.796891     2.6081      98.74     0.0147 5.1448e-02    5.51897    35.2843    35.2876    27.2625    1491.60    1493.05 0.0000e+00
       6277    202.000     9.4770     9.4809   3.795881   3.796584     2.6081      98.74     0.0128 5.1468e-02    5.52294    35.2839    35.2874    27.2627    1491.61    1493.05 0.0000e+00
       6300    203.000     9.4599     9.4631   3.794064   3.794640     2.6098      98.72     0.0137 5.1487e-02    5.53333    35.2814    35.2843    27.2636    1491.56    1493.04 0.0000e+00
       6320    204.000     9.4471     9.4508   3.792837   3.793471     2.6103      98.76     0.0110 5.1442e-02    5.53190    35.2808    35.2838    27.2653    1491.53    1493.03 0.0000e+00
       6338    205.000     9.4289     9.4317   3.790871   3.791368     2.6106      98.77     0.0125 5.1464e-02    5.53452    35.2779    35.2803    27.2660    1491.48    1493.02 0.0000e+00
       6357    206.000     9.4134     9.4169   3.789255   3.789867     2.6103      98.81     0.0128 5.1447e-02    5.52666    35.2759    35.2788    27.2670    1491.43    1493.02 0.0000e+00
       6378    207.000     9.4091     9.4131   3.789034   3.789715     2.6081      98.86     0.0094 5.1457e-02    5.52796    35.2774    35.2805    27.2689    1491.44    1493.01 0.0000e+00
       6403    208.000     9.4164     9.4199   3.789925   3.790555     2.6100      98.88     0.0119 5.1450e-02    5.55059    35.2790    35.2821    27.2689    1491.48    1493.00 0.0000e+00
       6433    209.000     9.4208     9.4242   3.790465   3.791113     2.6132      98.87     0.0163 5.1444e-02    5.55223    35.2798    35.2831    27.2688    1491.51    1492.99 0.0000e+00
       6465    210.000     9.4204     9.4245   3.790470   3.791203     2.6137      98.87     0.0169 5.1444e-02    5.55036    35.2797    35.2833    27.2688    1491.53    1492.99 0.0000e+00
       6488    211.000     9.4243     9.4285   3.791082   3.791814     2.6150      98.87     0.0151 5.1440e-02    5.55519    35.2818    35.2853    27.2698    1491.56    1492.98 0.0000e+00
       6506    212.000     9.4267     9.4309   3.791489   3.792250     2.6154      98.88     0.0118 5.1474e-02    5.54949    35.2832    35.2869    27.2705    1491.59    1492.97 0.0000e+00
       6525    213.000     9.4220     9.4261   3.791015   3.791723     2.6143      98.87     0.0125 5.1448e-02    5.54087    35.2824    35.2857    27.2707    1491.59    1492.97 0.0000e+00
       6545    214.000     9.4152     9.4194   3.790314   3.791030     2.6130      98.89     0.0142 5.1454e-02    5.54354    35.2814    35.2847    27.2710    1491.58    1492.96 0.0000e+00
       6566    215.000     9.4159     9.4199   3.790576   3.791273     2.6127      98.90     0.0157 5.1481e-02    5.54342    35.2829    35.2862    27.2721    1491.60    1492.95 0.0000e+00
       6589    216.000     9.4151     9.4192   3.790610   3.791325     2.6119      98.89     0.0182 5.1454e-02    5.54442    35.2836    35.2870    27.2727    1491.61    1492.95 0.0000e+00
       6614    217.000     9.4055     9.4091   3.789673   3.790328     2.6123      86.85     0.0149 5.1440e-02    5.55407    35.2829    35.2861    27.2737    1491.59    1492.94 0.0000e+00
       6639    218.000     9.3971     9.4010   3.788854   3.789547     2.6127      98.79     0.0173 5.1460e-02    5.55095    35.2822    35.2855    27.2746    1491.58    1492.94 0.0000e+00
       6663    219.000     9.3913     9.3951   3.788277   3.788946     2.6126      98.90     0.0182 5.1431e-02    5.55599    35.2814    35.2846    27.2750    1491.57    1492.93 0.0000e+00
       6684    220.000     9.3798     9.3835   3.787120   3.787763     2.6131      98.90     0.0143 5.1467e-02    5.55379    35.2802    35.2833    27.2760    1491.55    1492.92 0.0000e+00
       6705    221.000     9.3741     9.3777   3.786597   3.787262     2.6115      98.90     0.0119 5.1453e-02    5.54611    35.2800    35.2833    27.2767    1491.54    1492.92 0.0000e+00
       6726    222.000     9.3699     9.3743   3.786203   3.786932     2.6108      98.90     0.0112 5.1459e-02    5.55490    35.2795    35.2828    27.2770    1491.54    1492.91 0.0000e+00
       6747    223.000     9.3683     9.3722   3.786091   3.786783     2.6118      98.90     0.0125 5.1469e-02    5.56563    35.2795    35.2828    27.2773    1491.55    1492.90 0.0000e+00
       6768    224.000     9.3672     9.3711   3.786012   3.786709     2.6134      98.90     0.0146 5.1451e-02    5.57231    35.2793    35.2827    27.2773    1491.57    1492.90 0.0000e+00
       6790    225.000     9.3607     9.3644   3.785405   3.786056     2.6145      98.90     0.0112 5.1464e-02    5.56956    35.2789    35.2820    27.2781    1491.56    1492.89 0.0000e+00
       6811    226.000     9.3564     9.3600   3.784987   3.785644     2.6143      69.89     0.0085 5.1487e-02    5.56450    35.2783    35.2816    27.2783    1491.56    1492.89 0.0000e+00
       6832    227.000     9.3496     9.3536   3.784318   3.785006     2.6135      95.52     0.0096 5.1471e-02    5.55986    35.2776    35.2808    27.2789    1491.55    1492.88 0.0000e+00
       6855    228.000     9.3437     9.3476   3.783742   3.784429     2.6123      98.84     0.0142 5.1466e-02    5.56450    35.2769    35.2802    27.2793    1491.54    1492.87 0.0000e+00
       6879    229.000     9.3424     9.3463   3.783639   3.784327     2.6128      98.88     0.0151 5.1470e-02    5.56870    35.2767    35.2800    27.2794    1491.55    1492.87 0.0000e+00
       6905    230.000     9.3368     9.3413   3.783056   3.783807     2.6127      98.88     0.0167 5.1464e-02    5.56507    35.2757    35.2790    27.2795    1491.55    1492.86 0.0000e+00
       6929    231.000     9.3306     9.3344   3.782441   3.783121     2.6117      98.88     0.0162 5.1459e-02    5.57214    35.2749    35.2782    27.2799    1491.54    1492.86 0.0000e+00
       6949    232.000     9.3198     9.3236   3.781322   3.781990     2.6139      98.88     0.0139 5.1454e-02    5.59213    35.2735    35.2767    27.2806    1491.52    1492.85 0.0000e+00
       6967    233.000     9.3215     9.3250   3.781583   3.782248     2.6161      98.90     0.0123 5.1490e-02    5.59565    35.2740    35.2775    27.2807    1491.54    1492.85 0.0000e+00
       6986    234.000     9.3194     9.3228   3.781402   3.782020     2.6176      98.90     0.0090 5.1462e-02    5.59060    35.2737    35.2768    27.2808    1491.55    1492.84 0.0000e+00
       7008    235.000     9.3177     9.3211   3.781263   3.781898     2.6171      67.81     0.0101 5.1450e-02    5.58620    35.2735    35.2768    27.2809    1491.56    1492.83 0.0000e+00
       7031    236.000     9.3144     9.3183   3.780943   3.781642     2.6179      83.98     0.0115 5.1466e-02    5.59882    35.2730    35.2764    27.2811    1491.56    1492.83 0.0000e+00
       7055    237.000     9.3061     9.3101   3.780151   3.780851     2.6192      98.78     0.0148 5.1456e-02    5.59552    35.2724    35.2758    27.2820    1491.55    1492.82 0.0000e+00
       7078    238.000     9.3094     9.3138   3.780621   3.781386     2.6184      98.90     0.0165 5.1451e-02    5.59464    35.2736    35.2772    27.2824    1491.58    1492.82 0.0000e+00
       7099    239.000     9.3085     9.3118   3.780605   3.781226     2.6195      98.90     0.0137 5.1466e-02    5.60230    35.2738    35.2771    27.2827    1491.59    1492.81 0.0000e+00
       7121    240.000     9.2983     9.3023   3.779565   3.780265     2.6198      98.90     0.0105 5.1468e-02    5.59549    35.2726    35.2759    27.2834    1491.57    1492.81 0.0000e+00
       7143    241.000     9.2919     9.2956   3.778951   3.779617     2.6180      98.90     0.0111 5.1464e-02    5.59162    35.2721    35.2753    27.2841    1491.56    1492.80 0.0000e+00
       7165    242.000     9.2905     9.2942   3.778841   3.779505     2.6182      98.90     0.0137 5.1446e-02    5.59853    35.2718    35.2751    27.2841    1491.57    1492.80 0.0000e+00
       7185    243.000     9.2856     9.2893   3.778366   3.779029     2.6180      98.90     0.0127 5.1461e-02    5.59426    35.2712    35.2745    27.2845    1491.57    1492.79 0.0000e+00
       7205    244.000     9.2768     9.2817   3.777500   3.778286     2.6168      98.90     0.0113 5.1461e-02    5.59236    35.2704    35.2738    27.2853    1491.55    1492.79 0.0000e+00
       7228    245.000     9.2728     9.2768   3.777125   3.777821     2.6161      98.90     0.0134 5.1464e-02    5.58940    35.2700    35.2733    27.2856    1491.56    1492.78 0.0000e+00
       7255    246.000     9.2711     9.2749   3.776984   3.777665     2.6144      98.90     0.0129 5.1475e-02    5.59220    35.2697    35.2731    27.2857    1491.57    1492.78 0.0000e+00
       7280    247.000     9.2706     9.2744   3.777011   3.777688     2.6156      98.90     0.0121 5.1471e-02    5.60882    35.2700    35.2733    27.2860    1491.58    1492.77 0.0000e+00
       7299    248.000     9.2690     9.2729   3.776898   3.777613     2.6175      98.91     0.0154 5.1450e-02    5.61400    35.2700    35.2736    27.2862    1491.59    1492.77 0.0000e+00
       7316    249.000     9.2623     9.2658   3.776286   3.776928     2.6183      98.91     0.0159 5.1436e-02    5.61215    35.2697    35.2730    27.2871    1491.58    1492.76 0.0000e+00
       7333    250.000     9.2493     9.2517   3.774911   3.775413     2.6187      98.91     0.0149 5.1461e-02    5.61034    35.2678    35.2706    27.2877    1491.55    1492.76 0.0000e+00
       7352    251.000     9.2391     9.2425   3.773887   3.774520     2.6180      98.91     0.0101 5.1453e-02    5.60072    35.2667    35.2699    27.2885    1491.53    1492.75 0.0000e+00
       7375    252.000     9.2354     9.2391   3.773541   3.774200     2.6158      98.90     0.0098 5.1454e-02    5.59786    35.2663    35.2695    27.2888    1491.53    1492.75 0.0000e+00
       7422    253.000     9.2283     9.2323   3.772823   3.773540     2.6153      98.90     0.0096 5.1465e-02    5.60489    35.2653    35.2688    27.2892    1491.52    1492.74 0.0000e+00
       7474    254.000     9.2280     9.2318   3.772898   3.773588     2.6152      98.91     0.0116 5.1444e-02    5.60512    35.2659    35.2694    27.2898    1491.53    1492.74 0.0000e+00
       7494    255.000     9.2247     9.2284   3.772594   3.773271     2.6148      98.91     0.0083 5.1458e-02    5.60022    35.2655    35.2689    27.2900    1491.54    1492.73 0.0000e+00
       7512    256.000     9.2169     9.2208   3.771815   3.772507     2.6134      98.92     0.0126 5.1458e-02    5.60197    35.2646    35.2680    27.2906    1491.53    1492.73 0.0000e+00
       7532    257.000     9.2130     9.2167   3.771455   3.772137     2.6141      98.92     0.0128 5.1480e-02    5.61512    35.2643    35.2677    27.2909    1491.53    1492.73 0.0000e+00
