_data/ctd/2017/sta0298_2017.cnv
* Sea-Bird SBE 9 Data File:
* FileName = C:\Seabird\CTDData\sta0298.hex
* Software Version Seasave V 7.21f
* Temperature SN = 4385
* Conductivity SN = 2140
* Number of Bytes Per Scan = 34
* Number of Voltage Words = 3
* Number of Scans Averaged by the Deck Unit = 1
* NMEA Latitude = 61 23.60 N
* NMEA Longitude = 002 26.99 W
* NMEA UTC (Time) = Oct 07 2017 12:45:59
* NMEA baud rate = 4800
** Ship: 10 F/F "G. O. Sars"
** Station: 0298
** Echodepth: 1187
** Log: 6744,135
** Wind-Dir Force: 07 16
** Air-temp (dry): 8.8
** Weather Sky: 2 6
** Sea Ice: 4 0
# nquan = 17                                
# nvalues = 1179                        
# units = specified
# name 0 = scan: Scan Count
# name 1 = prDM: Pressure, Digiquartz [db]
# name 2 = t068C: Temperature [ITS-68, deg C]
# name 3 = t168C: Temperature, 2 [ITS-68, deg C]
# name 4 = c0S/m: Conductivity [S/m]
# name 5 = c1S/m: Conductivity, 2 [S/m]
# name 6 = sbeox0V: Oxygen raw, SBE 43 [V]
# name 7 = altM: Altimeter [m]
# name 8 = flC: Fluorescence, Chelsea Aqua 3 Chl Con [ug/l]
# name 9 = par: PAR/Irradiance, Biospherical/Licor
# name 10 = sbeox0ML/L: Oxygen, SBE 43 [ml/l], WS = 2
# name 11 = sal00: Salinity, Practical [PSU]
# name 12 = sal11: Salinity, Practical, 2 [PSU]
# name 13 = sigma-t00: Density [sigma-t, Kg/m^3 ]
# name 14 = svCM: Sound Velocity [Chen-Millero, m/s]
# name 15 = avgsvCM: Average Sound Velocity [Chen-Millero, m/s], minP = 1, minS = 5
# name 16 = flag: flag
# span 0 =        179,      29174       
# span 1 =      3.000,   1181.000       
# span 2 =    -0.7392,    11.3605       
# span 3 =    -0.7352,    11.3656       
# span 4 =   2.880718,   3.957128       
# span 5 =   2.883779,   3.957846       
# span 6 =     2.1164,     2.8386       
# span 7 =       0.02,     100.04       
# span 8 =     0.0062,     0.3118       
# span 9 = 5.1408e-02, 3.2149e+02       
# span 10 =    5.36895,    6.47951      
# span 11 =    34.9273,    35.3290      
# span 12 =    34.8742,    35.6771      
# span 13 =    26.8477,    28.0847      
# span 14 =    1460.86,    1495.67      
# span 15 =    1477.72,    1495.27      
# span 16 = 0.0000e+00, 0.0000e+00      
# interval = decibars: 1                
# start_time = Oct 07 2017 12:46:01 [System UTC, header]
# bad_flag = -9.990e-29
*END*
[from data line 341]
       9591    344.000     8.9045     8.9080   3.743149   3.743813     2.5804      98.92     0.0155 5.1461e-02    5.60047    35.2321    35.2356    27.3157    1491.79    1492.50 0.0000e+00
       9611    345.000     8.8985     8.9018   3.742540   3.743172     2.5783      98.92     0.0152 5.1454e-02    5.60495    35.2312    35.2346    27.3160    1491.78    1492.50 0.0000e+00
       9631    346.000     8.8835     8.8859   3.740969   3.741492     2.5770      98.92     0.0120 5.1491e-02    5.60974    35.2291    35.2322    27.3167    1491.74    1492.50 0.0000e+00
       9652    347.000     8.8702     8.8732   3.739590   3.740162     2.5767      98.92     0.0135 5.1475e-02    5.61653    35.2273    35.2303    27.3175    1491.71    1492.50 0.0000e+00
       9675    348.000     8.8612     8.8644   3.738621   3.739242     2.5763      98.91     0.0139 5.1443e-02    5.61350    35.2255    35.2289    27.3175    1491.69    1492.50 0.0000e+00
       9699    349.000     8.8455     8.8499   3.736974   3.737703     2.5751      98.92     0.0133 5.1481e-02    5.61222    35.2233    35.2266    27.3183    1491.64    1492.49 0.0000e+00
       9720    350.000     8.8395     8.8437   3.736364   3.737083     2.5745      98.92     0.0156 5.1448e-02    5.62066    35.2224    35.2258    27.3185    1491.64    1492.49 0.0000e+00
       9739    351.000     8.8297     8.8335   3.735350   3.736023     2.5754      98.92     0.0158 5.1466e-02    5.62529    35.2210    35.2243    27.3190    1491.61    1492.49 0.0000e+00
       9757    352.000     8.8226     8.8259   3.734638   3.735279     2.5751      98.92     0.0141 5.1456e-02    5.61864    35.2200    35.2235    27.3194    1491.60    1492.49 0.0000e+00
       9777    353.000     8.8134     8.8181   3.733662   3.734453     2.5740      98.92     0.0108 5.1490e-02    5.61354    35.2184    35.2221    27.3196    1491.58    1492.48 0.0000e+00
       9800    354.000     8.8023     8.8077   3.732526   3.733374     2.5723      98.92     0.0132 5.1469e-02    5.61478    35.2170    35.2206    27.3202    1491.56    1492.48 0.0000e+00
       9823    355.000     8.7949     8.7986   3.731807   3.732491     2.5724      98.92     0.0122 5.1450e-02    5.62563    35.2163    35.2198    27.3209    1491.55    1492.48 0.0000e+00
       9845    356.000     8.7854     8.7893   3.730821   3.731527     2.5730      98.92     0.0111 5.1466e-02    5.62852    35.2148    35.2184    27.3212    1491.53    1492.48 0.0000e+00
       9866    357.000     8.7812     8.7846   3.730418   3.731072     2.5732      98.92     0.0094 5.1466e-02    5.62311    35.2143    35.2178    27.3215    1491.53    1492.47 0.0000e+00
       9887    358.000     8.7670     8.7704   3.728985   3.729599     2.5714      98.92     0.0091 5.1444e-02    5.60931    35.2128    35.2159    27.3226    1491.49    1492.47 0.0000e+00
       9911    359.000     8.7604     8.7639   3.728324   3.728972     2.5687      98.92     0.0134 5.1460e-02    5.61354    35.2119    35.2153    27.3229    1491.48    1492.47 0.0000e+00
       9933    360.000     8.7505     8.7541   3.727304   3.727991     2.5694      98.92     0.0136 5.1445e-02    5.63363    35.2105    35.2142    27.3234    1491.46    1492.46 0.0000e+00
       9954    361.000     8.7438     8.7494   3.726666   3.727534     2.5713      98.92     0.0107 5.1464e-02    5.63659    35.2100    35.2136    27.3240    1491.45    1492.46 0.0000e+00
       9973    362.000     8.7397     8.7434   3.726270   3.726946     2.5711      98.92     0.0095 5.1448e-02    5.62880    35.2094    35.2129    27.3242    1491.45    1492.46 0.0000e+00
       9992    363.000     8.7277     8.7318   3.725018   3.725744     2.5706      98.92     0.0104 5.1464e-02    5.62982    35.2076    35.2112    27.3248    1491.42    1492.46 0.0000e+00
      10012    364.000     8.7113     8.7152   3.723384   3.724062     2.5705      98.92     0.0126 5.1439e-02    5.63176    35.2062    35.2095    27.3262    1491.37    1492.45 0.0000e+00
      10033    365.000     8.7064     8.7103   3.722951   3.723641     2.5695      98.92     0.0145 5.1438e-02    5.62588    35.2060    35.2094    27.3269    1491.37    1492.45 0.0000e+00
      10055    366.000     8.7061     8.7100   3.722981   3.723695     2.5683      98.92     0.0139 5.1477e-02    5.62805    35.2062    35.2098    27.3270    1491.39    1492.45 0.0000e+00
      10077    367.000     8.7031     8.7074   3.722744   3.723494     2.5684      98.91     0.0139 5.1451e-02    5.63080    35.2062    35.2098    27.3275    1491.39    1492.44 0.0000e+00
      10099    368.000     8.7037     8.7071   3.722859   3.723538     2.5679      98.62     0.0137 5.1466e-02    5.62983    35.2063    35.2101    27.3275    1491.41    1492.44 0.0000e+00
      10120    369.000     8.7006     8.7040   3.722642   3.723309     2.5678      98.92     0.0149 5.1483e-02    5.62939    35.2066    35.2103    27.3283    1491.42    1492.44 0.0000e+00
      10140    370.000     8.6995     8.7034   3.722621   3.723323     2.5670      98.91     0.0116 5.1459e-02    5.62695    35.2070    35.2106    27.3287    1491.43    1492.44 0.0000e+00
      10161    371.000     8.6993     8.7028   3.722669   3.723357     2.5664      98.92     0.0115 5.1431e-02    5.62554    35.2073    35.2110    27.3290    1491.44    1492.43 0.0000e+00
      10184    372.000     8.6978     8.7017   3.722615   3.723340     2.5657      98.92     0.0086 5.1444e-02    5.62202    35.2077    35.2115    27.3295    1491.46    1492.43 0.0000e+00
      10206    373.000     8.6972     8.7012   3.722625   3.723339     2.5640      98.92     0.0104 5.1462e-02    5.61559    35.2079    35.2115    27.3298    1491.47    1492.43 0.0000e+00
      10229    374.000     8.6970     8.7009   3.722653   3.723371     2.5629      98.92     0.0119 5.1466e-02    5.61813    35.2080    35.2117    27.3299    1491.49    1492.43 0.0000e+00
      10252    375.000     8.6947     8.6988   3.722541   3.723294     2.5624      98.92     0.0146 5.1466e-02    5.62221    35.2086    35.2125    27.3307    1491.49    1492.42 0.0000e+00
      10272    376.000     8.6921     8.6963   3.722381   3.723137     2.5625      98.92     0.0147 5.1449e-02    5.62069    35.2090    35.2128    27.3315    1491.50    1492.42 0.0000e+00
      10290    377.000     8.6939     8.6974   3.722754   3.723412     2.5618      98.92     0.0179 5.1486e-02    5.61855    35.2107    35.2142    27.3325    1491.53    1492.42 0.0000e+00
      10307    378.000     8.6985     8.7025   3.723415   3.724170     2.5614      98.92     0.0183 5.1459e-02    5.62296    35.2126    35.2166    27.3333    1491.56    1492.42 0.0000e+00
      10326    379.000     8.7006     8.7046   3.723734   3.724456     2.5620      98.92     0.0188 5.1454e-02    5.62176    35.2134    35.2171    27.3336    1491.59    1492.41 0.0000e+00
      10347    380.000     8.6982     8.7019   3.723548   3.724257     2.5610      98.92     0.0182 5.1473e-02    5.61389    35.2134    35.2172    27.3339    1491.60    1492.41 0.0000e+00
      10369    381.000     8.6964     8.7003   3.723417   3.724149     2.5596      98.92     0.0135 5.1456e-02    5.61437    35.2133    35.2172    27.3342    1491.61    1492.41 0.0000e+00
      10392    382.000     8.6969     8.7008   3.723512   3.724253     2.5594      98.92     0.0123 5.1464e-02    5.61485    35.2133    35.2173    27.3341    1491.62    1492.41 0.0000e+00
      10423    383.000     8.6962     8.6999   3.723469   3.724196     2.5575      98.92     0.0082 5.1461e-02    5.60520    35.2131    35.2171    27.3340    1491.64    1492.41 0.0000e+00
      10516    384.000     8.6939     8.6970   3.723255   3.723938     2.5604      86.83     0.0119 5.1442e-02    5.62789    35.2127    35.2168    27.3341    1491.65    1492.40 0.0000e+00
      10538    385.000     8.6902     8.6941   3.722947   3.723679     2.5597      99.33     0.0099 5.1451e-02    5.61482    35.2126    35.2165    27.3346    1491.65    1492.40 0.0000e+00
      10555    386.000     8.6890     8.6927   3.722885   3.723598     2.5588      98.92     0.0093 5.1445e-02    5.60754    35.2127    35.2165    27.3348    1491.66    1492.40 0.0000e+00
      10571    387.000     8.6876     8.6920   3.722798   3.723576     2.5568      98.92     0.0110 5.1460e-02    5.59791    35.2127    35.2165    27.3351    1491.67    1492.40 0.0000e+00
      10591    388.000     8.6849     8.6886   3.722607   3.723326     2.5542      98.92     0.0140 5.1481e-02    5.59995    35.2129    35.2168    27.3356    1491.68    1492.40 0.0000e+00
      10614    389.000     8.6840     8.6880   3.722606   3.723348     2.5540      98.92     0.0125 5.1449e-02    5.61257    35.2133    35.2171    27.3361    1491.69    1492.39 0.0000e+00
      10642    390.000     8.6793     8.6831   3.722226   3.722967     2.5547      98.92     0.0089 5.1467e-02    5.61664    35.2135    35.2175    27.3370    1491.69    1492.39 0.0000e+00
      10674    391.000     8.6725     8.6766   3.721606   3.722345     2.5547      98.92     0.0062 5.1460e-02    5.61473    35.2132    35.2169    27.3379    1491.68    1492.39 0.0000e+00
      10703    392.000     8.6486     8.6536   3.719128   3.719925     2.5547      49.85     0.0113 5.1465e-02    5.62495    35.2103    35.2138    27.3394    1491.61    1492.39 0.0000e+00
      10730    393.000     8.6446     8.6484   3.718869   3.719592     2.5558      98.84     0.0121 5.1453e-02    5.62785    35.2111    35.2149    27.3406    1491.61    1492.39 0.0000e+00
      10753    394.000     8.6457     8.6493   3.719144   3.719844     2.5563      98.92     0.0136 5.1467e-02    5.62810    35.2124    35.2162    27.3415    1491.63    1492.38 0.0000e+00
      10772    395.000     8.6322     8.6354   3.717772   3.718388     2.5563      98.92     0.0118 5.1466e-02    5.62374    35.2109    35.2142    27.3424    1491.60    1492.38 0.0000e+00
      10790    396.000     8.6258     8.6298   3.717198   3.717915     2.5552      98.92     0.0106 5.1444e-02    5.61887    35.2107    35.2143    27.3432    1491.59    1492.38 0.0000e+00
      10807    397.000     8.6312     8.6348   3.717969   3.718677     2.5543      98.92     0.0124 5.1458e-02    5.61203    35.2130    35.2169    27.3442    1491.63    1492.38 0.0000e+00
      10827    398.000     8.6329     8.6367   3.718320   3.719025     2.5521      98.92     0.0115 5.1453e-02    5.60818    35.2145    35.2182    27.3451    1491.65    1492.38 0.0000e+00
      10850    399.000     8.6346     8.6381   3.718637   3.719332     2.5513      98.92     0.0120 5.1453e-02    5.61256    35.2157    35.2196    27.3458    1491.68    1492.38 0.0000e+00
      10876    400.000     8.6336     8.6374   3.718623   3.719341     2.5507      98.92     0.0118 5.1451e-02    5.61405    35.2161    35.2199    27.3463    1491.69    1492.37 0.0000e+00
      10899    401.000     8.6349     8.6386   3.718842   3.719549     2.5503      98.92     0.0121 5.1446e-02    5.60747    35.2166    35.2204    27.3465    1491.71    1492.37 0.0000e+00
      10919    402.000     8.6336     8.6375   3.718752   3.719477     2.5485      98.92     0.0118 5.1456e-02    5.59994    35.2165    35.2203    27.3466    1491.72    1492.37 0.0000e+00
      10938    403.000     8.6284     8.6329   3.718199   3.719006     2.5472      98.92     0.0138 5.1433e-02    5.59394    35.2154    35.2194    27.3465    1491.72    1492.37 0.0000e+00
      10960    404.000     8.6062     8.6105   3.715896   3.716626     2.5442      98.92     0.0143 5.1454e-02    5.58217    35.2126    35.2161    27.3478    1491.65    1492.37 0.0000e+00
      10987    405.000     8.5981     8.6021   3.715061   3.715797     2.5406      98.92     0.0119 5.1464e-02    5.58801    35.2114    35.2152    27.3481    1491.63    1492.36 0.0000e+00
      11021    406.000     8.5919     8.5960   3.714429   3.715160     2.5409      98.92     0.0148 5.1475e-02    5.60734    35.2104    35.2140    27.3483    1491.63    1492.36 0.0000e+00
      11048    407.000     8.5813     8.5857   3.713339   3.714090     2.5433      98.92     0.0187 5.1438e-02    5.61872    35.2089    35.2125    27.3489    1491.60    1492.36 0.0000e+00
      11067    408.000     8.5615     8.5654   3.711250   3.711939     2.5438      98.92     0.0167 5.1471e-02    5.61151    35.2060    35.2094    27.3497    1491.54    1492.36 0.0000e+00
      11086    409.000     8.5376     8.5414   3.708820   3.709476     2.5429      98.92     0.0153 5.1464e-02    5.60615    35.2036    35.2068    27.3515    1491.47    1492.36 0.0000e+00
      11105    410.000     8.5284     8.5320   3.707877   3.708534     2.5416      98.92     0.0163 5.1464e-02    5.60365    35.2023    35.2057    27.3519    1491.45    1492.35 0.0000e+00
      11125    411.000     8.5192     8.5230   3.706960   3.707628     2.5408      98.92     0.0158 5.1454e-02    5.61160    35.2013    35.2045    27.3526    1491.43    1492.35 0.0000e+00
      11144    412.000     8.5091     8.5127   3.706019   3.706690     2.5413      98.93     0.0168 5.1479e-02    5.61723    35.2009    35.2044    27.3538    1491.41    1492.35 0.0000e+00
      11165    413.000     8.5027     8.5059   3.705402   3.706019     2.5409      98.92     0.0141 5.1456e-02    5.60651    35.2002    35.2036    27.3543    1491.40    1492.35 0.0000e+00
      11190    414.000     8.4993     8.5030   3.705056   3.705765     2.5380      98.93     0.0121 5.1489e-02    5.59497    35.1995    35.2033    27.3543    1491.40    1492.35 0.0000e+00
      11227    415.000     8.4980     8.5017   3.704940   3.705673     2.5369      98.92     0.0070 5.1440e-02    5.61084    35.1991    35.2031    27.3542    1491.41    1492.34 0.0000e+00
      11265    416.000     8.4958     8.4990   3.704776   3.705430     2.5384      98.92     0.0099 5.1446e-02    5.61802    35.1990    35.2028    27.3545    1491.42    1492.34 0.0000e+00
      11284    417.000     8.4851     8.4888   3.703724   3.704407     2.5388      98.92     0.0108 5.1452e-02    5.61432    35.1981    35.2016    27.3554    1491.39    1492.34 0.0000e+00
      11300    418.000     8.4645     8.4682   3.701556   3.702212     2.5381      98.92     0.0118 5.1476e-02    5.61362    35.1951    35.1984    27.3563    1491.33    1492.34 0.0000e+00
      11316    419.000     8.4323     8.4357   3.698111   3.698720     2.5378      98.92     0.0139 5.1436e-02    5.62020    35.1901    35.1932    27.3574    1491.22    1492.33 0.0000e+00
      11334    420.000     8.3973     8.4021   3.694369   3.695128     2.5378      98.93     0.0142 5.1482e-02    5.62940    35.1848    35.1881    27.3586    1491.10    1492.33 0.0000e+00
      11358    421.000     8.3688     8.3734   3.691363   3.692119     2.5382      98.92     0.0140 5.1461e-02    5.63343    35.1808    35.1842    27.3599    1491.01    1492.33 0.0000e+00
      11388    422.000     8.3539     8.3588   3.689743   3.690510     2.5379      98.92     0.0127 5.1459e-02    5.63548    35.1779    35.1812    27.3600    1490.96    1492.32 0.0000e+00
      11416    423.000     8.3041     8.3075   3.684512   3.685029     2.5380      98.92     0.0121 5.1444e-02    5.64477    35.1714    35.1735    27.3625    1490.78    1492.32 0.0000e+00
      11435    424.000     8.2889     8.2927   3.682939   3.683554     2.5382      83.97     0.0149 5.1469e-02    5.65176    35.1694    35.1721    27.3633    1490.74    1492.32 0.0000e+00
      11455    425.000     8.2716     8.2753   3.681238   3.681848     2.5392      98.79     0.0141 5.1447e-02    5.65881    35.1680    35.1708    27.3649    1490.69    1492.31 0.0000e+00
      11477    426.000     8.2661     8.2699   3.680818   3.681457     2.5399      98.92     0.0134 5.1456e-02    5.66505    35.1686    35.1716    27.3661    1490.69    1492.31 0.0000e+00
      11500    427.000     8.2767     8.2802   3.682235   3.682876     2.5414      98.92     0.0145 5.1444e-02    5.66477    35.1726    35.1759    27.3677    1490.75    1492.31 0.0000e+00
