_data/ctd/2022603/sta0149.cnv
* Sea-Bird SBE 9 Data File:
* FileName = C:\Seabird\CTDData\sta0149.hex
* Software Version Seasave V 7.21f
* Temperature SN = 6264
* Conductivity SN = 4928
* Number of Bytes Per Scan = 40
* Number of Voltage Words = 5
* Number of Scans Averaged by the Deck Unit = 1
* NMEA Latitude = 60 33.97 N
* NMEA Longitude = 006 59.62 E
* NMEA UTC (Time) = Feb 09 2022 21:31:17
* NMEA baud rate = 4800
** Ship: R/V "Kristine Bonnevie"
** Station: 0149
** Echodepth: 151
** Log: 0078.345
** Wind-Dir/Force: 19 24
** Air-temp (dry): 3.8
** Weather Sky:
** Sea:
# nquan = 19                                
# nvalues = 143                         
# units = specified
# name 0 = scan: Scan Count
# name 1 = prDM: Pressure, Digiquartz [db]
# name 2 = t068C: Temperature [ITS-68, deg C]
# name 3 = t168C: Temperature, 2 [ITS-68, deg C]
# name 4 = c0S/m: Conductivity [S/m]
# name 5 = c1S/m: Conductivity, 2 [S/m]
# name 6 = sbeox0V: Oxygen raw, SBE 43 [V]
# name 7 = flECO-AFL: Fluorescence, WET Labs ECO-AFL/FL [mg/m^3]
# name 8 = altM: Altimeter [m]
# name 9 = par: PAR/Irradiance, Biospherical/Licor
# name 10 = spar: SPAR/Surface Irradiance
# name 11 = CStarTr0: Beam Transmission, WET Labs C-Star [%]
# name 12 = sbeox0ML/L: Oxygen, SBE 43 [ml/l], WS = 2
# name 13 = sal00: Salinity, Practical [PSU]
# name 14 = sal11: Salinity, Practical, 2 [PSU]
# name 15 = sigma-t00: Density [sigma-t, Kg/m^3 ]
# name 16 = svCM: Sound Velocity [Chen-Millero, m/s]
# name 17 = avgsvCM: Average Sound Velocity [Chen-Millero, m/s], minP = 1, minS = 5
# name 18 = flag: flag
# span 0 =         -7,       3439       
# span 1 =      3.000,    145.000       
# span 2 =     3.1837,    10.2050       
# span 3 =     3.1228,    10.2040       
# span 4 =   2.226435,   3.672183       
# span 5 =   2.220690,   3.673830       
# span 6 =     1.5466,     2.4950       
# span 7 =    -0.0616,     0.9386       
# span 8 =       5.90,      99.01       
# span 9 = 4.9474e-02, 6.2780e-01       
# span 10 = 0.0000e+00, 0.0000e+00      
# span 11 =    70.2409,    81.2847      
# span 12 =    3.49654,    7.89598      
# span 13 =    23.6232,    34.8172      
# span 14 =    23.6010,    34.8311      
# span 15 =    18.8049,    27.1314      
# span 16 =    1448.52,    1489.09      
# span 17 =    1448.52,    1480.74      
# span 18 = 0.0000e+00, 0.0000e+00      
# interval = decibars: 1                
# start_time = Feb 09 2022 21:31:19 [System UTC, header]
# bad_flag = -9.990e-29
*END*
         -7      3.000     3.1837     3.1228   2.226435   2.220690     2.4544     0.9087      98.82 6.2780e-01 0.0000e+00    78.9967    7.87492    23.6232    23.6010    18.8049    1448.52    1448.52 0.0000e+00
         26      4.000     3.2345     3.2397   2.236800   2.238085     2.4553     0.8090      98.82 4.4885e-01 0.0000e+00    78.9013    7.89598    23.7058    23.7169    18.8674    1448.86    1448.60 0.0000e+00
         56      5.000     3.3210     3.3266   2.252933   2.255165     2.4581     0.8229      98.83 2.8514e-01 0.0000e+00    78.8242    7.89222    23.8288    23.8505    18.9597    1449.42    1448.77 0.0000e+00
         81      6.000     3.3675     3.3970   2.261490   2.269084     2.4599     0.7806      69.38 2.1204e-01 0.0000e+00    78.8672    7.88544    23.8932    23.9592    19.0078    1449.72    1448.92 0.0000e+00
        105      7.000     3.7653     3.7553   2.345668   2.350507     2.4614     0.7855      98.75 1.6296e-01 0.0000e+00    78.8623    7.76737    24.5660    24.6291    19.5149    1452.33    1449.41 0.0000e+00
        129      8.000     3.9897     3.9795   2.393858   2.393637     2.4641     0.8012      98.83 1.2573e-01 0.0000e+00    78.8493    7.77438    24.9475    24.9527    19.8009    1453.80    1449.96 0.0000e+00
        153      9.000     4.2940     4.2882   2.459309   2.463275     2.4727     0.8851      98.83 8.7182e-02 0.0000e+00    78.5451    7.73445    25.4592    25.5087    20.1825    1455.76    1450.60 0.0000e+00
        176     10.000     4.5633     4.5449   2.513020   2.513965     2.4785     0.9260      98.83 6.4670e-02 0.0000e+00    78.5618    7.66215    25.8578    25.8829    20.4756    1457.43    1451.28 0.0000e+00
        199     11.000     4.8622     4.8418   2.565889   2.565973     2.4841     0.9386      98.83 5.1102e-02 0.0000e+00    78.4090    7.58780    26.2181    26.2352    20.7342    1459.16    1451.99 0.0000e+00
        220     12.000     4.9548     4.9479   2.581967   2.582407     2.4879     0.8540      64.57 4.9489e-02 0.0000e+00    78.2474    7.55601    26.3249    26.3353    20.8101    1459.70    1452.63 0.0000e+00
        242     13.000     5.0473     5.0377   2.599138   2.599753     2.4899     0.6986      95.80 4.9528e-02 0.0000e+00    78.4879    7.49128    26.4435    26.4580    20.8952    1460.25    1453.21 0.0000e+00
        263     14.000     5.1452     5.1399   2.618255   2.618806     2.4881     0.6598      98.85 4.9522e-02 0.0000e+00    78.8431    7.42478    26.5789    26.5892    20.9929    1460.84    1453.76 0.0000e+00
        283     15.000     5.3107     5.2931   2.649183   2.649877     2.4858     0.6641      98.82 4.9551e-02 0.0000e+00    78.9547    7.37851    26.7910    26.8128    21.1445    1461.81    1454.29 0.0000e+00
        303     16.000     5.5041     5.4928   2.690150   2.690788     2.4840     0.6016      98.82 4.9516e-02 0.0000e+00    79.0620    7.33282    27.0901    27.1063    21.3613    1463.00    1454.83 0.0000e+00
        324     17.000     5.5246     5.5239   2.707458   2.708027     2.4837     0.5585      98.82 4.9515e-02 0.0000e+00    79.1801    7.33699    27.2649    27.2718    21.4973    1463.33    1455.33 0.0000e+00
        343     18.000     5.7263     5.7074   2.747912   2.748582     2.4836     0.5556      98.83 4.9474e-02 0.0000e+00    79.3365    7.27272    27.5478    27.5707    21.6996    1464.52    1455.84 0.0000e+00
        363     19.000     5.8267     5.8225   2.773189   2.773875     2.4823     0.4969      62.66 4.9508e-02 0.0000e+00    79.4350    7.23867    27.7440    27.7550    21.8436    1465.20    1456.33 0.0000e+00
        383     20.000     5.8419     5.8348   2.792254   2.793362     2.4817     0.4724      92.42 4.9497e-02 0.0000e+00    79.4181    7.22122    27.9411    27.9592    21.9975    1465.52    1456.78 0.0000e+00
        403     21.000     6.0366     6.0235   2.819315   2.820562     2.4798     0.4463      99.01 4.9535e-02 0.0000e+00    79.5598    7.14755    28.0773    28.1019    22.0836    1466.50    1457.24 0.0000e+00
        422     22.000     6.4504     6.4142   2.897765   2.899984     2.4765     0.4234      98.83 4.9536e-02 0.0000e+00    79.5778    7.05380    28.5897    28.6442    22.4402    1468.82    1457.77 0.0000e+00
        441     23.000     7.1377     7.0895   3.038879   3.041192     2.4764     0.4256      98.83 4.9513e-02 0.0000e+00    79.4857    6.94978    29.5331    29.5992    23.0983    1472.73    1458.41 0.0000e+00
        459     24.000     7.5769     7.5506   3.130189   3.131960     2.4813     0.3257      98.83 4.9486e-02 0.0000e+00    79.6135    6.92886    30.1309    30.1725    23.5104    1475.20    1459.10 0.0000e+00
        478     25.000     7.9317     7.9101   3.196868   3.198521     2.4901     0.2326      98.83 4.9494e-02 0.0000e+00    79.6318    6.87857    30.5293    30.5656    23.7746    1477.08    1459.81 0.0000e+00
        497     26.000     8.2340     8.2090   3.253794   3.256447     2.4950     0.1651      89.68 4.9516e-02 0.0000e+00    80.2264    6.75075    30.8641    30.9139    23.9945    1478.66    1460.53 0.0000e+00
        516     27.000     8.8323     8.7865   3.362624   3.366058     2.4922     0.1334      56.72 4.9512e-02 0.0000e+00    80.2760    6.54867    31.4720    31.5484    24.3826    1481.68    1461.30 0.0000e+00
        535     28.000     9.3621     9.3345   3.461625   3.464582     2.4860     0.1018      98.66 4.9490e-02 0.0000e+00    80.3891    6.41978    32.0217    32.0768    24.7305    1484.33    1462.11 0.0000e+00
        554     29.000     9.7853     9.7601   3.548312   3.551436     2.4820     0.0628      98.82 4.9490e-02 0.0000e+00    80.6638    6.31713    32.5274    32.5820    25.0575    1486.51    1462.94 0.0000e+00
        573     30.000    10.0101     9.9936   3.600512   3.603073     2.4743    -0.0040      98.83 4.9512e-02 0.0000e+00    80.7107    6.18593    32.8539    32.8949    25.2752    1487.74    1463.75 0.0000e+00
        591     31.000    10.1887    10.1774   3.653397   3.655505     2.4602    -0.0280      98.83 4.9501e-02 0.0000e+00    80.6779    6.01794    33.2263    33.2580    25.5357    1488.85    1464.55 0.0000e+00
        610     32.000    10.2050    10.2040   3.668267   3.670107     2.4378    -0.0392      98.83 4.9505e-02 0.0000e+00    81.0725    5.86525    33.3613    33.3809    25.6383    1489.09    1465.30 0.0000e+00
        629     33.000    10.1726    10.1727   3.672085   3.673830     2.4104    -0.0347      98.82 4.9519e-02 0.0000e+00    81.1515    5.71744    33.4294    33.4470    25.6969    1489.07    1466.01 0.0000e+00
        648     34.000    10.1282    10.1295   3.671866   3.673523     2.3771    -0.0399      66.89 4.9516e-02 0.0000e+00    81.2123    5.57379    33.4677    33.4833    25.7344    1488.98    1466.68 0.0000e+00
        666     35.000    10.0872    10.0885   3.671471   3.673142     2.3429    -0.0507      75.12 4.9515e-02 0.0000e+00    81.2847    5.47753    33.5012    33.5170    25.7674    1488.89    1467.30 0.0000e+00
        686     36.000    10.0401    10.0407   3.671807   3.673450     2.3108    -0.0574      98.37 4.9491e-02 0.0000e+00    81.2479    5.41963    33.5479    33.5640    25.8118    1488.79    1467.89 0.0000e+00
        705     37.000    10.0049    10.0043   3.672183   3.673819     2.2822    -0.0616      56.68 4.9505e-02 0.0000e+00    81.0505    5.37853    33.5839    33.6011    25.8458    1488.72    1468.45 0.0000e+00
        725     38.000     9.9580     9.9592   3.671825   3.673349     2.2574 -9.990e-29      67.90 4.9512e-02 0.0000e+00    80.6886    5.35238    33.6235    33.6379    25.8846    1488.62    1468.97 0.0000e+00
        746     39.000     9.9000     9.9037   3.672139   3.673676     2.2356 -9.990e-29      58.76 4.9492e-02 0.0000e+00    80.1539    5.32339    33.6803    33.6925    25.9387    1488.50    1469.47 0.0000e+00
        768     40.000     9.7477     9.7516   3.664380   3.665907     2.2150 -9.990e-29      98.83 4.9496e-02 0.0000e+00    79.5345    5.30148    33.7430    33.7550    26.0131    1488.04    1469.92 0.0000e+00
        790     41.000     9.6538     9.6577   3.659767   3.661289     2.1970 -9.990e-29      98.80 4.9502e-02 0.0000e+00    78.9628    5.27250    33.7834    33.7954    26.0602    1487.76    1470.35 0.0000e+00
        812     42.000     9.5895     9.5902   3.656581   3.658136     2.1803    -0.0558      95.36 4.9487e-02 0.0000e+00    78.4322    5.23908    33.8107    33.8261    26.0921    1487.58    1470.76 0.0000e+00
        835     43.000     9.5095     9.5152   3.652146   3.653654     2.1641    -0.0558      31.27 4.9490e-02 0.0000e+00    77.9620    5.19840    33.8400    33.8502    26.1281    1487.34    1471.14 0.0000e+00
        857     44.000     9.3815     9.3856   3.647144   3.648634     2.1484    -0.0558      95.62 4.9515e-02 0.0000e+00    77.5488    5.16046    33.9090    33.9205    26.2029    1486.97    1471.50 0.0000e+00
        879     45.000     9.3060     9.3085   3.644703   3.646185     2.1323    -0.0558      89.19 4.9487e-02 0.0000e+00    77.2247    5.10828    33.9549    33.9679    26.2511    1486.77    1471.83 0.0000e+00
        901     46.000     9.1998     9.2046   3.641682   3.643162     2.1150    -0.0558      55.89 4.9508e-02 0.0000e+00    76.9270    5.05438    34.0242    34.0350    26.3224    1486.48    1472.15 0.0000e+00
        923     47.000     9.1109     9.1150   3.639823   3.641291     2.0975    -0.0558      95.14 4.9478e-02 0.0000e+00    76.6208    4.98517    34.0893    34.1007    26.3877    1486.25    1472.45 0.0000e+00
        945     48.000     9.0308     9.0322   3.638781   3.640234     2.0771    -0.0558      83.46 4.9505e-02 0.0000e+00    76.3012    4.89361    34.1548    34.1686    26.4517    1486.06    1472.73 0.0000e+00
        967     49.000     8.9788     8.9812   3.637955   3.639412     2.0534    -0.0558      93.01 4.9487e-02 0.0000e+00    75.9074    4.79291    34.1957    34.2086    26.4920    1485.93    1472.99 0.0000e+00
        989     50.000     8.9074     8.9092   3.636890   3.638325     2.0278    -0.0558      78.11 4.9505e-02 0.0000e+00    75.4852    4.69147    34.2529    34.2662    26.5481    1485.75    1473.25 0.0000e+00
       1011     51.000     8.8626     8.8640   3.636111   3.637542     1.9994    -0.0558      98.31 4.9487e-02 0.0000e+00    75.0744    4.58399    34.2875    34.3012    26.5823    1485.65    1473.49 0.0000e+00
       1033     52.000     8.8107     8.8116   3.635109   3.636532     1.9700    -0.0558      98.74 4.9514e-02 0.0000e+00    74.6349    4.48321    34.3267    34.3408    26.6212    1485.52    1473.72 0.0000e+00
       1055     53.000     8.7710     8.7715   3.634375   3.635801     1.9396    -0.0558      90.54 1.0676e-01 0.0000e+00    74.2052    4.37681    34.3570    34.3715    26.6512    1485.43    1473.94 0.0000e+00
       1078     54.000     8.7416     8.7411   3.633765   3.635172     1.9083    -0.0558      64.43 4.9914e-02 0.0000e+00    73.7882    4.27847    34.3787    34.3940    26.6728    1485.36    1474.15 0.0000e+00
       1100     55.000     8.7280     8.7270   3.633518   3.634933     1.8780    -0.0558      72.22 4.9515e-02 0.0000e+00    73.3800    4.20011    34.3888    34.4047    26.6829    1485.34    1474.35 0.0000e+00
       1123     56.000     8.6986     8.6990   3.632964   3.634379     1.8497    -0.0558      98.69 4.9518e-02 0.0000e+00    73.0302    4.13848    34.4111    34.4256    26.7049    1485.27    1474.54 0.0000e+00
       1145     57.000     8.6631     8.6637   3.632112   3.633511     1.8249    -0.0558      93.78 4.9509e-02 0.0000e+00    72.7069    4.09830    34.4362    34.4503    26.7301    1485.19    1474.73 0.0000e+00
       1168     58.000     8.6270     8.6269   3.631224   3.632623     1.8032    -0.0558      98.87 4.9493e-02 0.0000e+00    72.3768    4.06747    34.4615    34.4764    26.7556    1485.10    1474.90 0.0000e+00
       1191     59.000     8.6103     8.6100   3.630786   3.632189     1.7847    -0.0558      93.00 4.9509e-02 0.0000e+00    72.1146    4.02464    34.4727    34.4878    26.7670    1485.07    1475.08 0.0000e+00
       1213     60.000     8.5929     8.5926   3.630341   3.631737     1.7665    -0.0558      94.20 4.9499e-02 0.0000e+00    71.8450    3.96001    34.4845    34.4995    26.7789    1485.04    1475.24 0.0000e+00
       1236     61.000     8.5629     8.5633   3.629490   3.630880     1.7476    -0.0558      44.50 4.9481e-02 0.0000e+00    71.6149    3.90795    34.5043    34.5186    26.7992    1484.97    1475.40 0.0000e+00
       1258     62.000     8.5493     8.5482   3.629178   3.630553     1.7300    -0.0558      97.80 4.9515e-02 0.0000e+00    71.4227    3.86801    34.5138    34.5295    26.8087    1484.94    1475.55 0.0000e+00
       1280     63.000     8.5427     8.5413   3.629104   3.630477     1.7148    -0.0558      90.34 4.9509e-02 0.0000e+00    71.2565    3.83863    34.5190    34.5349    26.8138    1484.94    1475.70 0.0000e+00
       1303     64.000     8.5369     8.5356   3.629007   3.630384     1.7008    -0.0558      98.27 4.9515e-02 0.0000e+00    71.0877    3.81233    34.5232    34.5391    26.8180    1484.94    1475.84 0.0000e+00
       1325     65.000     8.5268     8.5263   3.628721   3.630100     1.6884    -0.0558      94.18 4.9475e-02 0.0000e+00    70.9972    3.79415    34.5296    34.5447    26.8246    1484.93    1475.98 0.0000e+00
       1347     66.000     8.5111     8.5102   3.628224   3.629597     1.6789    -0.0558      97.02 4.9514e-02 0.0000e+00    70.9059    3.78907    34.5392    34.5546    26.8345    1484.90    1476.12 0.0000e+00
       1369     67.000     8.5009     8.5001   3.627932   3.629295     1.6708    -0.0558      43.05 4.9490e-02 0.0000e+00    70.8235    3.77790    34.5456    34.5609    26.8412    1484.88    1476.25 0.0000e+00
       1391     68.000     8.4814     8.4811   3.627298   3.628659     1.6637    -0.0558      83.00 4.9521e-02 0.0000e+00    70.7521    3.75808    34.5575    34.5723    26.8535    1484.84    1476.37 0.0000e+00
       1413     69.000     8.4607     8.4604   3.626627   3.627990     1.6560    -0.0558      94.49 4.9527e-02 0.0000e+00    70.6984    3.72909    34.5702    34.5850    26.8667    1484.80    1476.49 0.0000e+00
       1436     70.000     8.4496     8.4489   3.626258   3.627625     1.6480    -0.0558      92.87 4.9540e-02 0.0000e+00    70.6445    3.70311    34.5767    34.5919    26.8735    1484.78    1476.61 0.0000e+00
       1458     71.000     8.4324     8.4319   3.625694   3.627047     1.6400    -0.0558      88.91 4.9511e-02 0.0000e+00    70.5782    3.67993    34.5871    34.6020    26.8843    1484.75    1476.73 0.0000e+00
       1480     72.000     8.4207     8.4199   3.625327   3.626680     1.6321    -0.0558      98.70 4.9490e-02 0.0000e+00    70.4957    3.66260    34.5943    34.6094    26.8917    1484.73    1476.84 0.0000e+00
       1503     73.000     8.4109     8.4104   3.625003   3.626346     1.6255    -0.0558      98.78 4.9518e-02 0.0000e+00    70.4493    3.64996    34.6000    34.6147    26.8977    1484.71    1476.94 0.0000e+00
       1526     74.000     8.3971     8.3965   3.624503   3.625864     1.6188    -0.0558      95.49 4.9518e-02 0.0000e+00    70.4080    3.62811    34.6077    34.6228    26.9059    1484.69    1477.05 0.0000e+00
       1548     75.000     8.3863     8.3855   3.624108   3.625453     1.6122    -0.0558      38.95 4.9521e-02 0.0000e+00    70.3658    3.61514    34.6137    34.6288    26.9122    1484.67    1477.15 0.0000e+00
       1571     76.000     8.3812     8.3800   3.623947   3.625291     1.6067    -0.0558      34.10 4.9530e-02 0.0000e+00    70.3340    3.60530    34.6165    34.6320    26.9152    1484.67    1477.25 0.0000e+00
       1594     77.000     8.3771     8.3760   3.623832   3.625168     1.6014    -0.0558      29.79 4.9512e-02 0.0000e+00    70.3012    3.58854    34.6188    34.6341    26.9176    1484.68    1477.34 0.0000e+00
       1616     78.000     8.3703     8.3692   3.623684   3.625022     1.5960    -0.0558      96.16 4.9509e-02 0.0000e+00    70.2743    3.57252    34.6235    34.6388    26.9223    1484.67    1477.44 0.0000e+00
