_data/ctd/2022603/sta0151.cnv
* Sea-Bird SBE 9 Data File:
* FileName = C:\Seabird\CTDData\sta0151.hex
* Software Version Seasave V 7.21f
* Temperature SN = 6264
* Conductivity SN = 4928
* Number of Bytes Per Scan = 40
* Number of Voltage Words = 5
* Number of Scans Averaged by the Deck Unit = 1
* NMEA Latitude = 60 26.78 N
* NMEA Longitude = 006 34.34 E
* NMEA UTC (Time) = Feb 10 2022 05:16:49
* NMEA baud rate = 4800
** Ship: R/V "Kristine Bonnevie"
** Station: 0151
** Echodepth: 790
** Log: 0114.880
** Wind-Dir/Force: 27 29
** Air-temp (dry): 3.5
** Weather Sky:
** Sea:
# nquan = 19                                
# nvalues = 787                         
# units = specified
# name 0 = scan: Scan Count
# name 1 = prDM: Pressure, Digiquartz [db]
# name 2 = t068C: Temperature [ITS-68, deg C]
# name 3 = t168C: Temperature, 2 [ITS-68, deg C]
# name 4 = c0S/m: Conductivity [S/m]
# name 5 = c1S/m: Conductivity, 2 [S/m]
# name 6 = sbeox0V: Oxygen raw, SBE 43 [V]
# name 7 = flECO-AFL: Fluorescence, WET Labs ECO-AFL/FL [mg/m^3]
# name 8 = altM: Altimeter [m]
# name 9 = par: PAR/Irradiance, Biospherical/Licor
# name 10 = spar: SPAR/Surface Irradiance
# name 11 = CStarTr0: Beam Transmission, WET Labs C-Star [%]
# name 12 = sbeox0ML/L: Oxygen, SBE 43 [ml/l], WS = 2
# name 13 = sal00: Salinity, Practical [PSU]
# name 14 = sal11: Salinity, Practical, 2 [PSU]
# name 15 = sigma-t00: Density [sigma-t, Kg/m^3 ]
# name 16 = svCM: Sound Velocity [Chen-Millero, m/s]
# name 17 = avgsvCM: Average Sound Velocity [Chen-Millero, m/s], minP = 1, minS = 5
# name 18 = flag: flag
# span 0 =        585,      18030       
# span 1 =      2.000,    788.000       
# span 2 =     5.5214,    10.2049       
# span 3 =     5.5145,    10.2013       
# span 4 =   2.861223,   3.694139       
# span 5 =   2.861060,   3.695756       
# span 6 =     1.5309,     2.5008       
# span 7 =    -0.1036,     0.7563       
# span 8 =       5.36,      99.81       
# span 9 = 4.9452e-02, 7.6041e-01       
# span 10 = 0.0000e+00, 0.0000e+00      
# span 11 =    79.0626,    82.4722      
# span 12 =    3.80159,    7.11231      
# span 13 =    28.9832,    35.0067      
# span 14 =    28.9864,    35.0220      
# span 15 =    22.8547,    27.3519      
# span 16 =    1465.29,    1493.60      
# span 17 =    1465.29,    1487.47      
# span 18 = 0.0000e+00, 0.0000e+00      
# interval = decibars: 1                
# start_time = Feb 10 2022 05:16:51 [System UTC, header]
# bad_flag = -9.990e-29
*END*
[from data line 305]
       7296    307.000     7.6591     7.6578   3.598785   3.600110     1.7780    -0.0645      87.11 4.9490e-02 0.0000e+00    82.3354    4.42621    34.9521    34.9677    27.2871    1486.16    1483.74 0.0000e+00
       7319    308.000     7.6590     7.6576   3.598840   3.600171     1.7782    -0.0690      83.25 4.9493e-02 0.0000e+00    82.3129    4.42354    34.9523    34.9681    27.2873    1486.18    1483.75 0.0000e+00
       7341    309.000     7.6584     7.6570   3.598872   3.600197     1.7776    -0.0637      82.66 4.9502e-02 0.0000e+00    82.3034    4.41574    34.9527    34.9685    27.2877    1486.20    1483.76 0.0000e+00
       7364    310.000     7.6581     7.6568   3.598902   3.600233     1.7771    -0.0654      59.06 4.9493e-02 0.0000e+00    82.2989    4.41109    34.9529    34.9686    27.2879    1486.21    1483.76 0.0000e+00
       7386    311.000     7.6579     7.6565   3.598939   3.600264     1.7758    -0.0662      79.94 4.9496e-02 0.0000e+00    82.2952    4.40560    34.9530    34.9687    27.2880    1486.23    1483.77 0.0000e+00
       7409    312.000     7.6580     7.6567   3.599004   3.600329     1.7753    -0.0627      88.92 4.9512e-02 0.0000e+00    82.3118    4.41544    34.9531    34.9687    27.2881    1486.24    1483.78 0.0000e+00
       7432    313.000     7.6578     7.6565   3.599048   3.600380     1.7752    -0.0628      75.41 4.9496e-02 0.0000e+00    82.3056    4.41631    34.9533    34.9690    27.2883    1486.26    1483.79 0.0000e+00
       7454    314.000     7.6572     7.6558   3.599049   3.600383     1.7753    -0.0613      91.58 4.9509e-02 0.0000e+00    82.2872    4.41856    34.9534    34.9693    27.2885    1486.27    1483.79 0.0000e+00
       7476    315.000     7.6570     7.6556   3.599108   3.600429     1.7753    -0.0683      78.90 4.9490e-02 0.0000e+00    82.3174    4.41716    34.9538    34.9695    27.2888    1486.29    1483.80 0.0000e+00
       7498    316.000     7.6569     7.6555   3.599207   3.600538     1.7751    -0.0667      83.18 4.9500e-02 0.0000e+00    82.3164    4.42102    34.9545    34.9703    27.2893    1486.31    1483.81 0.0000e+00
       7520    317.000     7.6570     7.6556   3.599335   3.600660     1.7754    -0.0652      61.81 4.9483e-02 0.0000e+00    82.3362    4.42590    34.9553    34.9710    27.2899    1486.33    1483.82 0.0000e+00
       7542    318.000     7.6574     7.6560   3.599431   3.600757     1.7761    -0.0699      96.63 4.9502e-02 0.0000e+00    82.3153    4.43418    34.9554    34.9712    27.2900    1486.34    1483.83 0.0000e+00
       7565    319.000     7.6576     7.6562   3.599534   3.600856     1.7772    -0.0673      74.79 4.9493e-02 0.0000e+00    82.3316    4.45116    34.9558    34.9715    27.2903    1486.36    1483.83 0.0000e+00
       7588    320.000     7.6578     7.6563   3.599630   3.600952     1.7798    -0.0661      99.31 4.9509e-02 0.0000e+00    82.3429    4.46916    34.9562    34.9720    27.2905    1486.38    1483.84 0.0000e+00
       7610    321.000     7.6576     7.6562   3.599664   3.600993     1.7823    -0.0677      81.72 4.9487e-02 0.0000e+00    82.3471    4.48338    34.9563    34.9721    27.2906    1486.39    1483.85 0.0000e+00
       7633    322.000     7.6574     7.6560   3.599715   3.601048     1.7857    -0.0709      98.77 4.9499e-02 0.0000e+00    82.3783    4.50130    34.9565    34.9724    27.2909    1486.41    1483.86 0.0000e+00
       7656    323.000     7.6573     7.6559   3.599768   3.601096     1.7889    -0.0724      72.31 4.9483e-02 0.0000e+00    82.3797    4.50917    34.9567    34.9725    27.2910    1486.43    1483.87 0.0000e+00
       7678    324.000     7.6571     7.6558   3.599817   3.601131     1.7920    -0.0644      99.34 4.9494e-02 0.0000e+00    82.3725    4.51928    34.9570    34.9725    27.2913    1486.44    1483.87 0.0000e+00
       7701    325.000     7.6572     7.6558   3.599893   3.601217     1.7947    -0.0651      88.94 4.9493e-02 0.0000e+00    82.4161    4.52329    34.9572    34.9729    27.2914    1486.46    1483.88 0.0000e+00
       7724    326.000     7.6572     7.6559   3.599961   3.601297     1.7971    -0.0727      97.18 4.9487e-02 0.0000e+00    82.4156    4.52691    34.9575    34.9732    27.2916    1486.48    1483.89 0.0000e+00
       7747    327.000     7.6573     7.6559   3.600027   3.601350     1.7991    -0.0669      87.00 4.9485e-02 0.0000e+00    82.4218    4.53242    34.9576    34.9733    27.2917    1486.49    1483.90 0.0000e+00
       7771    328.000     7.6574     7.6560   3.600085   3.601407     1.8013    -0.0684      98.39 4.9505e-02 0.0000e+00    82.4155    4.54214    34.9576    34.9733    27.2917    1486.51    1483.91 0.0000e+00
       7793    329.000     7.6576     7.6561   3.600164   3.601487     1.8032    -0.0656      75.33 4.9483e-02 0.0000e+00    82.4096    4.54910    34.9578    34.9736    27.2918    1486.53    1483.91 0.0000e+00
       7816    330.000     7.6586     7.6571   3.600387   3.601709     1.8052    -0.0630      35.53 4.9475e-02 0.0000e+00    82.4274    4.55185    34.9587    34.9745    27.2924    1486.55    1483.92 0.0000e+00
       7839    331.000     7.6594     7.6581   3.600552   3.601880     1.8066    -0.0651      97.83 4.9487e-02 0.0000e+00    82.4433    4.55119    34.9592    34.9749    27.2927    1486.57    1483.93 0.0000e+00
       7861    332.000     7.6603     7.6589   3.600711   3.602037     1.8077    -0.0642      94.02 4.9490e-02 0.0000e+00    82.4217    4.55930    34.9596    34.9753    27.2928    1486.59    1483.94 0.0000e+00
       7883    333.000     7.6608     7.6594   3.600810   3.602148     1.8098    -0.0709      98.19 4.9483e-02 0.0000e+00    82.4405    4.57961    34.9597    34.9755    27.2928    1486.61    1483.95 0.0000e+00
       7906    334.000     7.6611     7.6597   3.600903   3.602233     1.8125    -0.0723      95.03 4.9493e-02 0.0000e+00    82.4307    4.59317    34.9599    34.9757    27.2930    1486.63    1483.95 0.0000e+00
       7929    335.000     7.6613     7.6599   3.600973   3.602298     1.8156    -0.0649      91.09 4.9500e-02 0.0000e+00    82.4333    4.60564    34.9599    34.9757    27.2930    1486.64    1483.96 0.0000e+00
       7952    336.000     7.6598     7.6585   3.600878   3.602203     1.8183    -0.0672      72.36 4.9508e-02 0.0000e+00    82.4116    4.61483    34.9599    34.9756    27.2932    1486.65    1483.97 0.0000e+00
       7976    337.000     7.6587     7.6573   3.600816   3.602155     1.8214    -0.0613      98.47 4.9514e-02 0.0000e+00    82.4377    4.62358    34.9599    34.9758    27.2933    1486.67    1483.98 0.0000e+00
       8000    338.000     7.6584     7.6570   3.600840   3.602164     1.8238    -0.0661      78.60 4.9489e-02 0.0000e+00    82.4209    4.62707    34.9600    34.9757    27.2934    1486.68    1483.99 0.0000e+00
       8022    339.000     7.6576     7.6562   3.600823   3.602149     1.8257    -0.0628      53.20 4.9490e-02 0.0000e+00    82.4357    4.62470    34.9601    34.9758    27.2936    1486.70    1483.99 0.0000e+00
       8043    340.000     7.6572     7.6558   3.600844   3.602183     1.8265    -0.0610      81.29 4.9505e-02 0.0000e+00    82.4335    4.61839    34.9602    34.9761    27.2938    1486.71    1484.00 0.0000e+00
       8064    341.000     7.6573     7.6559   3.600907   3.602235     1.8269    -0.0675      51.19 4.9474e-02 0.0000e+00    82.4305    4.61324    34.9603    34.9761    27.2939    1486.73    1484.01 0.0000e+00
       8084    342.000     7.6573     7.6558   3.600958   3.602289     1.8268    -0.0692      80.75 4.9474e-02 0.0000e+00    82.4192    4.61191    34.9604    34.9763    27.2939    1486.74    1484.02 0.0000e+00
       8103    343.000     7.6572     7.6558   3.601004   3.602337     1.8268    -0.0669      45.35 4.9488e-02 0.0000e+00    82.4269    4.61377    34.9605    34.9763    27.2940    1486.76    1484.03 0.0000e+00
       8123    344.000     7.6573     7.6559   3.601061   3.602390     1.8269    -0.0638      98.39 4.9476e-02 0.0000e+00    82.4471    4.61854    34.9606    34.9763    27.2940    1486.78    1484.03 0.0000e+00
       8142    345.000     7.6570     7.6556   3.601093   3.602420     1.8275    -0.0638      50.31 4.9498e-02 0.0000e+00    82.4260    4.62127    34.9607    34.9765    27.2942    1486.79    1484.04 0.0000e+00
       8162    346.000     7.6571     7.6555   3.601151   3.602476     1.8275    -0.0588      97.53 4.9502e-02 0.0000e+00    82.4164    4.61966    34.9608    34.9767    27.2942    1486.81    1484.05 0.0000e+00
       8182    347.000     7.6570     7.6558   3.601218   3.602548     1.8277    -0.0598      63.50 4.9512e-02 0.0000e+00    82.4160    4.62121    34.9611    34.9767    27.2945    1486.83    1484.06 0.0000e+00
       8203    348.000     7.6567     7.6553   3.601246   3.602576     1.8279    -0.0619      91.28 4.9492e-02 0.0000e+00    82.4468    4.62414    34.9612    34.9770    27.2947    1486.84    1484.07 0.0000e+00
       8224    349.000     7.6566     7.6553   3.601282   3.602613     1.8284    -0.0602      71.12 4.9492e-02 0.0000e+00    82.4256    4.62601    34.9612    34.9769    27.2947    1486.86    1484.07 0.0000e+00
       8245    350.000     7.6565     7.6552   3.601322   3.602655     1.8285    -0.0637      90.05 4.9483e-02 0.0000e+00    82.4305    4.62556    34.9613    34.9770    27.2947    1486.87    1484.08 0.0000e+00
       8268    351.000     7.6565     7.6552   3.601363   3.602697     1.8286    -0.0628      74.33 4.9481e-02 0.0000e+00    82.4412    4.62481    34.9612    34.9770    27.2947    1486.89    1484.09 0.0000e+00
       8291    352.000     7.6565     7.6552   3.601414   3.602752     1.8289    -0.0631      94.62 4.9481e-02 0.0000e+00    82.4370    4.62976    34.9613    34.9771    27.2948    1486.91    1484.10 0.0000e+00
       8314    353.000     7.6563     7.6549   3.601465   3.602790     1.8290 -9.990e-29      98.57 4.9499e-02 0.0000e+00    82.4186    4.62704    34.9616    34.9773    27.2950    1486.92    1484.11 0.0000e+00
       8336    354.000     7.6564     7.6550   3.601540   3.602869     1.8290 -9.990e-29      37.89 4.9508e-02 0.0000e+00    82.4240    4.62382    34.9618    34.9776    27.2952    1486.94    1484.11 0.0000e+00
       8359    355.000     7.6567     7.6554   3.601645   3.602968     1.8286 -9.990e-29      98.98 4.9493e-02 0.0000e+00    82.4158    4.62303    34.9621    34.9778    27.2954    1486.96    1484.12 0.0000e+00
       8381    356.000     7.6532     7.6525   3.601317   3.602680     1.8284 -9.990e-29      64.22 4.9519e-02 0.0000e+00    82.4174    4.62630    34.9616    34.9771    27.2955    1486.96    1484.13 0.0000e+00
       8402    357.000     7.6508     7.6494   3.601119   3.602441     1.8285    -0.0609      98.88 4.9505e-02 0.0000e+00    82.3820    4.62802    34.9614    34.9771    27.2957    1486.97    1484.14 0.0000e+00
       8423    358.000     7.6505     7.6490   3.601140   3.602462     1.8286    -0.0598      68.68 4.9485e-02 0.0000e+00    82.4458    4.62967    34.9614    34.9772    27.2957    1486.98    1484.14 0.0000e+00
       8444    359.000     7.6503     7.6489   3.601179   3.602506     1.8284    -0.0677      98.72 4.9492e-02 0.0000e+00    82.4462    4.62433    34.9616    34.9773    27.2959    1487.00    1484.15 0.0000e+00
       8464    360.000     7.6503     7.6489   3.601253   3.602576     1.8280    -0.0602      66.21 4.9461e-02 0.0000e+00    82.4495    4.61977    34.9619    34.9776    27.2961    1487.02    1484.16 0.0000e+00
       8484    361.000     7.6501     7.6487   3.601289   3.602621     1.8272    -0.0639      98.65 4.9506e-02 0.0000e+00    82.4495    4.61026    34.9620    34.9778    27.2962    1487.03    1484.17 0.0000e+00
       8505    362.000     7.6492     7.6479   3.601259   3.602594     1.8258    -0.0627      98.79 4.9492e-02 0.0000e+00    82.4494    4.60395    34.9621    34.9778    27.2965    1487.05    1484.18 0.0000e+00
       8525    363.000     7.6485     7.6472   3.601249   3.602578     1.8248    -0.0653      73.76 4.9474e-02 0.0000e+00    82.4441    4.60600    34.9622    34.9779    27.2966    1487.06    1484.18 0.0000e+00
       8546    364.000     7.6480     7.6467   3.601250   3.602584     1.8240    -0.0684      61.77 4.9485e-02 0.0000e+00    82.4557    4.60623    34.9622    34.9780    27.2967    1487.07    1484.19 0.0000e+00
       8567    365.000     7.6477     7.6463   3.601297   3.602630     1.8233    -0.0726      67.75 4.9498e-02 0.0000e+00    82.4578    4.60988    34.9626    34.9784    27.2970    1487.09    1484.20 0.0000e+00
       8588    366.000     7.6478     7.6464   3.601348   3.602679     1.8232    -0.0665      59.70 4.9479e-02 0.0000e+00    82.4368    4.61111    34.9625    34.9783    27.2970    1487.11    1484.21 0.0000e+00
       8609    367.000     7.6476     7.6462   3.601394   3.602716     1.8225    -0.0696      85.48 4.9489e-02 0.0000e+00    82.4237    4.60566    34.9628    34.9784    27.2972    1487.12    1484.22 0.0000e+00
       8631    368.000     7.6470     7.6456   3.601395   3.602724     1.8223    -0.0632      65.44 4.9485e-02 0.0000e+00    82.4486    4.61017    34.9629    34.9787    27.2974    1487.14    1484.22 0.0000e+00
       8652    369.000     7.6467     7.6453   3.601412   3.602744     1.8219    -0.0686      86.90 4.9496e-02 0.0000e+00    82.4558    4.60788    34.9629    34.9787    27.2974    1487.15    1484.23 0.0000e+00
       8674    370.000     7.6458     7.6445   3.601389   3.602722     1.8217    -0.0724      65.95 4.9492e-02 0.0000e+00    82.4616    4.60691    34.9631    34.9788    27.2977    1487.17    1484.24 0.0000e+00
       8695    371.000     7.6450     7.6437   3.601370   3.602706     1.8211    -0.0653      93.09 4.9512e-02 0.0000e+00    82.4397    4.60234    34.9632    34.9789    27.2979    1487.18    1484.25 0.0000e+00
       8717    372.000     7.6443     7.6431   3.601349   3.602678     1.8203    -0.0734      72.23 4.9483e-02 0.0000e+00    82.4223    4.59760    34.9632    34.9787    27.2980    1487.19    1484.26 0.0000e+00
       8737    373.000     7.6437     7.6424   3.601338   3.602672     1.8196    -0.0591      94.90 4.9481e-02 0.0000e+00    82.4024    4.59462    34.9632    34.9789    27.2981    1487.21    1484.26 0.0000e+00
       8758    374.000     7.6441     7.6425   3.601439   3.602754     1.8185    -0.0616      66.88 4.9505e-02 0.0000e+00    82.4709    4.59128    34.9634    34.9792    27.2982    1487.22    1484.27 0.0000e+00
       8779    375.000     7.6449     7.6435   3.601570   3.602898     1.8178    -0.0604      98.52 4.9495e-02 0.0000e+00    82.4410    4.59063    34.9635    34.9793    27.2982    1487.24    1484.28 0.0000e+00
       8799    376.000     7.6457     7.6444   3.601702   3.603050     1.8169    -0.0631      91.53 4.9488e-02 0.0000e+00    82.4522    4.59002    34.9636    34.9795    27.2982    1487.26    1484.29 0.0000e+00
       8819    377.000     7.6457     7.6444   3.601768   3.603080     1.8164    -0.0870      30.99 4.9499e-02 0.0000e+00    82.4498    4.59102    34.9639    34.9794    27.2984    1487.28    1484.30 0.0000e+00
       8840    378.000     7.6454     7.6440   3.601774   3.603093     1.8160    -0.0761      97.77 4.9472e-02 0.0000e+00    82.4610    4.58591    34.9638    34.9794    27.2983    1487.30    1484.30 0.0000e+00
       8861    379.000     7.6446     7.6434   3.601739   3.603072     1.8149    -0.0635      31.23 4.9474e-02 0.0000e+00    82.4512    4.58662    34.9637    34.9793    27.2984    1487.31    1484.31 0.0000e+00
       8881    380.000     7.6422     7.6409   3.601533   3.602849     1.8148    -0.0629      98.69 4.9499e-02 0.0000e+00    82.4605    4.59500    34.9634    34.9789    27.2985    1487.32    1484.32 0.0000e+00
       8902    381.000     7.6427     7.6412   3.601641   3.602966     1.8148    -0.0627      35.74 4.9485e-02 0.0000e+00    82.4600    4.58984    34.9636    34.9794    27.2986    1487.34    1484.33 0.0000e+00
