_data/ctd/2022603/sta0159.cnv
* Sea-Bird SBE 9 Data File:
* FileName = C:\Seabird\CTDData\sta0159.hex
* Software Version Seasave V 7.21f
* Temperature SN = 6264
* Conductivity SN = 4928
* Number of Bytes Per Scan = 40
* Number of Voltage Words = 5
* Number of Scans Averaged by the Deck Unit = 1
* NMEA Latitude = 59 33.60 N
* NMEA Longitude = 005 10.85 E
* NMEA UTC (Time) = Feb 11 2022 07:54:45
* NMEA baud rate = 4800
** Ship: R/V "Kristine Bonnevie"
** Station: 0159
** Echodepth: 333
** Log: 0263.722
** Wind-Dir/Force: 03 11
** Air-temp (dry): 0.7
** Weather Sky:
** Sea:
# nquan = 19                                
# nvalues = 326                         
# units = specified
# name 0 = scan: Scan Count
# name 1 = prDM: Pressure, Digiquartz [db]
# name 2 = t068C: Temperature [ITS-68, deg C]
# name 3 = t168C: Temperature, 2 [ITS-68, deg C]
# name 4 = c0S/m: Conductivity [S/m]
# name 5 = c1S/m: Conductivity, 2 [S/m]
# name 6 = sbeox0V: Oxygen raw, SBE 43 [V]
# name 7 = flECO-AFL: Fluorescence, WET Labs ECO-AFL/FL [mg/m^3]
# name 8 = altM: Altimeter [m]
# name 9 = par: PAR/Irradiance, Biospherical/Licor
# name 10 = spar: SPAR/Surface Irradiance
# name 11 = CStarTr0: Beam Transmission, WET Labs C-Star [%]
# name 12 = sbeox0ML/L: Oxygen, SBE 43 [ml/l], WS = 2
# name 13 = sal00: Salinity, Practical [PSU]
# name 14 = sal11: Salinity, Practical, 2 [PSU]
# name 15 = sigma-t00: Density [sigma-t, Kg/m^3 ]
# name 16 = svCM: Sound Velocity [Chen-Millero, m/s]
# name 17 = avgsvCM: Average Sound Velocity [Chen-Millero, m/s], minP = 1, minS = 5
# name 18 = flag: flag
# span 0 =        398,       8492       
# span 1 =      2.000,    327.000       
# span 2 =     7.1962,     8.1842       
# span 3 =     7.1947,     8.1864       
# span 4 =   3.389882,   3.626292       
# span 5 =   3.387427,   3.627326       
# span 6 =     2.1180,     2.5102       
# span 7 =    -0.0967,     0.3589       
# span 8 =       8.52,     100.20       
# span 9 = 4.9337e-02, 3.1313e+01       
# span 10 = 3.9951e+01, 5.7957e+01      
# span 11 =    78.4307,    80.9518      
# span 12 =    5.56550,    6.81593      
# span 13 =    33.2297,    34.9103      
# span 14 =    33.2341,    34.9230      
# span 15 =    25.9897,    27.2057      
# span 16 =    1477.46,    1487.69      
# span 17 =    1477.46,    1484.49      
# span 18 = 0.0000e+00, 0.0000e+00      
# interval = decibars: 1                
# start_time = Feb 11 2022 07:54:47 [System UTC, header]
# bad_flag = -9.990e-29
*END*
[from data line 77]
       2086     79.000     8.0433     8.0413   3.599552   3.600437     2.2666 -9.990e-29      60.41 4.9491e-02 5.1968e+01    80.3305    5.87584    34.6881    34.6996    27.0227    1483.54    1480.80 0.0000e+00
       2112     80.000     8.0422     8.0403   3.599187   3.600103     2.2652    -0.0557      64.65 4.9483e-02 5.2369e+01    80.2694    5.86675    34.6848    34.6965    27.0202    1483.55    1480.83 0.0000e+00
       2134     81.000     8.0427     8.0416   3.599346   3.600608     2.2636    -0.0558      92.29 4.9476e-02 5.1962e+01    80.1348    5.86170    34.6855    34.7001    27.0207    1483.57    1480.87 0.0000e+00
       2153     82.000     8.0437     8.0425   3.599867   3.601110     2.2623    -0.0558      90.62 4.9481e-02 5.1959e+01    80.0748    5.86128    34.6896    34.7041    27.0238    1483.59    1480.90 0.0000e+00
       2174     83.000     8.0446     8.0435   3.600275   3.601471     2.2613    -0.0558      39.02 4.9511e-02 5.0111e+01    79.9337    5.85564    34.6926    34.7065    27.0260    1483.62    1480.93 0.0000e+00
       2197     84.000     8.0443     8.0429   3.600177   3.601312     2.2598    -0.0591      97.59 4.9467e-02 4.9969e+01    79.9226    5.85654    34.6914    34.7049    27.0251    1483.63    1480.96 0.0000e+00
       2222     85.000     8.0451     8.0438   3.600624   3.601830     2.2587    -0.0655      89.51 4.9483e-02 4.9967e+01    79.9336    5.85319    34.6949    34.7091    27.0278    1483.66    1480.99 0.0000e+00
       2247     86.000     8.0474     8.0458   3.601753   3.602820     2.2576    -0.0622      62.93 4.9491e-02 5.0052e+01    79.9190    5.85227    34.7042    34.7173    27.0347    1483.69    1481.03 0.0000e+00
       2270     87.000     8.0485     8.0469   3.602422   3.603460     2.2567    -0.0634      99.75 4.9478e-02 4.9931e+01    79.9044    5.84831    34.7098    34.7226    27.0390    1483.72    1481.06 0.0000e+00
       2290     88.000     8.0490     8.0474   3.602775   3.603831     2.2558    -0.0599      92.76 4.9488e-02 4.8076e+01    79.8150    5.84427    34.7126    34.7256    27.0411    1483.74    1481.09 0.0000e+00
       2309     89.000     8.0491     8.0475   3.603053   3.604128     2.2548    -0.0499      71.78 4.9474e-02 4.7969e+01    79.8224    5.83749    34.7150    34.7282    27.0430    1483.76    1481.12 0.0000e+00
       2330     90.000     8.0493     8.0477   3.603125   3.604226     2.2532    -0.0557      85.92 4.9479e-02 4.8625e+01    79.7166    5.83042    34.7151    34.7285    27.0430    1483.78    1481.15 0.0000e+00
       2351     91.000     8.0493     8.0477   3.603155   3.604214     2.2517    -0.0654      98.78 4.9483e-02 5.0781e+01    79.6730    5.82748    34.7150    34.7279    27.0429    1483.80    1481.18 0.0000e+00
       2373     92.000     8.0494     8.0478   3.603224   3.604289     2.2502    -0.0669      93.13 4.9477e-02 5.1952e+01    79.7224    5.82656    34.7151    34.7281    27.0430    1483.81    1481.20 0.0000e+00
       2395     93.000     8.0496     8.0480   3.603322   3.604353     2.2492    -0.0673      76.79 4.9499e-02 5.1965e+01    79.6905    5.82597    34.7155    34.7281    27.0433    1483.83    1481.23 0.0000e+00
       2416     94.000     8.0497     8.0481   3.603370   3.604416     2.2481 -9.990e-29      35.78 4.9459e-02 5.1299e+01    79.6950    5.82652    34.7154    34.7282    27.0432    1483.85    1481.26 0.0000e+00
       2438     95.000     8.0497     8.0481   3.603449   3.604478     2.2477 -9.990e-29      98.98 4.9490e-02 4.9966e+01    79.7423    5.82828    34.7158    34.7284    27.0435    1483.86    1481.29 0.0000e+00
       2461     96.000     8.0498     8.0482   3.603622   3.604652     2.2469 -9.990e-29      97.90 4.9474e-02 4.8652e+01    79.6958    5.82591    34.7171    34.7297    27.0444    1483.88    1481.31 0.0000e+00
       2484     97.000     8.0499     8.0484   3.603746   3.604767     2.2464 -9.990e-29      67.24 7.4928e-02 4.9944e+01    79.7224    5.82761    34.7178    34.7302    27.0450    1483.90    1481.34 0.0000e+00
       2507     98.000     8.0500     8.0484   3.603857   3.604901     2.2461    -0.0612      26.09 4.9337e-02 5.0703e+01    79.7059    5.82318    34.7184    34.7312    27.0455    1483.92    1481.37 0.0000e+00
       2529     99.000     8.0503     8.0487   3.604346   3.605409     2.2451    -0.0641      99.13 4.9490e-02 5.0324e+01    79.7209    5.81976    34.7229    34.7358    27.0489    1483.94    1481.39 0.0000e+00
       2550    100.000     8.0506     8.0490   3.605421   3.606472     2.2445    -0.0631      84.88 4.9492e-02 4.9683e+01    79.7590    5.81664    34.7336    34.7465    27.0573    1483.97    1481.42 0.0000e+00
       2570    101.000     8.0507     8.0490   3.605801   3.606856     2.2434    -0.0669      67.22 4.9488e-02 4.7989e+01    79.7406    5.80998    34.7371    34.7501    27.0601    1483.99    1481.44 0.0000e+00
       2592    102.000     8.0507     8.0490   3.605843   3.606893     2.2422    -0.0701      70.54 4.9464e-02 4.7968e+01    79.7601    5.80894    34.7371    34.7500    27.0600    1484.01    1481.47 0.0000e+00
       2615    103.000     8.0508     8.0492   3.605936   3.606956     2.2413 -9.990e-29      95.32 4.9485e-02 4.9226e+01    79.7834    5.80448    34.7375    34.7500    27.0603    1484.03    1481.49 0.0000e+00
       2638    104.000     8.0509     8.0493   3.605986   3.607032     2.2398 -9.990e-29      83.27 4.9485e-02 4.9966e+01    79.7294    5.79642    34.7374    34.7502    27.0603    1484.04    1481.52 0.0000e+00
       2663    105.000     8.0510     8.0494   3.606109   3.607153     2.2380 -9.990e-29      74.93 4.9485e-02 4.9817e+01    79.7502    5.79339    34.7382    34.7509    27.0609    1484.06    1481.54 0.0000e+00
       2686    106.000     8.0510     8.0494   3.606360   3.607385     2.2369 -9.990e-29      99.49 4.9458e-02 4.7885e+01    79.7940    5.79403    34.7404    34.7529    27.0626    1484.08    1481.57 0.0000e+00
       2705    107.000     8.0509     8.0491   3.606698   3.607760     2.2359    -0.0496      98.81 4.9494e-02 4.5941e+01    79.7691    5.78952    34.7436    34.7568    27.0651    1484.10    1481.59 0.0000e+00
       2722    108.000     8.0510     8.0493   3.607136   3.608172     2.2350    -0.0589      68.84 4.9496e-02 4.5734e+01    79.6046    5.78956    34.7477    34.7605    27.0684    1484.12    1481.61 0.0000e+00
       2739    109.000     8.0511     8.0494   3.607365   3.608397     2.2344    -0.0670      93.42 4.9488e-02 4.5968e+01    79.5643    5.79106    34.7496    34.7623    27.0698    1484.14    1481.64 0.0000e+00
       2758    110.000     8.0509     8.0493   3.607493   3.608542     2.2338    -0.0628      98.71 4.9490e-02 4.8020e+01    79.5050    5.78992    34.7507    34.7635    27.0707    1484.16    1481.66 0.0000e+00
       2783    111.000     8.0508     8.0492   3.607667   3.608726     2.2331    -0.0661      87.77 4.9486e-02 5.0850e+01    79.5626    5.78944    34.7522    34.7651    27.0719    1484.18    1481.68 0.0000e+00
       2816    112.000     8.0510     8.0494   3.608351   3.609389     2.2322    -0.0566      52.39 4.9509e-02 5.0965e+01    79.5413    5.78670    34.7588    34.7715    27.0771    1484.20    1481.71 0.0000e+00
       2844    113.000     8.0512     8.0497   3.609062   3.610152     2.2313    -0.0558      91.84 4.9494e-02 4.8147e+01    79.5313    5.78239    34.7658    34.7789    27.0825    1484.23    1481.73 0.0000e+00
       2867    114.000     8.0515     8.0499   3.609373   3.610429     2.2305    -0.0558      76.70 4.9495e-02 4.6161e+01    79.5630    5.77826    34.7683    34.7812    27.0844    1484.25    1481.75 0.0000e+00
       2886    115.000     8.0517     8.0501   3.609549   3.610593     2.2294    -0.0558      78.63 4.9493e-02 4.5845e+01    79.4302    5.77188    34.7695    34.7823    27.0854    1484.27    1481.77 0.0000e+00
       2903    116.000     8.0516     8.0500   3.609760   3.610806     2.2284    -0.0558      55.11 4.9513e-02 4.4185e+01    79.0456    5.76835    34.7714    34.7842    27.0869    1484.28    1481.79 0.0000e+00
       2920    117.000     8.0514     8.0497   3.609901   3.610968     2.2275 -9.990e-29      98.32 4.9488e-02 4.3974e+01    79.2725    5.76368    34.7726    34.7857    27.0878    1484.30    1481.81 0.0000e+00
       2936    118.000     8.0507     8.0491   3.610153   3.611196     2.2261 -9.990e-29      98.80 4.9465e-02 4.3971e+01    79.3391    5.75545    34.7755    34.7883    27.0902    1484.32    1481.84 0.0000e+00
       2954    119.000     8.0481     8.0467   3.611106   3.612134     2.2245 -9.990e-29      96.77 4.9478e-02 4.3971e+01    79.3430    5.75273    34.7878    34.8003    27.1003    1484.34    1481.86 0.0000e+00
       2973    120.000     8.0438     8.0426   3.612404   3.613455     2.2233 -9.990e-29      62.64 4.9479e-02 4.3971e+01    79.3794    5.75466    34.8055    34.8180    27.1149    1484.36    1481.88 0.0000e+00
       2996    121.000     8.0422     8.0407   3.612980   3.613994     2.2220 -9.990e-29      98.52 4.9461e-02 4.3971e+01    79.3652    5.74872    34.8128    34.8252    27.1208    1484.38    1481.90 0.0000e+00
       3022    122.000     8.0406     8.0390   3.613341   3.614403     2.2200 -9.990e-29      98.30 4.9480e-02 4.3971e+01    79.4467    5.73694    34.8178    34.8308    27.1250    1484.40    1481.92 0.0000e+00
       3049    123.000     8.0397     8.0382   3.613646   3.614694     2.2172 -9.990e-29      86.90 4.9517e-02 4.3971e+01    79.3942    5.72369    34.8215    34.8342    27.1280    1484.42    1481.94 0.0000e+00
       3075    124.000     8.0396     8.0380   3.613778   3.614814     2.2143 -9.990e-29      53.65 4.9487e-02 4.3971e+01    79.4105    5.71106    34.8225    34.8352    27.1288    1484.43    1481.96 0.0000e+00
       3099    125.000     8.0394     8.0380   3.613955   3.614977     2.2113 -9.990e-29      71.35 4.9492e-02 4.3971e+01    79.2750    5.70268    34.8241    34.8365    27.1301    1484.45    1481.98 0.0000e+00
       3119    126.000     8.0397     8.0381   3.613993   3.615020     2.2091 -9.990e-29      96.56 4.9488e-02 4.3971e+01    78.9575    5.69594    34.8238    34.8364    27.1298    1484.47    1482.00 0.0000e+00
       3140    127.000     8.0390     8.0374   3.614178   3.615241     2.2067 -9.990e-29      56.38 4.9466e-02 4.3971e+01    78.6304    5.69406    34.8260    34.8389    27.1316    1484.49    1482.02 0.0000e+00
       3162    128.000     8.0381     8.0365   3.614334   3.615384     2.2051 -9.990e-29      83.46 4.9493e-02 4.3971e+01    78.5288    5.69534    34.8280    34.8409    27.1334    1484.50    1482.04 0.0000e+00
       3185    129.000     8.0377     8.0360   3.614467   3.615540     2.2032 -9.990e-29      88.48 4.9487e-02 4.3971e+01    78.4307    5.69150    34.8294    34.8426    27.1345    1484.52    1482.06 0.0000e+00
       3206    130.000     8.0371     8.0356   3.614652   3.615682     2.2021 -9.990e-29      78.22 4.9483e-02 4.3971e+01    78.4536    5.69136    34.8315    34.8440    27.1362    1484.53    1482.08 0.0000e+00
       3225    131.000     8.0372     8.0354   3.614714   3.615766     2.2011 -9.990e-29      81.52 4.9517e-02 4.3634e+01    78.5437    5.68830    34.8316    34.8446    27.1363    1484.55    1482.09 0.0000e+00
       3242    132.000     8.0370     8.0354   3.614785   3.615831     2.2000 -9.990e-29      98.92 4.9456e-02 4.1961e+01    78.4678    5.68162    34.8320    34.8448    27.1367    1484.57    1482.11 0.0000e+00
       3258    133.000     8.0370     8.0353   3.614843   3.615893     2.1986 -9.990e-29      98.80 4.9485e-02 4.1972e+01    78.6021    5.67680    34.8322    34.8451    27.1368    1484.58    1482.13 0.0000e+00
       3277    134.000     8.0374     8.0357   3.614890   3.615948     2.1973 -9.990e-29      83.69 4.9481e-02 4.1972e+01    78.5607    5.68182    34.8318    34.8448    27.1364    1484.60    1482.15 0.0000e+00
       3300    135.000     8.0373     8.0357   3.614941   3.615991     2.1968 -9.990e-29      67.84 4.9503e-02 4.2645e+01    78.6652    5.68277    34.8319    34.8448    27.1366    1484.62    1482.17 0.0000e+00
       3323    136.000     8.0374     8.0358   3.615007   3.616053     2.1959 -9.990e-29      54.55 4.9480e-02 4.3970e+01    78.6514    5.68464    34.8321    34.8449    27.1367    1484.64    1482.19 0.0000e+00
       3347    137.000     8.0375     8.0360   3.615046   3.616095     2.1958 -9.990e-29      89.25 4.9481e-02 4.3971e+01    78.7137    5.68700    34.8319    34.8446    27.1365    1484.65    1482.20 0.0000e+00
       3371    138.000     8.0375     8.0361   3.615095   3.616138     2.1954 -9.990e-29      53.23 4.9474e-02 4.3881e+01    78.7110    5.68351    34.8319    34.8445    27.1365    1484.67    1482.22 0.0000e+00
       3395    139.000     8.0375     8.0359   3.615171   3.616215     2.1948 -9.990e-29      91.18 4.9467e-02 4.2056e+01    78.8165    5.68402    34.8323    34.8451    27.1368    1484.69    1482.24 0.0000e+00
       3420    140.000     8.0373     8.0359   3.615238   3.616292     2.1942 -9.990e-29      94.29 4.9480e-02 4.1971e+01    78.8494    5.67919    34.8327    34.8454    27.1372    1484.70    1482.26 0.0000e+00
       3443    141.000     8.0375     8.0359   3.615310   3.616345     2.1939 -9.990e-29      76.20 4.9494e-02 4.1972e+01    78.9406    5.68324    34.8328    34.8455    27.1372    1484.72    1482.28 0.0000e+00
       3464    142.000     8.0369     8.0356   3.615426   3.616446     2.1934 -9.990e-29      44.11 4.9490e-02 4.1972e+01    79.0224    5.67803    34.8342    34.8464    27.1384    1484.73    1482.29 0.0000e+00
       3482    143.000     8.0360     8.0345   3.615590   3.616630     2.1927 -9.990e-29      61.58 4.9488e-02 4.1972e+01    78.9783    5.67924    34.8363    34.8490    27.1402    1484.75    1482.31 0.0000e+00
       3499    144.000     8.0362     8.0345   3.615624   3.616673     2.1928 -9.990e-29      96.93 4.9501e-02 4.1972e+01    79.0892    5.68096    34.8360    34.8489    27.1399    1484.77    1482.33 0.0000e+00
       3517    145.000     8.0365     8.0348   3.615648   3.616703     2.1921 -9.990e-29      90.91 4.9478e-02 4.1972e+01    79.0060    5.67405    34.8355    34.8485    27.1395    1484.78    1482.34 0.0000e+00
       3538    146.000     8.0363     8.0346   3.615720   3.616784     2.1914 -9.990e-29      70.70 4.9471e-02 4.1972e+01    79.0739    5.67472    34.8360    34.8491    27.1399    1484.80    1482.36 0.0000e+00
       3559    147.000     8.0362     8.0346   3.615809   3.616860     2.1911 -9.990e-29      98.85 4.9472e-02 4.1972e+01    79.0751    5.67495    34.8365    34.8494    27.1403    1484.82    1482.38 0.0000e+00
       3579    148.000     8.0361     8.0346   3.615892   3.616932     2.1904 -9.990e-29      75.49 4.9494e-02 4.1972e+01    79.1139    5.67521    34.8370    34.8497    27.1408    1484.83    1482.39 0.0000e+00
       3599    149.000     8.0361     8.0345   3.615959   3.617001     2.1901 -9.990e-29      88.88 4.9492e-02 4.1972e+01    79.0531    5.67008    34.8373    34.8500    27.1409    1484.85    1482.41 0.0000e+00
       3622    150.000     8.0360     8.0344   3.616028   3.617075     2.1890 -9.990e-29      55.66 4.9485e-02 4.1972e+01    79.0976    5.66890    34.8376    34.8505    27.1412    1484.87    1482.43 0.0000e+00
       3647    151.000     8.0360     8.0345   3.616106   3.617149     2.1887 -9.990e-29      82.89 4.9491e-02 4.1972e+01    79.1469    5.67107    34.8380    34.8507    27.1415    1484.88    1482.44 0.0000e+00
       3669    152.000     8.0360     8.0344   3.616203   3.617242     2.1881 -9.990e-29      97.74 4.9492e-02 4.1972e+01    79.1056    5.67132    34.8385    34.8513    27.1419    1484.90    1482.46 0.0000e+00
       3689    153.000     8.0356     8.0342   3.616310   3.617340     2.1879 -9.990e-29      77.67 4.9462e-02 4.1972e+01    79.1420    5.67524    34.8396    34.8520    27.1428    1484.92    1482.47 0.0000e+00
