_data/ctd/2022603/sta0222.cnv
* Sea-Bird SBE 9 Data File:
* FileName = C:\Seabird\CTDData\sta0222.hex
* Software Version Seasave V 7.21f
* Temperature SN = 6264
* Conductivity SN = 4928
* Number of Bytes Per Scan = 40
* Number of Voltage Words = 5
* Number of Scans Averaged by the Deck Unit = 1
* NMEA Latitude = 61 19.14 N
* NMEA Longitude = 004 51.98 E
* NMEA UTC (Time) = Feb 17 2022 18:15:18
* NMEA baud rate = 4800
** Ship: R/V "Kristine Bonnevie"
** Station: 0222
** Echodepth: 226
** Log: 1176.930
** Wind-Dir/Force: 26 08
** Air-temp (dry): 4.4
** Weather Sky:
** Sea:
# nquan = 19                                
# nvalues = 217                         
# units = specified
# name 0 = scan: Scan Count
# name 1 = prDM: Pressure, Digiquartz [db]
# name 2 = t068C: Temperature [ITS-68, deg C]
# name 3 = t168C: Temperature, 2 [ITS-68, deg C]
# name 4 = c0S/m: Conductivity [S/m]
# name 5 = c1S/m: Conductivity, 2 [S/m]
# name 6 = sbeox0V: Oxygen raw, SBE 43 [V]
# name 7 = flECO-AFL: Fluorescence, WET Labs ECO-AFL/FL [mg/m^3]
# name 8 = altM: Altimeter [m]
# name 9 = par: PAR/Irradiance, Biospherical/Licor
# name 10 = spar: SPAR/Surface Irradiance
# name 11 = CStarTr0: Beam Transmission, WET Labs C-Star [%]
# name 12 = sbeox0ML/L: Oxygen, SBE 43 [ml/l], WS = 2
# name 13 = sal00: Salinity, Practical [PSU]
# name 14 = sal11: Salinity, Practical, 2 [PSU]
# name 15 = sigma-t00: Density [sigma-t, Kg/m^3 ]
# name 16 = svCM: Sound Velocity [Chen-Millero, m/s]
# name 17 = avgsvCM: Average Sound Velocity [Chen-Millero, m/s], minP = 1, minS = 5
# name 18 = flag: flag
# span 0 =        583,       5306       
# span 1 =      2.000,    218.000       
# span 2 =     6.4162,     8.5842       
# span 3 =     6.4162,     8.5824       
# span 4 =   3.200370,   3.668539       
# span 5 =   3.201440,   3.670008       
# span 6 =     2.2104,     2.4924       
# span 7 =    -0.0887,     0.7083       
# span 8 =       8.39,     100.12       
# span 9 = 4.9398e-02, 5.4701e-01       
# span 10 = 0.0000e+00, 0.0000e+00      
# span 11 =    74.9302,    80.2718      
# span 12 =    5.69791,    6.87803      
# span 13 =    31.9483,    34.9470      
# span 14 =    31.9601,    34.9648      
# span 15 =    25.0909,    27.1627      
# span 16 =    1472.57,    1487.70      
# span 17 =    1472.57,    1483.31      
# span 18 = 0.0000e+00, 0.0000e+00      
# interval = decibars: 1                
# start_time = Feb 17 2022 18:15:21 [System UTC, header]
# bad_flag = -9.990e-29
*END*
[from data line 77]
       2317     79.000     7.9526     7.9512   3.560752   3.562076     2.3790    -0.0137      60.84 4.9505e-02 0.0000e+00    80.0902    6.23797    34.3613    34.3769    26.7795    1482.79    1477.93 0.0000e+00
       2338     80.000     7.9487     7.9469   3.561422   3.562764     2.3750    -0.0073      61.64 4.9499e-02 0.0000e+00    80.0670    6.22883    34.3718    34.3880    26.7884    1482.81    1477.99 0.0000e+00
       2359     81.000     7.9958     7.9862   3.569102   3.570251     2.3716    -0.0054      99.27 4.9505e-02 0.0000e+00    80.0593    6.22023    34.4074    34.4292    26.8094    1483.05    1478.05 0.0000e+00
       2380     82.000     8.1269     8.1110   3.585357   3.585794     2.3689    -0.0035      98.79 4.9472e-02 0.0000e+00    79.9882    6.21177    34.4521    34.4725    26.8248    1483.61    1478.12 0.0000e+00
       2401     83.000     8.1942     8.1919   3.593382   3.595634     2.3690    -0.0429      26.44 4.9472e-02 0.0000e+00    80.0233    6.21895    34.4713    34.4976    26.8297    1483.91    1478.19 0.0000e+00
       2422     84.000     8.1957     8.1975   3.593884   3.595207     2.3689    -0.0126      98.06 4.9489e-02 0.0000e+00    80.0109    6.20229    34.4747    34.4870    26.8322    1483.93    1478.26 0.0000e+00
       2445     85.000     8.1674     8.1655   3.591328   3.592714     2.3664    -0.0249      98.82 4.9496e-02 0.0000e+00    79.9556    6.16323    34.4747    34.4914    26.8365    1483.84    1478.32 0.0000e+00
       2466     86.000     8.1668     8.1649   3.591359   3.592755     2.3603    -0.0331      41.98 4.9495e-02 0.0000e+00    79.9899    6.11846    34.4752    34.4919    26.8369    1483.86    1478.39 0.0000e+00
       2486     87.000     8.1677     8.1663   3.591482   3.592950     2.3542    -0.0359      60.81 4.9516e-02 0.0000e+00    79.9978    6.10481    34.4751    34.4922    26.8367    1483.88    1478.45 0.0000e+00
       2506     88.000     8.1647     8.1636   3.591229   3.592680     2.3494    -0.0062      36.93 4.9508e-02 0.0000e+00    79.9780    6.10240    34.4749    34.4915    26.8370    1483.88    1478.51 0.0000e+00
       2527     89.000     8.1609     8.1595   3.590901   3.592269     2.3447    -0.0302      89.61 1.0902e-01 0.0000e+00    79.9813    6.09690    34.4746    34.4906    26.8374    1483.88    1478.57 0.0000e+00
       2549     90.000     8.1516     8.1498   3.590414   3.591816     2.3412    -0.0315      42.88 4.9398e-02 0.0000e+00    79.9981    6.09556    34.4781    34.4948    26.8415    1483.87    1478.63 0.0000e+00
       2572     91.000     8.1704     8.1686   3.593193   3.594758     2.3376    -0.0308      25.41 4.9490e-02 0.0000e+00    79.9609    6.09061    34.4888    34.5073    26.8471    1483.97    1478.69 0.0000e+00
       2593     92.000     8.1873     8.1858   3.595267   3.596794     2.3358    -0.0292     100.12 4.9512e-02 0.0000e+00    79.9875    6.09868    34.4939    34.5116    26.8485    1484.06    1478.75 0.0000e+00
       2614     93.000     8.1886     8.1853   3.595850   3.597172     2.3347 -9.990e-29      26.64 4.9487e-02 0.0000e+00    79.9772    6.09924    34.4983    34.5157    26.8518    1484.08    1478.80 0.0000e+00
       2634     94.000     8.2659     8.2544   3.605290   3.606218     2.3337 -9.990e-29      95.97 4.9512e-02 0.0000e+00    79.9606    6.08650    34.5226    34.5438    26.8591    1484.42    1478.86 0.0000e+00
       2655     95.000     8.3073     8.3039   3.610623   3.611986     2.3334 -9.990e-29      98.77 4.9486e-02 0.0000e+00    79.9784    6.08736    34.5382    34.5561    26.8651    1484.61    1478.92 0.0000e+00
       2676     96.000     8.2902     8.2889   3.609614   3.611028     2.3332 -9.990e-29      69.14 4.9511e-02 0.0000e+00    79.9925    6.08192    34.5438    34.5602    26.8721    1484.57    1478.98 0.0000e+00
       2698     97.000     8.3133     8.3088   3.612791   3.614178     2.3315    -0.0264      61.44 4.9502e-02 0.0000e+00    79.9745    6.05352    34.5545    34.5737    26.8769    1484.69    1479.04 0.0000e+00
       2719     98.000     8.3168     8.3161   3.614179   3.615620     2.3282    -0.0342      99.51 4.9473e-02 0.0000e+00    79.9635    6.03237    34.5653    34.5814    26.8849    1484.73    1479.10 0.0000e+00
       2739     99.000     8.3585     8.3506   3.621390   3.622714     2.3252    -0.0314      98.82 4.9516e-02 0.0000e+00    80.0026    6.01859    34.6006    34.6224    26.9062    1484.95    1479.16 0.0000e+00
       2758    100.000     8.3995     8.3964   3.627724   3.629211     2.3224    -0.0481      28.56 4.9509e-02 0.0000e+00    80.0371    6.00711    34.6271    34.6460    26.9207    1485.15    1479.22 0.0000e+00
       2780    101.000     8.4086     8.4063   3.629350   3.630811     2.3199    -0.0474      99.08 4.9502e-02 0.0000e+00    80.0297    6.00151    34.6350    34.6528    26.9255    1485.21    1479.27 0.0000e+00
       2802    102.000     8.4353     8.4316   3.633621   3.635098     2.3170    -0.0294      98.81 4.9493e-02 0.0000e+00    80.0569    5.97891    34.6536    34.6729    26.9360    1485.35    1479.33 0.0000e+00
       2825    103.000     8.5067     8.4980   3.643448   3.644852     2.3128 -9.990e-29      56.92 4.9476e-02 0.0000e+00    80.0624    5.94850    34.6872    34.7106    26.9513    1485.67    1479.40 0.0000e+00
       2846    104.000     8.5686     8.5647   3.651061   3.652513     2.3095 -9.990e-29      82.00 4.9509e-02 0.0000e+00    80.0534    5.93527    34.7065    34.7257    26.9568    1485.94    1479.46 0.0000e+00
       2865    105.000     8.5795     8.5765   3.652686   3.654080     2.3065 -9.990e-29      99.11 4.9490e-02 0.0000e+00    80.0222    5.91685    34.7125    34.7302    26.9598    1486.01    1479.52 0.0000e+00
       2885    106.000     8.5825     8.5803   3.653375   3.654824     2.3022 -9.990e-29      98.81 4.9495e-02 0.0000e+00    79.9662    5.87563    34.7164    34.7339    26.9624    1486.04    1479.58 0.0000e+00
       2905    107.000     8.5838     8.5821   3.653951   3.655432     2.2948 -9.990e-29      36.29 4.9508e-02 0.0000e+00    79.9570    5.82968    34.7207    34.7381    26.9656    1486.07    1479.64 0.0000e+00
       2928    108.000     8.5842     8.5824   3.654424   3.655894     2.2855 -9.990e-29      98.39 4.9474e-02 0.0000e+00    79.9360    5.79786    34.7249    34.7422    26.9688    1486.09    1479.70 0.0000e+00
       2951    109.000     8.5774     8.5762   3.654570   3.656046     2.2772 -9.990e-29      98.80 4.9485e-02 0.0000e+00    79.9687    5.78594    34.7326    34.7494    26.9759    1486.09    1479.76 0.0000e+00
       2971    110.000     8.5783     8.5762   3.655494   3.657014     2.2714 -9.990e-29      43.26 4.9493e-02 0.0000e+00    79.9537    5.78004    34.7410    34.7592    26.9824    1486.12    1479.82 0.0000e+00
       2989    111.000     8.5739     8.5729   3.655265   3.656782     2.2664 -9.990e-29      78.96 4.9512e-02 0.0000e+00    79.9603    5.77417    34.7424    34.7595    26.9842    1486.12    1479.87 0.0000e+00
       3008    112.000     8.5672     8.5662   3.655051   3.656563     2.2623 -9.990e-29      98.52 4.9495e-02 0.0000e+00    79.9649    5.77084    34.7463    34.7633    26.9882    1486.12    1479.93 0.0000e+00
       3030    113.000     8.5652     8.5637   3.655853   3.657309     2.2581 -9.990e-29      88.40 4.9485e-02 0.0000e+00    79.9457    5.76745    34.7563    34.7732    26.9964    1486.14    1479.98 0.0000e+00
       3054    114.000     8.5624     8.5606   3.655898   3.657365     2.2547 -9.990e-29      51.25 4.9500e-02 0.0000e+00    79.9489    5.77104    34.7590    34.7763    26.9990    1486.15    1480.04 0.0000e+00
       3076    115.000     8.5581     8.5567   3.655677   3.657146     2.2527 -9.990e-29      99.40 4.9492e-02 0.0000e+00    79.9938    5.77329    34.7604    34.7774    27.0008    1486.15    1480.09 0.0000e+00
       3096    116.000     8.5555     8.5521   3.655997   3.657309     2.2512    -0.0536      98.81 4.9498e-02 0.0000e+00    80.0148    5.77264    34.7659    34.7832    27.0054    1486.17    1480.14 0.0000e+00
       3115    117.000     8.5620     8.5602   3.657627   3.659101     2.2499    -0.0558      45.30 4.9483e-02 0.0000e+00    80.0377    5.76788    34.7763    34.7937    27.0126    1486.22    1480.19 0.0000e+00
       3134    118.000     8.5471     8.5464   3.657113   3.658547     2.2488    -0.0558      82.95 4.9497e-02 0.0000e+00    80.0428    5.77005    34.7851    34.8009    27.0218    1486.19    1480.25 0.0000e+00
       3154    119.000     8.5453     8.5430   3.657104   3.658532     2.2477    -0.0558      98.52 4.9479e-02 0.0000e+00    80.0490    5.76441    34.7862    34.8036    27.0230    1486.20    1480.30 0.0000e+00
       3175    120.000     8.5456     8.5434   3.657283   3.658677     2.2458    -0.0734      88.39 4.9502e-02 0.0000e+00    80.0440    5.75443    34.7874    34.8043    27.0238    1486.22    1480.34 0.0000e+00
       3197    121.000     8.5409     8.5394   3.656929   3.658481     2.2442    -0.0776      48.26 4.9519e-02 0.0000e+00    80.0293    5.75776    34.7878    34.8057    27.0249    1486.22    1480.39 0.0000e+00
       3218    122.000     8.5420     8.5408   3.657437   3.659004     2.2433    -0.0570      99.51 4.9485e-02 0.0000e+00    80.0524    5.75904    34.7916    34.8094    27.0277    1486.25    1480.44 0.0000e+00
       3238    123.000     8.5498     8.5479   3.658726   3.660216     2.2426    -0.0584      98.81 4.9501e-02 0.0000e+00    80.0619    5.75975    34.7971    34.8147    27.0308    1486.30    1480.49 0.0000e+00
       3258    124.000     8.5495     8.5478   3.659274   3.660758     2.2421    -0.0563      56.36 4.9495e-02 0.0000e+00    80.0460    5.76210    34.8027    34.8201    27.0352    1486.32    1480.53 0.0000e+00
       3279    125.000     8.5502     8.5484   3.659775   3.661262     2.2421    -0.0747      86.72 4.9499e-02 0.0000e+00    80.0489    5.76047    34.8068    34.8244    27.0384    1486.34    1480.58 0.0000e+00
       3300    126.000     8.5497     8.5481   3.660246   3.661731     2.2413    -0.0853      98.78 4.9483e-02 0.0000e+00    80.0402    5.75394    34.8118    34.8292    27.0424    1486.37    1480.63 0.0000e+00
       3322    127.000     8.5508     8.5487   3.661115   3.662586     2.2403 -9.990e-29      84.45 4.9479e-02 0.0000e+00    80.0598    5.74488    34.8195    34.8371    27.0482    1486.40    1480.67 0.0000e+00
       3342    128.000     8.5539     8.5522   3.662007   3.663523     2.2387 -9.990e-29      59.90 4.9508e-02 0.0000e+00    80.0594    5.73832    34.8254    34.8431    27.0524    1486.43    1480.72 0.0000e+00
       3363    129.000     8.5550     8.5532   3.662495   3.663950     2.2375 -9.990e-29      99.41 4.9478e-02 0.0000e+00    80.0247    5.73667    34.8290    34.8462    27.0550    1486.46    1480.76 0.0000e+00
       3383    130.000     8.5560     8.5542   3.662799   3.664274     2.2363 -9.990e-29      98.80 4.9487e-02 0.0000e+00    79.9727    5.73196    34.8308    34.8482    27.0562    1486.48    1480.80 0.0000e+00
       3403    131.000     8.5561     8.5549   3.663413   3.664908     2.2348 -9.990e-29      48.17 4.9508e-02 0.0000e+00    79.9050    5.72466    34.8367    34.8537    27.0609    1486.50    1480.85 0.0000e+00
       3424    132.000     8.5522     8.5506   3.663521   3.664991     2.2332 -9.990e-29      89.43 4.9496e-02 0.0000e+00    79.8025    5.72359    34.8412    34.8584    27.0650    1486.51    1480.89 0.0000e+00
       3446    133.000     8.5504     8.5486   3.663527   3.664989     2.2318 -9.990e-29      98.68 4.9466e-02 0.0000e+00    79.7489    5.72119    34.8426    34.8598    27.0664    1486.52    1480.93 0.0000e+00
       3467    134.000     8.5308     8.5311   3.661744   3.663274     2.2308 -9.990e-29      79.03 4.9485e-02 0.0000e+00    79.7299    5.72059    34.8425    34.8585    27.0694    1486.46    1480.97 0.0000e+00
       3488    135.000     8.5188     8.5174   3.660641   3.662099     2.2291 -9.990e-29      59.89 4.9502e-02 0.0000e+00    79.7362    5.71351    34.8422    34.8590    27.0710    1486.44    1481.01 0.0000e+00
       3507    136.000     8.5079     8.5065   3.659619   3.661002     2.2277    -0.0565      99.19 4.9477e-02 0.0000e+00    79.7252    5.71429    34.8417    34.8577    27.0723    1486.41    1481.05 0.0000e+00
       3525    137.000     8.5042     8.5026   3.659328   3.660791     2.2267    -0.0574      98.80 4.9490e-02 0.0000e+00    79.7678    5.71308    34.8417    34.8588    27.0729    1486.41    1481.09 0.0000e+00
       3545    138.000     8.5047     8.5031   3.659448   3.660945     2.2254    -0.0787      60.02 4.9498e-02 0.0000e+00    79.8256    5.71546    34.8420    34.8595    27.0731    1486.43    1481.13 0.0000e+00
       3566    139.000     8.5058     8.5042   3.659664   3.661136     2.2254    -0.0725      81.10 4.9508e-02 0.0000e+00    79.8977    5.72750    34.8428    34.8600    27.0735    1486.45    1481.17 0.0000e+00
       3588    140.000     8.5060     8.5043   3.659770   3.661254     2.2255    -0.0586      92.02 4.9502e-02 0.0000e+00    79.9574    5.72868    34.8432    34.8606    27.0738    1486.47    1481.21 0.0000e+00
       3610    141.000     8.5012     8.5001   3.659468   3.660938     2.2257    -0.0590      86.03 4.9516e-02 0.0000e+00    79.9528    5.72811    34.8443    34.8610    27.0754    1486.47    1481.24 0.0000e+00
       3630    142.000     8.4948     8.4933   3.659703   3.661203     2.2256    -0.0887      51.12 4.9497e-02 0.0000e+00    79.9736    5.72895    34.8526    34.8700    27.0829    1486.47    1481.28 0.0000e+00
       3648    143.000     8.4978     8.4958   3.660751   3.662224     2.2253    -0.0666      98.46 4.9481e-02 0.0000e+00    80.0066    5.72457    34.8603    34.8779    27.0884    1486.51    1481.32 0.0000e+00
       3668    144.000     8.5009     8.4990   3.661620   3.663097     2.2251    -0.0576      98.80 4.9490e-02 0.0000e+00    80.0190    5.72913    34.8660    34.8835    27.0924    1486.55    1481.35 0.0000e+00
       3687    145.000     8.5005     8.4989   3.661938   3.663424     2.2254    -0.0604      66.75 4.9501e-02 0.0000e+00    80.0302    5.73102    34.8692    34.8866    27.0950    1486.57    1481.39 0.0000e+00
       3708    146.000     8.4984     8.4965   3.662054   3.663539     2.2253    -0.0859      76.72 7.6091e-02 0.0000e+00    80.0458    5.72742    34.8721    34.8897    27.0976    1486.58    1481.42 0.0000e+00
       3729    147.000     8.4955     8.4941   3.662089   3.663585     2.2249    -0.0675      98.74 4.9594e-02 0.0000e+00    79.9895    5.72024    34.8748    34.8921    27.1002    1486.59    1481.46 0.0000e+00
       3750    148.000     8.4926     8.4912   3.662539   3.663985     2.2238    -0.0556      98.81 4.9480e-02 0.0000e+00    80.0035    5.71754    34.8820    34.8987    27.1063    1486.60    1481.49 0.0000e+00
       3770    149.000     8.4907     8.4890   3.662884   3.664345     2.2233    -0.0558      50.85 4.9495e-02 0.0000e+00    80.0221    5.71541    34.8871    34.9042    27.1105    1486.62    1481.53 0.0000e+00
       3789    150.000     8.4905     8.4889   3.662979   3.664439     2.2222    -0.0558      99.09 4.9498e-02 0.0000e+00    80.0191    5.71204    34.8878    34.9048    27.1111    1486.63    1481.56 0.0000e+00
       3808    151.000     8.4883     8.4868   3.663393   3.664849     2.2216    -0.0558      98.81 4.9483e-02 0.0000e+00    80.0159    5.71489    34.8939    34.9108    27.1163    1486.65    1481.60 0.0000e+00
       3827    152.000     8.4869     8.4853   3.663618   3.665093     2.2211    -0.0700      86.13 4.9476e-02 0.0000e+00    80.0299    5.71082    34.8972    34.9144    27.1191    1486.66    1481.63 0.0000e+00
       3846    153.000     8.4868     8.4851   3.663694   3.665166     2.2201    -0.0843      65.49 4.9494e-02 0.0000e+00    80.0389    5.70505    34.8976    34.9149    27.1194    1486.68    1481.66 0.0000e+00
