_data/ctd/2022603/sta0208.cnv
* Sea-Bird SBE 9 Data File:
* FileName = C:\Seabird\CTDData\sta0208.hex
* Software Version Seasave V 7.21f
* Temperature SN = 6264
* Conductivity SN = 4928
* Number of Bytes Per Scan = 40
* Number of Voltage Words = 5
* Number of Scans Averaged by the Deck Unit = 1
* NMEA Latitude = 61 27.54 N
* NMEA Longitude = 005 27.69 E
* NMEA UTC (Time) = Feb 15 2022 23:35:45
* NMEA baud rate = 4800
** Ship: R/V "Kristine Bonnevie"
** Station: 0208
** Echodepth: 287
** Log: 0907.956
** Wind-Dir/Force: 14 05
** Air-temp (dry): 3.0
** Weather Sky:
** Sea:
# nquan = 19                                
# nvalues = 280                         
# units = specified
# name 0 = scan: Scan Count
# name 1 = prDM: Pressure, Digiquartz [db]
# name 2 = t068C: Temperature [ITS-68, deg C]
# name 3 = t168C: Temperature, 2 [ITS-68, deg C]
# name 4 = c0S/m: Conductivity [S/m]
# name 5 = c1S/m: Conductivity, 2 [S/m]
# name 6 = sbeox0V: Oxygen raw, SBE 43 [V]
# name 7 = flECO-AFL: Fluorescence, WET Labs ECO-AFL/FL [mg/m^3]
# name 8 = altM: Altimeter [m]
# name 9 = par: PAR/Irradiance, Biospherical/Licor
# name 10 = spar: SPAR/Surface Irradiance
# name 11 = CStarTr0: Beam Transmission, WET Labs C-Star [%]
# name 12 = sbeox0ML/L: Oxygen, SBE 43 [ml/l], WS = 2
# name 13 = sal00: Salinity, Practical [PSU]
# name 14 = sal11: Salinity, Practical, 2 [PSU]
# name 15 = sigma-t00: Density [sigma-t, Kg/m^3 ]
# name 16 = svCM: Sound Velocity [Chen-Millero, m/s]
# name 17 = avgsvCM: Average Sound Velocity [Chen-Millero, m/s], minP = 1, minS = 5
# name 18 = flag: flag
# span 0 =        647,       6596       
# span 1 =      8.000,    287.000       
# span 2 =     7.6681,     9.6043       
# span 3 =     7.6719,     9.6104       
# span 4 =   3.285216,   3.647294       
# span 5 =   3.289256,   3.648771       
# span 6 =     1.7824,     2.3794       
# span 7 =    -0.0794,     0.0095       
# span 8 =       8.13,     105.30       
# span 9 = 4.9439e-02, 6.9868e-02       
# span 10 = 0.0000e+00, 0.0000e+00      
# span 11 =    79.9589,    81.4204      
# span 12 =    4.27195,    6.38282      
# span 13 =    31.7114,    34.7435      
# span 14 =    31.7512,    34.7604      
# span 15 =    24.7391,    27.0188      
# span 16 =    1477.26,    1488.21      
# span 17 =    1477.26,    1485.83      
# span 18 = 0.0000e+00, 0.0000e+00      
# interval = decibars: 1                
# start_time = Feb 15 2022 23:35:47 [System UTC, header]
# bad_flag = -9.990e-29
*END*
[from data line 229]
       5366    237.000     8.3412     8.3395   3.638542   3.639978     1.7862 -9.990e-29      57.68 4.9508e-02 0.0000e+00    80.7550    4.35010    34.7341    34.7511    27.0136    1487.32    1485.42 0.0000e+00
       5387    238.000     8.3420     8.3403   3.638721   3.640170     1.7865 -9.990e-29      56.51 4.9481e-02 0.0000e+00    80.7248    4.35246    34.7347    34.7518    27.0140    1487.34    1485.43 0.0000e+00
       5407    239.000     8.3424     8.3407   3.638827   3.640269     1.7870 -9.990e-29      55.75 4.9492e-02 0.0000e+00    80.6949    4.35604    34.7350    34.7520    27.0141    1487.36    1485.44 0.0000e+00
       5427    240.000     8.3428     8.3410   3.638936   3.640368     1.7873 -9.990e-29      54.77 4.9481e-02 0.0000e+00    80.6750    4.35305    34.7353    34.7523    27.0143    1487.37    1485.45 0.0000e+00
       5447    241.000     8.3435     8.3418   3.639123   3.640555     1.7874 -9.990e-29      53.80 4.9515e-02 0.0000e+00    80.6333    4.35518    34.7361    34.7530    27.0148    1487.39    1485.46 0.0000e+00
       5467    242.000     8.3438     8.3420   3.639227   3.640631     1.7877 -9.990e-29      53.02 4.9522e-02 0.0000e+00    80.6171    4.35820    34.7364    34.7531    27.0151    1487.41    1485.46 0.0000e+00
       5488    243.000     8.3442     8.3424   3.639330   3.640741     1.7881 -9.990e-29      51.67 4.9487e-02 0.0000e+00    80.5655    4.36128    34.7367    34.7534    27.0152    1487.43    1485.47 0.0000e+00
       5508    244.000     8.3446     8.3429   3.639427   3.640862     1.7887 -9.990e-29      51.01 4.9488e-02 0.0000e+00    80.5668    4.36250    34.7368    34.7538    27.0152    1487.45    1485.48 0.0000e+00
       5528    245.000     8.3449     8.3432   3.639518   3.640961     1.7888 -9.990e-29      49.82 4.9518e-02 0.0000e+00    80.5541    4.35898    34.7370    34.7540    27.0153    1487.47    1485.49 0.0000e+00
       5548    246.000     8.3455     8.3439   3.639667   3.641107     1.7886 -9.990e-29      48.80 4.9502e-02 0.0000e+00    80.5567    4.36223    34.7375    34.7544    27.0157    1487.49    1485.50 0.0000e+00
       5568    247.000     8.3457     8.3440   3.639721   3.641172     1.7894 -9.990e-29      47.89 4.9508e-02 0.0000e+00    80.5435    4.37022    34.7374    34.7545    27.0155    1487.50    1485.51 0.0000e+00
       5588    248.000     8.3461     8.3445   3.639836   3.641296     1.7899 -9.990e-29      46.85 4.9474e-02 0.0000e+00    80.5037    4.37208    34.7378    34.7549    27.0158    1487.52    1485.51 0.0000e+00
       5608    249.000     8.3464     8.3447   3.639931   3.641375     1.7906 -9.990e-29      38.78 4.9446e-02 0.0000e+00    80.5131    4.37510    34.7380    34.7551    27.0159    1487.54    1485.52 0.0000e+00
       5628    250.000     8.3464     8.3448   3.639978   3.641409     1.7911 -9.990e-29      26.60 4.9466e-02 0.0000e+00    80.4896    4.37553    34.7381    34.7549    27.0159    1487.56    1485.53 0.0000e+00
       5648    251.000     8.3467     8.3450   3.640060   3.641486     1.7916 -9.990e-29      43.14 4.9476e-02 0.0000e+00    80.4573    4.37693    34.7382    34.7550    27.0160    1487.57    1485.54 0.0000e+00
       5668    252.000     8.3474     8.3456   3.640220   3.641652     1.7920 -9.990e-29      42.45 4.9467e-02 0.0000e+00    80.4541    4.37862    34.7387    34.7557    27.0163    1487.59    1485.55 0.0000e+00
       5688    253.000     8.3471     8.3455   3.640203   3.641638     1.7923 -9.990e-29      41.73 4.9453e-02 0.0000e+00    80.4579    4.37924    34.7383    34.7552    27.0160    1487.61    1485.55 0.0000e+00
       5707    254.000     8.3478     8.3459   3.640371   3.641771     1.7926    -0.0486      40.75 4.9536e-02 0.0000e+00    80.4389    4.37787    34.7390    34.7557    27.0164    1487.63    1485.56 0.0000e+00
       5727    255.000     8.3479     8.3462   3.640428   3.641872     1.7927    -0.0483      39.77 4.9497e-02 0.0000e+00    80.4135    4.37720    34.7390    34.7560    27.0164    1487.64    1485.57 0.0000e+00
       5747    256.000     8.3483     8.3465   3.640518   3.641954     1.7928    -0.0611      38.73 4.9492e-02 0.0000e+00    80.4029    4.38054    34.7391    34.7561    27.0164    1487.66    1485.58 0.0000e+00
       5767    257.000     8.3487     8.3471   3.640646   3.642090     1.7930    -0.0400      37.97 4.9512e-02 0.0000e+00    80.3575    4.38442    34.7396    34.7565    27.0168    1487.68    1485.59 0.0000e+00
       5787    258.000     8.3486     8.3471   3.640653   3.642113     1.7935    -0.0481      36.84 4.9474e-02 0.0000e+00    80.4083    4.38370    34.7393    34.7563    27.0165    1487.70    1485.59 0.0000e+00
       5806    259.000     8.3486     8.3469   3.640694   3.642124     1.7934    -0.0504      35.75 4.9508e-02 0.0000e+00    80.3544    4.38322    34.7392    34.7561    27.0165    1487.71    1485.60 0.0000e+00
       5826    260.000     8.3487     8.3470   3.640755   3.642184     1.7938 -9.990e-29      35.02 4.9483e-02 0.0000e+00    80.3451    4.38295    34.7393    34.7562    27.0165    1487.73    1485.61 0.0000e+00
       5846    261.000     8.3492     8.3475   3.640885   3.642313     1.7933 -9.990e-29      33.91 4.9488e-02 0.0000e+00    80.3478    4.38136    34.7397    34.7566    27.0168    1487.75    1485.62 0.0000e+00
       5866    262.000     8.3498     8.3481   3.641022   3.642455     1.7935 -9.990e-29      33.02 4.9495e-02 0.0000e+00    80.3445    4.38418    34.7401    34.7570    27.0170    1487.77    1485.63 0.0000e+00
       5885    263.000     8.3501     8.3483   3.641095   3.642529     1.7934 -9.990e-29      32.03 4.9505e-02 0.0000e+00    80.3324    4.38546    34.7401    34.7571    27.0170    1487.79    1485.64 0.0000e+00
       5905    264.000     8.3505     8.3486   3.641214   3.642630     1.7939 -9.990e-29      30.91 4.9509e-02 0.0000e+00    80.3345    4.38788    34.7405    34.7574    27.0172    1487.80    1485.64 0.0000e+00
       5924    265.000     8.3510     8.3493   3.641350   3.642772     1.7936 -9.990e-29      30.01 4.9497e-02 0.0000e+00    80.2875    4.38412    34.7410    34.7578    27.0175    1487.82    1485.65 0.0000e+00
       5944    266.000     8.3512     8.3495   3.641411   3.642846     1.7938 -9.990e-29      28.91 4.9488e-02 0.0000e+00    80.2710    4.38644    34.7410    34.7579    27.0175    1487.84    1485.66 0.0000e+00
       5963    267.000     8.3514     8.3497   3.641481   3.642917     1.7936 -9.990e-29      27.91 4.9512e-02 0.0000e+00    80.2453    4.38527    34.7410    34.7580    27.0175    1487.86    1485.67 0.0000e+00
       5982    268.000     8.3516     8.3499   3.641553   3.642986     1.7936 -9.990e-29      26.90 4.9483e-02 0.0000e+00    80.2116    4.39035    34.7411    34.7580    27.0175    1487.87    1485.68 0.0000e+00
       6002    269.000     8.3517     8.3501   3.641615   3.643040     1.7940    -0.0542      26.05 4.9495e-02 0.0000e+00    80.2075    4.39196    34.7412    34.7579    27.0176    1487.89    1485.68 0.0000e+00
       6021    270.000     8.3520     8.3503   3.641693   3.643126     1.7941    -0.0563      25.02 4.9508e-02 0.0000e+00    80.2006    4.39330    34.7413    34.7582    27.0176    1487.91    1485.69 0.0000e+00
       6041    271.000     8.3522     8.3504   3.641751   3.643191     1.7945    -0.0605      23.70 4.9512e-02 0.0000e+00    80.1801    4.39533    34.7412    34.7583    27.0175    1487.93    1485.70 0.0000e+00
       6061    272.000     8.3523     8.3508   3.641822   3.643299     1.7945    -0.0465      22.70 4.9515e-02 0.0000e+00    80.1798    4.38778    34.7414    34.7586    27.0176    1487.94    1485.71 0.0000e+00
       6080    273.000     8.3525     8.3509   3.641897   3.643357     1.7940    -0.0497      21.91 4.9495e-02 0.0000e+00    80.1409    4.38898    34.7415    34.7586    27.0177    1487.96    1485.72 0.0000e+00
       6100    274.000     8.3527     8.3510   3.641980   3.643405     1.7942    -0.0432      20.98 4.9501e-02 0.0000e+00    80.1526    4.39306    34.7417    34.7586    27.0178    1487.98    1485.73 0.0000e+00
       6120    275.000     8.3530     8.3512   3.642063   3.643484     1.7942    -0.0440      20.01 4.9488e-02 0.0000e+00    80.1465    4.39324    34.7418    34.7587    27.0179    1488.00    1485.73 0.0000e+00
       6140    276.000     8.3531     8.3514   3.642119   3.643546     1.7943    -0.0586      19.03 4.9508e-02 0.0000e+00    80.1528    4.39335    34.7419    34.7587    27.0179    1488.01    1485.74 0.0000e+00
       6221    277.000     8.3533     8.3516   3.642171   3.643602     1.7944    -0.0463      17.88 4.9505e-02 0.0000e+00    80.1372    4.39187    34.7417    34.7586    27.0178    1488.03    1485.75 0.0000e+00
       6403    278.000     8.3531     8.3515   3.642172   3.643591     1.7953    -0.0500      16.68 4.9499e-02 0.0000e+00    80.1325    4.40132    34.7415    34.7581    27.0176    1488.05    1485.76 0.0000e+00
       6428    279.000     8.3534     8.3519   3.642271   3.643723     1.7957    -0.0500      15.89 4.9505e-02 0.0000e+00    80.1428    4.39902    34.7418    34.7587    27.0177    1488.06    1485.77 0.0000e+00
       6449    280.000     8.3540     8.3525   3.642421   3.643867     1.7951    -0.0478      14.98 4.9508e-02 0.0000e+00    80.1431    4.39432    34.7423    34.7591    27.0181    1488.08    1485.78 0.0000e+00
       6471    281.000     8.3546     8.3529   3.642555   3.643975     1.7951    -0.0452      14.01 4.9509e-02 0.0000e+00    80.1397    4.39768    34.7427    34.7594    27.0183    1488.10    1485.78 0.0000e+00
       6491    282.000     8.3549     8.3533   3.642660   3.644086     1.7949    -0.0432      13.05 4.9499e-02 0.0000e+00    80.1167    4.39793    34.7430    34.7597    27.0185    1488.12    1485.79 0.0000e+00
       6511    283.000     8.3553     8.3537   3.642771   3.644229     1.7949 -9.990e-29      12.07 4.9498e-02 0.0000e+00    80.0811    4.40098    34.7433    34.7604    27.0187    1488.14    1485.80 0.0000e+00
       6531    284.000     8.3554     8.3540   3.642819   3.644285     1.7952 -9.990e-29      11.12 4.9502e-02 0.0000e+00    80.0343    4.40164    34.7432    34.7602    27.0186    1488.16    1485.81 0.0000e+00
       6551    285.000     8.3555     8.3540   3.642894   3.644328     1.7948 -9.990e-29      10.13 4.9505e-02 0.0000e+00    79.9940    4.39850    34.7435    34.7602    27.0188    1488.17    1485.82 0.0000e+00
       6572    286.000     8.3556     8.3540   3.642942   3.644387     1.7951 -9.990e-29       9.13 4.9494e-02 0.0000e+00    79.9985    4.40273    34.7434    34.7603    27.0187    1488.19    1485.83 0.0000e+00
       6596    287.000     8.3557     8.3542   3.643009   3.644435     1.7951    -0.0558       8.13 4.9487e-02 0.0000e+00    79.9589    4.40202    34.7435    34.7602    27.0188    1488.21    1485.83 0.0000e+00
