_data/ctd/2022603/sta0178.cnv
* Sea-Bird SBE 9 Data File:
* FileName = C:\Seabird\CTDData\sta0178.hex
* Software Version Seasave V 7.21f
* Temperature SN = 6264
* Conductivity SN = 4928
* Number of Bytes Per Scan = 40
* Number of Voltage Words = 5
* Number of Scans Averaged by the Deck Unit = 1
* NMEA Latitude = 60 53.66 N
* NMEA Longitude = 004 38.66 E
* NMEA UTC (Time) = Feb 13 2022 05:28:02
* NMEA baud rate = 4800
** Ship: R/V "Kristine Bonnevie"
** Station: 0178
** Echodepth: 284
** Log: 0540.377
** Wind-Dir/Force: 20 33
** Air-temp (dry): 7.2
** Weather Sky:
** Sea:
** VK043
# nquan = 19                                
# nvalues = 271                         
# units = specified
# name 0 = scan: Scan Count
# name 1 = prDM: Pressure, Digiquartz [db]
# name 2 = t068C: Temperature [ITS-68, deg C]
# name 3 = t168C: Temperature, 2 [ITS-68, deg C]
# name 4 = c0S/m: Conductivity [S/m]
# name 5 = c1S/m: Conductivity, 2 [S/m]
# name 6 = sbeox0V: Oxygen raw, SBE 43 [V]
# name 7 = flECO-AFL: Fluorescence, WET Labs ECO-AFL/FL [mg/m^3]
# name 8 = altM: Altimeter [m]
# name 9 = par: PAR/Irradiance, Biospherical/Licor
# name 10 = spar: SPAR/Surface Irradiance
# name 11 = CStarTr0: Beam Transmission, WET Labs C-Star [%]
# name 12 = sbeox0ML/L: Oxygen, SBE 43 [ml/l], WS = 2
# name 13 = sal00: Salinity, Practical [PSU]
# name 14 = sal11: Salinity, Practical, 2 [PSU]
# name 15 = sigma-t00: Density [sigma-t, Kg/m^3 ]
# name 16 = svCM: Sound Velocity [Chen-Millero, m/s]
# name 17 = avgsvCM: Average Sound Velocity [Chen-Millero, m/s], minP = 1, minS = 5
# name 18 = flag: flag
# span 0 =         56,       6445       
# span 1 =      3.000,    273.000       
# span 2 =     6.8946,     8.1811       
# span 3 =     6.8929,     8.1794       
# span 4 =   3.297955,   3.639320       
# span 5 =   3.298976,   3.640681       
# span 6 =     2.1847,     2.4965       
# span 7 =    -0.1062,     0.3933       
# span 8 =       8.92,      99.88       
# span 9 = 4.9404e-02, 4.6608e-01       
# span 10 = 0.0000e+00, 0.0000e+00      
# span 11 =    80.1769,    81.5940      
# span 12 =    5.72939,    6.81123      
# span 13 =    32.5705,    34.9830      
# span 14 =    32.5833,    34.9993      
# span 15 =    25.5196,    27.2494      
# span 16 =    1475.25,    1487.23      
# span 17 =    1475.25,    1482.72      
# span 18 = 0.0000e+00, 0.0000e+00      
# interval = decibars: 1                
# start_time = Feb 13 2022 05:28:04 [System UTC, header]
# bad_flag = -9.990e-29
*END*
[from data line 229]
       5424    232.000     8.1417     8.1360   3.639133   3.640190     2.2117    -0.0654      55.37 4.9491e-02 0.0000e+00    81.4836    5.78714    34.9404    34.9573    27.2059    1486.74    1481.98 0.0000e+00
       5441    233.000     8.1224     8.1216   3.637859   3.639185     2.2115    -0.0712      54.53 4.9447e-02 0.0000e+00    81.4761    5.79176    34.9454    34.9604    27.2129    1486.69    1482.00 0.0000e+00
       5465    234.000     8.1105     8.1085   3.637017   3.638343     2.2110    -0.0713      53.59 4.9493e-02 0.0000e+00    81.4654    5.79287    34.9478    34.9640    27.2165    1486.67    1482.02 0.0000e+00
       5498    235.000     8.1099     8.1103   3.636984   3.638498     2.2103    -0.0718      52.25 4.9468e-02 0.0000e+00    81.5154    5.79074    34.9476    34.9634    27.2164    1486.68    1482.04 0.0000e+00
       5524    236.000     8.1021     8.1021   3.636486   3.637928     2.2098    -0.0656      51.22 4.9490e-02 0.0000e+00    81.5321    5.78997    34.9495    34.9650    27.2191    1486.67    1482.06 0.0000e+00
       5545    237.000     8.1017     8.1004   3.636503   3.637898     2.2093    -0.0675      50.37 4.9472e-02 0.0000e+00    81.5143    5.78486    34.9496    34.9658    27.2193    1486.68    1482.08 0.0000e+00
       5567    238.000     8.0941     8.0953   3.636081   3.637593     2.2080    -0.0635      28.70 4.9491e-02 0.0000e+00    81.5289    5.78073    34.9522    34.9672    27.2224    1486.68    1482.10 0.0000e+00
       5592    239.000     8.0945     8.0924   3.636127   3.637463     2.2071    -0.0682      47.91 4.9462e-02 0.0000e+00    81.5123    5.78212    34.9518    34.9682    27.2221    1486.69    1482.12 0.0000e+00
       5613    240.000     8.0991     8.0971   3.636438   3.637817     2.2067    -0.0613      47.35 4.9462e-02 0.0000e+00    81.5255    5.78107    34.9501    34.9668    27.2200    1486.73    1482.14 0.0000e+00
       5630    241.000     8.0989     8.0954   3.636493   3.637719     2.2059    -0.0647      46.83 4.9472e-02 0.0000e+00    81.5163    5.77433    34.9504    34.9670    27.2203    1486.74    1482.16 0.0000e+00
       5645    242.000     8.0948     8.0908   3.636313   3.637537     2.2049    -0.0583      45.72 4.9503e-02 0.0000e+00    81.4820    5.77438    34.9520    34.9691    27.2222    1486.74    1482.17 0.0000e+00
       5658    243.000     8.0940     8.0890   3.636291   3.637468     2.2046    -0.0659      45.11 4.9473e-02 0.0000e+00    81.4548    5.77302    34.9521    34.9697    27.2224    1486.76    1482.19 0.0000e+00
       5669    244.000     8.0870     8.0854   3.636016   3.637351     2.2044    -0.0619      44.68 4.9520e-02 0.0000e+00    81.4807    5.77365    34.9557    34.9716    27.2263    1486.75    1482.21 0.0000e+00
       5692    245.000     8.0868     8.0858   3.636096   3.637530     2.2031    -0.0698      43.01 4.9488e-02 0.0000e+00    81.4054    5.77220    34.9562    34.9726    27.2267    1486.77    1482.23 0.0000e+00
       5741    246.000     8.0858     8.0873   3.636119   3.637636     2.2026    -0.0677      40.98 4.9497e-02 0.0000e+00    81.4986    5.77844    34.9570    34.9718    27.2275    1486.78    1482.25 0.0000e+00
       5763    247.000     8.0846     8.0837   3.636102   3.637507     2.2019    -0.0693      40.14 4.9462e-02 0.0000e+00    81.4719    5.77360    34.9575    34.9735    27.2281    1486.79    1482.27 0.0000e+00
       5780    248.000     8.0737     8.0725   3.636690   3.638147     2.2016    -0.0720      39.47 4.9455e-02 0.0000e+00    81.5004    5.77755    34.9742    34.9910    27.2428    1486.79    1482.29 0.0000e+00
       5799    249.000     8.0703     8.0697   3.636744   3.638296     2.2014    -0.0697      38.77 4.9483e-02 0.0000e+00    81.5103    5.77544    34.9777    34.9949    27.2461    1486.80    1482.30 0.0000e+00
       5822    250.000     8.0710     8.0693   3.636937   3.638262     2.2007    -0.0946      37.42 4.9481e-02 0.0000e+00    81.4906    5.77030    34.9786    34.9945    27.2467    1486.82    1482.32 0.0000e+00
       5843    251.000     8.0718     8.0702   3.637082   3.638450     2.2001    -0.0683      36.36 4.9461e-02 0.0000e+00    81.5139    5.76435    34.9789    34.9951    27.2468    1486.84    1482.34 0.0000e+00
       5861    252.000     8.0740     8.0722   3.637564   3.638901     2.1988    -0.0807      35.33 4.9465e-02 0.0000e+00    81.5014    5.75178    34.9813    34.9975    27.2484    1486.87    1482.36 0.0000e+00
       5875    253.000     8.0743     8.0725   3.637644   3.639003     2.1976    -0.0934      34.55 4.9482e-02 0.0000e+00    81.4661    5.74353    34.9814    34.9978    27.2484    1486.88    1482.38 0.0000e+00
       5888    254.000     8.0751     8.0733   3.637846   3.639200     2.1962    -0.0837      33.56 4.9497e-02 0.0000e+00    81.4466    5.73556    34.9823    34.9986    27.2490    1486.91    1482.39 0.0000e+00
       5900    255.000     8.0755     8.0735   3.637972   3.639284     2.1946    -0.0690      32.85 4.9462e-02 0.0000e+00    81.4382    5.73068    34.9828    34.9988    27.2493    1486.92    1482.41 0.0000e+00
       5912    256.000     8.0750     8.0734   3.637918   3.639257     2.1933    -0.0685      32.16 4.9471e-02 0.0000e+00    81.4375    5.73289    34.9822    34.9982    27.2489    1486.94    1482.43 0.0000e+00
       5929    257.000     8.0754     8.0735   3.638054   3.639366     2.1921    -0.0907      30.90 4.9468e-02 0.0000e+00    81.4175    5.73710    34.9828    34.9987    27.2493    1486.96    1482.45 0.0000e+00
       5965    258.000     8.0758     8.0741   3.638133   3.639500     2.1907    -0.0833      29.26 4.9484e-02 0.0000e+00    81.4652    5.74283    34.9828    34.9991    27.2492    1486.97    1482.46 0.0000e+00
       6009    259.000     8.0759     8.0743   3.638214   3.639572     2.1894    -0.0780      27.99 4.9476e-02 0.0000e+00    81.4543    5.74226    34.9830    34.9992    27.2494    1486.99    1482.48 0.0000e+00
       6039    260.000     8.0762     8.0746   3.638254   3.639631     2.1893    -0.0939      27.17 4.9490e-02 0.0000e+00    81.4502    5.74580    34.9827    34.9990    27.2491    1487.01    1482.50 0.0000e+00
       6061    261.000     8.0763     8.0746   3.638275   3.639643     2.1892    -0.0661      26.28 4.9481e-02 0.0000e+00    81.5170    5.74361    34.9823    34.9987    27.2488    1487.02    1482.52 0.0000e+00
       6079    262.000     8.0765     8.0747   3.638352   3.639706     2.1886    -0.0692      24.95 4.9474e-02 0.0000e+00    81.4818    5.73835    34.9825    34.9988    27.2489    1487.04    1482.53 0.0000e+00
       6095    263.000     8.0766     8.0747   3.638401   3.639741     2.1882    -0.0724      24.16 4.9465e-02 0.0000e+00    81.4498    5.73959    34.9824    34.9987    27.2488    1487.06    1482.55 0.0000e+00
       6109    264.000     8.0766     8.0748   3.638481   3.639840     2.1880    -0.0695      22.88 4.9479e-02 0.0000e+00    81.4261    5.73970    34.9828    34.9991    27.2491    1487.08    1482.57 0.0000e+00
       6123    265.000     8.0769     8.0751   3.638558   3.639925     2.1877    -0.0764      22.01 4.9482e-02 0.0000e+00    81.4331    5.73707    34.9828    34.9993    27.2491    1487.09    1482.58 0.0000e+00
       6137    266.000     8.0767     8.0749   3.638538   3.639892     2.1871    -0.0978      21.63 4.9459e-02 0.0000e+00    81.4250    5.73157    34.9823    34.9986    27.2488    1487.11    1482.60 0.0000e+00
       6150    267.000     8.0770     8.0753   3.638626   3.639992     2.1863    -0.0798      20.71 4.9488e-02 0.0000e+00    81.4631    5.72939    34.9825    34.9988    27.2488    1487.13    1482.62 0.0000e+00
       6165    268.000     8.0770     8.0753   3.638640   3.640001     2.1857    -0.0669      19.75 4.9499e-02 0.0000e+00    81.4329    5.73078    34.9822    34.9984    27.2486    1487.14    1482.63 0.0000e+00
       6183    269.000     8.0769     8.0752   3.638680   3.640039     2.1854    -0.0880      18.71 4.9475e-02 0.0000e+00    81.4564    5.73175    34.9822    34.9985    27.2486    1487.16    1482.65 0.0000e+00
       6224    270.000     8.0769     8.0753   3.638708   3.640084     2.1847    -0.0827      17.09 4.9479e-02 0.0000e+00    81.4538    5.73713    34.9820    34.9984    27.2485    1487.18    1482.67 0.0000e+00
       6319    271.000     8.0772     8.0756   3.638799   3.640163     2.1849    -0.0671      15.95 4.9476e-02 0.0000e+00    81.4376    5.73923    34.9822    34.9984    27.2486    1487.19    1482.68 0.0000e+00
       6417    272.000     8.0774     8.0758   3.638866   3.640244     2.1853    -0.0783      15.57 4.9483e-02 0.0000e+00    81.4280    5.73947    34.9823    34.9986    27.2486    1487.21    1482.70 0.0000e+00
       6445    273.000     8.0778     8.0762   3.638953   3.640332     2.1848    -0.0764      14.50 4.9450e-02 0.0000e+00    81.4507    5.73693    34.9823    34.9987    27.2486    1487.23    1482.72 0.0000e+00
