_data/ctd/2022603/sta0218.cnv
* Sea-Bird SBE 9 Data File:
* FileName = C:\Seabird\CTDData\sta0218.hex
* Software Version Seasave V 7.21f
* Temperature SN = 6264
* Conductivity SN = 4928
* Number of Bytes Per Scan = 40
* Number of Voltage Words = 5
* Number of Scans Averaged by the Deck Unit = 1
* NMEA Latitude = 61 31.30 N
* NMEA Longitude = 005 07.66 E
* NMEA UTC (Time) = Feb 16 2022 12:00:24
* NMEA baud rate = 4800
** Ship: R/V "Kristine Bonnevie"
** Station: 0218
** Echodepth: 256
** Log: 0957.945
** Wind-Dir/Force: 13 11
** Air-temp (dry): 4.4
** Weather Sky:
** Sea:
# nquan = 19                                
# nvalues = 253                         
# units = specified
# name 0 = scan: Scan Count
# name 1 = prDM: Pressure, Digiquartz [db]
# name 2 = t068C: Temperature [ITS-68, deg C]
# name 3 = t168C: Temperature, 2 [ITS-68, deg C]
# name 4 = c0S/m: Conductivity [S/m]
# name 5 = c1S/m: Conductivity, 2 [S/m]
# name 6 = sbeox0V: Oxygen raw, SBE 43 [V]
# name 7 = flECO-AFL: Fluorescence, WET Labs ECO-AFL/FL [mg/m^3]
# name 8 = altM: Altimeter [m]
# name 9 = par: PAR/Irradiance, Biospherical/Licor
# name 10 = spar: SPAR/Surface Irradiance
# name 11 = CStarTr0: Beam Transmission, WET Labs C-Star [%]
# name 12 = sbeox0ML/L: Oxygen, SBE 43 [ml/l], WS = 2
# name 13 = sal00: Salinity, Practical [PSU]
# name 14 = sal11: Salinity, Practical, 2 [PSU]
# name 15 = sigma-t00: Density [sigma-t, Kg/m^3 ]
# name 16 = svCM: Sound Velocity [Chen-Millero, m/s]
# name 17 = avgsvCM: Average Sound Velocity [Chen-Millero, m/s], minP = 1, minS = 5
# name 18 = flag: flag
# span 0 =         -2,       5397       
# span 1 =      2.000,    254.000       
# span 2 =     5.3715,     8.8948       
# span 3 =     5.3528,     8.8930       
# span 4 =   2.731244,   3.658616       
# span 5 =   2.717237,   3.660080       
# span 6 =     2.0905,     2.4933       
# span 7 =    -0.0903,     0.2499       
# span 8 =       3.84,      99.63       
# span 9 = 4.9452e-02, 4.6162e+01       
# span 10 = 8.9940e+01, 1.1792e+02      
# span 11 =    77.4457,    80.8870      
# span 12 =    5.36858,    7.18432      
# span 13 =    27.6609,    34.9925      
# span 14 =    27.5202,    35.0081      
# span 15 =    21.8257,    27.2585      
# span 16 =    1462.95,    1487.23      
# span 17 =    1462.95,    1484.43      
# span 18 = 0.0000e+00, 0.0000e+00      
# interval = decibars: 1                
# start_time = Feb 16 2022 12:00:26 [System UTC, header]
# bad_flag = -9.990e-29
*END*
[from data line 153]
       3295    155.000     8.4273     8.4258   3.654860   3.656310     2.1860    -0.0588      75.43 4.9509e-02 9.5936e+01    80.5546    5.59136    34.8617    34.8786    27.1005    1486.45    1482.84 0.0000e+00
       3315    156.000     8.4257     8.4242   3.654838   3.656281     2.1838    -0.0591      86.20 4.9505e-02 9.5840e+01    80.5796    5.58422    34.8626    34.8794    27.1014    1486.46    1482.87 0.0000e+00
       3336    157.000     8.4235     8.4218   3.654788   3.656211     2.1818    -0.0628      98.88 4.9472e-02 9.5042e+01    80.5690    5.58002    34.8637    34.8805    27.1026    1486.47    1482.89 0.0000e+00
       3357    158.000     8.4184     8.4168   3.654449   3.655868     2.1799    -0.0866      96.50 4.9479e-02 9.4050e+01    80.5655    5.57654    34.8647    34.8813    27.1042    1486.47    1482.91 0.0000e+00
       3378    159.000     8.4146     8.4131   3.654176   3.655615     2.1780    -0.0616      65.07 4.9518e-02 9.3937e+01    80.5755    5.56968    34.8651    34.8818    27.1051    1486.47    1482.93 0.0000e+00
       3399    160.000     8.4146     8.4131   3.654255   3.655718     2.1759    -0.0583      98.26 4.9473e-02 9.3937e+01    80.5618    5.56545    34.8654    34.8825    27.1054    1486.49    1482.96 0.0000e+00
       3419    161.000     8.4119     8.4105   3.654134   3.655572     2.1743 -9.990e-29      98.80 4.9474e-02 9.3937e+01    80.5460    5.56507    34.8663    34.8830    27.1065    1486.49    1482.98 0.0000e+00
       3440    162.000     8.4060     8.4047   3.653735   3.655181     2.1729 -9.990e-29      69.32 4.9486e-02 9.3937e+01    80.5448    5.56146    34.8674    34.8841    27.1083    1486.49    1483.00 0.0000e+00
       3461    163.000     8.3999     8.3985   3.653265   3.654674     2.1712 -9.990e-29      89.78 4.9492e-02 9.3937e+01    80.5361    5.55792    34.8680    34.8844    27.1096    1486.48    1483.02 0.0000e+00
       3482    164.000     8.3952     8.3935   3.653059   3.654503     2.1698 -9.990e-29      98.69 4.9502e-02 9.3937e+01    80.5424    5.55506    34.8700    34.8870    27.1119    1486.49    1483.04 0.0000e+00
       3503    165.000     8.3981     8.3961   3.653619   3.655051     2.1683    -0.0653      90.61 4.9488e-02 9.3937e+01    80.5448    5.54755    34.8726    34.8898    27.1135    1486.52    1483.06 0.0000e+00
       3524    166.000     8.3973     8.3957   3.653714   3.655166     2.1666    -0.0571      66.68 4.9479e-02 9.3937e+01    80.5599    5.54247    34.8739    34.8909    27.1147    1486.53    1483.08 0.0000e+00
       3545    167.000     8.3925     8.3912   3.653376   3.654826     2.1650    -0.0600      98.74 4.9483e-02 9.3729e+01    80.5605    5.54208    34.8746    34.8913    27.1160    1486.53    1483.11 0.0000e+00
       3567    168.000     8.3913     8.3898   3.653468   3.654916     2.1637    -0.0903      98.80 4.9485e-02 9.2712e+01    80.5227    5.54213    34.8763    34.8932    27.1175    1486.54    1483.13 0.0000e+00
       3588    169.000     8.3914     8.3900   3.653786   3.655230     2.1627    -0.0605      57.93 4.9492e-02 9.2069e+01    80.5464    5.54045    34.8791    34.8958    27.1196    1486.57    1483.15 0.0000e+00
       3609    170.000     8.3887     8.3875   3.653745   3.655204     2.1615    -0.0701      98.37 4.9485e-02 9.1939e+01    80.5358    5.53609    34.8808    34.8975    27.1214    1486.57    1483.17 0.0000e+00
       3630    171.000     8.3853     8.3838   3.653708   3.655161     2.1605 -9.990e-29      98.80 4.9472e-02 9.1939e+01    80.5383    5.53642    34.8833    34.9003    27.1239    1486.58    1483.19 0.0000e+00
       3651    172.000     8.3851     8.3836   3.653784   3.655272     2.1596 -9.990e-29      83.04 4.9498e-02 9.1939e+01    80.4966    5.53788    34.8839    34.9012    27.1244    1486.60    1483.21 0.0000e+00
       3672    173.000     8.3853     8.3837   3.653898   3.655356     2.1593 -9.990e-29      78.52 4.9492e-02 9.1939e+01    80.4945    5.54097    34.8844    34.9015    27.1248    1486.61    1483.23 0.0000e+00
       3693    174.000     8.3855     8.3840   3.654051   3.655530     2.1589    -0.0688      98.76 4.9505e-02 9.1939e+01    80.4890    5.54235    34.8853    34.9025    27.1255    1486.63    1483.25 0.0000e+00
       3714    175.000     8.3891     8.3874   3.654720   3.656204     2.1589    -0.0642      98.80 4.9466e-02 9.1939e+01    80.5118    5.54416    34.8884    34.9059    27.1273    1486.67    1483.26 0.0000e+00
       3735    176.000     8.3881     8.3867   3.654939   3.656375     2.1590    -0.0696      56.21 4.9458e-02 9.1939e+01    80.5033    5.54516    34.8912    34.9079    27.1297    1486.68    1483.28 0.0000e+00
       3757    177.000     8.3881     8.3866   3.655313   3.656770     2.1587    -0.0861      98.37 4.9518e-02 9.1939e+01    80.4932    5.54413    34.8947    34.9117    27.1325    1486.70    1483.30 0.0000e+00
       3778    178.000     8.3866     8.3850   3.655358   3.656793     2.1588    -0.0862      98.80 4.9512e-02 9.1939e+01    80.5015    5.55440    34.8962    34.9131    27.1338    1486.72    1483.32 0.0000e+00
       3799    179.000     8.3832     8.3818   3.655230   3.656666     2.1599    -0.0619      65.85 4.9472e-02 9.1880e+01    80.4664    5.55713    34.8978    34.9144    27.1356    1486.72    1483.34 0.0000e+00
       3820    180.000     8.3806     8.3791   3.655120   3.656575     2.1599    -0.0788      84.21 4.9505e-02 -9.990e-29    80.4046    5.55469    34.8987    34.9156    27.1367    1486.73    1483.36 0.0000e+00
       3841    181.000     8.3786     8.3772   3.655057   3.656507     2.1603    -0.0747      98.75 4.9472e-02 -9.990e-29    80.3934    5.55788    34.8995    34.9163    27.1377    1486.74    1483.38 0.0000e+00
       3862    182.000     8.3713     8.3708   3.654695   3.656182     2.1604    -0.0572      91.57 4.9459e-02 -9.990e-29    80.3727    5.55830    34.9024    34.9187    27.1411    1486.73    1483.40 0.0000e+00
       3883    183.000     8.3634     8.3631   3.654230   3.655719     2.1604    -0.0558      59.17 4.9546e-02 -9.990e-29    80.3595    5.55504    34.9048    34.9210    27.1442    1486.72    1483.42 0.0000e+00
       3905    184.000     8.3597     8.3578   3.654041   3.655459     2.1601    -0.0587      98.39 4.9473e-02 8.9995e+01    80.3467    5.55720    34.9060    34.9230    27.1457    1486.73    1483.43 0.0000e+00
       3926    185.000     8.3593     8.3578   3.654115   3.655541     2.1602    -0.0809      98.80 4.9479e-02 8.9940e+01    80.3277    5.55532    34.9067    34.9234    27.1463    1486.74    1483.45 0.0000e+00
       3947    186.000     8.3586     8.3570   3.654133   3.655562     2.1592    -0.0757      50.62 4.9485e-02 8.9940e+01    80.3277    5.54632    34.9071    34.9239    27.1467    1486.76    1483.47 0.0000e+00
       3968    187.000     8.3560     8.3545   3.654075   3.655513     2.1587    -0.0629      96.52 4.9485e-02 8.9940e+01    80.3406    5.54673    34.9086    34.9254    27.1483    1486.77    1483.49 0.0000e+00
       3990    188.000     8.3516     8.3501   3.653858   3.655267     2.1577    -0.0627      98.81 4.9464e-02 8.9940e+01    80.3582    5.54543    34.9101    34.9266    27.1502    1486.77    1483.50 0.0000e+00
       4011    189.000     8.3362     8.3352   3.652852   3.654288     2.1570    -0.0862      74.86 4.9518e-02 8.9940e+01    80.3467    5.54316    34.9142    34.9305    27.1557    1486.73    1483.52 0.0000e+00
       4032    190.000     8.3237     8.3233   3.652161   3.653631     2.1561    -0.0647      70.18 4.9492e-02 8.9940e+01    80.3462    5.54122    34.9188    34.9348    27.1612    1486.71    1483.54 0.0000e+00
       4053    191.000     8.3193     8.3179   3.651998   3.653440     2.1550    -0.0612      90.43 4.9452e-02 8.9940e+01    80.2839    5.53529    34.9209    34.9377    27.1636    1486.71    1483.55 0.0000e+00
       4074    192.000     8.3190     8.3174   3.652064   3.653505     2.1536    -0.0694      64.86 4.9493e-02 8.9940e+01    80.2308    5.52488    34.9215    34.9384    27.1640    1486.73    1483.57 0.0000e+00
       4096    193.000     8.3193     8.3177   3.652155   3.653600     2.1514    -0.0835      64.68 4.9496e-02 8.9940e+01    80.2142    5.51235    34.9216    34.9386    27.1642    1486.74    1483.59 0.0000e+00
       4117    194.000     8.3195     8.3179   3.652318   3.653753     2.1489    -0.0575      37.54 4.9479e-02 8.9940e+01    80.1736    5.50344    34.9227    34.9396    27.1649    1486.76    1483.60 0.0000e+00
       4138    195.000     8.3200     8.3186   3.652477   3.653927     2.1465    -0.0559      99.63 4.9492e-02 8.9940e+01    80.1256    5.50149    34.9234    34.9403    27.1654    1486.78    1483.62 0.0000e+00
       4159    196.000     8.3200     8.3185   3.652551   3.653992     2.1451    -0.0765      70.75 4.9485e-02 8.9940e+01    80.1383    5.50531    34.9237    34.9406    27.1657    1486.80    1483.64 0.0000e+00
       4180    197.000     8.3185     8.3170   3.652437   3.653860     2.1440    -0.0752      66.74 4.9477e-02 8.9940e+01    80.1241    5.50578    34.9235    34.9402    27.1657    1486.81    1483.65 0.0000e+00
       4202    198.000     8.3182     8.3164   3.652443   3.653872     2.1431    -0.0594      50.29 4.9479e-02 8.9940e+01    80.1015    5.50689    34.9234    34.9404    27.1657    1486.82    1483.67 0.0000e+00
       4223    199.000     8.3172     8.3156   3.652406   3.653855     2.1425 -9.990e-29      58.37 4.9499e-02 8.9940e+01    80.0895    5.50996    34.9235    34.9405    27.1659    1486.84    1483.68 0.0000e+00
       4244    200.000     8.3171     8.3156   3.652456   3.653900     2.1422 -9.990e-29      57.67 4.9505e-02 8.9940e+01    80.1018    5.50659    34.9237    34.9405    27.1661    1486.85    1483.70 0.0000e+00
       4266    201.000     8.3173     8.3153   3.652521   3.653912     2.1412 -9.990e-29      57.03 4.9521e-02 8.9940e+01    80.0906    5.50285    34.9237    34.9405    27.1661    1486.87    1483.72 0.0000e+00
       4287    202.000     8.3176     8.3161   3.652664   3.654110     2.1407 -9.990e-29      72.34 4.9492e-02 8.9940e+01    80.0514    5.50493    34.9244    34.9413    27.1666    1486.89    1483.73 0.0000e+00
       4309    203.000     8.3384     8.3348   3.655308   3.656618     2.1402 -9.990e-29      40.38 4.9509e-02 8.9940e+01    80.0766    5.50127    34.9315    34.9490    27.1689    1486.99    1483.75 0.0000e+00
       4330    204.000     8.3418     8.3407   3.655801   3.657274     2.1396 -9.990e-29      53.16 4.9496e-02 8.9940e+01    80.0882    5.50109    34.9329    34.9496    27.1695    1487.02    1483.76 0.0000e+00
       4352    205.000     8.3353     8.3342   3.655435   3.656887     2.1396 -9.990e-29      52.56 4.9499e-02 8.9940e+01    80.0588    5.51000    34.9349    34.9515    27.1721    1487.02    1483.78 0.0000e+00
       4373    206.000     8.3337     8.3323   3.655492   3.656952     2.1401 -9.990e-29      52.06 4.9502e-02 8.9940e+01    80.0276    5.52076    34.9367    34.9536    27.1737    1487.03    1483.79 0.0000e+00
       4395    207.000     8.3328     8.3313   3.655498   3.656946     2.1414    -0.0561      50.84 4.9496e-02 8.9940e+01    79.9956    5.53377    34.9371    34.9540    27.1742    1487.04    1483.81 0.0000e+00
       4417    208.000     8.3309     8.3289   3.655305   3.656688     2.1434    -0.0586      49.92 4.9485e-02 8.9940e+01    80.0137    5.54226    34.9365    34.9532    27.1740    1487.05    1483.83 0.0000e+00
       4439    209.000     8.3225     8.3215   3.654720   3.656171     2.1448    -0.0572      48.75 4.9509e-02 8.9940e+01    80.0505    5.54294    34.9381    34.9546    27.1766    1487.04    1483.84 0.0000e+00
       4461    210.000     8.3263     8.3241   3.655526   3.656965     2.1456    -0.0627      47.70 4.9490e-02 8.9940e+01    80.1076    5.54026    34.9424    34.9599    27.1794    1487.07    1483.86 0.0000e+00
       4482    211.000     8.3225     8.3214   3.655188   3.656617     2.1463    -0.0875      46.69 4.9496e-02 8.9940e+01    80.0742    5.54123    34.9421    34.9584    27.1797    1487.08    1483.87 0.0000e+00
       4504    212.000     8.3220     8.3199   3.655353   3.656759     2.1467    -0.0619      45.88 4.9472e-02 8.9940e+01    80.1134    5.53821    34.9439    34.9610    27.1812    1487.09    1483.89 0.0000e+00
       4525    213.000     8.3309     8.3287   3.656620   3.658100     2.1466    -0.0573      44.83 4.9492e-02 8.9940e+01    80.0943    5.53536    34.9481    34.9660    27.1831    1487.15    1483.90 0.0000e+00
       4547    214.000     8.3399     8.3382   3.657832   3.659286     2.1465    -0.0558      44.00 4.9483e-02 8.9940e+01    80.0556    5.53109    34.9516    34.9687    27.1845    1487.20    1483.92 0.0000e+00
       4568    215.000     8.3354     8.3339   3.657580   3.659016     2.1460    -0.0630      42.85 4.9485e-02 8.9940e+01    80.0920    5.53584    34.9529    34.9697    27.1862    1487.20    1483.93 0.0000e+00
       4589    216.000     8.3306     8.3292   3.657346   3.658782     2.1468    -0.0881      41.77 4.9485e-02 8.9940e+01    80.2023    5.55054    34.9547    34.9714    27.1883    1487.20    1483.95 0.0000e+00
       4611    217.000     8.3268     8.3261   3.657099   3.658616     2.1479    -0.0610      40.76 4.9512e-02 8.9940e+01    80.3045    5.56444    34.9553    34.9722    27.1894    1487.21    1483.96 0.0000e+00
       4632    218.000     8.3247     8.3233   3.656948   3.658391     2.1500    -0.0609      39.76 4.9502e-02 8.9940e+01    80.3552    5.57237    34.9553    34.9721    27.1898    1487.22    1483.98 0.0000e+00
       4653    219.000     8.3198     8.3182   3.656534   3.657951     2.1515    -0.0562      38.75 4.9505e-02 8.9940e+01    80.3923    5.57126    34.9553    34.9720    27.1905    1487.21    1483.99 0.0000e+00
       4675    220.000     8.3109     8.3097   3.655885   3.657331     2.1519    -0.0670      37.76 4.9489e-02 8.9940e+01    80.3846    5.56834    34.9568    34.9733    27.1930    1487.20    1484.01 0.0000e+00
       4696    221.000     8.3087     8.3073   3.655748   3.657194     2.1527    -0.0875      36.76 4.9508e-02 8.9940e+01    80.4037    5.56644    34.9570    34.9738    27.1935    1487.21    1484.02 0.0000e+00
       4718    222.000     8.3067     8.3054   3.655612   3.657070     2.1523    -0.0877      35.75 4.9505e-02 8.9940e+01    80.4082    5.55851    34.9571    34.9739    27.1939    1487.22    1484.04 0.0000e+00
       4740    223.000     8.3046     8.3031   3.655482   3.656917     2.1517    -0.0594      34.74 4.9496e-02 8.9940e+01    80.3649    5.55375    34.9573    34.9741    27.1944    1487.23    1484.05 0.0000e+00
       4761    224.000     8.2950     8.2940   3.654678   3.656098     2.1508    -0.0572      33.77 4.9499e-02 8.9940e+01    80.3574    5.55188    34.9578    34.9739    27.1962    1487.21    1484.06 0.0000e+00
       4782    225.000     8.2884     8.2869   3.654225   3.655659     2.1499    -0.0572      32.83 4.9496e-02 8.9940e+01    80.2901    5.54864    34.9590    34.9758    27.1982    1487.20    1484.08 0.0000e+00
       4804    226.000     8.2840     8.2829   3.653987   3.655427     2.1488    -0.0644      31.81 4.9499e-02 8.9940e+01    80.2461    5.54107    34.9604    34.9768    27.2000    1487.20    1484.09 0.0000e+00
       4824    227.000     8.2731     8.2720   3.653186   3.654617     2.1471    -0.0878      30.81 4.9502e-02 8.9940e+01    80.2186    5.52869    34.9622    34.9785    27.2030    1487.18    1484.11 0.0000e+00
       4845    228.000     8.2683     8.2671   3.652847   3.654297     2.1449    -0.0863      29.83 4.9496e-02 8.9940e+01    80.2111    5.52696    34.9628    34.9795    27.2043    1487.18    1484.12 0.0000e+00
       4867    229.000     8.2635     8.2620   3.652475   3.653898     2.1435    -0.0691      28.87 4.9511e-02 8.9940e+01    80.1777    5.52391    34.9632    34.9798    27.2053    1487.18    1484.13 0.0000e+00
