_data/ctd/2022603/sta0160.cnv
* Sea-Bird SBE 9 Data File:
* FileName = C:\Seabird\CTDData\sta0160.hex
* Software Version Seasave V 7.21f
* Temperature SN = 6264
* Conductivity SN = 4928
* Number of Bytes Per Scan = 40
* Number of Voltage Words = 5
* Number of Scans Averaged by the Deck Unit = 1
* NMEA Latitude = 59 35.60 N
* NMEA Longitude = 005 15.64 E
* NMEA UTC (Time) = Feb 11 2022 13:20:18
* NMEA baud rate = 4800
** Ship: R/V "Kristine Bonnevie"
** Station: 0160
** Echodepth: 383
** Log: 0295.892
** Wind-Dir/Force: 17 14
** Air-temp (dry): 1.8
** Weather Sky:
** Sea:
# nquan = 19                                
# nvalues = 378                         
# units = specified
# name 0 = scan: Scan Count
# name 1 = prDM: Pressure, Digiquartz [db]
# name 2 = t068C: Temperature [ITS-68, deg C]
# name 3 = t168C: Temperature, 2 [ITS-68, deg C]
# name 4 = c0S/m: Conductivity [S/m]
# name 5 = c1S/m: Conductivity, 2 [S/m]
# name 6 = sbeox0V: Oxygen raw, SBE 43 [V]
# name 7 = flECO-AFL: Fluorescence, WET Labs ECO-AFL/FL [mg/m^3]
# name 8 = altM: Altimeter [m]
# name 9 = par: PAR/Irradiance, Biospherical/Licor
# name 10 = spar: SPAR/Surface Irradiance
# name 11 = CStarTr0: Beam Transmission, WET Labs C-Star [%]
# name 12 = sbeox0ML/L: Oxygen, SBE 43 [ml/l], WS = 2
# name 13 = sal00: Salinity, Practical [PSU]
# name 14 = sal11: Salinity, Practical, 2 [PSU]
# name 15 = sigma-t00: Density [sigma-t, Kg/m^3 ]
# name 16 = svCM: Sound Velocity [Chen-Millero, m/s]
# name 17 = avgsvCM: Average Sound Velocity [Chen-Millero, m/s], minP = 1, minS = 5
# name 18 = flag: flag
# span 0 =         22,       8614       
# span 1 =      2.000,    379.000       
# span 2 =     7.0770,     8.2476       
# span 3 =     7.0870,     8.2461       
# span 4 =   3.353463,   3.628501       
# span 5 =   3.355551,   3.629592       
# span 6 =     2.1041,     2.5308       
# span 7 =    -0.0887,     0.5578       
# span 8 =       6.51,     100.31       
# span 9 = 4.9444e-02, 3.1622e+01       
# span 10 = 5.9960e+01, 6.7209e+01      
# span 11 =    76.8183,    80.8989      
# span 12 =    5.54766,    6.89506      
# span 13 =    33.0041,    34.9142      
# span 14 =    33.0173,    34.9273      
# span 15 =    25.8365,    27.2095      
# span 16 =    1476.49,    1488.53      
# span 17 =    1476.49,    1485.02      
# span 18 = 0.0000e+00, 0.0000e+00      
# interval = decibars: 1                
# start_time = Feb 11 2022 13:20:20 [System UTC, header]
# bad_flag = -9.990e-29
*END*
[from data line 229]
       5177    231.000     7.9899     7.9886   3.619207   3.620304     2.1537    -0.0610      98.88 4.9481e-02 6.5956e+01    80.3883    5.61668    34.8784    34.8915    27.1802    1486.08    1483.53 0.0000e+00
       5199    232.000     7.9902     7.9888   3.619306   3.620400     2.1533    -0.0584      63.49 4.9466e-02 6.5956e+01    80.3818    5.61611    34.8787    34.8919    27.1804    1486.09    1483.54 0.0000e+00
       5221    233.000     7.9905     7.9891   3.619427   3.620510     2.1531 -9.990e-29      57.96 4.9475e-02 6.5956e+01    80.3838    5.61563    34.8792    34.8923    27.1807    1486.11    1483.56 0.0000e+00
       5244    234.000     7.9908     7.9894   3.619506   3.620581     2.1524 -9.990e-29      39.24 4.9480e-02 6.5956e+01    80.4405    5.61369    34.8793    34.8922    27.1808    1486.13    1483.57 0.0000e+00
       5268    235.000     7.9910     7.9895   3.619577   3.620667     2.1523 -9.990e-29      78.24 4.9496e-02 6.5956e+01    80.4212    5.61612    34.8794    34.8926    27.1808    1486.15    1483.58 0.0000e+00
       5290    236.000     7.9910     7.9896   3.619620   3.620709     2.1520 -9.990e-29      49.05 4.9477e-02 6.5956e+01    80.4244    5.61748    34.8794    34.8924    27.1808    1486.16    1483.59 0.0000e+00
       5312    237.000     7.9912     7.9898   3.619700   3.620776     2.1519 -9.990e-29      56.25 4.9487e-02 6.5865e+01    80.4392    5.61551    34.8795    34.8925    27.1809    1486.18    1483.60 0.0000e+00
       5334    238.000     7.9909     7.9895   3.619717   3.620807     2.1515 -9.990e-29      51.45 4.9487e-02 6.4946e+01    80.4107    5.61599    34.8795    34.8926    27.1809    1486.20    1483.61 0.0000e+00
       5358    239.000     7.9909     7.9893   3.619812   3.620925     2.1516 -9.990e-29      92.53 4.9505e-02 6.4932e+01    80.4185    5.61582    34.8801    34.8936    27.1813    1486.21    1483.62 0.0000e+00
       5382    240.000     7.9911     7.9897   3.619979   3.621053     2.1507 -9.990e-29      46.48 4.9503e-02 6.4508e+01    80.3492    5.61371    34.8812    34.8941    27.1822    1486.23    1483.63 0.0000e+00
       5405    241.000     7.9913     7.9898   3.620037   3.621121     2.1509 -9.990e-29      99.96 4.9483e-02 6.4686e+01    80.4466    5.61758    34.8811    34.8943    27.1821    1486.25    1483.64 0.0000e+00
       5426    242.000     7.9941     7.9926   3.620473   3.621570     2.1508 -9.990e-29      47.55 4.9472e-02 6.5456e+01    80.4307    5.61700    34.8825    34.8958    27.1828    1486.28    1483.65 0.0000e+00
       5447    243.000     7.9964     7.9942   3.620832   3.621831     2.1506 -9.990e-29      79.57 4.9492e-02 6.5126e+01    80.4274    5.61651    34.8836    34.8965    27.1833    1486.30    1483.66 0.0000e+00
       5467    244.000     7.9980     7.9966   3.621141   3.622257     2.1505 -9.990e-29      53.10 4.9479e-02 6.5100e+01    80.4168    5.61685    34.8849    34.8982    27.1840    1486.33    1483.68 0.0000e+00
       5489    245.000     8.0013     7.9996   3.621745   3.622827     2.1504 -9.990e-29      98.19 4.9471e-02 6.4878e+01    80.4318    5.61411    34.8876    34.9009    27.1857    1486.36    1483.69 0.0000e+00
       5513    246.000     8.0021     8.0006   3.621896   3.622986     2.1497 -9.990e-29      61.37 4.9500e-02 6.4346e+01    80.4207    5.60972    34.8879    34.9011    27.1858    1486.38    1483.70 0.0000e+00
       5538    247.000     8.0026     8.0012   3.621997   3.623109     2.1493 -9.990e-29      80.11 4.9489e-02 6.4737e+01    80.3796    5.61142    34.8880    34.9013    27.1858    1486.40    1483.71 0.0000e+00
       5562    248.000     8.0022     8.0007   3.621958   3.623030     2.1490 -9.990e-29      72.65 4.9490e-02 6.4258e+01    80.3938    5.61344    34.8875    34.9005    27.1855    1486.41    1483.72 0.0000e+00
       5583    249.000     8.0026     8.0009   3.622104   3.623134     2.1489 -9.990e-29      95.78 4.9492e-02 6.4400e+01    80.3842    5.61532    34.8882    34.9009    27.1860    1486.43    1483.73 0.0000e+00
       5604    250.000     8.0033     8.0019   3.622360   3.623458     2.1488 -9.990e-29      71.42 4.9496e-02 6.4258e+01    80.3763    5.60879    34.8898    34.9029    27.1871    1486.45    1483.74 0.0000e+00
       5626    251.000     8.0034     8.0022   3.622420   3.623526     2.1479 -9.990e-29      98.45 4.9508e-02 -9.990e-29    80.4070    5.60208    34.8898    34.9029    27.1871    1486.47    1483.75 0.0000e+00
       5650    252.000     8.0040     8.0025   3.622545   3.623619     2.1469 -9.990e-29      47.60 4.9472e-02 -9.990e-29    80.4016    5.60403    34.8901    34.9031    27.1872    1486.49    1483.76 0.0000e+00
       5675    253.000     8.0048     8.0033   3.622683   3.623772     2.1466 -9.990e-29      73.34 4.9515e-02 -9.990e-29    80.3562    5.60521    34.8903    34.9035    27.1873    1486.51    1483.77 0.0000e+00
       5698    254.000     8.0045     8.0029   3.622670   3.623731     2.1462 -9.990e-29      55.61 4.9496e-02 -9.990e-29    80.3690    5.60561    34.8900    34.9029    27.1871    1486.52    1483.78 0.0000e+00
       5719    255.000     8.0045     8.0030   3.622755   3.623874     2.1458 -9.990e-29      57.15 4.9499e-02 -9.990e-29    80.3753    5.60677    34.8904    34.9039    27.1874    1486.54    1483.80 0.0000e+00
       5739    256.000     8.0057     8.0042   3.623082   3.624181     2.1458 -9.990e-29      62.40 4.9481e-02 -9.990e-29    80.3721    5.60783    34.8922    34.9055    27.1887    1486.56    1483.81 0.0000e+00
       5759    257.000     8.0066     8.0053   3.623289   3.624432     2.1456 -9.990e-29      72.80 4.9474e-02 -9.990e-29    80.3736    5.60552    34.8931    34.9066    27.1892    1486.59    1483.82 0.0000e+00
       5781    258.000     8.0080     8.0064   3.623563   3.624629     2.1452 -9.990e-29      69.65 4.9475e-02 -9.990e-29    80.3016    5.60612    34.8941    34.9072    27.1898    1486.61    1483.83 0.0000e+00
       5803    259.000     8.0086     8.0073   3.623686   3.624786     2.1451 -9.990e-29      75.55 4.9464e-02 6.3999e+01    80.2901    5.60622    34.8944    34.9075    27.1899    1486.63    1483.84 0.0000e+00
       5827    260.000     8.0092     8.0079   3.623813   3.624908     2.1449 -9.990e-29      89.44 4.9474e-02 6.3957e+01    80.2396    5.60747    34.8947    34.9077    27.1901    1486.65    1483.85 0.0000e+00
       5851    261.000     8.0096     8.0082   3.623925   3.625016     2.1445 -9.990e-29      30.19 4.9485e-02 6.3957e+01    80.3116    5.60493    34.8950    34.9081    27.1902    1486.66    1483.86 0.0000e+00
       5874    262.000     8.0104     8.0089   3.624090   3.625168     2.1446 -9.990e-29      99.34 4.9475e-02 6.3957e+01    80.2884    5.60925    34.8955    34.9085    27.1905    1486.69    1483.87 0.0000e+00
       5896    263.000     8.0106     8.0091   3.624172   3.625260     2.1445 -9.990e-29      34.60 4.9498e-02 6.3957e+01    80.2859    5.60896    34.8957    34.9088    27.1906    1486.70    1483.88 0.0000e+00
       5917    264.000     8.0103     8.0089   3.624219   3.625300     2.1445 -9.990e-29      77.48 4.9465e-02 6.3957e+01    80.2958    5.60613    34.8960    34.9090    27.1909    1486.72    1483.89 0.0000e+00
       5940    265.000     8.0099     8.0087   3.624257   3.625360     2.1439 -9.990e-29      35.64 4.9483e-02 6.3957e+01    80.2608    5.60309    34.8963    34.9093    27.1913    1486.73    1483.90 0.0000e+00
       5962    266.000     8.0084     8.0072   3.624187   3.625287     2.1435 -9.990e-29      99.67 4.9458e-02 6.3957e+01    80.2981    5.59540    34.8966    34.9096    27.1917    1486.74    1483.91 0.0000e+00
       5982    267.000     8.0066     8.0051   3.624089   3.625174     2.1419 -9.990e-29      28.16 4.9481e-02 6.3957e+01    80.2637    5.59593    34.8968    34.9100    27.1922    1486.75    1483.92 0.0000e+00
       6002    268.000     8.0062     8.0047   3.624114   3.625197     2.1423 -9.990e-29      98.81 4.9467e-02 6.3957e+01    80.2634    5.60693    34.8970    34.9101    27.1924    1486.77    1483.93 0.0000e+00
       6024    269.000     8.0059     8.0045   3.624139   3.625223     2.1421 -9.990e-29      49.43 4.9496e-02 6.3957e+01    80.2563    5.60386    34.8971    34.9101    27.1925    1486.79    1483.95 0.0000e+00
       6047    270.000     8.0057     8.0044   3.624157   3.625248     2.1417 -9.990e-29      83.49 4.9489e-02 6.3957e+01    80.1996    5.59960    34.8970    34.9100    27.1924    1486.80    1483.96 0.0000e+00
       6072    271.000     8.0070     8.0055   3.624347   3.625419     2.1412 -9.990e-29      51.00 4.9495e-02 6.3957e+01    80.1874    5.60110    34.8973    34.9103    27.1924    1486.82    1483.97 0.0000e+00
       6097    272.000     8.0079     8.0065   3.624501   3.625608     2.1410 -9.990e-29      89.40 4.9474e-02 6.3957e+01    80.2091    5.60474    34.8976    34.9108    27.1925    1486.84    1483.98 0.0000e+00
       6119    273.000     8.0097     8.0082   3.624772   3.625870     2.1413 -9.990e-29      48.77 4.9485e-02 6.3957e+01    80.2439    5.60510    34.8982    34.9115    27.1928    1486.87    1483.99 0.0000e+00
       6140    274.000     8.0126     8.0112   3.625153   3.626268     2.1409 -9.990e-29      31.33 4.9505e-02 6.3957e+01    80.1720    5.60127    34.8989    34.9123    27.1929    1486.90    1484.00 0.0000e+00
       6161    275.000     8.0124     8.0109   3.625193   3.626260     2.1407 -9.990e-29      99.48 4.9472e-02 6.3957e+01    80.2044    5.60051    34.8991    34.9120    27.1930    1486.91    1484.01 0.0000e+00
       6182    276.000     8.0118     8.0103   3.625185   3.626279     2.1402 -9.990e-29      48.78 4.9492e-02 6.3957e+01    80.1527    5.59556    34.8991    34.9123    27.1931    1486.93    1484.02 0.0000e+00
       6204    277.000     8.0116     8.0102   3.625305   3.626393     2.1395    -0.0559      78.57 4.9499e-02 6.3957e+01    80.1714    5.59562    34.9001    34.9132    27.1940    1486.94    1484.03 0.0000e+00
       6228    278.000     8.0115     8.0101   3.625408   3.626486     2.1391    -0.0558      72.62 4.9478e-02 6.3957e+01    80.1722    5.59803    34.9008    34.9138    27.1945    1486.96    1484.04 0.0000e+00
       6253    279.000     8.0109     8.0096   3.625414   3.626497     2.1390    -0.0558      95.28 4.9492e-02 6.3957e+01    80.1795    5.60048    34.9010    34.9139    27.1948    1486.97    1484.05 0.0000e+00
       6278    280.000     8.0097     8.0084   3.625421   3.626513     2.1387    -0.0558      77.21 4.9523e-02 6.3957e+01    80.1451    5.59543    34.9018    34.9148    27.1956    1486.99    1484.06 0.0000e+00
       6300    281.000     8.0083     8.0068   3.625389   3.626468     2.1381    -0.0558      97.87 4.9473e-02 6.3957e+01    80.1419    5.59685    34.9024    34.9154    27.1962    1487.00    1484.07 0.0000e+00
       6320    282.000     8.0069     8.0056   3.625346   3.626431     2.1380    -0.0558      55.38 4.9491e-02 6.3957e+01    80.1067    5.59747    34.9028    34.9157    27.1968    1487.01    1484.08 0.0000e+00
       6342    283.000     8.0055     8.0042   3.625337   3.626425     2.1375    -0.0558      54.65 4.9496e-02 6.3957e+01    80.0856    5.59222    34.9036    34.9166    27.1977    1487.02    1484.09 0.0000e+00
       6365    284.000     8.0045     8.0031   3.625316   3.626395     2.1368    -0.0558      64.23 4.9475e-02 6.3957e+01    80.0447    5.59554    34.9039    34.9169    27.1980    1487.04    1484.10 0.0000e+00
       6389    285.000     8.0041     8.0028   3.625322   3.626429     2.1367    -0.0558      50.03 4.9474e-02 6.3957e+01    80.0828    5.59438    34.9039    34.9171    27.1981    1487.05    1484.11 0.0000e+00
       6413    286.000     8.0024     8.0015   3.625230   3.626350     2.1361    -0.0558      50.65 4.9472e-02 6.3957e+01    80.0774    5.59489    34.9041    34.9170    27.1985    1487.06    1484.12 0.0000e+00
       6437    287.000     8.0008     7.9994   3.625146   3.626236     2.1361    -0.0571      87.30 4.9506e-02 6.3957e+01    80.0778    5.59583    34.9043    34.9174    27.1989    1487.07    1484.13 0.0000e+00
       6460    288.000     8.0008     7.9992   3.625258   3.626328     2.1356    -0.0587      35.98 4.9476e-02 6.3957e+01    80.0902    5.59626    34.9051    34.9181    27.1995    1487.09    1484.14 0.0000e+00
       6481    289.000     8.0009     7.9994   3.625321   3.626409     2.1358    -0.0866      94.06 4.9499e-02 6.3957e+01    80.0681    5.59503    34.9051    34.9183    27.1995    1487.11    1484.15 0.0000e+00
       6503    290.000     8.0005     7.9991   3.625352   3.626431     2.1349    -0.0795      39.54 4.9464e-02 6.3957e+01    80.1490    5.58701    34.9054    34.9184    27.1998    1487.12    1484.16 0.0000e+00
       6524    291.000     7.9999     7.9985   3.625355   3.626445     2.1342 -9.990e-29      87.17 4.9508e-02 6.3957e+01    80.0925    5.58768    34.9055    34.9186    27.2000    1487.14    1484.17 0.0000e+00
       6547    292.000     7.9994     7.9979   3.625361   3.626442     2.1337 -9.990e-29      33.64 4.9511e-02 6.3957e+01    80.1086    5.58782    34.9056    34.9187    27.2001    1487.15    1484.18 0.0000e+00
       6570    293.000     7.9980     7.9964   3.625311   3.626376     2.1329 -9.990e-29      97.50 4.9480e-02 6.3957e+01    80.1178    5.58202    34.9060    34.9190    27.2006    1487.16    1484.19 0.0000e+00
       6594    294.000     7.9957     7.9944   3.625189   3.626283     2.1321 -9.990e-29      49.93 4.9499e-02 6.3957e+01    80.1051    5.58320    34.9065    34.9195    27.2014    1487.17    1484.20 0.0000e+00
       6617    295.000     7.9955     7.9941   3.625231   3.626327     2.1315 -9.990e-29      87.67 4.9487e-02 6.3957e+01    80.0977    5.58678    34.9067    34.9198    27.2015    1487.19    1484.21 0.0000e+00
       6640    296.000     7.9951     7.9937   3.625254   3.626346     2.1316 -9.990e-29      54.54 4.9512e-02 6.3957e+01    80.0399    5.58991    34.9068    34.9199    27.2017    1487.20    1484.22 0.0000e+00
       6663    297.000     7.9939     7.9925   3.625208   3.626296     2.1313 -9.990e-29      91.80 4.9487e-02 6.3957e+01    80.0596    5.58705    34.9071    34.9201    27.2021    1487.21    1484.23 0.0000e+00
       6687    298.000     7.9936     7.9922   3.625241   3.626324     2.1312 -9.990e-29      65.02 4.9515e-02 6.3957e+01    80.0714    5.58840    34.9072    34.9202    27.2023    1487.23    1484.24 0.0000e+00
       6710    299.000     7.9937     7.9923   3.625290   3.626384     2.1308 -9.990e-29      82.83 4.9457e-02 6.3957e+01    80.0625    5.58895    34.9072    34.9203    27.2022    1487.25    1484.25 0.0000e+00
       6732    300.000     7.9934     7.9920   3.625304   3.626398     2.1309 -9.990e-29      74.53 4.9496e-02 6.3957e+01    80.0767    5.59040    34.9071    34.9203    27.2022    1487.26    1484.26 0.0000e+00
       6756    301.000     7.9932     7.9919   3.625343   3.626446     2.1305 -9.990e-29      71.16 4.9497e-02 6.3957e+01    80.1026    5.58759    34.9073    34.9204    27.2024    1487.28    1484.27 0.0000e+00
       6780    302.000     7.9933     7.9919   3.625395   3.626477     2.1302 -9.990e-29      85.13 4.9466e-02 6.3957e+01    80.0933    5.58833    34.9073    34.9203    27.2023    1487.29    1484.28 0.0000e+00
       6806    303.000     7.9935     7.9921   3.625448   3.626542     2.1303 -9.990e-29      68.36 4.9478e-02 6.3957e+01    80.0780    5.58983    34.9072    34.9203    27.2022    1487.31    1484.29 0.0000e+00
       6830    304.000     7.9937     7.9922   3.625505   3.626588     2.1300 -9.990e-29      86.61 4.9471e-02 6.3957e+01    80.0568    5.58738    34.9071    34.9202    27.2021    1487.33    1484.30 0.0000e+00
       6851    305.000     7.9937     7.9923   3.625556   3.626649     2.1295 -9.990e-29      21.27 4.9481e-02 6.3957e+01    80.0991    5.58748    34.9072    34.9203    27.2022    1487.34    1484.31 0.0000e+00
