_data/ctd/2022603/sta0193.cnv
* Sea-Bird SBE 9 Data File:
* FileName = C:\Seabird\CTDData\sta0193.hex
* Software Version Seasave V 7.21f
* Temperature SN = 6264
* Conductivity SN = 4928
* Number of Bytes Per Scan = 40
* Number of Voltage Words = 5
* Number of Scans Averaged by the Deck Unit = 1
* NMEA Latitude = 61 21.25 N
* NMEA Longitude = 006 43.94 E
* NMEA UTC (Time) = Feb 14 2022 18:23:23
* NMEA baud rate = 4800
** Ship: R/V "Kristine Bonnevie"
** Station: 0193
** Echodepth: 169
** Log: 0765.766
** Wind-Dir/Force: 01 11
** Air-temp (dry): 6.1
** Weather Sky:
** Sea:
** F05
# nquan = 19                                
# nvalues = 166                         
# units = specified
# name 0 = scan: Scan Count
# name 1 = prDM: Pressure, Digiquartz [db]
# name 2 = t068C: Temperature [ITS-68, deg C]
# name 3 = t168C: Temperature, 2 [ITS-68, deg C]
# name 4 = c0S/m: Conductivity [S/m]
# name 5 = c1S/m: Conductivity, 2 [S/m]
# name 6 = sbeox0V: Oxygen raw, SBE 43 [V]
# name 7 = flECO-AFL: Fluorescence, WET Labs ECO-AFL/FL [mg/m^3]
# name 8 = altM: Altimeter [m]
# name 9 = par: PAR/Irradiance, Biospherical/Licor
# name 10 = spar: SPAR/Surface Irradiance
# name 11 = CStarTr0: Beam Transmission, WET Labs C-Star [%]
# name 12 = sbeox0ML/L: Oxygen, SBE 43 [ml/l], WS = 2
# name 13 = sal00: Salinity, Practical [PSU]
# name 14 = sal11: Salinity, Practical, 2 [PSU]
# name 15 = sigma-t00: Density [sigma-t, Kg/m^3 ]
# name 16 = svCM: Sound Velocity [Chen-Millero, m/s]
# name 17 = avgsvCM: Average Sound Velocity [Chen-Millero, m/s], minP = 1, minS = 5
# name 18 = flag: flag
# span 0 =        310,       4727       
# span 1 =      2.000,    167.000       
# span 2 =     4.2425,    10.0969       
# span 3 =     4.2529,    10.0991       
# span 4 =   2.745113,   3.695233       
# span 5 =   2.738261,   3.696913       
# span 6 =     1.8206,     2.4751       
# span 7 =    -0.0979,     1.0476       
# span 8 =       8.41,      99.66       
# span 9 = 4.9376e-02, 8.7776e-01       
# span 10 = 0.0000e+00, 0.0000e+00      
# span 11 =    79.1215,    81.0988      
# span 12 =    4.43448,    7.38402      
# span 13 =    28.7280,    34.8392      
# span 14 =    28.6891,    34.8563      
# span 15 =    22.7741,    27.1403      
# span 16 =    1459.75,    1489.06      
# span 17 =    1459.85,    1483.07      
# span 18 = 0.0000e+00, 0.0000e+00      
# interval = decibars: 1                
# start_time = Feb 14 2022 18:23:26 [System UTC, header]
# bad_flag = -9.990e-29
*END*
[from data line 77]
       2241     79.000     8.7358     8.7358   3.638479   3.639960     2.0127    -0.0711      36.49 4.9505e-02 0.0000e+00    80.3764    4.89255    34.4221    34.4377    26.7077    1485.80    1480.83 0.0000e+00
       2265     80.000     8.7147     8.7137   3.637435   3.638911     2.0048    -0.0685      99.31 4.9467e-02 0.0000e+00    80.3582    4.85919    34.4312    34.4477    26.7181    1485.75    1480.89 0.0000e+00
       2289     81.000     8.6912     8.6917   3.636519   3.638002     1.9959    -0.0671      40.96 4.9474e-02 0.0000e+00    80.2813    4.82133    34.4439    34.4591    26.7318    1485.70    1480.95 0.0000e+00
       2312     82.000     8.6679     8.6665   3.635425   3.636896     1.9859    -0.0674      97.84 4.9463e-02 0.0000e+00    80.2709    4.78247    34.4546    34.4715    26.7438    1485.64    1481.01 0.0000e+00
       2335     83.000     8.6548     8.6543   3.634925   3.636402     1.9755    -0.0689      26.86 4.9497e-02 0.0000e+00    80.4090    4.75341    34.4616    34.4777    26.7514    1485.62    1481.06 0.0000e+00
       2358     84.000     8.6219     8.6223   3.633717   3.635189     1.9664    -0.0689      63.75 4.9471e-02 0.0000e+00    80.4726    4.73935    34.4804    34.4956    26.7713    1485.53    1481.12 0.0000e+00
       2381     85.000     8.5974     8.5970   3.632701   3.634168     1.9580    -0.0743      64.67 4.9463e-02 0.0000e+00    80.4883    4.71707    34.4931    34.5090    26.7850    1485.48    1481.17 0.0000e+00
       2404     86.000     8.5750     8.5746   3.631873   3.633327     1.9497    -0.0643      77.43 4.9487e-02 0.0000e+00    80.5239    4.69293    34.5058    34.5216    26.7984    1485.42    1481.22 0.0000e+00
       2426     87.000     8.5561     8.5551   3.631347   3.632799     1.9416    -0.0665      74.20 4.9490e-02 0.0000e+00    80.4947    4.67195    34.5182    34.5346    26.8111    1485.39    1481.27 0.0000e+00
       2449     88.000     8.5341     8.5342   3.630576   3.632052     1.9340    -0.0589      55.43 4.9487e-02 0.0000e+00    80.4925    4.65537    34.5311    34.5466    26.8246    1485.34    1481.31 0.0000e+00
       2471     89.000     8.5021     8.5021   3.629514   3.630982     1.9270    -0.0664      76.02 4.9471e-02 0.0000e+00    80.5157    4.63773    34.5507    34.5663    26.8450    1485.26    1481.36 0.0000e+00
       2494     90.000     8.4845     8.4839   3.629078   3.630536     1.9197    -0.0598      93.99 4.9464e-02 0.0000e+00    80.5157    4.61878    34.5629    34.5789    26.8572    1485.22    1481.40 0.0000e+00
       2516     91.000     8.4678     8.4673   3.628545   3.630002     1.9133    -0.0638      57.02 4.9469e-02 0.0000e+00    80.6037    4.60881    34.5731    34.5890    26.8678    1485.19    1481.44 0.0000e+00
       2538     92.000     8.4475     8.4481   3.627918   3.629370     1.9077    -0.0650      95.69 4.9490e-02 0.0000e+00    80.6348    4.59893    34.5859    34.6007    26.8810    1485.15    1481.48 0.0000e+00
       2561     93.000     8.4277     8.4266   3.627360   3.628811     1.9023    -0.0699      87.35 4.9481e-02 0.0000e+00    80.6136    4.58904    34.5989    34.6154    26.8943    1485.10    1481.52 0.0000e+00
       2583     94.000     8.4088     8.4084   3.626844   3.628298     1.8976    -0.0684      98.73 4.9502e-02 0.0000e+00    80.5610    4.57556    34.6115    34.6274    26.9070    1485.07    1481.56 0.0000e+00
       2606     95.000     8.3972     8.3959   3.626543   3.627992     1.8922    -0.0638      98.80 4.9469e-02 0.0000e+00    80.3883    4.54871    34.6192    34.6359    26.9149    1485.05    1481.59 0.0000e+00
       2628     96.000     8.3857     8.3845   3.626204   3.627652     1.8858    -0.0585      50.44 4.9477e-02 0.0000e+00    80.2051    4.52350    34.6265    34.6430    26.9223    1485.03    1481.63 0.0000e+00
       2651     97.000     8.3755     8.3743   3.625923   3.627374     1.8791    -0.0648      64.07 4.9481e-02 0.0000e+00    80.1739    4.50214    34.6330    34.6496    26.9290    1485.02    1481.66 0.0000e+00
       2674     98.000     8.3686     8.3669   3.625771   3.627211     1.8729    -0.0654      31.40 4.9487e-02 0.0000e+00    80.2579    4.49885    34.6377    34.6547    26.9338    1485.01    1481.70 0.0000e+00
       2697     99.000     8.3559     8.3552   3.625450   3.626898     1.8687    -0.0667      93.40 4.9505e-02 0.0000e+00    80.3284    4.50248    34.6463    34.6624    26.9425    1484.99    1481.73 0.0000e+00
       2719    100.000     8.3440     8.3429   3.625149   3.626585     1.8655    -0.0666      57.29 4.9484e-02 0.0000e+00    80.4186    4.50346    34.6544    34.6707    26.9506    1484.98    1481.76 0.0000e+00
       2742    101.000     8.3350     8.3335   3.624988   3.626424     1.8631    -0.0659      53.40 4.9496e-02 0.0000e+00    80.5238    4.50605    34.6610    34.6778    26.9572    1484.97    1481.80 0.0000e+00
       2764    102.000     8.3279     8.3266   3.624941   3.626385     1.8614    -0.0664      69.32 4.9493e-02 0.0000e+00    80.5924    4.51060    34.6671    34.6837    26.9630    1484.96    1481.83 0.0000e+00
       2786    103.000     8.3210     8.3194   3.624790   3.626236     1.8611    -0.0669      98.38 4.9477e-02 0.0000e+00    80.6796    4.53015    34.6718    34.6887    26.9678    1484.96    1481.86 0.0000e+00
       2808    104.000     8.3128     8.3116   3.624627   3.626064     1.8622    -0.0624      95.68 4.9471e-02 0.0000e+00    80.7968    4.55130    34.6776    34.6941    26.9736    1484.95    1481.89 0.0000e+00
       2831    105.000     8.3028     8.3016   3.624399   3.625840     1.8649    -0.0655      34.07 4.9483e-02 0.0000e+00    80.8893    4.57455    34.6846    34.7011    26.9806    1484.94    1481.92 0.0000e+00
       2853    106.000     8.2934     8.2920   3.624187   3.625631     1.8685    -0.0647      90.95 4.9475e-02 0.0000e+00    80.9347    4.59049    34.6911    34.7079    26.9872    1484.93    1481.94 0.0000e+00
       2875    107.000     8.2877     8.2863   3.624031   3.625470     1.8713    -0.0673      47.63 4.9483e-02 0.0000e+00    81.0255    4.59352    34.6946    34.7113    26.9908    1484.93    1481.97 0.0000e+00
       2897    108.000     8.2811     8.2795   3.623727   3.625165     1.8739    -0.0669      89.92 4.9515e-02 0.0000e+00    81.0591    4.59944    34.6974    34.7143    26.9940    1484.92    1482.00 0.0000e+00
       2920    109.000     8.2757     8.2740   3.623643   3.625078     1.8759    -0.0608      57.69 4.9481e-02 0.0000e+00    81.0988    4.59581    34.7013    34.7183    26.9979    1484.93    1482.03 0.0000e+00
       2942    110.000     8.2731     8.2713   3.623652   3.625090     1.8766    -0.0676      97.99 4.9483e-02 0.0000e+00    81.0570    4.57908    34.7035    34.7206    27.0000    1484.93    1482.05 0.0000e+00
       2965    111.000     8.2707     8.2689   3.623622   3.625056     1.8751    -0.0633      34.47 4.9470e-02 0.0000e+00    81.0247    4.55971    34.7051    34.7222    27.0016    1484.94    1482.08 0.0000e+00
       2987    112.000     8.2643     8.2627   3.623438   3.624866     1.8731    -0.0678      99.34 4.9494e-02 0.0000e+00    81.0109    4.54794    34.7090    34.7258    27.0056    1484.94    1482.10 0.0000e+00
       3010    113.000     8.2593     8.2577   3.623296   3.624733     1.8707    -0.0673      57.18 4.9505e-02 0.0000e+00    80.9971    4.53972    34.7119    34.7288    27.0087    1484.94    1482.13 0.0000e+00
       3032    114.000     8.2544     8.2528   3.623189   3.624637     1.8682    -0.0678      98.75 4.9496e-02 0.0000e+00    80.9123    4.52870    34.7151    34.7322    27.0120    1484.94    1482.15 0.0000e+00
       3055    115.000     8.2514     8.2497   3.623139   3.624574     1.8651    -0.0629      67.98 4.9464e-02 0.0000e+00    80.7147    4.50398    34.7171    34.7341    27.0140    1484.95    1482.18 0.0000e+00
       3077    116.000     8.2439     8.2426   3.622946   3.624386     1.8600    -0.0637      98.23 4.9502e-02 0.0000e+00    80.4376    4.47599    34.7220    34.7386    27.0189    1484.95    1482.20 0.0000e+00
       3099    117.000     8.2373     8.2356   3.622802   3.624234     1.8551    -0.0641      83.81 4.9496e-02 0.0000e+00    80.3057    4.46008    34.7265    34.7434    27.0235    1484.94    1482.23 0.0000e+00
       3121    118.000     8.2356     8.2338   3.622915   3.624353     1.8498    -0.0655      45.12 4.9490e-02 0.0000e+00    80.1804    4.44883    34.7289    34.7460    27.0256    1484.96    1482.25 0.0000e+00
       3143    119.000     8.2308     8.2292   3.622851   3.624286     1.8457    -0.0600      87.91 4.9508e-02 0.0000e+00    80.1264    4.44694    34.7324    34.7493    27.0292    1484.96    1482.27 0.0000e+00
       3166    120.000     8.2232     8.2216   3.622583   3.624011     1.8424    -0.0609      62.51 4.9470e-02 0.0000e+00    80.1557    4.45912    34.7366    34.7534    27.0336    1484.95    1482.29 0.0000e+00
       3188    121.000     8.2178     8.2160   3.622428   3.623852     1.8422    -0.0804      86.86 4.9493e-02 0.0000e+00    80.3488    4.49410    34.7398    34.7568    27.0369    1484.95    1482.32 0.0000e+00
       3210    122.000     8.2138     8.2120   3.622418   3.623844     1.8445    -0.0764      50.55 4.9471e-02 0.0000e+00    80.5027    4.51028    34.7432    34.7602    27.0402    1484.96    1482.34 0.0000e+00
       3232    123.000     8.2112     8.2096   3.622382   3.623821     1.8456    -0.0617      53.16 4.9490e-02 0.0000e+00    80.5912    4.50124    34.7449    34.7618    27.0419    1484.97    1482.36 0.0000e+00
       3255    124.000     8.2086     8.2069   3.622317   3.623748     1.8459    -0.0607      78.85 4.9493e-02 0.0000e+00    80.6473    4.49754    34.7463    34.7633    27.0434    1484.98    1482.38 0.0000e+00
       3277    125.000     8.2056     8.2041   3.622351   3.623782     1.8461    -0.0641      87.73 4.9508e-02 0.0000e+00    80.6787    4.49848    34.7491    34.7659    27.0461    1484.98    1482.40 0.0000e+00
       3300    126.000     8.1974     8.1960   3.622043   3.623474     1.8461    -0.0715      86.25 4.9483e-02 0.0000e+00    80.6993    4.49980    34.7535    34.7702    27.0508    1484.98    1482.42 0.0000e+00
       3322    127.000     8.1928     8.1911   3.621884   3.623315     1.8462    -0.0699      77.76 4.9487e-02 0.0000e+00    80.7368    4.50004    34.7559    34.7728    27.0533    1484.98    1482.44 0.0000e+00
       3344    128.000     8.1860     8.1847   3.621699   3.623137     1.8463    -0.0693      50.87 4.9496e-02 0.0000e+00    80.7846    4.50169    34.7601    34.7768    27.0577    1484.97    1482.46 0.0000e+00
       3366    129.000     8.1754     8.1742   3.621360   3.622799     1.8462    -0.0715      93.60 4.9496e-02 0.0000e+00    80.7100    4.49638    34.7665    34.7831    27.0643    1484.96    1482.48 0.0000e+00
       3388    130.000     8.1723     8.1707   3.621294   3.622724     1.8452    -0.0655      58.47 4.9483e-02 0.0000e+00    80.5727    4.48572    34.7684    34.7853    27.0663    1484.97    1482.50 0.0000e+00
       3410    131.000     8.1654     8.1640   3.621152   3.622586     1.8438    -0.0741      97.59 4.9489e-02 0.0000e+00    80.4753    4.47749    34.7732    34.7900    27.0711    1484.96    1482.52 0.0000e+00
       3432    132.000     8.1627     8.1609   3.621092   3.622519     1.8419    -0.0742      82.74 4.9472e-02 0.0000e+00    80.3397    4.46569    34.7748    34.7918    27.0728    1484.97    1482.54 0.0000e+00
       3454    133.000     8.1601     8.1584   3.621051   3.622485     1.8397    -0.0728      19.43 4.9496e-02 0.0000e+00    80.2611    4.46234    34.7764    34.7935    27.0745    1484.98    1482.55 0.0000e+00
       3475    134.000     8.1560     8.1545   3.621001   3.622431     1.8383    -0.0653      68.24 4.9483e-02 0.0000e+00    80.2998    4.46390    34.7795    34.7963    27.0775    1484.98    1482.57 0.0000e+00
       3497    135.000     8.1478     8.1463   3.620768   3.622190     1.8369    -0.0733      41.10 4.9505e-02 0.0000e+00    80.3647    4.46621    34.7846    34.8013    27.0828    1484.98    1482.59 0.0000e+00
       3519    136.000     8.1407     8.1393   3.620554   3.621980     1.8363    -0.0737      40.19 4.9496e-02 0.0000e+00    80.3501    4.47231    34.7889    34.8056    27.0872    1484.97    1482.61 0.0000e+00
       3540    137.000     8.1354     8.1337   3.620397   3.621822     1.8363    -0.0628      27.71 4.9477e-02 0.0000e+00    80.4264    4.48146    34.7920    34.8089    27.0904    1484.97    1482.62 0.0000e+00
       3562    138.000     8.1328     8.1309   3.620341   3.621772     1.8369    -0.0686      26.77 4.9505e-02 0.0000e+00    80.4863    4.48811    34.7935    34.8107    27.0920    1484.98    1482.64 0.0000e+00
       3583    139.000     8.1259     8.1240   3.620113   3.621530     1.8374    -0.0741      37.36 4.9471e-02 0.0000e+00    80.4803    4.48846    34.7974    34.8145    27.0961    1484.98    1482.66 0.0000e+00
       3605    140.000     8.1224     8.1207   3.620002   3.621435     1.8380    -0.0684      36.71 4.9489e-02 0.0000e+00    80.4808    4.49134    34.7992    34.8162    27.0980    1484.98    1482.68 0.0000e+00
       3627    141.000     8.1174     8.1158   3.619850   3.621284     1.8382    -0.0660      35.36 4.9485e-02 0.0000e+00    80.4713    4.48855    34.8021    34.8190    27.1010    1484.98    1482.69 0.0000e+00
       3649    142.000     8.1144     8.1126   3.619774   3.621214     1.8379    -0.0627      34.34 4.9483e-02 0.0000e+00    80.4039    4.48231    34.8038    34.8210    27.1028    1484.99    1482.71 0.0000e+00
       3670    143.000     8.1121     8.1105   3.619767   3.621196     1.8373    -0.0600      33.29 4.9502e-02 0.0000e+00    80.2934    4.47599    34.8055    34.8224    27.1045    1485.00    1482.72 0.0000e+00
       3692    144.000     8.1110     8.1092   3.619780   3.621220     1.8363    -0.0650      32.32 4.9483e-02 0.0000e+00    80.2184    4.47173    34.8062    34.8234    27.1053    1485.01    1482.74 0.0000e+00
       3714    145.000     8.1098     8.1081   3.619791   3.621215     1.8352    -0.0606      31.40 4.9485e-02 0.0000e+00    80.1550    4.46841    34.8071    34.8240    27.1061    1485.03    1482.76 0.0000e+00
       3736    146.000     8.1086     8.1070   3.619804   3.621236     1.8343    -0.0638      30.43 4.9477e-02 0.0000e+00    80.1995    4.47187    34.8079    34.8248    27.1069    1485.04    1482.77 0.0000e+00
       3757    147.000     8.1081     8.1064   3.619835   3.621272     1.8342    -0.0700      29.40 4.9471e-02 0.0000e+00    80.1873    4.48013    34.8082    34.8253    27.1073    1485.05    1482.79 0.0000e+00
       3779    148.000     8.1065     8.1050   3.619837   3.621278     1.8344    -0.0692      28.34 4.9485e-02 0.0000e+00    80.2674    4.48155    34.8094    34.8263    27.1084    1485.06    1482.80 0.0000e+00
       3800    149.000     8.1048     8.1032   3.619811   3.621255     1.8346    -0.0652      27.49 4.9477e-02 0.0000e+00    80.3084    4.48543    34.8103    34.8273    27.1094    1485.08    1482.82 0.0000e+00
       3822    150.000     8.1018     8.1003   3.619710   3.621141     1.8349    -0.0689      26.53 4.9492e-02 0.0000e+00    80.3445    4.48631    34.8117    34.8285    27.1110    1485.08    1482.83 0.0000e+00
       3843    151.000     8.0986     8.0968   3.619627   3.621064     1.8352    -0.0703      25.57 4.9465e-02 0.0000e+00    80.4224    4.48822    34.8135    34.8307    27.1129    1485.09    1482.85 0.0000e+00
       3865    152.000     8.0946     8.0931   3.619531   3.620957     1.8352    -0.0645      24.37 4.9496e-02 0.0000e+00    80.3448    4.48654    34.8160    34.8327    27.1154    1485.09    1482.86 0.0000e+00
       3887    153.000     8.0915     8.0897   3.619449   3.620879     1.8351    -0.0661      23.17 4.9477e-02 0.0000e+00    80.2605    4.48056    34.8177    34.8348    27.1172    1485.10    1482.88 0.0000e+00
