_data/ctd/2022603/sta0185.cnv
* Sea-Bird SBE 9 Data File:
* FileName = C:\Seabird\CTDData\2022603\sta0185.hex
* Software Version Seasave V 7.21f
* Temperature SN = 6264
* Conductivity SN = 4928
* Number of Bytes Per Scan = 40
* Number of Voltage Words = 5
* Number of Scans Averaged by the Deck Unit = 1
* NMEA Latitude = 61 12.19 N
* NMEA Longitude = 007 05.03 E
* NMEA UTC (Time) = Feb 14 2022 10:30:45
* NMEA baud rate = 4800
** Ship: R/V "Kristine Bonnevie"
** Station: 0185
** Echodepth: 260
** Log: 0722.513
** Wind-Dir/Force: 04 04
** Air-temp (dry): 2.7
** Weather Sky:
** Sea:
# nquan = 19                                
# nvalues = 248                         
# units = specified
# name 0 = scan: Scan Count
# name 1 = prDM: Pressure, Digiquartz [db]
# name 2 = t068C: Temperature [ITS-68, deg C]
# name 3 = t168C: Temperature, 2 [ITS-68, deg C]
# name 4 = c0S/m: Conductivity [S/m]
# name 5 = c1S/m: Conductivity, 2 [S/m]
# name 6 = sbeox0V: Oxygen raw, SBE 43 [V]
# name 7 = flECO-AFL: Fluorescence, WET Labs ECO-AFL/FL [mg/m^3]
# name 8 = altM: Altimeter [m]
# name 9 = par: PAR/Irradiance, Biospherical/Licor
# name 10 = spar: SPAR/Surface Irradiance
# name 11 = CStarTr0: Beam Transmission, WET Labs C-Star [%]
# name 12 = sbeox0ML/L: Oxygen, SBE 43 [ml/l], WS = 2
# name 13 = sal00: Salinity, Practical [PSU]
# name 14 = sal11: Salinity, Practical, 2 [PSU]
# name 15 = sigma-t00: Density [sigma-t, Kg/m^3 ]
# name 16 = svCM: Sound Velocity [Chen-Millero, m/s]
# name 17 = avgsvCM: Average Sound Velocity [Chen-Millero, m/s], minP = 1, minS = 5
# name 18 = flag: flag
# span 0 =        295,       5667       
# span 1 =      2.000,    249.000       
# span 2 =     4.3110,    10.1681       
# span 3 =     4.3119,    10.1671       
# span 4 =   2.598074,   3.654603       
# span 5 =   2.597518,   3.656248       
# span 6 =     1.3523,     2.4829       
# span 7 =    -0.0558,     0.9250       
# span 8 =      11.70,     100.27       
# span 9 = 4.9451e-02, 7.0439e+01       
# span 10 = 1.6589e+02, 1.7789e+02      
# span 11 =    74.7514,    80.9058      
# span 12 =    2.85407,    7.40484      
# span 13 =    26.7843,    34.1566      
# span 14 =    26.7830,    34.1729      
# span 15 =    21.2050,    26.5518      
# span 16 =    1458.15,    1488.96      
# span 17 =    1458.48,    1484.03      
# span 18 = 0.0000e+00, 0.0000e+00      
# interval = decibars: 1                
# start_time = Feb 14 2022 10:30:47 [System UTC, header]
# bad_flag = -9.990e-29
*END*
[from data line 229]
       5241    231.000     8.3979     8.3963   3.588746   3.590133     1.3838    -0.0384      30.17 4.9508e-02 1.7763e+02    79.3753    2.98278    34.1532    34.1694    26.5491    1486.71    1483.80 0.0000e+00
       5263    232.000     8.3980     8.3963   3.588797   3.590190     1.3827    -0.0135      29.17 4.9518e-02 1.7691e+02    79.3907    2.97626    34.1531    34.1695    26.5491    1486.73    1483.82 0.0000e+00
       5284    233.000     8.3981     8.3964   3.588859   3.590251     1.3813    -0.0156      28.33 4.9505e-02 1.7789e+02    79.3547    2.97457    34.1532    34.1696    26.5492    1486.75    1483.83 0.0000e+00
       5306    234.000     8.3981     8.3963   3.588940   3.590325     1.3804    -0.0193      27.34 4.9496e-02 1.7788e+02    79.3997    2.97575    34.1536    34.1700    26.5495    1486.76    1483.84 0.0000e+00
       5327    235.000     8.3979     8.3962   3.589015   3.590409     1.3796    -0.0261      26.28 4.9531e-02 1.7788e+02    79.3800    2.96988    34.1541    34.1705    26.5499    1486.78    1483.85 0.0000e+00
       5348    236.000     8.3980     8.3963   3.589070   3.590465     1.3785    -0.0363      24.70 4.9484e-02 1.7788e+02    79.3424    2.96464    34.1542    34.1706    26.5499    1486.80    1483.87 0.0000e+00
       5370    237.000     8.3981     8.3964   3.589127   3.590518     1.3769    -0.0182      23.85 4.9492e-02 1.7788e+02    79.2941    2.95711    34.1542    34.1706    26.5499    1486.81    1483.88 0.0000e+00
       5391    238.000     8.3982     8.3966   3.589192   3.590579     1.3756    -0.0147      22.85 4.9505e-02 1.7788e+02    79.2875    2.95369    34.1543    34.1706    26.5500    1486.83    1483.89 0.0000e+00
       5412    239.000     8.3983     8.3966   3.589258   3.590650     1.3741    -0.0401      21.57 4.9499e-02 1.7788e+02    79.2196    2.94850    34.1544    34.1708    26.5501    1486.85    1483.90 0.0000e+00
       5433    240.000     8.3983     8.3967   3.589327   3.590716     1.3728    -0.0305      20.93 4.9515e-02 1.7788e+02    79.2354    2.94775    34.1547    34.1710    26.5503    1486.86    1483.92 0.0000e+00
       5455    241.000     8.3982     8.3966   3.589405   3.590792     1.3719    -0.0125      20.10 4.9518e-02 1.7788e+02    79.2500    2.94868    34.1552    34.1714    26.5507    1486.88    1483.93 0.0000e+00
       5476    242.000     8.3983     8.3966   3.589471   3.590859     1.3709    -0.0123      19.06 4.9486e-02 1.7788e+02    79.2398    2.94172    34.1553    34.1716    26.5508    1486.90    1483.94 0.0000e+00
       5497    243.000     8.3982     8.3966   3.589536   3.590933     1.3696    -0.0374      17.55 4.9505e-02 1.7788e+02    79.2188    2.93555    34.1556    34.1720    26.5510    1486.91    1483.95 0.0000e+00
       5519    244.000     8.3981     8.3965   3.589601   3.590994     1.3680    -0.0174      16.69 4.9487e-02 1.7788e+02    79.1405    2.92541    34.1559    34.1722    26.5513    1486.93    1483.97 0.0000e+00
       5542    245.000     8.3983     8.3968   3.589644   3.591026     1.3658    -0.0080      15.88 4.9499e-02 1.7788e+02    79.0567    2.91097    34.1557    34.1718    26.5511    1486.95    1483.98 0.0000e+00
       5566    246.000     8.3981     8.3965   3.589715   3.591108     1.3629    -0.0002      14.93 4.9503e-02 1.7788e+02    78.9065    2.90021    34.1562    34.1725    26.5515    1486.96    1483.99 0.0000e+00
       5594    247.000     8.3980     8.3965   3.589785   3.591178     1.3599    -0.0181      13.98 4.9508e-02 1.7788e+02    78.7108    2.89836    34.1566    34.1728    26.5518    1486.98    1484.00 0.0000e+00
       5628    248.000     8.3982     8.3966   3.589831   3.591231     1.3571    -0.0080      12.83 4.9521e-02 1.7788e+02    78.2979    2.88196    34.1564    34.1728    26.5516    1487.00    1484.01 0.0000e+00
       5667    249.000     8.3980     8.3963   3.589866   3.591255     1.3523     0.0176      11.70 4.9451e-02 1.7788e+02    76.7260    2.85407    34.1565    34.1729    26.5518    1487.01    1484.03 0.0000e+00
