_data/ctd/2022603/sta0202.cnv
* Sea-Bird SBE 9 Data File:
* FileName = C:\Seabird\CTDData\sta0202.hex
* Software Version Seasave V 7.21f
* Temperature SN = 6264
* Conductivity SN = 4928
* Number of Bytes Per Scan = 40
* Number of Voltage Words = 5
* Number of Scans Averaged by the Deck Unit = 1
* NMEA Latitude = 61 08.66 N
* NMEA Longitude = 005 55.16 E
* NMEA UTC (Time) = Feb 15 2022 05:48:56
* NMEA baud rate = 4800
** Ship: R/V "Kristine Bonnevie"
** Station: 0202
** Echodepth: 1265
** Log: 0813.505
** Wind-Dir/Force: 10 21
** Air-temp (dry): 3.8
** Weather Sky:
** Sea:
** S08
# nquan = 19                                
# nvalues = 1272                        
# units = specified
# name 0 = scan: Scan Count
# name 1 = prDM: Pressure, Digiquartz [db]
# name 2 = t068C: Temperature [ITS-68, deg C]
# name 3 = t168C: Temperature, 2 [ITS-68, deg C]
# name 4 = c0S/m: Conductivity [S/m]
# name 5 = c1S/m: Conductivity, 2 [S/m]
# name 6 = sbeox0V: Oxygen raw, SBE 43 [V]
# name 7 = flECO-AFL: Fluorescence, WET Labs ECO-AFL/FL [mg/m^3]
# name 8 = altM: Altimeter [m]
# name 9 = par: PAR/Irradiance, Biospherical/Licor
# name 10 = spar: SPAR/Surface Irradiance
# name 11 = CStarTr0: Beam Transmission, WET Labs C-Star [%]
# name 12 = sbeox0ML/L: Oxygen, SBE 43 [ml/l], WS = 2
# name 13 = sal00: Salinity, Practical [PSU]
# name 14 = sal11: Salinity, Practical, 2 [PSU]
# name 15 = sigma-t00: Density [sigma-t, Kg/m^3 ]
# name 16 = svCM: Sound Velocity [Chen-Millero, m/s]
# name 17 = avgsvCM: Average Sound Velocity [Chen-Millero, m/s], minP = 1, minS = 5
# name 18 = flag: flag
# span 0 =        433,      27766       
# span 1 =      2.000,   1273.000       
# span 2 =     5.5019,     9.7333       
# span 3 =     5.4991,     9.7283       
# span 4 =   2.978334,   3.700339       
# span 5 =   2.978861,   3.701934       
# span 6 =     1.5312,     2.4478       
# span 7 =    -0.1019,     0.6883       
# span 8 =       6.99,     100.07       
# span 9 = 4.9446e-02, 6.5600e-01       
# span 10 = 0.0000e+00, 0.0000e+00      
# span 11 =    63.0340,    81.9323      
# span 12 =    4.03966,    7.03850      
# span 13 =    30.3129,    35.0247      
# span 14 =    30.3225,    35.0407      
# span 15 =    23.9073,    27.3647      
# span 16 =    1466.85,    1501.76      
# span 17 =    1466.85,    1491.61      
# span 18 = 0.0000e+00, 0.0000e+00      
# interval = decibars: 1                
# start_time = Feb 15 2022 05:48:58 [System UTC, header]
# bad_flag = -9.990e-29
*END*
[from data line 915]
      20235    917.000     7.5035     7.5023   3.617657   3.619040     1.6268    -0.0714      97.78 4.9522e-02 0.0000e+00    81.7506    4.23011    35.0219    35.0380    27.3647    1495.73    1488.86 0.0000e+00
      20256    918.000     7.5036     7.5024   3.617704   3.619095     1.6266    -0.0691      38.87 4.9501e-02 0.0000e+00    81.7599    4.22911    35.0218    35.0380    27.3646    1495.75    1488.87 0.0000e+00
      20276    919.000     7.5038     7.5025   3.617755   3.619144     1.6264    -0.0772      99.26 4.9519e-02 0.0000e+00    81.7567    4.23238    35.0217    35.0380    27.3645    1495.76    1488.88 0.0000e+00
      20297    920.000     7.5038     7.5026   3.617807   3.619191     1.6264    -0.0732      45.27 4.9501e-02 0.0000e+00    81.7732    4.22683    35.0218    35.0379    27.3646    1495.78    1488.88 0.0000e+00
      20317    921.000     7.5039     7.5027   3.617859   3.619241     1.6258    -0.0692      98.44 4.9512e-02 0.0000e+00    81.7752    4.22859    35.0218    35.0379    27.3646    1495.80    1488.89 0.0000e+00
      20338    922.000     7.5040     7.5027   3.617909   3.619294     1.6258    -0.0712      69.57 4.9505e-02 0.0000e+00    81.7569    4.23028    35.0218    35.0380    27.3645    1495.81    1488.90 0.0000e+00
      20359    923.000     7.5040     7.5027   3.617957   3.619345     1.6256    -0.0654      43.86 4.9487e-02 0.0000e+00    81.7566    4.22844    35.0218    35.0381    27.3646    1495.83    1488.91 0.0000e+00
      20379    924.000     7.5041     7.5028   3.618004   3.619399     1.6253    -0.0757      83.18 4.9492e-02 0.0000e+00    81.7642    4.23106    35.0218    35.0381    27.3645    1495.85    1488.91 0.0000e+00
      20399    925.000     7.5042     7.5030   3.618064   3.619452     1.6254    -0.0712      47.00 4.9481e-02 0.0000e+00    81.7743    4.23299    35.0219    35.0380    27.3646    1495.86    1488.92 0.0000e+00
      20420    926.000     7.5043     7.5031   3.618117   3.619503     1.6254    -0.0751      96.87 4.9502e-02 0.0000e+00    81.7721    4.23246    35.0219    35.0380    27.3646    1495.88    1488.93 0.0000e+00
      20440    927.000     7.5044     7.5031   3.618173   3.619554     1.6253    -0.0717      34.90 4.9465e-02 0.0000e+00    81.7682    4.23191    35.0219    35.0381    27.3646    1495.90    1488.94 0.0000e+00
      20461    928.000     7.5045     7.5032   3.618222   3.619609     1.6251    -0.0674      99.27 4.9502e-02 0.0000e+00    81.7657    4.22900    35.0219    35.0381    27.3645    1495.91    1488.94 0.0000e+00
      20481    929.000     7.5046     7.5033   3.618281   3.619663     1.6250    -0.0734      35.02 4.9478e-02 0.0000e+00    81.7404    4.23006    35.0219    35.0382    27.3646    1495.93    1488.95 0.0000e+00
      20502    930.000     7.5047     7.5034   3.618332   3.619711     1.6247    -0.0702      98.46 4.9512e-02 0.0000e+00    81.7578    4.22881    35.0219    35.0381    27.3646    1495.95    1488.96 0.0000e+00
      20522    931.000     7.5048     7.5035   3.618386   3.619771     1.6245    -0.0716      34.71 4.9488e-02 0.0000e+00    81.7589    4.22991    35.0219    35.0382    27.3646    1495.97    1488.97 0.0000e+00
      20543    932.000     7.5049     7.5036   3.618434   3.619821     1.6242    -0.0700      98.50 4.9509e-02 0.0000e+00    81.7489    4.22633    35.0219    35.0382    27.3645    1495.98    1488.97 0.0000e+00
      20563    933.000     7.5049     7.5037   3.618486   3.619875     1.6241    -0.0696      54.51 4.9466e-02 0.0000e+00    81.7495    4.22666    35.0220    35.0382    27.3646    1496.00    1488.98 0.0000e+00
      20582    934.000     7.5050     7.5037   3.618536   3.619923     1.6236    -0.0722      88.15 4.9495e-02 0.0000e+00    81.7259    4.22739    35.0220    35.0382    27.3646    1496.02    1488.99 0.0000e+00
      20602    935.000     7.5051     7.5038   3.618589   3.619973     1.6234    -0.0714      91.34 4.9495e-02 0.0000e+00    81.7467    4.22346    35.0220    35.0382    27.3645    1496.03    1489.00 0.0000e+00
      20623    936.000     7.5052     7.5039   3.618637   3.620019     1.6230    -0.0666      22.66 4.9467e-02 0.0000e+00    81.7368    4.22524    35.0219    35.0381    27.3645    1496.05    1489.00 0.0000e+00
      20643    937.000     7.5053     7.5040   3.618690   3.620069     1.6228    -0.0698      99.68 4.9506e-02 0.0000e+00    81.7464    4.22513    35.0219    35.0381    27.3645    1496.07    1489.01 0.0000e+00
      20664    938.000     7.5054     7.5041   3.618744   3.620130     1.6224    -0.0664      27.33 4.9505e-02 0.0000e+00    81.7454    4.22576    35.0219    35.0382    27.3645    1496.08    1489.02 0.0000e+00
      20685    939.000     7.5054     7.5041   3.618793   3.620174     1.6224    -0.0689      98.90 4.9518e-02 0.0000e+00    81.7377    4.22766    35.0220    35.0382    27.3645    1496.10    1489.03 0.0000e+00
      20705    940.000     7.5054     7.5041   3.618830   3.620217     1.6223    -0.0684      58.84 4.9495e-02 0.0000e+00    81.7392    4.22530    35.0219    35.0382    27.3645    1496.12    1489.03 0.0000e+00
      20725    941.000     7.5055     7.5042   3.618890   3.620273     1.6221    -0.0677      98.30 4.9501e-02 0.0000e+00    81.7315    4.22706    35.0220    35.0383    27.3645    1496.13    1489.04 0.0000e+00
      20745    942.000     7.5055     7.5042   3.618932   3.620324     1.6219    -0.0719      64.41 4.9495e-02 0.0000e+00    81.7460    4.22621    35.0220    35.0383    27.3645    1496.15    1489.05 0.0000e+00
      20766    943.000     7.5055     7.5043   3.618977   3.620363     1.6219    -0.0679      92.69 4.9505e-02 0.0000e+00    81.7586    4.22620    35.0220    35.0382    27.3645    1496.17    1489.06 0.0000e+00
      20787    944.000     7.5056     7.5043   3.619024   3.620406     1.6215    -0.0674      98.03 4.9525e-02 0.0000e+00    81.7412    4.22516    35.0220    35.0382    27.3645    1496.18    1489.06 0.0000e+00
      20808    945.000     7.5054     7.5042   3.619061   3.620457     1.6215    -0.0674      98.78 4.9512e-02 0.0000e+00    81.7448    4.22264    35.0221    35.0384    27.3646    1496.20    1489.07 0.0000e+00
      20829    946.000     7.5056     7.5044   3.619129   3.620513     1.6209    -0.0670      94.33 4.9486e-02 0.0000e+00    81.7520    4.22413    35.0222    35.0383    27.3646    1496.22    1489.08 0.0000e+00
      20849    947.000     7.5058     7.5045   3.619182   3.620568     1.6210    -0.0703      43.10 4.9508e-02 0.0000e+00    81.7588    4.22645    35.0221    35.0384    27.3645    1496.23    1489.09 0.0000e+00
      20869    948.000     7.5058     7.5046   3.619220   3.620615     1.6208    -0.0647      80.56 4.9488e-02 0.0000e+00    81.7403    4.22425    35.0220    35.0383    27.3645    1496.25    1489.09 0.0000e+00
      20890    949.000     7.5058     7.5046   3.619287   3.620659     1.6206    -0.0664      56.95 4.9485e-02 0.0000e+00    81.7170    4.22231    35.0223    35.0383    27.3647    1496.27    1489.10 0.0000e+00
      20911    950.000     7.5059     7.5047   3.619330   3.620714     1.6201    -0.0670      73.90 4.9519e-02 0.0000e+00    81.7593    4.21824    35.0222    35.0383    27.3646    1496.28    1489.11 0.0000e+00
      20933    951.000     7.5061     7.5049   3.619381   3.620770     1.6196    -0.0711      62.10 4.9489e-02 0.0000e+00    81.7339    4.22172    35.0221    35.0383    27.3645    1496.30    1489.12 0.0000e+00
      20954    952.000     7.5062     7.5049   3.619436   3.620828     1.6196    -0.0678      74.46 4.9485e-02 0.0000e+00    81.7430    4.22458    35.0221    35.0384    27.3645    1496.32    1489.12 0.0000e+00
      20975    953.000     7.5063     7.5051   3.619494   3.620878     1.6195    -0.0741      60.74 4.9499e-02 0.0000e+00    81.7247    4.21786    35.0222    35.0383    27.3645    1496.34    1489.13 0.0000e+00
      20996    954.000     7.5064     7.5051   3.619540   3.620917     1.6189    -0.0654      65.78 4.9509e-02 0.0000e+00    81.7371    4.21917    35.0221    35.0383    27.3645    1496.35    1489.14 0.0000e+00
      21016    955.000     7.5065     7.5052   3.619599   3.620984     1.6189    -0.0629      81.52 4.9516e-02 0.0000e+00    81.7431    4.22310    35.0222    35.0384    27.3645    1496.37    1489.15 0.0000e+00
      21036    956.000     7.5065     7.5053   3.619635   3.621028     1.6187    -0.0680      63.28 4.9515e-02 0.0000e+00    81.7378    4.22033    35.0221    35.0383    27.3644    1496.39    1489.15 0.0000e+00
      21056    957.000     7.5066     7.5054   3.619688   3.621080     1.6183    -0.0675      98.58 4.9485e-02 0.0000e+00    81.7390    4.22006    35.0221    35.0383    27.3644    1496.40    1489.16 0.0000e+00
      21077    958.000     7.5067     7.5054   3.619743   3.621126     1.6184    -0.0689      33.62 4.9492e-02 0.0000e+00    81.7294    4.22301    35.0221    35.0384    27.3644    1496.42    1489.17 0.0000e+00
      21098    959.000     7.5068     7.5055   3.619801   3.621182     1.6183    -0.0665      90.25 4.9496e-02 0.0000e+00    81.7619    4.22061    35.0222    35.0384    27.3645    1496.44    1489.18 0.0000e+00
      21120    960.000     7.5069     7.5057   3.619846   3.621229     1.6179    -0.0635      38.70 4.9485e-02 0.0000e+00    81.7541    4.21466    35.0221    35.0383    27.3644    1496.45    1489.18 0.0000e+00
      21141    961.000     7.5070     7.5058   3.619905   3.621283     1.6173    -0.0665      91.21 4.9495e-02 0.0000e+00    81.7542    4.21701    35.0222    35.0383    27.3645    1496.47    1489.19 0.0000e+00
      21161    962.000     7.5070     7.5058   3.619951   3.621331     1.6173    -0.0689      55.45 4.9479e-02 0.0000e+00    81.7469    4.22192    35.0222    35.0383    27.3645    1496.49    1489.20 0.0000e+00
      21182    963.000     7.5070     7.5058   3.619984   3.621382     1.6171    -0.0726      83.54 4.9516e-02 0.0000e+00    81.7498    4.21876    35.0221    35.0384    27.3644    1496.50    1489.21 0.0000e+00
      21202    964.000     7.5070     7.5058   3.620046   3.621421     1.6171    -0.0683      58.55 4.9496e-02 0.0000e+00    81.7565    4.22342    35.0223    35.0384    27.3646    1496.52    1489.21 0.0000e+00
      21224    965.000     7.5070     7.5058   3.620078   3.621465     1.6172    -0.0696      79.26 4.9490e-02 0.0000e+00    81.7403    4.22081    35.0222    35.0384    27.3645    1496.54    1489.22 0.0000e+00
      21247    966.000     7.5070     7.5059   3.620135   3.621518     1.6166    -0.0669      55.94 4.9490e-02 0.0000e+00    81.7555    4.21741    35.0224    35.0384    27.3646    1496.55    1489.23 0.0000e+00
      21269    967.000     7.5071     7.5059   3.620186   3.621565     1.6168    -0.0641      82.82 4.9515e-02 0.0000e+00    81.7671    4.22346    35.0224    35.0384    27.3646    1496.57    1489.24 0.0000e+00
      21290    968.000     7.5070     7.5058   3.620223   3.621610     1.6166    -0.0649      54.66 4.9492e-02 0.0000e+00    81.7545    4.21431    35.0224    35.0386    27.3646    1496.59    1489.24 0.0000e+00
      21310    969.000     7.5070     7.5058   3.620264   3.621654     1.6160    -0.0630      79.54 4.9495e-02 0.0000e+00    81.7537    4.21471    35.0224    35.0386    27.3646    1496.60    1489.25 0.0000e+00
      21330    970.000     7.5069     7.5057   3.620307   3.621684     1.6156    -0.0703      98.34 4.9498e-02 0.0000e+00    81.7539    4.21219    35.0225    35.0385    27.3647    1496.62    1489.26 0.0000e+00
      21350    971.000     7.5068     7.5056   3.620339   3.621719     1.6152    -0.0689      29.19 4.9485e-02 0.0000e+00    81.7540    4.20922    35.0225    35.0385    27.3647    1496.64    1489.27 0.0000e+00
      21371    972.000     7.5068     7.5055   3.620371   3.621760     1.6145    -0.0770      97.96 4.9485e-02 0.0000e+00    81.7577    4.21070    35.0223    35.0386    27.3646    1496.65    1489.27 0.0000e+00
      21392    973.000     7.5069     7.5057   3.620424   3.621812     1.6143    -0.0622      37.46 4.9502e-02 0.0000e+00    81.7687    4.21037    35.0223    35.0385    27.3646    1496.67    1489.28 0.0000e+00
      21414    974.000     7.5070     7.5058   3.620487   3.621876     1.6139    -0.0698      98.44 4.9518e-02 0.0000e+00    81.7529    4.20818    35.0225    35.0386    27.3647    1496.69    1489.29 0.0000e+00
      21435    975.000     7.5071     7.5059   3.620522   3.621920     1.6133    -0.0591      33.99 4.9525e-02 0.0000e+00    81.7617    4.20804    35.0223    35.0386    27.3645    1496.70    1489.30 0.0000e+00
      21455    976.000     7.5068     7.5056   3.620549   3.621937     1.6132    -0.0665      98.93 4.9522e-02 0.0000e+00    81.7620    4.20560    35.0224    35.0386    27.3646    1496.72    1489.30 0.0000e+00
      21476    977.000     7.5066     7.5054   3.620573   3.621958     1.6125    -0.0746      44.90 4.9459e-02 0.0000e+00    81.7647    4.20722    35.0224    35.0385    27.3647    1496.73    1489.31 0.0000e+00
      21496    978.000     7.5066     7.5053   3.620617   3.621988     1.6125    -0.0651      93.79 4.9515e-02 0.0000e+00    81.7670    4.21140    35.0224    35.0385    27.3647    1496.75    1489.32 0.0000e+00
      21518    979.000     7.5066     7.5054   3.620661   3.622050     1.6123    -0.0610      98.02 4.9512e-02 0.0000e+00    81.7699    4.20586    35.0224    35.0386    27.3647    1496.77    1489.33 0.0000e+00
      21541    980.000     7.5067     7.5055   3.620713   3.622089     1.6116    -0.0689      97.58 4.9494e-02 0.0000e+00    81.7786    4.19918    35.0224    35.0385    27.3647    1496.79    1489.33 0.0000e+00
      21564    981.000     7.5067     7.5055   3.620750   3.622142     1.6110    -0.0684      92.87 4.9477e-02 0.0000e+00    81.7843    4.19984    35.0224    35.0386    27.3646    1496.80    1489.34 0.0000e+00
      21586    982.000     7.5068     7.5057   3.620813   3.622192     1.6104    -0.0646      96.65 4.9477e-02 0.0000e+00    81.8086    4.19833    35.0225    35.0384    27.3647    1496.82    1489.35 0.0000e+00
      21607    983.000     7.5069     7.5057   3.620859   3.622247     1.6100    -0.0715      91.79 4.9490e-02 0.0000e+00    81.7928    4.19981    35.0224    35.0386    27.3646    1496.84    1489.36 0.0000e+00
      21628    984.000     7.5070     7.5058   3.620913   3.622308     1.6096    -0.0675      97.83 4.9495e-02 0.0000e+00    81.7987    4.19328    35.0224    35.0387    27.3646    1496.85    1489.37 0.0000e+00
      21649    985.000     7.5071     7.5059   3.620963   3.622351     1.6088    -0.0660      93.63 4.9502e-02 0.0000e+00    81.7816    4.19625    35.0224    35.0386    27.3646    1496.87    1489.37 0.0000e+00
      21669    986.000     7.5072     7.5060   3.621015   3.622400     1.6087    -0.0709      24.03 4.9465e-02 0.0000e+00    81.7797    4.19803    35.0224    35.0385    27.3646    1496.89    1489.38 0.0000e+00
      21690    987.000     7.5072     7.5061   3.621058   3.622445     1.6082    -0.0742      92.25 4.9478e-02 0.0000e+00    81.7624    4.19219    35.0224    35.0385    27.3646    1496.90    1489.39 0.0000e+00
      21711    988.000     7.5072     7.5060   3.621110   3.622493     1.6077    -0.0751      34.68 4.9459e-02 0.0000e+00    81.7836    4.19431    35.0225    35.0386    27.3647    1496.92    1489.40 0.0000e+00
      21732    989.000     7.5074     7.5061   3.621161   3.622547     1.6075    -0.0685      92.22 4.9525e-02 0.0000e+00    81.7733    4.19382    35.0224    35.0386    27.3645    1496.94    1489.40 0.0000e+00
      21753    990.000     7.5074     7.5062   3.621220   3.622592     1.6070    -0.0674      39.69 4.9492e-02 0.0000e+00    81.7738    4.19055    35.0226    35.0386    27.3647    1496.95    1489.41 0.0000e+00
      21774    991.000     7.5075     7.5063   3.621263   3.622647     1.6067    -0.0666      87.10 4.9529e-02 0.0000e+00    81.7786    4.19299    35.0225    35.0386    27.3646    1496.97    1489.42 0.0000e+00
