_data/ctd/2022603/sta0183.cnv
* Sea-Bird SBE 9 Data File:
* FileName = C:\Seabird\CTDData\sta0183.hex
* Software Version Seasave V 7.21f
* Temperature SN = 6264
* Conductivity SN = 4928
* Number of Bytes Per Scan = 40
* Number of Voltage Words = 5
* Number of Scans Averaged by the Deck Unit = 1
* NMEA Latitude = 61 12.16 N
* NMEA Longitude = 007 04.79 E
* NMEA UTC (Time) = Feb 14 2022 08:22:39
* NMEA baud rate = 4800
** Ship: R/V "Kristine Bonnevie"
** Station: 0183
** Echodepth: 260
** Log: 0714.907
** Wind-Dir/Force: 09 04
** Air-temp (dry): 2.3
** Weather Sky:
** Sea:
# nquan = 19                                
# nvalues = 247                         
# units = specified
# name 0 = scan: Scan Count
# name 1 = prDM: Pressure, Digiquartz [db]
# name 2 = t068C: Temperature [ITS-68, deg C]
# name 3 = t168C: Temperature, 2 [ITS-68, deg C]
# name 4 = c0S/m: Conductivity [S/m]
# name 5 = c1S/m: Conductivity, 2 [S/m]
# name 6 = sbeox0V: Oxygen raw, SBE 43 [V]
# name 7 = flECO-AFL: Fluorescence, WET Labs ECO-AFL/FL [mg/m^3]
# name 8 = altM: Altimeter [m]
# name 9 = par: PAR/Irradiance, Biospherical/Licor
# name 10 = spar: SPAR/Surface Irradiance
# name 11 = CStarTr0: Beam Transmission, WET Labs C-Star [%]
# name 12 = sbeox0ML/L: Oxygen, SBE 43 [ml/l], WS = 2
# name 13 = sal00: Salinity, Practical [PSU]
# name 14 = sal11: Salinity, Practical, 2 [PSU]
# name 15 = sigma-t00: Density [sigma-t, Kg/m^3 ]
# name 16 = svCM: Sound Velocity [Chen-Millero, m/s]
# name 17 = avgsvCM: Average Sound Velocity [Chen-Millero, m/s], minP = 1, minS = 5
# name 18 = flag: flag
# span 0 =        392,       5702       
# span 1 =      2.000,    248.000       
# span 2 =     4.4024,    10.1463       
# span 3 =     4.4082,    10.1521       
# span 4 =   2.532123,   3.653196       
# span 5 =   2.534055,   3.654794       
# span 6 =     1.3491,     2.4651       
# span 7 =    -0.0555,     0.8013       
# span 8 =      11.17,      99.69       
# span 9 = 4.9452e-02, 2.1036e+01       
# span 10 = 4.9967e+01, 5.1965e+01      
# span 11 =    67.9212,    80.1638      
# span 12 =    2.85685,    7.46362      
# span 13 =    26.2044,    34.1571      
# span 14 =    26.2217,    34.1730      
# span 15 =    20.7640,    26.5522      
# span 16 =    1457.06,    1488.70      
# span 17 =    1457.06,    1484.05      
# span 18 = 0.0000e+00, 0.0000e+00      
# interval = decibars: 1                
# start_time = Feb 14 2022 08:22:41 [System UTC, header]
# bad_flag = -9.990e-29
*END*
        392      2.000     4.4024     4.4082   2.532123   2.534055     2.4496     0.8013      98.81 2.1036e+01 4.9967e+01    78.2518    7.46362    26.2044    26.2217    20.7640    1457.06    1457.06 0.0000e+00
        452      3.000     4.5857     4.5664   2.639689   2.631419     2.4494     0.7939      98.82 1.5789e+01 4.9967e+01    78.3322    7.38457    27.2779    27.1999    21.5985    1459.22    1457.78 0.0000e+00
        496      4.000     4.6185     4.6325   2.690095   2.696649     2.4507     0.7870      98.82 1.2054e+01 4.9967e+01    78.5081    7.36617    27.8234    27.8862    22.0275    1460.07    1458.35 0.0000e+00
        527      5.000     4.6331     4.6189   2.728486   2.727280     2.4507     0.7853      98.82 9.4619e+00 4.9967e+01    78.7628    7.31875    28.2478    28.2462    22.3624    1460.69    1458.82 0.0000e+00
        558      6.000     4.8022     4.7668   2.761566   2.758163     2.4500     0.7959      98.82 7.4904e+00 4.9967e+01    78.9189    7.29918    28.4791    28.4708    22.5295    1461.70    1459.30 0.0000e+00
        588      7.000     5.1733     5.1668   2.826995   2.830114     2.4529     0.7823      98.82 6.0628e+00 4.9967e+01    78.9269    7.25733    28.8993    28.9401    22.8249    1463.79    1459.94 0.0000e+00
        617      8.000     5.4045     5.3954   2.869797   2.871672     2.4598     0.7637      98.83 4.9987e+00 4.9967e+01    78.9754    7.24137    29.1794    29.2084    23.0223    1465.11    1460.58 0.0000e+00
        644      9.000     5.5682     5.5697   2.910206   2.912406     2.4639     0.7124      98.83 4.1643e+00 4.9967e+01    79.0466    7.17297    29.4885    29.5117    23.2489    1466.18    1461.20 0.0000e+00
        670     10.000     5.5969     5.5875   2.928269   2.928673     2.4651     0.6720      98.83 3.5298e+00 4.9967e+01    79.2380    7.10753    29.6647    29.6775    23.3850    1466.54    1461.73 0.0000e+00
        696     11.000     5.8933     5.8937   2.965459   2.968037     2.4597     0.6309      98.83 2.9947e+00 4.9967e+01    79.4537    6.99724    29.8173    29.8456    23.4723    1467.95    1462.30 0.0000e+00
        720     12.000     5.9666     5.9620   2.975244   2.975775     2.4569     0.5780      98.83 2.5462e+00 4.9967e+01    79.5813    7.00677    29.8608    29.8707    23.4982    1468.32    1462.80 0.0000e+00
        744     13.000     6.3887     6.3651   3.036233   3.038314     2.4550     0.5574      98.83 2.1688e+00 4.9967e+01    79.6376    6.90102    30.1602    30.2039    23.6847    1470.40    1463.38 0.0000e+00
        768     14.000     6.6092     6.6013   3.066044   3.067817     2.4530     0.5534      98.82 1.8596e+00 4.9967e+01    79.6836    6.88494    30.2910    30.3174    23.7609    1471.45    1463.95 0.0000e+00
        791     15.000     7.1260     7.1029   3.132614   3.133679     2.4540     0.5247      98.82 1.6113e+00 4.9967e+01    79.7991    6.78396    30.5557    30.5877    23.9038    1473.83    1464.61 0.0000e+00
        813     16.000     7.3003     7.2883   3.155172   3.155949     2.4537     0.4249      98.83 1.4128e+00 4.9967e+01    79.8953    6.74374    30.6439    30.6628    23.9502    1474.64    1465.23 0.0000e+00
        835     17.000     7.4059     7.3931   3.169796   3.170394     2.4515     0.3556      98.83 1.2471e+00 4.9967e+01    79.9684    6.65190    30.7069    30.7246    23.9857    1475.14    1465.81 0.0000e+00
        856     18.000     7.5537     7.5283   3.190481   3.189758     2.4424     0.3025      98.83 1.0961e+00 4.9967e+01    80.0880    6.52758    30.7969    30.8117    24.0365    1475.84    1466.36 0.0000e+00
        877     19.000     7.6065     7.6041   3.197547   3.198871     2.4299     0.2711      98.82 9.7055e-01 4.9967e+01    80.0851    6.44964    30.8251    30.8414    24.0515    1476.10    1466.87 0.0000e+00
        898     20.000     7.6264     7.6209   3.201264   3.202445     2.4170     0.2494      98.83 8.5704e-01 4.9967e+01    80.1638    6.39045    30.8467    30.8642    24.0658    1476.22    1467.34 0.0000e+00
        918     21.000     8.1398     8.0951   3.277914   3.280739     2.4028     0.2495      98.82 7.6274e-01 4.9967e+01    80.1278    6.25527    31.2034    31.2730    24.2740    1478.64    1467.87 0.0000e+00
        937     22.000     8.5161     8.5039   3.332102   3.333496     2.3911     0.2495      98.82 6.7946e-01 4.9967e+01    80.1295    6.23027    31.4372    31.4627    24.4026    1480.37    1468.43 0.0000e+00
        956     23.000     8.6280     8.6165   3.353167   3.354466     2.3892     0.1990      98.82 6.1181e-01 4.9967e+01    80.0987    6.24529    31.5571    31.5810    24.4799    1480.95    1468.97 0.0000e+00
        975     24.000     8.7823     8.7682   3.388672   3.389839     2.3843     0.0954      98.82 5.4977e-01 4.9967e+01    80.0954    6.14125    31.7887    31.8135    24.6380    1481.83    1469.51 0.0000e+00
        994     25.000     8.9811     8.9554   3.428023   3.429339     2.3738     0.0968      98.82 4.9426e-01 4.9967e+01    80.0170    6.02484    32.0183    32.0551    24.7873    1482.87    1470.04 0.0000e+00
       1013     26.000     9.2788     9.2599   3.478114   3.480455     2.3615     0.0632      98.82 4.4980e-01 4.9967e+01    79.9323    5.93249    32.2670    32.3082    24.9355    1484.29    1470.58 0.0000e+00
       1033     27.000     9.4844     9.4730   3.513523   3.515470     2.3498     0.0355      98.82 4.1034e-01 4.9967e+01    79.7312    5.87836    32.4447    32.4750    25.0416    1485.28    1471.12 0.0000e+00
       1053     28.000     9.5875     9.5779   3.530134   3.531057     2.3392     0.0338      98.82 3.7496e-01 4.9967e+01    79.4645    5.81207    32.5211    32.5392    25.0847    1485.77    1471.64 0.0000e+00
       1073     29.000     9.6559     9.6419   3.540797   3.541355     2.3249     0.0051      98.81 3.4337e-01 4.9967e+01    79.1769    5.70605    32.5678    32.5861    25.1101    1486.09    1472.13 0.0000e+00
       1094     30.000     9.7083     9.7037   3.547674   3.549303     2.3049     0.0019      98.81 3.1491e-01 4.9967e+01    78.7915    5.59641    32.5901    32.6109    25.1190    1486.33    1472.60 0.0000e+00
       1115     31.000     9.7468     9.7444   3.553227   3.555175     2.2829 -9.990e-29      98.81 2.8886e-01 4.9967e+01    78.3450    5.51971    32.6114    32.6335    25.1294    1486.51    1473.04 0.0000e+00
       1136     32.000     9.7711     9.7669   3.560399   3.562024     2.2625 -9.990e-29      74.16 2.6337e-01 4.9967e+01    77.9245    5.47285    32.6621    32.6825    25.1650    1486.67    1473.47 0.0000e+00
       1157     33.000     9.8944     9.8850   3.584683   3.586512     2.2444 -9.990e-29      93.40 2.4098e-01 4.9967e+01    77.5118    5.42409    32.7970    32.8241    25.2500    1487.30    1473.88 0.0000e+00
       1178     34.000     9.9750     9.9684   3.605667   3.607300     2.2294 -9.990e-29      40.64 2.2081e-01 4.9967e+01    77.1622    5.39602    32.9365    32.9591    25.3455    1487.78    1474.29 0.0000e+00
       1199     35.000     9.9982     9.9962   3.610509   3.612150     2.2171     0.0051      70.98 2.0414e-01 4.9967e+01    76.8447    5.35811    32.9640    32.9825    25.3631    1487.91    1474.67 0.0000e+00
       1220     36.000    10.1260    10.1103   3.632045   3.633680     2.2028    -0.0093      71.45 1.9016e-01 4.9967e+01    76.5593    5.27045    33.0653    33.0962    25.4207    1488.51    1475.05 0.0000e+00
       1241     37.000    10.1463    10.1521   3.642013   3.643626     2.1862    -0.0255      95.34 1.7475e-01 4.9967e+01    76.2858    5.20535    33.1472    33.1583    25.4812    1488.70    1475.42 0.0000e+00
       1262     38.000    10.1045    10.0998   3.645989   3.647663     2.1703    -0.0253      48.61 1.6271e-01 4.9967e+01    76.0467    5.14591    33.2254    33.2467    25.5493    1488.66    1475.76 0.0000e+00
       1283     39.000    10.0818    10.0872   3.650258   3.651930     2.1516    -0.0268      99.40 1.4600e-01 4.9967e+01    75.8112    5.07027    33.2891    33.3011    25.6028    1488.68    1476.09 0.0000e+00
       1305     40.000    10.0211    10.0205   3.649950   3.651547     2.1324    -0.0253      98.80 1.3544e-01 4.9967e+01    75.5743    5.00251    33.3415    33.3582    25.6539    1488.54    1476.40 0.0000e+00
       1326     41.000     9.9942     9.9957   3.653196   3.654794     2.1107    -0.0253      62.74 1.2740e-01 4.9967e+01    75.3166    4.91752    33.3989    33.4137    25.7032    1488.53    1476.69 0.0000e+00
       1347     42.000     9.8976     9.9026   3.650444   3.652034     2.0885    -0.0341      67.74 1.1821e-01 4.9967e+01    74.9998    4.84692    33.4598    33.4714    25.7669    1488.27    1476.97 0.0000e+00
       1368     43.000     9.8018     9.8058   3.646632   3.648164     2.0656    -0.0543      37.49 1.0836e-01 4.9967e+01    74.5500    4.77202    33.5094    33.5214    25.8216    1488.00    1477.22 0.0000e+00
       1390     44.000     9.6679     9.6747   3.640549   3.642078     2.0409    -0.0253      99.07 1.0116e-01 4.9967e+01    74.0215    4.68591    33.5715    33.5809    25.8923    1487.61    1477.46 0.0000e+00
       1411     45.000     9.5373     9.5430   3.634025   3.635535     2.0145    -0.0253      34.44 9.4360e-02 4.9967e+01    73.5123    4.58428    33.6262    33.6364    25.9565    1487.21    1477.67 0.0000e+00
       1433     46.000     9.4575     9.4595   3.630221   3.631714     1.9852    -0.0449      99.47 8.6141e-02 4.9967e+01    72.9247    4.47269    33.6615    33.6750    25.9970    1486.98    1477.87 0.0000e+00
       1454     47.000     9.4090     9.4099   3.627955   3.629449     1.9531    -0.0433      27.50 8.0568e-02 4.9967e+01    72.4199    4.35721    33.6833    33.6978    26.0219    1486.85    1478.06 0.0000e+00
       1476     48.000     9.3233     9.3294   3.623829   3.625330     1.9210    -0.0254      95.78 7.0031e-02 4.9967e+01    71.9124    4.26318    33.7209    33.7307    26.0652    1486.60    1478.24 0.0000e+00
       1497     49.000     9.1789     9.1860   3.616597   3.618127     1.8898    -0.0258      98.04 6.3483e-02 4.9967e+01    71.4690    4.18616    33.7819    33.7911    26.1362    1486.16    1478.40 0.0000e+00
       1519     50.000     9.0860     9.0893   3.612078   3.613591     1.8595    -0.0549      93.47 6.0936e-02 4.9967e+01    71.0000    4.10730    33.8226    33.8352    26.1828    1485.88    1478.55 0.0000e+00
       1541     51.000     9.0294     9.0322   3.608946   3.610436     1.8303    -0.0312      97.41 5.4929e-02 4.9967e+01    70.5796    4.01402    33.8433    33.8562    26.2080    1485.72    1478.69 0.0000e+00
       1562     52.000     8.9564     8.9594   3.605139   3.606594     1.8004    -0.0253      89.37 5.3013e-02 4.9967e+01    70.1719    3.92512    33.8726    33.8849    26.2425    1485.50    1478.82 0.0000e+00
       1584     53.000     8.8929     8.8949   3.601552   3.602994     1.7712    -0.0253      98.39 4.9932e-02 4.9967e+01    69.7887    3.84569    33.8952    33.9084    26.2702    1485.31    1478.94 0.0000e+00
       1606     54.000     8.8370     8.8387   3.598336   3.599795     1.7435    -0.0296      69.15 4.9536e-02 4.9967e+01    69.4285    3.77181    33.9144    33.9281    26.2941    1485.14    1479.06 0.0000e+00
       1627     55.000     8.7712     8.7729   3.594845   3.596246     1.7164    -0.0555      52.12 4.9509e-02 4.9967e+01    69.1678    3.69574    33.9403    33.9534    26.3247    1484.95    1479.16 0.0000e+00
       1649     56.000     8.7240     8.7249   3.591868   3.593250     1.6902    -0.0270      97.51 4.9479e-02 4.9967e+01    68.9046    3.62470    33.9538    33.9675    26.3426    1484.80    1479.26 0.0000e+00
       1671     57.000     8.6867     8.6878   3.589255   3.590698     1.6651    -0.0253      89.62 4.9496e-02 4.9967e+01    68.6802    3.56174    33.9617    33.9758    26.3545    1484.69    1479.36 0.0000e+00
       1692     58.000     8.6546     8.6543   3.586879   3.588274     1.6418    -0.0253      96.35 4.9532e-02 4.9967e+01    68.4984    3.50570    33.9670    33.9820    26.3637    1484.60    1479.45 0.0000e+00
       1714     59.000     8.6296     8.6301   3.585231   3.586672     1.6197 -9.990e-29      82.32 4.9527e-02 4.9967e+01    68.3364    3.44687    33.9732    33.9879    26.3724    1484.53    1479.53 0.0000e+00
       1736     60.000     8.6111     8.6107   3.584188   3.585599     1.5982 -9.990e-29      94.44 4.9502e-02 4.9967e+01    68.1998    3.38319    33.9795    33.9948    26.3802    1484.48    1479.62 0.0000e+00
       1757     61.000     8.5746     8.5757   3.581389   3.582798     1.5773 -9.990e-29      98.25 4.9490e-02 4.9967e+01    68.0839    3.32567    33.9846    33.9984    26.3899    1484.37    1479.69 0.0000e+00
       1779     62.000     8.5356     8.5361   3.578807   3.580218     1.5574 -9.990e-29      26.10 4.9512e-02 4.9967e+01    68.0064    3.28378    33.9944    34.0089    26.4036    1484.25    1479.77 0.0000e+00
       1801     63.000     8.5020     8.5029   3.576404   3.577807     1.5396 -9.990e-29      92.72 4.9540e-02 4.9967e+01    67.9402    3.24070    34.0009    34.0149    26.4138    1484.15    1479.84 0.0000e+00
       1823     64.000     8.4819     8.4812   3.575155   3.576543     1.5221 -9.990e-29      98.41 4.9527e-02 4.9967e+01    67.9212    3.18323    34.0066    34.0220    26.4214    1484.10    1479.90 0.0000e+00
       1844     65.000     8.4752     8.4739   3.574910   3.576279     1.5042 -9.990e-29      88.61 4.9515e-02 4.9967e+01    67.9567    3.12029    34.0100    34.0258    26.4251    1484.09    1479.97 0.0000e+00
       1866     66.000     8.4657     8.4650   3.574194   3.575582     1.4857 -9.990e-29      97.76 4.9521e-02 4.9967e+01    67.9597    3.06489    34.0111    34.0265    26.4274    1484.08    1480.03 0.0000e+00
       1888     67.000     8.4587     8.4577   3.573817   3.575197     1.4691 -9.990e-29      89.13 4.9518e-02 4.9967e+01    67.9743    3.03100    34.0134    34.0290    26.4303    1484.07    1480.09 0.0000e+00
       1909     68.000     8.4535     8.4521   3.574044   3.575444     1.4542 -9.990e-29      98.09 4.9483e-02 4.9967e+01    68.0112    3.00620    34.0204    34.0366    26.4365    1484.08    1480.15 0.0000e+00
       1931     69.000     8.4589     8.4571   3.575202   3.576583     1.4415 -9.990e-29      89.81 4.9545e-02 4.9967e+01    68.0256    2.98776    34.0270    34.0433    26.4409    1484.12    1480.20 0.0000e+00
       1952     70.000     8.4548     8.4538   3.575147   3.576518     1.4308 -9.990e-29      98.30 4.9521e-02 4.9967e+01    68.0514    2.98199    34.0299    34.0453    26.4438    1484.12    1480.26 0.0000e+00
       1974     71.000     8.4447     8.4436   3.574449   3.575824     1.4233 -9.990e-29      90.16 4.9545e-02 4.9967e+01    68.0678    3.00688    34.0318    34.0474    26.4468    1484.11    1480.31 0.0000e+00
       1996     72.000     8.4361     8.4349   3.574023   3.575391     1.4209    -0.0253      98.50 4.9495e-02 4.9967e+01    68.0748    3.04820    34.0351    34.0507    26.4507    1484.09    1480.37 0.0000e+00
       2017     73.000     8.4326     8.4312   3.574151   3.575513     1.4214    -0.0253      89.92 4.9485e-02 4.9967e+01    68.0679    3.07221    34.0393    34.0551    26.4546    1484.10    1480.42 0.0000e+00
       2038     74.000     8.4298     8.4284   3.574286   3.575652     1.4227    -0.0253      98.89 4.9526e-02 4.9967e+01    68.0223    3.07585    34.0430    34.0588    26.4579    1484.11    1480.47 0.0000e+00
       2060     75.000     8.4281     8.4268   3.574434   3.575796     1.4234    -0.0253      90.43 4.9471e-02 4.9967e+01    68.0026    3.08249    34.0457    34.0614    26.4603    1484.13    1480.52 0.0000e+00
       2081     76.000     8.4254     8.4238   3.574503   3.575870     1.4251    -0.0125      98.64 4.9531e-02 4.9967e+01    68.0002    3.09650    34.0486    34.0646    26.4629    1484.14    1480.56 0.0000e+00
       2102     77.000     8.4320     8.4298   3.575519   3.576894     1.4272     0.0041      85.11 4.9492e-02 4.9967e+01    67.9984    3.11111    34.0525    34.0692    26.4650    1484.18    1480.61 0.0000e+00
