_data/ctd/2022603/sta0174.cnv
* Sea-Bird SBE 9 Data File:
* FileName = C:\Seabird\CTDData\sta0174.hex
* Software Version Seasave V 7.21f
* Temperature SN = 6264
* Conductivity SN = 4928
* Number of Bytes Per Scan = 40
* Number of Voltage Words = 5
* Number of Scans Averaged by the Deck Unit = 1
* NMEA Latitude = 60 46.97 N
* NMEA Longitude = 005 16.34 E
* NMEA UTC (Time) = Feb 13 2022 01:21:40
* NMEA baud rate = 4800
** Ship: R/V "Kristine Bonnevie"
** Station: 0174
** Echodepth: 134
** Log: 0519.072
** Wind-Dir/Force: 19 19
** Air-temp (dry): 7.5
** Weather Sky:
** Sea:
# nquan = 19                                
# nvalues = 123                         
# units = specified
# name 0 = scan: Scan Count
# name 1 = prDM: Pressure, Digiquartz [db]
# name 2 = t068C: Temperature [ITS-68, deg C]
# name 3 = t168C: Temperature, 2 [ITS-68, deg C]
# name 4 = c0S/m: Conductivity [S/m]
# name 5 = c1S/m: Conductivity, 2 [S/m]
# name 6 = sbeox0V: Oxygen raw, SBE 43 [V]
# name 7 = flECO-AFL: Fluorescence, WET Labs ECO-AFL/FL [mg/m^3]
# name 8 = altM: Altimeter [m]
# name 9 = par: PAR/Irradiance, Biospherical/Licor
# name 10 = spar: SPAR/Surface Irradiance
# name 11 = CStarTr0: Beam Transmission, WET Labs C-Star [%]
# name 12 = sbeox0ML/L: Oxygen, SBE 43 [ml/l], WS = 2
# name 13 = sal00: Salinity, Practical [PSU]
# name 14 = sal11: Salinity, Practical, 2 [PSU]
# name 15 = sigma-t00: Density [sigma-t, Kg/m^3 ]
# name 16 = svCM: Sound Velocity [Chen-Millero, m/s]
# name 17 = avgsvCM: Average Sound Velocity [Chen-Millero, m/s], minP = 1, minS = 5
# name 18 = flag: flag
# span 0 =         15,       2721       
# span 1 =      7.000,    129.000       
# span 2 =     6.7028,     9.0541       
# span 3 =     6.6574,     9.0530       
# span 4 =   3.092030,   3.667661       
# span 5 =   3.087310,   3.669075       
# span 6 =     2.0854,     2.4626       
# span 7 =    -0.0957,     0.3229       
# span 8 =       7.98,      98.86       
# span 9 = 4.9452e-02, 1.2603e-01       
# span 10 = 0.0000e+00, 0.0000e+00      
# span 11 =    79.9940,    81.7056      
# span 12 =    5.19699,    6.92672      
# span 13 =    30.4947,    34.8481      
# span 14 =    30.4744,    34.8643      
# span 15 =    23.9097,    27.0830      
# span 16 =    1471.96,    1486.69      
# span 17 =    1471.96,    1483.90      
# span 18 = 0.0000e+00, 0.0000e+00      
# interval = decibars: 1                
# start_time = Feb 13 2022 01:21:43 [System UTC, header]
# bad_flag = -9.990e-29
*END*
[from data line 77]
       1732     84.000     8.7641     8.7626   3.662643   3.664034     2.0982    -0.0705      52.99 4.9471e-02 0.0000e+00    81.5785    5.21442    34.6466    34.6628    26.8793    1486.27    1482.72 0.0000e+00
       1755     85.000     8.7589     8.7576   3.662635   3.664056     2.0948    -0.0627      52.08 4.9464e-02 0.0000e+00    81.5602    5.19699    34.6512    34.6674    26.8836    1486.27    1482.76 0.0000e+00
       1777     86.000     8.7444     8.7438   3.662294   3.663691     2.0918    -0.0611      50.97 4.9506e-02 0.0000e+00    81.5369    5.19706    34.6613    34.6766    26.8938    1486.24    1482.80 0.0000e+00
       1800     87.000     8.7297     8.7287   3.661941   3.663323     2.0898    -0.0670      37.14 4.9502e-02 0.0000e+00    81.5155    5.19994    34.6715    34.6870    26.9042    1486.22    1482.84 0.0000e+00
       1822     88.000     8.7224     8.7208   3.661822   3.663211     2.0880    -0.0717      48.22 4.9481e-02 0.0000e+00    81.5043    5.20109    34.6769    34.6931    26.9095    1486.22    1482.88 0.0000e+00
       1845     89.000     8.7131     8.7119   3.661543   3.662912     2.0871    -0.0641      47.55 4.9490e-02 0.0000e+00    81.4799    5.20236    34.6826    34.6982    26.9155    1486.20    1482.92 0.0000e+00
       1867     90.000     8.7013     8.7001   3.661317   3.662690     2.0861    -0.0669      46.44 4.9502e-02 0.0000e+00    81.4388    5.20389    34.6913    34.7070    26.9242    1486.19    1482.95 0.0000e+00
       1889     91.000     8.6871     8.6859   3.660749   3.662110     2.0854    -0.0697      45.59 4.9496e-02 0.0000e+00    81.4336    5.20939    34.6988    34.7143    26.9322    1486.16    1482.99 0.0000e+00
       1911     92.000     8.6771     8.6759   3.660099   3.661494     2.0855    -0.0650      44.63 4.9481e-02 0.0000e+00    81.4095    5.21926    34.7012    34.7171    26.9357    1486.14    1483.02 0.0000e+00
       1934     93.000     8.6729     8.6711   3.659927   3.661295     2.0863    -0.0627      42.99 4.9483e-02 0.0000e+00    81.4228    5.23136    34.7031    34.7193    26.9378    1486.15    1483.06 0.0000e+00
       1956     94.000     8.6657     8.6646   3.659737   3.661106     2.0879    -0.0680      42.37 4.9496e-02 0.0000e+00    81.4249    5.25065    34.7076    34.7232    26.9425    1486.14    1483.09 0.0000e+00
       1978     95.000     8.6544     8.6535   3.659336   3.660721     2.0908    -0.0732      41.46 4.9483e-02 0.0000e+00    81.4695    5.27253    34.7140    34.7295    26.9493    1486.12    1483.12 0.0000e+00
       2000     96.000     8.6371     8.6363   3.658909   3.660278     2.0944    -0.0707      40.69 4.9458e-02 0.0000e+00    81.5103    5.29312    34.7260    34.7413    26.9614    1486.09    1483.15 0.0000e+00
       2022     97.000     8.6174     8.6165   3.658034   3.659389     2.0982    -0.0599      39.65 4.9547e-02 0.0000e+00    81.4931    5.30581    34.7357    34.7509    26.9721    1486.05    1483.18 0.0000e+00
       2044     98.000     8.6111     8.6097   3.658080   3.659448     2.1014    -0.0669      38.83 4.9470e-02 0.0000e+00    81.5130    5.31472    34.7419    34.7577    26.9779    1486.05    1483.21 0.0000e+00
       2065     99.000     8.6010     8.5997   3.657949   3.659327     2.1048    -0.0604      37.47 4.9502e-02 0.0000e+00    81.5532    5.33575    34.7499    34.7658    26.9858    1486.04    1483.24 0.0000e+00
       2087    100.000     8.5975     8.5960   3.658095   3.659474     2.1092    -0.0772      35.94 4.9466e-02 0.0000e+00    81.5595    5.34979    34.7544    34.7705    26.9899    1486.04    1483.27 0.0000e+00
       2109    101.000     8.5921     8.5907   3.658159   3.659528     2.1126    -0.0792      35.27 4.9458e-02 0.0000e+00    81.5684    5.36184    34.7599    34.7758    26.9951    1486.05    1483.29 0.0000e+00
       2130    102.000     8.5802     8.5789   3.658118   3.659487     2.1165    -0.0805      34.44 4.9471e-02 0.0000e+00    81.5853    5.37088    34.7707    34.7865    27.0054    1486.03    1483.32 0.0000e+00
       2152    103.000     8.5708     8.5693   3.657921   3.659297     2.1194    -0.0701      33.61 4.9508e-02 0.0000e+00    81.5908    5.36846    34.7774    34.7935    27.0121    1486.02    1483.35 0.0000e+00
       2174    104.000     8.5634     8.5624   3.657642   3.659005     2.1207    -0.0724      32.55 4.9464e-02 0.0000e+00    81.5608    5.36022    34.7813    34.7967    27.0163    1486.02    1483.37 0.0000e+00
       2196    105.000     8.5567     8.5553   3.657496   3.658875     2.1214    -0.0729      31.67 4.9477e-02 0.0000e+00    81.5451    5.35852    34.7859    34.8019    27.0209    1486.01    1483.40 0.0000e+00
       2218    106.000     8.5543     8.5527   3.657654   3.659025     2.1216    -0.0716      30.68 4.9489e-02 0.0000e+00    81.5208    5.35968    34.7894    34.8055    27.0241    1486.03    1483.42 0.0000e+00
       2240    107.000     8.5485     8.5473   3.657595   3.658959     2.1222    -0.0682      29.63 4.9477e-02 0.0000e+00    81.5452    5.36478    34.7940    34.8097    27.0286    1486.03    1483.45 0.0000e+00
       2263    108.000     8.5432     8.5417   3.657540   3.658909     2.1227    -0.0627      28.64 4.9477e-02 0.0000e+00    81.5520    5.36357    34.7982    34.8142    27.0327    1486.03    1483.47 0.0000e+00
       2285    109.000     8.5330     8.5317   3.657399   3.658767     2.1225    -0.0673      27.67 4.9477e-02 0.0000e+00    81.5843    5.36116    34.8063    34.8221    27.0406    1486.02    1483.49 0.0000e+00
       2306    110.000     8.5274     8.5261   3.657284   3.658666     2.1227    -0.0656      26.98 4.9515e-02 0.0000e+00    81.5416    5.36305    34.8101    34.8260    27.0445    1486.02    1483.52 0.0000e+00
       2328    111.000     8.5225     8.5211   3.657179   3.658545     2.1223    -0.0645      25.80 4.9525e-02 0.0000e+00    81.5388    5.35893    34.8134    34.8292    27.0478    1486.02    1483.54 0.0000e+00
       2350    112.000     8.5227     8.5210   3.657242   3.658614     2.1217    -0.0712      24.85 4.9483e-02 0.0000e+00    81.5364    5.34955    34.8133    34.8296    27.0477    1486.04    1483.56 0.0000e+00
       2372    113.000     8.5181     8.5170   3.657138   3.658522     2.1201    -0.0697      23.80 4.9477e-02 0.0000e+00    81.5281    5.34283    34.8163    34.8321    27.0508    1486.04    1483.58 0.0000e+00
       2394    114.000     8.5149     8.5133   3.657056   3.658424     2.1190    -0.0957      22.78 4.9471e-02 0.0000e+00    81.5348    5.34010    34.8181    34.8342    27.0527    1486.05    1483.61 0.0000e+00
       2415    115.000     8.5146     8.5129   3.657081   3.658448     2.1173    -0.0729      21.79 4.9496e-02 0.0000e+00    81.4863    5.33726    34.8182    34.8344    27.0528    1486.06    1483.63 0.0000e+00
       2437    116.000     8.5135     8.5118   3.657092   3.658462     2.1165    -0.0665      20.82 4.9479e-02 0.0000e+00    81.5166    5.33947    34.8189    34.8351    27.0535    1486.07    1483.65 0.0000e+00
       2459    117.000     8.5074     8.5060   3.657089   3.658453     2.1157    -0.0622      19.83 4.9490e-02 0.0000e+00    81.5180    5.34283    34.8244    34.8403    27.0588    1486.08    1483.67 0.0000e+00
       2480    118.000     8.5043     8.5027   3.657082   3.658440     2.1155    -0.0636      18.85 4.9458e-02 0.0000e+00    81.5364    5.34280    34.8269    34.8429    27.0613    1486.08    1483.69 0.0000e+00
       2502    119.000     8.5044     8.5027   3.657133   3.658506     2.1149    -0.0623      17.99 4.9501e-02 0.0000e+00    81.5131    5.34300    34.8269    34.8431    27.0612    1486.10    1483.71 0.0000e+00
       2524    120.000     8.5035     8.5019   3.657153   3.658533     2.1147    -0.0641      16.94 4.9479e-02 0.0000e+00    81.4665    5.33779    34.8275    34.8437    27.0618    1486.11    1483.73 0.0000e+00
       2546    121.000     8.4969     8.4956   3.657026   3.658387     2.1133    -0.0641      15.95 4.9515e-02 0.0000e+00    81.4832    5.32798    34.8322    34.8479    27.0665    1486.11    1483.75 0.0000e+00
       2567    122.000     8.4828     8.4819   3.656587   3.657951     2.1121    -0.0631      14.97 4.9518e-02 0.0000e+00    81.4821    5.32838    34.8410    34.8564    27.0756    1486.09    1483.77 0.0000e+00
       2589    123.000     8.4768     8.4751   3.656448   3.657795     2.1109    -0.0571      14.01 4.9483e-02 0.0000e+00    81.4700    5.32742    34.8450    34.8609    27.0797    1486.09    1483.79 0.0000e+00
       2610    124.000     8.4755     8.4739   3.656411   3.657783     2.1100    -0.0631      13.03 4.9505e-02 0.0000e+00    81.4695    5.32290    34.8454    34.8615    27.0802    1486.10    1483.81 0.0000e+00
       2632    125.000     8.4744     8.4729   3.656399   3.657766     2.1085    -0.0684      12.06 4.9489e-02 0.0000e+00    81.4485    5.31801    34.8459    34.8618    27.0807    1486.11    1483.82 0.0000e+00
       2653    126.000     8.4737     8.4720   3.656421   3.657790     2.1074    -0.0642      11.08 4.9505e-02 0.0000e+00    81.4324    5.31293    34.8463    34.8625    27.0812    1486.12    1483.84 0.0000e+00
       2675    127.000     8.4721     8.4705   3.656434   3.657798     2.1056    -0.0891      10.11 4.9483e-02 0.0000e+00    81.4293    5.30626    34.8475    34.8636    27.0824    1486.14    1483.86 0.0000e+00
       2696    128.000     8.4717     8.4700   3.656466   3.657841     2.1044    -0.0721       9.10 4.9489e-02 0.0000e+00    81.4417    5.31266    34.8478    34.8641    27.0827    1486.15    1483.88 0.0000e+00
       2721    129.000     8.4714     8.4698   3.656516   3.657891     2.1036    -0.0642       7.98 4.9502e-02 0.0000e+00    81.4381    5.31083    34.8481    34.8643    27.0830    1486.17    1483.90 0.0000e+00
