_data/ctd/2022603/sta0183.cnv
* Sea-Bird SBE 9 Data File:
* FileName = C:\Seabird\CTDData\sta0183.hex
* Software Version Seasave V 7.21f
* Temperature SN = 6264
* Conductivity SN = 4928
* Number of Bytes Per Scan = 40
* Number of Voltage Words = 5
* Number of Scans Averaged by the Deck Unit = 1
* NMEA Latitude = 61 12.16 N
* NMEA Longitude = 007 04.79 E
* NMEA UTC (Time) = Feb 14 2022 08:22:39
* NMEA baud rate = 4800
** Ship: R/V "Kristine Bonnevie"
** Station: 0183
** Echodepth: 260
** Log: 0714.907
** Wind-Dir/Force: 09 04
** Air-temp (dry): 2.3
** Weather Sky:
** Sea:
# nquan = 19                                
# nvalues = 247                         
# units = specified
# name 0 = scan: Scan Count
# name 1 = prDM: Pressure, Digiquartz [db]
# name 2 = t068C: Temperature [ITS-68, deg C]
# name 3 = t168C: Temperature, 2 [ITS-68, deg C]
# name 4 = c0S/m: Conductivity [S/m]
# name 5 = c1S/m: Conductivity, 2 [S/m]
# name 6 = sbeox0V: Oxygen raw, SBE 43 [V]
# name 7 = flECO-AFL: Fluorescence, WET Labs ECO-AFL/FL [mg/m^3]
# name 8 = altM: Altimeter [m]
# name 9 = par: PAR/Irradiance, Biospherical/Licor
# name 10 = spar: SPAR/Surface Irradiance
# name 11 = CStarTr0: Beam Transmission, WET Labs C-Star [%]
# name 12 = sbeox0ML/L: Oxygen, SBE 43 [ml/l], WS = 2
# name 13 = sal00: Salinity, Practical [PSU]
# name 14 = sal11: Salinity, Practical, 2 [PSU]
# name 15 = sigma-t00: Density [sigma-t, Kg/m^3 ]
# name 16 = svCM: Sound Velocity [Chen-Millero, m/s]
# name 17 = avgsvCM: Average Sound Velocity [Chen-Millero, m/s], minP = 1, minS = 5
# name 18 = flag: flag
# span 0 =        392,       5702       
# span 1 =      2.000,    248.000       
# span 2 =     4.4024,    10.1463       
# span 3 =     4.4082,    10.1521       
# span 4 =   2.532123,   3.653196       
# span 5 =   2.534055,   3.654794       
# span 6 =     1.3491,     2.4651       
# span 7 =    -0.0555,     0.8013       
# span 8 =      11.17,      99.69       
# span 9 = 4.9452e-02, 2.1036e+01       
# span 10 = 4.9967e+01, 5.1965e+01      
# span 11 =    67.9212,    80.1638      
# span 12 =    2.85685,    7.46362      
# span 13 =    26.2044,    34.1571      
# span 14 =    26.2217,    34.1730      
# span 15 =    20.7640,    26.5522      
# span 16 =    1457.06,    1488.70      
# span 17 =    1457.06,    1484.05      
# span 18 = 0.0000e+00, 0.0000e+00      
# interval = decibars: 1                
# start_time = Feb 14 2022 08:22:41 [System UTC, header]
# bad_flag = -9.990e-29
*END*
[from data line 229]
       5327    231.000     8.3983     8.3969   3.588810   3.590174     1.3787    -0.0074      30.60 4.9523e-02 5.1965e+01    78.7340    2.96224    34.1534    34.1693    26.5493    1486.71    1483.84 0.0000e+00
       5348    232.000     8.3984     8.3969   3.588879   3.590234     1.3772    -0.0024      29.62 4.9485e-02 5.1965e+01    78.5997    2.94985    34.1536    34.1694    26.5494    1486.73    1483.85 0.0000e+00
       5369    233.000     8.3983     8.3969   3.588938   3.590306     1.3748     0.0029      28.93 4.9492e-02 5.1965e+01    78.4695    2.93612    34.1539    34.1697    26.5496    1486.75    1483.87 0.0000e+00
       5390    234.000     8.3983     8.3968   3.589001   3.590367     1.3725     0.0048      27.42 4.9512e-02 5.1965e+01    78.4693    2.92791    34.1541    34.1700    26.5498    1486.76    1483.88 0.0000e+00
       5411    235.000     8.3983     8.3969   3.589067   3.590417     1.3700 -9.990e-29      25.94 4.9512e-02 5.1965e+01    78.4825    2.92606    34.1543    34.1700    26.5500    1486.78    1483.89 0.0000e+00
       5432    236.000     8.3983     8.3968   3.589125   3.590482     1.3685 -9.990e-29      24.98 4.9525e-02 5.1965e+01    78.4584    2.92459    34.1544    34.1703    26.5501    1486.80    1483.90 0.0000e+00
       5453    237.000     8.3984     8.3969   3.589180   3.590542     1.3666 -9.990e-29      24.05 4.9488e-02 5.1965e+01    78.3960    2.91659    34.1545    34.1703    26.5501    1486.81    1483.92 0.0000e+00
       5473    238.000     8.3984     8.3969   3.589234   3.590605     1.3647 -9.990e-29      23.16 4.9479e-02 5.1965e+01    78.3645    2.91052    34.1546    34.1705    26.5502    1486.83    1483.93 0.0000e+00
       5494    239.000     8.3982     8.3968   3.589316   3.590669     1.3632 -9.990e-29      22.12 4.9495e-02 5.1965e+01    78.3411    2.91090    34.1552    34.1708    26.5507    1486.85    1483.94 0.0000e+00
       5514    240.000     8.3982     8.3967   3.589379   3.590742     1.3617 -9.990e-29      21.24 4.9512e-02 5.1965e+01    78.3400    2.90719    34.1554    34.1712    26.5508    1486.86    1483.95 0.0000e+00
       5535    241.000     8.3981     8.3966   3.589451   3.590808     1.3603 -9.990e-29      20.17 4.9492e-02 5.1965e+01    78.2661    2.90389    34.1557    34.1716    26.5512    1486.88    1483.96 0.0000e+00
       5556    242.000     8.3981     8.3966   3.589506   3.590864     1.3592 -9.990e-29      18.54 4.9485e-02 5.1965e+01    78.1455    2.89941    34.1559    34.1717    26.5512    1486.90    1483.98 0.0000e+00
       5577    243.000     8.3982     8.3967   3.589552   3.590904     1.3576 -9.990e-29      17.90 4.9514e-02 5.1965e+01    78.0474    2.89148    34.1558    34.1716    26.5512    1486.91    1483.99 0.0000e+00
       5600    244.000     8.3983     8.3969   3.589606   3.590957     1.3556 -9.990e-29      17.01 4.9530e-02 5.1965e+01    77.9635    2.88206    34.1558    34.1715    26.5512    1486.93    1484.00 0.0000e+00
       5623    245.000     8.3983     8.3969   3.589657   3.591017     1.3537 -9.990e-29      16.04 4.9493e-02 5.1965e+01    77.9786    2.87859    34.1559    34.1716    26.5512    1486.95    1484.01 0.0000e+00
       5647    246.000     8.3981     8.3968   3.589744   3.591106     1.3518 -9.990e-29      15.02 4.9492e-02 5.1965e+01    77.9182    2.87869    34.1565    34.1722    26.5517    1486.96    1484.02 0.0000e+00
       5674    247.000     8.3979     8.3965   3.589820   3.591181     1.3507 -9.990e-29      13.98 4.9508e-02 5.1965e+01    77.8161    2.87805    34.1570    34.1728    26.5522    1486.98    1484.04 0.0000e+00
       5702    248.000     8.3980     8.3965   3.589881   3.591242     1.3491 -9.990e-29      12.99 4.9503e-02 5.1965e+01    77.5816    2.85685    34.1571    34.1730    26.5522    1487.00    1484.05 0.0000e+00
