_data/ctd/2022603/sta0162.cnv
* Sea-Bird SBE 9 Data File:
* FileName = C:\Seabird\CTDData\sta0162.hex
* Software Version Seasave V 7.21f
* Temperature SN = 6264
* Conductivity SN = 4928
* Number of Bytes Per Scan = 40
* Number of Voltage Words = 5
* Number of Scans Averaged by the Deck Unit = 1
* NMEA Latitude = 59 45.22 N
* NMEA Longitude = 006 05.76 E
* NMEA UTC (Time) = Feb 11 2022 21:16:36
* NMEA baud rate = 4800
** Ship: R/V "Kristine Bonnevie"
** Station: 0162
** Echodepth: 617
** Log: 0354.716
** Wind-Dir/Force: 28 04
** Air-temp (dry): 4.4
** Weather Sky:
** Sea:
# nquan = 19                                
# nvalues = 603                         
# units = specified
# name 0 = scan: Scan Count
# name 1 = prDM: Pressure, Digiquartz [db]
# name 2 = t068C: Temperature [ITS-68, deg C]
# name 3 = t168C: Temperature, 2 [ITS-68, deg C]
# name 4 = c0S/m: Conductivity [S/m]
# name 5 = c1S/m: Conductivity, 2 [S/m]
# name 6 = sbeox0V: Oxygen raw, SBE 43 [V]
# name 7 = flECO-AFL: Fluorescence, WET Labs ECO-AFL/FL [mg/m^3]
# name 8 = altM: Altimeter [m]
# name 9 = par: PAR/Irradiance, Biospherical/Licor
# name 10 = spar: SPAR/Surface Irradiance
# name 11 = CStarTr0: Beam Transmission, WET Labs C-Star [%]
# name 12 = sbeox0ML/L: Oxygen, SBE 43 [ml/l], WS = 2
# name 13 = sal00: Salinity, Practical [PSU]
# name 14 = sal11: Salinity, Practical, 2 [PSU]
# name 15 = sigma-t00: Density [sigma-t, Kg/m^3 ]
# name 16 = svCM: Sound Velocity [Chen-Millero, m/s]
# name 17 = avgsvCM: Average Sound Velocity [Chen-Millero, m/s], minP = 1, minS = 5
# name 18 = flag: flag
# span 0 =         -3,      14061       
# span 1 =     14.000,    616.000       
# span 2 =     7.4788,     9.5923       
# span 3 =     7.4777,     9.5904       
# span 4 =   3.378318,   3.658778       
# span 5 =   3.380913,   3.660260       
# span 6 =     1.5910,     2.4799       
# span 7 =    -0.0986,     0.5822       
# span 8 =       5.77,     100.05       
# span 9 = 4.9340e-02, 1.0274e-01       
# span 10 = 0.0000e+00, 0.0000e+00      
# span 11 =    59.7800,    82.2092      
# span 12 =    3.91512,    6.63013      
# span 13 =    32.0978,    35.0691      
# span 14 =    32.1330,    35.0848      
# span 15 =    24.9483,    27.3975      
# span 16 =    1480.33,    1490.70      
# span 17 =    1480.33,    1486.93      
# span 18 = 0.0000e+00, 0.0000e+00      
# interval = decibars: 1                
# start_time = Feb 11 2022 21:16:39 [System UTC, header]
# bad_flag = -9.990e-29
*END*
[from data line 305]
       6879    319.000     7.7441     7.7430   3.616252   3.617609     2.0083 -9.990e-29      47.88 4.9480e-02 0.0000e+00    81.7997    5.21760    35.0497    35.0655    27.3514    1486.81    1485.30 0.0000e+00
       6904    320.000     7.7429     7.7417   3.616211   3.617563     2.0086    -0.0677      56.59 4.9483e-02 0.0000e+00    81.8232    5.21190    35.0500    35.0658    27.3518    1486.82    1485.31 0.0000e+00
       6928    321.000     7.7425     7.7413   3.616296   3.617646     2.0085    -0.0622      79.85 4.9480e-02 0.0000e+00    81.8022    5.21532    35.0509    35.0666    27.3525    1486.84    1485.31 0.0000e+00
       6953    322.000     7.7417     7.7405   3.616314   3.617668     2.0086    -0.0615      98.67 4.9472e-02 0.0000e+00    81.8039    5.21162    35.0514    35.0672    27.3530    1486.85    1485.32 0.0000e+00
       6977    323.000     7.7408     7.7395   3.616323   3.617675     2.0080    -0.0651      88.07 4.9474e-02 0.0000e+00    81.7977    5.20693    35.0519    35.0678    27.3536    1486.86    1485.32 0.0000e+00
       7002    324.000     7.7399     7.7387   3.616329   3.617686     2.0075    -0.0876      52.40 4.9484e-02 0.0000e+00    81.8044    5.21019    35.0524    35.0682    27.3541    1486.88    1485.33 0.0000e+00
       7026    325.000     7.7391     7.7379   3.616334   3.617694     2.0076    -0.0888      63.63 4.9480e-02 0.0000e+00    81.7905    5.21339    35.0527    35.0686    27.3545    1486.89    1485.33 0.0000e+00
       7050    326.000     7.7388     7.7376   3.616367   3.617719     2.0076    -0.0876      67.36 4.9480e-02 0.0000e+00    81.8180    5.21329    35.0529    35.0687    27.3547    1486.91    1485.34 0.0000e+00
       7074    327.000     7.7385     7.7373   3.616389   3.617738     2.0072    -0.0610      82.74 4.9468e-02 0.0000e+00    81.8008    5.21695    35.0530    35.0687    27.3548    1486.92    1485.34 0.0000e+00
       7098    328.000     7.7374     7.7362   3.616377   3.617724     2.0081    -0.0609      94.11 4.9485e-02 0.0000e+00    81.8068    5.22236    35.0535    35.0692    27.3553    1486.93    1485.35 0.0000e+00
       7122    329.000     7.7362     7.7351   3.616356   3.617713     2.0080 -9.990e-29      98.72 4.9468e-02 0.0000e+00    81.8144    5.21862    35.0540    35.0697    27.3559    1486.95    1485.35 0.0000e+00
       7146    330.000     7.7349     7.7337   3.616329   3.617685     2.0082 -9.990e-29      57.34 4.9475e-02 0.0000e+00    81.8221    5.22227    35.0545    35.0703    27.3565    1486.96    1485.36 0.0000e+00
       7170    331.000     7.7347     7.7335   3.616377   3.617730     2.0085 -9.990e-29      85.33 4.9478e-02 0.0000e+00    81.8220    5.22765    35.0547    35.0705    27.3567    1486.98    1485.36 0.0000e+00
       7194    332.000     7.7341     7.7329   3.616386   3.617743     2.0090 -9.990e-29      75.14 4.9497e-02 0.0000e+00    81.7761    5.22652    35.0549    35.0708    27.3570    1486.99    1485.37 0.0000e+00
       7219    333.000     7.7334     7.7323   3.616395   3.617749     2.0092 -9.990e-29      75.36 4.9485e-02 0.0000e+00    81.8068    5.22842    35.0552    35.0710    27.3573    1487.00    1485.37 0.0000e+00
       7243    334.000     7.7329     7.7317   3.616422   3.617779     2.0096 -9.990e-29      78.40 4.9485e-02 0.0000e+00    81.7880    5.23469    35.0556    35.0714    27.3576    1487.02    1485.38 0.0000e+00
       7267    335.000     7.7319     7.7308   3.616390   3.617750     2.0103 -9.990e-29      62.33 4.9489e-02 0.0000e+00    81.7891    5.23291    35.0557    35.0715    27.3579    1487.03    1485.38 0.0000e+00
       7291    336.000     7.7292     7.7280   3.616239   3.617595     2.0100    -0.0832      73.48 4.9480e-02 0.0000e+00    81.7779    5.22672    35.0563    35.0722    27.3588    1487.04    1485.39 0.0000e+00
       7315    337.000     7.7268     7.7257   3.616098   3.617459     2.0097    -0.0908      59.06 4.9485e-02 0.0000e+00    81.7896    5.22483    35.0567    35.0725    27.3595    1487.05    1485.39 0.0000e+00
       7339    338.000     7.7258     7.7246   3.616074   3.617425     2.0092    -0.0671      91.45 4.9474e-02 0.0000e+00    81.7883    5.22454    35.0570    35.0728    27.3598    1487.06    1485.40 0.0000e+00
       7363    339.000     7.7241     7.7229   3.615992   3.617330     2.0088    -0.0647      76.94 4.9456e-02 0.0000e+00    81.7709    5.22568    35.0573    35.0730    27.3603    1487.07    1485.40 0.0000e+00
       7388    340.000     7.7230     7.7217   3.615948   3.617286     2.0087    -0.0886      98.91 4.9445e-02 0.0000e+00    81.7569    5.23032    35.0575    35.0732    27.3606    1487.08    1485.41 0.0000e+00
       7412    341.000     7.7216     7.7205   3.615888   3.617243     2.0087    -0.0737      63.22 4.9480e-02 0.0000e+00    81.7793    5.22710    35.0577    35.0735    27.3610    1487.09    1485.41 0.0000e+00
       7436    342.000     7.7211     7.7199   3.615914   3.617258     2.0084    -0.0663      58.46 4.9461e-02 0.0000e+00    81.7802    5.22695    35.0580    35.0738    27.3613    1487.11    1485.42 0.0000e+00
       7460    343.000     7.7196     7.7184   3.615849   3.617197     2.0081    -0.0648      98.14 4.9462e-02 0.0000e+00    81.7988    5.22602    35.0584    35.0741    27.3618    1487.12    1485.42 0.0000e+00
       7484    344.000     7.7189     7.7177   3.615838   3.617192     2.0078    -0.0743      89.16 4.9481e-02 0.0000e+00    81.7951    5.22604    35.0585    35.0743    27.3620    1487.13    1485.43 0.0000e+00
       7508    345.000     7.7186     7.7173   3.615867   3.617218     2.0075    -0.0823      31.73 4.9489e-02 0.0000e+00    81.7884    5.22824    35.0586    35.0745    27.3621    1487.15    1485.43 0.0000e+00
       7532    346.000     7.7180     7.7168   3.615851   3.617198     2.0076    -0.0669      72.14 4.9499e-02 0.0000e+00    81.7820    5.22785    35.0585    35.0743    27.3622    1487.16    1485.44 0.0000e+00
       7556    347.000     7.7170     7.7159   3.615825   3.617184     2.0070    -0.0660      46.77 4.9479e-02 0.0000e+00    81.8018    5.22499    35.0588    35.0746    27.3625    1487.18    1485.44 0.0000e+00
       7580    348.000     7.7168     7.7155   3.615875   3.617213     2.0071    -0.0575      89.78 4.9506e-02 0.0000e+00    81.7843    5.23027    35.0590    35.0748    27.3627    1487.19    1485.45 0.0000e+00
       7604    349.000     7.7158     7.7146   3.615848   3.617187     2.0069    -0.0767      62.21 4.9486e-02 0.0000e+00    81.7955    5.22635    35.0593    35.0749    27.3631    1487.21    1485.45 0.0000e+00
       7628    350.000     7.7155     7.7143   3.615863   3.617213     2.0066    -0.0724      60.25 4.9491e-02 0.0000e+00    81.8075    5.22564    35.0592    35.0750    27.3631    1487.22    1485.46 0.0000e+00
       7652    351.000     7.7154     7.7141   3.615911   3.617258     2.0061    -0.0660      82.81 4.9491e-02 0.0000e+00    81.8047    5.22485    35.0594    35.0752    27.3632    1487.24    1485.46 0.0000e+00
       7676    352.000     7.7153     7.7140   3.615958   3.617306     2.0060    -0.0622      67.34 4.9474e-02 0.0000e+00    81.8036    5.22610    35.0595    35.0754    27.3633    1487.25    1485.47 0.0000e+00
       7700    353.000     7.7145     7.7133   3.615939   3.617295     2.0056    -0.0624      64.40 4.9499e-02 0.0000e+00    81.7727    5.22617    35.0596    35.0755    27.3635    1487.27    1485.47 0.0000e+00
       7724    354.000     7.7137     7.7123   3.615953   3.617296     2.0055    -0.0584      73.79 4.9462e-02 0.0000e+00    81.7635    5.22722    35.0601    35.0760    27.3640    1487.28    1485.48 0.0000e+00
       7748    355.000     7.7124     7.7113   3.615890   3.617241     2.0054    -0.0788      93.38 4.9485e-02 0.0000e+00    81.7929    5.22703    35.0602    35.0759    27.3643    1487.29    1485.48 0.0000e+00
       7771    356.000     7.7110     7.7097   3.615832   3.617172     2.0051    -0.0943      67.38 4.9481e-02 0.0000e+00    81.7983    5.22711    35.0605    35.0763    27.3648    1487.30    1485.49 0.0000e+00
       7795    357.000     7.7105     7.7093   3.615873   3.617217     2.0050    -0.0797      70.80 4.9485e-02 0.0000e+00    81.7888    5.22690    35.0610    35.0767    27.3652    1487.32    1485.49 0.0000e+00
       7818    358.000     7.7100     7.7086   3.615896   3.617224     2.0046    -0.0648      74.96 4.9474e-02 0.0000e+00    81.8159    5.22789    35.0612    35.0770    27.3655    1487.33    1485.50 0.0000e+00
       7842    359.000     7.7097     7.7082   3.615907   3.617239     2.0048    -0.0837      65.73 4.9499e-02 0.0000e+00    81.8089    5.23240    35.0612    35.0771    27.3655    1487.35    1485.50 0.0000e+00
       7866    360.000     7.7090     7.7076   3.615892   3.617244     2.0051    -0.0649      58.40 4.9485e-02 0.0000e+00    81.7998    5.23626    35.0612    35.0772    27.3656    1487.36    1485.51 0.0000e+00
       7889    361.000     7.7080     7.7066   3.615871   3.617208     2.0053    -0.0883      54.05 4.9485e-02 0.0000e+00    81.7860    5.23473    35.0615    35.0774    27.3660    1487.38    1485.51 0.0000e+00
       7913    362.000     7.7067     7.7055   3.615845   3.617194     2.0054    -0.0904      82.03 4.9469e-02 0.0000e+00    81.8060    5.23179    35.0621    35.0778    27.3666    1487.39    1485.52 0.0000e+00
       7937    363.000     7.7069     7.7056   3.615916   3.617264     2.0049    -0.0901      61.44 4.9497e-02 0.0000e+00    81.7933    5.23183    35.0622    35.0780    27.3667    1487.41    1485.52 0.0000e+00
       7961    364.000     7.7073     7.7060   3.616013   3.617372     2.0049    -0.0671      97.14 4.9485e-02 0.0000e+00    81.7852    5.23529    35.0623    35.0783    27.3667    1487.42    1485.53 0.0000e+00
       7984    365.000     7.7090     7.7077   3.616305   3.617663     2.0049    -0.0597      69.12 4.9497e-02 0.0000e+00    81.7862    5.23013    35.0633    35.0793    27.3672    1487.45    1485.53 0.0000e+00
       8008    366.000     7.7089     7.7076   3.616373   3.617726     2.0044    -0.0689      63.92 4.9469e-02 0.0000e+00    81.7935    5.23190    35.0636    35.0795    27.3675    1487.46    1485.54 0.0000e+00
       8032    367.000     7.7086     7.7072   3.616388   3.617742     2.0047    -0.0609      99.07 4.9462e-02 0.0000e+00    81.7916    5.24485    35.0636    35.0796    27.3675    1487.48    1485.54 0.0000e+00
       8055    368.000     7.7082     7.7068   3.616412   3.617761     2.0059    -0.0689      68.55 4.9505e-02 0.0000e+00    81.7865    5.25712    35.0638    35.0798    27.3677    1487.50    1485.55 0.0000e+00
       8078    369.000     7.7080     7.7067   3.616446   3.617801     2.0073    -0.0874      98.50 4.9468e-02 0.0000e+00    81.7954    5.26289    35.0639    35.0798    27.3678    1487.51    1485.55 0.0000e+00
       8102    370.000     7.7082     7.7068   3.616495   3.617849     2.0086    -0.0849      70.87 4.9499e-02 0.0000e+00    81.8081    5.26766    35.0637    35.0797    27.3677    1487.53    1485.56 0.0000e+00
       8125    371.000     7.7076     7.7062   3.616510   3.617854     2.0100    -0.0586      98.91 4.9469e-02 0.0000e+00    81.8269    5.26957    35.0640    35.0799    27.3680    1487.54    1485.57 0.0000e+00
       8148    372.000     7.7063     7.7050   3.616463   3.617819     2.0108    -0.0630      71.92 4.9491e-02 0.0000e+00    81.8195    5.26911    35.0643    35.0803    27.3684    1487.55    1485.57 0.0000e+00
       8172    373.000     7.7055     7.7042   3.616453   3.617800     2.0113    -0.0849      58.73 4.9505e-02 0.0000e+00    81.8013    5.26786    35.0645    35.0804    27.3687    1487.57    1485.58 0.0000e+00
       8195    374.000     7.7033     7.7023   3.616303   3.617662     2.0117    -0.0700      19.61 4.9493e-02 0.0000e+00    81.7992    5.26988    35.0646    35.0803    27.3691    1487.58    1485.58 0.0000e+00
       8218    375.000     7.7005     7.6993   3.616112   3.617466     2.0122    -0.0788      74.20 4.9487e-02 0.0000e+00    81.8102    5.27424    35.0649    35.0807    27.3698    1487.58    1485.59 0.0000e+00
       8241    376.000     7.6984     7.6971   3.615984   3.617319     2.0125    -0.0926      54.17 4.9480e-02 0.0000e+00    81.8093    5.27026    35.0651    35.0809    27.3703    1487.59    1485.59 0.0000e+00
       8265    377.000     7.6957     7.6943   3.615813   3.617153     2.0124    -0.0877      87.95 4.9475e-02 0.0000e+00    81.8333    5.26598    35.0655    35.0814    27.3709    1487.60    1485.60 0.0000e+00
       8288    378.000     7.6940     7.6929   3.615710   3.617065     2.0118    -0.0836      43.01 4.9469e-02 0.0000e+00    81.8149    5.26064    35.0656    35.0814    27.3713    1487.61    1485.60 0.0000e+00
       8311    379.000     7.6903     7.6892   3.615441   3.616797     2.0109    -0.0662      97.28 4.9485e-02 0.0000e+00    81.8233    5.25897    35.0660    35.0817    27.3721    1487.61    1485.61 0.0000e+00
       8335    380.000     7.6871     7.6860   3.615218   3.616559     2.0106    -0.0860      29.28 4.9499e-02 0.0000e+00    81.8083    5.26310    35.0663    35.0819    27.3728    1487.62    1485.61 0.0000e+00
       8358    381.000     7.6834     7.6822   3.614932   3.616268     2.0103    -0.0690      78.20 4.9487e-02 0.0000e+00    81.8417    5.26073    35.0664    35.0821    27.3735    1487.62    1485.62 0.0000e+00
       8382    382.000     7.6814     7.6801   3.614822   3.616166     2.0094    -0.0609      54.49 4.9480e-02 0.0000e+00    81.8542    5.25535    35.0667    35.0826    27.3740    1487.63    1485.62 0.0000e+00
       8405    383.000     7.6808     7.6796   3.614845   3.616198     2.0086    -0.0863      91.63 4.9487e-02 0.0000e+00    81.8433    5.25154    35.0671    35.0829    27.3744    1487.64    1485.63 0.0000e+00
       8428    384.000     7.6797     7.6785   3.614819   3.616159     2.0074    -0.0733      49.48 4.9485e-02 0.0000e+00    81.8391    5.24685    35.0675    35.0831    27.3748    1487.66    1485.63 0.0000e+00
       8452    385.000     7.6779     7.6767   3.614705   3.616050     2.0070    -0.0800      98.12 4.9783e-02 0.0000e+00    81.8435    5.25601    35.0675    35.0833    27.3752    1487.66    1485.64 0.0000e+00
       8476    386.000     7.6770     7.6758   3.614707   3.616054     2.0067    -0.0791      98.80 4.9491e-02 0.0000e+00    81.8270    5.26026    35.0680    35.0838    27.3756    1487.68    1485.64 0.0000e+00
       8499    387.000     7.6778     7.6765   3.614858   3.616199     2.0073    -0.0616      93.25 4.9499e-02 0.0000e+00    81.9089    5.26977    35.0683    35.0841    27.3758    1487.70    1485.65 0.0000e+00
       8522    388.000     7.6782     7.6770   3.614964   3.616316     2.0078    -0.0587      34.35 4.9480e-02 0.0000e+00    81.9395    5.26842    35.0686    35.0844    27.3759    1487.72    1485.66 0.0000e+00
       8546    389.000     7.6780     7.6767   3.614997   3.616346     2.0081    -0.0598      95.54 4.9487e-02 0.0000e+00    81.9380    5.27367    35.0687    35.0846    27.3760    1487.73    1485.66 0.0000e+00
       8570    390.000     7.6775     7.6763   3.615005   3.616361     2.0090    -0.0900      97.76 4.9485e-02 0.0000e+00    81.9781    5.28447    35.0688    35.0846    27.3762    1487.75    1485.67 0.0000e+00
       8593    391.000     7.6753     7.6741   3.614871   3.616217     2.0107    -0.0668      90.26 4.9485e-02 0.0000e+00    82.0067    5.29562    35.0691    35.0848    27.3767    1487.76    1485.67 0.0000e+00
       8617    392.000     7.6735     7.6724   3.614738   3.616094     2.0121    -0.0611      34.57 4.9487e-02 0.0000e+00    82.0476    5.30338    35.0689    35.0847    27.3769    1487.77    1485.68 0.0000e+00
       8641    393.000     7.6720     7.6708   3.614640   3.615991     2.0140    -0.0842      80.48 4.9474e-02 0.0000e+00    82.0771    5.31317    35.0689    35.0847    27.3771    1487.78    1485.68 0.0000e+00
