_data/ctd/2022603/sta0161.cnv
* Sea-Bird SBE 9 Data File:
* FileName = C:\Seabird\CTDData\sta0161.hex
* Software Version Seasave V 7.21f
* Temperature SN = 6264
* Conductivity SN = 4928
* Number of Bytes Per Scan = 40
* Number of Voltage Words = 5
* Number of Scans Averaged by the Deck Unit = 1
* NMEA Latitude = 59 39.50 N
* NMEA Longitude = 005 53.01 E
* NMEA UTC (Time) = Feb 11 2022 17:04:38
* NMEA baud rate = 4800
** Ship: R/V "Kristine Bonnevie"
** Station: 0161
** Echodepth: 187
** Log: 0326.492
** Wind-Dir/Force: 20 10
** Air-temp (dry): -0.4
** Weather Sky:
** Sea:
# nquan = 19                                
# nvalues = 178                         
# units = specified
# name 0 = scan: Scan Count
# name 1 = prDM: Pressure, Digiquartz [db]
# name 2 = t068C: Temperature [ITS-68, deg C]
# name 3 = t168C: Temperature, 2 [ITS-68, deg C]
# name 4 = c0S/m: Conductivity [S/m]
# name 5 = c1S/m: Conductivity, 2 [S/m]
# name 6 = sbeox0V: Oxygen raw, SBE 43 [V]
# name 7 = flECO-AFL: Fluorescence, WET Labs ECO-AFL/FL [mg/m^3]
# name 8 = altM: Altimeter [m]
# name 9 = par: PAR/Irradiance, Biospherical/Licor
# name 10 = spar: SPAR/Surface Irradiance
# name 11 = CStarTr0: Beam Transmission, WET Labs C-Star [%]
# name 12 = sbeox0ML/L: Oxygen, SBE 43 [ml/l], WS = 2
# name 13 = sal00: Salinity, Practical [PSU]
# name 14 = sal11: Salinity, Practical, 2 [PSU]
# name 15 = sigma-t00: Density [sigma-t, Kg/m^3 ]
# name 16 = svCM: Sound Velocity [Chen-Millero, m/s]
# name 17 = avgsvCM: Average Sound Velocity [Chen-Millero, m/s], minP = 1, minS = 5
# name 18 = flag: flag
# span 0 =        314,       4847       
# span 1 =      2.000,    179.000       
# span 2 =     6.3352,     9.5163       
# span 3 =     6.3318,     9.5084       
# span 4 =   2.940940,   3.664181       
# span 5 =   2.935374,   3.665646       
# span 6 =     1.4426,     2.4428       
# span 7 =    -0.0645,     0.9969       
# span 8 =       8.64,      99.26       
# span 9 = 4.9402e-02, 8.3270e-01       
# span 10 = 0.0000e+00, 0.0000e+00      
# span 11 =    78.0819,    81.2133      
# span 12 =    3.15277,    6.88760      
# span 13 =    29.1672,    34.8540      
# span 14 =    29.1092,    34.8699      
# span 15 =    22.9086,    27.1239      
# span 16 =    1468.76,    1487.10      
# span 17 =    1468.76,    1484.73      
# span 18 = 0.0000e+00, 0.0000e+00      
# interval = decibars: 1                
# start_time = Feb 11 2022 17:04:40 [System UTC, header]
# bad_flag = -9.990e-29
*END*
[from data line 77]
       2175     79.000     8.5627     8.5616   3.639298   3.640645     1.9961 -9.990e-29      90.46 4.9496e-02 0.0000e+00    81.1025    4.85215    34.5997    34.6151    26.8740    1485.38    1483.94 0.0000e+00
       2198     80.000     8.5571     8.5558   3.639173   3.640535     1.9881 -9.990e-29      32.49 4.9493e-02 0.0000e+00    81.1215    4.81503    34.6034    34.6191    26.8778    1485.38    1483.96 0.0000e+00
       2221     81.000     8.5465     8.5456   3.638854   3.640202     1.9800 -9.990e-29      97.94 4.9477e-02 0.0000e+00    81.1280    4.79977    34.6099    34.6251    26.8845    1485.36    1483.98 0.0000e+00
       2243     82.000     8.5301     8.5295   3.637930   3.639260     1.9735 -9.990e-29      72.65 4.9493e-02 0.0000e+00    81.1246    4.79528    34.6158    34.6304    26.8916    1485.33    1483.99 0.0000e+00
       2265     83.000     8.5109     8.5097   3.637011   3.638355     1.9682 -9.990e-29      51.03 4.9471e-02 0.0000e+00    81.1080    4.78989    34.6244    34.6398    26.9014    1485.28    1484.01 0.0000e+00
       2288     84.000     8.5065     8.5053   3.637404   3.638769     1.9631 -9.990e-29      74.11 4.9500e-02 0.0000e+00    81.1016    4.75879    34.6324    34.6480    26.9083    1485.29    1484.02 0.0000e+00
       2311     85.000     8.5005     8.4993   3.637198   3.638538     1.9551 -9.990e-29      45.10 4.9477e-02 0.0000e+00    81.0680    4.69868    34.6356    34.6510    26.9118    1485.29    1484.04 0.0000e+00
       2333     86.000     8.4915     8.4906   3.636896   3.638238     1.9442 -9.990e-29      60.95 4.9491e-02 0.0000e+00    81.0697    4.66191    34.6408    34.6559    26.9172    1485.28    1484.05 0.0000e+00
       2357     87.000     8.4744     8.4741   3.636038   3.637400     1.9354 -9.990e-29      65.23 4.9458e-02 0.0000e+00    81.0466    4.66047    34.6480    34.6628    26.9256    1485.24    1484.07 0.0000e+00
       2380     88.000     8.4597     8.4588   3.635232   3.636572     1.9285 -9.990e-29      78.84 4.9458e-02 0.0000e+00    81.0356    4.64964    34.6534    34.6685    26.9321    1485.21    1484.08 0.0000e+00
       2403     89.000     8.4344     8.4345   3.633949   3.635295     1.9218 -9.990e-29      18.67 4.9468e-02 0.0000e+00    81.0527    4.61907    34.6642    34.6784    26.9444    1485.14    1484.09 0.0000e+00
       2426     90.000     8.4142     8.4135   3.632944   3.634304     1.9125 -9.990e-29      55.58 4.9481e-02 0.0000e+00    81.0112    4.55132    34.6729    34.6881    26.9544    1485.10    1484.10 0.0000e+00
       2449     91.000     8.4000     8.3996   3.631986   3.633337     1.8990 -9.990e-29      55.98 4.9511e-02 0.0000e+00    80.9917    4.46571    34.6763    34.6910    26.9592    1485.06    1484.11 0.0000e+00
       2472     92.000     8.3734     8.3735   3.630642   3.631959     1.8816 -9.990e-29      87.97 4.9464e-02 0.0000e+00    80.9943    4.36317    34.6877    34.7016    26.9722    1484.99    1484.12 0.0000e+00
       2495     93.000     8.3498     8.3490   3.629526   3.630850     1.8595    -0.0406      45.44 4.9487e-02 0.0000e+00    80.9470    4.24380    34.6986    34.7135    26.9844    1484.94    1484.13 0.0000e+00
       2518     94.000     8.3307     8.3304   3.628774   3.630131     1.8327    -0.0390      89.76 4.9500e-02 0.0000e+00    80.8633    4.10590    34.7090    34.7237    26.9955    1484.89    1484.14 0.0000e+00
       2541     95.000     8.3197     8.3190   3.628304   3.629627     1.8020    -0.0464      74.39 4.9475e-02 0.0000e+00    80.8431    3.97164    34.7143    34.7291    27.0014    1484.88    1484.15 0.0000e+00
       2564     96.000     8.2968     8.2964   3.627774   3.629108     1.7698    -0.0387      30.40 4.9487e-02 0.0000e+00    80.8213    3.86268    34.7308    34.7454    27.0178    1484.83    1484.16 0.0000e+00
       2586     97.000     8.2730     8.2726   3.627361   3.628675     1.7388    -0.0414      84.71 4.9515e-02 0.0000e+00    80.8558    3.79001    34.7494    34.7639    27.0361    1484.78    1484.16 0.0000e+00
       2609     98.000     8.2593     8.2586   3.627515   3.628843     1.7117    -0.0392      92.06 4.9489e-02 0.0000e+00    80.8520    3.73312    34.7642    34.7790    27.0497    1484.76    1484.17 0.0000e+00
       2631     99.000     8.2441     8.2433   3.628102   3.629434     1.6864    -0.0433      31.75 4.9463e-02 0.0000e+00    80.8177    3.67109    34.7850    34.8000    27.0684    1484.75    1484.17 0.0000e+00
       2653    100.000     8.2334     8.2321   3.627788   3.629104     1.6629    -0.0457      93.45 4.9508e-02 0.0000e+00    80.7778    3.60832    34.7917    34.8071    27.0753    1484.73    1484.18 0.0000e+00
       2676    101.000     8.2315     8.2302   3.628005   3.629329     1.6406    -0.0491      95.16 4.9524e-02 0.0000e+00    80.7232    3.55302    34.7955    34.8109    27.0785    1484.74    1484.18 0.0000e+00
       2698    102.000     8.2278     8.2265   3.628277   3.629599     1.6198    -0.0397      98.75 4.9527e-02 0.0000e+00    80.6974    3.50773    34.8015    34.8169    27.0839    1484.75    1484.19 0.0000e+00
       2721    103.000     8.2272     8.2257   3.628493   3.629807     1.6017    -0.0357      45.38 4.9488e-02 0.0000e+00    80.6964    3.47796    34.8040    34.8195    27.0859    1484.77    1484.20 0.0000e+00
       2744    104.000     8.2269     8.2254   3.628860   3.630173     1.5859    -0.0419      61.31 4.9477e-02 0.0000e+00    80.7017    3.46256    34.8077    34.8232    27.0888    1484.79    1484.20 0.0000e+00
       2766    105.000     8.2263     8.2248   3.629148   3.630463     1.5737    -0.0426      57.52 4.9506e-02 0.0000e+00    80.7044    3.44883    34.8109    34.8264    27.0914    1484.81    1484.21 0.0000e+00
       2789    106.000     8.2260     8.2245   3.629474   3.630792     1.5633    -0.0382      98.66 4.9505e-02 0.0000e+00    80.6614    3.43688    34.8142    34.8297    27.0941    1484.83    1484.21 0.0000e+00
       2811    107.000     8.2253     8.2238   3.629680   3.630995     1.5548    -0.0437      61.03 4.9490e-02 0.0000e+00    80.6520    3.42459    34.8166    34.8321    27.0961    1484.85    1484.22 0.0000e+00
       2834    108.000     8.2253     8.2237   3.629859   3.631189     1.5470    -0.0422      58.75 4.9493e-02 0.0000e+00    80.5405    3.40738    34.8180    34.8338    27.0972    1484.86    1484.23 0.0000e+00
       2856    109.000     8.2251     8.2236   3.630062   3.631387     1.5404    -0.0464      88.96 4.9490e-02 0.0000e+00    80.4806    3.39966    34.8199    34.8355    27.0987    1484.88    1484.23 0.0000e+00
       2879    110.000     8.2243     8.2228   3.630248   3.631570     1.5348    -0.0558      97.64 4.9528e-02 0.0000e+00    80.4334    3.38980    34.8222    34.8378    27.1006    1484.90    1484.24 0.0000e+00
       2901    111.000     8.2238     8.2224   3.630453   3.631791     1.5298    -0.0558      47.06 4.9493e-02 0.0000e+00    80.3894    3.38319    34.8244    34.8401    27.1024    1484.92    1484.24 0.0000e+00
       2924    112.000     8.2244     8.2229   3.630690   3.632025     1.5256    -0.0413      34.29 4.9518e-02 0.0000e+00    80.4224    3.38004    34.8258    34.8416    27.1035    1484.94    1484.25 0.0000e+00
       2947    113.000     8.2250     8.2235   3.630946   3.632268     1.5224    -0.0405      98.93 4.9534e-02 0.0000e+00    80.3993    3.37477    34.8275    34.8431    27.1047    1484.96    1484.26 0.0000e+00
       2969    114.000     8.2243     8.2229   3.631123   3.632439     1.5195    -0.0402      41.92 4.9506e-02 0.0000e+00    80.3479    3.37262    34.8296    34.8451    27.1064    1484.97    1484.26 0.0000e+00
       2991    115.000     8.2238     8.2223   3.631335   3.632660     1.5171    -0.0389      98.45 4.9527e-02 0.0000e+00    80.2916    3.36507    34.8319    34.8475    27.1083    1484.99    1484.27 0.0000e+00
       3014    116.000     8.2242     8.2227   3.631545   3.632868     1.5145    -0.0443      64.15 4.9515e-02 0.0000e+00    80.2682    3.35847    34.8332    34.8489    27.1093    1485.01    1484.28 0.0000e+00
       3036    117.000     8.2246     8.2231   3.631727   3.633057     1.5124    -0.0410      51.84 4.9515e-02 0.0000e+00    80.3121    3.35702    34.8343    34.8500    27.1101    1485.03    1484.28 0.0000e+00
       3058    118.000     8.2248     8.2234   3.631824   3.633141     1.5109    -0.0573      60.22 4.9505e-02 0.0000e+00    80.3349    3.36315    34.8347    34.8501    27.1103    1485.05    1484.29 0.0000e+00
       3081    119.000     8.2251     8.2236   3.631964   3.633284     1.5101    -0.0429      96.79 4.9530e-02 0.0000e+00    80.2894    3.36379    34.8354    34.8510    27.1108    1485.07    1484.29 0.0000e+00
       3103    120.000     8.2254     8.2238   3.632084   3.633402     1.5094    -0.0406      38.41 4.9490e-02 0.0000e+00    80.2952    3.36082    34.8359    34.8515    27.1112    1485.08    1484.30 0.0000e+00
       3126    121.000     8.2256     8.2240   3.632192   3.633511     1.5085    -0.0395      68.47 4.9505e-02 0.0000e+00    80.2757    3.35719    34.8364    34.8520    27.1115    1485.10    1484.31 0.0000e+00
       3148    122.000     8.2258     8.2242   3.632292   3.633616     1.5075    -0.0456      69.69 4.9490e-02 0.0000e+00    80.2689    3.35625    34.8367    34.8525    27.1118    1485.12    1484.31 0.0000e+00
       3171    123.000     8.2264     8.2248   3.632515   3.633846     1.5068    -0.0423      84.02 4.9496e-02 0.0000e+00    80.2766    3.35341    34.8380    34.8538    27.1127    1485.14    1484.32 0.0000e+00
       3193    124.000     8.2270     8.2254   3.632756   3.634074     1.5061    -0.0429      24.34 4.9505e-02 0.0000e+00    80.2758    3.34989    34.8395    34.8552    27.1138    1485.16    1484.33 0.0000e+00
       3215    125.000     8.2274     8.2258   3.632928   3.634257     1.5047    -0.0352      52.37 4.9521e-02 0.0000e+00    80.2306    3.34185    34.8405    34.8563    27.1145    1485.18    1484.33 0.0000e+00
       3237    126.000     8.2275     8.2260   3.633024   3.634357     1.5035    -0.0550      56.02 4.9503e-02 0.0000e+00    80.1679    3.33380    34.8409    34.8567    27.1148    1485.20    1484.34 0.0000e+00
       3259    127.000     8.2274     8.2258   3.633022   3.634349     1.5013    -0.0476      97.99 4.9515e-02 0.0000e+00    80.0652    3.32199    34.8405    34.8563    27.1145    1485.21    1484.35 0.0000e+00
       3281    128.000     8.2274     8.2259   3.633075   3.634399     1.4996    -0.0325      43.69 4.9527e-02 0.0000e+00    80.0383    3.31875    34.8406    34.8562    27.1146    1485.23    1484.36 0.0000e+00
       3303    129.000     8.2277     8.2262   3.633241   3.634575     1.4975    -0.0323      97.92 4.9496e-02 0.0000e+00    80.0323    3.31309    34.8416    34.8573    27.1153    1485.25    1484.36 0.0000e+00
       3325    130.000     8.2280     8.2265   3.633338   3.634667     1.4961    -0.0376      79.03 4.9496e-02 0.0000e+00    80.0177    3.31718    34.8419    34.8575    27.1155    1485.27    1484.37 0.0000e+00
       3347    131.000     8.2282     8.2267   3.633448   3.634784     1.4950    -0.0570      55.61 4.9496e-02 0.0000e+00    80.0088    3.31576    34.8424    34.8581    27.1159    1485.28    1484.38 0.0000e+00
       3369    132.000     8.2285     8.2270   3.633562   3.634889     1.4942    -0.0378      73.07 4.9508e-02 0.0000e+00    79.9633    3.31552    34.8428    34.8585    27.1161    1485.30    1484.38 0.0000e+00
       3392    133.000     8.2286     8.2272   3.633632   3.634956     1.4934    -0.0367      98.83 4.9527e-02 0.0000e+00    79.9649    3.31314    34.8430    34.8585    27.1163    1485.32    1484.39 0.0000e+00
       3414    134.000     8.2290     8.2275   3.633778   3.635102     1.4926    -0.0383      68.18 4.9505e-02 0.0000e+00    79.9482    3.30924    34.8436    34.8593    27.1167    1485.34    1484.40 0.0000e+00
       3436    135.000     8.2294     8.2278   3.633977   3.635298     1.4916    -0.0419      55.95 4.9496e-02 0.0000e+00    79.8655    3.30006    34.8449    34.8606    27.1177    1485.36    1484.40 0.0000e+00
       3458    136.000     8.2295     8.2280   3.634084   3.635408     1.4898    -0.0429      85.35 4.9515e-02 0.0000e+00    79.8514    3.29649    34.8454    34.8611    27.1181    1485.37    1484.41 0.0000e+00
       3481    137.000     8.2297     8.2282   3.634166   3.635498     1.4889    -0.0355      58.29 4.9502e-02 0.0000e+00    79.8534    3.29718    34.8456    34.8614    27.1182    1485.39    1484.42 0.0000e+00
       3503    138.000     8.2298     8.2284   3.634232   3.635554     1.4878    -0.0463      84.77 4.9528e-02 0.0000e+00    79.8094    3.29597    34.8458    34.8613    27.1183    1485.41    1484.43 0.0000e+00
       3525    139.000     8.2300     8.2285   3.634300   3.635629     1.4872    -0.0450      47.87 4.9521e-02 0.0000e+00    79.8023    3.29699    34.8458    34.8615    27.1183    1485.43    1484.43 0.0000e+00
       3547    140.000     8.2301     8.2286   3.634371   3.635698     1.4866    -0.0474      98.71 4.9512e-02 0.0000e+00    79.7956    3.29320    34.8460    34.8616    27.1184    1485.44    1484.44 0.0000e+00
       3569    141.000     8.2303     8.2287   3.634451   3.635784     1.4855    -0.0438      74.53 4.9518e-02 0.0000e+00    79.8029    3.29119    34.8462    34.8620    27.1185    1485.46    1484.45 0.0000e+00
       3591    142.000     8.2305     8.2290   3.634545   3.635877     1.4855    -0.0378      31.44 4.9508e-02 0.0000e+00    79.7927    3.29609    34.8465    34.8622    27.1187    1485.48    1484.45 0.0000e+00
       3612    143.000     8.2306     8.2291   3.634622   3.635964     1.4848    -0.0355      72.19 4.9515e-02 0.0000e+00    79.7537    3.29182    34.8467    34.8625    27.1189    1485.50    1484.46 0.0000e+00
       3634    144.000     8.2308     8.2293   3.634695   3.636026     1.4845    -0.0437      77.72 4.9525e-02 0.0000e+00    79.7792    3.29488    34.8468    34.8625    27.1190    1485.51    1484.47 0.0000e+00
       3655    145.000     8.2309     8.2294   3.634761   3.636094     1.4843    -0.0386      71.48 4.9502e-02 0.0000e+00    79.7245    3.29357    34.8469    34.8627    27.1190    1485.53    1484.48 0.0000e+00
       3677    146.000     8.2312     8.2297   3.634889   3.636215     1.4841    -0.0380      74.68 4.9518e-02 0.0000e+00    79.7544    3.29223    34.8475    34.8632    27.1195    1485.55    1484.48 0.0000e+00
       3699    147.000     8.2313     8.2299   3.634979   3.636316     1.4835    -0.0446      78.19 4.9502e-02 0.0000e+00    79.7704    3.28935    34.8479    34.8636    27.1197    1485.57    1484.49 0.0000e+00
       3720    148.000     8.2315     8.2300   3.635063   3.636387     1.4831    -0.0354      75.94 4.9505e-02 0.0000e+00    79.7478    3.28777    34.8481    34.8637    27.1199    1485.58    1484.50 0.0000e+00
       3742    149.000     8.2317     8.2302   3.635148   3.636469     1.4825    -0.0417      37.25 4.9483e-02 0.0000e+00    79.7068    3.28242    34.8484    34.8639    27.1200    1485.60    1484.51 0.0000e+00
       3764    150.000     8.2319     8.2305   3.635256   3.636591     1.4817    -0.0391      40.63 4.9496e-02 0.0000e+00    79.7402    3.28904    34.8488    34.8645    27.1204    1485.62    1484.51 0.0000e+00
       3786    151.000     8.2322     8.2307   3.635400   3.636733     1.4820    -0.0434      71.92 4.9509e-02 0.0000e+00    79.6826    3.28831    34.8496    34.8653    27.1209    1485.64    1484.52 0.0000e+00
       3808    152.000     8.2325     8.2310   3.635500   3.636833     1.4810    -0.0367      35.21 4.9508e-02 0.0000e+00    79.6695    3.28009    34.8499    34.8656    27.1211    1485.65    1484.53 0.0000e+00
       3830    153.000     8.2326     8.2312   3.635627   3.636949     1.4807    -0.0377      34.93 4.9483e-02 0.0000e+00    79.6582    3.28258    34.8506    34.8661    27.1217    1485.67    1484.54 0.0000e+00
