_data/ctd/2022603/sta0154.cnv
* Sea-Bird SBE 9 Data File:
* FileName = C:\Seabird\CTDData\sta0154.hex
* Software Version Seasave V 7.21f
* Temperature SN = 6264
* Conductivity SN = 4928
* Number of Bytes Per Scan = 40
* Number of Voltage Words = 5
* Number of Scans Averaged by the Deck Unit = 1
* NMEA Latitude = 60 09.08 N
* NMEA Longitude = 006 04.75 E
* NMEA UTC (Time) = Feb 10 2022 10:12:03
* NMEA baud rate = 4800
** Ship: R/V "Kristine Bonnevie"
** Station: 0154
** Echodepth: 668
** Log: 0140.707
** Wind-Dir/Force: 19 13
** Air-temp (dry): 2.5
** Weather Sky:
** Sea:
** H4_2
# nquan = 19                                
# nvalues = 658                         
# units = specified
# name 0 = scan: Scan Count
# name 1 = prDM: Pressure, Digiquartz [db]
# name 2 = t068C: Temperature [ITS-68, deg C]
# name 3 = t168C: Temperature, 2 [ITS-68, deg C]
# name 4 = c0S/m: Conductivity [S/m]
# name 5 = c1S/m: Conductivity, 2 [S/m]
# name 6 = sbeox0V: Oxygen raw, SBE 43 [V]
# name 7 = flECO-AFL: Fluorescence, WET Labs ECO-AFL/FL [mg/m^3]
# name 8 = altM: Altimeter [m]
# name 9 = par: PAR/Irradiance, Biospherical/Licor
# name 10 = spar: SPAR/Surface Irradiance
# name 11 = CStarTr0: Beam Transmission, WET Labs C-Star [%]
# name 12 = sbeox0ML/L: Oxygen, SBE 43 [ml/l], WS = 2
# name 13 = sal00: Salinity, Practical [PSU]
# name 14 = sal11: Salinity, Practical, 2 [PSU]
# name 15 = sigma-t00: Density [sigma-t, Kg/m^3 ]
# name 16 = svCM: Sound Velocity [Chen-Millero, m/s]
# name 17 = avgsvCM: Average Sound Velocity [Chen-Millero, m/s], minP = 1, minS = 5
# name 18 = flag: flag
# span 0 =        378,      15199       
# span 1 =      2.000,    659.000       
# span 2 =     6.1613,    10.1472       
# span 3 =     6.1568,    10.1451       
# span 4 =   3.032548,   3.703434       
# span 5 =   3.031843,   3.704895       
# span 6 =     1.7414,     2.4368       
# span 7 =    -0.1053,     0.7482       
# span 8 =      11.22,     100.04       
# span 9 = 4.9445e-02, 4.9465e+01       
# span 10 = 9.3937e+01, 1.0993e+02      
# span 11 =    79.2082,    82.2308      
# span 12 =    4.48990,    6.89626      
# span 13 =    30.3267,    34.9805      
# span 14 =    30.3229,    34.9954      
# span 15 =    23.8431,    27.3109      
# span 16 =    1469.52,    1491.95      
# span 17 =    1469.52,    1487.18      
# span 18 = 0.0000e+00, 0.0000e+00      
# interval = decibars: 1                
# start_time = Feb 10 2022 10:12:06 [System UTC, header]
# bad_flag = -9.990e-29
*END*
[from data line 534]
      12173    536.000     7.6506     7.6493   3.610682   3.611941     1.8235    -0.0637      78.93 4.9481e-02 1.0593e+02    81.4591    4.70619    34.9790    34.9939    27.3095    1489.94    1486.32 0.0000e+00
      12195    537.000     7.6506     7.6494   3.610736   3.611988     1.8230    -0.0673      98.77 4.9502e-02 1.0593e+02    81.4990    4.70893    34.9791    34.9938    27.3096    1489.96    1486.32 0.0000e+00
      12218    538.000     7.6499     7.6488   3.610718   3.611975     1.8224 -9.990e-29      98.79 4.9505e-02 1.0593e+02    81.4905    4.70492    34.9791    34.9938    27.3097    1489.97    1486.33 0.0000e+00
      12241    539.000     7.6496     7.6484   3.610723   3.611974     1.8217 -9.990e-29      63.74 4.9499e-02 1.0593e+02    81.4787    4.70678    34.9790    34.9937    27.3097    1489.99    1486.34 0.0000e+00
      12264    540.000     7.6488     7.6478   3.610705   3.611956     1.8216 -9.990e-29      89.76 4.9496e-02 1.0593e+02    81.4915    4.70906    34.9791    34.9936    27.3099    1490.00    1486.34 0.0000e+00
      12286    541.000     7.6484     7.6472   3.610702   3.611961     1.8210 -9.990e-29      85.17 4.9496e-02 1.0593e+02    81.4587    4.70329    34.9790    34.9938    27.3099    1490.01    1486.35 0.0000e+00
      12308    542.000     7.6481     7.6469   3.610717   3.611976     1.8204    -0.0694      59.07 4.9474e-02 1.0593e+02    81.4720    4.70058    34.9790    34.9938    27.3099    1490.03    1486.36 0.0000e+00
      12332    543.000     7.6479     7.6467   3.610740   3.611995     1.8198    -0.0642      69.36 4.9483e-02 1.0593e+02    81.4321    4.69874    34.9790    34.9937    27.3099    1490.04    1486.36 0.0000e+00
      12354    544.000     7.6480     7.6467   3.610802   3.612047     1.8189    -0.0602      73.31 4.9481e-02 1.0593e+02    81.4367    4.69358    34.9790    34.9938    27.3100    1490.06    1486.37 0.0000e+00
      12377    545.000     7.6481     7.6468   3.610853   3.612108     1.8178    -0.0637      85.83 4.9493e-02 1.0593e+02    81.4380    4.68937    34.9790    34.9939    27.3099    1490.08    1486.38 0.0000e+00
      12400    546.000     7.6482     7.6469   3.610914   3.612161     1.8170    -0.0585      98.39 4.9493e-02 1.0593e+02    81.3537    4.69033    34.9791    34.9939    27.3100    1490.10    1486.38 0.0000e+00
      12423    547.000     7.6482     7.6469   3.610956   3.612202     1.8162 -9.990e-29      49.87 4.9487e-02 1.0593e+02    81.4468    4.68512    34.9791    34.9938    27.3100    1490.11    1486.39 0.0000e+00
      12446    548.000     7.6478     7.6467   3.610967   3.612225     1.8154 -9.990e-29      98.01 4.9517e-02 1.0593e+02    81.4521    4.68732    34.9791    34.9938    27.3100    1490.13    1486.40 0.0000e+00
      12469    549.000     7.6474     7.6461   3.610963   3.612209     1.8147 -9.990e-29      69.32 4.9496e-02 1.0593e+02    81.4573    4.68403    34.9790    34.9938    27.3100    1490.14    1486.40 0.0000e+00
      12491    550.000     7.6472     7.6462   3.610997   3.612265     1.8140 -9.990e-29      98.91 4.9481e-02 1.0593e+02    81.4580    4.68014    34.9791    34.9938    27.3101    1490.16    1486.41 0.0000e+00
      12514    551.000     7.6469     7.6457   3.611008   3.612261     1.8129 -9.990e-29      94.67 4.9505e-02 1.0593e+02    81.4396    4.67616    34.9790    34.9938    27.3101    1490.17    1486.42 0.0000e+00
      12537    552.000     7.6471     7.6458   3.611063   3.612319     1.8123 -9.990e-29      35.21 4.9515e-02 1.0593e+02    81.4100    4.67915    34.9790    34.9938    27.3100    1490.19    1486.42 0.0000e+00
      12559    553.000     7.6470     7.6458   3.611099   3.612353     1.8114 -9.990e-29      95.25 4.9499e-02 1.0593e+02    81.3685    4.67203    34.9790    34.9937    27.3100    1490.21    1486.43 0.0000e+00
      12582    554.000     7.6468     7.6456   3.611121   3.612377     1.8105 -9.990e-29      60.18 4.9493e-02 1.0593e+02    81.3906    4.66983    34.9789    34.9937    27.3100    1490.22    1486.44 0.0000e+00
      12605    555.000     7.6468     7.6455   3.611162   3.612420     1.8098    -0.0596      98.70 4.9481e-02 1.0593e+02    81.3748    4.67269    34.9789    34.9938    27.3100    1490.24    1486.45 0.0000e+00
      12627    556.000     7.6466     7.6453   3.611191   3.612440     1.8091    -0.0596      80.36 4.9483e-02 1.0593e+02    81.3772    4.66995    34.9789    34.9937    27.3101    1490.25    1486.45 0.0000e+00
      12650    557.000     7.6462     7.6449   3.611198   3.612448     1.8087    -0.0627      98.69 4.9511e-02 1.0593e+02    81.3736    4.67378    34.9789    34.9937    27.3101    1490.27    1486.46 0.0000e+00
      12672    558.000     7.6462     7.6449   3.611236   3.612491     1.8085    -0.0652      98.79 4.9509e-02 1.0593e+02    81.3321    4.67111    34.9789    34.9937    27.3101    1490.29    1486.47 0.0000e+00
      12694    559.000     7.6462     7.6450   3.611297   3.612543     1.8078    -0.0631      56.75 4.9496e-02 1.0593e+02    81.3578    4.66530    34.9790    34.9937    27.3102    1490.30    1486.47 0.0000e+00
      12717    560.000     7.6463     7.6450   3.611340   3.612583     1.8069    -0.0620      94.91 4.9506e-02 1.0593e+02    81.3302    4.66132    34.9789    34.9937    27.3101    1490.32    1486.48 0.0000e+00
      12740    561.000     7.6461     7.6449   3.611372   3.612610     1.8063    -0.0637      76.72 4.9482e-02 1.0593e+02    81.3236    4.66258    34.9790    34.9936    27.3102    1490.34    1486.49 0.0000e+00
      12762    562.000     7.6459     7.6446   3.611397   3.612649     1.8056    -0.0627      98.52 4.9502e-02 1.0593e+02    81.3262    4.66098    34.9790    34.9938    27.3102    1490.35    1486.49 0.0000e+00
      12785    563.000     7.6459     7.6447   3.611444   3.612691     1.8050    -0.0600      98.79 4.9496e-02 1.0593e+02    81.3183    4.65918    34.9790    34.9937    27.3102    1490.37    1486.50 0.0000e+00
      12807    564.000     7.6456     7.6444   3.611461   3.612710     1.8043    -0.0625      62.73 4.9487e-02 1.0593e+02    81.3151    4.65886    34.9790    34.9937    27.3103    1490.38    1486.51 0.0000e+00
      12830    565.000     7.6457     7.6444   3.611517   3.612762     1.8040    -0.0634      88.65 4.9518e-02 1.0593e+02    81.3360    4.66115    34.9791    34.9938    27.3103    1490.40    1486.51 0.0000e+00
      12853    566.000     7.6455     7.6442   3.611544   3.612790     1.8035    -0.0628      80.78 4.9512e-02 1.0593e+02    81.3307    4.65373    34.9791    34.9938    27.3103    1490.42    1486.52 0.0000e+00
      12875    567.000     7.6450     7.6438   3.611554   3.612794     1.8025    -0.0600      36.52 4.9502e-02 1.0593e+02    81.3197    4.65121    34.9792    34.9938    27.3105    1490.43    1486.53 0.0000e+00
      12898    568.000     7.6450     7.6437   3.611580   3.612839     1.8019    -0.0622      76.59 4.9509e-02 1.0593e+02    81.3073    4.65038    34.9790    34.9939    27.3104    1490.45    1486.53 0.0000e+00
      12920    569.000     7.6448     7.6435   3.611612   3.612850     1.8013 -9.990e-29      72.05 4.9512e-02 1.0593e+02    81.3157    4.64942    34.9791    34.9937    27.3105    1490.46    1486.54 0.0000e+00
      12943    570.000     7.6447     7.6435   3.611653   3.612898     1.8004 -9.990e-29      76.92 4.9521e-02 1.0593e+02    81.3362    4.64589    34.9792    34.9938    27.3105    1490.48    1486.55 0.0000e+00
      12965    571.000     7.6448     7.6435   3.611693   3.612948     1.7999 -9.990e-29      84.64 4.9518e-02 1.0593e+02    81.3519    4.64493    34.9790    34.9939    27.3104    1490.50    1486.55 0.0000e+00
      12988    572.000     7.6448     7.6436   3.611747   3.613002     1.7990 -9.990e-29      40.21 4.9483e-02 1.0593e+02    81.3135    4.64106    34.9791    34.9939    27.3105    1490.51    1486.56 0.0000e+00
      13010    573.000     7.6448     7.6435   3.611790   3.613034     1.7982 -9.990e-29      72.25 4.9493e-02 1.0593e+02    81.3251    4.63977    34.9791    34.9938    27.3105    1490.53    1486.57 0.0000e+00
      13032    574.000     7.6447     7.6435   3.611817   3.613076     1.7976 -9.990e-29      66.57 4.9490e-02 1.0593e+02    81.3392    4.64228    34.9790    34.9938    27.3104    1490.54    1486.58 0.0000e+00
      13055    575.000     7.6444     7.6432   3.611850   3.613095     1.7974 -9.990e-29      84.18 4.9487e-02 1.0593e+02    81.3311    4.64247    34.9792    34.9938    27.3106    1490.56    1486.58 0.0000e+00
      13078    576.000     7.6446     7.6434   3.611906   3.613151     1.7967 -9.990e-29      83.75 4.9499e-02 1.0593e+02    81.3289    4.64003    34.9791    34.9938    27.3105    1490.58    1486.59 0.0000e+00
      13100    577.000     7.6446     7.6433   3.611940   3.613190     1.7963 -9.990e-29      76.83 4.9502e-02 1.0603e+02    81.3319    4.63545    34.9790    34.9938    27.3104    1490.59    1486.60 0.0000e+00
      13123    578.000     7.6445     7.6433   3.611985   3.613245     1.7954 -9.990e-29      52.56 4.9487e-02 1.0610e+02    81.3431    4.63538    34.9791    34.9939    27.3105    1490.61    1486.60 0.0000e+00
      13145    579.000     7.6445     7.6433   3.612034   3.613288     1.7951 -9.990e-29      47.26 4.9502e-02 1.0611e+02    81.3182    4.63361    34.9792    34.9939    27.3106    1490.63    1486.61 0.0000e+00
      13168    580.000     7.6446     7.6433   3.612085   3.613333     1.7941 -9.990e-29      81.22 4.9515e-02 1.0623e+02    81.2902    4.62991    34.9792    34.9939    27.3105    1490.64    1486.62 0.0000e+00
      13190    581.000     7.6445     7.6433   3.612123   3.613368     1.7938 -9.990e-29      80.12 4.9499e-02 1.0713e+02    81.2846    4.63237    34.9792    34.9938    27.3106    1490.66    1486.62 0.0000e+00
      13213    582.000     7.6445     7.6433   3.612168   3.613416     1.7931 -9.990e-29      68.61 4.9490e-02 1.0674e+02    81.2891    4.62510    34.9792    34.9939    27.3106    1490.68    1486.63 0.0000e+00
      13234    583.000     7.6446     7.6434   3.612225   3.613472     1.7922 -9.990e-29      65.94 4.9445e-02 1.0739e+02    81.2670    4.62437    34.9792    34.9939    27.3106    1490.69    1486.64 0.0000e+00
      13257    584.000     7.6447     7.6434   3.612273   3.613520     1.7916 -9.990e-29      32.62 4.9471e-02 1.0793e+02    81.2665    4.62491    34.9792    34.9939    27.3105    1490.71    1486.64 0.0000e+00
      13279    585.000     7.6446     7.6434   3.612310   3.613561     1.7913 -9.990e-29      84.30 4.9481e-02 1.0776e+02    81.2543    4.62598    34.9792    34.9939    27.3106    1490.73    1486.65 0.0000e+00
      13301    586.000     7.6445     7.6434   3.612340   3.613603     1.7905    -0.0559      80.39 4.9508e-02 1.0793e+02    81.2199    4.62065    34.9792    34.9939    27.3106    1490.74    1486.66 0.0000e+00
      13323    587.000     7.6445     7.6433   3.612384   3.613631     1.7899    -0.0558      78.35 4.9477e-02 1.0793e+02    81.2374    4.61833    34.9792    34.9938    27.3106    1490.76    1486.67 0.0000e+00
      13346    588.000     7.6446     7.6433   3.612443   3.613689     1.7893    -0.0558      72.27 4.9502e-02 1.0793e+02    81.2051    4.61832    34.9792    34.9940    27.3106    1490.78    1486.67 0.0000e+00
      13368    589.000     7.6447     7.6434   3.612484   3.613735     1.7885    -0.0558      86.14 4.9489e-02 1.0793e+02    81.2094    4.61633    34.9791    34.9939    27.3105    1490.79    1486.68 0.0000e+00
      13390    590.000     7.6447     7.6434   3.612538   3.613784     1.7879    -0.0558      69.01 4.9477e-02 1.0793e+02    81.2054    4.61815    34.9792    34.9939    27.3106    1490.81    1486.69 0.0000e+00
      13412    591.000     7.6447     7.6434   3.612578   3.613837     1.7879 -9.990e-29      99.03 4.9518e-02 1.0793e+02    81.1911    4.62005    34.9792    34.9940    27.3105    1490.83    1486.69 0.0000e+00
      13434    592.000     7.6451     7.6438   3.612673   3.613925     1.7874 -9.990e-29      80.84 4.9484e-02 1.0793e+02    81.2088    4.61785    34.9793    34.9941    27.3106    1490.84    1486.70 0.0000e+00
      13456    593.000     7.6453     7.6441   3.612739   3.614001     1.7873 -9.990e-29      98.76 4.9472e-02 1.0793e+02    81.2397    4.61700    34.9793    34.9942    27.3106    1490.86    1486.71 0.0000e+00
      13478    594.000     7.6455     7.6442   3.612805   3.614053     1.7866 -9.990e-29      94.32 4.9487e-02 1.0793e+02    81.2193    4.61091    34.9794    34.9941    27.3106    1490.88    1486.71 0.0000e+00
      13500    595.000     7.6456     7.6444   3.612871   3.614121     1.7859 -9.990e-29      98.71 4.9496e-02 1.0793e+02    81.2071    4.60869    34.9795    34.9942    27.3107    1490.89    1486.72 0.0000e+00
      13522    596.000     7.6458     7.6445   3.612922   3.614175     1.7851 -9.990e-29      98.45 4.9492e-02 1.0793e+02    81.1986    4.60541    34.9794    34.9942    27.3105    1490.91    1486.73 0.0000e+00
      13544    597.000     7.6461     7.6447   3.612996   3.614247     1.7845 -9.990e-29      47.29 4.9477e-02 1.0793e+02    81.2096    4.60960    34.9794    34.9943    27.3105    1490.93    1486.74 0.0000e+00
      13565    598.000     7.6461     7.6449   3.613058   3.614299     1.7843 -9.990e-29      90.45 4.9496e-02 1.0793e+02    81.1979    4.60930    34.9796    34.9942    27.3107    1490.95    1486.74 0.0000e+00
      13587    599.000     7.6461     7.6449   3.613091   3.614345     1.7837 -9.990e-29      98.82 4.9485e-02 1.0793e+02    81.1971    4.60741    34.9795    34.9942    27.3106    1490.96    1486.75 0.0000e+00
      13609    600.000     7.6451     7.6439   3.613023   3.614272     1.7835 -9.990e-29      98.79 4.9490e-02 1.0793e+02    81.2096    4.60882    34.9793    34.9940    27.3106    1490.98    1486.76 0.0000e+00
      13631    601.000     7.6445     7.6434   3.613023   3.614266     1.7831 -9.990e-29      47.81 4.9502e-02 1.0793e+02    81.2163    4.60244    34.9794    34.9939    27.3107    1490.99    1486.76 0.0000e+00
      13652    602.000     7.6446     7.6434   3.613069   3.614318     1.7822 -9.990e-29      92.68 4.9502e-02 1.0793e+02    81.1986    4.60227    34.9793    34.9940    27.3107    1491.01    1486.77 0.0000e+00
      13674    603.000     7.6446     7.6434   3.613115   3.614363     1.7818 -9.990e-29      52.97 4.9496e-02 1.0793e+02    81.1620    4.60317    34.9793    34.9940    27.3107    1491.02    1486.78 0.0000e+00
      13696    604.000     7.6447     7.6434   3.613160   3.614403     1.7814 -9.990e-29      95.49 4.9533e-02 1.0793e+02    81.1973    4.59819    34.9793    34.9940    27.3106    1491.04    1486.78 0.0000e+00
      13718    605.000     7.6447     7.6435   3.613210   3.614454     1.7805 -9.990e-29      50.71 4.9503e-02 1.0793e+02    81.1791    4.59895    34.9793    34.9939    27.3107    1491.06    1486.79 0.0000e+00
      13740    606.000     7.6446     7.6434   3.613241   3.614484     1.7803 -9.990e-29      96.93 4.9484e-02 1.0793e+02    81.1882    4.59921    34.9793    34.9939    27.3106    1491.07    1486.80 0.0000e+00
      13762    607.000     7.6447     7.6434   3.613288   3.614542     1.7797 -9.990e-29      48.50 4.9508e-02 1.0793e+02    81.1987    4.59486    34.9792    34.9940    27.3106    1491.09    1486.81 0.0000e+00
      13784    608.000     7.6447     7.6434   3.613334   3.614582     1.7790 -9.990e-29      98.68 4.9515e-02 1.0793e+02    81.1648    4.59467    34.9792    34.9940    27.3106    1491.11    1486.81 0.0000e+00
      13806    609.000     7.6446     7.6434   3.613375   3.614628     1.7787 -9.990e-29      45.47 4.9515e-02 1.0793e+02    81.1614    4.59428    34.9793    34.9940    27.3107    1491.12    1486.82 0.0000e+00
      13829    610.000     7.6446     7.6434   3.613416   3.614662     1.7780 -9.990e-29      99.53 4.9508e-02 1.0793e+02    81.1813    4.59190    34.9793    34.9939    27.3106    1491.14    1486.83 0.0000e+00
