_data/ctd/2022603/sta0159.cnv
* Sea-Bird SBE 9 Data File:
* FileName = C:\Seabird\CTDData\sta0159.hex
* Software Version Seasave V 7.21f
* Temperature SN = 6264
* Conductivity SN = 4928
* Number of Bytes Per Scan = 40
* Number of Voltage Words = 5
* Number of Scans Averaged by the Deck Unit = 1
* NMEA Latitude = 59 33.60 N
* NMEA Longitude = 005 10.85 E
* NMEA UTC (Time) = Feb 11 2022 07:54:45
* NMEA baud rate = 4800
** Ship: R/V "Kristine Bonnevie"
** Station: 0159
** Echodepth: 333
** Log: 0263.722
** Wind-Dir/Force: 03 11
** Air-temp (dry): 0.7
** Weather Sky:
** Sea:
# nquan = 19                                
# nvalues = 326                         
# units = specified
# name 0 = scan: Scan Count
# name 1 = prDM: Pressure, Digiquartz [db]
# name 2 = t068C: Temperature [ITS-68, deg C]
# name 3 = t168C: Temperature, 2 [ITS-68, deg C]
# name 4 = c0S/m: Conductivity [S/m]
# name 5 = c1S/m: Conductivity, 2 [S/m]
# name 6 = sbeox0V: Oxygen raw, SBE 43 [V]
# name 7 = flECO-AFL: Fluorescence, WET Labs ECO-AFL/FL [mg/m^3]
# name 8 = altM: Altimeter [m]
# name 9 = par: PAR/Irradiance, Biospherical/Licor
# name 10 = spar: SPAR/Surface Irradiance
# name 11 = CStarTr0: Beam Transmission, WET Labs C-Star [%]
# name 12 = sbeox0ML/L: Oxygen, SBE 43 [ml/l], WS = 2
# name 13 = sal00: Salinity, Practical [PSU]
# name 14 = sal11: Salinity, Practical, 2 [PSU]
# name 15 = sigma-t00: Density [sigma-t, Kg/m^3 ]
# name 16 = svCM: Sound Velocity [Chen-Millero, m/s]
# name 17 = avgsvCM: Average Sound Velocity [Chen-Millero, m/s], minP = 1, minS = 5
# name 18 = flag: flag
# span 0 =        398,       8492       
# span 1 =      2.000,    327.000       
# span 2 =     7.1962,     8.1842       
# span 3 =     7.1947,     8.1864       
# span 4 =   3.389882,   3.626292       
# span 5 =   3.387427,   3.627326       
# span 6 =     2.1180,     2.5102       
# span 7 =    -0.0967,     0.3589       
# span 8 =       8.52,     100.20       
# span 9 = 4.9337e-02, 3.1313e+01       
# span 10 = 3.9951e+01, 5.7957e+01      
# span 11 =    78.4307,    80.9518      
# span 12 =    5.56550,    6.81593      
# span 13 =    33.2297,    34.9103      
# span 14 =    33.2341,    34.9230      
# span 15 =    25.9897,    27.2057      
# span 16 =    1477.46,    1487.69      
# span 17 =    1477.46,    1484.49      
# span 18 = 0.0000e+00, 0.0000e+00      
# interval = decibars: 1                
# start_time = Feb 11 2022 07:54:47 [System UTC, header]
# bad_flag = -9.990e-29
*END*
        398      2.000     7.2555     7.2231   3.389882   3.387427     2.3804     0.3304      80.54 3.1313e+01 5.1965e+01    80.7262    6.37456    33.2297    33.2341    25.9897    1477.46    1477.46 0.0000e+00
        445      3.000     7.3039     7.3143   3.396198   3.398978     2.3793     0.3281      12.09 2.1303e+01 5.1965e+01    80.5595    6.37225    33.2513    33.2715    26.0000    1477.69    1477.54 0.0000e+00
        489      4.000     7.3756     7.3971   3.407511   3.412449     2.3791     0.3374      54.89 1.7049e+01 5.3596e+01    80.4925    6.36176    33.3047    33.3376    26.0321    1478.05    1477.66 0.0000e+00
        516      5.000     7.4159     7.4158   3.416696   3.417589     2.3798     0.3589      79.59 1.3420e+01 5.5209e+01    80.5921    6.36515    33.3651    33.3749    26.0739    1478.29    1477.79 0.0000e+00
        541      6.000     7.4184     7.4174   3.419839   3.420755     2.3807     0.3334      73.82 1.1047e+01 5.5988e+01    80.6425    6.37073    33.3963    33.4072    26.0981    1478.36    1477.88 0.0000e+00
        565      7.000     7.4222     7.4210   3.421014   3.421901     2.3822     0.3255      98.89 8.5514e+00 5.7766e+01    80.6151    6.38048    33.4049    33.4156    26.1043    1478.40    1477.96 0.0000e+00
        587      8.000     7.4093     7.4132   3.420701   3.421730     2.3840     0.3348      98.81 7.1667e+00 5.7957e+01    80.5780    6.39951    33.4134    33.4208    26.1129    1478.38    1478.01 0.0000e+00
        610      9.000     7.3908     7.3973   3.420112   3.421192     2.3870     0.3269      98.81 6.1268e+00 5.7413e+01    80.5828    6.42119    33.4244    33.4299    26.1241    1478.34    1478.05 0.0000e+00
        635     10.000     7.3636     7.3615   3.419155   3.420077     2.3908     0.3258      98.82 5.1966e+00 5.6009e+01    80.5990    6.43608    33.4398    33.4519    26.1400    1478.27    1478.07 0.0000e+00
        661     11.000     7.3522     7.3601   3.418784   3.419693     2.3937     0.3286      98.81 4.4930e+00 5.5962e+01    80.5621    6.45207    33.4463    33.4486    26.1467    1478.25    1478.09 0.0000e+00
        686     12.000     7.3000     7.3012   3.418459   3.419268     2.3981     0.3338      98.82 3.8219e+00 5.5622e+01    80.5316    6.48436    33.4928    33.5004    26.1906    1478.12    1478.09 0.0000e+00
        709     13.000     7.2748     7.2784   3.418761   3.419550     2.4022     0.3299      98.81 3.2860e+00 5.3931e+01    80.4850    6.49954    33.5200    33.5251    26.2155    1478.08    1478.09 0.0000e+00
        729     14.000     7.2176     7.2257   3.418853   3.419625     2.4057     0.3286      98.81 2.9175e+00 5.3228e+01    80.4584    6.52557    33.5761    33.5766    26.2675    1477.94    1478.08 0.0000e+00
        748     15.000     7.2206     7.2100   3.423249   3.422914     2.4096     0.3355      98.82 2.5845e+00 5.1935e+01    80.4001    6.54344    33.6206    33.6273    26.3022    1478.02    1478.07 0.0000e+00
        766     16.000     7.2820     7.2747   3.432564   3.433197     2.4140     0.3326      98.82 2.2602e+00 5.1965e+01    80.3531    6.57364    33.6619    33.6759    26.3261    1478.33    1478.09 0.0000e+00
        785     17.000     7.2730     7.2712   3.432887   3.433672     2.4215     0.3266      98.82 1.9800e+00 5.1965e+01    80.2843    6.63794    33.6737    33.6840    26.3366    1478.33    1478.10 0.0000e+00
        803     18.000     7.2511     7.2526   3.431528   3.432437     2.4309     0.3296      98.83 1.7643e+00 5.2186e+01    80.2362    6.68662    33.6797    33.6882    26.3444    1478.27    1478.11 0.0000e+00
        822     19.000     7.2088     7.2099   3.428808   3.429617     2.4401     0.3302      98.82 1.5894e+00 5.3954e+01    80.2029    6.71286    33.6908    33.6986    26.3591    1478.13    1478.11 0.0000e+00
        842     20.000     7.1988     7.1977   3.429645   3.430482     2.4485     0.3376      98.82 1.4207e+00 5.3964e+01    80.1930    6.72521    33.7092    33.7195    26.3749    1478.13    1478.11 0.0000e+00
        863     21.000     7.1962     7.1947   3.431631   3.432558     2.4562     0.3274      98.82 1.2717e+00 5.4859e+01    80.2243    6.74451    33.7330    33.7446    26.3940    1478.17    1478.12 0.0000e+00
        886     22.000     7.2022     7.2005   3.436006   3.437052     2.4645     0.3275      98.82 1.1257e+00 5.5885e+01    80.2098    6.76662    33.7744    33.7875    26.4257    1478.26    1478.12 0.0000e+00
        907     23.000     7.2129     7.2071   3.439942   3.439798     2.4715     0.3252      98.82 1.0014e+00 5.5278e+01    80.2374    6.78156    33.8064    33.8105    26.4494    1478.36    1478.13 0.0000e+00
        925     24.000     7.2148     7.2127   3.440553   3.441393     2.4773     0.3231      98.83 8.9385e-01 5.3943e+01    80.2622    6.79441    33.8107    33.8219    26.4526    1478.39    1478.14 0.0000e+00
        941     25.000     7.2254     7.2211   3.442212   3.443013     2.4818     0.3335      98.82 7.9601e-01 5.3964e+01    80.2554    6.80137    33.8180    33.8309    26.4568    1478.45    1478.16 0.0000e+00
        956     26.000     7.2420     7.2403   3.444658   3.445702     2.4858     0.3297      98.83 7.1324e-01 5.3964e+01    80.2742    6.80853    33.8279    33.8409    26.4623    1478.55    1478.17 0.0000e+00
        973     27.000     7.2569     7.2543   3.447759   3.448713     2.4899     0.3350      98.82 6.4194e-01 5.3964e+01    80.2738    6.81180    33.8466    33.8596    26.4750    1478.64    1478.19 0.0000e+00
        992     28.000     7.2639     7.2620   3.449038   3.449993     2.4939     0.3164      98.82 5.8106e-01 5.3964e+01    80.2843    6.81593    33.8532    33.8655    26.4792    1478.70    1478.21 0.0000e+00
       1014     29.000     7.2980     7.2918   3.454349   3.455007     2.4978     0.2946      98.83 5.3170e-01 5.3964e+01    80.3474    6.81025    33.8772    33.8905    26.4933    1478.87    1478.23 0.0000e+00
       1036     30.000     7.3886     7.3697   3.466795   3.466847     2.5003     0.3319      42.78 4.8647e-01 5.3677e+01    80.3717    6.79268    33.9234    33.9425    26.5170    1479.30    1478.27 0.0000e+00
       1056     31.000     7.4811     7.4767   3.479034   3.479886     2.5025     0.2847      93.41 4.3983e-01 5.1996e+01    80.2742    6.79070    33.9653    33.9788    26.5368    1479.72    1478.31 0.0000e+00
       1074     32.000     7.4745     7.4743   3.479327   3.480299     2.5056     0.2816      32.37 3.9997e-01 5.1965e+01    80.3385    6.80122    33.9744    33.9852    26.5449    1479.72    1478.36 0.0000e+00
       1093     33.000     7.4687     7.4678   3.479219   3.480159     2.5074     0.2724      87.85 3.6052e-01 5.1965e+01    80.4025    6.78053    33.9785    33.9895    26.5489    1479.72    1478.40 0.0000e+00
       1112     34.000     7.4588     7.4590   3.478816   3.479780     2.5065     0.2500      78.40 3.2660e-01 5.1965e+01    80.3799    6.76044    33.9833    33.9936    26.5541    1479.70    1478.44 0.0000e+00
       1133     35.000     7.4595     7.4574   3.479782   3.480782     2.5055     0.2032      84.06 2.9361e-01 5.1965e+01    80.3720    6.75598    33.9926    34.0055    26.5613    1479.74    1478.47 0.0000e+00
       1154     36.000     7.4906     7.4863   3.483976   3.484957     2.5045     0.2048      98.79 2.6339e-01 5.3544e+01    80.3421    6.75993    34.0072    34.0220    26.5683    1479.89    1478.51 0.0000e+00
       1179     37.000     7.6332     7.6137   3.500805   3.500978     2.5054     0.1950      47.46 2.3946e-01 5.3962e+01    80.3754    6.76110    34.0492    34.0702    26.5810    1480.50    1478.57 0.0000e+00
       1203     38.000     7.7257     7.7251   3.511254   3.512737     2.5083     0.1951      78.33 2.1540e-01 5.3847e+01    80.3387    6.76520    34.0710    34.0876    26.5847    1480.90    1478.63 0.0000e+00
       1225     39.000     7.7698     7.7664   3.517045   3.518284     2.5102     0.1806      98.99 1.9475e-01 5.1980e+01    80.3911    6.72763    34.0898    34.1065    26.5931    1481.11    1478.69 0.0000e+00
       1244     40.000     7.8721     7.8662   3.530273   3.531635     2.5078     0.1265      98.68 1.8103e-01 5.2003e+01    80.4594    6.64125    34.1316    34.1520    26.6110    1481.56    1478.76 0.0000e+00
       1264     41.000     7.8852     7.8856   3.532437   3.533470     2.5003     0.0961      64.32 1.6539e-01 5.3948e+01    80.5767    6.57177    34.1416    34.1523    26.6169    1481.64    1478.83 0.0000e+00
       1284     42.000     7.8626     7.8608   3.531980   3.532976     2.4903     0.0682      52.97 1.4914e-01 5.5049e+01    80.5999    6.49875    34.1583    34.1708    26.6333    1481.59    1478.90 0.0000e+00
       1307     43.000     7.9118     7.9071   3.538870   3.540292     2.4747     0.0603      70.75 1.3556e-01 5.5967e+01    80.6834    6.40253    34.1837    34.2036    26.6461    1481.83    1478.97 0.0000e+00
       1328     44.000     8.0499     8.0387   3.555709   3.556665     2.4588     0.0438      90.61 1.2319e-01 5.4351e+01    80.6711    6.34335    34.2287    34.2499    26.6609    1482.42    1479.04 0.0000e+00
       1347     45.000     8.1220     8.1200   3.564398   3.565522     2.4472     0.0084      88.66 1.1369e-01 5.2393e+01    80.6989    6.32496    34.2507    34.2647    26.6674    1482.74    1479.13 0.0000e+00
       1367     46.000     8.1473     8.1394   3.569196   3.570084     2.4365    -0.0154      35.26 1.0647e-01 5.1968e+01    80.7480    6.27568    34.2767    34.2940    26.6841    1482.88    1479.21 0.0000e+00
       1389     47.000     8.1842     8.1864   3.575374   3.576404     2.4219    -0.0179      99.13 9.8217e-02 5.1965e+01    80.8227    6.18308    34.3062    34.3150    26.7016    1483.07    1479.29 0.0000e+00
       1412     48.000     8.0908     8.0928   3.569094   3.570129     2.4031 -9.990e-29      80.06 8.9652e-02 5.3010e+01    80.9059    6.09951    34.3300    34.3391    26.7344    1482.77    1479.36 0.0000e+00
       1434     49.000     8.0832     8.0810   3.570619   3.571654     2.3820 -9.990e-29      35.78 8.4629e-02 5.3886e+01    80.9518    6.01881    34.3533    34.3665    26.7538    1482.78    1479.43 0.0000e+00
       1456     50.000     8.0631     8.0651   3.569918   3.571058     2.3629 -9.990e-29      94.99 7.4032e-02 5.2075e+01    80.9392    5.99854    34.3650    34.3753    26.7660    1482.74    1479.50 0.0000e+00
       1479     51.000     8.0354     8.0358   3.570705   3.571735     2.3479 -9.990e-29      98.59 6.8033e-02 5.1768e+01    80.9182    6.00232    34.4002    34.4108    26.7977    1482.70    1479.56 0.0000e+00
       1503     52.000     8.0064     8.0061   3.569847   3.570894     2.3360    -0.0246      89.58 6.2673e-02 5.1424e+01    80.9177    6.00687    34.4190    34.4305    26.8169    1482.63    1479.62 0.0000e+00
       1529     53.000     7.9993     7.9982   3.569793   3.570840     2.3272    -0.0173      71.82 5.4909e-02 -9.990e-29    80.8747    6.01342    34.4249    34.4373    26.8226    1482.62    1479.68 0.0000e+00
       1553     54.000     7.9921     7.9916   3.570511   3.571544     2.3214    -0.0416      99.22 5.1559e-02 -9.990e-29    80.8836    6.01773    34.4392    34.4508    26.8349    1482.63    1479.73 0.0000e+00
       1574     55.000     7.9629     7.9635   3.570159   3.571198     2.3180    -0.0488      98.82 4.9850e-02 -9.990e-29    80.8495    6.02588    34.4638    34.4743    26.8585    1482.57    1479.78 0.0000e+00
       1592     56.000     7.9487     7.9472   3.570203   3.571313     2.3160    -0.0504      74.41 4.9481e-02 -9.990e-29    80.7984    6.02537    34.4777    34.4912    26.8716    1482.55    1479.83 0.0000e+00
       1609     57.000     7.9575     7.9536   3.573265   3.574114     2.3136 -9.990e-29      67.42 4.9478e-02 5.1965e+01    80.7946    6.01838    34.5015    34.5144    26.8889    1482.63    1479.88 0.0000e+00
       1627     58.000     7.9722     7.9738   3.575515   3.577257     2.3122 -9.990e-29      53.33 4.9478e-02 5.1965e+01    80.7563    6.01792    34.5106    34.5278    26.8939    1482.71    1479.93 0.0000e+00
       1646     59.000     7.9809     7.9825   3.576767   3.578308     2.3106 -9.990e-29      97.01 4.9485e-02 5.1965e+01    80.7626    6.02012    34.5150    34.5300    26.8961    1482.76    1479.98 0.0000e+00
       1669     60.000     7.9949     7.9917   3.579020   3.580000     2.3097 -9.990e-29      87.88 4.9494e-02 5.3125e+01    80.7528    6.01430    34.5249    34.5386    26.9017    1482.84    1480.02 0.0000e+00
       1696     61.000     8.0125     8.0108   3.583127   3.584275     2.3074    -0.0445      38.03 4.9501e-02 5.3960e+01    80.7442    5.99419    34.5511    34.5651    26.9197    1482.96    1480.07 0.0000e+00
       1722     62.000     8.0172     8.0150   3.584435   3.585409     2.3046    -0.0477      98.76 4.9461e-02 5.3964e+01    80.7779    5.97468    34.5600    34.5726    26.9260    1483.01    1480.12 0.0000e+00
       1746     63.000     8.0248     8.0230   3.586542   3.587677     2.3006    -0.0499      77.10 4.9490e-02 5.2304e+01    80.7960    5.95075    34.5746    34.5886    26.9363    1483.07    1480.17 0.0000e+00
       1767     64.000     8.0283     8.0267   3.587882   3.589071     2.2969    -0.0501      82.65 4.9466e-02 5.0643e+01    80.7480    5.94115    34.5850    34.5994    26.9440    1483.11    1480.21 0.0000e+00
       1786     65.000     8.0286     8.0272   3.587938   3.589167     2.2941    -0.0428      98.87 4.9485e-02 4.9964e+01    80.7011    5.93356    34.5849    34.5994    26.9438    1483.13    1480.26 0.0000e+00
       1803     66.000     8.0285     8.0268   3.588001   3.589031     2.2912    -0.0509      98.81 4.9512e-02 4.8459e+01    80.6734    5.92528    34.5852    34.5979    26.9441    1483.15    1480.30 0.0000e+00
       1819     67.000     8.0292     8.0276   3.588421   3.589528     2.2886 -9.990e-29      76.88 4.9489e-02 4.7990e+01    80.6346    5.91864    34.5885    34.6019    26.9466    1483.17    1480.34 0.0000e+00
       1839     68.000     8.0293     8.0278   3.588535   3.589598     2.2857 -9.990e-29      86.46 4.9487e-02 4.9708e+01    80.5953    5.91325    34.5891    34.6020    26.9470    1483.19    1480.39 0.0000e+00
       1868     69.000     8.0290     8.0274   3.588685   3.589751     2.2822 -9.990e-29      98.54 4.9475e-02 5.1079e+01    80.5669    5.90983    34.5905    34.6036    26.9482    1483.20    1480.43 0.0000e+00
       1902     70.000     8.0289     8.0274   3.589119   3.590113     2.2789    -0.0646      85.54 4.9476e-02 5.1914e+01    80.5917    5.90851    34.5948    34.6070    26.9516    1483.22    1480.47 0.0000e+00
       1929     71.000     8.0291     8.0275   3.590373   3.591438     2.2773    -0.0504      47.21 4.9480e-02 4.9926e+01    80.6074    5.90583    34.6076    34.6206    26.9616    1483.26    1480.51 0.0000e+00
       1951     72.000     8.0281     8.0268   3.591240   3.592388     2.2759    -0.0512      99.71 4.9488e-02 4.8949e+01    80.5799    5.90232    34.6174    34.6310    26.9694    1483.28    1480.54 0.0000e+00
       1970     73.000     8.0273     8.0257   3.592065   3.593126     2.2746    -0.0457      98.25 4.9524e-02 4.7958e+01    80.5770    5.89478    34.6265    34.6395    26.9767    1483.31    1480.58 0.0000e+00
       1987     74.000     8.0281     8.0263   3.592378   3.593423     2.2731    -0.0467      86.74 4.9504e-02 4.7976e+01    80.4908    5.89451    34.6286    34.6416    26.9783    1483.33    1480.62 0.0000e+00
       2003     75.000     8.0283     8.0266   3.592469   3.593524     2.2727    -0.0439      56.78 4.9483e-02 4.9704e+01    80.4686    5.89644    34.6289    34.6419    26.9785    1483.35    1480.65 0.0000e+00
       2020     76.000     8.0287     8.0270   3.592828   3.593884     2.2715 -9.990e-29      99.03 4.9482e-02 4.9968e+01    80.4359    5.88619    34.6319    34.6449    26.9807    1483.37    1480.69 0.0000e+00
       2037     77.000     8.0370     8.0344   3.596968   3.597891     2.2700 -9.990e-29      98.81 4.9476e-02 4.9967e+01    80.4434    5.87597    34.6676    34.6801    27.0075    1483.46    1480.73 0.0000e+00
