_data/ctd/2022603/sta0225.cnv
* Sea-Bird SBE 9 Data File:
* FileName = C:\Seabird\CTDData\sta0225.hex
* Software Version Seasave V 7.21f
* Temperature SN = 6264
* Conductivity SN = 4928
* Number of Bytes Per Scan = 40
* Number of Voltage Words = 5
* Number of Scans Averaged by the Deck Unit = 1
* NMEA Latitude = 61 14.70 N
* NMEA Longitude = 004 54.40 E
* NMEA UTC (Time) = Feb 18 2022 00:14:38
* NMEA baud rate = 4800
** Ship: R/V "Kristine Bonnevie"
** Station: 0225
** Echodepth: 324
** Log: 1208.894
** Wind-Dir/Force: 28 17
** Air-temp (dry): 4.3
** Weather Sky:
** Sea:
# nquan = 19                                
# nvalues = 319                         
# units = specified
# name 0 = scan: Scan Count
# name 1 = prDM: Pressure, Digiquartz [db]
# name 2 = t068C: Temperature [ITS-68, deg C]
# name 3 = t168C: Temperature, 2 [ITS-68, deg C]
# name 4 = c0S/m: Conductivity [S/m]
# name 5 = c1S/m: Conductivity, 2 [S/m]
# name 6 = sbeox0V: Oxygen raw, SBE 43 [V]
# name 7 = flECO-AFL: Fluorescence, WET Labs ECO-AFL/FL [mg/m^3]
# name 8 = altM: Altimeter [m]
# name 9 = par: PAR/Irradiance, Biospherical/Licor
# name 10 = spar: SPAR/Surface Irradiance
# name 11 = CStarTr0: Beam Transmission, WET Labs C-Star [%]
# name 12 = sbeox0ML/L: Oxygen, SBE 43 [ml/l], WS = 2
# name 13 = sal00: Salinity, Practical [PSU]
# name 14 = sal11: Salinity, Practical, 2 [PSU]
# name 15 = sigma-t00: Density [sigma-t, Kg/m^3 ]
# name 16 = svCM: Sound Velocity [Chen-Millero, m/s]
# name 17 = avgsvCM: Average Sound Velocity [Chen-Millero, m/s], minP = 1, minS = 5
# name 18 = flag: flag
# span 0 =          8,       7873       
# span 1 =      2.000,    320.000       
# span 2 =     6.2065,     8.4778       
# span 3 =     6.2162,     8.4759       
# span 4 =   3.155189,   3.653770       
# span 5 =   3.158107,   3.655225       
# span 6 =     2.0460,     2.5104       
# span 7 =    -0.0980,     0.6737       
# span 8 =       8.68,      99.56       
# span 9 = 4.9445e-02, 6.6651e-01       
# span 10 = 0.0000e+00, 0.0000e+00      
# span 11 =    78.6404,    80.9660      
# span 12 =    5.33170,    6.92657      
# span 13 =    31.6423,    34.9753      
# span 14 =    31.6656,    34.9918      
# span 15 =    24.8755,    27.2793      
# span 16 =    1471.41,    1487.08      
# span 17 =    1471.45,    1483.75      
# span 18 = 0.0000e+00, 0.0000e+00      
# interval = decibars: 1                
# start_time = Feb 18 2022 00:14:41 [System UTC, header]
# bad_flag = -9.990e-29
*END*
[from data line 77]
       1745     79.000     7.9559     7.9517   3.560640   3.561897     2.3769    -0.0248      90.96 4.9486e-02 0.0000e+00    80.6381    6.24793    34.3568    34.3745    26.7755    1482.80    1476.75 0.0000e+00
       1775     80.000     8.0331     8.0288   3.572396   3.574077     2.3742    -0.0253      99.10 4.9480e-02 0.0000e+00    80.6698    6.24004    34.4066    34.4288    26.8031    1483.17    1476.83 0.0000e+00
       1798     81.000     8.1061     8.0976   3.582770   3.583898     2.3724    -0.0326      98.82 4.9492e-02 0.0000e+00    80.6381    6.22067    34.4454    34.4658    26.8227    1483.51    1476.92 0.0000e+00
       1818     82.000     8.1675     8.1623   3.591045   3.592329     2.3710    -0.0562      98.81 4.9462e-02 0.0000e+00    80.6310    6.20375    34.4730    34.4919    26.8351    1483.79    1477.00 0.0000e+00
       1836     83.000     8.1925     8.1854   3.594762   3.596040     2.3688    -0.0558      98.82 4.9498e-02 0.0000e+00    80.6601    6.17975    34.4877    34.5083    26.8429    1483.92    1477.08 0.0000e+00
       1856     84.000     8.2566     8.2495   3.603098   3.604172     2.3653    -0.0558      98.82 4.9479e-02 0.0000e+00    80.6868    6.14058    34.5132    34.5316    26.8531    1484.21    1477.17 0.0000e+00
       1879     85.000     8.2979     8.2922   3.608341   3.609569     2.3598    -0.0558      98.82 4.9482e-02 0.0000e+00    80.7382    6.10834    34.5280    34.5467    26.8585    1484.40    1477.25 0.0000e+00
       1909     86.000     8.3176     8.3150   3.611299   3.612753     2.3515    -0.0709      98.81 4.9485e-02 0.0000e+00    80.7660    6.06648    34.5396    34.5577    26.8646    1484.50    1477.33 0.0000e+00
       1940     87.000     8.3310     8.3289   3.613387   3.614842     2.3420    -0.0553      98.82 4.9479e-02 0.0000e+00    80.7900    6.02715    34.5482    34.5658    26.8693    1484.58    1477.42 0.0000e+00
       1965     88.000     8.3349     8.3330   3.613993   3.615429     2.3337    -0.0534      98.82 4.9490e-02 0.0000e+00    80.8317    6.00322    34.5504    34.5675    26.8704    1484.62    1477.50 0.0000e+00
       1986     89.000     8.3452     8.3418   3.616192   3.617693     2.3280    -0.0616      98.81 4.9512e-02 0.0000e+00    80.8665    5.99726    34.5632    34.5825    26.8789    1484.69    1477.58 0.0000e+00
       2007     90.000     8.3623     8.3603   3.620207   3.621631     2.3231    -0.0659      98.81 4.9473e-02 0.0000e+00    80.8383    5.98590    34.5886    34.6057    26.8962    1484.80    1477.66 0.0000e+00
       2029     91.000     8.3660     8.3637   3.620979   3.622408     2.3185    -0.0685      96.85 4.9503e-02 0.0000e+00    80.8517    5.97857    34.5927    34.6101    26.8988    1484.83    1477.74 0.0000e+00
       2054     92.000     8.3714     8.3695   3.622092   3.623526     2.3142    -0.0704      97.68 4.9478e-02 0.0000e+00    80.8518    5.97300    34.5987    34.6158    26.9028    1484.88    1477.81 0.0000e+00
       2080     93.000     8.3691     8.3674   3.622822   3.624289     2.3104    -0.0620      98.82 4.9476e-02 0.0000e+00    80.8464    5.96078    34.6083    34.6255    26.9106    1484.90    1477.89 0.0000e+00
       2106     94.000     8.3796     8.3772   3.624537   3.625973     2.3064    -0.0716      98.81 4.9471e-02 0.0000e+00    80.8373    5.95179    34.6157    34.6333    26.9148    1484.96    1477.97 0.0000e+00
       2130     95.000     8.3888     8.3868   3.625860   3.627319     2.3035    -0.0730      98.81 4.9469e-02 0.0000e+00    80.8464    5.94943    34.6202    34.6377    26.9170    1485.02    1478.04 0.0000e+00
       2152     96.000     8.3990     8.3956   3.627416   3.628880     2.3015    -0.0729      98.81 4.9483e-02 0.0000e+00    80.8620    5.94280    34.6263    34.6452    26.9201    1485.08    1478.11 0.0000e+00
       2175     97.000     8.4412     8.4363   3.633061   3.634394     2.2990    -0.0682      93.63 4.9496e-02 0.0000e+00    80.8386    5.93135    34.6443    34.6632    26.9277    1485.28    1478.19 0.0000e+00
       2197     98.000     8.4509     8.4493   3.634785   3.636223     2.2975    -0.0641      95.91 4.9493e-02 0.0000e+00    80.8425    5.93046    34.6526    34.6694    26.9327    1485.34    1478.26 0.0000e+00
       2222     99.000     8.4360     8.4355   3.633665   3.635180     2.2956    -0.0656      98.51 4.9485e-02 0.0000e+00    80.8117    5.91738    34.6548    34.6714    26.9368    1485.30    1478.33 0.0000e+00
       2250    100.000     8.4383     8.4358   3.634366   3.635805     2.2912    -0.0690      98.73 4.9484e-02 0.0000e+00    80.8488    5.88861    34.6595    34.6773    26.9402    1485.33    1478.40 0.0000e+00
       2277    101.000     8.4719     8.4686   3.638826   3.640409     2.2872    -0.0627      98.81 4.9487e-02 0.0000e+00    80.8553    5.88222    34.6733    34.6934    26.9458    1485.49    1478.47 0.0000e+00
       2301    102.000     8.4739     8.4748   3.640087   3.641498     2.2849    -0.0611      98.81 4.9464e-02 0.0000e+00    80.8480    5.88461    34.6843    34.6984    26.9541    1485.53    1478.54 0.0000e+00
       2322    103.000     8.4231     8.4229   3.635692   3.637105     2.2831    -0.0664      98.58 4.9465e-02 0.0000e+00    80.8324    5.87677    34.6871    34.7023    26.9642    1485.36    1478.60 0.0000e+00
       2344    104.000     8.4201     8.4185   3.635569   3.637063     2.2796    -0.0690      98.77 4.9475e-02 0.0000e+00    80.8615    5.85137    34.6883    34.7058    26.9655    1485.37    1478.67 0.0000e+00
       2368    105.000     8.4237     8.4215   3.636399   3.637814     2.2754    -0.0719      98.81 4.9483e-02 0.0000e+00    80.8399    5.84557    34.6931    34.7103    26.9688    1485.40    1478.73 0.0000e+00
       2394    106.000     8.4237     8.4219   3.636787   3.638193     2.2725    -0.0661      98.81 4.9482e-02 0.0000e+00    80.8094    5.85287    34.6967    34.7134    26.9716    1485.42    1478.79 0.0000e+00
       2418    107.000     8.4215     8.4195   3.636663   3.638086     2.2709    -0.0655      98.81 4.9477e-02 0.0000e+00    80.8535    5.85674    34.6971    34.7142    26.9722    1485.43    1478.86 0.0000e+00
       2439    108.000     8.4221     8.4203   3.637417   3.638917     2.2701    -0.0925      98.81 4.9479e-02 0.0000e+00    80.8559    5.86023    34.7040    34.7218    26.9776    1485.46    1478.92 0.0000e+00
       2460    109.000     8.4346     8.4321   3.639650   3.641101     2.2696    -0.0724      96.39 4.9490e-02 0.0000e+00    80.8450    5.85668    34.7150    34.7328    26.9842    1485.54    1478.98 0.0000e+00
       2483    110.000     8.4549     8.4512   3.642930   3.644355     2.2690    -0.0613      96.34 4.9481e-02 0.0000e+00    80.8450    5.85355    34.7293    34.7481    26.9924    1485.65    1479.04 0.0000e+00
       2508    111.000     8.4735     8.4704   3.645637   3.646982     2.2684    -0.0632      98.82 4.9455e-02 0.0000e+00    80.8604    5.85104    34.7392    34.7566    26.9973    1485.74    1479.10 0.0000e+00
       2534    112.000     8.4560     8.4550   3.644794   3.646229     2.2680    -0.0626      98.80 4.9504e-02 0.0000e+00    80.8497    5.84434    34.7471    34.7633    27.0061    1485.71    1479.16 0.0000e+00
       2560    113.000     8.4512     8.4496   3.645038   3.646478     2.2657    -0.0693      98.81 4.9475e-02 0.0000e+00    80.8592    5.82394    34.7539    34.7708    27.0122    1485.71    1479.21 0.0000e+00
       2587    114.000     8.4576     8.4555   3.646833   3.648312     2.2625    -0.0684      98.81 4.9493e-02 0.0000e+00    80.8560    5.81119    34.7662    34.7839    27.0208    1485.77    1479.27 0.0000e+00
       2611    115.000     8.4616     8.4597   3.647931   3.649397     2.2602    -0.0698      98.80 4.9489e-02 0.0000e+00    80.8772    5.81216    34.7734    34.7908    27.0259    1485.81    1479.33 0.0000e+00
       2632    116.000     8.4627     8.4608   3.648414   3.649859     2.2588    -0.0711      98.81 4.9479e-02 0.0000e+00    80.8554    5.80611    34.7770    34.7942    27.0285    1485.83    1479.38 0.0000e+00
       2652    117.000     8.4629     8.4611   3.648685   3.650143     2.2569    -0.0761      98.81 4.9466e-02 0.0000e+00    80.8384    5.79934    34.7792    34.7964    27.0302    1485.85    1479.44 0.0000e+00
       2675    118.000     8.4625     8.4605   3.648804   3.650233     2.2548    -0.0909      98.80 4.9487e-02 0.0000e+00    80.8330    5.79166    34.7803    34.7975    27.0312    1485.87    1479.49 0.0000e+00
       2699    119.000     8.4624     8.4606   3.648983   3.650408     2.2526    -0.0706      98.51 4.9484e-02 0.0000e+00    80.8294    5.78925    34.7819    34.7988    27.0324    1485.89    1479.55 0.0000e+00
       2724    120.000     8.4616     8.4598   3.649198   3.650637     2.2510    -0.0634      98.47 4.9485e-02 0.0000e+00    80.8466    5.78773    34.7845    34.8015    27.0346    1485.90    1479.60 0.0000e+00
       2747    121.000     8.4614     8.4597   3.649231   3.650678     2.2493    -0.0876      98.57 4.9487e-02 0.0000e+00    80.8289    5.78334    34.7845    34.8016    27.0347    1485.92    1479.65 0.0000e+00
       2770    122.000     8.4610     8.4591   3.649272   3.650704     2.2482    -0.0972      98.47 4.9505e-02 0.0000e+00    80.8462    5.78743    34.7849    34.8020    27.0350    1485.94    1479.70 0.0000e+00
       2794    123.000     8.4623     8.4604   3.649637   3.651073     2.2473    -0.0969      98.80 4.9484e-02 0.0000e+00    80.8384    5.78384    34.7870    34.8041    27.0364    1485.96    1479.75 0.0000e+00
       2820    124.000     8.4621     8.4604   3.649909   3.651349     2.2465    -0.0821      98.81 4.9491e-02 0.0000e+00    80.8303    5.78451    34.7896    34.8066    27.0385    1485.98    1479.80 0.0000e+00
       2847    125.000     8.4629     8.4610   3.650301   3.651752     2.2455    -0.0738      98.61 4.9498e-02 0.0000e+00    80.8513    5.78255    34.7925    34.8098    27.0407    1486.00    1479.85 0.0000e+00
       2870    126.000     8.4703     8.4677   3.651506   3.652955     2.2449    -0.0837      98.73 4.9465e-02 0.0000e+00    80.8345    5.77921    34.7975    34.8154    27.0434    1486.05    1479.90 0.0000e+00
       2891    127.000     8.4778     8.4759   3.652841   3.654286     2.2442    -0.0977      98.80 4.9465e-02 0.0000e+00    80.8398    5.77759    34.8038    34.8210    27.0472    1486.10    1479.95 0.0000e+00
       2912    128.000     8.4771     8.4754   3.652953   3.654401     2.2437    -0.0748      98.81 4.9498e-02 0.0000e+00    80.8369    5.77078    34.8052    34.8222    27.0484    1486.12    1480.00 0.0000e+00
       2934    129.000     8.4755     8.4740   3.652959   3.654388     2.2422    -0.0747      98.80 4.9487e-02 0.0000e+00    80.8728    5.76242    34.8063    34.8230    27.0496    1486.13    1480.05 0.0000e+00
       2957    130.000     8.4709     8.4693   3.653048   3.654483     2.2405    -0.0749      98.64 4.9491e-02 0.0000e+00    80.8777    5.75104    34.8113    34.8282    27.0542    1486.14    1480.09 0.0000e+00
       2982    131.000     8.4696     8.4678   3.653057   3.654506     2.2378    -0.0887      98.81 4.9467e-02 0.0000e+00    80.9177    5.74372    34.8122    34.8294    27.0551    1486.15    1480.14 0.0000e+00
       3007    132.000     8.4689     8.4671   3.653117   3.654552     2.2361    -0.0834      98.80 4.9489e-02 0.0000e+00    80.9299    5.74503    34.8131    34.8301    27.0559    1486.16    1480.18 0.0000e+00
       3032    133.000     8.4682     8.4664   3.653145   3.654587     2.2343    -0.0673      98.80 4.9495e-02 0.0000e+00    80.8970    5.74100    34.8136    34.8307    27.0564    1486.18    1480.23 0.0000e+00
       3057    134.000     8.4681     8.4662   3.653228   3.654664     2.2328    -0.0820      98.81 4.9485e-02 0.0000e+00    80.9468    5.73711    34.8141    34.8312    27.0568    1486.20    1480.27 0.0000e+00
       3081    135.000     8.4682     8.4664   3.653770   3.655225     2.2316    -0.0854      98.81 4.9503e-02 0.0000e+00    80.9326    5.73842    34.8193    34.8365    27.0609    1486.22    1480.32 0.0000e+00
       3104    136.000     8.4609     8.4598   3.653317   3.654749     2.2306    -0.0654      98.80 4.9497e-02 0.0000e+00    80.9459    5.73903    34.8212    34.8375    27.0635    1486.21    1480.36 0.0000e+00
       3128    137.000     8.4510     8.4496   3.652722   3.654146     2.2300    -0.0702      98.80 4.9464e-02 0.0000e+00    80.9660    5.73537    34.8242    34.8407    27.0674    1486.19    1480.40 0.0000e+00
       3150    138.000     8.4483     8.4467   3.652703   3.654140     2.2286    -0.0654      98.80 4.9475e-02 0.0000e+00    80.9578    5.72987    34.8262    34.8430    27.0693    1486.20    1480.44 0.0000e+00
       3172    139.000     8.4474     8.4457   3.652692   3.654121     2.2274    -0.0646      98.80 4.9474e-02 0.0000e+00    80.9404    5.72599    34.8265    34.8433    27.0697    1486.22    1480.49 0.0000e+00
       3191    140.000     8.4467     8.4449   3.652744   3.654189     2.2263    -0.0839      98.80 4.9468e-02 0.0000e+00    80.9386    5.72449    34.8272    34.8443    27.0704    1486.23    1480.53 0.0000e+00
       3211    141.000     8.4448     8.4432   3.652788   3.654225     2.2253    -0.0873      98.81 4.9472e-02 0.0000e+00    80.9387    5.72786    34.8291    34.8459    27.0722    1486.24    1480.57 0.0000e+00
       3233    142.000     8.4342     8.4332   3.652738   3.654183     2.2249    -0.0716      98.80 4.9467e-02 0.0000e+00    80.9013    5.73048    34.8386    34.8549    27.0812    1486.23    1480.61 0.0000e+00
       3261    143.000     8.4257     8.4242   3.652691   3.654123     2.2242    -0.0727      98.81 4.9476e-02 0.0000e+00    80.9190    5.72707    34.8460    34.8627    27.0884    1486.22    1480.65 0.0000e+00
       3291    144.000     8.4161     8.4146   3.652608   3.654039     2.2230    -0.0699      98.81 4.9479e-02 0.0000e+00    80.9119    5.72107    34.8541    34.8708    27.0962    1486.22    1480.68 0.0000e+00
       3316    145.000     8.4073     8.4059   3.652528   3.653969     2.2217    -0.0834      98.80 4.9470e-02 0.0000e+00    80.9381    5.71425    34.8615    34.8782    27.1034    1486.21    1480.72 0.0000e+00
       3337    146.000     8.4036     8.4018   3.652573   3.653983     2.2203    -0.0955      98.80 4.9474e-02 0.0000e+00    80.8958    5.71277    34.8651    34.8819    27.1068    1486.22    1480.76 0.0000e+00
       3356    147.000     8.4013     8.3997   3.652535   3.653971     2.2192    -0.0755      98.80 4.9461e-02 0.0000e+00    80.9100    5.70868    34.8665    34.8834    27.1083    1486.22    1480.80 0.0000e+00
       3376    148.000     8.3897     8.3902   3.652116   3.653603     2.2180    -0.0711      98.80 4.9485e-02 0.0000e+00    80.9143    5.70718    34.8731    34.8884    27.1152    1486.21    1480.83 0.0000e+00
       3399    149.000     8.3756     8.3745   3.651570   3.652998     2.2169    -0.0699      98.80 4.9472e-02 0.0000e+00    80.9072    5.70634    34.8807    34.8970    27.1234    1486.18    1480.87 0.0000e+00
       3425    150.000     8.3730     8.3713   3.651472   3.652906     2.2149    -0.0787      98.80 4.9496e-02 0.0000e+00    80.9147    5.69693    34.8818    34.8987    27.1246    1486.19    1480.90 0.0000e+00
       3450    151.000     8.3696     8.3680   3.651343   3.652774     2.2133    -0.0799      98.80 4.9477e-02 0.0000e+00    80.8988    5.69390    34.8833    34.9001    27.1263    1486.19    1480.94 0.0000e+00
       3471    152.000     8.3642     8.3628   3.651096   3.652515     2.2117    -0.0666      98.80 4.9479e-02 0.0000e+00    80.8891    5.68302    34.8856    34.9020    27.1289    1486.19    1480.97 0.0000e+00
       3492    153.000     8.3593     8.3578   3.650852   3.652270     2.2094    -0.0705      98.80 4.9485e-02 0.0000e+00    80.8858    5.67693    34.8873    34.9039    27.1311    1486.19    1481.01 0.0000e+00
