_data/ctd/2022603/sta0148.cnv
* Sea-Bird SBE 9 Data File:
* FileName = C:\Seabird\CTDData\sta0148.hex
* Software Version Seasave V 7.21f
* Temperature SN = 6264
* Conductivity SN = 4928
* Number of Bytes Per Scan = 40
* Number of Voltage Words = 5
* Number of Scans Averaged by the Deck Unit = 1
* NMEA Latitude = 60 00.70 N
* NMEA Longitude = 005 55.02 E
* NMEA UTC (Time) = Feb 09 2022 15:39:46
* NMEA baud rate = 4800
** Ship: R/V "Kristine Bonnevie"
** Station: 0148
** Echodepth: 660
** Log: 0022.310
** Wind-Dir/Force: 26 23
** Air-temp (dry): 4.8
** Weather Sky:
** Sea:
# nquan = 19                                
# nvalues = 657                         
# units = specified
# name 0 = scan: Scan Count
# name 1 = prDM: Pressure, Digiquartz [db]
# name 2 = t068C: Temperature [ITS-68, deg C]
# name 3 = t168C: Temperature, 2 [ITS-68, deg C]
# name 4 = c0S/m: Conductivity [S/m]
# name 5 = c1S/m: Conductivity, 2 [S/m]
# name 6 = sbeox0V: Oxygen raw, SBE 43 [V]
# name 7 = flECO-AFL: Fluorescence, WET Labs ECO-AFL/FL [mg/m^3]
# name 8 = altM: Altimeter [m]
# name 9 = par: PAR/Irradiance, Biospherical/Licor
# name 10 = spar: SPAR/Surface Irradiance
# name 11 = CStarTr0: Beam Transmission, WET Labs C-Star [%]
# name 12 = sbeox0ML/L: Oxygen, SBE 43 [ml/l], WS = 2
# name 13 = sal00: Salinity, Practical [PSU]
# name 14 = sal11: Salinity, Practical, 2 [PSU]
# name 15 = sigma-t00: Density [sigma-t, Kg/m^3 ]
# name 16 = svCM: Sound Velocity [Chen-Millero, m/s]
# name 17 = avgsvCM: Average Sound Velocity [Chen-Millero, m/s], minP = 1, minS = 5
# name 18 = flag: flag
# span 0 =        401,      15505       
# span 1 =      2.000,    658.000       
# span 2 =     7.5153,    10.0974       
# span 3 =     7.5127,    10.0938       
# span 4 =   3.231342,   3.707500       
# span 5 =   3.231352,   3.708092       
# span 6 =     1.7366,     2.3883       
# span 7 =    -0.0911,     0.5789       
# span 8 =       6.70,      99.63       
# span 9 = 4.9451e-02, 8.4333e+00       
# span 10 = 7.9947e+00, 1.3991e+01      
# span 11 =    80.0098,    82.0980      
# span 12 =    4.47396,    6.46105      
# span 13 =    31.2744,    34.9879      
# span 14 =    31.2781,    34.9944      
# span 15 =    24.4167,    27.3180      
# span 16 =    1476.03,    1491.88      
# span 17 =    1476.03,    1487.35      
# span 18 = 0.0000e+00, 0.0000e+00      
# interval = decibars: 1                
# start_time = Feb 09 2022 15:39:48 [System UTC, header]
# bad_flag = -9.990e-29
*END*
        401      2.000     7.5167     7.5127   3.231342   3.231352     2.3881     0.5789      60.42 8.4333e+00 1.3991e+01    80.4964    6.46105    31.2744    31.2781    24.4167    1476.03    1476.03 0.0000e+00
        467      3.000     7.5153     7.5144   3.231386   3.231808     2.3882     0.5433      45.87 6.8334e+00 1.3991e+01    80.5160    6.45052    31.2757    31.2810    24.4179    1476.04    1476.04 0.0000e+00
        516      4.000     7.5247     7.5208   3.233742   3.233414     2.3877     0.5155      43.91 5.6197e+00 1.3991e+01    80.6905    6.45325    31.2920    31.2920    24.4294    1476.12    1476.06 0.0000e+00
        546      5.000     7.5342     7.5348   3.236258   3.237008     2.3881     0.4938      66.45 4.6703e+00 1.3991e+01    80.6976    6.44939    31.3100    31.3175    24.4422    1476.19    1476.08 0.0000e+00
        574      6.000     7.6058     7.5996   3.256183   3.256054     2.3877     0.4937      60.32 3.7448e+00 1.3991e+01    80.6139    6.43113    31.4582    31.4625    24.5489    1476.67    1476.18 0.0000e+00
        599      7.000     7.6609     7.6510   3.267833   3.267196     2.3879     0.4937      78.91 3.1985e+00 1.3991e+01    80.6494    6.42900    31.5325    31.5347    24.5996    1476.99    1476.30 0.0000e+00
        624      8.000     7.7309     7.7280   3.279891   3.280189     2.3883     0.4783      69.83 2.7238e+00 1.3991e+01    80.6386    6.41161    31.5974    31.6032    24.6409    1477.35    1476.43 0.0000e+00
        648      9.000     7.7241     7.7192   3.279537   3.279330     2.3883     0.4557      98.63 2.2863e+00 1.3991e+01    80.6293    6.40275    31.5994    31.6016    24.6433    1477.35    1476.53 0.0000e+00
        672     10.000     7.7220     7.7197   3.280313   3.280595     2.3862     0.4481      98.81 1.9564e+00 1.3991e+01    80.6730    6.37318    31.6091    31.6142    24.6513    1477.37    1476.61 0.0000e+00
        694     11.000     7.7058     7.7065   3.279896   3.280132     2.3829     0.4168      91.15 1.6875e+00 1.3991e+01    80.6609    6.35652    31.6189    31.6208    24.6612    1477.33    1476.68 0.0000e+00
        716     12.000     7.7254     7.7200   3.287642   3.287977     2.3793     0.4119      86.71 1.4504e+00 1.3991e+01    80.6753    6.34261    31.6834    31.6919    24.7091    1477.51    1476.75 0.0000e+00
        738     13.000     7.8406     7.8328   3.306169   3.306579     2.3763     0.4504      75.07 1.2527e+00 1.3991e+01    80.6878    6.32288    31.7757    31.7872    24.7655    1478.08    1476.85 0.0000e+00
        759     14.000     7.9794     7.9697   3.326175   3.326679     2.3751     0.4336      67.62 1.0757e+00 1.3991e+01    80.7383    6.31925    31.8617    31.8759    24.8132    1478.73    1476.98 0.0000e+00
        779     15.000     8.1642     8.1518   3.351178   3.351430     2.3757     0.4029      78.72 9.3749e-01 1.3991e+01    80.7721    6.29898    31.9579    31.9719    24.8622    1479.57    1477.16 0.0000e+00
        800     16.000     8.2342     8.2266   3.360690   3.359982     2.3762     0.3687      57.64 8.2225e-01 1.3991e+01    80.8408    6.28375    31.9942    31.9937    24.8805    1479.89    1477.33 0.0000e+00
        820     17.000     8.4014     8.3150   3.392355   3.387165     2.3759     0.3382      98.29 7.2219e-01 1.3991e+01    80.9212    6.22177    32.1751    32.1994    24.9976    1480.76    1477.53 0.0000e+00
        839     18.000     9.3001     9.2561   3.537269   3.537383     2.3715     0.3330      95.88 6.3323e-01 1.3991e+01    80.8920    6.06258    32.8612    32.9029    25.3967    1484.97    1477.94 0.0000e+00
        858     19.000     9.6035     9.5301   3.590851   3.584637     2.3741     0.2721      92.30 5.6407e-01 1.3991e+01    81.0169    6.09343    33.1327    33.1367    25.5599    1486.42    1478.38 0.0000e+00
        878     20.000     9.9790     9.9609   3.650828   3.651177     2.3806     0.1248      98.59 5.0566e-01 1.3991e+01    81.2172    6.01639    33.3982    33.4185    25.7052    1488.13    1478.87 0.0000e+00
        898     21.000    10.0570    10.0517   3.665192   3.665862     2.3779    -0.0058      98.69 4.5493e-01 1.3991e+01    81.4533    5.87298    33.4717    33.4834    25.7494    1488.51    1479.32 0.0000e+00
        919     22.000    10.0974    10.0938   3.678326   3.678824     2.3613    -0.0341      93.38 4.1399e-01 1.3991e+01    81.6371    5.68455    33.5672    33.5756    25.8172    1488.79    1479.75 0.0000e+00
        940     23.000    10.0884    10.0877   3.690948   3.691583     2.3351    -0.0440      89.86 3.7741e-01 1.3991e+01    81.7786    5.53120    33.7034    33.7105    25.9250    1488.94    1480.15 0.0000e+00
        961     24.000    10.0793    10.0782   3.696345   3.697026     2.3061    -0.0446      60.28 3.4552e-01 1.3991e+01    81.8900    5.43436    33.7663    33.7742    25.9756    1489.00    1480.52 0.0000e+00
        982     25.000    10.0746    10.0734   3.699440   3.700426     2.2789    -0.0346      91.51 3.1568e-01 1.3991e+01    81.9760    5.37951    33.8017    33.8128    26.0041    1489.04    1480.86 0.0000e+00
       1002     26.000    10.0633    10.0639   3.707286   3.707979     2.2556    -0.0592      88.01 2.9035e-01 1.3991e+01    82.0180    5.34384    33.8916    33.8981    26.0762    1489.13    1481.17 0.0000e+00
       1023     27.000    10.0214    10.0229   3.706703   3.707333     2.2359 -9.990e-29      82.65 2.7136e-01 1.3991e+01    82.0565    5.31660    33.9246    33.9296    26.1090    1489.03    1481.46 0.0000e+00
       1044     28.000     9.9848     9.9852   3.706718   3.707346     2.2182 -9.990e-29      83.88 2.4869e-01 1.3991e+01    82.0420    5.29017    33.9587    33.9647    26.1418    1488.96    1481.73 0.0000e+00
       1067     29.000     9.9460     9.9457   3.707031   3.707619     2.2021 -9.990e-29      77.77 2.2852e-01 1.3991e+01    82.0980    5.27037    33.9979    34.0042    26.1790    1488.88    1481.97 0.0000e+00
       1089     30.000     9.9216     9.9216   3.707500   3.708092     2.1887 -9.990e-29      63.84 2.0982e-01 1.3991e+01    82.0909    5.25665    34.0253    34.0313    26.2045    1488.85    1482.20 0.0000e+00
       1111     31.000     9.8693     9.8706   3.706842   3.707424     2.1779 -9.990e-29      69.52 1.9639e-01 1.3991e+01    82.0807    5.24469    34.0675    34.0722    26.2462    1488.73    1482.41 0.0000e+00
       1134     32.000     9.8283     9.8291   3.707013   3.707569     2.1683 -9.990e-29      98.88 1.8530e-01 1.3991e+01    82.0941    5.22839    34.1076    34.1125    26.2844    1488.64    1482.61 0.0000e+00
       1156     33.000     9.7486     9.7528   3.705991   3.706584     2.1596 -9.990e-29      87.66 1.7424e-01 1.3991e+01    82.0690    5.22369    34.1722    34.1743    26.3482    1488.45    1482.78 0.0000e+00
       1178     34.000     9.6733     9.6750   3.703760   3.704318     2.1526 -9.990e-29      98.81 1.6024e-01 1.3991e+01    82.0545    5.21888    34.2204    34.2246    26.3985    1488.25    1482.94 0.0000e+00
       1201     35.000     9.6438     9.6441   3.702579   3.703121     2.1462 -9.990e-29      70.75 1.5117e-01 1.3991e+01    82.0295    5.21088    34.2359    34.2412    26.4155    1488.18    1483.09 0.0000e+00
       1223     36.000     9.6103     9.6104   3.701048   3.701578     2.1410 -9.990e-29      98.62 1.3947e-01 1.3991e+01    81.9790    5.21850    34.2517    34.2570    26.4333    1488.10    1483.23 0.0000e+00
       1246     37.000     9.5417     9.5450   3.697351   3.697900     2.1381 -9.990e-29      64.71 1.2977e-01 1.3991e+01    81.9613    5.22562    34.2786    34.2811    26.4657    1487.90    1483.36 0.0000e+00
       1268     38.000     9.4536     9.4567   3.692313   3.692896     2.1349 -9.990e-29      98.23 1.2071e-01 1.3991e+01    81.9307    5.22164    34.3104    34.3135    26.5051    1487.63    1483.47 0.0000e+00
       1290     39.000     9.4022     9.4024   3.688803   3.689303     2.1311 -9.990e-29      98.80 1.1513e-01 1.3991e+01    81.8825    5.21390    34.3229    34.3279    26.5233    1487.47    1483.57 0.0000e+00
       1313     40.000     9.3517     9.3533   3.687373   3.687896     2.1278 -9.990e-29      91.41 1.0886e-01 1.3991e+01    81.8737    5.21097    34.3561    34.3600    26.5575    1487.35    1483.66 0.0000e+00
       1336     41.000     9.2778     9.2808   3.683269   3.683842     2.1239 -9.990e-29      69.35 9.8492e-02 1.3991e+01    81.8238    5.19790    34.3841    34.3872    26.5914    1487.13    1483.75 0.0000e+00
       1358     42.000     9.2368     9.2365   3.681050   3.681527     2.1194 -9.990e-29      78.09 9.3358e-02 1.3991e+01    81.8086    5.19579    34.4001    34.4053    26.6106    1487.01    1483.83 0.0000e+00
       1381     43.000     9.1925     9.1927   3.678458   3.678934     2.1169 -9.990e-29      95.79 8.7088e-02 1.3991e+01    81.7794    5.21945    34.4154    34.4201    26.6297    1486.89    1483.90 0.0000e+00
       1404     44.000     9.1625     9.1618   3.676362   3.676837     2.1170 -9.990e-29      79.44 8.1849e-02 1.3991e+01    81.7634    5.24386    34.4220    34.4276    26.6398    1486.80    1483.96 0.0000e+00
       1426     45.000     9.1464     9.1460   3.675386   3.675892     2.1185 -9.990e-29      89.93 7.5803e-02 1.3991e+01    81.7439    5.26654    34.4269    34.4326    26.6462    1486.77    1484.03 0.0000e+00
       1449     46.000     9.0747     9.0776   3.671461   3.671995     2.1216 -9.990e-29      74.31 7.1422e-02 1.3991e+01    81.7398    5.29405    34.4548    34.4576    26.6796    1486.55    1484.08 0.0000e+00
       1472     47.000     9.0453     9.0451   3.670151   3.670660     2.1249 -9.990e-29      78.11 6.7020e-02 1.3991e+01    81.7519    5.30798    34.4691    34.4747    26.6955    1486.48    1484.13 0.0000e+00
       1495     48.000     9.0031     9.0039   3.667993   3.668460     2.1280 -9.990e-29      74.52 6.2882e-02 1.3991e+01    81.7523    5.32418    34.4870    34.4911    26.7163    1486.36    1484.18 0.0000e+00
       1518     49.000     8.9282     8.9312   3.662362   3.662766     2.1311 -9.990e-29      66.60 5.8109e-02 1.3991e+01    81.7414    5.33653    34.5003    34.5016    26.7386    1486.12    1484.22 0.0000e+00
       1541     50.000     8.8595     8.8590   3.656828   3.657316     2.1328 -9.990e-29      80.22 5.4269e-02 1.3991e+01    81.7446    5.33012    34.5085    34.5141    26.7560    1485.89    1484.25 0.0000e+00
       1564     51.000     8.8206     8.8218   3.654139   3.654523     2.1324 -9.990e-29      48.99 5.2486e-02 1.3991e+01    81.7812    5.33822    34.5176    34.5205    26.7693    1485.77    1484.28 0.0000e+00
       1587     52.000     8.7722     8.7714   3.650609   3.651068     2.1349 -9.990e-29      86.62 4.9727e-02 1.3991e+01    81.7587    5.38887    34.5272    34.5328    26.7844    1485.62    1484.31 0.0000e+00
       1609     53.000     8.7391     8.7412   3.647884   3.648400     2.1406 -9.990e-29      40.63 4.9479e-02 1.3991e+01    81.7452    5.43907    34.5303    34.5337    26.7920    1485.52    1484.33 0.0000e+00
       1632     54.000     8.6998     8.6999   3.644738   3.645226     2.1483 -9.990e-29      70.03 4.9487e-02 1.3991e+01    81.7504    5.47452    34.5350    34.5401    26.8019    1485.40    1484.35 0.0000e+00
       1654     55.000     8.6883     8.6872   3.643889   3.644358     2.1551 -9.990e-29      40.21 4.9483e-02 1.3991e+01    81.7499    5.49857    34.5368    34.5428    26.8051    1485.37    1484.37 0.0000e+00
       1677     56.000     8.6986     8.6968   3.646093   3.646564     2.1627 -9.990e-29      98.51 4.9511e-02 1.3991e+01    81.7684    5.53381    34.5495    34.5562    26.8134    1485.44    1484.39 0.0000e+00
       1700     57.000     8.6778     8.6786   3.644721   3.645233     2.1712    -0.0634      47.64 4.9493e-02 1.3991e+01    81.7928    5.56260    34.5549    34.5595    26.8209    1485.39    1484.40 0.0000e+00
       1723     58.000     8.6568     8.6557   3.643121   3.643624     2.1785    -0.0604      98.87 4.9490e-02 1.3991e+01    81.8016    5.55865    34.5580    34.5644    26.8267    1485.33    1484.42 0.0000e+00
       1745     59.000     8.6509     8.6501   3.642942   3.643393     2.1813    -0.0575      97.36 4.9493e-02 1.3991e+01    81.8177    5.53314    34.5614    34.5670    26.8302    1485.33    1484.44 0.0000e+00
       1768     60.000     8.6206     8.6219   3.640259   3.640724     2.1825    -0.0651      71.97 4.9493e-02 1.3991e+01    81.8156    5.53362    34.5623    34.5659    26.8356    1485.24    1484.45 0.0000e+00
       1791     61.000     8.5816     8.5817   3.637112   3.637609     2.1831    -0.0898      88.67 4.9493e-02 1.3991e+01    81.8239    5.53030    34.5667    34.5718    26.8451    1485.11    1484.46 0.0000e+00
       1814     62.000     8.5677     8.5675   3.636184   3.636671     2.1827 -9.990e-29      91.82 4.9469e-02 1.3991e+01    81.8279    5.53398    34.5700    34.5753    26.8499    1485.08    1484.47 0.0000e+00
       1837     63.000     8.5554     8.5549   3.635565   3.636047     2.1840 -9.990e-29      98.55 4.9487e-02 1.3991e+01    81.8407    5.56742    34.5750    34.5806    26.8557    1485.06    1484.48 0.0000e+00
       1860     64.000     8.5434     8.5426   3.635429   3.635894     2.1882 -9.990e-29      98.65 4.9481e-02 1.3991e+01    81.8277    5.60560    34.5848    34.5905    26.8653    1485.04    1484.49 0.0000e+00
       1883     65.000     8.5363     8.5354   3.635109   3.635583     2.1936 -9.990e-29      91.26 4.9481e-02 1.3991e+01    81.8101    5.63131    34.5879    34.5938    26.8689    1485.04    1484.50 0.0000e+00
       1906     66.000     8.5314     8.5302   3.634923   3.635388     2.1989 -9.990e-29      95.78 4.9475e-02 1.3991e+01    81.7880    5.64003    34.5903    34.5964    26.8715    1485.04    1484.50 0.0000e+00
       1929     67.000     8.5303     8.5291   3.635053   3.635513     2.2028 -9.990e-29      88.49 4.9503e-02 1.3991e+01    81.7949    5.64262    34.5923    34.5983    26.8732    1485.05    1484.51 0.0000e+00
       1952     68.000     8.4971     8.4989   3.632300   3.632721     2.2059 -9.990e-29      89.23 4.9479e-02 1.3991e+01    81.7865    5.65374    34.5952    34.5979    26.8806    1484.95    1484.52 0.0000e+00
       1974     69.000     8.4623     8.4599   3.630188   3.630486     2.2087 -9.990e-29      83.24 4.9481e-02 1.3991e+01    81.7990    5.65432    34.6064    34.6120    26.8948    1484.85    1484.52 0.0000e+00
       1997     70.000     8.4635     8.4635   3.630922   3.631408     2.2097 -9.990e-29      85.77 4.9471e-02 1.3991e+01    81.7952    5.65648    34.6126    34.6177    26.8994    1484.88    1484.53 0.0000e+00
       2019     71.000     8.4447     8.4441   3.629700   3.630170     2.2120 -9.990e-29      76.24 4.9477e-02 1.3991e+01    81.8069    5.68408    34.6176    34.6232    26.9063    1484.83    1484.53 0.0000e+00
       2041     72.000     8.4407     8.4394   3.629596   3.630081     2.2158 -9.990e-29      84.34 4.9490e-02 1.3991e+01    81.8000    5.70492    34.6199    34.6264    26.9087    1484.83    1484.54 0.0000e+00
       2063     73.000     8.4386     8.4376   3.629988   3.630440     2.2196 -9.990e-29      98.90 4.9493e-02 1.3991e+01    81.7965    5.71479    34.6257    34.6315    26.9136    1484.85    1484.54 0.0000e+00
       2086     74.000     8.4369     8.4356   3.630122   3.630588     2.2229 -9.990e-29      72.92 4.9502e-02 1.3991e+01    81.7800    5.72155    34.6283    34.6345    26.9159    1484.86    1484.55 0.0000e+00
       2108     75.000     8.4363     8.4349   3.630204   3.630658     2.2258 -9.990e-29      99.23 4.9502e-02 1.3991e+01    81.7860    5.72574    34.6293    34.6355    26.9168    1484.88    1484.55 0.0000e+00
       2130     76.000     8.4359     8.4346   3.630301   3.630764     2.2278 -9.990e-29      62.14 4.9506e-02 -9.990e-29    81.8196    5.72422    34.6302    34.6364    26.9176    1484.89    1484.55 0.0000e+00
       2153     77.000     8.4350     8.4338   3.630435   3.630893     2.2292 -9.990e-29      77.48 4.9521e-02 -9.990e-29    81.7899    5.72155    34.6321    34.6381    26.9191    1484.91    1484.56 0.0000e+00
