_data/ctd/2022603/sta0161.cnv
* Sea-Bird SBE 9 Data File:
* FileName = C:\Seabird\CTDData\sta0161.hex
* Software Version Seasave V 7.21f
* Temperature SN = 6264
* Conductivity SN = 4928
* Number of Bytes Per Scan = 40
* Number of Voltage Words = 5
* Number of Scans Averaged by the Deck Unit = 1
* NMEA Latitude = 59 39.50 N
* NMEA Longitude = 005 53.01 E
* NMEA UTC (Time) = Feb 11 2022 17:04:38
* NMEA baud rate = 4800
** Ship: R/V "Kristine Bonnevie"
** Station: 0161
** Echodepth: 187
** Log: 0326.492
** Wind-Dir/Force: 20 10
** Air-temp (dry): -0.4
** Weather Sky:
** Sea:
# nquan = 19                                
# nvalues = 178                         
# units = specified
# name 0 = scan: Scan Count
# name 1 = prDM: Pressure, Digiquartz [db]
# name 2 = t068C: Temperature [ITS-68, deg C]
# name 3 = t168C: Temperature, 2 [ITS-68, deg C]
# name 4 = c0S/m: Conductivity [S/m]
# name 5 = c1S/m: Conductivity, 2 [S/m]
# name 6 = sbeox0V: Oxygen raw, SBE 43 [V]
# name 7 = flECO-AFL: Fluorescence, WET Labs ECO-AFL/FL [mg/m^3]
# name 8 = altM: Altimeter [m]
# name 9 = par: PAR/Irradiance, Biospherical/Licor
# name 10 = spar: SPAR/Surface Irradiance
# name 11 = CStarTr0: Beam Transmission, WET Labs C-Star [%]
# name 12 = sbeox0ML/L: Oxygen, SBE 43 [ml/l], WS = 2
# name 13 = sal00: Salinity, Practical [PSU]
# name 14 = sal11: Salinity, Practical, 2 [PSU]
# name 15 = sigma-t00: Density [sigma-t, Kg/m^3 ]
# name 16 = svCM: Sound Velocity [Chen-Millero, m/s]
# name 17 = avgsvCM: Average Sound Velocity [Chen-Millero, m/s], minP = 1, minS = 5
# name 18 = flag: flag
# span 0 =        314,       4847       
# span 1 =      2.000,    179.000       
# span 2 =     6.3352,     9.5163       
# span 3 =     6.3318,     9.5084       
# span 4 =   2.940940,   3.664181       
# span 5 =   2.935374,   3.665646       
# span 6 =     1.4426,     2.4428       
# span 7 =    -0.0645,     0.9969       
# span 8 =       8.64,      99.26       
# span 9 = 4.9402e-02, 8.3270e-01       
# span 10 = 0.0000e+00, 0.0000e+00      
# span 11 =    78.0819,    81.2133      
# span 12 =    3.15277,    6.88760      
# span 13 =    29.1672,    34.8540      
# span 14 =    29.1092,    34.8699      
# span 15 =    22.9086,    27.1239      
# span 16 =    1468.76,    1487.10      
# span 17 =    1468.76,    1484.73      
# span 18 = 0.0000e+00, 0.0000e+00      
# interval = decibars: 1                
# start_time = Feb 11 2022 17:04:40 [System UTC, header]
# bad_flag = -9.990e-29
*END*
[from data line 153]
       3874    155.000     8.2330     8.2315   3.635787   3.637121     1.4795    -0.0402      33.22 4.9511e-02 0.0000e+00    79.6346    3.27923    34.8510    34.8667    27.1219    1485.71    1484.55 0.0000e+00
       3896    156.000     8.2331     8.2316   3.635846   3.637173     1.4792    -0.0409      32.78 4.9502e-02 0.0000e+00    79.6204    3.27970    34.8510    34.8667    27.1219    1485.72    1484.56 0.0000e+00
       3918    157.000     8.2332     8.2317   3.635905   3.637233     1.4787    -0.0453      31.74 4.9484e-02 0.0000e+00    79.5915    3.27282    34.8511    34.8668    27.1219    1485.74    1484.57 0.0000e+00
       3940    158.000     8.2333     8.2319   3.635971   3.637286     1.4776    -0.0428      29.99 4.9496e-02 0.0000e+00    79.5388    3.26922    34.8512    34.8666    27.1220    1485.76    1484.57 0.0000e+00
       3962    159.000     8.2334     8.2320   3.636005   3.637336     1.4768    -0.0389      29.01 4.9496e-02 0.0000e+00    79.5300    3.26927    34.8510    34.8666    27.1218    1485.77    1484.58 0.0000e+00
       3984    160.000     8.2335     8.2321   3.636089   3.637416     1.4763    -0.0420      28.10 4.9490e-02 0.0000e+00    79.5341    3.27182    34.8513    34.8669    27.1221    1485.79    1484.59 0.0000e+00
       4006    161.000     8.2337     8.2322   3.636205   3.637527     1.4759    -0.0450      27.20 4.9527e-02 0.0000e+00    79.5315    3.26783    34.8519    34.8675    27.1225    1485.81    1484.60 0.0000e+00
       4028    162.000     8.2338     8.2324   3.636245   3.637586     1.4751    -0.0412      26.06 4.9509e-02 0.0000e+00    79.4949    3.26517    34.8517    34.8674    27.1223    1485.83    1484.60 0.0000e+00
       4051    163.000     8.2339     8.2324   3.636301   3.637638     1.4747    -0.0351      25.05 4.9511e-02 0.0000e+00    79.5099    3.26717    34.8517    34.8675    27.1223    1485.84    1484.61 0.0000e+00
       4080    164.000     8.2340     8.2325   3.636340   3.637680     1.4740    -0.0329      23.93 4.9501e-02 0.0000e+00    79.4930    3.26445    34.8516    34.8674    27.1222    1485.86    1484.62 0.0000e+00
       4118    165.000     8.2341     8.2326   3.636409   3.637745     1.4732    -0.0395      22.88 4.9505e-02 0.0000e+00    79.5133    3.26219    34.8517    34.8675    27.1223    1485.88    1484.63 0.0000e+00
       4168    166.000     8.2342     8.2326   3.636463   3.637796     1.4722    -0.0385      21.72 4.9489e-02 0.0000e+00    79.4896    3.25960    34.8517    34.8675    27.1223    1485.89    1484.63 0.0000e+00
       4242    167.000     8.2344     8.2327   3.636511   3.637839     1.4712    -0.0363      20.51 4.9502e-02 0.0000e+00    79.4571    3.26026    34.8516    34.8674    27.1221    1485.91    1484.64 0.0000e+00
       4301    168.000     8.2344     8.2329   3.636553   3.637908     1.4710    -0.0381      19.59 4.9500e-02 0.0000e+00    79.4469    3.26100    34.8515    34.8675    27.1221    1485.93    1484.65 0.0000e+00
       4353    169.000     8.2346     8.2330   3.636664   3.638003     1.4708    -0.0378      18.64 7.3848e-02 0.0000e+00    79.4314    3.25750    34.8520    34.8679    27.1225    1485.94    1484.66 0.0000e+00
       4401    170.000     8.2348     8.2332   3.636770   3.638102     1.4693    -0.0361      17.62 7.3956e-02 0.0000e+00    79.3726    3.24480    34.8525    34.8683    27.1228    1485.96    1484.66 0.0000e+00
       4453    171.000     8.2349     8.2333   3.636843   3.638181     1.4667    -0.0354      16.58 4.9402e-02 0.0000e+00    79.2449    3.23522    34.8527    34.8685    27.1229    1485.98    1484.67 0.0000e+00
       4504    172.000     8.2351     8.2335   3.636943   3.638279     1.4640    -0.0295      15.53 4.9499e-02 0.0000e+00    78.8669    3.22571    34.8531    34.8689    27.1232    1486.00    1484.68 0.0000e+00
       4555    173.000     8.2352     8.2336   3.637006   3.638348     1.4611    -0.0324      14.49 5.3764e-02 0.0000e+00    79.1454    3.21493    34.8532    34.8691    27.1233    1486.01    1484.69 0.0000e+00
       4603    174.000     8.2353     8.2338   3.637084   3.638419     1.4585    -0.0357      13.65 4.9454e-02 0.0000e+00    79.1681    3.21175    34.8534    34.8691    27.1234    1486.03    1484.70 0.0000e+00
       4649    175.000     8.2354     8.2339   3.637149   3.638489     1.4567    -0.0327      12.66 4.9496e-02 0.0000e+00    79.0939    3.20844    34.8535    34.8693    27.1235    1486.05    1484.70 0.0000e+00
       4695    176.000     8.2353     8.2339   3.637232   3.638556     1.4557    -0.0340      11.44 4.9493e-02 0.0000e+00    79.0726    3.20583    34.8540    34.8695    27.1239    1486.06    1484.71 0.0000e+00
       4742    177.000     8.2354     8.2339   3.637285   3.638620     1.4530    -0.0377      10.53 4.9485e-02 0.0000e+00    78.9537    3.18168    34.8540    34.8697    27.1239    1486.08    1484.72 0.0000e+00
       4794    178.000     8.2355     8.2340   3.637339   3.638677     1.4473    -0.0354       9.62 4.9481e-02 0.0000e+00    78.7590    3.15833    34.8540    34.8698    27.1239    1486.10    1484.73 0.0000e+00
       4847    179.000     8.2357     8.2341   3.637402   3.638739     1.4426    -0.0338       8.64 4.9496e-02 0.0000e+00    78.7203    3.15277    34.8540    34.8699    27.1238    1486.12    1484.73 0.0000e+00
