_data/ctd/2022603/sta0188.cnv
* Sea-Bird SBE 9 Data File:
* FileName = C:\Seabird\CTDData\sta0188.hex
* Software Version Seasave V 7.21f
* Temperature SN = 6264
* Conductivity SN = 4928
* Number of Bytes Per Scan = 40
* Number of Voltage Words = 5
* Number of Scans Averaged by the Deck Unit = 1
* NMEA Latitude = 61 16.08 N
* NMEA Longitude = 006 38.01 E
* NMEA UTC (Time) = Feb 14 2022 15:22:34
* NMEA baud rate = 4800
** Ship: R/V "Kristine Bonnevie"
** Station: 0188
** Echodepth: 228
** Log: 0752.558
** Wind-Dir/Force: 26 05
** Air-temp (dry): 3.0
** Weather Sky:
** Sea:
** F08
# nquan = 19                                
# nvalues = 216                         
# units = specified
# name 0 = scan: Scan Count
# name 1 = prDM: Pressure, Digiquartz [db]
# name 2 = t068C: Temperature [ITS-68, deg C]
# name 3 = t168C: Temperature, 2 [ITS-68, deg C]
# name 4 = c0S/m: Conductivity [S/m]
# name 5 = c1S/m: Conductivity, 2 [S/m]
# name 6 = sbeox0V: Oxygen raw, SBE 43 [V]
# name 7 = flECO-AFL: Fluorescence, WET Labs ECO-AFL/FL [mg/m^3]
# name 8 = altM: Altimeter [m]
# name 9 = par: PAR/Irradiance, Biospherical/Licor
# name 10 = spar: SPAR/Surface Irradiance
# name 11 = CStarTr0: Beam Transmission, WET Labs C-Star [%]
# name 12 = sbeox0ML/L: Oxygen, SBE 43 [ml/l], WS = 2
# name 13 = sal00: Salinity, Practical [PSU]
# name 14 = sal11: Salinity, Practical, 2 [PSU]
# name 15 = sigma-t00: Density [sigma-t, Kg/m^3 ]
# name 16 = svCM: Sound Velocity [Chen-Millero, m/s]
# name 17 = avgsvCM: Average Sound Velocity [Chen-Millero, m/s], minP = 1, minS = 5
# name 18 = flag: flag
# span 0 =        459,       5277       
# span 1 =      2.000,    217.000       
# span 2 =     4.2405,    10.1072       
# span 3 =     4.2572,    10.1044       
# span 4 =   2.702545,   3.712162       
# span 5 =   2.705778,   3.713826       
# span 6 =     1.8754,     2.4828       
# span 7 =    -0.0987,     0.8467       
# span 8 =      11.61,      99.08       
# span 9 = 4.9452e-02, 1.1832e+01       
# span 10 = 2.5983e+01, 2.5983e+01      
# span 11 =    77.2047,    81.8501      
# span 12 =    4.64689,    7.44347      
# span 13 =    28.2882,    34.9294      
# span 14 =    28.3110,    34.9459      
# span 15 =    22.4304,    27.2416      
# span 16 =    1459.04,    1489.23      
# span 17 =    1459.04,    1483.60      
# span 18 = 0.0000e+00, 0.0000e+00      
# interval = decibars: 1                
# start_time = Feb 14 2022 15:22:36 [System UTC, header]
# bad_flag = -9.990e-29
*END*
[from data line 153]
       3854    155.000     8.1026     8.1012   3.621454   3.622840     1.9418    -0.0852      99.08 4.9485e-02 2.5983e+01    81.5447    4.79013    34.8272    34.8434    27.1230    1485.19    1482.94 0.0000e+00
       3875    156.000     8.0975     8.0958   3.621194   3.622590     1.9377    -0.0862      24.21 4.9472e-02 2.5983e+01    81.5282    4.78826    34.8290    34.8456    27.1252    1485.19    1482.95 0.0000e+00
       3897    157.000     8.0953     8.0937   3.621117   3.622494     1.9348    -0.0987      64.44 4.9465e-02 2.5983e+01    81.5260    4.78493    34.8298    34.8462    27.1262    1485.20    1482.97 0.0000e+00
       3917    158.000     8.0915     8.0899   3.620913   3.622300     1.9316    -0.0705      78.74 4.9472e-02 2.5983e+01    81.4904    4.77382    34.8310    34.8474    27.1276    1485.20    1482.98 0.0000e+00
       3938    159.000     8.0879     8.0863   3.620745   3.622147     1.9287    -0.0707      56.47 4.9479e-02 2.5983e+01    81.4599    4.76671    34.8322    34.8489    27.1292    1485.20    1483.00 0.0000e+00
       3959    160.000     8.0857     8.0841   3.620708   3.622096     1.9256    -0.0707      69.64 4.9483e-02 2.5983e+01    81.4208    4.75898    34.8336    34.8500    27.1305    1485.21    1483.01 0.0000e+00
       3980    161.000     8.0829     8.0813   3.620587   3.621983     1.9229    -0.0641      61.18 4.9515e-02 2.5983e+01    81.3977    4.75141    34.8346    34.8511    27.1318    1485.22    1483.02 0.0000e+00
       4001    162.000     8.0788     8.0774   3.620403   3.621793     1.9202    -0.0685      43.80 4.9472e-02 2.5983e+01    81.3578    4.74258    34.8362    34.8525    27.1336    1485.22    1483.04 0.0000e+00
       4022    163.000     8.0742     8.0725   3.620203   3.621574     1.9172    -0.0691      41.62 4.9492e-02 2.5983e+01    81.3412    4.73454    34.8381    34.8545    27.1359    1485.23    1483.05 0.0000e+00
       4043    164.000     8.0697     8.0683   3.619991   3.621374     1.9147    -0.0652      85.84 4.9519e-02 2.5983e+01    81.3012    4.73083    34.8398    34.8560    27.1379    1485.23    1483.06 0.0000e+00
       4064    165.000     8.0637     8.0622   3.619690   3.621071     1.9122    -0.0747      69.37 4.9498e-02 2.5983e+01    81.3080    4.72602    34.8421    34.8584    27.1406    1485.22    1483.08 0.0000e+00
       4086    166.000     8.0570     8.0557   3.619385   3.620778     1.9100    -0.0647      44.79 4.9496e-02 2.5983e+01    81.2787    4.71645    34.8450    34.8612    27.1439    1485.22    1483.09 0.0000e+00
       4107    167.000     8.0521     8.0510   3.619249   3.620633     1.9072    -0.0648      84.81 4.9502e-02 2.5983e+01    81.2457    4.70738    34.8479    34.8639    27.1469    1485.22    1483.10 0.0000e+00
       4128    168.000     8.0484     8.0467   3.619296   3.620684     1.9048    -0.0627      78.05 4.9477e-02 2.5983e+01    81.2556    4.70377    34.8516    34.8682    27.1504    1485.23    1483.12 0.0000e+00
       4149    169.000     8.0481     8.0462   3.619430   3.620793     1.9024    -0.0703      70.83 4.9532e-02 2.5983e+01    81.2356    4.69801    34.8529    34.8694    27.1514    1485.24    1483.13 0.0000e+00
       4170    170.000     8.0464     8.0447   3.619318   3.620685     1.9002    -0.0708      30.03 4.9511e-02 2.5983e+01    81.2898    4.70110    34.8529    34.8692    27.1516    1485.25    1483.14 0.0000e+00
       4192    171.000     8.0419     8.0404   3.619103   3.620465     1.8997    -0.0734      86.21 4.9508e-02 2.5983e+01    81.3211    4.71621    34.8546    34.8707    27.1536    1485.26    1483.15 0.0000e+00
       4213    172.000     8.0338     8.0323   3.618642   3.620025     1.8997    -0.0762      69.86 4.9484e-02 2.5983e+01    81.3275    4.72023    34.8572    34.8735    27.1569    1485.25    1483.17 0.0000e+00
       4235    173.000     8.0299     8.0282   3.618478   3.619846     1.8998    -0.0723      24.98 4.9498e-02 2.5983e+01    81.3510    4.72374    34.8588    34.8752    27.1588    1485.25    1483.18 0.0000e+00
       4256    174.000     8.0226     8.0207   3.618029   3.619381     1.9001    -0.0592      46.29 4.9532e-02 2.5983e+01    81.3190    4.72405    34.8608    34.8772    27.1614    1485.24    1483.19 0.0000e+00
       4278    175.000     8.0195     8.0177   3.617885   3.619266     1.8996    -0.0704      81.88 4.9502e-02 2.5983e+01    81.2761    4.71195    34.8619    34.8785    27.1627    1485.25    1483.20 0.0000e+00
       4299    176.000     8.0169     8.0153   3.617783   3.619164     1.8985    -0.0633      98.24 4.9525e-02 2.5983e+01    81.2505    4.70147    34.8629    34.8793    27.1639    1485.25    1483.21 0.0000e+00
       4320    177.000     8.0127     8.0113   3.617576   3.618967     1.8966    -0.0559      54.79 4.9534e-02 2.5983e+01    81.2331    4.68600    34.8643    34.8807    27.1657    1485.26    1483.22 0.0000e+00
       4342    178.000     8.0073     8.0062   3.617323   3.618728     1.8939    -0.0712      63.17 4.9466e-02 2.5983e+01    81.1865    4.67625    34.8665    34.8827    27.1682    1485.26    1483.24 0.0000e+00
       4363    179.000     8.0054     8.0031   3.617272   3.618624     1.8918    -0.0756      39.68 4.9485e-02 2.5983e+01    81.1629    4.67413    34.8674    34.8842    27.1692    1485.27    1483.25 0.0000e+00
       4385    180.000     8.0002     7.9988   3.617031   3.618425     1.8896    -0.0637      17.84 4.9496e-02 2.5983e+01    81.1200    4.66595    34.8695    34.8858    27.1716    1485.27    1483.26 0.0000e+00
       4406    181.000     7.9923     7.9917   3.616651   3.618050     1.8872    -0.0701      26.49 4.9499e-02 2.5983e+01    81.0531    4.65711    34.8728    34.8884    27.1754    1485.26    1483.27 0.0000e+00
       4427    182.000     7.9813     7.9800   3.616097   3.617487     1.8849    -0.0660      46.64 4.9479e-02 2.5983e+01    81.0021    4.65233    34.8773    34.8935    27.1806    1485.24    1483.28 0.0000e+00
       4448    183.000     7.9769     7.9755   3.615892   3.617282     1.8825    -0.0714      84.85 4.9459e-02 2.5983e+01    80.8977    4.65033    34.8790    34.8953    27.1826    1485.24    1483.29 0.0000e+00
       4470    184.000     7.9685     7.9672   3.615513   3.616897     1.8809    -0.0733      53.50 4.9490e-02 2.5983e+01    80.7955    4.65365    34.8828    34.8990    27.1869    1485.23    1483.30 0.0000e+00
       4491    185.000     7.9635     7.9622   3.615296   3.616680     1.8799    -0.0583      66.37 4.9533e-02 2.5983e+01    80.6988    4.65309    34.8850    34.9012    27.1893    1485.23    1483.31 0.0000e+00
       4513    186.000     7.9589     7.9575   3.615087   3.616476     1.8785    -0.0644      42.69 4.9486e-02 2.5983e+01    80.5625    4.64870    34.8868    34.9032    27.1915    1485.23    1483.32 0.0000e+00
       4534    187.000     7.9540     7.9524   3.614913   3.616299     1.8773    -0.0679      41.71 4.9477e-02 2.5983e+01    80.4739    4.64702    34.8894    34.9059    27.1942    1485.23    1483.33 0.0000e+00
       4556    188.000     7.9514     7.9497   3.614871   3.616257     1.8761    -0.0645      40.87 4.9533e-02 2.5983e+01    80.4231    4.64689    34.8910    34.9076    27.1959    1485.24    1483.34 0.0000e+00
       4578    189.000     7.9504     7.9488   3.614874   3.616259     1.8754    -0.0614      39.88 4.9486e-02 2.5983e+01    80.4408    4.65302    34.8916    34.9081    27.1964    1485.25    1483.35 0.0000e+00
       4599    190.000     7.9496     7.9479   3.614912   3.616293     1.8756    -0.0674      39.03 4.9479e-02 2.5983e+01    80.6268    4.66980    34.8923    34.9088    27.1971    1485.27    1483.36 0.0000e+00
       4621    191.000     7.9436     7.9427   3.614618   3.616005     1.8772    -0.0687      38.09 4.9528e-02 2.5983e+01    80.8017    4.68379    34.8946    34.9104    27.1999    1485.26    1483.37 0.0000e+00
       4642    192.000     7.9361     7.9347   3.614215   3.615608     1.8786    -0.0669      36.95 4.9483e-02 2.5983e+01    80.9027    4.68791    34.8973    34.9137    27.2031    1485.25    1483.38 0.0000e+00
       4664    193.000     7.9332     7.9317   3.614144   3.615532     1.8800    -0.0820      35.86 4.9472e-02 2.5983e+01    81.0125    4.69257    34.8989    34.9154    27.2048    1485.26    1483.39 0.0000e+00
       4686    194.000     7.9310     7.9294   3.614097   3.615491     1.8811    -0.0844      34.83 4.9502e-02 2.5983e+01    81.1491    4.69883    34.9001    34.9167    27.2061    1485.27    1483.40 0.0000e+00
       4707    195.000     7.9289     7.9271   3.614031   3.615414     1.8828    -0.0662      33.88 4.9512e-02 2.5983e+01    81.1974    4.70651    34.9010    34.9177    27.2071    1485.28    1483.41 0.0000e+00
       4728    196.000     7.9269     7.9253   3.613975   3.615376     1.8842    -0.0760      32.84 4.9465e-02 2.5983e+01    81.2433    4.71395    34.9020    34.9186    27.2081    1485.29    1483.42 0.0000e+00
       4750    197.000     7.9248     7.9231   3.613966   3.615353     1.8862    -0.0687      31.87 4.9496e-02 2.5983e+01    81.3107    4.72398    34.9035    34.9201    27.2096    1485.30    1483.43 0.0000e+00
       4771    198.000     7.9214     7.9202   3.613806   3.615196     1.8880    -0.0714      30.85 4.9485e-02 2.5983e+01    81.3560    4.73425    34.9047    34.9208    27.2110    1485.31    1483.44 0.0000e+00
       4792    199.000     7.9121     7.9109   3.613292   3.614672     1.8903    -0.0707      30.06 4.9499e-02 2.5983e+01    81.4013    4.74397    34.9079    34.9240    27.2150    1485.29    1483.45 0.0000e+00
       4814    200.000     7.9070     7.9057   3.613051   3.614447     1.8924    -0.0744      28.88 4.9477e-02 2.5983e+01    81.4404    4.75334    34.9099    34.9262    27.2173    1485.29    1483.46 0.0000e+00
       4835    201.000     7.9023     7.9008   3.612781   3.614155     1.8947    -0.0706      27.55 4.9496e-02 2.5983e+01    81.4863    4.75539    34.9112    34.9275    27.2191    1485.29    1483.47 0.0000e+00
       4857    202.000     7.8953     7.8941   3.612366   3.613758     1.8960    -0.0674      26.70 4.9505e-02 2.5983e+01    81.5317    4.75947    34.9133    34.9294    27.2217    1485.28    1483.48 0.0000e+00
       4879    203.000     7.8905     7.8891   3.612129   3.613509     1.8978    -0.0696      25.87 4.9477e-02 2.5983e+01    81.5616    4.76640    34.9150    34.9313    27.2238    1485.29    1483.48 0.0000e+00
       4901    204.000     7.8871     7.8857   3.611958   3.613347     1.8990    -0.0677      24.81 4.9487e-02 2.5983e+01    81.5694    4.76337    34.9161    34.9324    27.2252    1485.29    1483.49 0.0000e+00
       4924    205.000     7.8831     7.8817   3.611754   3.613145     1.8995    -0.0720      23.75 4.9474e-02 2.5983e+01    81.5689    4.75725    34.9174    34.9338    27.2268    1485.29    1483.50 0.0000e+00
       4948    206.000     7.8786     7.8771   3.611521   3.612906     1.8997    -0.0691      22.60 4.9505e-02 2.5983e+01    81.5850    4.75848    34.9189    34.9353    27.2286    1485.29    1483.51 0.0000e+00
       4973    207.000     7.8778     7.8762   3.611520   3.612902     1.9000    -0.0659      21.53 4.9484e-02 2.5983e+01    81.5857    4.76039    34.9192    34.9357    27.2290    1485.31    1483.52 0.0000e+00
       5002    208.000     7.8764     7.8749   3.611481   3.612865     1.9000    -0.0688      20.68 4.9506e-02 2.5983e+01    81.5799    4.75910    34.9197    34.9361    27.2296    1485.32    1483.53 0.0000e+00
       5031    209.000     7.8731     7.8717   3.611324   3.612704     1.9000    -0.0733      19.67 4.9489e-02 2.5983e+01    81.5756    4.75653    34.9208    34.9371    27.2310    1485.33    1483.54 0.0000e+00
       5059    210.000     7.8682     7.8668   3.611064   3.612445     1.8993    -0.0695      18.65 4.9494e-02 2.5983e+01    81.5488    4.74990    34.9224    34.9387    27.2329    1485.33    1483.55 0.0000e+00
       5087    211.000     7.8632     7.8616   3.610800   3.612185     1.8984    -0.0670      17.66 4.9479e-02 2.5983e+01    81.5677    4.74988    34.9241    34.9406    27.2350    1485.32    1483.55 0.0000e+00
       5115    212.000     7.8603     7.8589   3.610656   3.612045     1.8976    -0.0713      16.67 4.9477e-02 2.5983e+01    81.5770    4.74941    34.9250    34.9413    27.2361    1485.33    1483.56 0.0000e+00
       5144    213.000     7.8542     7.8527   3.610326   3.611707     1.8976    -0.0705      15.67 4.9492e-02 2.5983e+01    81.5969    4.75890    34.9270    34.9434    27.2386    1485.33    1483.57 0.0000e+00
       5175    214.000     7.8512     7.8497   3.610178   3.611571     1.8982    -0.0717      14.60 4.9488e-02 2.5983e+01    81.5952    4.76636    34.9279    34.9444    27.2398    1485.33    1483.58 0.0000e+00
       5209    215.000     7.8502     7.8485   3.610156   3.611537     1.8991    -0.0700      13.30 4.9485e-02 2.5983e+01    81.5926    4.76882    34.9282    34.9448    27.2402    1485.35    1483.59 0.0000e+00
       5243    216.000     7.8485     7.8470   3.610107   3.611488     1.8995    -0.0665      12.57 4.9480e-02 2.5983e+01    81.6609    4.76419    34.9289    34.9453    27.2410    1485.36    1483.60 0.0000e+00
       5277    217.000     7.8467     7.8451   3.610028   3.611417     1.8992    -0.0635      11.61 4.9484e-02 2.5983e+01    81.6123    4.76496    34.9294    34.9459    27.2416    1485.37    1483.60 0.0000e+00
