_data/ctd/2022603/sta0208.cnv
* Sea-Bird SBE 9 Data File:
* FileName = C:\Seabird\CTDData\sta0208.hex
* Software Version Seasave V 7.21f
* Temperature SN = 6264
* Conductivity SN = 4928
* Number of Bytes Per Scan = 40
* Number of Voltage Words = 5
* Number of Scans Averaged by the Deck Unit = 1
* NMEA Latitude = 61 27.54 N
* NMEA Longitude = 005 27.69 E
* NMEA UTC (Time) = Feb 15 2022 23:35:45
* NMEA baud rate = 4800
** Ship: R/V "Kristine Bonnevie"
** Station: 0208
** Echodepth: 287
** Log: 0907.956
** Wind-Dir/Force: 14 05
** Air-temp (dry): 3.0
** Weather Sky:
** Sea:
# nquan = 19                                
# nvalues = 280                         
# units = specified
# name 0 = scan: Scan Count
# name 1 = prDM: Pressure, Digiquartz [db]
# name 2 = t068C: Temperature [ITS-68, deg C]
# name 3 = t168C: Temperature, 2 [ITS-68, deg C]
# name 4 = c0S/m: Conductivity [S/m]
# name 5 = c1S/m: Conductivity, 2 [S/m]
# name 6 = sbeox0V: Oxygen raw, SBE 43 [V]
# name 7 = flECO-AFL: Fluorescence, WET Labs ECO-AFL/FL [mg/m^3]
# name 8 = altM: Altimeter [m]
# name 9 = par: PAR/Irradiance, Biospherical/Licor
# name 10 = spar: SPAR/Surface Irradiance
# name 11 = CStarTr0: Beam Transmission, WET Labs C-Star [%]
# name 12 = sbeox0ML/L: Oxygen, SBE 43 [ml/l], WS = 2
# name 13 = sal00: Salinity, Practical [PSU]
# name 14 = sal11: Salinity, Practical, 2 [PSU]
# name 15 = sigma-t00: Density [sigma-t, Kg/m^3 ]
# name 16 = svCM: Sound Velocity [Chen-Millero, m/s]
# name 17 = avgsvCM: Average Sound Velocity [Chen-Millero, m/s], minP = 1, minS = 5
# name 18 = flag: flag
# span 0 =        647,       6596       
# span 1 =      8.000,    287.000       
# span 2 =     7.6681,     9.6043       
# span 3 =     7.6719,     9.6104       
# span 4 =   3.285216,   3.647294       
# span 5 =   3.289256,   3.648771       
# span 6 =     1.7824,     2.3794       
# span 7 =    -0.0794,     0.0095       
# span 8 =       8.13,     105.30       
# span 9 = 4.9439e-02, 6.9868e-02       
# span 10 = 0.0000e+00, 0.0000e+00      
# span 11 =    79.9589,    81.4204      
# span 12 =    4.27195,    6.38282      
# span 13 =    31.7114,    34.7435      
# span 14 =    31.7512,    34.7604      
# span 15 =    24.7391,    27.0188      
# span 16 =    1477.26,    1488.21      
# span 17 =    1477.26,    1485.83      
# span 18 = 0.0000e+00, 0.0000e+00      
# interval = decibars: 1                
# start_time = Feb 15 2022 23:35:47 [System UTC, header]
# bad_flag = -9.990e-29
*END*
        647      8.000     7.6681     7.6719   3.285216   3.289256     2.3786 -9.990e-29     105.30 6.9868e-02 0.0000e+00    80.7134    6.38282    31.7114    31.7512    24.7391    1477.26    1477.26 0.0000e+00
        708      9.000     7.7818     7.7739   3.315331   3.316489     2.3786     0.0095      90.05 5.8294e-02 0.0000e+00    80.7958    6.35905    31.9289    31.9485    24.8940    1477.98    1477.34 0.0000e+00
        748     10.000     7.7265     7.7332   3.327367   3.328542     2.3793    -0.0202      83.49 5.2028e-02 0.0000e+00    80.8356    6.36463    32.1079    32.1143    25.0423    1478.00    1477.40 0.0000e+00
        776     11.000     7.8962     7.8881   3.349614   3.351883     2.3781    -0.0253      65.29 5.0301e-02 0.0000e+00    80.9029    6.30754    32.1887    32.2203    25.0817    1478.77    1477.53 0.0000e+00
        803     12.000     8.0864     8.0816   3.376778   3.378535     2.3769    -0.0241      97.90 4.9487e-02 0.0000e+00    80.8993    6.30294    32.3018    32.3249    25.1432    1479.65    1477.70 0.0000e+00
        829     13.000     8.1075     8.1124   3.383618   3.385376     2.3794     0.0054      88.71 4.9468e-02 0.0000e+00    80.9218    6.30524    32.3544    32.3686    25.1814    1479.81    1477.87 0.0000e+00
        852     14.000     8.1348     8.1381   3.390163   3.392423     2.3781    -0.0227      92.45 4.9474e-02 0.0000e+00    80.9499    6.25174    32.3982    32.4191    25.2118    1479.98    1478.02 0.0000e+00
        876     15.000     8.2549     8.2507   3.411278   3.413840     2.3738    -0.0253      88.65 4.9464e-02 0.0000e+00    80.9594    6.20229    32.5103    32.5413    25.2821    1480.59    1478.19 0.0000e+00
        898     16.000     8.3993     8.3777   3.433819   3.433920     2.3697    -0.0218      90.55 4.9458e-02 0.0000e+00    80.9752    6.17855    32.6142    32.6353    25.3422    1481.28    1478.38 0.0000e+00
        920     17.000     8.5276     8.5183   3.451813   3.452454     2.3679 -9.990e-29      88.79 4.9458e-02 0.0000e+00    80.9940    6.16201    32.6844    32.6997    25.3780    1481.87    1478.59 0.0000e+00
        941     18.000     8.7350     8.6782   3.480265   3.478592     2.3657 -9.990e-29      98.25 4.9485e-02 0.0000e+00    81.0309    6.10856    32.7903    32.8254    25.4294    1482.79    1478.82 0.0000e+00
        962     19.000     9.2398     9.2143   3.541265   3.543125     2.3618 -9.990e-29      49.07 4.9464e-02 0.0000e+00    81.0425    6.02940    32.9576    33.0004    25.4817    1484.88    1479.14 0.0000e+00
        984     20.000     9.4899     9.4749   3.577711   3.579442     2.3621 -9.990e-29      98.31 4.9465e-02 0.0000e+00    81.0764    6.01045    33.1021    33.1338    25.5545    1485.99    1479.48 0.0000e+00
       1005     21.000     9.6043     9.6104   3.594880   3.596509     2.3602 -9.990e-29      98.83 4.9459e-02 0.0000e+00    81.1138    5.92338    33.1724    33.1835    25.5908    1486.51    1479.81 0.0000e+00
       1027     22.000     8.9613     9.0059   3.532151   3.534065     2.3498 -9.990e-29      87.31 4.9483e-02 0.0000e+00    81.1701    5.85810    33.1200    33.0984    25.6526    1484.10    1480.00 0.0000e+00
       1048     23.000     8.7518     8.7524   3.519349   3.521061     2.3256 -9.990e-29      98.70 4.9466e-02 0.0000e+00    81.2315    5.67660    33.1816    33.1990    25.7333    1483.41    1480.15 0.0000e+00
       1068     24.000     8.7974     8.7951   3.526487   3.528110     2.2962 -9.990e-29      86.65 4.9474e-02 0.0000e+00    81.2331    5.63763    33.2131    33.2323    25.7510    1483.64    1480.30 0.0000e+00
       1089     25.000     8.7243     8.7359   3.521470   3.523407     2.2819 -9.990e-29      97.61 4.9479e-02 0.0000e+00    81.2189    5.75874    33.2287    33.2381    25.7744    1483.40    1480.42 0.0000e+00
       1110     26.000     8.6715     8.6726   3.518336   3.519722     2.2788 -9.990e-29      84.58 4.9446e-02 0.0000e+00    81.2005    5.84004    33.2449    33.2585    25.7953    1483.24    1480.53 0.0000e+00
       1130     27.000     8.6630     8.6613   3.518139   3.519490     2.2791 -9.990e-29      94.52 4.9479e-02 0.0000e+00    81.1837    5.87010    33.2504    33.2662    25.8009    1483.23    1480.63 0.0000e+00
       1151     28.000     8.6702     8.6667   3.521267   3.522610     2.2808 -9.990e-29      86.55 4.9481e-02 0.0000e+00    81.1766    5.88868    33.2760    33.2934    25.8198    1483.31    1480.73 0.0000e+00
       1171     29.000     8.6987     8.6955   3.528525   3.530043     2.2835 -9.990e-29      91.49 4.9512e-02 0.0000e+00    81.1570    5.90215    33.3249    33.3439    25.8538    1483.49    1480.82 0.0000e+00
       1192     30.000     8.7269     8.7225   3.534757   3.535929     2.2868 -9.990e-29      97.96 4.9495e-02 0.0000e+00    81.1477    5.90930    33.3633    33.3797    25.8795    1483.66    1480.92 0.0000e+00
       1212     31.000     8.7829     8.7736   3.547309   3.548138     2.2896 -9.990e-29      98.82 4.9445e-02 0.0000e+00    81.1818    5.90342    33.4416    33.4591    25.9322    1483.98    1481.01 0.0000e+00
       1232     32.000     8.8448     8.8405   3.560161   3.561864     2.2920 -9.990e-29      93.41 4.9472e-02 0.0000e+00    81.1918    5.89106    33.5173    33.5392    25.9818    1484.32    1481.12 0.0000e+00
       1252     33.000     8.8567     8.8551   3.562497   3.564078     2.2936 -9.990e-29      98.47 4.9461e-02 0.0000e+00    81.2001    5.88332    33.5301    33.5481    25.9900    1484.40    1481.22 0.0000e+00
       1272     34.000     8.8680     8.8645   3.564793   3.566167     2.2937 -9.990e-29      94.01 4.9467e-02 0.0000e+00    81.1953    5.86431    33.5429    33.5606    25.9983    1484.47    1481.31 0.0000e+00
       1292     35.000     8.8896     8.8864   3.569219   3.570794     2.2924 -9.990e-29      96.44 4.9467e-02 0.0000e+00    81.2032    5.84088    33.5683    33.5878    26.0148    1484.60    1481.41 0.0000e+00
       1312     36.000     8.9125     8.9086   3.574638   3.576062     2.2898 -9.990e-29      92.16 4.9467e-02 0.0000e+00    81.2182    5.82509    33.6029    33.6215    26.0383    1484.74    1481.50 0.0000e+00
       1332     37.000     8.9394     8.9369   3.580077   3.581703     2.2879 -9.990e-29      90.97 4.9467e-02 0.0000e+00    81.2416    5.81752    33.6338    33.6531    26.0582    1484.90    1481.59 0.0000e+00
       1352     38.000     8.9478     8.9462   3.581268   3.582766     2.2858 -9.990e-29      95.72 4.9481e-02 0.0000e+00    81.2273    5.80914    33.6378    33.6550    26.0601    1484.95    1481.68 0.0000e+00
       1372     39.000     8.9500     8.9474   3.581772   3.583125     2.2837 -9.990e-29      89.20 4.9479e-02 0.0000e+00    81.2405    5.80379    33.6405    33.6571    26.0618    1484.98    1481.76 0.0000e+00
       1393     40.000     8.9512     8.9487   3.581997   3.583371     2.2817    -0.0550      95.55 4.9460e-02 0.0000e+00    81.1945    5.79426    33.6413    33.6580    26.0622    1485.00    1481.84 0.0000e+00
       1413     41.000     8.9595     8.9575   3.583626   3.585162     2.2792    -0.0780      75.06 4.9474e-02 0.0000e+00    81.2535    5.78600    33.6500    33.6679    26.0677    1485.06    1481.92 0.0000e+00
       1433     42.000     8.9735     8.9698   3.586510   3.587784     2.2772    -0.0736      98.57 4.9459e-02 0.0000e+00    81.2370    5.78515    33.6664    33.6832    26.0784    1485.14    1482.00 0.0000e+00
       1453     43.000     8.9857     8.9816   3.589057   3.590241     2.2758    -0.0544      98.62 4.9494e-02 0.0000e+00    81.2253    5.78050    33.6809    33.6972    26.0879    1485.22    1482.07 0.0000e+00
       1474     44.000     9.0120     9.0064   3.594970   3.596452     2.2741    -0.0673      91.97 4.9446e-02 0.0000e+00    81.2524    5.76846    33.7172    33.7380    26.1121    1485.38    1482.15 0.0000e+00
       1494     45.000     9.0564     9.0531   3.604598   3.606076     2.2723    -0.0754      89.80 4.9473e-02 0.0000e+00    81.2467    5.76063    33.7751    33.7936    26.1504    1485.63    1482.22 0.0000e+00
       1515     46.000     9.0658     9.0626   3.608635   3.609821     2.2716    -0.0756      95.05 4.9474e-02 0.0000e+00    81.2681    5.76133    33.8077    33.8231    26.1744    1485.72    1482.30 0.0000e+00
       1535     47.000     9.0830     9.0794   3.614810   3.616070     2.2706    -0.0748      86.91 4.9472e-02 0.0000e+00    81.2877    5.75113    33.8553    33.8718    26.2089    1485.86    1482.38 0.0000e+00
       1555     48.000     9.0827     9.0802   3.614973   3.616165     2.2692    -0.0761      94.48 4.9467e-02 0.0000e+00    81.2511    5.73449    33.8568    33.8716    26.2102    1485.88    1482.45 0.0000e+00
       1575     49.000     9.0980     9.0934   3.618814   3.620093     2.2661    -0.0735      69.25 4.9474e-02 0.0000e+00    81.2902    5.70471    33.8818    33.8995    26.2273    1485.98    1482.52 0.0000e+00
       1595     50.000     9.1107     9.1083   3.622858   3.624272     2.2617    -0.0667      98.65 4.9446e-02 0.0000e+00    81.2949    5.67698    33.9114    33.9284    26.2484    1486.08    1482.59 0.0000e+00
       1615     51.000     9.1157     9.1136   3.626812   3.628330     2.2569    -0.0699      70.13 4.9467e-02 0.0000e+00    81.2960    5.65590    33.9473    33.9651    26.2758    1486.16    1482.66 0.0000e+00
       1636     52.000     9.1169     9.1151   3.627975   3.629451     2.2516    -0.0747      99.11 4.9481e-02 0.0000e+00    81.3013    5.63161    33.9578    33.9749    26.2838    1486.20    1482.73 0.0000e+00
       1656     53.000     9.1172     9.1152   3.628107   3.629447     2.2454    -0.0726      65.57 4.9465e-02 0.0000e+00    81.2730    5.60809    33.9585    33.9743    26.2842    1486.21    1482.80 0.0000e+00
       1677     54.000     9.1177     9.1157   3.628655   3.630090     2.2393    -0.0737      99.01 4.9481e-02 0.0000e+00    81.2924    5.58903    33.9632    33.9801    26.2879    1486.24    1482.86 0.0000e+00
       1697     55.000     9.1192     9.1170   3.629422   3.630826     2.2333    -0.0761      68.63 4.9472e-02 0.0000e+00    81.2956    5.57391    33.9693    33.9861    26.2924    1486.27    1482.92 0.0000e+00
       1717     56.000     9.1194     9.1176   3.630685   3.631980     2.2281    -0.0726      95.44 4.9453e-02 0.0000e+00    81.3167    5.57323    33.9818    33.9970    26.3022    1486.30    1482.98 0.0000e+00
       1738     57.000     9.1121     9.1112   3.634776   3.636113     2.2243    -0.0790      74.31 4.9505e-02 0.0000e+00    81.2906    5.57350    34.0310    34.0457    26.3418    1486.35    1483.04 0.0000e+00
       1758     58.000     9.1078     9.1055   3.636029   3.637553     2.2215    -0.0767      91.10 4.9488e-02 0.0000e+00    81.3091    5.57305    34.0477    34.0657    26.3555    1486.37    1483.10 0.0000e+00
       1779     59.000     9.1085     9.1067   3.636064   3.637522     2.2192    -0.0754      67.38 4.9472e-02 0.0000e+00    81.2996    5.56469    34.0469    34.0638    26.3548    1486.39    1483.15 0.0000e+00
       1800     60.000     9.1077     9.1055   3.636174   3.637643     2.2160    -0.0736      80.76 4.9474e-02 0.0000e+00    81.2957    5.54686    34.0483    34.0657    26.3561    1486.40    1483.21 0.0000e+00
       1820     61.000     9.1076     9.1061   3.636261   3.637656     2.2124    -0.0648      70.48 4.9505e-02 0.0000e+00    81.3103    5.53000    34.0489    34.0648    26.3565    1486.42    1483.26 0.0000e+00
       1840     62.000     9.1081     9.1068   3.636306   3.637645     2.2083    -0.0720      70.86 4.9474e-02 0.0000e+00    81.3154    5.51684    34.0484    34.0636    26.3561    1486.44    1483.31 0.0000e+00
       1861     63.000     9.1082     9.1064   3.636181   3.637625     2.2044    -0.0771      71.78 4.9439e-02 0.0000e+00    81.3027    5.51154    34.0465    34.0633    26.3546    1486.45    1483.36 0.0000e+00
       1881     64.000     9.1064     9.1052   3.636982   3.638282     2.2016    -0.0674      50.26 4.9499e-02 0.0000e+00    81.3212    5.50872    34.0561    34.0708    26.3624    1486.48    1483.41 0.0000e+00
       1901     65.000     9.0975     9.0962   3.637970   3.639419     2.1986    -0.0685      83.55 4.9488e-02 0.0000e+00    81.3078    5.49937    34.0745    34.0908    26.3782    1486.48    1483.46 0.0000e+00
       1922     66.000     9.0936     9.0912   3.639801   3.641449     2.1956    -0.0757      41.86 4.9467e-02 0.0000e+00    81.2824    5.48659    34.0968    34.1163    26.3963    1486.51    1483.50 0.0000e+00
       1942     67.000     9.0724     9.0715   3.642819   3.644263     2.1923    -0.0794      97.29 4.9452e-02 0.0000e+00    81.3154    5.47495    34.1482    34.1641    26.4399    1486.51    1483.55 0.0000e+00
       1962     68.000     9.0611     9.0584   3.642899   3.644196     2.1887    -0.0676      97.44 4.9467e-02 0.0000e+00    81.3123    5.46068    34.1594    34.1755    26.4505    1486.50    1483.59 0.0000e+00
       1983     69.000     9.0620     9.0602   3.643876   3.645346     2.1847    -0.0757      95.76 4.9460e-02 0.0000e+00    81.3154    5.44520    34.1683    34.1853    26.4573    1486.53    1483.63 0.0000e+00
       2003     70.000     9.0544     9.0540   3.644706   3.646139     2.1806    -0.0707      97.04 4.9460e-02 0.0000e+00    81.3065    5.42726    34.1837    34.1991    26.4706    1486.54    1483.67 0.0000e+00
       2023     71.000     9.0424     9.0406   3.645673   3.647137     2.1757    -0.0673      84.69 4.9510e-02 0.0000e+00    81.3022    5.40655    34.2049    34.2219    26.4891    1486.54    1483.71 0.0000e+00
       2043     72.000     9.0409     9.0391   3.646397   3.647860     2.1707    -0.0669      98.93 4.9492e-02 0.0000e+00    81.3232    5.40318    34.2134    34.2305    26.4960    1486.56    1483.75 0.0000e+00
       2064     73.000     9.0274     9.0269   3.647294   3.648771     2.1675    -0.0726      80.77 4.9495e-02 0.0000e+00    81.3280    5.40386    34.2353    34.2512    26.5153    1486.55    1483.79 0.0000e+00
       2084     74.000     8.9821     8.9808   3.646652   3.648046     2.1641    -0.0645      98.86 4.9459e-02 0.0000e+00    81.3249    5.39486    34.2718    34.2876    26.5511    1486.45    1483.83 0.0000e+00
       2105     75.000     8.9583     8.9561   3.646150   3.647568     2.1607    -0.0623      66.77 4.9488e-02 0.0000e+00    81.3204    5.38271    34.2890    34.3060    26.5684    1486.40    1483.86 0.0000e+00
       2125     76.000     8.9550     8.9535   3.646122   3.647577     2.1565    -0.0660      98.65 4.9466e-02 0.0000e+00    81.3233    5.35816    34.2914    34.3081    26.5708    1486.40    1483.90 0.0000e+00
       2145     77.000     8.9538     8.9521   3.646157   3.647626     2.1509    -0.0739      60.75 4.9453e-02 0.0000e+00    81.3130    5.32322    34.2925    34.3095    26.5718    1486.42    1483.93 0.0000e+00
       2166     78.000     8.9518     8.9505   3.646171   3.647606     2.1438    -0.0641      98.63 4.9479e-02 0.0000e+00    81.3180    5.28869    34.2941    34.3104    26.5734    1486.43    1483.96 0.0000e+00
       2187     79.000     8.9523     8.9497   3.646292   3.647733     2.1362    -0.0624      58.99 4.9474e-02 0.0000e+00    81.3239    5.26460    34.2944    34.3120    26.5735    1486.45    1483.99 0.0000e+00
       2207     80.000     8.9434     8.9380   3.646137   3.647512     2.1290    -0.0699      79.71 4.9465e-02 0.0000e+00    81.3093    5.25207    34.3009    34.3205    26.5800    1486.44    1484.02 0.0000e+00
       2228     81.000     8.9112     8.9149   3.646157   3.647573     2.1230    -0.0638      79.65 4.9467e-02 0.0000e+00    81.3263    5.24386    34.3318    34.3430    26.6093    1486.37    1484.05 0.0000e+00
       2248     82.000     8.8832     8.8825   3.646526   3.647968     2.1173    -0.0584      99.26 4.9474e-02 0.0000e+00    81.3308    5.23115    34.3623    34.3781    26.6376    1486.32    1484.08 0.0000e+00
       2268     83.000     8.8744     8.8730   3.646891   3.648363     2.1118    -0.0704      44.27 4.9479e-02 0.0000e+00    81.3154    5.21279    34.3742    34.3910    26.6483    1486.32    1484.11 0.0000e+00
