_data/ctd/2022603/sta0152.cnv
* Sea-Bird SBE 9 Data File:
* FileName = C:\Seabird\CTDData\sta0152.hex
* Software Version Seasave V 7.21f
* Temperature SN = 6264
* Conductivity SN = 4928
* Number of Bytes Per Scan = 40
* Number of Voltage Words = 5
* Number of Scans Averaged by the Deck Unit = 1
* NMEA Latitude = 60 23.42 N
* NMEA Longitude = 006 20.50 E
* NMEA UTC (Time) = Feb 10 2022 06:45:42
* NMEA baud rate = 4800
** Ship: R/V "Kristine Bonnevie"
** Station: 0152
** Echodepth: 855
** Log: 0122.647
** Wind-Dir/Force: 25 32
** Air-temp (dry): 1.0
** Weather Sky:
** Sea:
** H2_2
# nquan = 19                                
# nvalues = 853                         
# units = specified
# name 0 = scan: Scan Count
# name 1 = prDM: Pressure, Digiquartz [db]
# name 2 = t068C: Temperature [ITS-68, deg C]
# name 3 = t168C: Temperature, 2 [ITS-68, deg C]
# name 4 = c0S/m: Conductivity [S/m]
# name 5 = c1S/m: Conductivity, 2 [S/m]
# name 6 = sbeox0V: Oxygen raw, SBE 43 [V]
# name 7 = flECO-AFL: Fluorescence, WET Labs ECO-AFL/FL [mg/m^3]
# name 8 = altM: Altimeter [m]
# name 9 = par: PAR/Irradiance, Biospherical/Licor
# name 10 = spar: SPAR/Surface Irradiance
# name 11 = CStarTr0: Beam Transmission, WET Labs C-Star [%]
# name 12 = sbeox0ML/L: Oxygen, SBE 43 [ml/l], WS = 2
# name 13 = sal00: Salinity, Practical [PSU]
# name 14 = sal11: Salinity, Practical, 2 [PSU]
# name 15 = sigma-t00: Density [sigma-t, Kg/m^3 ]
# name 16 = svCM: Sound Velocity [Chen-Millero, m/s]
# name 17 = avgsvCM: Average Sound Velocity [Chen-Millero, m/s], minP = 1, minS = 5
# name 18 = flag: flag
# span 0 =        476,      20188       
# span 1 =      2.000,    854.000       
# span 2 =     6.1506,    10.2360       
# span 3 =     6.1661,    10.2365       
# span 4 =   2.978438,   3.703188       
# span 5 =   2.981951,   3.704716       
# span 6 =     1.5245,     2.4457       
# span 7 =    -0.0984,     0.7699       
# span 8 =       8.43,     100.19       
# span 9 = 4.9439e-02, 9.0939e-01       
# span 10 = 0.0000e+00, 0.0000e+00      
# span 11 =    80.0306,    82.4670      
# span 12 =    3.81174,    6.89032      
# span 13 =    29.7389,    35.0078      
# span 14 =    29.7641,    35.0228      
# span 15 =    23.3809,    27.3526      
# span 16 =    1468.74,    1494.71      
# span 17 =    1468.74,    1488.23      
# span 18 = 0.0000e+00, 0.0000e+00      
# interval = decibars: 1                
# start_time = Feb 10 2022 06:45:45 [System UTC, header]
# bad_flag = -9.990e-29
*END*
[from data line 381]
       9178    383.000     7.6835     7.6822   3.606220   3.607520     1.8769    -0.0665      69.78 4.9490e-02 0.0000e+00    82.4264    4.80645    34.9712    34.9866    27.2986    1487.53    1484.82 0.0000e+00
       9199    384.000     7.6834     7.6821   3.606265   3.607577     1.8770    -0.0706      95.77 4.9477e-02 0.0000e+00    82.4273    4.80962    34.9713    34.9868    27.2987    1487.55    1484.83 0.0000e+00
       9222    385.000     7.6834     7.6821   3.606319   3.607630     1.8770    -0.0672      67.60 4.9496e-02 0.0000e+00    82.4298    4.80970    34.9714    34.9869    27.2988    1487.57    1484.83 0.0000e+00
       9244    386.000     7.6832     7.6819   3.606357   3.607660     1.8771    -0.0726      62.10 4.9502e-02 0.0000e+00    82.4281    4.81044    34.9716    34.9869    27.2989    1487.58    1484.84 0.0000e+00
       9266    387.000     7.6831     7.6819   3.606388   3.607707     1.8771    -0.0937      97.34 4.9505e-02 0.0000e+00    82.4043    4.81340    34.9715    34.9870    27.2989    1487.60    1484.85 0.0000e+00
       9288    388.000     7.6830     7.6817   3.606425   3.607731     1.8774    -0.0633      31.91 4.9483e-02 0.0000e+00    82.4346    4.81347    34.9715    34.9869    27.2989    1487.61    1484.86 0.0000e+00
       9311    389.000     7.6829     7.6815   3.606463   3.607769     1.8773    -0.0704      95.38 4.9506e-02 0.0000e+00    82.4513    4.81147    34.9716    34.9871    27.2989    1487.63    1484.86 0.0000e+00
       9334    390.000     7.6829     7.6816   3.606514   3.607813     1.8772    -0.0623      52.62 4.9482e-02 0.0000e+00    82.4217    4.80851    34.9716    34.9870    27.2990    1487.65    1484.87 0.0000e+00
       9357    391.000     7.6828     7.6815   3.606558   3.607873     1.8764    -0.0640      90.59 4.9481e-02 0.0000e+00    82.4339    4.80097    34.9717    34.9872    27.2991    1487.66    1484.88 0.0000e+00
       9380    392.000     7.6827     7.6814   3.606616   3.607923     1.8758    -0.0674      70.21 4.9521e-02 0.0000e+00    82.4226    4.80527    34.9720    34.9874    27.2993    1487.68    1484.88 0.0000e+00
       9402    393.000     7.6829     7.6816   3.606696   3.608004     1.8757    -0.0738      98.44 4.9499e-02 0.0000e+00    82.4251    4.81048    34.9721    34.9876    27.2994    1487.70    1484.89 0.0000e+00
       9425    394.000     7.6828     7.6816   3.606752   3.608054     1.8757    -0.0661      68.66 4.9499e-02 0.0000e+00    82.4303    4.80733    34.9724    34.9876    27.2996    1487.71    1484.90 0.0000e+00
       9448    395.000     7.6826     7.6813   3.606785   3.608091     1.8755    -0.0906      77.32 4.9481e-02 0.0000e+00    82.4426    4.80914    34.9724    34.9879    27.2997    1487.73    1484.91 0.0000e+00
       9471    396.000     7.6823     7.6811   3.606815   3.608123     1.8753    -0.0714      65.48 4.9490e-02 0.0000e+00    82.4384    4.80269    34.9726    34.9879    27.2998    1487.74    1484.91 0.0000e+00
       9493    397.000     7.6821     7.6808   3.606844   3.608151     1.8745    -0.0664      84.34 4.9493e-02 0.0000e+00    82.4266    4.80272    34.9726    34.9880    27.2999    1487.76    1484.92 0.0000e+00
       9516    398.000     7.6819     7.6806   3.606886   3.608196     1.8743    -0.0660      77.67 4.9499e-02 0.0000e+00    82.4295    4.80680    34.9728    34.9882    27.3001    1487.78    1484.93 0.0000e+00
       9538    399.000     7.6819     7.6807   3.606930   3.608244     1.8743    -0.0682      94.72 4.9496e-02 0.0000e+00    82.4248    4.80176    34.9728    34.9882    27.3001    1487.79    1484.93 0.0000e+00
       9561    400.000     7.6819     7.6806   3.606978   3.608287     1.8734    -0.0630      77.99 4.9511e-02 0.0000e+00    82.4306    4.80070    34.9728    34.9883    27.3001    1487.81    1484.94 0.0000e+00
       9584    401.000     7.6818     7.6806   3.607020   3.608330     1.8734    -0.0646      84.47 4.9506e-02 0.0000e+00    82.4270    4.80619    34.9729    34.9882    27.3002    1487.83    1484.95 0.0000e+00
       9606    402.000     7.6808     7.6796   3.606998   3.608308     1.8733    -0.0692      98.72 4.9490e-02 0.0000e+00    82.4164    4.80632    34.9732    34.9885    27.3005    1487.84    1484.96 0.0000e+00
       9629    403.000     7.6807     7.6794   3.607031   3.608341     1.8734    -0.0696      93.40 4.9493e-02 0.0000e+00    82.4194    4.80548    34.9732    34.9886    27.3005    1487.85    1484.96 0.0000e+00
       9652    404.000     7.6806     7.6793   3.607065   3.608377     1.8728    -0.0663      61.80 4.9505e-02 0.0000e+00    82.4410    4.80168    34.9731    34.9886    27.3005    1487.87    1484.97 0.0000e+00
       9675    405.000     7.6801     7.6789   3.607065   3.608382     1.8725    -0.0612      98.25 4.9505e-02 0.0000e+00    82.4382    4.80314    34.9732    34.9886    27.3006    1487.88    1484.98 0.0000e+00
       9698    406.000     7.6798     7.6785   3.607078   3.608389     1.8723    -0.0675      71.60 4.9499e-02 0.0000e+00    82.4091    4.80258    34.9731    34.9886    27.3006    1487.90    1484.98 0.0000e+00
       9721    407.000     7.6790     7.6777   3.607074   3.608382     1.8719    -0.0725      75.96 4.9499e-02 0.0000e+00    82.4013    4.79959    34.9734    34.9888    27.3010    1487.91    1484.99 0.0000e+00
       9744    408.000     7.6784     7.6771   3.607077   3.608396     1.8714    -0.0685      82.53 4.9499e-02 0.0000e+00    82.3990    4.79852    34.9735    34.9891    27.3012    1487.93    1485.00 0.0000e+00
       9767    409.000     7.6782     7.6770   3.607117   3.608429     1.8709    -0.0658      91.69 4.9497e-02 0.0000e+00    82.4216    4.79613    34.9737    34.9891    27.3013    1487.94    1485.01 0.0000e+00
       9791    410.000     7.6781     7.6768   3.607160   3.608468     1.8703    -0.0694      98.71 4.9499e-02 0.0000e+00    82.4135    4.79742    34.9738    34.9892    27.3014    1487.96    1485.01 0.0000e+00
       9814    411.000     7.6782     7.6768   3.607202   3.608516     1.8700    -0.0689      72.70 4.9493e-02 0.0000e+00    82.3956    4.79298    34.9737    34.9892    27.3013    1487.98    1485.02 0.0000e+00
       9837    412.000     7.6781     7.6769   3.607243   3.608558     1.8691    -0.0734      80.04 4.9505e-02 0.0000e+00    82.4203    4.78847    34.9737    34.9891    27.3013    1487.99    1485.03 0.0000e+00
       9859    413.000     7.6781     7.6769   3.607290   3.608607     1.8684    -0.0680      82.43 4.9477e-02 0.0000e+00    82.4087    4.79084    34.9737    34.9892    27.3014    1488.01    1485.04 0.0000e+00
       9882    414.000     7.6780     7.6768   3.607338   3.608636     1.8681    -0.0663      91.23 4.9493e-02 0.0000e+00    82.4215    4.79199    34.9739    34.9891    27.3015    1488.03    1485.04 0.0000e+00
       9905    415.000     7.6776     7.6764   3.607347   3.608655     1.8677    -0.0625      98.82 4.9493e-02 0.0000e+00    82.4254    4.78893    34.9739    34.9892    27.3016    1488.04    1485.05 0.0000e+00
       9928    416.000     7.6773     7.6761   3.607370   3.608678     1.8672    -0.0664      74.68 4.9524e-02 0.0000e+00    82.4203    4.79218    34.9740    34.9893    27.3017    1488.06    1485.06 0.0000e+00
       9951    417.000     7.6771     7.6758   3.607398   3.608714     1.8669    -0.0598      75.63 4.9518e-02 0.0000e+00    82.4221    4.78623    34.9740    34.9895    27.3017    1488.07    1485.06 0.0000e+00
       9974    418.000     7.6769     7.6756   3.607417   3.608723     1.8660    -0.0651      98.64 4.9475e-02 0.0000e+00    82.4002    4.78559    34.9739    34.9893    27.3017    1488.09    1485.07 0.0000e+00
       9997    419.000     7.6765     7.6752   3.607434   3.608736     1.8658    -0.0634      52.08 4.9524e-02 0.0000e+00    82.3974    4.78719    34.9740    34.9894    27.3018    1488.10    1485.08 0.0000e+00
      10020    420.000     7.6762     7.6749   3.607459   3.608774     1.8654    -0.0713      94.84 4.9468e-02 0.0000e+00    82.4185    4.78439    34.9741    34.9896    27.3019    1488.12    1485.09 0.0000e+00
      10044    421.000     7.6760     7.6747   3.607489   3.608796     1.8648    -0.0665      98.84 4.9439e-02 0.0000e+00    82.4174    4.78456    34.9741    34.9896    27.3020    1488.13    1485.09 0.0000e+00
      10067    422.000     7.6759     7.6746   3.607521   3.608832     1.8645    -0.0576      95.26 4.9529e-02 0.0000e+00    82.4194    4.78314    34.9741    34.9896    27.3020    1488.15    1485.10 0.0000e+00
      10090    423.000     7.6760     7.6747   3.607575   3.608882     1.8639    -0.0609      74.13 4.9532e-02 0.0000e+00    82.4132    4.78121    34.9741    34.9895    27.3020    1488.17    1485.11 0.0000e+00
      10114    424.000     7.6756     7.6744   3.607588   3.608902     1.8634 -9.990e-29      73.92 4.9518e-02 0.0000e+00    82.4102    4.78050    34.9742    34.9896    27.3021    1488.18    1485.11 0.0000e+00
      10137    425.000     7.6754     7.6743   3.607627   3.608931     1.8629 -9.990e-29      81.90 4.9518e-02 0.0000e+00    82.3905    4.77763    34.9743    34.9895    27.3022    1488.20    1485.12 0.0000e+00
      10160    426.000     7.6753     7.6741   3.607661   3.608974     1.8622 -9.990e-29      89.51 4.9500e-02 0.0000e+00    82.4116    4.77548    34.9743    34.9897    27.3022    1488.21    1485.13 0.0000e+00
      10183    427.000     7.6755     7.6742   3.607721   3.609018     1.8616 -9.990e-29      95.91 4.9470e-02 0.0000e+00    82.3969    4.77551    34.9743    34.9896    27.3022    1488.23    1485.14 0.0000e+00
      10206    428.000     7.6752     7.6741   3.607740   3.609056     1.8612    -0.0600      72.90 4.9512e-02 0.0000e+00    82.4075    4.77407    34.9743    34.9896    27.3022    1488.25    1485.14 0.0000e+00
      10229    429.000     7.6746     7.6734   3.607739   3.609038     1.8604    -0.0699      72.36 4.9481e-02 0.0000e+00    82.4196    4.77096    34.9744    34.9896    27.3024    1488.26    1485.15 0.0000e+00
      10252    430.000     7.6739     7.6727   3.607717   3.609026     1.8598    -0.0689      79.19 4.9491e-02 0.0000e+00    82.4266    4.77047    34.9744    34.9897    27.3025    1488.27    1485.16 0.0000e+00
      10276    431.000     7.6736     7.6725   3.607740   3.609053     1.8592    -0.0643      90.00 4.9517e-02 0.0000e+00    82.4047    4.76867    34.9745    34.9897    27.3026    1488.29    1485.17 0.0000e+00
      10299    432.000     7.6733     7.6721   3.607765   3.609071     1.8586    -0.0718      90.91 4.9493e-02 0.0000e+00    82.4129    4.77119    34.9745    34.9898    27.3027    1488.31    1485.17 0.0000e+00
      10323    433.000     7.6724     7.6713   3.607727   3.609040     1.8584    -0.0703      66.64 4.9509e-02 0.0000e+00    82.3984    4.76894    34.9746    34.9898    27.3028    1488.32    1485.18 0.0000e+00
      10347    434.000     7.6722     7.6709   3.607762   3.609065     1.8576    -0.0664      77.73 4.9503e-02 0.0000e+00    82.4037    4.76451    34.9746    34.9900    27.3029    1488.33    1485.19 0.0000e+00
      10370    435.000     7.6725     7.6712   3.607833   3.609138     1.8571    -0.0651      84.45 4.9481e-02 0.0000e+00    82.3897    4.76229    34.9746    34.9900    27.3029    1488.35    1485.19 0.0000e+00
      10393    436.000     7.6725     7.6713   3.607878   3.609184     1.8562    -0.0633      57.37 4.9481e-02 0.0000e+00    82.3989    4.75963    34.9746    34.9899    27.3029    1488.37    1485.20 0.0000e+00
      10417    437.000     7.6717     7.6707   3.607844   3.609170     1.8555    -0.0600      25.72 4.9497e-02 0.0000e+00    82.3967    4.75804    34.9746    34.9899    27.3030    1488.38    1485.21 0.0000e+00
      10440    438.000     7.6709     7.6696   3.607829   3.609122     1.8546    -0.0743      81.51 4.9487e-02 0.0000e+00    82.3981    4.75367    34.9748    34.9900    27.3032    1488.40    1485.22 0.0000e+00
      10463    439.000     7.6701     7.6690   3.607805   3.609118     1.8541    -0.0669      89.26 4.9499e-02 0.0000e+00    82.4021    4.75772    34.9748    34.9901    27.3034    1488.41    1485.22 0.0000e+00
      10487    440.000     7.6697     7.6685   3.607821   3.609121     1.8532    -0.0709      69.92 4.9514e-02 0.0000e+00    82.3661    4.74897    34.9749    34.9901    27.3035    1488.42    1485.23 0.0000e+00
      10510    441.000     7.6690     7.6678   3.607795   3.609106     1.8525    -0.0638      56.59 4.9515e-02 0.0000e+00    82.4020    4.74956    34.9748    34.9902    27.3036    1488.44    1485.24 0.0000e+00
      10532    442.000     7.6688     7.6676   3.607823   3.609126     1.8515    -0.0682      98.23 4.9480e-02 0.0000e+00    82.3678    4.74702    34.9749    34.9901    27.3036    1488.45    1485.24 0.0000e+00
      10556    443.000     7.6685     7.6673   3.607841   3.609147     1.8510    -0.0708      44.17 4.9499e-02 0.0000e+00    82.3934    4.75030    34.9749    34.9902    27.3037    1488.47    1485.25 0.0000e+00
      10579    444.000     7.6681     7.6669   3.607854   3.609160     1.8505    -0.0691      97.88 4.9493e-02 0.0000e+00    82.3780    4.74291    34.9749    34.9903    27.3038    1488.48    1485.26 0.0000e+00
      10602    445.000     7.6672     7.6661   3.607823   3.609130     1.8495    -0.0708      78.53 4.9481e-02 0.0000e+00    82.3783    4.74272    34.9750    34.9902    27.3040    1488.50    1485.27 0.0000e+00
      10626    446.000     7.6664     7.6653   3.607800   3.609104     1.8489    -0.0766      98.89 4.9468e-02 0.0000e+00    82.3859    4.73906    34.9751    34.9903    27.3042    1488.51    1485.27 0.0000e+00
      10649    447.000     7.6660     7.6648   3.607810   3.609116     1.8478    -0.0687      98.56 4.9505e-02 0.0000e+00    82.3876    4.73457    34.9751    34.9904    27.3042    1488.53    1485.28 0.0000e+00
      10671    448.000     7.6657     7.6645   3.607819   3.609129     1.8469    -0.0637      48.87 4.9521e-02 0.0000e+00    82.3902    4.73466    34.9750    34.9904    27.3042    1488.54    1485.29 0.0000e+00
      10694    449.000     7.6653     7.6641   3.607825   3.609137     1.8463    -0.0622      96.13 4.9514e-02 0.0000e+00    82.3899    4.72959    34.9750    34.9904    27.3043    1488.56    1485.30 0.0000e+00
      10717    450.000     7.6649     7.6638   3.607846   3.609154     1.8448    -0.0688      74.10 4.9509e-02 0.0000e+00    82.3808    4.72250    34.9752    34.9904    27.3044    1488.57    1485.30 0.0000e+00
      10740    451.000     7.6647     7.6636   3.607871   3.609185     1.8439    -0.0717      98.55 4.9481e-02 0.0000e+00    82.3872    4.72242    34.9752    34.9905    27.3045    1488.59    1485.31 0.0000e+00
      10763    452.000     7.6643     7.6632   3.607891   3.609202     1.8427    -0.0744      95.93 4.9485e-02 0.0000e+00    82.3613    4.72196    34.9753    34.9906    27.3046    1488.60    1485.32 0.0000e+00
      10787    453.000     7.6642     7.6629   3.607917   3.609229     1.8421    -0.0714      23.79 4.9493e-02 0.0000e+00    82.3441    4.72336    34.9752    34.9907    27.3046    1488.62    1485.32 0.0000e+00
      10810    454.000     7.6634     7.6621   3.607896   3.609202     1.8416    -0.0708      64.64 4.9493e-02 0.0000e+00    82.3607    4.72006    34.9753    34.9907    27.3048    1488.63    1485.33 0.0000e+00
      10833    455.000     7.6630     7.6618   3.607905   3.609211     1.8404    -0.0694      71.41 4.9475e-02 0.0000e+00    82.3760    4.71384    34.9753    34.9906    27.3048    1488.65    1485.34 0.0000e+00
      10857    456.000     7.6624     7.6613   3.607899   3.609204     1.8396    -0.0672      56.52 4.9481e-02 0.0000e+00    82.3757    4.71154    34.9754    34.9906    27.3050    1488.66    1485.35 0.0000e+00
      10879    457.000     7.6622     7.6610   3.607933   3.609234     1.8386    -0.0664      97.86 4.9508e-02 0.0000e+00    82.3815    4.70977    34.9755    34.9907    27.3051    1488.68    1485.35 0.0000e+00
      10903    458.000     7.6619     7.6607   3.607943   3.609244     1.8378    -0.0726      55.17 4.9499e-02 0.0000e+00    82.3810    4.71000    34.9754    34.9906    27.3050    1488.69    1485.36 0.0000e+00
