_data/ctd/2022603/sta0203.cnv
* Sea-Bird SBE 9 Data File:
* FileName = C:\Seabird\CTDData\sta0203.hex
* Software Version Seasave V 7.21f
* Temperature SN = 6264
* Conductivity SN = 4928
* Number of Bytes Per Scan = 40
* Number of Voltage Words = 5
* Number of Scans Averaged by the Deck Unit = 1
* NMEA Latitude = 61 11.43 N
* NMEA Longitude = 006 03.23 E
* NMEA UTC (Time) = Feb 15 2022 08:06:15
* NMEA baud rate = 4800
** Ship: R/V "Kristine Bonnevie"
** Station: 0203
** Echodepth: 217
** Log: 0822.559
** Wind-Dir/Force: 04 03
** Air-temp (dry): 1.8
** Weather Sky:
** Sea:
# nquan = 19                                
# nvalues = 209                         
# units = specified
# name 0 = scan: Scan Count
# name 1 = prDM: Pressure, Digiquartz [db]
# name 2 = t068C: Temperature [ITS-68, deg C]
# name 3 = t168C: Temperature, 2 [ITS-68, deg C]
# name 4 = c0S/m: Conductivity [S/m]
# name 5 = c1S/m: Conductivity, 2 [S/m]
# name 6 = sbeox0V: Oxygen raw, SBE 43 [V]
# name 7 = flECO-AFL: Fluorescence, WET Labs ECO-AFL/FL [mg/m^3]
# name 8 = altM: Altimeter [m]
# name 9 = par: PAR/Irradiance, Biospherical/Licor
# name 10 = spar: SPAR/Surface Irradiance
# name 11 = CStarTr0: Beam Transmission, WET Labs C-Star [%]
# name 12 = sbeox0ML/L: Oxygen, SBE 43 [ml/l], WS = 2
# name 13 = sal00: Salinity, Practical [PSU]
# name 14 = sal11: Salinity, Practical, 2 [PSU]
# name 15 = sigma-t00: Density [sigma-t, Kg/m^3 ]
# name 16 = svCM: Sound Velocity [Chen-Millero, m/s]
# name 17 = avgsvCM: Average Sound Velocity [Chen-Millero, m/s], minP = 1, minS = 5
# name 18 = flag: flag
# span 0 =        314,       4813       
# span 1 =      2.000,    210.000       
# span 2 =     5.1415,     9.6289       
# span 3 =     5.1557,     9.6266       
# span 4 =   2.807569,   3.689220       
# span 5 =   2.816633,   3.690831       
# span 6 =     1.9938,     2.4912       
# span 7 =    -0.0988,     0.7351       
# span 8 =       9.53,     100.28       
# span 9 = 4.9445e-02, 1.1300e+01       
# span 10 = 2.1985e+01, 2.3984e+01      
# span 11 =    79.4608,    81.5646      
# span 12 =    5.05812,    7.20704      
# span 13 =    28.7101,    34.9285      
# span 14 =    28.8000,    34.9450      
# span 15 =    22.6785,    27.2310      
# span 16 =    1463.34,    1487.93      
# span 17 =    1463.34,    1483.48      
# span 18 = 0.0000e+00, 0.0000e+00      
# interval = decibars: 1                
# start_time = Feb 15 2022 08:06:18 [System UTC, header]
# bad_flag = -9.990e-29
*END*
[from data line 153]
       3629    155.000     8.2154     8.2132   3.635459   3.636913     2.1107    -0.0697      62.52 4.9481e-02 2.1985e+01    81.3136    5.43587    34.8650    34.8827    27.1355    1485.66    1482.72 0.0000e+00
       3650    156.000     8.2212     8.2193   3.636209   3.637632     2.1135    -0.0891      79.31 4.9472e-02 2.1985e+01    81.3243    5.43021    34.8667    34.8838    27.1360    1485.70    1482.74 0.0000e+00
       3670    157.000     8.2173     8.2158   3.635913   3.637358     2.1149    -0.0909      89.19 4.9501e-02 2.1985e+01    81.3310    5.41334    34.8670    34.8839    27.1368    1485.70    1482.76 0.0000e+00
       3691    158.000     8.2230     8.2209   3.636705   3.638124     2.1145    -0.0771      34.36 4.9479e-02 2.1985e+01    81.3055    5.39855    34.8693    34.8865    27.1378    1485.74    1482.78 0.0000e+00
       3712    159.000     8.2221     8.2206   3.636759   3.638196     2.1135 -9.990e-29      96.98 4.9465e-02 2.1985e+01    81.3149    5.39746    34.8703    34.8871    27.1387    1485.76    1482.80 0.0000e+00
       3733    160.000     8.2197     8.2184   3.636620   3.638071     2.1133 -9.990e-29      37.76 4.9481e-02 2.1985e+01    81.3212    5.39950    34.8707    34.8875    27.1394    1485.76    1482.82 0.0000e+00
       3753    161.000     8.2080     8.2073   3.635460   3.636857     2.1127 -9.990e-29      71.99 4.9479e-02 2.1985e+01    81.3096    5.40106    34.8694    34.8850    27.1402    1485.73    1482.83 0.0000e+00
       3774    162.000     8.1899     8.1886   3.633716   3.635163     2.1127 -9.990e-29      78.51 4.9479e-02 2.1985e+01    81.2990    5.40420    34.8683    34.8850    27.1420    1485.68    1482.85 0.0000e+00
       3795    163.000     8.1969     8.1945   3.634636   3.636071     2.1121    -0.0616      85.41 4.9479e-02 2.1985e+01    81.3357    5.39364    34.8707    34.8884    27.1428    1485.73    1482.87 0.0000e+00
       3816    164.000     8.2039     8.2021   3.635484   3.636911     2.1107    -0.0603      75.66 4.9472e-02 2.1985e+01    81.3212    5.38615    34.8723    34.8893    27.1431    1485.77    1482.89 0.0000e+00
       3837    165.000     8.2093     8.2070   3.636327   3.637774     2.1098    -0.0666      92.17 4.9495e-02 2.1985e+01    81.3275    5.37908    34.8755    34.8932    27.1447    1485.81    1482.90 0.0000e+00
       3857    166.000     8.2177     8.2158   3.637463   3.638923     2.1076    -0.0938      75.26 4.9479e-02 2.1985e+01    81.3253    5.36770    34.8788    34.8962    27.1460    1485.86    1482.92 0.0000e+00
       3878    167.000     8.2234     8.2218   3.638187   3.639626     2.1063    -0.0961      66.42 4.9479e-02 2.1985e+01    81.3129    5.37580    34.8804    34.8973    27.1464    1485.90    1482.94 0.0000e+00
       3899    168.000     8.2052     8.2048   3.636234   3.637874     2.1063    -0.0763      71.83 4.9499e-02 2.1985e+01    81.3000    5.39862    34.8771    34.8950    27.1466    1485.85    1482.96 0.0000e+00
       3920    169.000     8.1891     8.1884   3.634828   3.636235     2.1078    -0.0717      96.59 4.9465e-02 2.1985e+01    81.2878    5.41642    34.8776    34.8933    27.1494    1485.81    1482.97 0.0000e+00
       3941    170.000     8.1783     8.1761   3.633686   3.634978     2.1093    -0.0879      51.36 4.9492e-02 2.1985e+01    81.2725    5.41839    34.8756    34.8916    27.1495    1485.78    1482.99 0.0000e+00
       3962    171.000     8.1702     8.1688   3.633053   3.634469     2.1100    -0.0660      80.38 4.9479e-02 2.1985e+01    81.2803    5.40982    34.8764    34.8929    27.1514    1485.77    1483.01 0.0000e+00
       3983    172.000     8.1763     8.1735   3.634057   3.635414     2.1098    -0.0848      64.92 4.9492e-02 2.1985e+01    81.3147    5.39046    34.8806    34.8979    27.1538    1485.81    1483.02 0.0000e+00
       4004    173.000     8.1779     8.1767   3.634390   3.635889     2.1076    -0.0939      98.54 4.9466e-02 2.1985e+01    81.3024    5.37258    34.8821    34.8993    27.1547    1485.83    1483.04 0.0000e+00
       4025    174.000     8.1676     8.1673   3.633449   3.634920     2.1053    -0.0945      66.93 4.9498e-02 2.1985e+01    81.2824    5.36645    34.8818    34.8978    27.1560    1485.81    1483.05 0.0000e+00
       4046    175.000     8.1498     8.1488   3.631791   3.633223     2.1032    -0.0878      98.71 4.9485e-02 2.1985e+01    81.2750    5.36629    34.8812    34.8976    27.1583    1485.76    1483.07 0.0000e+00
       4067    176.000     8.1446     8.1431   3.631397   3.632797     2.1015    -0.0671      61.87 4.9485e-02 2.1985e+01    81.2849    5.36781    34.8817    34.8982    27.1595    1485.76    1483.09 0.0000e+00
       4088    177.000     8.1300     8.1292   3.629906   3.631380     2.1005    -0.0655      77.04 4.9498e-02 2.1985e+01    81.2743    5.36596    34.8798    34.8964    27.1602    1485.72    1483.10 0.0000e+00
       4109    178.000     8.1256     8.1248   3.629648   3.631057     2.0982    -0.0814      75.94 4.9499e-02 2.1985e+01    81.2645    5.34731    34.8809    34.8968    27.1617    1485.72    1483.12 0.0000e+00
       4130    179.000     8.1040     8.1028   3.627505   3.628861     2.0957    -0.0902      98.91 4.9472e-02 2.1985e+01    81.2838    5.33605    34.8790    34.8947    27.1635    1485.65    1483.13 0.0000e+00
       4151    180.000     8.0943     8.0931   3.626687   3.628091     2.0920    -0.0852      86.74 4.9485e-02 2.1985e+01    81.2820    5.31108    34.8794    34.8956    27.1652    1485.63    1483.14 0.0000e+00
       4172    181.000     8.0880     8.0872   3.626286   3.627736     2.0875    -0.0581      70.10 4.9472e-02 2.1985e+01    81.2673    5.29071    34.8809    34.8972    27.1674    1485.63    1483.16 0.0000e+00
       4193    182.000     8.0830     8.0815   3.625978   3.627413     2.0826    -0.0851      53.22 4.9499e-02 2.1985e+01    81.2324    5.26757    34.8821    34.8989    27.1690    1485.63    1483.17 0.0000e+00
       4214    183.000     8.0744     8.0735   3.625380   3.626797     2.0769    -0.0722      36.28 4.9472e-02 2.1985e+01    81.2025    5.24546    34.8837    34.8998    27.1716    1485.61    1483.18 0.0000e+00
       4235    184.000     8.0627     8.0614   3.624621   3.626028     2.0713    -0.0703      50.56 4.9479e-02 2.1985e+01    81.1595    5.23050    34.8867    34.9031    27.1758    1485.59    1483.20 0.0000e+00
       4256    185.000     8.0546     8.0532   3.624084   3.625478     2.0659    -0.0880      62.95 4.9472e-02 2.1985e+01    81.1724    5.21815    34.8886    34.9049    27.1784    1485.58    1483.21 0.0000e+00
       4277    186.000     8.0433     8.0419   3.623274   3.624633     2.0609    -0.0873      23.18 4.9492e-02 2.1985e+01    81.1637    5.20844    34.8906    34.9066    27.1818    1485.55    1483.22 0.0000e+00
       4298    187.000     8.0359     8.0344   3.622791   3.624194     2.0563    -0.0715      32.69 4.9485e-02 2.1985e+01    81.1778    5.19854    34.8924    34.9089    27.1842    1485.54    1483.23 0.0000e+00
       4319    188.000     8.0301     8.0290   3.622398   3.623813     2.0520    -0.0595      31.58 4.9464e-02 2.1985e+01    81.2340    5.18831    34.8934    34.9097    27.1859    1485.54    1483.25 0.0000e+00
       4340    189.000     8.0223     8.0209   3.621929   3.623329     2.0478    -0.0599      30.50 4.9501e-02 2.1985e+01    81.2484    5.17796    34.8957    34.9121    27.1889    1485.53    1483.26 0.0000e+00
       4362    190.000     8.0150     8.0140   3.621492   3.622902     2.0439    -0.0599      29.62 4.9496e-02 2.1985e+01    81.2997    5.17345    34.8978    34.9139    27.1916    1485.52    1483.27 0.0000e+00
       4383    191.000     8.0091     8.0073   3.621121   3.622510     2.0407    -0.0665      28.49 4.9492e-02 2.1985e+01    81.3082    5.16893    34.8992    34.9159    27.1936    1485.52    1483.28 0.0000e+00
       4404    192.000     8.0008     7.9993   3.620597   3.621980     2.0376    -0.0626      27.50 4.9485e-02 2.1985e+01    81.3164    5.15178    34.9014    34.9177    27.1966    1485.50    1483.29 0.0000e+00
       4425    193.000     7.9954     7.9940   3.620258   3.621668     2.0334    -0.0616      26.43 4.9492e-02 2.1985e+01    81.3183    5.14626    34.9026    34.9191    27.1984    1485.50    1483.31 0.0000e+00
       4447    194.000     7.9868     7.9854   3.619761   3.621184     2.0310    -0.0572      25.61 4.9515e-02 2.1985e+01    81.3338    5.14396    34.9054    34.9220    27.2018    1485.49    1483.32 0.0000e+00
       4468    195.000     7.9853     7.9837   3.619734   3.621139     2.0277    -0.0688      24.59 4.9499e-02 2.1985e+01    81.3761    5.13301    34.9061    34.9228    27.2026    1485.50    1483.33 0.0000e+00
       4489    196.000     7.9810     7.9793   3.619509   3.620901     2.0252    -0.0877      23.63 4.9512e-02 2.1985e+01    81.3888    5.12429    34.9075    34.9241    27.2043    1485.50    1483.34 0.0000e+00
       4510    197.000     7.9730     7.9715   3.619058   3.620434     2.0218    -0.0643      22.49 4.9502e-02 2.1985e+01    81.4244    5.11821    34.9101    34.9264    27.2076    1485.49    1483.35 0.0000e+00
       4532    198.000     7.9585     7.9577   3.618163   3.619564     2.0195    -0.0592      21.49 4.9486e-02 2.1985e+01    81.4429    5.11576    34.9145    34.9303    27.2132    1485.46    1483.36 0.0000e+00
       4553    199.000     7.9500     7.9488   3.617664   3.619086     2.0169    -0.0669      20.51 4.9466e-02 2.1985e+01    81.4269    5.11011    34.9171    34.9336    27.2166    1485.45    1483.37 0.0000e+00
       4574    200.000     7.9480     7.9463   3.617586   3.618986     2.0148    -0.0601      19.66 4.9512e-02 2.1985e+01    81.3972    5.10656    34.9178    34.9345    27.2174    1485.46    1483.38 0.0000e+00
       4595    201.000     7.9462     7.9446   3.617522   3.618923     2.0125    -0.0615      18.61 4.9498e-02 2.1985e+01    81.3695    5.09653    34.9184    34.9351    27.2181    1485.47    1483.39 0.0000e+00
       4616    202.000     7.9438     7.9422   3.617409   3.618817     2.0099 -9.990e-29      17.76 4.9483e-02 2.1985e+01    81.3631    5.08730    34.9191    34.9358    27.2191    1485.48    1483.40 0.0000e+00
       4638    203.000     7.9420     7.9404   3.617348   3.618761     2.0077 -9.990e-29      16.71 4.9505e-02 2.1985e+01    81.3317    5.08412    34.9198    34.9365    27.2198    1485.49    1483.41 0.0000e+00
       4659    204.000     7.9374     7.9361   3.617090   3.618509     2.0053 -9.990e-29      15.65 4.9492e-02 2.1985e+01    81.3259    5.07648    34.9211    34.9376    27.2216    1485.49    1483.42 0.0000e+00
       4680    205.000     7.9340     7.9326   3.616921   3.618345     2.0032 -9.990e-29      14.69 4.9496e-02 2.1985e+01    81.3238    5.07525    34.9222    34.9389    27.2229    1485.49    1483.43 0.0000e+00
       4702    206.000     7.9301     7.9288   3.616720   3.618131     2.0014    -0.0685      13.37 4.9499e-02 2.1985e+01    81.3083    5.07284    34.9234    34.9399    27.2245    1485.49    1483.44 0.0000e+00
       4723    207.000     7.9248     7.9236   3.616421   3.617835     1.9999    -0.0863      12.66 4.9492e-02 2.1985e+01    81.2872    5.07096    34.9250    34.9414    27.2265    1485.49    1483.45 0.0000e+00
       4745    208.000     7.9186     7.9171   3.616062   3.617468     1.9981    -0.0611      11.56 4.9452e-02 2.1985e+01    81.2756    5.06804    34.9269    34.9435    27.2289    1485.49    1483.46 0.0000e+00
       4777    209.000     7.9165     7.9150   3.615959   3.617378     1.9963    -0.0638      10.50 4.9503e-02 2.1985e+01    81.2751    5.06293    34.9274    34.9441    27.2296    1485.50    1483.47 0.0000e+00
       4813    210.000     7.9133     7.9121   3.615817   3.617239     1.9938    -0.0773       9.53 4.9479e-02 2.1985e+01    81.2834    5.05812    34.9285    34.9450    27.2310    1485.50    1483.48 0.0000e+00
