_data/ctd/2022603/sta0153.cnv
* Sea-Bird SBE 9 Data File:
* FileName = C:\Seabird\CTDData\sta0153.hex
* Software Version Seasave V 7.21f
* Temperature SN = 6264
* Conductivity SN = 4928
* Number of Bytes Per Scan = 40
* Number of Voltage Words = 5
* Number of Scans Averaged by the Deck Unit = 1
* NMEA Latitude = 60 15.57 N
* NMEA Longitude = 006 11.41 E
* NMEA UTC (Time) = Feb 10 2022 08:45:59
* NMEA baud rate = 4800
** Ship: R/V "Kristine Bonnevie"
** Station: 0153
** Echodepth: 536
** Log: 0132.215
** Wind-Dir/Force: 19 10
** Air-temp (dry): 1.7
** Weather Sky:
** Sea:
** H3_2
# nquan = 19                                
# nvalues = 540                         
# units = specified
# name 0 = scan: Scan Count
# name 1 = prDM: Pressure, Digiquartz [db]
# name 2 = t068C: Temperature [ITS-68, deg C]
# name 3 = t168C: Temperature, 2 [ITS-68, deg C]
# name 4 = c0S/m: Conductivity [S/m]
# name 5 = c1S/m: Conductivity, 2 [S/m]
# name 6 = sbeox0V: Oxygen raw, SBE 43 [V]
# name 7 = flECO-AFL: Fluorescence, WET Labs ECO-AFL/FL [mg/m^3]
# name 8 = altM: Altimeter [m]
# name 9 = par: PAR/Irradiance, Biospherical/Licor
# name 10 = spar: SPAR/Surface Irradiance
# name 11 = CStarTr0: Beam Transmission, WET Labs C-Star [%]
# name 12 = sbeox0ML/L: Oxygen, SBE 43 [ml/l], WS = 2
# name 13 = sal00: Salinity, Practical [PSU]
# name 14 = sal11: Salinity, Practical, 2 [PSU]
# name 15 = sigma-t00: Density [sigma-t, Kg/m^3 ]
# name 16 = svCM: Sound Velocity [Chen-Millero, m/s]
# name 17 = avgsvCM: Average Sound Velocity [Chen-Millero, m/s], minP = 1, minS = 5
# name 18 = flag: flag
# span 0 =        296,      13826       
# span 1 =      2.000,    541.000       
# span 2 =     5.9799,    10.2216       
# span 3 =     5.9781,    10.2225       
# span 4 =   2.976087,   3.711808       
# span 5 =   2.976789,   3.713396       
# span 6 =     1.7469,     2.4523       
# span 7 =    -0.1014,     0.7967       
# span 8 =       9.99,      99.93       
# span 9 = 4.9445e-02, 4.5521e+00       
# span 10 = 3.9973e+00, 1.4163e+01      
# span 11 =    79.9107,    82.2758      
# span 12 =    4.43747,    6.94747      
# span 13 =    29.8625,    34.9854      
# span 14 =    29.8718,    35.0005      
# span 15 =    23.4981,    27.3198      
# span 16 =    1468.22,    1489.89      
# span 17 =    1468.24,    1486.09      
# span 18 = 0.0000e+00, 0.0000e+00      
# interval = decibars: 1                
# start_time = Feb 10 2022 08:46:02 [System UTC, header]
# bad_flag = -9.990e-29
*END*
[from data line 77]
       2352     79.000     8.6075     8.6063   3.647926   3.649252     2.0894    -0.0725      76.65 4.9526e-02 3.9973e+00    82.0770    5.23212    34.6471    34.6623    26.9042    1485.60    1481.28 0.0000e+00
       2375     80.000     8.6045     8.6028   3.647821   3.649158     2.0902    -0.0798      96.17 4.9457e-02 3.9973e+00    82.0696    5.25164    34.6484    34.6642    26.9057    1485.61    1481.33 0.0000e+00
       2399     81.000     8.5987     8.5974   3.647645   3.648978     2.0928    -0.0772      75.85 4.9487e-02 3.9973e+00    82.0671    5.27889    34.6518    34.6672    26.9092    1485.61    1481.39 0.0000e+00
       2423     82.000     8.5938     8.5924   3.647593   3.648932     2.0970    -0.0822      98.99 4.9520e-02 3.9973e+00    82.0400    5.30120    34.6556    34.6711    26.9129    1485.61    1481.44 0.0000e+00
       2446     83.000     8.5877     8.5862   3.647544   3.648874     2.1010    -0.1014      84.75 4.9485e-02 3.9973e+00    82.0515    5.30573    34.6606    34.6761    26.9178    1485.61    1481.49 0.0000e+00
       2470     84.000     8.5817     8.5804   3.647276   3.648613     2.1036    -0.0733      97.48 4.9481e-02 3.9973e+00    82.0557    5.30520    34.6631    34.6786    26.9208    1485.61    1481.54 0.0000e+00
       2493     85.000     8.5767     8.5751   3.647051   3.648396     2.1053    -0.0732      88.80 4.9491e-02 3.9973e+00    82.0688    5.30078    34.6652    34.6810    26.9232    1485.61    1481.58 0.0000e+00
       2517     86.000     8.5714     8.5706   3.646733   3.648089     2.1058    -0.0760      95.80 4.9481e-02 3.9973e+00    82.0629    5.29455    34.6665    34.6817    26.9250    1485.61    1481.63 0.0000e+00
       2541     87.000     8.5482     8.5481   3.645180   3.646522     2.1060    -0.0707      93.67 4.9497e-02 3.9973e+00    82.0761    5.29639    34.6724    34.6867    26.9332    1485.55    1481.68 0.0000e+00
       2564     88.000     8.5367     8.5361   3.644633   3.645972     2.1061    -0.0791      98.74 4.9481e-02 3.9973e+00    82.0833    5.30287    34.6774    34.6922    26.9390    1485.53    1481.72 0.0000e+00
       2587     89.000     8.5280     8.5266   3.644414   3.645743     2.1069    -0.0869      80.30 4.9485e-02 3.9973e+00    82.0802    5.32098    34.6832    34.6986    26.9448    1485.52    1481.76 0.0000e+00
       2611     90.000     8.5117     8.5114   3.643764   3.645108     2.1097    -0.0715      65.98 4.9499e-02 3.9973e+00    82.0662    5.34375    34.6918    34.7064    26.9542    1485.48    1481.80 0.0000e+00
       2634     91.000     8.4991     8.4980   3.643178   3.644493     2.1126    -0.0726      72.39 4.9503e-02 3.9973e+00    82.0657    5.35530    34.6975    34.7126    26.9606    1485.46    1481.84 0.0000e+00
       2658     92.000     8.4841     8.4835   3.642466   3.643804     2.1149    -0.0638      79.91 4.9511e-02 3.9973e+00    82.0242    5.35455    34.7043    34.7191    26.9682    1485.43    1481.88 0.0000e+00
       2681     93.000     8.4705     8.4693   3.641828   3.643161     2.1164    -0.0615      61.70 4.9487e-02 3.9973e+00    82.0496    5.35582    34.7104    34.7257    26.9751    1485.40    1481.92 0.0000e+00
       2705     94.000     8.4632     8.4620   3.641630   3.642960     2.1174    -0.0657      87.93 4.9509e-02 3.9973e+00    82.0596    5.35798    34.7150    34.7303    26.9798    1485.40    1481.96 0.0000e+00
       2729     95.000     8.4542     8.4532   3.641336   3.642668     2.1185    -0.0617      72.80 4.9480e-02 3.9973e+00    82.0341    5.36458    34.7203    34.7354    26.9854    1485.39    1481.99 0.0000e+00
       2752     96.000     8.4454     8.4442   3.640994   3.642317     2.1194    -0.0668      69.84 4.9506e-02 3.9973e+00    82.0522    5.36273    34.7248    34.7401    26.9903    1485.38    1482.03 0.0000e+00
       2776     97.000     8.4279     8.4272   3.639880   3.641196     2.1199    -0.0707      77.51 4.9491e-02 3.9973e+00    82.0284    5.36364    34.7298    34.7444    26.9969    1485.33    1482.06 0.0000e+00
       2800     98.000     8.4136     8.4126   3.638968   3.640309     2.1197    -0.0723      89.27 4.9474e-02 3.9973e+00    81.9845    5.35867    34.7337    34.7489    27.0022    1485.30    1482.10 0.0000e+00
       2823     99.000     8.4107     8.4096   3.638802   3.640167     2.1190    -0.0629      92.98 4.9493e-02 3.9973e+00    81.9775    5.35713    34.7343    34.7499    27.0031    1485.31    1482.13 0.0000e+00
       2846    100.000     8.4098     8.4082   3.638769   3.640092     2.1191    -0.0626      59.32 4.9493e-02 3.9973e+00    82.0224    5.36476    34.7344    34.7500    27.0033    1485.32    1482.16 0.0000e+00
       2870    101.000     8.4100     8.4084   3.638828   3.640155     2.1192    -0.0658      73.75 4.9485e-02 3.9973e+00    82.0154    5.37071    34.7343    34.7500    27.0032    1485.34    1482.19 0.0000e+00
       2892    102.000     8.4096     8.4081   3.638866   3.640204     2.1201    -0.0560      72.59 4.9471e-02 3.9973e+00    82.0122    5.37629    34.7346    34.7503    27.0035    1485.35    1482.22 0.0000e+00
       2915    103.000     8.4093     8.4080   3.638919   3.640248     2.1208    -0.0621      90.26 4.9480e-02 3.9973e+00    81.9792    5.37935    34.7350    34.7504    27.0039    1485.37    1482.25 0.0000e+00
       2939    104.000     8.4073     8.4059   3.638852   3.640179     2.1216    -0.0611      79.63 4.9481e-02 3.9973e+00    82.0039    5.38299    34.7358    34.7513    27.0048    1485.38    1482.28 0.0000e+00
       2962    105.000     8.4044     8.4032   3.638718   3.640047     2.1225    -0.0615      47.43 4.9499e-02 3.9973e+00    81.9887    5.38430    34.7368    34.7521    27.0060    1485.39    1482.31 0.0000e+00
       2985    106.000     8.3987     8.3975   3.638405   3.639738     2.1228    -0.0651      98.10 4.9486e-02 3.9973e+00    82.0086    5.38390    34.7386    34.7539    27.0083    1485.38    1482.34 0.0000e+00
       3009    107.000     8.3872     8.3860   3.637836   3.639140     2.1230    -0.0643      48.21 4.9499e-02 3.9973e+00    82.0039    5.38621    34.7434    34.7584    27.0138    1485.36    1482.37 0.0000e+00
       3032    108.000     8.3750     8.3735   3.637484   3.638810     2.1233    -0.0687      90.73 4.9481e-02 3.9973e+00    81.9881    5.38893    34.7512    34.7668    27.0218    1485.34    1482.40 0.0000e+00
       3056    109.000     8.3724     8.3708   3.637464   3.638784     2.1236    -0.0693      65.88 4.9497e-02 3.9973e+00    81.9883    5.39328    34.7531    34.7687    27.0237    1485.35    1482.42 0.0000e+00
       3079    110.000     8.3652     8.3638   3.637338   3.638657     2.1243    -0.0634      98.89 4.9487e-02 3.9973e+00    81.9796    5.39635    34.7584    34.7738    27.0290    1485.35    1482.45 0.0000e+00
       3103    111.000     8.3560     8.3542   3.636977   3.638274     2.1241    -0.0655      76.92 4.9497e-02 3.9973e+00    81.9950    5.38274    34.7631    34.7787    27.0341    1485.34    1482.48 0.0000e+00
       3126    112.000     8.3544     8.3528   3.636944   3.638264     2.1225    -0.0616      98.83 4.9493e-02 3.9973e+00    81.9895    5.36768    34.7639    34.7795    27.0349    1485.35    1482.50 0.0000e+00
       3149    113.000     8.3485     8.3476   3.636732   3.638050     2.1204    -0.0904      92.20 4.9493e-02 3.9973e+00    81.9863    5.35710    34.7670    34.7819    27.0383    1485.35    1482.53 0.0000e+00
       3172    114.000     8.3368     8.3355   3.636173   3.637477     2.1178    -0.0800      98.78 4.9456e-02 3.9973e+00    81.9680    5.34864    34.7721    34.7873    27.0441    1485.32    1482.55 0.0000e+00
       3195    115.000     8.3277     8.3261   3.635710   3.637019     2.1154    -0.0683      98.80 4.9464e-02 3.9973e+00    81.9618    5.34237    34.7757    34.7912    27.0483    1485.31    1482.58 0.0000e+00
       3218    116.000     8.3221     8.3207   3.635527   3.636821     2.1128    -0.0650      58.57 4.9482e-02 3.9973e+00    81.9935    5.33899    34.7788    34.7939    27.0516    1485.31    1482.60 0.0000e+00
       3241    117.000     8.3116     8.3101   3.635004   3.636293     2.1109    -0.0597      97.07 4.9494e-02 3.9973e+00    82.0137    5.34289    34.7831    34.7983    27.0566    1485.29    1482.62 0.0000e+00
       3264    118.000     8.3031     8.3017   3.634560   3.635834     2.1102    -0.0634      61.93 4.9481e-02 3.9973e+00    82.0033    5.35522    34.7863    34.8013    27.0604    1485.28    1482.64 0.0000e+00
       3287    119.000     8.2932     8.2916   3.634102   3.635408     2.1104    -0.0631      98.11 4.9487e-02 3.9973e+00    81.9924    5.36320    34.7907    34.8062    27.0654    1485.27    1482.67 0.0000e+00
       3310    120.000     8.2942     8.2925   3.634459   3.635771     2.1109    -0.0622      71.61 4.9481e-02 3.9973e+00    81.9796    5.36913    34.7931    34.8087    27.0671    1485.29    1482.69 0.0000e+00
       3333    121.000     8.2907     8.2893   3.634383   3.635695     2.1115    -0.0686      70.04 4.9500e-02 3.9973e+00    81.9558    5.37784    34.7952    34.8106    27.0693    1485.30    1482.71 0.0000e+00
       3357    122.000     8.2841     8.2831   3.634225   3.635532     2.1129    -0.0668      74.09 4.9487e-02 3.9973e+00    81.9380    5.37505    34.7996    34.8145    27.0738    1485.29    1482.73 0.0000e+00
       3380    123.000     8.2738     8.2728   3.633803   3.635121     2.1122    -0.0827      85.48 4.9468e-02 3.9973e+00    81.9538    5.35745    34.8048    34.8199    27.0794    1485.28    1482.75 0.0000e+00
       3403    124.000     8.2659     8.2647   3.633404   3.634715     2.1104    -0.0757      98.12 4.9493e-02 3.9973e+00    81.9434    5.34621    34.8079    34.8231    27.0831    1485.27    1482.77 0.0000e+00
       3426    125.000     8.2611     8.2595   3.633226   3.634541     2.1084    -0.0687      38.77 4.9487e-02 3.9973e+00    81.9762    5.33164    34.8103    34.8259    27.0856    1485.27    1482.79 0.0000e+00
       3449    126.000     8.2551     8.2539   3.633031   3.634343     2.1053    -0.0670      99.40 4.9487e-02 3.9973e+00    81.9405    5.32263    34.8137    34.8288    27.0892    1485.27    1482.81 0.0000e+00
       3472    127.000     8.2452     8.2439   3.632685   3.633987     2.1032    -0.0692      59.64 4.9500e-02 3.9973e+00    81.9241    5.32879    34.8193    34.8345    27.0952    1485.25    1482.83 0.0000e+00
       3495    128.000     8.2382     8.2372   3.632559   3.633876     2.1018    -0.0625      82.12 4.9506e-02 3.9973e+00    81.9455    5.33147    34.8244    34.8394    27.1002    1485.25    1482.85 0.0000e+00
       3518    129.000     8.2344     8.2329   3.632449   3.633774     2.1011    -0.0896      84.30 4.9481e-02 3.9973e+00    81.9304    5.33230    34.8265    34.8421    27.1025    1485.25    1482.87 0.0000e+00
       3541    130.000     8.2295     8.2282   3.632279   3.633598     2.1001    -0.0716      63.18 4.9493e-02 3.9973e+00    81.9391    5.33003    34.8291    34.8444    27.1052    1485.26    1482.89 0.0000e+00
       3563    131.000     8.2256     8.2242   3.632142   3.633447     2.0992    -0.0853      98.50 4.9508e-02 3.9973e+00    81.9414    5.32324    34.8310    34.8463    27.1073    1485.26    1482.90 0.0000e+00
       3586    132.000     8.2140     8.2138   3.631586   3.632911     2.0974    -0.0820      46.74 4.9457e-02 3.9973e+00    81.9214    5.31163    34.8361    34.8504    27.1131    1485.24    1482.92 0.0000e+00
       3608    133.000     8.2015     8.2006   3.630992   3.632312     2.0953    -0.0690      99.36 4.9475e-02 3.9973e+00    81.8980    5.30435    34.8416    34.8566    27.1194    1485.22    1482.94 0.0000e+00
       3631    134.000     8.1997     8.1979   3.630908   3.632190     2.0929    -0.0710      63.64 4.9483e-02 3.9973e+00    81.9175    5.30183    34.8421    34.8575    27.1199    1485.23    1482.96 0.0000e+00
       3653    135.000     8.1981     8.1965   3.630830   3.632127     2.0919    -0.0678      37.87 4.9477e-02 3.9973e+00    81.9067    5.31034    34.8423    34.8578    27.1204    1485.24    1482.97 0.0000e+00
       3675    136.000     8.1958     8.1941   3.630689   3.631975     2.0912    -0.0695      88.36 4.9506e-02 3.9973e+00    81.9194    5.31033    34.8426    34.8580    27.1210    1485.24    1482.99 0.0000e+00
       3698    137.000     8.1915     8.1904   3.630437   3.631750     2.0904    -0.0634      72.32 4.9505e-02 3.9973e+00    81.8983    5.31391    34.8437    34.8588    27.1225    1485.25    1483.01 0.0000e+00
       3721    138.000     8.1837     8.1825   3.630092   3.631396     2.0905    -0.0798      63.67 4.9496e-02 3.9973e+00    81.8857    5.31581    34.8473    34.8624    27.1265    1485.24    1483.02 0.0000e+00
       3743    139.000     8.1791     8.1776   3.629984   3.631296     2.0901    -0.0780      76.69 4.9481e-02 3.9973e+00    81.9235    5.32037    34.8502    34.8657    27.1295    1485.24    1483.04 0.0000e+00
       3766    140.000     8.1763     8.1748   3.629967   3.631270     2.0905    -0.0659      78.69 4.9487e-02 3.9973e+00    81.9273    5.33163    34.8523    34.8677    27.1316    1485.25    1483.05 0.0000e+00
       3789    141.000     8.1755     8.1739   3.629988   3.631303     2.0923    -0.0697      84.31 4.9477e-02 3.9973e+00    81.8655    5.36609    34.8529    34.8685    27.1321    1485.26    1483.07 0.0000e+00
       3811    142.000     8.1729     8.1716   3.629954   3.631265     2.0972    -0.0753      90.11 4.9493e-02 3.9973e+00    81.8888    5.41089    34.8546    34.8699    27.1339    1485.27    1483.08 0.0000e+00
       3833    143.000     8.1685     8.1672   3.629851   3.631157     2.1034    -0.0918      94.37 4.9483e-02 3.9973e+00    81.9046    5.44080    34.8574    34.8726    27.1367    1485.28    1483.10 0.0000e+00
       3856    144.000     8.1619     8.1607   3.629583   3.630895     2.1097    -0.0660      74.03 4.9481e-02 3.9973e+00    81.8786    5.45925    34.8606    34.8758    27.1402    1485.27    1483.12 0.0000e+00
       3878    145.000     8.1560     8.1545   3.629364   3.630685     2.1156    -0.0890      63.90 4.9515e-02 3.9973e+00    81.8612    5.47334    34.8636    34.8792    27.1435    1485.27    1483.13 0.0000e+00
       3901    146.000     8.1507     8.1493   3.629173   3.630471     2.1204    -0.0769      78.69 4.9476e-02 3.9973e+00    81.8729    5.47949    34.8664    34.8816    27.1465    1485.27    1483.14 0.0000e+00
       3923    147.000     8.1483     8.1469   3.629103   3.630409     2.1245    -0.0676      74.07 4.9469e-02 3.9973e+00    81.8730    5.48502    34.8675    34.8829    27.1477    1485.28    1483.16 0.0000e+00
       3945    148.000     8.1402     8.1391   3.628710   3.630018     2.1277    -0.0696      87.08 4.9477e-02 3.9973e+00    81.8566    5.48698    34.8709    34.8860    27.1516    1485.27    1483.17 0.0000e+00
       3968    149.000     8.1344     8.1331   3.628455   3.629761     2.1297    -0.0960      88.13 4.9490e-02 3.9973e+00    81.8480    5.48198    34.8734    34.8887    27.1545    1485.27    1483.19 0.0000e+00
       3990    150.000     8.1319     8.1304   3.628404   3.629708     2.1312    -0.0946      98.73 4.9490e-02 3.9973e+00    81.8555    5.47803    34.8749    34.8903    27.1560    1485.27    1483.20 0.0000e+00
       4012    151.000     8.1306     8.1292   3.628416   3.629727     2.1310    -0.0707      85.37 4.9496e-02 3.9973e+00    81.8226    5.45144    34.8758    34.8912    27.1569    1485.29    1483.22 0.0000e+00
       4034    152.000     8.1293     8.1277   3.628390   3.629705     2.1283    -0.0677      51.80 4.9493e-02 3.9973e+00    81.8436    5.42174    34.8763    34.8920    27.1576    1485.30    1483.23 0.0000e+00
       4056    153.000     8.1286     8.1271   3.628420   3.629729     2.1245    -0.0673      86.50 4.9477e-02 3.9973e+00    81.8460    5.40233    34.8769    34.8924    27.1581    1485.31    1483.24 0.0000e+00
