_data/ctd/2022603/sta0216.cnv
* Sea-Bird SBE 9 Data File:
* FileName = C:\Seabird\CTDData\sta0216.hex
* Software Version Seasave V 7.21f
* Temperature SN = 6264
* Conductivity SN = 4928
* Number of Bytes Per Scan = 40
* Number of Voltage Words = 5
* Number of Scans Averaged by the Deck Unit = 1
* NMEA Latitude = 61 29.24 N
* NMEA Longitude = 005 17.85 E
* NMEA UTC (Time) = Feb 16 2022 09:07:51
* NMEA baud rate = 4800
** Ship: R/V "Kristine Bonnevie"
** Station: 0216
** Echodepth: 347
** Log: 0945.471
** Wind-Dir/Force: 13  08
** Air-temp (dry): 4.2
** Weather Sky:
** Sea:
** FOFJ09
# nquan = 19                                
# nvalues = 344                         
# units = specified
# name 0 = scan: Scan Count
# name 1 = prDM: Pressure, Digiquartz [db]
# name 2 = t068C: Temperature [ITS-68, deg C]
# name 3 = t168C: Temperature, 2 [ITS-68, deg C]
# name 4 = c0S/m: Conductivity [S/m]
# name 5 = c1S/m: Conductivity, 2 [S/m]
# name 6 = sbeox0V: Oxygen raw, SBE 43 [V]
# name 7 = flECO-AFL: Fluorescence, WET Labs ECO-AFL/FL [mg/m^3]
# name 8 = altM: Altimeter [m]
# name 9 = par: PAR/Irradiance, Biospherical/Licor
# name 10 = spar: SPAR/Surface Irradiance
# name 11 = CStarTr0: Beam Transmission, WET Labs C-Star [%]
# name 12 = sbeox0ML/L: Oxygen, SBE 43 [ml/l], WS = 2
# name 13 = sal00: Salinity, Practical [PSU]
# name 14 = sal11: Salinity, Practical, 2 [PSU]
# name 15 = sigma-t00: Density [sigma-t, Kg/m^3 ]
# name 16 = svCM: Sound Velocity [Chen-Millero, m/s]
# name 17 = avgsvCM: Average Sound Velocity [Chen-Millero, m/s], minP = 1, minS = 5
# name 18 = flag: flag
# span 0 =        310,       8043       
# span 1 =      1.000,    344.000       
# span 2 =     6.2946,     9.0898       
# span 3 =     6.2935,     9.0878       
# span 4 =   3.031899,   3.662889       
# span 5 =   3.028851,   3.664372       
# span 6 =     1.9810,     2.4444       
# span 7 =    -0.0984,     0.1277       
# span 8 =       4.21,      99.59       
# span 9 = 4.9452e-02, 7.3376e+01       
# span 10 = 1.3682e+02, 1.7190e+02      
# span 11 =    78.6120,    81.1436      
# span 12 =    5.09599,    6.76152      
# span 13 =    29.9298,    35.0104      
# span 14 =    29.9180,    35.0272      
# span 15 =    23.4772,    27.2837      
# span 16 =    1470.76,    1488.10      
# span 17 =    1470.76,    1485.79      
# span 18 = 0.0000e+00, 0.0000e+00      
# interval = decibars: 1                
# start_time = Feb 16 2022 09:07:54 [System UTC, header]
# bad_flag = -9.990e-29
*END*
[from data line 77]
       2084     78.000     8.9229     8.9225   3.662591   3.664084     2.2245    -0.0618      98.80 5.4108e-02 1.4590e+02    80.9978    5.60210    34.4941    34.5102    26.7346    1486.57    1482.77 0.0000e+00
       2106     79.000     8.9115     8.9103   3.662498   3.664001     2.2218    -0.0669      42.49 5.2176e-02 1.4599e+02    80.9905    5.60063    34.5038    34.5207    26.7440    1486.55    1482.82 0.0000e+00
       2127     80.000     8.9065     8.9048   3.662578   3.664074     2.2193    -0.0646      99.23 4.9538e-02 1.4743e+02    80.9719    5.59551    34.5090    34.5263    26.7489    1486.56    1482.87 0.0000e+00
       2149     81.000     8.8848     8.8844   3.662587   3.664063     2.2173    -0.0659      98.80 4.9463e-02 1.4791e+02    80.9916    5.59794    34.5297    34.5456    26.7686    1486.52    1482.91 0.0000e+00
       2171     82.000     8.8698     8.8687   3.662415   3.663900     2.2159    -0.0714      66.79 4.9490e-02 1.4790e+02    80.9901    5.59622    34.5420    34.5587    26.7806    1486.50    1482.95 0.0000e+00
       2192     83.000     8.8544     8.8546   3.662043   3.663510     2.2137    -0.0715      83.60 4.9479e-02 1.4790e+02    80.9772    5.58055    34.5527    34.5679    26.7913    1486.47    1483.00 0.0000e+00
       2213     84.000     8.8265     8.8254   3.661635   3.663122     2.2107    -0.0716      98.98 4.9465e-02 1.4790e+02    80.9743    5.56143    34.5751    34.5918    26.8133    1486.41    1483.04 0.0000e+00
       2234     85.000     8.8256     8.8238   3.661690   3.663173     2.2065    -0.0708      90.99 4.9485e-02 1.4790e+02    80.9716    5.54549    34.5761    34.5934    26.8143    1486.42    1483.08 0.0000e+00
       2255     86.000     8.8245     8.8228   3.661739   3.663219     2.2029    -0.0945      52.49 4.9472e-02 1.4790e+02    80.9752    5.54223    34.5772    34.5944    26.8153    1486.44    1483.12 0.0000e+00
       2276     87.000     8.8175     8.8165   3.661629   3.663096     2.1999    -0.0628      99.34 4.9479e-02 1.4790e+02    80.9650    5.54060    34.5824    34.5988    26.8205    1486.43    1483.15 0.0000e+00
       2298     88.000     8.7928     8.7934   3.661018   3.662488     2.1973    -0.0646      98.80 4.9458e-02 1.4790e+02    80.9774    5.53632    34.5996    34.6145    26.8379    1486.38    1483.19 0.0000e+00
       2319     89.000     8.7617     8.7609   3.660188   3.661639     2.1945    -0.0709      49.43 4.9459e-02 1.4790e+02    80.9705    5.53083    34.6208    34.6368    26.8594    1486.31    1483.22 0.0000e+00
       2340     90.000     8.7537     8.7524   3.660010   3.661475     2.1918    -0.0687      95.00 4.9477e-02 1.4790e+02    80.9516    5.52122    34.6262    34.6429    26.8649    1486.30    1483.26 0.0000e+00
       2362     91.000     8.7332     8.7325   3.659531   3.660997     2.1889    -0.0875      98.76 4.9452e-02 1.4790e+02    80.9325    5.52550    34.6408    34.6569    26.8795    1486.26    1483.29 0.0000e+00
       2383     92.000     8.7210     8.7197   3.659248   3.660714     2.1877    -0.0671      79.06 4.9479e-02 1.4790e+02    80.9446    5.52980    34.6492    34.6660    26.8881    1486.24    1483.32 0.0000e+00
       2404     93.000     8.7189     8.7174   3.659215   3.660689     2.1861    -0.0586      73.09 4.9485e-02 1.4790e+02    80.9597    5.53361    34.6505    34.6675    26.8894    1486.25    1483.36 0.0000e+00
       2425     94.000     8.7162     8.7149   3.659223   3.660696     2.1865    -0.0825      99.38 4.9485e-02 1.4836e+02    80.9547    5.55628    34.6527    34.6695    26.8916    1486.26    1483.39 0.0000e+00
       2446     95.000     8.7082     8.7066   3.659100   3.660556     2.1881    -0.0938      98.80 4.9465e-02 1.4975e+02    80.9524    5.56525    34.6588    34.6757    26.8976    1486.26    1483.42 0.0000e+00
       2467     96.000     8.7054     8.7037   3.659068   3.660530     2.1890    -0.0905      47.60 4.9505e-02 1.4990e+02    80.9804    5.56809    34.6607    34.6778    26.8995    1486.26    1483.45 0.0000e+00
       2488     97.000     8.7004     8.6992   3.658978   3.660459     2.1902    -0.0704      98.59 4.9472e-02 1.4990e+02    80.9898    5.57397    34.6642    34.6810    26.9030    1486.27    1483.47 0.0000e+00
       2509     98.000     8.6914     8.6904   3.658805   3.660270     2.1915    -0.0744      98.80 4.9465e-02 1.4990e+02    80.9962    5.57416    34.6707    34.6871    26.9096    1486.26    1483.50 0.0000e+00
       2530     99.000     8.6771     8.6761   3.658479   3.659949     2.1915    -0.0741      66.46 4.9489e-02 1.4990e+02    81.0131    5.56652    34.6808    34.6973    26.9197    1486.23    1483.53 0.0000e+00
       2552    100.000     8.6695     8.6682   3.658227   3.659689     2.1913    -0.0686      82.42 4.9498e-02 1.4990e+02    80.9918    5.56809    34.6851    34.7018    26.9243    1486.23    1483.56 0.0000e+00
       2573    101.000     8.6569     8.6555   3.657608   3.659056     2.1915    -0.0693      98.66 4.9479e-02 1.4990e+02    81.0089    5.57122    34.6905    34.7071    26.9304    1486.20    1483.58 0.0000e+00
       2594    102.000     8.6521     8.6505   3.657377   3.658827     2.1912    -0.0694      92.54 4.9492e-02 1.4990e+02    80.9986    5.56917    34.6923    34.7091    26.9326    1486.20    1483.61 0.0000e+00
       2615    103.000     8.6475     8.6458   3.657226   3.658679     2.1910    -0.0885      58.27 4.9483e-02 1.4990e+02    80.9926    5.55927    34.6947    34.7117    26.9352    1486.21    1483.63 0.0000e+00
       2637    104.000     8.6437     8.6422   3.657235   3.658704     2.1888    -0.0706      98.49 4.9479e-02 1.4990e+02    80.9888    5.53745    34.6980    34.7150    26.9385    1486.21    1483.66 0.0000e+00
       2658    105.000     8.6367     8.6355   3.656959   3.658392     2.1861    -0.0670      98.80 4.9466e-02 1.4990e+02    80.9787    5.52049    34.7015    34.7178    26.9423    1486.21    1483.68 0.0000e+00
       2679    106.000     8.6200     8.6191   3.656094   3.657554     2.1824    -0.0606      54.33 4.9498e-02 1.4990e+02    80.9918    5.51089    34.7083    34.7246    26.9502    1486.17    1483.71 0.0000e+00
       2700    107.000     8.6096     8.6087   3.656036   3.657520     2.1794    -0.0706      94.76 4.9477e-02 1.4990e+02    80.9752    5.50757    34.7174    34.7340    26.9590    1486.16    1483.73 0.0000e+00
       2722    108.000     8.6016     8.6004   3.655842   3.657297     2.1765    -0.0732      98.72 4.9479e-02 1.4990e+02    80.9742    5.49570    34.7228    34.7393    26.9644    1486.15    1483.75 0.0000e+00
       2743    109.000     8.5982     8.5967   3.655879   3.657347     2.1730    -0.0708      79.09 4.9459e-02 1.4990e+02    80.9799    5.48708    34.7260    34.7430    26.9675    1486.16    1483.77 0.0000e+00
       2763    110.000     8.5889     8.5883   3.655598   3.657069     2.1705    -0.0685      70.87 4.9495e-02 1.4990e+02    80.9628    5.49020    34.7317    34.7479    26.9734    1486.15    1483.80 0.0000e+00
       2784    111.000     8.5754     8.5744   3.654878   3.656327     2.1687    -0.0741      98.87 4.9479e-02 1.4991e+02    80.9641    5.49495    34.7369    34.7532    26.9796    1486.12    1483.82 0.0000e+00
       2805    112.000     8.5642     8.5631   3.654365   3.655824     2.1675    -0.0667      98.80 4.9479e-02 1.5172e+02    80.9579    5.49393    34.7420    34.7585    26.9853    1486.10    1483.84 0.0000e+00
       2825    113.000     8.5540     8.5529   3.654289   3.655743     2.1659    -0.0702      50.75 4.9522e-02 1.5190e+02    80.9614    5.49233    34.7507    34.7672    26.9938    1486.09    1483.86 0.0000e+00
       2846    114.000     8.5453     8.5443   3.653809   3.655262     2.1650    -0.0716      99.21 4.9505e-02 1.5190e+02    80.9553    5.48955    34.7537    34.7701    26.9975    1486.08    1483.88 0.0000e+00
       2867    115.000     8.5389     8.5373   3.653402   3.654848     2.1633    -0.0684      98.80 4.9485e-02 1.5190e+02    80.9524    5.48218    34.7552    34.7721    26.9997    1486.07    1483.90 0.0000e+00
       2888    116.000     8.5343     8.5336   3.653111   3.654589     2.1615    -0.0771      76.69 4.9492e-02 1.5190e+02    80.9605    5.47693    34.7562    34.7726    27.0011    1486.07    1483.91 0.0000e+00
       2908    117.000     8.5260     8.5246   3.652432   3.653880     2.1601    -0.0984      74.21 4.9495e-02 1.5190e+02    80.9584    5.48040    34.7567    34.7734    27.0028    1486.06    1483.93 0.0000e+00
       2929    118.000     8.5226     8.5214   3.652212   3.653693     2.1591    -0.0745      99.10 4.9479e-02 1.5190e+02    80.9245    5.47497    34.7573    34.7741    27.0038    1486.07    1483.95 0.0000e+00
       2950    119.000     8.5226     8.5207   3.652373   3.653808     2.1571    -0.0849      98.80 4.9485e-02 1.5190e+02    80.9024    5.46221    34.7585    34.7756    27.0047    1486.08    1483.97 0.0000e+00
       2971    120.000     8.5191     8.5184   3.652231   3.653718     2.1551    -0.0820      55.15 4.9505e-02 1.5190e+02    80.8731    5.45222    34.7599    34.7764    27.0064    1486.09    1483.99 0.0000e+00
       2992    121.000     8.5110     8.5100   3.651630   3.653071     2.1525    -0.0664      98.80 4.9505e-02 1.5190e+02    80.8329    5.44564    34.7611    34.7773    27.0086    1486.08    1484.00 0.0000e+00
       3013    122.000     8.4999     8.4986   3.650943   3.652378     2.1503    -0.0684      98.80 4.9499e-02 1.5190e+02    80.8499    5.43924    34.7643    34.7807    27.0128    1486.06    1484.02 0.0000e+00
       3034    123.000     8.4903     8.4893   3.650461   3.651923     2.1477    -0.0674      72.70 4.9485e-02 1.5190e+02    80.8412    5.43177    34.7681    34.7846    27.0173    1486.04    1484.04 0.0000e+00
       3055    124.000     8.4797     8.4786   3.650235   3.651667     2.1453    -0.0680      80.94 4.9495e-02 1.5190e+02    80.8638    5.42500    34.7757    34.7920    27.0249    1486.03    1484.05 0.0000e+00
       3075    125.000     8.4675     8.4663   3.649779   3.651214     2.1427    -0.0722      99.02 4.9472e-02 1.5190e+02    80.8822    5.41764    34.7824    34.7988    27.0320    1486.01    1484.07 0.0000e+00
       3096    126.000     8.4621     8.4606   3.649505   3.650944     2.1399    -0.0641      98.70 4.9479e-02 1.5190e+02    80.8502    5.40817    34.7843    34.8011    27.0344    1486.00    1484.08 0.0000e+00
       3117    127.000     8.4559     8.4545   3.649268   3.650705     2.1374    -0.0606      57.70 4.9512e-02 1.5190e+02    80.8484    5.40781    34.7875    34.8041    27.0378    1486.00    1484.10 0.0000e+00
       3138    128.000     8.4424     8.4417   3.648533   3.649975     2.1355    -0.0901      98.59 4.9492e-02 1.5244e+02    80.8334    5.40850    34.7925    34.8085    27.0439    1485.97    1484.11 0.0000e+00
       3159    129.000     8.4339     8.4323   3.648230   3.649660     2.1338    -0.0774      98.80 4.9492e-02 1.5325e+02    80.8598    5.40463    34.7972    34.8140    27.0488    1485.96    1484.13 0.0000e+00
       3179    130.000     8.4311     8.4292   3.648153   3.649583     2.1321    -0.0704      75.35 4.9488e-02 1.5389e+02    80.8416    5.40257    34.7987    34.8157    27.0504    1485.97    1484.14 0.0000e+00
       3200    131.000     8.4287     8.4271   3.648091   3.649519     2.1305    -0.0670      87.15 4.9479e-02 1.5390e+02    80.8257    5.40107    34.7999    34.8166    27.0518    1485.98    1484.16 0.0000e+00
       3220    132.000     8.4266     8.4253   3.648008   3.649474     2.1295    -0.0636      98.63 4.9501e-02 1.5390e+02    80.8228    5.39704    34.8006    34.8175    27.0527    1485.99    1484.17 0.0000e+00
       3240    133.000     8.4216     8.4202   3.647716   3.649171     2.1277    -0.0649      98.77 4.9474e-02 1.5390e+02    80.7923    5.39406    34.8020    34.8188    27.0545    1485.99    1484.18 0.0000e+00
       3261    134.000     8.4199     8.4184   3.647696   3.649143     2.1268    -0.0761      59.47 4.9505e-02 1.5390e+02    80.7919    5.39631    34.8030    34.8198    27.0555    1486.00    1484.20 0.0000e+00
       3282    135.000     8.4177     8.4162   3.647614   3.649061     2.1258    -0.0851      98.44 4.9486e-02 1.5390e+02    80.7983    5.39436    34.8038    34.8206    27.0565    1486.01    1484.21 0.0000e+00
       3303    136.000     8.4153     8.4138   3.647528   3.648971     2.1249    -0.0654      98.80 4.9472e-02 1.5390e+02    80.7999    5.39194    34.8048    34.8216    27.0576    1486.02    1484.22 0.0000e+00
       3323    137.000     8.4150     8.4133   3.647589   3.649030     2.1238    -0.0639      71.60 4.9508e-02 1.5390e+02    80.7978    5.38906    34.8052    34.8222    27.0581    1486.04    1484.24 0.0000e+00
       3344    138.000     8.4159     8.4139   3.647701   3.649137     2.1229    -0.0649      84.91 4.9509e-02 1.5390e+02    80.7891    5.38866    34.8050    34.8223    27.0578    1486.06    1484.25 0.0000e+00
       3364    139.000     8.4121     8.4115   3.647591   3.649064     2.1223    -0.0664      98.83 4.9492e-02 1.5390e+02    80.8028    5.38732    34.8071    34.8234    27.0600    1486.06    1484.26 0.0000e+00
       3385    140.000     8.4102     8.4086   3.647562   3.648995     2.1213    -0.0625      98.80 4.9488e-02 1.5390e+02    80.7914    5.38838    34.8082    34.8250    27.0612    1486.07    1484.28 0.0000e+00
       3405    141.000     8.4049     8.4037   3.647392   3.648826     2.1211    -0.0650      60.77 4.9499e-02 1.5390e+02    80.8140    5.38968    34.8112    34.8276    27.0643    1486.07    1484.29 0.0000e+00
       3426    142.000     8.4039     8.4021   3.647547   3.648995     2.1204    -0.0644      99.29 4.9488e-02 1.5390e+02    80.7795    5.38468    34.8133    34.8305    27.0661    1486.09    1484.30 0.0000e+00
       3446    143.000     8.4093     8.4074   3.648596   3.650039     2.1196    -0.0625      98.80 4.9485e-02 1.5390e+02    80.7811    5.38235    34.8187    34.8359    27.0695    1486.13    1484.31 0.0000e+00
       3467    144.000     8.4073     8.4050   3.648513   3.649913     2.1189    -0.0656      75.33 4.9481e-02 1.5390e+02    80.7883    5.38353    34.8193    34.8364    27.0703    1486.14    1484.33 0.0000e+00
       3487    145.000     8.4062     8.4043   3.648466   3.649879     2.1186    -0.0689      83.87 4.9499e-02 1.5390e+02    80.7526    5.38834    34.8194    34.8363    27.0705    1486.15    1484.34 0.0000e+00
       3508    146.000     8.4030     8.4016   3.648238   3.649696     2.1186    -0.0625      98.82 4.9488e-02 1.5390e+02    80.6953    5.39717    34.8197    34.8365    27.0712    1486.16    1484.35 0.0000e+00
       3528    147.000     8.3958     8.3947   3.647950   3.649401     2.1196    -0.0653      98.80 4.9502e-02 1.5411e+02    80.6726    5.40166    34.8232    34.8397    27.0752    1486.15    1484.36 0.0000e+00
       3548    148.000     8.3894     8.3878   3.647802   3.649230     2.1195    -0.0635      60.31 4.9494e-02 1.5511e+02    80.6396    5.39412    34.8275    34.8443    27.0795    1486.15    1484.38 0.0000e+00
       3568    149.000     8.3850     8.3836   3.647579   3.649025     2.1192    -0.0662      99.35 4.9481e-02 1.5571e+02    80.6096    5.39085    34.8290    34.8458    27.0813    1486.15    1484.39 0.0000e+00
       3588    150.000     8.3818     8.3804   3.647418   3.648869     2.1186    -0.0924      98.80 4.9467e-02 1.5590e+02    80.5832    5.38751    34.8300    34.8468    27.0826    1486.16    1484.40 0.0000e+00
       3607    151.000     8.3782     8.3768   3.647252   3.648696     2.1178    -0.0681      86.93 4.9501e-02 1.5590e+02    80.5514    5.38754    34.8313    34.8480    27.0842    1486.16    1484.41 0.0000e+00
       3628    152.000     8.3712     8.3699   3.646943   3.648386     2.1176    -0.0603      80.46 4.9502e-02 1.5590e+02    80.5334    5.39067    34.8344    34.8511    27.0877    1486.15    1484.42 0.0000e+00
