_data/ctd/2022603/sta0172.cnv
* Sea-Bird SBE 9 Data File:
* FileName = C:\Seabird\CTDData\sta0172.hex
* Software Version Seasave V 7.21f
* Temperature SN = 6264
* Conductivity SN = 4928
* Number of Bytes Per Scan = 40
* Number of Voltage Words = 5
* Number of Scans Averaged by the Deck Unit = 1
* NMEA Latitude = 60 49.54 N
* NMEA Longitude = 005 20.83 E
* NMEA UTC (Time) = Feb 13 2022 00:10:55
* NMEA baud rate = 4800
** Ship: R/V "Kristine Bonnevie"
** Station: 0172
** Echodepth: 298
** Log: 0514.893
** Wind-Dir/Force: 22 14
** Air-temp (dry): 7.4
** Weather Sky:
** Sea:
# nquan = 19                                
# nvalues = 295                         
# units = specified
# name 0 = scan: Scan Count
# name 1 = prDM: Pressure, Digiquartz [db]
# name 2 = t068C: Temperature [ITS-68, deg C]
# name 3 = t168C: Temperature, 2 [ITS-68, deg C]
# name 4 = c0S/m: Conductivity [S/m]
# name 5 = c1S/m: Conductivity, 2 [S/m]
# name 6 = sbeox0V: Oxygen raw, SBE 43 [V]
# name 7 = flECO-AFL: Fluorescence, WET Labs ECO-AFL/FL [mg/m^3]
# name 8 = altM: Altimeter [m]
# name 9 = par: PAR/Irradiance, Biospherical/Licor
# name 10 = spar: SPAR/Surface Irradiance
# name 11 = CStarTr0: Beam Transmission, WET Labs C-Star [%]
# name 12 = sbeox0ML/L: Oxygen, SBE 43 [ml/l], WS = 2
# name 13 = sal00: Salinity, Practical [PSU]
# name 14 = sal11: Salinity, Practical, 2 [PSU]
# name 15 = sigma-t00: Density [sigma-t, Kg/m^3 ]
# name 16 = svCM: Sound Velocity [Chen-Millero, m/s]
# name 17 = avgsvCM: Average Sound Velocity [Chen-Millero, m/s], minP = 1, minS = 5
# name 18 = flag: flag
# span 0 =        202,       6053       
# span 1 =      1.000,    295.000       
# span 2 =     3.2067,     9.1268       
# span 3 =     3.1773,     9.1227       
# span 4 =   1.409406,   3.670856       
# span 5 =   1.384914,   3.672307       
# span 6 =     1.6555,     2.5806       
# span 7 =    -0.0932,     0.3207       
# span 8 =       5.16,      99.62       
# span 9 = 4.9446e-02, 8.3974e-01       
# span 10 = 0.0000e+00, 0.0000e+00      
# span 11 =    36.0802,    81.6528      
# span 12 =    3.90970,    8.56521      
# span 13 =    14.3536,    34.9488      
# span 14 =    14.0964,    34.9646      
# span 15 =    11.4323,    27.1841      
# span 16 =    1436.64,    1488.49      
# span 17 =    1436.64,    1485.71      
# span 18 = 0.0000e+00, 0.0000e+00      
# interval = decibars: 1                
# start_time = Feb 13 2022 00:10:57 [System UTC, header]
# bad_flag = -9.990e-29
*END*
        202      1.000     3.2067     3.1773   1.409406   1.384914     2.5006     0.3018      98.82 8.3974e-01 0.0000e+00    80.0802    8.56521    14.3536    14.0964    11.4323    1436.64    1436.64 0.0000e+00
        261      2.000     4.7477     4.7041   2.135768   2.152489     2.5032     0.2890      98.82 6.2014e-01 0.0000e+00    77.8506    7.94500    21.5211    21.7339    17.0287    1452.56    1444.56 0.0000e+00
        295      3.000     6.4971     6.4902   2.965088   2.978205     2.5268     0.3182      98.82 3.9716e-01 0.0000e+00    36.0802    7.60462    29.2919    29.4409    22.9876    1469.58    1452.80 0.0000e+00
        320      4.000     7.0349     7.0957   3.138835   3.165334     2.5677     0.3207      98.83 2.9232e-01 0.0000e+00    45.8698    7.48997    30.7088    30.9412    24.0360    1473.49    1457.92 0.0000e+00
        342      5.000     7.2466     7.3067   3.187110   3.202991     2.5806     0.2450      98.82 1.8973e-01 0.0000e+00    65.4835    7.21543    31.0405    31.1575    24.2691    1474.74    1461.25 0.0000e+00
        363      6.000     7.3266     7.2677   3.205846   3.191603     2.5755     0.1617      98.83 1.3629e-01 0.0000e+00    77.7156    6.98809    31.1699    31.0695    24.3602    1475.23    1463.56 0.0000e+00
        384      7.000     7.5164     7.4781   3.257827   3.254974     2.5583     0.1221      98.82 1.2518e-01 0.0000e+00    80.3418    6.77453    31.5565    31.5606    24.6383    1476.46    1465.39 0.0000e+00
        404      8.000     7.5717     7.5691   3.272766   3.274640     2.5371     0.0919      98.82 9.7080e-02 0.0000e+00    80.6717    6.67420    31.6659    31.6884    24.7167    1476.83    1466.81 0.0000e+00
        425      9.000     7.6317     7.6150   3.297371   3.295124     2.5176     0.0913      98.82 7.3508e-02 0.0000e+00    80.9097    6.60449    31.8743    31.8656    24.8721    1477.33    1467.97 0.0000e+00
        446     10.000     7.6668     7.6681   3.310906   3.314052     2.4981     0.0693      98.82 6.6711e-02 0.0000e+00    81.0533    6.54563    31.9867    32.0192    24.9555    1477.62    1468.93 0.0000e+00
        466     11.000     7.6086     7.6073   3.316337   3.317230     2.4814     0.0544      98.82 7.0068e-02 0.0000e+00    81.1379    6.51295    32.0980    32.1088    25.0511    1477.56    1469.71 0.0000e+00
        486     12.000     7.6414     7.6314   3.326473   3.326943     2.4650     0.0556      98.82 5.0481e-02 0.0000e+00    81.2297    6.46201    32.1760    32.1903    25.1077    1477.80    1470.38 0.0000e+00
        507     13.000     7.7325     7.7187   3.344482   3.345127     2.4504     0.0543      98.82 5.2867e-02 0.0000e+00    81.1855    6.43786    32.2842    32.3039    25.1799    1478.30    1470.99 0.0000e+00
        527     14.000     7.9109     7.8904   3.376332   3.377868     2.4403     0.0220      98.82 4.9775e-02 0.0000e+00    81.2118    6.42319    32.4585    32.4940    25.2915    1479.21    1471.57 0.0000e+00
        547     15.000     8.0278     8.0303   3.403568   3.405035     2.4342     0.0215      98.81 4.9480e-02 0.0000e+00    81.2573    6.42241    32.6395    32.6527    25.4166    1479.89    1472.13 0.0000e+00
        567     16.000     8.0276     8.0187   3.409479   3.410370     2.4311     0.0029      98.82 4.9485e-02 0.0000e+00    81.2888    6.41618    32.7021    32.7199    25.4658    1479.99    1472.61 0.0000e+00
        587     17.000     8.1381     8.1260   3.424696   3.425852     2.4257    -0.0183      98.81 4.9483e-02 0.0000e+00    81.3043    6.35579    32.7602    32.7838    25.4953    1480.49    1473.08 0.0000e+00
        607     18.000     8.1863     8.1813   3.438905   3.440156     2.4195     0.0037      98.82 4.9467e-02 0.0000e+00    81.3906    6.32512    32.8655    32.8834    25.5708    1480.82    1473.50 0.0000e+00
        626     19.000     8.3257     8.3104   3.463097   3.464710     2.4139     0.0007      98.81 4.9495e-02 0.0000e+00    81.4289    6.28427    32.9907    33.0221    25.6483    1481.52    1473.92 0.0000e+00
        646     20.000     8.4696     8.4597   3.486029   3.487328     2.4083    -0.0126      98.81 4.9474e-02 0.0000e+00    81.4329    6.25051    33.0974    33.1204    25.7104    1482.21    1474.34 0.0000e+00
        666     21.000     8.5651     8.5568   3.500848   3.502250     2.4039    -0.0192      98.81 4.9461e-02 0.0000e+00    81.4591    6.22622    33.1634    33.1859    25.7476    1482.66    1474.73 0.0000e+00
        686     22.000     8.6352     8.6298   3.512905   3.514649     2.3995    -0.0146      98.81 4.9453e-02 0.0000e+00    81.4552    6.18842    33.2239    33.2473    25.7843    1483.02    1475.10 0.0000e+00
        705     23.000     8.8034     8.7799   3.540579   3.541515     2.3931    -0.0389      98.81 4.9453e-02 0.0000e+00    81.4793    6.12076    33.3555    33.3874    25.8616    1483.82    1475.48 0.0000e+00
        725     24.000     8.9038     8.8990   3.558439   3.560011     2.3861    -0.0465      98.81 4.9461e-02 0.0000e+00    81.3366    6.08197    33.4473    33.4683    25.9178    1484.32    1475.85 0.0000e+00
        744     25.000     8.9196     8.9198   3.562629   3.564106     2.3799    -0.0178      98.81 4.9461e-02 0.0000e+00    81.4565    6.05086    33.4757    33.4910    25.9376    1484.43    1476.19 0.0000e+00
        763     26.000     8.9610     8.9558   3.573248   3.575034     2.3715    -0.0441      98.81 4.9446e-02 0.0000e+00    81.4704    5.98834    33.5471    33.5707    25.9870    1484.69    1476.51 0.0000e+00
        783     27.000     9.0467     9.0369   3.587683   3.589212     2.3609    -0.0545      64.93 4.9474e-02 0.0000e+00    81.4581    5.92866    33.6163    33.6415    26.0276    1485.11    1476.83 0.0000e+00
        802     28.000     9.0745     9.0750   3.596316   3.597768     2.3504    -0.0557      93.36 4.9453e-02 0.0000e+00    81.4172    5.90474    33.6795    33.6941    26.0726    1485.30    1477.13 0.0000e+00
        822     29.000     9.0020     9.0043   3.590968   3.592222     2.3423 -9.990e-29      90.72 4.9474e-02 0.0000e+00    81.3680    5.89090    33.6919    33.7028    26.0939    1485.07    1477.40 0.0000e+00
        841     30.000     8.9702     8.9678   3.590230   3.591630     2.3323 -9.990e-29      22.50 4.9476e-02 0.0000e+00    81.3302    5.84449    33.7139    33.7308    26.1161    1484.99    1477.66 0.0000e+00
        861     31.000     8.9684     8.9660   3.590890   3.592284     2.3215 -9.990e-29      95.26 4.9502e-02 0.0000e+00    81.2852    5.81278    33.7220    33.7389    26.1228    1485.01    1477.89 0.0000e+00
        880     32.000     8.9263     8.9297   3.589357   3.590783     2.3117 -9.990e-29      98.80 4.9446e-02 0.0000e+00    81.1350    5.81457    33.7455    33.7572    26.1478    1484.90    1478.11 0.0000e+00
        899     33.000     8.8211     8.8278   3.580323   3.581539     2.3053 -9.990e-29      77.78 4.9467e-02 0.0000e+00    81.0096    5.83309    33.7505    33.7569    26.1682    1484.54    1478.30 0.0000e+00
        919     34.000     8.5873     8.5972   3.559172   3.560258     2.2998 -9.990e-29      79.78 4.9483e-02 0.0000e+00    80.8918    5.85212    33.7507    33.7527    26.2046    1483.68    1478.46 0.0000e+00
        939     35.000     8.4819     8.4819   3.549257   3.550302     2.2939 -9.990e-29      49.90 4.9495e-02 0.0000e+00    80.7209    5.84824    33.7464    33.7574    26.2173    1483.30    1478.60 0.0000e+00
        958     36.000     8.4704     8.4683   3.552092   3.553576     2.2889 -9.990e-29      93.67 4.9490e-02 0.0000e+00    80.5629    5.87633    33.7869    33.8046    26.2509    1483.32    1478.73 0.0000e+00
        977     37.000     8.4512     8.4502   3.553135   3.554403     2.2897 -9.990e-29      69.28 4.9488e-02 0.0000e+00    80.3576    5.94998    33.8159    33.8303    26.2765    1483.30    1478.85 0.0000e+00
        997     38.000     8.5156     8.5076   3.562108   3.563418     2.2955    -0.0457      37.41 4.9476e-02 0.0000e+00    80.1725    6.00356    33.8485    33.8700    26.2922    1483.60    1478.98 0.0000e+00
       1016     39.000     8.5671     8.5599   3.569583   3.570823     2.3031    -0.0493      49.49 4.9498e-02 0.0000e+00    79.9979    6.03439    33.8776    33.8976    26.3071    1483.85    1479.10 0.0000e+00
       1035     40.000     8.6791     8.6666   3.586906   3.588005     2.3110    -0.0487      97.67 4.9495e-02 0.0000e+00    79.8678    6.03279    33.9522    33.9758    26.3483    1484.37    1479.23 0.0000e+00
       1055     41.000     8.7104     8.7087   3.591775   3.593310     2.3172    -0.0422      26.20 4.9505e-02 0.0000e+00    79.7646    6.02133    33.9729    33.9907    26.3597    1484.53    1479.36 0.0000e+00
       1074     42.000     8.7146     8.7134   3.592698   3.594229     2.3210    -0.0438      90.92 4.9505e-02 0.0000e+00    79.6491    5.99448    33.9781    33.9954    26.3631    1484.57    1479.49 0.0000e+00
       1093     43.000     8.7699     8.7581   3.600146   3.600743     2.3210    -0.0386      90.79 4.9467e-02 0.0000e+00    79.6278    5.94013    34.0029    34.0205    26.3739    1484.82    1479.61 0.0000e+00
       1113     44.000     8.7888     8.7801   3.603069   3.603780     2.3171    -0.0398      93.09 4.9454e-02 0.0000e+00    79.6069    5.90537    34.0150    34.0308    26.3804    1484.92    1479.73 0.0000e+00
       1133     45.000     8.8385     8.8339   3.610621   3.612240     2.3139    -0.0478      56.00 4.9467e-02 0.0000e+00    79.5986    5.88112    34.0461    34.0675    26.3970    1485.16    1479.85 0.0000e+00
       1152     46.000     8.8709     8.8664   3.615636   3.616948     2.3092    -0.0486      80.63 4.9508e-02 0.0000e+00    79.5929    5.84818    34.0671    34.0852    26.4083    1485.32    1479.97 0.0000e+00
       1172     47.000     8.9448     8.9339   3.627738   3.629213     2.3038    -0.0509      69.10 4.9483e-02 0.0000e+00    79.6139    5.81708    34.1224    34.1483    26.4400    1485.68    1480.09 0.0000e+00
       1192     48.000     9.0394     9.0362   3.642231   3.643662     2.2985    -0.0398      95.14 4.9467e-02 0.0000e+00    79.6247    5.78540    34.1826    34.2006    26.4721    1486.12    1480.21 0.0000e+00
       1212     49.000     9.0587     9.0561   3.645990   3.647945     2.2930 -9.990e-29      26.97 4.9481e-02 0.0000e+00    79.6654    5.76067    34.2028    34.2257    26.4849    1486.23    1480.34 0.0000e+00
       1232     50.000     9.1193     9.1163   3.657729   3.659268     2.2869 -9.990e-29      60.65 4.9502e-02 0.0000e+00    79.6933    5.70774    34.2666    34.2855    26.5251    1486.55    1480.46 0.0000e+00
       1251     51.000     9.1154     9.1132   3.658850   3.660321     2.2778 -9.990e-29      80.01 4.9460e-02 0.0000e+00    79.7645    5.64761    34.2815    34.2990    26.5374    1486.57    1480.58 0.0000e+00
       1271     52.000     9.1214     9.1196   3.660446   3.661913     2.2662 -9.990e-29      42.83 4.9534e-02 0.0000e+00    79.8129    5.58096    34.2919    34.3090    26.5446    1486.62    1480.70 0.0000e+00
       1291     53.000     9.1092     9.1070   3.661683   3.663087     2.2525 -9.990e-29      92.91 4.9473e-02 0.0000e+00    79.8544    5.51932    34.3161    34.3329    26.5655    1486.62    1480.81 0.0000e+00
       1310     54.000     9.1268     9.1227   3.665828   3.667148     2.2382    -0.0557      90.17 4.9481e-02 0.0000e+00    79.8970    5.47679    34.3419    34.3597    26.5829    1486.74    1480.92 0.0000e+00
       1330     55.000     9.1170     9.1155   3.669454   3.670883     2.2252    -0.0558      76.93 4.9454e-02 0.0000e+00    79.9439    5.45185    34.3888    34.4051    26.6211    1486.77    1481.02 0.0000e+00
       1350     56.000     9.1079     9.1062   3.669248   3.670618     2.2135    -0.0558      93.85 4.9509e-02 0.0000e+00    80.0151    5.41888    34.3949    34.4109    26.6274    1486.77    1481.12 0.0000e+00
       1369     57.000     9.0928     9.0904   3.668536   3.669895     2.2012    -0.0558      32.39 4.9474e-02 0.0000e+00    80.0611    5.37247    34.4016    34.4181    26.6350    1486.73    1481.22 0.0000e+00
       1389     58.000     9.0938     9.0912   3.669255   3.670614     2.1882    -0.0559      78.99 4.9483e-02 0.0000e+00    80.1235    5.32580    34.4077    34.4244    26.6396    1486.76    1481.32 0.0000e+00
       1409     59.000     9.0939     9.0918   3.670139   3.671534     2.1751    -0.0636      56.08 4.9488e-02 0.0000e+00    80.1714    5.29478    34.4163    34.4329    26.6464    1486.79    1481.41 0.0000e+00
       1428     60.000     9.0845     9.0843   3.670798   3.672209     2.1639 -9.990e-29      42.57 4.9453e-02 0.0000e+00    80.2221    5.28225    34.4319    34.4468    26.6600    1486.79    1481.50 0.0000e+00
       1448     61.000     9.0579     9.0575   3.670602   3.672051     2.1545 -9.990e-29      76.52 4.9512e-02 0.0000e+00    80.2855    5.26918    34.4551    34.4706    26.6825    1486.74    1481.59 0.0000e+00
       1468     62.000     9.0384     9.0377   3.670856   3.672307     2.1454 -9.990e-29      40.39 4.9490e-02 0.0000e+00    80.3075    5.25264    34.4762    34.4920    26.7021    1486.71    1481.67 0.0000e+00
       1487     63.000     8.9855     8.9866   3.668850   3.670249     2.1379 -9.990e-29      97.96 4.9495e-02 0.0000e+00    80.3772    5.24249    34.5060    34.5196    26.7340    1486.57    1481.75 0.0000e+00
       1507     64.000     8.9577     8.9580   3.667885   3.669309     2.1305    -0.0613      94.55 4.9481e-02 0.0000e+00    80.4471    5.22150    34.5224    34.5371    26.7513    1486.50    1481.82 0.0000e+00
       1527     65.000     8.9398     8.9385   3.667407   3.668819     2.1225    -0.0583      87.89 4.9488e-02 0.0000e+00    80.4984    5.20211    34.5343    34.5504    26.7634    1486.47    1481.89 0.0000e+00
       1547     66.000     8.9232     8.9219   3.667005   3.668416     2.1155    -0.0604      98.71 4.9488e-02 0.0000e+00    80.5711    5.18960    34.5458    34.5619    26.7751    1486.43    1481.96 0.0000e+00
       1567     67.000     8.9160     8.9145   3.666938   3.668352     2.1093    -0.0725      79.38 4.9474e-02 0.0000e+00    80.5841    5.18237    34.5516    34.5679    26.7808    1486.43    1482.03 0.0000e+00
       1588     68.000     8.9058     8.9042   3.666802   3.668188     2.1040    -0.0873      34.39 4.9453e-02 0.0000e+00    80.6509    5.17512    34.5597    34.5758    26.7887    1486.42    1482.09 0.0000e+00
       1607     69.000     8.9011     8.8992   3.666771   3.668171     2.0992    -0.0583      93.88 4.9467e-02 0.0000e+00    80.7253    5.16457    34.5634    34.5800    26.7924    1486.42    1482.15 0.0000e+00
       1627     70.000     8.9005     8.8985   3.666809   3.668208     2.0946    -0.0599      93.81 4.9481e-02 0.0000e+00    80.7945    5.15667    34.5640    34.5806    26.7929    1486.44    1482.21 0.0000e+00
       1647     71.000     8.8965     8.8954   3.666670   3.668079     2.0910    -0.0630      86.29 4.9467e-02 0.0000e+00    80.8914    5.14599    34.5659    34.5818    26.7951    1486.44    1482.27 0.0000e+00
       1667     72.000     8.8576     8.8584   3.665194   3.666581     2.0865    -0.0699      96.49 4.9467e-02 0.0000e+00    80.9863    5.14030    34.5879    34.6016    26.8184    1486.34    1482.33 0.0000e+00
       1687     73.000     8.8194     8.8193   3.664035   3.665403     2.0832    -0.0659      74.31 4.9483e-02 0.0000e+00    81.0793    5.13738    34.6125    34.6270    26.8437    1486.25    1482.38 0.0000e+00
       1707     74.000     8.8136     8.8120   3.663872   3.665248     2.0795    -0.0684      96.12 4.9467e-02 0.0000e+00    81.1567    5.12998    34.6159    34.6320    26.8474    1486.25    1482.44 0.0000e+00
       1726     75.000     8.8092     8.8075   3.663761   3.665143     2.0769 -9.990e-29      94.53 4.9460e-02 0.0000e+00    81.2309    5.13293    34.6186    34.6348    26.8502    1486.25    1482.49 0.0000e+00
       1746     76.000     8.7962     8.7955   3.663343   3.664737     2.0749 -9.990e-29      96.41 4.9454e-02 0.0000e+00    81.3254    5.12986    34.6264    34.6418    26.8584    1486.23    1482.53 0.0000e+00
