_data/ctd/2022603/sta0226.cnv
* Sea-Bird SBE 9 Data File:
* FileName = C:\Seabird\CTDData\sta0226.hex
* Software Version Seasave V 7.21f
* Temperature SN = 6264
* Conductivity SN = 4928
* Number of Bytes Per Scan = 40
* Number of Voltage Words = 5
* Number of Scans Averaged by the Deck Unit = 1
* NMEA Latitude = 61 05.08 N
* NMEA Longitude = 005 02.96 E
* NMEA UTC (Time) = Feb 18 2022 06:24:45
* NMEA baud rate = 4800
** Ship: R/V "Kristine Bonnevie"
** Station: 0226
** Echodepth: 177
** Log: 1238.615
** Wind-Dir/Force: 29 18
** Air-temp (dry): 3.8
** Weather Sky:
** Sea:
** S03
# nquan = 19                                
# nvalues = 173                         
# units = specified
# name 0 = scan: Scan Count
# name 1 = prDM: Pressure, Digiquartz [db]
# name 2 = t068C: Temperature [ITS-68, deg C]
# name 3 = t168C: Temperature, 2 [ITS-68, deg C]
# name 4 = c0S/m: Conductivity [S/m]
# name 5 = c1S/m: Conductivity, 2 [S/m]
# name 6 = sbeox0V: Oxygen raw, SBE 43 [V]
# name 7 = flECO-AFL: Fluorescence, WET Labs ECO-AFL/FL [mg/m^3]
# name 8 = altM: Altimeter [m]
# name 9 = par: PAR/Irradiance, Biospherical/Licor
# name 10 = spar: SPAR/Surface Irradiance
# name 11 = CStarTr0: Beam Transmission, WET Labs C-Star [%]
# name 12 = sbeox0ML/L: Oxygen, SBE 43 [ml/l], WS = 2
# name 13 = sal00: Salinity, Practical [PSU]
# name 14 = sal11: Salinity, Practical, 2 [PSU]
# name 15 = sigma-t00: Density [sigma-t, Kg/m^3 ]
# name 16 = svCM: Sound Velocity [Chen-Millero, m/s]
# name 17 = avgsvCM: Average Sound Velocity [Chen-Millero, m/s], minP = 1, minS = 5
# name 18 = flag: flag
# span 0 =        431,       4302       
# span 1 =      3.000,    175.000       
# span 2 =     5.9067,     8.5556       
# span 3 =     5.9234,     8.5530       
# span 4 =   3.079464,   3.646696       
# span 5 =   3.083266,   3.648158       
# span 6 =     2.2187,     2.4458       
# span 7 =    -0.0877,     0.6713       
# span 8 =       6.33,      99.34       
# span 9 = 4.9169e-02, 5.9465e-01       
# span 10 = 0.0000e+00, 0.0000e+00      
# span 11 =    77.6168,    80.4467      
# span 12 =    5.75219,    6.88265      
# span 13 =    31.0774,    34.9114      
# span 14 =    31.1044,    34.9285      
# span 15 =    24.4655,    27.1622      
# span 16 =    1469.48,    1486.29      
# span 17 =    1469.85,    1482.68      
# span 18 = 0.0000e+00, 0.0000e+00      
# interval = decibars: 1                
# start_time = Feb 18 2022 06:24:47 [System UTC, header]
# bad_flag = -9.990e-29
*END*
[from data line 77]
       2159     80.000     7.9705     7.9692   3.572797   3.574175     2.3593 -9.990e-29      98.82 4.9479e-02 0.0000e+00    78.3350    6.16449    34.4725    34.4886    26.8642    1483.02    1479.53 0.0000e+00
       2180     81.000     7.9696     7.9679   3.572936   3.574216     2.3549 -9.990e-29      67.18 4.9490e-02 0.0000e+00    78.4667    6.15190    34.4744    34.4898    26.8658    1483.03    1479.57 0.0000e+00
       2202     82.000     7.9682     7.9670   3.572904   3.574264     2.3508    -0.0268      90.76 4.9490e-02 0.0000e+00    78.5827    6.14623    34.4749    34.4907    26.8665    1483.04    1479.61 0.0000e+00
       2225     83.000     7.9650     7.9635   3.572691   3.574049     2.3476    -0.0318      98.73 4.9493e-02 0.0000e+00    78.6986    6.14751    34.4753    34.4914    26.8673    1483.05    1479.66 0.0000e+00
       2248     84.000     7.9689     7.9673   3.573255   3.574645     2.3450    -0.0114      82.41 4.9493e-02 0.0000e+00    78.8190    6.14623    34.4770    34.4935    26.8680    1483.08    1479.70 0.0000e+00
       2270     85.000     7.9890     7.9824   3.576112   3.576990     2.3430    -0.0150      74.47 4.9496e-02 0.0000e+00    78.9496    6.13953    34.4874    34.5033    26.8732    1483.19    1479.74 0.0000e+00
       2293     86.000     8.0635     8.0541   3.587177   3.588118     2.3411    -0.0184      89.99 4.9496e-02 0.0000e+00    79.0865    6.13040    34.5321    34.5515    26.8971    1483.54    1479.78 0.0000e+00
       2315     87.000     8.1263     8.1226   3.596402   3.597845     2.3406    -0.0030      66.71 4.9487e-02 0.0000e+00    79.2310    6.13194    34.5684    34.5875    26.9162    1483.84    1479.83 0.0000e+00
       2338     88.000     8.1519     8.1499   3.600447   3.601924     2.3408    -0.0336      96.20 4.9505e-02 0.0000e+00    79.4119    6.11990    34.5860    34.6037    26.9261    1483.97    1479.87 0.0000e+00
       2361     89.000     8.1660     8.1630   3.603136   3.604406     2.3386    -0.0318      94.55 4.9509e-02 0.0000e+00    79.5927    6.08405    34.6003    34.6169    26.9353    1484.06    1479.92 0.0000e+00
       2383     90.000     8.2029     8.1977   3.609632   3.610869     2.3346    -0.0393      98.81 4.9485e-02 0.0000e+00    79.7500    6.05367    34.6328    34.6512    26.9552    1484.26    1479.97 0.0000e+00
       2407     91.000     8.2295     8.2275   3.614738   3.616127     2.3299    -0.0349      98.82 4.9487e-02 0.0000e+00    79.9105    6.02702    34.6606    34.6774    26.9730    1484.41    1480.02 0.0000e+00
       2430     92.000     8.2364     8.2343   3.616591   3.617969     2.3248    -0.0454      95.48 4.9487e-02 0.0000e+00    80.0474    6.00795    34.6731    34.6899    26.9817    1484.46    1480.07 0.0000e+00
       2453     93.000     8.2346     8.2331   3.618338   3.619733     2.3196    -0.0559      94.62 4.9512e-02 0.0000e+00    80.1264    5.98489    34.6931    34.7094    26.9977    1484.50    1480.11 0.0000e+00
       2475     94.000     8.2352     8.2338   3.618771   3.620186     2.3139    -0.0572      86.85 4.9471e-02 0.0000e+00    80.1767    5.96881    34.6966    34.7131    27.0004    1484.52    1480.16 0.0000e+00
       2497     95.000     8.2356     8.2339   3.618892   3.620283     2.3093    -0.0558      86.56 4.9508e-02 0.0000e+00    80.2195    5.96253    34.6970    34.7135    27.0006    1484.54    1480.21 0.0000e+00
       2519     96.000     8.2379     8.2359   3.619593   3.620997     2.3051 -9.990e-29      85.70 4.9490e-02 0.0000e+00    80.2580    5.95454    34.7017    34.7187    27.0040    1484.57    1480.25 0.0000e+00
       2542     97.000     8.2446     8.2425   3.620860   3.622259     2.3013 -9.990e-29      92.89 4.9452e-02 0.0000e+00    80.2388    5.94936    34.7082    34.7252    27.0080    1484.62    1480.30 0.0000e+00
       2565     98.000     8.2531     8.2503   3.622479   3.623833     2.2985 -9.990e-29      83.57 4.9481e-02 0.0000e+00    80.2621    5.94873    34.7166    34.7338    27.0133    1484.68    1480.34 0.0000e+00
       2588     99.000     8.2690     8.2663   3.625113   3.626474     2.2960 -9.990e-29      82.44 4.9487e-02 0.0000e+00    80.2855    5.94369    34.7285    34.7456    27.0202    1484.77    1480.39 0.0000e+00
       2611    100.000     8.2876     8.2831   3.628074   3.629255     2.2942 -9.990e-29      81.64 4.9505e-02 0.0000e+00    80.3114    5.93879    34.7412    34.7582    27.0274    1484.87    1480.43 0.0000e+00
       2633    101.000     8.2966     8.2945   3.630699   3.632105     2.2926 -9.990e-29      80.40 4.9508e-02 0.0000e+00    80.3151    5.93448    34.7598    34.7768    27.0406    1484.94    1480.48 0.0000e+00
       2655    102.000     8.3087     8.3061   3.633168   3.634552     2.2910 -9.990e-29      79.30 4.9472e-02 0.0000e+00    80.3346    5.92037    34.7736    34.7910    27.0496    1485.02    1480.52 0.0000e+00
       2677    103.000     8.3358     8.3322   3.637033   3.638505     2.2884 -9.990e-29      78.45 4.9512e-02 0.0000e+00    80.3349    5.90099    34.7875    34.8068    27.0564    1485.16    1480.56 0.0000e+00
       2699    104.000     8.3446     8.3428   3.638812   3.640261     2.2856 -9.990e-29      77.50 4.9509e-02 0.0000e+00    80.3389    5.89517    34.7973    34.8145    27.0627    1485.22    1480.61 0.0000e+00
       2721    105.000     8.3404     8.3387   3.639515   3.641040     2.2833 -9.990e-29      76.48 4.9499e-02 0.0000e+00    80.3524    5.88008    34.8084    34.8264    27.0721    1485.23    1480.65 0.0000e+00
       2742    106.000     8.3375     8.3359   3.639909   3.641350     2.2796 -9.990e-29      75.48 4.9502e-02 0.0000e+00    80.3611    5.85853    34.8150    34.8320    27.0777    1485.25    1480.70 0.0000e+00
       2764    107.000     8.3365     8.3349   3.640153   3.641571     2.2753 -9.990e-29      74.69 4.9502e-02 0.0000e+00    80.3425    5.84224    34.8181    34.8348    27.0803    1485.26    1480.74 0.0000e+00
       2787    108.000     8.3361     8.3352   3.640402   3.641737     2.2709 -9.990e-29      73.55 4.9491e-02 0.0000e+00    80.3753    5.83449    34.8207    34.8358    27.0824    1485.28    1480.78 0.0000e+00
       2811    109.000     8.3355     8.3339   3.640727   3.642180     2.2675    -0.0624      72.42 4.9491e-02 0.0000e+00    80.3713    5.83271    34.8243    34.8413    27.0852    1485.30    1480.82 0.0000e+00
       2835    110.000     8.3355     8.3339   3.640881   3.642300     2.2646    -0.0865      71.35 4.9506e-02 0.0000e+00    80.3633    5.83329    34.8254    34.8421    27.0862    1485.32    1480.86 0.0000e+00
       2858    111.000     8.3356     8.3339   3.640963   3.642400     2.2626    -0.0863      70.36 4.9470e-02 0.0000e+00    80.3947    5.83037    34.8257    34.8427    27.0864    1485.34    1480.90 0.0000e+00
       2879    112.000     8.3351     8.3334   3.641194   3.642660     2.2610    -0.0629      69.55 4.9499e-02 0.0000e+00    80.3737    5.83394    34.8282    34.8455    27.0884    1485.35    1480.94 0.0000e+00
       2900    113.000     8.3349     8.3332   3.641324   3.642769     2.2602    -0.0558      68.49 4.9452e-02 0.0000e+00    80.4143    5.83422    34.8293    34.8464    27.0893    1485.37    1480.98 0.0000e+00
       2921    114.000     8.3347     8.3330   3.641430   3.642877     2.2592 -9.990e-29      67.43 4.9505e-02 0.0000e+00    80.4093    5.83081    34.8301    34.8472    27.0900    1485.39    1481.02 0.0000e+00
       2942    115.000     8.3349     8.3328   3.641502   3.642938     2.2582 -9.990e-29      66.42 4.9486e-02 0.0000e+00    80.4169    5.83094    34.8302    34.8476    27.0900    1485.41    1481.06 0.0000e+00
       2963    116.000     8.3352     8.3335   3.641508   3.642944     2.2576 -9.990e-29      65.43 4.9489e-02 0.0000e+00    80.4286    5.83431    34.8295    34.8465    27.0894    1485.42    1481.10 0.0000e+00
       2986    117.000     8.3356     8.3340   3.641549   3.642996     2.2574 -9.990e-29      64.46 4.9502e-02 0.0000e+00    80.4053    5.83554    34.8291    34.8461    27.0890    1485.44    1481.13 0.0000e+00
       3009    118.000     8.3355     8.3338   3.641681   3.643136     2.2568    -0.0817      63.17 4.9497e-02 0.0000e+00    80.4242    5.83332    34.8301    34.8473    27.0898    1485.46    1481.17 0.0000e+00
       3033    119.000     8.3324     8.3313   3.642033   3.643434     2.2565    -0.0696      61.60 4.9497e-02 0.0000e+00    80.4311    5.83684    34.8364    34.8525    27.0953    1485.47    1481.21 0.0000e+00
       3056    120.000     8.3258     8.3261   3.642747   3.644051     2.2566    -0.0571      61.04 4.9499e-02 0.0000e+00    80.4313    5.83837    34.8501    34.8637    27.1070    1485.48    1481.24 0.0000e+00
       3078    121.000     8.3237     8.3215   3.643157   3.644546     2.2563    -0.0558      59.98 4.9521e-02 0.0000e+00    80.4391    5.83559    34.8561    34.8730    27.1120    1485.49    1481.28 0.0000e+00
       3100    122.000     8.3124     8.3111   3.643067   3.644437     2.2559    -0.0558      59.20 4.9490e-02 0.0000e+00    80.4145    5.82913    34.8658    34.8817    27.1214    1485.48    1481.31 0.0000e+00
       3122    123.000     8.2992     8.2978   3.642188   3.643600     2.2546 -9.990e-29      58.24 4.9518e-02 0.0000e+00    80.3921    5.82348    34.8691    34.8855    27.1260    1485.45    1481.34 0.0000e+00
       3143    124.000     8.2973     8.2953   3.642195   3.643563     2.2534 -9.990e-29      57.28 4.9499e-02 0.0000e+00    80.3482    5.81863    34.8705    34.8871    27.1274    1485.46    1481.38 0.0000e+00
       3164    125.000     8.2962     8.2950   3.642286   3.643725     2.2519 -9.990e-29      56.27 4.9499e-02 0.0000e+00    80.3409    5.80672    34.8721    34.8886    27.1288    1485.48    1481.41 0.0000e+00
       3186    126.000     8.2946     8.2925   3.642244   3.643660     2.2494 -9.990e-29      55.27 4.9502e-02 0.0000e+00    80.3271    5.79422    34.8728    34.8899    27.1296    1485.49    1481.44 0.0000e+00
       3208    127.000     8.2927     8.2908   3.642206   3.643637     2.2469    -0.0558      54.29 4.9489e-02 0.0000e+00    80.2988    5.78594    34.8738    34.8909    27.1307    1485.50    1481.47 0.0000e+00
       3229    128.000     8.2910     8.2892   3.642454   3.643842     2.2444    -0.0558      53.33 4.9496e-02 0.0000e+00    80.2911    5.78752    34.8776    34.8942    27.1339    1485.51    1481.51 0.0000e+00
       3251    129.000     8.2920     8.2905   3.642560   3.643992     2.2432    -0.0558      52.33 4.9532e-02 0.0000e+00    80.2577    5.79312    34.8773    34.8940    27.1335    1485.53    1481.54 0.0000e+00
       3272    130.000     8.2928     8.2912   3.642820   3.644284     2.2422    -0.0558      51.34 4.9509e-02 0.0000e+00    80.2790    5.79016    34.8788    34.8960    27.1346    1485.55    1481.57 0.0000e+00
       3294    131.000     8.2917     8.2896   3.642867   3.644247     2.2412    -0.0558      50.30 4.9527e-02 0.0000e+00    80.2726    5.78921    34.8799    34.8967    27.1356    1485.57    1481.60 0.0000e+00
       3318    132.000     8.2848     8.2856   3.642377   3.644017     2.2401    -0.0558      49.27 4.9489e-02 0.0000e+00    80.2494    5.78606    34.8810    34.8977    27.1375    1485.56    1481.63 0.0000e+00
       3342    133.000     8.2826     8.2824   3.642281   3.643776     2.2393    -0.0690      48.24 4.9505e-02 0.0000e+00    80.2712    5.78505    34.8817    34.8978    27.1384    1485.57    1481.66 0.0000e+00
       3365    134.000     8.2823     8.2805   3.642355   3.643754     2.2379    -0.0800      47.26 4.9499e-02 0.0000e+00    80.2625    5.78310    34.8823    34.8990    27.1389    1485.59    1481.69 0.0000e+00
       3387    135.000     8.2813     8.2797   3.642416   3.643850     2.2374    -0.0584      46.30 4.9492e-02 0.0000e+00    80.2615    5.78597    34.8835    34.9003    27.1400    1485.60    1481.72 0.0000e+00
       3408    136.000     8.2810     8.2793   3.642463   3.643870     2.2371    -0.0587      45.32 4.9485e-02 0.0000e+00    80.2365    5.78154    34.8838    34.9005    27.1403    1485.62    1481.74 0.0000e+00
       3429    137.000     8.2805     8.2789   3.642489   3.643932     2.2358    -0.0558      44.34 4.9518e-02 0.0000e+00    80.2274    5.77660    34.8841    34.9010    27.1406    1485.63    1481.77 0.0000e+00
       3450    138.000     8.2806     8.2791   3.642604   3.643997     2.2351    -0.0558      43.36 4.9494e-02 0.0000e+00    80.2367    5.77773    34.8847    34.9011    27.1411    1485.65    1481.80 0.0000e+00
       3470    139.000     8.2807     8.2790   3.642670   3.644070     2.2346    -0.0705      42.37 4.9512e-02 0.0000e+00    80.2333    5.77794    34.8848    34.9014    27.1412    1485.66    1481.83 0.0000e+00
       3491    140.000     8.2810     8.2793   3.642707   3.644140     2.2338    -0.0858      41.38 4.9499e-02 0.0000e+00    80.2254    5.77329    34.8844    34.9014    27.1408    1485.68    1481.86 0.0000e+00
       3512    141.000     8.2810     8.2793   3.642829   3.644261     2.2330    -0.0563      40.38 4.9496e-02 0.0000e+00    80.2304    5.77220    34.8853    34.9022    27.1415    1485.70    1481.88 0.0000e+00
       3535    142.000     8.2805     8.2787   3.643073   3.644545     2.2322    -0.0558      39.37 4.9489e-02 0.0000e+00    80.1919    5.77035    34.8879    34.9054    27.1436    1485.72    1481.91 0.0000e+00
       3557    143.000     8.2801     8.2785   3.643315   3.644739     2.2314    -0.0756      38.37 4.9493e-02 0.0000e+00    80.2128    5.77183    34.8904    34.9071    27.1456    1485.74    1481.94 0.0000e+00
       3580    144.000     8.2799     8.2782   3.643441   3.644858     2.2311    -0.0734      37.36 4.9493e-02 0.0000e+00    80.2106    5.77253    34.8914    34.9082    27.1465    1485.75    1481.96 0.0000e+00
       3602    145.000     8.2797     8.2779   3.643515   3.644950     2.2306    -0.0707      36.36 4.9496e-02 0.0000e+00    80.2136    5.77126    34.8919    34.9090    27.1469    1485.77    1481.99 0.0000e+00
       3624    146.000     8.2796     8.2778   3.643627   3.645058     2.2302    -0.0874      35.39 4.9486e-02 0.0000e+00    80.2313    5.76958    34.8928    34.9098    27.1476    1485.79    1482.01 0.0000e+00
       3644    147.000     8.2781     8.2763   3.643775   3.645224     2.2297    -0.0576      34.44 4.9483e-02 0.0000e+00    80.2064    5.77159    34.8953    34.9126    27.1498    1485.80    1482.04 0.0000e+00
       3663    148.000     8.2774     8.2758   3.643920   3.645339     2.2297    -0.0588      33.48 4.9501e-02 0.0000e+00    80.2180    5.77267    34.8971    34.9138    27.1513    1485.82    1482.07 0.0000e+00
       3683    149.000     8.2761     8.2745   3.644023   3.645443     2.2291    -0.0707      32.48 4.9475e-02 0.0000e+00    80.2057    5.76642    34.8990    34.9157    27.1530    1485.83    1482.09 0.0000e+00
       3704    150.000     8.2748     8.2730   3.644048   3.645477     2.2285    -0.0831      31.47 4.9492e-02 0.0000e+00    80.2099    5.76409    34.9001    34.9171    27.1540    1485.84    1482.12 0.0000e+00
       3726    151.000     8.2743     8.2727   3.644146   3.645559     2.2275    -0.0574      30.45 4.9487e-02 0.0000e+00    80.2001    5.76270    34.9011    34.9178    27.1550    1485.86    1482.14 0.0000e+00
       3749    152.000     8.2731     8.2715   3.644318   3.645744     2.2269    -0.0608      29.42 4.9485e-02 0.0000e+00    80.1877    5.76132    34.9037    34.9205    27.1571    1485.87    1482.16 0.0000e+00
       3773    153.000     8.2726     8.2708   3.644481   3.645928     2.2261    -0.0559      28.43 4.9490e-02 0.0000e+00    80.2349    5.75961    34.9054    34.9227    27.1586    1485.89    1482.19 0.0000e+00
       3794    154.000     8.2719     8.2703   3.644569   3.646023     2.2255    -0.0572      27.46 4.9477e-02 0.0000e+00    80.1970    5.75679    34.9066    34.9237    27.1596    1485.91    1482.21 0.0000e+00
