_data/ctd/2022603/sta0164.cnv
* Sea-Bird SBE 9 Data File:
* FileName = C:\Seabird\CTDData\sta0164.hex
* Software Version Seasave V 7.21f
* Temperature SN = 6264
* Conductivity SN = 4928
* Number of Bytes Per Scan = 40
* Number of Voltage Words = 5
* Number of Scans Averaged by the Deck Unit = 1
* NMEA Latitude = 60 52.30 N
* NMEA Longitude = 005 24.95 E
* NMEA UTC (Time) = Feb 12 2022 14:43:30
* NMEA baud rate = 4800
** Ship: R/V "Kristine Bonnevie"
** Station: 0164
** Echodepth: 483
** Log: 0488.443
** Wind-Dir/Force: 52 14
** Air-temp (dry): 4.6
** Weather Sky:
** Sea:
# nquan = 19                                
# nvalues = 476                         
# units = specified
# name 0 = scan: Scan Count
# name 1 = prDM: Pressure, Digiquartz [db]
# name 2 = t068C: Temperature [ITS-68, deg C]
# name 3 = t168C: Temperature, 2 [ITS-68, deg C]
# name 4 = c0S/m: Conductivity [S/m]
# name 5 = c1S/m: Conductivity, 2 [S/m]
# name 6 = sbeox0V: Oxygen raw, SBE 43 [V]
# name 7 = flECO-AFL: Fluorescence, WET Labs ECO-AFL/FL [mg/m^3]
# name 8 = altM: Altimeter [m]
# name 9 = par: PAR/Irradiance, Biospherical/Licor
# name 10 = spar: SPAR/Surface Irradiance
# name 11 = CStarTr0: Beam Transmission, WET Labs C-Star [%]
# name 12 = sbeox0ML/L: Oxygen, SBE 43 [ml/l], WS = 2
# name 13 = sal00: Salinity, Practical [PSU]
# name 14 = sal11: Salinity, Practical, 2 [PSU]
# name 15 = sigma-t00: Density [sigma-t, Kg/m^3 ]
# name 16 = svCM: Sound Velocity [Chen-Millero, m/s]
# name 17 = avgsvCM: Average Sound Velocity [Chen-Millero, m/s], minP = 1, minS = 5
# name 18 = flag: flag
# span 0 =         80,      11392       
# span 1 =      6.000,    481.000       
# span 2 =     7.2970,     9.9748       
# span 3 =     7.2902,     9.9709       
# span 4 =   3.154798,   3.725803       
# span 5 =   3.155371,   3.727251       
# span 6 =     1.6053,     2.4350       
# span 7 =    -0.0778,     0.2865       
# span 8 =       5.09,      99.35       
# span 9 = 4.9361e-02, 3.7856e+00       
# span 10 = 2.3984e+01, 3.3977e+01      
# span 11 =    70.9353,    82.1429      
# span 12 =    3.81938,    6.64279      
# span 13 =    30.6472,    34.9710      
# span 14 =    30.6594,    34.9862      
# span 15 =    23.9533,    27.2002      
# span 16 =    1474.47,    1491.62      
# span 17 =    1474.47,    1487.82      
# span 18 = 0.0000e+00, 0.0000e+00      
# interval = decibars: 1                
# start_time = Feb 12 2022 14:43:32 [System UTC, header]
# bad_flag = -9.990e-29
*END*
[from data line 229]
       5305    235.000     8.3227     8.3212   3.656750   3.658043     1.6836    -0.0639      90.58 4.9508e-02 2.7981e+01    81.7843    3.99275    34.9471    34.9623    27.1836    1487.48    1486.01 0.0000e+00
       5329    236.000     8.3227     8.3212   3.656809   3.658103     1.6836    -0.0675      87.97 4.9497e-02 2.7981e+01    81.7927    3.99822    34.9472    34.9625    27.1837    1487.50    1486.02 0.0000e+00
       5354    237.000     8.3227     8.3212   3.656867   3.658167     1.6837    -0.0660      98.69 4.9514e-02 2.7981e+01    81.7973    3.99690    34.9474    34.9627    27.1838    1487.51    1486.03 0.0000e+00
       5378    238.000     8.3227     8.3212   3.656928   3.658222     1.6835    -0.0628      63.32 4.9506e-02 2.7981e+01    80.9432    3.99419    34.9475    34.9628    27.1839    1487.53    1486.03 0.0000e+00
       5402    239.000     8.3228     8.3213   3.656980   3.658280     1.6835    -0.0625      68.26 4.9491e-02 2.7981e+01    81.7824    3.99511    34.9475    34.9628    27.1839    1487.55    1486.04 0.0000e+00
       5427    240.000     8.3229     8.3213   3.657040   3.658333     1.6831    -0.0595      45.22 4.9506e-02 2.7981e+01    81.8307    3.99459    34.9476    34.9629    27.1839    1487.56    1486.05 0.0000e+00
       5452    241.000     8.3229     8.3213   3.657099   3.658398     1.6829    -0.0625      81.80 4.9491e-02 2.7981e+01    81.8218    3.99538    34.9477    34.9631    27.1841    1487.58    1486.05 0.0000e+00
       5476    242.000     8.3230     8.3214   3.657173   3.658471     1.6829    -0.0641      30.93 4.9472e-02 2.7981e+01    81.8294    3.99631    34.9479    34.9633    27.1842    1487.60    1486.06 0.0000e+00
       5500    243.000     8.3231     8.3215   3.657241   3.658545     1.6830    -0.0650      94.63 4.9503e-02 2.7981e+01    81.8398    3.99878    34.9481    34.9635    27.1843    1487.61    1486.07 0.0000e+00
       5525    244.000     8.3232     8.3216   3.657312   3.658606     1.6829    -0.0734      54.17 4.9500e-02 2.7981e+01    81.8442    3.99552    34.9482    34.9636    27.1844    1487.63    1486.07 0.0000e+00
       5549    245.000     8.3233     8.3218   3.657378   3.658670     1.6823    -0.0663      87.08 4.9474e-02 2.7981e+01    81.8476    3.99273    34.9484    34.9636    27.1845    1487.65    1486.08 0.0000e+00
       5574    246.000     8.3234     8.3220   3.657456   3.658746     1.6826    -0.0671      34.99 4.9506e-02 2.7981e+01    81.8602    3.99742    34.9486    34.9637    27.1847    1487.66    1486.08 0.0000e+00
       5598    247.000     8.3236     8.3221   3.657535   3.658831     1.6821    -0.0674      87.20 4.9487e-02 2.7981e+01    81.8560    3.98924    34.9488    34.9641    27.1848    1487.68    1486.09 0.0000e+00
       5622    248.000     8.3237     8.3222   3.657602   3.658894     1.6814    -0.0657      44.03 4.9521e-02 2.7981e+01    81.8948    3.98796    34.9489    34.9642    27.1849    1487.70    1486.10 0.0000e+00
       5646    249.000     8.3238     8.3224   3.657670   3.658963     1.6806    -0.0703      69.86 4.9483e-02 2.7981e+01    81.8934    3.98374    34.9491    34.9642    27.1850    1487.72    1486.10 0.0000e+00
       5670    250.000     8.3240     8.3224   3.657739   3.659027     1.6800    -0.0655      68.33 4.9497e-02 2.7981e+01    81.9213    3.98547    34.9491    34.9644    27.1850    1487.73    1486.11 0.0000e+00
       5694    251.000     8.3241     8.3225   3.657799   3.659091     1.6793    -0.0680      84.92 4.9497e-02 2.7981e+01    81.9168    3.97785    34.9492    34.9645    27.1850    1487.75    1486.12 0.0000e+00
       5718    252.000     8.3241     8.3226   3.657866   3.659158     1.6783    -0.0636      62.88 4.9497e-02 2.7981e+01    81.9192    3.97793    34.9494    34.9647    27.1852    1487.77    1486.12 0.0000e+00
       5743    253.000     8.3242     8.3227   3.657918   3.659220     1.6776    -0.0698      67.15 4.9491e-02 2.7981e+01    81.9320    3.97585    34.9494    34.9647    27.1852    1487.78    1486.13 0.0000e+00
       5767    254.000     8.3242     8.3228   3.657972   3.659274     1.6766    -0.0630      69.09 4.9509e-02 2.7981e+01    81.9509    3.97262    34.9495    34.9647    27.1853    1487.80    1486.14 0.0000e+00
       5791    255.000     8.3243     8.3229   3.658028   3.659323     1.6761    -0.0683      90.13 4.9511e-02 2.7981e+01    81.9683    3.97395    34.9495    34.9647    27.1853    1487.82    1486.14 0.0000e+00
       5816    256.000     8.3244     8.3229   3.658097   3.659383     1.6754 -9.990e-29      91.11 4.9485e-02 2.7981e+01    81.9441    3.97230    34.9497    34.9649    27.1854    1487.83    1486.15 0.0000e+00
       5840    257.000     8.3245     8.3230   3.658165   3.659458     1.6750 -9.990e-29      50.05 4.9485e-02 2.7981e+01    81.9349    3.97120    34.9498    34.9651    27.1855    1487.85    1486.16 0.0000e+00
       5864    258.000     8.3246     8.3230   3.658217   3.659514     1.6742 -9.990e-29      89.49 4.9495e-02 2.7981e+01    81.9441    3.97174    34.9498    34.9652    27.1854    1487.87    1486.16 0.0000e+00
       5888    259.000     8.3246     8.3232   3.658295   3.659597     1.6743 -9.990e-29      61.20 4.9486e-02 2.7981e+01    81.9639    3.97544    34.9501    34.9654    27.1857    1487.88    1486.17 0.0000e+00
       5912    260.000     8.3248     8.3233   3.658358   3.659661     1.6740    -0.0663      98.20 4.9497e-02 2.7981e+01    81.9803    3.97136    34.9501    34.9655    27.1857    1487.90    1486.18 0.0000e+00
       5936    261.000     8.3249     8.3234   3.658420   3.659710     1.6738    -0.0548      85.90 4.9499e-02 2.7981e+01    81.9713    3.97320    34.9502    34.9654    27.1857    1487.92    1486.18 0.0000e+00
       5960    262.000     8.3250     8.3235   3.658479   3.659787     1.6732    -0.0717      98.89 4.9514e-02 2.7981e+01    81.9842    3.96982    34.9503    34.9657    27.1857    1487.94    1486.19 0.0000e+00
       5983    263.000     8.3251     8.3236   3.658567   3.659862     1.6731    -0.0694      88.58 4.9511e-02 2.7981e+01    81.9847    3.97309    34.9506    34.9659    27.1860    1487.95    1486.20 0.0000e+00
       6007    264.000     8.3251     8.3236   3.658638   3.659934     1.6730    -0.0532      57.75 4.9491e-02 2.7981e+01    81.9963    3.97355    34.9509    34.9662    27.1862    1487.97    1486.20 0.0000e+00
       6031    265.000     8.3252     8.3237   3.658704   3.660003     1.6731    -0.0600      97.82 4.9526e-02 2.7981e+01    82.0243    3.97450    34.9510    34.9664    27.1863    1487.99    1486.21 0.0000e+00
       6055    266.000     8.3252     8.3237   3.658763   3.660056     1.6724    -0.0660      87.10 4.9508e-02 2.7981e+01    82.0212    3.96799    34.9512    34.9664    27.1864    1488.00    1486.22 0.0000e+00
       6078    267.000     8.3252     8.3238   3.658822   3.660119     1.6724    -0.0640      33.98 4.9503e-02 2.7981e+01    82.0427    3.97129    34.9513    34.9665    27.1865    1488.02    1486.22 0.0000e+00
       6103    268.000     8.3251     8.3237   3.658902   3.660202     1.6719    -0.0664      98.82 4.9514e-02 2.7981e+01    82.0454    3.97060    34.9518    34.9670    27.1869    1488.04    1486.23 0.0000e+00
       6127    269.000     8.3250     8.3235   3.658972   3.660266     1.6721    -0.0646      48.23 4.9497e-02 2.7981e+01    82.0610    3.97614    34.9522    34.9674    27.1872    1488.05    1486.24 0.0000e+00
       6151    270.000     8.3250     8.3236   3.659038   3.660336     1.6722    -0.0648      98.77 4.9484e-02 2.7981e+01    82.0468    3.97695    34.9524    34.9676    27.1874    1488.07    1486.24 0.0000e+00
       6175    271.000     8.3251     8.3236   3.659104   3.660391     1.6726    -0.0729      69.30 4.9485e-02 2.7981e+01    82.0551    3.98503    34.9525    34.9677    27.1875    1488.09    1486.25 0.0000e+00
       6200    272.000     8.3253     8.3237   3.659146   3.660451     1.6736    -0.0662      98.16 4.9511e-02 2.7981e+01    82.0826    3.99228    34.9523    34.9678    27.1873    1488.10    1486.26 0.0000e+00
       6225    273.000     8.3253     8.3238   3.659215   3.660516     1.6748    -0.0634      85.14 4.9514e-02 2.7981e+01    82.0923    3.99476    34.9526    34.9679    27.1875    1488.12    1486.26 0.0000e+00
       6249    274.000     8.3253     8.3240   3.659288   3.660580     1.6754    -0.0690      45.58 4.9495e-02 2.7981e+01    82.0902    3.99536    34.9529    34.9679    27.1877    1488.14    1486.27 0.0000e+00
       6273    275.000     8.3254     8.3240   3.659368   3.660667     1.6762    -0.0757      88.28 4.9485e-02 2.7981e+01    82.1066    3.99677    34.9531    34.9683    27.1879    1488.15    1486.28 0.0000e+00
       6298    276.000     8.3254     8.3240   3.659464   3.660763     1.6765    -0.0660      78.14 4.9509e-02 2.7981e+01    82.1094    3.99764    34.9537    34.9689    27.1884    1488.17    1486.28 0.0000e+00
       6322    277.000     8.3255     8.3240   3.659528   3.660821     1.6773    -0.0716      94.61 4.9511e-02 2.7981e+01    82.0921    4.00340    34.9538    34.9690    27.1884    1488.19    1486.29 0.0000e+00
       6347    278.000     8.3255     8.3241   3.659598   3.660897     1.6778    -0.0730      68.98 4.9478e-02 2.7981e+01    82.1158    4.00228    34.9541    34.9693    27.1886    1488.21    1486.30 0.0000e+00
       6371    279.000     8.3255     8.3241   3.659675   3.660969     1.6783    -0.0751      65.46 4.9480e-02 2.7981e+01    82.1251    4.00801    34.9544    34.9696    27.1889    1488.22    1486.30 0.0000e+00
       6396    280.000     8.3255     8.3240   3.659740   3.661028     1.6790    -0.0714      73.41 4.9511e-02 2.8136e+01    82.1429    4.00967    34.9546    34.9698    27.1891    1488.24    1486.31 0.0000e+00
       6421    281.000     8.3253     8.3239   3.659811   3.661104     1.6798    -0.0692      93.22 4.9506e-02 2.8460e+01    82.1428    4.01174    34.9551    34.9702    27.1895    1488.26    1486.32 0.0000e+00
       6445    282.000     8.3252     8.3238   3.659873   3.661174     1.6796    -0.0735      97.67 4.9491e-02 2.8587e+01    82.1022    4.00058    34.9554    34.9706    27.1897    1488.27    1486.33 0.0000e+00
       6470    283.000     8.3251     8.3236   3.659950   3.661247     1.6792    -0.0647      55.71 4.9485e-02 2.9515e+01    82.0775    3.99914    34.9558    34.9711    27.1901    1488.29    1486.33 0.0000e+00
       6494    284.000     8.3249     8.3234   3.660047   3.661340     1.6783    -0.0622      91.95 4.9511e-02 2.9925e+01    82.0800    3.99247    34.9566    34.9718    27.1907    1488.31    1486.34 0.0000e+00
       6518    285.000     8.3249     8.3234   3.660134   3.661430     1.6774    -0.0583      84.14 4.9491e-02 2.9980e+01    82.0400    3.98546    34.9570    34.9723    27.1910    1488.32    1486.35 0.0000e+00
       6543    286.000     8.3248     8.3234   3.660190   3.661479     1.6758    -0.0653      98.74 4.9522e-02 2.9980e+01    82.0512    3.97955    34.9572    34.9723    27.1912    1488.34    1486.35 0.0000e+00
       6568    287.000     8.3247     8.3232   3.660223   3.661522     1.6747    -0.0660      72.59 4.9485e-02 2.9980e+01    82.0528    3.98918    34.9572    34.9725    27.1912    1488.35    1486.36 0.0000e+00
       6592    288.000     8.3244     8.3230   3.660274   3.661570     1.6748    -0.0778      98.81 4.9500e-02 2.9980e+01    82.0721    3.98841    34.9576    34.9727    27.1916    1488.37    1486.37 0.0000e+00
       6617    289.000     8.3245     8.3230   3.660350   3.661642     1.6743    -0.0710      91.69 4.9500e-02 2.9980e+01    82.0505    3.98240    34.9578    34.9730    27.1917    1488.39    1486.37 0.0000e+00
       6642    290.000     8.3242     8.3228   3.660394   3.661696     1.6728    -0.0633      47.64 4.9479e-02 2.9980e+01    81.9780    3.96534    34.9581    34.9733    27.1920    1488.40    1486.38 0.0000e+00
       6666    291.000     8.3241     8.3227   3.660457   3.661745     1.6708    -0.0659      98.52 4.9495e-02 2.9980e+01    81.9308    3.96090    34.9584    34.9735    27.1922    1488.42    1486.39 0.0000e+00
       6691    292.000     8.3241     8.3227   3.660507   3.661814     1.6690    -0.0665      80.61 5.8058e-02 2.9980e+01    81.9074    3.95402    34.9584    34.9737    27.1923    1488.44    1486.40 0.0000e+00
       6716    293.000     8.3241     8.3225   3.660592   3.661891     1.6669    -0.0704      70.38 4.9489e-02 2.9980e+01    81.8766    3.94811    34.9589    34.9743    27.1926    1488.45    1486.40 0.0000e+00
       6741    294.000     8.3240     8.3226   3.660654   3.661948     1.6652    -0.0680      76.43 4.9489e-02 2.9980e+01    81.8262    3.94746    34.9591    34.9743    27.1929    1488.47    1486.41 0.0000e+00
       6766    295.000     8.3240     8.3226   3.660747   3.662036     1.6641    -0.0523      92.46 4.9506e-02 2.9980e+01    81.8291    3.94900    34.9597    34.9748    27.1933    1488.49    1486.42 0.0000e+00
       6791    296.000     8.3239     8.3225   3.660814   3.662102     1.6633    -0.0682      89.23 4.9484e-02 2.9980e+01    81.8185    3.95370    34.9600    34.9751    27.1935    1488.50    1486.42 0.0000e+00
       6816    297.000     8.3237     8.3223   3.660881   3.662171     1.6631    -0.0656      35.86 4.9473e-02 2.9980e+01    81.8258    3.95592    34.9604    34.9755    27.1939    1488.52    1486.43 0.0000e+00
       6841    298.000     8.3236     8.3222   3.660950   3.662245     1.6631    -0.0685      96.59 4.9494e-02 3.0115e+01    81.8478    3.95853    34.9608    34.9760    27.1942    1488.54    1486.44 0.0000e+00
       6866    299.000     8.3233     8.3220   3.661001   3.662297     1.6630    -0.0647      68.54 4.9500e-02 3.0722e+01    81.8469    3.95868    34.9611    34.9762    27.1945    1488.55    1486.44 0.0000e+00
       6891    300.000     8.3232     8.3219   3.661065   3.662360     1.6631    -0.0704      98.70 4.9495e-02 3.1101e+01    81.8663    3.95806    34.9614    34.9765    27.1948    1488.57    1486.45 0.0000e+00
       6916    301.000     8.3231     8.3217   3.661121   3.662411     1.6630    -0.0717      68.43 4.9489e-02 3.1980e+01    81.8551    3.95949    34.9617    34.9768    27.1950    1488.58    1486.46 0.0000e+00
       6941    302.000     8.3230     8.3216   3.661165   3.662462     1.6631    -0.0695      81.44 4.9483e-02 3.1979e+01    81.8930    3.96142    34.9618    34.9769    27.1951    1488.60    1486.47 0.0000e+00
       6966    303.000     8.3229     8.3214   3.661218   3.662525     1.6631    -0.0689      76.24 4.9500e-02 3.1979e+01    81.9085    3.95815    34.9619    34.9773    27.1952    1488.62    1486.47 0.0000e+00
       6990    304.000     8.3228     8.3213   3.661286   3.662577     1.6627    -0.0631      96.09 4.9485e-02 3.1979e+01    81.9282    3.95655    34.9623    34.9775    27.1955    1488.63    1486.48 0.0000e+00
       7015    305.000     8.3229     8.3214   3.661341   3.662627     1.6622    -0.0557      94.36 4.9500e-02 3.1979e+01    81.8777    3.94919    34.9623    34.9775    27.1955    1488.65    1486.49 0.0000e+00
       7040    306.000     8.3229     8.3214   3.661398   3.662693     1.6612    -0.0652      50.78 4.9478e-02 3.1979e+01    81.8227    3.94520    34.9624    34.9777    27.1956    1488.67    1486.49 0.0000e+00
       7065    307.000     8.3229     8.3214   3.661453   3.662748     1.6604    -0.0704      98.46 4.9511e-02 3.1979e+01    81.7669    3.94338    34.9625    34.9778    27.1957    1488.68    1486.50 0.0000e+00
       7090    308.000     8.3226     8.3211   3.661514   3.662808     1.6593    -0.0722      77.33 4.9489e-02 3.1979e+01    81.7107    3.93974    34.9630    34.9783    27.1961    1488.70    1486.51 0.0000e+00
       7115    309.000     8.3224     8.3209   3.661561   3.662857     1.6584    -0.0687      98.57 4.9500e-02 3.1979e+01    81.6864    3.94032    34.9632    34.9785    27.1963    1488.72    1486.52 0.0000e+00
