_data/ctd/2022603/sta0197.cnv
* Sea-Bird SBE 9 Data File:
* FileName = C:\Seabird\CTDData\sta0197.hex
* Software Version Seasave V 7.21f
* Temperature SN = 6264
* Conductivity SN = 4928
* Number of Bytes Per Scan = 40
* Number of Voltage Words = 5
* Number of Scans Averaged by the Deck Unit = 1
* NMEA Latitude = 61 10.81 N
* NMEA Longitude = 006 34.22 E
* NMEA UTC (Time) = Feb 14 2022 20:52:52
* NMEA baud rate = 4800
** Ship: R/V "Kristine Bonnevie"
** Station: 0197
** Echodepth: 807
** Log: 0777.926
** Wind-Dir/Force: 59 10
** Air-temp (dry): 4.4
** Weather Sky:
** Sea:
# nquan = 19                                
# nvalues = 820                         
# units = specified
# name 0 = scan: Scan Count
# name 1 = prDM: Pressure, Digiquartz [db]
# name 2 = t068C: Temperature [ITS-68, deg C]
# name 3 = t168C: Temperature, 2 [ITS-68, deg C]
# name 4 = c0S/m: Conductivity [S/m]
# name 5 = c1S/m: Conductivity, 2 [S/m]
# name 6 = sbeox0V: Oxygen raw, SBE 43 [V]
# name 7 = flECO-AFL: Fluorescence, WET Labs ECO-AFL/FL [mg/m^3]
# name 8 = altM: Altimeter [m]
# name 9 = par: PAR/Irradiance, Biospherical/Licor
# name 10 = spar: SPAR/Surface Irradiance
# name 11 = CStarTr0: Beam Transmission, WET Labs C-Star [%]
# name 12 = sbeox0ML/L: Oxygen, SBE 43 [ml/l], WS = 2
# name 13 = sal00: Salinity, Practical [PSU]
# name 14 = sal11: Salinity, Practical, 2 [PSU]
# name 15 = sigma-t00: Density [sigma-t, Kg/m^3 ]
# name 16 = svCM: Sound Velocity [Chen-Millero, m/s]
# name 17 = avgsvCM: Average Sound Velocity [Chen-Millero, m/s], minP = 1, minS = 5
# name 18 = flag: flag
# span 0 =         14,      17933       
# span 1 =      2.000,    821.000       
# span 2 =     5.0809,    10.0519       
# span 3 =     5.0767,    10.0496       
# span 4 =   2.843675,   3.711921       
# span 5 =   2.843263,   3.713514       
# span 6 =     1.5959,     2.4766       
# span 7 =    -0.1026,     0.8418       
# span 8 =      16.42,     106.36       
# span 9 = 4.9445e-02, 7.0179e-01       
# span 10 = 0.0000e+00, 0.0000e+00      
# span 11 =    79.5483,    82.0546      
# span 12 =    4.06069,    7.21205      
# span 13 =    29.1627,    35.0181      
# span 14 =    29.1683,    35.0341      
# span 15 =    23.0400,    27.3625      
# span 16 =    1463.70,    1494.11      
# span 17 =    1463.74,    1488.04      
# span 18 = 0.0000e+00, 0.0000e+00      
# interval = decibars: 1                
# start_time = Feb 14 2022 20:52:54 [System UTC, header]
# bad_flag = -9.990e-29
*END*
[from data line 305]
       6518    307.000     7.7469     7.7455   3.608517   3.609892     1.9376    -0.0622      55.98 4.9499e-02 0.0000e+00    81.9303    4.97878    34.9693    34.9855    27.2877    1486.52    1484.55 0.0000e+00
       6539    308.000     7.7461     7.7445   3.608531   3.609906     1.9390    -0.0760      83.24 4.9479e-02 0.0000e+00    81.9413    4.97652    34.9697    34.9862    27.2882    1486.53    1484.55 0.0000e+00
       6560    309.000     7.7474     7.7456   3.608748   3.610101     1.9391    -0.0920      62.37 4.9492e-02 0.0000e+00    81.9234    4.97644    34.9703    34.9867    27.2885    1486.56    1484.56 0.0000e+00
       6581    310.000     7.7476     7.7460   3.608852   3.610219     1.9399    -0.0704      88.76 4.9512e-02 0.0000e+00    81.9494    4.98125    34.9707    34.9871    27.2888    1486.57    1484.57 0.0000e+00
       6602    311.000     7.7452     7.7437   3.608680   3.610054     1.9405    -0.0723      88.35 4.9479e-02 0.0000e+00    81.9444    4.98402    34.9708    34.9871    27.2892    1486.58    1484.57 0.0000e+00
       6624    312.000     7.7435     7.7420   3.608556   3.609930     1.9411    -0.0724      98.27 4.9502e-02 0.0000e+00    81.9275    4.98855    34.9707    34.9870    27.2893    1486.59    1484.58 0.0000e+00
       6645    313.000     7.7430     7.7414   3.608564   3.609941     1.9420    -0.0675      38.25 4.9499e-02 0.0000e+00    81.9345    4.99151    34.9708    34.9872    27.2895    1486.61    1484.59 0.0000e+00
       6666    314.000     7.7433     7.7417   3.608666   3.610041     1.9428    -0.0641      92.13 4.9492e-02 0.0000e+00    81.9231    4.99833    34.9711    34.9875    27.2897    1486.62    1484.59 0.0000e+00
       6687    315.000     7.7451     7.7433   3.608968   3.610338     1.9437    -0.0632      44.55 4.9472e-02 0.0000e+00    81.9430    4.99782    34.9721    34.9886    27.2902    1486.65    1484.60 0.0000e+00
       6708    316.000     7.7463     7.7446   3.609186   3.610551     1.9440    -0.0650      88.28 4.9490e-02 0.0000e+00    81.9345    4.98903    34.9727    34.9892    27.2905    1486.67    1484.61 0.0000e+00
       6730    317.000     7.7446     7.7430   3.609064   3.610434     1.9437    -0.0661      60.02 4.9472e-02 0.0000e+00    81.9312    4.99159    34.9726    34.9890    27.2907    1486.68    1484.61 0.0000e+00
       6752    318.000     7.7421     7.7407   3.608859   3.610247     1.9442    -0.0719      90.39 4.9490e-02 0.0000e+00    81.9406    5.00357    34.9724    34.9888    27.2909    1486.69    1484.62 0.0000e+00
       6773    319.000     7.7408     7.7392   3.608778   3.610153     1.9452    -0.0728      64.47 4.9479e-02 0.0000e+00    81.9490    5.01021    34.9724    34.9888    27.2911    1486.70    1484.63 0.0000e+00
       6795    320.000     7.7410     7.7394   3.608853   3.610233     1.9463    -0.0752      90.47 4.9509e-02 0.0000e+00    81.9507    5.01540    34.9725    34.9890    27.2911    1486.72    1484.63 0.0000e+00
       6816    321.000     7.7419     7.7402   3.609021   3.610394     1.9472    -0.0985      74.40 4.9512e-02 0.0000e+00    81.9412    5.01312    34.9729    34.9895    27.2913    1486.74    1484.64 0.0000e+00
       6837    322.000     7.7436     7.7420   3.609300   3.610685     1.9474    -0.0787      92.07 4.9464e-02 0.0000e+00    81.9318    5.00303    34.9738    34.9903    27.2917    1486.76    1484.65 0.0000e+00
       6859    323.000     7.7454     7.7437   3.609563   3.610942     1.9467    -0.0637      75.35 4.9485e-02 0.0000e+00    81.9249    5.00278    34.9743    34.9909    27.2919    1486.78    1484.65 0.0000e+00
       6880    324.000     7.7465     7.7450   3.609745   3.611138     1.9474    -0.0747      91.46 4.9492e-02 0.0000e+00    81.9455    5.01686    34.9747    34.9912    27.2920    1486.81    1484.66 0.0000e+00
       6901    325.000     7.7466     7.7450   3.609840   3.611219     1.9479    -0.0902      82.22 4.9472e-02 0.0000e+00    81.9275    5.01474    34.9751    34.9916    27.2924    1486.82    1484.67 0.0000e+00
       6922    326.000     7.7464     7.7447   3.609900   3.611279     1.9485    -0.0671      91.25 4.9502e-02 0.0000e+00    81.9358    5.02898    34.9755    34.9921    27.2927    1486.84    1484.67 0.0000e+00
       6944    327.000     7.7461     7.7445   3.609937   3.611324     1.9502    -0.0721      85.86 4.9492e-02 0.0000e+00    81.9232    5.04185    34.9757    34.9923    27.2929    1486.85    1484.68 0.0000e+00
       6965    328.000     7.7461     7.7445   3.610004   3.611397     1.9519    -0.0918      92.04 4.9512e-02 0.0000e+00    81.9245    5.04732    34.9759    34.9926    27.2931    1486.87    1484.69 0.0000e+00
       6986    329.000     7.7458     7.7443   3.610093   3.611475     1.9535    -0.0875      98.70 4.9518e-02 0.0000e+00    81.8629    5.05201    34.9767    34.9931    27.2938    1486.89    1484.69 0.0000e+00
       7007    330.000     7.7457     7.7442   3.610150   3.611531     1.9550    -0.0735      53.24 4.9485e-02 0.0000e+00    81.9214    5.05822    34.9770    34.9934    27.2939    1486.90    1484.70 0.0000e+00
       7028    331.000     7.7456     7.7440   3.610204   3.611579     1.9565    -0.0719      82.24 4.9505e-02 0.0000e+00    81.9144    5.06165    34.9772    34.9936    27.2941    1486.92    1484.71 0.0000e+00
       7049    332.000     7.7456     7.7440   3.610256   3.611632     1.9579    -0.0687      67.89 4.9505e-02 0.0000e+00    81.9190    5.06350    34.9772    34.9937    27.2942    1486.94    1484.71 0.0000e+00
       7070    333.000     7.7457     7.7440   3.610306   3.611680     1.9587    -0.0951      70.38 4.9498e-02 0.0000e+00    81.9227    5.06596    34.9772    34.9937    27.2941    1486.95    1484.72 0.0000e+00
       7091    334.000     7.7455     7.7439   3.610359   3.611739     1.9599    -0.1026      74.87 4.9505e-02 0.0000e+00    81.9228    5.07478    34.9775    34.9940    27.2944    1486.97    1484.73 0.0000e+00
       7111    335.000     7.7454     7.7437   3.610412   3.611797     1.9615    -0.0925      79.61 4.9488e-02 0.0000e+00    81.9101    5.07801    34.9777    34.9943    27.2946    1486.99    1484.73 0.0000e+00
       7132    336.000     7.7452     7.7436   3.610453   3.611836     1.9620    -0.0966      84.35 4.9505e-02 0.0000e+00    81.9072    5.07305    34.9778    34.9944    27.2947    1487.00    1484.74 0.0000e+00
       7153    337.000     7.7450     7.7433   3.610507   3.611881     1.9625    -0.0998      78.62 4.9519e-02 0.0000e+00    81.9036    5.07279    34.9781    34.9947    27.2950    1487.02    1484.75 0.0000e+00
       7174    338.000     7.7451     7.7434   3.610552   3.611927     1.9628    -0.0787      90.75 4.9459e-02 0.0000e+00    81.9080    5.07290    34.9780    34.9946    27.2949    1487.03    1484.75 0.0000e+00
       7195    339.000     7.7450     7.7433   3.610603   3.611978     1.9629    -0.0688      82.27 4.9499e-02 0.0000e+00    81.9098    5.07515    34.9782    34.9947    27.2950    1487.05    1484.76 0.0000e+00
       7216    340.000     7.7448     7.7432   3.610633   3.612018     1.9637    -0.0747      94.53 4.9465e-02 0.0000e+00    81.8880    5.08060    34.9782    34.9948    27.2951    1487.07    1484.77 0.0000e+00
       7237    341.000     7.7445     7.7429   3.610676   3.612054     1.9639    -0.0894      84.41 4.9519e-02 0.0000e+00    81.9213    5.08338    34.9785    34.9950    27.2954    1487.08    1484.77 0.0000e+00
       7259    342.000     7.7443     7.7428   3.610716   3.612095     1.9647    -0.0654      98.17 4.9470e-02 0.0000e+00    81.9059    5.08498    34.9787    34.9951    27.2955    1487.10    1484.78 0.0000e+00
       7280    343.000     7.7442     7.7427   3.610762   3.612147     1.9648    -0.0644      95.68 4.9492e-02 0.0000e+00    81.9212    5.08410    34.9788    34.9952    27.2956    1487.11    1484.79 0.0000e+00
       7302    344.000     7.7439     7.7424   3.610794   3.612172     1.9655    -0.0753      28.73 4.9477e-02 0.0000e+00    81.9030    5.08860    34.9789    34.9953    27.2958    1487.13    1484.79 0.0000e+00
       7323    345.000     7.7434     7.7418   3.610815   3.612199     1.9658    -0.0844      96.87 4.9505e-02 0.0000e+00    81.9213    5.08912    34.9792    34.9957    27.2960    1487.14    1484.80 0.0000e+00
       7344    346.000     7.7432     7.7416   3.610862   3.612248     1.9659    -0.0589      29.69 4.9485e-02 0.0000e+00    81.9296    5.08852    34.9794    34.9960    27.2962    1487.16    1484.81 0.0000e+00
       7366    347.000     7.7428     7.7412   3.610896   3.612279     1.9662    -0.0641      52.37 4.9483e-02 0.0000e+00    81.9358    5.09301    34.9797    34.9962    27.2965    1487.18    1484.81 0.0000e+00
       7387    348.000     7.7424     7.7408   3.610920   3.612298     1.9670    -0.0702      24.69 4.9485e-02 0.0000e+00    81.9342    5.09618    34.9799    34.9963    27.2967    1487.19    1484.82 0.0000e+00
       7408    349.000     7.7421     7.7405   3.610938   3.612331     1.9670    -0.0675      99.12 4.9502e-02 0.0000e+00    81.9225    5.09524    34.9799    34.9965    27.2968    1487.21    1484.83 0.0000e+00
       7428    350.000     7.7417     7.7401   3.610969   3.612353     1.9676    -0.0762      47.59 4.9485e-02 0.0000e+00    81.9087    5.09945    34.9801    34.9967    27.2970    1487.22    1484.83 0.0000e+00
       7449    351.000     7.7414     7.7398   3.610994   3.612375     1.9678    -0.0909      94.32 4.9479e-02 0.0000e+00    81.9274    5.10124    34.9802    34.9967    27.2972    1487.24    1484.84 0.0000e+00
       7469    352.000     7.7399     7.7383   3.610916   3.612287     1.9683    -0.0670      54.17 4.9488e-02 0.0000e+00    81.9219    5.10037    34.9804    34.9968    27.2975    1487.25    1484.85 0.0000e+00
       7490    353.000     7.7385     7.7369   3.610824   3.612204     1.9682    -0.0642      87.08 4.9488e-02 0.0000e+00    81.9336    5.09717    34.9803    34.9968    27.2977    1487.26    1484.85 0.0000e+00
       7510    354.000     7.7381     7.7366   3.610861   3.612256     1.9680    -0.0826      98.53 4.9492e-02 0.0000e+00    81.9386    5.09800    34.9806    34.9972    27.2980    1487.27    1484.86 0.0000e+00
       7531    355.000     7.7384     7.7368   3.610961   3.612340     1.9681    -0.0873      95.92 4.9459e-02 0.0000e+00    81.9229    5.10069    34.9809    34.9974    27.2982    1487.29    1484.87 0.0000e+00
       7551    356.000     7.7386     7.7370   3.611030   3.612398     1.9682    -0.0698      94.25 4.9494e-02 0.0000e+00    81.9305    5.09790    34.9810    34.9974    27.2982    1487.31    1484.88 0.0000e+00
       7572    357.000     7.7384     7.7368   3.611050   3.612443     1.9677    -0.0663      26.49 4.9512e-02 0.0000e+00    81.9395    5.09419    34.9809    34.9976    27.2982    1487.33    1484.88 0.0000e+00
       7593    358.000     7.7378     7.7363   3.611054   3.612441     1.9675    -0.0723      98.56 4.9499e-02 0.0000e+00    81.9568    5.09446    34.9811    34.9976    27.2984    1487.34    1484.89 0.0000e+00
       7614    359.000     7.7379     7.7363   3.611111   3.612487     1.9669    -0.0812      26.49 4.9495e-02 0.0000e+00    81.9549    5.09453    34.9811    34.9976    27.2984    1487.36    1484.90 0.0000e+00
       7634    360.000     7.7379     7.7363   3.611168   3.612546     1.9669    -0.0887      98.77 4.9471e-02 0.0000e+00    81.9616    5.09450    34.9813    34.9977    27.2985    1487.37    1484.90 0.0000e+00
       7655    361.000     7.7378     7.7362   3.611202   3.612589     1.9662    -0.0696      48.90 4.9481e-02 0.0000e+00    81.9733    5.09115    34.9813    34.9978    27.2985    1487.39    1484.91 0.0000e+00
       7676    362.000     7.7375     7.7360   3.611226   3.612609     1.9661    -0.0910      93.49 4.9479e-02 0.0000e+00    81.9668    5.09594    34.9813    34.9978    27.2986    1487.40    1484.92 0.0000e+00
       7697    363.000     7.7376     7.7360   3.611291   3.612668     1.9661    -0.0921      57.19 4.9499e-02 0.0000e+00    81.9675    5.09718    34.9814    34.9979    27.2987    1487.42    1484.92 0.0000e+00
       7718    364.000     7.7381     7.7365   3.611431   3.612809     1.9660    -0.0787      95.36 4.9479e-02 0.0000e+00    81.9849    5.09857    34.9820    34.9984    27.2990    1487.44    1484.93 0.0000e+00
       7739    365.000     7.7371     7.7356   3.611436   3.612819     1.9661    -0.0593      73.43 4.9515e-02 0.0000e+00    81.9784    5.10074    34.9825    34.9990    27.2996    1487.45    1484.94 0.0000e+00
       7759    366.000     7.7367     7.7352   3.611459   3.612851     1.9662    -0.0612      92.38 4.9498e-02 0.0000e+00    81.9776    5.09893    34.9827    34.9992    27.2998    1487.47    1484.94 0.0000e+00
       7780    367.000     7.7364     7.7348   3.611480   3.612866     1.9659    -0.0606      88.73 4.9505e-02 0.0000e+00    81.9740    5.10061    34.9828    34.9993    27.2999    1487.48    1484.95 0.0000e+00
       7801    368.000     7.7364     7.7348   3.611540   3.612917     1.9663    -0.0619      98.80 4.9515e-02 0.0000e+00    81.9684    5.10540    34.9829    34.9994    27.3000    1487.50    1484.96 0.0000e+00
       7821    369.000     7.7364     7.7348   3.611607   3.612976     1.9664    -0.0727      98.25 4.9501e-02 0.0000e+00    81.9567    5.10846    34.9832    34.9995    27.3002    1487.52    1484.96 0.0000e+00
       7841    370.000     7.7348     7.7332   3.611495   3.612878     1.9670    -0.0892      98.80 4.9485e-02 0.0000e+00    81.9620    5.10891    34.9831    34.9996    27.3004    1487.53    1484.97 0.0000e+00
       7862    371.000     7.7330     7.7314   3.611383   3.612772     1.9670    -0.0635      98.06 4.9522e-02 0.0000e+00    81.9743    5.10972    34.9832    34.9998    27.3007    1487.54    1484.98 0.0000e+00
       7882    372.000     7.7324     7.7308   3.611395   3.612766     1.9673    -0.0861      82.96 4.9473e-02 0.0000e+00    81.9541    5.11015    34.9834    34.9998    27.3010    1487.55    1484.99 0.0000e+00
       7902    373.000     7.7322     7.7306   3.611418   3.612802     1.9673    -0.0867      78.36 4.9505e-02 0.0000e+00    81.9808    5.11108    34.9834    34.9999    27.3010    1487.57    1484.99 0.0000e+00
       7922    374.000     7.7324     7.7306   3.611509   3.612874     1.9675    -0.0817      95.39 4.9481e-02 0.0000e+00    81.9780    5.11112    34.9837    35.0002    27.3012    1487.59    1485.00 0.0000e+00
       7943    375.000     7.7333     7.7317   3.611663   3.613044     1.9672    -0.0599      80.51 4.9488e-02 0.0000e+00    81.9768    5.10448    34.9840    35.0005    27.3013    1487.61    1485.01 0.0000e+00
       7963    376.000     7.7335     7.7319   3.611733   3.613102     1.9668    -0.0702      70.16 4.9488e-02 0.0000e+00    81.9901    5.10423    34.9841    35.0004    27.3013    1487.62    1485.01 0.0000e+00
       7983    377.000     7.7331     7.7315   3.611735   3.613104     1.9666    -0.0718      55.45 4.9499e-02 0.0000e+00    81.9685    5.10590    34.9840    35.0004    27.3013    1487.64    1485.02 0.0000e+00
       8003    378.000     7.7319     7.7303   3.611666   3.613040     1.9663    -0.0725      95.94 4.9467e-02 0.0000e+00    81.9680    5.10720    34.9840    35.0004    27.3015    1487.65    1485.03 0.0000e+00
       8024    379.000     7.7310     7.7295   3.611640   3.613018     1.9662    -0.0770      94.13 4.9492e-02 0.0000e+00    81.9432    5.10849    34.9841    35.0005    27.3017    1487.66    1485.03 0.0000e+00
       8045    380.000     7.7305     7.7289   3.611640   3.613016     1.9663    -0.0681      96.06 4.9505e-02 0.0000e+00    81.9714    5.11217    34.9841    35.0006    27.3018    1487.68    1485.04 0.0000e+00
       8065    381.000     7.7295     7.7280   3.611611   3.612998     1.9663    -0.0886      96.20 4.9508e-02 0.0000e+00    81.9757    5.11107    34.9843    35.0008    27.3021    1487.69    1485.05 0.0000e+00
