_data/ctd/2022603/sta0188.cnv
* Sea-Bird SBE 9 Data File:
* FileName = C:\Seabird\CTDData\sta0188.hex
* Software Version Seasave V 7.21f
* Temperature SN = 6264
* Conductivity SN = 4928
* Number of Bytes Per Scan = 40
* Number of Voltage Words = 5
* Number of Scans Averaged by the Deck Unit = 1
* NMEA Latitude = 61 16.08 N
* NMEA Longitude = 006 38.01 E
* NMEA UTC (Time) = Feb 14 2022 15:22:34
* NMEA baud rate = 4800
** Ship: R/V "Kristine Bonnevie"
** Station: 0188
** Echodepth: 228
** Log: 0752.558
** Wind-Dir/Force: 26 05
** Air-temp (dry): 3.0
** Weather Sky:
** Sea:
** F08
# nquan = 19                                
# nvalues = 216                         
# units = specified
# name 0 = scan: Scan Count
# name 1 = prDM: Pressure, Digiquartz [db]
# name 2 = t068C: Temperature [ITS-68, deg C]
# name 3 = t168C: Temperature, 2 [ITS-68, deg C]
# name 4 = c0S/m: Conductivity [S/m]
# name 5 = c1S/m: Conductivity, 2 [S/m]
# name 6 = sbeox0V: Oxygen raw, SBE 43 [V]
# name 7 = flECO-AFL: Fluorescence, WET Labs ECO-AFL/FL [mg/m^3]
# name 8 = altM: Altimeter [m]
# name 9 = par: PAR/Irradiance, Biospherical/Licor
# name 10 = spar: SPAR/Surface Irradiance
# name 11 = CStarTr0: Beam Transmission, WET Labs C-Star [%]
# name 12 = sbeox0ML/L: Oxygen, SBE 43 [ml/l], WS = 2
# name 13 = sal00: Salinity, Practical [PSU]
# name 14 = sal11: Salinity, Practical, 2 [PSU]
# name 15 = sigma-t00: Density [sigma-t, Kg/m^3 ]
# name 16 = svCM: Sound Velocity [Chen-Millero, m/s]
# name 17 = avgsvCM: Average Sound Velocity [Chen-Millero, m/s], minP = 1, minS = 5
# name 18 = flag: flag
# span 0 =        459,       5277       
# span 1 =      2.000,    217.000       
# span 2 =     4.2405,    10.1072       
# span 3 =     4.2572,    10.1044       
# span 4 =   2.702545,   3.712162       
# span 5 =   2.705778,   3.713826       
# span 6 =     1.8754,     2.4828       
# span 7 =    -0.0987,     0.8467       
# span 8 =      11.61,      99.08       
# span 9 = 4.9452e-02, 1.1832e+01       
# span 10 = 2.5983e+01, 2.5983e+01      
# span 11 =    77.2047,    81.8501      
# span 12 =    4.64689,    7.44347      
# span 13 =    28.2882,    34.9294      
# span 14 =    28.3110,    34.9459      
# span 15 =    22.4304,    27.2416      
# span 16 =    1459.04,    1489.23      
# span 17 =    1459.04,    1483.60      
# span 18 = 0.0000e+00, 0.0000e+00      
# interval = decibars: 1                
# start_time = Feb 14 2022 15:22:36 [System UTC, header]
# bad_flag = -9.990e-29
*END*
[from data line 77]
       2228     79.000     8.7973     8.7998   3.653657   3.655053     2.1054 -9.990e-29      98.84 4.9477e-02 2.5983e+01    78.8833    5.22219    34.5220    34.5343    26.7764    1486.15    1480.68 0.0000e+00
       2249     80.000     8.7064     8.7085   3.644737   3.646101     2.1019 -9.990e-29      85.91 4.9489e-02 2.5983e+01    79.0339    5.22574    34.5162    34.5285    26.7861    1485.83    1480.75 0.0000e+00
       2271     81.000     8.6939     8.6920   3.644395   3.645811     2.0986 -9.990e-29      98.66 4.9465e-02 2.5983e+01    79.1475    5.21146    34.5243    34.5411    26.7944    1485.81    1480.81 0.0000e+00
       2293     82.000     8.6640     8.6643   3.641917   3.643304     2.0942    -0.0558      86.36 4.9479e-02 2.5983e+01    79.2742    5.17273    34.5269    34.5412    26.8011    1485.72    1480.87 0.0000e+00
       2315     83.000     8.6447     8.6434   3.640806   3.642212     2.0858    -0.0782      98.93 4.9458e-02 2.5983e+01    79.3613    5.11408    34.5335    34.5496    26.8093    1485.67    1480.93 0.0000e+00
       2337     84.000     8.6286     8.6284   3.640363   3.641802     2.0758    -0.0717      86.54 4.9481e-02 2.5983e+01    79.4933    5.07389    34.5441    34.5595    26.8201    1485.64    1480.98 0.0000e+00
       2359     85.000     8.6056     8.6055   3.639207   3.640649     2.0651    -0.0602      98.51 4.9471e-02 2.5983e+01    79.6003    5.03822    34.5539    34.5692    26.8314    1485.58    1481.04 0.0000e+00
       2381     86.000     8.5700     8.5700   3.636341   3.637770     2.0549    -0.0600      83.60 4.9477e-02 2.5983e+01    79.7596    5.02392    34.5579    34.5731    26.8401    1485.47    1481.09 0.0000e+00
       2404     87.000     8.5714     8.5694   3.637303   3.638739     2.0464    -0.0613      98.68 4.9477e-02 2.5983e+01    79.9094    5.01455    34.5663    34.5834    26.8464    1485.50    1481.14 0.0000e+00
       2426     88.000     8.5532     8.5523   3.636310   3.637720     2.0394    -0.0600      76.57 4.9490e-02 2.5983e+01    80.0494    4.99977    34.5731    34.5889    26.8546    1485.46    1481.19 0.0000e+00
       2448     89.000     8.5473     8.5461   3.636578   3.637976     2.0320    -0.0838      52.33 4.9469e-02 2.5983e+01    80.2180    4.97870    34.5813    34.5972    26.8619    1485.46    1481.24 0.0000e+00
       2471     90.000     8.5314     8.5303   3.635142   3.636571     2.0252    -0.0667      97.63 4.9475e-02 2.5983e+01    80.4310    4.96944    34.5811    34.5974    26.8643    1485.42    1481.28 0.0000e+00
       2493     91.000     8.5238     8.5230   3.634715   3.636159     2.0203    -0.0559      94.91 4.9465e-02 2.5983e+01    80.6502    4.97443    34.5836    34.5997    26.8674    1485.41    1481.33 0.0000e+00
       2515     92.000     8.5107     8.5096   3.634284   3.635702     2.0165    -0.0571      98.12 4.9475e-02 2.5983e+01    80.8467    4.96865    34.5914    34.6075    26.8755    1485.39    1481.37 0.0000e+00
       2537     93.000     8.5056     8.5044   3.634371   3.635793     2.0126    -0.0626      87.42 4.9508e-02 2.5983e+01    81.0619    4.95284    34.5968    34.6131    26.8806    1485.39    1481.42 0.0000e+00
       2559     94.000     8.4942     8.4933   3.633645   3.635065     2.0081    -0.0893      98.40 4.9485e-02 2.5983e+01    81.2675    4.93701    34.5998    34.6158    26.8847    1485.37    1481.46 0.0000e+00
       2581     95.000     8.4803     8.4793   3.632901   3.634317     2.0040    -0.0596      87.34 4.9490e-02 2.5983e+01    81.4115    4.93870    34.6051    34.6211    26.8910    1485.34    1481.50 0.0000e+00
       2603     96.000     8.4706     8.4692   3.632687   3.634091     2.0017    -0.0625      98.40 4.9496e-02 2.5983e+01    81.4789    4.94313    34.6119    34.6282    26.8978    1485.33    1481.54 0.0000e+00
       2625     97.000     8.4656     8.4641   3.633131   3.634535     1.9994 -9.990e-29      84.43 4.9509e-02 2.5983e+01    81.5063    4.93563    34.6210    34.6374    26.9058    1485.34    1481.58 0.0000e+00
       2646     98.000     8.4541     8.4531   3.633289   3.634692     1.9968 -9.990e-29      98.78 4.9478e-02 2.5983e+01    81.4979    4.92630    34.6335    34.6494    26.9173    1485.33    1481.62 0.0000e+00
       2668     99.000     8.4454     8.4440   3.633227   3.634632     1.9945 -9.990e-29      83.82 4.9503e-02 2.5983e+01    81.5240    4.92836    34.6409    34.6572    26.9245    1485.32    1481.65 0.0000e+00
       2690    100.000     8.4399     8.4385   3.633091   3.634501     1.9933 -9.990e-29      98.58 4.9477e-02 2.5983e+01    81.5682    4.94945    34.6444    34.6608    26.9281    1485.32    1481.69 0.0000e+00
       2711    101.000     8.4196     8.4192   3.631591   3.632994     1.9947    -0.0602      74.61 4.9485e-02 2.5983e+01    81.5989    4.98084    34.6480    34.6633    26.9340    1485.27    1481.72 0.0000e+00
       2733    102.000     8.4093     8.4078   3.631107   3.632511     1.9975    -0.0810      98.48 4.9483e-02 2.5983e+01    81.6453    4.99541    34.6525    34.6689    26.9391    1485.25    1481.76 0.0000e+00
       2754    103.000     8.4068     8.4049   3.631452   3.632853     2.0002    -0.0739      98.65 4.9515e-02 2.5983e+01    81.6667    4.99299    34.6581    34.6749    26.9439    1485.26    1481.79 0.0000e+00
       2776    104.000     8.4082     8.4066   3.632255   3.633659     2.0005    -0.0586      22.18 4.9479e-02 2.5983e+01    81.6729    4.97559    34.6648    34.6813    26.9489    1485.29    1481.83 0.0000e+00
       2798    105.000     8.4055     8.4040   3.632807   3.634211     2.0002    -0.0637      95.80 4.9483e-02 2.5983e+01    81.6573    4.97002    34.6729    34.6892    26.9557    1485.31    1481.86 0.0000e+00
       2819    106.000     8.4024     8.4007   3.633180   3.634586     1.9995    -0.0655      98.79 4.9483e-02 2.5983e+01    81.6843    4.97104    34.6794    34.6960    26.9613    1485.32    1481.89 0.0000e+00
       2841    107.000     8.3963     8.3950   3.632889   3.634282     1.9996    -0.0631      75.35 4.9472e-02 2.5983e+01    81.6886    4.98525    34.6818    34.6979    26.9641    1485.32    1481.92 0.0000e+00
       2863    108.000     8.3858     8.3846   3.632180   3.633575     2.0012    -0.0799      68.11 4.9496e-02 2.5983e+01    81.7005    5.01292    34.6841    34.7002    26.9676    1485.30    1481.96 0.0000e+00
       2885    109.000     8.3725     8.3718   3.631016   3.632409     2.0045    -0.0770      73.61 4.9515e-02 2.5983e+01    81.6914    5.03241    34.6844    34.6999    26.9698    1485.27    1481.99 0.0000e+00
       2906    110.000     8.3435     8.3431   3.628572   3.629963     2.0075    -0.0629      69.08 4.9492e-02 2.5983e+01    81.7004    5.03536    34.6865    34.7017    26.9759    1485.18    1482.01 0.0000e+00
       2928    111.000     8.3435     8.3410   3.629133   3.630551     2.0085    -0.0628      74.70 4.9483e-02 2.5983e+01    81.7092    5.01583    34.6920    34.7095    26.9802    1485.20    1482.04 0.0000e+00
       2949    112.000     8.3492     8.3478   3.630216   3.631578     2.0077    -0.0970      70.14 4.9483e-02 2.5983e+01    81.6805    4.98159    34.6974    34.7133    26.9836    1485.25    1482.07 0.0000e+00
       2971    113.000     8.3400     8.3382   3.630290   3.631668     2.0035    -0.0667      68.99 4.9485e-02 2.5983e+01    81.6505    4.94323    34.7068    34.7232    26.9924    1485.24    1482.10 0.0000e+00
       2992    114.000     8.3357     8.3345   3.630612   3.632017     1.9986    -0.0631      64.77 4.9464e-02 2.5983e+01    81.6570    4.93754    34.7140    34.7301    26.9987    1485.25    1482.13 0.0000e+00
       3014    115.000     8.3294     8.3280   3.630417   3.631815     1.9959    -0.0713      63.46 4.9485e-02 2.5983e+01    81.6839    4.95569    34.7176    34.7339    27.0025    1485.25    1482.15 0.0000e+00
       3036    116.000     8.3216     8.3204   3.630305   3.631692     1.9953    -0.0670      56.39 4.9483e-02 2.5983e+01    81.7616    4.98112    34.7237    34.7396    27.0084    1485.24    1482.18 0.0000e+00
       3057    117.000     8.3004     8.3000   3.629028   3.630401     1.9968    -0.0697      64.02 4.9479e-02 2.5983e+01    81.7942    5.00279    34.7305    34.7455    27.0170    1485.19    1482.21 0.0000e+00
       3078    118.000     8.2827     8.2813   3.628034   3.629426     1.9984    -0.0732      51.89 4.9499e-02 2.5983e+01    81.8106    5.00898    34.7369    34.7531    27.0248    1485.14    1482.23 0.0000e+00
       3100    119.000     8.2866     8.2843   3.628703   3.630111     1.9999    -0.0717      97.90 4.9470e-02 2.5983e+01    81.8111    5.00721    34.7397    34.7570    27.0264    1485.18    1482.26 0.0000e+00
       3121    120.000     8.2978     8.2956   3.630184   3.631597     2.0001    -0.0668      89.79 4.9479e-02 2.5983e+01    81.7810    4.99139    34.7439    34.7612    27.0280    1485.24    1482.28 0.0000e+00
       3142    121.000     8.2939     8.2924   3.630125   3.631522     1.9992    -0.0689      96.36 4.9499e-02 2.5983e+01    81.7725    4.98216    34.7467    34.7631    27.0307    1485.25    1482.31 0.0000e+00
       3164    122.000     8.2881     8.2867   3.629798   3.631201     1.9984    -0.0666      89.50 4.9496e-02 2.5983e+01    81.7737    4.98833    34.7485    34.7648    27.0330    1485.24    1482.33 0.0000e+00
       3185    123.000     8.2836     8.2822   3.629514   3.630915     1.9987    -0.0933      95.98 4.9508e-02 2.5983e+01    81.7842    5.01449    34.7494    34.7657    27.0344    1485.24    1482.35 0.0000e+00
       3207    124.000     8.2815     8.2798   3.629430   3.630818     2.0015    -0.0921      91.55 4.9453e-02 2.5983e+01    81.8047    5.03837    34.7501    34.7666    27.0353    1485.25    1482.38 0.0000e+00
       3228    125.000     8.2785     8.2772   3.629337   3.630733     2.0043    -0.0766      96.47 4.9477e-02 2.5983e+01    81.8072    5.04384    34.7516    34.7678    27.0369    1485.26    1482.40 0.0000e+00
       3250    126.000     8.2680     8.2667   3.628818   3.630208     2.0064    -0.0672      90.60 4.9472e-02 2.5983e+01    81.8335    5.04191    34.7560    34.7721    27.0420    1485.24    1482.42 0.0000e+00
       3271    127.000     8.2636     8.2620   3.628772   3.630175     2.0073    -0.0631      95.90 4.9492e-02 2.5983e+01    81.8348    5.03608    34.7593    34.7759    27.0453    1485.25    1482.44 0.0000e+00
       3292    128.000     8.2585     8.2572   3.628917   3.630314     2.0078    -0.0675      88.45 4.9485e-02 2.5983e+01    81.8501    5.03401    34.7654    34.7816    27.0509    1485.25    1482.47 0.0000e+00
       3313    129.000     8.2432     8.2426   3.627554   3.628933     2.0078    -0.0674      93.56 4.9465e-02 2.5983e+01    81.8198    5.02758    34.7656    34.7809    27.0533    1485.21    1482.49 0.0000e+00
       3334    130.000     8.2273     8.2261   3.626546   3.627946     2.0071    -0.0661      95.80 4.9492e-02 2.5983e+01    81.8303    5.02417    34.7700    34.7862    27.0592    1485.17    1482.51 0.0000e+00
       3355    131.000     8.2257     8.2240   3.626870   3.628252     2.0061    -0.0759      96.51 4.9485e-02 2.5983e+01    81.7945    5.01144    34.7746    34.7910    27.0630    1485.19    1482.53 0.0000e+00
       3375    132.000     8.2249     8.2231   3.626957   3.628343     2.0040    -0.0741      92.41 4.9467e-02 2.5983e+01    81.7949    4.98887    34.7758    34.7924    27.0641    1485.21    1482.55 0.0000e+00
       3397    133.000     8.2205     8.2190   3.626859   3.628264     2.0005    -0.0673      91.28 4.9486e-02 2.5983e+01    81.8108    4.97050    34.7787    34.7952    27.0670    1485.21    1482.57 0.0000e+00
       3417    134.000     8.2175     8.2161   3.626893   3.628293     1.9973    -0.0935      98.22 4.9490e-02 2.5983e+01    81.7867    4.97162    34.7815    34.7979    27.0697    1485.22    1482.59 0.0000e+00
       3438    135.000     8.2133     8.2117   3.626902   3.628297     1.9951    -0.0950      62.16 4.9474e-02 2.5983e+01    81.8032    4.97664    34.7853    34.8018    27.0733    1485.22    1482.61 0.0000e+00
       3459    136.000     8.2086     8.2074   3.626837   3.628226     1.9937    -0.0919      68.33 4.9465e-02 2.5983e+01    81.7986    4.97446    34.7888    34.8048    27.0768    1485.23    1482.63 0.0000e+00
       3480    137.000     8.2015     8.2001   3.626669   3.628065     1.9922    -0.0780      61.85 4.9471e-02 2.5983e+01    81.7954    4.97779    34.7935    34.8098    27.0816    1485.22    1482.65 0.0000e+00
       3502    138.000     8.1965     8.1951   3.626593   3.627980     1.9915    -0.0936      62.45 4.9453e-02 2.5983e+01    81.8083    4.98810    34.7972    34.8134    27.0852    1485.22    1482.66 0.0000e+00
       3522    139.000     8.1918     8.1903   3.626385   3.627783     1.9920    -0.0665      68.23 4.9479e-02 2.5983e+01    81.8178    4.99426    34.7991    34.8156    27.0875    1485.23    1482.68 0.0000e+00
       3543    140.000     8.1890     8.1875   3.626252   3.627654     1.9920    -0.0707      33.17 4.9518e-02 2.5983e+01    81.8244    4.99299    34.8000    34.8165    27.0886    1485.23    1482.70 0.0000e+00
       3564    141.000     8.1813     8.1802   3.625800   3.627202     1.9920    -0.0741      43.33 4.9494e-02 2.5983e+01    81.8319    4.99441    34.8023    34.8184    27.0916    1485.22    1482.72 0.0000e+00
       3584    142.000     8.1727     8.1715   3.625347   3.626738     1.9921    -0.0752      87.98 4.9499e-02 2.5983e+01    81.8061    4.99760    34.8055    34.8216    27.0954    1485.21    1482.74 0.0000e+00
       3605    143.000     8.1657     8.1643   3.624957   3.626347     1.9921    -0.0723      47.66 4.9479e-02 2.5983e+01    81.8194    4.99286    34.8078    34.8241    27.0982    1485.20    1482.75 0.0000e+00
       3626    144.000     8.1609     8.1594   3.624668   3.626055     1.9913    -0.0789      80.65 4.9479e-02 2.5983e+01    81.8235    4.98297    34.8090    34.8253    27.0999    1485.20    1482.77 0.0000e+00
       3646    145.000     8.1543     8.1531   3.624266   3.625670     1.9899    -0.0647      63.17 4.9501e-02 2.5983e+01    81.7471    4.97047    34.8108    34.8270    27.1023    1485.20    1482.79 0.0000e+00
       3667    146.000     8.1467     8.1456   3.623756   3.625145     1.9878    -0.0708      77.44 4.9465e-02 2.5983e+01    81.7405    4.95408    34.8124    34.8283    27.1047    1485.19    1482.80 0.0000e+00
       3688    147.000     8.1265     8.1259   3.622304   3.623688     1.9848    -0.0680      63.13 4.9459e-02 2.5983e+01    81.7748    4.94029    34.8164    34.8318    27.1109    1485.13    1482.82 0.0000e+00
       3708    148.000     8.1219     8.1203   3.622164   3.623555     1.9816    -0.0681      72.86 4.9487e-02 2.5983e+01    81.7597    4.92348    34.8190    34.8355    27.1136    1485.13    1482.83 0.0000e+00
       3729    149.000     8.1213     8.1196   3.622171   3.623557     1.9771    -0.0727      72.45 4.9485e-02 2.5983e+01    81.7030    4.89033    34.8192    34.8357    27.1139    1485.15    1482.85 0.0000e+00
       3750    150.000     8.1182     8.1167   3.622035   3.623433     1.9711    -0.0885      12.88 4.9505e-02 2.5983e+01    81.6549    4.85143    34.8203    34.8368    27.1152    1485.16    1482.87 0.0000e+00
       3771    151.000     8.1126     8.1112   3.621827   3.623214     1.9638    -0.0871      65.42 4.9515e-02 2.5983e+01    81.6111    4.82474    34.8232    34.8394    27.1183    1485.15    1482.88 0.0000e+00
       3791    152.000     8.1087     8.1073   3.621661   3.623057     1.9568    -0.0682      56.84 4.9496e-02 2.5983e+01    81.6323    4.81037    34.8248    34.8411    27.1202    1485.16    1482.90 0.0000e+00
       3812    153.000     8.1072     8.1056   3.621626   3.623026     1.9509    -0.0700      80.28 4.9481e-02 2.5983e+01    81.5705    4.80682    34.8254    34.8420    27.1209    1485.17    1482.91 0.0000e+00
