_data/ctd/2022603/sta0220.cnv
* Sea-Bird SBE 9 Data File:
* FileName = C:\Seabird\CTDData\sta0220.hex
* Software Version Seasave V 7.21f
* Temperature SN = 6264
* Conductivity SN = 4928
* Number of Bytes Per Scan = 40
* Number of Voltage Words = 5
* Number of Scans Averaged by the Deck Unit = 1
* NMEA Latitude = 61 27.60 N
* NMEA Longitude = 004 51.82 E
* NMEA UTC (Time) = Feb 16 2022 16:04:13
* NMEA baud rate = 4800
** Ship: R/V "Kristine Bonnevie"
** Station: 0220
** Echodepth: 276
** Log: 0981.268
** Wind-Dir/Force: 24 02
** Air-temp (dry): 4.2
** Weather Sky:
** Sea:
# nquan = 19                                
# nvalues = 270                         
# units = specified
# name 0 = scan: Scan Count
# name 1 = prDM: Pressure, Digiquartz [db]
# name 2 = t068C: Temperature [ITS-68, deg C]
# name 3 = t168C: Temperature, 2 [ITS-68, deg C]
# name 4 = c0S/m: Conductivity [S/m]
# name 5 = c1S/m: Conductivity, 2 [S/m]
# name 6 = sbeox0V: Oxygen raw, SBE 43 [V]
# name 7 = flECO-AFL: Fluorescence, WET Labs ECO-AFL/FL [mg/m^3]
# name 8 = altM: Altimeter [m]
# name 9 = par: PAR/Irradiance, Biospherical/Licor
# name 10 = spar: SPAR/Surface Irradiance
# name 11 = CStarTr0: Beam Transmission, WET Labs C-Star [%]
# name 12 = sbeox0ML/L: Oxygen, SBE 43 [ml/l], WS = 2
# name 13 = sal00: Salinity, Practical [PSU]
# name 14 = sal11: Salinity, Practical, 2 [PSU]
# name 15 = sigma-t00: Density [sigma-t, Kg/m^3 ]
# name 16 = svCM: Sound Velocity [Chen-Millero, m/s]
# name 17 = avgsvCM: Average Sound Velocity [Chen-Millero, m/s], minP = 1, minS = 5
# name 18 = flag: flag
# span 0 =        361,       6761       
# span 1 =      3.000,    272.000       
# span 2 =     6.0650,     8.6217       
# span 3 =     6.0625,     8.6199       
# span 4 =   3.129453,   3.657081       
# span 5 =   3.130121,   3.658519       
# span 6 =     2.0308,     2.5184       
# span 7 =    -0.0924,     0.5556       
# span 8 =      -6.10,     100.49       
# span 9 = 4.9418e-02, 4.6989e+00       
# span 10 = 9.9915e+00, 1.1992e+01      
# span 11 =    77.3131,    80.4423      
# span 12 =    5.20692,    6.94716      
# span 13 =    31.4852,    34.8784      
# span 14 =    31.4952,    34.8951      
# span 15 =    24.7682,    27.1560      
# span 16 =    1470.63,    1487.36      
# span 17 =    1470.63,    1483.90      
# span 18 = 0.0000e+00, 0.0000e+00      
# interval = decibars: 1                
# start_time = Feb 16 2022 16:04:16 [System UTC, header]
# bad_flag = -9.990e-29
*END*
        361      3.000     6.0688     6.0661   3.129453   3.130121     2.4600     0.5013      -6.10 4.6989e+00 1.1992e+01    79.5904    6.94716    31.4852    31.4952    24.7682    1470.63    1470.63 0.0000e+00
        399      4.000     6.0664     6.0634   3.129566   3.130373     2.4601     0.4755      18.03 3.8628e+00 1.1992e+01    78.9161    6.93815    31.4882    31.5000    24.7709    1470.64    1470.63 0.0000e+00
        464      5.000     6.0663     6.0625   3.130080   3.130806     2.4600     0.5140     100.49 3.1145e+00 1.1992e+01    79.4379    6.94181    31.4936    31.5052    24.7751    1470.66    1470.63 0.0000e+00
        513      6.000     6.0650     6.0637   3.130328   3.131211     2.4609     0.5015      98.82 2.6481e+00 1.1992e+01    79.4570    6.94667    31.4971    31.5081    24.7780    1470.67    1470.64 0.0000e+00
        551      7.000     6.1032     6.0847   3.140579   3.137447     2.4607     0.5253      98.83 2.1888e+00 1.1992e+01    79.4216    6.93630    31.5752    31.5575    24.8351    1470.94    1470.68 0.0000e+00
        586      8.000     6.1129     6.1041   3.143135   3.141751     2.4612     0.5556      98.82 1.8110e+00 1.1992e+01    79.4512    6.93585    31.5941    31.5869    24.8488    1471.02    1470.73 0.0000e+00
        610      9.000     6.0970     6.0898   3.139101   3.138290     2.4615     0.5018      98.83 1.5118e+00 1.1992e+01    79.4148    6.94189    31.5635    31.5612    24.8266    1470.94    1470.75 0.0000e+00
        629     10.000     6.1001     6.1029   3.139983   3.142204     2.4614     0.4772      98.83 1.2784e+00 1.1992e+01    79.3535    6.93549    31.5700    31.5921    24.8314    1470.97    1470.77 0.0000e+00
        650     11.000     6.1086     6.1010   3.142237   3.141722     2.4610     0.4738      98.83 1.0945e+00 1.1992e+01    79.3710    6.93237    31.5867    31.5880    24.8435    1471.04    1470.80 0.0000e+00
        675     12.000     6.0922     6.0878   3.137769   3.137367     2.4607     0.4940      98.82 9.2510e-01 1.1992e+01    79.4568    6.93691    31.5518    31.5514    24.8179    1470.95    1470.81 0.0000e+00
        699     13.000     6.1907     6.1571   3.166387   3.161333     2.4601     0.4894      98.83 7.8478e-01 1.1992e+01    79.4925    6.90427    31.7776    31.7528    24.9842    1471.64    1470.87 0.0000e+00
        720     14.000     6.3774     6.3537   3.215127   3.212930     2.4596     0.4612      98.83 6.6434e-01 1.1992e+01    79.4708    6.87750    32.1423    32.1403    25.2488    1472.86    1471.02 0.0000e+00
        739     15.000     6.4066     6.3982   3.222733   3.221202     2.4622     0.4313      98.82 5.7299e-01 1.1992e+01    79.4862    6.90184    32.1985    32.1895    25.2894    1473.06    1471.15 0.0000e+00
        758     16.000     6.4992     6.4797   3.248710   3.247866     2.4647     0.4384      98.83 5.1388e-01 1.1992e+01    79.5517    6.87830    32.3976    32.4068    25.4347    1473.70    1471.31 0.0000e+00
        778     17.000     6.5215     6.5196   3.257869   3.259131     2.4662     0.4486      98.82 4.6477e-01 1.1992e+01    79.5869    6.86902    32.4771    32.4929    25.4946    1473.90    1471.46 0.0000e+00
        798     18.000     6.5428     6.5381   3.263959   3.264772     2.4677     0.3702      98.83 4.2156e-01 1.1992e+01    79.6117    6.86399    32.5237    32.5371    25.5285    1474.06    1471.61 0.0000e+00
        817     19.000     6.6133     6.6063   3.279935   3.281450     2.4686     0.3716      98.82 3.7451e-01 1.1992e+01    79.6879    6.85263    32.6323    32.6557    25.6051    1474.49    1471.76 0.0000e+00
        834     20.000     6.6345     6.6319   3.292228   3.293370     2.4700     0.3878      98.83 3.3674e-01 1.1992e+01    79.7840    6.85529    32.7471    32.7622    25.6928    1474.73    1471.91 0.0000e+00
        852     21.000     6.6413     6.6382   3.301100   3.302251     2.4716     0.4223      98.83 3.0210e-01 1.1992e+01    79.8379    6.85491    32.8380    32.8537    25.7636    1474.89    1472.05 0.0000e+00
        872     22.000     6.6622     6.6592   3.311632   3.312460     2.4730     0.3505      98.83 2.6975e-01 1.1992e+01    79.9029    6.84599    32.9336    32.9456    25.8362    1475.11    1472.19 0.0000e+00
        895     23.000     6.6693     6.6677   3.319720   3.320776     2.4740     0.3384      98.83 2.4372e-01 1.1992e+01    79.9447    6.84613    33.0155    33.0287    25.8998    1475.25    1472.32 0.0000e+00
        919     24.000     6.6759     6.6736   3.326722   3.327718     2.4760     0.3386      98.83 2.2537e-01 1.1992e+01    79.9628    6.85940    33.0859    33.0991    25.9544    1475.38    1472.45 0.0000e+00
        945     25.000     6.6801     6.6781   3.328024   3.329095     2.4788     0.3065      98.83 2.0748e-01 1.1992e+01    79.9985    6.87886    33.0957    33.1094    25.9616    1475.43    1472.57 0.0000e+00
        967     26.000     6.6879     6.6857   3.330357   3.331482     2.4818     0.2738      98.82 1.9153e-01 1.1992e+01    80.0281    6.88819    33.1134    33.1279    25.9745    1475.50    1472.68 0.0000e+00
        986     27.000     6.6933     6.6915   3.333357   3.334432     2.4840     0.2454      98.82 1.7880e-01 1.1992e+01    80.0338    6.89138    33.1408    33.1544    25.9954    1475.57    1472.79 0.0000e+00
       1005     28.000     6.7085     6.7052   3.339522   3.340855     2.4865     0.1652      98.83 1.6333e-01 1.1992e+01    80.0614    6.89438    33.1935    33.2114    26.0350    1475.71    1472.89 0.0000e+00
       1022     29.000     6.7251     6.7228   3.344632   3.345796     2.4881     0.1947      98.82 1.4834e-01 1.1992e+01    80.0909    6.89414    33.2333    33.2484    26.0641    1475.84    1472.99 0.0000e+00
       1038     30.000     6.7330     6.7305   3.346763   3.347926     2.4900     0.2153      98.83 1.3540e-01 1.1992e+01    80.0399    6.89723    33.2486    33.2639    26.0752    1475.91    1473.09 0.0000e+00
       1054     31.000     6.7364     6.7345   3.347864   3.349017     2.4915     0.1338      98.83 1.2362e-01 1.1992e+01    80.0554    6.90055    33.2570    33.2715    26.0813    1475.95    1473.18 0.0000e+00
       1073     32.000     6.7815     6.7763   3.356982   3.358156     2.4932     0.1519      98.83 1.1460e-01 1.1992e+01    80.0645    6.90007    33.3132    33.3312    26.1196    1476.21    1473.28 0.0000e+00
       1099     33.000     6.8058     6.8035   3.360871   3.362016     2.4965     0.1746      98.83 1.0426e-01 1.1992e+01    80.0930    6.91031    33.3319    33.3467    26.1311    1476.35    1473.37 0.0000e+00
       1128     34.000     6.8087     6.8075   3.362497   3.363620     2.4992     0.1720      98.83 9.9315e-02 1.1992e+01    80.1070    6.91254    33.3465    33.3600    26.1422    1476.39    1473.46 0.0000e+00
       1150     35.000     6.7751     6.7754   3.360803   3.361887     2.5013     0.1502      98.83 8.8546e-02 1.1992e+01    80.0968    6.91982    33.3600    33.3717    26.1574    1476.30    1473.54 0.0000e+00
       1168     36.000     6.8087     6.8019   3.367624   3.369329     2.5022     0.1276      98.83 8.1215e-02 1.1992e+01    80.1048    6.90343    33.4019    33.4273    26.1859    1476.50    1473.62 0.0000e+00
       1188     37.000     6.9170     6.9128   3.380335   3.381647     2.5022     0.1274      98.83 7.4254e-02 1.1992e+01    80.1242    6.89207    33.4358    33.4543    26.1981    1476.98    1473.71 0.0000e+00
       1210     38.000     6.9111     6.9110   3.380921   3.382082     2.5049     0.1274      98.82 6.9355e-02 1.1992e+01    80.0863    6.92159    33.4475    33.4603    26.2081    1476.99    1473.80 0.0000e+00
       1231     39.000     6.9064     6.9049   3.380709   3.381871     2.5069     0.1096      98.83 6.5893e-02 1.1992e+01    80.1079    6.91125    33.4492    33.4635    26.2101    1476.99    1473.88 0.0000e+00
       1249     40.000     6.9240     6.9208   3.386370   3.387765     2.5073     0.0966      98.83 6.1264e-02 1.1992e+01    80.1495    6.89068    33.4938    33.5122    26.2428    1477.13    1473.96 0.0000e+00
       1266     41.000     6.9173     6.9184   3.387917   3.389129     2.5066     0.0968      98.83 5.8798e-02 1.1992e+01    80.1323    6.88331    33.5168    33.5291    26.2619    1477.15    1474.04 0.0000e+00
       1284     42.000     6.8786     6.8798   3.386840   3.388034     2.5063     0.0968      98.83 5.3005e-02 1.1992e+01    80.1440    6.88600    33.5423    33.5542    26.2871    1477.04    1474.11 0.0000e+00
       1303     43.000     6.8994     6.8961   3.393691   3.395032     2.5050     0.0968      98.83 5.2340e-02 1.1992e+01    80.1706    6.87259    33.5967    33.6147    26.3273    1477.21    1474.18 0.0000e+00
       1327     44.000     6.9264     6.9234   3.397622   3.398771     2.5042     0.1026      98.83 5.0291e-02 1.1992e+01    80.1788    6.88930    33.6131    33.6286    26.3365    1477.35    1474.25 0.0000e+00
       1353     45.000     6.9930     6.9848   3.408116   3.409110     2.5066     0.1279      98.83 4.9468e-02 1.1992e+01    80.1608    6.90626    33.6626    33.6815    26.3665    1477.69    1474.33 0.0000e+00
       1377     46.000     7.1071     7.0964   3.424021   3.425357     2.5094     0.1259      98.83 4.9496e-02 1.1992e+01    80.1506    6.90575    33.7247    33.7498    26.3998    1478.22    1474.41 0.0000e+00
       1397     47.000     7.2239     7.2090   3.440129   3.440154     2.5129     0.0961      98.83 4.9512e-02 1.1992e+01    80.1736    6.90211    33.7860    33.8008    26.4318    1478.77    1474.51 0.0000e+00
       1417     48.000     7.2836     7.2736   3.448755   3.449526     2.5167 -9.990e-29      98.83 4.9509e-02 1.1992e+01    80.1835    6.89354    33.8211    33.8393    26.4512    1479.06    1474.60 0.0000e+00
       1441     49.000     7.3752     7.3632   3.461014   3.461709     2.5184 -9.990e-29      98.83 4.9495e-02 1.1992e+01    80.1966    6.84869    33.8645    33.8838    26.4724    1479.48    1474.70 0.0000e+00
       1466     50.000     7.4686     7.4617   3.472654   3.473945     2.5171 -9.990e-29      98.83 4.9511e-02 1.1992e+01    80.1846    6.79987    33.8991    33.9198    26.4865    1479.90    1474.80 0.0000e+00
       1489     51.000     7.5761     7.5666   3.486526   3.487764     2.5143 -9.990e-29      98.83 4.9499e-02 1.1992e+01    80.2080    6.76107    33.9438    33.9665    26.5063    1480.38    1474.91 0.0000e+00
       1508     52.000     7.6166     7.6129   3.491562   3.492889     2.5113     0.0632      98.83 4.9493e-02 1.1992e+01    80.2215    6.73417    33.9582    33.9762    26.5119    1480.57    1475.02 0.0000e+00
       1527     53.000     7.6585     7.6529   3.496818   3.498144     2.5079     0.0184      98.83 4.9490e-02 1.1992e+01    80.2457    6.69446    33.9736    33.9934    26.5179    1480.77    1475.13 0.0000e+00
       1546     54.000     7.6991     7.6929   3.501948   3.503143     2.5016     0.0159      98.83 4.9522e-02 1.1992e+01    80.2389    6.64662    33.9889    34.0078    26.5240    1480.96    1475.24 0.0000e+00
       1567     55.000     7.7297     7.7269   3.506470   3.507781     2.4943     0.0160      98.83 4.9506e-02 1.1992e+01    80.2257    6.60783    34.0073    34.0242    26.5341    1481.11    1475.34 0.0000e+00
       1592     56.000     7.7722     7.7671   3.512365   3.513594     2.4845     0.0205      98.82 4.9514e-02 1.1964e+01    80.2662    6.56131    34.0288    34.0470    26.5448    1481.32    1475.45 0.0000e+00
       1618     57.000     7.7915     7.7893   3.515181   3.516512     2.4745     0.0218      98.83 4.9503e-02 -9.990e-29    80.2783    6.52896    34.0398    34.0563    26.5507    1481.42    1475.55 0.0000e+00
       1640     58.000     7.8267     7.8205   3.520240   3.521367     2.4662     0.0228      98.83 4.9505e-02 -9.990e-29    80.2559    6.50282    34.0594    34.0776    26.5609    1481.60    1475.66 0.0000e+00
       1662     59.000     7.8498     7.8468   3.523581   3.524978     2.4589     0.0173      98.82 4.9496e-02 -9.990e-29    80.2871    6.48248    34.0723    34.0903    26.5677    1481.72    1475.76 0.0000e+00
       1685     60.000     7.9510     7.9424   3.536969   3.538314     2.4517    -0.0068      98.83 4.9482e-02 -9.990e-29    80.2936    6.44941    34.1168    34.1396    26.5877    1482.17    1475.87 0.0000e+00
       1711     61.000     8.0098     8.0059   3.545522   3.546829     2.4445    -0.0168      98.82 4.9491e-02 -9.990e-29    80.3029    6.42773    34.1506    34.1684    26.6056    1482.45    1475.97 0.0000e+00
       1734     62.000     8.0325     8.0303   3.548923   3.550308     2.4387    -0.0137      98.83 4.9502e-02 -9.990e-29    80.2686    6.38745    34.1644    34.1814    26.6130    1482.57    1476.08 0.0000e+00
       1755     63.000     8.1263     8.1169   3.560573   3.562101     2.4309    -0.0166      98.82 4.9505e-02 -9.990e-29    80.2985    6.33001    34.1970    34.2225    26.6246    1482.98    1476.19 0.0000e+00
       1775     64.000     8.2254     8.2177   3.572290   3.573751     2.4227    -0.0210      98.83 4.9505e-02 -9.990e-29    80.3314    6.28981    34.2249    34.2480    26.6316    1483.41    1476.30 0.0000e+00
       1795     65.000     8.2691     8.2630   3.577847   3.579108     2.4157    -0.0508      98.83 4.9494e-02 -9.990e-29    80.3174    6.26677    34.2410    34.2604    26.6377    1483.61    1476.41 0.0000e+00
       1815     66.000     8.3293     8.3238   3.585791   3.587159     2.4085    -0.0182      98.82 4.9492e-02 -9.990e-29    80.3508    6.22613    34.2664    34.2863    26.6484    1483.88    1476.52 0.0000e+00
       1836     67.000     8.3508     8.3483   3.588800   3.590244     2.4000    -0.0372      98.82 4.9505e-02 -9.990e-29    80.3529    6.18569    34.2770    34.2947    26.6535    1483.99    1476.64 0.0000e+00
       1857     68.000     8.3546     8.3522   3.589598   3.590998     2.3910    -0.0512      98.81 4.9495e-02 -9.990e-29    80.3534    6.14525    34.2813    34.2985    26.6562    1484.03    1476.74 0.0000e+00
       1878     69.000     8.3701     8.3666   3.591753   3.593079     2.3804    -0.0504      98.82 4.9481e-02 -9.990e-29    80.3678    6.10099    34.2886    34.3061    26.6596    1484.11    1476.85 0.0000e+00
       1902     70.000     8.4122     8.4080   3.597529   3.598954     2.3685    -0.0534      98.82 4.9503e-02 -9.990e-29    80.3672    6.07173    34.3084    34.3276    26.6687    1484.31    1476.96 0.0000e+00
       1927     71.000     8.4792     8.4714   3.607327   3.608533     2.3595    -0.0465      98.82 4.9509e-02 -9.990e-29    80.3673    6.05650    34.3466    34.3669    26.6884    1484.62    1477.06 0.0000e+00
       1948     72.000     8.5757     8.5655   3.620905   3.621844     2.3525    -0.0481      98.82 4.9498e-02 -9.990e-29    80.3706    6.03076    34.3958    34.4157    26.7121    1485.06    1477.17 0.0000e+00
       1970     73.000     8.5986     8.5956   3.624212   3.625656     2.3474    -0.0461      98.81 4.9502e-02 -9.990e-29    80.3824    6.02153    34.4080    34.4261    26.7181    1485.18    1477.28 0.0000e+00
       1993     74.000     8.5999     8.5984   3.624874   3.626310     2.3410    -0.0522      98.81 4.9493e-02 1.1091e+01    80.3951    5.97920    34.4132    34.4299    26.7220    1485.20    1477.39 0.0000e+00
       2020     75.000     8.5833     8.5825   3.624103   3.625638     2.3303 -9.990e-29      98.81 4.9504e-02 1.1299e+01    80.3987    5.92402    34.4208    34.4378    26.7305    1485.17    1477.49 0.0000e+00
       2048     76.000     8.5937     8.5913   3.626405   3.627831     2.3186 -9.990e-29      98.82 4.9483e-02 1.1354e+01    80.3734    5.89569    34.4345    34.4519    26.7396    1485.24    1477.59 0.0000e+00
       2070     77.000     8.6088     8.6069   3.629281   3.630758     2.3115 -9.990e-29      98.81 4.9495e-02 1.1436e+01    80.4033    5.89150    34.4497    34.4671    26.7492    1485.33    1477.69 0.0000e+00
       2089     78.000     8.6147     8.6126   3.631356   3.632920     2.3064 -9.990e-29      98.81 4.9477e-02 1.1132e+01    80.4202    5.88573    34.4654    34.4840    26.7606    1485.39    1477.79 0.0000e+00
