_data/ctd/2022603/sta0183.cnv
* Sea-Bird SBE 9 Data File:
* FileName = C:\Seabird\CTDData\sta0183.hex
* Software Version Seasave V 7.21f
* Temperature SN = 6264
* Conductivity SN = 4928
* Number of Bytes Per Scan = 40
* Number of Voltage Words = 5
* Number of Scans Averaged by the Deck Unit = 1
* NMEA Latitude = 61 12.16 N
* NMEA Longitude = 007 04.79 E
* NMEA UTC (Time) = Feb 14 2022 08:22:39
* NMEA baud rate = 4800
** Ship: R/V "Kristine Bonnevie"
** Station: 0183
** Echodepth: 260
** Log: 0714.907
** Wind-Dir/Force: 09 04
** Air-temp (dry): 2.3
** Weather Sky:
** Sea:
# nquan = 19                                
# nvalues = 247                         
# units = specified
# name 0 = scan: Scan Count
# name 1 = prDM: Pressure, Digiquartz [db]
# name 2 = t068C: Temperature [ITS-68, deg C]
# name 3 = t168C: Temperature, 2 [ITS-68, deg C]
# name 4 = c0S/m: Conductivity [S/m]
# name 5 = c1S/m: Conductivity, 2 [S/m]
# name 6 = sbeox0V: Oxygen raw, SBE 43 [V]
# name 7 = flECO-AFL: Fluorescence, WET Labs ECO-AFL/FL [mg/m^3]
# name 8 = altM: Altimeter [m]
# name 9 = par: PAR/Irradiance, Biospherical/Licor
# name 10 = spar: SPAR/Surface Irradiance
# name 11 = CStarTr0: Beam Transmission, WET Labs C-Star [%]
# name 12 = sbeox0ML/L: Oxygen, SBE 43 [ml/l], WS = 2
# name 13 = sal00: Salinity, Practical [PSU]
# name 14 = sal11: Salinity, Practical, 2 [PSU]
# name 15 = sigma-t00: Density [sigma-t, Kg/m^3 ]
# name 16 = svCM: Sound Velocity [Chen-Millero, m/s]
# name 17 = avgsvCM: Average Sound Velocity [Chen-Millero, m/s], minP = 1, minS = 5
# name 18 = flag: flag
# span 0 =        392,       5702       
# span 1 =      2.000,    248.000       
# span 2 =     4.4024,    10.1463       
# span 3 =     4.4082,    10.1521       
# span 4 =   2.532123,   3.653196       
# span 5 =   2.534055,   3.654794       
# span 6 =     1.3491,     2.4651       
# span 7 =    -0.0555,     0.8013       
# span 8 =      11.17,      99.69       
# span 9 = 4.9452e-02, 2.1036e+01       
# span 10 = 4.9967e+01, 5.1965e+01      
# span 11 =    67.9212,    80.1638      
# span 12 =    2.85685,    7.46362      
# span 13 =    26.2044,    34.1571      
# span 14 =    26.2217,    34.1730      
# span 15 =    20.7640,    26.5522      
# span 16 =    1457.06,    1488.70      
# span 17 =    1457.06,    1484.05      
# span 18 = 0.0000e+00, 0.0000e+00      
# interval = decibars: 1                
# start_time = Feb 14 2022 08:22:41 [System UTC, header]
# bad_flag = -9.990e-29
*END*
[from data line 153]
       3728    155.000     8.4080     8.4062   3.583779   3.585109     1.4697    -0.0253      98.66 4.9505e-02 5.1965e+01    71.7473    3.24158    34.1265    34.1423    26.5267    1485.47    1482.75 0.0000e+00
       3748    156.000     8.4041     8.4026   3.583494   3.584828     1.4687    -0.0253      22.91 4.9467e-02 5.1965e+01    71.8148    3.23784    34.1267    34.1423    26.5275    1485.47    1482.76 0.0000e+00
       3769    157.000     8.4008     8.3993   3.583349   3.584715     1.4676    -0.0253      97.68 4.9518e-02 5.1965e+01    71.8717    3.23697    34.1279    34.1439    26.5289    1485.47    1482.78 0.0000e+00
       3789    158.000     8.4018     8.4003   3.583552   3.584926     1.4667    -0.0253      89.33 4.9522e-02 5.1965e+01    71.9559    3.23161    34.1286    34.1447    26.5293    1485.49    1482.80 0.0000e+00
       3810    159.000     8.4033     8.4017   3.583813   3.585163     1.4655    -0.0253      69.80 4.9544e-02 5.1965e+01    71.9327    3.22308    34.1295    34.1453    26.5298    1485.52    1482.81 0.0000e+00
       3830    160.000     8.4028     8.4014   3.583885   3.585234     1.4638    -0.0253      47.01 4.9525e-02 5.1965e+01    71.9921    3.21333    34.1303    34.1459    26.5304    1485.53    1482.83 0.0000e+00
       3851    161.000     8.4019     8.4005   3.583892   3.585241     1.4618    -0.0253      74.21 4.9465e-02 5.1965e+01    72.0757    3.20708    34.1307    34.1464    26.5310    1485.55    1482.85 0.0000e+00
       3872    162.000     8.4019     8.4004   3.583962   3.585334     1.4600    -0.0253      25.65 4.9505e-02 5.1965e+01    72.1770    3.20649    34.1310    34.1470    26.5312    1485.56    1482.87 0.0000e+00
       3893    163.000     8.4020     8.4004   3.584112   3.585452     1.4589    -0.0253      68.49 4.9531e-02 5.1965e+01    72.2605    3.20779    34.1320    34.1478    26.5320    1485.58    1482.88 0.0000e+00
       3913    164.000     8.4019     8.4003   3.584184   3.585527     1.4579    -0.0253      88.67 4.9536e-02 5.1965e+01    72.3616    3.20434    34.1324    34.1482    26.5323    1485.60    1482.90 0.0000e+00
       3934    165.000     8.4011     8.3996   3.584230   3.585589     1.4566    -0.0253      53.66 4.9498e-02 5.1965e+01    72.4466    3.20253    34.1332    34.1491    26.5330    1485.61    1482.91 0.0000e+00
       3955    166.000     8.4005     8.3990   3.584276   3.585638     1.4559    -0.0253      73.90 4.9492e-02 5.1965e+01    72.5849    3.20296    34.1338    34.1497    26.5336    1485.63    1482.93 0.0000e+00
       3976    167.000     8.4000     8.3985   3.584364   3.585728     1.4551    -0.0253      89.98 4.9552e-02 5.1965e+01    72.7188    3.20409    34.1348    34.1507    26.5344    1485.64    1482.95 0.0000e+00
       3997    168.000     8.3996     8.3982   3.584412   3.585774     1.4547    -0.0253      82.75 4.9525e-02 5.1965e+01    72.7993    3.20086    34.1352    34.1510    26.5348    1485.66    1482.96 0.0000e+00
       4018    169.000     8.3991     8.3976   3.584482   3.585836     1.4539    -0.0253      36.03 4.9466e-02 5.1965e+01    72.9037    3.19856    34.1359    34.1517    26.5355    1485.67    1482.98 0.0000e+00
       4039    170.000     8.3992     8.3977   3.584597   3.585955     1.4533    -0.0253      94.88 4.9499e-02 5.1965e+01    73.0066    3.19782    34.1366    34.1524    26.5360    1485.69    1483.00 0.0000e+00
       4060    171.000     8.3996     8.3981   3.584731   3.586094     1.4527    -0.0253      96.85 4.9531e-02 5.1965e+01    73.0649    3.19479    34.1371    34.1530    26.5363    1485.71    1483.01 0.0000e+00
       4081    172.000     8.3996     8.3981   3.584847   3.586204     1.4515    -0.0253      41.57 4.9499e-02 5.1965e+01    73.1756    3.18145    34.1379    34.1537    26.5369    1485.73    1483.03 0.0000e+00
       4102    173.000     8.3992     8.3977   3.584885   3.586241     1.4499    -0.0253      36.52 4.9466e-02 5.1965e+01    73.2754    3.17717    34.1382    34.1540    26.5372    1485.74    1483.04 0.0000e+00
       4123    174.000     8.3990     8.3975   3.584940   3.586303     1.4486    -0.0253      97.33 4.9511e-02 5.1965e+01    73.3792    3.17426    34.1385    34.1544    26.5375    1485.76    1483.06 0.0000e+00
       4144    175.000     8.3990     8.3974   3.585013   3.586375     1.4470    -0.0196      35.52 4.9538e-02 5.1965e+01    73.4495    3.16602    34.1388    34.1548    26.5377    1485.78    1483.07 0.0000e+00
       4165    176.000     8.3988     8.3972   3.585067   3.586426     1.4454     0.0050      56.67 4.9532e-02 5.1965e+01    73.5245    3.16190    34.1391    34.1551    26.5380    1485.79    1483.09 0.0000e+00
       4186    177.000     8.3987     8.3972   3.585130   3.586479     1.4437    -0.0233      61.87 4.9486e-02 5.1965e+01    73.6410    3.15471    34.1394    34.1552    26.5383    1485.81    1483.10 0.0000e+00
       4207    178.000     8.3987     8.3973   3.585190   3.586548     1.4420    -0.0253      98.59 4.9479e-02 5.1965e+01    73.7258    3.15401    34.1396    34.1553    26.5384    1485.83    1483.12 0.0000e+00
       4228    179.000     8.3986     8.3971   3.585262   3.586614     1.4409    -0.0253      35.02 4.9499e-02 5.1965e+01    73.8253    3.15277    34.1400    34.1558    26.5387    1485.84    1483.13 0.0000e+00
       4249    180.000     8.3984     8.3969   3.585376   3.586762     1.4395    -0.0253      23.56 4.9472e-02 5.1965e+01    73.9573    3.14687    34.1409    34.1571    26.5395    1485.86    1483.15 0.0000e+00
       4271    181.000     8.3984     8.3970   3.585486   3.586843     1.4382    -0.0253      71.91 4.9540e-02 5.1965e+01    74.0753    3.14579    34.1416    34.1573    26.5400    1485.88    1483.16 0.0000e+00
       4292    182.000     8.3984     8.3970   3.585543   3.586896     1.4371    -0.0253      71.41 4.9512e-02 5.1965e+01    74.2086    3.14279    34.1417    34.1574    26.5401    1485.89    1483.18 0.0000e+00
       4313    183.000     8.3985     8.3970   3.585610   3.586975     1.4362    -0.0253      77.38 4.9532e-02 5.1965e+01    74.3417    3.13775    34.1419    34.1578    26.5402    1485.91    1483.19 0.0000e+00
       4334    184.000     8.3985     8.3971   3.585716   3.587070     1.4346    -0.0253      56.28 4.9538e-02 5.1965e+01    74.4489    3.13174    34.1425    34.1582    26.5407    1485.93    1483.21 0.0000e+00
       4355    185.000     8.3984     8.3969   3.585766   3.587125     1.4333    -0.0170      88.83 4.9464e-02 5.1965e+01    74.5642    3.12975    34.1427    34.1585    26.5409    1485.94    1483.22 0.0000e+00
       4376    186.000     8.3982     8.3967   3.585801   3.587156     1.4322     0.0019      72.89 4.9517e-02 5.1965e+01    74.6890    3.12839    34.1428    34.1586    26.5410    1485.96    1483.24 0.0000e+00
       4398    187.000     8.3982     8.3967   3.585844   3.587197     1.4312    -0.0247      36.15 4.9512e-02 5.1965e+01    74.7905    3.11953    34.1428    34.1586    26.5410    1485.98    1483.25 0.0000e+00
       4419    188.000     8.3978     8.3964   3.585870   3.587230     1.4292 -9.990e-29      80.91 5.9549e-02 5.1965e+01    74.8903    3.11387    34.1430    34.1587    26.5412    1485.99    1483.27 0.0000e+00
       4440    189.000     8.3980     8.3966   3.585926   3.587289     1.4283 -9.990e-29      96.97 4.9705e-02 5.1965e+01    74.9841    3.11401    34.1429    34.1587    26.5411    1486.01    1483.28 0.0000e+00
       4461    190.000     8.3976     8.3961   3.585961   3.587317     1.4266 -9.990e-29      50.62 4.9487e-02 5.1965e+01    75.0255    3.10963    34.1432    34.1590    26.5414    1486.02    1483.30 0.0000e+00
       4482    191.000     8.3975     8.3961   3.586024   3.587384     1.4260 -9.990e-29      54.60 4.9472e-02 5.1965e+01    75.0821    3.11416    34.1435    34.1592    26.5416    1486.04    1483.31 0.0000e+00
       4503    192.000     8.3977     8.3961   3.586098   3.587463     1.4252 -9.990e-29      86.54 4.9552e-02 5.1965e+01    75.2172    3.10941    34.1436    34.1596    26.5417    1486.06    1483.33 0.0000e+00
       4524    193.000     8.3976     8.3961   3.586141   3.587509     1.4242 -9.990e-29      51.71 4.9511e-02 5.1965e+01    75.2960    3.10716    34.1437    34.1596    26.5418    1486.07    1483.34 0.0000e+00
       4545    194.000     8.3977     8.3962   3.586200   3.587565     1.4235 -9.990e-29      95.66 4.9519e-02 5.1965e+01    75.3706    3.10228    34.1437    34.1597    26.5418    1486.09    1483.35 0.0000e+00
       4566    195.000     8.3976     8.3962   3.586271   3.587621     1.4222 -9.990e-29      61.13 4.9505e-02 5.1965e+01    75.4294    3.10133    34.1441    34.1598    26.5421    1486.11    1483.37 0.0000e+00
       4587    196.000     8.3975     8.3961   3.586327   3.587679     1.4216 -9.990e-29      44.05 4.9515e-02 5.1965e+01    75.5484    3.10088    34.1443    34.1600    26.5423    1486.12    1483.38 0.0000e+00
       4609    197.000     8.3975     8.3960   3.586385   3.587741     1.4208    -0.0253      68.07 4.9505e-02 5.1965e+01    75.6022    3.09707    34.1445    34.1603    26.5424    1486.14    1483.40 0.0000e+00
       4630    198.000     8.3975     8.3960   3.586458   3.587809     1.4200     0.0024      61.94 4.9512e-02 5.1965e+01    75.6743    3.09400    34.1448    34.1606    26.5426    1486.16    1483.41 0.0000e+00
       4651    199.000     8.3974     8.3960   3.586540   3.587901     1.4191    -0.0152      64.89 4.9532e-02 5.1965e+01    75.7059    3.08890    34.1453    34.1611    26.5430    1486.17    1483.42 0.0000e+00
       4673    200.000     8.3974     8.3960   3.586618   3.587980     1.4178    -0.0254      45.24 4.9515e-02 5.1965e+01    75.8059    3.08517    34.1456    34.1614    26.5433    1486.19    1483.44 0.0000e+00
       4694    201.000     8.3974     8.3960   3.586685   3.588039     1.4168    -0.0253      89.33 4.9538e-02 5.1965e+01    75.9036    3.08424    34.1459    34.1616    26.5435    1486.21    1483.45 0.0000e+00
       4715    202.000     8.3975     8.3960   3.586757   3.588113     1.4160    -0.0253      49.10 4.9540e-02 5.1965e+01    76.0647    3.08407    34.1461    34.1619    26.5437    1486.22    1483.47 0.0000e+00
       4737    203.000     8.3975     8.3960   3.586820   3.588174     1.4151    -0.0253      94.67 4.9519e-02 5.1965e+01    76.1654    3.07704    34.1463    34.1621    26.5438    1486.24    1483.48 0.0000e+00
       4758    204.000     8.3976     8.3961   3.586884   3.588246     1.4139    -0.0033      62.54 4.9538e-02 5.1965e+01    76.2790    3.07531    34.1464    34.1623    26.5439    1486.26    1483.49 0.0000e+00
       4780    205.000     8.3976     8.3962   3.586945   3.588304     1.4132    -0.0114      52.50 4.9521e-02 5.1965e+01    76.3504    3.07629    34.1466    34.1623    26.5440    1486.27    1483.51 0.0000e+00
       4801    206.000     8.3976     8.3962   3.587017   3.588372     1.4125    -0.0243      68.77 4.9552e-02 5.1965e+01    76.5110    3.07059    34.1469    34.1626    26.5443    1486.29    1483.52 0.0000e+00
       4823    207.000     8.3975     8.3961   3.587105   3.588465     1.4112 -9.990e-29      98.27 4.9527e-02 5.1965e+01    76.6326    3.06563    34.1474    34.1632    26.5447    1486.31    1483.53 0.0000e+00
       4844    208.000     8.3974     8.3958   3.587182   3.588538     1.4102 -9.990e-29      51.85 4.9540e-02 5.1965e+01    76.7451    3.06905    34.1479    34.1638    26.5451    1486.32    1483.55 0.0000e+00
       4866    209.000     8.3974     8.3959   3.587252   3.588607     1.4100 -9.990e-29      73.59 4.9538e-02 5.1965e+01    76.9334    3.07209    34.1481    34.1639    26.5453    1486.34    1483.56 0.0000e+00
       4887    210.000     8.3974     8.3959   3.587323   3.588691     1.4096 -9.990e-29      78.27 4.9498e-02 5.1965e+01    77.1240    3.07032    34.1484    34.1644    26.5455    1486.36    1483.57 0.0000e+00
       4908    211.000     8.3974     8.3959   3.587385   3.588739     1.4092    -0.0130      96.12 4.9553e-02 5.1965e+01    77.2621    3.06848    34.1486    34.1644    26.5457    1486.37    1483.59 0.0000e+00
       4930    212.000     8.3975     8.3960   3.587459   3.588808     1.4087    -0.0266      54.45 4.9519e-02 5.1965e+01    77.3406    3.06464    34.1488    34.1646    26.5458    1486.39    1483.60 0.0000e+00
       4951    213.000     8.3975     8.3960   3.587524   3.588884     1.4079    -0.0268      98.27 4.9538e-02 5.1965e+01    77.4066    3.05729    34.1490    34.1649    26.5460    1486.41    1483.61 0.0000e+00
       4972    214.000     8.3974     8.3959   3.587599   3.588958     1.4067    -0.0253      88.35 4.9502e-02 5.1965e+01    77.4848    3.05102    34.1495    34.1653    26.5463    1486.43    1483.63 0.0000e+00
       4992    215.000     8.3974     8.3959   3.587689   3.589041     1.4052    -0.0036      87.88 4.9532e-02 5.1965e+01    77.5126    3.04382    34.1499    34.1657    26.5467    1486.44    1483.64 0.0000e+00
       5013    216.000     8.3974     8.3959   3.587761   3.589114     1.4039    -0.0118      86.80 4.9505e-02 5.1965e+01    77.5435    3.03951    34.1502    34.1660    26.5469    1486.46    1483.65 0.0000e+00
       5034    217.000     8.3974     8.3960   3.587822   3.589183     1.4023    -0.0267      56.97 4.9505e-02 5.1965e+01    77.6790    3.03352    34.1504    34.1662    26.5471    1486.48    1483.66 0.0000e+00
       5055    218.000     8.3973     8.3959   3.587906   3.589264     1.4007    -0.0253      70.68 4.9519e-02 5.1965e+01    77.8610    3.02780    34.1509    34.1667    26.5475    1486.49    1483.68 0.0000e+00
       5076    219.000     8.3973     8.3959   3.587975   3.589339     1.3992     0.0024      33.00 4.9499e-02 5.1965e+01    78.0775    3.02818    34.1512    34.1670    26.5477    1486.51    1483.69 0.0000e+00
       5097    220.000     8.3974     8.3959   3.588039   3.589400     1.3981     0.0053      74.80 4.9519e-02 5.1965e+01    78.1723    3.02683    34.1513    34.1672    26.5478    1486.53    1483.70 0.0000e+00
       5118    221.000     8.3975     8.3961   3.588139   3.589490     1.3969    -0.0109      78.03 4.9518e-02 5.1965e+01    78.3225    3.01908    34.1518    34.1675    26.5481    1486.54    1483.72 0.0000e+00
       5139    222.000     8.3979     8.3963   3.588232   3.589593     1.3955    -0.0241      35.58 4.9498e-02 5.1965e+01    78.4419    3.01279    34.1519    34.1679    26.5482    1486.56    1483.73 0.0000e+00
       5160    223.000     8.3980     8.3965   3.588295   3.589660     1.3938     0.0027      77.74 4.9499e-02 5.1965e+01    78.5148    3.00464    34.1520    34.1679    26.5483    1486.58    1483.74 0.0000e+00
       5181    224.000     8.3979     8.3964   3.588352   3.589708     1.3919     0.0009      75.80 4.9512e-02 5.1965e+01    78.5818    2.99589    34.1523    34.1681    26.5484    1486.60    1483.75 0.0000e+00
       5202    225.000     8.3980     8.3964   3.588411   3.589765     1.3898    -0.0226      80.47 4.9532e-02 5.1965e+01    78.6390    2.98695    34.1523    34.1682    26.5485    1486.61    1483.77 0.0000e+00
       5223    226.000     8.3979     8.3964   3.588464   3.589827     1.3878    -0.0137      34.08 4.9505e-02 5.1965e+01    78.7196    2.98159    34.1525    34.1684    26.5486    1486.63    1483.78 0.0000e+00
       5244    227.000     8.3980     8.3964   3.588527   3.589899     1.3856    -0.0049      33.97 4.9512e-02 5.1965e+01    78.7881    2.97268    34.1526    34.1687    26.5487    1486.65    1483.79 0.0000e+00
       5265    228.000     8.3981     8.3966   3.588600   3.589957     1.3833    -0.0278      33.57 4.9465e-02 5.1965e+01    78.7998    2.96835    34.1528    34.1687    26.5489    1486.66    1483.80 0.0000e+00
       5286    229.000     8.3982     8.3968   3.588681   3.590039     1.3817    -0.0311      32.37 7.5694e-02 5.1965e+01    78.8107    2.96789    34.1531    34.1689    26.5491    1486.68    1483.82 0.0000e+00
