_data/ctd/2022603/sta0201.cnv
* Sea-Bird SBE 9 Data File:
* FileName = C:\Seabird\CTDData\sta0201.hex
* Software Version Seasave V 7.21f
* Temperature SN = 6264
* Conductivity SN = 4928
* Number of Bytes Per Scan = 40
* Number of Voltage Words = 5
* Number of Scans Averaged by the Deck Unit = 1
* NMEA Latitude = 61 07.25 N
* NMEA Longitude = 005 43.16 E
* NMEA UTC (Time) = Feb 15 2022 04:17:57
* NMEA baud rate = 4800
** Ship: R/V "Kristine Bonnevie"
** Station: 0201
** Echodepth: 1243
** Log: 0807.435
** Wind-Dir/Force: 08 24
** Air-temp (dry): 4.0
** Weather Sky:
** Sea:
** S07
# nquan = 19                                
# nvalues = 1251                        
# units = specified
# name 0 = scan: Scan Count
# name 1 = prDM: Pressure, Digiquartz [db]
# name 2 = t068C: Temperature [ITS-68, deg C]
# name 3 = t168C: Temperature, 2 [ITS-68, deg C]
# name 4 = c0S/m: Conductivity [S/m]
# name 5 = c1S/m: Conductivity, 2 [S/m]
# name 6 = sbeox0V: Oxygen raw, SBE 43 [V]
# name 7 = flECO-AFL: Fluorescence, WET Labs ECO-AFL/FL [mg/m^3]
# name 8 = altM: Altimeter [m]
# name 9 = par: PAR/Irradiance, Biospherical/Licor
# name 10 = spar: SPAR/Surface Irradiance
# name 11 = CStarTr0: Beam Transmission, WET Labs C-Star [%]
# name 12 = sbeox0ML/L: Oxygen, SBE 43 [ml/l], WS = 2
# name 13 = sal00: Salinity, Practical [PSU]
# name 14 = sal11: Salinity, Practical, 2 [PSU]
# name 15 = sigma-t00: Density [sigma-t, Kg/m^3 ]
# name 16 = svCM: Sound Velocity [Chen-Millero, m/s]
# name 17 = avgsvCM: Average Sound Velocity [Chen-Millero, m/s], minP = 1, minS = 5
# name 18 = flag: flag
# span 0 =        600,      27540       
# span 1 =      2.000,   1252.000       
# span 2 =     6.1041,     9.6273       
# span 3 =     6.1020,     9.6249       
# span 4 =   3.093800,   3.688978       
# span 5 =   3.094302,   3.690472       
# span 6 =     1.5537,     2.4368       
# span 7 =    -0.0985,     0.6313       
# span 8 =       8.01,     100.19       
# span 9 = 4.9452e-02, 8.3308e-01       
# span 10 = 0.0000e+00, 0.0000e+00      
# span 11 =    80.0213,    81.8337      
# span 12 =    4.12608,    6.86703      
# span 13 =    31.0558,    35.0246      
# span 14 =    31.0643,    35.0406      
# span 15 =    24.4250,    27.3652      
# span 16 =    1470.21,    1501.40      
# span 17 =    1470.21,    1491.44      
# span 18 = 0.0000e+00, 0.0000e+00      
# interval = decibars: 1                
# start_time = Feb 15 2022 04:17:59 [System UTC, header]
# bad_flag = -9.990e-29
*END*
[from data line 1220]
      26870   1222.000     7.5304     7.5292   3.633393   3.634769     1.5602    -0.0610      95.59 4.9512e-02 0.0000e+00    81.4860    4.13491    35.0244    35.0404    27.3628    1500.89    1491.20 0.0000e+00
      26892   1223.000     7.5304     7.5293   3.633449   3.634817     1.5598    -0.0664      67.45 4.9521e-02 0.0000e+00    81.4703    4.13000    35.0246    35.0404    27.3629    1500.91    1491.21 0.0000e+00
      26915   1224.000     7.5306     7.5295   3.633495   3.634877     1.5593    -0.0631      99.22 4.9521e-02 0.0000e+00    81.4762    4.13659    35.0244    35.0404    27.3628    1500.93    1491.22 0.0000e+00
      26937   1225.000     7.5307     7.5296   3.633554   3.634929     1.5592    -0.0630      69.59 4.9505e-02 0.0000e+00    81.4629    4.13236    35.0245    35.0404    27.3628    1500.94    1491.23 0.0000e+00
      26960   1226.000     7.5308     7.5296   3.633603   3.634982     1.5589    -0.0698      33.66 4.9487e-02 0.0000e+00    81.4939    4.13638    35.0245    35.0405    27.3628    1500.96    1491.23 0.0000e+00
      26982   1227.000     7.5309     7.5297   3.633653   3.635033     1.5591    -0.0673      83.38 4.9496e-02 0.0000e+00    81.4819    4.13507    35.0245    35.0405    27.3628    1500.98    1491.24 0.0000e+00
      27005   1228.000     7.5310     7.5299   3.633711   3.635091     1.5584    -0.0697      67.60 4.9509e-02 0.0000e+00    81.4730    4.13089    35.0245    35.0405    27.3628    1500.99    1491.25 0.0000e+00
      27027   1229.000     7.5311     7.5300   3.633755   3.635136     1.5584    -0.0619      30.03 4.9493e-02 0.0000e+00    81.4692    4.13468    35.0244    35.0404    27.3627    1501.01    1491.26 0.0000e+00
      27050   1230.000     7.5312     7.5300   3.633811   3.635187     1.5581    -0.0625      42.96 4.9506e-02 0.0000e+00    81.4752    4.13469    35.0245    35.0405    27.3627    1501.03    1491.26 0.0000e+00
      27073   1231.000     7.5313     7.5302   3.633861   3.635235     1.5580    -0.0608      28.34 4.9512e-02 0.0000e+00    81.5010    4.12994    35.0245    35.0404    27.3627    1501.04    1491.27 0.0000e+00
      27096   1232.000     7.5315     7.5303   3.633914   3.635290     1.5574    -0.0653      27.87 4.9499e-02 0.0000e+00    81.4901    4.12786    35.0244    35.0404    27.3626    1501.06    1491.28 0.0000e+00
      27118   1233.000     7.5315     7.5304   3.633966   3.635341     1.5573 -9.990e-29      26.98 4.9496e-02 0.0000e+00    81.4989    4.13472    35.0245    35.0404    27.3627    1501.08    1491.29 0.0000e+00
      27140   1234.000     7.5316     7.5305   3.634016   3.635393     1.5572 -9.990e-29      26.20 4.9508e-02 0.0000e+00    81.4845    4.13297    35.0245    35.0404    27.3627    1501.10    1491.30 0.0000e+00
      27162   1235.000     7.5317     7.5306   3.634067   3.635443     1.5569 -9.990e-29      25.05 4.9496e-02 0.0000e+00    81.4952    4.12814    35.0245    35.0404    27.3627    1501.11    1491.30 0.0000e+00
      27185   1236.000     7.5318     7.5307   3.634126   3.635500     1.5566 -9.990e-29      24.16 4.9499e-02 0.0000e+00    81.4856    4.12768    35.0246    35.0404    27.3627    1501.13    1491.31 0.0000e+00
      27207   1237.000     7.5320     7.5308   3.634173   3.635553     1.5561    -0.0637      23.01 4.9502e-02 0.0000e+00    81.4909    4.12989    35.0244    35.0405    27.3626    1501.15    1491.32 0.0000e+00
      27229   1238.000     7.5321     7.5310   3.634227   3.635606     1.5563    -0.0673      22.08 4.9502e-02 0.0000e+00    81.4742    4.13133    35.0244    35.0404    27.3626    1501.16    1491.33 0.0000e+00
      27251   1239.000     7.5322     7.5311   3.634282   3.635658     1.5559    -0.0632      20.98 4.9527e-02 0.0000e+00    81.4991    4.12984    35.0245    35.0404    27.3626    1501.18    1491.34 0.0000e+00
      27273   1240.000     7.5323     7.5312   3.634333   3.635709     1.5560    -0.0651      20.09 4.9515e-02 0.0000e+00    81.4984    4.13063    35.0245    35.0404    27.3626    1501.20    1491.34 0.0000e+00
      27295   1241.000     7.5324     7.5313   3.634385   3.635771     1.5555    -0.0601      19.01 4.9509e-02 0.0000e+00    81.4880    4.13114    35.0245    35.0405    27.3626    1501.22    1491.35 0.0000e+00
      27317   1242.000     7.5325     7.5314   3.634440   3.635814     1.5558 -9.990e-29      18.06 4.9477e-02 0.0000e+00    81.4856    4.13341    35.0245    35.0404    27.3626    1501.23    1491.36 0.0000e+00
      27340   1243.000     7.5326     7.5315   3.634489   3.635872     1.5555 -9.990e-29      17.07 4.9490e-02 0.0000e+00    81.5070    4.13136    35.0245    35.0405    27.3625    1501.25    1491.37 0.0000e+00
      27361   1244.000     7.5327     7.5316   3.634548   3.635918     1.5555 -9.990e-29      16.05 4.9508e-02 0.0000e+00    81.5094    4.12919    35.0246    35.0404    27.3626    1501.27    1491.37 0.0000e+00
      27383   1245.000     7.5328     7.5317   3.634596   3.635976     1.5550 -9.990e-29      15.18 4.9496e-02 0.0000e+00    81.4935    4.13080    35.0245    35.0405    27.3625    1501.28    1491.38 0.0000e+00
      27406   1246.000     7.5329     7.5318   3.634652   3.636024     1.5552    -0.0629      14.12 4.9502e-02 0.0000e+00    81.4974    4.12923    35.0246    35.0404    27.3626    1501.30    1491.39 0.0000e+00
      27428   1247.000     7.5331     7.5319   3.634703   3.636082     1.5546    -0.0619      13.12 4.9499e-02 0.0000e+00    81.4907    4.12874    35.0245    35.0405    27.3625    1501.32    1491.40 0.0000e+00
      27450   1248.000     7.5332     7.5322   3.634756   3.636136     1.5547    -0.0610      12.13 4.9496e-02 0.0000e+00    81.4750    4.13086    35.0245    35.0403    27.3625    1501.33    1491.41 0.0000e+00
      27472   1249.000     7.5334     7.5322   3.634808   3.636192     1.5546    -0.0640      11.14 4.9505e-02 0.0000e+00    81.4899    4.13608    35.0244    35.0405    27.3624    1501.35    1491.41 0.0000e+00
      27494   1250.000     7.5335     7.5323   3.634875   3.636249     1.5548    -0.0603      10.16 4.9502e-02 0.0000e+00    81.4779    4.13004    35.0246    35.0406    27.3625    1501.37    1491.42 0.0000e+00
      27515   1251.000     7.5336     7.5324   3.634920   3.636303     1.5544    -0.0631       9.19 4.9492e-02 0.0000e+00    81.4739    4.12650    35.0245    35.0406    27.3624    1501.39    1491.43 0.0000e+00
      27540   1252.000     7.5337     7.5325   3.634956   3.636332     1.5537    -0.0658       8.01 4.9502e-02 0.0000e+00    81.4743    4.12608    35.0244    35.0403    27.3623    1501.40    1491.44 0.0000e+00
