_data/ctd/2022603/sta0166.cnv
* Sea-Bird SBE 9 Data File:
* FileName = C:\Seabird\CTDData\sta0166.hex
* Software Version Seasave V 7.21f
* Temperature SN = 6264
* Conductivity SN = 4928
* Number of Bytes Per Scan = 40
* Number of Voltage Words = 5
* Number of Scans Averaged by the Deck Unit = 1
* NMEA Latitude = 60 52.91 N
* NMEA Longitude = 005 28.38 E
* NMEA UTC (Time) = Feb 12 2022 18:15:52
* NMEA baud rate = 4800
** Ship: R/V "Kristine Bonnevie"
** Station: 0166
** Echodepth: 275
** Log: 0496.753
** Wind-Dir/Force: 22 13
** Air-temp (dry): 6.9
** Weather Sky:
** Sea:
** M 04
# nquan = 19                                
# nvalues = 262                         
# units = specified
# name 0 = scan: Scan Count
# name 1 = prDM: Pressure, Digiquartz [db]
# name 2 = t068C: Temperature [ITS-68, deg C]
# name 3 = t168C: Temperature, 2 [ITS-68, deg C]
# name 4 = c0S/m: Conductivity [S/m]
# name 5 = c1S/m: Conductivity, 2 [S/m]
# name 6 = sbeox0V: Oxygen raw, SBE 43 [V]
# name 7 = flECO-AFL: Fluorescence, WET Labs ECO-AFL/FL [mg/m^3]
# name 8 = altM: Altimeter [m]
# name 9 = par: PAR/Irradiance, Biospherical/Licor
# name 10 = spar: SPAR/Surface Irradiance
# name 11 = CStarTr0: Beam Transmission, WET Labs C-Star [%]
# name 12 = sbeox0ML/L: Oxygen, SBE 43 [ml/l], WS = 2
# name 13 = sal00: Salinity, Practical [PSU]
# name 14 = sal11: Salinity, Practical, 2 [PSU]
# name 15 = sigma-t00: Density [sigma-t, Kg/m^3 ]
# name 16 = svCM: Sound Velocity [Chen-Millero, m/s]
# name 17 = avgsvCM: Average Sound Velocity [Chen-Millero, m/s], minP = 1, minS = 5
# name 18 = flag: flag
# span 0 =        475,       6269       
# span 1 =      3.000,    264.000       
# span 2 =     6.5280,    10.2589       
# span 3 =     6.5510,    10.2538       
# span 4 =   2.870326,   3.736919       
# span 5 =   2.898301,   3.738381       
# span 6 =     1.6341,     2.4382       
# span 7 =    -0.0804,     0.3372       
# span 8 =      13.52,      99.80       
# span 9 = 4.9446e-02, 3.4948e-01       
# span 10 = 0.0000e+00, 0.0000e+00      
# span 11 =    80.7586,    82.5314      
# span 12 =    3.79133,    6.87368      
# span 13 =    28.2353,    34.9532      
# span 14 =    28.5197,    34.9685      
# span 15 =    22.1520,    27.1882      
# span 16 =    1468.38,    1490.10      
# span 17 =    1468.38,    1486.37      
# span 18 = 0.0000e+00, 0.0000e+00      
# interval = decibars: 1                
# start_time = Feb 12 2022 18:15:54 [System UTC, header]
# bad_flag = -9.990e-29
*END*
        475      3.000     6.5280     6.5510   2.870326   2.898301     2.4279     0.3221      98.82 3.4948e-01 0.0000e+00    80.9190    6.87368    28.2353    28.5197    22.1520    1468.38    1468.38 0.0000e+00
        558      4.000     7.2683     7.3036   3.108884   3.120379     2.4354     0.3372      98.82 2.8974e-01 0.0000e+00    80.8146    6.75090    30.1802    30.2727    23.5900    1473.74    1469.71 0.0000e+00
        622      5.000     7.4414     7.4382   3.173911   3.175715     2.4382     0.2459      98.82 1.8833e-01 0.0000e+00    80.7586    6.61719    30.7249    30.7471    23.9951    1475.11    1470.79 0.0000e+00
        667      6.000     7.6197     7.6013   3.217670   3.217920     2.4292     0.1784      98.82 1.5459e-01 0.0000e+00    80.9874    6.55294    31.0340    31.0531    24.2138    1476.20    1471.69 0.0000e+00
        703      7.000     8.0990     8.0822   3.307340   3.308088     2.4282     0.1580      98.82 1.2130e-01 0.0000e+00    81.2702    6.51106    31.5569    31.5800    24.5571    1478.69    1472.68 0.0000e+00
        737      8.000     8.1382     8.1308   3.321369   3.322112     2.4312     0.0864      98.82 8.9769e-02 0.0000e+00    81.4083    6.45761    31.6695    31.6840    24.6397    1479.00    1473.47 0.0000e+00
        767      9.000     8.4482     8.4315   3.371621   3.372919     2.4217     0.0476      98.82 7.1746e-02 0.0000e+00    81.6158    6.32149    31.9182    31.9469    24.7894    1480.49    1474.25 0.0000e+00
        797     10.000     8.8851     8.8609   3.442601   3.443344     2.4154     0.0336      98.82 6.6958e-02 0.0000e+00    81.5429    6.27078    32.2632    32.2929    24.9937    1482.57    1475.08 0.0000e+00
        825     11.000     9.0802     9.0769   3.473084   3.474528     2.4133    -0.0042      98.82 5.3136e-02 0.0000e+00    81.6608    6.22241    32.4018    32.4197    25.0720    1483.48    1475.84 0.0000e+00
        852     12.000     9.2824     9.2689   3.511005   3.512263     2.4045    -0.0240      98.82 4.9843e-02 0.0000e+00    81.8829    6.07319    32.6091    32.6344    25.2023    1484.49    1476.55 0.0000e+00
        879     13.000     9.4615     9.4517   3.540757   3.541755     2.3879    -0.0242      98.81 4.9448e-02 0.0000e+00    81.9663    5.96636    32.7514    32.7706    25.2850    1485.34    1477.23 0.0000e+00
        905     14.000     9.5251     9.5191   3.552159   3.553333     2.3716    -0.0253      98.81 4.9460e-02 0.0000e+00    82.0394    5.89355    32.8099    32.8274    25.3204    1485.66    1477.82 0.0000e+00
        931     15.000     9.7030     9.6850   3.589935   3.590266     2.3532    -0.0377      98.81 4.9461e-02 0.0000e+00    82.0707    5.79444    33.0335    33.0534    25.4662    1486.60    1478.41 0.0000e+00
        954     16.000     9.8601     9.8564   3.619235   3.621199     2.3379    -0.0544      98.81 4.9477e-02 0.0000e+00    82.0809    5.74732    33.1878    33.2113    25.5608    1487.37    1478.96 0.0000e+00
        977     17.000     9.8750     9.8739   3.621845   3.623264     2.3261    -0.0529      98.81 4.9490e-02 0.0000e+00    82.1107    5.70776    33.2003    33.2157    25.5680    1487.46    1479.46 0.0000e+00
        999     18.000     9.8295     9.8263   3.619938   3.620921     2.3114    -0.0558      98.81 4.9451e-02 0.0000e+00    82.1452    5.63792    33.2223    33.2353    25.5928    1487.34    1479.90 0.0000e+00
       1021     19.000     9.8216     9.8184   3.629821   3.631003     2.2939 -9.990e-29      98.80 4.9464e-02 0.0000e+00    82.1716    5.56870    33.3301    33.3451    25.6782    1487.46    1480.29 0.0000e+00
       1044     20.000     9.7057     9.7163   3.619493   3.620873     2.2775 -9.990e-29      98.81 4.9457e-02 0.0000e+00    82.1616    5.55683    33.3313    33.3356    25.6984    1487.06    1480.63 0.0000e+00
       1066     21.000     9.6451     9.6329   3.619084   3.620243     2.2647 -9.990e-29      98.80 4.9446e-02 0.0000e+00    82.1852    5.54202    33.3829    33.4061    25.7486    1486.91    1480.93 0.0000e+00
       1089     22.000     9.8004     9.8000   3.642288   3.643850     2.2526 -9.990e-29      98.80 4.9464e-02 0.0000e+00    82.1810    5.52597    33.4758    33.4921    25.7956    1487.61    1481.23 0.0000e+00
       1111     23.000     9.5886     9.6013   3.622461   3.623999     2.2488    -0.0589      98.80 4.9451e-02 0.0000e+00    82.1967    5.59799    33.4693    33.4732    25.8254    1486.85    1481.47 0.0000e+00
       1133     24.000     9.5938     9.5828   3.626951   3.628476     2.2462    -0.0743      98.80 4.9466e-02 0.0000e+00    82.1958    5.56665    33.5101    33.5361    25.8565    1486.93    1481.70 0.0000e+00
       1155     25.000     9.7963     9.7901   3.652579   3.653978     2.2404    -0.0556      98.21 4.9458e-02 0.0000e+00    82.1729    5.54746    33.5835    33.6036    25.8804    1487.77    1481.94 0.0000e+00
       1177     26.000     9.8721     9.8571   3.666577   3.668008     2.2424    -0.0734      58.95 4.9452e-02 0.0000e+00    82.1769    5.59247    33.6554    33.6841    25.9239    1488.15    1482.18 0.0000e+00
       1198     27.000    10.0964    10.0892   3.696336   3.698016     2.2455    -0.0622      67.57 4.9465e-02 0.0000e+00    82.1971    5.56647    33.7489    33.7727    25.9591    1489.09    1482.43 0.0000e+00
       1219     28.000    10.1150    10.1143   3.699219   3.700797     2.2472    -0.0626      66.14 4.9452e-02 0.0000e+00    82.1951    5.54002    33.7604    33.7771    25.9650    1489.19    1482.67 0.0000e+00
       1240     29.000    10.1232    10.1187   3.702768   3.704163     2.2442    -0.0689      65.60 4.9472e-02 0.0000e+00    82.2524    5.46037    33.7883    33.8067    25.9854    1489.27    1482.90 0.0000e+00
       1261     30.000    10.1002    10.0971   3.704988   3.706374     2.2332    -0.0723      76.91 4.9479e-02 0.0000e+00    82.2696    5.37758    33.8319    33.8489    26.0233    1489.25    1483.11 0.0000e+00
       1282     31.000    10.1651    10.1549   3.719593   3.720958     2.2209    -0.0793      68.64 4.9452e-02 0.0000e+00    82.2677    5.33880    33.9191    33.9425    26.0803    1489.61    1483.32 0.0000e+00
       1304     32.000    10.2488    10.2523   3.731864   3.733193     2.2112    -0.0776      86.05 4.9465e-02 0.0000e+00    82.2804    5.32554    33.9648    33.9750    26.1016    1489.98    1483.53 0.0000e+00
       1325     33.000    10.0997    10.0849   3.717309   3.717730     2.2043    -0.0765      77.34 4.9472e-02 0.0000e+00    82.2941    5.32030    33.9563    33.9745    26.1205    1489.45    1483.71 0.0000e+00
       1347     34.000    10.2589    10.2538   3.736876   3.738362     2.1933    -0.0763      98.88 4.9471e-02 0.0000e+00    82.3258    5.24227    34.0052    34.0250    26.1314    1490.10    1483.89 0.0000e+00
       1368     35.000    10.2255    10.2255   3.736919   3.738381     2.1831    -0.0756      70.67 4.9459e-02 0.0000e+00    82.3289    5.22992    34.0365    34.0514    26.1616    1490.03    1484.07 0.0000e+00
       1390     36.000    10.1365    10.1403   3.730190   3.731607     2.1745    -0.0755      71.66 4.9464e-02 0.0000e+00    82.3465    5.21338    34.0514    34.0622    26.1884    1489.75    1484.23 0.0000e+00
       1411     37.000    10.1274    10.1269   3.732106   3.733559     2.1643    -0.0734      76.37 4.9479e-02 0.0000e+00    82.3206    5.17012    34.0790    34.0942    26.2115    1489.77    1484.37 0.0000e+00
       1433     38.000    10.0497    10.0502   3.726851   3.728246     2.1542    -0.0713      74.87 4.9464e-02 0.0000e+00    82.3323    5.16451    34.0983    34.1120    26.2398    1489.53    1484.51 0.0000e+00
       1454     39.000    10.0464    10.0446   3.728453   3.729861     2.1469    -0.0719      97.98 4.9472e-02 0.0000e+00    82.3243    5.16565    34.1172    34.1333    26.2552    1489.56    1484.64 0.0000e+00
       1475     40.000    10.0096    10.0114   3.728347   3.729826     2.1417    -0.0724      65.78 4.9479e-02 0.0000e+00    82.3471    5.17567    34.1505    34.1639    26.2874    1489.48    1484.76 0.0000e+00
       1496     41.000     9.9372     9.9403   3.723632   3.725104     2.1388    -0.0790      74.54 4.9472e-02 0.0000e+00    82.3536    5.19267    34.1704    34.1825    26.3151    1489.26    1484.87 0.0000e+00
       1517     42.000     9.8951     9.8956   3.721119   3.722549     2.1365    -0.0746      81.67 4.9465e-02 0.0000e+00    82.3431    5.18890    34.1841    34.1983    26.3330    1489.14    1484.97 0.0000e+00
       1538     43.000     9.8585     9.8586   3.718621   3.720000     2.1340    -0.0711      80.27 4.9499e-02 0.0000e+00    82.3469    5.18394    34.1928    34.2068    26.3459    1489.04    1485.06 0.0000e+00
       1559     44.000     9.8114     9.8127   3.715783   3.717151     2.1310    -0.0711      84.82 4.9466e-02 0.0000e+00    82.3499    5.17437    34.2080    34.2208    26.3657    1488.90    1485.15 0.0000e+00
       1580     45.000     9.7339     9.7349   3.711431   3.712799     2.1275    -0.0792      78.33 4.9446e-02 0.0000e+00    82.3560    5.16603    34.2366    34.2497    26.4010    1488.67    1485.23 0.0000e+00
       1601     46.000     9.7013     9.7011   3.709540   3.710911     2.1237    -0.0716      98.23 4.9471e-02 0.0000e+00    82.3518    5.15608    34.2477    34.2620    26.4151    1488.59    1485.30 0.0000e+00
       1621     47.000     9.6643     9.6644   3.707403   3.708793     2.1197    -0.0739      25.69 4.9453e-02 0.0000e+00    82.3226    5.14345    34.2605    34.2747    26.4313    1488.48    1485.37 0.0000e+00
       1643     48.000     9.6286     9.6286   3.705279   3.706658     2.1147    -0.0690      97.44 4.9485e-02 0.0000e+00    82.3509    5.12341    34.2723    34.2865    26.4464    1488.38    1485.43 0.0000e+00
       1664     49.000     9.5923     9.5925   3.703284   3.704677     2.1094    -0.0688      28.07 4.9453e-02 0.0000e+00    82.3631    5.10444    34.2859    34.3001    26.4631    1488.29    1485.49 0.0000e+00
       1685     50.000     9.5549     9.5553   3.701106   3.702465     2.1034    -0.0727      71.54 4.9465e-02 0.0000e+00    82.3709    5.08758    34.2987    34.3124    26.4793    1488.18    1485.54 0.0000e+00
       1706     51.000     9.4921     9.4934   3.697053   3.698382     2.0975    -0.0708      61.63 4.9471e-02 0.0000e+00    82.3560    5.08124    34.3165    34.3290    26.5035    1487.99    1485.59 0.0000e+00
       1728     52.000     9.4301     9.4316   3.693449   3.694769     2.0921    -0.0679      91.47 4.9466e-02 0.0000e+00    82.3627    5.07245    34.3382    34.3504    26.5307    1487.81    1485.64 0.0000e+00
       1749     53.000     9.3689     9.3695   3.690142   3.691486     2.0866    -0.0718      64.75 4.9459e-02 0.0000e+00    82.3686    5.05276    34.3622    34.3756    26.5595    1487.63    1485.67 0.0000e+00
       1770     54.000     9.3320     9.3324   3.688124   3.689456     2.0799    -0.0778      92.10 4.9464e-02 0.0000e+00    82.3703    5.03375    34.3763    34.3897    26.5765    1487.53    1485.71 0.0000e+00
       1792     55.000     9.2954     9.2955   3.686109   3.687453     2.0741    -0.0706      44.04 4.9479e-02 0.0000e+00    82.3198    5.03817    34.3901    34.4040    26.5933    1487.43    1485.74 0.0000e+00
       1813     56.000     9.2460     9.2476   3.683281   3.684605     2.0706    -0.0756      75.49 4.9472e-02 0.0000e+00    82.3230    5.06051    34.4079    34.4201    26.6152    1487.29    1485.77 0.0000e+00
       1834     57.000     9.1878     9.1883   3.679984   3.681299     2.0699    -0.0718      52.10 4.9472e-02 0.0000e+00    82.3455    5.08469    34.4292    34.4425    26.6414    1487.12    1485.79 0.0000e+00
       1855     58.000     9.1509     9.1507   3.677899   3.679264     2.0697    -0.0691      94.75 4.9489e-02 0.0000e+00    82.2966    5.07981    34.4427    34.4571    26.6578    1487.01    1485.81 0.0000e+00
       1877     59.000     9.1333     9.1324   3.677034   3.678374     2.0677    -0.0699      55.69 4.9472e-02 0.0000e+00    82.3088    5.04189    34.4502    34.4651    26.6666    1486.98    1485.83 0.0000e+00
       1898     60.000     9.1130     9.1128   3.676304   3.677619     2.0613    -0.0675      97.95 4.9472e-02 0.0000e+00    82.3278    4.97844    34.4618    34.4757    26.6789    1486.93    1485.85 0.0000e+00
       1919     61.000     9.0627     9.0642   3.673623   3.674931     2.0515    -0.0703      98.80 4.9472e-02 0.0000e+00    82.3092    4.93159    34.4820    34.4942    26.7028    1486.79    1485.86 0.0000e+00
       1940     62.000     9.0144     9.0146   3.671160   3.672471     2.0418    -0.0727      87.59 4.9479e-02 0.0000e+00    82.2742    4.91660    34.5026    34.5161    26.7267    1486.65    1485.88 0.0000e+00
       1961     63.000     8.9846     8.9845   3.669847   3.671163     2.0337    -0.0708      98.68 4.9479e-02 0.0000e+00    82.2889    4.91224    34.5173    34.5312    26.7430    1486.58    1485.89 0.0000e+00
       1982     64.000     8.9509     8.9511   3.668408   3.669712     2.0267    -0.0733      91.68 4.9466e-02 0.0000e+00    82.2900    4.89320    34.5345    34.5480    26.7618    1486.49    1485.90 0.0000e+00
       2003     65.000     8.9257     8.9255   3.667372   3.668698     2.0191    -0.0683      98.87 4.9472e-02 0.0000e+00    82.2913    4.86953    34.5477    34.5618    26.7761    1486.43    1485.91 0.0000e+00
       2025     66.000     8.8965     8.8965   3.665891   3.667205     2.0113    -0.0704      92.39 4.9483e-02 0.0000e+00    82.2810    4.85250    34.5601    34.5739    26.7905    1486.35    1485.91 0.0000e+00
       2046     67.000     8.8681     8.8678   3.664520   3.665818     2.0048    -0.0685      56.60 4.9465e-02 0.0000e+00    82.2780    4.85471    34.5729    34.5868    26.8050    1486.28    1485.92 0.0000e+00
       2067     68.000     8.8470     8.8461   3.663658   3.664959     2.0005    -0.0715      68.81 4.9471e-02 0.0000e+00    82.2741    4.85058    34.5839    34.5985    26.8170    1486.23    1485.92 0.0000e+00
       2089     69.000     8.8305     8.8295   3.662919   3.664213     1.9950    -0.0714      59.41 4.9452e-02 0.0000e+00    82.2625    4.82454    34.5918    34.6064    26.8258    1486.20    1485.93 0.0000e+00
       2110     70.000     8.8196     8.8182   3.662575   3.663890     1.9891    -0.0719      67.67 4.9479e-02 0.0000e+00    82.2622    4.80326    34.5983    34.6135    26.8326    1486.18    1485.93 0.0000e+00
       2131     71.000     8.8101     8.8089   3.662589   3.663890     1.9831    -0.0710      69.66 4.9477e-02 0.0000e+00    82.2243    4.78692    34.6073    34.6221    26.8412    1486.17    1485.93 0.0000e+00
       2153     72.000     8.7855     8.7849   3.661170   3.662447     1.9774    -0.0656      72.20 4.9479e-02 0.0000e+00    82.2504    4.78222    34.6159    34.6299    26.8518    1486.11    1485.94 0.0000e+00
       2174     73.000     8.7774     8.7759   3.661432   3.662714     1.9734    -0.0668      73.78 4.9479e-02 0.0000e+00    82.2566    4.78818    34.6261    34.6411    26.8611    1486.11    1485.94 0.0000e+00
       2195     74.000     8.7690     8.7671   3.661015   3.662296     1.9708    -0.0696      69.22 4.9472e-02 0.0000e+00    82.2481    4.79942    34.6295    34.6448    26.8650    1486.10    1485.94 0.0000e+00
       2217     75.000     8.7617     8.7604   3.660777   3.662058     1.9696    -0.0728      83.12 4.9464e-02 0.0000e+00    82.2127    4.80517    34.6336    34.6484    26.8694    1486.09    1485.94 0.0000e+00
       2238     76.000     8.7473     8.7463   3.660037   3.661314     1.9690    -0.0703      76.57 4.9479e-02 0.0000e+00    82.2039    4.81368    34.6394    34.6539    26.8762    1486.06    1485.94 0.0000e+00
       2259     77.000     8.7341     8.7326   3.659582   3.660869     1.9692    -0.0714      86.58 4.9485e-02 0.0000e+00    82.2372    4.81756    34.6471    34.6621    26.8843    1486.04    1485.95 0.0000e+00
       2281     78.000     8.7295     8.7284   3.659529   3.660825     1.9685    -0.0765      76.43 4.9464e-02 0.0000e+00    82.2319    4.81048    34.6505    34.6653    26.8878    1486.04    1485.95 0.0000e+00
