_data/ctd/2022603/sta0221.cnv
* Sea-Bird SBE 9 Data File:
* FileName = C:\Seabird\CTDData\sta0221.hex
* Software Version Seasave V 7.21f
* Temperature SN = 6264
* Conductivity SN = 4928
* Number of Bytes Per Scan = 40
* Number of Voltage Words = 5
* Number of Scans Averaged by the Deck Unit = 1
* NMEA Latitude = 61 45.95 N
* NMEA Longitude = 005 12.26 E
* NMEA UTC (Time) = Feb 17 2022 09:30:00
* NMEA baud rate = 4800
** Ship: R/V "Kristine Bonnevie"
** Station: 0221
** Echodepth: 131
** Log: 1101.110
** Wind-Dir/Force: 08 04
** Air-temp (dry): 1.3
** Weather Sky:
** Sea:
# nquan = 19                                
# nvalues = 125                         
# units = specified
# name 0 = scan: Scan Count
# name 1 = prDM: Pressure, Digiquartz [db]
# name 2 = t068C: Temperature [ITS-68, deg C]
# name 3 = t168C: Temperature, 2 [ITS-68, deg C]
# name 4 = c0S/m: Conductivity [S/m]
# name 5 = c1S/m: Conductivity, 2 [S/m]
# name 6 = sbeox0V: Oxygen raw, SBE 43 [V]
# name 7 = flECO-AFL: Fluorescence, WET Labs ECO-AFL/FL [mg/m^3]
# name 8 = altM: Altimeter [m]
# name 9 = par: PAR/Irradiance, Biospherical/Licor
# name 10 = spar: SPAR/Surface Irradiance
# name 11 = CStarTr0: Beam Transmission, WET Labs C-Star [%]
# name 12 = sbeox0ML/L: Oxygen, SBE 43 [ml/l], WS = 2
# name 13 = sal00: Salinity, Practical [PSU]
# name 14 = sal11: Salinity, Practical, 2 [PSU]
# name 15 = sigma-t00: Density [sigma-t, Kg/m^3 ]
# name 16 = svCM: Sound Velocity [Chen-Millero, m/s]
# name 17 = avgsvCM: Average Sound Velocity [Chen-Millero, m/s], minP = 1, minS = 5
# name 18 = flag: flag
# span 0 =        424,       3352       
# span 1 =      2.000,    126.000       
# span 2 =     5.5521,     8.9324       
# span 3 =     5.6739,     8.9316       
# span 4 =   2.841042,   3.653226       
# span 5 =   2.890233,   3.654241       
# span 6 =     1.4294,     2.4694       
# span 7 =    -0.0558,     0.2672       
# span 8 =       5.30,      99.06       
# span 9 = 4.9470e-02, 5.7799e+01       
# span 10 = 1.6049e+02, 1.7588e+02      
# span 11 =    64.1399,    80.2082      
# span 12 =    3.06860,    7.14496      
# span 13 =    28.7334,    34.8354      
# span 14 =    29.1767,    34.8471      
# span 15 =    22.6541,    27.1012      
# span 16 =    1465.05,    1486.41      
# span 17 =    1465.05,    1482.55      
# span 18 = 0.0000e+00, 0.0000e+00      
# interval = decibars: 1                
# start_time = Feb 17 2022 09:30:02 [System UTC, header]
# bad_flag = -9.990e-29
*END*
[from data line 77]
       2256     79.000     8.8721     8.8710   3.649941   3.650970     2.1266 -9.990e-29      65.65 4.9487e-02 1.6989e+02    76.0246    5.18595    34.4103    34.4221    26.6770    1486.29    1480.75 0.0000e+00
       2279     80.000     8.8664     8.8652   3.650442   3.651451     2.1115 -9.990e-29      98.51 4.9487e-02 1.6989e+02    75.8722    5.13157    34.4206    34.4323    26.6860    1486.30    1480.82 0.0000e+00
       2302     81.000     8.8583     8.8576   3.651594   3.652607     2.0997    -0.0558      87.97 4.9475e-02 1.7025e+02    75.8385    5.13533    34.4401    34.4514    26.7025    1486.31    1480.89 0.0000e+00
       2325     82.000     8.8415     8.8407   3.652305   3.653293     2.0918    -0.0558      54.71 4.9505e-02 1.7050e+02    75.8041    5.14530    34.4634    34.4745    26.7234    1486.29    1480.95 0.0000e+00
       2348     83.000     8.8256     8.8252   3.652391   3.653408     2.0856    -0.0558      98.31 4.9505e-02 1.7127e+02    75.7673    5.12614    34.4793    34.4903    26.7384    1486.27    1481.02 0.0000e+00
       2371     84.000     8.8125     8.8119   3.652474   3.653458     2.0780    -0.0558      98.80 4.9477e-02 1.7180e+02    75.6919    5.07690    34.4924    34.5033    26.7508    1486.26    1481.08 0.0000e+00
       2393     85.000     8.8039     8.8024   3.652977   3.653973     2.0675    -0.0558      98.80 4.9475e-02 1.7181e+02    75.6452    5.02535    34.5056    34.5175    26.7625    1486.26    1481.14 0.0000e+00
       2416     86.000     8.7757     8.7771   3.653160   3.654179     2.0565    -0.0558      98.80 4.9499e-02 1.7189e+02    75.6310    4.99610    34.5345    34.5439    26.7896    1486.20    1481.20 0.0000e+00
       2439     87.000     8.7516     8.7506   3.653206   3.654215     2.0466    -0.0558      98.80 4.9477e-02 1.7189e+02    75.5801    4.96450    34.5580    34.5696    26.8118    1486.16    1481.25 0.0000e+00
       2461     88.000     8.7329     8.7325   3.653226   3.654241     2.0350    -0.0558      33.31 4.9475e-02 1.7189e+02    75.5549    4.90127    34.5760    34.5871    26.8288    1486.13    1481.31 0.0000e+00
       2484     89.000     8.7082     8.7086   3.652909   3.653924     2.0199    -0.0558      98.75 4.9493e-02 1.7189e+02    75.4852    4.81156    34.5963    34.6067    26.8486    1486.08    1481.36 0.0000e+00
       2507     90.000     8.6845     8.6839   3.652610   3.653587     2.0003    -0.0558      98.80 4.9485e-02 1.7189e+02    75.4286    4.70731    34.6159    34.6268    26.8677    1486.03    1481.41 0.0000e+00
       2531     91.000     8.6538     8.6535   3.651959   3.652943     1.9760    -0.0558      41.84 4.9502e-02 1.7189e+02    75.3849    4.58450    34.6386    34.6493    26.8903    1485.96    1481.46 0.0000e+00
       2555     92.000     8.6303     8.6294   3.651362   3.652338     1.9474    -0.0558      98.34 4.9493e-02 1.7189e+02    75.3089    4.46059    34.6548    34.6660    26.9067    1485.91    1481.51 0.0000e+00
       2578     93.000     8.5984     8.5978   3.650426   3.651392     1.9173    -0.0558      98.80 4.9474e-02 1.7189e+02    75.2498    4.34581    34.6758    34.6866    26.9281    1485.84    1481.56 0.0000e+00
       2602     94.000     8.5799     8.5793   3.649956   3.650952     1.8859    -0.0547      37.87 4.9499e-02 1.7189e+02    75.1486    4.23538    34.6885    34.6996    26.9409    1485.80    1481.60 0.0000e+00
       2625     95.000     8.5501     8.5508   3.648929   3.649907     1.8541 -9.990e-29      35.98 4.9499e-02 1.7189e+02    75.0846    4.12917    34.7064    34.7161    26.9596    1485.73    1481.65 0.0000e+00
       2648     96.000     8.5009     8.5024   3.646977   3.647978     1.8230 -9.990e-29      35.55 4.9505e-02 1.7189e+02    75.0521    4.03644    34.7337    34.7428    26.9886    1485.59    1481.69 0.0000e+00
       2671     97.000     8.4684     8.4693   3.645636   3.646626     1.7924 -9.990e-29      48.73 4.9481e-02 1.7189e+02    75.0289    3.94742    34.7510    34.7606    27.0072    1485.51    1481.73 0.0000e+00
       2694     98.000     8.4403     8.4406   3.644401   3.645404     1.7624    -0.0275      53.72 4.9493e-02 1.7189e+02    74.9387    3.84667    34.7651    34.7754    27.0227    1485.44    1481.77 0.0000e+00
       2717     99.000     8.4045     8.4060   3.642794   3.643796     1.7317    -0.0253      57.55 4.9505e-02 1.7189e+02    74.8377    3.74073    34.7829    34.7920    27.0421    1485.34    1481.80 0.0000e+00
       2740    100.000     8.3681     8.3677   3.641010   3.641931     1.7006    -0.0292      27.88 4.9482e-02 1.7189e+02    74.7533    3.64774    34.7994    34.8096    27.0607    1485.24    1481.84 0.0000e+00
       2763    101.000     8.3580     8.3567   3.640509   3.641479     1.6707    -0.0549      23.85 4.9487e-02 1.7189e+02    74.6186    3.56002    34.8035    34.8152    27.0655    1485.23    1481.87 0.0000e+00
       2786    102.000     8.3564     8.3549   3.640482   3.641456     1.6414    -0.0262      24.22 4.9487e-02 1.7189e+02    74.5048    3.47836    34.8044    34.8162    27.0664    1485.24    1481.90 0.0000e+00
       2809    103.000     8.3563     8.3547   3.640544   3.641519     1.6136    -0.0253      57.86 4.9505e-02 1.7333e+02    74.3163    3.40376    34.8046    34.8166    27.0666    1485.26    1481.93 0.0000e+00
       2832    104.000     8.3537     8.3524   3.640511   3.641486     1.5880    -0.0253      20.06 4.9512e-02 1.7388e+02    74.2298    3.35578    34.8064    34.8180    27.0684    1485.27    1481.97 0.0000e+00
       2855    105.000     8.3459     8.3445   3.640154   3.641112     1.5670    -0.0253      26.50 4.9496e-02 1.7388e+02    74.1455    3.33466    34.8098    34.8214    27.0723    1485.26    1482.00 0.0000e+00
       2877    106.000     8.3412     8.3397   3.639980   3.640929     1.5504    -0.0253      25.54 4.9518e-02 1.7388e+02    74.1314    3.32311    34.8121    34.8237    27.0748    1485.26    1482.03 0.0000e+00
       2900    107.000     8.3351     8.3337   3.639716   3.640669     1.5369    -0.0345      24.61 4.9482e-02 1.7388e+02    74.1263    3.30663    34.8149    34.8264    27.0779    1485.26    1482.06 0.0000e+00
       2922    108.000     8.3316     8.3300   3.639601   3.640563     1.5254    -0.0528      23.72 4.9508e-02 1.7388e+02    74.0864    3.29452    34.8166    34.8285    27.0798    1485.26    1482.09 0.0000e+00
       2945    109.000     8.3228     8.3215   3.639175   3.640109     1.5163    -0.0252      22.48 4.9489e-02 1.7388e+02    74.0875    3.28386    34.8203    34.8316    27.0841    1485.25    1482.12 0.0000e+00
       2967    110.000     8.3132     8.3117   3.638719   3.639676     1.5082    -0.0253      21.42 4.9493e-02 1.7388e+02    74.0786    3.26465    34.8245    34.8362    27.0888    1485.23    1482.15 0.0000e+00
       2989    111.000     8.3121     8.3104   3.638715   3.639680     1.5005    -0.0253      20.54 4.9490e-02 1.7388e+02    74.0854    3.24664    34.8250    34.8370    27.0894    1485.25    1482.17 0.0000e+00
       3011    112.000     8.3118     8.3102   3.638750   3.639715     1.4934    -0.0253      19.47 4.9496e-02 1.7388e+02    74.1140    3.22804    34.8252    34.8371    27.0896    1485.26    1482.20 0.0000e+00
       3034    113.000     8.3116     8.3099   3.638799   3.639762     1.4869    -0.0253      18.54 4.9502e-02 1.7388e+02    74.0608    3.21029    34.8255    34.8374    27.0899    1485.28    1482.23 0.0000e+00
       3056    114.000     8.3099     8.3084   3.638765   3.639733     1.4802    -0.0253      17.50 4.9496e-02 1.7388e+02    74.0561    3.19356    34.8263    34.8381    27.0908    1485.29    1482.25 0.0000e+00
       3078    115.000     8.3013     8.3019   3.638330   3.639398     1.4747    -0.0253      16.44 4.9496e-02 1.7388e+02    74.1006    3.18850    34.8297    34.8405    27.0948    1485.28    1482.28 0.0000e+00
       3100    116.000     8.2976     8.2965   3.638189   3.639176     1.4701    -0.0253      15.49 4.9506e-02 1.7388e+02    74.1104    3.18363    34.8314    34.8430    27.0966    1485.28    1482.31 0.0000e+00
       3123    117.000     8.2974     8.2957   3.638232   3.639196     1.4659    -0.0253      14.47 4.9499e-02 1.7388e+02    73.9526    3.16724    34.8316    34.8435    27.0968    1485.30    1482.33 0.0000e+00
       3146    118.000     8.2989     8.2975   3.638377   3.639355     1.4608    -0.0253      13.42 4.9482e-02 1.7437e+02    72.8771    3.14821    34.8311    34.8430    27.0962    1485.32    1482.36 0.0000e+00
       3169    119.000     8.2983     8.2969   3.638167   3.639338     1.4562    -0.0253      12.42 4.9508e-02 1.7464e+02    71.2526    3.13707    34.8290    34.8429    27.0947    1485.33    1482.38 0.0000e+00
       3191    120.000     8.2923     8.2918   3.638101   3.639120     1.4519    -0.0253      11.44 4.9512e-02 1.7571e+02    70.5025    3.12600    34.8338    34.8451    27.0993    1485.33    1482.41 0.0000e+00
       3214    121.000     8.2931     8.2921   3.638208   3.639207     1.4477    -0.0169      10.44 4.9489e-02 1.7588e+02    69.5171    3.11876    34.8336    34.8453    27.0991    1485.35    1482.43 0.0000e+00
       3236    122.000     8.2945     8.2925   3.638327   3.639260     1.4444     0.0055       9.45 4.9524e-02 1.7588e+02    68.1496    3.11133    34.8330    34.8450    27.0984    1485.37    1482.46 0.0000e+00
       3260    123.000     8.2939     8.2922   3.638335   3.639238     1.4407     0.0122       8.45 4.9500e-02 1.7588e+02    67.2116    3.10109    34.8332    34.8445    27.0987    1485.39    1482.48 0.0000e+00
       3286    124.000     8.2887     8.2871   3.638104   3.639052     1.4372    -0.0152       7.43 4.9489e-02 1.7588e+02    66.9507    3.09489    34.8354    34.8471    27.1012    1485.39    1482.50 0.0000e+00
       3316    125.000     8.2911     8.2889   3.638275   3.639199     1.4339     0.0197       6.40 4.9488e-02 1.7588e+02    66.4670    3.08924    34.8344    34.8464    27.1000    1485.41    1482.53 0.0000e+00
       3352    126.000     8.2921     8.2911   3.638366   3.639374     1.4294     0.0231       5.30 4.9515e-02 1.7588e+02    64.1399    3.06860    34.8339    34.8456    27.0995    1485.43    1482.55 0.0000e+00
