_data/ctd/2022603/sta0180.cnv
* Sea-Bird SBE 9 Data File:
* FileName = C:\Seabird\CTDData\sta0180.hex
* Software Version Seasave V 7.21f
* Temperature SN = 6264
* Conductivity SN = 4928
* Number of Bytes Per Scan = 40
* Number of Voltage Words = 5
* Number of Scans Averaged by the Deck Unit = 1
* NMEA Latitude = 60 54.53 N
* NMEA Longitude = 004 41.43 E
* NMEA UTC (Time) = Feb 13 2022 08:45:00
* NMEA baud rate = 4800
** Ship: R/V "Kristine Bonnevie"
** Station: 0180
** Echodepth: 301
** Log: 0554.533
** Wind-Dir/Force: 22 29
** Air-temp (dry): 6.5
** Weather Sky:
** Sea:
# nquan = 19                                
# nvalues = 290                         
# units = specified
# name 0 = scan: Scan Count
# name 1 = prDM: Pressure, Digiquartz [db]
# name 2 = t068C: Temperature [ITS-68, deg C]
# name 3 = t168C: Temperature, 2 [ITS-68, deg C]
# name 4 = c0S/m: Conductivity [S/m]
# name 5 = c1S/m: Conductivity, 2 [S/m]
# name 6 = sbeox0V: Oxygen raw, SBE 43 [V]
# name 7 = flECO-AFL: Fluorescence, WET Labs ECO-AFL/FL [mg/m^3]
# name 8 = altM: Altimeter [m]
# name 9 = par: PAR/Irradiance, Biospherical/Licor
# name 10 = spar: SPAR/Surface Irradiance
# name 11 = CStarTr0: Beam Transmission, WET Labs C-Star [%]
# name 12 = sbeox0ML/L: Oxygen, SBE 43 [ml/l], WS = 2
# name 13 = sal00: Salinity, Practical [PSU]
# name 14 = sal11: Salinity, Practical, 2 [PSU]
# name 15 = sigma-t00: Density [sigma-t, Kg/m^3 ]
# name 16 = svCM: Sound Velocity [Chen-Millero, m/s]
# name 17 = avgsvCM: Average Sound Velocity [Chen-Millero, m/s], minP = 1, minS = 5
# name 18 = flag: flag
# span 0 =        201,       7066       
# span 1 =      5.000,    294.000       
# span 2 =     6.5802,     8.2501       
# span 3 =     6.5785,     8.2486       
# span 4 =   3.244773,   3.646477       
# span 5 =   3.245851,   3.647872       
# span 6 =     2.1901,     2.5422       
# span 7 =    -0.0915,     0.2597       
# span 8 =       0.28,     102.87       
# span 9 = 4.9406e-02, 1.1821e+01       
# span 10 = 4.2494e+01, 5.6732e+01      
# span 11 =    80.0675,    81.4414      
# span 12 =    5.75933,    7.00317      
# span 13 =    32.2540,    34.9872      
# span 14 =    32.2669,    35.0035      
# span 15 =    25.3074,    27.2434      
# span 16 =    1473.79,    1487.80      
# span 17 =    1473.79,    1483.61      
# span 18 = 0.0000e+00, 0.0000e+00      
# interval = decibars: 1                
# start_time = Feb 13 2022 08:45:03 [System UTC, header]
# bad_flag = -9.990e-29
*END*
        201      5.000     6.6045     6.6027   3.246981   3.247939     2.4801     0.2597      62.33 1.1821e+01 4.2494e+01    80.0677    6.88285    32.2841    32.2964    25.3318    1473.79    1473.79 0.0000e+00
        354      6.000     6.6091     6.6064   3.244773   3.246037     2.4836     0.2351       0.28 9.5772e+00 4.3173e+01    80.1155    6.89785    32.2550    32.2715    25.3082    1473.79    1473.79 0.0000e+00
        388      7.000     6.6093     6.6078   3.245063   3.245912     2.4832     0.2298      58.31 7.8188e+00 4.2530e+01    80.1155    6.89034    32.2575    32.2683    25.3102    1473.81    1473.79 0.0000e+00
        443      8.000     6.6095     6.6080   3.244807   3.245851     2.4823     0.2514     102.87 7.0029e+00 4.4112e+01    80.0956    6.88346    32.2540    32.2669    25.3074    1473.82    1473.79 0.0000e+00
        461      9.000     6.6067     6.6053   3.246543   3.247518     2.4820     0.2309      98.82 5.7626e+00 4.3971e+01    80.1328    6.88101    32.2753    32.2874    25.3246    1473.85    1473.80 0.0000e+00
        477     10.000     6.6006     6.6000   3.249953   3.250705     2.4812     0.2129      98.83 4.7297e+00 4.3971e+01    80.1055    6.87265    32.3182    32.3270    25.3591    1473.90    1473.81 0.0000e+00
        492     11.000     6.5930     6.5918   3.256891   3.257871     2.4803     0.2450      98.83 3.9747e+00 4.3971e+01    80.0675    6.86334    32.4014    32.4133    25.4256    1473.99    1473.83 0.0000e+00
        507     12.000     6.5913     6.5898   3.259658   3.260297     2.4793     0.2494      98.82 3.6746e+00 4.3971e+01    80.0956    6.86083    32.4330    32.4415    25.4508    1474.04    1473.84 0.0000e+00
        525     13.000     6.5909     6.5893   3.261723   3.262773     2.4784     0.2495      98.83 3.4101e+00 4.3971e+01    80.1541    6.86233    32.4557    32.4688    25.4687    1474.08    1473.86 0.0000e+00
        548     14.000     6.5905     6.5887   3.265098   3.266834     2.4778     0.2495      98.83 2.9766e+00 4.3971e+01    80.1449    6.88453    32.4928    32.5136    25.4980    1474.14    1473.88 0.0000e+00
        571     15.000     6.5896     6.5881   3.268588   3.269737     2.4802     0.2495      98.82 2.6395e+00 4.3971e+01    80.1598    6.91205    32.5317    32.5458    25.5288    1474.20    1473.90 0.0000e+00
        590     16.000     6.5876     6.5863   3.271338   3.272233     2.4824     0.2495      98.82 2.2912e+00 4.3971e+01    80.1791    6.92684    32.5634    32.5745    25.5541    1474.25    1473.92 0.0000e+00
        608     17.000     6.5867     6.5851   3.272994   3.273840     2.4855     0.2495      98.83 1.9548e+00 4.3971e+01    80.1910    6.94653    32.5821    32.5929    25.5689    1474.29    1473.95 0.0000e+00
        628     18.000     6.5858     6.5844   3.280567   3.281367     2.4889     0.2495      98.83 1.6803e+00 4.3971e+01    80.1630    6.96082    32.6660    32.6762    25.6352    1474.41    1473.97 0.0000e+00
        661     19.000     6.5816     6.5803   3.292085   3.292718     2.4955     0.2495      98.83 1.4941e+00 4.3971e+01    80.1468    6.97784    32.7967    32.8050    25.7388    1474.57    1474.00 0.0000e+00
        697     20.000     6.5802     6.5785   3.294364   3.295358     2.5015     0.2495      98.83 1.4050e+00 4.3971e+01    80.1559    6.98749    32.8228    32.8354    25.7595    1474.61    1474.03 0.0000e+00
        714     21.000     6.5912     6.5877   3.297738   3.298735     2.5037     0.2487      98.83 1.2258e+00 4.3971e+01    80.1602    6.98374    32.8490    32.8634    25.7787    1474.71    1474.07 0.0000e+00
        728     22.000     6.6284     6.6232   3.307761   3.308696     2.5053     0.2146      98.83 1.0715e+00 4.3971e+01    80.1731    6.97257    32.9234    32.9387    25.8326    1474.96    1474.11 0.0000e+00
        741     23.000     6.6896     6.6774   3.319657   3.319860     2.5059     0.2159      98.83 9.3819e-01 4.3971e+01    80.1702    6.95603    32.9952    33.0092    25.8812    1475.31    1474.16 0.0000e+00
        754     24.000     6.7516     6.7376   3.331548   3.331325     2.5069     0.2117      98.83 8.2952e-01 4.3971e+01    80.2016    6.95062    33.0660    33.0770    25.9288    1475.66    1474.22 0.0000e+00
        765     25.000     6.8148     6.8047   3.343862   3.344680     2.5078     0.2122      98.83 7.5152e-01 4.3971e+01    80.1911    6.94591    33.1400    33.1587    25.9787    1476.01    1474.29 0.0000e+00
        784     26.000     6.8559     6.8513   3.352353   3.353271     2.5103     0.2034      98.83 7.1701e-01 4.3971e+01    80.2039    6.95097    33.1931    33.2076    26.0151    1476.26    1474.37 0.0000e+00
        817     27.000     6.8536     6.8519   3.355935   3.356948     2.5132     0.2110      98.83 6.3426e-01 4.3971e+01    80.2023    6.92607    33.2342    33.2470    26.0478    1476.31    1474.44 0.0000e+00
        843     28.000     6.8234     6.8203   3.355795   3.356405     2.5111     0.2497      98.83 5.5028e-01 4.3971e+01    80.2516    6.88763    33.2614    33.2711    26.0733    1476.25    1474.50 0.0000e+00
        865     29.000     6.8360     6.8324   3.358852   3.359799     2.5078     0.2495      98.83 4.8994e-01 4.3971e+01    80.2870    6.87739    33.2823    33.2962    26.0881    1476.34    1474.57 0.0000e+00
        888     30.000     6.8680     6.8628   3.365699   3.366687     2.5060     0.2495      98.83 4.4650e-01 4.3971e+01    80.2907    6.89111    33.3261    33.3420    26.1182    1476.53    1474.63 0.0000e+00
        916     31.000     6.9637     6.9576   3.384342   3.385622     2.5071     0.2085      93.30 4.0748e-01 4.3971e+01    80.3024    6.90454    33.4373    33.4572    26.1930    1477.06    1474.71 0.0000e+00
        942     32.000     7.0485     7.0436   3.402071   3.403239     2.5104     0.2041      80.46 3.8073e-01 4.3971e+01    80.3419    6.91283    33.5485    33.5661    26.2691    1477.55    1474.80 0.0000e+00
        961     33.000     7.0884     7.0858   3.412984   3.414052     2.5133     0.2033      99.24 3.5153e-01 4.3971e+01    80.3642    6.90528    33.6286    33.6428    26.3267    1477.82    1474.89 0.0000e+00
        977     34.000     7.0939     7.0927   3.417378   3.418380     2.5146     0.2017      75.63 3.2460e-01 4.3971e+01    80.3747    6.89590    33.6708    33.6829    26.3591    1477.91    1474.98 0.0000e+00
        992     35.000     7.0854     7.0845   3.420389   3.421480     2.5155     0.1633      98.88 2.8850e-01 4.3973e+01    80.3530    6.88896    33.7116    33.7244    26.3924    1477.94    1475.06 0.0000e+00
       1006     36.000     7.0845     7.0827   3.420551   3.421669     2.5157     0.1728      98.84 2.5558e-01 4.4324e+01    80.3398    6.88351    33.7137    33.7277    26.3942    1477.96    1475.14 0.0000e+00
       1020     37.000     7.0838     7.0822   3.420640   3.421769     2.5155     0.1687      98.83 2.2875e-01 -9.990e-29    80.3322    6.88513    33.7149    33.7288    26.3953    1477.97    1475.22 0.0000e+00
       1036     38.000     7.0742     7.0741   3.421070   3.422211     2.5160     0.1629      69.73 2.0737e-01 -9.990e-29    80.2954    6.90257    33.7285    33.7411    26.4073    1477.97    1475.29 0.0000e+00
       1065     39.000     7.0546     7.0531   3.420408   3.421662     2.5194     0.1623      71.24 1.8811e-01 -9.990e-29    80.3104    6.93468    33.7400    33.7552    26.4190    1477.93    1475.36 0.0000e+00
       1109     40.000     7.1045     7.1057   3.428251   3.430302     2.5260     0.1639      80.47 1.7602e-01 4.5938e+01    80.3082    6.97177    33.7765    33.7978    26.4409    1478.18    1475.43 0.0000e+00
       1135     41.000     7.1327     7.1304   3.433452   3.434602     2.5331     0.1639      56.52 1.6104e-01 4.5970e+01    80.3096    7.00317    33.8053    33.8201    26.4596    1478.34    1475.50 0.0000e+00
       1156     42.000     7.1413     7.1396   3.434944   3.436064     2.5378     0.1673      64.70 1.4949e-01 4.5969e+01    80.3225    6.99915    33.8127    33.8266    26.4643    1478.40    1475.57 0.0000e+00
       1175     43.000     7.1395     7.1383   3.434843   3.436035     2.5407     0.2136      82.93 1.3579e-01 4.5442e+01    80.3096    6.98488    33.8128    33.8270    26.4647    1478.41    1475.64 0.0000e+00
       1193     44.000     7.1361     7.1353   3.434662   3.435859     2.5415     0.1853      58.66 1.2043e-01 4.4001e+01    80.3130    6.97294    33.8137    33.8276    26.4658    1478.42    1475.70 0.0000e+00
       1213     45.000     7.1312     7.1303   3.434403   3.435584     2.5422     0.1665      98.81 1.0703e-01 4.4368e+01    80.3133    6.97118    33.8152    33.8290    26.4677    1478.41    1475.76 0.0000e+00
       1234     46.000     7.1291     7.1274   3.434362   3.435497     2.5420     0.1702      45.07 9.9515e-02 4.5281e+01    80.3253    6.96736    33.8163    33.8304    26.4688    1478.42    1475.82 0.0000e+00
       1257     47.000     7.1298     7.1287   3.434581   3.435814     2.5421     0.1685      85.65 9.3280e-02 4.5972e+01    80.3278    6.97004    33.8175    33.8321    26.4697    1478.44    1475.87 0.0000e+00
       1280     48.000     7.1323     7.1305   3.435033   3.436170     2.5422     0.2098      56.84 8.5545e-02 4.5969e+01    80.3334    6.96758    33.8195    33.8337    26.4709    1478.47    1475.93 0.0000e+00
       1302     49.000     7.1364     7.1345   3.435684   3.436848     2.5420     0.1803      95.09 8.3693e-02 4.5969e+01    80.3194    6.96736    33.8221    33.8367    26.4724    1478.51    1475.98 0.0000e+00
       1321     50.000     7.1408     7.1392   3.436500   3.437681     2.5420     0.1662      96.14 7.5946e-02 4.5969e+01    80.3125    6.96630    33.8263    33.8407    26.4751    1478.55    1476.03 0.0000e+00
       1338     51.000     7.1425     7.1410   3.437154   3.438304     2.5418     0.1614      58.25 6.9320e-02 4.5969e+01    80.3192    6.96123    33.8312    33.8453    26.4788    1478.58    1476.08 0.0000e+00
       1353     52.000     7.1343     7.1332   3.436471   3.437587     2.5412     0.1376      98.82 6.6404e-02 4.5969e+01    80.3423    6.96058    33.8313    33.8446    26.4800    1478.56    1476.13 0.0000e+00
       1367     53.000     7.1334     7.1318   3.436578   3.437745     2.5409     0.1276      97.92 6.2041e-02 4.5969e+01    80.3657    6.95820    33.8329    33.8472    26.4813    1478.58    1476.17 0.0000e+00
       1380     54.000     7.1340     7.1324   3.436832   3.438016     2.5403     0.1274      74.56 5.5272e-02 4.5969e+01    80.3518    6.95224    33.8346    33.8491    26.4826    1478.60    1476.22 0.0000e+00
       1398     55.000     7.1356     7.1338   3.437284   3.438448     2.5391     0.1274      96.69 5.0694e-02 4.5969e+01    80.3127    6.94881    33.8375    33.8520    26.4846    1478.62    1476.26 0.0000e+00
       1454     56.000     7.1460     7.1431   3.438810   3.439898     2.5393     0.1611      93.48 4.9507e-02 4.5969e+01    80.3431    6.96474    33.8435    33.8582    26.4879    1478.69    1476.31 0.0000e+00
       1502     57.000     7.1537     7.1528   3.439950   3.441170     2.5406     0.2034      46.36 4.9491e-02 4.5969e+01    80.3457    6.97601    33.8479    33.8621    26.4903    1478.74    1476.35 0.0000e+00
       1520     58.000     7.1605     7.1579   3.441004   3.442119     2.5413     0.1688      99.72 4.9500e-02 4.5969e+01    80.3487    6.96866    33.8523    33.8670    26.4928    1478.79    1476.39 0.0000e+00
       1535     59.000     7.1653     7.1628   3.441901   3.442971     2.5409     0.1621      39.19 4.9485e-02 4.5969e+01    80.3443    6.95793    33.8569    33.8710    26.4958    1478.83    1476.43 0.0000e+00
       1549     60.000     7.1811     7.1769   3.444546   3.445593     2.5400     0.1693      75.49 4.9492e-02 4.5969e+01    80.3683    6.94920    33.8698    33.8853    26.5037    1478.92    1476.47 0.0000e+00
       1562     61.000     7.1935     7.1907   3.446793   3.447922     2.5396     0.1377      97.27 4.9503e-02 4.5969e+01    80.3647    6.94676    33.8817    33.8967    26.5114    1479.00    1476.51 0.0000e+00
       1576     62.000     7.2198     7.2131   3.452118   3.453052     2.5389     0.1284      98.67 4.9492e-02 4.5969e+01    80.3329    6.93871    33.9135    33.9303    26.5328    1479.16    1476.56 0.0000e+00
       1594     63.000     7.2519     7.2495   3.457724   3.459023     2.5383     0.1669      98.64 4.9495e-02 4.5969e+01    80.3415    6.93397    33.9427    33.9592    26.5513    1479.33    1476.60 0.0000e+00
       1616     64.000     7.2574     7.2561   3.458913   3.460185     2.5376     0.1365      93.18 4.9475e-02 4.5969e+01    80.3533    6.93090    33.9497    33.9649    26.5561    1479.38    1476.64 0.0000e+00
       1639     65.000     7.2868     7.2801   3.463644   3.464921     2.5365     0.1273      46.50 4.9496e-02 4.5969e+01    80.3681    6.90810    33.9720    33.9925    26.5694    1479.54    1476.69 0.0000e+00
       1660     66.000     7.4080     7.4030   3.480284   3.481626     2.5340     0.1429      96.85 4.9492e-02 4.5969e+01    80.3485    6.86786    34.0335    34.0530    26.6008    1480.10    1476.74 0.0000e+00
       1680     67.000     7.4875     7.4780   3.490605   3.491693     2.5317     0.1702      58.10 4.9534e-02 4.5969e+01    80.3888    6.85218    34.0670    34.0882    26.6159    1480.46    1476.80 0.0000e+00
       1698     68.000     7.4606     7.4587   3.489600   3.490284     2.5301     0.1283      98.62 4.9470e-02 4.5969e+01    80.4414    6.83250    34.0821    34.0914    26.6315    1480.39    1476.85 0.0000e+00
       1718     69.000     7.4722     7.4708   3.493130   3.494784     2.5251     0.1087      68.89 4.9524e-02 -9.990e-29    80.4988    6.76776    34.1085    34.1278    26.6507    1480.49    1476.90 0.0000e+00
       1748     70.000     7.5002     7.4979   3.497758   3.499035     2.5118     0.1176      86.18 4.9510e-02 -9.990e-29    80.5187    6.69108    34.1307    34.1468    26.6641    1480.64    1476.95 0.0000e+00
       1794     71.000     7.4861     7.4860   3.497686   3.499004     2.4917     0.1143      99.44 4.9504e-02 4.5969e+01    80.5447    6.62994    34.1433    34.1577    26.6761    1480.62    1477.01 0.0000e+00
       1819     72.000     7.5082     7.5060   3.501888   3.503288     2.4810     0.0961      97.11 4.9482e-02 4.7060e+01    80.5460    6.59671    34.1666    34.1840    26.6913    1480.75    1477.06 0.0000e+00
       1836     73.000     7.5271     7.5239   3.504316   3.505549     2.4744     0.0968      19.79 4.9488e-02 4.7982e+01    80.5651    6.58919    34.1739    34.1904    26.6943    1480.84    1477.11 0.0000e+00
       1853     74.000     7.5526     7.5472   3.507910   3.508823     2.4698     0.0968      96.80 4.9488e-02 4.7968e+01    80.5702    6.58243    34.1873    34.2025    26.7011    1480.97    1477.16 0.0000e+00
       1872     75.000     7.5615     7.5590   3.509348   3.510551     2.4643     0.0968      56.93 4.9487e-02 4.7968e+01    80.5774    6.57354    34.1936    34.2091    26.7048    1481.03    1477.21 0.0000e+00
       1897     76.000     7.5652     7.5630   3.509935   3.511119     2.4586     0.0968      90.33 4.9478e-02 4.6686e+01    80.5774    6.55492    34.1958    34.2108    26.7060    1481.07    1477.26 0.0000e+00
       1921     77.000     7.5682     7.5672   3.510392   3.511788     2.4524     0.0968      99.04 4.9486e-02 4.5951e+01    80.5772    6.53663    34.1973    34.2134    26.7068    1481.10    1477.31 0.0000e+00
       1940     78.000     7.5883     7.5815   3.513221   3.514080     2.4483     0.0968      79.20 4.9488e-02 4.6255e+01    80.6096    6.53076    34.2077    34.2237    26.7120    1481.20    1477.36 0.0000e+00
       1956     79.000     7.6120     7.6068   3.516088   3.517071     2.4454     0.0968      46.35 4.9491e-02 4.7940e+01    80.5878    6.52389    34.2149    34.2307    26.7143    1481.32    1477.41 0.0000e+00
       1970     80.000     7.6420     7.6367   3.519961   3.521499     2.4430     0.0968      98.22 4.9489e-02 4.7968e+01    80.4560    6.51380    34.2268    34.2486    26.7193    1481.46    1477.46 0.0000e+00
