_data/ctd/2022603/sta0216.cnv
* Sea-Bird SBE 9 Data File:
* FileName = C:\Seabird\CTDData\sta0216.hex
* Software Version Seasave V 7.21f
* Temperature SN = 6264
* Conductivity SN = 4928
* Number of Bytes Per Scan = 40
* Number of Voltage Words = 5
* Number of Scans Averaged by the Deck Unit = 1
* NMEA Latitude = 61 29.24 N
* NMEA Longitude = 005 17.85 E
* NMEA UTC (Time) = Feb 16 2022 09:07:51
* NMEA baud rate = 4800
** Ship: R/V "Kristine Bonnevie"
** Station: 0216
** Echodepth: 347
** Log: 0945.471
** Wind-Dir/Force: 13  08
** Air-temp (dry): 4.2
** Weather Sky:
** Sea:
** FOFJ09
# nquan = 19                                
# nvalues = 344                         
# units = specified
# name 0 = scan: Scan Count
# name 1 = prDM: Pressure, Digiquartz [db]
# name 2 = t068C: Temperature [ITS-68, deg C]
# name 3 = t168C: Temperature, 2 [ITS-68, deg C]
# name 4 = c0S/m: Conductivity [S/m]
# name 5 = c1S/m: Conductivity, 2 [S/m]
# name 6 = sbeox0V: Oxygen raw, SBE 43 [V]
# name 7 = flECO-AFL: Fluorescence, WET Labs ECO-AFL/FL [mg/m^3]
# name 8 = altM: Altimeter [m]
# name 9 = par: PAR/Irradiance, Biospherical/Licor
# name 10 = spar: SPAR/Surface Irradiance
# name 11 = CStarTr0: Beam Transmission, WET Labs C-Star [%]
# name 12 = sbeox0ML/L: Oxygen, SBE 43 [ml/l], WS = 2
# name 13 = sal00: Salinity, Practical [PSU]
# name 14 = sal11: Salinity, Practical, 2 [PSU]
# name 15 = sigma-t00: Density [sigma-t, Kg/m^3 ]
# name 16 = svCM: Sound Velocity [Chen-Millero, m/s]
# name 17 = avgsvCM: Average Sound Velocity [Chen-Millero, m/s], minP = 1, minS = 5
# name 18 = flag: flag
# span 0 =        310,       8043       
# span 1 =      1.000,    344.000       
# span 2 =     6.2946,     9.0898       
# span 3 =     6.2935,     9.0878       
# span 4 =   3.031899,   3.662889       
# span 5 =   3.028851,   3.664372       
# span 6 =     1.9810,     2.4444       
# span 7 =    -0.0984,     0.1277       
# span 8 =       4.21,      99.59       
# span 9 = 4.9452e-02, 7.3376e+01       
# span 10 = 1.3682e+02, 1.7190e+02      
# span 11 =    78.6120,    81.1436      
# span 12 =    5.09599,    6.76152      
# span 13 =    29.9298,    35.0104      
# span 14 =    29.9180,    35.0272      
# span 15 =    23.4772,    27.2837      
# span 16 =    1470.76,    1488.10      
# span 17 =    1470.76,    1485.79      
# span 18 = 0.0000e+00, 0.0000e+00      
# interval = decibars: 1                
# start_time = Feb 16 2022 09:07:54 [System UTC, header]
# bad_flag = -9.990e-29
*END*
[from data line 305]
       6874    306.000     7.9919     7.9904   3.634876   3.636306     1.9943    -0.0558      72.92 4.9464e-02 1.6789e+02    79.1738    5.12487    35.0084    35.0253    27.2820    1487.48    1485.54 0.0000e+00
       6895    307.000     7.9922     7.9906   3.634943   3.636375     1.9942    -0.0558      98.50 4.9483e-02 1.6829e+02    79.1778    5.12280    35.0084    35.0253    27.2819    1487.50    1485.55 0.0000e+00
       6917    308.000     7.9923     7.9908   3.634994   3.636429     1.9939 -9.990e-29      59.58 4.9489e-02 1.6987e+02    79.1441    5.11785    35.0083    35.0252    27.2819    1487.51    1485.55 0.0000e+00
       6939    309.000     7.9921     7.9906   3.635033   3.636463     1.9932 -9.990e-29      74.36 4.9485e-02 1.6989e+02    79.1589    5.11778    35.0085    35.0253    27.2820    1487.53    1485.56 0.0000e+00
       6960    310.000     7.9919     7.9903   3.635068   3.636505     1.9929 -9.990e-29      37.04 4.9505e-02 1.6989e+02    79.1550    5.11790    35.0086    35.0256    27.2821    1487.55    1485.57 0.0000e+00
       6981    311.000     7.9920     7.9904   3.635128   3.636549     1.9925 -9.990e-29      37.10 4.9492e-02 1.6989e+02    79.1476    5.12008    35.0086    35.0255    27.2822    1487.56    1485.57 0.0000e+00
       7002    312.000     7.9918     7.9902   3.635158   3.636596     1.9926 -9.990e-29      36.23 4.9490e-02 1.6989e+02    79.1142    5.12383    35.0087    35.0257    27.2822    1487.58    1485.58 0.0000e+00
       7024    313.000     7.9917     7.9902   3.635211   3.636645     1.9925 -9.990e-29      35.26 4.9492e-02 1.6989e+02    79.0878    5.12234    35.0089    35.0257    27.2824    1487.60    1485.59 0.0000e+00
       7045    314.000     7.9917     7.9901   3.635261   3.636688     1.9923 -9.990e-29      34.11 4.9496e-02 1.6989e+02    79.1156    5.12124    35.0089    35.0258    27.2824    1487.61    1485.59 0.0000e+00
       7067    315.000     7.9918     7.9901   3.635312   3.636741     1.9921 -9.990e-29      32.99 4.9512e-02 1.6989e+02    79.0974    5.11842    35.0089    35.0259    27.2824    1487.63    1485.60 0.0000e+00
       7088    316.000     7.9919     7.9903   3.635367   3.636801     1.9915 -9.990e-29      32.05 4.9518e-02 1.6989e+02    79.0849    5.11422    35.0089    35.0259    27.2824    1487.65    1485.60 0.0000e+00
       7110    317.000     7.9918     7.9904   3.635408   3.636843     1.9910 -9.990e-29      31.19 4.9502e-02 1.6989e+02    79.1012    5.11430    35.0089    35.0257    27.2825    1487.66    1485.61 0.0000e+00
       7132    318.000     7.9910     7.9898   3.635419   3.636857     1.9905 -9.990e-29      30.15 4.9481e-02 1.6989e+02    79.0696    5.11822    35.0094    35.0260    27.2829    1487.68    1485.62 0.0000e+00
       7154    319.000     7.9909     7.9894   3.635454   3.636893     1.9904 -9.990e-29      29.18 4.9502e-02 1.6989e+02    79.0386    5.11739    35.0094    35.0263    27.2829    1487.69    1485.62 0.0000e+00
       7176    320.000     7.9910     7.9895   3.635511   3.636949     1.9902 -9.990e-29      28.09 4.9479e-02 1.6989e+02    79.0558    5.11833    35.0094    35.0263    27.2829    1487.71    1485.63 0.0000e+00
       7197    321.000     7.9911     7.9896   3.635573   3.637005     1.9901 -9.990e-29      27.00 4.9521e-02 1.6989e+02    78.9939    5.11779    35.0095    35.0264    27.2830    1487.73    1485.64 0.0000e+00
       7219    322.000     7.9913     7.9898   3.635623   3.637065     1.9894 -9.990e-29      26.08 4.9512e-02 1.6989e+02    78.9492    5.11397    35.0094    35.0263    27.2828    1487.74    1485.64 0.0000e+00
       7240    323.000     7.9917     7.9901   3.635690   3.637124     1.9895 -9.990e-29      24.97 4.9496e-02 1.6989e+02    78.9498    5.11462    35.0092    35.0262    27.2827    1487.76    1485.65 0.0000e+00
       7262    324.000     7.9919     7.9903   3.635749   3.637194     1.9888 -9.990e-29      23.95 4.9492e-02 1.6989e+02    78.9491    5.11436    35.0091    35.0262    27.2826    1487.78    1485.66 0.0000e+00
       7284    325.000     7.9920     7.9905   3.635803   3.637243     1.9886 -9.990e-29      22.95 4.9502e-02 1.6989e+02    78.9657    5.11200    35.0091    35.0261    27.2826    1487.79    1485.66 0.0000e+00
       7306    326.000     7.9921     7.9906   3.635859   3.637287     1.9880 -9.990e-29      21.98 4.9515e-02 1.6989e+02    78.9725    5.11223    35.0092    35.0260    27.2826    1487.81    1485.67 0.0000e+00
       7328    327.000     7.9922     7.9905   3.635908   3.637347     1.9879 -9.990e-29      20.96 4.9496e-02 1.6989e+02    78.9911    5.11452    35.0091    35.0262    27.2825    1487.83    1485.68 0.0000e+00
       7350    328.000     7.9919     7.9903   3.635942   3.637377     1.9876 -9.990e-29      19.98 4.9489e-02 1.6989e+02    78.9759    5.11140    35.0093    35.0263    27.2827    1487.84    1485.68 0.0000e+00
       7372    329.000     7.9913     7.9898   3.635970   3.637400     1.9870 -9.990e-29      18.99 4.9477e-02 1.6989e+02    78.9738    5.11063    35.0097    35.0265    27.2831    1487.86    1485.69 0.0000e+00
       7393    330.000     7.9912     7.9898   3.636012   3.637451     1.9868 -9.990e-29      18.00 4.9471e-02 1.6992e+02    78.9499    5.11258    35.0098    35.0266    27.2832    1487.87    1485.70 0.0000e+00
       7415    331.000     7.9910     7.9894   3.636054   3.637487     1.9866 -9.990e-29      17.02 4.9508e-02 1.7004e+02    78.9094    5.10837    35.0099    35.0269    27.2834    1487.89    1485.70 0.0000e+00
       7437    332.000     7.9909     7.9894   3.636101   3.637535     1.9857 -9.990e-29      16.02 4.9485e-02 1.7036e+02    78.8902    5.10254    35.0101    35.0270    27.2835    1487.91    1485.71 0.0000e+00
       7463    333.000     7.9909     7.9894   3.636136   3.637564     1.9851 -9.990e-29      14.96 4.9487e-02 1.7105e+02    78.8597    5.10743    35.0100    35.0268    27.2834    1487.92    1485.72 0.0000e+00
       7498    334.000     7.9909     7.9895   3.636181   3.637613     1.9847 -9.990e-29      13.83 4.9488e-02 1.7133e+02    78.7948    5.10741    35.0100    35.0267    27.2834    1487.94    1485.72 0.0000e+00
       7581    335.000     7.9915     7.9899   3.636259   3.637687     1.9844 -9.990e-29      12.71 4.9505e-02 1.7190e+02    78.7945    5.11011    35.0097    35.0266    27.2831    1487.96    1485.73 0.0000e+00
       7709    336.000     7.9916     7.9898   3.636314   3.637734     1.9847 -9.990e-29      11.59 4.9491e-02 1.7189e+02    78.7808    5.11283    35.0097    35.0268    27.2831    1487.97    1485.74 0.0000e+00
       7768    337.000     7.9908     7.9893   3.636313   3.637751     1.9848 -9.990e-29      10.68 4.9486e-02 1.7189e+02    78.7531    5.11208    35.0100    35.0270    27.2835    1487.99    1485.74 0.0000e+00
       7811    338.000     7.9908     7.9892   3.636357   3.637798     1.9843 -9.990e-29       9.74 4.9481e-02 1.7189e+02    78.7335    5.10927    35.0100    35.0271    27.2835    1488.00    1485.75 0.0000e+00
       7852    339.000     7.9909     7.9892   3.636415   3.637845     1.9842 -9.990e-29       8.80 4.9493e-02 1.7189e+02    78.6568    5.11294    35.0101    35.0271    27.2835    1488.02    1485.76 0.0000e+00
       7892    340.000     7.9908     7.9892   3.636461   3.637892     1.9839 -9.990e-29       7.81 4.9510e-02 1.7189e+02    78.6658    5.10459    35.0102    35.0271    27.2836    1488.04    1485.76 0.0000e+00
       7931    341.000     7.9910     7.9894   3.636525   3.637960     1.9829 -9.990e-29       6.85 4.9496e-02 1.7189e+02    78.6871    5.10423    35.0102    35.0272    27.2836    1488.06    1485.77 0.0000e+00
       7969    342.000     7.9909     7.9897   3.636569   3.638010     1.9818 -9.990e-29       5.87 4.9487e-02 1.7189e+02    78.6320    5.09599    35.0103    35.0269    27.2836    1488.07    1485.78 0.0000e+00
       8007    343.000     7.9909     7.9894   3.636619   3.638054     1.9810 -9.990e-29       5.02 4.9495e-02 1.7189e+02    78.6206    5.10290    35.0103    35.0272    27.2837    1488.09    1485.78 0.0000e+00
       8043    344.000     7.9908     7.9893   3.636659   3.638085     1.9810 -9.990e-29       4.21 4.9517e-02 1.7189e+02    78.6120    5.10684    35.0104    35.0272    27.2837    1488.10    1485.79 0.0000e+00
