_data/ctd/2022603/sta0205.cnv
* Sea-Bird SBE 9 Data File:
* FileName = C:\Seabird\CTDData\sta0205.hex
* Software Version Seasave V 7.21f
* Temperature SN = 6264
* Conductivity SN = 4928
* Number of Bytes Per Scan = 40
* Number of Voltage Words = 5
* Number of Scans Averaged by the Deck Unit = 1
* NMEA Latitude = 61 05.29 N
* NMEA Longitude = 005 13.85 E
* NMEA UTC (Time) = Feb 15 2022 14:50:15
* NMEA baud rate = 4800
** Ship: R/V "Kristine Bonnevie"
** Station: 0205
** Echodepth: 1048
** Log: 0855.950
** Wind-Dir/Force: 21 09
** Air-temp (dry): 4.3
** Weather Sky:
** Sea:
# nquan = 19                                
# nvalues = 1061                        
# units = specified
# name 0 = scan: Scan Count
# name 1 = prDM: Pressure, Digiquartz [db]
# name 2 = t068C: Temperature [ITS-68, deg C]
# name 3 = t168C: Temperature, 2 [ITS-68, deg C]
# name 4 = c0S/m: Conductivity [S/m]
# name 5 = c1S/m: Conductivity, 2 [S/m]
# name 6 = sbeox0V: Oxygen raw, SBE 43 [V]
# name 7 = flECO-AFL: Fluorescence, WET Labs ECO-AFL/FL [mg/m^3]
# name 8 = altM: Altimeter [m]
# name 9 = par: PAR/Irradiance, Biospherical/Licor
# name 10 = spar: SPAR/Surface Irradiance
# name 11 = CStarTr0: Beam Transmission, WET Labs C-Star [%]
# name 12 = sbeox0ML/L: Oxygen, SBE 43 [ml/l], WS = 2
# name 13 = sal00: Salinity, Practical [PSU]
# name 14 = sal11: Salinity, Practical, 2 [PSU]
# name 15 = sigma-t00: Density [sigma-t, Kg/m^3 ]
# name 16 = svCM: Sound Velocity [Chen-Millero, m/s]
# name 17 = avgsvCM: Average Sound Velocity [Chen-Millero, m/s], minP = 1, minS = 5
# name 18 = flag: flag
# span 0 =        -11,      23843       
# span 1 =      2.000,   1062.000       
# span 2 =     6.0781,     8.8597       
# span 3 =     6.0751,     8.8432       
# span 4 =   3.101746,   3.651363       
# span 5 =   3.102814,   3.652799       
# span 6 =     1.5845,     2.4454       
# span 7 =    -0.1090,     0.6173       
# span 8 =       4.44,      99.64       
# span 9 = 4.9451e-02, 2.1381e+01       
# span 10 = 3.1979e+01, 5.5957e+01      
# span 11 =    80.0134,    81.8168      
# span 12 =    4.14596,    6.86766      
# span 13 =    31.1689,    35.0239      
# span 14 =    31.1836,    35.0400      
# span 15 =    24.5175,    27.3658      
# span 16 =    1470.25,    1498.19      
# span 17 =    1470.25,    1489.89      
# span 18 = 0.0000e+00, 0.0000e+00      
# interval = decibars: 1                
# start_time = Feb 15 2022 14:50:18 [System UTC, header]
# bad_flag = -9.990e-29
*END*
[from data line 762]
      16507    764.000     7.4987     7.4974   3.610527   3.611903     1.6631    -0.0678      98.74 4.9536e-02 5.1965e+01    81.5202    4.27611    35.0213    35.0375    27.3649    1493.18    1487.65 0.0000e+00
      16530    765.000     7.4983     7.4971   3.610540   3.611921     1.6627    -0.0654      91.85 4.9506e-02 5.1965e+01    81.5336    4.27765    35.0213    35.0375    27.3650    1493.19    1487.66 0.0000e+00
      16553    766.000     7.4985     7.4971   3.610596   3.611974     1.6622    -0.0686      98.69 4.9511e-02 5.1965e+01    81.4894    4.27353    35.0213    35.0376    27.3650    1493.21    1487.66 0.0000e+00
      16575    767.000     7.4985     7.4972   3.610637   3.612018     1.6614    -0.0656      81.66 4.9527e-02 5.1965e+01    81.5130    4.26836    35.0213    35.0375    27.3649    1493.23    1487.67 0.0000e+00
      16598    768.000     7.4983     7.4971   3.610668   3.612044     1.6607    -0.0677      41.28 4.9524e-02 5.1965e+01    81.4859    4.26767    35.0213    35.0374    27.3650    1493.24    1487.68 0.0000e+00
      16621    769.000     7.4982     7.4970   3.610702   3.612081     1.6599    -0.0650      95.70 4.9505e-02 5.1965e+01    81.4825    4.26455    35.0213    35.0374    27.3650    1493.26    1487.69 0.0000e+00
      16644    770.000     7.4983     7.4970   3.610758   3.612124     1.6588    -0.0615      97.26 4.9530e-02 5.1965e+01    81.5103    4.26039    35.0213    35.0374    27.3650    1493.28    1487.69 0.0000e+00
      16667    771.000     7.4983     7.4971   3.610797   3.612180     1.6583    -0.0696      90.05 4.9506e-02 5.1965e+01    81.4943    4.26847    35.0213    35.0375    27.3650    1493.29    1487.70 0.0000e+00
      16690    772.000     7.4981     7.4970   3.610832   3.612215     1.6583    -0.0651      94.99 4.9542e-02 5.1965e+01    81.4841    4.27017    35.0214    35.0375    27.3651    1493.31    1487.71 0.0000e+00
      16714    773.000     7.4983     7.4970   3.610895   3.612262     1.6581    -0.0673      91.64 4.9520e-02 5.1965e+01    81.4965    4.26740    35.0214    35.0375    27.3651    1493.33    1487.72 0.0000e+00
      16737    774.000     7.4984     7.4971   3.610939   3.612315     1.6576    -0.0693      88.35 4.9535e-02 5.1965e+01    81.4946    4.26766    35.0213    35.0375    27.3650    1493.34    1487.72 0.0000e+00
      16760    775.000     7.4983     7.4970   3.610984   3.612360     1.6578    -0.0674      91.77 4.9524e-02 5.1965e+01    81.4944    4.27220    35.0214    35.0376    27.3651    1493.36    1487.73 0.0000e+00
      16783    776.000     7.4985     7.4971   3.611041   3.612407     1.6574    -0.0652      84.75 4.9535e-02 5.1965e+01    81.4964    4.26596    35.0214    35.0376    27.3650    1493.38    1487.74 0.0000e+00
      16806    777.000     7.4986     7.4973   3.611090   3.612471     1.6574    -0.0657      94.68 4.9530e-02 5.1965e+01    81.4720    4.26788    35.0213    35.0376    27.3650    1493.39    1487.74 0.0000e+00
      16828    778.000     7.4986     7.4974   3.611141   3.612527     1.6569    -0.0656      98.40 4.9559e-02 5.1965e+01    81.5040    4.26130    35.0214    35.0376    27.3651    1493.41    1487.75 0.0000e+00
      16851    779.000     7.4986     7.4974   3.611190   3.612569     1.6562    -0.0660      98.78 4.9536e-02 5.1965e+01    81.5113    4.26174    35.0215    35.0376    27.3651    1493.43    1487.76 0.0000e+00
      16874    780.000     7.4988     7.4975   3.611246   3.612628     1.6559    -0.0670      74.28 4.9515e-02 5.1965e+01    81.4998    4.26375    35.0214    35.0377    27.3650    1493.44    1487.77 0.0000e+00
      16896    781.000     7.4988     7.4975   3.611286   3.612662     1.6557    -0.0699      69.34 4.9499e-02 5.1965e+01    81.4934    4.25999    35.0214    35.0376    27.3650    1493.46    1487.77 0.0000e+00
      16919    782.000     7.4988     7.4975   3.611331   3.612707     1.6549    -0.0664      67.25 4.9523e-02 5.1965e+01    81.4872    4.25759    35.0214    35.0376    27.3650    1493.48    1487.78 0.0000e+00
      16942    783.000     7.4989     7.4977   3.611387   3.612770     1.6549    -0.0685      78.72 4.9542e-02 5.1965e+01    81.4867    4.26588    35.0214    35.0376    27.3650    1493.49    1487.79 0.0000e+00
      16965    784.000     7.4989     7.4976   3.611439   3.612818     1.6547    -0.0674      58.49 4.9517e-02 5.1965e+01    81.4782    4.26017    35.0215    35.0377    27.3651    1493.51    1487.79 0.0000e+00
      16988    785.000     7.4988     7.4975   3.611473   3.612844     1.6541    -0.0660      86.85 4.9500e-02 5.1965e+01    81.5127    4.25866    35.0215    35.0376    27.3651    1493.53    1487.80 0.0000e+00
      17011    786.000     7.4987     7.4975   3.611512   3.612891     1.6539    -0.0651      47.54 4.9487e-02 5.1965e+01    81.4636    4.25760    35.0216    35.0377    27.3652    1493.54    1487.81 0.0000e+00
      17034    787.000     7.4988     7.4975   3.611561   3.612937     1.6537    -0.0628      95.63 4.9505e-02 5.1965e+01    81.4948    4.26088    35.0215    35.0377    27.3651    1493.56    1487.82 0.0000e+00
      17056    788.000     7.4989     7.4976   3.611618   3.613002     1.6533    -0.0531      39.83 4.9483e-02 5.1965e+01    81.4889    4.25715    35.0216    35.0378    27.3651    1493.58    1487.82 0.0000e+00
      17079    789.000     7.4987     7.4975   3.611648   3.613028     1.6531    -0.0646      98.80 4.9511e-02 5.1965e+01    81.4796    4.26232    35.0216    35.0378    27.3652    1493.59    1487.83 0.0000e+00
      17102    790.000     7.4988     7.4975   3.611700   3.613068     1.6530    -0.0684      26.35 4.9502e-02 5.1965e+01    81.4691    4.25666    35.0216    35.0377    27.3652    1493.61    1487.84 0.0000e+00
      17124    791.000     7.4988     7.4975   3.611745   3.613124     1.6527    -0.0638      94.95 4.9505e-02 5.1965e+01    81.4837    4.25704    35.0216    35.0379    27.3652    1493.63    1487.85 0.0000e+00
      17147    792.000     7.4989     7.4976   3.611796   3.613174     1.6522    -0.0617      24.34 4.9515e-02 5.1965e+01    81.4821    4.25606    35.0216    35.0378    27.3652    1493.64    1487.85 0.0000e+00
      17169    793.000     7.4990     7.4977   3.611842   3.613230     1.6522    -0.0665      96.72 4.9499e-02 5.1965e+01    81.4810    4.25692    35.0215    35.0379    27.3651    1493.66    1487.86 0.0000e+00
      17192    794.000     7.4991     7.4979   3.611905   3.613278     1.6516    -0.0660      91.70 4.9499e-02 5.1965e+01    81.4792    4.25203    35.0217    35.0377    27.3652    1493.68    1487.87 0.0000e+00
      17214    795.000     7.4992     7.4979   3.611958   3.613335     1.6512    -0.0676      91.97 4.9483e-02 5.1965e+01    81.4842    4.25347    35.0217    35.0378    27.3652    1493.69    1487.87 0.0000e+00
      17237    796.000     7.4994     7.4980   3.612021   3.613401     1.6509    -0.0646      89.29 4.9512e-02 5.1965e+01    81.4595    4.25459    35.0217    35.0380    27.3651    1493.71    1487.88 0.0000e+00
      17260    797.000     7.4994     7.4981   3.612072   3.613437     1.6507    -0.0655      93.54 4.9505e-02 5.1965e+01    81.4620    4.25566    35.0218    35.0378    27.3652    1493.73    1487.89 0.0000e+00
      17283    798.000     7.4994     7.4981   3.612106   3.613483     1.6507    -0.0670      98.72 4.9499e-02 5.1965e+01    81.4802    4.25265    35.0217    35.0378    27.3651    1493.74    1487.90 0.0000e+00
      17305    799.000     7.4994     7.4980   3.612149   3.613525     1.6500    -0.0673      32.01 4.9471e-02 5.1965e+01    81.4595    4.24902    35.0216    35.0379    27.3651    1493.76    1487.90 0.0000e+00
      17328    800.000     7.4994     7.4981   3.612204   3.613573     1.6497    -0.0633      98.66 4.9518e-02 5.1965e+01    81.4709    4.24976    35.0218    35.0379    27.3652    1493.78    1487.91 0.0000e+00
      17351    801.000     7.4997     7.4983   3.612264   3.613628     1.6492    -0.0656      28.90 4.9483e-02 5.1965e+01    81.4827    4.24596    35.0217    35.0378    27.3651    1493.79    1487.92 0.0000e+00
      17373    802.000     7.4998     7.4985   3.612321   3.613692     1.6487    -0.0691      99.38 4.9477e-02 5.1965e+01    81.4869    4.25028    35.0217    35.0378    27.3651    1493.81    1487.93 0.0000e+00
      17395    803.000     7.4997     7.4984   3.612358   3.613734     1.6489    -0.0594      31.26 4.9518e-02 5.1965e+01    81.4833    4.25582    35.0217    35.0379    27.3651    1493.83    1487.93 0.0000e+00
      17418    804.000     7.4998     7.4985   3.612414   3.613785     1.6485    -0.0714      98.12 4.9502e-02 5.1965e+01    81.4774    4.24915    35.0218    35.0379    27.3651    1493.84    1487.94 0.0000e+00
      17440    805.000     7.5000     7.4986   3.612467   3.613841     1.6486    -0.0634      31.87 4.9469e-02 5.1965e+01    81.4708    4.25446    35.0217    35.0379    27.3650    1493.86    1487.95 0.0000e+00
      17463    806.000     7.5000     7.4986   3.612514   3.613888     1.6486    -0.0618      92.17 4.9502e-02 5.1965e+01    81.4735    4.24976    35.0217    35.0380    27.3651    1493.88    1487.96 0.0000e+00
      17485    807.000     7.4998     7.4986   3.612551   3.613930     1.6479    -0.0634      33.48 4.9463e-02 5.1965e+01    81.4724    4.25092    35.0218    35.0379    27.3652    1493.89    1487.96 0.0000e+00
      17507    808.000     7.4997     7.4984   3.612578   3.613959     1.6483    -0.0658      95.94 4.9515e-02 5.1965e+01    81.4743    4.25338    35.0218    35.0380    27.3652    1493.91    1487.97 0.0000e+00
      17530    809.000     7.4997     7.4985   3.612632   3.614013     1.6479    -0.0670      94.96 4.9487e-02 5.1965e+01    81.4707    4.24778    35.0219    35.0380    27.3652    1493.93    1487.98 0.0000e+00
      17553    810.000     7.5000     7.4988   3.612705   3.614082     1.6472    -0.0717      96.68 4.9524e-02 5.1965e+01    81.4604    4.24612    35.0219    35.0380    27.3652    1493.94    1487.98 0.0000e+00
      17575    811.000     7.5001     7.4988   3.612742   3.614126     1.6472    -0.0685      90.47 4.9521e-02 5.1965e+01    81.4810    4.24814    35.0217    35.0380    27.3651    1493.96    1487.99 0.0000e+00
      17598    812.000     7.5002     7.4989   3.612799   3.614176     1.6469    -0.0728      96.28 4.9496e-02 5.1965e+01    81.4603    4.24676    35.0218    35.0380    27.3651    1493.98    1488.00 0.0000e+00
      17620    813.000     7.5003     7.4990   3.612852   3.614238     1.6464    -0.0713      89.35 4.9512e-02 5.1965e+01    81.4552    4.24594    35.0218    35.0381    27.3651    1494.00    1488.01 0.0000e+00
      17643    814.000     7.5005     7.4992   3.612917   3.614289     1.6464    -0.0701      97.59 4.9489e-02 5.1965e+01    81.4516    4.24557    35.0218    35.0379    27.3651    1494.01    1488.01 0.0000e+00
      17665    815.000     7.5005     7.4993   3.612979   3.614347     1.6457    -0.0701      98.64 4.9509e-02 5.1965e+01    81.4453    4.24180    35.0220    35.0380    27.3652    1494.03    1488.02 0.0000e+00
      17687    816.000     7.5005     7.4993   3.613005   3.614387     1.6453    -0.0683      27.90 4.9477e-02 5.1965e+01    81.4511    4.24275    35.0218    35.0380    27.3651    1494.05    1488.03 0.0000e+00
      17709    817.000     7.5006     7.4993   3.613053   3.614439     1.6451    -0.0665      98.36 4.9522e-02 5.1965e+01    81.4387    4.24569    35.0218    35.0380    27.3650    1494.06    1488.04 0.0000e+00
      17731    818.000     7.5006     7.4994   3.613107   3.614493     1.6449    -0.0714      96.57 4.9508e-02 5.1965e+01    81.4480    4.24441    35.0219    35.0381    27.3651    1494.08    1488.04 0.0000e+00
      17753    819.000     7.5008     7.4995   3.613161   3.614543     1.6447    -0.0613      90.61 4.9476e-02 5.1965e+01    81.4726    4.24493    35.0218    35.0380    27.3650    1494.10    1488.05 0.0000e+00
      17775    820.000     7.5009     7.4996   3.613214   3.614592     1.6447    -0.0554      95.45 4.9499e-02 5.1965e+01    81.4511    4.24593    35.0218    35.0380    27.3650    1494.11    1488.06 0.0000e+00
      17797    821.000     7.5009     7.4996   3.613257   3.614642     1.6444    -0.0678      91.89 4.9490e-02 5.1965e+01    81.4503    4.24827    35.0218    35.0381    27.3650    1494.13    1488.07 0.0000e+00
      17820    822.000     7.5010     7.4997   3.613309   3.614687     1.6445    -0.0615      93.51 4.9517e-02 -9.990e-29    81.4625    4.24653    35.0218    35.0380    27.3650    1494.15    1488.07 0.0000e+00
      17842    823.000     7.5010     7.4997   3.613357   3.614732     1.6445    -0.0692      92.24 4.9502e-02 -9.990e-29    81.4683    4.24514    35.0218    35.0380    27.3650    1494.16    1488.08 0.0000e+00
      17864    824.000     7.5010     7.4997   3.613407   3.614782     1.6439    -0.0663      92.77 4.9508e-02 -9.990e-29    81.4652    4.24027    35.0219    35.0381    27.3651    1494.18    1488.09 0.0000e+00
      17886    825.000     7.5011     7.4998   3.613452   3.614833     1.6437    -0.0651      92.99 4.9496e-02 -9.990e-29    81.4732    4.24321    35.0218    35.0381    27.3650    1494.20    1488.09 0.0000e+00
      17909    826.000     7.5011     7.4999   3.613497   3.614886     1.6435    -0.0646      95.80 4.9521e-02 5.1433e+01    81.4448    4.24554    35.0218    35.0381    27.3650    1494.21    1488.10 0.0000e+00
      17931    827.000     7.5010     7.4998   3.613548   3.614921     1.6434    -0.0664      96.38 4.9502e-02 5.0689e+01    81.4735    4.24248    35.0220    35.0381    27.3652    1494.23    1488.11 0.0000e+00
      17952    828.000     7.5011     7.4998   3.613597   3.614974     1.6430    -0.0649      91.73 4.9512e-02 5.0479e+01    81.4734    4.24041    35.0220    35.0382    27.3651    1494.25    1488.12 0.0000e+00
      17974    829.000     7.5012     7.4999   3.613650   3.615027     1.6427    -0.0652      93.33 4.9508e-02 5.0539e+01    81.4627    4.24187    35.0220    35.0382    27.3651    1494.26    1488.12 0.0000e+00
      17995    830.000     7.5011     7.4998   3.613681   3.615062     1.6426    -0.0650      90.13 4.9496e-02 5.0007e+01    81.4640    4.24301    35.0220    35.0382    27.3651    1494.28    1488.13 0.0000e+00
      18017    831.000     7.5011     7.4998   3.613735   3.615104     1.6423    -0.0669      93.07 4.9502e-02 4.9968e+01    81.4582    4.23802    35.0221    35.0382    27.3652    1494.30    1488.14 0.0000e+00
      18039    832.000     7.5012     7.4999   3.613790   3.615162     1.6417    -0.0686      97.99 4.9496e-02 4.9967e+01    81.4654    4.23429    35.0221    35.0382    27.3652    1494.31    1488.15 0.0000e+00
      18062    833.000     7.5012     7.4999   3.613833   3.615209     1.6412    -0.0714      38.17 4.9469e-02 4.9967e+01    81.4565    4.23573    35.0221    35.0383    27.3652    1494.33    1488.15 0.0000e+00
      18084    834.000     7.5013     7.5000   3.613872   3.615253     1.6409    -0.0678      92.28 4.9508e-02 4.9967e+01    81.4499    4.23571    35.0219    35.0382    27.3651    1494.35    1488.16 0.0000e+00
      18106    835.000     7.5011     7.4999   3.613917   3.615299     1.6403    -0.0692      27.38 4.9484e-02 4.9967e+01    81.4530    4.23523    35.0222    35.0383    27.3653    1494.36    1488.17 0.0000e+00
      18129    836.000     7.5012     7.4999   3.613961   3.615347     1.6403    -0.0586      93.72 4.9493e-02 4.9967e+01    81.4504    4.23962    35.0221    35.0384    27.3652    1494.38    1488.18 0.0000e+00
      18152    837.000     7.5013     7.5000   3.614014   3.615394     1.6402    -0.0621      29.46 4.9476e-02 4.9967e+01    81.4252    4.23682    35.0221    35.0383    27.3652    1494.40    1488.18 0.0000e+00
      18174    838.000     7.5013     7.5001   3.614067   3.615447     1.6399    -0.0658      95.87 4.9496e-02 4.9967e+01    81.4088    4.23782    35.0222    35.0383    27.3653    1494.41    1488.19 0.0000e+00
      18196    839.000     7.5013     7.5001   3.614113   3.615489     1.6399    -0.0628      98.77 4.9515e-02 4.9967e+01    81.4315    4.23563    35.0222    35.0383    27.3653    1494.43    1488.20 0.0000e+00
