_data/ctd/2022603/sta0184.cnv
* Sea-Bird SBE 9 Data File:
* FileName = C:\Seabird\CTDData\sta0184.hex
* Software Version Seasave V 7.21f
* Temperature SN = 6264
* Conductivity SN = 4928
* Number of Bytes Per Scan = 40
* Number of Voltage Words = 5
* Number of Scans Averaged by the Deck Unit = 1
* NMEA Latitude = 61 11.60 N
* NMEA Longitude = 007 02.49 E
* NMEA UTC (Time) = Feb 14 2022 08:48:34
* NMEA baud rate = 4800
** Ship: R/V "Kristine Bonnevie"
** Station: 0184
** Echodepth: 201
** Log: 0716.407
** Wind-Dir/Force: 07 09
** Air-temp (dry): 2.1
** Weather Sky:
** Sea:
# nquan = 19                                
# nvalues = 197                         
# units = specified
# name 0 = scan: Scan Count
# name 1 = prDM: Pressure, Digiquartz [db]
# name 2 = t068C: Temperature [ITS-68, deg C]
# name 3 = t168C: Temperature, 2 [ITS-68, deg C]
# name 4 = c0S/m: Conductivity [S/m]
# name 5 = c1S/m: Conductivity, 2 [S/m]
# name 6 = sbeox0V: Oxygen raw, SBE 43 [V]
# name 7 = flECO-AFL: Fluorescence, WET Labs ECO-AFL/FL [mg/m^3]
# name 8 = altM: Altimeter [m]
# name 9 = par: PAR/Irradiance, Biospherical/Licor
# name 10 = spar: SPAR/Surface Irradiance
# name 11 = CStarTr0: Beam Transmission, WET Labs C-Star [%]
# name 12 = sbeox0ML/L: Oxygen, SBE 43 [ml/l], WS = 2
# name 13 = sal00: Salinity, Practical [PSU]
# name 14 = sal11: Salinity, Practical, 2 [PSU]
# name 15 = sigma-t00: Density [sigma-t, Kg/m^3 ]
# name 16 = svCM: Sound Velocity [Chen-Millero, m/s]
# name 17 = avgsvCM: Average Sound Velocity [Chen-Millero, m/s], minP = 1, minS = 5
# name 18 = flag: flag
# span 0 =        380,       5266       
# span 1 =      1.000,    197.000       
# span 2 =     3.9529,     9.9801       
# span 3 =     4.0158,     9.9822       
# span 4 =   2.478425,   3.645239       
# span 5 =   2.500732,   3.646917       
# span 6 =     1.3992,     2.4692       
# span 7 =    -0.0570,     0.8391       
# span 8 =       8.50,      99.33       
# span 9 = 4.9464e-02, 3.4952e+01       
# span 10 = 8.3944e+01, 8.7947e+01      
# span 11 =    73.3626,    81.0777      
# span 12 =    3.03070,    7.58020      
# span 13 =    25.9478,    34.1463      
# span 14 =    26.1540,    34.1625      
# span 15 =    20.5976,    26.5435      
# span 16 =    1454.81,    1488.26      
# span 17 =    1454.81,    1483.39      
# span 18 = 0.0000e+00, 0.0000e+00      
# interval = decibars: 1                
# start_time = Feb 14 2022 08:48:36 [System UTC, header]
# bad_flag = -9.990e-29
*END*
[from data line 153]
       3772    154.000     8.4166     8.4148   3.585158   3.586538     1.4443    -0.0558      87.35 4.9509e-02 8.7941e+01    80.0778    3.16691    34.1332    34.1496    26.5307    1485.49    1482.71 0.0000e+00
       3792    155.000     8.4162     8.4144   3.585236   3.586625     1.4440    -0.0558      98.80 4.9505e-02 8.7941e+01    80.0249    3.16071    34.1340    34.1504    26.5313    1485.51    1482.73 0.0000e+00
       3812    156.000     8.4159     8.4141   3.585270   3.586657     1.4431    -0.0529      83.37 4.9488e-02 8.7941e+01    79.9545    3.15068    34.1341    34.1506    26.5315    1485.52    1482.75 0.0000e+00
       3833    157.000     8.4153     8.4135   3.585299   3.586681     1.4419    -0.0526      99.00 4.9516e-02 8.7941e+01    79.8657    3.14024    34.1346    34.1509    26.5319    1485.54    1482.76 0.0000e+00
       3853    158.000     8.4144     8.4127   3.585314   3.586696     1.4399    -0.0437      91.38 4.9498e-02 8.7941e+01    79.7717    3.12718    34.1351    34.1514    26.5325    1485.55    1482.78 0.0000e+00
       3874    159.000     8.4142     8.4124   3.585354   3.586738     1.4375    -0.0219      98.77 4.9512e-02 8.7941e+01    79.6711    3.11708    34.1353    34.1517    26.5326    1485.57    1482.80 0.0000e+00
       3895    160.000     8.4145     8.4128   3.585428   3.586815     1.4350    -0.0402      87.01 4.9501e-02 8.7941e+01    79.5590    3.11308    34.1353    34.1516    26.5326    1485.58    1482.82 0.0000e+00
       3915    161.000     8.4144     8.4127   3.585461   3.586853     1.4335    -0.0329      97.92 4.9525e-02 8.7941e+01    79.5076    3.11482    34.1353    34.1517    26.5326    1485.60    1482.83 0.0000e+00
       3936    162.000     8.4142     8.4125   3.585502   3.586894     1.4318    -0.0161      86.77 4.9505e-02 8.7941e+01    79.4458    3.10941    34.1354    34.1518    26.5327    1485.62    1482.85 0.0000e+00
       3957    163.000     8.4124     8.4109   3.585402   3.586806     1.4301    -0.0239      96.47 4.9502e-02 8.7941e+01    79.4337    3.10558    34.1356    34.1520    26.5332    1485.63    1482.87 0.0000e+00
       3977    164.000     8.4110     8.4093   3.585363   3.586748     1.4289    -0.0445      86.75 4.9519e-02 8.7941e+01    79.4362    3.10616    34.1361    34.1524    26.5338    1485.64    1482.88 0.0000e+00
       3998    165.000     8.4100     8.4084   3.585357   3.586731     1.4278    -0.0432      93.65 4.9492e-02 8.7941e+01    79.4439    3.10562    34.1365    34.1526    26.5343    1485.65    1482.90 0.0000e+00
       4019    166.000     8.4095     8.4077   3.585383   3.586754     1.4271    -0.0443      86.90 4.9492e-02 8.7941e+01    79.4423    3.10853    34.1368    34.1531    26.5346    1485.67    1482.92 0.0000e+00
       4039    167.000     8.4091     8.4073   3.585414   3.586784     1.4266    -0.0472      91.08 4.9508e-02 8.7941e+01    79.4944    3.11393    34.1371    34.1533    26.5348    1485.68    1482.93 0.0000e+00
       4060    168.000     8.4090     8.4073   3.585475   3.586858     1.4270    -0.0460      90.21 4.9499e-02 8.7941e+01    79.5645    3.11628    34.1373    34.1536    26.5350    1485.70    1482.95 0.0000e+00
       4081    169.000     8.4090     8.4074   3.585559   3.586954     1.4266    -0.0462      89.24 4.9485e-02 8.7941e+01    79.5628    3.11402    34.1378    34.1541    26.5354    1485.71    1482.97 0.0000e+00
       4102    170.000     8.4083     8.4066   3.585546   3.586938     1.4267    -0.0503      89.67 4.9515e-02 8.7941e+01    79.6077    3.11606    34.1378    34.1542    26.5355    1485.73    1482.98 0.0000e+00
       4122    171.000     8.4081     8.4065   3.585582   3.586971     1.4268    -0.0519      15.30 4.9499e-02 8.7941e+01    79.5975    3.11194    34.1379    34.1542    26.5357    1485.74    1483.00 0.0000e+00
       4143    172.000     8.4073     8.4056   3.585569   3.586940     1.4260    -0.0499      62.77 4.9479e-02 8.7941e+01    79.5571    3.10765    34.1381    34.1543    26.5359    1485.76    1483.02 0.0000e+00
       4164    173.000     8.4070     8.4052   3.585593   3.586961     1.4256    -0.0500      40.55 4.9492e-02 8.7941e+01    79.5723    3.10509    34.1382    34.1544    26.5360    1485.77    1483.03 0.0000e+00
       4185    174.000     8.4064     8.4047   3.585586   3.586962     1.4248    -0.0226      55.49 4.9492e-02 8.7941e+01    79.5922    3.10478    34.1382    34.1544    26.5361    1485.79    1483.05 0.0000e+00
       4205    175.000     8.4053     8.4035   3.585597   3.586967     1.4244    -0.0196      56.57 4.9502e-02 8.7941e+01    79.5718    3.10688    34.1389    34.1552    26.5369    1485.80    1483.06 0.0000e+00
       4226    176.000     8.4049     8.4032   3.585623   3.587004     1.4241    -0.0283      93.62 4.9519e-02 8.7941e+01    79.6068    3.10648    34.1391    34.1554    26.5371    1485.82    1483.08 0.0000e+00
       4247    177.000     8.4047     8.4030   3.585666   3.587050     1.4240    -0.0517      28.76 4.9525e-02 8.7941e+01    79.5773    3.10891    34.1393    34.1556    26.5372    1485.83    1483.09 0.0000e+00
       4268    178.000     8.4045     8.4028   3.585724   3.587102     1.4241    -0.0431      28.97 4.9478e-02 8.7941e+01    79.5198    3.11388    34.1396    34.1559    26.5375    1485.85    1483.11 0.0000e+00
       4289    179.000     8.4041     8.4024   3.585781   3.587150     1.4243    -0.0418      28.37 4.9512e-02 8.7941e+01    79.5020    3.10934    34.1402    34.1563    26.5380    1485.86    1483.12 0.0000e+00
       4310    180.000     8.4042     8.4025   3.585828   3.587212     1.4240    -0.0505      27.19 4.9519e-02 8.7941e+01    79.5066    3.11104    34.1401    34.1564    26.5379    1485.88    1483.14 0.0000e+00
       4331    181.000     8.4029     8.4013   3.585883   3.587260     1.4241    -0.0539      26.29 4.9492e-02 8.7941e+01    79.4733    3.10820    34.1415    34.1576    26.5392    1485.89    1483.15 0.0000e+00
       4353    182.000     8.4021     8.4005   3.585935   3.587310     1.4234    -0.0465      25.06 4.9502e-02 8.7941e+01    79.4605    3.09901    34.1423    34.1584    26.5400    1485.91    1483.17 0.0000e+00
       4375    183.000     8.4019     8.4002   3.585978   3.587362     1.4223    -0.0206      23.94 4.9503e-02 8.7941e+01    79.4077    3.09472    34.1425    34.1588    26.5402    1485.92    1483.18 0.0000e+00
       4400    184.000     8.4017     8.4000   3.586038   3.587414     1.4210    -0.0202      22.51 4.9495e-02 8.7941e+01    79.3177    3.08655    34.1428    34.1591    26.5405    1485.94    1483.20 0.0000e+00
       4425    185.000     8.4019     8.4001   3.586096   3.587468     1.4195    -0.0495      21.64 4.9489e-02 8.7941e+01    79.2546    3.08152    34.1428    34.1591    26.5404    1485.96    1483.21 0.0000e+00
       4474    186.000     8.4015     8.3998   3.586154   3.587533     1.4176    -0.0236      20.35 4.9511e-02 8.7941e+01    79.2914    3.07791    34.1433    34.1596    26.5409    1485.97    1483.23 0.0000e+00
       4695    187.000     8.4036     8.4016   3.586228   3.587605     1.4160    -0.0345      18.54 4.9496e-02 8.7941e+01    79.2125    3.08532    34.1416    34.1581    26.5392    1485.99    1483.24 0.0000e+00
       4775    188.000     8.4018     8.4001   3.586251   3.587634     1.4153    -0.0275      17.64 4.9487e-02 8.7941e+01    79.1063    3.08020    34.1431    34.1594    26.5407    1486.01    1483.26 0.0000e+00
       4838    189.000     8.4008     8.3990   3.586298   3.587677     1.4133    -0.0253      16.39 4.9498e-02 8.7941e+01    79.0712    3.06688    34.1441    34.1605    26.5416    1486.02    1483.27 0.0000e+00
       4898    190.000     8.4003     8.3985   3.586349   3.587732     1.4104    -0.0354      15.62 4.9494e-02 8.7941e+01    79.0990    3.05825    34.1447    34.1611    26.5421    1486.04    1483.29 0.0000e+00
       4955    191.000     8.4000     8.3983   3.586407   3.587784     1.4080    -0.0112      14.56 4.9480e-02 8.7941e+01    79.0820    3.05037    34.1451    34.1614    26.5425    1486.05    1483.30 0.0000e+00
       5011    192.000     8.3997     8.3979   3.586465   3.587841     1.4061    -0.0275      13.49 4.9481e-02 8.7941e+01    79.1412    3.04984    34.1456    34.1619    26.5429    1486.07    1483.32 0.0000e+00
       5066    193.000     8.3992     8.3975   3.586515   3.587891     1.4045    -0.0145      12.21 4.9482e-02 8.7941e+01    79.0643    3.04212    34.1461    34.1623    26.5434    1486.08    1483.33 0.0000e+00
       5117    194.000     8.3992     8.3975   3.586574   3.587954     1.4028    -0.0392      10.96 4.9483e-02 8.7941e+01    79.0916    3.03854    34.1463    34.1625    26.5435    1486.10    1483.35 0.0000e+00
       5167    195.000     8.3994     8.3977   3.586622   3.588001     1.4014    -0.0382      10.21 4.9488e-02 8.7941e+01    78.9986    3.03358    34.1461    34.1624    26.5434    1486.12    1483.36 0.0000e+00
       5216    196.000     8.3997     8.3979   3.586678   3.588061     1.4001    -0.0381       8.98 4.9495e-02 8.7941e+01    78.9727    3.03070    34.1459    34.1623    26.5432    1486.13    1483.37 0.0000e+00
       5266    197.000     8.3997     8.3979   3.586671   3.588116     1.3992    -0.0425       8.50 4.9522e-02 8.7941e+01    78.8923    3.03176    34.1454    34.1624    26.5428    1486.15    1483.39 0.0000e+00
