_data/ctd/2022603/sta0162.cnv
* Sea-Bird SBE 9 Data File:
* FileName = C:\Seabird\CTDData\sta0162.hex
* Software Version Seasave V 7.21f
* Temperature SN = 6264
* Conductivity SN = 4928
* Number of Bytes Per Scan = 40
* Number of Voltage Words = 5
* Number of Scans Averaged by the Deck Unit = 1
* NMEA Latitude = 59 45.22 N
* NMEA Longitude = 006 05.76 E
* NMEA UTC (Time) = Feb 11 2022 21:16:36
* NMEA baud rate = 4800
** Ship: R/V "Kristine Bonnevie"
** Station: 0162
** Echodepth: 617
** Log: 0354.716
** Wind-Dir/Force: 28 04
** Air-temp (dry): 4.4
** Weather Sky:
** Sea:
# nquan = 19                                
# nvalues = 603                         
# units = specified
# name 0 = scan: Scan Count
# name 1 = prDM: Pressure, Digiquartz [db]
# name 2 = t068C: Temperature [ITS-68, deg C]
# name 3 = t168C: Temperature, 2 [ITS-68, deg C]
# name 4 = c0S/m: Conductivity [S/m]
# name 5 = c1S/m: Conductivity, 2 [S/m]
# name 6 = sbeox0V: Oxygen raw, SBE 43 [V]
# name 7 = flECO-AFL: Fluorescence, WET Labs ECO-AFL/FL [mg/m^3]
# name 8 = altM: Altimeter [m]
# name 9 = par: PAR/Irradiance, Biospherical/Licor
# name 10 = spar: SPAR/Surface Irradiance
# name 11 = CStarTr0: Beam Transmission, WET Labs C-Star [%]
# name 12 = sbeox0ML/L: Oxygen, SBE 43 [ml/l], WS = 2
# name 13 = sal00: Salinity, Practical [PSU]
# name 14 = sal11: Salinity, Practical, 2 [PSU]
# name 15 = sigma-t00: Density [sigma-t, Kg/m^3 ]
# name 16 = svCM: Sound Velocity [Chen-Millero, m/s]
# name 17 = avgsvCM: Average Sound Velocity [Chen-Millero, m/s], minP = 1, minS = 5
# name 18 = flag: flag
# span 0 =         -3,      14061       
# span 1 =     14.000,    616.000       
# span 2 =     7.4788,     9.5923       
# span 3 =     7.4777,     9.5904       
# span 4 =   3.378318,   3.658778       
# span 5 =   3.380913,   3.660260       
# span 6 =     1.5910,     2.4799       
# span 7 =    -0.0986,     0.5822       
# span 8 =       5.77,     100.05       
# span 9 = 4.9340e-02, 1.0274e-01       
# span 10 = 0.0000e+00, 0.0000e+00      
# span 11 =    59.7800,    82.2092      
# span 12 =    3.91512,    6.63013      
# span 13 =    32.0978,    35.0691      
# span 14 =    32.1330,    35.0848      
# span 15 =    24.9483,    27.3975      
# span 16 =    1480.33,    1490.70      
# span 17 =    1480.33,    1486.93      
# span 18 = 0.0000e+00, 0.0000e+00      
# interval = decibars: 1                
# start_time = Feb 11 2022 21:16:39 [System UTC, header]
# bad_flag = -9.990e-29
*END*
[from data line 153]
       3288    167.000     7.9576     7.9566   3.616289   3.617656     1.9756    -0.0648      44.34 4.9505e-02 0.0000e+00    81.7692    4.96906    34.9103    34.9260    27.2101    1484.94    1484.81 0.0000e+00
       3311    168.000     7.9529     7.9520   3.616101   3.617458     1.9746    -0.0660      56.18 4.9503e-02 0.0000e+00    81.7727    4.96572    34.9125    34.9279    27.2125    1484.94    1484.81 0.0000e+00
       3335    169.000     7.9500     7.9487   3.616069   3.617425     1.9735    -0.0899      80.13 4.9488e-02 0.0000e+00    81.7865    4.96698    34.9145    34.9304    27.2145    1484.95    1484.81 0.0000e+00
       3358    170.000     7.9447     7.9441   3.615967   3.617330     1.9733    -0.0692      79.73 4.9505e-02 0.0000e+00    81.7706    4.97375    34.9182    34.9335    27.2182    1484.95    1484.81 0.0000e+00
       3381    171.000     7.9388     7.9380   3.615796   3.617173     1.9733    -0.0797      93.09 4.9517e-02 0.0000e+00    81.7862    4.97614    34.9218    34.9374    27.2219    1484.95    1484.81 0.0000e+00
       3404    172.000     7.9377     7.9363   3.615800   3.617156     1.9733    -0.0916      73.85 4.9487e-02 0.0000e+00    81.7732    4.98081    34.9224    34.9384    27.2226    1484.96    1484.81 0.0000e+00
       3427    173.000     7.9370     7.9359   3.615823   3.617190     1.9740    -0.0849      57.21 4.9499e-02 0.0000e+00    81.7740    4.98626    34.9229    34.9387    27.2231    1484.98    1484.81 0.0000e+00
       3450    174.000     7.9346     7.9333   3.615798   3.617145     1.9744    -0.0678      76.32 4.9481e-02 0.0000e+00    81.7627    4.98458    34.9246    34.9403    27.2247    1484.99    1484.81 0.0000e+00
       3473    175.000     7.9278     7.9266   3.615532   3.616877     1.9744    -0.0707      76.18 4.9491e-02 0.0000e+00    81.7557    4.98617    34.9280    34.9437    27.2284    1484.98    1484.81 0.0000e+00
       3497    176.000     7.9242     7.9229   3.615401   3.616738     1.9748    -0.0629      75.57 4.9506e-02 0.0000e+00    81.7656    4.98690    34.9297    34.9454    27.2303    1484.99    1484.81 0.0000e+00
       3521    177.000     7.9219     7.9208   3.615371   3.616717     1.9745    -0.0911      89.80 4.9456e-02 0.0000e+00    81.7397    4.98395    34.9312    34.9468    27.2318    1485.00    1484.81 0.0000e+00
       3545    178.000     7.9187     7.9175   3.615258   3.616603     1.9749    -0.0650      98.19 4.9486e-02 0.0000e+00    81.7262    4.99675    34.9327    34.9483    27.2335    1485.00    1484.82 0.0000e+00
       3569    179.000     7.9199     7.9184   3.615551   3.616896     1.9758    -0.0836      47.09 4.9485e-02 0.0000e+00    81.6755    4.99684    34.9341    34.9501    27.2344    1485.03    1484.82 0.0000e+00
       3593    180.000     7.9181     7.9168   3.615554   3.616912     1.9762    -0.0717      97.89 4.9483e-02 0.0000e+00    81.6702    5.00324    34.9355    34.9514    27.2358    1485.04    1484.82 0.0000e+00
       3617    181.000     7.9173     7.9159   3.615608   3.616949     1.9772    -0.0831      46.25 4.9491e-02 0.0000e+00    81.6828    5.00607    34.9364    34.9522    27.2366    1485.05    1484.82 0.0000e+00
       3641    182.000     7.9170     7.9157   3.615665   3.617011     1.9778    -0.0901      98.81 4.9497e-02 0.0000e+00    81.6936    5.00671    34.9368    34.9526    27.2370    1485.07    1484.82 0.0000e+00
       3665    183.000     7.9145     7.9134   3.615529   3.616894     1.9783    -0.0751      72.47 4.9497e-02 0.0000e+00    81.7170    5.00504    34.9374    34.9531    27.2378    1485.08    1484.82 0.0000e+00
       3689    184.000     7.9110     7.9099   3.615289   3.616646     1.9783    -0.0695      97.45 4.9486e-02 0.0000e+00    81.7336    5.00476    34.9378    34.9535    27.2386    1485.08    1484.82 0.0000e+00
       3713    185.000     7.9061     7.9048   3.614996   3.616340     1.9785    -0.0612      90.12 7.4924e-02 0.0000e+00    81.7286    5.00611    34.9390    34.9548    27.2404    1485.08    1484.82 0.0000e+00
       3736    186.000     7.9037     7.9023   3.614866   3.616215     1.9784    -0.0665      38.83 4.9400e-02 0.0000e+00    81.7150    5.01029    34.9396    34.9555    27.2411    1485.09    1484.83 0.0000e+00
       3760    187.000     7.9027     7.9013   3.614843   3.616186     1.9791    -0.0621      97.10 4.9479e-02 0.0000e+00    81.7028    5.01576    34.9398    34.9557    27.2415    1485.10    1484.83 0.0000e+00
       3783    188.000     7.9015     7.9000   3.614829   3.616168     1.9796    -0.0598      61.63 4.9487e-02 0.0000e+00    81.6557    5.01912    34.9404    34.9563    27.2421    1485.11    1484.83 0.0000e+00
       3806    189.000     7.8984     7.8971   3.614736   3.616083     1.9803    -0.0678      93.85 4.9500e-02 0.0000e+00    81.6702    5.02406    34.9420    34.9578    27.2438    1485.12    1484.83 0.0000e+00
       3830    190.000     7.8975     7.8962   3.614780   3.616129     1.9810    -0.0864      78.81 4.9485e-02 0.0000e+00    81.6272    5.02795    34.9429    34.9587    27.2447    1485.13    1484.83 0.0000e+00
       3853    191.000     7.8974     7.8960   3.614854   3.616210     1.9820    -0.0712      96.73 4.9491e-02 0.0000e+00    81.5950    5.03270    34.9433    34.9593    27.2450    1485.15    1484.83 0.0000e+00
       3877    192.000     7.8972     7.8958   3.614941   3.616290     1.9829    -0.0757      83.45 7.5622e-02 0.0000e+00    81.6035    5.03458    34.9439    34.9599    27.2455    1485.17    1484.84 0.0000e+00
       3901    193.000     7.8969     7.8956   3.614999   3.616345     1.9834    -0.0761      50.76 4.9340e-02 0.0000e+00    81.5701    5.03515    34.9444    34.9602    27.2459    1485.18    1484.84 0.0000e+00
       3925    194.000     7.8948     7.8935   3.615040   3.616399     1.9840    -0.0654      83.49 4.9485e-02 0.0000e+00    81.5774    5.03136    34.9464    34.9624    27.2478    1485.19    1484.84 0.0000e+00
       3949    195.000     7.8937     7.8923   3.615180   3.616544     1.9837    -0.0693      80.27 4.9491e-02 0.0000e+00    81.5767    5.03423    34.9486    34.9646    27.2497    1485.21    1484.84 0.0000e+00
       3973    196.000     7.8933     7.8920   3.615268   3.616625     1.9844    -0.0745      98.97 4.9497e-02 0.0000e+00    81.5619    5.03719    34.9494    34.9653    27.2504    1485.22    1484.84 0.0000e+00
       3997    197.000     7.8905     7.8893   3.615191   3.616544     1.9842    -0.0917      36.32 4.9485e-02 0.0000e+00    81.5768    5.03358    34.9509    34.9667    27.2520    1485.23    1484.85 0.0000e+00
       4021    198.000     7.8887     7.8876   3.615223   3.616569     1.9842    -0.0935      99.07 4.9497e-02 0.0000e+00    81.5856    5.02975    34.9526    34.9681    27.2536    1485.24    1484.85 0.0000e+00
       4045    199.000     7.8842     7.8831   3.615007   3.616369     1.9832    -0.0630      59.72 4.9474e-02 0.0000e+00    81.6154    5.02201    34.9542    34.9700    27.2556    1485.24    1484.85 0.0000e+00
       4068    200.000     7.8804     7.8792   3.614936   3.616291     1.9823    -0.0702      86.46 4.9468e-02 0.0000e+00    81.6075    5.02410    34.9568    34.9726    27.2581    1485.25    1484.85 0.0000e+00
       4092    201.000     7.8760     7.8748   3.614769   3.616109     1.9822    -0.0641      56.56 1.0274e-01 0.0000e+00    81.5586    5.02955    34.9589    34.9745    27.2604    1485.25    1484.85 0.0000e+00
       4115    202.000     7.8730     7.8717   3.614653   3.616001     1.9819    -0.0863      97.98 4.9719e-02 0.0000e+00    81.5971    5.03155    34.9602    34.9760    27.2619    1485.26    1484.86 0.0000e+00
       4139    203.000     7.8711     7.8698   3.614735   3.616109     1.9820    -0.0738      87.69 4.9480e-02 0.0000e+00    81.5924    5.03771    34.9625    34.9786    27.2640    1485.27    1484.86 0.0000e+00
       4163    204.000     7.8749     7.8734   3.615280   3.616640     1.9828    -0.0652      98.77 4.9481e-02 0.0000e+00    81.5621    5.04357    34.9640    34.9802    27.2647    1485.30    1484.86 0.0000e+00
       4187    205.000     7.8763     7.8749   3.615529   3.616873     1.9834    -0.0595      98.80 4.9489e-02 0.0000e+00    81.5681    5.04551    34.9648    34.9807    27.2651    1485.33    1484.86 0.0000e+00
       4211    206.000     7.8738     7.8726   3.615367   3.616715     1.9841    -0.0667      54.37 4.9508e-02 0.0000e+00    81.5774    5.04661    34.9651    34.9808    27.2657    1485.33    1484.86 0.0000e+00
       4235    207.000     7.8686     7.8675   3.614915   3.616268     1.9843    -0.0673      96.77 4.9485e-02 0.0000e+00    81.6000    5.04429    34.9650    34.9806    27.2663    1485.33    1484.87 0.0000e+00
       4260    208.000     7.8652     7.8639   3.614639   3.615989     1.9842    -0.0650      74.02 4.9494e-02 0.0000e+00    81.6376    5.04521    34.9649    34.9807    27.2668    1485.33    1484.87 0.0000e+00
       4284    209.000     7.8615     7.8605   3.614324   3.615702     1.9846    -0.0627      93.05 4.9485e-02 0.0000e+00    81.6172    5.04871    34.9647    34.9806    27.2672    1485.34    1484.87 0.0000e+00
       4309    210.000     7.8615     7.8601   3.614494   3.615853     1.9847    -0.0655      76.31 4.9514e-02 0.0000e+00    81.6103    5.04702    34.9661    34.9821    27.2682    1485.35    1484.87 0.0000e+00
       4333    211.000     7.8613     7.8599   3.614660   3.616007     1.9845    -0.0986      45.91 4.9485e-02 0.0000e+00    81.5807    5.04779    34.9676    34.9835    27.2694    1485.37    1484.88 0.0000e+00
       4357    212.000     7.8630     7.8614   3.614997   3.616330     1.9847    -0.0634      81.79 4.9491e-02 0.0000e+00    81.5475    5.04988    34.9690    34.9850    27.2703    1485.40    1484.88 0.0000e+00
       4380    213.000     7.8645     7.8630   3.615285   3.616640     1.9849    -0.0678      77.49 4.9487e-02 0.0000e+00    81.5367    5.05496    34.9701    34.9862    27.2710    1485.42    1484.88 0.0000e+00
       4403    214.000     7.8686     7.8669   3.615922   3.617266     1.9854    -0.0646      98.35 4.9503e-02 0.0000e+00    81.5670    5.05309    34.9724    34.9886    27.2722    1485.45    1484.88 0.0000e+00
       4427    215.000     7.8676     7.8664   3.615958   3.617299     1.9853    -0.0608      50.04 4.9481e-02 0.0000e+00    81.5493    5.05227    34.9733    34.9890    27.2730    1485.47    1484.89 0.0000e+00
       4450    216.000     7.8648     7.8633   3.615772   3.617110     1.9854    -0.0736      95.58 4.9481e-02 0.0000e+00    81.5785    5.04945    34.9736    34.9895    27.2737    1485.47    1484.89 0.0000e+00
       4474    217.000     7.8637     7.8622   3.615784   3.617136     1.9848    -0.0816      60.90 5.7428e-02 0.0000e+00    81.6019    5.04515    34.9744    34.9904    27.2744    1485.49    1484.89 0.0000e+00
       4497    218.000     7.8660     7.8646   3.616311   3.617668     1.9843    -0.0733      98.60 9.1505e-02 0.0000e+00    81.6340    5.04967    34.9773    34.9933    27.2764    1485.52    1484.89 0.0000e+00
       4521    219.000     7.8647     7.8634   3.616353   3.617706     1.9845    -0.0840      88.88 4.9594e-02 0.0000e+00    81.5494    5.05391    34.9785    34.9944    27.2775    1485.53    1484.90 0.0000e+00
       4545    220.000     7.8630     7.8617   3.616370   3.617714     1.9847    -0.0587      98.86 4.9485e-02 0.0000e+00    81.6344    5.05625    34.9799    34.9957    27.2789    1485.54    1484.90 0.0000e+00
       4568    221.000     7.8622     7.8608   3.616516   3.617863     1.9849    -0.0575      98.80 4.9462e-02 0.0000e+00    81.6567    5.05830    34.9818    34.9977    27.2805    1485.56    1484.90 0.0000e+00
       4592    222.000     7.8595     7.8582   3.616570   3.617916     1.9852    -0.0609      54.65 4.9502e-02 0.0000e+00    81.6556    5.05743    34.9846    35.0004    27.2831    1485.57    1484.91 0.0000e+00
       4616    223.000     7.8589     7.8576   3.616660   3.618009     1.9854    -0.0617      91.20 4.9468e-02 0.0000e+00    81.6575    5.06152    34.9857    35.0015    27.2840    1485.58    1484.91 0.0000e+00
       4640    224.000     7.8584     7.8571   3.616707   3.618064     1.9857    -0.0629      70.86 4.9491e-02 0.0000e+00    81.6712    5.06194    34.9862    35.0021    27.2845    1485.60    1484.91 0.0000e+00
       4664    225.000     7.8575     7.8562   3.616761   3.618103     1.9856    -0.0609      94.18 4.9468e-02 0.0000e+00    81.6834    5.05922    34.9872    35.0030    27.2854    1485.61    1484.92 0.0000e+00
       4688    226.000     7.8565     7.8552   3.616770   3.618127     1.9859    -0.0778      81.52 4.9493e-02 0.0000e+00    81.7185    5.06694    34.9878    35.0037    27.2861    1485.63    1484.92 0.0000e+00
       4712    227.000     7.8554     7.8542   3.616777   3.618140     1.9863    -0.0903      48.59 4.9485e-02 0.0000e+00    81.7196    5.06757    34.9885    35.0044    27.2868    1485.64    1484.92 0.0000e+00
       4736    228.000     7.8536     7.8523   3.616776   3.618134     1.9866    -0.0761      82.76 4.9462e-02 0.0000e+00    81.7374    5.06679    34.9898    35.0057    27.2881    1485.65    1484.92 0.0000e+00
       4759    229.000     7.8540     7.8526   3.616939   3.618290     1.9863    -0.0600      76.93 4.9500e-02 0.0000e+00    81.7400    5.06650    34.9907    35.0066    27.2887    1485.67    1484.93 0.0000e+00
       4783    230.000     7.8529     7.8516   3.617103   3.618463     1.9871    -0.0648      98.60 4.9491e-02 0.0000e+00    81.7558    5.07489    34.9931    35.0090    27.2907    1485.68    1484.93 0.0000e+00
       4806    231.000     7.8516     7.8504   3.617191   3.618547     1.9871    -0.0620      50.42 4.9493e-02 0.0000e+00    81.7254    5.06913    34.9948    35.0106    27.2923    1485.70    1484.93 0.0000e+00
       4830    232.000     7.8504     7.8490   3.617258   3.618617     1.9872    -0.0588      94.38 4.9479e-02 0.0000e+00    81.7571    5.07051    34.9963    35.0123    27.2936    1485.71    1484.94 0.0000e+00
       4853    233.000     7.8498     7.8485   3.617324   3.618652     1.9871    -0.0617      66.33 4.9502e-02 0.0000e+00    81.7479    5.07283    34.9971    35.0127    27.2944    1485.73    1484.94 0.0000e+00
       4877    234.000     7.8492     7.8480   3.617384   3.618735     1.9878    -0.0613      98.28 4.9458e-02 0.0000e+00    81.7549    5.08094    34.9979    35.0136    27.2950    1485.74    1484.94 0.0000e+00
       4900    235.000     7.8489     7.8476   3.617436   3.618794     1.9880    -0.0851      85.62 4.9481e-02 0.0000e+00    81.7443    5.07960    34.9982    35.0142    27.2954    1485.76    1484.95 0.0000e+00
       4924    236.000     7.8476     7.8463   3.617505   3.618855     1.9886    -0.0723      55.19 4.9497e-02 0.0000e+00    81.7277    5.08212    34.9998    35.0156    27.2968    1485.77    1484.95 0.0000e+00
       4947    237.000     7.8455     7.8443   3.617574   3.618926     1.9887    -0.0621      76.63 4.9491e-02 0.0000e+00    81.7675    5.08374    35.0021    35.0179    27.2990    1485.78    1484.95 0.0000e+00
       4971    238.000     7.8442     7.8431   3.617626   3.618981     1.9891    -0.0584      75.08 4.9493e-02 0.0000e+00    81.7679    5.08442    35.0035    35.0192    27.3002    1485.80    1484.96 0.0000e+00
       4995    239.000     7.8421     7.8408   3.617625   3.618987     1.9894    -0.0583      83.25 4.9450e-02 0.0000e+00    81.7608    5.08645    35.0051    35.0211    27.3018    1485.81    1484.96 0.0000e+00
       5018    240.000     7.8415     7.8403   3.617676   3.619034     1.9896    -0.0625      92.10 4.9494e-02 0.0000e+00    81.7398    5.08702    35.0058    35.0216    27.3024    1485.82    1484.97 0.0000e+00
       5042    241.000     7.8389     7.8376   3.617580   3.618929     1.9899    -0.0930      90.18 4.9497e-02 0.0000e+00    81.7614    5.09288    35.0069    35.0227    27.3037    1485.83    1484.97 0.0000e+00
