_data/ctd/2022603/sta0147.cnv
* Sea-Bird SBE 9 Data File:
* FileName = C:\Seabird\CTDData\sta0147.hex
* Software Version Seasave V 7.21f
* Temperature SN = 6264
* Conductivity SN = 4928
* Number of Bytes Per Scan = 40
* Number of Voltage Words = 5
* Number of Scans Averaged by the Deck Unit = 1
* NMEA Latitude = 60 25.78 N
* NMEA Longitude = 005 15.88 E
* NMEA UTC (Time) = Feb 05 2022 13:38:24
* NMEA baud rate = 4800
** Ship: R/V "Kristine Bonnevie"
** Station: 0147
** Echodepth: 302
** Log: 9936.80
** Wind-Dir/Force: 15 22
** Air-temp (dry): 2.9
** Weather Sky:
** Sea:
# nquan = 19                                
# nvalues = 313                         
# units = specified
# name 0 = scan: Scan Count
# name 1 = prDM: Pressure, Digiquartz [db]
# name 2 = t068C: Temperature [ITS-68, deg C]
# name 3 = t168C: Temperature, 2 [ITS-68, deg C]
# name 4 = c0S/m: Conductivity [S/m]
# name 5 = c1S/m: Conductivity, 2 [S/m]
# name 6 = sbeox0V: Oxygen raw, SBE 43 [V]
# name 7 = flECO-AFL: Fluorescence, WET Labs ECO-AFL/FL [mg/m^3]
# name 8 = altM: Altimeter [m]
# name 9 = par: PAR/Irradiance, Biospherical/Licor
# name 10 = spar: SPAR/Surface Irradiance
# name 11 = CStarTr0: Beam Transmission, WET Labs C-Star [%]
# name 12 = sbeox0ML/L: Oxygen, SBE 43 [ml/l], WS = 2
# name 13 = sal00: Salinity, Practical [PSU]
# name 14 = sal11: Salinity, Practical, 2 [PSU]
# name 15 = sigma-t00: Density [sigma-t, Kg/m^3 ]
# name 16 = svCM: Sound Velocity [Chen-Millero, m/s]
# name 17 = avgsvCM: Average Sound Velocity [Chen-Millero, m/s], minP = 1, minS = 5
# name 18 = flag: flag
# span 0 =        234,       7842       
# span 1 =      2.000,    314.000       
# span 2 =     5.8298,    10.0494       
# span 3 =     5.8357,    10.0479       
# span 4 =   2.585589,   3.716808       
# span 5 =   2.591114,   3.718664       
# span 6 =     1.7786,     2.4375       
# span 7 =    -0.0892,     0.2181       
# span 8 =       8.23,      99.04       
# span 9 = 4.8803e-02, 1.1785e+01       
# span 10 = 2.1984e+01, 2.5989e+01      
# span 11 =    73.4497,    81.1941      
# span 12 =    4.38248,    7.11877      
# span 13 =    25.6910,    34.8524      
# span 14 =    25.7469,    34.8711      
# span 15 =    20.2241,    27.1475      
# span 16 =    1462.35,    1489.37      
# span 17 =    1462.35,    1486.01      
# span 18 = 0.0000e+00, 0.0000e+00      
# interval = decibars: 1                
# start_time = Feb 05 2022 13:38:26 [System UTC, header]
# bad_flag = -9.990e-29
*END*
        234      2.000     5.8298     5.8357   2.585589   2.591114     2.4210     0.2071      98.82 1.1785e+01 2.5983e+01    77.9041    7.11877    25.6910    25.7469    20.2241    1462.35    1462.35 0.0000e+00
        284      3.000     6.0229     6.0195   2.661974   2.667831     2.4232     0.2091      98.83 8.0566e+00 2.5983e+01    78.1521    7.07127    26.3753    26.4417    20.7434    1464.01    1462.90 0.0000e+00
        313      4.000     6.2170     6.2226   2.765297   2.775798     2.4256     0.2181      98.83 5.8827e+00 2.5983e+01    78.0780    6.98941    27.3469    27.4567    21.4879    1466.03    1463.68 0.0000e+00
        335      5.000     6.5054     6.4901   2.884494   2.884456     2.4256     0.1866      98.82 4.1806e+00 2.5983e+01    77.7588    6.90522    28.4069    28.4192    22.2898    1468.53    1464.65 0.0000e+00
        360      6.000     6.7826     6.7966   2.976521   2.986699     2.4295     0.1843      98.83 3.1097e+00 2.5983e+01    77.9595    6.85420    29.1711    29.2693    22.8580    1470.61    1465.64 0.0000e+00
        392      7.000     7.4163     7.4483   3.145377   3.161136     2.4334     0.1334      98.83 2.3318e+00 2.5983e+01    77.9244    6.69418    30.4406    30.5811    23.7751    1474.69    1466.93 0.0000e+00
        423      8.000     7.8955     7.9230   3.275476   3.289873     2.4375     0.1291      98.83 1.8178e+00 2.5983e+01    76.6569    6.58255    31.4018    31.5300    24.4643    1477.74    1468.27 0.0000e+00
        450      9.000     8.1202     8.1227   3.369062   3.375088     2.4363     0.0898      98.82 1.4636e+00 2.5983e+01    77.3486    6.42326    32.1902    32.2518    25.0507    1479.59    1469.52 0.0000e+00
        476     10.000     8.3238     8.3201   3.416508   3.419138     2.4253     0.0583      98.83 1.2214e+00 2.5983e+01    78.4284    6.27927    32.5042    32.5354    25.2671    1480.76    1470.64 0.0000e+00
        503     11.000     8.2592     8.2596   3.426899   3.429549     2.4103     0.0333      98.82 1.0424e+00 2.5983e+01    79.6329    6.19825    32.6734    32.7011    25.4094    1480.75    1471.55 0.0000e+00
        528     12.000     8.3883     8.3869   3.455882   3.458494     2.3916     0.0333      98.83 8.9297e-01 2.5983e+01    80.1851    6.09373    32.8591    32.8880    25.5358    1481.48    1472.37 0.0000e+00
        553     13.000     8.4541     8.4572   3.466012   3.468630     2.3752     0.0307      98.82 7.7992e-01 2.5983e+01    80.5999    6.06238    32.9041    32.9288    25.5612    1481.80    1473.09 0.0000e+00
        577     14.000     8.6442     8.6407   3.488829   3.491911     2.3625    -0.0094      98.82 6.8350e-01 2.5983e+01    80.7919    6.01272    32.9662    33.0019    25.5811    1482.60    1473.77 0.0000e+00
        600     15.000     8.9596     8.9534   3.526973   3.529683     2.3517    -0.0324      98.82 6.0533e-01 2.5983e+01    80.8778    5.96611    33.0708    33.1049    25.6144    1483.92    1474.44 0.0000e+00
        624     16.000     9.1756     9.1729   3.554456   3.556651     2.3457    -0.0344      98.82 5.3464e-01 2.5983e+01    80.9370    5.94407    33.1551    33.1804    25.6463    1484.84    1475.08 0.0000e+00
        647     17.000     9.0870     9.0923   3.546585   3.548261     2.3395    -0.0327      98.82 4.7803e-01 2.5983e+01    81.0562    5.88789    33.1554    33.1679    25.6605    1484.53    1475.64 0.0000e+00
        669     18.000     8.8361     8.8440   3.522035   3.523355     2.3263    -0.0397      98.82 4.3167e-01 2.5983e+01    81.1509    5.80154    33.1331    33.1395    25.6823    1483.59    1476.08 0.0000e+00
        690     19.000     8.7987     8.7982   3.519221   3.520745     2.3076    -0.0348      98.82 3.8801e-01 2.5983e+01    81.1941    5.72416    33.1382    33.1546    25.6921    1483.47    1476.46 0.0000e+00
        710     20.000     8.7924     8.7901   3.522190   3.523982     2.2916    -0.0367      98.82 3.5110e-01 2.5983e+01    81.1850    5.73140    33.1747    33.1956    25.7216    1483.51    1476.81 0.0000e+00
        730     21.000     8.9382     8.9304   3.543055   3.545053     2.2827    -0.0330      98.81 3.1704e-01 2.5983e+01    81.1558    5.75425    33.2558    33.2839    25.7625    1484.16    1477.16 0.0000e+00
        750     22.000     8.9804     8.9789   3.550158   3.552122     2.2795    -0.0343      98.81 2.8439e-01 2.5983e+01    81.0991    5.79752    33.2898    33.3117    25.7825    1484.38    1477.49 0.0000e+00
        770     23.000     9.0631     9.0637   3.561284   3.563786     2.2803    -0.0334      98.81 2.5705e-01 2.5983e+01    81.0974    5.80704    33.3278    33.3533    25.7992    1484.75    1477.80 0.0000e+00
        789     24.000     9.1840     9.1624   3.577264   3.577776     2.2805    -0.0299      98.82 2.3628e-01 2.5983e+01    81.0514    5.78126    33.3802    33.4057    25.8210    1485.27    1478.11 0.0000e+00
        807     25.000     9.4744     9.4608   3.614023   3.616742     2.2798    -0.0290      98.81 2.1339e-01 2.5983e+01    80.9985    5.73852    33.4882    33.5289    25.8588    1486.49    1478.45 0.0000e+00
        826     26.000     9.5535     9.5534   3.623539   3.625270     2.2803    -0.0330      98.82 1.9829e-01 -9.990e-29    81.0037    5.73906    33.5118    33.5297    25.8644    1486.82    1478.77 0.0000e+00
        845     27.000     9.5609     9.5563   3.627877   3.630222     2.2815    -0.0338      98.82 1.7879e-01 -9.990e-29    81.0218    5.70429    33.5490    33.5775    25.8923    1486.91    1479.07 0.0000e+00
        863     28.000     9.7785     9.7714   3.657279   3.660133     2.2756    -0.0360      98.82 1.6354e-01 -9.990e-29    81.0091    5.59756    33.6469    33.6827    25.9328    1487.84    1479.38 0.0000e+00
        883     29.000     9.9085     9.9042   3.675816   3.678142     2.2669    -0.0380      98.82 1.5108e-01 -9.990e-29    80.9684    5.54355    33.7144    33.7422    25.9639    1488.40    1479.69 0.0000e+00
        903     30.000     9.9591     9.9572   3.684687   3.686744     2.2590    -0.0342      98.81 1.3867e-01 2.5676e+01    80.8884    5.50699    33.7572    33.7799    25.9888    1488.66    1479.98 0.0000e+00
        924     31.000     9.9982     9.9949   3.692657   3.694731     2.2490 -9.990e-29      98.81 1.2803e-01 2.5141e+01    80.7775    5.44508    33.8014    33.8256    26.0167    1488.87    1480.27 0.0000e+00
        945     32.000    10.0109    10.0100   3.696875   3.698722     2.2362 -9.990e-29      98.81 1.1757e-01 2.5224e+01    80.5570    5.39351    33.8320    33.8517    26.0385    1488.97    1480.54 0.0000e+00
        967     33.000    10.0141    10.0122   3.700822   3.702707     2.2233 -9.990e-29      98.81 1.1243e-01 2.4983e+01    80.2713    5.35752    33.8688    33.8898    26.0667    1489.04    1480.80 0.0000e+00
        990     34.000    10.0111    10.0096   3.702574   3.704457     2.2111 -9.990e-29      98.81 1.0317e-01 2.4891e+01    79.9015    5.33372    33.8890    33.9096    26.0830    1489.07    1481.04 0.0000e+00
       1011     35.000    10.0326    10.0304   3.706724   3.708620     2.2018    -0.0553      98.80 9.4516e-02 2.4014e+01    79.5287    5.33063    33.9107    33.9320    26.0962    1489.19    1481.27 0.0000e+00
       1033     36.000    10.0415    10.0397   3.709546   3.711487     2.1953    -0.0558      98.80 8.7654e-02 2.3985e+01    79.1590    5.32793    33.9306    33.9521    26.1103    1489.26    1481.49 0.0000e+00
       1055     37.000    10.0494    10.0479   3.713200   3.715133     2.1896    -0.0558      98.81 8.3575e-02 2.3984e+01    78.7888    5.32246    33.9599    33.9810    26.1319    1489.34    1481.70 0.0000e+00
       1077     38.000     9.9995    10.0004   3.710178   3.711911     2.1856    -0.0558      98.81 7.7383e-02 2.3984e+01    78.4446    5.31814    33.9756    33.9924    26.1525    1489.20    1481.90 0.0000e+00
       1100     39.000     9.9677     9.9650   3.708471   3.710219     2.1804    -0.0558      98.80 7.2916e-02 2.3984e+01    78.1406    5.29456    33.9877    34.0080    26.1673    1489.12    1482.08 0.0000e+00
       1121     40.000     9.9942     9.9908   3.712973   3.714847     2.1748    -0.0558      98.81 6.8453e-02 2.3984e+01    77.8596    5.27778    34.0082    34.0305    26.1789    1489.25    1482.26 0.0000e+00
       1142     41.000    10.0176    10.0162   3.716808   3.718664     2.1704    -0.0558      98.80 6.1380e-02 2.3984e+01    77.6313    5.27567    34.0248    34.0450    26.1879    1489.37    1482.43 0.0000e+00
       1164     42.000    10.0092    10.0079   3.716787   3.718608     2.1673    -0.0558      98.81 5.8997e-02 2.3984e+01    77.4125    5.27343    34.0320    34.0518    26.1950    1489.37    1482.60 0.0000e+00
       1187     43.000     9.9752     9.9753   3.716354   3.718180     2.1640    -0.0558      98.81 5.5790e-02 2.3984e+01    77.2852    5.26441    34.0592    34.0778    26.2219    1489.30    1482.75 0.0000e+00
       1209     44.000     9.9395     9.9387   3.715493   3.717310     2.1603    -0.0624      98.80 5.2089e-02 2.3984e+01    77.1660    5.25224    34.0837    34.1030    26.2470    1489.21    1482.90 0.0000e+00
       1231     45.000     9.9254     9.9245   3.714936   3.716781     2.1565    -0.0858      98.80 4.9507e-02 2.3984e+01    77.0078    5.24547    34.0908    34.1106    26.2550    1489.19    1483.04 0.0000e+00
       1254     46.000     9.9165     9.9153   3.714503   3.716288     2.1530    -0.0561      98.80 4.9502e-02 2.3984e+01    76.9242    5.24176    34.0944    34.1138    26.2593    1489.18    1483.17 0.0000e+00
       1276     47.000     9.8908     9.8917   3.712305   3.714198     2.1507    -0.0558      98.80 4.9470e-02 2.3984e+01    76.7748    5.24439    34.0957    34.1143    26.2647    1489.10    1483.30 0.0000e+00
       1298     48.000     9.8704     9.8695   3.710686   3.712475     2.1483    -0.0566      98.80 4.9457e-02 2.3984e+01    76.6426    5.24295    34.0980    34.1172    26.2699    1489.05    1483.42 0.0000e+00
       1321     49.000     9.8548     9.8543   3.710547   3.712345     2.1464 -9.990e-29      98.80 4.9481e-02 2.3984e+01    76.5312    5.24283    34.1109    34.1298    26.2826    1489.02    1483.53 0.0000e+00
       1343     50.000     9.8029     9.8036   3.708444   3.710220     2.1451 -9.990e-29      98.80 4.9496e-02 2.3984e+01    76.3932    5.24751    34.1381    34.1556    26.3125    1488.88    1483.64 0.0000e+00
       1366     51.000     9.7719     9.7712   3.707414   3.709198     2.1435 -9.990e-29      98.80 4.9483e-02 2.3984e+01    76.2107    5.24288    34.1564    34.1754    26.3320    1488.81    1483.74 0.0000e+00
       1388     52.000     9.7580     9.7571   3.706885   3.708661     2.1418 -9.990e-29      98.80 4.9483e-02 2.3984e+01    76.0725    5.23840    34.1638    34.1828    26.3401    1488.79    1483.83 0.0000e+00
       1410     53.000     9.7135     9.7141   3.704379   3.706112     2.1400    -0.0858      98.80 4.9502e-02 2.3984e+01    75.9164    5.23591    34.1798    34.1971    26.3600    1488.66    1483.92 0.0000e+00
       1432     54.000     9.6721     9.6715   3.701726   3.703487     2.1380    -0.0626      98.80 4.9489e-02 2.3984e+01    75.7549    5.23228    34.1915    34.2102    26.3760    1488.54    1484.01 0.0000e+00
       1454     55.000     9.6507     9.6508   3.700751   3.702511     2.1355    -0.0559      98.80 4.9481e-02 2.3984e+01    75.5934    5.22944    34.2014    34.2194    26.3873    1488.49    1484.09 0.0000e+00
       1476     56.000     9.5966     9.5980   3.696387   3.698176     2.1341    -0.0695      98.80 4.9496e-02 2.3984e+01    75.4394    5.23956    34.2075    34.2246    26.4011    1488.32    1484.17 0.0000e+00
       1499     57.000     9.5777     9.5763   3.695543   3.697261     2.1326    -0.0771      98.80 4.9487e-02 2.3984e+01    75.2752    5.23920    34.2163    34.2354    26.4111    1488.28    1484.24 0.0000e+00
       1522     58.000     9.5443     9.5441   3.692767   3.694478     2.1320    -0.0556      98.80 4.9470e-02 2.3984e+01    75.1149    5.24801    34.2191    34.2370    26.4188    1488.18    1484.31 0.0000e+00
       1543     59.000     9.4930     9.4924   3.688922   3.690494     2.1316    -0.0558      98.80 4.9492e-02 2.3984e+01    74.9719    5.25350    34.2279    34.2447    26.4341    1488.02    1484.37 0.0000e+00
       1565     60.000     9.4754     9.4741   3.688863   3.690596     2.1310    -0.0838      98.80 4.9490e-02 2.3984e+01    74.8252    5.25283    34.2437    34.2628    26.4493    1487.99    1484.43 0.0000e+00
       1587     61.000     9.4554     9.4542   3.688155   3.689872     2.1306    -0.0653      98.80 4.9481e-02 2.3984e+01    74.6818    5.25512    34.2550    34.2739    26.4615    1487.95    1484.49 0.0000e+00
       1610     62.000     9.4536     9.4522   3.688414   3.690151     2.1298    -0.0730      98.80 4.9493e-02 2.3984e+01    74.5474    5.24969    34.2590    34.2783    26.4648    1487.96    1484.54 0.0000e+00
       1633     63.000     9.4458     9.4450   3.687660   3.689330     2.1288    -0.0730      98.80 4.9487e-02 2.3984e+01    74.4186    5.24122    34.2582    34.2762    26.4655    1487.95    1484.60 0.0000e+00
       1655     64.000     9.3505     9.3518   3.678377   3.679827     2.1269    -0.0559      98.80 4.9483e-02 2.3984e+01    74.3223    5.24001    34.2528    34.2666    26.4769    1487.61    1484.64 0.0000e+00
       1677     65.000     9.2571     9.2578   3.669835   3.671360     2.1244    -0.0558      98.80 4.9499e-02 2.3984e+01    74.2207    5.23317    34.2532    34.2684    26.4924    1487.29    1484.68 0.0000e+00
       1699     66.000     9.1694     9.1694   3.661291   3.662623     2.1207    -0.0558      98.80 4.9483e-02 2.3984e+01    74.0907    5.23377    34.2481    34.2619    26.5025    1486.98    1484.72 0.0000e+00
       1721     67.000     9.1190     9.1178   3.656607   3.658179     2.1184    -0.0558      98.80 4.9490e-02 2.3984e+01    73.9887    5.25626    34.2472    34.2648    26.5100    1486.81    1484.75 0.0000e+00
       1743     68.000     9.0950     9.0941   3.655409   3.657091     2.1191    -0.0558      98.80 4.9506e-02 2.3984e+01    73.9216    5.29656    34.2573    34.2758    26.5217    1486.75    1484.78 0.0000e+00
       1765     69.000     9.0860     9.0851   3.655433   3.657103     2.1228    -0.0558      98.80 4.9508e-02 2.3984e+01    73.8170    5.32376    34.2658    34.2841    26.5298    1486.74    1484.81 0.0000e+00
       1787     70.000     9.0586     9.0583   3.653503   3.655165     2.1262    -0.0558      98.80 4.9484e-02 2.3985e+01    73.6965    5.33876    34.2716    34.2892    26.5387    1486.66    1484.83 0.0000e+00
       1809     71.000     9.0482     9.0463   3.652697   3.654246     2.1297    -0.0558      98.80 4.9508e-02 2.4766e+01    73.6615    5.34569    34.2727    34.2907    26.5412    1486.64    1484.86 0.0000e+00
       1831     72.000     9.0260     9.0249   3.651123   3.652776     2.1322    -0.0558      98.80 4.9508e-02 2.5332e+01    73.6095    5.34832    34.2772    34.2955    26.5483    1486.58    1484.88 0.0000e+00
       1854     73.000     9.0137     9.0134   3.650532   3.652200     2.1339    -0.0558      98.80 4.9499e-02 2.4973e+01    73.5592    5.34721    34.2824    34.3001    26.5543    1486.56    1484.91 0.0000e+00
       1877     74.000     8.9771     8.9769   3.649229   3.650795     2.1352    -0.0558      98.80 4.9489e-02 2.5352e+01    73.5236    5.35255    34.3036    34.3202    26.5768    1486.47    1484.93 0.0000e+00
       1899     75.000     8.9332     8.9370   3.645927   3.648007     2.1356    -0.0558      98.80 4.9490e-02 2.5453e+01    73.5424    5.34778    34.3109    34.3290    26.5895    1486.33    1484.95 0.0000e+00
       1921     76.000     8.9048     8.9042   3.642967   3.644596     2.1354    -0.0558      98.80 4.9469e-02 2.5989e+01    73.5028    5.35106    34.3069    34.3245    26.5908    1486.24    1484.96 0.0000e+00
       1944     77.000     8.8703     8.8705   3.640232   3.641829     2.1353    -0.0558      98.80 4.9512e-02 2.5983e+01    73.4497    5.35582    34.3111    34.3276    26.5996    1486.13    1484.98 0.0000e+00
