_data/ctd/2022603/sta0169.cnv
* Sea-Bird SBE 9 Data File:
* FileName = C:\Seabird\CTDData\sta0169.hex
* Software Version Seasave V 7.21f
* Temperature SN = 6264
* Conductivity SN = 4928
* Number of Bytes Per Scan = 40
* Number of Voltage Words = 5
* Number of Scans Averaged by the Deck Unit = 1
* NMEA Latitude = 60 52.50 N
* NMEA Longitude = 005 29.71 E
* NMEA UTC (Time) = Feb 12 2022 20:17:39
* NMEA baud rate = 4800
** Ship: R/V "Kristine Bonnevie"
** Station: 0169
** Echodepth: 187.16
** Log: 0502.340
** Wind-Dir/Force: 63 09
** Air-temp (dry): 6.4
** Weather Sky:
** Sea:
# nquan = 19                                
# nvalues = 177                         
# units = specified
# name 0 = scan: Scan Count
# name 1 = prDM: Pressure, Digiquartz [db]
# name 2 = t068C: Temperature [ITS-68, deg C]
# name 3 = t168C: Temperature, 2 [ITS-68, deg C]
# name 4 = c0S/m: Conductivity [S/m]
# name 5 = c1S/m: Conductivity, 2 [S/m]
# name 6 = sbeox0V: Oxygen raw, SBE 43 [V]
# name 7 = flECO-AFL: Fluorescence, WET Labs ECO-AFL/FL [mg/m^3]
# name 8 = altM: Altimeter [m]
# name 9 = par: PAR/Irradiance, Biospherical/Licor
# name 10 = spar: SPAR/Surface Irradiance
# name 11 = CStarTr0: Beam Transmission, WET Labs C-Star [%]
# name 12 = sbeox0ML/L: Oxygen, SBE 43 [ml/l], WS = 2
# name 13 = sal00: Salinity, Practical [PSU]
# name 14 = sal11: Salinity, Practical, 2 [PSU]
# name 15 = sigma-t00: Density [sigma-t, Kg/m^3 ]
# name 16 = svCM: Sound Velocity [Chen-Millero, m/s]
# name 17 = avgsvCM: Average Sound Velocity [Chen-Millero, m/s], minP = 1, minS = 5
# name 18 = flag: flag
# span 0 =        196,       3947       
# span 1 =      7.000,    183.000       
# span 2 =     7.3641,    10.2103       
# span 3 =     7.2386,    10.2037       
# span 4 =   3.159311,   3.734912       
# span 5 =   3.145362,   3.736288       
# span 6 =     1.6250,     2.4163       
# span 7 =    -0.0825,     0.4470       
# span 8 =       4.82,     102.31       
# span 9 = 4.9445e-02, 1.0216e-01       
# span 10 = 0.0000e+00, 0.0000e+00      
# span 11 =    80.8070,    82.2163      
# span 12 =    3.75693,    6.52782      
# span 13 =    30.6359,    34.9402      
# span 14 =    30.5970,    34.9554      
# span 15 =    23.9355,    27.1778      
# span 16 =    1474.73,    1489.84      
# span 17 =    1474.73,    1486.42      
# span 18 = 0.0000e+00, 0.0000e+00      
# interval = decibars: 1                
# start_time = Feb 12 2022 20:17:41 [System UTC, header]
# bad_flag = -9.990e-29
*END*
[from data line 77]
       1893     84.000     8.6277     8.6268   3.654100   3.655337     1.9258    -0.0665      35.42 4.9485e-02 0.0000e+00    82.0849    4.68286    34.6901    34.7041    26.9348    1485.81    1486.34 0.0000e+00
       1914     85.000     8.6095     8.6085   3.653332   3.654577     1.9235    -0.0656      98.02 4.9490e-02 0.0000e+00    82.0951    4.63416    34.6994    34.7136    26.9449    1485.77    1486.33 0.0000e+00
       1936     86.000     8.5964     8.5955   3.652866   3.654112     1.9169    -0.0669      66.62 4.9479e-02 0.0000e+00    82.1261    4.57975    34.7069    34.7209    26.9528    1485.75    1486.32 0.0000e+00
       1957     87.000     8.5865     8.5853   3.652504   3.653758     1.9087    -0.0602      68.37 4.9485e-02 0.0000e+00    82.1207    4.53762    34.7123    34.7268    26.9586    1485.74    1486.32 0.0000e+00
       1978     88.000     8.5708     8.5698   3.651850   3.653094     1.8990    -0.0655      98.80 4.9479e-02 0.0000e+00    82.1388    4.50171    34.7203    34.7345    26.9673    1485.71    1486.31 0.0000e+00
       1999     89.000     8.5638     8.5624   3.651587   3.652825     1.8901    -0.0605      96.68 4.9490e-02 0.0000e+00    82.1312    4.48400    34.7240    34.7384    26.9713    1485.70    1486.30 0.0000e+00
       2021     90.000     8.5569     8.5553   3.651363   3.652615     1.8819    -0.0663      44.75 4.9505e-02 0.0000e+00    82.1403    4.46919    34.7279    34.7427    26.9754    1485.70    1486.30 0.0000e+00
       2042     91.000     8.5502     8.5487   3.651257   3.652494     1.8749    -0.0632      98.52 4.9492e-02 0.0000e+00    82.1540    4.45482    34.7329    34.7475    26.9804    1485.69    1486.29 0.0000e+00
       2063     92.000     8.5428     8.5416   3.651044   3.652306     1.8681    -0.0724      67.92 4.9479e-02 0.0000e+00    82.1504    4.43713    34.7374    34.7520    26.9851    1485.69    1486.28 0.0000e+00
       2084     93.000     8.5400     8.5387   3.651000   3.652259     1.8616    -0.0683      94.97 4.9485e-02 0.0000e+00    82.1529    4.42622    34.7392    34.7539    26.9869    1485.70    1486.28 0.0000e+00
       2105     94.000     8.5376     8.5361   3.650975   3.652230     1.8566    -0.0727      30.94 4.9492e-02 0.0000e+00    82.1583    4.42315    34.7409    34.7556    26.9886    1485.71    1486.27 0.0000e+00
       2126     95.000     8.5305     8.5298   3.650725   3.651990     1.8524    -0.0776      53.97 4.9459e-02 0.0000e+00    82.1478    4.42212    34.7447    34.7588    26.9927    1485.70    1486.26 0.0000e+00
       2147     96.000     8.5176     8.5163   3.650285   3.651530     1.8492    -0.0775      77.63 4.9498e-02 0.0000e+00    82.1557    4.42154    34.7523    34.7668    27.0007    1485.68    1486.26 0.0000e+00
       2167     97.000     8.5102     8.5087   3.649994   3.651225     1.8465    -0.0727      75.24 4.9467e-02 0.0000e+00    82.1421    4.41645    34.7560    34.7705    27.0047    1485.67    1486.25 0.0000e+00
       2188     98.000     8.4934     8.4924   3.649423   3.650651     1.8435    -0.0790      78.94 4.9479e-02 0.0000e+00    82.1512    4.40681    34.7660    34.7800    27.0152    1485.64    1486.25 0.0000e+00
       2209     99.000     8.4810     8.4795   3.649032   3.650271     1.8407    -0.0737      93.81 4.9502e-02 0.0000e+00    82.1498    4.39540    34.7736    34.7883    27.0231    1485.62    1486.24 0.0000e+00
       2229    100.000     8.4793     8.4776   3.649002   3.650255     1.8371    -0.0735      82.59 4.9485e-02 0.0000e+00    82.1511    4.37301    34.7745    34.7895    27.0240    1485.63    1486.23 0.0000e+00
       2250    101.000     8.4759     8.4746   3.648932   3.650188     1.8325    -0.0718      12.60 4.9485e-02 0.0000e+00    82.1414    4.35038    34.7766    34.7912    27.0262    1485.64    1486.23 0.0000e+00
       2271    102.000     8.4716     8.4709   3.648835   3.650096     1.8276    -0.0760      52.23 4.9479e-02 0.0000e+00    82.1260    4.33292    34.7794    34.7934    27.0290    1485.64    1486.22 0.0000e+00
       2291    103.000     8.4676     8.4659   3.648724   3.649971     1.8225    -0.0678      43.79 4.9487e-02 0.0000e+00    82.1405    4.31695    34.7817    34.7966    27.0314    1485.64    1486.22 0.0000e+00
       2312    104.000     8.4662     8.4643   3.648735   3.649977     1.8175    -0.0725      98.34 4.9498e-02 0.0000e+00    82.1200    4.30169    34.7827    34.7977    27.0325    1485.66    1486.21 0.0000e+00
       2333    105.000     8.4644     8.4623   3.648727   3.649962     1.8127    -0.0690      77.56 4.9492e-02 0.0000e+00    82.1579    4.29391    34.7839    34.7991    27.0337    1485.67    1486.21 0.0000e+00
       2354    106.000     8.4622     8.4606   3.648674   3.649933     1.8086    -0.0677      98.52 4.9495e-02 0.0000e+00    82.1551    4.28341    34.7850    34.8000    27.0349    1485.68    1486.20 0.0000e+00
       2374    107.000     8.4619     8.4602   3.648708   3.649964     1.8045    -0.0687      92.24 4.9472e-02 0.0000e+00    82.1589    4.27396    34.7852    34.8002    27.0351    1485.69    1486.20 0.0000e+00
       2395    108.000     8.4505     8.4495   3.648419   3.649659     1.8009    -0.0705      57.18 4.9485e-02 0.0000e+00    82.1644    4.27268    34.7929    34.8070    27.0429    1485.68    1486.19 0.0000e+00
       2416    109.000     8.4413     8.4399   3.648230   3.649489     1.7980    -0.0698       9.90 4.9446e-02 0.0000e+00    82.1565    4.26964    34.7995    34.8142    27.0495    1485.67    1486.19 0.0000e+00
       2437    110.000     8.4320     8.4308   3.648055   3.649299     1.7957    -0.0689      71.00 4.9498e-02 0.0000e+00    82.1870    4.26302    34.8063    34.8207    27.0563    1485.66    1486.18 0.0000e+00
       2458    111.000     8.4111     8.4103   3.647763   3.649010     1.7925    -0.0697      69.93 4.9492e-02 0.0000e+00    82.1800    4.24866    34.8234    34.8374    27.0729    1485.62    1486.18 0.0000e+00
       2479    112.000     8.4048     8.4034   3.647744   3.648982     1.7890    -0.0724      98.05 4.9472e-02 0.0000e+00    82.1666    4.23401    34.8289    34.8435    27.0782    1485.62    1486.17 0.0000e+00
       2500    113.000     8.4005     8.3992   3.647707   3.648947     1.7854    -0.0579      66.89 4.9511e-02 0.0000e+00    82.1796    4.20527    34.8323    34.8468    27.0816    1485.62    1486.17 0.0000e+00
       2520    114.000     8.3937     8.3924   3.647626   3.648888     1.7790    -0.0710      62.22 4.9446e-02 0.0000e+00    82.1880    4.16183    34.8377    34.8524    27.0868    1485.62    1486.16 0.0000e+00
       2541    115.000     8.3930     8.3913   3.647830   3.649091     1.7716    -0.0704      94.73 4.9511e-02 0.0000e+00    82.1818    4.12544    34.8401    34.8552    27.0888    1485.63    1486.16 0.0000e+00
       2561    116.000     8.3856     8.3845   3.647940   3.649194     1.7635    -0.0715      78.39 4.9474e-02 0.0000e+00    82.2131    4.10348    34.8481    34.8625    27.0962    1485.63    1486.15 0.0000e+00
       2582    117.000     8.3744     8.3734   3.647895   3.649145     1.7564    -0.0727      98.96 4.9459e-02 0.0000e+00    82.2163    4.08924    34.8582    34.8725    27.1059    1485.62    1486.15 0.0000e+00
       2603    118.000     8.3716     8.3696   3.648097   3.649328     1.7497    -0.0680      93.83 4.9474e-02 0.0000e+00    82.2033    4.07169    34.8627    34.8777    27.1098    1485.63    1486.14 0.0000e+00
       2623    119.000     8.3703     8.3687   3.648375   3.649622     1.7434    -0.0621      45.99 4.9512e-02 0.0000e+00    82.2132    4.05276    34.8664    34.8813    27.1130    1485.65    1486.14 0.0000e+00
       2643    120.000     8.3649     8.3635   3.648588   3.649851     1.7369    -0.0659      67.76 4.9495e-02 0.0000e+00    82.2041    4.03190    34.8736    34.8884    27.1194    1485.65    1486.14 0.0000e+00
       2664    121.000     8.3566     8.3553   3.648862   3.650137     1.7306    -0.0528      94.29 4.9474e-02 0.0000e+00    82.2081    4.00986    34.8842    34.8991    27.1290    1485.65    1486.13 0.0000e+00
       2684    122.000     8.3513     8.3499   3.648949   3.650187     1.7238    -0.0664      21.61 4.9505e-02 0.0000e+00    82.2063    3.99019    34.8899    34.9045    27.1343    1485.66    1486.13 0.0000e+00
       2705    123.000     8.3493     8.3478   3.648936   3.650190     1.7175    -0.0675      82.87 4.9505e-02 0.0000e+00    82.1897    3.96796    34.8913    34.9061    27.1357    1485.67    1486.12 0.0000e+00
       2726    124.000     8.3484     8.3471   3.649058   3.650306     1.7104    -0.0711      60.23 4.9479e-02 0.0000e+00    82.1739    3.94445    34.8930    34.9076    27.1372    1485.68    1486.12 0.0000e+00
       2746    125.000     8.3457     8.3443   3.649168   3.650423     1.7041    -0.0621      65.30 4.9542e-02 0.0000e+00    82.1863    3.93340    34.8964    34.9111    27.1402    1485.69    1486.12 0.0000e+00
       2767    126.000     8.3437     8.3422   3.649472   3.650725     1.6985    -0.0684      28.49 4.9473e-02 0.0000e+00    82.1880    3.92028    34.9011    34.9159    27.1443    1485.71    1486.11 0.0000e+00
       2788    127.000     8.3420     8.3405   3.649777   3.651028     1.6930    -0.0608      84.60 4.9474e-02 0.0000e+00    82.1865    3.91246    34.9056    34.9204    27.1480    1485.72    1486.11 0.0000e+00
       2808    128.000     8.3402     8.3386   3.649928   3.651176     1.6890    -0.0557      60.44 4.9499e-02 0.0000e+00    82.1932    3.90822    34.9085    34.9233    27.1506    1485.74    1486.11 0.0000e+00
       2829    129.000     8.3390     8.3375   3.650055   3.651314     1.6847    -0.0597      58.69 4.9472e-02 0.0000e+00    82.1722    3.89392    34.9105    34.9254    27.1524    1485.75    1486.10 0.0000e+00
       2850    130.000     8.3374     8.3358   3.650283   3.651533     1.6808    -0.0727      28.53 4.9488e-02 0.0000e+00    82.1516    3.88236    34.9141    34.9290    27.1554    1485.77    1486.10 0.0000e+00
       2870    131.000     8.3365     8.3350   3.650455   3.651713     1.6766    -0.0721      98.38 4.9505e-02 0.0000e+00    82.1298    3.87034    34.9163    34.9312    27.1573    1485.78    1486.10 0.0000e+00
       2890    132.000     8.3354     8.3338   3.650637   3.651893     1.6729    -0.0725      74.69 4.9481e-02 0.0000e+00    82.0850    3.85880    34.9188    34.9338    27.1595    1485.80    1486.10 0.0000e+00
       2911    133.000     8.3339     8.3324   3.650778   3.652032     1.6690    -0.0741      54.80 4.9488e-02 0.0000e+00    82.0721    3.84620    34.9214    34.9362    27.1617    1485.81    1486.10 0.0000e+00
       2931    134.000     8.3324     8.3309   3.650912   3.652165     1.6652    -0.0695      53.99 4.9502e-02 0.0000e+00    82.0421    3.83597    34.9238    34.9386    27.1638    1485.82    1486.09 0.0000e+00
       2950    135.000     8.3316     8.3300   3.651030   3.652290     1.6616    -0.0736      53.40 4.9467e-02 0.0000e+00    82.0028    3.82676    34.9254    34.9404    27.1652    1485.84    1486.09 0.0000e+00
       2970    136.000     8.3310     8.3293   3.651125   3.652381     1.6583    -0.0686      22.12 4.9494e-02 0.0000e+00    81.9915    3.81651    34.9265    34.9416    27.1662    1485.86    1486.09 0.0000e+00
       2990    137.000     8.3305     8.3288   3.651202   3.652452     1.6547    -0.0769      49.48 4.9501e-02 0.0000e+00    81.9608    3.80600    34.9273    34.9423    27.1669    1485.87    1486.09 0.0000e+00
       3010    138.000     8.3303     8.3287   3.651264   3.652529     1.6513    -0.0699      49.77 4.9498e-02 0.0000e+00    81.9134    3.79445    34.9277    34.9428    27.1672    1485.89    1486.09 0.0000e+00
       3030    139.000     8.3301     8.3285   3.651335   3.652597     1.6480    -0.0751      48.88 4.9499e-02 0.0000e+00    81.8745    3.78881    34.9282    34.9432    27.1676    1485.90    1486.09 0.0000e+00
       3050    140.000     8.3291     8.3274   3.651437   3.652691     1.6451    -0.0691      47.88 4.9502e-02 0.0000e+00    81.8617    3.78356    34.9298    34.9448    27.1690    1485.92    1486.08 0.0000e+00
       3071    141.000     8.3287     8.3271   3.651504   3.652762     1.6421    -0.0696      46.88 4.9502e-02 0.0000e+00    81.8335    3.77592    34.9304    34.9454    27.1696    1485.93    1486.08 0.0000e+00
       3091    142.000     8.3287     8.3272   3.651557   3.652820     1.6398    -0.0664      46.12 4.9505e-02 0.0000e+00    81.8272    3.77296    34.9305    34.9454    27.1696    1485.95    1486.08 0.0000e+00
       3111    143.000     8.3288     8.3272   3.651620   3.652878     1.6374    -0.0544      45.14 4.9502e-02 0.0000e+00    81.8044    3.77074    34.9306    34.9456    27.1697    1485.97    1486.08 0.0000e+00
       3131    144.000     8.3289     8.3273   3.651671   3.652936     1.6359    -0.0543      44.39 4.9488e-02 0.0000e+00    81.7206    3.77084    34.9305    34.9456    27.1696    1485.98    1486.08 0.0000e+00
       3151    145.000     8.3289     8.3273   3.651727   3.652985     1.6344    -0.0684      43.29 4.9515e-02 0.0000e+00    81.7946    3.77031    34.9306    34.9456    27.1697    1486.00    1486.08 0.0000e+00
       3172    146.000     8.3289     8.3272   3.651786   3.653048     1.6334    -0.0781      42.09 4.9467e-02 0.0000e+00    81.7899    3.77122    34.9308    34.9459    27.1699    1486.02    1486.08 0.0000e+00
       3192    147.000     8.3284     8.3268   3.651862   3.653126     1.6324    -0.0726      41.41 4.9488e-02 0.0000e+00    81.7933    3.76937    34.9316    34.9467    27.1706    1486.03    1486.08 0.0000e+00
       3212    148.000     8.3279     8.3263   3.651937   3.653197     1.6316    -0.0803      40.07 4.9495e-02 0.0000e+00    81.7725    3.77096    34.9324    34.9474    27.1713    1486.05    1486.08 0.0000e+00
       3232    149.000     8.3275     8.3259   3.652017   3.653272     1.6313    -0.0726      39.14 4.9495e-02 0.0000e+00    81.7824    3.76805    34.9332    34.9482    27.1720    1486.06    1486.08 0.0000e+00
       3251    150.000     8.3271     8.3254   3.652092   3.653345     1.6301    -0.0784      38.11 4.9481e-02 0.0000e+00    81.7805    3.76303    34.9339    34.9489    27.1726    1486.08    1486.08 0.0000e+00
       3272    151.000     8.3267     8.3250   3.652150   3.653414     1.6294    -0.0732      36.91 4.9522e-02 0.0000e+00    81.7743    3.76333    34.9344    34.9496    27.1731    1486.10    1486.08 0.0000e+00
       3292    152.000     8.3266     8.3249   3.652226   3.653488     1.6286    -0.0686      35.92 4.9508e-02 0.0000e+00    81.7575    3.76070    34.9349    34.9500    27.1734    1486.11    1486.08 0.0000e+00
       3312    153.000     8.3262     8.3246   3.652293   3.653548     1.6279    -0.0672      34.92 4.9480e-02 0.0000e+00    81.7074    3.75693    34.9355    34.9505    27.1740    1486.13    1486.08 0.0000e+00
       3332    154.000     8.3262     8.3246   3.652350   3.653613     1.6271    -0.0626      34.12 4.9485e-02 0.0000e+00    81.7026    3.75949    34.9356    34.9507    27.1741    1486.14    1486.08 0.0000e+00
       3353    155.000     8.3261     8.3245   3.652400   3.653671     1.6266    -0.0591      33.07 4.9466e-02 0.0000e+00    81.6905    3.75852    34.9358    34.9509    27.1742    1486.16    1486.08 0.0000e+00
       3373    156.000     8.3263     8.3247   3.652459   3.653719     1.6259    -0.0676      32.01 4.9481e-02 0.0000e+00    81.6908    3.75802    34.9357    34.9507    27.1741    1486.18    1486.08 0.0000e+00
       3394    157.000     8.3264     8.3247   3.652512   3.653769     1.6258    -0.0732      31.00 4.9485e-02 0.0000e+00    81.6776    3.76173    34.9357    34.9508    27.1741    1486.19    1486.08 0.0000e+00
       3415    158.000     8.3264     8.3247   3.652570   3.653839     1.6257 -9.990e-29      29.94 4.9474e-02 0.0000e+00    81.6470    3.76225    34.9358    34.9511    27.1742    1486.21    1486.08 0.0000e+00
