_data/ctd/2022603/sta0198.cnv
* Sea-Bird SBE 9 Data File:
* FileName = C:\Seabird\CTDData\sta0198.hex
* Software Version Seasave V 7.21f
* Temperature SN = 6264
* Conductivity SN = 4928
* Number of Bytes Per Scan = 40
* Number of Voltage Words = 5
* Number of Scans Averaged by the Deck Unit = 1
* NMEA Latitude = 61 05.87 N
* NMEA Longitude = 006 28.48 E
* NMEA UTC (Time) = Feb 14 2022 22:02:32
* NMEA baud rate = 4800
** Ship: R/V "Kristine Bonnevie"
** Station: 0198
** Echodepth: 1176
** Log: 0783.995
** Wind-Dir/Force: 45 26
** Air-temp (dry): 3.7
** Weather Sky:
** Sea:
# nquan = 19                                
# nvalues = 1188                        
# units = specified
# name 0 = scan: Scan Count
# name 1 = prDM: Pressure, Digiquartz [db]
# name 2 = t068C: Temperature [ITS-68, deg C]
# name 3 = t168C: Temperature, 2 [ITS-68, deg C]
# name 4 = c0S/m: Conductivity [S/m]
# name 5 = c1S/m: Conductivity, 2 [S/m]
# name 6 = sbeox0V: Oxygen raw, SBE 43 [V]
# name 7 = flECO-AFL: Fluorescence, WET Labs ECO-AFL/FL [mg/m^3]
# name 8 = altM: Altimeter [m]
# name 9 = par: PAR/Irradiance, Biospherical/Licor
# name 10 = spar: SPAR/Surface Irradiance
# name 11 = CStarTr0: Beam Transmission, WET Labs C-Star [%]
# name 12 = sbeox0ML/L: Oxygen, SBE 43 [ml/l], WS = 2
# name 13 = sal00: Salinity, Practical [PSU]
# name 14 = sal11: Salinity, Practical, 2 [PSU]
# name 15 = sigma-t00: Density [sigma-t, Kg/m^3 ]
# name 16 = svCM: Sound Velocity [Chen-Millero, m/s]
# name 17 = avgsvCM: Average Sound Velocity [Chen-Millero, m/s], minP = 1, minS = 5
# name 18 = flag: flag
# span 0 =        135,      28546       
# span 1 =      2.000,   1189.000       
# span 2 =     5.2888,     9.9922       
# span 3 =     5.2867,     9.9905       
# span 4 =   2.903172,   3.710665       
# span 5 =   2.903700,   3.712009       
# span 6 =     1.5492,     2.4749       
# span 7 =    -0.1006,     0.7910       
# span 8 =       5.51,     100.17       
# span 9 = 4.8502e-02, 7.3919e-01       
# span 10 = 0.0000e+00, 0.0000e+00      
# span 11 =    79.4360,    81.9693      
# span 12 =    4.07507,    7.14064      
# span 13 =    29.6589,    35.0229      
# span 14 =    29.6667,    35.0391      
# span 15 =    23.4137,    27.3648      
# span 16 =    1465.15,    1500.33      
# span 17 =    1465.15,    1490.98      
# span 18 = 0.0000e+00, 0.0000e+00      
# interval = decibars: 1                
# start_time = Feb 14 2022 22:02:34 [System UTC, header]
# bad_flag = -9.990e-29
*END*
[from data line 991]
      22105    993.000     7.5060     7.5048   3.621177   3.622560     1.5788    -0.0641      92.37 4.9496e-02 0.0000e+00    81.6422    4.09079    35.0221    35.0382    27.3645    1497.00    1489.47 0.0000e+00
      22127    994.000     7.5061     7.5048   3.621226   3.622612     1.5787    -0.0642      68.36 4.9483e-02 0.0000e+00    81.6299    4.09083    35.0221    35.0383    27.3645    1497.01    1489.48 0.0000e+00
      22149    995.000     7.5063     7.5050   3.621286   3.622657     1.5786    -0.0699      82.69 4.9517e-02 0.0000e+00    81.6401    4.09166    35.0221    35.0381    27.3644    1497.03    1489.49 0.0000e+00
      22171    996.000     7.5064     7.5051   3.621327   3.622721     1.5783    -0.0669      98.71 4.9534e-02 0.0000e+00    81.6259    4.08852    35.0219    35.0383    27.3643    1497.05    1489.50 0.0000e+00
      22194    997.000     7.5064     7.5052   3.621384   3.622762     1.5780    -0.0605      98.44 4.9512e-02 0.0000e+00    81.6506    4.09117    35.0221    35.0382    27.3644    1497.07    1489.50 0.0000e+00
      22216    998.000     7.5065     7.5052   3.621441   3.622826     1.5779 -9.990e-29      77.73 4.9521e-02 0.0000e+00    81.6495    4.08751    35.0221    35.0384    27.3645    1497.08    1489.51 0.0000e+00
      22239    999.000     7.5067     7.5054   3.621497   3.622873     1.5775 -9.990e-29      52.22 4.9476e-02 0.0000e+00    81.6541    4.09265    35.0221    35.0382    27.3644    1497.10    1489.52 0.0000e+00
      22260   1000.000     7.5068     7.5055   3.621545   3.622934     1.5779 -9.990e-29      82.93 4.9496e-02 0.0000e+00    81.6397    4.09255    35.0220    35.0383    27.3644    1497.12    1489.53 0.0000e+00
      22282   1001.000     7.5068     7.5057   3.621605   3.622987     1.5773 -9.990e-29      93.33 4.9492e-02 0.0000e+00    81.6360    4.08721    35.0222    35.0382    27.3645    1497.13    1489.53 0.0000e+00
      22302   1002.000     7.5069     7.5057   3.621656   3.623040     1.5775    -0.0659      86.37 4.9502e-02 0.0000e+00    81.6345    4.09573    35.0222    35.0383    27.3645    1497.15    1489.54 0.0000e+00
      22323   1003.000     7.5071     7.5059   3.621709   3.623095     1.5776    -0.0634      58.24 4.9492e-02 0.0000e+00    81.6451    4.09310    35.0221    35.0383    27.3644    1497.17    1489.55 0.0000e+00
      22343   1004.000     7.5072     7.5059   3.621767   3.623142     1.5772    -0.0639      97.85 4.9515e-02 0.0000e+00    81.6380    4.09004    35.0222    35.0383    27.3644    1497.18    1489.56 0.0000e+00
      22363   1005.000     7.5073     7.5060   3.621814   3.623200     1.5772    -0.0606      98.55 4.9505e-02 0.0000e+00    81.6314    4.09231    35.0221    35.0384    27.3644    1497.20    1489.56 0.0000e+00
      22383   1006.000     7.5074     7.5061   3.621867   3.623252     1.5770    -0.0623      95.04 4.9518e-02 0.0000e+00    81.6426    4.08987    35.0221    35.0384    27.3643    1497.22    1489.57 0.0000e+00
      22403   1007.000     7.5075     7.5062   3.621925   3.623302     1.5768    -0.0607      69.81 4.9475e-02 0.0000e+00    81.6322    4.08829    35.0222    35.0384    27.3644    1497.24    1489.58 0.0000e+00
      22423   1008.000     7.5076     7.5062   3.621973   3.623352     1.5766    -0.0689      98.26 4.9528e-02 0.0000e+00    81.6395    4.09015    35.0222    35.0384    27.3643    1497.25    1489.59 0.0000e+00
      22444   1009.000     7.5076     7.5063   3.622025   3.623400     1.5763    -0.0651      98.75 4.9494e-02 0.0000e+00    81.6323    4.08955    35.0223    35.0384    27.3644    1497.27    1489.59 0.0000e+00
      22464   1010.000     7.5077     7.5064   3.622070   3.623447     1.5763    -0.0667      96.39 4.9512e-02 0.0000e+00    81.6332    4.09174    35.0222    35.0383    27.3643    1497.29    1489.60 0.0000e+00
      22485   1011.000     7.5077     7.5065   3.622125   3.623505     1.5762    -0.0666      69.46 4.9492e-02 0.0000e+00    81.6225    4.09479    35.0223    35.0384    27.3644    1497.30    1489.61 0.0000e+00
      22506   1012.000     7.5078     7.5066   3.622179   3.623562     1.5766    -0.0697      98.64 4.9496e-02 0.0000e+00    81.6303    4.09719    35.0223    35.0385    27.3644    1497.32    1489.62 0.0000e+00
      22528   1013.000     7.5079     7.5067   3.622227   3.623606     1.5763    -0.0686      98.17 4.9490e-02 0.0000e+00    81.6403    4.09291    35.0223    35.0384    27.3644    1497.34    1489.62 0.0000e+00
      22550   1014.000     7.5080     7.5067   3.622283   3.623661     1.5764    -0.0629      61.65 4.9527e-02 0.0000e+00    81.6410    4.09452    35.0223    35.0385    27.3644    1497.35    1489.63 0.0000e+00
      22572   1015.000     7.5081     7.5068   3.622335   3.623706     1.5762    -0.0699      69.54 4.9478e-02 0.0000e+00    81.6272    4.09264    35.0223    35.0384    27.3644    1497.37    1489.64 0.0000e+00
      22594   1016.000     7.5082     7.5069   3.622387   3.623763     1.5761    -0.0700      79.51 4.9512e-02 0.0000e+00    81.6338    4.09380    35.0223    35.0385    27.3644    1497.39    1489.65 0.0000e+00
      22616   1017.000     7.5083     7.5070   3.622434   3.623816     1.5760    -0.0697      98.24 4.9515e-02 0.0000e+00    81.6308    4.09258    35.0223    35.0385    27.3643    1497.40    1489.65 0.0000e+00
      22637   1018.000     7.5085     7.5072   3.622496   3.623872     1.5758    -0.0688      72.59 4.9499e-02 0.0000e+00    81.6210    4.09398    35.0223    35.0384    27.3643    1497.42    1489.66 0.0000e+00
      22657   1019.000     7.5085     7.5073   3.622550   3.623939     1.5758    -0.0660      86.91 4.9522e-02 0.0000e+00    81.6155    4.09619    35.0224    35.0386    27.3644    1497.44    1489.67 0.0000e+00
      22678   1020.000     7.5086     7.5074   3.622600   3.623980     1.5758    -0.0594      98.82 4.9515e-02 0.0000e+00    81.6252    4.09184    35.0224    35.0385    27.3644    1497.46    1489.68 0.0000e+00
      22698   1021.000     7.5088     7.5075   3.622647   3.624030     1.5754    -0.0668      85.99 4.9522e-02 0.0000e+00    81.6109    4.09030    35.0222    35.0384    27.3642    1497.47    1489.69 0.0000e+00
      22718   1022.000     7.5089     7.5076   3.622712   3.624089     1.5753    -0.0634      82.15 4.9494e-02 0.0000e+00    81.6009    4.09204    35.0224    35.0385    27.3643    1497.49    1489.69 0.0000e+00
      22738   1023.000     7.5089     7.5077   3.622754   3.624132     1.5751    -0.0644      26.27 4.9495e-02 0.0000e+00    81.6056    4.09146    35.0224    35.0384    27.3643    1497.51    1489.70 0.0000e+00
      22758   1024.000     7.5090     7.5078   3.622809   3.624183     1.5749    -0.0518      99.84 4.9526e-02 0.0000e+00    81.6186    4.09192    35.0224    35.0384    27.3643    1497.52    1489.71 0.0000e+00
      22779   1025.000     7.5091     7.5078   3.622857   3.624239     1.5747    -0.0506      54.35 4.9479e-02 0.0000e+00    81.6107    4.09125    35.0223    35.0386    27.3643    1497.54    1489.72 0.0000e+00
      22800   1026.000     7.5092     7.5079   3.622900   3.624284     1.5745    -0.0620      99.00 4.9523e-02 0.0000e+00    81.6216    4.09196    35.0223    35.0385    27.3642    1497.56    1489.72 0.0000e+00
      22821   1027.000     7.5093     7.5080   3.622959   3.624340     1.5745 -9.990e-29      98.78 4.9508e-02 0.0000e+00    81.6193    4.09111    35.0223    35.0385    27.3642    1497.57    1489.73 0.0000e+00
      22842   1028.000     7.5093     7.5081   3.623007   3.624395     1.5740 -9.990e-29      98.78 4.9515e-02 0.0000e+00    81.6180    4.08741    35.0224    35.0385    27.3643    1497.59    1489.74 0.0000e+00
      22864   1029.000     7.5094     7.5081   3.623059   3.624452     1.5737 -9.990e-29      83.37 4.9472e-02 0.0000e+00    81.6283    4.08576    35.0224    35.0387    27.3642    1497.61    1489.75 0.0000e+00
      22886   1030.000     7.5095     7.5083   3.623120   3.624495     1.5732 -9.990e-29      62.81 4.9499e-02 0.0000e+00    81.6277    4.08725    35.0225    35.0385    27.3643    1497.62    1489.75 0.0000e+00
      22909   1031.000     7.5096     7.5084   3.623159   3.624551     1.5734 -9.990e-29      60.72 4.9496e-02 0.0000e+00    81.6067    4.09672    35.0223    35.0385    27.3642    1497.64    1489.76 0.0000e+00
      22930   1032.000     7.5097     7.5085   3.623221   3.624601     1.5734 -9.990e-29      84.35 4.9508e-02 0.0000e+00    81.6166    4.09004    35.0224    35.0385    27.3643    1497.66    1489.77 0.0000e+00
      22952   1033.000     7.5098     7.5086   3.623269   3.624655     1.5730 -9.990e-29      76.00 4.9502e-02 0.0000e+00    81.6195    4.08934    35.0224    35.0385    27.3642    1497.68    1489.78 0.0000e+00
      22974   1034.000     7.5099     7.5087   3.623327   3.624705     1.5731 -9.990e-29      38.33 4.9485e-02 0.0000e+00    81.6084    4.09184    35.0225    35.0385    27.3642    1497.69    1489.78 0.0000e+00
      22996   1035.000     7.5100     7.5088   3.623378   3.624758     1.5730    -0.0561      99.27 4.9528e-02 0.0000e+00    81.6175    4.08813    35.0225    35.0385    27.3642    1497.71    1489.79 0.0000e+00
      23018   1036.000     7.5102     7.5089   3.623433   3.624811     1.5722    -0.0693      72.95 4.9483e-02 0.0000e+00    81.6109    4.08507    35.0224    35.0385    27.3641    1497.73    1489.80 0.0000e+00
      23039   1037.000     7.5102     7.5090   3.623483   3.624862     1.5724    -0.0668      35.78 4.9485e-02 0.0000e+00    81.6221    4.09213    35.0225    35.0385    27.3642    1497.74    1489.81 0.0000e+00
      23060   1038.000     7.5104     7.5091   3.623540   3.624920     1.5723    -0.0627      93.09 4.9505e-02 0.0000e+00    81.5994    4.09060    35.0224    35.0386    27.3641    1497.76    1489.81 0.0000e+00
      23081   1039.000     7.5104     7.5092   3.623595   3.624972     1.5722    -0.0613      75.73 4.9505e-02 0.0000e+00    81.5859    4.09001    35.0226    35.0386    27.3642    1497.78    1489.82 0.0000e+00
      23102   1040.000     7.5105     7.5093   3.623647   3.625024     1.5720    -0.0677      94.55 4.9519e-02 0.0000e+00    81.6036    4.09053    35.0226    35.0386    27.3642    1497.79    1489.83 0.0000e+00
      23124   1041.000     7.5106     7.5094   3.623692   3.625079     1.5721    -0.0679      98.79 4.9496e-02 0.0000e+00    81.6023    4.09249    35.0225    35.0386    27.3641    1497.81    1489.84 0.0000e+00
      23145   1042.000     7.5107     7.5095   3.623752   3.625125     1.5719    -0.0635      86.23 4.9521e-02 0.0000e+00    81.6037    4.08729    35.0226    35.0386    27.3642    1497.83    1489.84 0.0000e+00
      23168   1043.000     7.5108     7.5096   3.623796   3.625173     1.5715    -0.0624      79.68 4.9477e-02 0.0000e+00    81.5855    4.08756    35.0225    35.0385    27.3641    1497.84    1489.85 0.0000e+00
      23191   1044.000     7.5109     7.5097   3.623847   3.625239     1.5713    -0.0576      98.55 4.9491e-02 0.0000e+00    81.5958    4.09146    35.0225    35.0387    27.3641    1497.86    1489.86 0.0000e+00
      23214   1045.000     7.5110     7.5098   3.623898   3.625289     1.5715 -9.990e-29      90.13 4.9505e-02 0.0000e+00    81.5907    4.09126    35.0225    35.0387    27.3641    1497.88    1489.87 0.0000e+00
      23237   1046.000     7.5111     7.5099   3.623947   3.625335     1.5712 -9.990e-29      70.95 4.9503e-02 0.0000e+00    81.6066    4.08965    35.0224    35.0386    27.3640    1497.90    1489.88 0.0000e+00
      23261   1047.000     7.5112     7.5099   3.624000   3.625387     1.5711 -9.990e-29      98.42 4.9508e-02 0.0000e+00    81.6083    4.08859    35.0224    35.0387    27.3640    1497.91    1489.88 0.0000e+00
      23285   1048.000     7.5113     7.5101   3.624058   3.625436     1.5709 -9.990e-29      90.99 4.9491e-02 0.0000e+00    81.5856    4.09127    35.0225    35.0386    27.3641    1497.93    1489.89 0.0000e+00
      23309   1049.000     7.5114     7.5102   3.624115   3.625491     1.5709    -0.0661      70.15 4.9493e-02 0.0000e+00    81.5955    4.08824    35.0226    35.0386    27.3641    1497.95    1489.90 0.0000e+00
      23332   1050.000     7.5116     7.5103   3.624167   3.625553     1.5704    -0.0651      96.96 4.9505e-02 0.0000e+00    81.5942    4.08854    35.0225    35.0387    27.3640    1497.96    1489.91 0.0000e+00
      23354   1051.000     7.5116     7.5104   3.624220   3.625593     1.5705    -0.0609      94.69 4.9515e-02 0.0000e+00    81.6089    4.09064    35.0226    35.0386    27.3641    1497.98    1489.91 0.0000e+00
      23376   1052.000     7.5117     7.5105   3.624266   3.625655     1.5703    -0.0594      47.51 4.9496e-02 0.0000e+00    81.6051    4.08748    35.0225    35.0387    27.3640    1498.00    1489.92 0.0000e+00
      23399   1053.000     7.5118     7.5106   3.624323   3.625706     1.5700    -0.0633      97.97 4.9524e-02 0.0000e+00    81.5972    4.08942    35.0226    35.0387    27.3640    1498.01    1489.93 0.0000e+00
      23421   1054.000     7.5119     7.5107   3.624378   3.625762     1.5701    -0.0635      76.90 4.9492e-02 0.0000e+00    81.5796    4.08681    35.0226    35.0387    27.3640    1498.03    1489.94 0.0000e+00
      23443   1055.000     7.5120     7.5108   3.624428   3.625809     1.5691    -0.0596      37.90 4.9502e-02 0.0000e+00    81.5880    4.07759    35.0226    35.0387    27.3640    1498.05    1489.94 0.0000e+00
      23465   1056.000     7.5121     7.5109   3.624479   3.625859     1.5689    -0.0624      96.65 4.9505e-02 0.0000e+00    81.5668    4.09054    35.0226    35.0386    27.3640    1498.07    1489.95 0.0000e+00
      23488   1057.000     7.5122     7.5110   3.624529   3.625911     1.5694    -0.0590      98.54 4.9483e-02 0.0000e+00    81.5846    4.09001    35.0225    35.0386    27.3640    1498.08    1489.96 0.0000e+00
      23510   1058.000     7.5123     7.5111   3.624591   3.625970     1.5689    -0.0590      54.06 4.9511e-02 0.0000e+00    81.5865    4.08364    35.0226    35.0387    27.3640    1498.10    1489.97 0.0000e+00
      23533   1059.000     7.5124     7.5112   3.624633   3.626021     1.5686    -0.0631      98.09 4.9506e-02 0.0000e+00    81.5703    4.08499    35.0225    35.0387    27.3639    1498.12    1489.97 0.0000e+00
      23556   1060.000     7.5125     7.5113   3.624679   3.626066     1.5683    -0.0625      98.30 4.9487e-02 0.0000e+00    81.5505    4.08271    35.0225    35.0386    27.3639    1498.13    1489.98 0.0000e+00
      23579   1061.000     7.5126     7.5114   3.624747   3.626121     1.5679    -0.0669      47.53 4.9481e-02 0.0000e+00    81.5635    4.08269    35.0226    35.0387    27.3640    1498.15    1489.99 0.0000e+00
      23603   1062.000     7.5127     7.5115   3.624788   3.626173     1.5678    -0.0657      98.94 4.9528e-02 0.0000e+00    81.5790    4.08505    35.0225    35.0387    27.3639    1498.17    1490.00 0.0000e+00
      23627   1063.000     7.5128     7.5117   3.624846   3.626233     1.5676    -0.0667      92.33 4.9482e-02 0.0000e+00    81.5812    4.08459    35.0226    35.0386    27.3639    1498.18    1490.00 0.0000e+00
      23649   1064.000     7.5129     7.5117   3.624896   3.626284     1.5674    -0.0617      45.38 4.9496e-02 0.0000e+00    81.5801    4.08085    35.0226    35.0387    27.3639    1498.20    1490.01 0.0000e+00
      23672   1065.000     7.5131     7.5119   3.624951   3.626334     1.5669    -0.0661      98.40 4.9505e-02 0.0000e+00    81.5713    4.08042    35.0225    35.0386    27.3638    1498.22    1490.02 0.0000e+00
      23695   1066.000     7.5132     7.5120   3.625011   3.626395     1.5666    -0.0627      84.26 4.9457e-02 0.0000e+00    81.5642    4.08081    35.0226    35.0387    27.3639    1498.24    1490.03 0.0000e+00
      23717   1067.000     7.5133     7.5121   3.625063   3.626451     1.5666    -0.0658      57.37 4.9490e-02 0.0000e+00    81.5776    4.08521    35.0226    35.0388    27.3638    1498.25    1490.04 0.0000e+00
