_data/ctd/2022603/sta0207.cnv
* Sea-Bird SBE 9 Data File:
* FileName = C:\Seabird\CTDData\sta0207.hex
* Software Version Seasave V 7.21f
* Temperature SN = 6264
* Conductivity SN = 4928
* Number of Bytes Per Scan = 40
* Number of Voltage Words = 5
* Number of Scans Averaged by the Deck Unit = 1
* NMEA Latitude = 61 29.03 N
* NMEA Longitude = 005 22.77 E
* NMEA UTC (Time) = Feb 15 2022 22:46:48
* NMEA baud rate = 4800
** Ship: R/V "Kristine Bonnevie"
** Station: 0207
** Echodepth: 340
** Log: 0904.715
** Wind-Dir/Force: 12 10
** Air-temp (dry): 3.8
** Weather Sky:
** Sea:
# nquan = 19                                
# nvalues = 334                         
# units = specified
# name 0 = scan: Scan Count
# name 1 = prDM: Pressure, Digiquartz [db]
# name 2 = t068C: Temperature [ITS-68, deg C]
# name 3 = t168C: Temperature, 2 [ITS-68, deg C]
# name 4 = c0S/m: Conductivity [S/m]
# name 5 = c1S/m: Conductivity, 2 [S/m]
# name 6 = sbeox0V: Oxygen raw, SBE 43 [V]
# name 7 = flECO-AFL: Fluorescence, WET Labs ECO-AFL/FL [mg/m^3]
# name 8 = altM: Altimeter [m]
# name 9 = par: PAR/Irradiance, Biospherical/Licor
# name 10 = spar: SPAR/Surface Irradiance
# name 11 = CStarTr0: Beam Transmission, WET Labs C-Star [%]
# name 12 = sbeox0ML/L: Oxygen, SBE 43 [ml/l], WS = 2
# name 13 = sal00: Salinity, Practical [PSU]
# name 14 = sal11: Salinity, Practical, 2 [PSU]
# name 15 = sigma-t00: Density [sigma-t, Kg/m^3 ]
# name 16 = svCM: Sound Velocity [Chen-Millero, m/s]
# name 17 = avgsvCM: Average Sound Velocity [Chen-Millero, m/s], minP = 1, minS = 5
# name 18 = flag: flag
# span 0 =         26,       7992       
# span 1 =      1.000,    334.000       
# span 2 =     6.8880,     9.1791       
# span 3 =     6.9550,     9.1769       
# span 4 =   3.139744,   3.662783       
# span 5 =   3.147071,   3.664272       
# span 6 =     1.9878,     2.4040       
# span 7 =    -0.0885,     0.1310       
# span 8 =       8.26,      99.84       
# span 9 = 4.9313e-02, 1.0914e+00       
# span 10 = 0.0000e+00, 0.0000e+00      
# span 11 =    79.1318,    80.9876      
# span 12 =    5.11411,    6.60037      
# span 13 =    30.8514,    35.0138      
# span 14 =    30.8709,    35.0309      
# span 15 =    24.1671,    27.2877      
# span 16 =    1473.04,    1487.91      
# span 17 =    1473.04,    1485.92      
# span 18 = 0.0000e+00, 0.0000e+00      
# interval = decibars: 1                
# start_time = Feb 15 2022 22:46:50 [System UTC, header]
# bad_flag = -9.990e-29
*END*
[from data line 305]
       7311    306.000     7.9865     7.9850   3.634430   3.635884     1.9964 -9.990e-29      36.36 4.9530e-02 0.0000e+00    79.5039    5.12717    35.0090    35.0261    27.2833    1487.46    1485.76 0.0000e+00
       7335    307.000     7.9864     7.9848   3.634468   3.635938     1.9965 -9.990e-29      35.34 4.9496e-02 0.0000e+00    79.4663    5.13270    35.0091    35.0264    27.2834    1487.48    1485.77 0.0000e+00
       7359    308.000     7.9864     7.9849   3.634529   3.635992     1.9962 -9.990e-29      34.42 4.9497e-02 0.0000e+00    79.4507    5.12805    35.0092    35.0264    27.2835    1487.49    1485.77 0.0000e+00
       7383    309.000     7.9863     7.9848   3.634580   3.636046     1.9954 -9.990e-29      33.29 4.9491e-02 0.0000e+00    79.4181    5.12552    35.0094    35.0266    27.2836    1487.51    1485.78 0.0000e+00
       7407    310.000     7.9862     7.9847   3.634631   3.636100     1.9953 -9.990e-29      32.36 4.9497e-02 0.0000e+00    79.3900    5.13119    35.0096    35.0268    27.2838    1487.53    1485.78 0.0000e+00
       7431    311.000     7.9862     7.9847   3.634673   3.636139     1.9952 -9.990e-29      31.30 4.9506e-02 0.0000e+00    79.3921    5.12856    35.0095    35.0268    27.2838    1487.54    1485.79 0.0000e+00
       7455    312.000     7.9862     7.9847   3.634711   3.636174     1.9947 -9.990e-29      30.32 4.9497e-02 0.0000e+00    79.3900    5.13117    35.0095    35.0267    27.2837    1487.56    1485.79 0.0000e+00
       7479    313.000     7.9862     7.9847   3.634756   3.636221     1.9949 -9.990e-29      28.85 4.9497e-02 0.0000e+00    79.3703    5.12635    35.0095    35.0267    27.2837    1487.58    1485.80 0.0000e+00
       7504    314.000     7.9864     7.9848   3.634811   3.636286     1.9939 -9.990e-29      27.93 4.9497e-02 0.0000e+00    79.3627    5.12309    35.0094    35.0268    27.2836    1487.59    1485.81 0.0000e+00
       7528    315.000     7.9863     7.9848   3.634865   3.636337     1.9936 -9.990e-29      26.94 4.9495e-02 0.0000e+00    79.3322    5.12468    35.0096    35.0269    27.2838    1487.61    1485.81 0.0000e+00
       7552    316.000     7.9863     7.9848   3.634926   3.636386     1.9932 -9.990e-29      26.19 4.9508e-02 0.0000e+00    79.3516    5.12497    35.0098    35.0269    27.2839    1487.63    1485.82 0.0000e+00
       7576    317.000     7.9863     7.9848   3.634983   3.636445     1.9929 -9.990e-29      25.23 4.9509e-02 0.0000e+00    79.3383    5.12428    35.0099    35.0271    27.2840    1487.64    1485.82 0.0000e+00
       7600    318.000     7.9863     7.9848   3.635036   3.636502     1.9927 -9.990e-29      24.19 4.9503e-02 0.0000e+00    79.3462    5.12927    35.0100    35.0272    27.2841    1487.66    1485.83 0.0000e+00
       7624    319.000     7.9862     7.9847   3.635070   3.636538     1.9928 -9.990e-29      23.26 4.9468e-02 0.0000e+00    79.3129    5.13080    35.0100    35.0272    27.2841    1487.67    1485.83 0.0000e+00
       7649    320.000     7.9859     7.9844   3.635105   3.636569     1.9930 -9.990e-29      22.27 4.9528e-02 0.0000e+00    79.3733    5.12891    35.0101    35.0274    27.2843    1487.69    1485.84 0.0000e+00
       7673    321.000     7.9858     7.9842   3.635152   3.636613     1.9925 -9.990e-29      21.31 4.9480e-02 0.0000e+00    79.3554    5.12235    35.0103    35.0275    27.2844    1487.71    1485.85 0.0000e+00
       7698    322.000     7.9857     7.9842   3.635201   3.636658     1.9918    -0.0582      20.26 4.9480e-02 0.0000e+00    79.3893    5.12494    35.0104    35.0275    27.2845    1487.72    1485.85 0.0000e+00
       7722    323.000     7.9858     7.9843   3.635246   3.636715     1.9920    -0.0562      19.21 4.9472e-02 0.0000e+00    79.4093    5.13148    35.0103    35.0276    27.2844    1487.74    1485.86 0.0000e+00
       7746    324.000     7.9859     7.9843   3.635298   3.636767     1.9922    -0.0571      18.24 4.9474e-02 0.0000e+00    79.4276    5.13076    35.0103    35.0277    27.2844    1487.76    1485.86 0.0000e+00
       7771    325.000     7.9859     7.9844   3.635349   3.636822     1.9920    -0.0584      17.24 4.9485e-02 0.0000e+00    79.4602    5.12646    35.0104    35.0277    27.2844    1487.77    1485.87 0.0000e+00
       7795    326.000     7.9858     7.9843   3.635397   3.636876     1.9916    -0.0885      16.23 4.9461e-02 0.0000e+00    79.4486    5.12909    35.0105    35.0279    27.2846    1487.79    1485.88 0.0000e+00
       7820    327.000     7.9857     7.9841   3.635449   3.636916     1.9915    -0.0564      15.24 4.9506e-02 0.0000e+00    79.4217    5.12442    35.0107    35.0280    27.2847    1487.81    1485.88 0.0000e+00
       7844    328.000     7.9855     7.9839   3.635502   3.636961     1.9908    -0.0870      14.25 4.9514e-02 0.0000e+00    79.4127    5.11989    35.0110    35.0282    27.2850    1487.82    1485.89 0.0000e+00
       7869    329.000     7.9853     7.9837   3.635546   3.637013     1.9903    -0.0595      13.24 4.9514e-02 0.0000e+00    79.3606    5.12296    35.0112    35.0285    27.2852    1487.84    1485.89 0.0000e+00
       7893    330.000     7.9851     7.9836   3.635599   3.637070     1.9900    -0.0604      12.02 4.9497e-02 0.0000e+00    79.2532    5.12653    35.0114    35.0287    27.2854    1487.85    1485.90 0.0000e+00
       7917    331.000     7.9851     7.9836   3.635650   3.637115     1.9899 -9.990e-29      10.89 4.9503e-02 0.0000e+00    79.2234    5.11756    35.0115    35.0287    27.2855    1487.87    1485.91 0.0000e+00
       7941    332.000     7.9849     7.9835   3.635693   3.637164     1.9886 -9.990e-29       9.95 4.9509e-02 0.0000e+00    79.1663    5.11411    35.0117    35.0289    27.2856    1487.89    1485.91 0.0000e+00
       7965    333.000     7.9835     7.9821   3.635703   3.637158     1.9881 -9.990e-29       9.07 4.9489e-02 0.0000e+00    79.1731    5.11797    35.0127    35.0297    27.2867    1487.90    1485.92 0.0000e+00
       7992    334.000     7.9821     7.9810   3.635719   3.637207     1.9878 -9.990e-29       8.26 4.9473e-02 0.0000e+00    79.1318    5.11904    35.0138    35.0309    27.2877    1487.91    1485.92 0.0000e+00
