_data/ctd/2022603/sta0201.cnv
* Sea-Bird SBE 9 Data File:
* FileName = C:\Seabird\CTDData\sta0201.hex
* Software Version Seasave V 7.21f
* Temperature SN = 6264
* Conductivity SN = 4928
* Number of Bytes Per Scan = 40
* Number of Voltage Words = 5
* Number of Scans Averaged by the Deck Unit = 1
* NMEA Latitude = 61 07.25 N
* NMEA Longitude = 005 43.16 E
* NMEA UTC (Time) = Feb 15 2022 04:17:57
* NMEA baud rate = 4800
** Ship: R/V "Kristine Bonnevie"
** Station: 0201
** Echodepth: 1243
** Log: 0807.435
** Wind-Dir/Force: 08 24
** Air-temp (dry): 4.0
** Weather Sky:
** Sea:
** S07
# nquan = 19                                
# nvalues = 1251                        
# units = specified
# name 0 = scan: Scan Count
# name 1 = prDM: Pressure, Digiquartz [db]
# name 2 = t068C: Temperature [ITS-68, deg C]
# name 3 = t168C: Temperature, 2 [ITS-68, deg C]
# name 4 = c0S/m: Conductivity [S/m]
# name 5 = c1S/m: Conductivity, 2 [S/m]
# name 6 = sbeox0V: Oxygen raw, SBE 43 [V]
# name 7 = flECO-AFL: Fluorescence, WET Labs ECO-AFL/FL [mg/m^3]
# name 8 = altM: Altimeter [m]
# name 9 = par: PAR/Irradiance, Biospherical/Licor
# name 10 = spar: SPAR/Surface Irradiance
# name 11 = CStarTr0: Beam Transmission, WET Labs C-Star [%]
# name 12 = sbeox0ML/L: Oxygen, SBE 43 [ml/l], WS = 2
# name 13 = sal00: Salinity, Practical [PSU]
# name 14 = sal11: Salinity, Practical, 2 [PSU]
# name 15 = sigma-t00: Density [sigma-t, Kg/m^3 ]
# name 16 = svCM: Sound Velocity [Chen-Millero, m/s]
# name 17 = avgsvCM: Average Sound Velocity [Chen-Millero, m/s], minP = 1, minS = 5
# name 18 = flag: flag
# span 0 =        600,      27540       
# span 1 =      2.000,   1252.000       
# span 2 =     6.1041,     9.6273       
# span 3 =     6.1020,     9.6249       
# span 4 =   3.093800,   3.688978       
# span 5 =   3.094302,   3.690472       
# span 6 =     1.5537,     2.4368       
# span 7 =    -0.0985,     0.6313       
# span 8 =       8.01,     100.19       
# span 9 = 4.9452e-02, 8.3308e-01       
# span 10 = 0.0000e+00, 0.0000e+00      
# span 11 =    80.0213,    81.8337      
# span 12 =    4.12608,    6.86703      
# span 13 =    31.0558,    35.0246      
# span 14 =    31.0643,    35.0406      
# span 15 =    24.4250,    27.3652      
# span 16 =    1470.21,    1501.40      
# span 17 =    1470.21,    1491.44      
# span 18 = 0.0000e+00, 0.0000e+00      
# interval = decibars: 1                
# start_time = Feb 15 2022 04:17:59 [System UTC, header]
# bad_flag = -9.990e-29
*END*
[from data line 381]
       8807    383.000     7.7801     7.7786   3.617805   3.619180     2.0685 -9.990e-29      70.43 4.9489e-02 0.0000e+00    81.7648    5.44611    34.9995    35.0158    27.3066    1487.94    1485.22 0.0000e+00
       8829    384.000     7.7792     7.7778   3.617776   3.619147     2.0673 -9.990e-29      97.89 4.9471e-02 0.0000e+00    81.7464    5.44278    34.9996    35.0158    27.3068    1487.95    1485.23 0.0000e+00
       8851    385.000     7.7783     7.7768   3.617734   3.619110     2.0661 -9.990e-29      82.10 4.9492e-02 0.0000e+00    81.7819    5.43831    34.9996    35.0159    27.3069    1487.96    1485.23 0.0000e+00
       8873    386.000     7.7774     7.7759   3.617692   3.619065     2.0649 -9.990e-29      98.74 4.9464e-02 0.0000e+00    81.7914    5.43501    34.9996    35.0159    27.3070    1487.97    1485.24 0.0000e+00
       8894    387.000     7.7763     7.7748   3.617642   3.619023     2.0637    -0.0939      81.86 4.9483e-02 0.0000e+00    81.7901    5.43384    34.9996    35.0160    27.3073    1487.99    1485.25 0.0000e+00
       8916    388.000     7.7763     7.7748   3.617698   3.619067     2.0629    -0.0713      98.43 4.9477e-02 0.0000e+00    81.7932    5.43055    34.9998    35.0160    27.3074    1488.00    1485.25 0.0000e+00
       8939    389.000     7.7757     7.7743   3.617685   3.619061     2.0616    -0.0599      91.08 4.9457e-02 0.0000e+00    81.7834    5.42600    34.9997    35.0160    27.3074    1488.02    1485.26 0.0000e+00
       8961    390.000     7.7750     7.7733   3.617666   3.619023     2.0604    -0.0733      97.72 4.9470e-02 0.0000e+00    81.7806    5.42493    34.9998    35.0161    27.3075    1488.03    1485.27 0.0000e+00
       8983    391.000     7.7745     7.7731   3.617660   3.619044     2.0597    -0.0853      92.50 4.9483e-02 0.0000e+00    81.7913    5.42279    34.9997    35.0160    27.3076    1488.05    1485.28 0.0000e+00
       9005    392.000     7.7734     7.7719   3.617606   3.618979     2.0584    -0.0623      98.88 4.9459e-02 0.0000e+00    81.7798    5.41838    34.9997    35.0160    27.3078    1488.06    1485.28 0.0000e+00
       9027    393.000     7.7720     7.7705   3.617531   3.618905     2.0574    -0.0589      98.15 4.9475e-02 0.0000e+00    81.7885    5.41744    34.9999    35.0162    27.3081    1488.07    1485.29 0.0000e+00
       9049    394.000     7.7708     7.7693   3.617468   3.618835     2.0564    -0.0707      52.61 4.9483e-02 0.0000e+00    81.7931    5.41354    34.9999    35.0161    27.3083    1488.08    1485.30 0.0000e+00
       9071    395.000     7.7692     7.7678   3.617362   3.618736     2.0554    -0.0881      16.14 4.9496e-02 0.0000e+00    81.7944    5.41473    34.9999    35.0161    27.3085    1488.09    1485.30 0.0000e+00
       9094    396.000     7.7682     7.7667   3.617318   3.618685     2.0548    -0.0873      53.50 4.9458e-02 0.0000e+00    81.7163    5.41404    34.9999    35.0162    27.3087    1488.10    1485.31 0.0000e+00
       9115    397.000     7.7671     7.7657   3.617260   3.618643     2.0541    -0.0928      77.33 4.9483e-02 0.0000e+00    81.7837    5.41031    34.9999    35.0162    27.3088    1488.12    1485.32 0.0000e+00
       9137    398.000     7.7658     7.7644   3.617182   3.618567     2.0529    -0.0906      57.58 4.9472e-02 0.0000e+00    81.7634    5.40540    34.9999    35.0162    27.3090    1488.13    1485.32 0.0000e+00
       9159    399.000     7.7634     7.7620   3.617008   3.618383     2.0521    -0.0631      79.08 4.9483e-02 0.0000e+00    81.7854    5.40529    34.9999    35.0162    27.3094    1488.14    1485.33 0.0000e+00
       9181    400.000     7.7612     7.7598   3.616851   3.618231     2.0511    -0.0866      58.30 4.9487e-02 0.0000e+00    81.7830    5.40175    35.0000    35.0163    27.3098    1488.14    1485.34 0.0000e+00
       9203    401.000     7.7596     7.7582   3.616753   3.618123     2.0504    -0.0731      85.93 4.9464e-02 0.0000e+00    81.7810    5.40468    35.0000    35.0162    27.3100    1488.15    1485.35 0.0000e+00
       9226    402.000     7.7581     7.7566   3.616652   3.618033     2.0496    -0.0798      38.73 4.9496e-02 0.0000e+00    81.7878    5.39352    35.0000    35.0164    27.3102    1488.17    1485.35 0.0000e+00
       9248    403.000     7.7569     7.7554   3.616595   3.617968     2.0476    -0.0956      48.04 4.9475e-02 0.0000e+00    81.7841    5.38593    35.0001    35.0164    27.3105    1488.18    1485.36 0.0000e+00
       9270    404.000     7.7562     7.7547   3.616574   3.617952     2.0469    -0.0964      72.11 4.9483e-02 0.0000e+00    81.7798    5.39289    35.0001    35.0164    27.3106    1488.19    1485.37 0.0000e+00
       9293    405.000     7.7547     7.7533   3.616477   3.617846     2.0458    -0.0934      55.58 4.9506e-02 0.0000e+00    81.7536    5.38532    35.0000    35.0162    27.3108    1488.20    1485.37 0.0000e+00
       9316    406.000     7.7522     7.7507   3.616309   3.617671     2.0446    -0.0605      69.71 4.9468e-02 0.0000e+00    81.7827    5.37975    35.0003    35.0164    27.3113    1488.21    1485.38 0.0000e+00
       9340    407.000     7.7513     7.7498   3.616278   3.617642     2.0431    -0.0651      75.35 4.9515e-02 0.0000e+00    81.7630    5.37987    35.0003    35.0165    27.3115    1488.22    1485.39 0.0000e+00
       9362    408.000     7.7509     7.7493   3.616286   3.617638     2.0424    -0.0668      67.36 4.9487e-02 0.0000e+00    81.7533    5.37564    35.0003    35.0165    27.3116    1488.24    1485.39 0.0000e+00
       9385    409.000     7.7498     7.7484   3.616234   3.617594     2.0409    -0.0807      83.70 4.9481e-02 0.0000e+00    81.7745    5.36830    35.0004    35.0165    27.3118    1488.25    1485.40 0.0000e+00
       9407    410.000     7.7481     7.7467   3.616115   3.617482     2.0393    -0.0852      70.35 4.9477e-02 0.0000e+00    81.6729    5.36338    35.0003    35.0165    27.3120    1488.26    1485.41 0.0000e+00
       9429    411.000     7.7459     7.7445   3.615962   3.617329     2.0381    -0.0707      63.17 4.9477e-02 0.0000e+00    81.7807    5.36222    35.0004    35.0166    27.3124    1488.27    1485.42 0.0000e+00
       9452    412.000     7.7445     7.7430   3.615871   3.617232     2.0368    -0.0730      36.50 4.9493e-02 0.0000e+00    81.7748    5.35680    35.0004    35.0165    27.3125    1488.28    1485.42 0.0000e+00
       9474    413.000     7.7427     7.7412   3.615745   3.617121     2.0351    -0.0730      94.70 4.9471e-02 0.0000e+00    81.7831    5.34824    35.0003    35.0167    27.3128    1488.29    1485.43 0.0000e+00
       9496    414.000     7.7412     7.7398   3.615659   3.617023     2.0338    -0.0902      74.63 4.9485e-02 0.0000e+00    81.7419    5.34937    35.0004    35.0165    27.3131    1488.30    1485.44 0.0000e+00
       9518    415.000     7.7394     7.7380   3.615537   3.616911     2.0324    -0.0905      95.78 4.9464e-02 0.0000e+00    81.7431    5.34724    35.0004    35.0166    27.3133    1488.31    1485.44 0.0000e+00
       9540    416.000     7.7379     7.7364   3.615443   3.616817     2.0315    -0.0773      52.26 4.9493e-02 0.0000e+00    81.7767    5.34211    35.0004    35.0167    27.3135    1488.32    1485.45 0.0000e+00
       9563    417.000     7.7370     7.7356   3.615415   3.616786     2.0297    -0.0675      25.52 4.9493e-02 0.0000e+00    81.7783    5.33451    35.0005    35.0167    27.3138    1488.33    1485.46 0.0000e+00
       9586    418.000     7.7366     7.7352   3.615419   3.616796     2.0283    -0.0717      96.40 4.9469e-02 0.0000e+00    81.7732    5.33304    35.0005    35.0168    27.3138    1488.35    1485.46 0.0000e+00
       9609    419.000     7.7362     7.7347   3.615421   3.616795     2.0269    -0.0967      39.12 4.9475e-02 0.0000e+00    81.7694    5.33017    35.0004    35.0168    27.3138    1488.36    1485.47 0.0000e+00
       9633    420.000     7.7340     7.7327   3.615265   3.616638     2.0256    -0.0914      83.71 4.9497e-02 0.0000e+00    81.7766    5.32051    35.0005    35.0166    27.3142    1488.37    1485.48 0.0000e+00
       9656    421.000     7.7324     7.7312   3.615152   3.616552     2.0235    -0.0647      34.26 4.9481e-02 0.0000e+00    81.7860    5.31535    35.0004    35.0167    27.3143    1488.38    1485.48 0.0000e+00
       9680    422.000     7.7311     7.7297   3.615087   3.616468     2.0220    -0.0885      70.09 4.9503e-02 0.0000e+00    81.7941    5.31505    35.0005    35.0168    27.3146    1488.39    1485.49 0.0000e+00
       9702    423.000     7.7313     7.7296   3.615157   3.616517     2.0206    -0.0708      98.78 4.9483e-02 0.0000e+00    81.7784    5.30767    35.0006    35.0170    27.3146    1488.41    1485.50 0.0000e+00
       9725    424.000     7.7311     7.7294   3.615172   3.616531     2.0191    -0.0827      72.54 4.9506e-02 0.0000e+00    81.7882    5.30610    35.0005    35.0168    27.3146    1488.43    1485.51 0.0000e+00
       9747    425.000     7.7300     7.7285   3.615113   3.616496     2.0179    -0.0780      99.02 4.9459e-02 0.0000e+00    81.8045    5.30391    35.0004    35.0169    27.3147    1488.44    1485.51 0.0000e+00
       9769    426.000     7.7293     7.7278   3.615098   3.616470     2.0169    -0.0719      78.39 4.9484e-02 0.0000e+00    81.7840    5.30257    35.0005    35.0168    27.3149    1488.45    1485.52 0.0000e+00
       9791    427.000     7.7280     7.7265   3.615022   3.616393     2.0157    -0.0977      99.02 4.9490e-02 0.0000e+00    81.7942    5.29894    35.0005    35.0168    27.3151    1488.46    1485.53 0.0000e+00
       9813    428.000     7.7272     7.7258   3.615006   3.616377     2.0147    -0.0912      36.50 4.9493e-02 0.0000e+00    81.8059    5.29685    35.0007    35.0168    27.3153    1488.48    1485.53 0.0000e+00
       9836    429.000     7.7263     7.7249   3.614964   3.616329     2.0134    -0.0929      98.25 4.9469e-02 0.0000e+00    81.7842    5.29555    35.0006    35.0167    27.3154    1488.49    1485.54 0.0000e+00
       9858    430.000     7.7251     7.7236   3.614898   3.616267     2.0129    -0.0748      90.29 4.9489e-02 0.0000e+00    81.7859    5.30114    35.0006    35.0169    27.3156    1488.50    1485.55 0.0000e+00
       9881    431.000     7.7242     7.7227   3.614856   3.616209     2.0124    -0.0712      98.43 4.9481e-02 0.0000e+00    81.8031    5.29471    35.0006    35.0167    27.3157    1488.52    1485.55 0.0000e+00
       9904    432.000     7.7220     7.7205   3.614690   3.616064     2.0113    -0.0669      87.21 4.9487e-02 0.0000e+00    81.7916    5.29040    35.0005    35.0169    27.3160    1488.52    1485.56 0.0000e+00
       9927    433.000     7.7210     7.7195   3.614645   3.616024     2.0103    -0.0694      98.78 4.9462e-02 0.0000e+00    81.7866    5.28475    35.0006    35.0169    27.3162    1488.54    1485.57 0.0000e+00
       9951    434.000     7.7200     7.7185   3.614592   3.615963     2.0091    -0.0672      93.42 4.9485e-02 0.0000e+00    81.8001    5.28041    35.0005    35.0168    27.3163    1488.55    1485.57 0.0000e+00
       9974    435.000     7.7154     7.7141   3.614210   3.615588     2.0078    -0.0693      40.18 4.9496e-02 0.0000e+00    81.8033    5.28017    35.0005    35.0167    27.3169    1488.55    1485.58 0.0000e+00
       9997    436.000     7.7137     7.7123   3.614105   3.615493     2.0067    -0.0614      85.22 4.9487e-02 0.0000e+00    81.8026    5.27275    35.0006    35.0170    27.3173    1488.56    1485.59 0.0000e+00
      10020    437.000     7.7120     7.7106   3.613991   3.615370     2.0053    -0.0599      41.78 4.9490e-02 0.0000e+00    81.7877    5.27224    35.0006    35.0169    27.3175    1488.57    1485.59 0.0000e+00
      10041    438.000     7.7109     7.7095   3.613931   3.615308     2.0044    -0.0669      85.84 4.9479e-02 0.0000e+00    81.7857    5.26757    35.0006    35.0168    27.3176    1488.58    1485.60 0.0000e+00
      10062    439.000     7.7092     7.7077   3.613827   3.615195     2.0030    -0.0825      42.37 4.9492e-02 0.0000e+00    81.7906    5.25924    35.0007    35.0169    27.3180    1488.59    1485.61 0.0000e+00
      10083    440.000     7.7083     7.7068   3.613795   3.615161     2.0014    -0.0868      93.85 4.9479e-02 0.0000e+00    81.7753    5.25067    35.0008    35.0170    27.3182    1488.60    1485.61 0.0000e+00
      10104    441.000     7.7074     7.7059   3.613758   3.615122     1.9996    -0.0664      45.22 4.9499e-02 0.0000e+00    81.7777    5.24387    35.0008    35.0170    27.3183    1488.62    1485.62 0.0000e+00
      10125    442.000     7.7053     7.7040   3.613590   3.614956     1.9977    -0.0610      49.51 4.9485e-02 0.0000e+00    81.7863    5.23952    35.0006    35.0166    27.3185    1488.62    1485.63 0.0000e+00
      10146    443.000     7.7011     7.6997   3.613253   3.614627     1.9961    -0.0672      92.64 4.9481e-02 0.0000e+00    81.7786    5.23973    35.0007    35.0169    27.3192    1488.63    1485.63 0.0000e+00
      10166    444.000     7.6986     7.6970   3.613067   3.614433     1.9949    -0.0665      89.74 4.9492e-02 0.0000e+00    81.7539    5.23604    35.0007    35.0170    27.3195    1488.63    1485.64 0.0000e+00
      10187    445.000     7.6981     7.6966   3.613078   3.614448     1.9933    -0.0655      95.44 4.9472e-02 0.0000e+00    81.7761    5.22878    35.0008    35.0171    27.3197    1488.65    1485.65 0.0000e+00
      10209    446.000     7.6978     7.6963   3.613095   3.614458     1.9915    -0.0669      81.50 4.9464e-02 0.0000e+00    81.7911    5.21928    35.0008    35.0170    27.3198    1488.66    1485.66 0.0000e+00
      10230    447.000     7.6964     7.6954   3.612998   3.614412     1.9895    -0.0668      91.85 4.9479e-02 0.0000e+00    81.7660    5.21530    35.0007    35.0170    27.3199    1488.67    1485.66 0.0000e+00
      10251    448.000     7.6920     7.6909   3.612627   3.614007     1.9880    -0.0612      75.37 4.9485e-02 0.0000e+00    81.7867    5.21320    35.0006    35.0166    27.3205    1488.67    1485.67 0.0000e+00
      10272    449.000     7.6863     7.6849   3.612155   3.613522     1.9863    -0.0763      73.86 4.9479e-02 0.0000e+00    81.7804    5.20691    35.0008    35.0169    27.3214    1488.67    1485.68 0.0000e+00
      10293    450.000     7.6842     7.6827   3.612010   3.613374     1.9845    -0.0844      42.87 4.9492e-02 0.0000e+00    81.7755    5.20101    35.0008    35.0170    27.3218    1488.68    1485.68 0.0000e+00
      10314    451.000     7.6826     7.6810   3.611900   3.613264     1.9829    -0.0693      90.38 4.9492e-02 0.0000e+00    81.7663    5.19156    35.0008    35.0171    27.3219    1488.69    1485.69 0.0000e+00
      10336    452.000     7.6813     7.6798   3.611829   3.613194     1.9802    -0.0914      86.26 4.9477e-02 0.0000e+00    81.7816    5.17943    35.0008    35.0170    27.3222    1488.70    1485.70 0.0000e+00
      10356    453.000     7.6792     7.6778   3.611695   3.613059     1.9780    -0.0898      87.55 4.9488e-02 0.0000e+00    81.7677    5.16738    35.0010    35.0171    27.3226    1488.71    1485.70 0.0000e+00
      10377    454.000     7.6776     7.6762   3.611588   3.612948     1.9751    -0.0766      90.82 4.9472e-02 0.0000e+00    81.7745    5.15611    35.0010    35.0170    27.3228    1488.72    1485.71 0.0000e+00
      10398    455.000     7.6742     7.6731   3.611330   3.612702     1.9724    -0.0700      86.95 4.9505e-02 0.0000e+00    81.7964    5.14504    35.0011    35.0170    27.3234    1488.72    1485.72 0.0000e+00
      10418    456.000     7.6738     7.6722   3.611336   3.612675     1.9691    -0.0936      98.04 4.9508e-02 0.0000e+00    81.7668    5.14030    35.0011    35.0171    27.3235    1488.74    1485.72 0.0000e+00
      10439    457.000     7.6726     7.6712   3.611259   3.612627     1.9673    -0.0652      66.04 4.9518e-02 0.0000e+00    81.7722    5.14137    35.0010    35.0171    27.3236    1488.75    1485.73 0.0000e+00
      10459    458.000     7.6710     7.6695   3.611159   3.612520     1.9651    -0.0691      56.16 4.9488e-02 0.0000e+00    81.7615    5.13259    35.0010    35.0172    27.3239    1488.76    1485.73 0.0000e+00
