_data/ctd/2022603/sta0209.cnv
* Sea-Bird SBE 9 Data File:
* FileName = C:\Seabird\CTDData\sta0209.hex
* Software Version Seasave V 7.21f
* Temperature SN = 6264
* Conductivity SN = 4928
* Number of Bytes Per Scan = 40
* Number of Voltage Words = 5
* Number of Scans Averaged by the Deck Unit = 1
* NMEA Latitude = 61 27.11 N
* NMEA Longitude = 005 32.49 E
* NMEA UTC (Time) = Feb 16 2022 00:11:49
* NMEA baud rate = 4800
** Ship: R/V "Kristine Bonnevie"
** Station: 0209
** Echodepth: 412
** Log: 0910.373
** Wind-Dir/Force: 91 13
** Air-temp (dry): 3.7
** Weather Sky:
** Sea:
# nquan = 19                                
# nvalues = 409                         
# units = specified
# name 0 = scan: Scan Count
# name 1 = prDM: Pressure, Digiquartz [db]
# name 2 = t068C: Temperature [ITS-68, deg C]
# name 3 = t168C: Temperature, 2 [ITS-68, deg C]
# name 4 = c0S/m: Conductivity [S/m]
# name 5 = c1S/m: Conductivity, 2 [S/m]
# name 6 = sbeox0V: Oxygen raw, SBE 43 [V]
# name 7 = flECO-AFL: Fluorescence, WET Labs ECO-AFL/FL [mg/m^3]
# name 8 = altM: Altimeter [m]
# name 9 = par: PAR/Irradiance, Biospherical/Licor
# name 10 = spar: SPAR/Surface Irradiance
# name 11 = CStarTr0: Beam Transmission, WET Labs C-Star [%]
# name 12 = sbeox0ML/L: Oxygen, SBE 43 [ml/l], WS = 2
# name 13 = sal00: Salinity, Practical [PSU]
# name 14 = sal11: Salinity, Practical, 2 [PSU]
# name 15 = sigma-t00: Density [sigma-t, Kg/m^3 ]
# name 16 = svCM: Sound Velocity [Chen-Millero, m/s]
# name 17 = avgsvCM: Average Sound Velocity [Chen-Millero, m/s], minP = 1, minS = 5
# name 18 = flag: flag
# span 0 =        192,       8841       
# span 1 =      1.000,    409.000       
# span 2 =     4.4827,     9.6445       
# span 3 =     4.4202,     9.6312       
# span 4 =   2.002573,   3.669521       
# span 5 =   1.981860,   3.671017       
# span 6 =     1.7250,     2.4980       
# span 7 =    -0.0765,     0.3032       
# span 8 =       6.04,      98.82       
# span 9 = 4.9439e-02, 7.5667e-01       
# span 10 = 0.0000e+00, 0.0000e+00      
# span 11 =    64.7000,    81.4237      
# span 12 =    4.04489,    7.79538      
# span 13 =    20.2214,    34.7501      
# span 14 =    20.0313,    34.7668      
# span 15 =    16.0199,    27.0210      
# span 16 =    1449.76,    1490.30      
# span 17 =    1449.76,    1486.91      
# span 18 = 0.0000e+00, 0.0000e+00      
# interval = decibars: 1                
# start_time = Feb 16 2022 00:11:51 [System UTC, header]
# bad_flag = -9.990e-29
*END*
[from data line 305]
       6705    306.000     8.3596     8.3580   3.644463   3.645891     1.8127    -0.0558      98.79 4.9492e-02 0.0000e+00    80.6154    4.47212    34.7461    34.7629    27.0202    1488.54    1486.07 0.0000e+00
       6726    307.000     8.3598     8.3582   3.644534   3.645947     1.8126    -0.0558      98.79 4.9505e-02 0.0000e+00    80.6053    4.47085    34.7462    34.7628    27.0203    1488.55    1486.08 0.0000e+00
       6747    308.000     8.3601     8.3585   3.644625   3.646049     1.8125    -0.0558      98.79 4.9472e-02 0.0000e+00    80.5842    4.47053    34.7464    34.7631    27.0204    1488.57    1486.09 0.0000e+00
       6768    309.000     8.3605     8.3589   3.644720   3.646151     1.8123    -0.0558      98.79 4.9492e-02 0.0000e+00    80.5995    4.47118    34.7466    34.7633    27.0204    1488.59    1486.10 0.0000e+00
       6789    310.000     8.3607     8.3590   3.644787   3.646214     1.8123    -0.0557      98.80 4.9485e-02 0.0000e+00    80.5747    4.47277    34.7466    34.7634    27.0204    1488.61    1486.10 0.0000e+00
       6810    311.000     8.3608     8.3592   3.644860   3.646281     1.8122    -0.0424      98.79 4.9518e-02 0.0000e+00    80.5322    4.47176    34.7468    34.7635    27.0206    1488.62    1486.11 0.0000e+00
       6831    312.000     8.3611     8.3594   3.644924   3.646351     1.8121    -0.0592      98.79 4.9505e-02 0.0000e+00    80.5285    4.47328    34.7467    34.7636    27.0205    1488.64    1486.12 0.0000e+00
       6852    313.000     8.3612     8.3596   3.645000   3.646420     1.8121    -0.0573      98.79 4.9505e-02 0.0000e+00    80.4864    4.47283    34.7470    34.7636    27.0206    1488.66    1486.13 0.0000e+00
       6873    314.000     8.3614     8.3597   3.645067   3.646492     1.8119    -0.0501      98.79 4.9492e-02 0.0000e+00    80.4634    4.47127    34.7470    34.7638    27.0206    1488.68    1486.14 0.0000e+00
       6894    315.000     8.3616     8.3599   3.645130   3.646547     1.8116    -0.0594      98.79 4.9495e-02 0.0000e+00    80.4530    4.46856    34.7470    34.7637    27.0206    1488.69    1486.14 0.0000e+00
       6915    316.000     8.3618     8.3602   3.645200   3.646610     1.8113    -0.0642      98.79 4.9492e-02 0.0000e+00    80.4614    4.46767    34.7471    34.7636    27.0206    1488.71    1486.15 0.0000e+00
       6935    317.000     8.3620     8.3603   3.645266   3.646686     1.8109    -0.0644      98.79 4.9502e-02 0.0000e+00    80.4149    4.46972    34.7471    34.7639    27.0206    1488.73    1486.16 0.0000e+00
       6957    318.000     8.3621     8.3605   3.645329   3.646754     1.8108    -0.0676      98.79 4.9515e-02 0.0000e+00    80.4046    4.47129    34.7472    34.7639    27.0207    1488.75    1486.17 0.0000e+00
       6978    319.000     8.3623     8.3606   3.645389   3.646807     1.8108    -0.0609      98.79 4.9515e-02 0.0000e+00    80.4000    4.46943    34.7472    34.7639    27.0206    1488.76    1486.18 0.0000e+00
       6999    320.000     8.3625     8.3608   3.645447   3.646877     1.8102    -0.0534      98.79 4.9479e-02 0.0000e+00    80.3980    4.46498    34.7471    34.7640    27.0206    1488.78    1486.18 0.0000e+00
       7020    321.000     8.3626     8.3610   3.645518   3.646944     1.8099    -0.0544      98.79 4.9485e-02 0.0000e+00    80.3764    4.47051    34.7473    34.7640    27.0207    1488.80    1486.19 0.0000e+00
       7041    322.000     8.3628     8.3611   3.645583   3.647006     1.8101    -0.0512      98.79 4.9502e-02 0.0000e+00    80.3609    4.47196    34.7473    34.7641    27.0207    1488.81    1486.20 0.0000e+00
       7063    323.000     8.3629     8.3613   3.645639   3.647072     1.8099    -0.0417      98.79 4.9492e-02 0.0000e+00    80.3431    4.47208    34.7473    34.7641    27.0207    1488.83    1486.21 0.0000e+00
       7085    324.000     8.3630     8.3615   3.645705   3.647128     1.8100    -0.0530      98.79 4.9502e-02 0.0000e+00    80.3478    4.47100    34.7475    34.7641    27.0208    1488.85    1486.22 0.0000e+00
       7106    325.000     8.3632     8.3616   3.645766   3.647192     1.8097    -0.0664      98.78 4.9505e-02 0.0000e+00    80.3201    4.46960    34.7475    34.7642    27.0207    1488.86    1486.22 0.0000e+00
       7127    326.000     8.3633     8.3618   3.645818   3.647250     1.8095 -9.990e-29      98.78 4.9490e-02 0.0000e+00    80.3234    4.47276    34.7474    34.7641    27.0207    1488.88    1486.23 0.0000e+00
       7149    327.000     8.3635     8.3619   3.645889   3.647316     1.8099 -9.990e-29      98.79 4.9492e-02 0.0000e+00    80.3158    4.47410    34.7475    34.7642    27.0207    1488.90    1486.24 0.0000e+00
       7170    328.000     8.3638     8.3622   3.645965   3.647395     1.8094 -9.990e-29      98.79 4.9498e-02 0.0000e+00    80.2933    4.47087    34.7476    34.7643    27.0207    1488.92    1486.25 0.0000e+00
       7191    329.000     8.3639     8.3623   3.646024   3.647451     1.8095    -0.0661      98.79 4.9512e-02 0.0000e+00    80.2631    4.47362    34.7476    34.7643    27.0207    1488.93    1486.26 0.0000e+00
       7212    330.000     8.3641     8.3625   3.646101   3.647527     1.8094    -0.0588      98.79 4.9492e-02 0.0000e+00    80.2545    4.47262    34.7478    34.7645    27.0208    1488.95    1486.27 0.0000e+00
       7233    331.000     8.3642     8.3627   3.646161   3.647590     1.8092    -0.0456      98.79 4.9495e-02 0.0000e+00    80.2138    4.46841    34.7478    34.7645    27.0208    1488.97    1486.27 0.0000e+00
       7253    332.000     8.3644     8.3628   3.646215   3.647645     1.8086    -0.0494      98.79 4.9485e-02 0.0000e+00    80.2009    4.46812    34.7477    34.7645    27.0207    1488.99    1486.28 0.0000e+00
       7274    333.000     8.3645     8.3629   3.646271   3.647699     1.8085    -0.0565      98.79 4.9499e-02 0.0000e+00    80.2119    4.47127    34.7478    34.7645    27.0207    1489.00    1486.29 0.0000e+00
       7295    334.000     8.3647     8.3631   3.646337   3.647767     1.8083    -0.0508      98.79 4.9478e-02 0.0000e+00    80.2039    4.46898    34.7478    34.7645    27.0207    1489.02    1486.30 0.0000e+00
       7316    335.000     8.3648     8.3632   3.646404   3.647832     1.8079    -0.0480      98.79 4.9506e-02 0.0000e+00    80.2327    4.46665    34.7479    34.7647    27.0208    1489.04    1486.31 0.0000e+00
       7338    336.000     8.3650     8.3634   3.646467   3.647901     1.8076    -0.0451      98.78 4.9502e-02 0.0000e+00    80.2282    4.46708    34.7479    34.7647    27.0208    1489.05    1486.31 0.0000e+00
       7359    337.000     8.3652     8.3635   3.646538   3.647958     1.8073    -0.0509      98.79 4.9492e-02 0.0000e+00    80.2396    4.46902    34.7480    34.7648    27.0208    1489.07    1486.32 0.0000e+00
       7380    338.000     8.3654     8.3637   3.646609   3.648032     1.8073    -0.0485      98.79 4.9509e-02 0.0000e+00    80.2614    4.47260    34.7481    34.7649    27.0209    1489.09    1486.33 0.0000e+00
       7400    339.000     8.3655     8.3639   3.646661   3.648092     1.8074    -0.0468      98.79 4.9519e-02 0.0000e+00    80.2829    4.47272    34.7481    34.7648    27.0208    1489.10    1486.34 0.0000e+00
       7421    340.000     8.3657     8.3641   3.646738   3.648156     1.8075 -9.990e-29      98.79 4.9492e-02 0.0000e+00    80.3022    4.47744    34.7482    34.7649    27.0209    1489.12    1486.35 0.0000e+00
       7442    341.000     8.3659     8.3643   3.646794   3.648227     1.8078 -9.990e-29      98.79 4.9512e-02 0.0000e+00    80.2560    4.47813    34.7482    34.7649    27.0208    1489.14    1486.36 0.0000e+00
       7463    342.000     8.3660     8.3644   3.646864   3.648284     1.8081 -9.990e-29      98.79 4.9485e-02 0.0000e+00    80.2685    4.47821    34.7483    34.7650    27.0210    1489.16    1486.36 0.0000e+00
       7484    343.000     8.3661     8.3645   3.646917   3.648346     1.8081 -9.990e-29      98.67 4.9505e-02 0.0000e+00    80.2593    4.47800    34.7483    34.7651    27.0209    1489.17    1486.37 0.0000e+00
       7505    344.000     8.3663     8.3647   3.646973   3.648406     1.8082    -0.0503      98.14 4.9505e-02 0.0000e+00    80.2342    4.47642    34.7482    34.7650    27.0209    1489.19    1486.38 0.0000e+00
       7526    345.000     8.3664     8.3648   3.647039   3.648465     1.8078    -0.0472      98.77 4.9518e-02 0.0000e+00    80.1841    4.46881    34.7484    34.7651    27.0209    1489.21    1486.39 0.0000e+00
       7546    346.000     8.3666     8.3649   3.647097   3.648524     1.8072    -0.0425      98.79 4.9502e-02 0.0000e+00    80.1306    4.47055    34.7483    34.7651    27.0209    1489.22    1486.40 0.0000e+00
       7567    347.000     8.3668     8.3651   3.647159   3.648595     1.8068    -0.0438      98.33 4.9525e-02 0.0000e+00    80.1342    4.46531    34.7483    34.7652    27.0208    1489.24    1486.40 0.0000e+00
       7588    348.000     8.3669     8.3653   3.647218   3.648653     1.8059    -0.0445      98.74 4.9499e-02 0.0000e+00    80.0769    4.46373    34.7484    34.7652    27.0209    1489.26    1486.41 0.0000e+00
       7609    349.000     8.3670     8.3654   3.647278   3.648704     1.8055    -0.0387      98.79 4.9516e-02 0.0000e+00    80.0378    4.46347    34.7484    34.7651    27.0209    1489.28    1486.42 0.0000e+00
       7629    350.000     8.3671     8.3656   3.647337   3.648767     1.8048    -0.0504      98.71 4.9525e-02 0.0000e+00    79.9832    4.46350    34.7485    34.7651    27.0209    1489.29    1486.43 0.0000e+00
       7650    351.000     8.3673     8.3657   3.647397   3.648830     1.8045    -0.0587      98.53 4.9518e-02 0.0000e+00    79.9530    4.46429    34.7485    34.7652    27.0209    1489.31    1486.44 0.0000e+00
       7670    352.000     8.3674     8.3658   3.647461   3.648880     1.8041    -0.0523      98.79 4.9495e-02 0.0000e+00    79.9259    4.46044    34.7486    34.7652    27.0209    1489.33    1486.45 0.0000e+00
       7691    353.000     8.3675     8.3660   3.647517   3.648946     1.8034    -0.0662      98.79 4.9485e-02 0.0000e+00    79.9254    4.46297    34.7486    34.7652    27.0209    1489.34    1486.45 0.0000e+00
       7712    354.000     8.3676     8.3660   3.647574   3.648997     1.8036    -0.0601      98.72 4.9525e-02 0.0000e+00    79.8842    4.46666    34.7486    34.7653    27.0210    1489.36    1486.46 0.0000e+00
       7733    355.000     8.3677     8.3662   3.647632   3.649060     1.8031    -0.0463      98.79 4.9480e-02 0.0000e+00    79.8586    4.45799    34.7487    34.7653    27.0210    1489.38    1486.47 0.0000e+00
       7753    356.000     8.3679     8.3662   3.647690   3.649116     1.8024    -0.0466      98.79 4.9536e-02 0.0000e+00    79.8129    4.45919    34.7486    34.7654    27.0209    1489.39    1486.48 0.0000e+00
       7774    357.000     8.3679     8.3664   3.647743   3.649167     1.8022    -0.0656      98.79 4.9479e-02 0.0000e+00    79.7258    4.45673    34.7487    34.7653    27.0210    1489.41    1486.49 0.0000e+00
       7795    358.000     8.3680     8.3665   3.647802   3.649224     1.8012    -0.0545      98.79 4.9466e-02 0.0000e+00    79.6159    4.44840    34.7488    34.7653    27.0210    1489.43    1486.49 0.0000e+00
       7815    359.000     8.3682     8.3666   3.647858   3.649280     1.8001    -0.0481      98.78 4.9536e-02 0.0000e+00    79.5611    4.44411    34.7487    34.7654    27.0209    1489.45    1486.50 0.0000e+00
       7836    360.000     8.3683     8.3667   3.647909   3.649337     1.7989    -0.0413      98.78 4.9478e-02 0.0000e+00    79.5113    4.44110    34.7487    34.7654    27.0209    1489.46    1486.51 0.0000e+00
       7857    361.000     8.3684     8.3669   3.647968   3.649386     1.7982    -0.0446      98.79 4.9499e-02 0.0000e+00    79.4827    4.44383    34.7487    34.7652    27.0209    1489.48    1486.52 0.0000e+00
       7878    362.000     8.3686     8.3670   3.648029   3.649452     1.7975    -0.0408      98.79 4.9479e-02 0.0000e+00    79.4678    4.44028    34.7487    34.7654    27.0209    1489.50    1486.53 0.0000e+00
       7899    363.000     8.3687     8.3671   3.648071   3.649506     1.7965    -0.0451      98.79 4.9495e-02 0.0000e+00    79.4626    4.43788    34.7486    34.7654    27.0207    1489.51    1486.54 0.0000e+00
       7919    364.000     8.3688     8.3672   3.648132   3.649566     1.7958    -0.0487      98.79 4.9505e-02 0.0000e+00    79.4618    4.43638    34.7487    34.7654    27.0208    1489.53    1486.54 0.0000e+00
       7940    365.000     8.3690     8.3674   3.648192   3.649622     1.7951    -0.0469      98.79 4.9505e-02 0.0000e+00    79.4404    4.43724    34.7486    34.7654    27.0207    1489.55    1486.55 0.0000e+00
       7960    366.000     8.3691     8.3675   3.648253   3.649689     1.7946    -0.0478      98.79 4.9508e-02 0.0000e+00    79.4375    4.43824    34.7487    34.7655    27.0208    1489.56    1486.56 0.0000e+00
       7981    367.000     8.3692     8.3676   3.648322   3.649751     1.7943    -0.0472      98.79 4.9495e-02 0.0000e+00    79.3853    4.43605    34.7489    34.7656    27.0209    1489.58    1486.57 0.0000e+00
       8001    368.000     8.3693     8.3678   3.648384   3.649816     1.7936    -0.0496      98.79 4.9480e-02 0.0000e+00    79.4117    4.43680    34.7490    34.7656    27.0209    1489.60    1486.58 0.0000e+00
       8021    369.000     8.3695     8.3679   3.648446   3.649872     1.7936    -0.0499      98.79 4.9499e-02 0.0000e+00    79.3888    4.43722    34.7489    34.7656    27.0209    1489.62    1486.58 0.0000e+00
       8041    370.000     8.3696     8.3680   3.648490   3.649919     1.7929    -0.0407      98.79 4.9481e-02 0.0000e+00    79.3627    4.43248    34.7488    34.7656    27.0208    1489.63    1486.59 0.0000e+00
       8062    371.000     8.3697     8.3681   3.648546   3.649979     1.7925    -0.0576      98.79 4.9502e-02 0.0000e+00    79.3851    4.43714    34.7489    34.7656    27.0208    1489.65    1486.60 0.0000e+00
       8082    372.000     8.3699     8.3683   3.648604   3.650035     1.7926    -0.0615      98.79 4.9512e-02 0.0000e+00    79.3680    4.43877    34.7488    34.7656    27.0207    1489.67    1486.61 0.0000e+00
       8102    373.000     8.3700     8.3684   3.648672   3.650089     1.7923    -0.0543      98.79 4.9495e-02 0.0000e+00    79.3087    4.43362    34.7490    34.7656    27.0209    1489.68    1486.62 0.0000e+00
       8123    374.000     8.3701     8.3685   3.648721   3.650156     1.7918    -0.0454      98.79 4.9474e-02 0.0000e+00    79.2518    4.43298    34.7489    34.7657    27.0208    1489.70    1486.63 0.0000e+00
       8143    375.000     8.3702     8.3686   3.648778   3.650200     1.7914    -0.0413      98.79 4.9492e-02 0.0000e+00    79.3001    4.43461    34.7490    34.7656    27.0208    1489.72    1486.63 0.0000e+00
       8163    376.000     8.3704     8.3687   3.648845   3.650261     1.7913    -0.0446      98.79 4.9508e-02 0.0000e+00    79.2763    4.43377    34.7490    34.7657    27.0208    1489.73    1486.64 0.0000e+00
       8183    377.000     8.3705     8.3689   3.648897   3.650327     1.7909    -0.0421      98.79 4.9481e-02 0.0000e+00    79.2369    4.43247    34.7490    34.7657    27.0208    1489.75    1486.65 0.0000e+00
       8204    378.000     8.3708     8.3692   3.648980   3.650415     1.7906    -0.0450      98.78 4.9495e-02 0.0000e+00    79.2140    4.43208    34.7491    34.7659    27.0208    1489.77    1486.66 0.0000e+00
       8224    379.000     8.3710     8.3694   3.649042   3.650472     1.7903    -0.0419      98.79 4.9512e-02 0.0000e+00    79.2094    4.43218    34.7491    34.7658    27.0208    1489.79    1486.67 0.0000e+00
       8244    380.000     8.3711     8.3694   3.649092   3.650525     1.7900    -0.0406      96.29 4.9509e-02 0.0000e+00    79.1705    4.42567    34.7490    34.7659    27.0207    1489.80    1486.68 0.0000e+00
