_data/ctd/2022603/sta0172.cnv
* Sea-Bird SBE 9 Data File:
* FileName = C:\Seabird\CTDData\sta0172.hex
* Software Version Seasave V 7.21f
* Temperature SN = 6264
* Conductivity SN = 4928
* Number of Bytes Per Scan = 40
* Number of Voltage Words = 5
* Number of Scans Averaged by the Deck Unit = 1
* NMEA Latitude = 60 49.54 N
* NMEA Longitude = 005 20.83 E
* NMEA UTC (Time) = Feb 13 2022 00:10:55
* NMEA baud rate = 4800
** Ship: R/V "Kristine Bonnevie"
** Station: 0172
** Echodepth: 298
** Log: 0514.893
** Wind-Dir/Force: 22 14
** Air-temp (dry): 7.4
** Weather Sky:
** Sea:
# nquan = 19                                
# nvalues = 295                         
# units = specified
# name 0 = scan: Scan Count
# name 1 = prDM: Pressure, Digiquartz [db]
# name 2 = t068C: Temperature [ITS-68, deg C]
# name 3 = t168C: Temperature, 2 [ITS-68, deg C]
# name 4 = c0S/m: Conductivity [S/m]
# name 5 = c1S/m: Conductivity, 2 [S/m]
# name 6 = sbeox0V: Oxygen raw, SBE 43 [V]
# name 7 = flECO-AFL: Fluorescence, WET Labs ECO-AFL/FL [mg/m^3]
# name 8 = altM: Altimeter [m]
# name 9 = par: PAR/Irradiance, Biospherical/Licor
# name 10 = spar: SPAR/Surface Irradiance
# name 11 = CStarTr0: Beam Transmission, WET Labs C-Star [%]
# name 12 = sbeox0ML/L: Oxygen, SBE 43 [ml/l], WS = 2
# name 13 = sal00: Salinity, Practical [PSU]
# name 14 = sal11: Salinity, Practical, 2 [PSU]
# name 15 = sigma-t00: Density [sigma-t, Kg/m^3 ]
# name 16 = svCM: Sound Velocity [Chen-Millero, m/s]
# name 17 = avgsvCM: Average Sound Velocity [Chen-Millero, m/s], minP = 1, minS = 5
# name 18 = flag: flag
# span 0 =        202,       6053       
# span 1 =      1.000,    295.000       
# span 2 =     3.2067,     9.1268       
# span 3 =     3.1773,     9.1227       
# span 4 =   1.409406,   3.670856       
# span 5 =   1.384914,   3.672307       
# span 6 =     1.6555,     2.5806       
# span 7 =    -0.0932,     0.3207       
# span 8 =       5.16,      99.62       
# span 9 = 4.9446e-02, 8.3974e-01       
# span 10 = 0.0000e+00, 0.0000e+00      
# span 11 =    36.0802,    81.6528      
# span 12 =    3.90970,    8.56521      
# span 13 =    14.3536,    34.9488      
# span 14 =    14.0964,    34.9646      
# span 15 =    11.4323,    27.1841      
# span 16 =    1436.64,    1488.49      
# span 17 =    1436.64,    1485.71      
# span 18 = 0.0000e+00, 0.0000e+00      
# interval = decibars: 1                
# start_time = Feb 13 2022 00:10:57 [System UTC, header]
# bad_flag = -9.990e-29
*END*
[from data line 77]
       1785     78.000     8.7343     8.7337   3.661205   3.662557     2.0698 -9.990e-29      98.62 4.9467e-02 0.0000e+00    81.4237    5.11585    34.6635    34.6783    26.8972    1486.08    1482.63 0.0000e+00
       1805     79.000     8.7169     8.7158   3.660579   3.661952     2.0672    -0.0619      76.15 4.9483e-02 0.0000e+00    81.4264    5.10935    34.6735    34.6890    26.9077    1486.04    1482.67 0.0000e+00
       1825     80.000     8.7117     8.7101   3.660588   3.661964     2.0646    -0.0639      99.03 4.9481e-02 0.0000e+00    81.4410    5.10002    34.6782    34.6943    26.9122    1486.05    1482.71 0.0000e+00
       1845     81.000     8.7053     8.7041   3.660256   3.661637     2.0616    -0.0660      41.29 4.9474e-02 0.0000e+00    81.4529    5.08867    34.6805    34.6962    26.9150    1486.04    1482.75 0.0000e+00
       1864     82.000     8.6880     8.6872   3.659648   3.661010     2.0584    -0.0685      64.06 4.9488e-02 0.0000e+00    81.4667    5.08208    34.6905    34.7057    26.9256    1486.01    1482.79 0.0000e+00
       1885     83.000     8.6730     8.6718   3.659237   3.660606     2.0558    -0.0663      83.38 4.9474e-02 0.0000e+00    81.4814    5.08061    34.7004    34.7161    26.9358    1485.98    1482.83 0.0000e+00
       1905     84.000     8.6620     8.6606   3.658928   3.660284     2.0532    -0.0604      45.29 4.9495e-02 0.0000e+00    81.4730    5.07462    34.7075    34.7232    26.9430    1485.96    1482.87 0.0000e+00
       1925     85.000     8.6537     8.6522   3.658793   3.660148     2.0509    -0.0635      96.33 4.9459e-02 0.0000e+00    81.4823    5.06962    34.7137    34.7295    26.9492    1485.96    1482.90 0.0000e+00
       1945     86.000     8.6510     8.6494   3.658727   3.660099     2.0484    -0.0601      31.39 4.9479e-02 0.0000e+00    81.4745    5.06505    34.7152    34.7313    26.9508    1485.96    1482.94 0.0000e+00
       1966     87.000     8.6482     8.6466   3.658706   3.660074     2.0465    -0.0604      98.36 4.9488e-02 0.0000e+00    81.4777    5.06495    34.7173    34.7333    26.9528    1485.97    1482.97 0.0000e+00
       1986     88.000     8.6454     8.6436   3.658689   3.660038     2.0449    -0.0634      98.04 4.9474e-02 0.0000e+00    81.5093    5.06336    34.7194    34.7354    26.9549    1485.98    1483.01 0.0000e+00
       2006     89.000     8.6367     8.6357   3.658293   3.659651     2.0433    -0.0599      92.87 4.9509e-02 0.0000e+00    81.5141    5.05984    34.7232    34.7386    26.9593    1485.97    1483.04 0.0000e+00
       2026     90.000     8.6220     8.6204   3.657907   3.659261     2.0419    -0.0631      98.68 4.9459e-02 0.0000e+00    81.5047    5.05580    34.7331    34.7490    26.9694    1485.95    1483.07 0.0000e+00
       2046     91.000     8.6070     8.6060   3.657369   3.658720     2.0401    -0.0643      63.72 4.9497e-02 0.0000e+00    81.5146    5.05003    34.7417    34.7570    26.9784    1485.92    1483.11 0.0000e+00
       2066     92.000     8.6011     8.5997   3.657265   3.658629     2.0384    -0.0653      63.89 4.9480e-02 0.0000e+00    81.5265    5.03974    34.7459    34.7617    26.9827    1485.92    1483.14 0.0000e+00
       2086     93.000     8.5956     8.5941   3.657038   3.658398     2.0355    -0.0611      71.81 4.9481e-02 0.0000e+00    81.5477    5.01893    34.7485    34.7643    26.9855    1485.92    1483.17 0.0000e+00
       2105     94.000     8.5928     8.5911   3.657035   3.658386     2.0320    -0.0643      98.78 4.9460e-02 0.0000e+00    81.5482    4.99530    34.7507    34.7667    26.9877    1485.92    1483.19 0.0000e+00
       2125     95.000     8.5914     8.5896   3.657110   3.658463     2.0268    -0.0932      67.41 4.9460e-02 0.0000e+00    81.5659    4.96771    34.7524    34.7685    26.9893    1485.94    1483.22 0.0000e+00
       2145     96.000     8.5907     8.5890   3.657159   3.658521     2.0217    -0.0894      92.44 4.9480e-02 0.0000e+00    81.5618    4.95316    34.7531    34.7692    26.9899    1485.95    1483.25 0.0000e+00
       2165     97.000     8.5829     8.5827   3.656995   3.658363     2.0168    -0.0858      70.45 4.9468e-02 0.0000e+00    81.5750    4.94397    34.7586    34.7733    26.9954    1485.95    1483.28 0.0000e+00
       2185     98.000     8.5686     8.5673   3.656596   3.657951     2.0125    -0.0585      79.79 4.9495e-02 0.0000e+00    81.5790    4.94433    34.7680    34.7836    27.0050    1485.92    1483.31 0.0000e+00
       2205     99.000     8.5584     8.5577   3.656378   3.657732     2.0094    -0.0655      78.36 4.9459e-02 0.0000e+00    81.5590    4.94431    34.7752    34.7903    27.0123    1485.91    1483.33 0.0000e+00
       2224    100.000     8.5534     8.5519   3.656296   3.657659     2.0068    -0.0649      67.40 4.9488e-02 0.0000e+00    81.5929    4.94209    34.7788    34.7947    27.0159    1485.91    1483.36 0.0000e+00
       2244    101.000     8.5510     8.5492   3.656321   3.657675     2.0043    -0.0634      89.42 4.9467e-02 0.0000e+00    81.5959    4.93160    34.7810    34.7971    27.0179    1485.92    1483.38 0.0000e+00
       2264    102.000     8.5470     8.5462   3.656266   3.657637     2.0013    -0.0680      60.15 4.9467e-02 0.0000e+00    81.5679    4.91825    34.7838    34.7991    27.0208    1485.93    1483.41 0.0000e+00
       2284    103.000     8.5312     8.5297   3.655952   3.657292     1.9979    -0.0605      97.56 4.9474e-02 0.0000e+00    81.5864    4.90557    34.7956    34.8113    27.0325    1485.90    1483.43 0.0000e+00
       2304    104.000     8.5254     8.5239   3.655812   3.657147     1.9945    -0.0699      47.07 4.9467e-02 0.0000e+00    81.5784    4.90011    34.7994    34.8150    27.0364    1485.90    1483.46 0.0000e+00
       2324    105.000     8.5222     8.5206   3.655755   3.657104     1.9920    -0.0649      98.87 4.9461e-02 0.0000e+00    81.5765    4.89408    34.8014    34.8173    27.0385    1485.90    1483.48 0.0000e+00
       2344    106.000     8.5194     8.5178   3.655697   3.657039     1.9887    -0.0710      35.28 4.9467e-02 0.0000e+00    81.5744    4.87720    34.8031    34.8189    27.0402    1485.91    1483.50 0.0000e+00
       2363    107.000     8.5126     8.5113   3.655471   3.656805     1.9850    -0.0665      75.01 4.9501e-02 0.0000e+00    81.5961    4.86147    34.8069    34.8224    27.0443    1485.91    1483.53 0.0000e+00
       2383    108.000     8.4996     8.4990   3.655070   3.656423     1.9811    -0.0580      53.96 4.9483e-02 0.0000e+00    81.6077    4.84683    34.8150    34.8300    27.0527    1485.89    1483.55 0.0000e+00
       2403    109.000     8.4912     8.4902   3.654790   3.656147     1.9768    -0.0630      98.62 4.9460e-02 0.0000e+00    81.5958    4.83427    34.8199    34.8352    27.0578    1485.88    1483.57 0.0000e+00
       2422    110.000     8.4753     8.4743   3.654307   3.655641     1.9730    -0.0643      98.80 4.9461e-02 0.0000e+00    81.5926    4.81845    34.8300    34.8451    27.0681    1485.85    1483.59 0.0000e+00
       2442    111.000     8.4683     8.4669   3.654086   3.655427     1.9677    -0.0624      89.55 4.9474e-02 0.0000e+00    81.5779    4.78345    34.8340    34.8497    27.0724    1485.84    1483.61 0.0000e+00
       2461    112.000     8.4661     8.4644   3.654027   3.655377     1.9611    -0.0636      96.05 4.9460e-02 0.0000e+00    81.5893    4.74876    34.8351    34.8511    27.0736    1485.85    1483.63 0.0000e+00
       2481    113.000     8.4611     8.4592   3.653802   3.655103     1.9536    -0.0642      93.02 4.9483e-02 0.0000e+00    81.5873    4.71012    34.8372    34.8529    27.0760    1485.85    1483.65 0.0000e+00
       2501    114.000     8.4494     8.4478   3.653283   3.654588     1.9447    -0.0712      93.05 4.9481e-02 0.0000e+00    81.5901    4.67087    34.8428    34.8582    27.0822    1485.83    1483.67 0.0000e+00
       2520    115.000     8.4445     8.4430   3.653218   3.654551     1.9354    -0.0696      98.33 4.9481e-02 0.0000e+00    81.5857    4.64018    34.8464    34.8621    27.0858    1485.84    1483.69 0.0000e+00
       2540    116.000     8.4352     8.4338   3.653014   3.654341     1.9266    -0.0617      70.56 4.9454e-02 0.0000e+00    81.5987    4.61400    34.8530    34.8685    27.0924    1485.82    1483.71 0.0000e+00
       2560    117.000     8.4233     8.4226   3.652625   3.653969     1.9170    -0.0654      50.04 4.9495e-02 0.0000e+00    81.6060    4.57650    34.8601    34.8751    27.0999    1485.81    1483.72 0.0000e+00
       2579    118.000     8.4111     8.4100   3.652235   3.653566     1.9075    -0.0605      98.45 4.9467e-02 0.0000e+00    81.6116    4.54629    34.8676    34.8828    27.1076    1485.79    1483.74 0.0000e+00
       2600    119.000     8.4030     8.4020   3.652067   3.653401     1.8975    -0.0674      91.00 4.9495e-02 0.0000e+00    81.6480    4.50839    34.8733    34.8885    27.1133    1485.78    1483.76 0.0000e+00
       2619    120.000     8.3947     8.3935   3.651847   3.653170     1.8867    -0.0684      88.48 4.9481e-02 0.0000e+00    81.6298    4.46184    34.8787    34.8940    27.1189    1485.77    1483.77 0.0000e+00
       2639    121.000     8.3840     8.3828   3.651565   3.652898     1.8754    -0.0640      50.72 4.9483e-02 0.0000e+00    81.6182    4.42011    34.8858    34.9012    27.1261    1485.76    1483.79 0.0000e+00
       2658    122.000     8.3800     8.3784   3.651462   3.652774     1.8639    -0.0664      84.94 4.9488e-02 0.0000e+00    81.6209    4.38455    34.8882    34.9038    27.1286    1485.76    1483.81 0.0000e+00
       2678    123.000     8.3721     8.3709   3.651275   3.652594     1.8529    -0.0682      98.63 4.9476e-02 0.0000e+00    81.6243    4.34858    34.8936    34.9088    27.1340    1485.75    1483.82 0.0000e+00
       2697    124.000     8.3665     8.3648   3.651157   3.652485     1.8416    -0.0723      65.07 4.9476e-02 0.0000e+00    81.6027    4.30727    34.8974    34.9132    27.1379    1485.75    1483.84 0.0000e+00
       2716    125.000     8.3622     8.3609   3.651101   3.652428     1.8297    -0.0686      99.47 4.9498e-02 0.0000e+00    81.6226    4.27111    34.9006    34.9160    27.1410    1485.76    1483.85 0.0000e+00
       2735    126.000     8.3562     8.3547   3.651023   3.652343     1.8189    -0.0649      72.05 4.9488e-02 0.0000e+00    81.6085    4.24596    34.9052    34.9208    27.1456    1485.76    1483.87 0.0000e+00
       2755    127.000     8.3523     8.3507   3.650988   3.652320     1.8084    -0.0496      93.73 4.9505e-02 0.0000e+00    81.6288    4.21331    34.9082    34.9240    27.1486    1485.76    1483.88 0.0000e+00
       2774    128.000     8.3506     8.3490   3.651004   3.652333     1.7978    -0.0574      77.77 4.9505e-02 0.0000e+00    81.6528    4.18525    34.9096    34.9253    27.1499    1485.78    1483.90 0.0000e+00
       2793    129.000     8.3500     8.3483   3.651100   3.652430     1.7882    -0.0645      47.91 4.9502e-02 0.0000e+00    81.6303    4.16020    34.9107    34.9266    27.1509    1485.79    1483.91 0.0000e+00
       2813    130.000     8.3477     8.3460   3.651082   3.652416     1.7786    -0.0643      80.65 4.9505e-02 0.0000e+00    81.6357    4.14059    34.9123    34.9282    27.1525    1485.80    1483.93 0.0000e+00
       2832    131.000     8.3454     8.3438   3.651161   3.652480     1.7708    -0.0638      66.09 4.9490e-02 0.0000e+00    81.6273    4.13298    34.9150    34.9306    27.1549    1485.81    1483.94 0.0000e+00
       2851    132.000     8.3436     8.3421   3.651195   3.652523     1.7637    -0.0619      97.52 4.9515e-02 0.0000e+00    81.6248    4.11806    34.9167    34.9323    27.1565    1485.82    1483.96 0.0000e+00
       2871    133.000     8.3387     8.3373   3.651035   3.652361     1.7572    -0.0618      52.58 4.9527e-02 0.0000e+00    81.5950    4.10638    34.9193    34.9348    27.1594    1485.83    1483.97 0.0000e+00
       2890    134.000     8.3355     8.3338   3.651028   3.652346     1.7514    -0.0660      98.92 4.9519e-02 0.0000e+00    81.5726    4.09697    34.9219    34.9377    27.1619    1485.83    1483.98 0.0000e+00
       2910    135.000     8.3339     8.3323   3.651094   3.652429     1.7462    -0.0681      68.15 4.9508e-02 0.0000e+00    81.5772    4.08919    34.9238    34.9396    27.1636    1485.85    1484.00 0.0000e+00
       2929    136.000     8.3325     8.3308   3.651120   3.652447     1.7419    -0.0706      46.81 4.9512e-02 0.0000e+00    81.6088    4.07715    34.9249    34.9408    27.1647    1485.86    1484.01 0.0000e+00
       2948    137.000     8.3313     8.3296   3.651157   3.652494     1.7370    -0.0634      98.78 4.9527e-02 0.0000e+00    81.6200    4.05968    34.9260    34.9420    27.1658    1485.87    1484.03 0.0000e+00
       2967    138.000     8.3307     8.3289   3.651217   3.652527     1.7324    -0.0683      96.05 4.9519e-02 0.0000e+00    81.6137    4.05032    34.9268    34.9425    27.1664    1485.89    1484.04 0.0000e+00
       2986    139.000     8.3307     8.3288   3.651264   3.652584     1.7281    -0.0674      89.99 4.9490e-02 0.0000e+00    81.6022    4.04297    34.9268    34.9428    27.1665    1485.90    1484.05 0.0000e+00
       3005    140.000     8.3305     8.3287   3.651318   3.652631     1.7248    -0.0636      62.57 4.9498e-02 0.0000e+00    81.6191    4.03572    34.9271    34.9429    27.1667    1485.92    1484.07 0.0000e+00
       3024    141.000     8.3299     8.3282   3.651358   3.652690     1.7210 -9.990e-29      75.08 4.9520e-02 0.0000e+00    81.5937    4.02782    34.9276    34.9435    27.1672    1485.93    1484.08 0.0000e+00
       3043    142.000     8.3292     8.3274   3.651424   3.652748     1.7184 -9.990e-29      99.02 4.9483e-02 0.0000e+00    81.5862    4.02779    34.9286    34.9445    27.1681    1485.95    1484.09 0.0000e+00
       3062    143.000     8.3288     8.3270   3.651481   3.652815     1.7156 -9.990e-29      98.60 4.9490e-02 0.0000e+00    81.5994    4.02195    34.9291    34.9451    27.1685    1485.97    1484.10 0.0000e+00
       3081    144.000     8.3286     8.3269   3.651556   3.652878     1.7133 -9.990e-29      28.69 4.9476e-02 0.0000e+00    81.6202    4.02237    34.9296    34.9454    27.1690    1485.98    1484.12 0.0000e+00
       3100    145.000     8.3274     8.3257   3.651604   3.652925     1.7119    -0.0674      75.02 4.9476e-02 0.0000e+00    81.6073    4.02015    34.9308    34.9466    27.1701    1486.00    1484.13 0.0000e+00
       3119    146.000     8.3266     8.3248   3.651652   3.652984     1.7097    -0.0658      67.39 4.9505e-02 0.0000e+00    81.6366    4.01185    34.9316    34.9476    27.1709    1486.01    1484.14 0.0000e+00
       3138    147.000     8.3263     8.3245   3.651713   3.653040     1.7083    -0.0718      89.59 4.9512e-02 0.0000e+00    81.6142    4.00805    34.9321    34.9480    27.1713    1486.03    1484.16 0.0000e+00
       3157    148.000     8.3256     8.3240   3.651758   3.653106     1.7061    -0.0652      95.89 4.9527e-02 0.0000e+00    81.6263    4.00073    34.9328    34.9488    27.1719    1486.04    1484.17 0.0000e+00
       3176    149.000     8.3250     8.3232   3.651841   3.653163     1.7043    -0.0611      92.63 4.9505e-02 0.0000e+00    81.6029    4.00102    34.9338    34.9497    27.1728    1486.06    1484.18 0.0000e+00
       3195    150.000     8.3248     8.3231   3.651905   3.653230     1.7030    -0.0677      90.10 4.9512e-02 0.0000e+00    81.6194    4.00019    34.9342    34.9500    27.1732    1486.07    1484.19 0.0000e+00
       3214    151.000     8.3248     8.3230   3.651961   3.653289     1.7018    -0.0557      97.07 4.9520e-02 0.0000e+00    81.6075    3.99885    34.9343    34.9503    27.1733    1486.09    1484.21 0.0000e+00
       3233    152.000     8.3243     8.3226   3.652026   3.653344     1.7009    -0.0558      78.04 4.9490e-02 0.0000e+00    81.5974    3.99393    34.9350    34.9508    27.1739    1486.10    1484.22 0.0000e+00
