_data/ctd/2022603/sta0182.cnv
* Sea-Bird SBE 9 Data File:
* FileName = C:\Seabird\CTDData\sta0182.hex
* Software Version Seasave V 7.21f
* Temperature SN = 6264
* Conductivity SN = 4928
* Number of Bytes Per Scan = 40
* Number of Voltage Words = 5
* Number of Scans Averaged by the Deck Unit = 1
* NMEA Latitude = 61 10.81 N
* NMEA Longitude = 006 01.40 E
* NMEA UTC (Time) = Feb 13 2022 23:30:45
* NMEA baud rate = 4800
** Ship: R/V "Kristine Bonnevie"
** Station: 0182
** Echodepth: 297
** Log: 0658.468
** Wind-Dir/Force: 94 05
** Air-temp (dry): 3.3
** Weather Sky:
** Sea:
# nquan = 19                                
# nvalues = 294                         
# units = specified
# name 0 = scan: Scan Count
# name 1 = prDM: Pressure, Digiquartz [db]
# name 2 = t068C: Temperature [ITS-68, deg C]
# name 3 = t168C: Temperature, 2 [ITS-68, deg C]
# name 4 = c0S/m: Conductivity [S/m]
# name 5 = c1S/m: Conductivity, 2 [S/m]
# name 6 = sbeox0V: Oxygen raw, SBE 43 [V]
# name 7 = flECO-AFL: Fluorescence, WET Labs ECO-AFL/FL [mg/m^3]
# name 8 = altM: Altimeter [m]
# name 9 = par: PAR/Irradiance, Biospherical/Licor
# name 10 = spar: SPAR/Surface Irradiance
# name 11 = CStarTr0: Beam Transmission, WET Labs C-Star [%]
# name 12 = sbeox0ML/L: Oxygen, SBE 43 [ml/l], WS = 2
# name 13 = sal00: Salinity, Practical [PSU]
# name 14 = sal11: Salinity, Practical, 2 [PSU]
# name 15 = sigma-t00: Density [sigma-t, Kg/m^3 ]
# name 16 = svCM: Sound Velocity [Chen-Millero, m/s]
# name 17 = avgsvCM: Average Sound Velocity [Chen-Millero, m/s], minP = 1, minS = 5
# name 18 = flag: flag
# span 0 =        110,       6596       
# span 1 =      1.000,    294.000       
# span 2 =     5.6262,     9.6586       
# span 3 =     5.6254,     9.6559       
# span 4 =   2.989816,   3.695170       
# span 5 =   2.986639,   3.696696       
# span 6 =     1.9816,     2.4519       
# span 7 =    -0.0918,     0.9195       
# span 8 =       4.58,     100.21       
# span 9 = 4.9453e-02, 2.0717e+00       
# span 10 = 0.0000e+00, 0.0000e+00      
# span 11 =    76.6784,    81.5682      
# span 12 =    5.05251,    7.01650      
# span 13 =    30.2795,    34.9772      
# span 14 =    30.2595,    34.9934      
# span 15 =    23.8604,    27.2857      
# span 16 =    1467.39,    1488.20      
# span 17 =    1467.47,    1484.16      
# span 18 = 0.0000e+00, 0.0000e+00      
# interval = decibars: 1                
# start_time = Feb 13 2022 23:30:47 [System UTC, header]
# bad_flag = -9.990e-29
*END*
[from data line 229]
       5214    230.000     7.9015     7.9006   3.616107   3.617461     1.9967    -0.0557      99.27 4.9476e-02 0.0000e+00    81.4598    5.08588    34.9338    34.9492    27.2369    1485.79    1483.62 0.0000e+00
       5236    231.000     7.8993     7.8979   3.616039   3.617376     1.9955    -0.0558      35.50 4.9521e-02 0.0000e+00    81.4366    5.07845    34.9347    34.9505    27.2380    1485.80    1483.63 0.0000e+00
       5257    232.000     7.8973     7.8960   3.615932   3.617263     1.9941    -0.0710      74.16 4.9509e-02 0.0000e+00    81.4058    5.07236    34.9351    34.9507    27.2386    1485.81    1483.64 0.0000e+00
       5279    233.000     7.8915     7.8903   3.615498   3.616823     1.9927    -0.0847      57.64 4.9484e-02 0.0000e+00    81.3816    5.07141    34.9357    34.9512    27.2399    1485.81    1483.65 0.0000e+00
       5301    234.000     7.8829     7.8816   3.614819   3.616146     1.9917    -0.0592      98.63 4.9479e-02 0.0000e+00    81.3868    5.07026    34.9365    34.9521    27.2418    1485.79    1483.66 0.0000e+00
       5323    235.000     7.8822     7.8807   3.614889   3.616229     1.9903    -0.0596      83.13 4.9509e-02 0.0000e+00    81.3988    5.06891    34.9375    34.9534    27.2427    1485.81    1483.67 0.0000e+00
       5344    236.000     7.8815     7.8805   3.614983   3.616335     1.9896    -0.0585      98.62 4.9490e-02 0.0000e+00    81.4244    5.06416    34.9387    34.9543    27.2438    1485.82    1483.68 0.0000e+00
       5366    237.000     7.8761     7.8740   3.614508   3.615767     1.9881    -0.0747      86.24 4.9505e-02 0.0000e+00    81.4373    5.06010    34.9385    34.9542    27.2444    1485.82    1483.69 0.0000e+00
       5388    238.000     7.8707     7.8695   3.614147   3.615483     1.9870    -0.0863      67.61 4.9483e-02 0.0000e+00    81.3929    5.06057    34.9395    34.9551    27.2460    1485.82    1483.70 0.0000e+00
       5409    239.000     7.8662     7.8648   3.613996   3.615323     1.9862    -0.0862      74.84 4.9512e-02 0.0000e+00    81.4412    5.06074    34.9419    34.9576    27.2486    1485.82    1483.71 0.0000e+00
       5431    240.000     7.8671     7.8656   3.614208   3.615542     1.9853    -0.0622      82.37 4.9508e-02 0.0000e+00    81.4882    5.05803    34.9428    34.9587    27.2491    1485.84    1483.71 0.0000e+00
       5453    241.000     7.8673     7.8659   3.614330   3.615664     1.9842    -0.0618      78.35 4.9509e-02 0.0000e+00    81.5111    5.05251    34.9435    34.9592    27.2496    1485.86    1483.72 0.0000e+00
       5474    242.000     7.8638     7.8623   3.614067   3.615384     1.9832    -0.0640      83.00 4.9483e-02 0.0000e+00    81.4678    5.05369    34.9436    34.9593    27.2503    1485.86    1483.73 0.0000e+00
       5496    243.000     7.8598     7.8586   3.613843   3.615178     1.9828    -0.0718      94.20 4.9492e-02 0.0000e+00    81.4539    5.05562    34.9447    34.9603    27.2517    1485.86    1483.74 0.0000e+00
       5518    244.000     7.8554     7.8542   3.613547   3.614882     1.9819    -0.0832      31.08 4.9471e-02 0.0000e+00    81.4315    5.05303    34.9455    34.9610    27.2530    1485.86    1483.75 0.0000e+00
       5539    245.000     7.8525     7.8512   3.613431   3.614765     1.9817    -0.0608      48.49 4.9505e-02 0.0000e+00    81.4394    5.06098    34.9466    34.9623    27.2543    1485.87    1483.76 0.0000e+00
       5560    246.000     7.8519     7.8505   3.613599   3.614932     1.9816    -0.0573      52.18 4.9499e-02 0.0000e+00    81.4658    5.06272    34.9486    34.9643    27.2559    1485.89    1483.77 0.0000e+00
       5582    247.000     7.8504     7.8490   3.613592   3.614926     1.9817    -0.0586      51.12 4.9528e-02 0.0000e+00    81.4861    5.06265    34.9495    34.9653    27.2569    1485.90    1483.78 0.0000e+00
       5603    248.000     7.8492     7.8477   3.613518   3.614849     1.9817    -0.0607      50.39 4.9506e-02 0.0000e+00    81.4837    5.06250    34.9494    34.9652    27.2570    1485.91    1483.78 0.0000e+00
       5624    249.000     7.8417     7.8411   3.613048   3.614398     1.9817 -9.990e-29      49.45 4.9512e-02 0.0000e+00    81.4696    5.07028    34.9514    34.9665    27.2596    1485.90    1483.79 0.0000e+00
       5645    250.000     7.8389     7.8373   3.612935   3.614253     1.9821 -9.990e-29      48.38 4.9496e-02 0.0000e+00    81.4657    5.07118    34.9525    34.9683    27.2609    1485.91    1483.80 0.0000e+00
       5666    251.000     7.8365     7.8351   3.612787   3.614124     1.9823 -9.990e-29      47.47 4.9511e-02 0.0000e+00    81.4809    5.07356    34.9528    34.9686    27.2615    1485.92    1483.81 0.0000e+00
       5688    252.000     7.8370     7.8357   3.612913   3.614266     1.9828 -9.990e-29      46.84 4.9499e-02 0.0000e+00    81.4607    5.07927    34.9532    34.9690    27.2617    1485.94    1483.82 0.0000e+00
       5709    253.000     7.8404     7.8386   3.613355   3.614660     1.9833 -9.990e-29      16.80 4.9512e-02 0.0000e+00    81.4660    5.08028    34.9540    34.9699    27.2619    1485.97    1483.83 0.0000e+00
       5730    254.000     7.8411     7.8397   3.613482   3.614824     1.9838 -9.990e-29      43.85 4.9512e-02 0.0000e+00    81.4653    5.08068    34.9542    34.9701    27.2620    1485.99    1483.84 0.0000e+00
       5751    255.000     7.8416     7.8402   3.613591   3.614922     1.9840 -9.990e-29      42.71 4.9509e-02 0.0000e+00    81.4447    5.08432    34.9544    34.9701    27.2620    1486.00    1483.84 0.0000e+00
       5773    256.000     7.8416     7.8401   3.613654   3.615000     1.9851 -9.990e-29      42.20 4.9499e-02 0.0000e+00    81.4174    5.09223    34.9546    34.9706    27.2622    1486.02    1483.85 0.0000e+00
       5794    257.000     7.8413     7.8399   3.613724   3.615057     1.9856    -0.0684      41.56 4.9499e-02 0.0000e+00    81.4230    5.09376    34.9552    34.9709    27.2627    1486.04    1483.86 0.0000e+00
       5815    258.000     7.8402     7.8388   3.613717   3.615040     1.9865    -0.0631      40.57 4.9499e-02 0.0000e+00    81.4041    5.09699    34.9557    34.9714    27.2633    1486.05    1483.87 0.0000e+00
       5836    259.000     7.8377     7.8364   3.613564   3.614893     1.9871    -0.0593      39.57 4.9492e-02 0.0000e+00    81.3985    5.09783    34.9561    34.9717    27.2639    1486.06    1483.88 0.0000e+00
       5857    260.000     7.8301     7.8290   3.612894   3.614230     1.9875    -0.0641      38.50 4.9485e-02 0.0000e+00    81.4013    5.10196    34.9560    34.9715    27.2650    1486.05    1483.89 0.0000e+00
       5878    261.000     7.8273     7.8261   3.612726   3.614085     1.9884    -0.0901      37.46 4.9498e-02 0.0000e+00    81.3772    5.10622    34.9565    34.9723    27.2658    1486.05    1483.89 0.0000e+00
       5899    262.000     7.8265     7.8253   3.612735   3.614088     1.9888    -0.0643      36.59 4.9502e-02 0.0000e+00    81.4155    5.10384    34.9569    34.9727    27.2662    1486.07    1483.90 0.0000e+00
       5920    263.000     7.8247     7.8233   3.612697   3.614039     1.9890 -9.990e-29      35.59 4.9502e-02 0.0000e+00    81.4376    5.10042    34.9578    34.9737    27.2672    1486.08    1483.91 0.0000e+00
       5940    264.000     7.8247     7.8232   3.612758   3.614094     1.9887 -9.990e-29      34.60 4.9499e-02 0.0000e+00    81.4497    5.09729    34.9580    34.9739    27.2673    1486.09    1483.92 0.0000e+00
       5961    265.000     7.8259     7.8242   3.612945   3.614262     1.9884 -9.990e-29      33.55 4.9474e-02 0.0000e+00    81.4840    5.09871    34.9583    34.9742    27.2674    1486.11    1483.93 0.0000e+00
       5983    266.000     7.8258     7.8243   3.612981   3.614325     1.9884 -9.990e-29      32.59 4.9502e-02 0.0000e+00    81.5047    5.10271    34.9583    34.9743    27.2674    1486.13    1483.94 0.0000e+00
       6004    267.000     7.8244     7.8230   3.612928   3.614270     1.9887    -0.0644      31.56 4.9518e-02 0.0000e+00    81.4994    5.10687    34.9586    34.9745    27.2679    1486.14    1483.94 0.0000e+00
       6025    268.000     7.8207     7.8194   3.612654   3.613980     1.9890    -0.0587      30.60 4.9499e-02 0.0000e+00    81.4942    5.10819    34.9589    34.9745    27.2687    1486.15    1483.95 0.0000e+00
       6046    269.000     7.8195     7.8182   3.612592   3.613952     1.9891    -0.0789      29.57 4.9490e-02 0.0000e+00    81.4967    5.10538    34.9590    34.9749    27.2689    1486.16    1483.96 0.0000e+00
       6068    270.000     7.8196     7.8182   3.612650   3.613997     1.9889    -0.0805      28.53 4.9492e-02 0.0000e+00    81.5131    5.10514    34.9590    34.9749    27.2689    1486.17    1483.97 0.0000e+00
       6089    271.000     7.8197     7.8182   3.612708   3.614037     1.9890    -0.0574      27.66 4.9521e-02 0.0000e+00    81.5344    5.10769    34.9590    34.9749    27.2689    1486.19    1483.98 0.0000e+00
       6111    272.000     7.8182     7.8168   3.612647   3.613987     1.9889 -9.990e-29      26.57 4.9512e-02 0.0000e+00    81.5333    5.10579    34.9594    34.9752    27.2694    1486.20    1483.98 0.0000e+00
       6132    273.000     7.8170     7.8156   3.612643   3.614002     1.9887 -9.990e-29      25.52 4.9505e-02 0.0000e+00    81.5497    5.10149    34.9601    34.9761    27.2701    1486.21    1483.99 0.0000e+00
       6154    274.000     7.8194     7.8178   3.612982   3.614338     1.9880 -9.990e-29      24.54 4.9502e-02 0.0000e+00    81.5682    5.09941    34.9608    34.9771    27.2704    1486.24    1484.00 0.0000e+00
       6175    275.000     7.8203     7.8190   3.613149   3.614492     1.9877 -9.990e-29      23.16 4.9499e-02 0.0000e+00    81.5578    5.10429    34.9613    34.9770    27.2706    1486.26    1484.01 0.0000e+00
       6196    276.000     7.8192     7.8179   3.613102   3.614439     1.9879 -9.990e-29      22.24 4.9539e-02 0.0000e+00    81.5560    5.10903    34.9614    34.9771    27.2708    1486.27    1484.02 0.0000e+00
       6218    277.000     7.8198     7.8182   3.613231   3.614583     1.9881 -9.990e-29      21.49 4.9483e-02 0.0000e+00    81.5515    5.11409    34.9617    34.9778    27.2710    1486.29    1484.03 0.0000e+00
       6239    278.000     7.8186     7.8174   3.613228   3.614580     1.9888 -9.990e-29      20.55 4.9496e-02 0.0000e+00    81.5460    5.11811    34.9624    34.9781    27.2717    1486.31    1484.03 0.0000e+00
       6261    279.000     7.8163     7.8149   3.613088   3.614429     1.9893 -9.990e-29      19.56 4.9505e-02 0.0000e+00    81.5363    5.12548    34.9627    34.9785    27.2723    1486.31    1484.04 0.0000e+00
       6282    280.000     7.8157     7.8143   3.613117   3.614459     1.9904 -9.990e-29      18.59 4.9502e-02 0.0000e+00    81.5399    5.12658    34.9631    34.9790    27.2727    1486.33    1484.05 0.0000e+00
       6304    281.000     7.8150     7.8137   3.613128   3.614472     1.9908    -0.0754      17.60 4.9525e-02 0.0000e+00    81.5201    5.12737    34.9634    34.9792    27.2731    1486.34    1484.06 0.0000e+00
       6326    282.000     7.8126     7.8111   3.612979   3.614301     1.9914    -0.0879      16.60 4.9483e-02 0.0000e+00    81.5514    5.13364    34.9637    34.9795    27.2737    1486.35    1484.07 0.0000e+00
       6347    283.000     7.8105     7.8092   3.612899   3.614244     1.9924    -0.0628      15.64 4.9483e-02 0.0000e+00    81.5346    5.13667    34.9645    34.9803    27.2746    1486.36    1484.07 0.0000e+00
       6369    284.000     7.8091     7.8078   3.612906   3.614216     1.9928    -0.0600      14.77 4.9489e-02 0.0000e+00    81.5508    5.13720    34.9655    34.9809    27.2756    1486.37    1484.08 0.0000e+00
       6391    285.000     7.8082     7.8069   3.612954   3.614306     1.9936    -0.0634      13.67 4.9485e-02 0.0000e+00    81.5390    5.14076    34.9664    34.9823    27.2764    1486.39    1484.09 0.0000e+00
       6413    286.000     7.8071     7.8057   3.612958   3.614294     1.9939    -0.0652      12.67 4.9496e-02 0.0000e+00    81.5281    5.14192    34.9671    34.9829    27.2771    1486.40    1484.10 0.0000e+00
       6434    287.000     7.8062     7.8048   3.612992   3.614333     1.9946    -0.0741      11.68 4.9508e-02 0.0000e+00    81.5116    5.14612    34.9679    34.9837    27.2779    1486.41    1484.11 0.0000e+00
       6456    288.000     7.8046     7.8033   3.613093   3.614437     1.9951    -0.0918      10.69 4.9485e-02 0.0000e+00    81.4792    5.15003    34.9701    34.9859    27.2798    1486.43    1484.11 0.0000e+00
       6478    289.000     7.8034     7.8021   3.613316   3.614652     1.9962    -0.0904       9.71 4.9470e-02 0.0000e+00    81.4555    5.15903    34.9732    34.9889    27.2825    1486.44    1484.12 0.0000e+00
       6500    290.000     7.8028     7.8014   3.613517   3.614854     1.9972    -0.0718       8.72 4.9483e-02 0.0000e+00    81.4306    5.16643    34.9755    34.9913    27.2843    1486.46    1484.13 0.0000e+00
       6521    291.000     7.8028     7.8014   3.613622   3.614963     1.9989 -9.990e-29       7.72 4.9505e-02 0.0000e+00    81.3370    5.18397    34.9761    34.9920    27.2848    1486.48    1484.14 0.0000e+00
       6543    292.000     7.8028     7.8014   3.613732   3.615078     2.0015 -9.990e-29       6.76 4.9502e-02 0.0000e+00    81.2728    5.20238    34.9768    34.9927    27.2854    1486.49    1484.15 0.0000e+00
       6564    293.000     7.8029     7.8015   3.613826   3.615170     2.0048 -9.990e-29       5.77 4.9483e-02 0.0000e+00    81.2321    5.22454    34.9772    34.9931    27.2857    1486.51    1484.16 0.0000e+00
       6596    294.000     7.8034     7.8018   3.613898   3.615264     2.0103    -0.0906       4.58 4.9453e-02 0.0000e+00    81.2245    5.24587    34.9770    34.9934    27.2855    1486.53    1484.16 0.0000e+00
