_data/ctd/2022603/sta0185.cnv
* Sea-Bird SBE 9 Data File:
* FileName = C:\Seabird\CTDData\2022603\sta0185.hex
* Software Version Seasave V 7.21f
* Temperature SN = 6264
* Conductivity SN = 4928
* Number of Bytes Per Scan = 40
* Number of Voltage Words = 5
* Number of Scans Averaged by the Deck Unit = 1
* NMEA Latitude = 61 12.19 N
* NMEA Longitude = 007 05.03 E
* NMEA UTC (Time) = Feb 14 2022 10:30:45
* NMEA baud rate = 4800
** Ship: R/V "Kristine Bonnevie"
** Station: 0185
** Echodepth: 260
** Log: 0722.513
** Wind-Dir/Force: 04 04
** Air-temp (dry): 2.7
** Weather Sky:
** Sea:
# nquan = 19                                
# nvalues = 248                         
# units = specified
# name 0 = scan: Scan Count
# name 1 = prDM: Pressure, Digiquartz [db]
# name 2 = t068C: Temperature [ITS-68, deg C]
# name 3 = t168C: Temperature, 2 [ITS-68, deg C]
# name 4 = c0S/m: Conductivity [S/m]
# name 5 = c1S/m: Conductivity, 2 [S/m]
# name 6 = sbeox0V: Oxygen raw, SBE 43 [V]
# name 7 = flECO-AFL: Fluorescence, WET Labs ECO-AFL/FL [mg/m^3]
# name 8 = altM: Altimeter [m]
# name 9 = par: PAR/Irradiance, Biospherical/Licor
# name 10 = spar: SPAR/Surface Irradiance
# name 11 = CStarTr0: Beam Transmission, WET Labs C-Star [%]
# name 12 = sbeox0ML/L: Oxygen, SBE 43 [ml/l], WS = 2
# name 13 = sal00: Salinity, Practical [PSU]
# name 14 = sal11: Salinity, Practical, 2 [PSU]
# name 15 = sigma-t00: Density [sigma-t, Kg/m^3 ]
# name 16 = svCM: Sound Velocity [Chen-Millero, m/s]
# name 17 = avgsvCM: Average Sound Velocity [Chen-Millero, m/s], minP = 1, minS = 5
# name 18 = flag: flag
# span 0 =        295,       5667       
# span 1 =      2.000,    249.000       
# span 2 =     4.3110,    10.1681       
# span 3 =     4.3119,    10.1671       
# span 4 =   2.598074,   3.654603       
# span 5 =   2.597518,   3.656248       
# span 6 =     1.3523,     2.4829       
# span 7 =    -0.0558,     0.9250       
# span 8 =      11.70,     100.27       
# span 9 = 4.9451e-02, 7.0439e+01       
# span 10 = 1.6589e+02, 1.7789e+02      
# span 11 =    74.7514,    80.9058      
# span 12 =    2.85407,    7.40484      
# span 13 =    26.7843,    34.1566      
# span 14 =    26.7830,    34.1729      
# span 15 =    21.2050,    26.5518      
# span 16 =    1458.15,    1488.96      
# span 17 =    1458.48,    1484.03      
# span 18 = 0.0000e+00, 0.0000e+00      
# interval = decibars: 1                
# start_time = Feb 14 2022 10:30:47 [System UTC, header]
# bad_flag = -9.990e-29
*END*
        295      2.000     4.6125     4.6064   2.598074   2.597518     2.4463     0.9008      98.82 7.0439e+01 1.6589e+02    78.6160    7.40484    26.7843    26.7830    21.2050    1458.69    1458.69 0.0000e+00
        350      3.000     4.3267     4.3231   2.622540   2.623654     2.4456     0.9250      98.81 5.2825e+01 1.6589e+02    78.7014    7.37919    27.2964    27.3121    21.6362    1458.15    1458.51 0.0000e+00
        380      4.000     4.3110     4.3119   2.641917   2.641751     2.4406     0.9036      98.82 4.0617e+01 1.6589e+02    78.9084    7.35568    27.5309    27.5283    21.8236    1458.40    1458.48 0.0000e+00
        409      5.000     4.4849     4.4992   2.690217   2.699474     2.4394     0.8608      98.82 3.1858e+01 1.6589e+02    79.0628    7.35057    27.9370    28.0306    22.1298    1459.67    1458.72 0.0000e+00
        436      6.000     4.6341     4.6657   2.726742   2.735982     2.4439     0.8305      98.82 2.5390e+01 1.6589e+02    79.1621    7.38639    28.2266    28.3050    22.3455    1460.68    1459.05 0.0000e+00
        462      7.000     4.9648     4.9540   2.795701   2.796826     2.4507     0.7924      98.83 2.0503e+01 1.6589e+02    79.1648    7.33824    28.7259    28.7480    22.7088    1462.71    1459.57 0.0000e+00
        487      8.000     5.2184     5.2118   2.841179   2.844007     2.4588     0.7938      98.82 1.6806e+01 1.6589e+02    79.0899    7.30725    29.0195    29.0571    22.9154    1464.14    1460.14 0.0000e+00
        510      9.000     5.6984     5.7039   2.909560   2.911288     2.4646     0.8089      98.82 1.3914e+01 1.6589e+02    79.1740    7.22442    29.3675    29.3819    23.1390    1466.56    1460.85 0.0000e+00
        533     10.000     6.5282     6.5308   2.997114   3.006767     2.4738     0.7399      98.82 1.1579e+01 1.6589e+02    79.3175    7.09862    29.6113    29.7144    23.2355    1470.22    1461.78 0.0000e+00
        556     11.000     6.2320     6.3032   2.976381   2.979515     2.4811     0.7783      98.82 9.7655e+00 1.6589e+02    79.4122    7.15422    29.6411    29.6136    23.2942    1469.09    1462.44 0.0000e+00
        577     12.000     6.3974     6.3849   3.009846   3.010927     2.4829     0.6924      98.82 8.2455e+00 1.6589e+02    79.4923    6.93168    29.8636    29.8864    23.4499    1470.04    1463.07 0.0000e+00
        599     13.000     6.6300     6.5984   3.042009   3.044529     2.4664     0.6766      98.83 7.0284e+00 1.6589e+02    79.6051    6.73846    30.0109    30.0661    23.5378    1471.17    1463.69 0.0000e+00
        622     14.000     7.3340     7.3131   3.117577   3.119167     2.4526     0.6662      98.83 6.0726e+00 1.6589e+02    79.7735    6.69357    30.2117    30.2470    23.6062    1474.20    1464.44 0.0000e+00
        645     15.000     7.5319     7.5129   3.147506   3.148849     2.4554     0.6046      98.83 5.2381e+00 1.6589e+02    79.9440    6.73879    30.3585    30.3895    23.6952    1475.16    1465.15 0.0000e+00
        667     16.000     7.7778     7.7707   3.180877   3.182312     2.4515     0.4731      98.83 4.5312e+00 1.6589e+02    79.9991    6.57291    30.4983    30.5197    23.7716    1476.30    1465.84 0.0000e+00
        689     17.000     7.6973     7.7035   3.175138   3.176110     2.4397     0.3699      98.82 3.9464e+00 1.6589e+02    80.2041    6.45723    30.5073    30.5122    23.7897    1476.02    1466.44 0.0000e+00
        711     18.000     7.3430     7.3605   3.146903   3.147115     2.4202     0.4094      98.82 3.4569e+00 1.6589e+02    80.3096    6.35715    30.5165    30.5033    23.8445    1474.68    1466.89 0.0000e+00
        732     19.000     7.6357     7.5900   3.197521   3.197592     2.3951     0.4474      96.28 3.0324e+00 1.6589e+02    80.4031    6.19391    30.7990    30.8402    24.0270    1476.18    1467.38 0.0000e+00
        754     20.000     7.8991     7.8863   3.231959   3.232935     2.3737     0.4081      91.49 2.6694e+00 1.6589e+02    80.4568    6.21783    30.9315    30.9532    24.0947    1477.37    1467.87 0.0000e+00
        776     21.000     7.9631     7.9548   3.243936   3.244885     2.3686     0.3294      96.49 2.3644e+00 1.6589e+02    80.5357    6.29270    31.0013    31.0187    24.1405    1477.72    1468.34 0.0000e+00
        797     22.000     8.1060     8.0862   3.268090   3.269718     2.3642     0.2503      91.86 2.0986e+00 1.6589e+02    80.5352    6.23220    31.1294    31.1641    24.2208    1478.44    1468.79 0.0000e+00
        819     23.000     8.4528     8.4374   3.318704   3.320504     2.3569     0.2495      96.51 1.8615e+00 1.6589e+02    80.6438    6.15076    31.3529    31.3855    24.3458    1480.04    1469.28 0.0000e+00
        840     24.000     8.5785     8.5736   3.339429   3.340680     2.3534     0.2481      91.81 1.6533e+00 1.6589e+02    80.6709    6.14572    31.4574    31.4748    24.4091    1480.66    1469.75 0.0000e+00
        862     25.000     8.6907     8.6730   3.370737   3.372011     2.3498     0.1849      98.55 1.4809e+00 1.6589e+02    80.7265    6.08242    31.6835    31.7126    24.5694    1481.38    1470.21 0.0000e+00
        883     26.000     8.9562     8.9377   3.421453   3.422660     2.3424     0.1434      98.15 1.3277e+00 1.6589e+02    80.7429    5.99193    31.9721    32.0013    24.7551    1482.74    1470.69 0.0000e+00
        904     27.000     9.0763     9.0676   3.442463   3.443707     2.3357     0.1126      97.60 1.1949e+00 1.6589e+02    80.7746    5.95551    32.0812    32.1019    24.8218    1483.33    1471.15 0.0000e+00
        925     28.000     9.1581     9.1528   3.456529   3.458749     2.3288     0.0576      49.08 1.0838e+00 1.6589e+02    80.7685    5.90125    32.1524    32.1801    24.8648    1483.74    1471.60 0.0000e+00
        947     29.000     9.3229     9.3110   3.483466   3.485088     2.3190     0.0120      22.08 9.8622e-01 1.6589e+02    80.7582    5.81951    32.2810    32.3084    24.9394    1484.52    1472.04 0.0000e+00
        968     30.000     9.4252     9.4163   3.500682   3.502124     2.3080     0.0120      91.91 8.9867e-01 1.6589e+02    80.7139    5.76565    32.3651    32.3880    24.9889    1485.02    1472.47 0.0000e+00
        989     31.000     9.5217     9.5128   3.518454   3.519927     2.2974     0.0072      31.98 8.1719e-01 1.6590e+02    80.6293    5.71183    32.4597    32.4829    25.0474    1485.50    1472.89 0.0000e+00
       1010     32.000     9.6479     9.6347   3.538347   3.539737     2.2862     0.0100      99.04 7.4935e-01 1.6672e+02    80.4785    5.65262    32.5486    32.5748    25.0965    1486.09    1473.30 0.0000e+00
       1031     33.000     9.8348     9.8185   3.567228   3.568817     2.2743     0.0121      37.62 6.8402e-01 1.6756e+02    80.2644    5.58736    32.6735    32.7044    25.1634    1486.94    1473.71 0.0000e+00
       1053     34.000     9.9424     9.9360   3.585967   3.587520     2.2632    -0.0186      90.37 6.2816e-01 1.6737e+02    80.0000    5.54056    32.7660    32.7876    25.2179    1487.45    1474.11 0.0000e+00
       1074     35.000     9.9230     9.9244   3.589412   3.590963     2.2519    -0.0406      47.91 5.7909e-01 1.6779e+02    79.6510    5.48066    32.8182    32.8327    25.2618    1487.46    1474.49 0.0000e+00
       1095     36.000     9.9120     9.9070   3.594368   3.596027     2.2363    -0.0450      86.90 5.2852e-01 1.6789e+02    79.3043    5.39050    32.8781    32.8996    25.3104    1487.51    1474.84 0.0000e+00
       1116     37.000     9.9994     9.9899   3.612938   3.614573     2.2175    -0.0349      20.54 4.8961e-01 1.6789e+02    78.9548    5.30803    32.9867    33.0120    25.3806    1487.98    1475.20 0.0000e+00
       1137     38.000    10.0970    10.0896   3.631204   3.632841     2.2006    -0.0352      51.34 4.5042e-01 1.6789e+02    78.6474    5.26282    33.0824    33.1058    25.4390    1488.46    1475.54 0.0000e+00
       1158     39.000    10.1516    10.1447   3.646659   3.648382     2.1860    -0.0374      30.99 4.1554e-01 1.6789e+02    78.3098    5.21459    33.1885    33.2123    25.5126    1488.80    1475.88 0.0000e+00
       1179     40.000    10.1681    10.1671   3.654603   3.656248     2.1699    -0.0393      41.33 3.8098e-01 1.6789e+02    78.0121    5.14357    33.2534    33.2710    25.5604    1488.96    1476.20 0.0000e+00
       1200     41.000    10.0615    10.0680   3.651886   3.653472     2.1524    -0.0319      31.57 3.5326e-01 1.6789e+02    77.7549    5.07028    33.3234    33.3335    25.6330    1488.68    1476.50 0.0000e+00
       1221     42.000     9.9679     9.9720   3.651048   3.652656     2.1312 -9.990e-29      39.04 3.2419e-01 1.6789e+02    77.4395    4.97626    33.4009    33.4134    25.7092    1488.45    1476.79 0.0000e+00
       1242     43.000     9.8029     9.8117   3.645661   3.647243     2.1078 -9.990e-29      37.54 2.9963e-01 1.6789e+02    77.1181    4.89950    33.4985    33.5065    25.8129    1487.99    1477.05 0.0000e+00
       1263     44.000     9.6917     9.6948   3.640967   3.642557     2.0829 -9.990e-29      33.51 2.7463e-01 1.6789e+02    76.8623    4.80675    33.5536    33.5670    25.8743    1487.67    1477.29 0.0000e+00
       1284     45.000     9.6032     9.6088   3.637396   3.638938     2.0552 -9.990e-29      42.86 2.5352e-01 1.6789e+02    76.5843    4.69118    33.5992    33.6098    25.9245    1487.42    1477.51 0.0000e+00
       1305     46.000     9.4816     9.4860   3.631192   3.632744     2.0242 -9.990e-29      33.89 2.3535e-01 1.6789e+02    76.2968    4.57246    33.6489    33.6607    25.9832    1487.05    1477.72 0.0000e+00
       1326     47.000     9.4260     9.4284   3.628613   3.630173     1.9905 -9.990e-29      99.99 2.1748e-01 1.6789e+02    76.0529    4.44387    33.6741    33.6879    26.0120    1486.90    1477.91 0.0000e+00
       1348     48.000     9.3083     9.3155   3.623111   3.624600     1.9558 -9.990e-29      98.80 2.0145e-01 1.6789e+02    75.8406    4.34268    33.7276    33.7362    26.0729    1486.55    1478.09 0.0000e+00
       1369     49.000     9.1778     9.1827   3.616571   3.618057     1.9215 -9.990e-29      98.80 1.8721e-01 1.6789e+02    75.6137    4.25404    33.7827    33.7935    26.1370    1486.16    1478.25 0.0000e+00
       1390     50.000     9.0997     9.1022   3.612890   3.614400     1.8885    -0.0329      42.94 1.7407e-01 1.6789e+02    75.4397    4.15625    33.8180    33.8314    26.1771    1485.93    1478.40 0.0000e+00
       1412     51.000     9.0415     9.0451   3.609235   3.610782     1.8555    -0.0265      97.61 1.5934e-01 1.6789e+02    75.3243    4.04661    33.8348    33.8475    26.1995    1485.75    1478.55 0.0000e+00
       1433     52.000     8.9651     8.9676   3.605054   3.606557     1.8214    -0.0413      50.72 1.4669e-01 1.6789e+02    75.1768    3.94212    33.8634    33.8767    26.2340    1485.52    1478.68 0.0000e+00
       1455     53.000     8.9196     8.9207   3.603084   3.604583     1.7879    -0.0461      55.63 1.3657e-01 1.6789e+02    75.0665    3.84976    33.8857    33.9004    26.2586    1485.40    1478.81 0.0000e+00
       1476     54.000     8.8603     8.8628   3.599878   3.601333     1.7559    -0.0254      64.76 1.2523e-01 1.6789e+02    74.9942    3.75027    33.9083    33.9212    26.2857    1485.22    1478.93 0.0000e+00
       1497     55.000     8.7856     8.7883   3.595629   3.597103     1.7234    -0.0253      56.67 1.1613e-01 1.6789e+02    74.9154    3.67562    33.9348    33.9477    26.3181    1484.99    1479.04 0.0000e+00
       1519     56.000     8.7452     8.7458   3.592958   3.594424     1.6961    -0.0253      65.25 1.0864e-01 1.6789e+02    74.8668    3.64386    33.9450    33.9598    26.3324    1484.87    1479.14 0.0000e+00
       1540     57.000     8.6824     8.6844   3.587678   3.589118     1.6726    -0.0253      57.87 9.9911e-02 1.6789e+02    74.8266    3.60485    33.9492    33.9624    26.3454    1484.66    1479.24 0.0000e+00
       1561     58.000     8.6496     8.6495   3.585477   3.586932     1.6513    -0.0253      66.73 9.2372e-02 1.6789e+02    74.7961    3.54737    33.9570    33.9725    26.3567    1484.56    1479.33 0.0000e+00
       1583     59.000     8.6150     8.6155   3.583377   3.584818     1.6293    -0.0253      59.60 8.4117e-02 1.6789e+02    74.7520    3.45564    33.9677    33.9824    26.3704    1484.47    1479.41 0.0000e+00
       1604     60.000     8.5943     8.5933   3.582460   3.583907     1.6046    -0.0253      65.26 7.7828e-02 1.6789e+02    74.7514    3.34586    33.9774    33.9937    26.3812    1484.42    1479.50 0.0000e+00
       1625     61.000     8.5762     8.5759   3.581595   3.583045     1.5780    -0.0253      63.83 7.2561e-02 1.6789e+02    74.7984    3.26226    33.9853    34.0008    26.3901    1484.38    1479.58 0.0000e+00
       1647     62.000     8.5479     8.5484   3.579440   3.580870     1.5532    -0.0253      64.57 6.4235e-02 1.6789e+02    74.8908    3.21516    33.9893    34.0039    26.3976    1484.29    1479.65 0.0000e+00
       1668     63.000     8.5206     8.5206   3.577613   3.579050     1.5318    -0.0253      69.12 6.0512e-02 1.6789e+02    75.0009    3.19059    33.9958    34.0110    26.4070    1484.21    1479.73 0.0000e+00
       1689     64.000     8.4945     8.4942   3.575975   3.577399     1.5145    -0.0254      76.55 5.7216e-02 1.6789e+02    75.1231    3.16824    34.0032    34.0185    26.4167    1484.14    1479.79 0.0000e+00
       1711     65.000     8.4818     8.4806   3.575355   3.576778     1.4986 -9.990e-29      59.78 5.2277e-02 1.6809e+02    75.2651    3.13214    34.0084    34.0246    26.4228    1484.12    1479.86 0.0000e+00
       1733     66.000     8.4667     8.4659   3.574489   3.575912     1.4838 -9.990e-29      69.88 5.1551e-02 1.6891e+02    75.4312    3.09521    34.0133    34.0291    26.4289    1484.08    1479.92 0.0000e+00
       1754     67.000     8.4576     8.4565   3.573899   3.575322     1.4700 -9.990e-29      66.26 5.0280e-02 1.6923e+02    75.6213    3.06406    34.0154    34.0315    26.4320    1484.07    1479.99 0.0000e+00
       1776     68.000     8.4491     8.4477   3.573451   3.574865     1.4576 -9.990e-29      75.73 4.9609e-02 1.6960e+02    75.8030    3.04503    34.0184    34.0347    26.4356    1484.06    1480.05 0.0000e+00
       1797     69.000     8.4356     8.4348   3.572855   3.574264     1.4471 -9.990e-29      98.50 4.9531e-02 1.6989e+02    75.9442    3.02864    34.0246    34.0403    26.4426    1484.03    1480.10 0.0000e+00
       1818     70.000     8.4360     8.4337   3.573745   3.575160     1.4379 -9.990e-29      28.99 4.9483e-02 1.6989e+02    76.0295    3.01429    34.0332    34.0504    26.4492    1484.06    1480.16 0.0000e+00
       1840     71.000     8.4381     8.4364   3.574403   3.575809     1.4303 -9.990e-29      98.62 4.9505e-02 1.6989e+02    76.1304    3.00669    34.0376    34.0542    26.4524    1484.09    1480.21 0.0000e+00
       1862     72.000     8.4346     8.4330   3.574308   3.575709     1.4239 -9.990e-29      51.33 4.9502e-02 1.6989e+02    76.1881    3.01641    34.0395    34.0559    26.4544    1484.09    1480.27 0.0000e+00
       1883     73.000     8.4316     8.4300   3.574227   3.575639     1.4216 -9.990e-29      98.36 4.9531e-02 1.6989e+02    76.2958    3.05344    34.0411    34.0576    26.4561    1484.10    1480.32 0.0000e+00
       1904     74.000     8.4297     8.4279   3.574199   3.575606     1.4224 -9.990e-29      52.38 4.9505e-02 1.6989e+02    76.4594    3.09343    34.0422    34.0588    26.4572    1484.11    1480.37 0.0000e+00
       1925     75.000     8.4296     8.4275   3.574582   3.575975     1.4263 -9.990e-29      99.43 4.9519e-02 1.6989e+02    76.5718    3.12126    34.0459    34.0626    26.4601    1484.13    1480.42 0.0000e+00
       1946     76.000     8.4362     8.4340   3.575880   3.577278     1.4298 -9.990e-29      71.70 4.9509e-02 1.6989e+02    76.6933    3.12757    34.0528    34.0697    26.4646    1484.18    1480.47 0.0000e+00
       1968     77.000     8.4285     8.4273   3.575377   3.576772     1.4330 -9.990e-29      98.42 4.9518e-02 1.6989e+02    76.8603    3.13579    34.0544    34.0703    26.4670    1484.17    1480.52 0.0000e+00
