_data/ctd/2022603/sta0157.cnv
* Sea-Bird SBE 9 Data File:
* FileName = C:\Seabird\CTDData\sta0157.hex
* Software Version Seasave V 7.21f
* Temperature SN = 6264
* Conductivity SN = 4928
* Number of Bytes Per Scan = 40
* Number of Voltage Words = 5
* Number of Scans Averaged by the Deck Unit = 1
* NMEA Latitude = 59 44.42 N
* NMEA Longitude = 005 30.42 E
* NMEA UTC (Time) = Feb 10 2022 17:26:23
* NMEA baud rate = 4800
** Ship: R/V "Kristine Bonnevie"
** Station: 0157
** Echodepth: 345
** Log: 0181.911
** Wind-Dir/Force: 32 05
** Air-temp (dry): 2.8
** Weather Sky:
** Sea:
# nquan = 19                                
# nvalues = 335                         
# units = specified
# name 0 = scan: Scan Count
# name 1 = prDM: Pressure, Digiquartz [db]
# name 2 = t068C: Temperature [ITS-68, deg C]
# name 3 = t168C: Temperature, 2 [ITS-68, deg C]
# name 4 = c0S/m: Conductivity [S/m]
# name 5 = c1S/m: Conductivity, 2 [S/m]
# name 6 = sbeox0V: Oxygen raw, SBE 43 [V]
# name 7 = flECO-AFL: Fluorescence, WET Labs ECO-AFL/FL [mg/m^3]
# name 8 = altM: Altimeter [m]
# name 9 = par: PAR/Irradiance, Biospherical/Licor
# name 10 = spar: SPAR/Surface Irradiance
# name 11 = CStarTr0: Beam Transmission, WET Labs C-Star [%]
# name 12 = sbeox0ML/L: Oxygen, SBE 43 [ml/l], WS = 2
# name 13 = sal00: Salinity, Practical [PSU]
# name 14 = sal11: Salinity, Practical, 2 [PSU]
# name 15 = sigma-t00: Density [sigma-t, Kg/m^3 ]
# name 16 = svCM: Sound Velocity [Chen-Millero, m/s]
# name 17 = avgsvCM: Average Sound Velocity [Chen-Millero, m/s], minP = 1, minS = 5
# name 18 = flag: flag
# span 0 =        744,       8155       
# span 1 =      2.000,    336.000       
# span 2 =     7.1165,     8.9518       
# span 3 =     7.1162,     8.9514       
# span 4 =   3.326899,   3.630545       
# span 5 =   3.328149,   3.631921       
# span 6 =     2.0937,     2.4255       
# span 7 =    -0.0924,     0.8255       
# span 8 =      10.46,      99.64       
# span 9 = 4.9438e-02, 1.6976e+00       
# span 10 = 0.0000e+00, 0.0000e+00      
# span 11 =    79.4294,    81.5925      
# span 12 =    5.49169,    6.57302      
# span 13 =    32.6686,    35.0223      
# span 14 =    32.6845,    35.0377      
# span 15 =    25.5661,    27.3141      
# span 16 =    1476.28,    1487.42      
# span 17 =    1476.36,    1484.79      
# span 18 = 0.0000e+00, 0.0000e+00      
# interval = decibars: 1                
# start_time = Feb 10 2022 17:26:25 [System UTC, header]
# bad_flag = -9.990e-29
*END*
[from data line 229]
       5819    231.000     7.9252     7.9239   3.624339   3.625635     2.1408    -0.0572      55.00 4.9499e-02 0.0000e+00    80.9926    5.57499    34.9981    35.0134    27.2839    1485.98    1483.91 0.0000e+00
       5840    232.000     7.9245     7.9231   3.624364   3.625666     2.1400    -0.0577      98.54 4.9479e-02 0.0000e+00    80.9929    5.57417    34.9986    35.0140    27.2844    1486.00    1483.92 0.0000e+00
       5862    233.000     7.9242     7.9227   3.624406   3.625699     2.1400    -0.0693      98.81 4.9483e-02 0.0000e+00    81.0200    5.57738    34.9989    35.0143    27.2847    1486.01    1483.93 0.0000e+00
       5883    234.000     7.9235     7.9221   3.624434   3.625725     2.1395    -0.0864      97.98 4.9479e-02 0.0000e+00    80.9726    5.57395    34.9994    35.0147    27.2852    1486.03    1483.94 0.0000e+00
       5905    235.000     7.9231     7.9216   3.624456   3.625756     2.1390    -0.0609      98.80 4.9496e-02 0.0000e+00    81.0104    5.57183    34.9995    35.0150    27.2854    1486.04    1483.95 0.0000e+00
       5926    236.000     7.9215     7.9202   3.624449   3.625750     2.1385    -0.0578      90.06 4.9483e-02 0.0000e+00    81.0224    5.57007    35.0006    35.0159    27.2864    1486.05    1483.96 0.0000e+00
       5948    237.000     7.9209     7.9195   3.624464   3.625768     2.1378    -0.0804      89.31 4.9521e-02 0.0000e+00    80.9862    5.57196    35.0009    35.0163    27.2867    1486.07    1483.97 0.0000e+00
       5970    238.000     7.9198     7.9185   3.624461   3.625746     2.1377    -0.0906      77.99 4.9479e-02 0.0000e+00    80.9830    5.57151    35.0014    35.0166    27.2873    1486.08    1483.98 0.0000e+00
       5991    239.000     7.9190     7.9176   3.624456   3.625759     2.1370    -0.0881      98.86 4.9496e-02 0.0000e+00    81.0036    5.57069    35.0017    35.0171    27.2877    1486.09    1483.99 0.0000e+00
       6013    240.000     7.9185     7.9171   3.624483   3.625783     2.1369    -0.0887      86.08 4.9485e-02 0.0000e+00    81.0185    5.57274    35.0020    35.0174    27.2880    1486.11    1483.99 0.0000e+00
       6034    241.000     7.9162     7.9151   3.624450   3.625758     2.1366    -0.0606      83.81 4.9515e-02 0.0000e+00    80.9959    5.57199    35.0035    35.0186    27.2895    1486.12    1484.00 0.0000e+00
       6056    242.000     7.9158     7.9143   3.624514   3.625796     2.1362    -0.0594      79.95 4.9505e-02 0.0000e+00    80.9882    5.57241    35.0041    35.0194    27.2900    1486.13    1484.01 0.0000e+00
       6077    243.000     7.9161     7.9146   3.624567   3.625865     2.1363    -0.0636      99.15 4.9471e-02 0.0000e+00    80.9806    5.57366    35.0039    35.0193    27.2898    1486.15    1484.02 0.0000e+00
       6098    244.000     7.9166     7.9146   3.624741   3.625940     2.1357    -0.0612      78.16 4.9492e-02 0.0000e+00    81.0079    5.56620    35.0047    35.0196    27.2904    1486.17    1484.03 0.0000e+00
       6119    245.000     7.9164     7.9148   3.624771   3.626025     2.1350 -9.990e-29      98.15 4.9492e-02 0.0000e+00    81.0256    5.56916    35.0048    35.0199    27.2905    1486.19    1484.04 0.0000e+00
       6141    246.000     7.9173     7.9156   3.624924   3.626191     2.1351 -9.990e-29      64.48 4.9464e-02 0.0000e+00    81.0290    5.56848    35.0050    35.0204    27.2906    1486.21    1484.05 0.0000e+00
       6162    247.000     7.9173     7.9155   3.624957   3.626229     2.1344 -9.990e-29      96.67 4.9496e-02 0.0000e+00    81.0369    5.56739    35.0049    35.0204    27.2904    1486.22    1484.06 0.0000e+00
       6184    248.000     7.9173     7.9159   3.625013   3.626328     2.1343 -9.990e-29      63.52 4.9508e-02 0.0000e+00    81.0311    5.57361    35.0050    35.0206    27.2905    1486.24    1484.06 0.0000e+00
       6206    249.000     7.9182     7.9169   3.625161   3.626465     2.1345    -0.0686      98.06 4.9505e-02 0.0000e+00    80.9511    5.57244    35.0052    35.0206    27.2906    1486.26    1484.07 0.0000e+00
       6227    250.000     7.9185     7.9171   3.625246   3.626538     2.1340    -0.0586      98.72 4.9472e-02 0.0000e+00    81.0331    5.56677    35.0054    35.0207    27.2906    1486.28    1484.08 0.0000e+00
       6248    251.000     7.9187     7.9172   3.625325   3.626632     2.1337    -0.0592      98.80 4.9492e-02 0.0000e+00    81.0509    5.57174    35.0055    35.0211    27.2907    1486.29    1484.09 0.0000e+00
       6269    252.000     7.9187     7.9174   3.625411   3.626715     2.1338    -0.0873      58.42 4.9479e-02 0.0000e+00    81.0623    5.57388    35.0060    35.0213    27.2911    1486.31    1484.10 0.0000e+00
       6290    253.000     7.9189     7.9173   3.625533   3.626796     2.1337    -0.0701      91.07 4.9492e-02 0.0000e+00    81.0155    5.57062    35.0066    35.0218    27.2915    1486.33    1484.11 0.0000e+00
       6310    254.000     7.9195     7.9181   3.625666   3.626971     2.1333 -9.990e-29      56.02 4.9492e-02 0.0000e+00    81.0244    5.57187    35.0070    35.0224    27.2917    1486.35    1484.12 0.0000e+00
       6332    255.000     7.9206     7.9191   3.625848   3.627141     2.1335 -9.990e-29      86.20 4.9485e-02 0.0000e+00    81.0381    5.57440    35.0073    35.0227    27.2918    1486.37    1484.13 0.0000e+00
       6354    256.000     7.9169     7.9159   3.625608   3.626902     2.1332 -9.990e-29      56.09 4.9471e-02 0.0000e+00    81.0329    5.57089    35.0080    35.0229    27.2929    1486.37    1484.13 0.0000e+00
       6375    257.000     7.9067     7.9059   3.624907   3.626197     2.1329 -9.990e-29      79.96 4.9489e-02 0.0000e+00    81.0558    5.57408    35.0101    35.0248    27.2961    1486.35    1484.14 0.0000e+00
       6397    258.000     7.9007     7.8995   3.624551   3.625836     2.1331    -0.0571      38.22 4.9505e-02 0.0000e+00    81.0294    5.57834    35.0118    35.0269    27.2984    1486.35    1484.15 0.0000e+00
       6418    259.000     7.9005     7.8990   3.624568   3.625856     2.1330    -0.0803      83.11 4.9498e-02 0.0000e+00    80.9843    5.57476    35.0117    35.0271    27.2983    1486.36    1484.16 0.0000e+00
       6439    260.000     7.8990     7.8978   3.624507   3.625812     2.1325    -0.0882      48.67 4.9479e-02 0.0000e+00    80.9426    5.56778    35.0121    35.0273    27.2988    1486.38    1484.17 0.0000e+00
       6460    261.000     7.8982     7.8970   3.624497   3.625808     2.1316    -0.0863      75.89 4.9511e-02 0.0000e+00    80.9111    5.56451    35.0123    35.0276    27.2991    1486.39    1484.18 0.0000e+00
       6480    262.000     7.8973     7.8962   3.624482   3.625796     2.1309    -0.0908      75.08 4.9495e-02 0.0000e+00    80.8923    5.55994    35.0126    35.0278    27.2994    1486.40    1484.19 0.0000e+00
       6501    263.000     7.8967     7.8952   3.624502   3.625783     2.1297    -0.0674      79.00 4.9512e-02 0.0000e+00    80.8638    5.56204    35.0129    35.0282    27.2998    1486.42    1484.19 0.0000e+00
       6522    264.000     7.8967     7.8951   3.624553   3.625838     2.1296    -0.0799      74.64 4.9518e-02 0.0000e+00    80.8640    5.56458    35.0129    35.0284    27.2998    1486.43    1484.20 0.0000e+00
       6543    265.000     7.8969     7.8955   3.624614   3.625910     2.1288    -0.0838      71.49 4.9505e-02 0.0000e+00    80.8357    5.55768    35.0129    35.0283    27.2998    1486.45    1484.21 0.0000e+00
       6564    266.000     7.8966     7.8953   3.624655   3.625945     2.1280    -0.0639      76.67 4.9499e-02 0.0000e+00    80.8724    5.55604    35.0132    35.0284    27.3000    1486.47    1484.22 0.0000e+00
       6585    267.000     7.8948     7.8938   3.624548   3.625862     2.1271    -0.0897      66.02 4.9479e-02 0.0000e+00    80.8519    5.55890    35.0133    35.0285    27.3004    1486.48    1484.23 0.0000e+00
       6606    268.000     7.8919     7.8903   3.624376   3.625644     2.1271    -0.0864      61.67 4.9471e-02 0.0000e+00    80.8479    5.56117    35.0139    35.0292    27.3013    1486.48    1484.24 0.0000e+00
       6628    269.000     7.8920     7.8903   3.624426   3.625702     2.1265    -0.0727      97.03 4.9464e-02 0.0000e+00    80.7727    5.55619    35.0139    35.0293    27.3013    1486.50    1484.24 0.0000e+00
       6650    270.000     7.8911     7.8898   3.624405   3.625699     2.1260    -0.0633      69.35 4.9452e-02 0.0000e+00    80.8073    5.55868    35.0141    35.0293    27.3015    1486.51    1484.25 0.0000e+00
       6671    271.000     7.8906     7.8895   3.624425   3.625737     2.1256    -0.0734      97.33 4.9477e-02 0.0000e+00    80.8082    5.55738    35.0143    35.0295    27.3018    1486.53    1484.26 0.0000e+00
       6693    272.000     7.8912     7.8896   3.624515   3.625800     2.1252    -0.0924      55.41 4.9505e-02 0.0000e+00    80.8426    5.55536    35.0142    35.0296    27.3016    1486.55    1484.27 0.0000e+00
       6714    273.000     7.8908     7.8893   3.624521   3.625800     2.1246    -0.0677      80.81 4.9525e-02 0.0000e+00    80.8309    5.55413    35.0141    35.0294    27.3017    1486.56    1484.28 0.0000e+00
       6735    274.000     7.8909     7.8893   3.624580   3.625844     2.1242    -0.0612      41.75 4.9479e-02 0.0000e+00    80.8379    5.55359    35.0142    35.0294    27.3017    1486.58    1484.29 0.0000e+00
       6756    275.000     7.8894     7.8881   3.624480   3.625752     2.1236    -0.0610      91.68 4.9498e-02 0.0000e+00    80.7911    5.55610    35.0141    35.0291    27.3019    1486.59    1484.30 0.0000e+00
       6776    276.000     7.8840     7.8828   3.624071   3.625360     2.1235    -0.0743      47.39 4.9473e-02 0.0000e+00    80.7874    5.55745    35.0147    35.0297    27.3031    1486.59    1484.30 0.0000e+00
       6798    277.000     7.8838     7.8824   3.624108   3.625393     2.1234    -0.0898      57.51 4.9508e-02 0.0000e+00    80.7690    5.55150    35.0148    35.0300    27.3032    1486.60    1484.31 0.0000e+00
       6821    278.000     7.8836     7.8823   3.624184   3.625485     2.1224    -0.0668      64.60 4.9500e-02 0.0000e+00    80.7688    5.54668    35.0153    35.0306    27.3036    1486.62    1484.32 0.0000e+00
       6843    279.000     7.8834     7.8820   3.624252   3.625556     2.1213    -0.0600      94.37 4.9483e-02 0.0000e+00    80.7766    5.54232    35.0158    35.0312    27.3040    1486.63    1484.33 0.0000e+00
       6865    280.000     7.8835     7.8820   3.624315   3.625606     2.1205    -0.0600      70.90 4.9489e-02 0.0000e+00    80.7524    5.54163    35.0158    35.0312    27.3041    1486.65    1484.34 0.0000e+00
       6887    281.000     7.8833     7.8819   3.624356   3.625658     2.1196    -0.0588      32.48 4.9479e-02 0.0000e+00    80.7569    5.54617    35.0160    35.0314    27.3042    1486.67    1484.34 0.0000e+00
       6907    282.000     7.8832     7.8818   3.624403   3.625705     2.1197    -0.0619      67.45 4.9460e-02 0.0000e+00    80.7654    5.54910    35.0161    35.0315    27.3043    1486.68    1484.35 0.0000e+00
       6928    283.000     7.8830     7.8817   3.624448   3.625747     2.1194    -0.0558      44.55 4.9496e-02 0.0000e+00    80.7637    5.54828    35.0163    35.0316    27.3045    1486.70    1484.36 0.0000e+00
       6950    284.000     7.8831     7.8818   3.624513   3.625817     2.1193    -0.0572      89.14 4.9505e-02 0.0000e+00    80.7747    5.54682    35.0164    35.0318    27.3046    1486.72    1484.37 0.0000e+00
       6971    285.000     7.8832     7.8819   3.624561   3.625862     2.1188    -0.0824      65.63 4.9483e-02 0.0000e+00    80.7802    5.55143    35.0164    35.0317    27.3045    1486.73    1484.38 0.0000e+00
       6993    286.000     7.8833     7.8820   3.624625   3.625926     2.1190    -0.0735      74.68 4.9483e-02 0.0000e+00    80.7853    5.54765    35.0165    35.0318    27.3046    1486.75    1484.39 0.0000e+00
       7016    287.000     7.8835     7.8821   3.624686   3.625979     2.1185    -0.0682      47.24 4.9477e-02 0.0000e+00    80.7698    5.54715    35.0165    35.0318    27.3046    1486.77    1484.39 0.0000e+00
       7038    288.000     7.8836     7.8821   3.624748   3.626039     2.1185    -0.0809      58.78 4.9490e-02 0.0000e+00    80.7607    5.55243    35.0165    35.0319    27.3046    1486.78    1484.40 0.0000e+00
       7060    289.000     7.8837     7.8823   3.624790   3.626099     2.1186    -0.0586      87.72 4.9487e-02 0.0000e+00    80.6790    5.55256    35.0164    35.0319    27.3045    1486.80    1484.41 0.0000e+00
       7082    290.000     7.8839     7.8826   3.624863   3.626165     2.1184    -0.0572      96.24 4.9505e-02 0.0000e+00    80.7227    5.54602    35.0165    35.0318    27.3045    1486.82    1484.42 0.0000e+00
       7103    291.000     7.8845     7.8831   3.624971   3.626272     2.1176    -0.0560      64.50 4.9496e-02 0.0000e+00    80.7252    5.53977    35.0166    35.0320    27.3045    1486.84    1484.43 0.0000e+00
       7125    292.000     7.8845     7.8832   3.625023   3.626333     2.1168 -9.990e-29      41.95 4.9492e-02 0.0000e+00    80.7454    5.54027    35.0167    35.0321    27.3046    1486.85    1484.44 0.0000e+00
       7146    293.000     7.8844     7.8831   3.625064   3.626372     2.1165 -9.990e-29      73.83 4.9485e-02 0.0000e+00    80.7548    5.54305    35.0167    35.0321    27.3046    1486.87    1484.44 0.0000e+00
       7168    294.000     7.8842     7.8829   3.625082   3.626379     2.1160 -9.990e-29      56.42 4.9509e-02 0.0000e+00    80.7284    5.54424    35.0166    35.0319    27.3046    1486.89    1484.45 0.0000e+00
       7190    295.000     7.8839     7.8825   3.625107   3.626409     2.1159 -9.990e-29      86.05 4.9490e-02 0.0000e+00    80.7384    5.54405    35.0167    35.0321    27.3047    1486.90    1484.46 0.0000e+00
       7212    296.000     7.8838     7.8825   3.625154   3.626446     2.1155    -0.0602      38.09 4.9493e-02 0.0000e+00    80.7192    5.54305    35.0168    35.0320    27.3048    1486.92    1484.47 0.0000e+00
       7234    297.000     7.8837     7.8823   3.625187   3.626474     2.1153    -0.0859      49.59 4.9485e-02 0.0000e+00    80.7166    5.54514    35.0168    35.0321    27.3048    1486.93    1484.48 0.0000e+00
       7256    298.000     7.8831     7.8819   3.625191   3.626492     2.1154    -0.0912      80.69 4.9500e-02 0.0000e+00    80.7511    5.54892    35.0170    35.0322    27.3050    1486.95    1484.49 0.0000e+00
       7279    299.000     7.8824     7.8811   3.625176   3.626471     2.1154    -0.0871      58.73 4.9483e-02 0.0000e+00    80.7392    5.54734    35.0170    35.0323    27.3052    1486.96    1484.49 0.0000e+00
       7301    300.000     7.8823     7.8810   3.625214   3.626516     2.1151    -0.0817      41.23 4.9483e-02 0.0000e+00    80.7425    5.54410    35.0171    35.0324    27.3052    1486.98    1484.50 0.0000e+00
       7323    301.000     7.8824     7.8809   3.625267   3.626553     2.1146    -0.0625      75.62 4.9483e-02 0.0000e+00    80.7328    5.54140    35.0170    35.0324    27.3052    1486.99    1484.51 0.0000e+00
       7345    302.000     7.8821     7.8809   3.625290   3.626592     2.1144    -0.0878      51.39 4.9477e-02 0.0000e+00    80.7361    5.54394    35.0171    35.0323    27.3053    1487.01    1484.52 0.0000e+00
       7366    303.000     7.8816     7.8805   3.625306   3.626610     2.1139    -0.0644      39.01 4.9505e-02 0.0000e+00    80.7258    5.54237    35.0173    35.0324    27.3055    1487.02    1484.53 0.0000e+00
       7387    304.000     7.8810     7.8797   3.625299   3.626597     2.1138    -0.0609      42.42 4.9490e-02 0.0000e+00    80.7215    5.54560    35.0173    35.0326    27.3056    1487.04    1484.54 0.0000e+00
       7409    305.000     7.8795     7.8781   3.625227   3.626507     2.1138    -0.0649      71.49 4.9490e-02 0.0000e+00    80.7226    5.54335    35.0176    35.0328    27.3060    1487.05    1484.54 0.0000e+00
