_data/ctd/2022603/sta0218.cnv
* Sea-Bird SBE 9 Data File:
* FileName = C:\Seabird\CTDData\sta0218.hex
* Software Version Seasave V 7.21f
* Temperature SN = 6264
* Conductivity SN = 4928
* Number of Bytes Per Scan = 40
* Number of Voltage Words = 5
* Number of Scans Averaged by the Deck Unit = 1
* NMEA Latitude = 61 31.30 N
* NMEA Longitude = 005 07.66 E
* NMEA UTC (Time) = Feb 16 2022 12:00:24
* NMEA baud rate = 4800
** Ship: R/V "Kristine Bonnevie"
** Station: 0218
** Echodepth: 256
** Log: 0957.945
** Wind-Dir/Force: 13 11
** Air-temp (dry): 4.4
** Weather Sky:
** Sea:
# nquan = 19                                
# nvalues = 253                         
# units = specified
# name 0 = scan: Scan Count
# name 1 = prDM: Pressure, Digiquartz [db]
# name 2 = t068C: Temperature [ITS-68, deg C]
# name 3 = t168C: Temperature, 2 [ITS-68, deg C]
# name 4 = c0S/m: Conductivity [S/m]
# name 5 = c1S/m: Conductivity, 2 [S/m]
# name 6 = sbeox0V: Oxygen raw, SBE 43 [V]
# name 7 = flECO-AFL: Fluorescence, WET Labs ECO-AFL/FL [mg/m^3]
# name 8 = altM: Altimeter [m]
# name 9 = par: PAR/Irradiance, Biospherical/Licor
# name 10 = spar: SPAR/Surface Irradiance
# name 11 = CStarTr0: Beam Transmission, WET Labs C-Star [%]
# name 12 = sbeox0ML/L: Oxygen, SBE 43 [ml/l], WS = 2
# name 13 = sal00: Salinity, Practical [PSU]
# name 14 = sal11: Salinity, Practical, 2 [PSU]
# name 15 = sigma-t00: Density [sigma-t, Kg/m^3 ]
# name 16 = svCM: Sound Velocity [Chen-Millero, m/s]
# name 17 = avgsvCM: Average Sound Velocity [Chen-Millero, m/s], minP = 1, minS = 5
# name 18 = flag: flag
# span 0 =         -2,       5397       
# span 1 =      2.000,    254.000       
# span 2 =     5.3715,     8.8948       
# span 3 =     5.3528,     8.8930       
# span 4 =   2.731244,   3.658616       
# span 5 =   2.717237,   3.660080       
# span 6 =     2.0905,     2.4933       
# span 7 =    -0.0903,     0.2499       
# span 8 =       3.84,      99.63       
# span 9 = 4.9452e-02, 4.6162e+01       
# span 10 = 8.9940e+01, 1.1792e+02      
# span 11 =    77.4457,    80.8870      
# span 12 =    5.36858,    7.18432      
# span 13 =    27.6609,    34.9925      
# span 14 =    27.5202,    35.0081      
# span 15 =    21.8257,    27.2585      
# span 16 =    1462.95,    1487.23      
# span 17 =    1462.95,    1484.43      
# span 18 = 0.0000e+00, 0.0000e+00      
# interval = decibars: 1                
# start_time = Feb 16 2022 12:00:26 [System UTC, header]
# bad_flag = -9.990e-29
*END*
[from data line 77]
       1680     79.000     8.7514     8.7497   3.651582   3.653085     2.2644 -9.990e-29      98.81 4.9512e-02 -9.990e-29    80.8870    5.76205    34.5449    34.5624    26.8015    1486.01    1479.59 0.0000e+00
       1701     80.000     8.7495     8.7480   3.651703   3.653190     2.2622 -9.990e-29      98.81 4.9490e-02 1.0999e+02    80.8843    5.76417    34.5476    34.5647    26.8039    1486.02    1479.67 0.0000e+00
       1723     81.000     8.7472     8.7457   3.651805   3.653276     2.2614 -9.990e-29      98.81 4.9472e-02 1.0993e+02    80.8746    5.76923    34.5504    34.5674    26.8065    1486.04    1479.75 0.0000e+00
       1745     82.000     8.7419     8.7406   3.651855   3.653339     2.2602 -9.990e-29      98.81 4.9490e-02 1.0993e+02    80.8779    5.76146    34.5556    34.5725    26.8114    1486.04    1479.83 0.0000e+00
       1766     83.000     8.7283     8.7273   3.651239   3.652710     2.2587 -9.990e-29      98.80 4.9492e-02 1.0993e+02    80.8589    5.76132    34.5619    34.5784    26.8185    1486.01    1479.90 0.0000e+00
       1788     84.000     8.7299     8.7278   3.651647   3.653120     2.2580 -9.990e-29      82.97 4.9496e-02 1.0993e+02    80.8521    5.76569    34.5642    34.5818    26.8200    1486.04    1479.98 0.0000e+00
       1810     85.000     8.7325     8.7309   3.652912   3.654407     2.2575    -0.0664      98.76 4.9509e-02 1.0993e+02    80.8805    5.76698    34.5745    34.5918    26.8277    1486.08    1480.05 0.0000e+00
       1831     86.000     8.7209     8.7200   3.653095   3.654568     2.2573    -0.0628      98.80 4.9502e-02 1.0965e+02    80.8557    5.76677    34.5873    34.6037    26.8396    1486.07    1480.12 0.0000e+00
       1853     87.000     8.7321     8.7287   3.655909   3.657357     2.2566    -0.0750      90.35 4.9453e-02 1.0861e+02    80.8587    5.75933    34.6056    34.6241    26.8521    1486.15    1480.19 0.0000e+00
       1875     88.000     8.7454     8.7433   3.657965   3.659461     2.2556    -0.0849      97.55 4.9502e-02 1.0793e+02    80.8614    5.75009    34.6137    34.6316    26.8564    1486.22    1480.25 0.0000e+00
       1896     89.000     8.7320     8.7322   3.657250   3.658733     2.2545    -0.0621      98.33 4.9490e-02 1.0793e+02    80.8496    5.74541    34.6188    34.6343    26.8625    1486.20    1480.32 0.0000e+00
       1918     90.000     8.6971     8.6971   3.654926   3.656403     2.2523 -9.990e-29      98.28 4.9512e-02 1.0793e+02    80.8564    5.72220    34.6280    34.6436    26.8752    1486.09    1480.39 0.0000e+00
       1940     91.000     8.6926     8.6905   3.655474   3.656949     2.2479 -9.990e-29      98.26 4.9476e-02 1.0793e+02    80.8281    5.69613    34.6377    34.6553    26.8835    1486.11    1480.45 0.0000e+00
       1962     92.000     8.6887     8.6878   3.656528   3.657984     2.2436 -9.990e-29      98.04 4.9483e-02 1.0793e+02    80.8370    5.69609    34.6522    34.6684    26.8955    1486.13    1480.51 0.0000e+00
       1983     93.000     8.6655     8.6643   3.655253   3.656722     2.2412 -9.990e-29      98.81 4.9485e-02 1.0793e+02    80.8402    5.70675    34.6610    34.6777    26.9060    1486.07    1480.57 0.0000e+00
       2005     94.000     8.6689     8.6674   3.657400   3.658844     2.2398    -0.0700      85.61 4.9515e-02 1.0751e+02    80.8524    5.70634    34.6798    34.6965    26.9202    1486.12    1480.63 0.0000e+00
       2027     95.000     8.6607     8.6595   3.657490   3.658966     2.2381    -0.0860      94.33 4.9483e-02 -9.990e-29    80.8406    5.70405    34.6883    34.7051    26.9282    1486.12    1480.69 0.0000e+00
       2049     96.000     8.6371     8.6368   3.656623   3.658108     2.2368    -0.0631      98.64 4.9490e-02 -9.990e-29    80.8502    5.69984    34.7019    34.7179    26.9425    1486.06    1480.74 0.0000e+00
       2070     97.000     8.6298     8.6283   3.656599   3.658072     2.2347    -0.0614      86.81 4.9496e-02 -9.990e-29    80.8365    5.68338    34.7083    34.7253    26.9487    1486.06    1480.80 0.0000e+00
       2092     98.000     8.6144     8.6140   3.656094   3.657577     2.2315    -0.0807      95.24 4.9490e-02 -9.990e-29    80.7845    5.67504    34.7176    34.7337    26.9584    1486.03    1480.85 0.0000e+00
       2114     99.000     8.6062     8.6047   3.655918   3.657396     2.2293    -0.0775      95.77 4.9485e-02 -9.990e-29    80.8099    5.67790    34.7233    34.7404    26.9641    1486.02    1480.90 0.0000e+00
       2136    100.000     8.6057     8.6040   3.655984   3.657449     2.2276    -0.0702      98.61 4.9509e-02 -9.990e-29    80.8097    5.68319    34.7240    34.7412    26.9648    1486.04    1480.95 0.0000e+00
       2157    101.000     8.6054     8.6038   3.656071   3.657541     2.2273    -0.0883      94.03 4.9465e-02 -9.990e-29    80.8019    5.69378    34.7248    34.7419    26.9654    1486.05    1481.00 0.0000e+00
       2179    102.000     8.6042     8.6026   3.656114   3.657590     2.2273    -0.0607      91.62 4.9498e-02 -9.990e-29    80.8050    5.69488    34.7259    34.7431    26.9665    1486.07    1481.05 0.0000e+00
       2200    103.000     8.6036     8.6019   3.656202   3.657670     2.2271    -0.0838      90.72 4.9502e-02 -9.990e-29    80.7871    5.69593    34.7270    34.7442    26.9674    1486.08    1481.10 0.0000e+00
       2222    104.000     8.6038     8.6021   3.656352   3.657824     2.2274    -0.0873      98.76 4.9499e-02 -9.990e-29    80.7775    5.69968    34.7279    34.7451    26.9681    1486.10    1481.15 0.0000e+00
       2243    105.000     8.6035     8.6018   3.656517   3.657985     2.2274    -0.0780      85.10 4.9508e-02 -9.990e-29    80.7879    5.69744    34.7295    34.7467    26.9694    1486.12    1481.20 0.0000e+00
       2265    106.000     8.6025     8.6008   3.656525   3.657997     2.2272    -0.0574      98.67 4.9492e-02 -9.990e-29    80.7856    5.69738    34.7300    34.7473    26.9700    1486.13    1481.24 0.0000e+00
       2286    107.000     8.6016     8.5999   3.656712   3.658171     2.2272    -0.0631      88.25 4.9502e-02 -9.990e-29    80.7812    5.69538    34.7324    34.7495    26.9720    1486.15    1481.29 0.0000e+00
       2308    108.000     8.5992     8.5978   3.656929   3.658395     2.2267    -0.0753      95.24 4.9479e-02 -9.990e-29    80.7685    5.69337    34.7366    34.7535    26.9757    1486.16    1481.33 0.0000e+00
       2329    109.000     8.5947     8.5933   3.657081   3.658547     2.2262 -9.990e-29      92.43 4.9485e-02 -9.990e-29    80.7870    5.69040    34.7422    34.7590    26.9807    1486.17    1481.38 0.0000e+00
       2350    110.000     8.5915     8.5901   3.657143   3.658619     2.2255 -9.990e-29      91.12 4.9479e-02 -9.990e-29    80.7745    5.68992    34.7455    34.7625    26.9838    1486.18    1481.42 0.0000e+00
       2372    111.000     8.5869     8.5857   3.657093   3.658564     2.2250 -9.990e-29      97.98 4.9496e-02 -9.990e-29    80.7760    5.68882    34.7490    34.7658    26.9873    1486.18    1481.46 0.0000e+00
       2393    112.000     8.5772     8.5760   3.657157   3.658618     2.2242 -9.990e-29      94.39 4.9479e-02 -9.990e-29    80.7928    5.68500    34.7587    34.7754    26.9964    1486.17    1481.50 0.0000e+00
       2414    113.000     8.5719     8.5705   3.657210   3.658658     2.2232 -9.990e-29      98.81 4.9472e-02 -9.990e-29    80.7890    5.68039    34.7640    34.7808    27.0014    1486.18    1481.55 0.0000e+00
       2435    114.000     8.5692     8.5678   3.657318   3.658788     2.2222 -9.990e-29      89.99 4.9506e-02 -9.990e-29    80.8082    5.68151    34.7674    34.7843    27.0045    1486.19    1481.59 0.0000e+00
       2456    115.000     8.5670     8.5655   3.657485   3.658926     2.2214 -9.990e-29      87.65 4.9483e-02 -9.990e-29    80.7847    5.68376    34.7708    34.7876    27.0075    1486.20    1481.63 0.0000e+00
       2478    116.000     8.5639     8.5625   3.657377   3.658844     2.2213 -9.990e-29      96.23 4.9485e-02 -9.990e-29    80.7773    5.67991    34.7723    34.7892    27.0091    1486.20    1481.67 0.0000e+00
       2499    117.000     8.5579     8.5567   3.657245   3.658714     2.2198    -0.0652      93.03 4.9512e-02 -9.990e-29    80.7692    5.67736    34.7763    34.7930    27.0132    1486.20    1481.70 0.0000e+00
       2520    118.000     8.5562     8.5546   3.657279   3.658731     2.2197    -0.0896      93.12 4.9519e-02 -9.990e-29    80.7861    5.67883    34.7778    34.7948    27.0147    1486.22    1481.74 0.0000e+00
       2542    119.000     8.5494     8.5483   3.657207   3.658659     2.2185    -0.0611      86.92 4.9496e-02 -9.990e-29    80.7730    5.66756    34.7833    34.7998    27.0200    1486.21    1481.78 0.0000e+00
       2563    120.000     8.5459     8.5443   3.657410   3.658871     2.2166    -0.0748      97.49 4.9505e-02 -9.990e-29    80.7731    5.66039    34.7884    34.8055    27.0246    1486.22    1481.82 0.0000e+00
       2585    121.000     8.5412     8.5401   3.657180   3.658656     2.2154    -0.0752      93.14 4.9483e-02 -9.990e-29    80.7441    5.65790    34.7901    34.8069    27.0267    1486.22    1481.85 0.0000e+00
       2606    122.000     8.5376     8.5360   3.657541   3.659008     2.2134    -0.0589      81.45 4.9498e-02 -9.990e-29    80.7495    5.64895    34.7970    34.8142    27.0326    1486.24    1481.89 0.0000e+00
       2627    123.000     8.5340     8.5325   3.657783   3.659250     2.2117    -0.0601      98.90 4.9485e-02 -9.990e-29    80.7238    5.64982    34.8027    34.8197    27.0376    1486.25    1481.92 0.0000e+00
       2648    124.000     8.5332     8.5316   3.657938   3.659401     2.2106    -0.0588      98.51 4.9505e-02 -9.990e-29    80.7264    5.65260    34.8046    34.8217    27.0393    1486.26    1481.96 0.0000e+00
       2669    125.000     8.5310     8.5295   3.658046   3.659506     2.2098    -0.0792      88.29 4.9525e-02 -9.990e-29    80.7329    5.65511    34.8075    34.8244    27.0418    1486.27    1481.99 0.0000e+00
       2690    126.000     8.5283     8.5270   3.658060   3.659533     2.2097    -0.0776      90.60 4.9492e-02 -9.990e-29    80.7179    5.65923    34.8098    34.8267    27.0441    1486.28    1482.03 0.0000e+00
       2711    127.000     8.5221     8.5208   3.657728   3.659183     2.2091    -0.0659      96.63 4.9492e-02 1.0007e+02    80.7090    5.66053    34.8119    34.8286    27.0467    1486.28    1482.06 0.0000e+00
       2732    128.000     8.5210     8.5194   3.657809   3.659259     2.2095    -0.0895      96.17 4.9492e-02 9.9931e+01    80.7159    5.66770    34.8134    34.8303    27.0480    1486.29    1482.09 0.0000e+00
       2754    129.000     8.5215     8.5198   3.657978   3.659438     2.2097    -0.0599      78.70 4.9483e-02 9.9933e+01    80.6994    5.66860    34.8142    34.8313    27.0486    1486.31    1482.13 0.0000e+00
       2775    130.000     8.5213     8.5197   3.658149   3.659608     2.2099    -0.0835      98.55 4.9485e-02 9.9933e+01    80.6938    5.66545    34.8157    34.8328    27.0498    1486.33    1482.16 0.0000e+00
       2796    131.000     8.5189     8.5171   3.658276   3.659740     2.2097    -0.0873      94.32 4.9512e-02 9.9933e+01    80.6819    5.66108    34.8190    34.8363    27.0527    1486.34    1482.19 0.0000e+00
       2817    132.000     8.5185     8.5169   3.658435   3.659887     2.2089    -0.0794      80.14 4.9483e-02 9.9933e+01    80.6681    5.65667    34.8206    34.8375    27.0541    1486.36    1482.22 0.0000e+00
       2838    133.000     8.5172     8.5156   3.658541   3.659990     2.2082    -0.0590      96.13 4.9481e-02 9.9933e+01    80.6777    5.65676    34.8225    34.8394    27.0558    1486.37    1482.25 0.0000e+00
       2859    134.000     8.5164     8.5148   3.658555   3.660023     2.2078    -0.0636      95.87 4.9502e-02 9.9933e+01    80.6636    5.66268    34.8229    34.8401    27.0563    1486.39    1482.28 0.0000e+00
       2881    135.000     8.5162     8.5147   3.658572   3.660035     2.2081    -0.0606      93.78 4.9505e-02 9.9933e+01    80.6614    5.66533    34.8228    34.8398    27.0562    1486.40    1482.31 0.0000e+00
       2902    136.000     8.5146     8.5132   3.658492   3.659945     2.2079    -0.0558      85.83 4.9492e-02 9.9773e+01    80.6579    5.66237    34.8231    34.8399    27.0567    1486.41    1482.34 0.0000e+00
       2923    137.000     8.5114     8.5104   3.658344   3.659810     2.2076    -0.0587      98.08 4.9472e-02 -9.990e-29    80.6461    5.66301    34.8242    34.8407    27.0580    1486.42    1482.37 0.0000e+00
       2943    138.000     8.5020     8.5005   3.658280   3.659663     2.2077    -0.0634      98.18 4.9474e-02 -9.990e-29    80.6686    5.66945    34.8323    34.8485    27.0659    1486.41    1482.40 0.0000e+00
       2964    139.000     8.4999     8.4985   3.658616   3.660080     2.2078    -0.0864      98.12 4.9499e-02 -9.990e-29    80.6514    5.66558    34.8375    34.8544    27.0702    1486.43    1482.43 0.0000e+00
       2985    140.000     8.4958     8.4946   3.658530   3.659979     2.2074    -0.0882      98.23 4.9472e-02 -9.990e-29    80.6430    5.65968    34.8401    34.8567    27.0729    1486.43    1482.46 0.0000e+00
       3006    141.000     8.4902     8.4890   3.658609   3.660068     2.2064    -0.0884      98.44 4.9498e-02 -9.990e-29    80.6247    5.65397    34.8460    34.8627    27.0784    1486.43    1482.49 0.0000e+00
       3027    142.000     8.4835     8.4824   3.658245   3.659707     2.2053 -9.990e-29      98.51 4.9492e-02 -9.990e-29    80.6243    5.65376    34.8483    34.8649    27.0813    1486.43    1482.52 0.0000e+00
       3047    143.000     8.4778     8.4765   3.657903   3.659336     2.2049 -9.990e-29      98.58 4.9474e-02 -9.990e-29    80.6123    5.65516    34.8498    34.8663    27.0833    1486.42    1482.54 0.0000e+00
       3068    144.000     8.4684     8.4674   3.657223   3.658677     2.2037 -9.990e-29      98.57 4.9492e-02 -9.990e-29    80.6112    5.64749    34.8514    34.8678    27.0860    1486.41    1482.57 0.0000e+00
       3089    145.000     8.4618     8.4604   3.656745   3.658183     2.2025 -9.990e-29      98.50 4.9492e-02 -9.990e-29    80.6096    5.64537    34.8524    34.8690    27.0878    1486.40    1482.60 0.0000e+00
       3109    146.000     8.4594     8.4579   3.656601   3.658071     2.2015    -0.0564      98.67 4.9453e-02 9.6056e+01    80.5912    5.64053    34.8528    34.8698    27.0885    1486.41    1482.62 0.0000e+00
       3130    147.000     8.4590     8.4574   3.656632   3.658075     2.1997    -0.0602      98.65 4.9499e-02 9.5936e+01    80.5863    5.63066    34.8530    34.8699    27.0887    1486.42    1482.65 0.0000e+00
       3150    148.000     8.4591     8.4576   3.656704   3.658170     2.1980    -0.0573      82.95 4.9488e-02 9.5936e+01    80.5908    5.62513    34.8532    34.8702    27.0889    1486.44    1482.67 0.0000e+00
       3171    149.000     8.4582     8.4571   3.656680   3.658168     2.1961    -0.0573      89.63 4.9479e-02 9.5936e+01    80.5873    5.61646    34.8533    34.8702    27.0891    1486.45    1482.70 0.0000e+00
       3191    150.000     8.4553     8.4545   3.656455   3.657951     2.1939    -0.0811      98.75 4.9467e-02 9.5936e+01    80.5938    5.61112    34.8533    34.8700    27.0896    1486.46    1482.72 0.0000e+00
       3212    151.000     8.4463     8.4446   3.655629   3.657026     2.1923    -0.0867      98.53 4.9485e-02 9.5936e+01    80.5814    5.61189    34.8530    34.8695    27.0907    1486.44    1482.75 0.0000e+00
       3233    152.000     8.4401     8.4387   3.655357   3.656810     2.1906    -0.0862      64.82 4.9502e-02 9.5936e+01    80.5803    5.60893    34.8557    34.8726    27.0938    1486.44    1482.77 0.0000e+00
       3253    153.000     8.4392     8.4373   3.655389   3.656808     2.1892    -0.0554      99.47 4.9499e-02 9.5936e+01    80.5909    5.60673    34.8565    34.8734    27.0945    1486.45    1482.80 0.0000e+00
