_data/ctd/2022603/sta0181.cnv
* Sea-Bird SBE 9 Data File:
* FileName = C:\Seabird\CTDData\sta0181.hex
* Software Version Seasave V 7.21f
* Temperature SN = 6264
* Conductivity SN = 4928
* Number of Bytes Per Scan = 40
* Number of Voltage Words = 5
* Number of Scans Averaged by the Deck Unit = 1
* NMEA Latitude = 61 01.87 N
* NMEA Longitude = 005 00.84 E
* NMEA UTC (Time) = Feb 13 2022 18:56:09
* NMEA baud rate = 4800
** Ship: R/V "Kristine Bonnevie"
** Station: 0181
** Echodepth: 254
** Log: 0618.943
** Wind-Dir/Force: 17 12
** Air-temp (dry): 6.7
** Weather Sky:
** Sea:
# nquan = 19                                
# nvalues = 246                         
# units = specified
# name 0 = scan: Scan Count
# name 1 = prDM: Pressure, Digiquartz [db]
# name 2 = t068C: Temperature [ITS-68, deg C]
# name 3 = t168C: Temperature, 2 [ITS-68, deg C]
# name 4 = c0S/m: Conductivity [S/m]
# name 5 = c1S/m: Conductivity, 2 [S/m]
# name 6 = sbeox0V: Oxygen raw, SBE 43 [V]
# name 7 = flECO-AFL: Fluorescence, WET Labs ECO-AFL/FL [mg/m^3]
# name 8 = altM: Altimeter [m]
# name 9 = par: PAR/Irradiance, Biospherical/Licor
# name 10 = spar: SPAR/Surface Irradiance
# name 11 = CStarTr0: Beam Transmission, WET Labs C-Star [%]
# name 12 = sbeox0ML/L: Oxygen, SBE 43 [ml/l], WS = 2
# name 13 = sal00: Salinity, Practical [PSU]
# name 14 = sal11: Salinity, Practical, 2 [PSU]
# name 15 = sigma-t00: Density [sigma-t, Kg/m^3 ]
# name 16 = svCM: Sound Velocity [Chen-Millero, m/s]
# name 17 = avgsvCM: Average Sound Velocity [Chen-Millero, m/s], minP = 1, minS = 5
# name 18 = flag: flag
# span 0 =        111,       5387       
# span 1 =      4.000,    249.000       
# span 2 =     6.0660,     8.5347       
# span 3 =     6.0686,     8.5331       
# span 4 =   3.080116,   3.660374       
# span 5 =   3.083027,   3.661613       
# span 6 =     2.1879,     2.4947       
# span 7 =    -0.0877,     0.4800       
# span 8 =       6.32,      99.48       
# span 9 = 4.8964e-02, 3.7755e-01       
# span 10 = 0.0000e+00, 0.0000e+00      
# span 11 =    45.7506,    80.6668      
# span 12 =    5.63554,    7.05746      
# span 13 =    30.9388,    34.9663      
# span 14 =    30.9687,    34.9807      
# span 15 =    24.3373,    27.1968      
# span 16 =    1469.94,    1487.78      
# span 17 =    1469.94,    1483.76      
# span 18 = 0.0000e+00, 0.0000e+00      
# interval = decibars: 1                
# start_time = Feb 13 2022 18:56:12 [System UTC, header]
# bad_flag = -9.990e-29
*END*
[from data line 77]
       1762     81.000     8.5296     8.5282   3.621815   3.623029     2.2960    -0.0446      98.35 6.8790e-02 0.0000e+00    78.6397    5.88101    34.4461    34.4603    26.7587    1485.10    1478.29 0.0000e+00
       1786     82.000     8.5286     8.5272   3.622422   3.623647     2.2914    -0.0559      29.25 8.4384e-02 0.0000e+00    78.4981    5.86777    34.4530    34.4674    26.7642    1485.12    1478.37 0.0000e+00
       1810     83.000     8.5273     8.5257   3.623526   3.624745     2.2874    -0.0558      84.40 4.9169e-02 0.0000e+00    78.3800    5.86112    34.4655    34.4800    26.7742    1485.15    1478.45 0.0000e+00
       1833     84.000     8.5271     8.5257   3.624586   3.625752     2.2840    -0.0558      63.52 4.9496e-02 0.0000e+00    78.2405    5.85572    34.4764    34.4902    26.7828    1485.18    1478.53 0.0000e+00
       1854     85.000     8.5274     8.5255   3.625149   3.626337     2.2815    -0.0558      95.91 4.9459e-02 0.0000e+00    78.1453    5.85255    34.4816    34.4961    26.7869    1485.20    1478.61 0.0000e+00
       1876     86.000     8.5279     8.5263   3.625356   3.626558     2.2792    -0.0558      73.56 4.9496e-02 0.0000e+00    78.0424    5.85141    34.4829    34.4971    26.7878    1485.22    1478.69 0.0000e+00
       1898     87.000     8.5299     8.5264   3.625718   3.626791     2.2775    -0.0558      98.02 4.9493e-02 0.0000e+00    77.9716    5.85186    34.4843    34.4990    26.7885    1485.25    1478.76 0.0000e+00
       1922     88.000     8.5339     8.5322   3.626572   3.627917     2.2758    -0.0558      94.06 4.9503e-02 0.0000e+00    77.8915    5.84478    34.4889    34.5048    26.7916    1485.28    1478.84 0.0000e+00
       1945     89.000     8.5302     8.5294   3.627834   3.629135     2.2740    -0.0558      38.84 4.9487e-02 0.0000e+00    77.8259    5.84095    34.5054    34.5200    26.8051    1485.31    1478.91 0.0000e+00
       1968     90.000     8.5130     8.5127   3.628776   3.629968     2.2727    -0.0558      96.17 4.9493e-02 0.0000e+00    77.7401    5.84479    34.5317    34.5447    26.8284    1485.29    1478.98 0.0000e+00
       1990     91.000     8.5112     8.5099   3.629524   3.630584     2.2717    -0.0558      69.73 4.9505e-02 0.0000e+00    77.7157    5.84077    34.5410    34.5535    26.8359    1485.31    1479.05 0.0000e+00
       2011     92.000     8.5142     8.5116   3.631620   3.632428     2.2706 -9.990e-29      89.70 4.9498e-02 0.0000e+00    77.7032    5.83723    34.5597    34.5708    26.8502    1485.36    1479.12 0.0000e+00
       2033     93.000     8.5164     8.5149   3.632583   3.633827     2.2696 -9.990e-29      88.54 4.9509e-02 0.0000e+00    77.6303    5.83546    34.5673    34.5820    26.8558    1485.40    1479.18 0.0000e+00
       2054     94.000     8.5180     8.5164   3.633497   3.634699     2.2686 -9.990e-29      28.22 4.9642e-02 0.0000e+00    77.6386    5.83227    34.5749    34.5892    26.8615    1485.43    1479.25 0.0000e+00
       2076     95.000     8.5180     8.5167   3.633946   3.635203     2.2678 -9.990e-29      89.60 4.9490e-02 0.0000e+00    77.6147    5.82927    34.5792    34.5938    26.8649    1485.45    1479.31 0.0000e+00
       2099     96.000     8.5077     8.5073   3.634418   3.635628     2.2664    -0.0558      50.41 4.9487e-02 0.0000e+00    77.6121    5.81998    34.5938    34.6071    26.8779    1485.45    1479.38 0.0000e+00
       2121     97.000     8.4956     8.4947   3.634693   3.635896     2.2644    -0.0558      98.61 4.9458e-02 0.0000e+00    77.5987    5.81511    34.6082    34.6218    26.8910    1485.44    1479.44 0.0000e+00
       2143     98.000     8.4920     8.4909   3.635880   3.637038     2.2632    -0.0558      81.32 4.9521e-02 0.0000e+00    77.5813    5.81312    34.6238    34.6371    26.9038    1485.46    1479.50 0.0000e+00
       2166     99.000     8.4775     8.4764   3.636501   3.637689     2.2614    -0.0558      87.51 4.9499e-02 0.0000e+00    77.5738    5.81065    34.6441    34.6578    26.9220    1485.45    1479.56 0.0000e+00
       2189    100.000     8.4671     8.4658   3.637328   3.638541     2.2602    -0.0558      98.89 4.9489e-02 0.0000e+00    77.5691    5.80837    34.6627    34.6768    26.9382    1485.45    1479.62 0.0000e+00
       2210    101.000     8.4585     8.4579   3.637507   3.638708     2.2587    -0.0558      59.68 4.9490e-02 0.0000e+00    77.5682    5.80162    34.6725    34.6859    26.9472    1485.44    1479.68 0.0000e+00
       2232    102.000     8.4424     8.4418   3.638316   3.639508     2.2570 -9.990e-29      79.23 4.9505e-02 0.0000e+00    77.5556    5.79583    34.6965    34.7097    26.9685    1485.43    1479.73 0.0000e+00
       2252    103.000     8.4303     8.4297   3.639865   3.641075     2.2551 -9.990e-29      78.23 4.9488e-02 0.0000e+00    77.5544    5.78491    34.7244    34.7378    26.9923    1485.43    1479.79 0.0000e+00
       2274    104.000     8.4213     8.4201   3.640556   3.641794     2.2526 -9.990e-29      90.45 4.9490e-02 0.0000e+00    77.5372    5.77347    34.7401    34.7544    27.0060    1485.44    1479.84 0.0000e+00
       2296    105.000     8.4196     8.4181   3.640816   3.642032     2.2496 -9.990e-29      89.68 4.9502e-02 0.0000e+00    77.5111    5.76468    34.7441    34.7585    27.0094    1485.45    1479.90 0.0000e+00
       2318    106.000     8.4162     8.4150   3.641214   3.642442     2.2472 -9.990e-29      67.41 4.9475e-02 0.0000e+00    77.5091    5.76378    34.7512    34.7654    27.0155    1485.46    1479.95 0.0000e+00
       2340    107.000     8.4128     8.4116   3.641528   3.642725     2.2450 -9.990e-29      16.80 4.9492e-02 0.0000e+00    77.5076    5.75945    34.7574    34.7713    27.0209    1485.48    1480.00 0.0000e+00
       2361    108.000     8.4071     8.4060   3.642047   3.643254     2.2432 -9.990e-29      92.81 4.9505e-02 0.0000e+00    77.5120    5.75724    34.7680    34.7820    27.0301    1485.48    1480.05 0.0000e+00
       2382    109.000     8.4049     8.4035   3.642491   3.643712     2.2415 -9.990e-29      35.37 4.9492e-02 0.0000e+00    77.5481    5.75633    34.7744    34.7888    27.0355    1485.50    1480.10 0.0000e+00
       2404    110.000     8.4044     8.4029   3.642668   3.643895     2.2404    -0.0558      98.62 4.9515e-02 0.0000e+00    77.5694    5.75653    34.7763    34.7909    27.0370    1485.52    1480.15 0.0000e+00
       2426    111.000     8.4033     8.4020   3.642781   3.643985     2.2394    -0.0558      69.64 4.9477e-02 0.0000e+00    77.5938    5.75945    34.7781    34.7922    27.0386    1485.53    1480.20 0.0000e+00
       2448    112.000     8.4030     8.4015   3.642805   3.644027     2.2387    -0.0813      70.69 7.5100e-02 0.0000e+00    77.6404    5.75842    34.7782    34.7927    27.0387    1485.55    1480.24 0.0000e+00
       2471    113.000     8.4024     8.4010   3.642830   3.644046     2.2381    -0.0864      82.77 4.8964e-02 0.0000e+00    77.6678    5.75911    34.7786    34.7929    27.0391    1485.56    1480.29 0.0000e+00
       2493    114.000     8.4006     8.3992   3.643023   3.644245     2.2375    -0.0755      86.78 4.9490e-02 0.0000e+00    77.6947    5.75482    34.7819    34.7963    27.0420    1485.57    1480.34 0.0000e+00
       2514    115.000     8.3973     8.3958   3.643076   3.644303     2.2366 -9.990e-29      97.11 4.9499e-02 0.0000e+00    77.7201    5.75860    34.7853    34.7998    27.0451    1485.58    1480.38 0.0000e+00
       2536    116.000     8.3966     8.3949   3.643152   3.644353     2.2368 -9.990e-29      97.24 4.9490e-02 0.0000e+00    77.7365    5.75966    34.7863    34.8008    27.0461    1485.60    1480.43 0.0000e+00
       2557    117.000     8.3949     8.3932   3.643299   3.644527     2.2360 -9.990e-29      98.78 4.9502e-02 0.0000e+00    77.7917    5.74995    34.7891    34.8038    27.0485    1485.61    1480.47 0.0000e+00
       2579    118.000     8.3931     8.3915   3.643467   3.644699     2.2347 -9.990e-29      48.21 4.9505e-02 0.0000e+00    77.7272    5.74543    34.7922    34.8068    27.0512    1485.63    1480.52 0.0000e+00
       2600    119.000     8.3888     8.3876   3.643828   3.645037     2.2339    -0.0852      99.38 4.9498e-02 0.0000e+00    77.8229    5.74051    34.7998    34.8138    27.0578    1485.64    1480.56 0.0000e+00
       2621    120.000     8.3853     8.3839   3.644163   3.645375     2.2322    -0.0761      50.26 4.9485e-02 0.0000e+00    77.8463    5.73264    34.8063    34.8206    27.0635    1485.65    1480.60 0.0000e+00
       2642    121.000     8.3854     8.3838   3.644201   3.645425     2.2306    -0.0558      20.08 4.9496e-02 0.0000e+00    77.8676    5.73095    34.8061    34.8207    27.0633    1485.66    1480.64 0.0000e+00
       2665    122.000     8.3852     8.3838   3.644282   3.645487     2.2293    -0.0558      98.16 4.9481e-02 0.0000e+00    77.8795    5.72457    34.8067    34.8209    27.0638    1485.68    1480.68 0.0000e+00
       2687    123.000     8.3834     8.3822   3.644414   3.645620     2.2274    -0.0558      40.13 4.9471e-02 0.0000e+00    77.9235    5.71960    34.8094    34.8234    27.0662    1485.69    1480.72 0.0000e+00
       2709    124.000     8.3814     8.3800   3.644657   3.645868     2.2259    -0.0558      57.84 4.9502e-02 0.0000e+00    77.9764    5.71799    34.8135    34.8278    27.0697    1485.71    1480.76 0.0000e+00
       2731    125.000     8.3809     8.3795   3.644789   3.646010     2.2245    -0.0558      76.60 4.9505e-02 0.0000e+00    78.0038    5.71642    34.8149    34.8293    27.0709    1485.72    1480.80 0.0000e+00
       2752    126.000     8.3797     8.3784   3.645092   3.646278     2.2236    -0.0558      98.99 4.9480e-02 0.0000e+00    78.0669    5.71539    34.8188    34.8327    27.0742    1485.74    1480.84 0.0000e+00
       2772    127.000     8.3789     8.3773   3.645287   3.646506     2.2224    -0.0558      37.32 4.9472e-02 0.0000e+00    78.1053    5.70772    34.8212    34.8358    27.0762    1485.76    1480.88 0.0000e+00
       2793    128.000     8.3779     8.3765   3.645493   3.646720     2.2209    -0.0558      62.50 4.9485e-02 0.0000e+00    78.1714    5.70816    34.8239    34.8384    27.0784    1485.77    1480.92 0.0000e+00
       2815    129.000     8.3726     8.3713   3.646075   3.647279     2.2204    -0.0558      77.51 4.9471e-02 0.0000e+00    78.2425    5.71447    34.8349    34.8490    27.0879    1485.78    1480.96 0.0000e+00
       2836    130.000     8.3707     8.3692   3.646300   3.647506     2.2198    -0.0558      57.05 4.9465e-02 0.0000e+00    78.3267    5.71490    34.8387    34.8530    27.0911    1485.80    1480.99 0.0000e+00
       2858    131.000     8.3702     8.3688   3.646395   3.647596     2.2197    -0.0558      38.12 4.9496e-02 0.0000e+00    78.4128    5.71960    34.8397    34.8539    27.0920    1485.81    1481.03 0.0000e+00
       2879    132.000     8.3700     8.3685   3.646463   3.647658     2.2198    -0.0558      97.04 4.9473e-02 0.0000e+00    78.4463    5.72303    34.8401    34.8543    27.0924    1485.83    1481.07 0.0000e+00
       2900    133.000     8.3696     8.3683   3.646538   3.647735     2.2199    -0.0559      52.08 4.9498e-02 0.0000e+00    78.5364    5.72115    34.8408    34.8549    27.0930    1485.84    1481.10 0.0000e+00
       2921    134.000     8.3696     8.3682   3.646596   3.647821     2.2200    -0.0847      98.55 4.9477e-02 0.0000e+00    78.6193    5.72187    34.8410    34.8554    27.0931    1485.86    1481.14 0.0000e+00
       2944    135.000     8.3682     8.3667   3.646818   3.648016     2.2196    -0.0877      63.85 4.9477e-02 0.0000e+00    78.6998    5.71590    34.8442    34.8585    27.0959    1485.88    1481.17 0.0000e+00
       2965    136.000     8.3627     8.3616   3.647404   3.648618     2.2191    -0.0706      83.10 4.9505e-02 0.0000e+00    78.7989    5.71483    34.8554    34.8695    27.1055    1485.89    1481.21 0.0000e+00
       2985    137.000     8.3615     8.3602   3.647566   3.648756     2.2185    -0.0559      84.07 4.9474e-02 0.0000e+00    78.8728    5.71076    34.8579    34.8718    27.1076    1485.90    1481.24 0.0000e+00
       3006    138.000     8.3609     8.3595   3.647683   3.648892     2.2175    -0.0558      47.42 4.9488e-02 0.0000e+00    78.9201    5.70506    34.8592    34.8735    27.1088    1485.92    1481.28 0.0000e+00
       3026    139.000     8.3605     8.3591   3.647775   3.648974     2.2164    -0.0558      75.92 4.9477e-02 0.0000e+00    78.9707    5.69700    34.8601    34.8743    27.1095    1485.93    1481.31 0.0000e+00
       3048    140.000     8.3595     8.3580   3.647913   3.649131     2.2145    -0.0789      91.44 4.9525e-02 0.0000e+00    79.0599    5.68511    34.8621    34.8766    27.1112    1485.95    1481.34 0.0000e+00
       3069    141.000     8.3569     8.3556   3.648347   3.649518     2.2124    -0.0702      34.42 4.9485e-02 0.0000e+00    79.1535    5.68290    34.8688    34.8826    27.1169    1485.96    1481.37 0.0000e+00
       3090    142.000     8.3558     8.3544   3.648577   3.649781     2.2112    -0.0556      98.86 4.9495e-02 0.0000e+00    79.2792    5.68697    34.8719    34.8861    27.1195    1485.98    1481.41 0.0000e+00
       3110    143.000     8.3539     8.3526   3.648927   3.650130     2.2102    -0.0558      98.62 4.9492e-02 0.0000e+00    79.3778    5.68369    34.8770    34.8911    27.1238    1485.99    1481.44 0.0000e+00
       3131    144.000     8.3494     8.3486   3.649751   3.650887     2.2092    -0.0558      53.48 4.9498e-02 0.0000e+00    79.4546    5.68415    34.8898    34.9026    27.1345    1486.01    1481.47 0.0000e+00
       3152    145.000     8.3460     8.3446   3.650379   3.651581     2.2082    -0.0558      82.41 4.9492e-02 0.0000e+00    79.5146    5.67810    34.8993    34.9135    27.1425    1486.03    1481.50 0.0000e+00
       3174    146.000     8.3457     8.3442   3.650517   3.651734     2.2069    -0.0726      59.90 4.9458e-02 0.0000e+00    79.5759    5.67099    34.9006    34.9151    27.1436    1486.04    1481.53 0.0000e+00
       3195    147.000     8.3458     8.3443   3.650586   3.651791     2.2050    -0.0844      83.65 4.9492e-02 0.0000e+00    79.6587    5.66505    34.9008    34.9151    27.1437    1486.06    1481.56 0.0000e+00
       3216    148.000     8.3458     8.3442   3.650699   3.651913     2.2041 -9.990e-29      68.54 4.9495e-02 0.0000e+00    79.6371    5.66413    34.9015    34.9160    27.1443    1486.08    1481.59 0.0000e+00
       3236    149.000     8.3458     8.3443   3.650778   3.651990     2.2022 -9.990e-29      75.92 4.9474e-02 0.0000e+00    79.6563    5.65358    34.9018    34.9162    27.1445    1486.09    1481.62 0.0000e+00
       3256    150.000     8.3454     8.3441   3.651001   3.652180     2.2007 -9.990e-29      83.55 4.9498e-02 0.0000e+00    79.6298    5.65385    34.9041    34.9180    27.1464    1486.11    1481.65 0.0000e+00
       3277    151.000     8.3445     8.3433   3.651311   3.652480     2.1994 -9.990e-29      77.78 4.9488e-02 0.0000e+00    79.6430    5.65332    34.9078    34.9215    27.1495    1486.13    1481.68 0.0000e+00
       3297    152.000     8.3436     8.3422   3.651669   3.652877     2.1984    -0.0561      98.16 4.9492e-02 0.0000e+00    79.6416    5.64837    34.9121    34.9263    27.1529    1486.15    1481.71 0.0000e+00
       3318    153.000     8.3432     8.3417   3.651841   3.653046     2.1968    -0.0559      96.04 4.9485e-02 0.0000e+00    79.5761    5.63953    34.9138    34.9281    27.1543    1486.16    1481.74 0.0000e+00
       3339    154.000     8.3431     8.3416   3.651955   3.653167     2.1951    -0.0848      22.33 4.9479e-02 0.0000e+00    79.5238    5.63957    34.9147    34.9290    27.1550    1486.18    1481.77 0.0000e+00
       3360    155.000     8.3427     8.3412   3.652131   3.653328     2.1942    -0.0877      99.09 4.9492e-02 0.0000e+00    79.4594    5.64259    34.9164    34.9307    27.1565    1486.20    1481.80 0.0000e+00
