_data/ctd/2022603/sta0223.cnv
* Sea-Bird SBE 9 Data File:
* FileName = C:\Seabird\CTDData\sta0223.hex
* Software Version Seasave V 7.21f
* Temperature SN = 6264
* Conductivity SN = 4928
* Number of Bytes Per Scan = 40
* Number of Voltage Words = 5
* Number of Scans Averaged by the Deck Unit = 1
* NMEA Latitude = 61 15.19 N
* NMEA Longitude = 004 41.45 E
* NMEA UTC (Time) = Feb 17 2022 20:33:04
* NMEA baud rate = 4800
** Ship: R/V "Kristine Bonnevie"
** Station: 0223
** Echodepth: 341
** Log: 1189.187
** Wind-Dir/Force: 27 12
** Air-temp (dry): 4.7
** Weather Sky:
** Sea:
# nquan = 19                                
# nvalues = 340                         
# units = specified
# name 0 = scan: Scan Count
# name 1 = prDM: Pressure, Digiquartz [db]
# name 2 = t068C: Temperature [ITS-68, deg C]
# name 3 = t168C: Temperature, 2 [ITS-68, deg C]
# name 4 = c0S/m: Conductivity [S/m]
# name 5 = c1S/m: Conductivity, 2 [S/m]
# name 6 = sbeox0V: Oxygen raw, SBE 43 [V]
# name 7 = flECO-AFL: Fluorescence, WET Labs ECO-AFL/FL [mg/m^3]
# name 8 = altM: Altimeter [m]
# name 9 = par: PAR/Irradiance, Biospherical/Licor
# name 10 = spar: SPAR/Surface Irradiance
# name 11 = CStarTr0: Beam Transmission, WET Labs C-Star [%]
# name 12 = sbeox0ML/L: Oxygen, SBE 43 [ml/l], WS = 2
# name 13 = sal00: Salinity, Practical [PSU]
# name 14 = sal11: Salinity, Practical, 2 [PSU]
# name 15 = sigma-t00: Density [sigma-t, Kg/m^3 ]
# name 16 = svCM: Sound Velocity [Chen-Millero, m/s]
# name 17 = avgsvCM: Average Sound Velocity [Chen-Millero, m/s], minP = 1, minS = 5
# name 18 = flag: flag
# span 0 =         -9,       7567       
# span 1 =      2.000,    341.000       
# span 2 =     6.4300,     8.4661       
# span 3 =     6.4294,     8.4643       
# span 4 =   3.259683,   3.669843       
# span 5 =   3.260579,   3.671289       
# span 6 =     2.2013,     2.5162       
# span 7 =    -0.0944,     0.5931       
# span 8 =       1.93,     100.81       
# span 9 = 4.9443e-02, 6.9435e-01       
# span 10 = 0.0000e+00, 0.0000e+00      
# span 11 =    73.0106,    80.9472      
# span 12 =    5.78642,    6.95749      
# span 13 =    32.5909,    34.9740      
# span 14 =    32.6021,    34.9910      
# span 15 =    25.5948,    27.1971      
# span 16 =    1473.44,    1489.45      
# span 17 =    1473.44,    1484.73      
# span 18 = 0.0000e+00, 0.0000e+00      
# interval = decibars: 1                
# start_time = Feb 17 2022 20:33:06 [System UTC, header]
# bad_flag = -9.990e-29
*END*
[from data line 229]
       4923    231.000     8.4387     8.4374   3.669343   3.670819     2.2293    -0.0737      98.80 4.9483e-02 0.0000e+00    80.8142    5.80558    34.9678    34.9848    27.1820    1487.87    1482.91 0.0000e+00
       4943    232.000     8.4366     8.4357   3.669155   3.670678     2.2286    -0.0622      98.80 4.9483e-02 0.0000e+00    80.7878    5.80180    34.9675    34.9845    27.1820    1487.88    1482.93 0.0000e+00
       4962    233.000     8.4303     8.4286   3.668559   3.669957     2.2281    -0.0626      98.81 4.9478e-02 0.0000e+00    80.8572    5.80345    34.9669    34.9834    27.1825    1487.87    1482.95 0.0000e+00
       4979    234.000     8.4273     8.4256   3.668339   3.669780     2.2278    -0.0629      70.45 4.9472e-02 0.0000e+00    80.8700    5.80274    34.9671    34.9840    27.1831    1487.88    1482.97 0.0000e+00
       4996    235.000     8.4271     8.4254   3.668368   3.669845     2.2272    -0.0706      56.39 4.9488e-02 0.0000e+00    80.8860    5.80277    34.9671    34.9845    27.1832    1487.89    1482.99 0.0000e+00
       5013    236.000     8.4267     8.4252   3.668373   3.669869     2.2270 -9.990e-29      98.37 4.9462e-02 0.0000e+00    80.8834    5.80711    34.9671    34.9844    27.1832    1487.91    1483.01 0.0000e+00
       5034    237.000     8.4264     8.4247   3.668419   3.669862     2.2269 -9.990e-29      98.80 4.9483e-02 0.0000e+00    80.8931    5.80824    34.9674    34.9844    27.1835    1487.92    1483.03 0.0000e+00
       5057    238.000     8.4259     8.4243   3.668404   3.669864     2.2270 -9.990e-29      98.80 4.9472e-02 0.0000e+00    80.8894    5.81040    34.9672    34.9843    27.1835    1487.94    1483.05 0.0000e+00
       5082    239.000     8.4249     8.4227   3.668406   3.669752     2.2271 -9.990e-29      98.80 4.9478e-02 0.0000e+00    80.9012    5.81770    34.9678    34.9842    27.1841    1487.95    1483.07 0.0000e+00
       5106    240.000     8.4160     8.4143   3.667558   3.668982     2.2278 -9.990e-29      98.81 4.9463e-02 0.0000e+00    80.9070    5.82371    34.9671    34.9839    27.1849    1487.93    1483.10 0.0000e+00
       5128    241.000     8.4130     8.4120   3.667323   3.668825     2.2284 -9.990e-29      54.73 4.9485e-02 0.0000e+00    80.9097    5.82294    34.9671    34.9840    27.1854    1487.94    1483.12 0.0000e+00
       5148    242.000     8.4111     8.4095   3.667183   3.668639     2.2287 -9.990e-29      87.90 4.9494e-02 0.0000e+00    80.9191    5.82226    34.9670    34.9841    27.1856    1487.95    1483.14 0.0000e+00
       5167    243.000     8.4106     8.4090   3.667164   3.668629     2.2286 -9.990e-29      98.69 4.9470e-02 0.0000e+00    80.9472    5.82029    34.9668    34.9840    27.1855    1487.96    1483.15 0.0000e+00
       5185    244.000     8.4110     8.4093   3.667252   3.668711     2.2285 -9.990e-29      98.80 4.9488e-02 0.0000e+00    80.9435    5.82103    34.9669    34.9841    27.1855    1487.98    1483.17 0.0000e+00
       5202    245.000     8.4109     8.4092   3.667276   3.668746     2.2285    -0.0915      98.80 4.9488e-02 0.0000e+00    80.9328    5.82211    34.9668    34.9841    27.1854    1488.00    1483.19 0.0000e+00
       5219    246.000     8.4106     8.4090   3.667309   3.668771     2.2285    -0.0911      98.80 4.9490e-02 0.0000e+00    80.9228    5.82246    34.9669    34.9841    27.1856    1488.01    1483.21 0.0000e+00
       5241    247.000     8.4110     8.4087   3.667419   3.668793     2.2283    -0.0667      98.81 4.9477e-02 0.0000e+00    80.9391    5.81969    34.9672    34.9841    27.1858    1488.03    1483.23 0.0000e+00
       5270    248.000     8.4090     8.4075   3.667239   3.668689     2.2279    -0.0919      62.51 4.9482e-02 0.0000e+00    80.9398    5.81990    34.9668    34.9837    27.1858    1488.04    1483.25 0.0000e+00
       5298    249.000     8.3993     8.3985   3.666356   3.667816     2.2275    -0.0878      97.17 4.9498e-02 0.0000e+00    80.9466    5.82097    34.9666    34.9829    27.1871    1488.02    1483.27 0.0000e+00
       5318    250.000     8.3949     8.3926   3.665995   3.667372     2.2274    -0.0649      98.81 4.9462e-02 0.0000e+00    80.9416    5.82123    34.9666    34.9835    27.1878    1488.02    1483.29 0.0000e+00
       5334    251.000     8.3928     8.3918   3.665848   3.667362     2.2270    -0.0586      98.80 4.9476e-02 0.0000e+00    80.9024    5.82167    34.9667    34.9837    27.1882    1488.03    1483.31 0.0000e+00
       5348    252.000     8.3914     8.3902   3.665779   3.667266     2.2271    -0.0558      98.81 4.9449e-02 0.0000e+00    80.8836    5.82308    34.9668    34.9838    27.1885    1488.04    1483.33 0.0000e+00
       5362    253.000     8.3892     8.3881   3.665623   3.667096     2.2267    -0.0711      98.80 4.9489e-02 0.0000e+00    80.9128    5.82081    34.9669    34.9836    27.1889    1488.05    1483.35 0.0000e+00
       5378    254.000     8.3874     8.3859   3.665506   3.666951     2.2264    -0.0876      98.80 4.9480e-02 0.0000e+00    80.8819    5.82472    34.9670    34.9838    27.1892    1488.06    1483.37 0.0000e+00
       5396    255.000     8.3865     8.3848   3.665486   3.666920     2.2267    -0.0868      98.80 4.9485e-02 0.0000e+00    80.8918    5.82632    34.9672    34.9841    27.1895    1488.07    1483.38 0.0000e+00
       5421    256.000     8.3864     8.3847   3.665529   3.666962     2.2262    -0.0892      61.60 4.9484e-02 0.0000e+00    80.8817    5.82800    34.9672    34.9842    27.1896    1488.09    1483.40 0.0000e+00
       5450    257.000     8.3865     8.3849   3.665588   3.667041     2.2273    -0.0862      99.69 4.9491e-02 0.0000e+00    80.8721    5.83596    34.9673    34.9843    27.1896    1488.10    1483.42 0.0000e+00
       5474    258.000     8.3851     8.3836   3.665564   3.667014     2.2273    -0.0702      98.80 4.9469e-02 0.0000e+00    80.8785    5.83348    34.9679    34.9848    27.1904    1488.12    1483.44 0.0000e+00
       5495    259.000     8.3852     8.3835   3.665634   3.667081     2.2275    -0.0779      98.80 4.9493e-02 0.0000e+00    80.8888    5.83337    34.9681    34.9852    27.1905    1488.13    1483.46 0.0000e+00
       5512    260.000     8.3849     8.3832   3.665647   3.667099     2.2273    -0.0886      98.80 4.9500e-02 0.0000e+00    80.8796    5.83075    34.9681    34.9852    27.1905    1488.15    1483.47 0.0000e+00
       5527    261.000     8.3841     8.3825   3.665630   3.667082     2.2273    -0.0632      98.81 4.9466e-02 0.0000e+00    80.8419    5.82739    34.9682    34.9852    27.1907    1488.16    1483.49 0.0000e+00
       5542    262.000     8.3831     8.3815   3.665613   3.667071     2.2265    -0.0710      98.81 4.9482e-02 0.0000e+00    80.8263    5.82069    34.9685    34.9856    27.1911    1488.18    1483.51 0.0000e+00
       5559    263.000     8.3831     8.3814   3.665657   3.667102     2.2257    -0.0877      60.65 4.9485e-02 0.0000e+00    80.7993    5.82151    34.9685    34.9856    27.1911    1488.19    1483.53 0.0000e+00
       5582    264.000     8.3832     8.3815   3.665702   3.667155     2.2253    -0.0884      87.19 4.9496e-02 0.0000e+00    80.7982    5.82725    34.9684    34.9856    27.1910    1488.21    1483.55 0.0000e+00
       5614    265.000     8.3832     8.3817   3.665787   3.667244     2.2255    -0.0846      99.09 4.9478e-02 0.0000e+00    80.7716    5.83501    34.9689    34.9858    27.1914    1488.23    1483.56 0.0000e+00
       5642    266.000     8.3835     8.3819   3.665893   3.667348     2.2259    -0.0615      98.80 4.9470e-02 0.0000e+00    80.7918    5.83847    34.9692    34.9863    27.1916    1488.24    1483.58 0.0000e+00
       5661    267.000     8.3842     8.3824   3.666060   3.667512     2.2265    -0.0944      98.81 4.9472e-02 0.0000e+00    80.7908    5.83786    34.9698    34.9870    27.1920    1488.26    1483.60 0.0000e+00
       5677    268.000     8.3848     8.3831   3.666183   3.667635     2.2261    -0.0863      98.80 4.9482e-02 0.0000e+00    80.7912    5.83342    34.9700    34.9872    27.1920    1488.28    1483.62 0.0000e+00
       5692    269.000     8.3850     8.3833   3.666255   3.667711     2.2261    -0.0882      98.80 4.9465e-02 0.0000e+00    80.7784    5.83155    34.9701    34.9873    27.1921    1488.30    1483.63 0.0000e+00
       5709    270.000     8.3849     8.3833   3.666314   3.667759     2.2256    -0.0618      44.39 4.9496e-02 0.0000e+00    80.7846    5.82411    34.9704    34.9873    27.1923    1488.32    1483.65 0.0000e+00
       5726    271.000     8.3854     8.3838   3.666409   3.667862     2.2248    -0.0666      97.87 4.9488e-02 0.0000e+00    80.7542    5.82296    34.9704    34.9875    27.1923    1488.33    1483.67 0.0000e+00
       5743    272.000     8.3861     8.3842   3.666532   3.667965     2.2244    -0.0867      98.82 4.9471e-02 0.0000e+00    80.7544    5.82734    34.9706    34.9877    27.1923    1488.35    1483.68 0.0000e+00
       5760    273.000     8.3872     8.3853   3.666703   3.668145     2.2241    -0.0863      98.81 4.9455e-02 0.0000e+00    80.7685    5.82715    34.9708    34.9880    27.1923    1488.37    1483.70 0.0000e+00
       5777    274.000     8.3878     8.3860   3.666819   3.668277     2.2237    -0.0811      98.81 4.9471e-02 0.0000e+00    80.7388    5.82454    34.9710    34.9882    27.1923    1488.39    1483.72 0.0000e+00
       5795    275.000     8.3882     8.3865   3.666941   3.668397     2.2234    -0.0583      98.81 4.9472e-02 0.0000e+00    80.7562    5.82223    34.9714    34.9886    27.1926    1488.41    1483.74 0.0000e+00
       5823    276.000     8.3881     8.3864   3.666988   3.668424     2.2223    -0.0786      98.80 4.9463e-02 0.0000e+00    80.7574    5.81915    34.9715    34.9885    27.1927    1488.43    1483.75 0.0000e+00
       5861    277.000     8.3874     8.3858   3.666982   3.668424     2.2213    -0.0591      73.41 4.9456e-02 0.0000e+00    80.7666    5.82247    34.9717    34.9886    27.1929    1488.44    1483.77 0.0000e+00
       5885    278.000     8.3857     8.3842   3.666856   3.668302     2.2212    -0.0606      99.85 4.9454e-02 0.0000e+00    80.7585    5.82436    34.9715    34.9884    27.1931    1488.45    1483.79 0.0000e+00
       5902    279.000     8.3855     8.3837   3.666853   3.668307     2.2213    -0.0558      98.80 4.9492e-02 0.0000e+00    80.7659    5.82114    34.9712    34.9885    27.1929    1488.47    1483.80 0.0000e+00
       5916    280.000     8.3849     8.3833   3.666841   3.668309     2.2209    -0.0841      98.80 4.9482e-02 0.0000e+00    80.7785    5.81721    34.9712    34.9884    27.1930    1488.48    1483.82 0.0000e+00
       5929    281.000     8.3829     8.3818   3.666670   3.668159     2.2199    -0.0883      98.80 4.9469e-02 0.0000e+00    80.7648    5.81234    34.9709    34.9878    27.1930    1488.49    1483.84 0.0000e+00
       5943    282.000     8.3792     8.3782   3.666326   3.667835     2.2194    -0.0610      98.81 4.9467e-02 0.0000e+00    80.7806    5.80999    34.9704    34.9875    27.1932    1488.49    1483.85 0.0000e+00
       5961    283.000     8.3767     8.3767   3.666111   3.667718     2.2183    -0.0574      98.80 4.9497e-02 0.0000e+00    80.7836    5.81087    34.9702    34.9872    27.1934    1488.50    1483.87 0.0000e+00
       5988    284.000     8.3734     8.3720   3.665791   3.667241     2.2181    -0.0578      75.28 4.9497e-02 0.0000e+00    80.7856    5.82016    34.9696    34.9864    27.1934    1488.50    1483.89 0.0000e+00
       6018    285.000     8.3710     8.3695   3.665592   3.667046     2.2183    -0.0579      95.17 4.9488e-02 0.0000e+00    80.8107    5.83005    34.9693    34.9863    27.1936    1488.51    1483.90 0.0000e+00
       6042    286.000     8.3707     8.3690   3.665600   3.667047     2.2189    -0.0749      98.85 4.9479e-02 0.0000e+00    80.8330    5.82615    34.9692    34.9863    27.1936    1488.53    1483.92 0.0000e+00
       6062    287.000     8.3682     8.3666   3.665368   3.666796     2.2186    -0.0858      98.80 4.9493e-02 0.0000e+00    80.8394    5.82404    34.9688    34.9856    27.1936    1488.53    1483.93 0.0000e+00
       6080    288.000     8.3663     8.3646   3.665208   3.666654     2.2185    -0.0557      98.81 4.9469e-02 0.0000e+00    80.6601    5.82459    34.9685    34.9855    27.1937    1488.54    1483.95 0.0000e+00
       6097    289.000     8.3663     8.3646   3.665261   3.666707     2.2183    -0.0594      98.81 4.9488e-02 0.0000e+00    80.8593    5.82586    34.9686    34.9856    27.1938    1488.56    1483.97 0.0000e+00
       6114    290.000     8.3663     8.3645   3.665305   3.666752     2.2183    -0.0558      98.80 4.9472e-02 0.0000e+00    80.8696    5.82433    34.9686    34.9857    27.1937    1488.57    1483.98 0.0000e+00
       6130    291.000     8.3667     8.3648   3.665398   3.666840     2.2178    -0.0576      86.65 4.9491e-02 0.0000e+00    80.8807    5.82185    34.9687    34.9859    27.1938    1488.59    1484.00 0.0000e+00
       6146    292.000     8.3663     8.3647   3.665404   3.666863     2.2177    -0.0729      53.95 4.9465e-02 0.0000e+00    80.8632    5.82594    34.9687    34.9858    27.1938    1488.61    1484.01 0.0000e+00
       6165    293.000     8.3656     8.3641   3.665409   3.666862     2.2177    -0.0884      51.23 4.9483e-02 0.0000e+00    80.8787    5.82703    34.9689    34.9859    27.1941    1488.62    1484.03 0.0000e+00
       6195    294.000     8.3658     8.3643   3.665479   3.666927     2.2175    -0.0581      71.30 4.9492e-02 0.0000e+00    80.8782    5.82972    34.9690    34.9859    27.1942    1488.64    1484.04 0.0000e+00
       6233    295.000     8.3659     8.3644   3.665528   3.666984     2.2181    -0.0836      87.41 4.9465e-02 0.0000e+00    80.9115    5.83251    34.9690    34.9859    27.1941    1488.66    1484.06 0.0000e+00
       6258    296.000     8.3661     8.3645   3.665609   3.667057     2.2180    -0.0882      75.14 4.9489e-02 0.0000e+00    80.9251    5.82747    34.9691    34.9861    27.1942    1488.67    1484.07 0.0000e+00
       6275    297.000     8.3667     8.3649   3.665690   3.667132     2.2175    -0.0888      98.96 4.9474e-02 0.0000e+00    80.8978    5.82455    34.9689    34.9860    27.1940    1488.69    1484.09 0.0000e+00
       6289    298.000     8.3666     8.3649   3.665742   3.667191     2.2173    -0.0583      98.80 4.9504e-02 0.0000e+00    80.9020    5.82475    34.9691    34.9862    27.1941    1488.71    1484.11 0.0000e+00
       6302    299.000     8.3659     8.3643   3.665734   3.667184     2.2170    -0.0714      98.80 4.9473e-02 0.0000e+00    80.8562    5.82322    34.9692    34.9862    27.1943    1488.72    1484.12 0.0000e+00
       6314    300.000     8.3659     8.3643   3.665785   3.667239     2.2167    -0.0918      98.80 4.9471e-02 0.0000e+00    80.8449    5.81950    34.9693    34.9863    27.1944    1488.74    1484.14 0.0000e+00
       6330    301.000     8.3663     8.3647   3.665896   3.667343     2.2159    -0.0866      57.67 4.9474e-02 0.0000e+00    80.8416    5.81575    34.9696    34.9866    27.1946    1488.76    1484.15 0.0000e+00
       6358    302.000     8.3671     8.3655   3.666028   3.667483     2.2150    -0.0732      40.43 4.9503e-02 0.0000e+00    80.8621    5.82215    34.9697    34.9868    27.1945    1488.78    1484.17 0.0000e+00
       6388    303.000     8.3700     8.3684   3.666450   3.667906     2.2152    -0.0573      39.55 4.9500e-02 0.0000e+00    80.8836    5.82908    34.9709    34.9879    27.1950    1488.80    1484.18 0.0000e+00
       6409    304.000     8.3745     8.3714   3.666995   3.668273     2.2152 -9.990e-29      38.71 4.9478e-02 0.0000e+00    80.8910    5.82368    34.9717    34.9884    27.1950    1488.84    1484.20 0.0000e+00
       6426    305.000     8.3771     8.3750   3.667357   3.668795     2.2148 -9.990e-29      38.01 4.9504e-02 0.0000e+00    80.8838    5.83058    34.9725    34.9899    27.1952    1488.87    1484.21 0.0000e+00
