_data/ctd/2022603/sta0198.cnv
* Sea-Bird SBE 9 Data File:
* FileName = C:\Seabird\CTDData\sta0198.hex
* Software Version Seasave V 7.21f
* Temperature SN = 6264
* Conductivity SN = 4928
* Number of Bytes Per Scan = 40
* Number of Voltage Words = 5
* Number of Scans Averaged by the Deck Unit = 1
* NMEA Latitude = 61 05.87 N
* NMEA Longitude = 006 28.48 E
* NMEA UTC (Time) = Feb 14 2022 22:02:32
* NMEA baud rate = 4800
** Ship: R/V "Kristine Bonnevie"
** Station: 0198
** Echodepth: 1176
** Log: 0783.995
** Wind-Dir/Force: 45 26
** Air-temp (dry): 3.7
** Weather Sky:
** Sea:
# nquan = 19                                
# nvalues = 1188                        
# units = specified
# name 0 = scan: Scan Count
# name 1 = prDM: Pressure, Digiquartz [db]
# name 2 = t068C: Temperature [ITS-68, deg C]
# name 3 = t168C: Temperature, 2 [ITS-68, deg C]
# name 4 = c0S/m: Conductivity [S/m]
# name 5 = c1S/m: Conductivity, 2 [S/m]
# name 6 = sbeox0V: Oxygen raw, SBE 43 [V]
# name 7 = flECO-AFL: Fluorescence, WET Labs ECO-AFL/FL [mg/m^3]
# name 8 = altM: Altimeter [m]
# name 9 = par: PAR/Irradiance, Biospherical/Licor
# name 10 = spar: SPAR/Surface Irradiance
# name 11 = CStarTr0: Beam Transmission, WET Labs C-Star [%]
# name 12 = sbeox0ML/L: Oxygen, SBE 43 [ml/l], WS = 2
# name 13 = sal00: Salinity, Practical [PSU]
# name 14 = sal11: Salinity, Practical, 2 [PSU]
# name 15 = sigma-t00: Density [sigma-t, Kg/m^3 ]
# name 16 = svCM: Sound Velocity [Chen-Millero, m/s]
# name 17 = avgsvCM: Average Sound Velocity [Chen-Millero, m/s], minP = 1, minS = 5
# name 18 = flag: flag
# span 0 =        135,      28546       
# span 1 =      2.000,   1189.000       
# span 2 =     5.2888,     9.9922       
# span 3 =     5.2867,     9.9905       
# span 4 =   2.903172,   3.710665       
# span 5 =   2.903700,   3.712009       
# span 6 =     1.5492,     2.4749       
# span 7 =    -0.1006,     0.7910       
# span 8 =       5.51,     100.17       
# span 9 = 4.8502e-02, 7.3919e-01       
# span 10 = 0.0000e+00, 0.0000e+00      
# span 11 =    79.4360,    81.9693      
# span 12 =    4.07507,    7.14064      
# span 13 =    29.6589,    35.0229      
# span 14 =    29.6667,    35.0391      
# span 15 =    23.4137,    27.3648      
# span 16 =    1465.15,    1500.33      
# span 17 =    1465.15,    1490.98      
# span 18 = 0.0000e+00, 0.0000e+00      
# interval = decibars: 1                
# start_time = Feb 14 2022 22:02:34 [System UTC, header]
# bad_flag = -9.990e-29
*END*
[from data line 839]
      18774    841.000     7.4969     7.4957   3.613499   3.614878     1.6128    -0.0655      65.98 4.9495e-02 0.0000e+00    81.7942    4.13950    35.0190    35.0351    27.3634    1494.44    1488.35 0.0000e+00
      18794    842.000     7.4970     7.4957   3.613555   3.614928     1.6130    -0.0616      88.98 4.9505e-02 0.0000e+00    81.7871    4.14200    35.0191    35.0352    27.3634    1494.46    1488.36 0.0000e+00
      18814    843.000     7.4970     7.4958   3.613605   3.614980     1.6126    -0.0653      94.88 4.9519e-02 0.0000e+00    81.7817    4.13995    35.0192    35.0352    27.3635    1494.48    1488.37 0.0000e+00
      18833    844.000     7.4972     7.4958   3.613655   3.615031     1.6129    -0.0540      94.90 4.9482e-02 0.0000e+00    81.7828    4.14114    35.0190    35.0353    27.3634    1494.49    1488.37 0.0000e+00
      18852    845.000     7.4973     7.4959   3.613705   3.615078     1.6125    -0.0542      34.27 4.9490e-02 0.0000e+00    81.7759    4.14030    35.0190    35.0352    27.3633    1494.51    1488.38 0.0000e+00
      18871    846.000     7.4974     7.4960   3.613763   3.615133     1.6123    -0.0676      98.81 4.9512e-02 0.0000e+00    81.7864    4.14160    35.0191    35.0353    27.3634    1494.53    1488.39 0.0000e+00
      18889    847.000     7.4974     7.4961   3.613820   3.615195     1.6126    -0.0704      98.78 4.9509e-02 0.0000e+00    81.7828    4.14144    35.0192    35.0354    27.3635    1494.54    1488.39 0.0000e+00
      18908    848.000     7.4976     7.4962   3.613865   3.615238     1.6121    -0.0660      98.78 4.9497e-02 0.0000e+00    81.7822    4.13907    35.0190    35.0353    27.3633    1494.56    1488.40 0.0000e+00
      18927    849.000     7.4977     7.4963   3.613913   3.615288     1.6120    -0.0665      98.78 4.9505e-02 0.0000e+00    81.7717    4.14097    35.0190    35.0352    27.3633    1494.58    1488.41 0.0000e+00
      18946    850.000     7.4977     7.4964   3.613965   3.615348     1.6120    -0.0604      63.09 4.9502e-02 0.0000e+00    81.7796    4.14050    35.0191    35.0353    27.3633    1494.59    1488.42 0.0000e+00
      18967    851.000     7.4978     7.4964   3.614019   3.615402     1.6116    -0.0649      88.12 4.9509e-02 0.0000e+00    81.7726    4.13815    35.0191    35.0354    27.3633    1494.61    1488.42 0.0000e+00
      18987    852.000     7.4979     7.4965   3.614069   3.615447     1.6115    -0.0703      86.89 4.9479e-02 0.0000e+00    81.7794    4.13653    35.0191    35.0353    27.3633    1494.63    1488.43 0.0000e+00
      19008    853.000     7.4979     7.4966   3.614126   3.615491     1.6110    -0.0661      80.55 4.9492e-02 0.0000e+00    81.7755    4.13587    35.0192    35.0353    27.3634    1494.64    1488.44 0.0000e+00
      19029    854.000     7.4980     7.4967   3.614172   3.615547     1.6108    -0.0641      52.05 4.9490e-02 0.0000e+00    81.7799    4.14053    35.0191    35.0353    27.3633    1494.66    1488.45 0.0000e+00
      19052    855.000     7.4980     7.4968   3.614221   3.615608     1.6108    -0.0618      99.44 4.9502e-02 0.0000e+00    81.7897    4.13813    35.0192    35.0354    27.3634    1494.68    1488.45 0.0000e+00
      19074    856.000     7.4981     7.4969   3.614277   3.615649     1.6103    -0.0706      57.86 4.9483e-02 0.0000e+00    81.7859    4.13517    35.0192    35.0353    27.3634    1494.70    1488.46 0.0000e+00
      19096    857.000     7.4982     7.4969   3.614325   3.615704     1.6102    -0.0651      97.65 4.9506e-02 0.0000e+00    81.7986    4.13861    35.0192    35.0354    27.3633    1494.71    1488.47 0.0000e+00
      19118    858.000     7.4983     7.4971   3.614383   3.615753     1.6102    -0.0557      98.80 4.9498e-02 0.0000e+00    81.7916    4.13904    35.0192    35.0352    27.3634    1494.73    1488.47 0.0000e+00
      19139    859.000     7.4984     7.4971   3.614428   3.615811     1.6102    -0.0558      86.86 4.9508e-02 0.0000e+00    81.7894    4.14205    35.0192    35.0354    27.3633    1494.75    1488.48 0.0000e+00
      19161    860.000     7.4984     7.4971   3.614486   3.615854     1.6100    -0.0558      79.45 4.9499e-02 0.0000e+00    81.7936    4.13687    35.0193    35.0354    27.3634    1494.76    1488.49 0.0000e+00
      19181    861.000     7.4985     7.4972   3.614533   3.615911     1.6098    -0.0558      36.45 4.9505e-02 0.0000e+00    81.7881    4.13964    35.0193    35.0354    27.3634    1494.78    1488.50 0.0000e+00
      19201    862.000     7.4986     7.4972   3.614585   3.615962     1.6098    -0.0558      99.50 4.9502e-02 0.0000e+00    81.7802    4.13704    35.0193    35.0355    27.3633    1494.80    1488.50 0.0000e+00
      19220    863.000     7.4986     7.4973   3.614639   3.616004     1.6093 -9.990e-29      94.36 4.9515e-02 0.0000e+00    81.7971    4.13673    35.0194    35.0354    27.3634    1494.81    1488.51 0.0000e+00
      19240    864.000     7.4987     7.4973   3.614688   3.616055     1.6094 -9.990e-29      85.96 4.9505e-02 0.0000e+00    81.7832    4.13676    35.0193    35.0355    27.3634    1494.83    1488.52 0.0000e+00
      19259    865.000     7.4987     7.4974   3.614734   3.616108     1.6089 -9.990e-29      83.36 4.9490e-02 0.0000e+00    81.7854    4.13382    35.0194    35.0355    27.3634    1494.85    1488.53 0.0000e+00
      19278    866.000     7.4988     7.4974   3.614783   3.616147     1.6086 -9.990e-29      98.75 4.9508e-02 0.0000e+00    81.7917    4.13347    35.0193    35.0355    27.3634    1494.86    1488.53 0.0000e+00
      19298    867.000     7.4987     7.4973   3.614822   3.616199     1.6084 -9.990e-29      98.78 4.9522e-02 0.0000e+00    81.7913    4.13734    35.0194    35.0357    27.3634    1494.88    1488.54 0.0000e+00
      19319    868.000     7.4987     7.4974   3.614866   3.616256     1.6083 -9.990e-29      45.81 4.9525e-02 0.0000e+00    81.7806    4.13799    35.0194    35.0357    27.3634    1494.90    1488.55 0.0000e+00
      19340    869.000     7.4988     7.4975   3.614919   3.616300     1.6084 -9.990e-29      97.23 4.9499e-02 0.0000e+00    81.7812    4.13854    35.0194    35.0356    27.3634    1494.91    1488.55 0.0000e+00
      19362    870.000     7.4988     7.4975   3.614972   3.616345     1.6079 -9.990e-29      98.41 4.9517e-02 0.0000e+00    81.7863    4.13102    35.0195    35.0356    27.3635    1494.93    1488.56 0.0000e+00
      19385    871.000     7.4988     7.4975   3.615024   3.616400     1.6076 -9.990e-29      61.64 4.9488e-02 0.0000e+00    81.7642    4.13328    35.0196    35.0358    27.3636    1494.95    1488.57 0.0000e+00
      19408    872.000     7.4989     7.4976   3.615074   3.616452     1.6073    -0.0590      98.79 4.9505e-02 0.0000e+00    81.7491    4.13416    35.0196    35.0357    27.3635    1494.96    1488.58 0.0000e+00
      19431    873.000     7.4990     7.4977   3.615122   3.616505     1.6072    -0.0611      98.40 4.9511e-02 0.0000e+00    81.7707    4.13996    35.0195    35.0358    27.3635    1494.98    1488.58 0.0000e+00
      19453    874.000     7.4991     7.4978   3.615182   3.616556     1.6074    -0.0654      83.40 4.9490e-02 0.0000e+00    81.7750    4.13610    35.0196    35.0357    27.3635    1495.00    1488.59 0.0000e+00
      19475    875.000     7.4992     7.4978   3.615230   3.616607     1.6070    -0.0634      75.38 4.9519e-02 0.0000e+00    81.7919    4.13090    35.0195    35.0358    27.3635    1495.01    1488.60 0.0000e+00
      19496    876.000     7.4993     7.4980   3.615292   3.616663     1.6065    -0.0671      99.21 4.9505e-02 0.0000e+00    81.7756    4.12846    35.0196    35.0358    27.3636    1495.03    1488.61 0.0000e+00
      19517    877.000     7.4994     7.4981   3.615334   3.616719     1.6061    -0.0660      98.46 4.9516e-02 0.0000e+00    81.7850    4.12533    35.0195    35.0358    27.3635    1495.05    1488.61 0.0000e+00
      19537    878.000     7.4994     7.4981   3.615384   3.616768     1.6052    -0.0735      78.90 4.9487e-02 0.0000e+00    81.7668    4.12266    35.0196    35.0359    27.3635    1495.06    1488.62 0.0000e+00
      19556    879.000     7.4993     7.4980   3.615424   3.616810     1.6050    -0.0635      72.08 4.9520e-02 0.0000e+00    81.7655    4.11900    35.0197    35.0359    27.3636    1495.08    1488.63 0.0000e+00
      19576    880.000     7.4996     7.4982   3.615495   3.616867     1.6038    -0.0629      32.90 4.9481e-02 0.0000e+00    81.7618    4.11512    35.0197    35.0359    27.3635    1495.10    1488.63 0.0000e+00
      19595    881.000     7.4996     7.4983   3.615534   3.616909     1.6033    -0.0670      98.02 4.9526e-02 0.0000e+00    81.7742    4.11633    35.0196    35.0358    27.3635    1495.12    1488.64 0.0000e+00
      19614    882.000     7.4996     7.4982   3.615581   3.616960     1.6026    -0.0625      94.95 4.9495e-02 0.0000e+00    81.7876    4.11232    35.0197    35.0360    27.3635    1495.13    1488.65 0.0000e+00
      19634    883.000     7.4995     7.4982   3.615634   3.616998     1.6019    -0.0707      83.25 4.9495e-02 0.0000e+00    81.7646    4.11047    35.0199    35.0359    27.3637    1495.15    1488.66 0.0000e+00
      19654    884.000     7.4995     7.4982   3.615677   3.617045     1.6011    -0.0531      60.60 4.9501e-02 0.0000e+00    81.7783    4.10773    35.0199    35.0360    27.3637    1495.16    1488.66 0.0000e+00
      19675    885.000     7.4995     7.4982   3.615724   3.617103     1.6004    -0.0567      98.00 4.9538e-02 0.0000e+00    81.7799    4.11429    35.0199    35.0361    27.3637    1495.18    1488.67 0.0000e+00
      19696    886.000     7.4996     7.4982   3.615773   3.617145     1.6005    -0.0639      98.78 4.9519e-02 0.0000e+00    81.7726    4.11656    35.0199    35.0361    27.3637    1495.20    1488.68 0.0000e+00
      19718    887.000     7.4996     7.4983   3.615818   3.617198     1.6001 -9.990e-29      67.57 4.9502e-02 0.0000e+00    81.7819    4.11219    35.0199    35.0361    27.3637    1495.21    1488.69 0.0000e+00
      19740    888.000     7.4996     7.4983   3.615867   3.617245     1.5998 -9.990e-29      98.09 4.9494e-02 0.0000e+00    81.7643    4.11323    35.0200    35.0361    27.3638    1495.23    1488.69 0.0000e+00
      19762    889.000     7.4997     7.4984   3.615917   3.617296     1.5994 -9.990e-29      98.51 4.9508e-02 0.0000e+00    81.7486    4.11246    35.0199    35.0361    27.3637    1495.25    1488.70 0.0000e+00
      19785    890.000     7.4997     7.4984   3.615960   3.617341     1.5993 -9.990e-29      95.54 4.9476e-02 0.0000e+00    81.7876    4.11391    35.0199    35.0361    27.3637    1495.26    1488.71 0.0000e+00
      19807    891.000     7.4998     7.4985   3.616022   3.617396     1.5990    -0.0565      66.57 4.9496e-02 0.0000e+00    81.7586    4.11199    35.0200    35.0362    27.3638    1495.28    1488.72 0.0000e+00
      19829    892.000     7.4999     7.4986   3.616076   3.617449     1.5988    -0.0558      99.37 4.9515e-02 0.0000e+00    81.7761    4.11909    35.0201    35.0362    27.3638    1495.30    1488.72 0.0000e+00
      19850    893.000     7.5000     7.4987   3.616124   3.617501     1.5991    -0.0558      98.78 4.9477e-02 0.0000e+00    81.7590    4.11576    35.0200    35.0362    27.3637    1495.32    1488.73 0.0000e+00
      19872    894.000     7.5001     7.4988   3.616183   3.617546     1.5987    -0.0558      78.52 4.9523e-02 0.0000e+00    81.7836    4.11513    35.0201    35.0361    27.3638    1495.33    1488.74 0.0000e+00
      19892    895.000     7.5002     7.4988   3.616234   3.617600     1.5988    -0.0558      70.76 4.9545e-02 0.0000e+00    81.7790    4.11687    35.0201    35.0362    27.3637    1495.35    1488.74 0.0000e+00
      19912    896.000     7.5003     7.4990   3.616283   3.617665     1.5986    -0.0662      69.70 4.9461e-02 0.0000e+00    81.7708    4.11869    35.0200    35.0362    27.3637    1495.37    1488.75 0.0000e+00
      19932    897.000     7.5005     7.4991   3.616344   3.617715     1.5989    -0.0576      98.42 4.9515e-02 0.0000e+00    81.7773    4.11917    35.0200    35.0362    27.3637    1495.38    1488.76 0.0000e+00
      19952    898.000     7.5005     7.4992   3.616396   3.617771     1.5987    -0.0667      98.60 4.9509e-02 0.0000e+00    81.7834    4.11582    35.0201    35.0363    27.3637    1495.40    1488.77 0.0000e+00
      19973    899.000     7.5006     7.4993   3.616438   3.617821     1.5985    -0.0676      62.21 4.9522e-02 0.0000e+00    81.7659    4.11811    35.0200    35.0362    27.3636    1495.42    1488.77 0.0000e+00
      19993    900.000     7.5006     7.4994   3.616502   3.617877     1.5986    -0.0704      57.80 4.9525e-02 0.0000e+00    81.7523    4.11706    35.0202    35.0363    27.3638    1495.43    1488.78 0.0000e+00
      20014    901.000     7.5007     7.4995   3.616539   3.617927     1.5985    -0.0617      62.88 4.9499e-02 0.0000e+00    81.7618    4.12023    35.0201    35.0362    27.3637    1495.45    1488.79 0.0000e+00
      20035    902.000     7.5008     7.4996   3.616596   3.617974     1.5981    -0.0694      97.45 4.9465e-02 0.0000e+00    81.7693    4.11240    35.0201    35.0362    27.3637    1495.47    1488.80 0.0000e+00
      20057    903.000     7.5009     7.4996   3.616648   3.618017     1.5981    -0.0631      98.78 4.9525e-02 0.0000e+00    81.7747    4.11628    35.0201    35.0362    27.3637    1495.48    1488.80 0.0000e+00
      20079    904.000     7.5010     7.4997   3.616704   3.618077     1.5977    -0.0625      98.66 4.9493e-02 0.0000e+00    81.7695    4.11484    35.0201    35.0363    27.3637    1495.50    1488.81 0.0000e+00
      20103    905.000     7.5011     7.4998   3.616747   3.618131     1.5977    -0.0622      82.95 4.9538e-02 0.0000e+00    81.7729    4.11832    35.0200    35.0363    27.3636    1495.52    1488.82 0.0000e+00
      20125    906.000     7.5012     7.4999   3.616809   3.618183     1.5975    -0.0699      82.95 4.9471e-02 0.0000e+00    81.7667    4.11887    35.0201    35.0363    27.3637    1495.54    1488.83 0.0000e+00
      20147    907.000     7.5013     7.5000   3.616862   3.618230     1.5976    -0.0624      98.73 4.9521e-02 0.0000e+00    81.7781    4.11878    35.0201    35.0362    27.3637    1495.55    1488.83 0.0000e+00
      20169    908.000     7.5013     7.5001   3.616911   3.618293     1.5976    -0.0618      96.59 4.9483e-02 0.0000e+00    81.7770    4.11875    35.0202    35.0363    27.3637    1495.57    1488.84 0.0000e+00
      20191    909.000     7.5014     7.5001   3.616964   3.618343     1.5973    -0.0611      79.39 4.9479e-02 0.0000e+00    81.7634    4.11581    35.0202    35.0364    27.3637    1495.59    1488.85 0.0000e+00
      20212    910.000     7.5015     7.5003   3.617011   3.618390     1.5974 -9.990e-29      24.89 4.9499e-02 0.0000e+00    81.7692    4.12391    35.0202    35.0363    27.3636    1495.60    1488.86 0.0000e+00
      20233    911.000     7.5016     7.5004   3.617063   3.618448     1.5975 -9.990e-29      98.17 4.9546e-02 0.0000e+00    81.7692    4.12051    35.0202    35.0363    27.3636    1495.62    1488.86 0.0000e+00
      20255    912.000     7.5014     7.5001   3.617097   3.618482     1.5972 -9.990e-29      85.41 4.9515e-02 0.0000e+00    81.7615    4.11766    35.0203    35.0365    27.3637    1495.64    1488.87 0.0000e+00
      20276    913.000     7.5013     7.5001   3.617142   3.618524     1.5974 -9.990e-29      71.73 4.9485e-02 0.0000e+00    81.7635    4.12223    35.0204    35.0365    27.3638    1495.65    1488.88 0.0000e+00
      20298    914.000     7.5013     7.5000   3.617196   3.618571     1.5972    -0.0760      72.53 4.9509e-02 0.0000e+00    81.7583    4.11788    35.0205    35.0366    27.3639    1495.67    1488.88 0.0000e+00
      20320    915.000     7.5014     7.5001   3.617244   3.618619     1.5968    -0.0626      98.97 4.9540e-02 0.0000e+00    81.7614    4.11408    35.0204    35.0366    27.3639    1495.69    1488.89 0.0000e+00
