_data/ctd/2022603/sta0225.cnv
* Sea-Bird SBE 9 Data File:
* FileName = C:\Seabird\CTDData\sta0225.hex
* Software Version Seasave V 7.21f
* Temperature SN = 6264
* Conductivity SN = 4928
* Number of Bytes Per Scan = 40
* Number of Voltage Words = 5
* Number of Scans Averaged by the Deck Unit = 1
* NMEA Latitude = 61 14.70 N
* NMEA Longitude = 004 54.40 E
* NMEA UTC (Time) = Feb 18 2022 00:14:38
* NMEA baud rate = 4800
** Ship: R/V "Kristine Bonnevie"
** Station: 0225
** Echodepth: 324
** Log: 1208.894
** Wind-Dir/Force: 28 17
** Air-temp (dry): 4.3
** Weather Sky:
** Sea:
# nquan = 19                                
# nvalues = 319                         
# units = specified
# name 0 = scan: Scan Count
# name 1 = prDM: Pressure, Digiquartz [db]
# name 2 = t068C: Temperature [ITS-68, deg C]
# name 3 = t168C: Temperature, 2 [ITS-68, deg C]
# name 4 = c0S/m: Conductivity [S/m]
# name 5 = c1S/m: Conductivity, 2 [S/m]
# name 6 = sbeox0V: Oxygen raw, SBE 43 [V]
# name 7 = flECO-AFL: Fluorescence, WET Labs ECO-AFL/FL [mg/m^3]
# name 8 = altM: Altimeter [m]
# name 9 = par: PAR/Irradiance, Biospherical/Licor
# name 10 = spar: SPAR/Surface Irradiance
# name 11 = CStarTr0: Beam Transmission, WET Labs C-Star [%]
# name 12 = sbeox0ML/L: Oxygen, SBE 43 [ml/l], WS = 2
# name 13 = sal00: Salinity, Practical [PSU]
# name 14 = sal11: Salinity, Practical, 2 [PSU]
# name 15 = sigma-t00: Density [sigma-t, Kg/m^3 ]
# name 16 = svCM: Sound Velocity [Chen-Millero, m/s]
# name 17 = avgsvCM: Average Sound Velocity [Chen-Millero, m/s], minP = 1, minS = 5
# name 18 = flag: flag
# span 0 =          8,       7873       
# span 1 =      2.000,    320.000       
# span 2 =     6.2065,     8.4778       
# span 3 =     6.2162,     8.4759       
# span 4 =   3.155189,   3.653770       
# span 5 =   3.158107,   3.655225       
# span 6 =     2.0460,     2.5104       
# span 7 =    -0.0980,     0.6737       
# span 8 =       8.68,      99.56       
# span 9 = 4.9445e-02, 6.6651e-01       
# span 10 = 0.0000e+00, 0.0000e+00      
# span 11 =    78.6404,    80.9660      
# span 12 =    5.33170,    6.92657      
# span 13 =    31.6423,    34.9753      
# span 14 =    31.6656,    34.9918      
# span 15 =    24.8755,    27.2793      
# span 16 =    1471.41,    1487.08      
# span 17 =    1471.45,    1483.75      
# span 18 = 0.0000e+00, 0.0000e+00      
# interval = decibars: 1                
# start_time = Feb 18 2022 00:14:41 [System UTC, header]
# bad_flag = -9.990e-29
*END*
[from data line 229]
       5345    231.000     7.9508     7.9489   3.622895   3.624271     2.0991    -0.0619      94.24 4.9474e-02 0.0000e+00    80.5269    5.41965    34.9570    34.9737    27.2478    1486.03    1482.72 0.0000e+00
       5364    232.000     7.9451     7.9444   3.622459   3.623884     2.0975    -0.0574      89.26 4.9490e-02 0.0000e+00    80.4836    5.41203    34.9575    34.9736    27.2491    1486.02    1482.74 0.0000e+00
       5384    233.000     7.9392     7.9379   3.622050   3.623450     2.0958    -0.0762      98.60 4.9477e-02 0.0000e+00    80.4676    5.41361    34.9586    34.9749    27.2507    1486.02    1482.75 0.0000e+00
       5408    234.000     7.9366     7.9356   3.621877   3.623305     2.0948    -0.0783      98.80 4.9470e-02 0.0000e+00    80.4521    5.41339    34.9588    34.9752    27.2513    1486.02    1482.77 0.0000e+00
       5437    235.000     7.9282     7.9278   3.621242   3.622684     2.0933    -0.0622      98.80 4.9494e-02 0.0000e+00    80.4520    5.41369    34.9599    34.9758    27.2534    1486.01    1482.78 0.0000e+00
       5464    236.000     7.9230     7.9213   3.620858   3.622233     2.0920    -0.0593      98.80 4.9471e-02 0.0000e+00    80.4376    5.40644    34.9605    34.9770    27.2547    1486.01    1482.79 0.0000e+00
       5487    237.000     7.9186     7.9166   3.620560   3.621909     2.0910    -0.0737      96.21 4.9485e-02 0.0000e+00    80.4394    5.40793    34.9612    34.9777    27.2559    1486.01    1482.81 0.0000e+00
       5507    238.000     7.9175     7.9155   3.620514   3.621899     2.0900    -0.0902      91.05 4.9474e-02 0.0000e+00    80.4172    5.40169    34.9613    34.9782    27.2561    1486.02    1482.82 0.0000e+00
       5527    239.000     7.9183     7.9166   3.620627   3.622026     2.0889    -0.0580      98.67 4.9487e-02 0.0000e+00    80.3567    5.39812    34.9612    34.9780    27.2560    1486.04    1482.83 0.0000e+00
       5549    240.000     7.9160     7.9133   3.620488   3.621758     2.0877    -0.0855      98.80 4.9469e-02 0.0000e+00    80.3049    5.39387    34.9615    34.9779    27.2566    1486.05    1482.85 0.0000e+00
       5572    241.000     7.9070     7.9047   3.619800   3.621102     2.0862    -0.0690      98.80 4.9468e-02 0.0000e+00    80.2489    5.38912    34.9627    34.9790    27.2588    1486.03    1482.86 0.0000e+00
       5597    242.000     7.9065     7.9049   3.619808   3.621196     2.0846    -0.0571      98.80 4.9478e-02 0.0000e+00    80.2533    5.39079    34.9628    34.9793    27.2589    1486.05    1482.87 0.0000e+00
       5623    243.000     7.9042     7.9026   3.619660   3.621031     2.0839    -0.0794      98.80 4.9485e-02 0.0000e+00    80.2172    5.39104    34.9630    34.9793    27.2594    1486.05    1482.89 0.0000e+00
       5650    244.000     7.8976     7.8961   3.619183   3.620556     2.0826    -0.0713      85.61 4.9498e-02 0.0000e+00    80.1696    5.38859    34.9640    34.9802    27.2612    1486.05    1482.90 0.0000e+00
       5675    245.000     7.8882     7.8872   3.618443   3.619823     2.0820    -0.0611      98.90 4.9500e-02 0.0000e+00    80.1355    5.38764    34.9649    34.9808    27.2633    1486.03    1482.91 0.0000e+00
       5699    246.000     7.8733     7.8712   3.617328   3.618613     2.0808    -0.0562      98.80 4.9487e-02 0.0000e+00    80.0337    5.38148    34.9673    34.9832    27.2675    1485.99    1482.93 0.0000e+00
       5721    247.000     7.8707     7.8694   3.617132   3.618533     2.0798    -0.0558      98.80 4.9472e-02 0.0000e+00    79.9916    5.38010    34.9673    34.9837    27.2679    1486.00    1482.94 0.0000e+00
       5742    248.000     7.8569     7.8577   3.616083   3.617602     2.0784    -0.0558      98.80 4.9499e-02 0.0000e+00    80.0051    5.37458    34.9693    34.9849    27.2715    1485.97    1482.95 0.0000e+00
       5763    249.000     7.8514     7.8505   3.615706   3.617139     2.0770    -0.0558      98.80 4.9477e-02 0.0000e+00    80.0129    5.36915    34.9703    34.9866    27.2731    1485.96    1482.96 0.0000e+00
       5786    250.000     7.8495     7.8481   3.615614   3.617009     2.0754    -0.0558      84.72 4.9481e-02 0.0000e+00    80.0384    5.36667    34.9707    34.9871    27.2737    1485.97    1482.97 0.0000e+00
       5810    251.000     7.8491     7.8475   3.615625   3.617010     2.0741    -0.0558      98.95 4.9478e-02 0.0000e+00    80.0704    5.36598    34.9708    34.9873    27.2738    1485.99    1482.99 0.0000e+00
       5835    252.000     7.8490     7.8475   3.615667   3.617058     2.0729 -9.990e-29      98.80 4.9495e-02 0.0000e+00    80.0985    5.36472    34.9708    34.9873    27.2738    1486.00    1483.00 0.0000e+00
       5860    253.000     7.8491     7.8476   3.615734   3.617126     2.0719 -9.990e-29      98.80 4.9481e-02 0.0000e+00    80.0546    5.36409    34.9710    34.9875    27.2739    1486.02    1483.01 0.0000e+00
       5882    254.000     7.8489     7.8473   3.615774   3.617151     2.0711 -9.990e-29      98.80 4.9493e-02 0.0000e+00    80.0880    5.35921    34.9711    34.9875    27.2741    1486.04    1483.02 0.0000e+00
       5905    255.000     7.8489     7.8475   3.615820   3.617217     2.0700    -0.0730      98.80 4.9470e-02 0.0000e+00    80.0712    5.35687    34.9711    34.9876    27.2741    1486.05    1483.03 0.0000e+00
       5928    256.000     7.8485     7.8469   3.615827   3.617220     2.0691    -0.0836      78.62 4.9475e-02 0.0000e+00    80.0732    5.35969    34.9711    34.9877    27.2741    1486.07    1483.05 0.0000e+00
       5951    257.000     7.8458     7.8444   3.615679   3.617069     2.0687    -0.0594      97.56 4.9470e-02 0.0000e+00    80.0995    5.36016    34.9717    34.9881    27.2750    1486.08    1483.06 0.0000e+00
       5973    258.000     7.8439     7.8424   3.615579   3.616970     2.0682    -0.0558      98.81 4.9458e-02 0.0000e+00    80.1160    5.36235    34.9721    34.9886    27.2756    1486.08    1483.07 0.0000e+00
       5996    259.000     7.8434     7.8421   3.615590   3.617000     2.0681    -0.0594      98.80 4.9474e-02 0.0000e+00    80.0884    5.36171    34.9722    34.9887    27.2757    1486.10    1483.08 0.0000e+00
       6021    260.000     7.8429     7.8415   3.615593   3.617000     2.0675 -9.990e-29      98.80 4.9476e-02 0.0000e+00    80.0676    5.35805    34.9722    34.9888    27.2759    1486.11    1483.09 0.0000e+00
       6046    261.000     7.8426     7.8409   3.615640   3.617019     2.0671 -9.990e-29      98.80 4.9485e-02 0.0000e+00    80.0419    5.35905    34.9726    34.9891    27.2762    1486.13    1483.10 0.0000e+00
       6068    262.000     7.8430     7.8413   3.615709   3.617093     2.0665 -9.990e-29      85.68 4.9479e-02 0.0000e+00    79.9932    5.35597    34.9724    34.9890    27.2760    1486.15    1483.12 0.0000e+00
       6089    263.000     7.8427     7.8411   3.615739   3.617123     2.0661 -9.990e-29      90.05 4.9499e-02 0.0000e+00    79.9700    5.35822    34.9726    34.9891    27.2761    1486.16    1483.13 0.0000e+00
       6111    264.000     7.8422     7.8407   3.615747   3.617149     2.0660    -0.0558      98.68 4.9482e-02 0.0000e+00    79.9536    5.36025    34.9727    34.9893    27.2763    1486.18    1483.14 0.0000e+00
       6134    265.000     7.8421     7.8406   3.615790   3.617188     2.0658    -0.0620      98.80 4.9463e-02 0.0000e+00    79.9118    5.35900    34.9727    34.9893    27.2764    1486.19    1483.15 0.0000e+00
       6158    266.000     7.8424     7.8409   3.615859   3.617245     2.0653    -0.0887      98.80 4.9485e-02 0.0000e+00    79.8987    5.35692    34.9727    34.9891    27.2763    1486.21    1483.16 0.0000e+00
       6183    267.000     7.8421     7.8407   3.615884   3.617283     2.0652    -0.0864      98.80 4.9468e-02 0.0000e+00    79.8771    5.35838    34.9728    34.9893    27.2764    1486.23    1483.17 0.0000e+00
       6206    268.000     7.8419     7.8406   3.615916   3.617317     2.0647    -0.0623      89.08 4.9479e-02 0.0000e+00    79.8643    5.35692    34.9729    34.9892    27.2765    1486.24    1483.18 0.0000e+00
       6230    269.000     7.8418     7.8403   3.615967   3.617350     2.0645    -0.0837      80.18 4.9493e-02 0.0000e+00    79.8827    5.35683    34.9730    34.9894    27.2766    1486.26    1483.20 0.0000e+00
       6252    270.000     7.8419     7.8403   3.616015   3.617405     2.0642    -0.0675      98.73 4.9492e-02 0.0000e+00    79.8562    5.35464    34.9729    34.9895    27.2766    1486.28    1483.21 0.0000e+00
       6272    271.000     7.8418     7.8402   3.616056   3.617446     2.0635    -0.0576      98.80 4.9476e-02 0.0000e+00    79.8658    5.35466    34.9730    34.9896    27.2766    1486.29    1483.22 0.0000e+00
       6291    272.000     7.8418     7.8402   3.616103   3.617489     2.0637    -0.0588      98.80 4.9481e-02 0.0000e+00    79.8634    5.35732    34.9730    34.9896    27.2766    1486.31    1483.23 0.0000e+00
       6312    273.000     7.8418     7.8403   3.616138   3.617535     2.0632    -0.0572      98.80 4.9481e-02 0.0000e+00    79.9026    5.35187    34.9729    34.9895    27.2766    1486.32    1483.24 0.0000e+00
       6339    274.000     7.8419     7.8403   3.616185   3.617575     2.0624    -0.0841      98.80 4.9463e-02 0.0000e+00    79.8667    5.35077    34.9728    34.9894    27.2765    1486.34    1483.25 0.0000e+00
       6369    275.000     7.8421     7.8406   3.616255   3.617647     2.0620    -0.0874      72.95 4.9487e-02 0.0000e+00    79.8748    5.35191    34.9729    34.9894    27.2765    1486.36    1483.26 0.0000e+00
       6395    276.000     7.8423     7.8408   3.616326   3.617712     2.0616    -0.0889      99.56 4.9479e-02 0.0000e+00    79.8917    5.35250    34.9730    34.9894    27.2765    1486.38    1483.27 0.0000e+00
       6417    277.000     7.8427     7.8409   3.616391   3.617769     2.0614    -0.0614      98.80 4.9467e-02 0.0000e+00    79.9131    5.35206    34.9728    34.9895    27.2763    1486.39    1483.29 0.0000e+00
       6436    278.000     7.8426     7.8406   3.616435   3.617796     2.0611    -0.0574      98.80 4.9483e-02 0.0000e+00    79.9055    5.35082    34.9729    34.9896    27.2764    1486.41    1483.30 0.0000e+00
       6455    279.000     7.8424     7.8407   3.616468   3.617865     2.0609    -0.0710      90.93 4.9515e-02 0.0000e+00    79.9028    5.35039    34.9730    34.9897    27.2765    1486.43    1483.31 0.0000e+00
       6477    280.000     7.8422     7.8406   3.616495   3.617885     2.0603    -0.0883      54.93 4.9495e-02 0.0000e+00    79.8864    5.34762    34.9730    34.9896    27.2765    1486.44    1483.32 0.0000e+00
       6505    281.000     7.8419     7.8404   3.616521   3.617910     2.0599    -0.0905      66.30 4.9511e-02 0.0000e+00    79.8508    5.35025    34.9731    34.9895    27.2767    1486.46    1483.33 0.0000e+00
       6533    282.000     7.8417     7.8402   3.616554   3.617943     2.0596    -0.0790      66.71 4.9487e-02 0.0000e+00    79.8616    5.34953    34.9731    34.9896    27.2767    1486.47    1483.34 0.0000e+00
       6558    283.000     7.8417     7.8400   3.616601   3.617992     2.0594    -0.0726      34.49 4.9515e-02 0.0000e+00    79.8744    5.35103    34.9732    34.9899    27.2768    1486.49    1483.35 0.0000e+00
       6580    284.000     7.8414     7.8399   3.616629   3.618033     2.0590    -0.0871      64.43 4.9479e-02 0.0000e+00    79.8366    5.34710    34.9733    34.9899    27.2769    1486.50    1483.36 0.0000e+00
       6601    285.000     7.8415     7.8399   3.616684   3.618086     2.0588    -0.0594      44.38 4.9479e-02 0.0000e+00    79.7768    5.34614    34.9733    34.9900    27.2769    1486.52    1483.37 0.0000e+00
       6621    286.000     7.8415     7.8399   3.616727   3.618126     2.0582 -9.990e-29      77.61 4.9508e-02 0.0000e+00    79.7925    5.34286    34.9733    34.9899    27.2769    1486.54    1483.39 0.0000e+00
       6643    287.000     7.8415     7.8399   3.616779   3.618166     2.0575 -9.990e-29      41.90 4.9483e-02 0.0000e+00    79.7756    5.34441    34.9734    34.9899    27.2769    1486.55    1483.40 0.0000e+00
       6665    288.000     7.8408     7.8391   3.616772   3.618147     2.0576 -9.990e-29      41.68 4.9493e-02 0.0000e+00    79.7720    5.34945    34.9735    34.9900    27.2771    1486.57    1483.41 0.0000e+00
       6689    289.000     7.8407     7.8392   3.616801   3.618200     2.0574 -9.990e-29      40.87 4.9514e-02 0.0000e+00    79.7410    5.34824    34.9734    34.9900    27.2771    1486.58    1483.42 0.0000e+00
       6716    290.000     7.8408     7.8393   3.616853   3.618252     2.0573 -9.990e-29      65.50 4.9489e-02 0.0000e+00    79.7245    5.34927    34.9734    34.9900    27.2771    1486.60    1483.43 0.0000e+00
       6745    291.000     7.8409     7.8395   3.616914   3.618311     2.0570 -9.990e-29      37.81 4.9484e-02 0.0000e+00    79.7285    5.34797    34.9735    34.9899    27.2771    1486.62    1483.44 0.0000e+00
       6771    292.000     7.8409     7.8395   3.616965   3.618357     2.0569 -9.990e-29      37.07 4.9489e-02 0.0000e+00    79.7234    5.35269    34.9735    34.9899    27.2772    1486.63    1483.45 0.0000e+00
       6794    293.000     7.8408     7.8393   3.617002   3.618395     2.0572 -9.990e-29      36.46 4.9495e-02 0.0000e+00    79.7151    5.35176    34.9736    34.9901    27.2772    1486.65    1483.46 0.0000e+00
       6814    294.000     7.8405     7.8390   3.617025   3.618432     2.0569 -9.990e-29      35.48 4.9495e-02 0.0000e+00    79.6891    5.34394    34.9736    34.9903    27.2773    1486.67    1483.47 0.0000e+00
       6834    295.000     7.8400     7.8384   3.617044   3.618431     2.0563 -9.990e-29      34.34 4.9492e-02 0.0000e+00    79.6923    5.34799    34.9738    34.9904    27.2775    1486.68    1483.48 0.0000e+00
       6857    296.000     7.8399     7.8383   3.617074   3.618468     2.0562 -9.990e-29      33.30 4.9487e-02 0.0000e+00    79.6510    5.34794    34.9738    34.9904    27.2775    1486.70    1483.50 0.0000e+00
       6884    297.000     7.8400     7.8385   3.617128   3.618523     2.0558 -9.990e-29      32.09 4.9499e-02 0.0000e+00    79.6389    5.34652    34.9738    34.9903    27.2775    1486.71    1483.51 0.0000e+00
       6912    298.000     7.8392     7.8379   3.617112   3.618508     2.0555 -9.990e-29      31.05 4.9490e-02 0.0000e+00    79.6310    5.34715    34.9739    34.9903    27.2777    1486.73    1483.52 0.0000e+00
       6937    299.000     7.8381     7.8368   3.617074   3.618472     2.0552 -9.990e-29      30.09 4.9491e-02 0.0000e+00    79.5891    5.34555    34.9741    34.9905    27.2780    1486.74    1483.53 0.0000e+00
       6960    300.000     7.8381     7.8364   3.617126   3.618514     2.0548 -9.990e-29      29.10 4.9488e-02 0.0000e+00    79.5880    5.34487    34.9742    34.9909    27.2781    1486.76    1483.54 0.0000e+00
       6979    301.000     7.8381     7.8365   3.617176   3.618568     2.0545 -9.990e-29      28.27 4.9505e-02 0.0000e+00    79.5565    5.34548    34.9743    34.9909    27.2782    1486.77    1483.55 0.0000e+00
       6997    302.000     7.8376     7.8360   3.617192   3.618579     2.0544    -0.0576      27.28 4.9478e-02 0.0000e+00    79.4745    5.34636    34.9744    34.9910    27.2784    1486.79    1483.56 0.0000e+00
       7017    303.000     7.8373     7.8357   3.617204   3.618604     2.0541    -0.0890      26.22 4.9477e-02 0.0000e+00    79.4943    5.34244    34.9744    34.9911    27.2784    1486.80    1483.57 0.0000e+00
       7042    304.000     7.8373     7.8357   3.617245   3.618645     2.0532    -0.0631      25.29 4.9505e-02 0.0000e+00    79.4798    5.33658    34.9744    34.9910    27.2783    1486.82    1483.58 0.0000e+00
       7074    305.000     7.8374     7.8358   3.617295   3.618697     2.0526    -0.0857      24.10 4.9481e-02 0.0000e+00    79.4634    5.34084    34.9743    34.9910    27.2783    1486.84    1483.59 0.0000e+00
