_data/ctd/2022603/sta0216.cnv
* Sea-Bird SBE 9 Data File:
* FileName = C:\Seabird\CTDData\sta0216.hex
* Software Version Seasave V 7.21f
* Temperature SN = 6264
* Conductivity SN = 4928
* Number of Bytes Per Scan = 40
* Number of Voltage Words = 5
* Number of Scans Averaged by the Deck Unit = 1
* NMEA Latitude = 61 29.24 N
* NMEA Longitude = 005 17.85 E
* NMEA UTC (Time) = Feb 16 2022 09:07:51
* NMEA baud rate = 4800
** Ship: R/V "Kristine Bonnevie"
** Station: 0216
** Echodepth: 347
** Log: 0945.471
** Wind-Dir/Force: 13  08
** Air-temp (dry): 4.2
** Weather Sky:
** Sea:
** FOFJ09
# nquan = 19                                
# nvalues = 344                         
# units = specified
# name 0 = scan: Scan Count
# name 1 = prDM: Pressure, Digiquartz [db]
# name 2 = t068C: Temperature [ITS-68, deg C]
# name 3 = t168C: Temperature, 2 [ITS-68, deg C]
# name 4 = c0S/m: Conductivity [S/m]
# name 5 = c1S/m: Conductivity, 2 [S/m]
# name 6 = sbeox0V: Oxygen raw, SBE 43 [V]
# name 7 = flECO-AFL: Fluorescence, WET Labs ECO-AFL/FL [mg/m^3]
# name 8 = altM: Altimeter [m]
# name 9 = par: PAR/Irradiance, Biospherical/Licor
# name 10 = spar: SPAR/Surface Irradiance
# name 11 = CStarTr0: Beam Transmission, WET Labs C-Star [%]
# name 12 = sbeox0ML/L: Oxygen, SBE 43 [ml/l], WS = 2
# name 13 = sal00: Salinity, Practical [PSU]
# name 14 = sal11: Salinity, Practical, 2 [PSU]
# name 15 = sigma-t00: Density [sigma-t, Kg/m^3 ]
# name 16 = svCM: Sound Velocity [Chen-Millero, m/s]
# name 17 = avgsvCM: Average Sound Velocity [Chen-Millero, m/s], minP = 1, minS = 5
# name 18 = flag: flag
# span 0 =        310,       8043       
# span 1 =      1.000,    344.000       
# span 2 =     6.2946,     9.0898       
# span 3 =     6.2935,     9.0878       
# span 4 =   3.031899,   3.662889       
# span 5 =   3.028851,   3.664372       
# span 6 =     1.9810,     2.4444       
# span 7 =    -0.0984,     0.1277       
# span 8 =       4.21,      99.59       
# span 9 = 4.9452e-02, 7.3376e+01       
# span 10 = 1.3682e+02, 1.7190e+02      
# span 11 =    78.6120,    81.1436      
# span 12 =    5.09599,    6.76152      
# span 13 =    29.9298,    35.0104      
# span 14 =    29.9180,    35.0272      
# span 15 =    23.4772,    27.2837      
# span 16 =    1470.76,    1488.10      
# span 17 =    1470.76,    1485.79      
# span 18 = 0.0000e+00, 0.0000e+00      
# interval = decibars: 1                
# start_time = Feb 16 2022 09:07:54 [System UTC, header]
# bad_flag = -9.990e-29
*END*
[from data line 229]
       5280    230.000     8.0459     8.0443   3.633935   3.635358     2.0424    -0.0900      86.26 4.9477e-02 1.6389e+02    80.0819    5.20667    34.9811    34.9979    27.2524    1486.40    1485.09 0.0000e+00
       5301    231.000     8.0457     8.0442   3.633984   3.635420     2.0404    -0.0863      98.90 4.9452e-02 1.6389e+02    80.0520    5.20358    34.9813    34.9982    27.2526    1486.41    1485.09 0.0000e+00
       5322    232.000     8.0435     8.0421   3.633935   3.635356     2.0388    -0.0584      98.80 4.9492e-02 1.6389e+02    80.0131    5.20285    34.9825    34.9992    27.2539    1486.42    1485.10 0.0000e+00
       5343    233.000     8.0419     8.0404   3.633909   3.635334     2.0374    -0.0634      88.47 4.9512e-02 1.6389e+02    79.9992    5.19843    34.9834    35.0001    27.2548    1486.44    1485.10 0.0000e+00
       5363    234.000     8.0407     8.0393   3.633911   3.635331     2.0358    -0.0584      97.11 4.9505e-02 1.6389e+02    79.9670    5.19421    34.9841    35.0007    27.2556    1486.45    1485.11 0.0000e+00
       5385    235.000     8.0396     8.0382   3.633918   3.635347     2.0345    -0.0630      98.80 4.9481e-02 1.6389e+02    79.9639    5.19648    34.9848    35.0015    27.2563    1486.46    1485.12 0.0000e+00
       5405    236.000     8.0381     8.0366   3.633915   3.635339     2.0337    -0.0739      96.46 4.9499e-02 1.6389e+02    79.9617    5.19358    34.9858    35.0025    27.2573    1486.47    1485.12 0.0000e+00
       5426    237.000     8.0359     8.0344   3.633936   3.635371     2.0321 -9.990e-29      89.66 4.9485e-02 1.6389e+02    79.9463    5.18668    34.9877    35.0046    27.2591    1486.48    1485.13 0.0000e+00
       5447    238.000     8.0330     8.0317   3.633932   3.635360     2.0313 -9.990e-29      98.88 4.9472e-02 1.6389e+02    79.9211    5.19171    34.9901    35.0067    27.2614    1486.49    1485.13 0.0000e+00
       5468    239.000     8.0312     8.0297   3.633937   3.635366     2.0305 -9.990e-29      98.80 4.9492e-02 1.6389e+02    79.8911    5.19233    34.9914    35.0083    27.2628    1486.50    1485.14 0.0000e+00
       5490    240.000     8.0294     8.0280   3.633854   3.635281     2.0300 -9.990e-29      94.24 4.9521e-02 1.6389e+02    79.8973    5.19021    34.9919    35.0086    27.2634    1486.51    1485.14 0.0000e+00
       5511    241.000     8.0284     8.0268   3.633832   3.635262     2.0293    -0.0627      98.83 4.9479e-02 1.6389e+02    79.8820    5.18705    34.9921    35.0091    27.2637    1486.53    1485.15 0.0000e+00
       5532    242.000     8.0284     8.0267   3.633893   3.635321     2.0282    -0.0587      98.80 4.9485e-02 1.6389e+02    79.8504    5.18045    34.9923    35.0093    27.2639    1486.54    1485.16 0.0000e+00
       5553    243.000     8.0280     8.0265   3.633934   3.635367     2.0273    -0.0601      94.44 4.9485e-02 1.6389e+02    79.7875    5.18224    34.9927    35.0095    27.2642    1486.56    1485.16 0.0000e+00
       5574    244.000     8.0271     8.0256   3.633939   3.635373     2.0266    -0.0631      93.81 4.9472e-02 1.6389e+02    79.7315    5.18044    34.9931    35.0100    27.2647    1486.57    1485.17 0.0000e+00
       5595    245.000     8.0269     8.0254   3.633984   3.635419     2.0257    -0.0665      98.75 4.9472e-02 1.6389e+02    79.7015    5.17549    34.9933    35.0102    27.2649    1486.59    1485.17 0.0000e+00
       5616    246.000     8.0264     8.0251   3.633997   3.635452     2.0247 -9.990e-29      98.80 4.9472e-02 1.6399e+02    79.7263    5.17408    34.9935    35.0104    27.2651    1486.60    1485.18 0.0000e+00
       5637    247.000     8.0241     8.0228   3.633895   3.635329     2.0239 -9.990e-29      90.43 4.9499e-02 1.6437e+02    79.7352    5.17209    34.9942    35.0109    27.2660    1486.61    1485.18 0.0000e+00
       5658    248.000     8.0219     8.0204   3.633818   3.635241     2.0231 -9.990e-29      98.84 4.9519e-02 1.6532e+02    79.7458    5.17657    34.9951    35.0119    27.2670    1486.62    1485.19 0.0000e+00
       5679    249.000     8.0201     8.0187   3.633778   3.635197     2.0231 -9.990e-29      98.80 4.9485e-02 1.6474e+02    79.7346    5.17684    34.9960    35.0126    27.2680    1486.63    1485.20 0.0000e+00
       5700    250.000     8.0173     8.0158   3.633616   3.635030     2.0221 -9.990e-29      93.70 4.9459e-02 1.6484e+02    79.7631    5.17167    34.9966    35.0132    27.2689    1486.64    1485.20 0.0000e+00
       5722    251.000     8.0152     8.0137   3.633495   3.634923     2.0218 -9.990e-29      96.10 4.9479e-02 1.6592e+02    79.7295    5.17331    34.9969    35.0137    27.2694    1486.65    1485.21 0.0000e+00
       5742    252.000     8.0152     8.0134   3.633561   3.634982     2.0210 -9.990e-29      98.57 4.9485e-02 1.6589e+02    79.7069    5.16718    34.9971    35.0141    27.2696    1486.66    1485.21 0.0000e+00
       5763    253.000     8.0144     8.0128   3.633606   3.635041     2.0203 -9.990e-29      98.80 4.9479e-02 1.6589e+02    79.7041    5.16604    34.9979    35.0149    27.2704    1486.68    1485.22 0.0000e+00
       5783    254.000     8.0141     8.0125   3.633642   3.635077     2.0194 -9.990e-29      98.80 4.9495e-02 1.6589e+02    79.7168    5.16123    34.9981    35.0151    27.2706    1486.69    1485.22 0.0000e+00
       5804    255.000     8.0141     8.0125   3.633696   3.635118     2.0182 -9.990e-29      92.43 4.9485e-02 1.6589e+02    79.6760    5.16266    34.9982    35.0150    27.2706    1486.71    1485.23 0.0000e+00
       5825    256.000     8.0142     8.0126   3.633754   3.635186     2.0183 -9.990e-29      98.88 4.9519e-02 1.6589e+02    79.6892    5.16522    34.9982    35.0152    27.2707    1486.73    1485.24 0.0000e+00
       5846    257.000     8.0125     8.0109   3.633715   3.635132     2.0171 -9.990e-29      98.80 4.9485e-02 1.6589e+02    79.6814    5.15720    34.9990    35.0158    27.2715    1486.74    1485.24 0.0000e+00
       5867    258.000     8.0104     8.0090   3.633620   3.635052     2.0168 -9.990e-29      95.72 4.9505e-02 1.6589e+02    79.6474    5.16110    34.9996    35.0164    27.2723    1486.75    1485.25 0.0000e+00
       5887    259.000     8.0092     8.0078   3.633581   3.635013     2.0159 -9.990e-29      96.53 4.9474e-02 1.6589e+02    79.6362    5.15982    34.9999    35.0167    27.2727    1486.76    1485.25 0.0000e+00
       5908    260.000     8.0086     8.0070   3.633584   3.635010     2.0158 -9.990e-29      98.81 4.9459e-02 1.6589e+02    79.6401    5.15793    35.0001    35.0170    27.2730    1486.78    1485.26 0.0000e+00
       5929    261.000     8.0080     8.0065   3.633592   3.635022     2.0148 -9.990e-29      98.80 4.9512e-02 1.6589e+02    79.6208    5.15224    35.0003    35.0171    27.2732    1486.79    1485.27 0.0000e+00
       5950    262.000     8.0073     8.0057   3.633591   3.635018     2.0140 -9.990e-29      93.93 4.9499e-02 1.6589e+02    79.5978    5.15405    35.0005    35.0174    27.2735    1486.80    1485.27 0.0000e+00
       5970    263.000     8.0070     8.0055   3.633614   3.635053     2.0136 -9.990e-29      98.75 4.9488e-02 1.6589e+02    79.5922    5.15450    35.0005    35.0175    27.2736    1486.82    1485.28 0.0000e+00
       5991    264.000     8.0071     8.0055   3.633668   3.635108     2.0130 -9.990e-29      98.80 4.9509e-02 1.6589e+02    79.5919    5.15308    35.0005    35.0176    27.2735    1486.84    1485.28 0.0000e+00
       6011    265.000     8.0074     8.0059   3.633746   3.635169     2.0125    -0.0582      96.32 4.9498e-02 1.6589e+02    79.6241    5.15358    35.0006    35.0174    27.2735    1486.85    1485.29 0.0000e+00
       6032    266.000     8.0052     8.0036   3.633662   3.635086     2.0123    -0.0655      87.59 4.9518e-02 1.6589e+02    79.6126    5.15539    35.0014    35.0183    27.2745    1486.86    1485.29 0.0000e+00
       6053    267.000     8.0024     8.0009   3.633584   3.635007     2.0121    -0.0623      49.84 4.9495e-02 1.6589e+02    79.6091    5.15319    35.0029    35.0196    27.2761    1486.87    1485.30 0.0000e+00
       6073    268.000     8.0023     8.0007   3.633630   3.635045     2.0113    -0.0610      98.98 4.9509e-02 1.6589e+02    79.6176    5.15317    35.0030    35.0198    27.2762    1486.89    1485.31 0.0000e+00
       6093    269.000     8.0023     8.0006   3.633671   3.635102     2.0116    -0.0648      98.21 4.9518e-02 1.6589e+02    79.6060    5.15613    35.0030    35.0200    27.2762    1486.90    1485.31 0.0000e+00
       6113    270.000     8.0025     8.0009   3.633731   3.635154     2.0109 -9.990e-29      98.15 4.9515e-02 1.6589e+02    79.6080    5.14563    35.0029    35.0198    27.2761    1486.92    1485.32 0.0000e+00
       6134    271.000     8.0029     8.0013   3.633797   3.635234     2.0099 -9.990e-29      98.39 4.9512e-02 1.6589e+02    79.6084    5.14551    35.0027    35.0198    27.2759    1486.94    1485.32 0.0000e+00
       6155    272.000     8.0025     8.0009   3.633822   3.635249     2.0095 -9.990e-29      98.43 4.9492e-02 1.6589e+02    79.5501    5.14407    35.0029    35.0198    27.2761    1486.95    1485.33 0.0000e+00
       6176    273.000     8.0019     8.0004   3.633834   3.635273     2.0085 -9.990e-29      98.45 4.9499e-02 1.6589e+02    79.5909    5.14093    35.0032    35.0201    27.2764    1486.97    1485.34 0.0000e+00
       6197    274.000     8.0015     8.0006   3.633861   3.635339     2.0080 -9.990e-29      98.47 4.9512e-02 1.6589e+02    79.5810    5.14511    35.0034    35.0201    27.2766    1486.98    1485.34 0.0000e+00
       6218    275.000     8.0027     8.0010   3.633982   3.635413     2.0076 -9.990e-29      98.49 4.9479e-02 1.6589e+02    79.5826    5.14163    35.0030    35.0200    27.2761    1487.00    1485.35 0.0000e+00
       6239    276.000     8.0017     8.0003   3.633981   3.635403     2.0069 -9.990e-29      98.42 4.9505e-02 1.6589e+02    79.5632    5.14069    35.0035    35.0202    27.2767    1487.02    1485.35 0.0000e+00
       6260    277.000     8.0004     7.9988   3.633955   3.635375     2.0067 -9.990e-29      98.79 4.9473e-02 1.6589e+02    79.5879    5.13929    35.0040    35.0209    27.2773    1487.03    1485.36 0.0000e+00
       6281    278.000     8.0005     7.9988   3.634008   3.635434     2.0057 -9.990e-29      98.65 4.9466e-02 1.6589e+02    79.5730    5.13562    35.0040    35.0210    27.2773    1487.05    1485.37 0.0000e+00
       6301    279.000     8.0005     7.9988   3.634050   3.635480     2.0051    -0.0605      98.74 4.9481e-02 1.6599e+02    79.5694    5.13881    35.0040    35.0210    27.2772    1487.06    1485.37 0.0000e+00
       6322    280.000     7.9995     7.9980   3.634040   3.635478     2.0050    -0.0620      98.73 4.9499e-02 1.6677e+02    79.5493    5.14037    35.0044    35.0213    27.2777    1487.08    1485.38 0.0000e+00
       6343    281.000     7.9999     7.9983   3.634118   3.635544     2.0048    -0.0646      98.75 4.9486e-02 1.6638e+02    79.5140    5.13908    35.0044    35.0213    27.2776    1487.09    1485.38 0.0000e+00
       6364    282.000     7.9999     7.9983   3.634170   3.635582     2.0042    -0.0871      98.80 4.9479e-02 1.6681e+02    79.5311    5.13722    35.0044    35.0212    27.2777    1487.11    1485.39 0.0000e+00
       6385    283.000     8.0001     7.9985   3.634218   3.635649     2.0039    -0.0605      98.80 4.9472e-02 1.6770e+02    79.4978    5.14001    35.0043    35.0212    27.2775    1487.13    1485.40 0.0000e+00
       6407    284.000     8.0002     7.9985   3.634278   3.635704     2.0039    -0.0618      98.80 4.9464e-02 1.6779e+02    79.4526    5.14150    35.0043    35.0213    27.2776    1487.14    1485.40 0.0000e+00
       6428    285.000     8.0000     7.9984   3.634314   3.635736     2.0038 -9.990e-29      98.80 4.9465e-02 1.6789e+02    79.4993    5.14162    35.0044    35.0213    27.2777    1487.16    1485.41 0.0000e+00
       6449    286.000     7.9985     7.9969   3.634272   3.635694     2.0036 -9.990e-29      98.80 4.9459e-02 1.6789e+02    79.4800    5.13986    35.0050    35.0219    27.2783    1487.17    1485.42 0.0000e+00
       6470    287.000     7.9978     7.9969   3.634278   3.635742     2.0034 -9.990e-29      98.80 4.9465e-02 1.6789e+02    79.4890    5.14136    35.0053    35.0219    27.2787    1487.19    1485.42 0.0000e+00
       6491    288.000     7.9976     7.9962   3.634305   3.635737     2.0033 -9.990e-29      76.35 4.9479e-02 1.6789e+02    79.4671    5.13908    35.0053    35.0220    27.2787    1487.20    1485.43 0.0000e+00
       6513    289.000     7.9963     7.9948   3.634293   3.635722     2.0028 -9.990e-29      60.07 4.9502e-02 1.6789e+02    79.4354    5.13804    35.0060    35.0228    27.2794    1487.21    1485.43 0.0000e+00
       6534    290.000     7.9957     7.9945   3.634298   3.635757     2.0024 -9.990e-29      98.72 4.9492e-02 1.6789e+02    79.4246    5.13419    35.0061    35.0230    27.2797    1487.23    1485.44 0.0000e+00
       6555    291.000     7.9950     7.9934   3.634313   3.635741     2.0016 -9.990e-29      75.55 4.9492e-02 1.6789e+02    79.3781    5.12855    35.0065    35.0234    27.2801    1487.24    1485.45 0.0000e+00
       6576    292.000     7.9943     7.9928   3.634321   3.635756     2.0008 -9.990e-29      23.67 4.9505e-02 1.6789e+02    79.3977    5.12798    35.0068    35.0237    27.2804    1487.26    1485.45 0.0000e+00
       6598    293.000     7.9943     7.9927   3.634369   3.635807     2.0000 -9.990e-29      99.59 4.9489e-02 1.6789e+02    79.3649    5.12897    35.0069    35.0239    27.2804    1487.27    1485.46 0.0000e+00
       6619    294.000     7.9944     7.9928   3.634433   3.635857     1.9996 -9.990e-29      98.80 4.9492e-02 1.6789e+02    79.3319    5.12794    35.0070    35.0238    27.2805    1487.29    1485.47 0.0000e+00
       6640    295.000     7.9945     7.9930   3.634481   3.635908     1.9990 -9.990e-29      50.16 4.9505e-02 1.6789e+02    79.3102    5.12832    35.0069    35.0237    27.2804    1487.31    1485.47 0.0000e+00
       6661    296.000     7.9939     7.9925   3.634505   3.635933     1.9988 -9.990e-29      73.49 4.9499e-02 1.6789e+02    79.3396    5.12925    35.0073    35.0240    27.2808    1487.32    1485.48 0.0000e+00
       6682    297.000     7.9941     7.9926   3.634550   3.635985     1.9982 -9.990e-29      99.02 4.9479e-02 1.6789e+02    79.3296    5.12352    35.0071    35.0240    27.2806    1487.34    1485.48 0.0000e+00
       6704    298.000     7.9934     7.9918   3.634570   3.635987     1.9976 -9.990e-29      84.76 4.9471e-02 1.6789e+02    79.3415    5.12436    35.0075    35.0243    27.2811    1487.35    1485.49 0.0000e+00
       6725    299.000     7.9924     7.9909   3.634560   3.635993     1.9969 -9.990e-29      23.88 4.9499e-02 1.6789e+02    79.3073    5.12296    35.0079    35.0248    27.2815    1487.37    1485.50 0.0000e+00
       6747    300.000     7.9923     7.9908   3.634607   3.636037     1.9968 -9.990e-29      70.78 4.9515e-02 1.6789e+02    79.3012    5.12454    35.0080    35.0249    27.2817    1487.38    1485.50 0.0000e+00
       6767    301.000     7.9920     7.9905   3.634635   3.636068     1.9961 -9.990e-29      24.62 4.9509e-02 1.6789e+02    79.2810    5.12261    35.0082    35.0250    27.2818    1487.40    1485.51 0.0000e+00
       6788    302.000     7.9921     7.9905   3.634694   3.636119     1.9958 -9.990e-29      75.61 4.9485e-02 1.6789e+02    79.2463    5.12092    35.0082    35.0251    27.2818    1487.41    1485.52 0.0000e+00
       6809    303.000     7.9921     7.9906   3.634743   3.636163     1.9953    -0.0558      58.57 4.9496e-02 1.6789e+02    79.2392    5.12033    35.0083    35.0250    27.2819    1487.43    1485.52 0.0000e+00
       6831    304.000     7.9921     7.9906   3.634792   3.636222     1.9947    -0.0558      98.69 4.9459e-02 1.6789e+02    79.2035    5.11901    35.0083    35.0251    27.2819    1487.45    1485.53 0.0000e+00
