_data/ctd/2022603/sta0197.cnv
* Sea-Bird SBE 9 Data File:
* FileName = C:\Seabird\CTDData\sta0197.hex
* Software Version Seasave V 7.21f
* Temperature SN = 6264
* Conductivity SN = 4928
* Number of Bytes Per Scan = 40
* Number of Voltage Words = 5
* Number of Scans Averaged by the Deck Unit = 1
* NMEA Latitude = 61 10.81 N
* NMEA Longitude = 006 34.22 E
* NMEA UTC (Time) = Feb 14 2022 20:52:52
* NMEA baud rate = 4800
** Ship: R/V "Kristine Bonnevie"
** Station: 0197
** Echodepth: 807
** Log: 0777.926
** Wind-Dir/Force: 59 10
** Air-temp (dry): 4.4
** Weather Sky:
** Sea:
# nquan = 19                                
# nvalues = 820                         
# units = specified
# name 0 = scan: Scan Count
# name 1 = prDM: Pressure, Digiquartz [db]
# name 2 = t068C: Temperature [ITS-68, deg C]
# name 3 = t168C: Temperature, 2 [ITS-68, deg C]
# name 4 = c0S/m: Conductivity [S/m]
# name 5 = c1S/m: Conductivity, 2 [S/m]
# name 6 = sbeox0V: Oxygen raw, SBE 43 [V]
# name 7 = flECO-AFL: Fluorescence, WET Labs ECO-AFL/FL [mg/m^3]
# name 8 = altM: Altimeter [m]
# name 9 = par: PAR/Irradiance, Biospherical/Licor
# name 10 = spar: SPAR/Surface Irradiance
# name 11 = CStarTr0: Beam Transmission, WET Labs C-Star [%]
# name 12 = sbeox0ML/L: Oxygen, SBE 43 [ml/l], WS = 2
# name 13 = sal00: Salinity, Practical [PSU]
# name 14 = sal11: Salinity, Practical, 2 [PSU]
# name 15 = sigma-t00: Density [sigma-t, Kg/m^3 ]
# name 16 = svCM: Sound Velocity [Chen-Millero, m/s]
# name 17 = avgsvCM: Average Sound Velocity [Chen-Millero, m/s], minP = 1, minS = 5
# name 18 = flag: flag
# span 0 =         14,      17933       
# span 1 =      2.000,    821.000       
# span 2 =     5.0809,    10.0519       
# span 3 =     5.0767,    10.0496       
# span 4 =   2.843675,   3.711921       
# span 5 =   2.843263,   3.713514       
# span 6 =     1.5959,     2.4766       
# span 7 =    -0.1026,     0.8418       
# span 8 =      16.42,     106.36       
# span 9 = 4.9445e-02, 7.0179e-01       
# span 10 = 0.0000e+00, 0.0000e+00      
# span 11 =    79.5483,    82.0546      
# span 12 =    4.06069,    7.21205      
# span 13 =    29.1627,    35.0181      
# span 14 =    29.1683,    35.0341      
# span 15 =    23.0400,    27.3625      
# span 16 =    1463.70,    1494.11      
# span 17 =    1463.74,    1488.04      
# span 18 = 0.0000e+00, 0.0000e+00      
# interval = decibars: 1                
# start_time = Feb 14 2022 20:52:54 [System UTC, header]
# bad_flag = -9.990e-29
*END*
[from data line 458]
       9742    460.000     7.6363     7.6348   3.607033   3.608410     1.8780    -0.0721      93.13 4.9492e-02 0.0000e+00    81.9013    4.84339    34.9902    35.0066    27.3205    1488.65    1485.59 0.0000e+00
       9763    461.000     7.6339     7.6326   3.606863   3.608239     1.8764    -0.0649      98.86 4.9492e-02 0.0000e+00    81.9062    4.83842    34.9903    35.0065    27.3209    1488.65    1485.60 0.0000e+00
       9784    462.000     7.6313     7.6300   3.606693   3.608060     1.8749    -0.0698      70.68 4.9492e-02 0.0000e+00    81.8913    4.82937    34.9906    35.0067    27.3215    1488.66    1485.60 0.0000e+00
       9805    463.000     7.6310     7.6295   3.606714   3.608079     1.8728    -0.0646      76.38 4.9505e-02 0.0000e+00    81.9020    4.82175    34.9907    35.0069    27.3216    1488.68    1485.61 0.0000e+00
       9826    464.000     7.6302     7.6288   3.606678   3.608048     1.8711    -0.0637      77.35 4.9496e-02 0.0000e+00    81.9086    4.81519    34.9906    35.0068    27.3216    1488.69    1485.62 0.0000e+00
       9848    465.000     7.6269     7.6257   3.606426   3.607809     1.8689    -0.0650      78.91 4.9518e-02 0.0000e+00    81.9108    4.80882    34.9907    35.0068    27.3222    1488.69    1485.62 0.0000e+00
       9869    466.000     7.6239     7.6226   3.606207   3.607590     1.8671    -0.0678      87.60 4.9492e-02 0.0000e+00    81.9066    4.80553    34.9909    35.0071    27.3228    1488.70    1485.63 0.0000e+00
       9890    467.000     7.6207     7.6194   3.605985   3.607359     1.8653    -0.0776      56.27 4.9483e-02 0.0000e+00    81.9020    4.79914    34.9912    35.0073    27.3235    1488.70    1485.64 0.0000e+00
       9912    468.000     7.6199     7.6185   3.605956   3.607324     1.8634    -0.0891      95.50 4.9485e-02 0.0000e+00    81.9236    4.79756    34.9912    35.0074    27.3236    1488.72    1485.64 0.0000e+00
       9933    469.000     7.6190     7.6178   3.605934   3.607326     1.8619    -0.0676      98.85 4.9472e-02 0.0000e+00    81.9526    4.78761    34.9914    35.0076    27.3239    1488.73    1485.65 0.0000e+00
       9954    470.000     7.6170     7.6157   3.605797   3.607156     1.8597    -0.0718      98.80 4.9486e-02 0.0000e+00    81.9363    4.78040    34.9914    35.0074    27.3242    1488.74    1485.66 0.0000e+00
       9975    471.000     7.6116     7.6106   3.605368   3.606735     1.8580    -0.0674      66.74 4.9485e-02 0.0000e+00    81.9520    4.78041    34.9917    35.0075    27.3252    1488.73    1485.66 0.0000e+00
       9996    472.000     7.6061     7.6049   3.604926   3.606290     1.8563    -0.0660      67.63 4.9496e-02 0.0000e+00    81.9553    4.77386    34.9920    35.0079    27.3262    1488.73    1485.67 0.0000e+00
      10018    473.000     7.6032     7.6020   3.604727   3.606097     1.8544    -0.0675      42.27 4.9479e-02 0.0000e+00    81.9585    4.76807    34.9922    35.0083    27.3269    1488.74    1485.68 0.0000e+00
      10039    474.000     7.6015     7.6002   3.604614   3.605997     1.8528    -0.0678      66.59 4.9498e-02 0.0000e+00    81.9536    4.75667    34.9922    35.0085    27.3271    1488.75    1485.68 0.0000e+00
      10060    475.000     7.5969     7.5956   3.604263   3.605627     1.8500    -0.0694      81.07 4.9499e-02 0.0000e+00    81.9530    4.74099    34.9926    35.0086    27.3281    1488.75    1485.69 0.0000e+00
      10081    476.000     7.5945     7.5930   3.604106   3.605465     1.8475    -0.0756      70.37 4.9515e-02 0.0000e+00    81.9468    4.72754    34.9928    35.0090    27.3286    1488.75    1485.69 0.0000e+00
      10101    477.000     7.5916     7.5904   3.603891   3.605262     1.8439    -0.0785      88.14 4.9472e-02 0.0000e+00    81.9436    4.71316    34.9929    35.0089    27.3291    1488.76    1485.70 0.0000e+00
      10122    478.000     7.5897     7.5884   3.603779   3.605153     1.8411    -0.0715      65.52 4.9495e-02 0.0000e+00    81.9497    4.70571    34.9931    35.0093    27.3295    1488.77    1485.71 0.0000e+00
      10142    479.000     7.5871     7.5858   3.603595   3.604957     1.8379    -0.0704      96.26 4.9505e-02 0.0000e+00    81.9489    4.69323    34.9933    35.0093    27.3300    1488.78    1485.71 0.0000e+00
      10163    480.000     7.5852     7.5838   3.603491   3.604853     1.8345    -0.0732      70.27 4.9472e-02 0.0000e+00    81.9514    4.68350    34.9936    35.0097    27.3305    1488.78    1485.72 0.0000e+00
      10184    481.000     7.5820     7.5808   3.603242   3.604609     1.8315    -0.0717      98.52 4.9486e-02 0.0000e+00    81.9557    4.67808    34.9936    35.0096    27.3310    1488.79    1485.73 0.0000e+00
      10205    482.000     7.5793     7.5780   3.603046   3.604427     1.8287    -0.0718      68.61 4.9499e-02 0.0000e+00    81.9615    4.66843    34.9937    35.0099    27.3315    1488.80    1485.73 0.0000e+00
      10226    483.000     7.5757     7.5744   3.602796   3.604170     1.8257    -0.0723      98.73 4.9492e-02 0.0000e+00    81.9602    4.65852    34.9941    35.0103    27.3324    1488.80    1485.74 0.0000e+00
      10247    484.000     7.5742     7.5729   3.602713   3.604079     1.8227    -0.0696      79.17 4.9481e-02 0.0000e+00    81.9737    4.64977    34.9942    35.0103    27.3327    1488.81    1485.75 0.0000e+00
      10267    485.000     7.5739     7.5725   3.602735   3.604103     1.8202    -0.0761      98.98 4.9479e-02 0.0000e+00    81.9717    4.64189    34.9943    35.0105    27.3328    1488.83    1485.75 0.0000e+00
      10288    486.000     7.5735     7.5721   3.602753   3.604124     1.8173    -0.0693      85.66 4.9492e-02 0.0000e+00    81.9830    4.63390    34.9944    35.0107    27.3329    1488.84    1485.76 0.0000e+00
      10309    487.000     7.5730     7.5715   3.602746   3.604103     1.8145    -0.0675      98.77 4.9479e-02 0.0000e+00    81.9670    4.61948    34.9944    35.0106    27.3330    1488.85    1485.76 0.0000e+00
      10329    488.000     7.5708     7.5694   3.602596   3.603954     1.8113    -0.0706      85.16 4.9502e-02 0.0000e+00    81.9766    4.61307    34.9945    35.0106    27.3334    1488.86    1485.77 0.0000e+00
      10350    489.000     7.5701     7.5686   3.602577   3.603939     1.8088    -0.0673      98.69 4.9525e-02 0.0000e+00    82.0036    4.61321    34.9945    35.0107    27.3335    1488.88    1485.78 0.0000e+00
      10371    490.000     7.5693     7.5679   3.602546   3.603924     1.8070    -0.0655      73.23 4.9518e-02 0.0000e+00    81.9966    4.61170    34.9945    35.0108    27.3336    1488.89    1485.78 0.0000e+00
      10392    491.000     7.5683     7.5670   3.602524   3.603900     1.8049    -0.0771      78.43 4.9481e-02 0.0000e+00    82.0032    4.60762    34.9948    35.0109    27.3339    1488.90    1485.79 0.0000e+00
      10412    492.000     7.5685     7.5670   3.602589   3.603966     1.8034    -0.0768      98.61 4.9492e-02 0.0000e+00    82.0095    4.60454    34.9948    35.0112    27.3339    1488.92    1485.80 0.0000e+00
      10433    493.000     7.5676     7.5661   3.602556   3.603917     1.8018    -0.0711      80.76 4.9472e-02 0.0000e+00    82.0120    4.60315    34.9948    35.0111    27.3341    1488.93    1485.80 0.0000e+00
      10454    494.000     7.5663     7.5647   3.602503   3.603856     1.8005    -0.0760      60.99 4.9492e-02 0.0000e+00    82.0029    4.60363    34.9951    35.0113    27.3345    1488.95    1485.81 0.0000e+00
      10474    495.000     7.5661     7.5648   3.602529   3.603907     1.7997    -0.0680      89.13 4.9481e-02 0.0000e+00    82.0035    4.59889    34.9951    35.0113    27.3345    1488.96    1485.82 0.0000e+00
      10495    496.000     7.5658     7.5644   3.602547   3.603931     1.7981    -0.0699      56.48 4.9479e-02 0.0000e+00    82.0241    4.59473    34.9951    35.0115    27.3346    1488.98    1485.82 0.0000e+00
      10516    497.000     7.5653     7.5641   3.602546   3.603943     1.7970    -0.0626      97.03 4.9505e-02 0.0000e+00    82.0050    4.59088    34.9951    35.0114    27.3347    1488.99    1485.83 0.0000e+00
      10537    498.000     7.5637     7.5624   3.602458   3.603823     1.7958    -0.0697      68.39 4.9485e-02 0.0000e+00    82.0074    4.58755    34.9953    35.0114    27.3350    1489.00    1485.83 0.0000e+00
      10558    499.000     7.5606     7.5591   3.602256   3.603608     1.7946    -0.0689      98.85 4.9492e-02 0.0000e+00    82.0150    4.58264    34.9957    35.0119    27.3358    1489.01    1485.84 0.0000e+00
      10579    500.000     7.5594     7.5580   3.602206   3.603569     1.7929    -0.0660      86.58 4.9505e-02 0.0000e+00    81.9959    4.56937    34.9959    35.0121    27.3362    1489.02    1485.85 0.0000e+00
      10600    501.000     7.5568     7.5557   3.602021   3.603409     1.7909    -0.0699      98.59 4.9499e-02 0.0000e+00    81.9873    4.56219    34.9960    35.0122    27.3366    1489.03    1485.85 0.0000e+00
      10621    502.000     7.5548     7.5535   3.601899   3.603267     1.7890    -0.0688      98.79 4.9492e-02 0.0000e+00    81.9967    4.55617    34.9962    35.0124    27.3371    1489.04    1485.86 0.0000e+00
      10642    503.000     7.5526     7.5513   3.601765   3.603134     1.7868    -0.0713      60.06 4.9518e-02 0.0000e+00    81.9804    4.54466    34.9965    35.0126    27.3376    1489.04    1485.87 0.0000e+00
      10663    504.000     7.5514     7.5500   3.601713   3.603078     1.7844    -0.0747      86.37 4.9505e-02 0.0000e+00    81.9679    4.53603    34.9967    35.0129    27.3379    1489.06    1485.87 0.0000e+00
      10684    505.000     7.5496     7.5483   3.601604   3.602974     1.7820    -0.0765      70.60 4.9496e-02 0.0000e+00    82.0009    4.52877    34.9968    35.0130    27.3383    1489.07    1485.88 0.0000e+00
      10706    506.000     7.5486     7.5473   3.601588   3.602955     1.7799    -0.0698      88.12 4.9505e-02 0.0000e+00    82.0023    4.52367    34.9972    35.0133    27.3387    1489.08    1485.88 0.0000e+00
      10727    507.000     7.5478     7.5465   3.601578   3.602935     1.7776    -0.0711      83.92 4.9486e-02 0.0000e+00    82.0042    4.51425    34.9974    35.0134    27.3390    1489.09    1485.89 0.0000e+00
      10748    508.000     7.5476     7.5462   3.601601   3.602971     1.7752    -0.0730      90.63 4.9492e-02 0.0000e+00    82.0258    4.50840    34.9974    35.0136    27.3390    1489.11    1485.90 0.0000e+00
      10769    509.000     7.5468     7.5455   3.601584   3.602965     1.7731    -0.0698      95.04 4.9505e-02 0.0000e+00    82.0186    4.50231    34.9975    35.0138    27.3392    1489.12    1485.90 0.0000e+00
      10790    510.000     7.5434     7.5423   3.601348   3.602737     1.7711    -0.0672      86.47 4.9486e-02 0.0000e+00    82.0195    4.49838    34.9979    35.0140    27.3400    1489.13    1485.91 0.0000e+00
      10811    511.000     7.5411     7.5398   3.601236   3.602619     1.7690    -0.0659      44.82 4.9492e-02 0.0000e+00    82.0208    4.49452    34.9985    35.0148    27.3408    1489.13    1485.92 0.0000e+00
      10832    512.000     7.5408     7.5393   3.601257   3.602624     1.7674    -0.0664      98.93 4.9512e-02 0.0000e+00    82.0119    4.49125    34.9985    35.0148    27.3409    1489.15    1485.92 0.0000e+00
      10853    513.000     7.5406     7.5391   3.601281   3.602651     1.7658    -0.0715      73.37 4.9498e-02 0.0000e+00    81.9912    4.48410    34.9985    35.0149    27.3409    1489.17    1485.93 0.0000e+00
      10874    514.000     7.5404     7.5389   3.601318   3.602678     1.7637    -0.0663      45.48 4.9492e-02 0.0000e+00    82.0057    4.47308    34.9986    35.0149    27.3411    1489.18    1485.94 0.0000e+00
      10896    515.000     7.5399     7.5384   3.601313   3.602680     1.7616    -0.0693      93.71 4.9515e-02 0.0000e+00    81.9915    4.46752    34.9986    35.0149    27.3411    1489.20    1485.94 0.0000e+00
      10917    516.000     7.5384     7.5371   3.601254   3.602628     1.7596    -0.0789      62.95 4.9492e-02 0.0000e+00    81.9897    4.46401    34.9990    35.0152    27.3416    1489.21    1485.95 0.0000e+00
      10938    517.000     7.5375     7.5362   3.601242   3.602608     1.7580    -0.0747      97.98 4.9512e-02 0.0000e+00    81.9993    4.46392    34.9993    35.0154    27.3420    1489.22    1485.95 0.0000e+00
      10959    518.000     7.5368     7.5355   3.601227   3.602605     1.7566    -0.0688      72.28 4.9492e-02 0.0000e+00    81.9989    4.46014    34.9994    35.0156    27.3421    1489.23    1485.96 0.0000e+00
      10980    519.000     7.5366     7.5351   3.601258   3.602624     1.7552    -0.0723      98.70 4.9496e-02 0.0000e+00    82.0053    4.45987    34.9994    35.0157    27.3422    1489.25    1485.97 0.0000e+00
      11002    520.000     7.5365     7.5350   3.601296   3.602666     1.7541    -0.0766      89.20 4.9477e-02 0.0000e+00    82.0015    4.45407    34.9994    35.0158    27.3423    1489.27    1485.97 0.0000e+00
      11024    521.000     7.5360     7.5347   3.601303   3.602674     1.7525    -0.0675      37.29 4.9472e-02 0.0000e+00    81.9984    4.44957    34.9995    35.0157    27.3424    1489.28    1485.98 0.0000e+00
      11045    522.000     7.5356     7.5342   3.601314   3.602682     1.7516    -0.0658      93.41 4.9533e-02 0.0000e+00    81.9898    4.45281    34.9996    35.0158    27.3425    1489.30    1485.99 0.0000e+00
      11067    523.000     7.5352     7.5338   3.601332   3.602695     1.7505    -0.0661      55.80 4.9505e-02 0.0000e+00    82.0073    4.44838    34.9997    35.0159    27.3427    1489.31    1485.99 0.0000e+00
      11088    524.000     7.5344     7.5331   3.601318   3.602684     1.7498    -0.0688      94.49 4.9490e-02 0.0000e+00    81.9994    4.45051    34.9999    35.0160    27.3429    1489.32    1486.00 0.0000e+00
      11110    525.000     7.5339     7.5325   3.601328   3.602692     1.7490    -0.0676      78.68 4.9490e-02 0.0000e+00    82.0013    4.44627    35.0000    35.0162    27.3431    1489.34    1486.00 0.0000e+00
      11132    526.000     7.5336     7.5323   3.601350   3.602733     1.7483    -0.0696      97.77 4.9505e-02 0.0000e+00    82.0109    4.44553    35.0001    35.0163    27.3432    1489.35    1486.01 0.0000e+00
      11154    527.000     7.5336     7.5322   3.601406   3.602770     1.7473    -0.0669      30.30 4.9502e-02 0.0000e+00    82.0143    4.43928    35.0002    35.0164    27.3433    1489.37    1486.02 0.0000e+00
      11175    528.000     7.5336     7.5322   3.601457   3.602814     1.7463    -0.0686      58.08 4.9496e-02 0.0000e+00    82.0147    4.43544    35.0003    35.0164    27.3433    1489.39    1486.02 0.0000e+00
      11197    529.000     7.5330     7.5316   3.601456   3.602818     1.7452    -0.0707      67.48 4.9518e-02 0.0000e+00    82.0088    4.43059    35.0004    35.0165    27.3435    1489.40    1486.03 0.0000e+00
      11219    530.000     7.5324     7.5310   3.601460   3.602834     1.7440    -0.0651      57.48 4.9515e-02 0.0000e+00    82.0143    4.42910    35.0005    35.0168    27.3437    1489.42    1486.04 0.0000e+00
      11240    531.000     7.5323     7.5310   3.601497   3.602859     1.7431    -0.0704      72.66 4.9492e-02 0.0000e+00    82.0114    4.42781    35.0006    35.0166    27.3438    1489.43    1486.04 0.0000e+00
      11262    532.000     7.5302     7.5289   3.601381   3.602749     1.7421    -0.0779      83.63 4.9490e-02 0.0000e+00    81.9940    4.41936    35.0009    35.0170    27.3443    1489.44    1486.05 0.0000e+00
      11283    533.000     7.5295     7.5281   3.601370   3.602730     1.7406    -0.0675      82.78 4.9502e-02 0.0000e+00    81.9973    4.41779    35.0010    35.0172    27.3445    1489.46    1486.06 0.0000e+00
      11305    534.000     7.5292     7.5277   3.601387   3.602751     1.7396    -0.0737      90.22 4.9505e-02 0.0000e+00    81.9956    4.41348    35.0010    35.0173    27.3446    1489.47    1486.06 0.0000e+00
