_data/ctd/2022603/sta0217.cnv
* Sea-Bird SBE 9 Data File:
* FileName = C:\Seabird\CTDData\sta0217.hex
* Software Version Seasave V 7.21f
* Temperature SN = 6264
* Conductivity SN = 4928
* Number of Bytes Per Scan = 40
* Number of Voltage Words = 5
* Number of Scans Averaged by the Deck Unit = 1
* NMEA Latitude = 61 29.43 N
* NMEA Longitude = 005 12.84 E
* NMEA UTC (Time) = Feb 16 2022 09:53:17
* NMEA baud rate = 4800
** Ship: R/V "Kristine Bonnevie"
** Station: 0217
** Echodepth: 259
** Log: 0947.872
** Wind-Dir/Force: 11  10
** Air-temp (dry): 4.6
** Weather Sky:
** Sea:
** FOFJ10
# nquan = 19                                
# nvalues = 261                         
# units = specified
# name 0 = scan: Scan Count
# name 1 = prDM: Pressure, Digiquartz [db]
# name 2 = t068C: Temperature [ITS-68, deg C]
# name 3 = t168C: Temperature, 2 [ITS-68, deg C]
# name 4 = c0S/m: Conductivity [S/m]
# name 5 = c1S/m: Conductivity, 2 [S/m]
# name 6 = sbeox0V: Oxygen raw, SBE 43 [V]
# name 7 = flECO-AFL: Fluorescence, WET Labs ECO-AFL/FL [mg/m^3]
# name 8 = altM: Altimeter [m]
# name 9 = par: PAR/Irradiance, Biospherical/Licor
# name 10 = spar: SPAR/Surface Irradiance
# name 11 = CStarTr0: Beam Transmission, WET Labs C-Star [%]
# name 12 = sbeox0ML/L: Oxygen, SBE 43 [ml/l], WS = 2
# name 13 = sal00: Salinity, Practical [PSU]
# name 14 = sal11: Salinity, Practical, 2 [PSU]
# name 15 = sigma-t00: Density [sigma-t, Kg/m^3 ]
# name 16 = svCM: Sound Velocity [Chen-Millero, m/s]
# name 17 = avgsvCM: Average Sound Velocity [Chen-Millero, m/s], minP = 1, minS = 5
# name 18 = flag: flag
# span 0 =        331,       6872       
# span 1 =      2.000,    262.000       
# span 2 =     5.8550,     9.1158       
# span 3 =     5.8573,     9.1139       
# span 4 =   3.024650,   3.661030       
# span 5 =   3.032081,   3.662503       
# span 6 =     2.0067,     2.4928       
# span 7 =    -0.0979,     0.2541       
# span 8 =       8.04,      99.94       
# span 9 = 4.9439e-02, 3.8759e+01       
# span 10 = 9.3936e+01, 9.9933e+01      
# span 11 =    79.1009,    81.0547      
# span 12 =    5.13669,    6.96817      
# span 13 =    30.5141,    35.0053      
# span 14 =    30.5948,    35.0222      
# span 15 =    24.0267,    27.2788      
# span 16 =    1468.53,    1487.01      
# span 17 =    1468.53,    1485.34      
# span 18 = 0.0000e+00, 0.0000e+00      
# interval = decibars: 1                
# start_time = Feb 16 2022 09:53:20 [System UTC, header]
# bad_flag = -9.990e-29
*END*
[from data line 153]
       3981    155.000     8.4240     8.4223   3.652817   3.654263     2.1590    -0.0901      97.84 4.9479e-02 -9.990e-29    80.7498    5.51177    34.8432    34.8603    27.0865    1486.41    1484.40 0.0000e+00
       4002    156.000     8.4236     8.4221   3.652793   3.654258     2.1576    -0.0844      98.80 4.9483e-02 9.9779e+01    80.7694    5.51166    34.8429    34.8600    27.0863    1486.43    1484.42 0.0000e+00
       4025    157.000     8.4209     8.4200   3.652566   3.654054     2.1568    -0.0670      41.79 4.9500e-02 9.9497e+01    80.7849    5.51318    34.8427    34.8594    27.0865    1486.43    1484.43 0.0000e+00
       4048    158.000     8.4208     8.4193   3.652585   3.654045     2.1560    -0.0698      98.77 4.9512e-02 9.9759e+01    80.7719    5.51154    34.8425    34.8595    27.0864    1486.45    1484.44 0.0000e+00
       4070    159.000     8.4204     8.4190   3.652613   3.654064     2.1551    -0.0656      98.80 4.9496e-02 9.9147e+01    80.7872    5.50640    34.8427    34.8595    27.0866    1486.46    1484.45 0.0000e+00
       4092    160.000     8.4185     8.4171   3.652609   3.654051     2.1541    -0.0703      59.36 4.9499e-02 9.8839e+01    80.7846    5.50932    34.8441    34.8608    27.0880    1486.48    1484.47 0.0000e+00
       4113    161.000     8.4131     8.4111   3.652336   3.653725     2.1541    -0.0918      78.82 4.9502e-02 9.9352e+01    80.7794    5.51298    34.8460    34.8628    27.0904    1486.47    1484.48 0.0000e+00
       4135    162.000     8.4025     8.4013   3.651824   3.653260     2.1533    -0.0979      98.71 4.9477e-02 9.9266e+01    80.7698    5.50987    34.8506    34.8670    27.0956    1486.46    1484.49 0.0000e+00
       4158    163.000     8.3950     8.3937   3.651422   3.652853     2.1529    -0.0853      81.78 4.9477e-02 9.9211e+01    80.7870    5.50902    34.8533    34.8698    27.0988    1486.45    1484.50 0.0000e+00
       4180    164.000     8.3777     8.3765   3.649961   3.651369     2.1520    -0.0720      60.20 4.9494e-02 9.9646e+01    80.8016    5.50577    34.8544    34.8705    27.1024    1486.40    1484.52 0.0000e+00
       4203    165.000     8.3775     8.3760   3.650187   3.651634     2.1509    -0.0696      98.62 4.9475e-02 9.9601e+01    80.8148    5.49891    34.8565    34.8734    27.1041    1486.42    1484.53 0.0000e+00
       4226    166.000     8.3748     8.3734   3.650070   3.651507     2.1495    -0.0670      94.16 4.9487e-02 9.9930e+01    80.8014    5.49140    34.8574    34.8741    27.1052    1486.43    1484.54 0.0000e+00
       4249    167.000     8.3677     8.3664   3.649665   3.651098     2.1475    -0.0966      56.24 4.9499e-02 9.9933e+01    80.8069    5.48212    34.8597    34.8762    27.1081    1486.42    1484.55 0.0000e+00
       4271    168.000     8.3632     8.3616   3.649473   3.650905     2.1456    -0.0711      98.47 4.9477e-02 9.9933e+01    80.7890    5.47671    34.8616    34.8784    27.1103    1486.42    1484.56 0.0000e+00
       4294    169.000     8.3635     8.3619   3.649635   3.651083     2.1434    -0.0599      98.80 4.9490e-02 9.9933e+01    80.8026    5.47067    34.8625    34.8795    27.1110    1486.44    1484.57 0.0000e+00
       4316    170.000     8.3647     8.3631   3.650057   3.651502     2.1417    -0.0571      46.46 4.9475e-02 -9.990e-29    80.7946    5.46710    34.8654    34.8823    27.1130    1486.46    1484.58 0.0000e+00
       4338    171.000     8.3654     8.3638   3.650462   3.651905     2.1400    -0.0617      97.79 4.9495e-02 -9.990e-29    80.7930    5.46436    34.8685    34.8854    27.1154    1486.49    1484.59 0.0000e+00
       4360    172.000     8.3662     8.3645   3.650719   3.652161     2.1384    -0.0651      98.80 4.9483e-02 -9.990e-29    80.7789    5.45958    34.8700    34.8870    27.1164    1486.51    1484.61 0.0000e+00
       4383    173.000     8.3642     8.3629   3.650745   3.652191     2.1371    -0.0693      53.34 4.9463e-02 -9.990e-29    80.8046    5.46836    34.8717    34.8884    27.1181    1486.52    1484.62 0.0000e+00
       4405    174.000     8.3602     8.3587   3.650654   3.652093     2.1372    -0.0899      92.72 4.9483e-02 9.9933e+01    80.7930    5.47695    34.8743    34.8910    27.1207    1486.52    1484.63 0.0000e+00
       4428    175.000     8.3573     8.3558   3.650520   3.651963     2.1374    -0.0689      98.87 4.9463e-02 9.9933e+01    80.8037    5.48536    34.8752    34.8921    27.1219    1486.53    1484.64 0.0000e+00
       4451    176.000     8.3535     8.3522   3.650271   3.651722     2.1382    -0.0784      65.43 4.9481e-02 9.8883e+01    80.8064    5.48581    34.8759    34.8926    27.1230    1486.53    1484.65 0.0000e+00
       4474    177.000     8.3423     8.3412   3.649385   3.650821     2.1386    -0.0753      80.07 4.9477e-02 9.9208e+01    80.8123    5.48772    34.8770    34.8934    27.1256    1486.51    1484.66 0.0000e+00
       4496    178.000     8.3381     8.3365   3.649152   3.650578     2.1383    -0.0636      98.86 4.9509e-02 9.9502e+01    80.7968    5.47896    34.8782    34.8950    27.1272    1486.51    1484.67 0.0000e+00
       4517    179.000     8.3376     8.3360   3.649169   3.650607     2.1375    -0.0677      84.00 4.9496e-02 9.8644e+01    80.7779    5.47098    34.8784    34.8953    27.1274    1486.53    1484.68 0.0000e+00
       4540    180.000     8.3341     8.3325   3.648957   3.650374     2.1364    -0.0928      61.31 4.9509e-02 9.9546e+01    80.7690    5.46560    34.8792    34.8958    27.1285    1486.53    1484.69 0.0000e+00
       4562    181.000     8.3317     8.3302   3.648868   3.650304     2.1349    -0.0676      99.04 4.9493e-02 9.8916e+01    80.7345    5.45852    34.8801    34.8969    27.1296    1486.54    1484.70 0.0000e+00
       4585    182.000     8.3309     8.3295   3.648871   3.650322     2.1333    -0.0639      96.94 4.9463e-02 9.9231e+01    80.7482    5.45237    34.8805    34.8973    27.1300    1486.55    1484.71 0.0000e+00
       4608    183.000     8.3295     8.3281   3.648857   3.650306     2.1316    -0.0681      51.57 4.9523e-02 9.9752e+01    80.7682    5.45363    34.8812    34.8980    27.1309    1486.57    1484.72 0.0000e+00
       4631    184.000     8.3285     8.3270   3.648947   3.650377     2.1305    -0.0659      98.93 4.9457e-02 -9.990e-29    80.7338    5.45388    34.8827    34.8994    27.1322    1486.58    1484.73 0.0000e+00
       4654    185.000     8.3281     8.3265   3.649164   3.650619     2.1298    -0.0678      98.80 4.9475e-02 -9.990e-29    80.7295    5.45446    34.8849    34.9020    27.1340    1486.60    1484.74 0.0000e+00
       4676    186.000     8.3290     8.3273   3.649390   3.650837     2.1293    -0.0601      49.04 4.9502e-02 -9.990e-29    80.7457    5.45600    34.8859    34.9030    27.1346    1486.62    1484.75 0.0000e+00
       4698    187.000     8.3281     8.3266   3.649615   3.651051     2.1287    -0.0587      97.60 4.9508e-02 -9.990e-29    80.7320    5.45278    34.8888    34.9055    27.1370    1486.64    1484.76 0.0000e+00
       4720    188.000     8.3246     8.3232   3.649482   3.650927     2.1281    -0.0888      98.80 4.9490e-02 -9.990e-29    80.7576    5.45390    34.8903    34.9071    27.1388    1486.64    1484.77 0.0000e+00
       4743    189.000     8.3237     8.3221   3.649473   3.650919     2.1278    -0.0665      63.73 4.9483e-02 -9.990e-29    80.7465    5.45900    34.8906    34.9076    27.1391    1486.66    1484.78 0.0000e+00
       4765    190.000     8.3236     8.3219   3.649507   3.650956     2.1281    -0.0597      91.90 4.9487e-02 -9.990e-29    80.6889    5.46295    34.8906    34.9077    27.1391    1486.67    1484.79 0.0000e+00
       4789    191.000     8.3206     8.3194   3.649326   3.650780     2.1281    -0.0618      98.81 4.9468e-02 -9.990e-29    80.7191    5.45893    34.8912    34.9079    27.1400    1486.68    1484.80 0.0000e+00
       4812    192.000     8.3125     8.3112   3.648880   3.650324     2.1275    -0.0632      66.16 4.9493e-02 9.7966e+01    80.6967    5.45567    34.8940    34.9107    27.1435    1486.67    1484.81 0.0000e+00
       4835    193.000     8.3109     8.3094   3.648945   3.650381     2.1272    -0.0660      84.99 4.9493e-02 9.7935e+01    80.6717    5.45550    34.8958    34.9126    27.1451    1486.68    1484.82 0.0000e+00
       4858    194.000     8.3084     8.3070   3.648926   3.650373     2.1263    -0.0626      98.77 4.9499e-02 9.7935e+01    80.6707    5.45184    34.8976    34.9144    27.1469    1486.69    1484.83 0.0000e+00
       4880    195.000     8.3072     8.3057   3.648899   3.650333     2.1260    -0.0653      77.33 4.9483e-02 9.7935e+01    80.6801    5.45199    34.8980    34.9148    27.1475    1486.70    1484.84 0.0000e+00
       4902    196.000     8.3058     8.3042   3.648926   3.650373     2.1249    -0.0660      72.81 4.9489e-02 9.7935e+01    80.6605    5.44622    34.8992    34.9162    27.1486    1486.71    1484.85 0.0000e+00
       4925    197.000     8.3062     8.3045   3.649135   3.650574     2.1245    -0.0661      98.84 4.9502e-02 9.7935e+01    80.6598    5.44786    34.9006    34.9176    27.1496    1486.73    1484.86 0.0000e+00
       4947    198.000     8.3048     8.3033   3.649292   3.650751     2.1235    -0.0864      92.20 4.9481e-02 9.7935e+01    80.6404    5.44526    34.9031    34.9202    27.1518    1486.75    1484.87 0.0000e+00
       4969    199.000     8.3051     8.3033   3.649393   3.650832     2.1231    -0.0785      59.46 4.9514e-02 9.7935e+01    80.5793    5.44739    34.9034    34.9205    27.1520    1486.77    1484.88 0.0000e+00
       4991    200.000     8.3037     8.3020   3.649474   3.650915     2.1228    -0.0698      98.35 4.9452e-02 9.7935e+01    80.6130    5.45272    34.9052    34.9222    27.1536    1486.78    1484.89 0.0000e+00
       5014    201.000     8.3031     8.3014   3.649556   3.651022     2.1230    -0.0933      98.80 4.9493e-02 9.7935e+01    80.6482    5.45455    34.9062    34.9235    27.1545    1486.79    1484.90 0.0000e+00
       5037    202.000     8.3030     8.3014   3.649649   3.651094     2.1231    -0.0658      57.37 4.9491e-02 9.7935e+01    80.6549    5.45788    34.9068    34.9238    27.1550    1486.81    1484.91 0.0000e+00
       5061    203.000     8.3031     8.3016   3.649710   3.651155     2.1234    -0.0597      96.68 4.9480e-02 9.7935e+01    80.6377    5.45728    34.9069    34.9238    27.1550    1486.83    1484.92 0.0000e+00
       5085    204.000     8.3031     8.3016   3.649759   3.651201     2.1236    -0.0625      65.62 7.5187e-02 9.7935e+01    80.6340    5.46216    34.9069    34.9238    27.1551    1486.85    1484.93 0.0000e+00
       5108    205.000     8.3031     8.3016   3.649811   3.651257     2.1238    -0.0628      64.75 4.9469e-02 9.7935e+01    80.6026    5.45927    34.9070    34.9239    27.1551    1486.86    1484.93 0.0000e+00
       5131    206.000     8.3028     8.3014   3.649853   3.651344     2.1238    -0.0628      47.00 4.9502e-02 9.7935e+01    80.6015    5.46004    34.9073    34.9245    27.1554    1486.88    1484.94 0.0000e+00
       5153    207.000     8.3052     8.3035   3.650327   3.651772     2.1238    -0.0794      81.82 4.9505e-02 9.7935e+01    80.6327    5.45646    34.9094    34.9265    27.1567    1486.91    1484.95 0.0000e+00
       5175    208.000     8.3031     8.3015   3.650197   3.651620     2.1234    -0.0946      62.02 4.9490e-02 9.7935e+01    80.6415    5.45800    34.9097    34.9264    27.1572    1486.91    1484.96 0.0000e+00
       5197    209.000     8.3006     8.2990   3.650003   3.651441     2.1235    -0.0864      60.99 4.9483e-02 9.7935e+01    80.6507    5.46110    34.9096    34.9265    27.1576    1486.92    1484.97 0.0000e+00
       5220    210.000     8.2911     8.2899   3.649178   3.650613     2.1231    -0.0678      59.82 4.9499e-02 9.7935e+01    80.6499    5.45716    34.9097    34.9262    27.1591    1486.90    1484.98 0.0000e+00
       5243    211.000     8.2848     8.2836   3.648773   3.650215     2.1229    -0.0726      58.79 4.9491e-02 9.7935e+01    80.6199    5.45969    34.9112    34.9278    27.1612    1486.90    1484.99 0.0000e+00
       5268    212.000     8.2812     8.2797   3.648573   3.650004     2.1224    -0.0954      57.46 4.9495e-02 9.7935e+01    80.6210    5.45092    34.9122    34.9289    27.1625    1486.90    1485.00 0.0000e+00
       5293    213.000     8.2799     8.2783   3.648547   3.649972     2.1209    -0.0682      56.52 4.9472e-02 9.7935e+01    80.6181    5.44138    34.9127    34.9295    27.1632    1486.91    1485.01 0.0000e+00
       5317    214.000     8.2780     8.2767   3.648633   3.650077     2.1193    -0.0655      55.45 4.9487e-02 9.7935e+01    80.5765    5.43823    34.9150    34.9317    27.1653    1486.93    1485.02 0.0000e+00
       5339    215.000     8.2724     8.2709   3.648593   3.650060     2.1183    -0.0652      54.44 4.9508e-02 9.7935e+01    80.5902    5.43796    34.9197    34.9368    27.1698    1486.93    1485.03 0.0000e+00
       5361    216.000     8.2794     8.2774   3.649793   3.651258     2.1171    -0.0616      53.66 4.9505e-02 9.7935e+01    80.5822    5.43383    34.9250    34.9426    27.1729    1486.98    1485.04 0.0000e+00
       5382    217.000     8.2817     8.2801   3.650415   3.651866     2.1163    -0.0678      52.75 4.9479e-02 9.7935e+01    80.5961    5.43529    34.9289    34.9459    27.1756    1487.01    1485.04 0.0000e+00
       5403    218.000     8.2772     8.2759   3.650207   3.651649     2.1157    -0.0682      51.69 1.0558e-01 9.7935e+01    80.6006    5.43812    34.9307    34.9473    27.1777    1487.01    1485.05 0.0000e+00
       5426    219.000     8.2723     8.2709   3.649903   3.651346     2.1154    -0.0686      50.72 5.0395e-02 9.7935e+01    80.5878    5.44669    34.9318    34.9486    27.1793    1487.01    1485.06 0.0000e+00
       5449    220.000     8.2680     8.2666   3.649649   3.651096     2.1161    -0.0665      49.48 4.9505e-02 9.7935e+01    80.5731    5.45148    34.9329    34.9497    27.1808    1487.01    1485.07 0.0000e+00
       5473    221.000     8.2597     8.2587   3.649062   3.650492     2.1163    -0.0676      47.66 4.9520e-02 9.7935e+01    80.5525    5.45171    34.9344    34.9506    27.1833    1487.00    1485.08 0.0000e+00
       5497    222.000     8.2479     8.2465   3.648294   3.649726     2.1163    -0.0652      46.51 4.9522e-02 9.7935e+01    80.5258    5.45093    34.9374    34.9541    27.1875    1486.97    1485.09 0.0000e+00
       5521    223.000     8.2430     8.2405   3.647965   3.649297     2.1162    -0.0626      45.92 4.9506e-02 9.7935e+01    80.5230    5.44888    34.9383    34.9550    27.1889    1486.97    1485.10 0.0000e+00
       5543    224.000     8.2381     8.2367   3.647663   3.649112     2.1155    -0.0671      45.09 4.9484e-02 9.7935e+01    80.4923    5.44028    34.9395    34.9563    27.1906    1486.97    1485.10 0.0000e+00
       5565    225.000     8.2374     8.2359   3.647658   3.649111     2.1144    -0.0655      44.15 4.9466e-02 9.7935e+01    80.4770    5.43433    34.9396    34.9566    27.1908    1486.99    1485.11 0.0000e+00
       5586    226.000     8.2337     8.2329   3.647445   3.648907     2.1131    -0.0642      43.04 4.9477e-02 9.7935e+01    80.4680    5.42567    34.9406    34.9570    27.1921    1486.99    1485.12 0.0000e+00
       5608    227.000     8.2202     8.2203   3.646495   3.647987     2.1112    -0.0642      42.15 4.9483e-02 9.7935e+01    80.4443    5.42324    34.9434    34.9592    27.1964    1486.96    1485.13 0.0000e+00
       5631    228.000     8.2087     8.2085   3.645719   3.647235     2.1097    -0.0598      41.06 4.9517e-02 9.7935e+01    80.4252    5.41914    34.9460    34.9624    27.2002    1486.93    1485.14 0.0000e+00
       5654    229.000     8.1984     8.1973   3.645008   3.646433     2.1082    -0.0663      40.07 4.9488e-02 9.7935e+01    80.4182    5.41572    34.9482    34.9645    27.2035    1486.92    1485.15 0.0000e+00
