_data/ctd/2022603/sta0180.cnv
* Sea-Bird SBE 9 Data File:
* FileName = C:\Seabird\CTDData\sta0180.hex
* Software Version Seasave V 7.21f
* Temperature SN = 6264
* Conductivity SN = 4928
* Number of Bytes Per Scan = 40
* Number of Voltage Words = 5
* Number of Scans Averaged by the Deck Unit = 1
* NMEA Latitude = 60 54.53 N
* NMEA Longitude = 004 41.43 E
* NMEA UTC (Time) = Feb 13 2022 08:45:00
* NMEA baud rate = 4800
** Ship: R/V "Kristine Bonnevie"
** Station: 0180
** Echodepth: 301
** Log: 0554.533
** Wind-Dir/Force: 22 29
** Air-temp (dry): 6.5
** Weather Sky:
** Sea:
# nquan = 19                                
# nvalues = 290                         
# units = specified
# name 0 = scan: Scan Count
# name 1 = prDM: Pressure, Digiquartz [db]
# name 2 = t068C: Temperature [ITS-68, deg C]
# name 3 = t168C: Temperature, 2 [ITS-68, deg C]
# name 4 = c0S/m: Conductivity [S/m]
# name 5 = c1S/m: Conductivity, 2 [S/m]
# name 6 = sbeox0V: Oxygen raw, SBE 43 [V]
# name 7 = flECO-AFL: Fluorescence, WET Labs ECO-AFL/FL [mg/m^3]
# name 8 = altM: Altimeter [m]
# name 9 = par: PAR/Irradiance, Biospherical/Licor
# name 10 = spar: SPAR/Surface Irradiance
# name 11 = CStarTr0: Beam Transmission, WET Labs C-Star [%]
# name 12 = sbeox0ML/L: Oxygen, SBE 43 [ml/l], WS = 2
# name 13 = sal00: Salinity, Practical [PSU]
# name 14 = sal11: Salinity, Practical, 2 [PSU]
# name 15 = sigma-t00: Density [sigma-t, Kg/m^3 ]
# name 16 = svCM: Sound Velocity [Chen-Millero, m/s]
# name 17 = avgsvCM: Average Sound Velocity [Chen-Millero, m/s], minP = 1, minS = 5
# name 18 = flag: flag
# span 0 =        201,       7066       
# span 1 =      5.000,    294.000       
# span 2 =     6.5802,     8.2501       
# span 3 =     6.5785,     8.2486       
# span 4 =   3.244773,   3.646477       
# span 5 =   3.245851,   3.647872       
# span 6 =     2.1901,     2.5422       
# span 7 =    -0.0915,     0.2597       
# span 8 =       0.28,     102.87       
# span 9 = 4.9406e-02, 1.1821e+01       
# span 10 = 4.2494e+01, 5.6732e+01      
# span 11 =    80.0675,    81.4414      
# span 12 =    5.75933,    7.00317      
# span 13 =    32.2540,    34.9872      
# span 14 =    32.2669,    35.0035      
# span 15 =    25.3074,    27.2434      
# span 16 =    1473.79,    1487.80      
# span 17 =    1473.79,    1483.61      
# span 18 = 0.0000e+00, 0.0000e+00      
# interval = decibars: 1                
# start_time = Feb 13 2022 08:45:03 [System UTC, header]
# bad_flag = -9.990e-29
*END*
[from data line 229]
       5460    234.000     8.1780     8.1769   3.646139   3.647509     2.2164    -0.0666      80.06 4.9494e-02 5.3964e+01    80.9795    5.79147    34.9782    34.9939    27.2301    1486.96    1482.65 0.0000e+00
       5495    235.000     8.1764     8.1746   3.646085   3.647449     2.2148    -0.0564      67.33 4.9473e-02 5.3964e+01    81.0021    5.79515    34.9787    34.9951    27.2308    1486.97    1482.67 0.0000e+00
       5538    236.000     8.1760     8.1744   3.646113   3.647489     2.2145    -0.0758      70.66 4.9488e-02 5.3964e+01    81.0276    5.79884    34.9789    34.9952    27.2310    1486.98    1482.69 0.0000e+00
       5580    237.000     8.1751     8.1734   3.646106   3.647459     2.2139    -0.0698      64.82 4.9487e-02 5.3964e+01    81.0705    5.79581    34.9793    34.9954    27.2314    1487.00    1482.71 0.0000e+00
       5613    238.000     8.1753     8.1737   3.646180   3.647542     2.2134    -0.0869      18.27 4.9475e-02 5.3964e+01    81.0823    5.79241    34.9794    34.9955    27.2315    1487.02    1482.72 0.0000e+00
       5632    239.000     8.1746     8.1732   3.646183   3.647533     2.2127    -0.0856     100.42 4.9465e-02 5.3964e+01    81.0495    5.79014    34.9796    34.9954    27.2318    1487.03    1482.74 0.0000e+00
       5648    240.000     8.1700     8.1696   3.645873   3.647275     2.2124    -0.0560      98.48 4.9457e-02 5.3964e+01    81.0423    5.78994    34.9804    34.9958    27.2331    1487.03    1482.76 0.0000e+00
       5661    241.000     8.1715     8.1693   3.646036   3.647349     2.2120    -0.0575      53.46 4.9482e-02 5.3964e+01    81.0078    5.78674    34.9802    34.9964    27.2327    1487.05    1482.78 0.0000e+00
       5674    242.000     8.1686     8.1672   3.645841   3.647183     2.2115    -0.0581      22.07 4.9513e-02 5.3964e+01    81.0144    5.78511    34.9805    34.9962    27.2334    1487.06    1482.79 0.0000e+00
       5686    243.000     8.1656     8.1647   3.645631   3.647048     2.2106    -0.0589      26.91 4.9515e-02 5.3964e+01    81.0207    5.78416    34.9807    34.9968    27.2340    1487.06    1482.81 0.0000e+00
       5698    244.000     8.1648     8.1634   3.645601   3.646975     2.2107    -0.0915      99.84 4.9462e-02 5.3964e+01    81.0177    5.78277    34.9807    34.9968    27.2341    1487.08    1482.83 0.0000e+00
       5710    245.000     8.1619     8.1615   3.645367   3.646781     2.2097    -0.0910      80.66 4.9471e-02 5.3964e+01    81.0245    5.77906    34.9806    34.9962    27.2345    1487.08    1482.85 0.0000e+00
       5727    246.000     8.1492     8.1486   3.644326   3.645698     2.2089    -0.0616      69.52 4.9492e-02 5.3964e+01    81.0786    5.77980    34.9817    34.9969    27.2373    1487.05    1482.86 0.0000e+00
       5765    247.000     8.1444     8.1425   3.644005   3.645352     2.2077    -0.0718      56.64 4.9480e-02 5.3964e+01    81.0950    5.78445    34.9825    34.9988    27.2387    1487.05    1482.88 0.0000e+00
       5820    248.000     8.1421     8.1406   3.643938   3.645303     2.2067    -0.0601      40.32 4.9478e-02 5.3964e+01    81.2129    5.78348    34.9836    34.9997    27.2399    1487.06    1482.90 0.0000e+00
       5857    249.000     8.1423     8.1408   3.644023   3.645374     2.2059    -0.0556      67.55 4.9491e-02 5.3964e+01    81.1984    5.77729    34.9839    34.9998    27.2400    1487.08    1482.91 0.0000e+00
       5878    250.000     8.1423     8.1410   3.644071   3.645445     2.2053    -0.0798      98.15 4.9477e-02 5.3964e+01    81.1944    5.77899    34.9839    34.9999    27.2400    1487.09    1482.93 0.0000e+00
       5894    251.000     8.1426     8.1410   3.644144   3.645485     2.2051    -0.0864      22.24 4.9495e-02 5.3964e+01    81.2198    5.77969    34.9839    34.9998    27.2400    1487.11    1482.95 0.0000e+00
       5909    252.000     8.1425     8.1409   3.644177   3.645529     2.2046    -0.0885      71.72 4.9489e-02 5.3964e+01    81.1967    5.77273    34.9839    34.9999    27.2400    1487.13    1482.96 0.0000e+00
       5921    253.000     8.1426     8.1409   3.644231   3.645583     2.2041    -0.0863      39.72 4.9485e-02 5.3964e+01    81.1525    5.76843    34.9839    35.0000    27.2400    1487.14    1482.98 0.0000e+00
       5934    254.000     8.1425     8.1410   3.644287   3.645635     2.2031    -0.0889      53.21 4.9497e-02 5.3964e+01    81.1758    5.76623    34.9841    35.0000    27.2402    1487.16    1483.00 0.0000e+00
       5945    255.000     8.1426     8.1410   3.644318   3.645664     2.2026    -0.0863      99.26 4.9464e-02 5.3964e+01    81.1760    5.76820    34.9838    34.9998    27.2400    1487.18    1483.01 0.0000e+00
       5958    256.000     8.1428     8.1411   3.644391   3.645749     2.2025    -0.0883      98.72 4.9485e-02 5.3964e+01    81.1635    5.76927    34.9839    35.0002    27.2400    1487.19    1483.03 0.0000e+00
       5977    257.000     8.1428     8.1410   3.644458   3.645800     2.2015    -0.0739      74.08 4.9476e-02 5.3964e+01    81.1684    5.76834    34.9842    35.0003    27.2402    1487.21    1483.05 0.0000e+00
       6009    258.000     8.1430     8.1413   3.644538   3.645886     2.2009    -0.0585      32.33 4.9487e-02 5.3964e+01    81.1932    5.77089    34.9844    35.0005    27.2403    1487.23    1483.06 0.0000e+00
       6039    259.000     8.1433     8.1419   3.644637   3.646002     2.2002    -0.0557      79.06 4.9491e-02 5.3964e+01    81.1856    5.77007    34.9846    35.0006    27.2405    1487.25    1483.08 0.0000e+00
       6063    260.000     8.1433     8.1419   3.644680   3.646044     2.2001    -0.0811      48.49 4.9474e-02 5.3964e+01    81.1964    5.77409    34.9846    35.0006    27.2405    1487.26    1483.09 0.0000e+00
       6087    261.000     8.1432     8.1418   3.644707   3.646082     2.2000    -0.0675      37.41 4.9468e-02 5.3964e+01    81.1651    5.76981    34.9845    35.0006    27.2404    1487.28    1483.11 0.0000e+00
       6114    262.000     8.1428     8.1413   3.644710   3.646074     2.1993    -0.0569      87.17 4.9467e-02 5.3964e+01    81.2009    5.76872    34.9845    35.0005    27.2404    1487.29    1483.13 0.0000e+00
       6144    263.000     8.1428     8.1413   3.644758   3.646117     2.1990    -0.0591      47.65 4.9494e-02 5.3964e+01    81.2142    5.77212    34.9845    35.0005    27.2404    1487.31    1483.14 0.0000e+00
       6167    264.000     8.1434     8.1419   3.644870   3.646234     2.1990    -0.0575      70.41 4.9493e-02 5.3964e+01    81.2058    5.77174    34.9846    35.0007    27.2404    1487.33    1483.16 0.0000e+00
       6183    265.000     8.1442     8.1426   3.644979   3.646329     2.1988    -0.0691      68.17 4.9474e-02 5.3964e+01    81.2085    5.76954    34.9845    35.0005    27.2402    1487.35    1483.17 0.0000e+00
       6198    266.000     8.1442     8.1425   3.645019   3.646373     2.1985    -0.0885      12.59 4.9461e-02 5.3964e+01    81.1631    5.76680    34.9845    35.0006    27.2402    1487.37    1483.19 0.0000e+00
       6211    267.000     8.1441     8.1425   3.645049   3.646421     2.1982    -0.0793      99.01 4.9492e-02 5.3964e+01    81.1254    5.76607    34.9844    35.0007    27.2402    1487.38    1483.20 0.0000e+00
       6224    268.000     8.1439     8.1421   3.645079   3.646420     2.1978    -0.0582      95.86 4.9492e-02 5.3964e+01    81.1270    5.76322    34.9844    35.0006    27.2402    1487.40    1483.22 0.0000e+00
       6238    269.000     8.1432     8.1416   3.645075   3.646434     2.1973    -0.0709      23.93 4.9474e-02 5.3964e+01    81.1378    5.76324    34.9846    35.0007    27.2405    1487.41    1483.24 0.0000e+00
       6258    270.000     8.1434     8.1415   3.645135   3.646458     2.1968    -0.0858      47.76 4.9491e-02 5.3964e+01    81.1616    5.76701    34.9846    35.0006    27.2404    1487.43    1483.25 0.0000e+00
       6287    271.000     8.1434     8.1422   3.645192   3.646578     2.1966    -0.0760      52.75 4.9486e-02 5.3964e+01    81.1919    5.76675    34.9847    35.0007    27.2405    1487.45    1483.27 0.0000e+00
       6331    272.000     8.1430     8.1415   3.645203   3.646561     2.1962    -0.0633      51.97 4.9490e-02 5.3964e+01    81.1909    5.77181    34.9847    35.0007    27.2406    1487.46    1483.28 0.0000e+00
       6364    273.000     8.1436     8.1421   3.645340   3.646689     2.1965    -0.0821      51.26 4.9489e-02 5.3964e+01    81.2388    5.77215    34.9851    35.0010    27.2408    1487.48    1483.30 0.0000e+00
       6384    274.000     8.1432     8.1415   3.645337   3.646677     2.1966    -0.0574      50.71 4.9472e-02 5.3964e+01    81.2073    5.77332    34.9850    35.0010    27.2408    1487.49    1483.31 0.0000e+00
       6400    275.000     8.1428     8.1418   3.645365   3.646789     2.1965    -0.0558      57.68 4.9504e-02 5.3964e+01    81.1899    5.77002    34.9852    35.0014    27.2410    1487.51    1483.33 0.0000e+00
       6415    276.000     8.1429     8.1419   3.645422   3.646829     2.1962    -0.0587      99.64 4.9478e-02 5.3964e+01    81.2005    5.76592    34.9853    35.0013    27.2410    1487.53    1483.34 0.0000e+00
       6429    277.000     8.1439     8.1426   3.645551   3.646935     2.1957    -0.0840      86.79 4.9479e-02 5.3964e+01    81.1711    5.76508    34.9852    35.0012    27.2408    1487.55    1483.36 0.0000e+00
       6443    278.000     8.1439     8.1422   3.645584   3.646949     2.1956    -0.0863      45.67 4.9479e-02 5.3964e+01    81.1637    5.76491    34.9850    35.0013    27.2407    1487.56    1483.37 0.0000e+00
       6456    279.000     8.1440     8.1426   3.645623   3.647001     2.1949    -0.0863      45.50 4.9469e-02 5.3964e+01    81.1834    5.76174    34.9849    35.0010    27.2405    1487.58    1483.39 0.0000e+00
       6472    280.000     8.1437     8.1422   3.645652   3.647015     2.1944    -0.0788      44.49 4.9503e-02 5.3964e+01    81.1802    5.76107    34.9850    35.0011    27.2407    1487.59    1483.40 0.0000e+00
       6491    281.000     8.1438     8.1420   3.645705   3.647052     2.1938    -0.0584      43.10 4.9496e-02 5.3964e+01    81.1676    5.76188    34.9850    35.0012    27.2407    1487.61    1483.42 0.0000e+00
       6521    282.000     8.1442     8.1425   3.645784   3.647133     2.1934    -0.0574      41.24 4.9496e-02 5.3964e+01    81.1835    5.76474    34.9850    35.0011    27.2406    1487.63    1483.43 0.0000e+00
       6563    283.000     8.1430     8.1416   3.645726   3.647097     2.1933    -0.0621      40.13 4.9484e-02 5.3964e+01    81.2296    5.77080    34.9850    35.0011    27.2408    1487.64    1483.45 0.0000e+00
       6596    284.000     8.1410     8.1395   3.645609   3.646983     2.1937    -0.0855      39.23 4.9509e-02 5.3964e+01    81.2389    5.77275    34.9853    35.0015    27.2413    1487.65    1483.46 0.0000e+00
       6621    285.000     8.1408     8.1393   3.645656   3.647021     2.1938    -0.0587      38.41 4.9468e-02 5.3964e+01    81.2380    5.77457    34.9855    35.0016    27.2416    1487.67    1483.48 0.0000e+00
       6645    286.000     8.1385     8.1373   3.645576   3.646935     2.1941    -0.0869      37.42 5.0003e-02 5.3964e+01    81.2368    5.77236    34.9865    35.0022    27.2427    1487.68    1483.49 0.0000e+00
       6664    287.000     8.1369     8.1354   3.645528   3.646895     2.1936    -0.0641      36.59 4.9482e-02 5.3964e+01    81.2338    5.76755    34.9871    35.0032    27.2434    1487.69    1483.51 0.0000e+00
       6680    288.000     8.1372     8.1357   3.645597   3.646967     2.1934    -0.0559      35.97 4.9504e-02 5.3964e+01    81.1856    5.76527    34.9870    35.0032    27.2433    1487.70    1483.52 0.0000e+00
       6696    289.000     8.1373     8.1357   3.645660   3.647022     2.1925    -0.0558      34.96 4.9516e-02 5.3964e+01    81.2013    5.75960    34.9871    35.0033    27.2433    1487.72    1483.54 0.0000e+00
       6714    290.000     8.1372     8.1357   3.645706   3.647064     2.1920    -0.0558      33.69 4.9486e-02 5.3964e+01    81.1974    5.76196    34.9872    35.0033    27.2434    1487.74    1483.55 0.0000e+00
       6738    291.000     8.1373     8.1356   3.645745   3.647110     2.1913    -0.0558      32.44 4.9495e-02 5.3964e+01    81.1721    5.75933    34.9871    35.0034    27.2433    1487.75    1483.56 0.0000e+00
       6823    292.000     8.1381     8.1365   3.645817   3.647188     2.1901    -0.0558      30.67 4.9491e-02 5.3964e+01    81.1949    5.76067    34.9866    35.0028    27.2428    1487.77    1483.58 0.0000e+00
       7016    293.000     8.1374     8.1360   3.645842   3.647218     2.1901    -0.0578      29.73 4.9473e-02 5.3964e+01    81.2275    5.76557    34.9871    35.0032    27.2433    1487.79    1483.59 0.0000e+00
       7066    294.000     8.1374     8.1357   3.645874   3.647266     2.1916    -0.0777      28.10 4.9406e-02 5.3964e+01    81.1151    5.77724    34.9869    35.0035    27.2432    1487.80    1483.61 0.0000e+00
