_data/ctd/2022603/sta0156.cnv
* Sea-Bird SBE 9 Data File:
* FileName = C:\Seabird\CTDData\sta0156.hex
* Software Version Seasave V 7.21f
* Temperature SN = 6264
* Conductivity SN = 4928
* Number of Bytes Per Scan = 40
* Number of Voltage Words = 5
* Number of Scans Averaged by the Deck Unit = 1
* NMEA Latitude = 59 55.07 N
* NMEA Longitude = 005 45.17 E
* NMEA UTC (Time) = Feb 10 2022 15:34:28
* NMEA baud rate = 4800
** Ship: R/V "Kristine Bonnevie"
** Station: 0156
** Echodepth: 510
** Log: 0168.182
** Wind-Dir/Force: 31 8
** Air-temp (dry): 3.6
** Weather Sky:
** Sea:
# nquan = 19                                
# nvalues = 504                         
# units = specified
# name 0 = scan: Scan Count
# name 1 = prDM: Pressure, Digiquartz [db]
# name 2 = t068C: Temperature [ITS-68, deg C]
# name 3 = t168C: Temperature, 2 [ITS-68, deg C]
# name 4 = c0S/m: Conductivity [S/m]
# name 5 = c1S/m: Conductivity, 2 [S/m]
# name 6 = sbeox0V: Oxygen raw, SBE 43 [V]
# name 7 = flECO-AFL: Fluorescence, WET Labs ECO-AFL/FL [mg/m^3]
# name 8 = altM: Altimeter [m]
# name 9 = par: PAR/Irradiance, Biospherical/Licor
# name 10 = spar: SPAR/Surface Irradiance
# name 11 = CStarTr0: Beam Transmission, WET Labs C-Star [%]
# name 12 = sbeox0ML/L: Oxygen, SBE 43 [ml/l], WS = 2
# name 13 = sal00: Salinity, Practical [PSU]
# name 14 = sal11: Salinity, Practical, 2 [PSU]
# name 15 = sigma-t00: Density [sigma-t, Kg/m^3 ]
# name 16 = svCM: Sound Velocity [Chen-Millero, m/s]
# name 17 = avgsvCM: Average Sound Velocity [Chen-Millero, m/s], minP = 1, minS = 5
# name 18 = flag: flag
# span 0 =        384,      11447       
# span 1 =      2.000,    505.000       
# span 2 =     6.8995,    10.0921       
# span 3 =     6.8993,    10.0894       
# span 4 =   3.206961,   3.712678       
# span 5 =   3.208102,   3.714190       
# span 6 =     1.8880,     2.4094       
# span 7 =    -0.1004,     0.8065       
# span 8 =       8.34,     100.06       
# span 9 = 4.9452e-02, 1.2823e+01       
# span 10 = 1.4035e+01, 2.1992e+01      
# span 11 =    79.6013,    82.1198      
# span 12 =    4.91625,    6.60566      
# span 13 =    31.5718,    34.9761      
# span 14 =    31.5844,    34.9911      
# span 15 =    24.7326,    27.3046      
# span 16 =    1474.02,    1489.49      
# span 17 =    1474.12,    1486.34      
# span 18 = 0.0000e+00, 0.0000e+00      
# interval = decibars: 1                
# start_time = Feb 10 2022 15:34:31 [System UTC, header]
# bad_flag = -9.990e-29
*END*
[from data line 305]
       7092    307.000     7.7408     7.7395   3.607921   3.609192     2.0042    -0.0680      67.02 4.9512e-02 1.5988e+01    81.4999    5.18531    34.9689    34.9840    27.2884    1486.50    1485.27 0.0000e+00
       7114    308.000     7.7406     7.7392   3.607963   3.609230     2.0036    -0.0624      85.74 4.9521e-02 -9.990e-29    81.5221    5.18765    34.9691    34.9842    27.2885    1486.51    1485.27 0.0000e+00
       7136    309.000     7.7407     7.7393   3.608008   3.609282     2.0035    -0.0655      81.32 4.9484e-02 -9.990e-29    81.5378    5.18868    34.9690    34.9842    27.2884    1486.53    1485.28 0.0000e+00
       7158    310.000     7.7392     7.7379   3.607952   3.609208     2.0032    -0.0696      59.31 4.9477e-02 -9.990e-29    81.5364    5.18597    34.9694    34.9843    27.2890    1486.54    1485.28 0.0000e+00
       7180    311.000     7.7374     7.7361   3.607856   3.609109     2.0027    -0.0738      90.85 4.9514e-02 -9.990e-29    81.5068    5.18759    34.9697    34.9845    27.2895    1486.55    1485.29 0.0000e+00
       7202    312.000     7.7364     7.7351   3.607829   3.609089     2.0026    -0.0656      62.00 4.9479e-02 -9.990e-29    81.5375    5.18737    34.9699    34.9848    27.2898    1486.56    1485.29 0.0000e+00
       7223    313.000     7.7361     7.7347   3.607846   3.609104     2.0023    -0.0603      98.35 4.9496e-02 -9.990e-29    81.5389    5.18245    34.9699    34.9849    27.2898    1486.58    1485.29 0.0000e+00
       7245    314.000     7.7359     7.7346   3.607881   3.609142     2.0012    -0.0656      78.20 4.9477e-02 -9.990e-29    81.5608    5.18178    34.9700    34.9849    27.2899    1486.59    1485.30 0.0000e+00
       7267    315.000     7.7358     7.7344   3.607916   3.609174     2.0016    -0.0809      58.76 4.9485e-02 -9.990e-29    81.5660    5.19144    34.9700    34.9850    27.2899    1486.61    1485.30 0.0000e+00
       7289    316.000     7.7354     7.7343   3.607942   3.609211     2.0014    -0.0831      92.40 4.9496e-02 -9.990e-29    81.6025    5.18579    34.9702    34.9850    27.2902    1486.63    1485.31 0.0000e+00
       7311    317.000     7.7355     7.7342   3.607992   3.609256     2.0011    -0.0626      82.05 4.9487e-02 1.5295e+01    81.5757    5.18674    34.9702    34.9851    27.2901    1486.64    1485.31 0.0000e+00
       7333    318.000     7.7356     7.7342   3.608037   3.609308     2.0009    -0.0618      95.02 4.9490e-02 1.5054e+01    81.5995    5.18755    34.9701    34.9852    27.2900    1486.66    1485.31 0.0000e+00
       7355    319.000     7.7353     7.7339   3.608064   3.609320     2.0006    -0.0637      91.48 4.9533e-02 1.4875e+01    81.5759    5.18478    34.9702    34.9851    27.2902    1486.67    1485.32 0.0000e+00
       7378    320.000     7.7347     7.7334   3.608065   3.609326     2.0005    -0.0928      48.74 4.9496e-02 1.4625e+01    81.5545    5.18558    34.9703    34.9852    27.2903    1486.69    1485.32 0.0000e+00
       7400    321.000     7.7344     7.7332   3.608093   3.609353     2.0001    -0.0756      98.99 4.9481e-02 1.5473e+01    81.5566    5.18711    34.9704    34.9852    27.2905    1486.70    1485.33 0.0000e+00
       7422    322.000     7.7336     7.7325   3.608083   3.609360     2.0001    -0.0637      83.06 4.9502e-02 1.5172e+01    81.6087    5.19088    34.9706    34.9855    27.2908    1486.72    1485.33 0.0000e+00
       7445    323.000     7.7331     7.7318   3.608098   3.609366     2.0003    -0.0756      64.31 4.9518e-02 1.5064e+01    81.6029    5.18693    34.9708    34.9858    27.2910    1486.73    1485.34 0.0000e+00
       7467    324.000     7.7331     7.7318   3.608163   3.609423     1.9995    -0.0900      43.89 4.9490e-02 1.4986e+01    81.6042    5.18087    34.9710    34.9859    27.2911    1486.75    1485.34 0.0000e+00
       7489    325.000     7.7331     7.7318   3.608220   3.609484     1.9992    -0.0630      97.73 4.9502e-02 1.4628e+01    81.6232    5.18439    34.9712    34.9861    27.2912    1486.77    1485.34 0.0000e+00
       7511    326.000     7.7332     7.7319   3.608271   3.609542     1.9988    -0.0960      90.20 4.9490e-02 1.4650e+01    81.6232    5.18372    34.9711    34.9861    27.2912    1486.78    1485.35 0.0000e+00
       7533    327.000     7.7333     7.7319   3.608325   3.609591     1.9986    -0.0739      53.93 4.9505e-02 1.4351e+01    81.6064    5.18596    34.9711    34.9862    27.2912    1486.80    1485.35 0.0000e+00
       7555    328.000     7.7333     7.7320   3.608381   3.609651     1.9985    -0.0659      97.22 4.9515e-02 1.4985e+01    81.6436    5.18095    34.9712    34.9863    27.2913    1486.82    1485.36 0.0000e+00
       7576    329.000     7.7333     7.7321   3.608428   3.609700     1.9976    -0.0819      79.02 4.9502e-02 1.4815e+01    81.6254    5.18059    34.9713    34.9862    27.2913    1486.83    1485.36 0.0000e+00
       7598    330.000     7.7335     7.7322   3.608491   3.609748     1.9977    -0.0864      23.33 4.9472e-02 1.5413e+01    81.6666    5.18535    34.9713    34.9861    27.2913    1486.85    1485.37 0.0000e+00
       7620    331.000     7.7336     7.7323   3.608551   3.609807     1.9975    -0.0657      75.85 4.9490e-02 1.4896e+01    81.6216    5.18492    34.9713    34.9862    27.2913    1486.87    1485.37 0.0000e+00
       7642    332.000     7.7337     7.7324   3.608604   3.609863     1.9974    -0.0651      47.54 4.9490e-02 1.5087e+01    81.6494    5.18549    34.9713    34.9862    27.2913    1486.88    1485.38 0.0000e+00
       7664    333.000     7.7338     7.7325   3.608661   3.609912     1.9974    -0.0631      99.08 4.9496e-02 1.5350e+01    81.7006    5.18425    34.9714    34.9862    27.2913    1486.90    1485.38 0.0000e+00
       7685    334.000     7.7337     7.7325   3.608684   3.609955     1.9970    -0.0656      83.93 4.9496e-02 1.5448e+01    81.6493    5.18283    34.9712    34.9861    27.2912    1486.92    1485.38 0.0000e+00
       7708    335.000     7.7336     7.7324   3.608730   3.609995     1.9966    -0.0664      48.37 4.9502e-02 1.4802e+01    81.6536    5.18144    34.9713    34.9862    27.2913    1486.93    1485.39 0.0000e+00
       7730    336.000     7.7335     7.7322   3.608763   3.610026     1.9965    -0.0632      78.33 4.9477e-02 1.4600e+01    81.6430    5.18340    34.9713    34.9862    27.2913    1486.95    1485.39 0.0000e+00
       7751    337.000     7.7335     7.7323   3.608815   3.610080     1.9961    -0.0652      67.28 4.9483e-02 1.5258e+01    81.6527    5.18337    34.9714    34.9862    27.2914    1486.97    1485.40 0.0000e+00
       7773    338.000     7.7334     7.7321   3.608851   3.610113     1.9961    -0.0901      78.52 4.9515e-02 1.4117e+01    81.6667    5.18222    34.9714    34.9863    27.2914    1486.98    1485.40 0.0000e+00
       7795    339.000     7.7334     7.7321   3.608899   3.610159     1.9957    -0.0712      72.11 4.9490e-02 1.4035e+01    81.6479    5.17980    34.9714    34.9863    27.2914    1487.00    1485.41 0.0000e+00
       7817    340.000     7.7336     7.7324   3.608958   3.610219     1.9951    -0.0719      72.08 4.9479e-02 -9.990e-29    81.6589    5.17952    34.9714    34.9862    27.2913    1487.02    1485.41 0.0000e+00
       7839    341.000     7.7338     7.7324   3.609021   3.610280     1.9949    -0.0720      53.80 4.9503e-02 -9.990e-29    81.6513    5.17846    34.9714    34.9864    27.2913    1487.03    1485.42 0.0000e+00
       7861    342.000     7.7338     7.7325   3.609063   3.610323     1.9943    -0.0701      84.96 4.9483e-02 -9.990e-29    81.6426    5.17673    34.9713    34.9862    27.2913    1487.05    1485.42 0.0000e+00
       7882    343.000     7.7337     7.7325   3.609108   3.610373     1.9939    -0.0714      73.18 4.9477e-02 -9.990e-29    81.6728    5.17574    34.9714    34.9863    27.2914    1487.07    1485.43 0.0000e+00
       7904    344.000     7.7335     7.7323   3.609142   3.610400     1.9934    -0.0988      95.39 4.9492e-02 -9.990e-29    81.6658    5.17390    34.9715    34.9863    27.2915    1487.08    1485.43 0.0000e+00
       7926    345.000     7.7331     7.7318   3.609166   3.610422     1.9930    -0.0919      90.84 4.9477e-02 -9.990e-29    81.6428    5.17763    34.9717    34.9866    27.2917    1487.10    1485.44 0.0000e+00
       7947    346.000     7.7331     7.7318   3.609199   3.610474     1.9929    -0.0713      36.91 4.9521e-02 -9.990e-29    81.6579    5.17776    34.9716    34.9866    27.2916    1487.11    1485.44 0.0000e+00
       7969    347.000     7.7330     7.7317   3.609245   3.610514     1.9927    -0.0642      97.94 4.9471e-02 -9.990e-29    81.6355    5.17928    34.9717    34.9867    27.2917    1487.13    1485.45 0.0000e+00
       7991    348.000     7.7330     7.7317   3.609298   3.610561     1.9926    -0.0646      71.68 4.9492e-02 -9.990e-29    81.6654    5.18065    34.9718    34.9867    27.2918    1487.15    1485.45 0.0000e+00
       8012    349.000     7.7329     7.7316   3.609314   3.610596     1.9927    -0.0620      98.90 4.9505e-02 -9.990e-29    81.6729    5.17993    34.9716    34.9867    27.2916    1487.16    1485.46 0.0000e+00
       8034    350.000     7.7317     7.7306   3.609277   3.610554     1.9923    -0.0892      98.67 4.9502e-02 -9.990e-29    81.6661    5.17632    34.9719    34.9868    27.2920    1487.17    1485.46 0.0000e+00
       8055    351.000     7.7310     7.7296   3.609269   3.610533     1.9919    -0.0759      74.36 4.9464e-02 -9.990e-29    81.6645    5.17571    34.9720    34.9871    27.2922    1487.19    1485.47 0.0000e+00
       8077    352.000     7.7309     7.7296   3.609299   3.610580     1.9916    -0.0691      93.63 4.9465e-02 -9.990e-29    81.6616    5.17528    34.9720    34.9871    27.2922    1487.20    1485.47 0.0000e+00
       8099    353.000     7.7304     7.7291   3.609315   3.610581     1.9911    -0.0628      71.84 4.9509e-02 -9.990e-29    81.6326    5.17356    34.9722    34.9871    27.2924    1487.22    1485.48 0.0000e+00
       8121    354.000     7.7299     7.7286   3.609323   3.610595     1.9909 -9.990e-29      69.77 4.9483e-02 -9.990e-29    81.6698    5.17779    34.9723    34.9873    27.2926    1487.23    1485.48 0.0000e+00
       8142    355.000     7.7290     7.7277   3.609304   3.610559     1.9908 -9.990e-29      66.92 4.9471e-02 -9.990e-29    81.6680    5.17839    34.9725    34.9873    27.2929    1487.25    1485.49 0.0000e+00
       8164    356.000     7.7292     7.7279   3.609375   3.610635     1.9906 -9.990e-29      98.25 4.9489e-02 -9.990e-29    81.6539    5.17437    34.9726    34.9875    27.2929    1487.26    1485.49 0.0000e+00
       8186    357.000     7.7290     7.7278   3.609405   3.610661     1.9901 -9.990e-29      98.80 4.9485e-02 -9.990e-29    81.6692    5.17084    34.9726    34.9874    27.2930    1487.28    1485.50 0.0000e+00
       8208    358.000     7.7286     7.7273   3.609415   3.610677     1.9894    -0.0599      56.95 4.9483e-02 -9.990e-29    81.6522    5.17302    34.9726    34.9875    27.2931    1487.29    1485.50 0.0000e+00
       8229    359.000     7.7282     7.7271   3.609425   3.610700     1.9895    -0.0636      98.44 4.9483e-02 -9.990e-29    81.6721    5.17815    34.9726    34.9875    27.2931    1487.31    1485.51 0.0000e+00
       8251    360.000     7.7268     7.7255   3.609359   3.610621     1.9894    -0.0731      74.55 4.9492e-02 -9.990e-29    81.6522    5.17329    34.9729    34.9878    27.2935    1487.32    1485.51 0.0000e+00
       8272    361.000     7.7257     7.7245   3.609314   3.610581     1.9889    -0.0698      80.33 4.9465e-02 -9.990e-29    81.6293    5.17370    34.9730    34.9879    27.2938    1487.33    1485.52 0.0000e+00
       8294    362.000     7.7254     7.7241   3.609345   3.610592     1.9887    -0.0891      98.40 4.9498e-02 1.4838e+01    81.6601    5.17431    34.9731    34.9879    27.2939    1487.35    1485.52 0.0000e+00
       8315    363.000     7.7253     7.7240   3.609364   3.610630     1.9885    -0.0859      98.80 4.9499e-02 1.5064e+01    81.6709    5.17157    34.9730    34.9879    27.2938    1487.36    1485.53 0.0000e+00
       8336    364.000     7.7244     7.7232   3.609342   3.610605     1.9878    -0.0819      98.80 4.9479e-02 1.5294e+01    81.6407    5.16975    34.9731    34.9880    27.2941    1487.38    1485.53 0.0000e+00
       8357    365.000     7.7237     7.7224   3.609334   3.610599     1.9875    -0.0691      51.28 4.9466e-02 1.5252e+01    81.6693    5.16877    34.9733    34.9882    27.2943    1487.39    1485.54 0.0000e+00
       8378    366.000     7.7233     7.7220   3.609348   3.610606     1.9869    -0.0592      83.27 4.9499e-02 1.5165e+01    81.6684    5.16743    34.9733    34.9882    27.2944    1487.41    1485.54 0.0000e+00
       8399    367.000     7.7224     7.7212   3.609318   3.610577     1.9864    -0.0896      65.73 4.9483e-02 1.4999e+01    81.6744    5.16692    34.9734    34.9882    27.2946    1487.42    1485.55 0.0000e+00
       8421    368.000     7.7217     7.7205   3.609325   3.610597     1.9861    -0.0813      54.88 4.9459e-02 1.4215e+01    81.6660    5.17099    34.9737    34.9887    27.2950    1487.43    1485.55 0.0000e+00
       8442    369.000     7.7210     7.7198   3.609323   3.610583     1.9860    -0.0700      70.45 4.9485e-02 1.4448e+01    81.6702    5.16844    34.9739    34.9887    27.2952    1487.45    1485.56 0.0000e+00
       8463    370.000     7.7198     7.7186   3.609254   3.610522     1.9854    -0.0757      98.46 4.9483e-02 1.4915e+01    81.6480    5.16193    34.9739    34.9888    27.2954    1487.46    1485.56 0.0000e+00
       8485    371.000     7.7186     7.7174   3.609192   3.610451     1.9844    -0.0704      75.82 4.9472e-02 1.4466e+01    81.6526    5.16181    34.9740    34.9887    27.2956    1487.47    1485.57 0.0000e+00
       8506    372.000     7.7177     7.7164   3.609154   3.610417     1.9843    -0.0697      98.46 4.9479e-02 1.4467e+01    81.6374    5.16581    34.9740    34.9889    27.2957    1487.49    1485.57 0.0000e+00
       8527    373.000     7.7176     7.7163   3.609193   3.610457     1.9839    -0.0895      70.40 4.9485e-02 1.5058e+01    81.6780    5.16239    34.9740    34.9890    27.2958    1487.50    1485.58 0.0000e+00
       8548    374.000     7.7179     7.7166   3.609275   3.610540     1.9833    -0.0787      98.46 4.9466e-02 1.4734e+01    81.6518    5.16427    34.9741    34.9891    27.2958    1487.52    1485.58 0.0000e+00
       8568    375.000     7.7181     7.7167   3.609340   3.610598     1.9834    -0.0625      89.06 4.9485e-02 1.5090e+01    81.6481    5.16498    34.9741    34.9891    27.2958    1487.54    1485.59 0.0000e+00
       8590    376.000     7.7183     7.7170   3.609404   3.610669     1.9828    -0.0665      58.55 4.9488e-02 1.5219e+01    81.6500    5.16102    34.9741    34.9891    27.2958    1487.55    1485.59 0.0000e+00
       8610    377.000     7.7182     7.7169   3.609436   3.610698     1.9825    -0.0626      69.46 4.9479e-02 1.4977e+01    81.6476    5.16160    34.9741    34.9890    27.2958    1487.57    1485.60 0.0000e+00
       8631    378.000     7.7182     7.7169   3.609479   3.610750     1.9821    -0.0699      68.55 4.9465e-02 1.5839e+01    81.6352    5.16207    34.9741    34.9891    27.2957    1487.59    1485.60 0.0000e+00
       8652    379.000     7.7179     7.7168   3.609508   3.610773     1.9819    -0.0678      67.23 4.9492e-02 1.5418e+01    81.6448    5.16149    34.9742    34.9890    27.2959    1487.60    1485.61 0.0000e+00
       8673    380.000     7.7168     7.7157   3.609454   3.610726     1.9815    -0.0744      74.13 4.9505e-02 1.5407e+01    81.6427    5.16008    34.9742    34.9891    27.2961    1487.61    1485.61 0.0000e+00
       8694    381.000     7.7165     7.7153   3.609471   3.610743     1.9811    -0.0938      63.76 4.9492e-02 1.5597e+01    81.6545    5.15814    34.9743    34.9892    27.2961    1487.63    1485.62 0.0000e+00
