_data/ctd/2022603/sta0151.cnv
* Sea-Bird SBE 9 Data File:
* FileName = C:\Seabird\CTDData\sta0151.hex
* Software Version Seasave V 7.21f
* Temperature SN = 6264
* Conductivity SN = 4928
* Number of Bytes Per Scan = 40
* Number of Voltage Words = 5
* Number of Scans Averaged by the Deck Unit = 1
* NMEA Latitude = 60 26.78 N
* NMEA Longitude = 006 34.34 E
* NMEA UTC (Time) = Feb 10 2022 05:16:49
* NMEA baud rate = 4800
** Ship: R/V "Kristine Bonnevie"
** Station: 0151
** Echodepth: 790
** Log: 0114.880
** Wind-Dir/Force: 27 29
** Air-temp (dry): 3.5
** Weather Sky:
** Sea:
# nquan = 19                                
# nvalues = 787                         
# units = specified
# name 0 = scan: Scan Count
# name 1 = prDM: Pressure, Digiquartz [db]
# name 2 = t068C: Temperature [ITS-68, deg C]
# name 3 = t168C: Temperature, 2 [ITS-68, deg C]
# name 4 = c0S/m: Conductivity [S/m]
# name 5 = c1S/m: Conductivity, 2 [S/m]
# name 6 = sbeox0V: Oxygen raw, SBE 43 [V]
# name 7 = flECO-AFL: Fluorescence, WET Labs ECO-AFL/FL [mg/m^3]
# name 8 = altM: Altimeter [m]
# name 9 = par: PAR/Irradiance, Biospherical/Licor
# name 10 = spar: SPAR/Surface Irradiance
# name 11 = CStarTr0: Beam Transmission, WET Labs C-Star [%]
# name 12 = sbeox0ML/L: Oxygen, SBE 43 [ml/l], WS = 2
# name 13 = sal00: Salinity, Practical [PSU]
# name 14 = sal11: Salinity, Practical, 2 [PSU]
# name 15 = sigma-t00: Density [sigma-t, Kg/m^3 ]
# name 16 = svCM: Sound Velocity [Chen-Millero, m/s]
# name 17 = avgsvCM: Average Sound Velocity [Chen-Millero, m/s], minP = 1, minS = 5
# name 18 = flag: flag
# span 0 =        585,      18030       
# span 1 =      2.000,    788.000       
# span 2 =     5.5214,    10.2049       
# span 3 =     5.5145,    10.2013       
# span 4 =   2.861223,   3.694139       
# span 5 =   2.861060,   3.695756       
# span 6 =     1.5309,     2.5008       
# span 7 =    -0.1036,     0.7563       
# span 8 =       5.36,      99.81       
# span 9 = 4.9452e-02, 7.6041e-01       
# span 10 = 0.0000e+00, 0.0000e+00      
# span 11 =    79.0626,    82.4722      
# span 12 =    3.80159,    7.11231      
# span 13 =    28.9832,    35.0067      
# span 14 =    28.9864,    35.0220      
# span 15 =    22.8547,    27.3519      
# span 16 =    1465.29,    1493.60      
# span 17 =    1465.29,    1487.47      
# span 18 = 0.0000e+00, 0.0000e+00      
# interval = decibars: 1                
# start_time = Feb 10 2022 05:16:51 [System UTC, header]
# bad_flag = -9.990e-29
*END*
[from data line 686]
      15676    688.000     7.5104     7.5092   3.606561   3.607877     1.5695    -0.0638      91.08 4.9502e-02 0.0000e+00    81.9169    3.89701    35.0026    35.0180    27.3485    1491.94    1486.71 0.0000e+00
      15699    689.000     7.5103     7.5091   3.606616   3.607923     1.5692    -0.0715      98.82 4.9521e-02 0.0000e+00    81.9076    3.89741    35.0028    35.0181    27.3487    1491.96    1486.71 0.0000e+00
      15721    690.000     7.5101     7.5089   3.606654   3.607958     1.5687    -0.0727      77.83 4.9494e-02 0.0000e+00    81.8962    3.89203    35.0029    35.0182    27.3488    1491.98    1486.72 0.0000e+00
      15743    691.000     7.5098     7.5087   3.606677   3.607982     1.5681    -0.0724      66.22 4.9508e-02 0.0000e+00    81.8905    3.89281    35.0030    35.0182    27.3489    1491.99    1486.73 0.0000e+00
      15766    692.000     7.5099     7.5087   3.606735   3.608037     1.5678    -0.0623      98.60 4.9518e-02 0.0000e+00    81.8854    3.89419    35.0030    35.0183    27.3490    1492.01    1486.74 0.0000e+00
      15788    693.000     7.5099     7.5086   3.606781   3.608076     1.5673    -0.0641      93.08 4.9502e-02 0.0000e+00    81.8491    3.88833    35.0031    35.0184    27.3490    1492.02    1486.74 0.0000e+00
      15811    694.000     7.5098     7.5086   3.606816   3.608124     1.5667    -0.0642      51.80 4.9475e-02 0.0000e+00    81.8672    3.88415    35.0031    35.0184    27.3490    1492.04    1486.75 0.0000e+00
      15833    695.000     7.5094     7.5082   3.606843   3.608145     1.5658    -0.0651      97.89 4.9514e-02 0.0000e+00    81.8465    3.88309    35.0033    35.0186    27.3492    1492.06    1486.76 0.0000e+00
      15856    696.000     7.5089     7.5077   3.606856   3.608162     1.5651    -0.0690      51.91 4.9494e-02 0.0000e+00    81.8442    3.88188    35.0035    35.0188    27.3494    1492.07    1486.77 0.0000e+00
      15878    697.000     7.5084     7.5073   3.606867   3.608185     1.5646    -0.0632      97.75 4.9496e-02 0.0000e+00    81.8488    3.88290    35.0036    35.0190    27.3496    1492.09    1486.77 0.0000e+00
      15900    698.000     7.5079     7.5067   3.606886   3.608202     1.5641    -0.0628      98.42 4.9527e-02 0.0000e+00    81.8492    3.88179    35.0038    35.0193    27.3499    1492.10    1486.78 0.0000e+00
      15922    699.000     7.5078     7.5065   3.606932   3.608234     1.5638    -0.0618      26.68 4.9502e-02 0.0000e+00    81.8349    3.88209    35.0040    35.0194    27.3500    1492.12    1486.79 0.0000e+00
      15944    700.000     7.5074     7.5062   3.606943   3.608255     1.5632    -0.0518      89.70 4.9496e-02 0.0000e+00    81.8338    3.87752    35.0040    35.0194    27.3501    1492.13    1486.80 0.0000e+00
      15966    701.000     7.5070     7.5059   3.606972   3.608275     1.5627    -0.0667      83.99 4.9508e-02 0.0000e+00    81.8387    3.88175    35.0043    35.0194    27.3503    1492.15    1486.80 0.0000e+00
      15988    702.000     7.5070     7.5058   3.607013   3.608321     1.5627    -0.0686      42.74 4.9508e-02 0.0000e+00    81.8371    3.87860    35.0042    35.0196    27.3503    1492.16    1486.81 0.0000e+00
      16010    703.000     7.5068     7.5057   3.607058   3.608363     1.5619    -0.0611      92.04 4.9521e-02 0.0000e+00    81.8280    3.87451    35.0044    35.0197    27.3505    1492.18    1486.82 0.0000e+00
      16032    704.000     7.5069     7.5056   3.607098   3.608414     1.5615    -0.0624      61.68 4.9512e-02 0.0000e+00    81.8337    3.87139    35.0043    35.0198    27.3504    1492.20    1486.83 0.0000e+00
      16053    705.000     7.5068     7.5056   3.607142   3.608451     1.5606    -0.0692      98.21 4.9483e-02 0.0000e+00    81.8180    3.87038    35.0044    35.0198    27.3505    1492.21    1486.83 0.0000e+00
      16076    706.000     7.5068     7.5055   3.607185   3.608501     1.5602    -0.0656      81.29 4.9509e-02 0.0000e+00    81.8021    3.87221    35.0044    35.0199    27.3505    1492.23    1486.84 0.0000e+00
      16098    707.000     7.5068     7.5055   3.607236   3.608550     1.5599    -0.0594      62.68 4.9483e-02 0.0000e+00    81.8240    3.87627    35.0045    35.0200    27.3505    1492.25    1486.85 0.0000e+00
      16120    708.000     7.5067     7.5055   3.607282   3.608590     1.5599    -0.0680      90.06 4.9506e-02 0.0000e+00    81.8187    3.87086    35.0046    35.0199    27.3506    1492.26    1486.86 0.0000e+00
      16142    709.000     7.5066     7.5054   3.607319   3.608619     1.5589    -0.0675      82.78 4.9518e-02 0.0000e+00    81.8072    3.86637    35.0046    35.0199    27.3507    1492.28    1486.87 0.0000e+00
      16164    710.000     7.5063     7.5050   3.607352   3.608653     1.5587    -0.0686      28.59 4.9508e-02 0.0000e+00    81.8216    3.86726    35.0048    35.0202    27.3509    1492.29    1486.87 0.0000e+00
      16185    711.000     7.5064     7.5051   3.607400   3.608704     1.5580    -0.0666      97.89 4.9515e-02 0.0000e+00    81.8063    3.86072    35.0048    35.0202    27.3508    1492.31    1486.88 0.0000e+00
      16207    712.000     7.5065     7.5053   3.607452   3.608763     1.5571    -0.0669      74.28 4.9527e-02 0.0000e+00    81.8027    3.86107    35.0047    35.0201    27.3508    1492.33    1486.89 0.0000e+00
      16230    713.000     7.5066     7.5053   3.607509   3.608815     1.5568    -0.0596      98.80 4.9508e-02 0.0000e+00    81.7842    3.86362    35.0048    35.0202    27.3508    1492.34    1486.90 0.0000e+00
      16251    714.000     7.5066     7.5053   3.607550   3.608856     1.5564    -0.0668      98.48 4.9502e-02 0.0000e+00    81.7934    3.86719    35.0048    35.0202    27.3508    1492.36    1486.90 0.0000e+00
      16273    715.000     7.5065     7.5053   3.607595   3.608910     1.5564    -0.0644      47.83 4.9505e-02 0.0000e+00    81.8067    3.86404    35.0049    35.0203    27.3509    1492.38    1486.91 0.0000e+00
      16295    716.000     7.5064     7.5051   3.607635   3.608938     1.5560    -0.0631      94.53 4.9515e-02 0.0000e+00    81.8131    3.86438    35.0049    35.0203    27.3509    1492.39    1486.92 0.0000e+00
      16317    717.000     7.5061     7.5050   3.607671   3.608983     1.5558    -0.0614      75.54 4.9515e-02 0.0000e+00    81.7835    3.86443    35.0051    35.0204    27.3512    1492.41    1486.93 0.0000e+00
      16339    718.000     7.5060     7.5048   3.607712   3.609014     1.5556    -0.0715      45.63 4.9477e-02 0.0000e+00    81.7885    3.86474    35.0052    35.0205    27.3512    1492.43    1486.93 0.0000e+00
      16360    719.000     7.5056     7.5044   3.607738   3.609032     1.5554    -0.0706      86.07 4.9508e-02 0.0000e+00    81.7940    3.86267    35.0054    35.0206    27.3515    1492.44    1486.94 0.0000e+00
      16382    720.000     7.5055     7.5044   3.607777   3.609088     1.5551    -0.0696      56.75 4.9490e-02 0.0000e+00    81.7926    3.86241    35.0055    35.0208    27.3515    1492.46    1486.95 0.0000e+00
      16405    721.000     7.5056     7.5044   3.607833   3.609133     1.5547    -0.0656      71.83 4.9515e-02 0.0000e+00    81.7860    3.86347    35.0055    35.0208    27.3515    1492.47    1486.96 0.0000e+00
      16427    722.000     7.5055     7.5043   3.607881   3.609196     1.5547    -0.0566      73.10 4.9515e-02 0.0000e+00    81.7500    3.85782    35.0057    35.0211    27.3517    1492.49    1486.96 0.0000e+00
      16449    723.000     7.5055     7.5044   3.607932   3.609233     1.5536    -0.0614      84.04 4.9508e-02 0.0000e+00    81.7021    3.84587    35.0057    35.0209    27.3517    1492.51    1486.97 0.0000e+00
      16471    724.000     7.5056     7.5044   3.607980   3.609292     1.5524    -0.0692      98.70 4.9512e-02 0.0000e+00    81.5982    3.83622    35.0057    35.0211    27.3517    1492.52    1486.98 0.0000e+00
      16494    725.000     7.5057     7.5045   3.608037   3.609344     1.5505    -0.0641      48.65 4.9488e-02 0.0000e+00    81.5746    3.82854    35.0057    35.0211    27.3517    1492.54    1486.99 0.0000e+00
      16516    726.000     7.5058     7.5046   3.608092   3.609396     1.5491    -0.0531      97.11 4.9512e-02 0.0000e+00    81.4896    3.82740    35.0058    35.0211    27.3517    1492.56    1486.99 0.0000e+00
      16538    727.000     7.5059     7.5047   3.608139   3.609450     1.5477    -0.0672      79.46 4.9512e-02 0.0000e+00    81.5028    3.81954    35.0057    35.0211    27.3516    1492.57    1487.00 0.0000e+00
      16561    728.000     7.5060     7.5048   3.608193   3.609502     1.5460    -0.0638      49.37 4.9499e-02 0.0000e+00    81.4842    3.81597    35.0057    35.0211    27.3516    1492.59    1487.01 0.0000e+00
      16584    729.000     7.5061     7.5049   3.608248   3.609554     1.5447    -0.0671      76.39 4.9505e-02 0.0000e+00    81.4706    3.81744    35.0057    35.0210    27.3516    1492.61    1487.02 0.0000e+00
      16606    730.000     7.5062     7.5049   3.608297   3.609603     1.5439    -0.0651      59.30 4.9490e-02 0.0000e+00    81.4581    3.82214    35.0057    35.0211    27.3516    1492.63    1487.03 0.0000e+00
      16628    731.000     7.5061     7.5049   3.608334   3.609643     1.5435    -0.0655      87.37 4.9533e-02 0.0000e+00    81.4706    3.82080    35.0057    35.0211    27.3516    1492.64    1487.03 0.0000e+00
      16651    732.000     7.5060     7.5049   3.608386   3.609680     1.5426    -0.0683      82.88 4.9515e-02 0.0000e+00    81.4597    3.81653    35.0059    35.0210    27.3518    1492.66    1487.04 0.0000e+00
      16673    733.000     7.5060     7.5048   3.608438   3.609740     1.5420    -0.0682      95.45 4.9502e-02 0.0000e+00    81.4878    3.81733    35.0060    35.0213    27.3518    1492.67    1487.05 0.0000e+00
      16695    734.000     7.5061     7.5049   3.608481   3.609789     1.5416    -0.0666      98.56 4.9509e-02 0.0000e+00    81.4869    3.81893    35.0059    35.0212    27.3517    1492.69    1487.06 0.0000e+00
      16717    735.000     7.5062     7.5050   3.608531   3.609841     1.5413    -0.0683      92.90 4.9509e-02 0.0000e+00    81.4673    3.82048    35.0059    35.0212    27.3517    1492.71    1487.06 0.0000e+00
      16739    736.000     7.5063     7.5051   3.608595   3.609892     1.5411    -0.0680      81.17 4.9487e-02 0.0000e+00    81.4606    3.81979    35.0060    35.0212    27.3518    1492.73    1487.07 0.0000e+00
      16761    737.000     7.5064     7.5052   3.608645   3.609946     1.5408    -0.0615      40.91 4.9490e-02 0.0000e+00    81.4850    3.81960    35.0059    35.0212    27.3517    1492.74    1487.08 0.0000e+00
      16784    738.000     7.5065     7.5053   3.608694   3.609996     1.5406    -0.0609      90.74 4.9509e-02 0.0000e+00    81.4782    3.81819    35.0059    35.0212    27.3517    1492.76    1487.09 0.0000e+00
      16806    739.000     7.5066     7.5054   3.608749   3.610054     1.5402    -0.0615      57.54 4.9518e-02 0.0000e+00    81.4771    3.81543    35.0059    35.0212    27.3517    1492.78    1487.09 0.0000e+00
      16829    740.000     7.5067     7.5055   3.608798   3.610106     1.5398    -0.0611      93.18 4.9511e-02 0.0000e+00    81.4821    3.81604    35.0059    35.0212    27.3517    1492.79    1487.10 0.0000e+00
      16852    741.000     7.5068     7.5056   3.608846   3.610157     1.5396    -0.0611      83.90 4.9493e-02 0.0000e+00    81.4710    3.81518    35.0058    35.0212    27.3516    1492.81    1487.11 0.0000e+00
      16875    742.000     7.5068     7.5057   3.608905   3.610209     1.5392    -0.0669      95.83 4.9499e-02 0.0000e+00    81.4645    3.81343    35.0060    35.0212    27.3517    1492.83    1487.12 0.0000e+00
      16898    743.000     7.5069     7.5058   3.608956   3.610261     1.5387    -0.0606      84.68 4.9487e-02 0.0000e+00    81.4859    3.81268    35.0060    35.0212    27.3517    1492.84    1487.12 0.0000e+00
      16921    744.000     7.5070     7.5058   3.609007   3.610317     1.5384    -0.0598      49.59 4.9500e-02 0.0000e+00    81.4528    3.81539    35.0060    35.0213    27.3517    1492.86    1487.13 0.0000e+00
      16944    745.000     7.5071     7.5059   3.609065   3.610369     1.5382    -0.0622      86.23 4.9532e-02 0.0000e+00    81.4586    3.81008    35.0060    35.0213    27.3517    1492.88    1487.14 0.0000e+00
      16967    746.000     7.5072     7.5061   3.609114   3.610420     1.5378    -0.0682      74.80 4.9496e-02 0.0000e+00    81.4584    3.81284    35.0060    35.0212    27.3516    1492.89    1487.15 0.0000e+00
      16990    747.000     7.5073     7.5062   3.609163   3.610473     1.5376    -0.0594      93.95 4.9518e-02 0.0000e+00    81.4483    3.80975    35.0059    35.0212    27.3516    1492.91    1487.16 0.0000e+00
      17013    748.000     7.5074     7.5063   3.609225   3.610528     1.5369 -9.990e-29      81.44 4.9499e-02 0.0000e+00    81.4458    3.81251    35.0060    35.0212    27.3517    1492.93    1487.16 0.0000e+00
      17035    749.000     7.5076     7.5063   3.609280   3.610582     1.5374 -9.990e-29      43.84 4.9508e-02 0.0000e+00    81.4074    3.81952    35.0059    35.0213    27.3516    1492.95    1487.17 0.0000e+00
      17058    750.000     7.5076     7.5064   3.609332   3.610636     1.5372 -9.990e-29      88.01 4.9517e-02 0.0000e+00    81.4501    3.80726    35.0060    35.0213    27.3516    1492.96    1487.18 0.0000e+00
      17081    751.000     7.5077     7.5065   3.609379   3.610688     1.5364 -9.990e-29      64.17 4.9534e-02 0.0000e+00    81.4168    3.80446    35.0060    35.0213    27.3516    1492.98    1487.19 0.0000e+00
      17103    752.000     7.5077     7.5065   3.609422   3.610733     1.5359    -0.0609      85.30 4.9518e-02 0.0000e+00    81.4171    3.80803    35.0060    35.0213    27.3516    1493.00    1487.19 0.0000e+00
      17126    753.000     7.5077     7.5065   3.609476   3.610786     1.5360    -0.0610      50.61 4.9500e-02 0.0000e+00    81.4085    3.81331    35.0061    35.0214    27.3517    1493.01    1487.20 0.0000e+00
      17149    754.000     7.5078     7.5066   3.609533   3.610831     1.5357    -0.0505      98.62 4.9481e-02 0.0000e+00    81.4043    3.80647    35.0061    35.0214    27.3517    1493.03    1487.21 0.0000e+00
      17172    755.000     7.5079     7.5067   3.609581   3.610891     1.5354    -0.0652      86.14 4.9512e-02 0.0000e+00    81.4249    3.80621    35.0061    35.0214    27.3516    1493.05    1487.22 0.0000e+00
      17195    756.000     7.5081     7.5069   3.609637   3.610942     1.5348    -0.0620      49.28 4.9493e-02 0.0000e+00    81.3892    3.80249    35.0060    35.0213    27.3515    1493.06    1487.22 0.0000e+00
      17218    757.000     7.5082     7.5070   3.609686   3.610992     1.5346    -0.0613      98.08 4.9526e-02 0.0000e+00    81.3876    3.80587    35.0060    35.0213    27.3515    1493.08    1487.23 0.0000e+00
      17242    758.000     7.5081     7.5069   3.609733   3.611045     1.5342    -0.0666      47.17 4.9500e-02 0.0000e+00    81.3820    3.80671    35.0061    35.0215    27.3516    1493.10    1487.24 0.0000e+00
      17265    759.000     7.5081     7.5070   3.609784   3.611087     1.5342    -0.0617      86.19 4.9518e-02 0.0000e+00    81.4183    3.80661    35.0062    35.0214    27.3517    1493.11    1487.25 0.0000e+00
      17289    760.000     7.5082     7.5070   3.609825   3.611132     1.5339    -0.0524      35.33 4.9497e-02 0.0000e+00    81.3881    3.80665    35.0061    35.0214    27.3516    1493.13    1487.26 0.0000e+00
      17312    761.000     7.5082     7.5070   3.609875   3.611195     1.5339    -0.0574      34.69 4.9493e-02 0.0000e+00    81.3985    3.80159    35.0061    35.0216    27.3516    1493.15    1487.26 0.0000e+00
      17336    762.000     7.5081     7.5070   3.609924   3.611226     1.5329    -0.0649      33.73 4.9493e-02 0.0000e+00    81.4146    3.80210    35.0063    35.0215    27.3518    1493.16    1487.27 0.0000e+00
