_data/ctd/2022603/sta0157.cnv
* Sea-Bird SBE 9 Data File:
* FileName = C:\Seabird\CTDData\sta0157.hex
* Software Version Seasave V 7.21f
* Temperature SN = 6264
* Conductivity SN = 4928
* Number of Bytes Per Scan = 40
* Number of Voltage Words = 5
* Number of Scans Averaged by the Deck Unit = 1
* NMEA Latitude = 59 44.42 N
* NMEA Longitude = 005 30.42 E
* NMEA UTC (Time) = Feb 10 2022 17:26:23
* NMEA baud rate = 4800
** Ship: R/V "Kristine Bonnevie"
** Station: 0157
** Echodepth: 345
** Log: 0181.911
** Wind-Dir/Force: 32 05
** Air-temp (dry): 2.8
** Weather Sky:
** Sea:
# nquan = 19                                
# nvalues = 335                         
# units = specified
# name 0 = scan: Scan Count
# name 1 = prDM: Pressure, Digiquartz [db]
# name 2 = t068C: Temperature [ITS-68, deg C]
# name 3 = t168C: Temperature, 2 [ITS-68, deg C]
# name 4 = c0S/m: Conductivity [S/m]
# name 5 = c1S/m: Conductivity, 2 [S/m]
# name 6 = sbeox0V: Oxygen raw, SBE 43 [V]
# name 7 = flECO-AFL: Fluorescence, WET Labs ECO-AFL/FL [mg/m^3]
# name 8 = altM: Altimeter [m]
# name 9 = par: PAR/Irradiance, Biospherical/Licor
# name 10 = spar: SPAR/Surface Irradiance
# name 11 = CStarTr0: Beam Transmission, WET Labs C-Star [%]
# name 12 = sbeox0ML/L: Oxygen, SBE 43 [ml/l], WS = 2
# name 13 = sal00: Salinity, Practical [PSU]
# name 14 = sal11: Salinity, Practical, 2 [PSU]
# name 15 = sigma-t00: Density [sigma-t, Kg/m^3 ]
# name 16 = svCM: Sound Velocity [Chen-Millero, m/s]
# name 17 = avgsvCM: Average Sound Velocity [Chen-Millero, m/s], minP = 1, minS = 5
# name 18 = flag: flag
# span 0 =        744,       8155       
# span 1 =      2.000,    336.000       
# span 2 =     7.1165,     8.9518       
# span 3 =     7.1162,     8.9514       
# span 4 =   3.326899,   3.630545       
# span 5 =   3.328149,   3.631921       
# span 6 =     2.0937,     2.4255       
# span 7 =    -0.0924,     0.8255       
# span 8 =      10.46,      99.64       
# span 9 = 4.9438e-02, 1.6976e+00       
# span 10 = 0.0000e+00, 0.0000e+00      
# span 11 =    79.4294,    81.5925      
# span 12 =    5.49169,    6.57302      
# span 13 =    32.6686,    35.0223      
# span 14 =    32.6845,    35.0377      
# span 15 =    25.5661,    27.3141      
# span 16 =    1476.28,    1487.42      
# span 17 =    1476.36,    1484.79      
# span 18 = 0.0000e+00, 0.0000e+00      
# interval = decibars: 1                
# start_time = Feb 10 2022 17:26:25 [System UTC, header]
# bad_flag = -9.990e-29
*END*
[from data line 305]
       7453    307.000     7.8766     7.8752   3.625148   3.626446     2.1125    -0.0634      36.28 4.9499e-02 0.0000e+00    80.7125    5.53673    35.0187    35.0340    27.3073    1487.07    1484.56 0.0000e+00
       7475    308.000     7.8765     7.8752   3.625217   3.626522     2.1117    -0.0585      38.66 4.9490e-02 0.0000e+00    80.7247    5.53742    35.0190    35.0344    27.3076    1487.09    1484.57 0.0000e+00
       7497    309.000     7.8767     7.8752   3.625290   3.626577     2.1114    -0.0600      38.38 4.9502e-02 0.0000e+00    80.7156    5.53756    35.0191    35.0345    27.3077    1487.11    1484.58 0.0000e+00
       7519    310.000     7.8769     7.8754   3.625392   3.626687     2.1110    -0.0599      37.19 4.9477e-02 0.0000e+00    80.7156    5.53931    35.0195    35.0350    27.3080    1487.12    1484.58 0.0000e+00
       7541    311.000     7.8771     7.8757   3.625482   3.626771     2.1111    -0.0751      35.45 4.9502e-02 0.0000e+00    80.6628    5.54616    35.0198    35.0351    27.3082    1487.14    1484.59 0.0000e+00
       7563    312.000     7.8770     7.8756   3.625498   3.626797     2.1111    -0.0907      30.99 4.9472e-02 0.0000e+00    80.7038    5.54299    35.0196    35.0350    27.3080    1487.16    1484.60 0.0000e+00
       7585    313.000     7.8773     7.8760   3.625625   3.626943     2.1112    -0.0836      30.95 4.9481e-02 0.0000e+00    80.6882    5.54965    35.0202    35.0357    27.3084    1487.18    1484.61 0.0000e+00
       7607    314.000     7.8778     7.8765   3.625787   3.627121     2.1118    -0.0614      31.30 4.9489e-02 0.0000e+00    80.6877    5.55224    35.0210    35.0366    27.3090    1487.20    1484.62 0.0000e+00
       7630    315.000     7.8781     7.8767   3.625919   3.627226     2.1120 -9.990e-29      30.64 4.9483e-02 0.0000e+00    80.7069    5.55239    35.0216    35.0371    27.3094    1487.21    1484.63 0.0000e+00
       7651    316.000     7.8782     7.8768   3.626006   3.627308     2.1123 -9.990e-29      29.77 4.9496e-02 0.0000e+00    80.7302    5.55506    35.0220    35.0374    27.3097    1487.23    1484.63 0.0000e+00
       7673    317.000     7.8778     7.8765   3.626034   3.627331     2.1127 -9.990e-29      29.17 4.9508e-02 0.0000e+00    80.7969    5.56111    35.0222    35.0374    27.3099    1487.25    1484.64 0.0000e+00
       7695    318.000     7.8778     7.8764   3.626080   3.627380     2.1136    -0.0588      28.53 4.9484e-02 0.0000e+00    80.8227    5.56514    35.0222    35.0376    27.3099    1487.26    1484.65 0.0000e+00
       7717    319.000     7.8779     7.8765   3.626138   3.627433     2.1141    -0.0704      27.36 4.9483e-02 0.0000e+00    80.8472    5.56933    35.0222    35.0376    27.3099    1487.28    1484.66 0.0000e+00
       7740    320.000     7.8779     7.8765   3.626192   3.627491     2.1152    -0.0922      26.06 4.9499e-02 0.0000e+00    80.8587    5.57527    35.0223    35.0377    27.3100    1487.30    1484.67 0.0000e+00
       7762    321.000     7.8779     7.8764   3.626235   3.627520     2.1161    -0.0923      25.21 4.9477e-02 0.0000e+00    80.8499    5.57399    35.0223    35.0376    27.3100    1487.31    1484.67 0.0000e+00
       7785    322.000     7.8778     7.8765   3.626273   3.627576     2.1163    -0.0671      24.63 4.9469e-02 0.0000e+00    80.8674    5.57155    35.0223    35.0377    27.3100    1487.33    1484.68 0.0000e+00
       7807    323.000     7.8775     7.8764   3.626281   3.627599     2.1164    -0.0650      23.52 4.9508e-02 0.0000e+00    80.8998    5.56917    35.0222    35.0375    27.3100    1487.34    1484.69 0.0000e+00
       7830    324.000     7.8736     7.8725   3.625973   3.627288     2.1164    -0.0600      22.91 4.9489e-02 0.0000e+00    80.8813    5.57204    35.0223    35.0376    27.3107    1487.35    1484.70 0.0000e+00
       7852    325.000     7.8706     7.8696   3.625701   3.626996     2.1164    -0.0615      21.99 4.9481e-02 0.0000e+00    80.8675    5.57041    35.0219    35.0369    27.3108    1487.35    1484.71 0.0000e+00
       7874    326.000     7.8651     7.8633   3.625192   3.626418     2.1162    -0.0692      20.92 4.9496e-02 0.0000e+00    80.8846    5.56880    35.0215    35.0365    27.3112    1487.35    1484.72 0.0000e+00
       7896    327.000     7.8633     7.8618   3.625066   3.626318     2.1157    -0.0889      19.78 4.9477e-02 0.0000e+00    80.8099    5.56187    35.0214    35.0364    27.3115    1487.36    1484.72 0.0000e+00
       7918    328.000     7.8597     7.8587   3.624745   3.626037     2.1147    -0.0892      18.86 4.9492e-02 0.0000e+00    80.6806    5.55471    35.0211    35.0360    27.3118    1487.36    1484.73 0.0000e+00
       7939    329.000     7.8553     7.8543   3.624366   3.625674     2.1132    -0.0679      17.88 4.9471e-02 0.0000e+00    80.6281    5.54554    35.0209    35.0360    27.3123    1487.36    1484.74 0.0000e+00
       7961    330.000     7.8520     7.8509   3.624096   3.625401     2.1117    -0.0751      16.92 4.9498e-02 0.0000e+00    80.5622    5.54019    35.0209    35.0360    27.3127    1487.36    1484.75 0.0000e+00
       7983    331.000     7.8480     7.8474   3.623730   3.625074     2.1100    -0.0876      15.82 4.9493e-02 0.0000e+00    80.4510    5.53092    35.0204    35.0355    27.3130    1487.36    1484.76 0.0000e+00
       8006    332.000     7.8432     7.8417   3.623345   3.624607     2.1074    -0.0802      14.78 4.9474e-02 0.0000e+00    80.3782    5.52032    35.0206    35.0357    27.3138    1487.36    1484.76 0.0000e+00
       8036    333.000     7.8423     7.8410   3.623297   3.624589     2.1042    -0.0587      13.63 4.9477e-02 0.0000e+00    80.2282    5.50985    35.0205    35.0357    27.3139    1487.37    1484.77 0.0000e+00
       8076    334.000     7.8425     7.8411   3.623368   3.624656     2.0999    -0.0573      12.52 4.9487e-02 0.0000e+00    80.0708    5.49580    35.0206    35.0359    27.3139    1487.39    1484.78 0.0000e+00
       8115    335.000     7.8423     7.8410   3.623390   3.624678     2.0963    -0.0726      11.52 4.9497e-02 0.0000e+00    80.0874    5.49169    35.0206    35.0357    27.3139    1487.41    1484.79 0.0000e+00
       8155    336.000     7.8412     7.8399   3.623330   3.624629     2.0937    -0.0835      10.46 4.9485e-02 0.0000e+00    80.0067    5.49292    35.0205    35.0358    27.3141    1487.42    1484.79 0.0000e+00
