_data/ctd/2022603/sta0156.cnv
* Sea-Bird SBE 9 Data File:
* FileName = C:\Seabird\CTDData\sta0156.hex
* Software Version Seasave V 7.21f
* Temperature SN = 6264
* Conductivity SN = 4928
* Number of Bytes Per Scan = 40
* Number of Voltage Words = 5
* Number of Scans Averaged by the Deck Unit = 1
* NMEA Latitude = 59 55.07 N
* NMEA Longitude = 005 45.17 E
* NMEA UTC (Time) = Feb 10 2022 15:34:28
* NMEA baud rate = 4800
** Ship: R/V "Kristine Bonnevie"
** Station: 0156
** Echodepth: 510
** Log: 0168.182
** Wind-Dir/Force: 31 8
** Air-temp (dry): 3.6
** Weather Sky:
** Sea:
# nquan = 19                                
# nvalues = 504                         
# units = specified
# name 0 = scan: Scan Count
# name 1 = prDM: Pressure, Digiquartz [db]
# name 2 = t068C: Temperature [ITS-68, deg C]
# name 3 = t168C: Temperature, 2 [ITS-68, deg C]
# name 4 = c0S/m: Conductivity [S/m]
# name 5 = c1S/m: Conductivity, 2 [S/m]
# name 6 = sbeox0V: Oxygen raw, SBE 43 [V]
# name 7 = flECO-AFL: Fluorescence, WET Labs ECO-AFL/FL [mg/m^3]
# name 8 = altM: Altimeter [m]
# name 9 = par: PAR/Irradiance, Biospherical/Licor
# name 10 = spar: SPAR/Surface Irradiance
# name 11 = CStarTr0: Beam Transmission, WET Labs C-Star [%]
# name 12 = sbeox0ML/L: Oxygen, SBE 43 [ml/l], WS = 2
# name 13 = sal00: Salinity, Practical [PSU]
# name 14 = sal11: Salinity, Practical, 2 [PSU]
# name 15 = sigma-t00: Density [sigma-t, Kg/m^3 ]
# name 16 = svCM: Sound Velocity [Chen-Millero, m/s]
# name 17 = avgsvCM: Average Sound Velocity [Chen-Millero, m/s], minP = 1, minS = 5
# name 18 = flag: flag
# span 0 =        384,      11447       
# span 1 =      2.000,    505.000       
# span 2 =     6.8995,    10.0921       
# span 3 =     6.8993,    10.0894       
# span 4 =   3.206961,   3.712678       
# span 5 =   3.208102,   3.714190       
# span 6 =     1.8880,     2.4094       
# span 7 =    -0.1004,     0.8065       
# span 8 =       8.34,     100.06       
# span 9 = 4.9452e-02, 1.2823e+01       
# span 10 = 1.4035e+01, 2.1992e+01      
# span 11 =    79.6013,    82.1198      
# span 12 =    4.91625,    6.60566      
# span 13 =    31.5718,    34.9761      
# span 14 =    31.5844,    34.9911      
# span 15 =    24.7326,    27.3046      
# span 16 =    1474.02,    1489.49      
# span 17 =    1474.12,    1486.34      
# span 18 = 0.0000e+00, 0.0000e+00      
# interval = decibars: 1                
# start_time = Feb 10 2022 15:34:31 [System UTC, header]
# bad_flag = -9.990e-29
*END*
[from data line 229]
       5459    231.000     7.8738     7.8728   3.615975   3.617238     2.0916    -0.0602      47.12 4.9512e-02 -9.990e-29    81.4576    5.41488    34.9595    34.9741    27.2613    1485.74    1485.01 0.0000e+00
       5481    232.000     7.8715     7.8699   3.615849   3.617087     2.0909    -0.0669      92.62 4.9483e-02 -9.990e-29    81.4753    5.41285    34.9600    34.9749    27.2620    1485.75    1485.01 0.0000e+00
       5502    233.000     7.8715     7.8700   3.615904   3.617167     2.0902    -0.0903      60.41 4.9489e-02 1.7834e+01    81.4686    5.40850    34.9601    34.9752    27.2620    1485.76    1485.01 0.0000e+00
       5524    234.000     7.8690     7.8682   3.615675   3.616977     2.0891    -0.0920      10.65 4.9492e-02 1.7229e+01    81.4439    5.40124    34.9596    34.9745    27.2621    1485.77    1485.02 0.0000e+00
       5545    235.000     7.8653     7.8640   3.615418   3.616690     2.0877    -0.0670      80.48 4.9490e-02 1.6829e+01    81.4720    5.39415    34.9601    34.9751    27.2630    1485.77    1485.02 0.0000e+00
       5567    236.000     7.8655     7.8641   3.615478   3.616738     2.0860    -0.0627      73.46 4.9496e-02 1.6451e+01    81.4759    5.39147    34.9600    34.9750    27.2629    1485.79    1485.02 0.0000e+00
       5589    237.000     7.8624     7.8613   3.615278   3.616547     2.0850    -0.0631      67.45 4.9472e-02 1.7012e+01    81.4838    5.39261    34.9605    34.9753    27.2637    1485.79    1485.03 0.0000e+00
       5611    238.000     7.8552     7.8539   3.614686   3.615929     2.0838    -0.0669      52.97 4.9483e-02 1.6011e+01    81.4520    5.38838    34.9608    34.9755    27.2651    1485.78    1485.03 0.0000e+00
       5633    239.000     7.8520     7.8506   3.614475   3.615750     2.0827    -0.0932      98.23 4.9477e-02 -9.990e-29    81.4545    5.38297    34.9613    34.9764    27.2659    1485.79    1485.03 0.0000e+00
       5654    240.000     7.8520     7.8505   3.614544   3.615801     2.0808    -0.0698      36.84 4.9479e-02 -9.990e-29    81.4662    5.37279    34.9615    34.9766    27.2661    1485.81    1485.03 0.0000e+00
       5676    241.000     7.8520     7.8505   3.614583   3.615844     2.0791    -0.0649      35.39 4.9490e-02 -9.990e-29    81.4392    5.36905    34.9615    34.9766    27.2660    1485.82    1485.04 0.0000e+00
       5697    242.000     7.8518     7.8505   3.614631   3.615906     2.0777    -0.0689      96.83 4.9492e-02 1.7327e+01    81.4576    5.36629    34.9617    34.9767    27.2663    1485.84    1485.04 0.0000e+00
       5718    243.000     7.8514     7.8505   3.614636   3.615952     2.0760    -0.0743      42.67 4.9472e-02 1.6799e+01    81.4490    5.36320    34.9617    34.9768    27.2663    1485.85    1485.04 0.0000e+00
       5739    244.000     7.8481     7.8470   3.614398   3.615676     2.0748    -0.0715      98.70 4.9477e-02 1.6605e+01    81.4522    5.36356    34.9619    34.9768    27.2670    1485.86    1485.05 0.0000e+00
       5761    245.000     7.8398     7.8393   3.613737   3.615042     2.0738    -0.0694      63.17 4.9472e-02 1.5998e+01    81.4508    5.36290    34.9626    34.9772    27.2688    1485.84    1485.05 0.0000e+00
       5782    246.000     7.8366     7.8355   3.613521   3.614801     2.0726    -0.0623      98.50 4.9466e-02 1.5989e+01    81.4424    5.35969    34.9630    34.9779    27.2695    1485.85    1485.05 0.0000e+00
       5803    247.000     7.8354     7.8341   3.613476   3.614738     2.0718    -0.0946      89.51 4.9472e-02 1.5989e+01    81.4380    5.35649    34.9632    34.9781    27.2699    1485.86    1485.06 0.0000e+00
       5824    248.000     7.8352     7.8338   3.613491   3.614765     2.0704    -0.0945      53.14 4.9492e-02 1.5989e+01    81.4718    5.34792    34.9631    34.9782    27.2698    1485.88    1485.06 0.0000e+00
       5846    249.000     7.8349     7.8335   3.613517   3.614785     2.0685    -0.0965      69.49 4.9496e-02 1.5989e+01    81.4382    5.33931    34.9632    34.9783    27.2699    1485.89    1485.06 0.0000e+00
       5867    250.000     7.8343     7.8330   3.613514   3.614787     2.0670    -0.0979      70.22 4.9459e-02 1.5989e+01    81.4444    5.33711    34.9633    34.9783    27.2701    1485.91    1485.07 0.0000e+00
       5888    251.000     7.8332     7.8318   3.613457   3.614721     2.0655    -0.0654      76.46 4.9465e-02 1.5989e+01    81.4480    5.33598    34.9633    34.9783    27.2703    1485.92    1485.07 0.0000e+00
       5909    252.000     7.8309     7.8297   3.613305   3.614575     2.0644    -0.0647      85.45 4.9471e-02 1.5989e+01    81.4352    5.33827    34.9635    34.9784    27.2707    1485.93    1485.07 0.0000e+00
       5931    253.000     7.8269     7.8257   3.613029   3.614282     2.0635    -0.0663      86.01 4.9466e-02 1.5989e+01    81.4683    5.33756    34.9640    34.9787    27.2718    1485.93    1485.08 0.0000e+00
       5952    254.000     7.8238     7.8225   3.612803   3.614053     2.0626    -0.0645      97.06 4.9465e-02 1.5989e+01    81.4344    5.33255    34.9642    34.9790    27.2724    1485.93    1485.08 0.0000e+00
       5973    255.000     7.8226     7.8213   3.612742   3.614016     2.0614    -0.0670      91.34 4.9471e-02 1.5989e+01    81.4630    5.32890    34.9643    34.9793    27.2726    1485.95    1485.08 0.0000e+00
       5995    256.000     7.8215     7.8203   3.612703   3.613980     2.0603    -0.0874      41.35 4.9479e-02 1.5989e+01    81.4512    5.32330    34.9645    34.9794    27.2729    1485.96    1485.09 0.0000e+00
       6016    257.000     7.8212     7.8199   3.612713   3.613986     2.0589    -0.0682      97.84 4.9485e-02 1.5989e+01    81.4521    5.31901    34.9644    34.9794    27.2729    1485.97    1485.09 0.0000e+00
       6037    258.000     7.8205     7.8193   3.612708   3.613986     2.0578    -0.0612      77.75 4.9492e-02 1.5989e+01    81.4491    5.31935    34.9645    34.9795    27.2731    1485.99    1485.09 0.0000e+00
       6058    259.000     7.8198     7.8185   3.612702   3.613966     2.0566    -0.0630      38.26 4.9479e-02 1.5989e+01    81.4245    5.31465    34.9647    34.9796    27.2733    1486.00    1485.10 0.0000e+00
       6078    260.000     7.8184     7.8171   3.612602   3.613872     2.0555    -0.0634      82.42 4.9508e-02 1.5989e+01    81.4191    5.31160    34.9645    34.9795    27.2734    1486.01    1485.10 0.0000e+00
       6099    261.000     7.8154     7.8142   3.612398   3.613658     2.0542    -0.0605      68.89 4.9472e-02 1.5989e+01    81.4013    5.30936    34.9648    34.9796    27.2741    1486.02    1485.11 0.0000e+00
       6120    262.000     7.8094     7.8085   3.611874   3.613113     2.0532    -0.0613      80.57 4.9479e-02 1.5989e+01    81.4259    5.31072    34.9647    34.9790    27.2749    1486.01    1485.11 0.0000e+00
       6141    263.000     7.8010     7.8000   3.611162   3.612419     2.0527    -0.0746      62.29 4.9479e-02 1.5989e+01    81.4381    5.30641    34.9650    34.9795    27.2763    1486.00    1485.11 0.0000e+00
       6162    264.000     7.7926     7.7916   3.610417   3.611684     2.0512    -0.0789      73.27 4.9485e-02 1.5989e+01    81.4353    5.29887    34.9648    34.9795    27.2775    1485.98    1485.12 0.0000e+00
       6182    265.000     7.7901     7.7888   3.610254   3.611520     2.0496    -0.0574      98.50 4.9481e-02 1.5989e+01    81.4115    5.29149    34.9651    34.9801    27.2781    1485.99    1485.12 0.0000e+00
       6203    266.000     7.7888     7.7875   3.610167   3.611435     2.0476    -0.0665      44.21 4.9472e-02 1.5989e+01    81.4118    5.28017    34.9650    34.9800    27.2782    1486.00    1485.12 0.0000e+00
       6224    267.000     7.7861     7.7856   3.609976   3.611303     2.0456    -0.0679      57.01 4.9483e-02 1.5989e+01    81.3932    5.27437    34.9651    34.9800    27.2787    1486.01    1485.13 0.0000e+00
       6246    268.000     7.7839     7.7826   3.609829   3.611101     2.0433    -0.0632      82.39 4.9492e-02 1.5989e+01    81.4218    5.26671    34.9653    34.9803    27.2791    1486.01    1485.13 0.0000e+00
       6267    269.000     7.7822     7.7814   3.609734   3.611029     2.0411    -0.0660      88.83 4.9472e-02 1.5989e+01    81.3876    5.26157    34.9655    34.9802    27.2795    1486.02    1485.13 0.0000e+00
       6288    270.000     7.7747     7.7738   3.609122   3.610382     2.0392    -0.0697      93.02 4.9471e-02 1.5989e+01    81.3895    5.25740    34.9659    34.9804    27.2810    1486.01    1485.14 0.0000e+00
       6310    271.000     7.7721     7.7709   3.608956   3.610215     2.0372    -0.0920      98.78 4.9492e-02 1.5989e+01    81.3846    5.24951    34.9662    34.9810    27.2816    1486.02    1485.14 0.0000e+00
       6331    272.000     7.7713     7.7700   3.608920   3.610188     2.0348    -0.0694      87.31 4.9490e-02 1.5989e+01    81.4173    5.24357    34.9661    34.9811    27.2817    1486.03    1485.14 0.0000e+00
       6353    273.000     7.7697     7.7683   3.608811   3.610061     2.0330    -0.0668      28.87 4.9492e-02 1.5989e+01    81.4423    5.24316    34.9661    34.9810    27.2819    1486.04    1485.15 0.0000e+00
       6375    274.000     7.7679     7.7666   3.608688   3.609949     2.0314    -0.0665      73.08 4.9490e-02 1.5989e+01    81.4347    5.23813    34.9661    34.9810    27.2821    1486.05    1485.15 0.0000e+00
       6396    275.000     7.7670     7.7657   3.608658   3.609924     2.0296    -0.0689      72.20 4.9485e-02 1.5989e+01    81.4208    5.23225    34.9662    34.9811    27.2823    1486.07    1485.15 0.0000e+00
       6418    276.000     7.7659     7.7646   3.608613   3.609876     2.0278    -0.0886      98.81 4.9490e-02 1.5989e+01    81.4308    5.22736    34.9663    34.9812    27.2826    1486.08    1485.16 0.0000e+00
       6439    277.000     7.7652     7.7639   3.608603   3.609865     2.0262    -0.0632      78.98 4.9465e-02 1.5989e+01    81.4108    5.22415    34.9664    34.9813    27.2828    1486.09    1485.16 0.0000e+00
       6461    278.000     7.7649     7.7635   3.608624   3.609886     2.0245    -0.0630      32.93 4.9485e-02 1.5989e+01    81.4195    5.22145    34.9664    34.9815    27.2828    1486.11    1485.16 0.0000e+00
       6482    279.000     7.7645     7.7632   3.608641   3.609905     2.0233    -0.0664      80.46 4.9485e-02 1.5989e+01    81.4413    5.21947    34.9665    34.9815    27.2830    1486.12    1485.17 0.0000e+00
       6503    280.000     7.7640     7.7626   3.608644   3.609904     2.0220    -0.0630      78.14 4.9499e-02 1.5989e+01    81.4488    5.22126    34.9666    34.9816    27.2831    1486.14    1485.17 0.0000e+00
       6525    281.000     7.7633     7.7620   3.608637   3.609898     2.0213    -0.0609      98.86 4.9489e-02 1.5989e+01    81.4295    5.22279    34.9667    34.9816    27.2833    1486.15    1485.17 0.0000e+00
       6546    282.000     7.7599     7.7588   3.608372   3.609637     2.0208    -0.0621      98.39 4.9479e-02 1.5989e+01    81.4425    5.22224    34.9668    34.9815    27.2839    1486.15    1485.18 0.0000e+00
       6568    283.000     7.7571     7.7555   3.608184   3.609425     2.0198    -0.0692      38.46 4.9483e-02 1.5989e+01    81.4316    5.21671    34.9671    34.9821    27.2845    1486.16    1485.18 0.0000e+00
       6589    284.000     7.7562     7.7550   3.608163   3.609434     2.0192    -0.0649      88.08 4.9479e-02 1.5989e+01    81.4243    5.21879    34.9673    34.9822    27.2848    1486.17    1485.18 0.0000e+00
       6611    285.000     7.7563     7.7550   3.608224   3.609490     2.0185    -0.0645      92.06 4.9477e-02 1.5989e+01    81.4303    5.21844    34.9673    34.9823    27.2848    1486.19    1485.19 0.0000e+00
       6632    286.000     7.7564     7.7551   3.608277   3.609539     2.0181    -0.0683      37.30 4.9496e-02 1.5989e+01    81.3918    5.21610    34.9673    34.9823    27.2848    1486.21    1485.19 0.0000e+00
       6654    287.000     7.7566     7.7553   3.608345   3.609614     2.0173    -0.0665      97.90 4.9477e-02 1.5989e+01    81.4190    5.21485    34.9674    34.9824    27.2848    1486.23    1485.19 0.0000e+00
       6676    288.000     7.7558     7.7544   3.608317   3.609569     2.0168    -0.0611      56.63 4.9520e-02 1.5989e+01    81.4598    5.21263    34.9674    34.9823    27.2849    1486.24    1485.20 0.0000e+00
       6698    289.000     7.7540     7.7527   3.608216   3.609462     2.0161    -0.0635      69.80 4.9505e-02 1.5989e+01    81.4341    5.21251    34.9676    34.9824    27.2854    1486.25    1485.20 0.0000e+00
       6720    290.000     7.7527     7.7514   3.608154   3.609419     2.0153    -0.0628      42.11 4.9483e-02 1.5989e+01    81.4182    5.20890    34.9678    34.9827    27.2857    1486.26    1485.20 0.0000e+00
       6742    291.000     7.7513     7.7498   3.608061   3.609300     2.0148    -0.0757      90.83 4.9522e-02 1.5989e+01    81.4299    5.20895    34.9677    34.9826    27.2858    1486.27    1485.21 0.0000e+00
       6764    292.000     7.7472     7.7458   3.607766   3.609014     2.0141    -0.0859      90.55 4.9489e-02 1.5989e+01    81.4420    5.20668    34.9681    34.9830    27.2868    1486.27    1485.21 0.0000e+00
       6786    293.000     7.7470     7.7460   3.607798   3.609085     2.0132    -0.0620      35.48 4.9496e-02 1.5989e+01    81.4282    5.20041    34.9682    34.9831    27.2869    1486.29    1485.22 0.0000e+00
       6808    294.000     7.7458     7.7445   3.607731   3.608983     2.0123    -0.0590      97.91 4.9502e-02 1.5989e+01    81.4447    5.20364    34.9682    34.9830    27.2870    1486.30    1485.22 0.0000e+00
       6829    295.000     7.7438     7.7421   3.607605   3.608836     2.0119    -0.0604      62.88 4.9496e-02 1.5989e+01    81.4530    5.20403    34.9683    34.9833    27.2874    1486.31    1485.22 0.0000e+00
       6851    296.000     7.7423     7.7411   3.607530   3.608792     2.0112    -0.0583      35.07 4.9525e-02 1.5989e+01    81.4585    5.19522    34.9685    34.9834    27.2878    1486.32    1485.23 0.0000e+00
       6873    297.000     7.7421     7.7407   3.607560   3.608825     2.0099    -0.0767      99.42 4.9502e-02 1.5989e+01    81.4166    5.19336    34.9686    34.9836    27.2879    1486.34    1485.23 0.0000e+00
       6894    298.000     7.7418     7.7405   3.607583   3.608849     2.0091    -0.0845      70.00 4.9496e-02 1.5989e+01    81.4033    5.19452    34.9686    34.9836    27.2880    1486.35    1485.23 0.0000e+00
       6916    299.000     7.7418     7.7405   3.607634   3.608896     2.0087    -0.0604      98.43 4.9502e-02 1.5989e+01    81.4478    5.19500    34.9687    34.9836    27.2880    1486.37    1485.24 0.0000e+00
       6938    300.000     7.7421     7.7407   3.607699   3.608961     2.0078    -0.0633      94.08 4.9499e-02 1.5989e+01    81.4809    5.19303    34.9686    34.9837    27.2879    1486.39    1485.24 0.0000e+00
       6960    301.000     7.7420     7.7406   3.607739   3.608994     2.0077    -0.0624      50.68 4.9496e-02 1.5989e+01    81.4662    5.19985    34.9687    34.9836    27.2880    1486.40    1485.25 0.0000e+00
       6982    302.000     7.7413     7.7399   3.607731   3.608994     2.0076    -0.0659      70.46 4.9496e-02 1.5989e+01    81.5050    5.19246    34.9688    34.9838    27.2882    1486.42    1485.25 0.0000e+00
       7004    303.000     7.7413     7.7400   3.607774   3.609035     2.0065    -0.0670      51.49 4.9509e-02 1.5989e+01    81.5101    5.18703    34.9688    34.9837    27.2882    1486.43    1485.25 0.0000e+00
       7026    304.000     7.7413     7.7400   3.607830   3.609084     2.0058    -0.0667      93.24 4.9489e-02 1.5989e+01    81.5071    5.19040    34.9689    34.9837    27.2883    1486.45    1485.26 0.0000e+00
       7048    305.000     7.7413     7.7400   3.607871   3.609138     2.0055    -0.0656      94.54 4.9470e-02 1.5989e+01    81.5268    5.18611    34.9689    34.9838    27.2882    1486.47    1485.26 0.0000e+00
