_data/ctd/2022603/sta0223.cnv
* Sea-Bird SBE 9 Data File:
* FileName = C:\Seabird\CTDData\sta0223.hex
* Software Version Seasave V 7.21f
* Temperature SN = 6264
* Conductivity SN = 4928
* Number of Bytes Per Scan = 40
* Number of Voltage Words = 5
* Number of Scans Averaged by the Deck Unit = 1
* NMEA Latitude = 61 15.19 N
* NMEA Longitude = 004 41.45 E
* NMEA UTC (Time) = Feb 17 2022 20:33:04
* NMEA baud rate = 4800
** Ship: R/V "Kristine Bonnevie"
** Station: 0223
** Echodepth: 341
** Log: 1189.187
** Wind-Dir/Force: 27 12
** Air-temp (dry): 4.7
** Weather Sky:
** Sea:
# nquan = 19                                
# nvalues = 340                         
# units = specified
# name 0 = scan: Scan Count
# name 1 = prDM: Pressure, Digiquartz [db]
# name 2 = t068C: Temperature [ITS-68, deg C]
# name 3 = t168C: Temperature, 2 [ITS-68, deg C]
# name 4 = c0S/m: Conductivity [S/m]
# name 5 = c1S/m: Conductivity, 2 [S/m]
# name 6 = sbeox0V: Oxygen raw, SBE 43 [V]
# name 7 = flECO-AFL: Fluorescence, WET Labs ECO-AFL/FL [mg/m^3]
# name 8 = altM: Altimeter [m]
# name 9 = par: PAR/Irradiance, Biospherical/Licor
# name 10 = spar: SPAR/Surface Irradiance
# name 11 = CStarTr0: Beam Transmission, WET Labs C-Star [%]
# name 12 = sbeox0ML/L: Oxygen, SBE 43 [ml/l], WS = 2
# name 13 = sal00: Salinity, Practical [PSU]
# name 14 = sal11: Salinity, Practical, 2 [PSU]
# name 15 = sigma-t00: Density [sigma-t, Kg/m^3 ]
# name 16 = svCM: Sound Velocity [Chen-Millero, m/s]
# name 17 = avgsvCM: Average Sound Velocity [Chen-Millero, m/s], minP = 1, minS = 5
# name 18 = flag: flag
# span 0 =         -9,       7567       
# span 1 =      2.000,    341.000       
# span 2 =     6.4300,     8.4661       
# span 3 =     6.4294,     8.4643       
# span 4 =   3.259683,   3.669843       
# span 5 =   3.260579,   3.671289       
# span 6 =     2.2013,     2.5162       
# span 7 =    -0.0944,     0.5931       
# span 8 =       1.93,     100.81       
# span 9 = 4.9443e-02, 6.9435e-01       
# span 10 = 0.0000e+00, 0.0000e+00      
# span 11 =    73.0106,    80.9472      
# span 12 =    5.78642,    6.95749      
# span 13 =    32.5909,    34.9740      
# span 14 =    32.6021,    34.9910      
# span 15 =    25.5948,    27.1971      
# span 16 =    1473.44,    1489.45      
# span 17 =    1473.44,    1484.73      
# span 18 = 0.0000e+00, 0.0000e+00      
# interval = decibars: 1                
# start_time = Feb 17 2022 20:33:06 [System UTC, header]
# bad_flag = -9.990e-29
*END*
         -9      2.000     6.4300     6.4294   3.259683   3.260579     2.4759     0.5340      98.83 6.9435e-01 0.0000e+00    79.5525    6.88012    32.5917    32.6022    25.5965    1473.44    1473.44 0.0000e+00
        126      3.000     6.4323     6.4306   3.259902   3.260746     2.4785     0.5348      98.83 6.3491e-01 0.0000e+00    79.3607    6.88952    32.5914    32.6024    25.5960    1473.46    1473.45 0.0000e+00
        159      4.000     6.4360     6.4345   3.260247   3.261145     2.4786     0.5255      98.83 4.3143e-01 0.0000e+00    79.5036    6.88682    32.5912    32.6026    25.5954    1473.49    1473.46 0.0000e+00
        183      5.000     6.4389     6.4373   3.260550   3.261453     2.4785     0.5590      98.83 3.7925e-01 0.0000e+00    79.5313    6.88012    32.5913    32.6029    25.5951    1473.52    1473.47 0.0000e+00
        209      6.000     6.4389     6.4373   3.260614   3.261489     2.4773     0.5604      98.83 2.5383e-01 0.0000e+00    79.5109    6.87900    32.5916    32.6028    25.5953    1473.54    1473.48 0.0000e+00
        237      7.000     6.4391     6.4372   3.260616   3.261493     2.4771 -9.990e-29      98.83 2.1743e-01 0.0000e+00    79.4991    6.88421    32.5909    32.6024    25.5948    1473.55    1473.49 0.0000e+00
        262      8.000     6.4396     6.4375   3.260735   3.261532     2.4772 -9.990e-29      98.83 1.7117e-01 0.0000e+00    79.5276    6.88516    32.5913    32.6021    25.5950    1473.57    1473.50 0.0000e+00
        289      9.000     6.4533     6.4484   3.263143   3.263593     2.4770     0.5816      98.83 1.2665e-01 0.0000e+00    79.5007    6.88354    32.6044    32.6140    25.6036    1473.66    1473.52 0.0000e+00
        318     10.000     6.4664     6.4646   3.266030   3.266974     2.4772     0.5518      98.83 1.0268e-01 0.0000e+00    79.5162    6.88495    32.6233    32.6355    25.6168    1473.75    1473.54 0.0000e+00
        345     11.000     6.4695     6.4674   3.266964   3.267738     2.4775     0.5027      98.83 8.4237e-02 0.0000e+00    79.5358    6.88385    32.6302    32.6408    25.6219    1473.79    1473.56 0.0000e+00
        368     12.000     6.4706     6.4691   3.267305   3.268240     2.4773     0.4935      98.83 6.2618e-02 0.0000e+00    79.5201    6.88469    32.6324    32.6442    25.6235    1473.81    1473.59 0.0000e+00
        388     13.000     6.4710     6.4692   3.267453   3.268330     2.4777     0.4937      98.83 5.5354e-02 0.0000e+00    79.5340    6.88704    32.6332    32.6446    25.6241    1473.83    1473.60 0.0000e+00
        407     14.000     6.4710     6.4695   3.268073   3.268959     2.4777     0.4937      98.83 4.9995e-02 0.0000e+00    79.5275    6.88605    32.6396    32.6508    25.6291    1473.86    1473.62 0.0000e+00
        425     15.000     6.4667     6.4659   3.268471   3.269416     2.4775     0.4937      98.83 4.9507e-02 0.0000e+00    79.5178    6.88339    32.6476    32.6589    25.6360    1473.86    1473.64 0.0000e+00
        442     16.000     6.4653     6.4637   3.268679   3.269649     2.4773     0.4937      98.82 4.9496e-02 0.0000e+00    79.5354    6.88079    32.6508    32.6631    25.6387    1473.88    1473.65 0.0000e+00
        460     17.000     6.4738     6.4722   3.271340   3.272649     2.4769     0.4937      98.83 4.9524e-02 0.0000e+00    79.5130    6.87968    32.6716    32.6877    25.6540    1473.96    1473.67 0.0000e+00
        479     18.000     6.4813     6.4795   3.273813   3.274752     2.4769     0.5497      98.83 4.9509e-02 0.0000e+00    79.5243    6.88320    32.6913    32.7035    25.6686    1474.03    1473.69 0.0000e+00
        503     19.000     6.4889     6.4844   3.275955   3.276197     2.4769     0.5360      98.83 4.9488e-02 0.0000e+00    79.5243    6.88372    32.7073    32.7143    25.6802    1474.09    1473.71 0.0000e+00
        529     20.000     6.4999     6.4986   3.278638   3.280003     2.4774     0.5931      98.83 4.9519e-02 0.0000e+00    79.5269    6.89020    32.7259    32.7423    25.6935    1474.18    1473.74 0.0000e+00
        555     21.000     6.5110     6.5109   3.281179   3.282618     2.4785     0.5563      98.83 4.9506e-02 0.0000e+00    79.5365    6.89647    32.7429    32.7589    25.7055    1474.26    1473.76 0.0000e+00
        579     22.000     6.5268     6.5248   3.285559   3.286668     2.4797     0.4859      98.83 4.9505e-02 0.0000e+00    79.5751    6.89810    32.7757    32.7899    25.7293    1474.38    1473.79 0.0000e+00
        601     23.000     6.5271     6.5254   3.287096   3.288123     2.4808     0.4605      98.83 4.9490e-02 0.0000e+00    79.5754    6.89520    32.7920    32.8050    25.7421    1474.41    1473.82 0.0000e+00
        624     24.000     6.5273     6.5261   3.291944   3.292970     2.4809     0.4768      98.83 4.9503e-02 0.0000e+00    79.6124    6.89407    32.8449    32.8574    25.7838    1474.50    1473.84 0.0000e+00
        648     25.000     6.5064     6.5052   3.294752   3.295748     2.4818     0.5242      98.83 4.9503e-02 0.0000e+00    79.5763    6.89461    32.8956    32.9078    25.8265    1474.50    1473.87 0.0000e+00
        671     26.000     6.5094     6.5081   3.296349   3.297419     2.4814     0.5235      98.83 4.9502e-02 0.0000e+00    79.5606    6.88451    32.9099    32.9230    25.8373    1474.54    1473.90 0.0000e+00
        689     27.000     6.5174     6.5134   3.299386   3.300457     2.4811     0.4561      98.83 4.9513e-02 0.0000e+00    79.5609    6.88403    32.9353    32.9511    25.8564    1474.62    1473.92 0.0000e+00
        706     28.000     6.5773     6.5717   3.311743   3.312868     2.4809     0.4407      98.82 4.9500e-02 0.0000e+00    79.5424    6.87197    33.0137    33.0316    25.9104    1474.97    1473.96 0.0000e+00
        721     29.000     6.5798     6.5792   3.319559   3.320887     2.4808     0.4135      98.83 4.9509e-02 0.0000e+00    79.6085    6.87083    33.0973    33.1125    25.9760    1475.10    1474.00 0.0000e+00
        735     30.000     6.5835     6.5812   3.327047   3.328203     2.4810     0.3684      98.83 4.9529e-02 0.0000e+00    79.6519    6.86687    33.1760    33.1910    26.0376    1475.23    1474.04 0.0000e+00
        749     31.000     6.5894     6.5875   3.330551   3.331691     2.4809     0.3386      98.82 4.9501e-02 0.0000e+00    79.7290    6.86025    33.2085    33.2230    26.0624    1475.31    1474.08 0.0000e+00
        768     32.000     6.5906     6.5889   3.333109   3.334163     2.4805     0.3668      98.83 4.9476e-02 0.0000e+00    79.7887    6.86847    33.2352    33.2485    26.0833    1475.37    1474.12 0.0000e+00
        805     33.000     6.5927     6.5912   3.335766   3.336781     2.4833     0.4513      98.82 4.9506e-02 0.0000e+00    79.8051    6.90528    33.2620    33.2747    26.1042    1475.43    1474.16 0.0000e+00
        843     34.000     6.5990     6.5966   3.336887   3.337958     2.4887     0.4862      98.83 4.9495e-02 0.0000e+00    79.8488    6.93772    33.2678    33.2820    26.1079    1475.48    1474.20 0.0000e+00
        864     35.000     6.6107     6.6099   3.339543   3.340680     2.4925     0.4164      98.82 4.9525e-02 0.0000e+00    79.8866    6.94942    33.2853    33.2987    26.1202    1475.56    1474.24 0.0000e+00
        881     36.000     6.6191     6.6131   3.343337   3.344564     2.4952     0.3713      98.83 4.9480e-02 0.0000e+00    79.9370    6.95090    33.3186    33.3380    26.1453    1475.65    1474.28 0.0000e+00
        898     37.000     6.7532     6.7431   3.361633   3.362951     2.4974     0.3417      98.83 4.9504e-02 0.0000e+00    79.9585    6.93293    33.3895    33.4139    26.1835    1476.28    1474.33 0.0000e+00
        917     38.000     6.7846     6.7821   3.366683   3.367798     2.5005     0.3134      98.83 4.9488e-02 0.0000e+00    79.9892    6.94907    33.4141    33.4288    26.1987    1476.45    1474.39 0.0000e+00
        937     39.000     6.7889     6.7871   3.367640   3.368739     2.5048     0.2752      98.83 4.9479e-02 0.0000e+00    80.0411    6.95749    33.4199    33.4338    26.2028    1476.49    1474.44 0.0000e+00
        957     40.000     6.8015     6.7971   3.370594   3.371708     2.5074     0.2490      98.83 4.9476e-02 0.0000e+00    80.0639    6.94539    33.4397    33.4563    26.2167    1476.58    1474.49 0.0000e+00
        976     41.000     6.8415     6.8407   3.377118   3.378346     2.5088     0.2184      98.83 4.9512e-02 0.0000e+00    80.1157    6.93293    33.4720    33.4863    26.2368    1476.79    1474.55 0.0000e+00
        994     42.000     6.8176     6.8163   3.375333   3.376409     2.5098     0.1972      98.83 4.9509e-02 0.0000e+00    80.1476    6.93991    33.4752    33.4883    26.2425    1476.72    1474.60 0.0000e+00
       1014     43.000     6.8180     6.8163   3.375630   3.376763     2.5110 -9.990e-29      98.83 4.9518e-02 0.0000e+00    80.2046    6.94084    33.4776    33.4917    26.2443    1476.74    1474.65 0.0000e+00
       1035     44.000     6.8304     6.8285   3.377441   3.378756     2.5117 -9.990e-29      98.83 4.9521e-02 0.0000e+00    80.2149    6.93854    33.4849    33.5013    26.2484    1476.82    1474.70 0.0000e+00
       1058     45.000     6.8523     6.8497   3.380274   3.381403     2.5127 -9.990e-29      98.83 4.9495e-02 0.0000e+00    80.2049    6.94526    33.4943    33.5092    26.2529    1476.93    1474.75 0.0000e+00
       1078     46.000     6.8727     6.8700   3.383116   3.384370     2.5141 -9.990e-29      98.83 4.9490e-02 0.0000e+00    80.2104    6.95000    33.5051    33.5215    26.2587    1477.04    1474.80 0.0000e+00
       1097     47.000     6.8652     6.8653   3.383424   3.384570     2.5154     0.1579      98.83 4.9505e-02 0.0000e+00    80.2106    6.94984    33.5153    33.5278    26.2677    1477.04    1474.85 0.0000e+00
       1117     48.000     6.8787     6.8731   3.388788   3.389927     2.5158     0.1650      98.83 4.9494e-02 0.0000e+00    80.2317    6.93620    33.5606    33.5786    26.3016    1477.17    1474.90 0.0000e+00
       1137     49.000     6.9406     6.9355   3.397133   3.398268     2.5156     0.1279      98.83 4.9474e-02 0.0000e+00    80.2476    6.92349    33.5914    33.6088    26.3175    1477.46    1474.95 0.0000e+00
       1159     50.000     6.9563     6.9545   3.400471   3.401642     2.5162     0.1274      98.83 4.9508e-02 0.0000e+00    80.2329    6.92835    33.6122    33.6268    26.3317    1477.56    1475.00 0.0000e+00
       1192     51.000     6.9767     6.9751   3.404803   3.406141     2.5161     0.1274      98.83 4.9457e-02 0.0000e+00    80.2265    6.90997    33.6393    33.6555    26.3503    1477.69    1475.05 0.0000e+00
       1227     52.000     6.9895     6.9878   3.407503   3.408630     2.5145     0.1274      98.83 4.9480e-02 0.0000e+00    80.2472    6.89360    33.6559    33.6699    26.3617    1477.78    1475.11 0.0000e+00
       1249     53.000     6.9868     6.9852   3.407713   3.408840     2.5132     0.1256      98.83 4.9470e-02 0.0000e+00    80.2644    6.88301    33.6604    33.6743    26.3655    1477.79    1475.16 0.0000e+00
       1265     54.000     6.9824     6.9802   3.407411   3.408500     2.5113     0.0947      98.83 4.9495e-02 0.0000e+00    80.2879    6.86950    33.6609    33.6750    26.3665    1477.79    1475.21 0.0000e+00
       1280     55.000     6.9742     6.9727   3.406914   3.408054     2.5093     0.0968      98.83 4.9523e-02 0.0000e+00    80.2594    6.86278    33.6629    33.6769    26.3693    1477.78    1475.25 0.0000e+00
       1295     56.000     6.9655     6.9646   3.406254   3.407417     2.5078     0.0968      98.83 4.9538e-02 0.0000e+00    80.2369    6.85774    33.6637    33.6774    26.3711    1477.76    1475.30 0.0000e+00
       1310     57.000     6.9689     6.9657   3.407375   3.408380     2.5054     0.0968      98.83 4.9491e-02 0.0000e+00    80.2414    6.84825    33.6722    33.6864    26.3773    1477.80    1475.34 0.0000e+00
       1327     58.000     7.0182     7.0121   3.416396   3.417582     2.5032     0.0968      98.82 4.9532e-02 0.0000e+00    80.2301    6.84180    33.7224    33.7414    26.4101    1478.07    1475.39 0.0000e+00
       1346     59.000     7.0712     7.0644   3.426300   3.427321     2.5021     0.0954      98.83 4.9486e-02 0.0000e+00    80.2210    6.84566    33.7785    33.7963    26.4470    1478.37    1475.44 0.0000e+00
       1369     60.000     7.1506     7.1425   3.441148   3.441994     2.5021     0.1210      98.83 4.9519e-02 0.0000e+00    80.2239    6.83949    33.8626    33.8798    26.5023    1478.79    1475.49 0.0000e+00
       1397     61.000     7.1787     7.1771   3.446178   3.447431     2.5020     0.1529      98.83 4.9443e-02 0.0000e+00    80.2322    6.81730    33.8895    33.9047    26.5196    1478.95    1475.55 0.0000e+00
       1423     62.000     7.1804     7.1786   3.446812   3.448113     2.4989     0.1309      98.83 4.9474e-02 0.0000e+00    80.2561    6.77239    33.8942    33.9102    26.5231    1478.98    1475.61 0.0000e+00
       1444     63.000     7.1895     7.1876   3.448502   3.449833     2.4939     0.1044      98.83 4.9476e-02 0.0000e+00    80.2155    6.73074    33.9033    33.9197    26.5290    1479.04    1475.66 0.0000e+00
       1463     64.000     7.2199     7.2157   3.453318   3.454730     2.4884     0.0966      98.83 4.9478e-02 0.0000e+00    80.2568    6.70615    33.9255    33.9451    26.5422    1479.21    1475.72 0.0000e+00
       1481     65.000     7.2672     7.2608   3.460975   3.462136     2.4840     0.0963      98.83 4.9483e-02 0.0000e+00    80.2406    6.69634    33.9621    33.9811    26.5644    1479.45    1475.77 0.0000e+00
       1501     66.000     7.3340     7.3285   3.472022   3.473439     2.4802     0.0931      98.83 4.9489e-02 0.0000e+00    80.2504    6.68535    34.0164    34.0372    26.5977    1479.79    1475.83 0.0000e+00
       1527     67.000     7.3602     7.3576   3.476033   3.477239     2.4764     0.0958      98.83 4.9499e-02 0.0000e+00    80.2633    6.67428    34.0338    34.0495    26.6078    1479.93    1475.89 0.0000e+00
       1557     68.000     7.3830     7.3787   3.479730   3.480741     2.4711     0.0956      98.83 4.9527e-02 0.0000e+00    80.2768    6.63266    34.0511    34.0663    26.6182    1480.06    1475.96 0.0000e+00
       1579     69.000     7.3962     7.3937   3.482304   3.483527     2.4655     0.0674      98.83 4.9497e-02 0.0000e+00    80.2684    6.60725    34.0656    34.0814    26.6277    1480.14    1476.02 0.0000e+00
       1596     70.000     7.4006     7.3983   3.483206   3.484451     2.4618     0.0437      98.82 4.9491e-02 0.0000e+00    80.2964    6.59490    34.0706    34.0864    26.6310    1480.18    1476.08 0.0000e+00
       1612     71.000     7.4026     7.4008   3.483479   3.484800     2.4579     0.0286      98.83 4.9531e-02 0.0000e+00    80.3022    6.57562    34.0711    34.0873    26.6312    1480.21    1476.13 0.0000e+00
       1627     72.000     7.4040     7.4022   3.483725   3.485027     2.4535     0.0555      98.83 4.9504e-02 0.0000e+00    80.2911    6.55868    34.0719    34.0879    26.6316    1480.23    1476.19 0.0000e+00
       1644     73.000     7.4046     7.4029   3.483873   3.485123     2.4493     0.0663      98.83 4.9498e-02 0.0000e+00    80.2873    6.55522    34.0725    34.0877    26.6319    1480.25    1476.25 0.0000e+00
       1666     74.000     7.4092     7.4077   3.484601   3.485982     2.4446     0.0655      98.82 4.9486e-02 0.0000e+00    80.2868    6.55409    34.0754    34.0919    26.6336    1480.29    1476.30 0.0000e+00
       1697     75.000     7.4439     7.4406   3.490004   3.491591     2.4399     0.0585      98.83 4.9498e-02 0.0000e+00    80.2914    6.54594    34.0995    34.1200    26.6476    1480.47    1476.36 0.0000e+00
       1726     76.000     7.5453     7.5400   3.505487   3.506742     2.4369     0.0584      98.82 4.9544e-02 0.0000e+00    80.2873    6.53570    34.1672    34.1860    26.6864    1480.95    1476.42 0.0000e+00
       1745     77.000     7.6178     7.6056   3.516788   3.518246     2.4365     0.0628      98.83 4.9470e-02 0.0000e+00    80.3146    6.52512    34.2177    34.2455    26.7157    1481.31    1476.48 0.0000e+00
