_data/ctd/2022603/sta0162.cnv
* Sea-Bird SBE 9 Data File:
* FileName = C:\Seabird\CTDData\sta0162.hex
* Software Version Seasave V 7.21f
* Temperature SN = 6264
* Conductivity SN = 4928
* Number of Bytes Per Scan = 40
* Number of Voltage Words = 5
* Number of Scans Averaged by the Deck Unit = 1
* NMEA Latitude = 59 45.22 N
* NMEA Longitude = 006 05.76 E
* NMEA UTC (Time) = Feb 11 2022 21:16:36
* NMEA baud rate = 4800
** Ship: R/V "Kristine Bonnevie"
** Station: 0162
** Echodepth: 617
** Log: 0354.716
** Wind-Dir/Force: 28 04
** Air-temp (dry): 4.4
** Weather Sky:
** Sea:
# nquan = 19                                
# nvalues = 603                         
# units = specified
# name 0 = scan: Scan Count
# name 1 = prDM: Pressure, Digiquartz [db]
# name 2 = t068C: Temperature [ITS-68, deg C]
# name 3 = t168C: Temperature, 2 [ITS-68, deg C]
# name 4 = c0S/m: Conductivity [S/m]
# name 5 = c1S/m: Conductivity, 2 [S/m]
# name 6 = sbeox0V: Oxygen raw, SBE 43 [V]
# name 7 = flECO-AFL: Fluorescence, WET Labs ECO-AFL/FL [mg/m^3]
# name 8 = altM: Altimeter [m]
# name 9 = par: PAR/Irradiance, Biospherical/Licor
# name 10 = spar: SPAR/Surface Irradiance
# name 11 = CStarTr0: Beam Transmission, WET Labs C-Star [%]
# name 12 = sbeox0ML/L: Oxygen, SBE 43 [ml/l], WS = 2
# name 13 = sal00: Salinity, Practical [PSU]
# name 14 = sal11: Salinity, Practical, 2 [PSU]
# name 15 = sigma-t00: Density [sigma-t, Kg/m^3 ]
# name 16 = svCM: Sound Velocity [Chen-Millero, m/s]
# name 17 = avgsvCM: Average Sound Velocity [Chen-Millero, m/s], minP = 1, minS = 5
# name 18 = flag: flag
# span 0 =         -3,      14061       
# span 1 =     14.000,    616.000       
# span 2 =     7.4788,     9.5923       
# span 3 =     7.4777,     9.5904       
# span 4 =   3.378318,   3.658778       
# span 5 =   3.380913,   3.660260       
# span 6 =     1.5910,     2.4799       
# span 7 =    -0.0986,     0.5822       
# span 8 =       5.77,     100.05       
# span 9 = 4.9340e-02, 1.0274e-01       
# span 10 = 0.0000e+00, 0.0000e+00      
# span 11 =    59.7800,    82.2092      
# span 12 =    3.91512,    6.63013      
# span 13 =    32.0978,    35.0691      
# span 14 =    32.1330,    35.0848      
# span 15 =    24.9483,    27.3975      
# span 16 =    1480.33,    1490.70      
# span 17 =    1480.33,    1486.93      
# span 18 = 0.0000e+00, 0.0000e+00      
# interval = decibars: 1                
# start_time = Feb 11 2022 21:16:39 [System UTC, header]
# bad_flag = -9.990e-29
*END*
[from data line 77]
       1612     91.000     8.3350     8.3336   3.628243   3.629615     1.9987    -0.0924      98.76 4.9495e-02 0.0000e+00    81.7120    4.94191    34.7005    34.7165    26.9882    1484.85    1484.73 0.0000e+00
       1633     92.000     8.3257     8.3249   3.627713   3.629082     1.9968    -0.0662      58.79 4.9531e-02 0.0000e+00    81.7319    4.94818    34.7035    34.7189    26.9920    1484.84    1484.73 0.0000e+00
       1653     93.000     8.3233     8.3219   3.628070   3.629439     1.9959    -0.0620      98.61 4.9481e-02 0.0000e+00    81.7062    4.95000    34.7092    34.7252    26.9968    1484.85    1484.73 0.0000e+00
       1674     94.000     8.3211     8.3198   3.628367   3.629734     1.9948    -0.0718      74.05 4.9472e-02 0.0000e+00    81.7197    4.95144    34.7141    34.7299    27.0010    1484.86    1484.73 0.0000e+00
       1695     95.000     8.3165     8.3152   3.628421   3.629788     1.9945    -0.0882      91.82 4.9495e-02 0.0000e+00    81.7408    4.95908    34.7187    34.7346    27.0053    1484.87    1484.73 0.0000e+00
       1715     96.000     8.3143     8.3129   3.628403   3.629761     1.9945 -9.990e-29      71.53 4.9499e-02 0.0000e+00    81.7366    4.96282    34.7202    34.7361    27.0068    1484.88    1484.73 0.0000e+00
       1736     97.000     8.3125     8.3109   3.628385   3.629753     1.9950 -9.990e-29      96.40 4.9512e-02 0.0000e+00    81.7409    4.97030    34.7213    34.7375    27.0080    1484.89    1484.74 0.0000e+00
       1757     98.000     8.3109     8.3095   3.628655   3.630018     1.9957 -9.990e-29      85.96 4.9466e-02 0.0000e+00    81.7284    4.97715    34.7253    34.7412    27.0113    1484.91    1484.74 0.0000e+00
       1777     99.000     8.3124     8.3108   3.629238   3.630609     1.9966 -9.990e-29      95.63 4.9508e-02 0.0000e+00    81.7424    4.98298    34.7296    34.7457    27.0145    1484.93    1484.74 0.0000e+00
       1798    100.000     8.3040     8.3031   3.628693   3.630050     1.9979 -9.990e-29      88.32 4.9498e-02 0.0000e+00    81.7513    4.98861    34.7316    34.7469    27.0173    1484.92    1484.74 0.0000e+00
       1819    101.000     8.3010     8.2997   3.628789   3.630192     1.9989 -9.990e-29      93.63 4.9452e-02 0.0000e+00    81.7390    4.99043    34.7351    34.7513    27.0205    1484.93    1484.74 0.0000e+00
       1840    102.000     8.3041     8.3024   3.629280   3.630669     1.9998 -9.990e-29      91.02 4.9472e-02 0.0000e+00    81.7377    4.99899    34.7368    34.7532    27.0214    1484.96    1484.74 0.0000e+00
       1861    103.000     8.3015     8.3005   3.629420   3.630788     2.0015 -9.990e-29      93.20 4.9485e-02 0.0000e+00    81.7291    5.00731    34.7403    34.7559    27.0246    1484.97    1484.75 0.0000e+00
       1882    104.000     8.2936     8.2924   3.629165   3.630541     2.0028 -9.990e-29      98.91 4.9519e-02 0.0000e+00    81.7181    5.00907    34.7449    34.7608    27.0294    1484.96    1484.75 0.0000e+00
       1903    105.000     8.2905     8.2893   3.629052   3.630421     2.0038    -0.0768      93.23 4.9492e-02 0.0000e+00    81.7142    5.01590    34.7463    34.7621    27.0310    1484.97    1484.75 0.0000e+00
       1924    106.000     8.2739     8.2736   3.628241   3.629604     2.0055    -0.0707      39.26 4.9488e-02 0.0000e+00    81.6910    5.02746    34.7536    34.7684    27.0392    1484.93    1484.75 0.0000e+00
       1944    107.000     8.2611     8.2603   3.627565   3.628929     2.0071    -0.0638      99.75 4.9481e-02 0.0000e+00    81.6976    5.02924    34.7586    34.7739    27.0451    1484.91    1484.75 0.0000e+00
       1964    108.000     8.2459     8.2453   3.626742   3.628101     2.0078    -0.0557      55.65 4.9505e-02 0.0000e+00    81.7161    5.02939    34.7643    34.7794    27.0519    1484.88    1484.76 0.0000e+00
       1985    109.000     8.2255     8.2248   3.625845   3.627196     2.0086    -0.0601      91.03 4.9472e-02 0.0000e+00    81.7042    5.03084    34.7745    34.7896    27.0630    1484.83    1484.76 0.0000e+00
       2005    110.000     8.2183     8.2171   3.625682   3.627043     2.0089    -0.0675      64.34 4.9514e-02 0.0000e+00    81.7082    5.02727    34.7794    34.7951    27.0679    1484.82    1484.76 0.0000e+00
       2025    111.000     8.2124     8.2112   3.625636   3.627010     2.0085    -0.0583      98.35 4.9509e-02 0.0000e+00    81.6881    5.01993    34.7842    34.8001    27.0726    1484.82    1484.76 0.0000e+00
       2046    112.000     8.2105     8.2091   3.625860   3.627240     2.0079    -0.0682      81.51 4.9466e-02 0.0000e+00    81.6746    5.01918    34.7880    34.8042    27.0759    1484.84    1484.76 0.0000e+00
       2066    113.000     8.2094     8.2079   3.626142   3.627500     2.0075    -0.0606      95.99 4.9515e-02 0.0000e+00    81.6855    5.02512    34.7917    34.8077    27.0789    1484.85    1484.76 0.0000e+00
       2086    114.000     8.2038     8.2026   3.626129   3.627494     2.0079    -0.0605      88.79 4.9495e-02 0.0000e+00    81.6986    5.03401    34.7966    34.8124    27.0836    1484.86    1484.76 0.0000e+00
       2107    115.000     8.2017     8.2004   3.626116   3.627485     2.0086    -0.0947      93.81 4.9499e-02 0.0000e+00    81.6710    5.04276    34.7980    34.8140    27.0851    1484.87    1484.76 0.0000e+00
       2127    116.000     8.1981     8.1966   3.625965   3.627303     2.0100    -0.0676      93.67 4.9508e-02 0.0000e+00    81.6659    5.05910    34.7995    34.8153    27.0868    1484.87    1484.76 0.0000e+00
       2148    117.000     8.1934     8.1920   3.626031   3.627402     2.0120    -0.0621      85.10 4.9518e-02 0.0000e+00    81.6466    5.06793    34.8044    34.8204    27.0913    1484.88    1484.76 0.0000e+00
       2168    118.000     8.1930     8.1916   3.626332   3.627700     2.0139    -0.0620      30.37 4.9515e-02 0.0000e+00    81.6536    5.07508    34.8075    34.8235    27.0939    1484.89    1484.76 0.0000e+00
       2189    119.000     8.1877     8.1869   3.625932   3.627296     2.0158    -0.0689      96.67 4.9492e-02 0.0000e+00    81.6270    5.08398    34.8080    34.8234    27.0951    1484.89    1484.76 0.0000e+00
       2209    120.000     8.1819     8.1804   3.625671   3.627058     2.0179    -0.0634      25.75 4.9495e-02 0.0000e+00    81.6277    5.09313    34.8105    34.8268    27.0979    1484.89    1484.77 0.0000e+00
       2230    121.000     8.1880     8.1862   3.626571   3.627940     2.0201    -0.0646      98.96 4.9472e-02 0.0000e+00    81.6120    5.10097    34.8136    34.8300    27.0994    1484.93    1484.77 0.0000e+00
       2251    122.000     8.1874     8.1860   3.626654   3.628028     2.0221    -0.0706      41.45 4.9523e-02 0.0000e+00    81.5797    5.10589    34.8146    34.8307    27.1003    1484.95    1484.77 0.0000e+00
       2271    123.000     8.1848     8.1835   3.626506   3.627857     2.0240    -0.0669      98.66 4.9452e-02 0.0000e+00    81.5832    5.11455    34.8151    34.8308    27.1011    1484.96    1484.77 0.0000e+00
       2291    124.000     8.1792     8.1779   3.626080   3.627437     2.0263    -0.0631      75.29 4.9465e-02 0.0000e+00    81.5595    5.12918    34.8156    34.8314    27.1023    1484.95    1484.77 0.0000e+00
       2312    125.000     8.1763     8.1749   3.625941   3.627307     2.0292    -0.0616      52.18 4.9512e-02 0.0000e+00    81.5450    5.14159    34.8165    34.8325    27.1035    1484.96    1484.77 0.0000e+00
       2334    126.000     8.1755     8.1742   3.626044   3.627440     2.0316    -0.0628      74.69 4.9494e-02 0.0000e+00    81.5417    5.14053    34.8179    34.8342    27.1047    1484.97    1484.77 0.0000e+00
       2357    127.000     8.1780     8.1774   3.626434   3.627915     2.0333    -0.0700      59.97 4.9487e-02 0.0000e+00    81.5545    5.13392    34.8191    34.8356    27.1053    1485.00    1484.78 0.0000e+00
       2381    128.000     8.1743     8.1735   3.626109   3.627476     2.0339    -0.0703      58.54 4.9506e-02 0.0000e+00    81.5510    5.13246    34.8189    34.8343    27.1056    1485.00    1484.78 0.0000e+00
       2405    129.000     8.1573     8.1565   3.624586   3.625955     2.0344    -0.0611      78.90 4.9481e-02 0.0000e+00    81.5235    5.13710    34.8190    34.8344    27.1083    1484.96    1484.78 0.0000e+00
       2429    130.000     8.1497     8.1487   3.624025   3.625369     2.0351    -0.0647      56.37 4.9509e-02 0.0000e+00    81.5498    5.13817    34.8200    34.8354    27.1102    1484.94    1484.78 0.0000e+00
       2453    131.000     8.1443     8.1429   3.623640   3.624993     2.0350    -0.0644      93.51 4.9485e-02 0.0000e+00    81.5672    5.12563    34.8208    34.8366    27.1116    1484.94    1484.78 0.0000e+00
       2477    132.000     8.1399     8.1389   3.623640   3.625012     2.0332    -0.0663      64.62 4.9509e-02 0.0000e+00    81.5647    5.10201    34.8247    34.8403    27.1154    1484.95    1484.78 0.0000e+00
       2500    133.000     8.1332     8.1319   3.623267   3.624631     2.0300    -0.0626      98.59 4.9480e-02 0.0000e+00    81.5964    5.07976    34.8268    34.8427    27.1181    1484.94    1484.78 0.0000e+00
       2524    134.000     8.1297     8.1285   3.623325   3.624695     2.0259    -0.0632      47.06 4.9493e-02 0.0000e+00    81.3000    5.06966    34.8304    34.8463    27.1215    1484.95    1484.79 0.0000e+00
       2547    135.000     8.1246     8.1237   3.623080   3.624451     2.0228    -0.0576      53.38 4.9503e-02 0.0000e+00    59.7800    5.06685    34.8324    34.8480    27.1238    1484.95    1484.79 0.0000e+00
       2571    136.000     8.1141     8.1137   3.622482   3.623867     2.0205    -0.0816      67.30 4.9482e-02 0.0000e+00    74.5945    5.06759    34.8359    34.8512    27.1281    1484.93    1484.79 0.0000e+00
       2594    137.000     8.0998     8.0992   3.621573   3.622967     2.0181    -0.0795      65.69 4.9487e-02 0.0000e+00    81.4655    5.06846    34.8399    34.8555    27.1334    1484.90    1484.79 0.0000e+00
       2617    138.000     8.0988     8.0974   3.621972   3.623326     2.0169    -0.0618      71.75 4.9518e-02 0.0000e+00    81.4982    5.06766    34.8447    34.8606    27.1373    1484.92    1484.79 0.0000e+00
       2640    139.000     8.0977     8.0964   3.621937   3.623299     2.0152    -0.0643      82.80 4.9512e-02 0.0000e+00    81.5195    5.05822    34.8450    34.8608    27.1377    1484.93    1484.79 0.0000e+00
       2663    140.000     8.0910     8.0900   3.621564   3.622921     2.0135    -0.0642      79.56 4.9505e-02 0.0000e+00    81.5477    5.06110    34.8471    34.8627    27.1404    1484.92    1484.79 0.0000e+00
       2686    141.000     8.0845     8.0835   3.621230   3.622600     2.0128    -0.0730      50.75 4.9511e-02 0.0000e+00    81.5586    5.06945    34.8495    34.8652    27.1433    1484.92    1484.79 0.0000e+00
       2708    142.000     8.0792     8.0780   3.620948   3.622285     2.0125    -0.0940      78.12 4.9477e-02 0.0000e+00    81.5542    5.07214    34.8513    34.8668    27.1455    1484.92    1484.79 0.0000e+00
       2731    143.000     8.0691     8.0684   3.620196   3.621538     2.0124    -0.0701      61.20 4.9494e-02 0.0000e+00    81.5926    5.07300    34.8528    34.8679    27.1482    1484.90    1484.79 0.0000e+00
       2754    144.000     8.0551     8.0539   3.619154   3.620485     2.0119    -0.0599      75.60 4.9469e-02 0.0000e+00    81.5506    5.06669    34.8551    34.8705    27.1520    1484.86    1484.79 0.0000e+00
       2777    145.000     8.0453     8.0439   3.618551   3.619870     2.0108    -0.0587      74.37 4.9502e-02 0.0000e+00    81.6002    5.05249    34.8579    34.8734    27.1557    1484.85    1484.79 0.0000e+00
       2799    146.000     8.0388     8.0376   3.618320   3.619676     2.0082    -0.0651      73.81 4.9475e-02 0.0000e+00    81.6200    5.03424    34.8614    34.8771    27.1595    1484.84    1484.80 0.0000e+00
       2822    147.000     8.0309     8.0300   3.617936   3.619293     2.0052    -0.0704      82.32 4.9475e-02 0.0000e+00    81.6557    5.02005    34.8646    34.8801    27.1632    1484.83    1484.80 0.0000e+00
       2845    148.000     8.0261     8.0246   3.617908   3.619254     2.0014    -0.0691      66.96 4.9475e-02 0.0000e+00    81.6257    5.00165    34.8686    34.8846    27.1671    1484.84    1484.80 0.0000e+00
       2868    149.000     8.0266     8.0253   3.618154   3.619507     1.9974    -0.0941      89.68 4.9481e-02 0.0000e+00    81.6706    4.99329    34.8703    34.8861    27.1683    1484.86    1484.80 0.0000e+00
       2891    150.000     8.0243     8.0232   3.618090   3.619447     1.9945    -0.0626      89.23 4.9475e-02 0.0000e+00    81.6631    4.99636    34.8714    34.8870    27.1695    1484.87    1484.80 0.0000e+00
       2915    151.000     8.0201     8.0191   3.617852   3.619202     1.9922    -0.0668      80.51 4.9503e-02 0.0000e+00    81.6569    4.99697    34.8725    34.8880    27.1710    1484.87    1484.80 0.0000e+00
       2938    152.000     8.0063     8.0058   3.617176   3.618527     1.9908    -0.0630      85.58 4.9505e-02 0.0000e+00    81.6576    5.00255    34.8785    34.8935    27.1778    1484.84    1484.80 0.0000e+00
       2961    153.000     8.0000     7.9988   3.616934   3.618290     1.9897    -0.0685      88.73 4.9475e-02 0.0000e+00    81.6602    5.00302    34.8817    34.8975    27.1813    1484.84    1484.80 0.0000e+00
       2984    154.000     7.9975     7.9963   3.616878   3.618234     1.9889    -0.0807      95.43 4.9487e-02 0.0000e+00    81.6745    4.99870    34.8831    34.8989    27.1828    1484.84    1484.80 0.0000e+00
       3007    155.000     7.9947     7.9935   3.616826   3.618175     1.9874    -0.0831      71.75 4.9506e-02 0.0000e+00    81.6631    4.98801    34.8849    34.9006    27.1845    1484.85    1484.80 0.0000e+00
       3030    156.000     7.9892     7.9881   3.616763   3.618111     1.9855    -0.0604      64.34 4.9487e-02 0.0000e+00    81.6829    4.97774    34.8892    34.9048    27.1888    1484.85    1484.80 0.0000e+00
       3053    157.000     7.9853     7.9842   3.616650   3.618004     1.9831    -0.0610      77.83 4.9500e-02 0.0000e+00    81.6941    4.96996    34.8914    34.9070    27.1911    1484.86    1484.80 0.0000e+00
       3076    158.000     7.9817     7.9804   3.616514   3.617866     1.9812    -0.0598      82.81 4.9506e-02 0.0000e+00    81.7133    4.97233    34.8930    34.9089    27.1929    1484.86    1484.80 0.0000e+00
       3099    159.000     7.9792     7.9778   3.616460   3.617808     1.9799    -0.0659      91.51 4.9491e-02 0.0000e+00    81.7356    4.96972    34.8945    34.9103    27.1944    1484.87    1484.80 0.0000e+00
       3123    160.000     7.9771     7.9759   3.616416   3.617774     1.9784    -0.0625      63.17 4.9487e-02 0.0000e+00    81.7179    4.97075    34.8956    34.9114    27.1956    1484.88    1484.80 0.0000e+00
       3146    161.000     7.9715     7.9704   3.616334   3.617691     1.9777    -0.0589      62.80 4.9500e-02 0.0000e+00    81.7261    4.97646    34.8998    34.9155    27.1998    1484.88    1484.80 0.0000e+00
       3170    162.000     7.9691     7.9679   3.616423   3.617768     1.9776    -0.0626      72.91 4.9479e-02 0.0000e+00    81.7084    4.98339    34.9027    34.9183    27.2024    1484.89    1484.80 0.0000e+00
       3193    163.000     7.9673     7.9662   3.616507   3.617865     1.9780    -0.0668      86.42 4.9485e-02 0.0000e+00    81.7192    4.98756    34.9049    34.9206    27.2044    1484.91    1484.80 0.0000e+00
       3217    164.000     7.9660     7.9647   3.616505   3.617857     1.9782    -0.0620      75.85 4.9505e-02 0.0000e+00    81.7347    4.98712    34.9057    34.9215    27.2052    1484.92    1484.80 0.0000e+00
       3241    165.000     7.9649     7.9637   3.616526   3.617891     1.9781    -0.0639      96.75 4.9485e-02 0.0000e+00    81.7525    4.97466    34.9065    34.9224    27.2060    1484.93    1484.80 0.0000e+00
