_data/ctd/2022603/sta0199.cnv
* Sea-Bird SBE 9 Data File:
* FileName = C:\Seabird\CTDData\sta0199.hex
* Software Version Seasave V 7.21f
* Temperature SN = 6264
* Conductivity SN = 4928
* Number of Bytes Per Scan = 40
* Number of Voltage Words = 5
* Number of Scans Averaged by the Deck Unit = 1
* NMEA Latitude = 61 06.83 N
* NMEA Longitude = 006 17.41 E
* NMEA UTC (Time) = Feb 15 2022 00:07:09
* NMEA baud rate = 4800
** Ship: R/V "Kristine Bonnevie"
** Station: 0199
** Echodepth: 1225
** Log: 0790.171
** Wind-Dir/Force: 96 12
** Air-temp (dry): 3.9
** Weather Sky:
** Sea:
# nquan = 19                                
# nvalues = 1234                        
# units = specified
# name 0 = scan: Scan Count
# name 1 = prDM: Pressure, Digiquartz [db]
# name 2 = t068C: Temperature [ITS-68, deg C]
# name 3 = t168C: Temperature, 2 [ITS-68, deg C]
# name 4 = c0S/m: Conductivity [S/m]
# name 5 = c1S/m: Conductivity, 2 [S/m]
# name 6 = sbeox0V: Oxygen raw, SBE 43 [V]
# name 7 = flECO-AFL: Fluorescence, WET Labs ECO-AFL/FL [mg/m^3]
# name 8 = altM: Altimeter [m]
# name 9 = par: PAR/Irradiance, Biospherical/Licor
# name 10 = spar: SPAR/Surface Irradiance
# name 11 = CStarTr0: Beam Transmission, WET Labs C-Star [%]
# name 12 = sbeox0ML/L: Oxygen, SBE 43 [ml/l], WS = 2
# name 13 = sal00: Salinity, Practical [PSU]
# name 14 = sal11: Salinity, Practical, 2 [PSU]
# name 15 = sigma-t00: Density [sigma-t, Kg/m^3 ]
# name 16 = svCM: Sound Velocity [Chen-Millero, m/s]
# name 17 = avgsvCM: Average Sound Velocity [Chen-Millero, m/s], minP = 1, minS = 5
# name 18 = flag: flag
# span 0 =          2,      25352       
# span 1 =      3.000,   1236.000       
# span 2 =     5.4339,     9.8155       
# span 3 =     5.4366,     9.8120       
# span 4 =   2.940210,   3.708920       
# span 5 =   2.941564,   3.710485       
# span 6 =     1.5436,     2.4554       
# span 7 =    -0.1007,     0.8205       
# span 8 =       4.18,     100.53       
# span 9 = 4.8800e-02, 6.1080e-01       
# span 10 = 0.0000e+00, 0.0000e+00      
# span 11 =    79.7991,    81.9877      
# span 12 =    4.07640,    7.07189      
# span 13 =    29.9464,    35.0236      
# span 14 =    29.9592,    35.0240      
# span 15 =    23.6254,    27.3645      
# span 16 =    1466.12,    1501.13      
# span 17 =    1466.12,    1491.27      
# span 18 = 0.0000e+00, 0.0000e+00      
# interval = decibars: 1                
# start_time = Feb 15 2022 00:07:12 [System UTC, header]
# bad_flag = -9.990e-29
*END*
[from data line 1067]
      21770   1070.000     7.5139     7.5125   3.625269   3.618577     1.5784    -0.0602      72.87 4.9499e-02 0.0000e+00    81.7150    4.12449    35.0228    34.9521    27.3639    1498.30    1489.97 0.0000e+00
      21791   1071.000     7.5140     7.5126   3.625324   3.618631     1.5779    -0.0616      97.33 4.9519e-02 0.0000e+00    81.7170    4.12326    35.0229    34.9521    27.3640    1498.32    1489.98 0.0000e+00
      21812   1072.000     7.5139     7.5126   3.625356   3.618686     1.5776    -0.0656      92.88 4.9521e-02 0.0000e+00    81.7207    4.12456    35.0229    34.9523    27.3640    1498.34    1489.98 0.0000e+00
      21834   1073.000     7.5140     7.5126   3.625412   3.618723     1.5772    -0.0631      31.43 4.9512e-02 0.0000e+00    81.7125    4.12463    35.0229    34.9522    27.3640    1498.35    1489.99 0.0000e+00
      21856   1074.000     7.5141     7.5128   3.625463   3.618767     1.5771    -0.0714      98.92 4.9508e-02 0.0000e+00    81.7063    4.12508    35.0229    34.9520    27.3640    1498.37    1490.00 0.0000e+00
      21877   1075.000     7.5142     7.5129   3.625521   3.618807     1.5767    -0.0642      85.02 4.9531e-02 0.0000e+00    81.6956    4.12592    35.0230    34.9519    27.3640    1498.39    1490.01 0.0000e+00
      21898   1076.000     7.5143     7.5129   3.625572   3.618875     1.5768    -0.0669      98.66 4.9502e-02 0.0000e+00    81.7037    4.12190    35.0229    34.9522    27.3640    1498.41    1490.02 0.0000e+00
      21920   1077.000     7.5144     7.5130   3.625622   3.618910     1.5761    -0.0673      87.81 4.9485e-02 0.0000e+00    81.7016    4.12033    35.0229    34.9520    27.3639    1498.42    1490.02 0.0000e+00
      21941   1078.000     7.5145     7.5131   3.625677   3.618970     1.5760    -0.0611      98.66 4.9527e-02 0.0000e+00    81.7105    4.12186    35.0230    34.9521    27.3640    1498.44    1490.03 0.0000e+00
      21963   1079.000     7.5145     7.5132   3.625724   3.619013     1.5755    -0.0707      94.73 4.9512e-02 0.0000e+00    81.7122    4.12108    35.0230    34.9520    27.3640    1498.46    1490.04 0.0000e+00
      21984   1080.000     7.5146     7.5132   3.625773   3.619060     1.5754    -0.0673      51.69 4.9532e-02 0.0000e+00    81.6902    4.11860    35.0230    34.9520    27.3640    1498.47    1490.05 0.0000e+00
      22005   1081.000     7.5147     7.5134   3.625832   3.619113     1.5747    -0.0669      74.61 4.9496e-02 0.0000e+00    81.6849    4.11557    35.0231    34.9519    27.3640    1498.49    1490.05 0.0000e+00
      22027   1082.000     7.5147     7.5134   3.625874   3.619163     1.5744    -0.0637      67.25 4.9531e-02 0.0000e+00    81.6798    4.11598    35.0230    34.9520    27.3640    1498.51    1490.06 0.0000e+00
      22048   1083.000     7.5149     7.5135   3.625921   3.619209     1.5739    -0.0684      79.44 4.9492e-02 0.0000e+00    81.6777    4.11405    35.0229    34.9520    27.3638    1498.52    1490.07 0.0000e+00
      22069   1084.000     7.5150     7.5136   3.625980   3.619255     1.5735    -0.0552      97.91 4.9519e-02 0.0000e+00    81.7132    4.11809    35.0230    34.9519    27.3639    1498.54    1490.08 0.0000e+00
      22091   1085.000     7.5151     7.5137   3.626042   3.619309     1.5737    -0.0548      31.67 4.9508e-02 0.0000e+00    81.6911    4.12229    35.0231    34.9519    27.3640    1498.56    1490.09 0.0000e+00
      22112   1086.000     7.5151     7.5139   3.626094   3.619348     1.5736    -0.0615      97.86 4.9518e-02 0.0000e+00    81.6785    4.11672    35.0232    34.9517    27.3640    1498.58    1490.09 0.0000e+00
      22133   1087.000     7.5152     7.5140   3.626141   3.619408     1.5730    -0.0627      34.46 4.9502e-02 0.0000e+00    81.6665    4.11484    35.0231    34.9518    27.3640    1498.59    1490.10 0.0000e+00
      22155   1088.000     7.5154     7.5140   3.626196   3.619460     1.5731    -0.0646      86.04 4.9512e-02 0.0000e+00    81.6673    4.11886    35.0231    34.9519    27.3639    1498.61    1490.11 0.0000e+00
      22177   1089.000     7.5155     7.5142   3.626250   3.619506     1.5727    -0.0627      86.79 4.9521e-02 0.0000e+00    81.7014    4.11404    35.0231    34.9517    27.3639    1498.63    1490.12 0.0000e+00
      22199   1090.000     7.5156     7.5143   3.626303   3.619555     1.5724    -0.0558      98.81 4.9515e-02 0.0000e+00    81.6734    4.11787    35.0231    34.9517    27.3639    1498.64    1490.12 0.0000e+00
      22221   1091.000     7.5157     7.5144   3.626354   3.619622     1.5724 -9.990e-29      84.26 4.9508e-02 0.0000e+00    81.6568    4.11784    35.0231    34.9519    27.3639    1498.66    1490.13 0.0000e+00
      22242   1092.000     7.5158     7.5145   3.626410   3.619648     1.5722 -9.990e-29      41.33 4.9515e-02 0.0000e+00    81.6645    4.11765    35.0231    34.9516    27.3639    1498.68    1490.14 0.0000e+00
      22264   1093.000     7.5159     7.5146   3.626473   3.619720     1.5720 -9.990e-29      90.66 4.9538e-02 0.0000e+00    81.6577    4.11273    35.0233    34.9518    27.3640    1498.69    1490.15 0.0000e+00
      22286   1094.000     7.5161     7.5147   3.626521   3.619763     1.5716 -9.990e-29      54.25 4.9508e-02 0.0000e+00    81.6375    4.11262    35.0231    34.9517    27.3638    1498.71    1490.16 0.0000e+00
      22308   1095.000     7.5161     7.5149   3.626569   3.619814     1.5712 -9.990e-29      88.64 4.9534e-02 0.0000e+00    81.6327    4.11195    35.0232    34.9516    27.3639    1498.73    1490.16 0.0000e+00
      22330   1096.000     7.5163     7.5150   3.626623   3.619866     1.5712 -9.990e-29      56.76 4.9508e-02 0.0000e+00    81.6395    4.11505    35.0231    34.9516    27.3638    1498.75    1490.17 0.0000e+00
      22351   1097.000     7.5164     7.5150   3.626677   3.619915     1.5708 -9.990e-29      93.74 4.9518e-02 0.0000e+00    81.6334    4.10827    35.0231    34.9517    27.3638    1498.76    1490.18 0.0000e+00
      22373   1098.000     7.5164     7.5151   3.626721   3.619961     1.5702 -9.990e-29      70.00 4.9508e-02 0.0000e+00    81.6175    4.11034    35.0231    34.9516    27.3638    1498.78    1490.19 0.0000e+00
      22395   1099.000     7.5165     7.5152   3.626776   3.620011     1.5702 -9.990e-29      92.82 4.9534e-02 0.0000e+00    81.6072    4.11535    35.0232    34.9516    27.3638    1498.80    1490.19 0.0000e+00
      22417   1100.000     7.5167     7.5153   3.626829   3.620072     1.5701 -9.990e-29      73.24 4.9515e-02 0.0000e+00    81.6377    4.11099    35.0231    34.9517    27.3637    1498.81    1490.20 0.0000e+00
      22439   1101.000     7.5168     7.5155   3.626885   3.620106     1.5697 -9.990e-29      94.97 4.9527e-02 0.0000e+00    81.6279    4.11159    35.0231    34.9514    27.3638    1498.83    1490.21 0.0000e+00
      22461   1102.000     7.5169     7.5156   3.626935   3.620170     1.5696 -9.990e-29      84.90 4.9534e-02 0.0000e+00    81.6305    4.11083    35.0231    34.9515    27.3637    1498.85    1490.22 0.0000e+00
      22482   1103.000     7.5170     7.5156   3.626988   3.620213     1.5692 -9.990e-29      95.28 4.9540e-02 0.0000e+00    81.6271    4.10701    35.0231    34.9515    27.3637    1498.86    1490.23 0.0000e+00
      22504   1104.000     7.5171     7.5157   3.627036   3.620235     1.5688 -9.990e-29      88.87 4.9528e-02 0.0000e+00    81.6366    4.10682    35.0231    34.9512    27.3637    1498.88    1490.23 0.0000e+00
      22526   1105.000     7.5172     7.5158   3.627097   3.620304     1.5686 -9.990e-29      98.70 4.9525e-02 0.0000e+00    81.6215    4.11209    35.0232    34.9514    27.3637    1498.90    1490.24 0.0000e+00
      22547   1106.000     7.5173     7.5160   3.627152   3.620366     1.5687 -9.990e-29      98.26 4.9496e-02 0.0000e+00    81.6222    4.11427    35.0232    34.9514    27.3637    1498.92    1490.25 0.0000e+00
      22569   1107.000     7.5174     7.5161   3.627198   3.620424     1.5686 -9.990e-29      59.31 4.9483e-02 0.0000e+00    81.6267    4.11225    35.0231    34.9515    27.3637    1498.93    1490.26 0.0000e+00
      22591   1108.000     7.5175     7.5162   3.627256   3.620458     1.5685    -0.0558      77.39 4.9505e-02 0.0000e+00    81.6342    4.10945    35.0232    34.9513    27.3637    1498.95    1490.26 0.0000e+00
      22613   1109.000     7.5177     7.5163   3.627310   3.620495     1.5683    -0.0613      64.72 4.9502e-02 0.0000e+00    81.6245    4.10944    35.0231    34.9511    27.3636    1498.97    1490.27 0.0000e+00
      22634   1110.000     7.5178     7.5165   3.627366   3.620560     1.5680    -0.0676      79.06 4.9512e-02 0.0000e+00    81.6050    4.11104    35.0232    34.9512    27.3637    1498.98    1490.28 0.0000e+00
      22656   1111.000     7.5179     7.5166   3.627412   3.620586     1.5679    -0.0586      73.60 4.9502e-02 0.0000e+00    81.5992    4.10626    35.0231    34.9509    27.3636    1499.00    1490.29 0.0000e+00
      22677   1112.000     7.5180     7.5166   3.627463   3.620630     1.5674    -0.0641      83.15 4.9502e-02 0.0000e+00    81.6244    4.10881    35.0231    34.9509    27.3636    1499.02    1490.30 0.0000e+00
      22699   1113.000     7.5181     7.5167   3.627524   3.620691     1.5675    -0.0676      70.19 4.9508e-02 0.0000e+00    81.6111    4.11054    35.0232    34.9510    27.3636    1499.03    1490.30 0.0000e+00
      22721   1114.000     7.5182     7.5169   3.627565   3.620735     1.5672 -9.990e-29      83.70 4.9525e-02 0.0000e+00    81.5943    4.11039    35.0231    34.9508    27.3635    1499.05    1490.31 0.0000e+00
      22743   1115.000     7.5183     7.5170   3.627621   3.620770     1.5671 -9.990e-29      84.71 4.9521e-02 0.0000e+00    81.6207    4.10716    35.0231    34.9506    27.3636    1499.07    1490.32 0.0000e+00
      22765   1116.000     7.5184     7.5171   3.627681   3.620824     1.5669 -9.990e-29      90.76 4.9496e-02 0.0000e+00    81.6188    4.10686    35.0232    34.9507    27.3636    1499.09    1490.33 0.0000e+00
      22786   1117.000     7.5185     7.5172   3.627732   3.620859     1.5665 -9.990e-29      85.19 4.9545e-02 0.0000e+00    81.6135    4.10819    35.0232    34.9505    27.3636    1499.10    1490.33 0.0000e+00
      22808   1118.000     7.5186     7.5173   3.627786   3.620914     1.5665    -0.0579      92.35 4.9491e-02 0.0000e+00    81.6265    4.11055    35.0232    34.9505    27.3636    1499.12    1490.34 0.0000e+00
      22830   1119.000     7.5187     7.5174   3.627833   3.620950     1.5665    -0.0683      85.93 4.9479e-02 0.0000e+00    81.6135    4.10648    35.0232    34.9504    27.3635    1499.14    1490.35 0.0000e+00
      22851   1120.000     7.5188     7.5175   3.627880   3.621019     1.5658    -0.0664      92.52 4.9485e-02 0.0000e+00    81.6196    4.10361    35.0231    34.9505    27.3635    1499.15    1490.36 0.0000e+00
      22873   1121.000     7.5189     7.5176   3.627934   3.621069     1.5659    -0.0556      86.22 4.9535e-02 0.0000e+00    81.6168    4.10880    35.0232    34.9505    27.3635    1499.17    1490.37 0.0000e+00
      22894   1122.000     7.5191     7.5177   3.627988   3.621091     1.5656    -0.0630      92.06 4.9485e-02 0.0000e+00    81.5947    4.10712    35.0231    34.9502    27.3634    1499.19    1490.37 0.0000e+00
      22916   1123.000     7.5192     7.5178   3.628041   3.621150     1.5656 -9.990e-29      95.80 4.9535e-02 0.0000e+00    81.5992    4.10934    35.0231    34.9503    27.3634    1499.20    1490.38 0.0000e+00
      22938   1124.000     7.5193     7.5179   3.628096   3.621204     1.5655 -9.990e-29      76.30 4.9477e-02 0.0000e+00    81.5958    4.10707    35.0231    34.9503    27.3634    1499.22    1490.39 0.0000e+00
      22959   1125.000     7.5194     7.5180   3.628154   3.621250     1.5652 -9.990e-29      46.43 4.9531e-02 0.0000e+00    81.5942    4.10887    35.0232    34.9502    27.3634    1499.24    1490.40 0.0000e+00
      22980   1126.000     7.5195     7.5181   3.628203   3.621314     1.5653 -9.990e-29      87.02 4.9525e-02 0.0000e+00    81.6098    4.10795    35.0232    34.9504    27.3634    1499.26    1490.40 0.0000e+00
      23001   1127.000     7.5196     7.5183   3.628258   3.621340     1.5650 -9.990e-29      50.96 4.9485e-02 0.0000e+00    81.6018    4.10550    35.0232    34.9500    27.3634    1499.27    1490.41 0.0000e+00
      23022   1128.000     7.5197     7.5184   3.628311   3.621383     1.5648 -9.990e-29      93.94 4.9526e-02 0.0000e+00    81.6109    4.10659    35.0232    34.9499    27.3634    1499.29    1490.42 0.0000e+00
      23044   1129.000     7.5197     7.5185   3.628356   3.621430     1.5645 -9.990e-29      55.09 4.9502e-02 0.0000e+00    81.5995    4.10556    35.0233    34.9499    27.3634    1499.31    1490.43 0.0000e+00
      23065   1130.000     7.5198     7.5185   3.628413   3.621477     1.5644 -9.990e-29      98.34 4.9496e-02 0.0000e+00    81.6002    4.10743    35.0233    34.9499    27.3635    1499.32    1490.44 0.0000e+00
      23087   1131.000     7.5199     7.5186   3.628469   3.621527     1.5642 -9.990e-29      35.39 4.9492e-02 0.0000e+00    81.6086    4.10293    35.0234    34.9499    27.3635    1499.34    1490.44 0.0000e+00
      23108   1132.000     7.5200     7.5187   3.628525   3.621558     1.5639 -9.990e-29      88.65 4.9521e-02 0.0000e+00    81.5947    4.10484    35.0234    34.9497    27.3635    1499.36    1490.45 0.0000e+00
      23130   1133.000     7.5201     7.5188   3.628571   3.621613     1.5637 -9.990e-29      50.00 4.9499e-02 0.0000e+00    81.6011    4.10808    35.0233    34.9497    27.3634    1499.37    1490.46 0.0000e+00
      23151   1134.000     7.5203     7.5190   3.628619   3.621656     1.5638 -9.990e-29      89.81 4.9525e-02 0.0000e+00    81.5701    4.11169    35.0232    34.9495    27.3633    1499.39    1490.47 0.0000e+00
      23172   1135.000     7.5203     7.5190   3.628676   3.621705     1.5639 -9.990e-29      51.67 4.9502e-02 0.0000e+00    81.5892    4.11118    35.0234    34.9496    27.3634    1499.41    1490.47 0.0000e+00
      23194   1136.000     7.5205     7.5191   3.628728   3.621759     1.5640    -0.0617      88.30 4.9531e-02 0.0000e+00    81.5995    4.10259    35.0233    34.9496    27.3633    1499.43    1490.48 0.0000e+00
      23215   1137.000     7.5206     7.5193   3.628782   3.621783     1.5630    -0.0590      65.58 4.9515e-02 0.0000e+00    81.5776    4.09868    35.0233    34.9492    27.3633    1499.44    1490.49 0.0000e+00
      23237   1138.000     7.5207     7.5194   3.628837   3.621832     1.5632    -0.0648      90.30 4.9499e-02 0.0000e+00    81.5856    4.10926    35.0233    34.9492    27.3633    1499.46    1490.50 0.0000e+00
      23258   1139.000     7.5208     7.5195   3.628882   3.621861     1.5628    -0.0656      69.25 4.9525e-02 0.0000e+00    81.5725    4.09999    35.0233    34.9489    27.3633    1499.48    1490.51 0.0000e+00
      23279   1140.000     7.5209     7.5196   3.628943   3.621921     1.5624    -0.0632      88.04 4.9512e-02 0.0000e+00    81.5831    4.10488    35.0234    34.9490    27.3633    1499.49    1490.51 0.0000e+00
      23300   1141.000     7.5210     7.5197   3.628985   3.621966     1.5624    -0.0712      87.21 4.9505e-02 0.0000e+00    81.5690    4.10578    35.0232    34.9490    27.3632    1499.51    1490.52 0.0000e+00
      23321   1142.000     7.5211     7.5197   3.629044   3.622004     1.5624    -0.0645      92.19 4.9499e-02 0.0000e+00    81.5887    4.10490    35.0233    34.9489    27.3633    1499.53    1490.53 0.0000e+00
      23342   1143.000     7.5212     7.5198   3.629096   3.622071     1.5620    -0.0638      90.51 4.9519e-02 0.0000e+00    81.5840    4.10091    35.0233    34.9491    27.3633    1499.54    1490.54 0.0000e+00
      23363   1144.000     7.5212     7.5199   3.629154   3.622103     1.5617    -0.0651      80.38 4.9498e-02 0.0000e+00    81.5733    4.09900    35.0235    34.9489    27.3634    1499.56    1490.54 0.0000e+00
