_data/ctd/2022603/sta0154.cnv
* Sea-Bird SBE 9 Data File:
* FileName = C:\Seabird\CTDData\sta0154.hex
* Software Version Seasave V 7.21f
* Temperature SN = 6264
* Conductivity SN = 4928
* Number of Bytes Per Scan = 40
* Number of Voltage Words = 5
* Number of Scans Averaged by the Deck Unit = 1
* NMEA Latitude = 60 09.08 N
* NMEA Longitude = 006 04.75 E
* NMEA UTC (Time) = Feb 10 2022 10:12:03
* NMEA baud rate = 4800
** Ship: R/V "Kristine Bonnevie"
** Station: 0154
** Echodepth: 668
** Log: 0140.707
** Wind-Dir/Force: 19 13
** Air-temp (dry): 2.5
** Weather Sky:
** Sea:
** H4_2
# nquan = 19                                
# nvalues = 658                         
# units = specified
# name 0 = scan: Scan Count
# name 1 = prDM: Pressure, Digiquartz [db]
# name 2 = t068C: Temperature [ITS-68, deg C]
# name 3 = t168C: Temperature, 2 [ITS-68, deg C]
# name 4 = c0S/m: Conductivity [S/m]
# name 5 = c1S/m: Conductivity, 2 [S/m]
# name 6 = sbeox0V: Oxygen raw, SBE 43 [V]
# name 7 = flECO-AFL: Fluorescence, WET Labs ECO-AFL/FL [mg/m^3]
# name 8 = altM: Altimeter [m]
# name 9 = par: PAR/Irradiance, Biospherical/Licor
# name 10 = spar: SPAR/Surface Irradiance
# name 11 = CStarTr0: Beam Transmission, WET Labs C-Star [%]
# name 12 = sbeox0ML/L: Oxygen, SBE 43 [ml/l], WS = 2
# name 13 = sal00: Salinity, Practical [PSU]
# name 14 = sal11: Salinity, Practical, 2 [PSU]
# name 15 = sigma-t00: Density [sigma-t, Kg/m^3 ]
# name 16 = svCM: Sound Velocity [Chen-Millero, m/s]
# name 17 = avgsvCM: Average Sound Velocity [Chen-Millero, m/s], minP = 1, minS = 5
# name 18 = flag: flag
# span 0 =        378,      15199       
# span 1 =      2.000,    659.000       
# span 2 =     6.1613,    10.1472       
# span 3 =     6.1568,    10.1451       
# span 4 =   3.032548,   3.703434       
# span 5 =   3.031843,   3.704895       
# span 6 =     1.7414,     2.4368       
# span 7 =    -0.1053,     0.7482       
# span 8 =      11.22,     100.04       
# span 9 = 4.9445e-02, 4.9465e+01       
# span 10 = 9.3937e+01, 1.0993e+02      
# span 11 =    79.2082,    82.2308      
# span 12 =    4.48990,    6.89626      
# span 13 =    30.3267,    34.9805      
# span 14 =    30.3229,    34.9954      
# span 15 =    23.8431,    27.3109      
# span 16 =    1469.52,    1491.95      
# span 17 =    1469.52,    1487.18      
# span 18 = 0.0000e+00, 0.0000e+00      
# interval = decibars: 1                
# start_time = Feb 10 2022 10:12:06 [System UTC, header]
# bad_flag = -9.990e-29
*END*
[from data line 77]
       2103     79.000     8.5013     8.5005   3.640610   3.641871     2.1456    -0.0776      98.66 4.9701e-02 9.5936e+01    81.9721    5.45133    34.6739    34.6880    26.9417    1485.24    1483.20 0.0000e+00
       2124     80.000     8.4781     8.4777   3.638595   3.639859     2.1470    -0.0834      98.30 4.9525e-02 9.5936e+01    81.9856    5.44890    34.6749    34.6887    26.9460    1485.17    1483.23 0.0000e+00
       2145     81.000     8.4616     8.4602   3.637493   3.638794     2.1483    -0.0838      41.50 4.9499e-02 9.5936e+01    81.9929    5.45378    34.6789    34.6941    26.9518    1485.13    1483.25 0.0000e+00
       2166     82.000     8.4604     8.4591   3.637503   3.638818     2.1490    -0.0718      83.50 4.9492e-02 9.5936e+01    81.9753    5.46199    34.6797    34.6950    26.9526    1485.15    1483.27 0.0000e+00
       2187     83.000     8.4576     8.4562   3.637415   3.638700     2.1513    -0.0757      63.48 4.9485e-02 9.5936e+01    81.9490    5.48734    34.6811    34.6961    26.9541    1485.15    1483.29 0.0000e+00
       2208     84.000     8.4434     8.4424   3.636618   3.637943     2.1548    -0.0899      84.54 4.9485e-02 9.5936e+01    81.9713    5.50751    34.6861    34.7011    26.9602    1485.12    1483.32 0.0000e+00
       2230     85.000     8.4424     8.4410   3.637049   3.638328     2.1580    -0.0785      72.71 4.9464e-02 9.5936e+01    81.9667    5.51109    34.6912    34.7061    26.9644    1485.14    1483.34 0.0000e+00
       2251     86.000     8.4284     8.4275   3.635996   3.637263     2.1605    -0.0608      86.55 4.9489e-02 9.5936e+01    81.9713    5.51659    34.6933    34.7076    26.9682    1485.11    1483.36 0.0000e+00
       2273     87.000     8.4095     8.4085   3.634647   3.635912     2.1626    -0.0653      97.79 4.9446e-02 9.5936e+01    81.9493    5.52152    34.6971    34.7115    26.9741    1485.06    1483.38 0.0000e+00
       2295     88.000     8.4015     8.4001   3.634265   3.635535     2.1646    -0.0614      42.48 4.9489e-02 9.5936e+01    81.9595    5.53515    34.7004    34.7153    26.9779    1485.05    1483.40 0.0000e+00
       2318     89.000     8.3916     8.3901   3.633563   3.634804     2.1675    -0.0724      93.39 4.9477e-02 9.5936e+01    81.9620    5.55376    34.7023    34.7169    26.9809    1485.03    1483.42 0.0000e+00
       2340     90.000     8.3808     8.3797   3.632867   3.634164     2.1708    -0.0651      49.40 4.9487e-02 9.5936e+01    81.9658    5.56715    34.7050    34.7199    26.9847    1485.01    1483.43 0.0000e+00
       2363     91.000     8.3720     8.3706   3.632887   3.634177     2.1737    -0.0664      98.76 4.9477e-02 9.5936e+01    81.9620    5.57907    34.7134    34.7285    26.9927    1485.01    1483.45 0.0000e+00
       2385     92.000     8.3736     8.3729   3.633759   3.635083     2.1774    -0.0691      67.04 4.9493e-02 9.5936e+01    81.9706    5.59854    34.7206    34.7354    26.9981    1485.04    1483.47 0.0000e+00
       2407     93.000     8.3572     8.3564   3.632578   3.633871     2.1813    -0.0687      98.48 4.9496e-02 9.5936e+01    81.9578    5.60754    34.7238    34.7383    27.0031    1485.00    1483.48 0.0000e+00
       2429     94.000     8.3564     8.3547   3.632718   3.634003     2.1838    -0.0674      82.50 4.9512e-02 9.5936e+01    81.9607    5.59465    34.7256    34.7409    27.0046    1485.01    1483.50 0.0000e+00
       2450     95.000     8.3561     8.3546   3.632967   3.634258     2.1841    -0.0889      98.79 4.9471e-02 9.5936e+01    81.9502    5.58685    34.7280    34.7433    27.0066    1485.03    1483.52 0.0000e+00
       2472     96.000     8.3526     8.3512   3.633029   3.634307     2.1846    -0.0661      98.21 4.9472e-02 9.5936e+01    81.9404    5.58952    34.7317    34.7467    27.0100    1485.04    1483.53 0.0000e+00
       2493     97.000     8.3507     8.3492   3.633151   3.634440     2.1848    -0.0618      61.57 4.9485e-02 9.5936e+01    81.9642    5.58798    34.7344    34.7496    27.0124    1485.05    1483.55 0.0000e+00
       2514     98.000     8.3423     8.3416   3.632757   3.634045     2.1850    -0.0686      76.81 4.9485e-02 9.5936e+01    81.9521    5.58382    34.7380    34.7524    27.0165    1485.04    1483.56 0.0000e+00
       2535     99.000     8.3407     8.3388   3.633330   3.634631     2.1843    -0.0631      97.42 4.9506e-02 9.5936e+01    81.9535    5.58234    34.7452    34.7609    27.0224    1485.06    1483.58 0.0000e+00
       2557    100.000     8.3432     8.3419   3.634111   3.635392     2.1840    -0.0684      30.86 4.9483e-02 9.5936e+01    81.9492    5.57779    34.7505    34.7655    27.0262    1485.09    1483.59 0.0000e+00
       2578    101.000     8.3406     8.3392   3.634428   3.635717     2.1832    -0.0640      99.40 4.9479e-02 9.5936e+01    81.9310    5.57239    34.7560    34.7711    27.0309    1485.10    1483.61 0.0000e+00
       2600    102.000     8.3391     8.3376   3.634628   3.635917     2.1818    -0.0632      58.20 4.9509e-02 9.5936e+01    81.9514    5.55222    34.7591    34.7743    27.0336    1485.12    1483.62 0.0000e+00
       2622    103.000     8.3354     8.3340   3.634506   3.635797     2.1781    -0.0621      96.04 4.9474e-02 9.5936e+01    81.9388    5.51778    34.7610    34.7761    27.0356    1485.12    1483.64 0.0000e+00
       2645    104.000     8.3291     8.3281   3.634439   3.635737     2.1725    -0.0599      68.98 4.9496e-02 9.6995e+01    81.9384    5.48581    34.7660    34.7809    27.0405    1485.12    1483.65 0.0000e+00
       2669    105.000     8.3229     8.3217   3.634066   3.635364     2.1664    -0.0673      98.89 4.9485e-02 9.7713e+01    81.9386    5.46705    34.7677    34.7827    27.0428    1485.12    1483.67 0.0000e+00
       2692    106.000     8.3220     8.3205   3.634081   3.635366     2.1604    -0.0626      98.80 4.9468e-02 9.7933e+01    81.9353    5.45379    34.7683    34.7835    27.0434    1485.13    1483.68 0.0000e+00
       2715    107.000     8.3223     8.3209   3.634177   3.635468     2.1553    -0.0610      70.10 4.9477e-02 9.7935e+01    81.9393    5.44491    34.7685    34.7837    27.0435    1485.15    1483.69 0.0000e+00
       2738    108.000     8.3224     8.3210   3.634426   3.635723     2.1508    -0.0678      99.03 4.9481e-02 9.7935e+01    81.9101    5.44289    34.7706    34.7858    27.0451    1485.17    1483.71 0.0000e+00
       2761    109.000     8.3207     8.3194   3.634549   3.635854     2.1480    -0.0590      90.19 4.9496e-02 9.7935e+01    81.9208    5.44158    34.7731    34.7883    27.0474    1485.18    1483.72 0.0000e+00
       2782    110.000     8.3111     8.3103   3.634057   3.635335     2.1451    -0.0646      82.61 4.9505e-02 9.7935e+01    81.8998    5.43338    34.7769    34.7913    27.0518    1485.17    1483.73 0.0000e+00
       2803    111.000     8.2985     8.2976   3.633490   3.634782     2.1424    -0.0697      59.64 4.9492e-02 9.7935e+01    81.9134    5.42621    34.7828    34.7975    27.0584    1485.14    1483.75 0.0000e+00
       2824    112.000     8.2933     8.2920   3.633374   3.634666     2.1394    -0.0651      62.17 4.9481e-02 9.7935e+01    81.9078    5.41471    34.7862    34.8013    27.0619    1485.15    1483.76 0.0000e+00
       2844    113.000     8.2918     8.2904   3.633407   3.634704     2.1364    -0.0688      73.89 4.9485e-02 9.7935e+01    81.9056    5.40349    34.7876    34.8028    27.0632    1485.16    1483.77 0.0000e+00
       2865    114.000     8.2922     8.2906   3.633483   3.634761     2.1333    -0.0696      57.21 4.9502e-02 9.7935e+01    81.8996    5.38922    34.7875    34.8027    27.0630    1485.18    1483.78 0.0000e+00
       2885    115.000     8.2896     8.2883   3.633393   3.634673     2.1293    -0.0693      88.10 4.9458e-02 9.7935e+01    81.8970    5.37573    34.7887    34.8036    27.0643    1485.18    1483.80 0.0000e+00
       2906    116.000     8.2825     8.2815   3.633099   3.634380     2.1258    -0.0709      61.45 4.9525e-02 9.7935e+01    81.9076    5.36582    34.7921    34.8067    27.0681    1485.18    1483.81 0.0000e+00
       2927    117.000     8.2786     8.2771   3.632985   3.634273     2.1221    -0.0697      93.89 4.9485e-02 9.7935e+01    81.8854    5.35878    34.7942    34.8095    27.0704    1485.18    1483.82 0.0000e+00
       2949    118.000     8.2755     8.2744   3.632888   3.634188     2.1189    -0.0665      67.14 4.9483e-02 9.7935e+01    81.8913    5.35347    34.7958    34.8107    27.0721    1485.19    1483.83 0.0000e+00
       2971    119.000     8.2709     8.2696   3.632688   3.633978     2.1160    -0.0654      99.13 4.9464e-02 9.7935e+01    81.8804    5.34694    34.7977    34.8128    27.0743    1485.19    1483.84 0.0000e+00
       2993    120.000     8.2674     8.2661   3.632568   3.633859     2.1128    -0.0590      76.55 4.9475e-02 9.7935e+01    81.9091    5.32972    34.7994    34.8145    27.0762    1485.20    1483.85 0.0000e+00
       3016    121.000     8.2640     8.2626   3.632413   3.633703     2.1085 -9.990e-29      70.76 4.9505e-02 9.7935e+01    81.9023    5.30517    34.8007    34.8158    27.0777    1485.20    1483.86 0.0000e+00
       3039    122.000     8.2618     8.2605   3.632341   3.633638     2.1034 -9.990e-29      98.28 4.9470e-02 9.7935e+01    81.8932    5.27833    34.8016    34.8167    27.0787    1485.21    1483.88 0.0000e+00
       3061    123.000     8.2593     8.2580   3.632270   3.633560     2.0972 -9.990e-29      43.61 4.9493e-02 9.7935e+01    81.8990    5.25118    34.8028    34.8179    27.0801    1485.22    1483.89 0.0000e+00
       3083    124.000     8.2543     8.2531   3.632160   3.633440     2.0909 -9.990e-29      97.79 4.9471e-02 9.7935e+01    81.9011    5.23136    34.8061    34.8210    27.0834    1485.22    1483.90 0.0000e+00
       3105    125.000     8.2423     8.2413   3.631653   3.632933     2.0848    -0.0620      47.93 4.9472e-02 9.7953e+01    81.9114    5.21995    34.8121    34.8268    27.0900    1485.20    1483.91 0.0000e+00
       3127    126.000     8.2368     8.2358   3.631533   3.632832     2.0800    -0.0632      84.92 4.9483e-02 -9.990e-29    81.8990    5.22953    34.8158    34.8307    27.0937    1485.20    1483.92 0.0000e+00
       3148    127.000     8.2280     8.2270   3.630950   3.632273     2.0779    -0.0660      54.85 4.9477e-02 -9.990e-29    81.8874    5.25955    34.8178    34.8329    27.0966    1485.19    1483.93 0.0000e+00
       3170    128.000     8.2265     8.2251   3.630856   3.632117     2.0790    -0.0666      31.11 4.9488e-02 -9.990e-29    81.8853    5.29577    34.8178    34.8327    27.0968    1485.20    1483.94 0.0000e+00
       3190    129.000     8.2163     8.2157   3.630135   3.631450     2.0821    -0.0712      80.58 4.9485e-02 -9.990e-29    81.9101    5.31351    34.8197    34.8344    27.0999    1485.18    1483.95 0.0000e+00
       3211    130.000     8.2076     8.2065   3.629908   3.631198     2.0839    -0.0710      56.91 4.9492e-02 -9.990e-29    81.9152    5.29446    34.8255    34.8403    27.1057    1485.17    1483.96 0.0000e+00
       3232    131.000     8.2059     8.2044   3.630202   3.631491     2.0829    -0.0660      69.21 4.9499e-02 -9.990e-29    81.9079    5.24908    34.8298    34.8451    27.1094    1485.18    1483.97 0.0000e+00
       3252    132.000     8.2057     8.2044   3.630493   3.631777     2.0778    -0.0624      61.72 4.9495e-02 -9.990e-29    81.9126    5.19686    34.8326    34.8476    27.1116    1485.20    1483.98 0.0000e+00
       3274    133.000     8.2017     8.2003   3.630446   3.631732     2.0712    -0.0807      68.60 4.9502e-02 -9.990e-29    81.8806    5.18607    34.8356    34.8507    27.1146    1485.21    1483.98 0.0000e+00
       3295    134.000     8.1976     8.1964   3.630391   3.631681     2.0679    -0.0824      97.96 4.9492e-02 9.8431e+01    81.8927    5.24077    34.8386    34.8536    27.1176    1485.21    1483.99 0.0000e+00
       3316    135.000     8.1913     8.1903   3.630150   3.631438     2.0712    -0.0643      67.49 4.9525e-02 9.8483e+01    81.8887    5.31979    34.8418    34.8566    27.1210    1485.21    1484.00 0.0000e+00
       3338    136.000     8.1874     8.1862   3.630077   3.631365     2.0790    -0.0648      33.09 4.9496e-02 9.8384e+01    81.8548    5.38706    34.8444    34.8594    27.1237    1485.22    1484.01 0.0000e+00
       3360    137.000     8.1785     8.1778   3.629726   3.631008     2.0892    -0.0672      93.56 4.9496e-02 9.9209e+01    81.8818    5.43876    34.8490    34.8634    27.1286    1485.20    1484.02 0.0000e+00
       3381    138.000     8.1727     8.1713   3.629492   3.630780     2.0998    -0.0685      53.04 4.9492e-02 9.9847e+01    81.8668    5.47621    34.8518    34.8669    27.1317    1485.20    1484.03 0.0000e+00
       3403    139.000     8.1715     8.1701   3.629535   3.630816     2.1103    -0.0604      95.03 4.9481e-02 9.9934e+01    81.8620    5.50009    34.8530    34.8680    27.1328    1485.22    1484.04 0.0000e+00
       3425    140.000     8.1675     8.1663   3.629370   3.630658     2.1187    -0.0637      56.03 4.9496e-02 9.9933e+01    81.8618    5.49127    34.8547    34.8696    27.1348    1485.22    1484.05 0.0000e+00
       3447    141.000     8.1648     8.1634   3.629276   3.630562     2.1232    -0.0615      98.89 4.9505e-02 9.9933e+01    81.8389    5.46920    34.8559    34.8710    27.1361    1485.23    1484.05 0.0000e+00
       3469    142.000     8.1648     8.1634   3.629428   3.630711     2.1248    -0.0687      98.68 4.9502e-02 9.9933e+01    81.8403    5.44735    34.8570    34.8721    27.1370    1485.24    1484.06 0.0000e+00
       3490    143.000     8.1635     8.1622   3.629447   3.630727     2.1248    -0.0724      33.58 4.9473e-02 9.9933e+01    81.8504    5.43609    34.8580    34.8730    27.1380    1485.26    1484.07 0.0000e+00
       3511    144.000     8.1472     8.1466   3.628222   3.629479     2.1244    -0.0694      98.02 4.9492e-02 -9.990e-29    81.8317    5.43496    34.8606    34.8747    27.1425    1485.22    1484.08 0.0000e+00
       3531    145.000     8.1379     8.1369   3.627648   3.628920     2.1239    -0.0638      53.63 4.9460e-02 -9.990e-29    81.8440    5.43632    34.8632    34.8778    27.1460    1485.20    1484.09 0.0000e+00
       3552    146.000     8.1373     8.1358   3.627687   3.628965     2.1237    -0.0680      97.67 4.9485e-02 -9.990e-29    81.8482    5.42397    34.8638    34.8789    27.1465    1485.22    1484.09 0.0000e+00
       3573    147.000     8.1365     8.1350   3.627679   3.628964     2.1209    -0.0655      71.76 4.9492e-02 -9.990e-29    81.8706    5.37130    34.8640    34.8792    27.1468    1485.23    1484.10 0.0000e+00
       3593    148.000     8.1325     8.1312   3.627484   3.628764     2.1141    -0.0869      84.89 4.9501e-02 9.9933e+01    81.8721    5.31548    34.8654    34.8804    27.1485    1485.23    1484.11 0.0000e+00
       3614    149.000     8.1282     8.1276   3.627356   3.628679     2.1061    -0.0821      70.07 4.9516e-02 9.9933e+01    81.8540    5.28434    34.8678    34.8826    27.1510    1485.24    1484.12 0.0000e+00
       3634    150.000     8.1275     8.1261   3.627342   3.628638     2.0982    -0.0634      59.46 4.9496e-02 9.9933e+01    81.8779    5.26116    34.8679    34.8831    27.1512    1485.25    1484.12 0.0000e+00
       3655    151.000     8.1222     8.1214   3.626961   3.628278     2.0904    -0.0689      84.17 4.9488e-02 9.9933e+01    81.8701    5.24764    34.8686    34.8835    27.1525    1485.25    1484.13 0.0000e+00
       3677    152.000     8.1180     8.1161   3.626686   3.627932     2.0842    -0.0665      54.63 4.9502e-02 9.9933e+01    81.8748    5.24550    34.8693    34.8846    27.1538    1485.25    1484.14 0.0000e+00
       3698    153.000     8.1160     8.1152   3.626655   3.627971     2.0790    -0.0651      68.63 4.9496e-02 9.9933e+01    81.8795    5.23680    34.8705    34.8854    27.1550    1485.26    1484.15 0.0000e+00
