_data/ctd/2022603/sta0182.cnv
* Sea-Bird SBE 9 Data File:
* FileName = C:\Seabird\CTDData\sta0182.hex
* Software Version Seasave V 7.21f
* Temperature SN = 6264
* Conductivity SN = 4928
* Number of Bytes Per Scan = 40
* Number of Voltage Words = 5
* Number of Scans Averaged by the Deck Unit = 1
* NMEA Latitude = 61 10.81 N
* NMEA Longitude = 006 01.40 E
* NMEA UTC (Time) = Feb 13 2022 23:30:45
* NMEA baud rate = 4800
** Ship: R/V "Kristine Bonnevie"
** Station: 0182
** Echodepth: 297
** Log: 0658.468
** Wind-Dir/Force: 94 05
** Air-temp (dry): 3.3
** Weather Sky:
** Sea:
# nquan = 19                                
# nvalues = 294                         
# units = specified
# name 0 = scan: Scan Count
# name 1 = prDM: Pressure, Digiquartz [db]
# name 2 = t068C: Temperature [ITS-68, deg C]
# name 3 = t168C: Temperature, 2 [ITS-68, deg C]
# name 4 = c0S/m: Conductivity [S/m]
# name 5 = c1S/m: Conductivity, 2 [S/m]
# name 6 = sbeox0V: Oxygen raw, SBE 43 [V]
# name 7 = flECO-AFL: Fluorescence, WET Labs ECO-AFL/FL [mg/m^3]
# name 8 = altM: Altimeter [m]
# name 9 = par: PAR/Irradiance, Biospherical/Licor
# name 10 = spar: SPAR/Surface Irradiance
# name 11 = CStarTr0: Beam Transmission, WET Labs C-Star [%]
# name 12 = sbeox0ML/L: Oxygen, SBE 43 [ml/l], WS = 2
# name 13 = sal00: Salinity, Practical [PSU]
# name 14 = sal11: Salinity, Practical, 2 [PSU]
# name 15 = sigma-t00: Density [sigma-t, Kg/m^3 ]
# name 16 = svCM: Sound Velocity [Chen-Millero, m/s]
# name 17 = avgsvCM: Average Sound Velocity [Chen-Millero, m/s], minP = 1, minS = 5
# name 18 = flag: flag
# span 0 =        110,       6596       
# span 1 =      1.000,    294.000       
# span 2 =     5.6262,     9.6586       
# span 3 =     5.6254,     9.6559       
# span 4 =   2.989816,   3.695170       
# span 5 =   2.986639,   3.696696       
# span 6 =     1.9816,     2.4519       
# span 7 =    -0.0918,     0.9195       
# span 8 =       4.58,     100.21       
# span 9 = 4.9453e-02, 2.0717e+00       
# span 10 = 0.0000e+00, 0.0000e+00      
# span 11 =    76.6784,    81.5682      
# span 12 =    5.05251,    7.01650      
# span 13 =    30.2795,    34.9772      
# span 14 =    30.2595,    34.9934      
# span 15 =    23.8604,    27.2857      
# span 16 =    1467.39,    1488.20      
# span 17 =    1467.47,    1484.16      
# span 18 = 0.0000e+00, 0.0000e+00      
# interval = decibars: 1                
# start_time = Feb 13 2022 23:30:47 [System UTC, header]
# bad_flag = -9.990e-29
*END*
        110      1.000     5.6889     5.6668   2.990197   2.986639     2.4447     0.9195      98.83 2.0717e+00 0.0000e+00    80.0972    7.01650    30.2795    30.2595    23.8604    1467.54    1467.54 0.0000e+00
        153      2.000     5.6482     5.6539   2.994245   2.997642     2.4429     0.7305      98.83 8.3564e-01 0.0000e+00    79.4020    7.00470    30.3609    30.3938    23.9293    1467.50    1467.52 0.0000e+00
        185      3.000     5.6279     5.6317   2.989816   2.993114     2.4426     0.6683      98.83 5.4740e-01 0.0000e+00    79.6980    7.00677    30.3292    30.3627    23.9065    1467.39    1467.48 0.0000e+00
        212      4.000     5.6341     5.6389   2.992119   2.994039     2.4424     0.6685      98.83 4.0582e-01 0.0000e+00    79.7428    7.00258    30.3489    30.3661    23.9214    1467.46    1467.47 0.0000e+00
        242      5.000     5.6262     5.6254   2.993328   2.993284     2.4420     0.6814      98.82 2.7534e-01 0.0000e+00    79.7449    7.00016    30.3691    30.3693    23.9382    1467.47    1467.47 0.0000e+00
        274      6.000     5.6546     5.6522   3.006290   3.009092     2.4408     0.6821      98.83 1.9869e-01 0.0000e+00    79.7579    6.98725    30.4882    30.5218    24.0291    1467.75    1467.52 0.0000e+00
        302      7.000     5.6607     5.6618   3.012108   3.013782     2.4409     0.7042      98.83 1.6408e-01 0.0000e+00    79.7892    6.99442    30.5474    30.5652    24.0752    1467.87    1467.57 0.0000e+00
        330      8.000     5.6594     5.6561   3.010421   3.009405     2.4415     0.7083      98.83 1.4269e-01 0.0000e+00    79.8680    7.00051    30.5292    30.5208    24.0610    1467.85    1467.60 0.0000e+00
        358      9.000     5.6601     5.6590   3.010854   3.011438     2.4419     0.7142      98.83 1.1262e-01 0.0000e+00    79.8844    7.00056    30.5330    30.5405    24.0639    1467.88    1467.63 0.0000e+00
        386     10.000     5.6604     5.6578   3.010869   3.010417     2.4423     0.7625      98.83 8.5717e-02 0.0000e+00    79.8724    6.99960    30.5324    30.5297    24.0634    1467.89    1467.66 0.0000e+00
        415     11.000     5.6636     5.6610   3.013265   3.013011     2.4419     0.7378      98.82 7.1472e-02 0.0000e+00    79.9040    6.99459    30.5559    30.5554    24.0816    1467.95    1467.69 0.0000e+00
        441     12.000     5.6784     5.6789   3.024111   3.026470     2.4420     0.7379      98.83 6.1890e-02 0.0000e+00    79.9451    6.99406    30.6635    30.6894    24.1649    1468.17    1467.73 0.0000e+00
        462     13.000     5.6918     5.6910   3.029195   3.030486     2.4423     0.7379      98.82 5.2572e-02 0.0000e+00    79.8982    6.99148    30.7078    30.7229    24.1984    1468.29    1467.77 0.0000e+00
        482     14.000     5.7731     5.7684   3.044004   3.045128     2.4424     0.7105      98.83 4.9594e-02 0.0000e+00    79.9090    6.97523    30.7989    30.8158    24.2611    1468.75    1467.84 0.0000e+00
        504     15.000     5.8651     5.8588   3.059041   3.060167     2.4432     0.6776      98.82 4.9514e-02 0.0000e+00    79.9459    6.96649    30.8824    30.9007    24.3164    1469.24    1467.93 0.0000e+00
        526     16.000     6.0995     6.0760   3.093709   3.093842     2.4443     0.6849      98.83 4.9505e-02 0.0000e+00    79.9445    6.93329    31.0535    31.0765    24.4238    1470.42    1468.09 0.0000e+00
        549     17.000     6.2573     6.2516   3.117604   3.118650     2.4473     0.7275      98.82 4.9505e-02 0.0000e+00    79.8314    6.93482    31.1733    31.1900    24.4993    1471.21    1468.27 0.0000e+00
        571     18.000     6.2250     6.2292   3.118038   3.118812     2.4513     0.7600      98.83 4.9508e-02 0.0000e+00    79.8881    6.93853    31.2072    31.2119    24.5300    1471.14    1468.43 0.0000e+00
        593     19.000     6.2308     6.2263   3.124836   3.125339     2.4519     0.7381      98.83 4.9527e-02 0.0000e+00    79.9734    6.88361    31.2767    31.2864    24.5841    1471.27    1468.58 0.0000e+00
        616     20.000     6.2688     6.2600   3.140603   3.141160     2.4486     0.7379      98.83 4.9489e-02 0.0000e+00    79.9868    6.83353    31.4158    31.4300    24.6892    1471.61    1468.73 0.0000e+00
        638     21.000     6.3278     6.3253   3.153521   3.154717     2.4450     0.7139      98.82 4.9496e-02 0.0000e+00    80.0038    6.82236    31.5037    31.5192    24.7513    1471.98    1468.89 0.0000e+00
        660     22.000     6.3763     6.3721   3.161540   3.162462     2.4435     0.6822      98.83 4.9505e-02 0.0000e+00    80.0999    6.81833    31.5469    31.5610    24.7794    1472.24    1469.04 0.0000e+00
        682     23.000     6.3983     6.3964   3.165354   3.166167     2.4420     0.6690      98.83 4.9490e-02 0.0000e+00    80.1925    6.80936    31.5682    31.5789    24.7935    1472.37    1469.18 0.0000e+00
        705     24.000     6.4032     6.3977   3.168022   3.168881     2.4400     0.6459      98.83 4.9496e-02 0.0000e+00    80.2667    6.79338    31.5926    31.6072    24.8121    1472.44    1469.32 0.0000e+00
        727     25.000     6.6070     6.5943   3.192417   3.193739     2.4377     0.5837      98.83 4.9489e-02 0.0000e+00    80.3538    6.75377    31.6721    31.6984    24.8491    1473.36    1469.48 0.0000e+00
        749     26.000     6.7127     6.7108   3.205141   3.206073     2.4370     0.5244      98.83 4.9512e-02 0.0000e+00    80.3823    6.76881    31.7134    31.7253    24.8682    1473.84    1469.65 0.0000e+00
        771     27.000     6.6730     6.6731   3.203112   3.203999     2.4394     0.4966      98.82 4.9527e-02 0.0000e+00    80.3924    6.77657    31.7274    31.7371    24.8843    1473.72    1469.80 0.0000e+00
        794     28.000     6.6650     6.6636   3.202910   3.203774     2.4377     0.4937      98.83 4.9515e-02 0.0000e+00    80.4440    6.72495    31.7321    31.7429    24.8891    1473.71    1469.94 0.0000e+00
        816     29.000     6.6599     6.6587   3.202596   3.203509     2.4333     0.4732      98.82 4.9496e-02 0.0000e+00    80.4860    6.69456    31.7330    31.7441    24.8904    1473.71    1470.07 0.0000e+00
        838     30.000     6.6609     6.6597   3.202756   3.203671     2.4290     0.4459      98.83 4.9496e-02 0.0000e+00    80.5055    6.68908    31.7333    31.7445    24.8905    1473.73    1470.19 0.0000e+00
        860     31.000     6.6608     6.6597   3.202905   3.203873     2.4256     0.4104      56.71 4.9483e-02 0.0000e+00    80.5338    6.68807    31.7346    31.7462    24.8915    1473.75    1470.30 0.0000e+00
        882     32.000     6.6983     6.6921   3.207465   3.208244     2.4228     0.4185      94.20 4.9522e-02 0.0000e+00    80.5360    6.68665    31.7494    31.7637    24.8984    1473.93    1470.42 0.0000e+00
        904     33.000     6.8041     6.8001   3.220171   3.221521     2.4217     0.4205      71.22 4.9496e-02 0.0000e+00    80.5309    6.68239    31.7900    31.8085    24.9168    1474.41    1470.54 0.0000e+00
        926     34.000     6.8922     6.8822   3.229686   3.230085     2.4219     0.4145      55.41 4.9496e-02 0.0000e+00    80.5607    6.68148    31.8119    31.8255    24.9226    1474.80    1470.66 0.0000e+00
        948     35.000     7.0647     7.0523   3.250123   3.251105     2.4226     0.3892      69.47 4.9490e-02 0.0000e+00    80.5853    6.65671    31.8744    31.8966    24.9491    1475.57    1470.80 0.0000e+00
        970     36.000     7.0606     7.0625   3.251396   3.252432     2.4239     0.3716      60.12 4.9490e-02 0.0000e+00    80.6022    6.66377    31.8916    31.9011    24.9632    1475.59    1470.93 0.0000e+00
        992     37.000     7.2022     7.1867   3.269076   3.270220     2.4236     0.3716      98.45 4.9499e-02 0.0000e+00    80.6322    6.60952    31.9520    31.9787    24.9918    1476.23    1471.08 0.0000e+00
       1014     38.000     7.4466     7.4394   3.297125   3.298380     2.4220     0.3701      98.83 4.9496e-02 0.0000e+00    80.6892    6.57081    32.0286    32.0488    25.0189    1477.29    1471.24 0.0000e+00
       1036     39.000     7.6376     7.6263   3.321080   3.322176     2.4225     0.3370      98.83 4.9502e-02 0.0000e+00    80.7216    6.55455    32.1092    32.1314    25.0558    1478.14    1471.41 0.0000e+00
       1059     40.000     8.2307     8.1540   3.421678   3.421894     2.4233     0.2599      88.11 4.9499e-02 0.0000e+00    80.7665    6.44406    32.6313    32.7050    25.3806    1481.06    1471.65 0.0000e+00
       1082     41.000     9.4277     9.3901   3.610630   3.612212     2.4248     0.1902      98.79 4.9499e-02 0.0000e+00    80.8035    6.32692    33.4896    33.5411    25.8675    1486.58    1472.01 0.0000e+00
       1104     42.000     9.6586     9.6559   3.666258   3.667844     2.4430     0.0450      82.73 4.9496e-02 0.0000e+00    80.8053    6.36637    33.8451    33.8640    26.1076    1487.87    1472.39 0.0000e+00
       1126     43.000     9.5853     9.5872   3.670086   3.671580     2.4469    -0.0431      98.52 4.9508e-02 0.0000e+00    80.8941    6.15760    33.9532    33.9668    26.2042    1487.76    1472.74 0.0000e+00
       1149     44.000     9.5141     9.5150   3.669766   3.671263     2.4245    -0.0560      90.43 4.9470e-02 0.0000e+00    81.1479    5.91438    34.0170    34.0315    26.2657    1487.59    1473.08 0.0000e+00
       1171     45.000     9.5654     9.5624   3.680030   3.681582     2.3950    -0.0558      38.69 4.9487e-02 0.0000e+00    81.2408    5.81122    34.0736    34.0925    26.3016    1487.86    1473.40 0.0000e+00
       1193     46.000     9.4805     9.4829   3.675179   3.676565     2.3712    -0.0559      97.13 4.9483e-02 0.0000e+00    81.3160    5.81242    34.1039    34.1159    26.3392    1487.61    1473.71 0.0000e+00
       1216     47.000     9.5576     9.5506   3.687353   3.688941     2.3532 -9.990e-29      87.29 4.9477e-02 0.0000e+00    81.3350    5.78698    34.1556    34.1787    26.3670    1487.97    1474.01 0.0000e+00
       1237     48.000     9.5981     9.5935   3.693891   3.695344     2.3390 -9.990e-29      91.68 4.9521e-02 0.0000e+00    81.3339    5.77691    34.1840    34.2034    26.3825    1488.17    1474.30 0.0000e+00
       1259     49.000     9.5978     9.5985   3.695170   3.696696     2.3286 -9.990e-29      89.32 4.9496e-02 0.0000e+00    81.3446    5.76382    34.1970    34.2121    26.3927    1488.20    1474.58 0.0000e+00
       1282     50.000     9.5630     9.5623   3.692908   3.694414     2.3179 -9.990e-29      94.06 4.9477e-02 0.0000e+00    81.3385    5.71972    34.2064    34.2226    26.4058    1488.10    1474.85 0.0000e+00
       1304     51.000     9.5472     9.5465   3.693688   3.695168     2.3051 -9.990e-29      90.09 4.9490e-02 0.0000e+00    81.3196    5.66950    34.2291    34.2450    26.4261    1488.09    1475.11 0.0000e+00
       1326     52.000     9.5133     9.5140   3.691104   3.692642     2.2925 -9.990e-29      95.39 4.9496e-02 0.0000e+00    81.2742    5.64419    34.2343    34.2495    26.4358    1487.99    1475.35 0.0000e+00
       1348     53.000     9.4926     9.4927   3.689625   3.691153     2.2817 -9.990e-29      98.84 4.9470e-02 0.0000e+00    81.2149    5.63439    34.2383    34.2540    26.4423    1487.93    1475.59 0.0000e+00
       1370     54.000     9.4430     9.4467   3.685572   3.687138     2.2733 -9.990e-29      47.85 4.9490e-02 0.0000e+00    81.1302    5.63836    34.2434    34.2561    26.4544    1487.77    1475.81 0.0000e+00
       1392     55.000     9.4146     9.4119   3.686190   3.687623     2.2667 -9.990e-29      96.57 4.9487e-02 0.0000e+00    80.9521    5.63865    34.2765    34.2939    26.4850    1487.73    1476.03 0.0000e+00
       1414     56.000     9.4288     9.4265   3.690612   3.692094     2.2620 -9.990e-29      43.02 4.9508e-02 0.0000e+00    80.7313    5.64667    34.3082    34.3258    26.5074    1487.83    1476.24 0.0000e+00
       1437     57.000     9.4304     9.4279   3.692603   3.693995     2.2599 -9.990e-29     100.21 4.9476e-02 0.0000e+00    80.4233    5.65720    34.3268    34.3436    26.5217    1487.88    1476.44 0.0000e+00
       1459     58.000     9.4308     9.4289   3.692937   3.694407     2.2585 -9.990e-29      35.39 4.9487e-02 0.0000e+00    80.0943    5.64138    34.3294    34.3465    26.5237    1487.90    1476.63 0.0000e+00
       1482     59.000     9.4325     9.4303   3.693178   3.694607     2.2540 -9.990e-29      99.25 4.9490e-02 0.0000e+00    79.7240    5.59809    34.3298    34.3467    26.5238    1487.92    1476.82 0.0000e+00
       1504     60.000     9.4183     9.4186   3.692982   3.694462     2.2476    -0.0577      41.33 4.9493e-02 0.0000e+00    79.3538    5.56670    34.3410    34.3560    26.5348    1487.90    1477.01 0.0000e+00
       1527     61.000     9.3802     9.3808   3.691572   3.693043     2.2404    -0.0572      96.36 4.9490e-02 0.0000e+00    79.0236    5.54270    34.3625    34.3772    26.5578    1487.80    1477.18 0.0000e+00
       1549     62.000     9.3235     9.3254   3.688957   3.690418     2.2329    -0.0744      36.11 4.9481e-02 0.0000e+00    78.6746    5.52574    34.3894    34.4027    26.5882    1487.65    1477.35 0.0000e+00
       1571     63.000     9.2848     9.2843   3.686979   3.688479     2.2256    -0.0766      98.69 4.9483e-02 0.0000e+00    78.4144    5.50379    34.4057    34.4217    26.6072    1487.54    1477.51 0.0000e+00
       1594     64.000     9.2752     9.2746   3.686790   3.688258     2.2178    -0.0557      93.65 4.9483e-02 0.0000e+00    78.1452    5.48243    34.4125    34.4283    26.6141    1487.53    1477.67 0.0000e+00
       1616     65.000     9.2594     9.2583   3.686148   3.687587     2.2110    -0.0558      76.99 4.9469e-02 0.0000e+00    77.9245    5.47633    34.4206    34.4366    26.6230    1487.50    1477.82 0.0000e+00
       1638     66.000     9.2405     9.2394   3.685294   3.686758     2.2056    -0.0558      46.12 4.9489e-02 0.0000e+00    77.7790    5.47591    34.4295    34.4457    26.6330    1487.46    1477.96 0.0000e+00
       1660     67.000     9.2208     9.2211   3.684318   3.685752     2.2014    -0.0558      84.35 4.9483e-02 0.0000e+00    77.6288    5.47223    34.4378    34.4525    26.6427    1487.41    1478.10 0.0000e+00
       1682     68.000     9.1813     9.1806   3.682404   3.683861     2.1975    -0.0558      47.22 4.9471e-02 0.0000e+00    77.5159    5.46215    34.4556    34.4714    26.6630    1487.31    1478.24 0.0000e+00
       1705     69.000     9.1730     9.1716   3.682055   3.683516     2.1927    -0.0558      98.92 4.9496e-02 0.0000e+00    77.3334    5.44592    34.4595    34.4761    26.6674    1487.30    1478.37 0.0000e+00
       1727     70.000     9.1657     9.1647   3.681730   3.683179     2.1885    -0.0558      39.96 4.9470e-02 0.0000e+00    77.2909    5.44029    34.4627    34.4788    26.6711    1487.29    1478.49 0.0000e+00
       1749     71.000     9.1553     9.1542   3.681263   3.682704     2.1848    -0.0558      99.32 4.9475e-02 0.0000e+00    77.2701    5.43480    34.4674    34.4835    26.6765    1487.27    1478.62 0.0000e+00
       1772     72.000     9.1377     9.1371   3.680279   3.681723     2.1815    -0.0558      41.40 4.9499e-02 0.0000e+00    77.2089    5.43212    34.4737    34.4894    26.6843    1487.23    1478.74 0.0000e+00
       1794     73.000     9.1255     9.1236   3.679472   3.680839     2.1789    -0.0564      97.85 4.9459e-02 0.0000e+00    77.1652    5.43235    34.4766    34.4927    26.6885    1487.21    1478.85 0.0000e+00
       1816     74.000     9.1085     9.1072   3.678384   3.679765     2.1767 -9.990e-29      41.92 4.9502e-02 0.0000e+00    77.1241    5.43110    34.4813    34.4969    26.6949    1487.17    1478.96 0.0000e+00
       1839     75.000     9.0872     9.0866   3.677656   3.679098     2.1745 -9.990e-29      94.94 4.9475e-02 0.0000e+00    77.0731    5.42393    34.4938    34.5095    26.7081    1487.12    1479.07 0.0000e+00
       1861     76.000     9.0775     9.0766   3.677329   3.678764     2.1721 -9.990e-29      44.46 4.9492e-02 0.0000e+00    77.0483    5.41417    34.4993    34.5152    26.7140    1487.11    1479.18 0.0000e+00
