_data/ctd/2022603/sta0214.cnv
* Sea-Bird SBE 9 Data File:
* FileName = C:\Seabird\CTDData\sta0214.hex
* Software Version Seasave V 7.21f
* Temperature SN = 6264
* Conductivity SN = 4928
* Number of Bytes Per Scan = 40
* Number of Voltage Words = 5
* Number of Scans Averaged by the Deck Unit = 1
* NMEA Latitude = 61 28.34 N
* NMEA Longitude = 005 26.13 E
* NMEA UTC (Time) = Feb 16 2022 05:49:16
* NMEA baud rate = 4800
** Ship: R/V "Kristine Bonnevie"
** Station: 0214
** Echodepth: 254
** Log: 0931.208
** Wind-Dir/Force: 16 11
** Air-temp (dry): 3.3
** Weather Sky:
** Sea:
** FOFJ07
# nquan = 19                                
# nvalues = 249                         
# units = specified
# name 0 = scan: Scan Count
# name 1 = prDM: Pressure, Digiquartz [db]
# name 2 = t068C: Temperature [ITS-68, deg C]
# name 3 = t168C: Temperature, 2 [ITS-68, deg C]
# name 4 = c0S/m: Conductivity [S/m]
# name 5 = c1S/m: Conductivity, 2 [S/m]
# name 6 = sbeox0V: Oxygen raw, SBE 43 [V]
# name 7 = flECO-AFL: Fluorescence, WET Labs ECO-AFL/FL [mg/m^3]
# name 8 = altM: Altimeter [m]
# name 9 = par: PAR/Irradiance, Biospherical/Licor
# name 10 = spar: SPAR/Surface Irradiance
# name 11 = CStarTr0: Beam Transmission, WET Labs C-Star [%]
# name 12 = sbeox0ML/L: Oxygen, SBE 43 [ml/l], WS = 2
# name 13 = sal00: Salinity, Practical [PSU]
# name 14 = sal11: Salinity, Practical, 2 [PSU]
# name 15 = sigma-t00: Density [sigma-t, Kg/m^3 ]
# name 16 = svCM: Sound Velocity [Chen-Millero, m/s]
# name 17 = avgsvCM: Average Sound Velocity [Chen-Millero, m/s], minP = 1, minS = 5
# name 18 = flag: flag
# span 0 =        392,       6422       
# span 1 =      2.000,    250.000       
# span 2 =     6.9242,     9.1828       
# span 3 =     6.9359,     9.1810       
# span 4 =   3.098227,   3.662766       
# span 5 =   3.107082,   3.664255       
# span 6 =     2.0136,     2.4207       
# span 7 =    -0.1048,     0.1168       
# span 8 =       4.95,     100.07       
# span 9 = 4.9445e-02, 4.9744e-01       
# span 10 = 0.0000e+00, 0.0000e+00      
# span 11 =    79.3479,    81.1847      
# span 12 =    5.14468,    6.69895      
# span 13 =    30.3681,    34.9998      
# span 14 =    30.4537,    35.0169      
# span 15 =    23.7821,    27.2745      
# span 16 =    1472.60,    1486.75      
# span 17 =    1472.60,    1485.60      
# span 18 = 0.0000e+00, 0.0000e+00      
# interval = decibars: 1                
# start_time = Feb 16 2022 05:49:19 [System UTC, header]
# bad_flag = -9.990e-29
*END*
[from data line 153]
       3937    155.000     8.3159     8.3146   3.641330   3.642779     2.0817    -0.0707      97.94 4.9502e-02 0.0000e+00    81.0125    5.28269    34.8280    34.8447    27.0912    1485.99    1485.22 0.0000e+00
       3959    156.000     8.3052     8.3037   3.640903   3.642330     2.0811    -0.0743      98.80 4.9471e-02 0.0000e+00    80.9869    5.28168    34.8335    34.8502    27.0972    1485.97    1485.23 0.0000e+00
       3982    157.000     8.3022     8.3005   3.640811   3.642249     2.0813    -0.0932      31.16 4.9502e-02 0.0000e+00    81.0241    5.28896    34.8350    34.8520    27.0988    1485.98    1485.23 0.0000e+00
       4004    158.000     8.2996     8.2980   3.640766   3.642204     2.0816    -0.0603     100.07 4.9476e-02 0.0000e+00    81.0128    5.29247    34.8367    34.8536    27.1005    1485.99    1485.24 0.0000e+00
       4026    159.000     8.2962     8.2948   3.640599   3.642047     2.0819    -0.0701      98.80 4.9481e-02 0.0000e+00    81.0365    5.29770    34.8378    34.8546    27.1019    1485.99    1485.24 0.0000e+00
       4048    160.000     8.2941     8.2925   3.640544   3.642000     2.0827    -0.0682      38.14 4.9483e-02 0.0000e+00    81.0251    5.29915    34.8388    34.8559    27.1030    1486.00    1485.25 0.0000e+00
       4071    161.000     8.2929     8.2914   3.640517   3.641963     2.0828    -0.0682      93.95 4.9493e-02 0.0000e+00    81.0502    5.29638    34.8392    34.8561    27.1035    1486.02    1485.25 0.0000e+00
       4093    162.000     8.2911     8.2896   3.640449   3.641900     2.0829    -0.0665      98.78 4.9483e-02 0.0000e+00    81.0258    5.29536    34.8398    34.8567    27.1042    1486.03    1485.26 0.0000e+00
       4116    163.000     8.2896     8.2881   3.640427   3.641873     2.0825    -0.0634      55.55 4.9481e-02 0.0000e+00    81.0174    5.28925    34.8405    34.8574    27.1050    1486.04    1485.26 0.0000e+00
       4139    164.000     8.2854     8.2841   3.640236   3.641673     2.0816    -0.0655      79.77 4.9487e-02 0.0000e+00    80.9794    5.28656    34.8422    34.8588    27.1070    1486.04    1485.27 0.0000e+00
       4162    165.000     8.2724     8.2711   3.639592   3.641039     2.0812    -0.0683      99.03 4.9487e-02 0.0000e+00    80.9685    5.28761    34.8477    34.8644    27.1133    1486.02    1485.27 0.0000e+00
       4185    166.000     8.2679     8.2667   3.639419   3.640889     2.0803    -0.1016      66.73 4.9481e-02 0.0000e+00    80.8984    5.28267    34.8499    34.8667    27.1157    1486.02    1485.28 0.0000e+00
       4208    167.000     8.2675     8.2659   3.639496   3.640946     2.0794    -0.0686      68.81 4.9475e-02 0.0000e+00    80.9111    5.28388    34.8506    34.8676    27.1163    1486.03    1485.28 0.0000e+00
       4231    168.000     8.2675     8.2660   3.639573   3.641025     2.0789    -0.0646      98.83 4.9487e-02 0.0000e+00    80.9263    5.28023    34.8509    34.8679    27.1166    1486.05    1485.29 0.0000e+00
       4254    169.000     8.2645     8.2631   3.639387   3.640826     2.0778    -0.0673      78.51 4.9469e-02 0.0000e+00    80.9198    5.27923    34.8514    34.8682    27.1174    1486.06    1485.29 0.0000e+00
       4277    170.000     8.2610     8.2595   3.639270   3.640714     2.0773    -0.0687      58.68 4.9451e-02 0.0000e+00    80.9061    5.27973    34.8532    34.8701    27.1193    1486.06    1485.29 0.0000e+00
       4300    171.000     8.2583     8.2570   3.639218   3.640667     2.0768    -0.0785      97.94 4.9469e-02 0.0000e+00    80.8867    5.28489    34.8548    34.8716    27.1210    1486.07    1485.30 0.0000e+00
       4322    172.000     8.2543     8.2526   3.639059   3.640479     2.0770    -0.0903      92.91 4.9458e-02 0.0000e+00    80.8796    5.28513    34.8566    34.8734    27.1231    1486.07    1485.30 0.0000e+00
       4345    173.000     8.2537     8.2521   3.639208   3.640652     2.0766    -0.0731      44.52 4.9475e-02 0.0000e+00    80.8749    5.28264    34.8583    34.8753    27.1245    1486.09    1485.31 0.0000e+00
       4368    174.000     8.2516     8.2502   3.639144   3.640589     2.0760    -0.0769      98.03 4.9469e-02 0.0000e+00    80.8547    5.27876    34.8592    34.8760    27.1255    1486.10    1485.31 0.0000e+00
       4390    175.000     8.2471     8.2458   3.638977   3.640415     2.0754    -0.0981      98.80 4.9471e-02 0.0000e+00    80.8442    5.27699    34.8614    34.8781    27.1279    1486.10    1485.32 0.0000e+00
       4413    176.000     8.2394     8.2379   3.638664   3.640105     2.0746    -0.0743      40.26 4.9481e-02 0.0000e+00    80.7960    5.27532    34.8652    34.8821    27.1321    1486.09    1485.32 0.0000e+00
       4436    177.000     8.2370     8.2352   3.638583   3.640024     2.0737    -0.0687      98.26 4.9469e-02 0.0000e+00    80.7579    5.26879    34.8663    34.8834    27.1333    1486.10    1485.33 0.0000e+00
       4459    178.000     8.2330     8.2318   3.638436   3.639887     2.0726    -0.0853      98.80 4.9469e-02 0.0000e+00    80.7110    5.27111    34.8682    34.8849    27.1354    1486.11    1485.33 0.0000e+00
       4482    179.000     8.2304     8.2289   3.638366   3.639827     2.0720    -0.1048      41.91 4.9469e-02 0.0000e+00    80.6918    5.27279    34.8695    34.8866    27.1369    1486.12    1485.33 0.0000e+00
       4505    180.000     8.2276     8.2262   3.638261   3.639718     2.0716    -0.0932      97.80 4.9481e-02 0.0000e+00    80.6806    5.27243    34.8707    34.8877    27.1382    1486.12    1485.34 0.0000e+00
       4527    181.000     8.2231     8.2222   3.637990   3.639457     2.0711    -0.0679      98.80 4.9471e-02 0.0000e+00    80.6709    5.26934    34.8718    34.8884    27.1398    1486.12    1485.34 0.0000e+00
       4550    182.000     8.2146     8.2131   3.637494   3.638922     2.0701    -0.0681      51.68 4.9480e-02 0.0000e+00    80.6738    5.26751    34.8745    34.8912    27.1431    1486.11    1485.35 0.0000e+00
       4573    183.000     8.2127     8.2109   3.637403   3.638814     2.0695    -0.0701      90.41 4.9477e-02 0.0000e+00    80.7071    5.26911    34.8749    34.8918    27.1438    1486.12    1485.35 0.0000e+00
       4596    184.000     8.2107     8.2090   3.637276   3.638707     2.0691    -0.0654      98.92 4.9481e-02 0.0000e+00    80.7339    5.26861    34.8750    34.8920    27.1442    1486.13    1485.36 0.0000e+00
       4619    185.000     8.2093     8.2076   3.637242   3.638676     2.0688    -0.0688      67.59 4.9463e-02 0.0000e+00    80.8155    5.26999    34.8756    34.8926    27.1448    1486.14    1485.36 0.0000e+00
       4642    186.000     8.2010     8.1997   3.636549   3.637994     2.0681    -0.0667      79.73 4.9512e-02 0.0000e+00    80.8399    5.26534    34.8759    34.8927    27.1464    1486.13    1485.36 0.0000e+00
       4665    187.000     8.1980     8.1964   3.636420   3.637868     2.0676    -0.0785      98.93 4.9493e-02 0.0000e+00    80.8492    5.26565    34.8771    34.8941    27.1477    1486.13    1485.37 0.0000e+00
       4688    188.000     8.1969     8.1954   3.636484   3.637923     2.0666    -0.0939      74.09 4.9475e-02 0.0000e+00    80.8644    5.25605    34.8784    34.8952    27.1489    1486.15    1485.37 0.0000e+00
       4711    189.000     8.1935     8.1919   3.636339   3.637764     2.0652    -0.0985      67.74 4.9511e-02 0.0000e+00    80.8733    5.25094    34.8797    34.8965    27.1505    1486.15    1485.38 0.0000e+00
       4734    190.000     8.1918     8.1904   3.636311   3.637764     2.0639    -0.0661      98.32 4.9488e-02 0.0000e+00    80.8717    5.24957    34.8806    34.8975    27.1514    1486.16    1485.38 0.0000e+00
       4757    191.000     8.1847     8.1835   3.635782   3.637223     2.0629    -0.0650      84.79 4.9493e-02 0.0000e+00    80.8655    5.24754    34.8815    34.8981    27.1532    1486.16    1485.38 0.0000e+00
       4780    192.000     8.1764     8.1747   3.635217   3.636641     2.0613    -0.0898      59.13 4.9476e-02 0.0000e+00    80.8814    5.24295    34.8833    34.9002    27.1558    1486.14    1485.39 0.0000e+00
       4802    193.000     8.1709     8.1692   3.634995   3.636403     2.0606    -0.0738      98.76 4.9445e-02 0.0000e+00    80.8283    5.24724    34.8859    34.9026    27.1587    1486.14    1485.39 0.0000e+00
       4825    194.000     8.1641     8.1630   3.634609   3.636061     2.0594    -0.0618      94.81 4.9479e-02 0.0000e+00    80.8405    5.23521    34.8880    34.9046    27.1614    1486.14    1485.40 0.0000e+00
       4849    195.000     8.1606     8.1590   3.634715   3.636136     2.0575    -0.0790      49.92 4.9475e-02 0.0000e+00    80.8357    5.22729    34.8921    34.9089    27.1652    1486.14    1485.40 0.0000e+00
       4872    196.000     8.1634     8.1615   3.635274   3.636706     2.0556    -0.0865      98.13 4.9457e-02 0.0000e+00    80.8385    5.22371    34.8949    34.9120    27.1669    1486.17    1485.40 0.0000e+00
       4895    197.000     8.1673     8.1658   3.635993   3.637481     2.0542    -0.0616      98.80 4.9487e-02 0.0000e+00    80.8170    5.22122    34.8982    34.9156    27.1689    1486.21    1485.41 0.0000e+00
       4918    198.000     8.1691     8.1675   3.636301   3.637734     2.0528    -0.0663      38.68 4.9469e-02 0.0000e+00    80.7713    5.22524    34.8992    34.9161    27.1695    1486.23    1485.41 0.0000e+00
       4941    199.000     8.1682     8.1666   3.636323   3.637764     2.0527    -0.0647      55.61 4.9506e-02 0.0000e+00    80.6747    5.23183    34.8998    34.9168    27.1701    1486.25    1485.42 0.0000e+00
       4964    200.000     8.1627     8.1613   3.636086   3.637533     2.0526    -0.0615      97.09 4.9487e-02 0.0000e+00    80.5763    5.23741    34.9023    34.9192    27.1729    1486.25    1485.42 0.0000e+00
       4987    201.000     8.1549     8.1536   3.635780   3.637209     2.0530    -0.0656      45.83 4.9469e-02 0.0000e+00    80.5124    5.24145    34.9063    34.9229    27.1772    1486.24    1485.42 0.0000e+00
       5010    202.000     8.1347     8.1341   3.634721   3.636151     2.0532    -0.0604      74.12 4.9485e-02 0.0000e+00    80.5077    5.23833    34.9146    34.9305    27.1868    1486.19    1485.43 0.0000e+00
       5034    203.000     8.1269     8.1254   3.634300   3.635745     2.0525 -9.990e-29      77.82 4.9481e-02 0.0000e+00    80.4676    5.23410    34.9173    34.9343    27.1901    1486.18    1485.43 0.0000e+00
       5057    204.000     8.1172     8.1160   3.633789   3.635220     2.0522 -9.990e-29      36.05 4.9469e-02 0.0000e+00    80.5424    5.23849    34.9210    34.9376    27.1945    1486.16    1485.44 0.0000e+00
       5080    205.000     8.1099     8.1089   3.633454   3.634902     2.0517 -9.990e-29      49.38 4.9487e-02 0.0000e+00    80.5825    5.23138    34.9242    34.9407    27.1981    1486.16    1485.44 0.0000e+00
       5104    206.000     8.1071     8.1057   3.633355   3.634800     2.0506    -0.0641      48.83 4.9468e-02 0.0000e+00    80.6016    5.22310    34.9255    34.9424    27.1995    1486.17    1485.44 0.0000e+00
       5127    207.000     8.1047     8.1031   3.633297   3.634734     2.0491    -0.0637      47.93 4.9493e-02 0.0000e+00    80.5919    5.21561    34.9268    34.9437    27.2009    1486.17    1485.45 0.0000e+00
       5151    208.000     8.1027     8.1011   3.633265   3.634705     2.0474    -0.0621      46.90 4.9474e-02 0.0000e+00    80.6042    5.21200    34.9279    34.9449    27.2021    1486.18    1485.45 0.0000e+00
       5174    209.000     8.0991     8.0977   3.633175   3.634624     2.0459    -0.0637      45.93 4.9475e-02 0.0000e+00    80.5972    5.20667    34.9301    34.9470    27.2043    1486.19    1485.45 0.0000e+00
       5197    210.000     8.0960     8.0946   3.633112   3.634535     2.0443    -0.0672      44.89 4.9462e-02 0.0000e+00    80.5866    5.20395    34.9320    34.9486    27.2063    1486.20    1485.46 0.0000e+00
       5221    211.000     8.0932     8.0919   3.633048   3.634496     2.0428    -0.0630      43.96 4.9505e-02 0.0000e+00    80.5978    5.20166    34.9336    34.9504    27.2080    1486.21    1485.46 0.0000e+00
       5244    212.000     8.0912     8.0903   3.632982   3.634448     2.0418    -0.0725      43.02 4.9493e-02 0.0000e+00    80.5851    5.20305    34.9344    34.9510    27.2089    1486.22    1485.46 0.0000e+00
       5267    213.000     8.0868     8.0861   3.632771   3.634233     2.0406    -0.0717      41.93 4.9457e-02 0.0000e+00    80.5674    5.19675    34.9361    34.9524    27.2109    1486.22    1485.47 0.0000e+00
       5290    214.000     8.0827     8.0817   3.632560   3.634022     2.0393    -0.0677      40.95 4.9463e-02 0.0000e+00    80.5405    5.19613    34.9374    34.9541    27.2126    1486.22    1485.47 0.0000e+00
       5313    215.000     8.0798     8.0783   3.632506   3.633946     2.0384    -0.0646      40.08 4.9512e-02 0.0000e+00    80.5647    5.19695    34.9392    34.9562    27.2144    1486.23    1485.47 0.0000e+00
       5337    216.000     8.0732     8.0724   3.632141   3.633597     2.0376    -0.0701      39.05 4.9514e-02 0.0000e+00    80.6036    5.19430    34.9414    34.9578    27.2171    1486.22    1485.48 0.0000e+00
       5360    217.000     8.0662     8.0650   3.631904   3.633342     2.0365    -0.0600      37.93 4.9529e-02 0.0000e+00    80.6152    5.19036    34.9454    34.9620    27.2213    1486.22    1485.48 0.0000e+00
       5383    218.000     8.0641     8.0627   3.631964   3.633386     2.0358    -0.0567      36.62 4.9470e-02 0.0000e+00    80.6671    5.19055    34.9476    34.9643    27.2234    1486.23    1485.48 0.0000e+00
       5406    219.000     8.0600     8.0587   3.632041   3.633473     2.0347    -0.0615      35.43 4.9469e-02 0.0000e+00    80.7155    5.18669    34.9520    34.9687    27.2275    1486.23    1485.49 0.0000e+00
       5430    220.000     8.0570     8.0555   3.632016   3.633459     2.0336    -0.0625      34.63 4.9462e-02 0.0000e+00    80.7135    5.18349    34.9543    34.9712    27.2297    1486.24    1485.49 0.0000e+00
       5453    221.000     8.0561     8.0547   3.632040   3.633475     2.0326    -0.0608      33.76 4.9463e-02 0.0000e+00    80.7003    5.18152    34.9550    34.9717    27.2304    1486.26    1485.50 0.0000e+00
       5476    222.000     8.0544     8.0530   3.632069   3.633519     2.0317    -0.0626      32.77 4.9491e-02 0.0000e+00    80.6732    5.18259    34.9565    34.9734    27.2318    1486.27    1485.50 0.0000e+00
       5500    223.000     8.0528     8.0514   3.632093   3.633541     2.0309    -0.0716      31.78 4.9476e-02 0.0000e+00    80.6308    5.17933    34.9578    34.9748    27.2331    1486.28    1485.50 0.0000e+00
       5523    224.000     8.0495     8.0483   3.632044   3.633501     2.0303    -0.0634      30.79 4.9523e-02 0.0000e+00    80.6306    5.18062    34.9601    34.9769    27.2354    1486.29    1485.51 0.0000e+00
       5546    225.000     8.0437     8.0422   3.631899   3.633329     2.0294    -0.0599      29.81 4.9505e-02 0.0000e+00    80.5831    5.17763    34.9639    34.9807    27.2392    1486.29    1485.51 0.0000e+00
       5569    226.000     8.0417     8.0402   3.631858   3.633299     2.0289    -0.0647      28.87 4.9481e-02 0.0000e+00    80.5743    5.18008    34.9649    34.9819    27.2404    1486.30    1485.51 0.0000e+00
       5592    227.000     8.0410     8.0395   3.631900   3.633337     2.0285    -0.0863      27.88 4.9481e-02 0.0000e+00    80.5014    5.17857    34.9656    34.9825    27.2410    1486.31    1485.52 0.0000e+00
       5614    228.000     8.0402     8.0387   3.632013   3.633454     2.0281    -0.0684      26.88 4.9464e-02 0.0000e+00    80.4924    5.17726    34.9671    34.9841    27.2423    1486.33    1485.52 0.0000e+00
       5637    229.000     8.0364     8.0352   3.631974   3.633417     2.0272    -0.0634      25.90 4.9499e-02 0.0000e+00    80.5064    5.17628    34.9700    34.9867    27.2452    1486.33    1485.52 0.0000e+00
