_data/ctd/2022603/sta0206.cnv
* Sea-Bird SBE 9 Data File:
* FileName = C:\Seabird\CTDData\sta0206.hex
* Software Version Seasave V 7.21f
* Temperature SN = 6264
* Conductivity SN = 4928
* Number of Bytes Per Scan = 40
* Number of Voltage Words = 5
* Number of Scans Averaged by the Deck Unit = 1
* NMEA Latitude = 61 14.32 N
* NMEA Longitude = 004 53.96 E
* NMEA UTC (Time) = Feb 15 2022 18:29:24
* NMEA baud rate = 4800
** Ship: R/V "Kristine Bonnevie"
** Station: 0206
** Echodepth: 331
** Log: 0875.881
** Wind-Dir/Force: 15 08
** Air-temp (dry): 4.3
** Weather Sky:
** Sea:
# nquan = 19                                
# nvalues = 335                         
# units = specified
# name 0 = scan: Scan Count
# name 1 = prDM: Pressure, Digiquartz [db]
# name 2 = t068C: Temperature [ITS-68, deg C]
# name 3 = t168C: Temperature, 2 [ITS-68, deg C]
# name 4 = c0S/m: Conductivity [S/m]
# name 5 = c1S/m: Conductivity, 2 [S/m]
# name 6 = sbeox0V: Oxygen raw, SBE 43 [V]
# name 7 = flECO-AFL: Fluorescence, WET Labs ECO-AFL/FL [mg/m^3]
# name 8 = altM: Altimeter [m]
# name 9 = par: PAR/Irradiance, Biospherical/Licor
# name 10 = spar: SPAR/Surface Irradiance
# name 11 = CStarTr0: Beam Transmission, WET Labs C-Star [%]
# name 12 = sbeox0ML/L: Oxygen, SBE 43 [ml/l], WS = 2
# name 13 = sal00: Salinity, Practical [PSU]
# name 14 = sal11: Salinity, Practical, 2 [PSU]
# name 15 = sigma-t00: Density [sigma-t, Kg/m^3 ]
# name 16 = svCM: Sound Velocity [Chen-Millero, m/s]
# name 17 = avgsvCM: Average Sound Velocity [Chen-Millero, m/s], minP = 1, minS = 5
# name 18 = flag: flag
# span 0 =        278,       8550       
# span 1 =      2.000,    336.000       
# span 2 =     6.5175,     8.4706       
# span 3 =     6.5150,     8.4686       
# span 4 =   3.216746,   3.653678       
# span 5 =   3.217718,   3.655170       
# span 6 =     2.0393,     2.5052       
# span 7 =    -0.1075,     0.6444       
# span 8 =       4.98,     100.06       
# span 9 = 4.9430e-02, 7.8550e-01       
# span 10 = 0.0000e+00, 0.0000e+00      
# span 11 =     0.1674,    81.1099      
# span 12 =    5.31505,    6.91858      
# span 13 =    32.0298,    34.9746      
# span 14 =    32.0429,    34.9919      
# span 15 =    25.1420,    27.2789      
# span 16 =    1473.10,    1487.34      
# span 17 =    1473.10,    1484.12      
# span 18 = 0.0000e+00, 0.0000e+00      
# interval = decibars: 1                
# start_time = Feb 15 2022 18:29:27 [System UTC, header]
# bad_flag = -9.990e-29
*END*
[from data line 305]
       7130    307.000     7.8352     7.8336   3.617141   3.618591     2.0512    -0.0600      33.66 4.9483e-02 0.0000e+00    80.1074    5.33736    34.9739    34.9911    27.2783    1486.86    1483.84 0.0000e+00
       7152    308.000     7.8351     7.8336   3.617190   3.618641     2.0505    -0.0575      33.06 4.9490e-02 0.0000e+00    80.0818    5.33519    34.9740    34.9912    27.2784    1486.88    1483.85 0.0000e+00
       7174    309.000     7.8350     7.8335   3.617227   3.618681     2.0504    -0.0596      32.45 4.9496e-02 0.0000e+00    80.0928    5.33810    34.9740    34.9912    27.2784    1486.89    1483.86 0.0000e+00
       7196    310.000     7.8349     7.8334   3.617272   3.618728     2.0502    -0.0823      31.64 4.9483e-02 0.0000e+00    80.0373    5.33646    34.9741    34.9913    27.2785    1486.91    1483.87 0.0000e+00
       7218    311.000     7.8348     7.8332   3.617305   3.618748     2.0498    -0.0725      30.68 4.9496e-02 0.0000e+00    80.0424    5.33568    34.9741    34.9913    27.2785    1486.93    1483.88 0.0000e+00
       7240    312.000     7.8345     7.8330   3.617333   3.618781     2.0495    -0.0586      29.14 4.9487e-02 0.0000e+00    80.0898    5.33350    34.9742    34.9913    27.2787    1486.94    1483.89 0.0000e+00
       7263    313.000     7.8345     7.8330   3.617374   3.618818     2.0488    -0.0688      27.99 4.9487e-02 0.0000e+00    80.0797    5.33413    34.9742    34.9912    27.2786    1486.96    1483.90 0.0000e+00
       7286    314.000     7.8342     7.8326   3.617397   3.618839     2.0489    -0.0864      27.12 4.9490e-02 0.0000e+00    80.0301    5.33681    34.9743    34.9914    27.2787    1486.97    1483.91 0.0000e+00
       7308    315.000     7.8340     7.8325   3.617427   3.618871     2.0484    -0.0663      26.11 4.9500e-02 0.0000e+00    80.0245    5.33485    34.9743    34.9914    27.2788    1486.99    1483.92 0.0000e+00
       7331    316.000     7.8343     7.8326   3.617508   3.618937     2.0483    -0.0945      25.09 4.9481e-02 0.0000e+00    79.9810    5.33674    34.9744    34.9915    27.2788    1487.01    1483.93 0.0000e+00
       7361    317.000     7.8345     7.8329   3.617561   3.619022     2.0483    -0.0635      24.01 4.9479e-02 0.0000e+00    79.9770    5.33808    34.9743    34.9916    27.2787    1487.02    1483.94 0.0000e+00
       7399    318.000     7.8345     7.8330   3.617619   3.619075     2.0480    -0.0599      22.90 4.9493e-02 0.0000e+00    79.9356    5.33322    34.9744    34.9916    27.2788    1487.04    1483.95 0.0000e+00
       7433    319.000     7.8347     7.8331   3.617679   3.619133     2.0473 -9.990e-29      21.94 4.9504e-02 0.0000e+00    79.9190    5.33494    34.9744    34.9916    27.2788    1487.06    1483.96 0.0000e+00
       7464    320.000     7.8347     7.8332   3.617735   3.619186     2.0470 -9.990e-29      21.06 4.9484e-02 0.0000e+00    79.8866    5.33054    34.9745    34.9916    27.2789    1487.07    1483.96 0.0000e+00
       7608    321.000     7.8353     7.8338   3.617824   3.619276     2.0465    -0.0801      19.80 4.9494e-02 0.0000e+00    79.8535    5.33309    34.9744    34.9915    27.2787    1487.09    1483.97 0.0000e+00
       7735    322.000     7.8355     7.8341   3.617882   3.619332     2.0464    -0.0632      18.96 4.9492e-02 0.0000e+00    79.8401    5.33573    34.9743    34.9913    27.2786    1487.11    1483.98 0.0000e+00
       7772    323.000     7.8353     7.8338   3.617923   3.619377     2.0463    -0.0597      17.99 4.9493e-02 0.0000e+00    79.7562    5.32957    34.9745    34.9916    27.2787    1487.13    1483.99 0.0000e+00
       7803    324.000     7.8353     7.8339   3.617979   3.619426     2.0455    -0.0558      17.05 4.9481e-02 0.0000e+00    79.6762    5.32937    34.9746    34.9916    27.2788    1487.14    1484.00 0.0000e+00
       7836    325.000     7.8354     7.8339   3.618026   3.619475     2.0446 -9.990e-29      15.87 4.9481e-02 0.0000e+00    79.7083    5.32303    34.9745    34.9916    27.2788    1487.16    1484.01 0.0000e+00
       7877    326.000     7.8354     7.8338   3.618073   3.619522     2.0438 -9.990e-29      14.88 4.9484e-02 0.0000e+00    79.6782    5.32616    34.9746    34.9918    27.2788    1487.18    1484.02 0.0000e+00
       7920    327.000     7.8355     7.8339   3.618125   3.619574     2.0436    -0.0566      13.97 4.9495e-02 0.0000e+00    79.6426    5.32483    34.9745    34.9917    27.2787    1487.19    1484.03 0.0000e+00
       7957    328.000     7.8354     7.8339   3.618171   3.619632     2.0422    -0.0809      12.82 4.9485e-02 0.0000e+00    79.5817    5.31659    34.9746    34.9919    27.2789    1487.21    1484.04 0.0000e+00
       7993    329.000     7.8355     7.8340   3.618222   3.619672     2.0414    -0.0625      11.95 4.9482e-02 0.0000e+00    79.4999    5.31578    34.9746    34.9917    27.2788    1487.23    1484.05 0.0000e+00
       8035    330.000     7.8356     7.8341   3.618271   3.619728     2.0405 -9.990e-29      10.51 4.9491e-02 0.0000e+00    79.4698    5.31637    34.9746    34.9917    27.2788    1487.24    1484.06 0.0000e+00
       8078    331.000     7.8358     7.8342   3.618328   3.619786     2.0402 -9.990e-29       9.87 4.9499e-02 0.0000e+00    79.3965    5.31889    34.9745    34.9918    27.2787    1487.26    1484.07 0.0000e+00
       8125    332.000     7.8360     7.8345   3.618388   3.619852     2.0399    -0.0571       8.99 4.9498e-02 0.0000e+00    79.4488    5.31854    34.9745    34.9917    27.2786    1487.28    1484.08 0.0000e+00
       8168    333.000     7.8362     7.8348   3.618452   3.619917     2.0393    -0.0618       8.10 4.9490e-02 0.0000e+00    79.4906    5.31505    34.9745    34.9916    27.2786    1487.29    1484.09 0.0000e+00
       8210    334.000     7.8365     7.8349   3.618520   3.619971     2.0393    -0.0707       7.16 4.9500e-02 0.0000e+00    79.5184    5.32073    34.9744    34.9916    27.2785    1487.31    1484.10 0.0000e+00
       8262    335.000     7.8364     7.8347   3.618559   3.620021     2.0400    -0.0594       6.13 4.9501e-02 0.0000e+00    79.6165    5.32748    34.9744    34.9919    27.2786    1487.33    1484.11 0.0000e+00
       8550    336.000     7.8367     7.8353   3.618623   3.620109     2.0408    -0.1075       4.98 4.9430e-02 0.0000e+00    79.6607    5.32036    34.9744    34.9918    27.2784    1487.34    1484.12 0.0000e+00
