_data/ctd/2022603/sta0167.cnv
* Sea-Bird SBE 9 Data File:
* FileName = C:\Seabird\CTDData\sta0167.hex
* Software Version Seasave V 7.21f
* Temperature SN = 6264
* Conductivity SN = 4928
* Number of Bytes Per Scan = 40
* Number of Voltage Words = 5
* Number of Scans Averaged by the Deck Unit = 1
* NMEA Latitude = 60 52.29 N
* NMEA Longitude = 005 32.76 E
* NMEA UTC (Time) = Feb 12 2022 19:09:38
* NMEA baud rate = 4800
** Ship: R/V "Kristine Bonnevie"
** Station: 0167
** Echodepth: 191
** Log: 0499.548
** Wind-Dir/Force: 34 02
** Air-temp (dry): 6.6
** Weather Sky:
** Sea:
# nquan = 19                                
# nvalues = 176                         
# units = specified
# name 0 = scan: Scan Count
# name 1 = prDM: Pressure, Digiquartz [db]
# name 2 = t068C: Temperature [ITS-68, deg C]
# name 3 = t168C: Temperature, 2 [ITS-68, deg C]
# name 4 = c0S/m: Conductivity [S/m]
# name 5 = c1S/m: Conductivity, 2 [S/m]
# name 6 = sbeox0V: Oxygen raw, SBE 43 [V]
# name 7 = flECO-AFL: Fluorescence, WET Labs ECO-AFL/FL [mg/m^3]
# name 8 = altM: Altimeter [m]
# name 9 = par: PAR/Irradiance, Biospherical/Licor
# name 10 = spar: SPAR/Surface Irradiance
# name 11 = CStarTr0: Beam Transmission, WET Labs C-Star [%]
# name 12 = sbeox0ML/L: Oxygen, SBE 43 [ml/l], WS = 2
# name 13 = sal00: Salinity, Practical [PSU]
# name 14 = sal11: Salinity, Practical, 2 [PSU]
# name 15 = sigma-t00: Density [sigma-t, Kg/m^3 ]
# name 16 = svCM: Sound Velocity [Chen-Millero, m/s]
# name 17 = avgsvCM: Average Sound Velocity [Chen-Millero, m/s], minP = 1, minS = 5
# name 18 = flag: flag
# span 0 =        243,       4507       
# span 1 =     10.000,    185.000       
# span 2 =     8.3277,    10.3676       
# span 3 =     8.3261,    10.3662       
# span 4 =   3.515651,   3.728951       
# span 5 =   3.512956,   3.730320       
# span 6 =     1.5518,     2.2522       
# span 7 =    -0.0830,    -0.0253       
# span 8 =       7.17,     109.46       
# span 9 = 4.9454e-02, 5.6131e-02       
# span 10 = 0.0000e+00, 0.0000e+00      
# span 11 =    80.4105,    82.2719      
# span 12 =    3.50361,    5.66596      
# span 13 =    32.5177,    34.9376      
# span 14 =    32.5232,    34.9527      
# span 15 =    25.1064,    27.1751      
# span 16 =    1484.91,    1490.04      
# span 17 =    1484.91,    1488.19      
# span 18 = 0.0000e+00, 0.0000e+00      
# interval = decibars: 1                
# start_time = Feb 12 2022 19:09:40 [System UTC, header]
# bad_flag = -9.990e-29
*END*
[from data line 77]
       2175     87.000     8.5782     8.5776   3.651282   3.652569     1.8113    -0.0680      88.51 4.9478e-02 0.0000e+00    82.2452    4.28392    34.7075    34.7217    26.9561    1485.70    1487.39 0.0000e+00
       2200     88.000     8.5719     8.5708   3.651085   3.652327     1.8071    -0.0645      95.32 4.9495e-02 0.0000e+00    82.2360    4.26681    34.7112    34.7254    26.9600    1485.70    1487.37 0.0000e+00
       2225     89.000     8.5618     8.5607   3.650795   3.652045     1.8026    -0.0631      88.12 4.9483e-02 0.0000e+00    82.2434    4.24696    34.7175    34.7319    26.9665    1485.69    1487.35 0.0000e+00
       2250     90.000     8.5506     8.5498   3.650410   3.651666     1.7974    -0.0668      97.83 4.9506e-02 0.0000e+00    82.2498    4.22993    34.7240    34.7381    26.9733    1485.67    1487.33 0.0000e+00
       2275     91.000     8.5395     8.5385   3.650030   3.651290     1.7923    -0.0623      68.40 4.9495e-02 0.0000e+00    82.2396    4.21919    34.7304    34.7447    26.9801    1485.65    1487.31 0.0000e+00
       2299     92.000     8.5322     8.5310   3.649805   3.651045     1.7884    -0.0664      73.94 4.9485e-02 0.0000e+00    82.2436    4.21727    34.7347    34.7491    26.9846    1485.65    1487.29 0.0000e+00
       2323     93.000     8.5292     8.5277   3.649766   3.651025     1.7849    -0.0626      53.55 4.9520e-02 0.0000e+00    82.2305    4.20228    34.7368    34.7516    26.9867    1485.65    1487.28 0.0000e+00
       2347     94.000     8.5260     8.5245   3.649699   3.650939     1.7807    -0.0660      55.97 4.9497e-02 0.0000e+00    82.2551    4.18828    34.7388    34.7534    26.9887    1485.66    1487.26 0.0000e+00
       2372     95.000     8.5213     8.5198   3.649586   3.650830     1.7765    -0.0728      48.65 4.9472e-02 0.0000e+00    82.2303    4.17426    34.7417    34.7564    26.9918    1485.66    1487.24 0.0000e+00
       2397     96.000     8.5193     8.5178   3.649583   3.650819     1.7723    -0.0711      44.41 4.9485e-02 0.0000e+00    82.2521    4.16418    34.7432    34.7577    26.9932    1485.67    1487.23 0.0000e+00
       2421     97.000     8.5127     8.5114   3.649439   3.650680     1.7686    -0.0716      98.18 4.9483e-02 0.0000e+00    82.2350    4.15504    34.7477    34.7621    26.9978    1485.67    1487.21 0.0000e+00
       2445     98.000     8.5063     8.5051   3.649281   3.650528     1.7648    -0.0686      46.65 4.9508e-02 0.0000e+00    82.2413    4.13846    34.7518    34.7662    27.0020    1485.67    1487.19 0.0000e+00
       2469     99.000     8.4948     8.4939   3.649001   3.650249     1.7604    -0.0676      97.79 4.9503e-02 0.0000e+00    82.2533    4.12756    34.7597    34.7738    27.0100    1485.65    1487.18 0.0000e+00
       2493    100.000     8.4880     8.4868   3.648851   3.650096     1.7570    -0.0635      52.25 4.9497e-02 0.0000e+00    82.2346    4.12342    34.7643    34.7787    27.0147    1485.65    1487.16 0.0000e+00
       2518    101.000     8.4821     8.4809   3.648737   3.649987     1.7535    -0.0681      93.45 4.9526e-02 0.0000e+00    82.2719    4.11038    34.7685    34.7829    27.0188    1485.65    1487.15 0.0000e+00
       2542    102.000     8.4759     8.4747   3.648644   3.649889     1.7493    -0.0657      59.06 4.9508e-02 0.0000e+00    82.2600    4.08003    34.7731    34.7875    27.0234    1485.65    1487.13 0.0000e+00
       2565    103.000     8.4706     8.4692   3.648600   3.649846     1.7434    -0.0666      59.35 4.9480e-02 0.0000e+00    82.2471    4.04785    34.7774    34.7920    27.0276    1485.65    1487.12 0.0000e+00
       2589    104.000     8.4644     8.4632   3.648545   3.649788     1.7362    -0.0704      70.23 4.9485e-02 0.0000e+00    82.2306    4.01887    34.7824    34.7968    27.0325    1485.65    1487.10 0.0000e+00
       2613    105.000     8.4601     8.4587   3.648510   3.649754     1.7293    -0.0727      94.39 4.9491e-02 0.0000e+00    82.2330    4.00811    34.7858    34.8004    27.0359    1485.65    1487.09 0.0000e+00
       2637    106.000     8.4548     8.4535   3.648468   3.649717     1.7239    -0.0757      97.69 4.9485e-02 0.0000e+00    82.2415    3.99832    34.7901    34.8047    27.0401    1485.66    1487.08 0.0000e+00
       2661    107.000     8.4520     8.4505   3.648451   3.649700     1.7186    -0.0752      95.18 4.9485e-02 0.0000e+00    82.2397    3.98615    34.7922    34.8070    27.0422    1485.66    1487.06 0.0000e+00
       2685    108.000     8.4442     8.4430   3.648407   3.649659     1.7139    -0.0732      96.12 4.9520e-02 0.0000e+00    82.2618    3.97437    34.7990    34.8135    27.0487    1485.66    1487.05 0.0000e+00
       2709    109.000     8.4368     8.4357   3.648388   3.649645     1.7094    -0.0765      40.68 4.9480e-02 0.0000e+00    82.2440    3.97243    34.8056    34.8201    27.0550    1485.66    1487.04 0.0000e+00
       2733    110.000     8.4308     8.4293   3.648380   3.649633     1.7066    -0.0635      93.38 4.9503e-02 0.0000e+00    82.2640    3.96672    34.8110    34.8258    27.0601    1485.66    1487.03 0.0000e+00
       2758    111.000     8.4218     8.4209   3.648377   3.649639     1.7024    -0.0657      43.34 4.9491e-02 0.0000e+00    82.2307    3.93469    34.8194    34.8337    27.0681    1485.65    1487.01 0.0000e+00
       2782    112.000     8.4159     8.4146   3.648417   3.649672     1.6962    -0.0685      66.74 4.9497e-02 0.0000e+00    82.2408    3.89923    34.8251    34.8398    27.0735    1485.65    1487.00 0.0000e+00
       2806    113.000     8.4133     8.4119   3.648461   3.649707     1.6891    -0.0675      81.41 4.9495e-02 0.0000e+00    82.2421    3.87139    34.8277    34.8423    27.0759    1485.66    1486.99 0.0000e+00
       2830    114.000     8.4089     8.4075   3.648475   3.649730     1.6820    -0.0724      75.61 4.9481e-02 0.0000e+00    82.2051    3.85160    34.8317    34.8464    27.0798    1485.67    1486.98 0.0000e+00
       2854    115.000     8.4068     8.4053   3.648542   3.649785     1.6756    -0.0663      95.98 4.9503e-02 0.0000e+00    82.2206    3.84025    34.8340    34.8487    27.0819    1485.68    1486.97 0.0000e+00
       2877    116.000     8.4013     8.4003   3.648677   3.649931     1.6700    -0.0563      63.68 4.9491e-02 0.0000e+00    82.2369    3.82721    34.8404    34.8547    27.0878    1485.68    1486.96 0.0000e+00
       2901    117.000     8.3962     8.3949   3.648790   3.650043     1.6647    -0.0684      98.84 4.9505e-02 0.0000e+00    82.2303    3.81391    34.8462    34.8608    27.0931    1485.69    1486.94 0.0000e+00
       2925    118.000     8.3917     8.3904   3.648860   3.650114     1.6599    -0.0638      50.35 4.9474e-02 0.0000e+00    82.2456    3.81225    34.8509    34.8655    27.0975    1485.69    1486.93 0.0000e+00
       2948    119.000     8.3888     8.3873   3.648901   3.650155     1.6567    -0.0662      97.89 4.9508e-02 0.0000e+00    82.2326    3.81216    34.8537    34.8685    27.1001    1485.70    1486.92 0.0000e+00
       2972    120.000     8.3826     8.3814   3.648994   3.650254     1.6539    -0.0644      36.63 4.9503e-02 0.0000e+00    82.2298    3.80286    34.8604    34.8750    27.1063    1485.70    1486.91 0.0000e+00
       2996    121.000     8.3758     8.3745   3.649001   3.650252     1.6504    -0.0668      57.08 4.9497e-02 0.0000e+00    82.2368    3.78205    34.8667    34.8813    27.1123    1485.70    1486.90 0.0000e+00
       3020    122.000     8.3735     8.3721   3.649217   3.650476     1.6458    -0.0589      33.14 4.9497e-02 0.0000e+00    82.2204    3.74993    34.8708    34.8856    27.1159    1485.72    1486.89 0.0000e+00
       3044    123.000     8.3682     8.3669   3.649326   3.650580     1.6390    -0.0602      82.11 4.9499e-02 0.0000e+00    82.1906    3.71768    34.8767    34.8913    27.1214    1485.72    1486.88 0.0000e+00
       3068    124.000     8.3624     8.3612   3.649545   3.650800     1.6325    -0.0693      47.07 4.9503e-02 0.0000e+00    82.1784    3.69591    34.8843    34.8989    27.1282    1485.72    1486.87 0.0000e+00
       3092    125.000     8.3597     8.3582   3.649644   3.650908     1.6258    -0.0672      73.57 4.9491e-02 0.0000e+00    82.1759    3.67802    34.8875    34.9025    27.1312    1485.73    1486.87 0.0000e+00
       3116    126.000     8.3557     8.3544   3.649745   3.651006     1.6195 -9.990e-29      56.44 4.9509e-02 0.0000e+00    82.1652    3.66498    34.8921    34.9068    27.1354    1485.74    1486.86 0.0000e+00
       3140    127.000     8.3540     8.3525   3.649823   3.651077     1.6143 -9.990e-29      67.65 4.9497e-02 0.0000e+00    82.1493    3.65531    34.8941    34.9090    27.1372    1485.75    1486.85 0.0000e+00
       3163    128.000     8.3518     8.3504   3.649940   3.651191     1.6093 -9.990e-29      97.36 4.9520e-02 0.0000e+00    82.1341    3.63842    34.8971    34.9118    27.1399    1485.77    1486.84 0.0000e+00
       3187    129.000     8.3492     8.3477   3.650126   3.651394     1.6042 -9.990e-29      88.07 4.9487e-02 0.0000e+00    82.1211    3.62520    34.9012    34.9162    27.1435    1485.78    1486.83 0.0000e+00
       3210    130.000     8.3458     8.3444   3.650330   3.651589     1.5997    -0.0674      36.10 4.9497e-02 0.0000e+00    82.1212    3.61587    34.9062    34.9210    27.1480    1485.79    1486.82 0.0000e+00
       3234    131.000     8.3425     8.3412   3.650507   3.651773     1.5954    -0.0559      55.89 4.9499e-02 0.0000e+00    82.0699    3.59674    34.9109    34.9257    27.1522    1485.80    1486.82 0.0000e+00
       3257    132.000     8.3399     8.3386   3.650663   3.651925     1.5901    -0.0673      46.56 4.9493e-02 0.0000e+00    82.0139    3.58049    34.9147    34.9294    27.1555    1485.81    1486.81 0.0000e+00
       3280    133.000     8.3380     8.3366   3.650789   3.652045     1.5863    -0.0576      59.73 4.9503e-02 0.0000e+00    81.9736    3.58990    34.9174    34.9322    27.1579    1485.82    1486.80 0.0000e+00
       3304    134.000     8.3362     8.3347   3.650909   3.652174     1.5845    -0.0545      72.34 4.9505e-02 0.0000e+00    81.9552    3.60431    34.9200    34.9350    27.1603    1485.83    1486.79 0.0000e+00
       3327    135.000     8.3349     8.3333   3.651014   3.652276     1.5843    -0.0633      74.89 4.9505e-02 0.0000e+00    81.9244    3.61523    34.9219    34.9369    27.1620    1485.85    1486.79 0.0000e+00
       3350    136.000     8.3342     8.3328   3.651097   3.652343     1.5843    -0.0651      90.41 4.9493e-02 0.0000e+00    81.9198    3.61197    34.9230    34.9377    27.1629    1485.86    1486.78 0.0000e+00
       3374    137.000     8.3333     8.3319   3.651174   3.652440     1.5839    -0.0663      31.21 4.9503e-02 0.0000e+00    81.8632    3.61340    34.9242    34.9391    27.1640    1485.88    1486.77 0.0000e+00
       3397    138.000     8.3319     8.3304   3.651280   3.652540     1.5840    -0.0625      71.44 4.9530e-02 0.0000e+00    81.8552    3.61254    34.9263    34.9412    27.1659    1485.89    1486.77 0.0000e+00
       3420    139.000     8.3312     8.3296   3.651356   3.652616     1.5835    -0.0637      58.96 4.9517e-02 0.0000e+00    81.8337    3.61144    34.9273    34.9423    27.1668    1485.91    1486.76 0.0000e+00
       3444    140.000     8.3310     8.3294   3.651430   3.652701     1.5831    -0.0639      62.14 4.9514e-02 0.0000e+00    81.8241    3.60025    34.9278    34.9429    27.1672    1485.92    1486.75 0.0000e+00
       3467    141.000     8.3300     8.3285   3.651543   3.652810     1.5814    -0.0670      16.72 4.9512e-02 0.0000e+00    81.8125    3.59047    34.9295    34.9445    27.1687    1485.94    1486.75 0.0000e+00
       3490    142.000     8.3293     8.3278   3.651627   3.652884     1.5798    -0.0588      64.51 4.9524e-02 0.0000e+00    81.7662    3.58569    34.9306    34.9455    27.1697    1485.95    1486.74 0.0000e+00
       3513    143.000     8.3292     8.3277   3.651696   3.652954     1.5783    -0.0517      65.55 4.9505e-02 0.0000e+00    81.7463    3.58443    34.9310    34.9459    27.1700    1485.97    1486.74 0.0000e+00
       3536    144.000     8.3292     8.3277   3.651745   3.653005     1.5773    -0.0529      92.54 4.9530e-02 0.0000e+00    81.7316    3.58486    34.9310    34.9459    27.1700    1485.99    1486.73 0.0000e+00
       3559    145.000     8.3290     8.3275   3.651826   3.653079     1.5762    -0.0638      82.03 4.9511e-02 0.0000e+00    81.7038    3.58570    34.9316    34.9464    27.1705    1486.00    1486.73 0.0000e+00
       3582    146.000     8.3283     8.3268   3.651919   3.653177     1.5758    -0.0667      61.73 4.9506e-02 0.0000e+00    81.6845    3.58343    34.9328    34.9477    27.1715    1486.02    1486.72 0.0000e+00
       3605    147.000     8.3280     8.3264   3.651998   3.653255     1.5749    -0.0548      60.06 4.9517e-02 0.0000e+00    81.6514    3.58593    34.9335    34.9484    27.1721    1486.03    1486.72 0.0000e+00
       3628    148.000     8.3279     8.3263   3.652060   3.653314     1.5751 -9.990e-29      44.18 4.9469e-02 0.0000e+00    81.6064    3.58908    34.9337    34.9487    27.1723    1486.05    1486.71 0.0000e+00
       3651    149.000     8.3278     8.3262   3.652122   3.653386     1.5748 -9.990e-29      42.95 4.9512e-02 0.0000e+00    81.5489    3.58957    34.9340    34.9491    27.1726    1486.07    1486.71 0.0000e+00
       3674    150.000     8.3277     8.3261   3.652180   3.653450     1.5749 -9.990e-29      27.29 4.9499e-02 0.0000e+00    81.5246    3.58853    34.9343    34.9494    27.1728    1486.08    1486.70 0.0000e+00
       3697    151.000     8.3278     8.3262   3.652238   3.653495     1.5744 -9.990e-29      26.21 4.9497e-02 0.0000e+00    81.4767    3.58537    34.9343    34.9493    27.1728    1486.10    1486.70 0.0000e+00
       3721    152.000     8.3278     8.3262   3.652288   3.653551     1.5742 -9.990e-29      39.35 4.9481e-02 0.0000e+00    81.4236    3.58830    34.9343    34.9494    27.1728    1486.12    1486.70 0.0000e+00
       3744    153.000     8.3278     8.3263   3.652342   3.653606     1.5742 -9.990e-29      39.04 4.9503e-02 0.0000e+00    81.4022    3.58866    34.9344    34.9494    27.1729    1486.13    1486.69 0.0000e+00
       3768    154.000     8.3279     8.3263   3.652401   3.653664     1.5739 -9.990e-29      37.61 4.9512e-02 0.0000e+00    81.4201    3.58460    34.9345    34.9495    27.1729    1486.15    1486.69 0.0000e+00
       3792    155.000     8.3279     8.3265   3.652457   3.653720     1.5734 -9.990e-29      37.05 4.9503e-02 0.0000e+00    81.3962    3.58611    34.9346    34.9494    27.1730    1486.17    1486.69 0.0000e+00
       3816    156.000     8.3280     8.3264   3.652524   3.653779     1.5735 -9.990e-29      36.21 4.9509e-02 0.0000e+00    81.3845    3.59076    34.9347    34.9497    27.1731    1486.18    1486.68 0.0000e+00
       3839    157.000     8.3280     8.3264   3.652587   3.653850     1.5738 -9.990e-29      35.19 4.9485e-02 0.0000e+00    81.3885    3.58794    34.9349    34.9500    27.1732    1486.20    1486.68 0.0000e+00
       3863    158.000     8.3280     8.3265   3.652646   3.653900     1.5731 -9.990e-29      34.48 4.9518e-02 0.0000e+00    81.3647    3.58440    34.9351    34.9499    27.1733    1486.22    1486.68 0.0000e+00
       3887    159.000     8.3278     8.3262   3.652702   3.653961     1.5729 -9.990e-29      33.33 4.9532e-02 0.0000e+00    81.3246    3.58400    34.9354    34.9504    27.1736    1486.23    1486.67 0.0000e+00
       3910    160.000     8.3277     8.3262   3.652761   3.654035     1.5724    -0.0461      31.93 4.9511e-02 0.0000e+00    81.3345    3.58355    34.9356    34.9507    27.1738    1486.25    1486.67 0.0000e+00
       3933    161.000     8.3278     8.3262   3.652823   3.654088     1.5721    -0.0481      30.89 4.9491e-02 0.0000e+00    81.3235    3.58241    34.9357    34.9508    27.1739    1486.27    1486.67 0.0000e+00
