_data/ctd/2022603/sta0165.cnv
* Sea-Bird SBE 9 Data File:
* FileName = C:\Seabird\CTDData\sta0165.hex
* Software Version Seasave V 7.21f
* Temperature SN = 6264
* Conductivity SN = 4928
* Number of Bytes Per Scan = 40
* Number of Voltage Words = 5
* Number of Scans Averaged by the Deck Unit = 1
* NMEA Latitude = 60 52.50 N
* NMEA Longitude = 005 25.79 E
* NMEA UTC (Time) = Feb 12 2022 17:24:18
* NMEA baud rate = 4800
** Ship: R/V "Kristine Bonnevie"
** Station: 0165
** Echodepth: 446
** Log: 0493.412
** Wind-Dir/Force: 19 18
** Air-temp (dry): 6.7
** Weather Sky:
** Sea:
# nquan = 19                                
# nvalues = 204                         
# units = specified
# name 0 = scan: Scan Count
# name 1 = prDM: Pressure, Digiquartz [db]
# name 2 = t068C: Temperature [ITS-68, deg C]
# name 3 = t168C: Temperature, 2 [ITS-68, deg C]
# name 4 = c0S/m: Conductivity [S/m]
# name 5 = c1S/m: Conductivity, 2 [S/m]
# name 6 = sbeox0V: Oxygen raw, SBE 43 [V]
# name 7 = flECO-AFL: Fluorescence, WET Labs ECO-AFL/FL [mg/m^3]
# name 8 = altM: Altimeter [m]
# name 9 = par: PAR/Irradiance, Biospherical/Licor
# name 10 = spar: SPAR/Surface Irradiance
# name 11 = CStarTr0: Beam Transmission, WET Labs C-Star [%]
# name 12 = sbeox0ML/L: Oxygen, SBE 43 [ml/l], WS = 2
# name 13 = sal00: Salinity, Practical [PSU]
# name 14 = sal11: Salinity, Practical, 2 [PSU]
# name 15 = sigma-t00: Density [sigma-t, Kg/m^3 ]
# name 16 = svCM: Sound Velocity [Chen-Millero, m/s]
# name 17 = avgsvCM: Average Sound Velocity [Chen-Millero, m/s], minP = 1, minS = 5
# name 18 = flag: flag
# span 0 =        470,       5302       
# span 1 =      9.000,    212.000       
# span 2 =     8.3228,    10.0417       
# span 3 =     8.3213,    10.0470       
# span 4 =   3.367800,   3.725433       
# span 5 =   3.370534,   3.726822       
# span 6 =     1.6425,     2.3653       
# span 7 =    -0.0798,     0.0708       
# span 8 =      26.12,     100.15       
# span 9 = 4.9439e-02, 6.5818e-02       
# span 10 = 0.0000e+00, 0.0000e+00      
# span 11 =    81.5706,    82.3766      
# span 12 =    3.82273,    6.19116      
# span 13 =    31.8909,    34.9447      
# span 14 =    31.9170,    34.9599      
# span 15 =    24.7701,    27.1815      
# span 16 =    1480.41,    1489.41      
# span 17 =    1480.41,    1486.16      
# span 18 = 0.0000e+00, 0.0000e+00      
# interval = decibars: 1                
# start_time = Feb 12 2022 17:24:20 [System UTC, header]
# bad_flag = -9.990e-29
*END*
[from data line 153]
       4072    162.000     8.3256     8.3241   3.652763   3.654034     1.6441    -0.0647      98.33 4.9527e-02 0.0000e+00    82.1043    3.82415    34.9368    34.9518    27.1751    1486.28    1485.99 0.0000e+00
       4094    163.000     8.3256     8.3240   3.652832   3.654099     1.6441    -0.0641      46.84 4.9509e-02 0.0000e+00    82.1172    3.82702    34.9370    34.9521    27.1753    1486.29    1485.99 0.0000e+00
       4116    164.000     8.3255     8.3240   3.652882   3.654154     1.6438    -0.0637      98.41 4.9512e-02 0.0000e+00    82.1097    3.82413    34.9372    34.9522    27.1754    1486.31    1485.99 0.0000e+00
       4138    165.000     8.3254     8.3239   3.652958   3.654224     1.6438    -0.0594      46.53 4.9483e-02 0.0000e+00    82.1144    3.82429    34.9376    34.9526    27.1757    1486.33    1486.00 0.0000e+00
       4159    166.000     8.3254     8.3238   3.653018   3.654282     1.6431    -0.0499      72.78 4.9521e-02 0.0000e+00    82.1197    3.82273    34.9378    34.9528    27.1759    1486.34    1486.00 0.0000e+00
       4181    167.000     8.3253     8.3237   3.653086   3.654360     1.6433    -0.0671      51.02 4.9509e-02 0.0000e+00    82.1344    3.82752    34.9381    34.9533    27.1761    1486.36    1486.00 0.0000e+00
       4204    168.000     8.3253     8.3237   3.653147   3.654415     1.6432    -0.0661      98.84 4.9527e-02 0.0000e+00    82.1252    3.82331    34.9383    34.9534    27.1763    1486.37    1486.00 0.0000e+00
       4225    169.000     8.3251     8.3237   3.653203   3.654479     1.6429    -0.0655      66.25 4.9509e-02 0.0000e+00    82.1129    3.82399    34.9386    34.9536    27.1766    1486.39    1486.00 0.0000e+00
       4248    170.000     8.3251     8.3235   3.653274   3.654532     1.6427    -0.0642      98.81 4.9502e-02 0.0000e+00    82.0659    3.82575    34.9389    34.9539    27.1768    1486.41    1486.01 0.0000e+00
       4270    171.000     8.3249     8.3234   3.653316   3.654593     1.6426    -0.0649      63.84 4.9521e-02 0.0000e+00    82.0648    3.82452    34.9390    34.9541    27.1769    1486.42    1486.01 0.0000e+00
       4292    172.000     8.3249     8.3233   3.653363   3.654641     1.6425    -0.0696      97.58 4.9493e-02 0.0000e+00    82.0661    3.82714    34.9390    34.9542    27.1769    1486.44    1486.01 0.0000e+00
       4314    173.000     8.3248     8.3233   3.653420   3.654690     1.6429    -0.0506      61.74 4.9496e-02 0.0000e+00    82.0984    3.83174    34.9393    34.9543    27.1771    1486.46    1486.01 0.0000e+00
       4336    174.000     8.3248     8.3233   3.653482   3.654744     1.6430    -0.0640      95.27 4.9496e-02 0.0000e+00    82.1265    3.83261    34.9395    34.9544    27.1773    1486.47    1486.02 0.0000e+00
       4358    175.000     8.3249     8.3233   3.653548   3.654801     1.6433    -0.0644      62.10 4.9496e-02 0.0000e+00    82.1277    3.83579    34.9396    34.9545    27.1774    1486.49    1486.02 0.0000e+00
       4381    176.000     8.3252     8.3236   3.653621   3.654891     1.6439    -0.0614      94.34 4.9527e-02 0.0000e+00    82.1418    3.83767    34.9396    34.9547    27.1773    1486.51    1486.02 0.0000e+00
       4403    177.000     8.3250     8.3235   3.653684   3.654944     1.6442    -0.0661      66.28 4.9489e-02 0.0000e+00    82.1418    3.83857    34.9400    34.9549    27.1776    1486.52    1486.03 0.0000e+00
       4425    178.000     8.3250     8.3234   3.653720   3.654990     1.6444    -0.0672      90.99 4.9493e-02 0.0000e+00    82.1469    3.83805    34.9399    34.9550    27.1776    1486.54    1486.03 0.0000e+00
       4447    179.000     8.3250     8.3235   3.653785   3.655059     1.6447    -0.0670      72.29 4.9521e-02 0.0000e+00    82.1390    3.83810    34.9401    34.9551    27.1777    1486.56    1486.03 0.0000e+00
       4470    180.000     8.3250     8.3235   3.653856   3.655123     1.6446    -0.0737      55.60 4.9489e-02 0.0000e+00    82.1554    3.83640    34.9404    34.9553    27.1780    1486.57    1486.03 0.0000e+00
       4492    181.000     8.3249     8.3233   3.653913   3.655180     1.6445    -0.0701      72.98 4.9496e-02 0.0000e+00    82.0797    3.83868    34.9406    34.9557    27.1781    1486.59    1486.04 0.0000e+00
       4514    182.000     8.3253     8.3237   3.654013   3.655285     1.6447 -9.990e-29      87.35 4.9509e-02 0.0000e+00    82.1039    3.84410    34.9408    34.9559    27.1782    1486.61    1486.04 0.0000e+00
       4536    183.000     8.3253     8.3238   3.654094   3.655362     1.6454 -9.990e-29      76.64 4.9499e-02 0.0000e+00    82.1765    3.84442    34.9411    34.9561    27.1785    1486.63    1486.04 0.0000e+00
       4558    184.000     8.3253     8.3238   3.654156   3.655424     1.6453 -9.990e-29      82.50 4.9477e-02 0.0000e+00    82.1611    3.84036    34.9413    34.9563    27.1787    1486.64    1486.05 0.0000e+00
       4580    185.000     8.3252     8.3237   3.654210   3.655477     1.6450 -9.990e-29      68.23 4.9496e-02 0.0000e+00    82.1992    3.83714    34.9415    34.9565    27.1788    1486.66    1486.05 0.0000e+00
       4602    186.000     8.3251     8.3236   3.654258   3.655530     1.6446    -0.0692      89.27 4.9471e-02 0.0000e+00    82.2022    3.83271    34.9417    34.9567    27.1790    1486.67    1486.05 0.0000e+00
       4625    187.000     8.3249     8.3234   3.654295   3.655565     1.6438    -0.0641      98.79 4.9511e-02 0.0000e+00    82.2024    3.83131    34.9418    34.9568    27.1791    1486.69    1486.06 0.0000e+00
       4647    188.000     8.3249     8.3234   3.654354   3.655627     1.6434    -0.0674      93.14 4.9515e-02 0.0000e+00    82.2129    3.83372    34.9419    34.9570    27.1792    1486.71    1486.06 0.0000e+00
       4670    189.000     8.3248     8.3233   3.654411   3.655678     1.6431    -0.0676      98.78 4.9515e-02 0.0000e+00    82.2308    3.83718    34.9421    34.9571    27.1794    1486.72    1486.06 0.0000e+00
       4692    190.000     8.3246     8.3231   3.654437   3.655710     1.6436    -0.0652      94.03 4.9505e-02 0.0000e+00    82.2257    3.84612    34.9421    34.9572    27.1794    1486.74    1486.07 0.0000e+00
       4714    191.000     8.3241     8.3226   3.654464   3.655732     1.6443    -0.0647      34.39 4.9490e-02 0.0000e+00    82.2314    3.85041    34.9424    34.9574    27.1797    1486.75    1486.07 0.0000e+00
       4737    192.000     8.3242     8.3227   3.654532   3.655806     1.6450    -0.0682      65.62 4.9496e-02 0.0000e+00    82.2381    3.85354    34.9426    34.9576    27.1798    1486.77    1486.08 0.0000e+00
       4759    193.000     8.3244     8.3229   3.654599   3.655867     1.6458    -0.0707      99.01 4.9518e-02 0.0000e+00    82.2358    3.86123    34.9426    34.9576    27.1798    1486.79    1486.08 0.0000e+00
       4781    194.000     8.3245     8.3230   3.654657   3.655930     1.6474    -0.0601      98.21 4.9515e-02 0.0000e+00    82.2273    3.87282    34.9427    34.9577    27.1798    1486.81    1486.08 0.0000e+00
       4804    195.000     8.3244     8.3229   3.654709   3.655977     1.6490    -0.0642      53.85 4.9515e-02 0.0000e+00    82.2141    3.87542    34.9428    34.9578    27.1800    1486.82    1486.09 0.0000e+00
       4826    196.000     8.3243     8.3228   3.654760   3.656045     1.6499    -0.0614      98.85 4.9512e-02 0.0000e+00    82.2254    3.87363    34.9430    34.9582    27.1801    1486.84    1486.09 0.0000e+00
       4848    197.000     8.3243     8.3228   3.654818   3.656088     1.6508    -0.0610      43.09 4.9502e-02 0.0000e+00    82.2129    3.87578    34.9431    34.9581    27.1802    1486.85    1486.09 0.0000e+00
       4870    198.000     8.3241     8.3227   3.654863   3.656131     1.6517    -0.0637      98.04 4.9521e-02 0.0000e+00    82.2348    3.87878    34.9433    34.9582    27.1804    1486.87    1486.10 0.0000e+00
       4893    199.000     8.3241     8.3226   3.654910   3.656184     1.6522    -0.0605      42.73 4.9470e-02 0.0000e+00    82.2046    3.87989    34.9433    34.9584    27.1804    1486.89    1486.10 0.0000e+00
       4915    200.000     8.3239     8.3224   3.654949   3.656222     1.6530    -0.0673      99.82 4.9541e-02 0.0000e+00    82.2254    3.88575    34.9435    34.9585    27.1806    1486.90    1486.11 0.0000e+00
       4937    201.000     8.3238     8.3223   3.654998   3.656266     1.6539    -0.0630      44.54 4.9481e-02 0.0000e+00    82.1994    3.88797    34.9436    34.9586    27.1807    1486.92    1486.11 0.0000e+00
       4960    202.000     8.3236     8.3222   3.655038   3.656306     1.6545    -0.0677      96.56 4.9502e-02 0.0000e+00    82.2017    3.89030    34.9438    34.9587    27.1808    1486.93    1486.11 0.0000e+00
       4982    203.000     8.3233     8.3218   3.655052   3.656316     1.6556    -0.0634      47.33 4.9518e-02 0.0000e+00    82.1971    3.90200    34.9437    34.9587    27.1809    1486.95    1486.12 0.0000e+00
       5005    204.000     8.3232     8.3216   3.655093   3.656355     1.6571    -0.0559      86.25 4.9512e-02 0.0000e+00    82.1991    3.90424    34.9438    34.9588    27.1809    1486.97    1486.12 0.0000e+00
       5028    205.000     8.3230     8.3215   3.655128   3.656396     1.6581    -0.0637      55.88 4.9500e-02 0.0000e+00    82.1922    3.91324    34.9439    34.9589    27.1810    1486.98    1486.13 0.0000e+00
       5050    206.000     8.3229     8.3214   3.655176   3.656439     1.6600    -0.0641      51.72 4.9464e-02 0.0000e+00    82.1735    3.92519    34.9440    34.9589    27.1811    1487.00    1486.13 0.0000e+00
       5073    207.000     8.3228     8.3213   3.655221   3.656490     1.6621    -0.0683      52.47 4.9502e-02 0.0000e+00    82.1698    3.93482    34.9441    34.9591    27.1812    1487.01    1486.13 0.0000e+00
       5095    208.000     8.3230     8.3215   3.655303   3.656581     1.6643    -0.0660      67.98 4.9512e-02 0.0000e+00    82.1418    3.93787    34.9443    34.9594    27.1814    1487.03    1486.14 0.0000e+00
       5130    209.000     8.3230     8.3213   3.655336   3.656611     1.6669    -0.0672      77.69 4.9502e-02 0.0000e+00    82.1310    3.94616    34.9442    34.9594    27.1813    1487.05    1486.14 0.0000e+00
       5182    210.000     8.3230     8.3213   3.655398   3.656670     1.6699    -0.0684      87.95 4.9493e-02 0.0000e+00    82.1124    3.94860    34.9444    34.9596    27.1814    1487.06    1486.15 0.0000e+00
       5237    211.000     8.3239     8.3222   3.655539   3.656819     1.6721    -0.0581      85.56 4.9511e-02 0.0000e+00    82.1201    3.95192    34.9445    34.9598    27.1814    1487.08    1486.15 0.0000e+00
       5302    212.000     8.3241     8.3224   3.655625   3.656894     1.6708    -0.0666      83.78 4.9499e-02 0.0000e+00    82.1352    3.92524    34.9447    34.9599    27.1815    1487.10    1486.16 0.0000e+00
