_data/ctd/2022603/sta0147.cnv
* Sea-Bird SBE 9 Data File:
* FileName = C:\Seabird\CTDData\sta0147.hex
* Software Version Seasave V 7.21f
* Temperature SN = 6264
* Conductivity SN = 4928
* Number of Bytes Per Scan = 40
* Number of Voltage Words = 5
* Number of Scans Averaged by the Deck Unit = 1
* NMEA Latitude = 60 25.78 N
* NMEA Longitude = 005 15.88 E
* NMEA UTC (Time) = Feb 05 2022 13:38:24
* NMEA baud rate = 4800
** Ship: R/V "Kristine Bonnevie"
** Station: 0147
** Echodepth: 302
** Log: 9936.80
** Wind-Dir/Force: 15 22
** Air-temp (dry): 2.9
** Weather Sky:
** Sea:
# nquan = 19                                
# nvalues = 313                         
# units = specified
# name 0 = scan: Scan Count
# name 1 = prDM: Pressure, Digiquartz [db]
# name 2 = t068C: Temperature [ITS-68, deg C]
# name 3 = t168C: Temperature, 2 [ITS-68, deg C]
# name 4 = c0S/m: Conductivity [S/m]
# name 5 = c1S/m: Conductivity, 2 [S/m]
# name 6 = sbeox0V: Oxygen raw, SBE 43 [V]
# name 7 = flECO-AFL: Fluorescence, WET Labs ECO-AFL/FL [mg/m^3]
# name 8 = altM: Altimeter [m]
# name 9 = par: PAR/Irradiance, Biospherical/Licor
# name 10 = spar: SPAR/Surface Irradiance
# name 11 = CStarTr0: Beam Transmission, WET Labs C-Star [%]
# name 12 = sbeox0ML/L: Oxygen, SBE 43 [ml/l], WS = 2
# name 13 = sal00: Salinity, Practical [PSU]
# name 14 = sal11: Salinity, Practical, 2 [PSU]
# name 15 = sigma-t00: Density [sigma-t, Kg/m^3 ]
# name 16 = svCM: Sound Velocity [Chen-Millero, m/s]
# name 17 = avgsvCM: Average Sound Velocity [Chen-Millero, m/s], minP = 1, minS = 5
# name 18 = flag: flag
# span 0 =        234,       7842       
# span 1 =      2.000,    314.000       
# span 2 =     5.8298,    10.0494       
# span 3 =     5.8357,    10.0479       
# span 4 =   2.585589,   3.716808       
# span 5 =   2.591114,   3.718664       
# span 6 =     1.7786,     2.4375       
# span 7 =    -0.0892,     0.2181       
# span 8 =       8.23,      99.04       
# span 9 = 4.8803e-02, 1.1785e+01       
# span 10 = 2.1984e+01, 2.5989e+01      
# span 11 =    73.4497,    81.1941      
# span 12 =    4.38248,    7.11877      
# span 13 =    25.6910,    34.8524      
# span 14 =    25.7469,    34.8711      
# span 15 =    20.2241,    27.1475      
# span 16 =    1462.35,    1489.37      
# span 17 =    1462.35,    1486.01      
# span 18 = 0.0000e+00, 0.0000e+00      
# interval = decibars: 1                
# start_time = Feb 05 2022 13:38:26 [System UTC, header]
# bad_flag = -9.990e-29
*END*
[from data line 229]
       5335    231.000     8.1027     8.1016   3.625172   3.626808     1.8223 -9.990e-29      98.80 4.9512e-02 2.3984e+01    80.7373    4.48807    34.8302    34.8488    27.1254    1486.44    1485.63 0.0000e+00
       5357    232.000     8.1025     8.1012   3.625212   3.626843     1.8225 -9.990e-29      98.80 4.9489e-02 2.3984e+01    80.7462    4.49074    34.8304    34.8491    27.1255    1486.46    1485.63 0.0000e+00
       5379    233.000     8.1017     8.1004   3.625239   3.626867     1.8227 -9.990e-29      98.80 4.9496e-02 2.3984e+01    80.7779    4.48760    34.8310    34.8497    27.1261    1486.47    1485.64 0.0000e+00
       5401    234.000     8.1014     8.1000   3.625281   3.626914     1.8223    -0.0627      98.80 7.4081e-02 2.3984e+01    80.7245    4.48676    34.8313    34.8501    27.1264    1486.49    1485.64 0.0000e+00
       5423    235.000     8.1014     8.1002   3.625338   3.626976     1.8224    -0.0697      98.80 4.9541e-02 2.3984e+01    80.7494    4.49068    34.8314    34.8501    27.1265    1486.50    1485.64 0.0000e+00
       5446    236.000     8.1016     8.1004   3.625400   3.627021     1.8224    -0.0822      98.80 4.9502e-02 2.3984e+01    80.7420    4.49065    34.8314    34.8499    27.1264    1486.52    1485.65 0.0000e+00
       5467    237.000     8.1012     8.0999   3.625441   3.627066     1.8223    -0.0587      98.80 4.9492e-02 2.3984e+01    80.7167    4.48777    34.8317    34.8504    27.1268    1486.54    1485.65 0.0000e+00
       5488    238.000     8.1005     8.0992   3.625462   3.627087     1.8220    -0.0576      98.80 4.9483e-02 2.3984e+01    80.7111    4.49033    34.8322    34.8508    27.1272    1486.55    1485.66 0.0000e+00
       5510    239.000     8.0998     8.0988   3.625483   3.627118     1.8225    -0.0681      98.80 4.9477e-02 2.3984e+01    80.7026    4.49510    34.8326    34.8511    27.1277    1486.57    1485.66 0.0000e+00
       5532    240.000     8.0991     8.0979   3.625506   3.627136     1.8224 -9.990e-29      98.80 4.9502e-02 2.3984e+01    80.6795    4.49193    34.8331    34.8517    27.1281    1486.58    1485.66 0.0000e+00
       5554    241.000     8.0988     8.0976   3.625547   3.627185     1.8222 -9.990e-29      98.80 4.9496e-02 2.3984e+01    80.6342    4.48924    34.8333    34.8520    27.1284    1486.60    1485.67 0.0000e+00
       5576    242.000     8.0983     8.0970   3.625578   3.627204     1.8220 -9.990e-29      98.80 4.9465e-02 2.3984e+01    80.5857    4.49105    34.8337    34.8524    27.1287    1486.61    1485.67 0.0000e+00
       5598    243.000     8.0975     8.0963   3.625584   3.627218     1.8219 -9.990e-29      98.80 4.9485e-02 2.3984e+01    80.6824    4.49183    34.8341    34.8527    27.1292    1486.62    1485.68 0.0000e+00
       5619    244.000     8.0967     8.0955   3.625604   3.627236     1.8218 -9.990e-29      98.80 4.9479e-02 2.3984e+01    80.6658    4.49159    34.8346    34.8532    27.1297    1486.64    1485.68 0.0000e+00
       5640    245.000     8.0945     8.0934   3.625559   3.627187     1.8215 -9.990e-29      98.80 4.9489e-02 2.3984e+01    80.6508    4.48904    34.8358    34.8543    27.1310    1486.65    1485.68 0.0000e+00
       5662    246.000     8.0930     8.0918   3.625546   3.627173     1.8213 -9.990e-29      98.80 4.9472e-02 2.3984e+01    80.6392    4.49279    34.8367    34.8553    27.1319    1486.66    1485.69 0.0000e+00
       5683    247.000     8.0911     8.0897   3.625525   3.627159     1.8213 -9.990e-29      98.80 4.9514e-02 2.3984e+01    80.6474    4.49292    34.8379    34.8567    27.1331    1486.67    1485.69 0.0000e+00
       5705    248.000     8.0886     8.0876   3.625494   3.627128     1.8212    -0.0621      98.80 4.9502e-02 2.3984e+01    80.6855    4.49213    34.8395    34.8580    27.1348    1486.68    1485.70 0.0000e+00
       5727    249.000     8.0877     8.0866   3.625519   3.627152     1.8210    -0.0892      98.80 4.9472e-02 2.3984e+01    80.6809    4.49059    34.8402    34.8588    27.1355    1486.69    1485.70 0.0000e+00
       5748    250.000     8.0866     8.0854   3.625537   3.627175     1.8207    -0.0613      98.80 4.9492e-02 2.3984e+01    80.6449    4.48867    34.8410    34.8597    27.1363    1486.71    1485.70 0.0000e+00
       5770    251.000     8.0862     8.0850   3.625585   3.627217     1.8201    -0.0766      98.80 4.9490e-02 2.3984e+01    80.6842    4.48428    34.8414    34.8601    27.1367    1486.72    1485.71 0.0000e+00
       5791    252.000     8.0849     8.0837   3.625581   3.627220     1.8194    -0.0761      98.80 4.9499e-02 2.3984e+01    80.6804    4.48398    34.8422    34.8609    27.1375    1486.74    1485.71 0.0000e+00
       5812    253.000     8.0822     8.0813   3.625558   3.627192     1.8191    -0.0588      98.80 4.9521e-02 2.3984e+01    80.6767    4.48566    34.8442    34.8625    27.1394    1486.74    1485.72 0.0000e+00
       5834    254.000     8.0815     8.0804   3.625585   3.627223     1.8186    -0.0618      98.80 4.9492e-02 2.3984e+01    80.6852    4.48553    34.8447    34.8633    27.1399    1486.76    1485.72 0.0000e+00
       5855    255.000     8.0802     8.0789   3.625576   3.627208     1.8185    -0.0875      98.80 4.9492e-02 2.3984e+01    80.6640    4.48528    34.8454    34.8641    27.1407    1486.77    1485.72 0.0000e+00
       5876    256.000     8.0796     8.0782   3.625600   3.627227     1.8179    -0.0707      98.80 4.9512e-02 2.3984e+01    80.6913    4.47705    34.8457    34.8646    27.1410    1486.79    1485.73 0.0000e+00
       5897    257.000     8.0787     8.0773   3.625618   3.627246     1.8168    -0.0719      98.80 4.9499e-02 2.3984e+01    80.7261    4.47040    34.8464    34.8652    27.1417    1486.80    1485.73 0.0000e+00
       5918    258.000     8.0785     8.0772   3.625665   3.627300     1.8154    -0.0849      98.80 4.9512e-02 2.3984e+01    80.7226    4.46270    34.8466    34.8654    27.1419    1486.82    1485.74 0.0000e+00
       5939    259.000     8.0785     8.0772   3.625715   3.627347     1.8140    -0.0571      98.80 4.9492e-02 2.3984e+01    80.6914    4.46134    34.8466    34.8654    27.1419    1486.83    1485.74 0.0000e+00
       5960    260.000     8.0786     8.0773   3.625768   3.627395     1.8129    -0.0573      98.80 4.9492e-02 2.3984e+01    80.6804    4.45897    34.8466    34.8653    27.1419    1486.85    1485.74 0.0000e+00
       5981    261.000     8.0780     8.0767   3.625805   3.627424     1.8117    -0.0573      98.80 4.9483e-02 2.3984e+01    80.6471    4.45567    34.8471    34.8658    27.1424    1486.86    1485.75 0.0000e+00
       6003    262.000     8.0775     8.0764   3.625843   3.627468     1.8106    -0.0634      98.80 4.9545e-02 2.3984e+01    80.6568    4.45194    34.8476    34.8660    27.1428    1486.88    1485.75 0.0000e+00
       6024    263.000     8.0776     8.0764   3.625905   3.627530     1.8095 -9.990e-29      98.80 4.9498e-02 2.3984e+01    80.7021    4.45501    34.8476    34.8662    27.1428    1486.90    1485.76 0.0000e+00
       6045    264.000     8.0776     8.0764   3.625950   3.627583     1.8090 -9.990e-29      98.80 4.9496e-02 2.3984e+01    80.7106    4.45489    34.8476    34.8663    27.1428    1486.91    1485.76 0.0000e+00
       6067    265.000     8.0774     8.0763   3.625991   3.627637     1.8082 -9.990e-29      98.80 4.9485e-02 2.3984e+01    80.6797    4.45378    34.8478    34.8665    27.1430    1486.93    1485.77 0.0000e+00
       6088    266.000     8.0770     8.0759   3.626026   3.627670     1.8079 -9.990e-29      98.80 4.9485e-02 2.3984e+01    80.6832    4.45324    34.8481    34.8668    27.1433    1486.94    1485.77 0.0000e+00
       6110    267.000     8.0761     8.0749   3.626031   3.627669     1.8071 -9.990e-29      98.80 4.9487e-02 2.3984e+01    80.6807    4.44995    34.8486    34.8673    27.1438    1486.96    1485.78 0.0000e+00
       6132    268.000     8.0758     8.0746   3.626067   3.627694     1.8066 -9.990e-29      98.80 4.9502e-02 2.3984e+01    80.6788    4.44819    34.8488    34.8674    27.1440    1486.97    1485.78 0.0000e+00
       6153    269.000     8.0760     8.0748   3.626131   3.627770     1.8056 -9.990e-29      98.80 4.9488e-02 2.3984e+01    80.6798    4.44378    34.8488    34.8675    27.1440    1486.99    1485.78 0.0000e+00
       6174    270.000     8.0762     8.0748   3.626189   3.627824     1.8049 -9.990e-29      98.80 4.9532e-02 2.3984e+01    80.6767    4.44196    34.8487    34.8676    27.1439    1487.01    1485.79 0.0000e+00
       6195    271.000     8.0761     8.0748   3.626221   3.627863     1.8039 -9.990e-29      98.80 4.9540e-02 2.3434e+01    80.6460    4.43696    34.8487    34.8675    27.1439    1487.02    1485.79 0.0000e+00
       6218    272.000     8.0758     8.0745   3.626257   3.627895     1.8031 -9.990e-29      98.80 4.9483e-02 2.1984e+01    80.6369    4.43804    34.8489    34.8677    27.1441    1487.04    1485.80 0.0000e+00
       6240    273.000     8.0756     8.0744   3.626296   3.627933     1.8021 -9.990e-29      98.80 4.9522e-02 2.1985e+01    80.6828    4.43596    34.8490    34.8677    27.1442    1487.05    1485.80 0.0000e+00
       6261    274.000     8.0757     8.0747   3.626354   3.627998     1.8016 -9.990e-29      98.80 4.9509e-02 2.1985e+01    80.6586    4.43565    34.8491    34.8676    27.1442    1487.07    1485.81 0.0000e+00
       6282    275.000     8.0766     8.0754   3.626451   3.628086     1.8009 -9.990e-29      84.70 4.9502e-02 2.1985e+01    80.6635    4.43651    34.8487    34.8674    27.1438    1487.09    1485.81 0.0000e+00
       6304    276.000     8.0768     8.0757   3.626498   3.628145     1.8009 -9.990e-29      59.86 4.9534e-02 2.1985e+01    80.6717    4.43996    34.8485    34.8673    27.1437    1487.11    1485.82 0.0000e+00
       6326    277.000     8.0765     8.0753   3.626530   3.628157     1.8004 -9.990e-29      98.69 4.9493e-02 2.1985e+01    80.6695    4.43261    34.8487    34.8673    27.1438    1487.12    1485.82 0.0000e+00
       6348    278.000     8.0762     8.0749   3.626549   3.628184     1.7995 -9.990e-29      74.68 4.9505e-02 2.1985e+01    80.6420    4.43318    34.8487    34.8675    27.1439    1487.14    1485.83 0.0000e+00
       6369    279.000     8.0760     8.0748   3.626588   3.628220     1.7996 -9.990e-29      41.74 4.9485e-02 2.1985e+01    80.6595    4.44093    34.8489    34.8675    27.1440    1487.15    1485.83 0.0000e+00
       6390    280.000     8.0760     8.0748   3.626642   3.628284     1.7995 -9.990e-29      41.05 4.9479e-02 2.1985e+01    80.6039    4.43560    34.8490    34.8677    27.1441    1487.17    1485.84 0.0000e+00
       6412    281.000     8.0761     8.0747   3.626689   3.628323     1.7990 -9.990e-29      40.62 4.9515e-02 2.1985e+01    80.6372    4.43020    34.8489    34.8678    27.1440    1487.19    1485.84 0.0000e+00
       6434    282.000     8.0761     8.0748   3.626735   3.628370     1.7983 -9.990e-29      39.36 4.9512e-02 2.1985e+01    80.5983    4.43038    34.8489    34.8677    27.1440    1487.20    1485.84 0.0000e+00
       6457    283.000     8.0759     8.0747   3.626778   3.628401     1.7978 -9.990e-29      38.37 4.9496e-02 2.1985e+01    80.5462    4.42840    34.8491    34.8676    27.1442    1487.22    1485.85 0.0000e+00
       6479    284.000     8.0757     8.0743   3.626815   3.628436     1.7972 -9.990e-29      37.65 4.9535e-02 2.1985e+01    80.5600    4.42974    34.8492    34.8679    27.1443    1487.24    1485.85 0.0000e+00
       6500    285.000     8.0753     8.0742   3.626838   3.628483     1.7970 -9.990e-29      36.41 4.9518e-02 2.1985e+01    80.5301    4.43357    34.8494    34.8681    27.1445    1487.25    1485.86 0.0000e+00
       6521    286.000     8.0747     8.0735   3.626851   3.628494     1.7970 -9.990e-29      35.01 4.9496e-02 2.1985e+01    80.5368    4.43335    34.8496    34.8684    27.1448    1487.27    1485.86 0.0000e+00
       6544    287.000     8.0746     8.0734   3.626896   3.628534     1.7967 -9.990e-29      33.84 4.9502e-02 2.1985e+01    80.5399    4.42540    34.8497    34.8684    27.1449    1487.28    1485.87 0.0000e+00
       6566    288.000     8.0747     8.0734   3.626943   3.628582     1.7957 -9.990e-29      32.94 4.9499e-02 2.1985e+01    80.4870    4.42189    34.8496    34.8685    27.1448    1487.30    1485.87 0.0000e+00
       6588    289.000     8.0746     8.0734   3.626992   3.628635     1.7952 -9.990e-29      32.02 4.9505e-02 2.1985e+01    80.5022    4.42381    34.8498    34.8686    27.1450    1487.31    1485.88 0.0000e+00
       6609    290.000     8.0744     8.0732   3.627031   3.628674     1.7944 -9.990e-29      30.94 4.9505e-02 2.1985e+01    80.4717    4.41590    34.8499    34.8687    27.1451    1487.33    1485.88 0.0000e+00
       6631    291.000     8.0742     8.0730   3.627070   3.628703     1.7935 -9.990e-29      30.02 4.9509e-02 2.1985e+01    80.4688    4.41692    34.8501    34.8687    27.1452    1487.35    1485.89 0.0000e+00
       6653    292.000     8.0742     8.0731   3.627123   3.628760     1.7928 -9.990e-29      28.87 4.9482e-02 2.1985e+01    80.4791    4.41474    34.8502    34.8688    27.1453    1487.36    1485.89 0.0000e+00
       6675    293.000     8.0744     8.0732   3.627174   3.628811     1.7921 -9.990e-29      27.59 4.9508e-02 2.1985e+01    80.4136    4.41114    34.8500    34.8687    27.1452    1487.38    1485.90 0.0000e+00
       6807    294.000     8.0752     8.0740   3.627268   3.628915     1.7910 -9.990e-29      26.24 4.9522e-02 2.1985e+01    80.4472    4.41833    34.8498    34.8686    27.1448    1487.40    1485.90 0.0000e+00
       6890    295.000     8.0752     8.0741   3.627313   3.628970     1.7908 -9.990e-29      25.83 4.9502e-02 2.1985e+01    80.4790    4.41712    34.8498    34.8686    27.1449    1487.42    1485.91 0.0000e+00
       6918    296.000     8.0744     8.0733   3.627319   3.628963     1.7906 -9.990e-29      25.14 4.9509e-02 2.1985e+01    80.4371    4.41429    34.8501    34.8688    27.1453    1487.43    1485.91 0.0000e+00
       6944    297.000     8.0738     8.0727   3.627330   3.628985     1.7900 -9.990e-29      24.02 4.9484e-02 2.1985e+01    80.4594    4.41191    34.8504    34.8692    27.1455    1487.44    1485.92 0.0000e+00
       6971    298.000     8.0738     8.0725   3.627388   3.629019     1.7897 -9.990e-29      23.07 4.9495e-02 2.1985e+01    80.4956    4.41444    34.8505    34.8693    27.1457    1487.46    1485.93 0.0000e+00
       7001    299.000     8.0732     8.0721   3.627391   3.629042     1.7891 -9.990e-29      22.15 4.9497e-02 2.1985e+01    80.4721    4.40833    34.8507    34.8694    27.1459    1487.48    1485.93 0.0000e+00
       7031    300.000     8.0734     8.0722   3.627457   3.629094     1.7886 -9.990e-29      21.05 4.9517e-02 2.1985e+01    80.4736    4.40745    34.8507    34.8694    27.1459    1487.49    1485.94 0.0000e+00
       7067    301.000     8.0733     8.0721   3.627494   3.629138     1.7875 -9.990e-29      20.10 4.9507e-02 2.1985e+01    80.3783    4.40625    34.8507    34.8695    27.1459    1487.51    1485.94 0.0000e+00
       7105    302.000     8.0735     8.0723   3.627557   3.629195     1.7867 -9.990e-29      19.12 4.9508e-02 2.1985e+01    80.4138    4.40343    34.8507    34.8694    27.1459    1487.53    1485.95 0.0000e+00
       7143    303.000     8.0736     8.0724   3.627612   3.629248     1.7864 -9.990e-29      18.38 4.9479e-02 2.1985e+01    80.4030    4.40353    34.8507    34.8694    27.1458    1487.54    1485.95 0.0000e+00
       7182    304.000     8.0731     8.0718   3.627630   3.629264     1.7853 -9.990e-29      17.18 4.9505e-02 2.1985e+01    80.4279    4.40124    34.8509    34.8697    27.1461    1487.56    1485.96 0.0000e+00
       7225    305.000     8.0725     8.0712   3.627652   3.629290     1.7849 -9.990e-29      16.18 4.9473e-02 2.1985e+01    80.3764    4.40084    34.8513    34.8701    27.1465    1487.57    1485.96 0.0000e+00
