_data/ctd/2022603/sta0202.cnv
* Sea-Bird SBE 9 Data File:
* FileName = C:\Seabird\CTDData\sta0202.hex
* Software Version Seasave V 7.21f
* Temperature SN = 6264
* Conductivity SN = 4928
* Number of Bytes Per Scan = 40
* Number of Voltage Words = 5
* Number of Scans Averaged by the Deck Unit = 1
* NMEA Latitude = 61 08.66 N
* NMEA Longitude = 005 55.16 E
* NMEA UTC (Time) = Feb 15 2022 05:48:56
* NMEA baud rate = 4800
** Ship: R/V "Kristine Bonnevie"
** Station: 0202
** Echodepth: 1265
** Log: 0813.505
** Wind-Dir/Force: 10 21
** Air-temp (dry): 3.8
** Weather Sky:
** Sea:
** S08
# nquan = 19                                
# nvalues = 1272                        
# units = specified
# name 0 = scan: Scan Count
# name 1 = prDM: Pressure, Digiquartz [db]
# name 2 = t068C: Temperature [ITS-68, deg C]
# name 3 = t168C: Temperature, 2 [ITS-68, deg C]
# name 4 = c0S/m: Conductivity [S/m]
# name 5 = c1S/m: Conductivity, 2 [S/m]
# name 6 = sbeox0V: Oxygen raw, SBE 43 [V]
# name 7 = flECO-AFL: Fluorescence, WET Labs ECO-AFL/FL [mg/m^3]
# name 8 = altM: Altimeter [m]
# name 9 = par: PAR/Irradiance, Biospherical/Licor
# name 10 = spar: SPAR/Surface Irradiance
# name 11 = CStarTr0: Beam Transmission, WET Labs C-Star [%]
# name 12 = sbeox0ML/L: Oxygen, SBE 43 [ml/l], WS = 2
# name 13 = sal00: Salinity, Practical [PSU]
# name 14 = sal11: Salinity, Practical, 2 [PSU]
# name 15 = sigma-t00: Density [sigma-t, Kg/m^3 ]
# name 16 = svCM: Sound Velocity [Chen-Millero, m/s]
# name 17 = avgsvCM: Average Sound Velocity [Chen-Millero, m/s], minP = 1, minS = 5
# name 18 = flag: flag
# span 0 =        433,      27766       
# span 1 =      2.000,   1273.000       
# span 2 =     5.5019,     9.7333       
# span 3 =     5.4991,     9.7283       
# span 4 =   2.978334,   3.700339       
# span 5 =   2.978861,   3.701934       
# span 6 =     1.5312,     2.4478       
# span 7 =    -0.1019,     0.6883       
# span 8 =       6.99,     100.07       
# span 9 = 4.9446e-02, 6.5600e-01       
# span 10 = 0.0000e+00, 0.0000e+00      
# span 11 =    63.0340,    81.9323      
# span 12 =    4.03966,    7.03850      
# span 13 =    30.3129,    35.0247      
# span 14 =    30.3225,    35.0407      
# span 15 =    23.9073,    27.3647      
# span 16 =    1466.85,    1501.76      
# span 17 =    1466.85,    1491.61      
# span 18 = 0.0000e+00, 0.0000e+00      
# interval = decibars: 1                
# start_time = Feb 15 2022 05:48:58 [System UTC, header]
# bad_flag = -9.990e-29
*END*
[from data line 686]
      15201    688.000     7.4982     7.4968   3.606644   3.608026     1.6996    -0.0765      93.11 4.9496e-02 0.0000e+00    81.8922    4.37034    35.0157    35.0320    27.3606    1491.91    1487.22 0.0000e+00
      15223    689.000     7.4983     7.4970   3.606701   3.608084     1.6994    -0.0747      88.33 4.9490e-02 0.0000e+00    81.8893    4.37375    35.0157    35.0320    27.3606    1491.93    1487.23 0.0000e+00
      15246    690.000     7.4984     7.4971   3.606753   3.608138     1.6991    -0.0704      94.94 4.9541e-02 0.0000e+00    81.8883    4.37044    35.0157    35.0320    27.3606    1491.95    1487.24 0.0000e+00
      15268    691.000     7.4981     7.4968   3.606772   3.608159     1.6988    -0.0712      86.84 4.9496e-02 0.0000e+00    81.8974    4.36874    35.0157    35.0321    27.3607    1491.96    1487.24 0.0000e+00
      15289    692.000     7.4979     7.4965   3.606810   3.608181     1.6982    -0.0747      31.60 4.9496e-02 0.0000e+00    81.8952    4.36801    35.0159    35.0321    27.3608    1491.98    1487.25 0.0000e+00
      15312    693.000     7.4979     7.4966   3.606852   3.608234     1.6980    -0.0766      89.20 4.9496e-02 0.0000e+00    81.8881    4.36860    35.0159    35.0321    27.3608    1491.99    1487.26 0.0000e+00
      15334    694.000     7.4979     7.4966   3.606898   3.608284     1.6975    -0.0654      35.35 4.9509e-02 0.0000e+00    81.8701    4.36557    35.0159    35.0322    27.3608    1492.01    1487.27 0.0000e+00
      15356    695.000     7.4980     7.4966   3.606956   3.608336     1.6971    -0.0679      91.93 4.9509e-02 0.0000e+00    81.8987    4.36825    35.0159    35.0323    27.3608    1492.03    1487.27 0.0000e+00
      15377    696.000     7.4980     7.4967   3.606999   3.608382     1.6971    -0.0701      54.09 4.9484e-02 0.0000e+00    81.8858    4.36855    35.0159    35.0322    27.3608    1492.04    1487.28 0.0000e+00
      15399    697.000     7.4979     7.4965   3.607035   3.608418     1.6966    -0.0674      92.49 4.9518e-02 0.0000e+00    81.8903    4.36600    35.0159    35.0323    27.3608    1492.06    1487.29 0.0000e+00
      15421    698.000     7.4976     7.4962   3.607052   3.608416     1.6964    -0.0707      55.54 4.9493e-02 0.0000e+00    81.8904    4.36605    35.0160    35.0321    27.3609    1492.08    1487.29 0.0000e+00
      15443    699.000     7.4973     7.4959   3.607066   3.608438     1.6962    -0.0733      90.10 4.9502e-02 0.0000e+00    81.8935    4.36469    35.0159    35.0322    27.3609    1492.09    1487.30 0.0000e+00
      15465    700.000     7.4969     7.4957   3.607079   3.608457     1.6955    -0.0684      67.67 4.9471e-02 0.0000e+00    81.8809    4.36004    35.0160    35.0321    27.3610    1492.11    1487.31 0.0000e+00
      15487    701.000     7.4969     7.4956   3.607118   3.608501     1.6951    -0.0689      98.27 4.9499e-02 0.0000e+00    81.8762    4.36425    35.0159    35.0322    27.3610    1492.12    1487.31 0.0000e+00
      15509    702.000     7.4967     7.4953   3.607151   3.608529     1.6949    -0.0669      34.20 4.9496e-02 0.0000e+00    81.8890    4.36275    35.0160    35.0323    27.3611    1492.14    1487.32 0.0000e+00
      15530    703.000     7.4966     7.4952   3.607184   3.608569     1.6946    -0.0669      73.52 4.9496e-02 0.0000e+00    81.9028    4.35878    35.0160    35.0324    27.3611    1492.16    1487.33 0.0000e+00
      15552    704.000     7.4968     7.4955   3.607260   3.608635     1.6936    -0.0675      31.59 4.9472e-02 0.0000e+00    81.9099    4.35170    35.0162    35.0323    27.3612    1492.17    1487.33 0.0000e+00
      15574    705.000     7.4967     7.4954   3.607296   3.608680     1.6930    -0.0631      97.22 4.9509e-02 0.0000e+00    81.9069    4.35158    35.0162    35.0325    27.3612    1492.19    1487.34 0.0000e+00
      15596    706.000     7.4967     7.4954   3.607343   3.608725     1.6924    -0.0731      45.55 4.9489e-02 0.0000e+00    81.9036    4.35440    35.0162    35.0325    27.3612    1492.21    1487.35 0.0000e+00
      15617    707.000     7.4967     7.4953   3.607385   3.608762     1.6920    -0.0667      98.13 4.9546e-02 0.0000e+00    81.8778    4.35360    35.0162    35.0325    27.3612    1492.22    1487.35 0.0000e+00
      15639    708.000     7.4967     7.4954   3.607433   3.608818     1.6916    -0.0650      70.30 4.9492e-02 0.0000e+00    81.9001    4.34907    35.0162    35.0325    27.3613    1492.24    1487.36 0.0000e+00
      15660    709.000     7.4968     7.4954   3.607492   3.608868     1.6908    -0.0735      98.25 4.9483e-02 0.0000e+00    81.9092    4.34382    35.0163    35.0326    27.3613    1492.26    1487.37 0.0000e+00
      15682    710.000     7.4967     7.4953   3.607537   3.608918     1.6899    -0.0736      62.75 4.9472e-02 0.0000e+00    81.8849    4.34570    35.0164    35.0328    27.3614    1492.27    1487.37 0.0000e+00
      15703    711.000     7.4968     7.4955   3.607586   3.608969     1.6898    -0.0756      97.44 4.9502e-02 0.0000e+00    81.8922    4.35149    35.0164    35.0326    27.3613    1492.29    1487.38 0.0000e+00
      15725    712.000     7.4968     7.4955   3.607642   3.609019     1.6894    -0.0659      68.19 4.9525e-02 0.0000e+00    81.8625    4.34925    35.0165    35.0327    27.3615    1492.31    1487.39 0.0000e+00
      15746    713.000     7.4969     7.4956   3.607696   3.609073     1.6895    -0.0721      96.86 4.9499e-02 0.0000e+00    81.8941    4.35180    35.0165    35.0327    27.3614    1492.32    1487.40 0.0000e+00
      15767    714.000     7.4969     7.4956   3.607743   3.609121     1.6891    -0.0598      98.61 4.9525e-02 0.0000e+00    81.8914    4.34778    35.0166    35.0328    27.3615    1492.34    1487.40 0.0000e+00
      15788    715.000     7.4967     7.4953   3.607761   3.609141     1.6887    -0.0790      25.50 4.9490e-02 0.0000e+00    81.8958    4.34519    35.0165    35.0328    27.3614    1492.35    1487.41 0.0000e+00
      15810    716.000     7.4955     7.4943   3.607677   3.609063     1.6883    -0.0787      98.28 4.9485e-02 0.0000e+00    81.8980    4.34711    35.0163    35.0325    27.3615    1492.37    1487.42 0.0000e+00
      15832    717.000     7.4950     7.4938   3.607671   3.609050     1.6880    -0.0710      40.73 4.9496e-02 0.0000e+00    81.8914    4.34492    35.0163    35.0324    27.3615    1492.38    1487.42 0.0000e+00
      15853    718.000     7.4943     7.4930   3.607641   3.609026     1.6877    -0.0659      98.53 4.9515e-02 0.0000e+00    81.8891    4.34352    35.0162    35.0325    27.3615    1492.39    1487.43 0.0000e+00
      15875    719.000     7.4943     7.4930   3.607686   3.609066     1.6870    -0.0649      38.79 4.9472e-02 0.0000e+00    81.9040    4.33775    35.0162    35.0324    27.3616    1492.41    1487.44 0.0000e+00
      15897    720.000     7.4942     7.4930   3.607723   3.609102     1.6863    -0.0749      99.48 4.9490e-02 0.0000e+00    81.9146    4.33047    35.0162    35.0323    27.3616    1492.43    1487.44 0.0000e+00
      15919    721.000     7.4942     7.4929   3.607763   3.609153     1.6849    -0.0668      52.05 4.9515e-02 0.0000e+00    81.9074    4.31872    35.0162    35.0325    27.3616    1492.44    1487.45 0.0000e+00
      15940    722.000     7.4943     7.4930   3.607826   3.609198     1.6830    -0.0794      98.72 4.9465e-02 0.0000e+00    81.8987    4.30740    35.0163    35.0324    27.3616    1492.46    1487.46 0.0000e+00
      15962    723.000     7.4943     7.4930   3.607865   3.609243     1.6814    -0.0685      53.74 4.9502e-02 0.0000e+00    81.8959    4.30723    35.0162    35.0324    27.3616    1492.48    1487.46 0.0000e+00
      15984    724.000     7.4943     7.4930   3.607918   3.609292     1.6799    -0.0750      98.54 4.9485e-02 0.0000e+00    81.9178    4.30444    35.0163    35.0325    27.3617    1492.49    1487.47 0.0000e+00
      16005    725.000     7.4943     7.4931   3.607957   3.609340     1.6786    -0.0642      58.86 4.9515e-02 0.0000e+00    81.8982    4.30557    35.0163    35.0324    27.3616    1492.51    1487.48 0.0000e+00
      16027    726.000     7.4944     7.4931   3.608000   3.609388     1.6778    -0.0689      98.66 4.9492e-02 0.0000e+00    81.9125    4.30489    35.0162    35.0325    27.3615    1492.53    1487.48 0.0000e+00
      16048    727.000     7.4943     7.4930   3.608053   3.609433     1.6769    -0.0642      62.19 4.9502e-02 0.0000e+00    81.9067    4.30447    35.0164    35.0326    27.3617    1492.54    1487.49 0.0000e+00
      16070    728.000     7.4942     7.4929   3.608086   3.609467     1.6762    -0.0774      98.59 4.9477e-02 0.0000e+00    81.8848    4.30357    35.0164    35.0326    27.3617    1492.56    1487.50 0.0000e+00
      16092    729.000     7.4941     7.4927   3.608122   3.609503     1.6754    -0.0793      70.12 4.9477e-02 0.0000e+00    81.9012    4.29906    35.0164    35.0327    27.3617    1492.58    1487.51 0.0000e+00
      16114    730.000     7.4940     7.4927   3.608168   3.609551     1.6747    -0.0699      98.38 4.9533e-02 0.0000e+00    81.9108    4.29855    35.0165    35.0328    27.3619    1492.59    1487.51 0.0000e+00
      16136    731.000     7.4940     7.4927   3.608212   3.609592     1.6738    -0.0687      75.33 4.9503e-02 0.0000e+00    81.9083    4.29500    35.0165    35.0327    27.3619    1492.61    1487.52 0.0000e+00
      16158    732.000     7.4940     7.4927   3.608260   3.609635     1.6731    -0.0734      98.76 4.9508e-02 0.0000e+00    81.9170    4.29196    35.0166    35.0327    27.3619    1492.63    1487.53 0.0000e+00
      16181    733.000     7.4939     7.4926   3.608304   3.609682     1.6723    -0.0708      74.48 4.9481e-02 0.0000e+00    81.9069    4.29266    35.0167    35.0329    27.3620    1492.64    1487.53 0.0000e+00
      16203    734.000     7.4940     7.4926   3.608343   3.609720     1.6716    -0.0697      98.51 4.9508e-02 0.0000e+00    81.9162    4.29033    35.0165    35.0328    27.3619    1492.66    1487.54 0.0000e+00
      16225    735.000     7.4940     7.4926   3.608396   3.609765     1.6709    -0.0706      80.70 4.9496e-02 0.0000e+00    81.9107    4.28811    35.0166    35.0328    27.3619    1492.68    1487.55 0.0000e+00
      16248    736.000     7.4939     7.4926   3.608439   3.609818     1.6702    -0.0674      98.69 4.9509e-02 0.0000e+00    81.9198    4.28674    35.0167    35.0329    27.3620    1492.69    1487.55 0.0000e+00
      16270    737.000     7.4940     7.4927   3.608490   3.609867     1.6694    -0.0703      78.20 4.9489e-02 0.0000e+00    81.8942    4.29033    35.0167    35.0329    27.3620    1492.71    1487.56 0.0000e+00
      16292    738.000     7.4939     7.4927   3.608538   3.609913     1.6698    -0.0704      98.41 4.9512e-02 0.0000e+00    81.9046    4.29099    35.0168    35.0329    27.3621    1492.72    1487.57 0.0000e+00
      16315    739.000     7.4940     7.4927   3.608584   3.609971     1.6689    -0.0718      93.05 4.9502e-02 0.0000e+00    81.9095    4.28625    35.0168    35.0331    27.3620    1492.74    1487.58 0.0000e+00
      16337    740.000     7.4941     7.4928   3.608645   3.610026     1.6686    -0.0711      98.78 4.9502e-02 0.0000e+00    81.9130    4.28709    35.0168    35.0331    27.3621    1492.76    1487.58 0.0000e+00
      16359    741.000     7.4942     7.4928   3.608692   3.610077     1.6680    -0.0729      98.78 4.9509e-02 0.0000e+00    81.9091    4.28125    35.0168    35.0332    27.3620    1492.78    1487.59 0.0000e+00
      16381    742.000     7.4938     7.4926   3.608718   3.610089     1.6674    -0.0739      98.78 4.9489e-02 0.0000e+00    81.8881    4.28129    35.0170    35.0330    27.3623    1492.79    1487.60 0.0000e+00
      16403    743.000     7.4939     7.4926   3.608771   3.610150     1.6670    -0.0700      86.08 4.9490e-02 0.0000e+00    81.8780    4.28401    35.0170    35.0332    27.3622    1492.81    1487.60 0.0000e+00
      16425    744.000     7.4939     7.4926   3.608814   3.610189     1.6668    -0.0651      93.87 4.9512e-02 0.0000e+00    81.8965    4.28631    35.0170    35.0332    27.3622    1492.82    1487.61 0.0000e+00
      16447    745.000     7.4940     7.4927   3.608869   3.610255     1.6666    -0.0723      98.70 4.9502e-02 0.0000e+00    81.9013    4.28372    35.0170    35.0333    27.3622    1492.84    1487.62 0.0000e+00
      16469    746.000     7.4941     7.4927   3.608921   3.610294     1.6662    -0.0642      75.72 4.9508e-02 0.0000e+00    81.8997    4.28143    35.0170    35.0333    27.3622    1492.86    1487.62 0.0000e+00
      16492    747.000     7.4941     7.4927   3.608961   3.610346     1.6659    -0.0722      68.55 4.9489e-02 0.0000e+00    81.9022    4.27938    35.0170    35.0333    27.3622    1492.87    1487.63 0.0000e+00
      16514    748.000     7.4940     7.4927   3.609008   3.610386     1.6652    -0.0756      66.68 4.9512e-02 0.0000e+00    81.9119    4.28014    35.0171    35.0333    27.3623    1492.89    1487.64 0.0000e+00
      16536    749.000     7.4940     7.4927   3.609060   3.610431     1.6650    -0.0701      71.39 4.9490e-02 0.0000e+00    81.9005    4.27690    35.0172    35.0333    27.3624    1492.91    1487.64 0.0000e+00
      16559    750.000     7.4941     7.4928   3.609106   3.610490     1.6644    -0.0740      51.79 4.9493e-02 0.0000e+00    81.8993    4.27764    35.0171    35.0334    27.3623    1492.92    1487.65 0.0000e+00
      16581    751.000     7.4940     7.4928   3.609156   3.610537     1.6642    -0.0691      71.92 4.9496e-02 0.0000e+00    81.9044    4.27944    35.0173    35.0334    27.3625    1492.94    1487.66 0.0000e+00
      16604    752.000     7.4940     7.4926   3.609198   3.610582     1.6639    -0.0713      98.59 4.9481e-02 0.0000e+00    81.9073    4.27652    35.0173    35.0336    27.3624    1492.96    1487.67 0.0000e+00
      16626    753.000     7.4940     7.4927   3.609244   3.610634     1.6635    -0.0697      83.07 4.9496e-02 0.0000e+00    81.9262    4.27232    35.0173    35.0336    27.3625    1492.97    1487.67 0.0000e+00
      16649    754.000     7.4941     7.4928   3.609302   3.610677     1.6628    -0.0673      98.94 4.9509e-02 0.0000e+00    81.9063    4.27688    35.0173    35.0335    27.3625    1492.99    1487.68 0.0000e+00
      16671    755.000     7.4940     7.4927   3.609345   3.610719     1.6630    -0.0661      82.57 4.9499e-02 0.0000e+00    81.8892    4.27581    35.0174    35.0336    27.3626    1493.01    1487.69 0.0000e+00
      16694    756.000     7.4940     7.4927   3.609388   3.610763     1.6623    -0.0683      98.54 4.9509e-02 0.0000e+00    81.9012    4.27041    35.0174    35.0336    27.3626    1493.02    1487.69 0.0000e+00
      16716    757.000     7.4940     7.4927   3.609444   3.610812     1.6619    -0.0769      67.49 4.9493e-02 0.0000e+00    81.9176    4.27398    35.0176    35.0337    27.3627    1493.04    1487.70 0.0000e+00
      16738    758.000     7.4940     7.4927   3.609482   3.610867     1.6617    -0.0756      93.89 4.9514e-02 0.0000e+00    81.9193    4.27554    35.0175    35.0338    27.3626    1493.06    1487.71 0.0000e+00
      16760    759.000     7.4941     7.4927   3.609538   3.610918     1.6617    -0.0739      66.22 4.9465e-02 0.0000e+00    81.9167    4.27696    35.0175    35.0339    27.3627    1493.07    1487.72 0.0000e+00
      16783    760.000     7.4941     7.4928   3.609580   3.610962     1.6614    -0.0682      98.37 4.9483e-02 0.0000e+00    81.9101    4.26920    35.0175    35.0338    27.3626    1493.09    1487.72 0.0000e+00
      16805    761.000     7.4939     7.4926   3.609617   3.610994     1.6609    -0.0630      98.45 4.9523e-02 0.0000e+00    81.9158    4.27184    35.0177    35.0338    27.3628    1493.11    1487.73 0.0000e+00
      16827    762.000     7.4939     7.4926   3.609651   3.611036     1.6606    -0.0673      89.66 4.9484e-02 0.0000e+00    81.9067    4.27267    35.0176    35.0338    27.3627    1493.12    1487.74 0.0000e+00
