_data/ctd/2022603/sta0227.cnv
* Sea-Bird SBE 9 Data File:
* FileName = C:\Seabird\CTDData\sta0227.hex
* Software Version Seasave V 7.21f
* Temperature SN = 6264
* Conductivity SN = 4928
* Number of Bytes Per Scan = 40
* Number of Voltage Words = 5
* Number of Scans Averaged by the Deck Unit = 1
* NMEA Latitude = 61 00.68 N
* NMEA Longitude = 004 51.08 E
* NMEA UTC (Time) = Feb 18 2022 07:25:03
* NMEA baud rate = 4800
** Ship: R/V "Kristine Bonnevie"
** Station: 0227
** Echodepth: 431
** Log: 1245.957
** Wind-Dir/Force: 14 13
** Air-temp (dry): 3.2
** Weather Sky:
** Sea:
** S02
# nquan = 19                                
# nvalues = 427                         
# units = specified
# name 0 = scan: Scan Count
# name 1 = prDM: Pressure, Digiquartz [db]
# name 2 = t068C: Temperature [ITS-68, deg C]
# name 3 = t168C: Temperature, 2 [ITS-68, deg C]
# name 4 = c0S/m: Conductivity [S/m]
# name 5 = c1S/m: Conductivity, 2 [S/m]
# name 6 = sbeox0V: Oxygen raw, SBE 43 [V]
# name 7 = flECO-AFL: Fluorescence, WET Labs ECO-AFL/FL [mg/m^3]
# name 8 = altM: Altimeter [m]
# name 9 = par: PAR/Irradiance, Biospherical/Licor
# name 10 = spar: SPAR/Surface Irradiance
# name 11 = CStarTr0: Beam Transmission, WET Labs C-Star [%]
# name 12 = sbeox0ML/L: Oxygen, SBE 43 [ml/l], WS = 2
# name 13 = sal00: Salinity, Practical [PSU]
# name 14 = sal11: Salinity, Practical, 2 [PSU]
# name 15 = sigma-t00: Density [sigma-t, Kg/m^3 ]
# name 16 = svCM: Sound Velocity [Chen-Millero, m/s]
# name 17 = avgsvCM: Average Sound Velocity [Chen-Millero, m/s], minP = 1, minS = 5
# name 18 = flag: flag
# span 0 =        542,      10487       
# span 1 =      2.000,    428.000       
# span 2 =     5.9066,     8.2867       
# span 3 =     5.9038,     8.2847       
# span 4 =   3.088200,   3.660081       
# span 5 =   3.088835,   3.661568       
# span 6 =     2.1624,     2.4543       
# span 7 =    -0.1025,     0.6958       
# span 8 =       5.62,      99.52       
# span 9 = 4.9448e-02, 5.2817e+00       
# span 10 = 9.9933e+00, 1.9987e+01      
# span 11 =    79.7644,    81.0284      
# span 12 =    5.75102,    6.89294      
# span 13 =    31.1748,    34.9836      
# span 14 =    31.1846,    35.0009      
# span 15 =    24.5412,    27.2266      
# span 16 =    1469.60,    1490.35      
# span 17 =    1469.61,    1485.56      
# span 18 = 0.0000e+00, 0.0000e+00      
# interval = decibars: 1                
# start_time = Feb 18 2022 07:25:05 [System UTC, header]
# bad_flag = -9.990e-29
*END*
[from data line 229]
       5997    231.000     8.2708     8.2691   3.654471   3.655953     2.2124    -0.0805      98.80 4.9462e-02 1.5940e+01    80.8652    5.77493    34.9762    34.9937    27.2144    1487.25    1482.81 0.0000e+00
       6025    232.000     8.2710     8.2693   3.654559   3.656033     2.2126    -0.0615      98.80 4.9484e-02 1.5990e+01    80.8733    5.77966    34.9765    34.9939    27.2146    1487.27    1482.83 0.0000e+00
       6048    233.000     8.2712     8.2693   3.654612   3.656094     2.2127    -0.0761      98.80 4.9452e-02 1.5989e+01    80.8855    5.78084    34.9764    34.9941    27.2145    1487.29    1482.85 0.0000e+00
       6067    234.000     8.2710     8.2692   3.654694   3.656170     2.2126    -0.0933      98.80 4.9468e-02 1.5989e+01    80.8925    5.77831    34.9770    34.9945    27.2150    1487.31    1482.87 0.0000e+00
       6086    235.000     8.2708     8.2690   3.654740   3.656213     2.2125    -0.0920      98.80 4.9481e-02 1.5989e+01    80.8618    5.77502    34.9772    34.9947    27.2152    1487.32    1482.89 0.0000e+00
       6108    236.000     8.2701     8.2688   3.654718   3.656209     2.2119    -0.0927      98.80 4.9473e-02 1.5989e+01    80.8698    5.77760    34.9772    34.9944    27.2153    1487.34    1482.91 0.0000e+00
       6136    237.000     8.2686     8.2668   3.654665   3.656132     2.2119    -0.0713      98.80 4.9487e-02 1.5989e+01    80.8792    5.77616    34.9776    34.9950    27.2159    1487.35    1482.93 0.0000e+00
       6164    238.000     8.2687     8.2676   3.654735   3.656248     2.2113    -0.0893      98.80 4.9472e-02 1.5989e+01    80.8474    5.77611    34.9778    34.9950    27.2160    1487.36    1482.95 0.0000e+00
       6185    239.000     8.2682     8.2664   3.654760   3.656217     2.2113    -0.0719      98.80 4.9483e-02 1.5989e+01    80.8525    5.77798    34.9781    34.9954    27.2163    1487.38    1482.96 0.0000e+00
       6203    240.000     8.2681     8.2662   3.654790   3.656263     2.2112    -0.0667      98.80 4.9480e-02 1.5989e+01    80.8407    5.77501    34.9780    34.9956    27.2162    1487.39    1482.98 0.0000e+00
       6220    241.000     8.2682     8.2664   3.654850   3.656320     2.2106    -0.0875      98.80 4.9463e-02 1.5989e+01    80.8061    5.76918    34.9781    34.9955    27.2163    1487.41    1483.00 0.0000e+00
       6239    242.000     8.2679     8.2664   3.654870   3.656355     2.2097    -0.0864      98.80 4.9472e-02 1.5989e+01    80.8216    5.76472    34.9781    34.9954    27.2163    1487.43    1483.02 0.0000e+00
       6263    243.000     8.2673     8.2656   3.654872   3.656351     2.2091    -0.0713      98.80 4.9492e-02 1.5989e+01    80.7995    5.77404    34.9782    34.9957    27.2165    1487.44    1483.04 0.0000e+00
       6291    244.000     8.2675     8.2659   3.654936   3.656413     2.2090    -0.0593      98.80 4.9484e-02 1.5989e+01    80.8210    5.77161    34.9782    34.9956    27.2165    1487.46    1483.06 0.0000e+00
       6319    245.000     8.2673     8.2656   3.654978   3.656455     2.2086    -0.0834      98.80 4.9454e-02 1.5989e+01    80.7638    5.77594    34.9784    34.9958    27.2167    1487.47    1483.07 0.0000e+00
       6347    246.000     8.2670     8.2656   3.655017   3.656505     2.2092    -0.0662      98.80 4.9449e-02 1.5989e+01    80.7210    5.78057    34.9786    34.9959    27.2169    1487.49    1483.09 0.0000e+00
       6371    247.000     8.2672     8.2657   3.655086   3.656574     2.2091    -0.0634      98.80 4.9481e-02 1.5989e+01    80.7901    5.77185    34.9787    34.9961    27.2169    1487.51    1483.11 0.0000e+00
       6389    248.000     8.2672     8.2655   3.655141   3.656609     2.2084    -0.0616      98.80 4.9488e-02 1.5989e+01    80.8120    5.77003    34.9788    34.9961    27.2170    1487.52    1483.13 0.0000e+00
       6405    249.000     8.2662     8.2645   3.655136   3.656612     2.2080    -0.0668      98.80 4.9448e-02 1.5989e+01    80.7739    5.77085    34.9793    34.9967    27.2175    1487.54    1483.14 0.0000e+00
       6422    250.000     8.2662     8.2643   3.655184   3.656638     2.2077    -0.0844      98.80 4.9504e-02 1.5989e+01    80.7814    5.77233    34.9793    34.9967    27.2175    1487.55    1483.16 0.0000e+00
       6442    251.000     8.2653     8.2633   3.655174   3.656617     2.2076    -0.0985      98.80 4.9492e-02 1.5989e+01    80.7846    5.77433    34.9796    34.9970    27.2179    1487.57    1483.18 0.0000e+00
       6471    252.000     8.2641     8.2624   3.655130   3.656602     2.2074    -0.0809      98.80 4.9460e-02 1.5989e+01    80.7652    5.77483    34.9799    34.9972    27.2183    1487.58    1483.20 0.0000e+00
       6502    253.000     8.2643     8.2626   3.655197   3.656666     2.2071    -0.0852      98.80 4.9484e-02 1.5989e+01    80.8023    5.77095    34.9799    34.9972    27.2183    1487.60    1483.21 0.0000e+00
       6527    254.000     8.2646     8.2628   3.655273   3.656738     2.2065    -0.0710      98.81 4.9477e-02 1.5989e+01    80.8100    5.77038    34.9799    34.9973    27.2183    1487.61    1483.23 0.0000e+00
       6547    255.000     8.2651     8.2633   3.655352   3.656822     2.2063    -0.0695      98.80 4.9460e-02 1.5989e+01    80.7764    5.77760    34.9798    34.9972    27.2181    1487.63    1483.25 0.0000e+00
       6566    256.000     8.2652     8.2634   3.655400   3.656878     2.2069    -0.0694      98.80 4.9478e-02 1.5989e+01    80.7955    5.77763    34.9797    34.9973    27.2180    1487.65    1483.27 0.0000e+00
       6585    257.000     8.2656     8.2638   3.655478   3.656945     2.2062    -0.0884      98.80 4.9470e-02 1.5989e+01    80.7552    5.76982    34.9797    34.9971    27.2179    1487.67    1483.28 0.0000e+00
       6603    258.000     8.2651     8.2634   3.655493   3.656952     2.2060    -0.0889      98.80 4.9468e-02 1.5989e+01    80.7672    5.77175    34.9799    34.9971    27.2181    1487.68    1483.30 0.0000e+00
       6623    259.000     8.2646     8.2627   3.655504   3.656967     2.2056 -9.990e-29      98.81 4.9505e-02 1.5989e+01    80.7572    5.77022    34.9800    34.9975    27.2183    1487.70    1483.32 0.0000e+00
       6647    260.000     8.2651     8.2632   3.655582   3.657041     2.2052 -9.990e-29      98.80 4.9465e-02 1.5989e+01    80.7711    5.77310    34.9798    34.9973    27.2181    1487.71    1483.33 0.0000e+00
       6674    261.000     8.2647     8.2626   3.655602   3.657036     2.2051 -9.990e-29      98.80 4.9475e-02 1.5989e+01    80.7435    5.77393    34.9800    34.9973    27.2183    1487.73    1483.35 0.0000e+00
       6700    262.000     8.2636     8.2619   3.655576   3.657045     2.2049    -0.0848      98.80 4.9476e-02 1.5989e+01    80.7544    5.77164    34.9803    34.9977    27.2187    1487.74    1483.37 0.0000e+00
       6724    263.000     8.2638     8.2621   3.655639   3.657111     2.2045    -0.0836      98.81 4.9477e-02 1.5989e+01    80.7641    5.77144    34.9803    34.9977    27.2187    1487.76    1483.38 0.0000e+00
       6745    264.000     8.2639     8.2619   3.655683   3.657137     2.2044    -0.0642      98.81 4.9488e-02 1.5989e+01    80.7525    5.77354    34.9802    34.9977    27.2186    1487.78    1483.40 0.0000e+00
       6764    265.000     8.2645     8.2627   3.655777   3.657257     2.2041    -0.0633      98.81 4.9462e-02 1.5989e+01    80.7489    5.77086    34.9801    34.9977    27.2185    1487.80    1483.42 0.0000e+00
       6783    266.000     8.2649     8.2632   3.655842   3.657333     2.2036    -0.0810      98.81 4.9460e-02 1.5989e+01    80.7570    5.77177    34.9799    34.9975    27.2182    1487.81    1483.43 0.0000e+00
       6803    267.000     8.2649     8.2633   3.655905   3.657388     2.2039    -0.0884      98.81 4.9488e-02 1.5989e+01    80.7595    5.77197    34.9801    34.9975    27.2184    1487.83    1483.45 0.0000e+00
       6826    268.000     8.2645     8.2629   3.655906   3.657385     2.2029    -0.0704      98.80 4.9497e-02 1.5989e+01    80.6602    5.76578    34.9801    34.9974    27.2184    1487.84    1483.47 0.0000e+00
       6850    269.000     8.2634     8.2616   3.655872   3.657329     2.2028    -0.0918      98.80 4.9466e-02 1.5989e+01    80.7570    5.77238    34.9803    34.9976    27.2188    1487.86    1483.48 0.0000e+00
       6875    270.000     8.2621     8.2605   3.655842   3.657311     2.2027    -0.0663      98.80 4.9493e-02 1.5989e+01    80.7230    5.77317    34.9808    34.9981    27.2194    1487.87    1483.50 0.0000e+00
       6898    271.000     8.2632     8.2616   3.655968   3.657461     2.2025    -0.0669      98.80 4.9477e-02 1.5989e+01    80.7559    5.76796    34.9806    34.9981    27.2190    1487.89    1483.52 0.0000e+00
       6919    272.000     8.2647     8.2629   3.656124   3.657595     2.2018    -0.0670      98.80 4.9499e-02 1.5989e+01    80.7352    5.76625    34.9803    34.9977    27.2185    1487.91    1483.53 0.0000e+00
       6940    273.000     8.2648     8.2633   3.656194   3.657685     2.2014    -0.0811      98.80 4.9490e-02 1.5989e+01    80.7387    5.76738    34.9804    34.9978    27.2187    1487.93    1483.55 0.0000e+00
       6963    274.000     8.2627     8.2611   3.656063   3.657522     2.2010    -0.0877      98.80 4.9493e-02 1.5989e+01    80.7343    5.76601    34.9807    34.9978    27.2191    1487.94    1483.56 0.0000e+00
       6987    275.000     8.2583     8.2570   3.655788   3.657264     2.2005    -0.0707      98.80 4.9484e-02 1.5989e+01    80.7400    5.76663    34.9816    34.9986    27.2206    1487.94    1483.58 0.0000e+00
       7012    276.000     8.2590     8.2575   3.655903   3.657385     2.2004    -0.0749      98.80 4.9479e-02 1.5989e+01    80.7772    5.77266    34.9817    34.9990    27.2205    1487.96    1483.59 0.0000e+00
       7035    277.000     8.2596     8.2576   3.655984   3.657436     2.2007    -0.0877      98.80 4.9483e-02 1.5989e+01    80.7475    5.77432    34.9815    34.9989    27.2202    1487.98    1483.61 0.0000e+00
       7055    278.000     8.2593     8.2574   3.656015   3.657479     2.2005    -0.0623      98.80 4.9461e-02 1.5989e+01    80.7601    5.77139    34.9816    34.9991    27.2204    1487.99    1483.63 0.0000e+00
       7074    279.000     8.2604     8.2583   3.656143   3.657589     2.2005    -0.0858      98.80 4.9460e-02 1.5989e+01    80.7492    5.77456    34.9814    34.9989    27.2201    1488.01    1483.64 0.0000e+00
       7095    280.000     8.2604     8.2581   3.656180   3.657620     2.2006    -0.0915      98.80 4.9485e-02 1.5989e+01    80.7583    5.77521    34.9813    34.9990    27.2200    1488.03    1483.66 0.0000e+00
       7118    281.000     8.2590     8.2570   3.656122   3.657550     2.2003    -0.0885      98.80 4.9491e-02 1.5989e+01    80.7375    5.76820    34.9816    34.9988    27.2205    1488.04    1483.67 0.0000e+00
       7142    282.000     8.2549     8.2537   3.655830   3.657326     2.1997    -0.0672      98.80 4.9473e-02 1.5989e+01    80.7527    5.76899    34.9821    34.9992    27.2215    1488.04    1483.69 0.0000e+00
       7164    283.000     8.2546     8.2526   3.655850   3.657299     2.1992    -0.0651      98.80 4.9471e-02 1.5989e+01    80.7264    5.76850    34.9821    34.9996    27.2215    1488.06    1483.70 0.0000e+00
       7186    284.000     8.2546     8.2527   3.655894   3.657358     2.1991    -0.0668      98.81 4.9471e-02 1.5989e+01    80.7452    5.76783    34.9821    34.9996    27.2215    1488.07    1483.72 0.0000e+00
       7208    285.000     8.2532     8.2514   3.655829   3.657277     2.1983    -0.0893      98.80 4.9464e-02 1.5989e+01    80.7465    5.76347    34.9823    34.9996    27.2219    1488.09    1483.73 0.0000e+00
       7232    286.000     8.2519     8.2502   3.655747   3.657218     2.1979    -0.0733      98.80 4.9466e-02 1.5989e+01    80.7061    5.77284    34.9823    34.9996    27.2221    1488.10    1483.75 0.0000e+00
       7259    287.000     8.2511     8.2493   3.655745   3.657189     2.1984    -0.0638      98.80 4.9489e-02 1.5989e+01    80.7231    5.77260    34.9826    34.9998    27.2224    1488.11    1483.76 0.0000e+00
       7286    288.000     8.2526     8.2504   3.655896   3.657335     2.1978    -0.0624      98.80 4.9481e-02 1.5989e+01    80.6913    5.77225    34.9822    34.9997    27.2219    1488.13    1483.78 0.0000e+00
       7307    289.000     8.2455     8.2466   3.655298   3.656977     2.1984    -0.0614      98.80 4.9474e-02 1.5989e+01    80.7069    5.77552    34.9824    34.9992    27.2232    1488.12    1483.80 0.0000e+00
       7327    290.000     8.2378     8.2381   3.654664   3.656271     2.1976    -0.0709      98.80 4.9464e-02 1.5989e+01    80.6948    5.76873    34.9828    34.9997    27.2247    1488.11    1483.81 0.0000e+00
       7350    291.000     8.2403     8.2391   3.654934   3.656478     2.1974    -0.0874      98.80 4.9487e-02 1.5989e+01    80.6986    5.77121    34.9827    35.0004    27.2242    1488.14    1483.82 0.0000e+00
       7373    292.000     8.2380     8.2381   3.654748   3.656402     2.1971    -0.0598      98.80 4.9471e-02 1.5989e+01    80.6674    5.77387    34.9826    35.0001    27.2244    1488.14    1483.84 0.0000e+00
       7393    293.000     8.2388     8.2384   3.654878   3.656482     2.1970    -0.0666      98.80 4.9461e-02 1.5989e+01    80.6181    5.77149    34.9827    35.0002    27.2244    1488.16    1483.85 0.0000e+00
       7413    294.000     8.2344     8.2341   3.654484   3.656046     2.1966    -0.0623      98.80 4.9467e-02 1.5989e+01    80.2567    5.76947    34.9824    34.9993    27.2248    1488.16    1483.87 0.0000e+00
       7433    295.000     8.2339     8.2323   3.654480   3.655961     2.1961    -0.0634      98.80 4.9481e-02 1.5989e+01    80.3907    5.76699    34.9823    34.9997    27.2249    1488.18    1483.88 0.0000e+00
       7460    296.000     8.2349     8.2332   3.654623   3.656086     2.1954    -0.0779      98.80 4.9473e-02 1.5989e+01    80.5586    5.76394    34.9824    34.9997    27.2248    1488.20    1483.90 0.0000e+00
       7489    297.000     8.2349     8.2336   3.654664   3.656157     2.1947    -0.0923      98.80 4.9486e-02 1.5989e+01    80.6016    5.76648    34.9824    34.9996    27.2247    1488.21    1483.91 0.0000e+00
       7514    298.000     8.2354     8.2337   3.654758   3.656231     2.1941    -0.0947      98.81 4.9487e-02 1.5989e+01    80.5930    5.76417    34.9824    34.9998    27.2247    1488.23    1483.93 0.0000e+00
       7534    299.000     8.2356     8.2339   3.654820   3.656288     2.1939    -0.0906      98.80 4.9498e-02 1.5989e+01    80.6251    5.76486    34.9824    34.9997    27.2246    1488.25    1483.94 0.0000e+00
       7554    300.000     8.2357     8.2341   3.654878   3.656360     2.1935    -0.0938      98.80 4.9481e-02 1.5989e+01    80.5967    5.76527    34.9824    34.9998    27.2247    1488.27    1483.96 0.0000e+00
       7574    301.000     8.2357     8.2339   3.654917   3.656386     2.1934    -0.0698      98.80 4.9502e-02 1.5989e+01    80.5947    5.76807    34.9824    34.9998    27.2246    1488.28    1483.97 0.0000e+00
       7598    302.000     8.2355     8.2339   3.654956   3.656420     2.1932    -0.0881      98.80 4.9495e-02 1.5989e+01    80.6259    5.76837    34.9825    34.9997    27.2247    1488.30    1483.98 0.0000e+00
       7623    303.000     8.2367     8.2349   3.655115   3.656584     2.1932    -0.0940      98.80 4.9497e-02 1.5989e+01    80.6181    5.77034    34.9825    35.0000    27.2246    1488.32    1484.00 0.0000e+00
       7644    304.000     8.2353     8.2338   3.655031   3.656504     2.1933    -0.0920      98.81 4.9467e-02 1.5989e+01    80.6049    5.77131    34.9825    34.9997    27.2248    1488.33    1484.01 0.0000e+00
       7665    305.000     8.2355     8.2339   3.655085   3.656563     2.1933    -0.0904      98.80 4.9459e-02 1.5989e+01    80.6105    5.77179    34.9824    34.9998    27.2247    1488.35    1484.03 0.0000e+00
