_data/ctd/2022603/sta0194.cnv
* Sea-Bird SBE 9 Data File:
* FileName = C:\Seabird\CTDData\sta0194.hex
* Software Version Seasave V 7.21f
* Temperature SN = 6264
* Conductivity SN = 4928
* Number of Bytes Per Scan = 40
* Number of Voltage Words = 5
* Number of Scans Averaged by the Deck Unit = 1
* NMEA Latitude = 61 19.79 N
* NMEA Longitude = 006 41.97 E
* NMEA UTC (Time) = Feb 14 2022 18:53:27
* NMEA baud rate = 4800
** Ship: R/V "Kristine Bonnevie"
** Station: 0194
** Echodepth: 192
** Log: 0767.496
** Wind-Dir/Force: 02 09
** Air-temp (dry): 5.8
** Weather Sky:
** Sea:
** F06
# nquan = 19                                
# nvalues = 180                         
# units = specified
# name 0 = scan: Scan Count
# name 1 = prDM: Pressure, Digiquartz [db]
# name 2 = t068C: Temperature [ITS-68, deg C]
# name 3 = t168C: Temperature, 2 [ITS-68, deg C]
# name 4 = c0S/m: Conductivity [S/m]
# name 5 = c1S/m: Conductivity, 2 [S/m]
# name 6 = sbeox0V: Oxygen raw, SBE 43 [V]
# name 7 = flECO-AFL: Fluorescence, WET Labs ECO-AFL/FL [mg/m^3]
# name 8 = altM: Altimeter [m]
# name 9 = par: PAR/Irradiance, Biospherical/Licor
# name 10 = spar: SPAR/Surface Irradiance
# name 11 = CStarTr0: Beam Transmission, WET Labs C-Star [%]
# name 12 = sbeox0ML/L: Oxygen, SBE 43 [ml/l], WS = 2
# name 13 = sal00: Salinity, Practical [PSU]
# name 14 = sal11: Salinity, Practical, 2 [PSU]
# name 15 = sigma-t00: Density [sigma-t, Kg/m^3 ]
# name 16 = svCM: Sound Velocity [Chen-Millero, m/s]
# name 17 = avgsvCM: Average Sound Velocity [Chen-Millero, m/s], minP = 1, minS = 5
# name 18 = flag: flag
# span 0 =        366,       4510       
# span 1 =      2.000,    181.000       
# span 2 =     4.3783,    10.1323       
# span 3 =     4.3771,    10.1309       
# span 4 =   2.757319,   3.700889       
# span 5 =   2.758245,   3.702545       
# span 6 =     1.8314,     2.4932       
# span 7 =    -0.0959,     0.8225       
# span 8 =       0.39,      99.87       
# span 9 = 4.9439e-02, 6.5527e-01       
# span 10 = 0.0000e+00, 0.0000e+00      
# span 11 =    78.4445,    81.2944      
# span 12 =    4.47226,    7.40003      
# span 13 =    28.7992,    34.8672      
# span 14 =    28.8109,    34.8843      
# span 15 =    22.8233,    27.1702      
# span 16 =    1460.28,    1489.10      
# span 17 =    1460.28,    1483.41      
# span 18 = 0.0000e+00, 0.0000e+00      
# interval = decibars: 1                
# start_time = Feb 14 2022 18:53:29 [System UTC, header]
# bad_flag = -9.990e-29
*END*
[from data line 77]
       2280     79.000     8.7178     8.7182   3.638442   3.639911     2.0726    -0.0712      88.80 4.9452e-02 0.0000e+00    81.1895    5.07007    34.4392    34.4543    26.7240    1485.76    1481.22 0.0000e+00
       2301     80.000     8.6913     8.6905   3.636884   3.638346     2.0629    -0.0616      62.72 4.9466e-02 0.0000e+00    81.1587    5.01285    34.4481    34.4643    26.7351    1485.69    1481.27 0.0000e+00
       2323     81.000     8.6686     8.6682   3.636053   3.637513     2.0506    -0.0640      63.67 4.9458e-02 0.0000e+00    81.0350    4.94279    34.4610    34.4768    26.7487    1485.63    1481.33 0.0000e+00
       2344     82.000     8.6393     8.6387   3.634531   3.635963     2.0355    -0.0627      83.84 4.9459e-02 0.0000e+00    80.9410    4.87439    34.4730    34.4887    26.7627    1485.56    1481.38 0.0000e+00
       2365     83.000     8.6273     8.6255   3.634149   3.635609     2.0194    -0.0690      40.74 4.9479e-02 0.0000e+00    80.8676    4.82234    34.4802    34.4974    26.7702    1485.54    1481.43 0.0000e+00
       2387     84.000     8.6174     8.6163   3.633879   3.635320     2.0040    -0.0729      97.00 4.9452e-02 0.0000e+00    80.8029    4.78482    34.4865    34.5028    26.7768    1485.52    1481.48 0.0000e+00
       2408     85.000     8.5989     8.5979   3.633195   3.634645     1.9899    -0.0577      77.88 4.9505e-02 0.0000e+00    80.8125    4.76247    34.4969    34.5132    26.7878    1485.49    1481.53 0.0000e+00
       2429     86.000     8.5811     8.5804   3.632554   3.634015     1.9782    -0.0558      31.15 4.9498e-02 0.0000e+00    80.7904    4.75401    34.5070    34.5232    26.7985    1485.45    1481.57 0.0000e+00
       2451     87.000     8.5625     8.5620   3.631780   3.633237     1.9688    -0.0558      95.99 4.9483e-02 0.0000e+00    80.8083    4.74392    34.5166    34.5325    26.8088    1485.41    1481.61 0.0000e+00
       2472     88.000     8.5352     8.5347   3.630798   3.632244     1.9604    -0.0558      53.24 4.9479e-02 0.0000e+00    80.8280    4.73200    34.5324    34.5482    26.8255    1485.34    1481.66 0.0000e+00
       2494     89.000     8.5206     8.5196   3.630301   3.631740     1.9530    -0.0558      59.55 4.9483e-02 0.0000e+00    80.8087    4.71518    34.5409    34.5572    26.8344    1485.31    1481.70 0.0000e+00
       2515     90.000     8.5018     8.5008   3.629737   3.631178     1.9454 -9.990e-29      55.06 4.9477e-02 0.0000e+00    80.7644    4.68913    34.5529    34.5691    26.8467    1485.27    1481.74 0.0000e+00
       2537     91.000     8.4912     8.4900   3.629607   3.631050     1.9375 -9.990e-29      57.45 4.9479e-02 0.0000e+00    80.7375    4.66279    34.5614    34.5779    26.8550    1485.26    1481.78 0.0000e+00
       2558     92.000     8.4754     8.4744   3.629256   3.630712     1.9299 -9.990e-29      56.70 4.9471e-02 0.0000e+00    80.6628    4.64565    34.5727    34.5891    26.8663    1485.23    1481.81 0.0000e+00
       2580     93.000     8.4574     8.4567   3.628693   3.630135     1.9228 -9.990e-29      24.25 4.9479e-02 0.0000e+00    80.6557    4.63702    34.5839    34.5999    26.8779    1485.20    1481.85 0.0000e+00
       2602     94.000     8.4394     8.4387   3.627902   3.629344     1.9175    -0.0558      76.63 4.9483e-02 0.0000e+00    80.7161    4.64295    34.5927    34.6087    26.8876    1485.16    1481.89 0.0000e+00
       2623     95.000     8.4231     8.4219   3.627356   3.628793     1.9139    -0.0612      92.98 4.9472e-02 0.0000e+00    80.7234    4.64902    34.6024    34.6189    26.8977    1485.12    1481.92 0.0000e+00
       2644     96.000     8.4124     8.4112   3.626968   3.628404     1.9112    -0.0604      32.75 4.9471e-02 0.0000e+00    80.7289    4.64298    34.6083    34.6248    26.9040    1485.11    1481.95 0.0000e+00
       2666     97.000     8.4005     8.3995   3.626624   3.628064     1.9081    -0.0651      14.65 4.9460e-02 0.0000e+00    80.7509    4.62144    34.6159    34.6322    26.9118    1485.09    1481.98 0.0000e+00
       2687     98.000     8.3858     8.3848   3.626293   3.627719     1.9033    -0.0654      76.03 4.9490e-02 0.0000e+00    80.7574    4.59604    34.6264    34.6425    26.9222    1485.06    1482.02 0.0000e+00
       2708     99.000     8.3756     8.3742   3.626113   3.627549     1.8983    -0.0618      60.87 4.9498e-02 0.0000e+00    80.7506    4.58166    34.6340    34.6506    26.9298    1485.05    1482.05 0.0000e+00
       2728    100.000     8.3708     8.3693   3.626070   3.627497     1.8936    -0.0603      64.87 4.9481e-02 0.0000e+00    80.8372    4.57249    34.6378    34.6544    26.9335    1485.05    1482.08 0.0000e+00
       2749    101.000     8.3666     8.3651   3.626004   3.627438     1.8898    -0.0617      87.14 4.9506e-02 0.0000e+00    80.8207    4.57377    34.6407    34.6575    26.9365    1485.06    1482.11 0.0000e+00
       2770    102.000     8.3617     8.3603   3.625949   3.627391     1.8868    -0.0627      50.00 4.9471e-02 0.0000e+00    80.7917    4.57765    34.6445    34.6612    26.9402    1485.06    1482.13 0.0000e+00
       2791    103.000     8.3533     8.3521   3.625826   3.627262     1.8854    -0.0635      27.20 4.9472e-02 0.0000e+00    80.7634    4.59000    34.6510    34.6674    26.9465    1485.06    1482.16 0.0000e+00
       2812    104.000     8.3404     8.3395   3.625416   3.626851     1.8849    -0.0631      79.75 4.9505e-02 0.0000e+00    80.8183    4.59490    34.6588    34.6750    26.9547    1485.03    1482.19 0.0000e+00
       2833    105.000     8.3246     8.3234   3.625087   3.626515     1.8842    -0.0692      84.78 4.9505e-02 0.0000e+00    80.8554    4.59997    34.6704    34.6868    26.9662    1485.00    1482.22 0.0000e+00
       2854    106.000     8.3153     8.3139   3.624854   3.626287     1.8846    -0.0626      64.09 4.9478e-02 0.0000e+00    80.8809    4.60530    34.6766    34.6933    26.9725    1484.99    1482.24 0.0000e+00
       2875    107.000     8.3090     8.3077   3.624930   3.626367     1.8844    -0.0635      65.85 4.9499e-02 0.0000e+00    80.9712    4.60109    34.6832    34.6998    26.9786    1484.99    1482.27 0.0000e+00
       2897    108.000     8.3010     8.2996   3.624698   3.626121     1.8843    -0.0697      47.53 4.9477e-02 0.0000e+00    81.0504    4.60841    34.6881    34.7047    26.9837    1484.99    1482.29 0.0000e+00
       2918    109.000     8.2888     8.2878   3.624082   3.625503     1.8847    -0.0685      95.27 4.9472e-02 0.0000e+00    81.0743    4.61552    34.6931    34.7092    26.9895    1484.96    1482.32 0.0000e+00
       2939    110.000     8.2790     8.2779   3.623732   3.625157     1.8854    -0.0698      38.78 4.9485e-02 0.0000e+00    81.1000    4.62118    34.6986    34.7148    26.9952    1484.95    1482.34 0.0000e+00
       2960    111.000     8.2702     8.2689   3.623562   3.624985     1.8861    -0.0606      99.60 4.9492e-02 0.0000e+00    80.9847    4.60453    34.7050    34.7214    27.0016    1484.94    1482.37 0.0000e+00
       2981    112.000     8.2616     8.2603   3.623441   3.624869     1.8833    -0.0696      98.59 4.9483e-02 0.0000e+00    80.7110    4.55697    34.7117    34.7282    27.0082    1484.93    1482.39 0.0000e+00
       3002    113.000     8.2547     8.2534   3.623143   3.624577     1.8775    -0.0633      48.22 4.9492e-02 0.0000e+00    80.5587    4.51662    34.7148    34.7314    27.0117    1484.93    1482.41 0.0000e+00
       3024    114.000     8.2497     8.2482   3.622994   3.624430     1.8714    -0.0618      87.72 4.9495e-02 0.0000e+00    80.5570    4.50535    34.7177    34.7345    27.0147    1484.93    1482.43 0.0000e+00
       3044    115.000     8.2422     8.2410   3.622874   3.624304     1.8668    -0.0571      84.05 4.9485e-02 0.0000e+00    80.5680    4.50183    34.7233    34.7398    27.0203    1484.93    1482.46 0.0000e+00
       3065    116.000     8.2356     8.2341   3.622754   3.624172     1.8622    -0.0645      77.29 4.9479e-02 0.0000e+00    80.5460    4.48273    34.7281    34.7447    27.0250    1484.92    1482.48 0.0000e+00
       3086    117.000     8.2331     8.2314   3.622771   3.624199     1.8573    -0.0628      52.42 4.9518e-02 0.0000e+00    80.5824    4.47226    34.7303    34.7472    27.0271    1484.93    1482.50 0.0000e+00
       3107    118.000     8.2312     8.2295   3.622874   3.624290     1.8533    -0.0687      92.10 4.9499e-02 0.0000e+00    80.5792    4.47701    34.7328    34.7496    27.0294    1484.95    1482.52 0.0000e+00
       3127    119.000     8.2305     8.2287   3.623032   3.624464     1.8513    -0.0594      57.22 4.9495e-02 0.0000e+00    80.6377    4.48876    34.7347    34.7517    27.0310    1484.96    1482.54 0.0000e+00
       3148    120.000     8.2277     8.2263   3.623093   3.624525     1.8503    -0.0588      45.89 4.9466e-02 0.0000e+00    80.7206    4.50679    34.7376    34.7543    27.0337    1484.97    1482.56 0.0000e+00
       3169    121.000     8.2187     8.2176   3.622858   3.624282     1.8512    -0.0686      76.64 4.9479e-02 0.0000e+00    80.8537    4.53326    34.7435    34.7598    27.0397    1484.96    1482.58 0.0000e+00
       3190    122.000     8.2092     8.2079   3.622587   3.624015     1.8540    -0.0620      45.07 4.9481e-02 0.0000e+00    80.9864    4.56701    34.7495    34.7661    27.0459    1484.95    1482.60 0.0000e+00
       3210    123.000     8.2019     8.2006   3.622323   3.623749     1.8586    -0.0660      83.17 4.9472e-02 0.0000e+00    81.0837    4.59704    34.7535    34.7700    27.0501    1484.94    1482.62 0.0000e+00
       3231    124.000     8.1942     8.1929   3.622147   3.623566     1.8635    -0.0641      92.80 4.9479e-02 0.0000e+00    81.1485    4.60938    34.7587    34.7752    27.0554    1484.94    1482.64 0.0000e+00
       3252    125.000     8.1904     8.1888   3.622083   3.623515     1.8672    -0.0678      46.18 4.9492e-02 0.0000e+00    81.2034    4.60867    34.7613    34.7782    27.0580    1484.94    1482.65 0.0000e+00
       3273    126.000     8.1881     8.1864   3.622026   3.623450     1.8699    -0.0833      76.64 4.9479e-02 0.0000e+00    81.2135    4.60431    34.7625    34.7794    27.0593    1484.95    1482.67 0.0000e+00
       3293    127.000     8.1858     8.1840   3.621959   3.623378     1.8715    -0.0959      71.57 4.9488e-02 0.0000e+00    81.2551    4.60142    34.7636    34.7805    27.0605    1484.96    1482.69 0.0000e+00
       3314    128.000     8.1817     8.1800   3.622019   3.623428     1.8726    -0.0944      41.13 4.9509e-02 0.0000e+00    81.2354    4.59812    34.7678    34.7845    27.0644    1484.97    1482.71 0.0000e+00
       3334    129.000     8.1789     8.1770   3.621908   3.623331     1.8729    -0.0726      55.40 4.9465e-02 0.0000e+00    81.2230    4.59359    34.7689    34.7860    27.0657    1484.97    1482.73 0.0000e+00
       3354    130.000     8.1744     8.1728   3.621716   3.623142     1.8730    -0.0717      78.89 4.9488e-02 0.0000e+00    81.2236    4.59362    34.7708    34.7877    27.0679    1484.98    1482.74 0.0000e+00
       3375    131.000     8.1705     8.1689   3.621610   3.623038     1.8731    -0.0765      58.25 4.9492e-02 0.0000e+00    81.2325    4.59430    34.7731    34.7899    27.0702    1484.98    1482.76 0.0000e+00
       3395    132.000     8.1680     8.1662   3.621547   3.622969     1.8730    -0.0702      60.04 4.9488e-02 0.0000e+00    81.1915    4.59205    34.7744    34.7914    27.0717    1484.99    1482.78 0.0000e+00
       3415    133.000     8.1654     8.1638   3.621540   3.622970     1.8728    -0.0716      36.03 4.9501e-02 0.0000e+00    81.1773    4.58361    34.7764    34.7933    27.0736    1485.00    1482.79 0.0000e+00
       3436    134.000     8.1638     8.1621   3.621649   3.623068     1.8712    -0.0725      57.98 4.9481e-02 0.0000e+00    81.1658    4.56854    34.7787    34.7955    27.0757    1485.01    1482.81 0.0000e+00
       3456    135.000     8.1553     8.1539   3.621416   3.622833     1.8697    -0.0763      57.25 4.9509e-02 0.0000e+00    81.1588    4.56728    34.7841    34.8007    27.0812    1485.00    1482.83 0.0000e+00
       3476    136.000     8.1536     8.1520   3.621354   3.622773     1.8685    -0.0703      72.97 4.9492e-02 0.0000e+00    81.1902    4.57325    34.7847    34.8014    27.0819    1485.01    1482.84 0.0000e+00
       3496    137.000     8.1484     8.1468   3.621126   3.622551     1.8681    -0.0665      44.29 4.9515e-02 0.0000e+00    81.2027    4.58273    34.7869    34.8037    27.0844    1485.01    1482.86 0.0000e+00
       3517    138.000     8.1444     8.1428   3.620971   3.622402     1.8684    -0.0676      53.74 4.9481e-02 0.0000e+00    81.1900    4.58888    34.7887    34.8056    27.0865    1485.02    1482.87 0.0000e+00
       3537    139.000     8.1383     8.1368   3.620767   3.622180     1.8688    -0.0673      52.77 4.9502e-02 0.0000e+00    81.1539    4.58673    34.7921    34.8087    27.0901    1485.02    1482.89 0.0000e+00
       3557    140.000     8.1328     8.1314   3.620523   3.621959     1.8683    -0.0656      52.01 4.9479e-02 0.0000e+00    81.1088    4.57787    34.7945    34.8112    27.0927    1485.01    1482.90 0.0000e+00
       3577    141.000     8.1296     8.1280   3.620565   3.621988     1.8674    -0.0645      51.16 4.9488e-02 0.0000e+00    81.0183    4.56501    34.7976    34.8144    27.0957    1485.02    1482.92 0.0000e+00
       3597    142.000     8.1246     8.1232   3.620512   3.621940     1.8653    -0.0670      46.02 4.9481e-02 0.0000e+00    80.9135    4.54654    34.8015    34.8182    27.0995    1485.02    1482.93 0.0000e+00
       3618    143.000     8.1195     8.1180   3.620314   3.621734     1.8626    -0.0679      31.52 4.9488e-02 0.0000e+00    80.8988    4.53521    34.8040    34.8207    27.1022    1485.02    1482.95 0.0000e+00
       3638    144.000     8.1169     8.1153   3.620212   3.621643     1.8599    -0.0621      48.04 4.9479e-02 0.0000e+00    80.9715    4.53431    34.8050    34.8219    27.1034    1485.03    1482.96 0.0000e+00
       3658    145.000     8.1152     8.1134   3.620123   3.621547     1.8584    -0.0660      47.41 4.9481e-02 0.0000e+00    81.0130    4.54713    34.8052    34.8223    27.1039    1485.04    1482.98 0.0000e+00
       3678    146.000     8.1111     8.1096   3.619998   3.621426     1.8581    -0.0665      46.66 4.9488e-02 0.0000e+00    80.9844    4.55256    34.8075    34.8243    27.1062    1485.05    1482.99 0.0000e+00
       3699    147.000     8.1057     8.1041   3.619904   3.621324     1.8575    -0.0684      45.32 4.9502e-02 0.0000e+00    80.9423    4.54594    34.8114    34.8282    27.1101    1485.05    1483.01 0.0000e+00
       3718    148.000     8.1028     8.1012   3.619811   3.621243     1.8564    -0.0692      44.26 4.9474e-02 0.0000e+00    80.8493    4.53696    34.8128    34.8297    27.1116    1485.06    1483.02 0.0000e+00
       3738    149.000     8.0993     8.0978   3.619677   3.621098     1.8549    -0.0723      43.40 4.9498e-02 0.0000e+00    80.8271    4.53154    34.8143    34.8310    27.1134    1485.06    1483.03 0.0000e+00
       3758    150.000     8.0954     8.0938   3.619560   3.620983     1.8537    -0.0676      42.35 4.9474e-02 0.0000e+00    80.8386    4.53319    34.8165    34.8333    27.1157    1485.06    1483.05 0.0000e+00
       3777    151.000     8.0934     8.0919   3.619631   3.621073     1.8529    -0.0676      41.22 4.9487e-02 0.0000e+00    80.8181    4.53377    34.8187    34.8357    27.1177    1485.08    1483.06 0.0000e+00
       3797    152.000     8.0922     8.0905   3.619845   3.621277     1.8520    -0.0695      40.36 4.9488e-02 0.0000e+00    80.7527    4.52973    34.8217    34.8387    27.1203    1485.09    1483.07 0.0000e+00
       3817    153.000     8.0924     8.0906   3.619974   3.621387     1.8509    -0.0710      38.89 4.9467e-02 0.0000e+00    80.7303    4.52737    34.8224    34.8393    27.1208    1485.11    1483.09 0.0000e+00
