_data/ctd/2022603/sta0153.cnv
* Sea-Bird SBE 9 Data File:
* FileName = C:\Seabird\CTDData\sta0153.hex
* Software Version Seasave V 7.21f
* Temperature SN = 6264
* Conductivity SN = 4928
* Number of Bytes Per Scan = 40
* Number of Voltage Words = 5
* Number of Scans Averaged by the Deck Unit = 1
* NMEA Latitude = 60 15.57 N
* NMEA Longitude = 006 11.41 E
* NMEA UTC (Time) = Feb 10 2022 08:45:59
* NMEA baud rate = 4800
** Ship: R/V "Kristine Bonnevie"
** Station: 0153
** Echodepth: 536
** Log: 0132.215
** Wind-Dir/Force: 19 10
** Air-temp (dry): 1.7
** Weather Sky:
** Sea:
** H3_2
# nquan = 19                                
# nvalues = 540                         
# units = specified
# name 0 = scan: Scan Count
# name 1 = prDM: Pressure, Digiquartz [db]
# name 2 = t068C: Temperature [ITS-68, deg C]
# name 3 = t168C: Temperature, 2 [ITS-68, deg C]
# name 4 = c0S/m: Conductivity [S/m]
# name 5 = c1S/m: Conductivity, 2 [S/m]
# name 6 = sbeox0V: Oxygen raw, SBE 43 [V]
# name 7 = flECO-AFL: Fluorescence, WET Labs ECO-AFL/FL [mg/m^3]
# name 8 = altM: Altimeter [m]
# name 9 = par: PAR/Irradiance, Biospherical/Licor
# name 10 = spar: SPAR/Surface Irradiance
# name 11 = CStarTr0: Beam Transmission, WET Labs C-Star [%]
# name 12 = sbeox0ML/L: Oxygen, SBE 43 [ml/l], WS = 2
# name 13 = sal00: Salinity, Practical [PSU]
# name 14 = sal11: Salinity, Practical, 2 [PSU]
# name 15 = sigma-t00: Density [sigma-t, Kg/m^3 ]
# name 16 = svCM: Sound Velocity [Chen-Millero, m/s]
# name 17 = avgsvCM: Average Sound Velocity [Chen-Millero, m/s], minP = 1, minS = 5
# name 18 = flag: flag
# span 0 =        296,      13826       
# span 1 =      2.000,    541.000       
# span 2 =     5.9799,    10.2216       
# span 3 =     5.9781,    10.2225       
# span 4 =   2.976087,   3.711808       
# span 5 =   2.976789,   3.713396       
# span 6 =     1.7469,     2.4523       
# span 7 =    -0.1014,     0.7967       
# span 8 =       9.99,      99.93       
# span 9 = 4.9445e-02, 4.5521e+00       
# span 10 = 3.9973e+00, 1.4163e+01      
# span 11 =    79.9107,    82.2758      
# span 12 =    4.43747,    6.94747      
# span 13 =    29.8625,    34.9854      
# span 14 =    29.8718,    35.0005      
# span 15 =    23.4981,    27.3198      
# span 16 =    1468.22,    1489.89      
# span 17 =    1468.24,    1486.09      
# span 18 = 0.0000e+00, 0.0000e+00      
# interval = decibars: 1                
# start_time = Feb 10 2022 08:46:02 [System UTC, header]
# bad_flag = -9.990e-29
*END*
[from data line 153]
       4102    155.000     8.1284     8.1268   3.628505   3.629813     2.1165    -0.0947      84.11 4.9502e-02 3.9973e+00    81.8364    5.37921    34.8770    34.8926    27.1582    1485.35    1483.27 0.0000e+00
       4125    156.000     8.1268     8.1254   3.628478   3.629785     2.1127    -0.0910      77.58 4.9491e-02 3.9973e+00    81.8206    5.37291    34.8778    34.8932    27.1591    1485.36    1483.28 0.0000e+00
       4147    157.000     8.1256     8.1241   3.628446   3.629759     2.1095    -0.0663      97.95 4.9496e-02 3.9973e+00    81.8478    5.36991    34.8782    34.8937    27.1596    1485.37    1483.30 0.0000e+00
       4170    158.000     8.1237     8.1223   3.628390   3.629699     2.1070    -0.0670      58.21 4.9487e-02 3.9973e+00    81.8552    5.36966    34.8790    34.8944    27.1605    1485.38    1483.31 0.0000e+00
       4193    159.000     8.1215     8.1202   3.628318   3.629636     2.1052    -0.0677      88.76 4.9463e-02 3.9973e+00    81.8519    5.36535    34.8799    34.8953    27.1616    1485.39    1483.32 0.0000e+00
       4216    160.000     8.1168     8.1157   3.628079   3.629399     2.1029    -0.0682      78.95 4.9481e-02 3.9973e+00    81.8542    5.36086    34.8816    34.8968    27.1636    1485.39    1483.34 0.0000e+00
       4239    161.000     8.1085     8.1077   3.627584   3.628908     2.1011    -0.0664      68.68 4.9469e-02 3.9973e+00    81.8342    5.36193    34.8840    34.8990    27.1668    1485.38    1483.35 0.0000e+00
       4262    162.000     8.1031     8.1017   3.627294   3.628592     2.1002    -0.0696      82.77 4.9496e-02 3.9973e+00    81.8462    5.36366    34.8858    34.9011    27.1690    1485.38    1483.36 0.0000e+00
       4285    163.000     8.1021     8.1007   3.627255   3.628564     2.0985    -0.0622      82.80 4.9474e-02 3.9973e+00    81.8710    5.35302    34.8859    34.9013    27.1692    1485.39    1483.37 0.0000e+00
       4307    164.000     8.0973     8.0962   3.626999   3.628314     2.0969    -0.0665      98.07 4.9502e-02 3.9973e+00    81.8348    5.34601    34.8875    34.9026    27.1711    1485.39    1483.39 0.0000e+00
       4330    165.000     8.0955     8.0939   3.626937   3.628243     2.0945    -0.0615      50.83 4.9469e-02 3.9973e+00    81.8644    5.33278    34.8881    34.9037    27.1719    1485.40    1483.40 0.0000e+00
       4353    166.000     8.0899     8.0896   3.626624   3.627988     2.0923    -0.0944      93.83 4.9481e-02 3.9973e+00    81.8629    5.32673    34.8898    34.9048    27.1741    1485.40    1483.41 0.0000e+00
       4376    167.000     8.0805     8.0807   3.626159   3.627532     2.0897    -0.0929      98.15 4.9469e-02 3.9973e+00    81.8717    5.31692    34.8937    34.9082    27.1786    1485.38    1483.42 0.0000e+00
       4399    168.000     8.0765     8.0756   3.626053   3.627369     2.0869    -0.0889      62.38 4.9499e-02 3.9973e+00    81.8507    5.30778    34.8961    34.9111    27.1811    1485.39    1483.43 0.0000e+00
       4422    169.000     8.0737     8.0722   3.626011   3.627320     2.0842    -0.0770      84.60 4.9499e-02 3.9973e+00    81.8289    5.30394    34.8979    34.9135    27.1829    1485.40    1483.44 0.0000e+00
       4445    170.000     8.0728     8.0713   3.626035   3.627333     2.0821    -0.0667      98.85 4.9469e-02 3.9973e+00    81.8629    5.30818    34.8986    34.9140    27.1836    1485.41    1483.46 0.0000e+00
       4468    171.000     8.0724     8.0706   3.626043   3.627338     2.0812    -0.0691      85.84 4.9488e-02 3.9973e+00    81.8589    5.31670    34.8986    34.9143    27.1837    1485.43    1483.47 0.0000e+00
       4491    172.000     8.0720     8.0705   3.626065   3.627377     2.0812    -0.0688      86.33 4.9500e-02 3.9973e+00    81.8513    5.33087    34.8988    34.9143    27.1838    1485.44    1483.48 0.0000e+00
       4515    173.000     8.0665     8.0657   3.625673   3.626987     2.0820    -0.0686      87.03 4.9474e-02 3.9973e+00    81.8421    5.33727    34.8996    34.9144    27.1853    1485.44    1483.49 0.0000e+00
       4538    174.000     8.0633     8.0619   3.625482   3.626797     2.0831    -0.0988      94.53 4.9475e-02 3.9973e+00    81.8190    5.33884    34.9002    34.9157    27.1863    1485.44    1483.50 0.0000e+00
       4561    175.000     8.0607     8.0598   3.625364   3.626684     2.0832    -0.0707      98.82 4.9469e-02 3.9973e+00    81.7966    5.32891    34.9011    34.9161    27.1873    1485.45    1483.51 0.0000e+00
       4584    176.000     8.0556     8.0543   3.625068   3.626360     2.0821    -0.0704      68.49 4.9481e-02 3.9973e+00    81.8145    5.31224    34.9025    34.9176    27.1892    1485.45    1483.52 0.0000e+00
       4608    177.000     8.0487     8.0475   3.624709   3.626018     2.0797    -0.0647      78.35 4.9509e-02 3.9973e+00    81.8242    5.29455    34.9050    34.9202    27.1922    1485.44    1483.53 0.0000e+00
       4631    178.000     8.0499     8.0485   3.624844   3.626159     2.0771    -0.0755      77.77 4.9470e-02 3.9973e+00    81.8189    5.29026    34.9048    34.9203    27.1919    1485.46    1483.55 0.0000e+00
       4654    179.000     8.0507     8.0494   3.624956   3.626272     2.0749    -0.0651      93.39 4.9487e-02 3.9973e+00    81.8155    5.28305    34.9047    34.9201    27.1917    1485.48    1483.56 0.0000e+00
       4677    180.000     8.0505     8.0493   3.625014   3.626329     2.0727    -0.0691      93.42 4.9493e-02 3.9973e+00    81.8192    5.28296    34.9050    34.9203    27.1920    1485.50    1483.57 0.0000e+00
       4700    181.000     8.0452     8.0446   3.624758   3.626078     2.0713    -0.0729      63.77 4.9475e-02 3.9973e+00    81.8091    5.28884    34.9071    34.9218    27.1944    1485.50    1483.58 0.0000e+00
       4723    182.000     8.0361     8.0349   3.624205   3.625495     2.0708    -0.0691      78.46 4.9499e-02 3.9973e+00    81.8166    5.29669    34.9097    34.9248    27.1979    1485.48    1483.59 0.0000e+00
       4746    183.000     8.0324     8.0310   3.624001   3.625304     2.0707    -0.0721      78.37 4.9475e-02 3.9973e+00    81.8026    5.30102    34.9108    34.9261    27.1992    1485.49    1483.60 0.0000e+00
       4770    184.000     8.0229     8.0219   3.623296   3.624577     2.0709    -0.0635      93.53 4.9468e-02 3.9973e+00    81.8108    5.30275    34.9122    34.9269    27.2017    1485.47    1483.61 0.0000e+00
       4793    185.000     8.0155     8.0138   3.622753   3.624033     2.0704    -0.0669      98.09 4.9469e-02 3.9973e+00    81.8078    5.29235    34.9132    34.9287    27.2037    1485.46    1483.62 0.0000e+00
       4816    186.000     8.0123     8.0110   3.622550   3.623849     2.0692    -0.0820      61.02 4.9463e-02 3.9973e+00    81.8367    5.28062    34.9138    34.9290    27.2046    1485.46    1483.63 0.0000e+00
       4840    187.000     8.0100     8.0087   3.622421   3.623735     2.0669    -0.0923      81.99 4.9491e-02 3.9973e+00    81.8431    5.26127    34.9142    34.9296    27.2053    1485.47    1483.64 0.0000e+00
       4863    188.000     8.0078     8.0069   3.622302   3.623647     2.0636    -0.0921      71.87 4.9493e-02 3.9973e+00    81.8565    5.23995    34.9146    34.9299    27.2059    1485.48    1483.65 0.0000e+00
       4886    189.000     8.0070     8.0056   3.622319   3.623617     2.0596    -0.0898      95.60 4.9487e-02 3.9973e+00    81.8494    5.22825    34.9151    34.9304    27.2064    1485.50    1483.66 0.0000e+00
       4909    190.000     8.0069     8.0054   3.622368   3.623681     2.0562    -0.0670      97.76 4.9485e-02 3.9973e+00    81.8458    5.21826    34.9153    34.9308    27.2066    1485.51    1483.67 0.0000e+00
       4933    191.000     8.0063     8.0048   3.622395   3.623688     2.0525    -0.0664      42.01 4.9523e-02 3.9973e+00    81.8414    5.21191    34.9157    34.9310    27.2070    1485.53    1483.68 0.0000e+00
       4956    192.000     8.0051     8.0038   3.622363   3.623664     2.0498    -0.0617      98.31 4.9463e-02 3.9973e+00    81.8541    5.20840    34.9160    34.9313    27.2075    1485.54    1483.69 0.0000e+00
       4979    193.000     8.0013     8.0002   3.622146   3.623460     2.0471    -0.0638      49.24 4.9481e-02 3.9973e+00    81.8481    5.20610    34.9170    34.9322    27.2088    1485.54    1483.70 0.0000e+00
       5002    194.000     7.9990     7.9975   3.622006   3.623299     2.0453    -0.0661      97.05 4.9481e-02 3.9973e+00    81.8564    5.20509    34.9173    34.9327    27.2094    1485.55    1483.71 0.0000e+00
       5026    195.000     7.9970     7.9960   3.621884   3.623204     2.0436    -0.0676      70.13 4.9480e-02 3.9973e+00    81.8509    5.20419    34.9175    34.9327    27.2098    1485.56    1483.72 0.0000e+00
       5049    196.000     7.9956     7.9942   3.621811   3.623112     2.0420    -0.0637      98.60 4.9481e-02 3.9973e+00    81.8663    5.19650    34.9176    34.9330    27.2101    1485.57    1483.72 0.0000e+00
       5072    197.000     7.9926     7.9915   3.621610   3.622914     2.0402    -0.0705      84.57 4.9481e-02 3.9973e+00    81.8736    5.18745    34.9180    34.9331    27.2109    1485.58    1483.73 0.0000e+00
       5096    198.000     7.9906     7.9892   3.621495   3.622788     2.0378    -0.0875      98.87 4.9474e-02 3.9973e+00    81.8611    5.17928    34.9183    34.9335    27.2114    1485.59    1483.74 0.0000e+00
       5119    199.000     7.9807     7.9799   3.620746   3.622057     2.0357    -0.0650      87.84 4.9474e-02 3.9973e+00    81.8752    5.17679    34.9196    34.9345    27.2139    1485.57    1483.75 0.0000e+00
       5143    200.000     7.9753     7.9739   3.620363   3.621677     2.0336    -0.0690      84.52 4.9475e-02 3.9973e+00    81.8765    5.17082    34.9204    34.9359    27.2153    1485.56    1483.76 0.0000e+00
       5166    201.000     7.9714     7.9703   3.620124   3.621452     2.0318    -0.0656      98.10 4.9481e-02 3.9973e+00    81.8794    5.16169    34.9212    34.9366    27.2166    1485.57    1483.77 0.0000e+00
       5190    202.000     7.9602     7.9603   3.619278   3.620653     2.0287    -0.0720      52.76 4.9515e-02 3.9973e+00    81.8473    5.14325    34.9228    34.9375    27.2195    1485.54    1483.78 0.0000e+00
       5213    203.000     7.9513     7.9505   3.618506   3.619823     2.0254    -0.0656      95.66 4.9491e-02 -9.990e-29    81.8846    5.13314    34.9229    34.9379    27.2209    1485.53    1483.79 0.0000e+00
       5237    204.000     7.9408     7.9393   3.617703   3.618938     2.0221    -0.0857      68.04 4.9475e-02 -9.990e-29    81.8890    5.12438    34.9243    34.9391    27.2236    1485.50    1483.80 0.0000e+00
       5261    205.000     7.9225     7.9224   3.616318   3.617643     2.0187    -0.0785      99.51 4.9480e-02 -9.990e-29    81.9129    5.10983    34.9272    34.9415    27.2286    1485.45    1483.80 0.0000e+00
       5285    206.000     7.9138     7.9113   3.615728   3.616926     2.0143    -0.0745      86.72 4.9485e-02 -9.990e-29    81.9334    5.07960    34.9290    34.9444    27.2313    1485.44    1483.81 0.0000e+00
       5308    207.000     7.9114     7.9102   3.615602   3.616913     2.0083    -0.0717      24.95 4.9506e-02 3.9973e+00    81.9671    5.05057    34.9296    34.9449    27.2321    1485.45    1483.82 0.0000e+00
       5331    208.000     7.9073     7.9056   3.615331   3.616565     2.0023    -0.0703      68.95 4.9481e-02 3.9973e+00    81.9671    5.03233    34.9303    34.9453    27.2333    1485.45    1483.83 0.0000e+00
       5355    209.000     7.8935     7.8942   3.614288   3.615677     1.9965    -0.0635      65.18 4.9503e-02 3.9973e+00    81.9647    5.01869    34.9324    34.9466    27.2370    1485.42    1483.84 0.0000e+00
       5378    210.000     7.8847     7.8835   3.613682   3.614987     1.9912    -0.0664      86.95 4.9494e-02 3.9973e+00    81.9342    5.00759    34.9341    34.9494    27.2397    1485.40    1483.84 0.0000e+00
       5401    211.000     7.8843     7.8830   3.613709   3.615000     1.9861    -0.0771      72.13 4.9445e-02 4.0513e+00    81.9689    4.99831    34.9343    34.9495    27.2399    1485.42    1483.85 0.0000e+00
       5424    212.000     7.8846     7.8833   3.613785   3.615076     1.9819    -0.0676      96.80 4.9494e-02 -9.990e-29    81.9931    4.98821    34.9344    34.9496    27.2399    1485.44    1483.86 0.0000e+00
       5448    213.000     7.8848     7.8833   3.613843   3.615134     1.9779    -0.0571      95.00 4.9538e-02 -9.990e-29    81.9889    4.97852    34.9343    34.9497    27.2398    1485.45    1483.87 0.0000e+00
       5471    214.000     7.8843     7.8829   3.613859   3.615142     1.9740    -0.0724      47.23 4.9464e-02 -9.990e-29    81.9727    4.97292    34.9345    34.9497    27.2400    1485.47    1483.87 0.0000e+00
       5494    215.000     7.8777     7.8770   3.613372   3.614685     1.9711    -0.0646      85.41 4.9517e-02 -9.990e-29    81.9906    4.97247    34.9354    34.9502    27.2417    1485.46    1483.88 0.0000e+00
       5517    216.000     7.8726     7.8712   3.613045   3.614317     1.9688    -0.0648      74.48 4.9487e-02 -9.990e-29    81.9837    4.97296    34.9365    34.9515    27.2433    1485.46    1483.89 0.0000e+00
       5541    217.000     7.8715     7.8701   3.613003   3.614280     1.9668    -0.0672      64.46 4.9503e-02 -9.990e-29    81.9785    4.96847    34.9366    34.9518    27.2436    1485.47    1483.89 0.0000e+00
       5564    218.000     7.8696     7.8687   3.612889   3.614221     1.9648    -0.0788      72.53 4.9499e-02 -9.990e-29    82.0164    4.96098    34.9368    34.9520    27.2440    1485.48    1483.90 0.0000e+00
       5588    219.000     7.8663     7.8653   3.612677   3.613986     1.9627    -0.1012      70.62 4.9485e-02 -9.990e-29    82.0004    4.95750    34.9373    34.9524    27.2449    1485.48    1483.91 0.0000e+00
       5611    220.000     7.8651     7.8638   3.612651   3.613937     1.9609    -0.0714      94.95 4.9493e-02 4.5202e+00    81.9963    4.94993    34.9378    34.9529    27.2455    1485.50    1483.92 0.0000e+00
       5634    221.000     7.8646     7.8633   3.612658   3.613955     1.9588    -0.0711      32.64 4.9497e-02 5.3229e+00    82.0116    4.94624    34.9379    34.9531    27.2456    1485.51    1483.92 0.0000e+00
       5658    222.000     7.8656     7.8639   3.612790   3.614060     1.9572    -0.0656      98.28 4.9493e-02 5.6200e+00    82.0236    4.94338    34.9378    34.9532    27.2454    1485.53    1483.93 0.0000e+00
       5681    223.000     7.8656     7.8644   3.612826   3.614127     1.9557    -0.0609      53.23 4.9503e-02 5.6912e+00    82.0486    4.94193    34.9377    34.9529    27.2453    1485.55    1483.94 0.0000e+00
       5705    224.000     7.8642     7.8630   3.612771   3.614057     1.9543    -0.0676      94.25 4.9493e-02 5.9783e+00    82.0279    4.93848    34.9380    34.9531    27.2458    1485.56    1483.95 0.0000e+00
       5728    225.000     7.8624     7.8611   3.612671   3.613968     1.9530    -0.0597      66.20 4.9518e-02 -9.990e-29    82.0385    4.93458    34.9383    34.9535    27.2462    1485.57    1483.95 0.0000e+00
       5752    226.000     7.8597     7.8587   3.612518   3.613827     1.9517    -0.0634      96.01 4.9474e-02 -9.990e-29    82.0446    4.93587    34.9388    34.9539    27.2471    1485.58    1483.96 0.0000e+00
       5775    227.000     7.8586     7.8573   3.612485   3.613775     1.9511    -0.0611      87.95 4.9493e-02 -9.990e-29    81.9980    4.93738    34.9391    34.9543    27.2475    1485.59    1483.97 0.0000e+00
       5798    228.000     7.8538     7.8530   3.612103   3.613433     1.9503    -0.0601      35.75 4.9475e-02 5.9960e+00    82.0217    4.93375    34.9393    34.9544    27.2483    1485.59    1483.97 0.0000e+00
       5821    229.000     7.8506     7.8492   3.611910   3.613185     1.9495    -0.0620      91.11 4.9505e-02 5.9960e+00    82.0359    4.93261    34.9399    34.9550    27.2493    1485.59    1483.98 0.0000e+00
