_data/ctd/2022603/sta0155.cnv
* Sea-Bird SBE 9 Data File:
* FileName = C:\Seabird\CTDData\sta0155.hex
* Software Version Seasave V 7.21f
* Temperature SN = 6264
* Conductivity SN = 4928
* Number of Bytes Per Scan = 40
* Number of Voltage Words = 5
* Number of Scans Averaged by the Deck Unit = 1
* NMEA Latitude = 59 58.49 N
* NMEA Longitude = 005 58.84 E
* NMEA UTC (Time) = Feb 10 2022 14:30:10
* NMEA baud rate = 4800
** Ship: R/V "Kristine Bonnevie"
** Station: 0155
** Echodepth: 163
** Log: 0160.081
** Wind-Dir/Force: 55 1.3
** Air-temp (dry): 2.1
** Weather Sky:
** Sea:
# nquan = 19                                
# nvalues = 156                         
# units = specified
# name 0 = scan: Scan Count
# name 1 = prDM: Pressure, Digiquartz [db]
# name 2 = t068C: Temperature [ITS-68, deg C]
# name 3 = t168C: Temperature, 2 [ITS-68, deg C]
# name 4 = c0S/m: Conductivity [S/m]
# name 5 = c1S/m: Conductivity, 2 [S/m]
# name 6 = sbeox0V: Oxygen raw, SBE 43 [V]
# name 7 = flECO-AFL: Fluorescence, WET Labs ECO-AFL/FL [mg/m^3]
# name 8 = altM: Altimeter [m]
# name 9 = par: PAR/Irradiance, Biospherical/Licor
# name 10 = spar: SPAR/Surface Irradiance
# name 11 = CStarTr0: Beam Transmission, WET Labs C-Star [%]
# name 12 = sbeox0ML/L: Oxygen, SBE 43 [ml/l], WS = 2
# name 13 = sal00: Salinity, Practical [PSU]
# name 14 = sal11: Salinity, Practical, 2 [PSU]
# name 15 = sigma-t00: Density [sigma-t, Kg/m^3 ]
# name 16 = svCM: Sound Velocity [Chen-Millero, m/s]
# name 17 = avgsvCM: Average Sound Velocity [Chen-Millero, m/s], minP = 1, minS = 5
# name 18 = flag: flag
# span 0 =         -7,       3190       
# span 1 =      3.000,    158.000       
# span 2 =     6.2194,    10.0501       
# span 3 =     6.1808,    10.0501       
# span 4 =   3.023279,   3.717901       
# span 5 =   3.017872,   3.719336       
# span 6 =     2.1439,     2.4376       
# span 7 =    -0.0924,     0.9010       
# span 8 =       6.29,     102.48       
# span 9 = 4.9465e-02, 2.3260e+01       
# span 10 = 4.3971e+01, 4.5969e+01      
# span 11 =    79.0712,    81.6911      
# span 12 =    5.25584,    6.86681      
# span 13 =    30.1722,    34.8726      
# span 14 =    30.1468,    34.8875      
# span 15 =    23.7144,    27.1539      
# span 16 =    1469.58,    1489.22      
# span 17 =    1469.58,    1484.24      
# span 18 = 0.0000e+00, 0.0000e+00      
# interval = decibars: 1                
# start_time = Feb 10 2022 14:30:12 [System UTC, header]
# bad_flag = -9.990e-29
*END*
         -7      3.000     6.2194     6.1808   3.023279   3.017872     2.4300     0.9010     102.48 2.3260e+01 4.5969e+01    79.0712    6.85886    30.1722    30.1468    23.7144    1469.58    1469.58 0.0000e+00
         33      4.000     6.2891     6.2801   3.035719   3.035925     2.4314     0.8701      91.79 1.7927e+01 4.5969e+01    79.1308    6.86681    30.2469    30.2572    23.7651    1469.96    1469.67 0.0000e+00
         61      5.000     6.4889     6.4829   3.071650   3.073004     2.4331     0.8519      91.52 1.4321e+01 4.5969e+01    79.1779    6.84229    30.4633    30.4835    23.9115    1471.05    1469.95 0.0000e+00
         82      6.000     6.4838     6.4949   3.069067   3.071329     2.4355     0.7878      98.84 1.1419e+01 4.5969e+01    79.1462    6.85943    30.4391    30.4540    23.8930    1471.01    1470.12 0.0000e+00
        103      7.000     6.6292     6.5980   3.097357   3.094714     2.4373     0.7787      79.28 9.2385e+00 4.5969e+01    79.3155    6.81220    30.6185    30.6175    24.0164    1471.83    1470.37 0.0000e+00
        123      8.000     6.7253     6.7233   3.112878   3.113710     2.4371     0.7625      98.64 7.5161e+00 4.5969e+01    79.3941    6.78515    30.7015    30.7124    24.0697    1472.33    1470.61 0.0000e+00
        143      9.000     6.7437     6.7427   3.115705   3.116434     2.4376     0.7502      98.83 6.1613e+00 4.5969e+01    79.5001    6.77642    30.7154    30.7243    24.0784    1472.44    1470.81 0.0000e+00
        163     10.000     6.7534     6.7518   3.117589   3.118643     2.4365     0.7075      75.59 5.1333e+00 4.5969e+01    79.5854    6.74896    30.7268    30.7398    24.0861    1472.50    1470.98 0.0000e+00
        182     11.000     6.9543     6.9394   3.151334   3.152201     2.4338     0.6862      99.08 4.3039e+00 4.5969e+01    79.6270    6.68973    30.9132    30.9360    24.2072    1473.54    1471.22 0.0000e+00
        202     12.000     7.0367     7.0340   3.164567   3.165349     2.4317     0.6338      98.82 3.6355e+00 4.5969e+01    79.7072    6.68502    30.9822    30.9931    24.2508    1473.97    1471.44 0.0000e+00
        223     13.000     7.0591     7.0540   3.168917   3.169372     2.4311     0.5840      76.30 3.0973e+00 4.5969e+01    79.8574    6.67873    31.0087    31.0183    24.2688    1474.10    1471.65 0.0000e+00
        244     14.000     7.1328     7.1235   3.183059   3.183107     2.4291     0.5608      98.94 2.6632e+00 4.5969e+01    79.9593    6.63257    31.0950    31.1039    24.3270    1474.52    1471.85 0.0000e+00
        264     15.000     7.2342     7.2206   3.203266   3.203468     2.4251     0.5930      94.31 2.2931e+00 4.5969e+01    80.0664    6.59000    31.2213    31.2358    24.4129    1475.08    1472.07 0.0000e+00
        285     16.000     7.4453     7.4271   3.236521   3.236850     2.4219     0.5650      85.55 1.9812e+00 4.5969e+01    80.1338    6.55113    31.3881    31.4081    24.5157    1476.13    1472.32 0.0000e+00
        306     17.000     7.6236     7.6148   3.265485   3.266349     2.4196     0.4985      98.85 1.7299e+00 4.5969e+01    80.2097    6.52344    31.5367    31.5539    24.6080    1477.01    1472.60 0.0000e+00
        326     18.000     7.7042     7.6992   3.281083   3.282180     2.4186     0.4048      84.50 1.5174e+00 4.5969e+01    80.3014    6.50457    31.6298    31.6461    24.6700    1477.46    1472.87 0.0000e+00
        347     19.000     7.7255     7.7240   3.290664   3.292055     2.4164     0.3713      86.66 1.3410e+00 4.5969e+01    80.4073    6.45923    31.7124    31.7286    24.7319    1477.66    1473.12 0.0000e+00
        367     20.000     7.8837     7.8664   3.329228   3.332018     2.4104     0.3716      99.05 1.1904e+00 4.5969e+01    80.4609    6.37170    31.9788    32.0244    24.9188    1478.61    1473.39 0.0000e+00
        388     21.000     8.6352     8.5951   3.463613   3.468033     2.4032     0.3512      76.31 1.0602e+00 4.5969e+01    80.4218    6.23967    32.7069    32.7904    25.3793    1482.36    1473.82 0.0000e+00
        408     22.000     9.1699     9.1553   3.551780   3.552897     2.4027     0.2759      93.70 9.4676e-01 4.5960e+01    80.3063    6.23443    33.1299    33.1551    25.6275    1484.88    1474.31 0.0000e+00
        428     23.000     9.3945     9.3787   3.586892   3.588607     2.4104     0.1248      98.87 8.5764e-01 -9.990e-29    80.6932    6.20776    33.2838    33.3162    25.7119    1485.91    1474.82 0.0000e+00
        448     24.000     9.6265     9.6059   3.624395   3.625261     2.4068     0.0244      71.07 7.9212e-01 -9.990e-29    80.8736    6.01415    33.4534    33.4815    25.8068    1486.98    1475.32 0.0000e+00
        468     25.000     9.7852     9.7780   3.651227   3.652572     2.3903    -0.0011      78.88 7.2949e-01 -9.990e-29    81.0624    5.83559    33.5800    33.6005    25.8795    1487.73    1475.81 0.0000e+00
        488     26.000     9.8265     9.8209   3.659588   3.660925     2.3690    -0.0247      98.74 6.6848e-01 -9.990e-29    81.2353    5.71855    33.6266    33.6455    25.9090    1487.95    1476.27 0.0000e+00
        509     27.000    10.0184    10.0073   3.693294   3.695143     2.3446    -0.0427      66.04 6.2116e-01 -9.990e-29    81.3876    5.59725    33.7908    33.8200    26.0050    1488.86    1476.74 0.0000e+00
        529     28.000    10.0501    10.0501   3.702082   3.703537     2.3210    -0.0463      88.22 5.7335e-01 -9.990e-29    81.4221    5.54710    33.8501    33.8650    26.0460    1489.06    1477.17 0.0000e+00
        548     29.000    10.0214    10.0203   3.701796   3.703195     2.3016    -0.0622      97.99 5.3032e-01 -9.990e-29    81.5106    5.50386    33.8737    33.8890    26.0692    1489.01    1477.58 0.0000e+00
        569     30.000    10.0292    10.0277   3.708094   3.709540     2.2809    -0.0629      61.22 4.9493e-01 -9.990e-29    81.5783    5.43820    33.9301    33.9462    26.1120    1489.12    1477.96 0.0000e+00
        589     31.000    10.0292    10.0279   3.714725   3.716207     2.2617    -0.0598      65.36 4.5693e-01 -9.990e-29    81.5864    5.40067    33.9972    34.0135    26.1643    1489.22    1478.32 0.0000e+00
        609     32.000     9.9905     9.9914   3.714723   3.716139     2.2455    -0.0571      47.17 4.2823e-01 4.5409e+01    81.5770    5.37837    34.0331    34.0467    26.1990    1489.14    1478.66 0.0000e+00
        629     33.000     9.9791     9.9772   3.716301   3.717767     2.2309    -0.0558      71.08 3.9710e-01 4.5274e+01    81.6130    5.34921    34.0595    34.0763    26.2215    1489.15    1478.97 0.0000e+00
        649     34.000     9.9806     9.9799   3.717901   3.719336     2.2178    -0.0558      79.33 3.6792e-01 4.5699e+01    81.6175    5.32370    34.0740    34.0893    26.2326    1489.18    1479.27 0.0000e+00
        669     35.000     9.9503     9.9517   3.716513   3.717909     2.2059    -0.0558      48.21 3.4482e-01 4.5236e+01    81.6471    5.30070    34.0880    34.1009    26.2486    1489.11    1479.55 0.0000e+00
        689     36.000     9.8793     9.8826   3.713316   3.714701     2.1949    -0.0558      87.41 3.2106e-01 4.4694e+01    81.6834    5.28870    34.1220    34.1330    26.2871    1488.91    1479.81 0.0000e+00
        709     37.000     9.8118     9.8138   3.709712   3.711097     2.1856    -0.0559      41.86 2.9786e-01 4.5123e+01    81.6911    5.28157    34.1486    34.1609    26.3192    1488.72    1480.05 0.0000e+00
        729     38.000     9.7476     9.7504   3.707705   3.709079     2.1771 -9.990e-29      66.51 2.7621e-01 4.4787e+01    81.6776    5.26880    34.1885    34.1999    26.3611    1488.55    1480.27 0.0000e+00
        749     39.000     9.6921     9.6934   3.705761   3.707134     2.1695 -9.990e-29      69.37 2.5702e-01 4.5369e+01    81.6891    5.25929    34.2208    34.2337    26.3956    1488.40    1480.48 0.0000e+00
        769     40.000     9.6244     9.6277   3.702354   3.703722     2.1623 -9.990e-29      78.10 2.4112e-01 4.4683e+01    81.6737    5.25584    34.2498    34.2608    26.4295    1488.21    1480.67 0.0000e+00
        790     41.000     9.5182     9.5230   3.696571   3.697914     2.1565 -9.990e-29      57.48 2.2418e-01 4.4593e+01    81.6573    5.26080    34.2912    34.3004    26.4794    1487.89    1480.84 0.0000e+00
        810     42.000     9.4242     9.4275   3.691101   3.692436     2.1518    -0.0832      98.25 2.0861e-01 4.3973e+01    81.6210    5.26341    34.3242    34.3348    26.5207    1487.61    1481.00 0.0000e+00
        830     43.000     9.3804     9.3814   3.688225   3.689538     2.1472    -0.0712      64.65 1.9515e-01 4.3971e+01    81.5927    5.26823    34.3360    34.3486    26.5371    1487.48    1481.15 0.0000e+00
        851     44.000     9.3095     9.3124   3.683665   3.684945     2.1448    -0.0647      68.77 1.8161e-01 4.3971e+01    81.5378    5.29012    34.3563    34.3668    26.5645    1487.26    1481.29 0.0000e+00
        871     45.000     9.2077     9.2133   3.677123   3.678420     2.1439    -0.0579      59.39 1.6952e-01 4.3971e+01    81.5036    5.31552    34.3859    34.3940    26.6042    1486.94    1481.42 0.0000e+00
        891     46.000     9.1234     9.1241   3.671500   3.672808     2.1443    -0.0648      47.01 1.5790e-01 4.3971e+01    81.4595    5.33370    34.4081    34.4211    26.6352    1486.67    1481.53 0.0000e+00
        912     47.000     9.0971     9.0971   3.669542   3.670873     2.1445 -9.990e-29      50.82 1.4865e-01 4.3971e+01    81.4350    5.34522    34.4126    34.4265    26.6430    1486.60    1481.64 0.0000e+00
        932     48.000     9.0547     9.0557   3.666472   3.667738     2.1463 -9.990e-29      75.77 1.4014e-01 4.3971e+01    81.4178    5.37648    34.4211    34.4334    26.6564    1486.47    1481.74 0.0000e+00
        952     49.000     9.0218     9.0212   3.664299   3.665608     2.1496 -9.990e-29      86.80 1.2625e-01 4.3971e+01    81.3924    5.40360    34.4298    34.4440    26.6684    1486.38    1481.83 0.0000e+00
        972     50.000     9.0103     9.0095   3.663527   3.664857     2.1535 -9.990e-29      54.90 1.1806e-01 4.3971e+01    81.3938    5.42523    34.4324    34.4470    26.6723    1486.35    1481.92 0.0000e+00
        993     51.000     8.9944     8.9943   3.662536   3.663866     2.1582 -9.990e-29      75.34 1.1274e-01 4.3971e+01    81.3780    5.44906    34.4369    34.4509    26.6784    1486.32    1482.01 0.0000e+00
       1013     52.000     8.9700     8.9698   3.661005   3.662322     2.1630 -9.990e-29      44.91 1.0796e-01 4.3971e+01    81.3626    5.46349    34.4441    34.4581    26.6879    1486.25    1482.09 0.0000e+00
       1033     53.000     8.9521     8.9517   3.659993   3.661279     2.1667 -9.990e-29      64.30 9.9407e-02 4.3971e+01    81.3525    5.46850    34.4503    34.4642    26.6957    1486.21    1482.17 0.0000e+00
       1054     54.000     8.9282     8.9273   3.658600   3.659865     2.1700 -9.990e-29      81.59 9.1122e-02 4.3971e+01    81.3760    5.47761    34.4585    34.4726    26.7058    1486.15    1482.24 0.0000e+00
       1074     55.000     8.9381     8.9369   3.663849   3.665208     2.1727 -9.990e-29      49.18 8.7739e-02 4.3971e+01    81.3948    5.47742    34.5034    34.5188    26.7395    1486.26    1482.31 0.0000e+00
       1095     56.000     8.8637     8.8664   3.659102   3.660425     2.1751 -9.990e-29      72.25 8.1372e-02 4.3971e+01    81.3974    5.48697    34.5255    34.5367    26.7686    1486.03    1482.38 0.0000e+00
       1115     57.000     8.8463     8.8460   3.657691   3.658984     2.1762 -9.990e-29      60.73 7.6507e-02 4.3971e+01    81.4012    5.46290    34.5271    34.5410    26.7726    1485.98    1482.44 0.0000e+00
       1135     58.000     8.8136     8.8139   3.655312   3.656583     2.1737 -9.990e-29      97.10 7.0340e-02 4.3971e+01    81.3956    5.42674    34.5335    34.5466    26.7828    1485.88    1482.50 0.0000e+00
       1156     59.000     8.7915     8.7911   3.653650   3.654945     2.1691 -9.990e-29      60.03 6.7274e-02 4.3971e+01    81.3893    5.40991    34.5371    34.5511    26.7891    1485.82    1482.56 0.0000e+00
       1176     60.000     8.7730     8.7722   3.653976   3.655268     2.1659 -9.990e-29      66.53 6.2227e-02 4.3971e+01    81.3981    5.41794    34.5581    34.5725    26.8084    1485.80    1482.61 0.0000e+00
       1197     61.000     8.7610     8.7601   3.654295   3.655589     2.1640 -9.990e-29      64.32 5.8736e-02 4.3971e+01    81.4076    5.43368    34.5727    34.5872    26.8218    1485.79    1482.66 0.0000e+00
       1217     62.000     8.7338     8.7341   3.653360   3.654660     2.1638 -9.990e-29      48.45 5.4703e-02 4.3971e+01    81.4010    5.44655    34.5889    34.6023    26.8388    1485.72    1482.71 0.0000e+00
       1238     63.000     8.7011     8.7014   3.651295   3.652569     2.1640 -9.990e-29      81.59 5.2227e-02 4.3971e+01    81.4037    5.44528    34.5986    34.6118    26.8515    1485.63    1482.76 0.0000e+00
       1258     64.000     8.6902     8.6890   3.650501   3.651743     2.1626 -9.990e-29      97.98 5.1127e-02 4.3971e+01    81.4058    5.42600    34.6004    34.6147    26.8547    1485.61    1482.80 0.0000e+00
       1279     65.000     8.6563     8.6568   3.648180   3.649456     2.1601 -9.990e-29      56.49 4.9506e-02 4.3971e+01    81.4092    5.42225    34.6086    34.6216    26.8664    1485.51    1482.85 0.0000e+00
       1300     66.000     8.6431     8.6428   3.647651   3.648956     2.1585    -0.0558      47.00 4.9474e-02 4.3971e+01    81.3973    5.42775    34.6155    34.6296    26.8738    1485.48    1482.89 0.0000e+00
       1320     67.000     8.6307     8.6304   3.647101   3.648380     2.1575    -0.0670      69.37 4.9492e-02 4.3971e+01    81.3918    5.43762    34.6213    34.6352    26.8804    1485.46    1482.92 0.0000e+00
       1340     68.000     8.5896     8.5896   3.643861   3.645179     2.1578    -0.0924      36.77 4.9481e-02 4.3971e+01    81.3844    5.45594    34.6269    34.6408    26.8911    1485.33    1482.96 0.0000e+00
       1361     69.000     8.5676     8.5681   3.642735   3.644109     2.1584    -0.0692      82.10 4.9485e-02 4.3971e+01    81.3924    5.45965    34.6361    34.6501    26.9017    1485.28    1482.99 0.0000e+00
       1382     70.000     8.5842     8.5820   3.645376   3.646722     2.1589    -0.0589      98.53 4.9495e-02 4.3971e+01    81.3532    5.46473    34.6473    34.6637    26.9079    1485.37    1483.03 0.0000e+00
       1402     71.000     8.5884     8.5864   3.646199   3.647358     2.1603    -0.0637      62.83 4.9505e-02 4.3971e+01    81.3483    5.47953    34.6514    34.6656    26.9105    1485.41    1483.06 0.0000e+00
       1423     72.000     8.5481     8.5509   3.642049   3.643342     2.1624 -9.990e-29      70.27 4.9505e-02 4.3971e+01    81.3409    5.49327    34.6465    34.6575    26.9130    1485.27    1483.09 0.0000e+00
       1444     73.000     8.5253     8.5236   3.640398   3.641677     2.1639 -9.990e-29      74.94 4.9505e-02 4.3971e+01    81.3348    5.48295    34.6509    34.6662    26.9200    1485.20    1483.12 0.0000e+00
       1465     74.000     8.5335     8.5319   3.641711   3.643045     2.1628 -9.990e-29      32.53 4.9512e-02 4.3971e+01    81.3064    5.46950    34.6563    34.6720    26.9229    1485.26    1483.15 0.0000e+00
       1485     75.000     8.4945     8.4959   3.638623   3.639833     2.1630 -9.990e-29      81.02 4.9502e-02 4.3971e+01    81.3135    5.49232    34.6614    34.6729    26.9330    1485.14    1483.18 0.0000e+00
       1506     76.000     8.4908     8.4881   3.639488   3.640726     2.1645 -9.990e-29      84.86 4.9480e-02 4.3971e+01    81.2970    5.50700    34.6738    34.6895    26.9432    1485.15    1483.20 0.0000e+00
       1526     77.000     8.4883     8.4875   3.639595   3.640832     2.1660 -9.990e-29      98.82 4.9472e-02 4.3971e+01    81.3262    5.51659    34.6769    34.6908    26.9460    1485.16    1483.23 0.0000e+00
       1547     78.000     8.4754     8.4741   3.639039   3.640272     2.1682 -9.990e-29      88.51 4.9485e-02 4.3971e+01    81.3201    5.52627    34.6832    34.6975    26.9530    1485.14    1483.25 0.0000e+00
