_data/ctd/2022603/sta0218.cnv
* Sea-Bird SBE 9 Data File:
* FileName = C:\Seabird\CTDData\sta0218.hex
* Software Version Seasave V 7.21f
* Temperature SN = 6264
* Conductivity SN = 4928
* Number of Bytes Per Scan = 40
* Number of Voltage Words = 5
* Number of Scans Averaged by the Deck Unit = 1
* NMEA Latitude = 61 31.30 N
* NMEA Longitude = 005 07.66 E
* NMEA UTC (Time) = Feb 16 2022 12:00:24
* NMEA baud rate = 4800
** Ship: R/V "Kristine Bonnevie"
** Station: 0218
** Echodepth: 256
** Log: 0957.945
** Wind-Dir/Force: 13 11
** Air-temp (dry): 4.4
** Weather Sky:
** Sea:
# nquan = 19                                
# nvalues = 253                         
# units = specified
# name 0 = scan: Scan Count
# name 1 = prDM: Pressure, Digiquartz [db]
# name 2 = t068C: Temperature [ITS-68, deg C]
# name 3 = t168C: Temperature, 2 [ITS-68, deg C]
# name 4 = c0S/m: Conductivity [S/m]
# name 5 = c1S/m: Conductivity, 2 [S/m]
# name 6 = sbeox0V: Oxygen raw, SBE 43 [V]
# name 7 = flECO-AFL: Fluorescence, WET Labs ECO-AFL/FL [mg/m^3]
# name 8 = altM: Altimeter [m]
# name 9 = par: PAR/Irradiance, Biospherical/Licor
# name 10 = spar: SPAR/Surface Irradiance
# name 11 = CStarTr0: Beam Transmission, WET Labs C-Star [%]
# name 12 = sbeox0ML/L: Oxygen, SBE 43 [ml/l], WS = 2
# name 13 = sal00: Salinity, Practical [PSU]
# name 14 = sal11: Salinity, Practical, 2 [PSU]
# name 15 = sigma-t00: Density [sigma-t, Kg/m^3 ]
# name 16 = svCM: Sound Velocity [Chen-Millero, m/s]
# name 17 = avgsvCM: Average Sound Velocity [Chen-Millero, m/s], minP = 1, minS = 5
# name 18 = flag: flag
# span 0 =         -2,       5397       
# span 1 =      2.000,    254.000       
# span 2 =     5.3715,     8.8948       
# span 3 =     5.3528,     8.8930       
# span 4 =   2.731244,   3.658616       
# span 5 =   2.717237,   3.660080       
# span 6 =     2.0905,     2.4933       
# span 7 =    -0.0903,     0.2499       
# span 8 =       3.84,      99.63       
# span 9 = 4.9452e-02, 4.6162e+01       
# span 10 = 8.9940e+01, 1.1792e+02      
# span 11 =    77.4457,    80.8870      
# span 12 =    5.36858,    7.18432      
# span 13 =    27.6609,    34.9925      
# span 14 =    27.5202,    35.0081      
# span 15 =    21.8257,    27.2585      
# span 16 =    1462.95,    1487.23      
# span 17 =    1462.95,    1484.43      
# span 18 = 0.0000e+00, 0.0000e+00      
# interval = decibars: 1                
# start_time = Feb 16 2022 12:00:26 [System UTC, header]
# bad_flag = -9.990e-29
*END*
         -2      2.000     5.3715     5.3528   2.731244   2.717237     2.4433     0.2495      98.84 4.6162e+01 1.1792e+02    79.2430    7.18432    27.6609    27.5202    21.8257    1462.95    1462.95 0.0000e+00
         24      3.000     5.4040     5.4077   2.761016   2.770388     2.4438     0.2495      98.82 3.8126e+01 1.1792e+02    79.2500    7.16779    27.9655    28.0670    22.0631    1463.49    1463.13 0.0000e+00
         45      4.000     5.6163     5.5950   2.914492   2.918754     2.4434     0.2392      98.82 2.9096e+01 1.1792e+02    79.1318    7.06044    29.4965    29.5628    23.2499    1466.31    1463.92 0.0000e+00
         67      5.000     5.7905     5.7816   3.054067   3.050984     2.4450     0.2207      98.82 2.2259e+01 1.1792e+02    78.6842    7.00625    30.8998    30.8734    24.3388    1468.80    1464.90 0.0000e+00
         91      6.000     5.8330     5.8356   3.091812   3.097243     2.4503     0.2499      98.83 1.7419e+01 1.1792e+02    77.4457    7.02169    31.2824    31.3408    24.6360    1469.47    1465.66 0.0000e+00
        114      7.000     5.9000     5.8950   3.120244   3.121583     2.4539     0.2495      98.83 1.3979e+01 1.1792e+02    78.6276    6.98155    31.5377    31.5573    24.8298    1470.08    1466.29 0.0000e+00
        137      8.000     6.0161     6.0112   3.146394   3.148229     2.4560     0.2495      98.83 1.1451e+01 1.1792e+02    78.9982    6.95593    31.7208    31.7459    24.9605    1470.79    1466.85 0.0000e+00
        160      9.000     6.1098     6.1032   3.168044   3.169414     2.4585     0.2254      98.82 9.6083e+00 1.1792e+02    79.4094    6.95323    31.8738    31.8952    25.0699    1471.38    1467.35 0.0000e+00
        182     10.000     6.2378     6.2276   3.192672   3.193926     2.4622     0.2152      98.82 8.0806e+00 1.1792e+02    79.5909    6.94331    32.0268    32.0503    25.1750    1472.10    1467.83 0.0000e+00
        205     11.000     6.3020     6.3003   3.211478   3.212585     2.4655     0.2012      98.82 6.9379e+00 1.1783e+02    79.7786    6.93363    32.1745    32.1884    25.2836    1472.55    1468.25 0.0000e+00
        227     12.000     6.2078     6.2084   3.214397   3.215509     2.4687     0.1603      98.82 5.9472e+00 1.1758e+02    79.8768    6.93570    32.2958    32.3076    25.3910    1472.35    1468.59 0.0000e+00
        250     13.000     6.3602     6.3489   3.242866   3.244407     2.4683     0.1278      98.83 5.1496e+00 1.1739e+02    79.8673    6.87456    32.4665    32.4944    25.5067    1473.18    1468.95 0.0000e+00
        272     14.000     6.7615     6.7442   3.292725   3.294313     2.4688     0.1273      98.82 4.4733e+00 1.1656e+02    79.9280    6.85450    32.6343    32.6682    25.5873    1474.99    1469.38 0.0000e+00
        295     15.000     7.0652     7.0401   3.326646   3.326913     2.4767     0.0978      98.82 3.9380e+00 1.1683e+02    80.0177    6.89452    32.7164    32.7432    25.6117    1476.29    1469.84 0.0000e+00
        318     16.000     7.1708     7.1675   3.341083   3.342566     2.4872     0.0705      98.83 3.4909e+00 -9.990e-29    80.0809    6.89915    32.7730    32.7922    25.6419    1476.79    1470.27 0.0000e+00
        340     17.000     7.1362     7.1441   3.340377   3.341675     2.4933     0.0337      98.82 3.1268e+00 -9.990e-29    80.2123    6.83864    32.7977    32.8043    25.6661    1476.70    1470.64 0.0000e+00
        362     18.000     6.9572     6.9579   3.327263   3.328570     2.4903     0.0135      98.83 2.7902e+00 -9.990e-29    80.2702    6.75030    32.8246    32.8382    25.7113    1476.06    1470.94 0.0000e+00
        385     19.000     7.0505     7.0398   3.339921   3.341014     2.4789     0.0177      98.82 2.5115e+00 -9.990e-29    80.3049    6.65111    32.8734    32.8955    25.7372    1476.50    1471.24 0.0000e+00
        407     20.000     7.2664     7.2597   3.367839   3.369234     2.4700     0.0173      98.82 2.2638e+00 1.1595e+02    80.3190    6.65949    32.9710    32.9925    25.7847    1477.47    1471.55 0.0000e+00
        429     21.000     7.2748     7.2681   3.375663   3.376810     2.4699     0.0178      98.82 2.0420e+00 1.1592e+02    80.3140    6.72374    33.0475    33.0663    25.8437    1477.62    1471.83 0.0000e+00
        452     22.000     7.3104     7.3078   3.381299   3.382278     2.4711     0.0237      98.83 1.8506e+00 1.1592e+02    80.3337    6.70881    33.0742    33.0873    25.8598    1477.80    1472.10 0.0000e+00
        474     23.000     7.2757     7.2738   3.380212   3.381565     2.4703     0.0209      92.14 1.6720e+00 1.1592e+02    80.2916    6.68601    33.0951    33.1116    25.8810    1477.71    1472.35 0.0000e+00
        495     24.000     7.3445     7.3397   3.389799   3.391205     2.4672     0.0188      74.48 1.5195e+00 1.1592e+02    80.2933    6.65468    33.1328    33.1527    25.9012    1478.04    1472.58 0.0000e+00
        517     25.000     7.4471     7.4377   3.404072   3.405723     2.4653     0.0224      98.55 1.3851e+00 1.1592e+02    80.2690    6.66547    33.1888    33.2157    25.9309    1478.52    1472.82 0.0000e+00
        538     26.000     7.6121     7.6062   3.424901   3.426571     2.4676     0.0210      98.83 1.2634e+00 1.1592e+02    80.2700    6.68874    33.2554    33.2791    25.9600    1479.25    1473.07 0.0000e+00
        560     27.000     7.6578     7.6531   3.431728   3.433021     2.4728     0.0268      67.93 1.1511e+00 1.1592e+02    80.2978    6.71077    33.2848    33.3032    25.9766    1479.48    1473.30 0.0000e+00
        581     28.000     7.7651     7.7617   3.444581   3.446236     2.4767    -0.0026      98.89 1.0545e+00 1.1592e+02    80.3266    6.66775    33.3200    33.3410    25.9889    1479.95    1473.54 0.0000e+00
        603     29.000     7.8378     7.8343   3.455205   3.456624     2.4765    -0.0130      98.83 9.6212e-01 1.1592e+02    80.3589    6.61035    33.3640    33.3826    26.0130    1480.30    1473.77 0.0000e+00
        624     30.000     7.8157     7.8160   3.454019   3.455166     2.4730    -0.0105      79.87 8.8307e-01 1.1592e+02    80.3862    6.56906    33.3719    33.3840    26.0224    1480.24    1473.99 0.0000e+00
        646     31.000     7.6835     7.6890   3.441972   3.442942     2.4671    -0.0097      88.16 8.0832e-01 1.1592e+02    80.4235    6.53602    33.3686    33.3738    26.0388    1479.75    1474.17 0.0000e+00
        667     32.000     7.5566     7.5561   3.433389   3.434824     2.4579    -0.0072      98.81 7.4646e-01 1.1592e+02    80.4224    6.49039    33.3974    33.4134    26.0795    1479.32    1474.33 0.0000e+00
        689     33.000     7.6433     7.6400   3.443793   3.445388     2.4468    -0.0094      98.83 6.8619e-01 1.1592e+02    80.4285    6.46385    33.4258    33.4462    26.0895    1479.70    1474.49 0.0000e+00
        711     34.000     7.7851     7.7799   3.459834   3.461627     2.4416    -0.0061      98.82 6.3057e-01 1.1592e+02    80.4081    6.50179    33.4618    33.4861    26.0974    1480.30    1474.66 0.0000e+00
        732     35.000     7.8407     7.8297   3.466464   3.467441     2.4427    -0.0134      98.83 5.8019e-01 1.1592e+02    80.3890    6.54942    33.4792    33.5002    26.1030    1480.55    1474.83 0.0000e+00
        753     36.000     8.0446     8.0335   3.490248   3.491680     2.4461    -0.0313      98.83 5.2990e-01 1.1592e+02    80.4606    6.53191    33.5378    33.5637    26.1192    1481.41    1475.01 0.0000e+00
        775     37.000     8.0867     8.0847   3.495651   3.497045     2.4485    -0.0416      98.82 4.8928e-01 1.1592e+02    80.4785    6.51877    33.5546    33.5714    26.1263    1481.61    1475.19 0.0000e+00
        796     38.000     8.1099     8.1063   3.500653   3.502067     2.4488    -0.0227      98.82 4.5140e-01 1.1592e+02    80.4863    6.46774    33.5853    33.6038    26.1469    1481.75    1475.36 0.0000e+00
        818     39.000     8.1551     8.1527   3.507237   3.509061     2.4441    -0.0182      98.82 4.1262e-01 1.1592e+02    80.5503    6.40245    33.6116    33.6334    26.1609    1481.97    1475.53 0.0000e+00
        839     40.000     8.1635     8.1634   3.510952   3.512327     2.4371    -0.0386      98.83 3.8205e-01 1.1592e+02    80.5451    6.36766    33.6427    33.6574    26.1840    1482.06    1475.69 0.0000e+00
        860     41.000     8.1350     8.1353   3.508866   3.509912     2.4306    -0.0506      98.82 3.5342e-01 1.1592e+02    80.5608    6.35163    33.6473    33.6582    26.1919    1481.97    1475.85 0.0000e+00
        882     42.000     8.0093     8.0132   3.496595   3.497984     2.4240    -0.0449      98.82 3.2778e-01 1.1592e+02    80.5940    6.34771    33.6366    33.6477    26.2020    1481.50    1475.98 0.0000e+00
        903     43.000     7.9997     7.9989   3.497102   3.499168     2.4168    -0.0474      98.82 3.0050e-01 1.1580e+02    80.6000    6.32188    33.6508    33.6736    26.2146    1481.50    1476.11 0.0000e+00
        924     44.000     8.1785     8.1716   3.517001   3.518446     2.4104    -0.0241      98.82 2.7666e-01 -9.990e-29    80.5891    6.31656    33.6908    33.7128    26.2195    1482.24    1476.25 0.0000e+00
        945     45.000     8.1522     8.1568   3.515139   3.516807     2.4101    -0.0399      98.82 2.5704e-01 -9.990e-29    80.5537    6.37438    33.6958    33.7091    26.2273    1482.16    1476.38 0.0000e+00
        966     46.000     7.8938     7.9058   3.489963   3.491387     2.4118    -0.0296      98.82 2.3713e-01 -9.990e-29    80.5231    6.39536    33.6749    33.6786    26.2490    1481.18    1476.48 0.0000e+00
        988     47.000     7.6547     7.6689   3.469849   3.470989     2.4076    -0.0214      98.82 2.2088e-01 -9.990e-29    80.5354    6.35939    33.6891    33.6877    26.2948    1480.30    1476.56 0.0000e+00
       1010     48.000     7.5638     7.5625   3.464596   3.466192     2.4003    -0.0065      98.82 2.0401e-01 1.1396e+02    80.5718    6.34516    33.7200    33.7386    26.3321    1480.01    1476.64 0.0000e+00
       1032     49.000     7.6266     7.6266   3.473411   3.474973     2.3957     0.0230      98.82 1.9386e-01 1.1392e+02    80.5312    6.39423    33.7539    33.7707    26.3497    1480.31    1476.71 0.0000e+00
       1053     50.000     7.7503     7.7436   3.488469   3.490727     2.3999     0.0209      98.82 1.7845e-01 1.1392e+02    80.4646    6.46132    33.7957    33.8265    26.3648    1480.85    1476.79 0.0000e+00
       1075     51.000     7.9915     7.9868   3.515296   3.517616     2.4072     0.0002      98.82 1.6341e-01 1.1392e+02    80.4409    6.47668    33.8495    33.8789    26.3719    1481.85    1476.89 0.0000e+00
       1096     52.000     8.2602     8.2577   3.548830   3.551646     2.4170    -0.0113      98.83 1.5162e-01 1.1392e+02    80.4449    6.46923    33.9471    33.9794    26.4083    1483.00    1477.01 0.0000e+00
       1118     53.000     8.3590     8.3570   3.561818   3.563171     2.4253    -0.0217      98.82 1.4038e-01 1.1392e+02    80.4629    6.44363    33.9891    34.0054    26.4264    1483.44    1477.13 0.0000e+00
       1140     54.000     8.2887     8.2884   3.554917   3.556080     2.4283    -0.0420      98.83 1.2908e-01 1.1392e+02    80.5292    6.36894    33.9833    33.9959    26.4325    1483.18    1477.24 0.0000e+00
       1161     55.000     8.1897     8.1951   3.545022   3.546539     2.4207    -0.0456      98.83 1.1857e-01 1.1392e+02    80.5694    6.26229    33.9733    33.9842    26.4395    1482.81    1477.34 0.0000e+00
       1183     56.000     8.0189     8.0242   3.527588   3.528755     2.4074    -0.0172      98.82 1.1243e-01 1.1392e+02    80.5876    6.21014    33.9522    33.9595    26.4484    1482.16    1477.43 0.0000e+00
       1205     57.000     7.9620     7.9588   3.524204   3.525538     2.3937    -0.0197      98.83 1.0632e-01 1.1382e+02    80.6081    6.18656    33.9707    33.9881    26.4713    1481.98    1477.51 0.0000e+00
       1226     58.000     8.2509     8.2496   3.561249   3.564508     2.3830    -0.0169      98.82 9.7173e-02 -9.990e-29    80.5956    6.17454    34.0854    34.1213    26.5183    1483.23    1477.61 0.0000e+00
       1248     59.000     8.3415     8.3388   3.574081   3.575828     2.3808    -0.0224      98.82 9.0434e-02 -9.990e-29    80.5782    6.24755    34.1334    34.1546    26.5423    1483.65    1477.71 0.0000e+00
       1270     60.000     8.3569     8.3585   3.577690   3.579278     2.3851    -0.0463      98.81 8.2558e-02 -9.990e-29    80.6000    6.26130    34.1563    34.1717    26.5579    1483.75    1477.81 0.0000e+00
       1291     61.000     8.3038     8.3086   3.572640   3.574406     2.3839    -0.0451      98.82 7.8858e-02 -9.990e-29    80.6135    6.20073    34.1538    34.1679    26.5639    1483.56    1477.90 0.0000e+00
       1313     62.000     8.2017     8.2066   3.562985   3.564555     2.3775    -0.0423      98.82 7.5299e-02 -9.990e-29    80.6044    6.14865    34.1498    34.1617    26.5762    1483.19    1477.99 0.0000e+00
       1334     63.000     8.2008     8.1988   3.563605   3.564953     2.3686    -0.0457      98.82 6.9447e-02 -9.990e-29    80.6270    6.11253    34.1568    34.1731    26.5818    1483.21    1478.07 0.0000e+00
       1356     64.000     8.2139     8.2156   3.566253   3.568342     2.3611    -0.0433      98.82 6.4383e-02 -9.990e-29    80.6030    6.12033    34.1718    34.1924    26.5916    1483.30    1478.15 0.0000e+00
       1377     65.000     8.2876     8.2827   3.576173   3.577796     2.3574    -0.0460      98.81 5.9851e-02 -9.990e-29    80.5888    6.13345    34.2052    34.2272    26.6067    1483.63    1478.23 0.0000e+00
       1399     66.000     8.4309     8.4171   3.595307   3.597121     2.3562    -0.0472      98.82 5.7590e-02 1.1201e+02    80.5766    6.13247    34.2685    34.3012    26.6346    1484.26    1478.33 0.0000e+00
       1420     67.000     8.8414     8.8244   3.649078   3.650773     2.3569    -0.0613      98.81 5.4626e-02 1.1193e+02    80.5711    6.09473    34.4367    34.4710    26.7025    1486.01    1478.44 0.0000e+00
       1442     68.000     8.8948     8.8930   3.657286   3.658813     2.3607    -0.0640      98.82 5.1332e-02 1.1193e+02    80.5769    6.10324    34.4705    34.4883    26.7206    1486.27    1478.55 0.0000e+00
       1464     69.000     8.8807     8.8806   3.658439   3.659937     2.3604    -0.0559      98.81 5.1710e-02 1.1193e+02    80.6915    6.00720    34.4958    34.5117    26.7427    1486.27    1478.67 0.0000e+00
       1486     70.000     8.8478     8.8479   3.657266   3.658771     2.3484    -0.0660      98.82 4.9548e-02 1.1193e+02    80.7693    5.87389    34.5150    34.5308    26.7629    1486.18    1478.77 0.0000e+00
       1507     71.000     8.8158     8.8160   3.654545   3.656016     2.3306    -0.0670      98.82 4.9496e-02 1.1175e+02    80.8338    5.79045    34.5171    34.5324    26.7696    1486.08    1478.88 0.0000e+00
       1529     72.000     8.7878     8.7871   3.652073   3.653580     2.3130 -9.990e-29      98.82 4.9496e-02 -9.990e-29    80.8453    5.75208    34.5179    34.5345    26.7746    1486.00    1478.97 0.0000e+00
       1551     73.000     8.7779     8.7766   3.651831   3.653335     2.2977 -9.990e-29      98.81 4.9518e-02 -9.990e-29    80.8547    5.73848    34.5245    34.5416    26.7814    1485.99    1479.07 0.0000e+00
       1572     74.000     8.7769     8.7752   3.652664   3.654172     2.2865 -9.990e-29      98.81 4.9478e-02 -9.990e-29    80.8715    5.74483    34.5338    34.5513    26.7888    1486.01    1479.16 0.0000e+00
       1593     75.000     8.7812     8.7795   3.653554   3.655071     2.2788 -9.990e-29      98.81 4.9483e-02 -9.990e-29    80.8843    5.75480    34.5385    34.5561    26.7918    1486.05    1479.25 0.0000e+00
       1615     76.000     8.7771     8.7759   3.653289   3.654770     2.2737 -9.990e-29      98.81 4.9492e-02 -9.990e-29    80.8780    5.76265    34.5392    34.5560    26.7930    1486.05    1479.34 0.0000e+00
       1637     77.000     8.7626     8.7621   3.651925   3.653467     2.2699 -9.990e-29      98.81 4.9477e-02 -9.990e-29    80.8182    5.76261    34.5386    34.5553    26.7948    1486.01    1479.43 0.0000e+00
