_data/ctd/2022603/sta0156.cnv
* Sea-Bird SBE 9 Data File:
* FileName = C:\Seabird\CTDData\sta0156.hex
* Software Version Seasave V 7.21f
* Temperature SN = 6264
* Conductivity SN = 4928
* Number of Bytes Per Scan = 40
* Number of Voltage Words = 5
* Number of Scans Averaged by the Deck Unit = 1
* NMEA Latitude = 59 55.07 N
* NMEA Longitude = 005 45.17 E
* NMEA UTC (Time) = Feb 10 2022 15:34:28
* NMEA baud rate = 4800
** Ship: R/V "Kristine Bonnevie"
** Station: 0156
** Echodepth: 510
** Log: 0168.182
** Wind-Dir/Force: 31 8
** Air-temp (dry): 3.6
** Weather Sky:
** Sea:
# nquan = 19                                
# nvalues = 504                         
# units = specified
# name 0 = scan: Scan Count
# name 1 = prDM: Pressure, Digiquartz [db]
# name 2 = t068C: Temperature [ITS-68, deg C]
# name 3 = t168C: Temperature, 2 [ITS-68, deg C]
# name 4 = c0S/m: Conductivity [S/m]
# name 5 = c1S/m: Conductivity, 2 [S/m]
# name 6 = sbeox0V: Oxygen raw, SBE 43 [V]
# name 7 = flECO-AFL: Fluorescence, WET Labs ECO-AFL/FL [mg/m^3]
# name 8 = altM: Altimeter [m]
# name 9 = par: PAR/Irradiance, Biospherical/Licor
# name 10 = spar: SPAR/Surface Irradiance
# name 11 = CStarTr0: Beam Transmission, WET Labs C-Star [%]
# name 12 = sbeox0ML/L: Oxygen, SBE 43 [ml/l], WS = 2
# name 13 = sal00: Salinity, Practical [PSU]
# name 14 = sal11: Salinity, Practical, 2 [PSU]
# name 15 = sigma-t00: Density [sigma-t, Kg/m^3 ]
# name 16 = svCM: Sound Velocity [Chen-Millero, m/s]
# name 17 = avgsvCM: Average Sound Velocity [Chen-Millero, m/s], minP = 1, minS = 5
# name 18 = flag: flag
# span 0 =        384,      11447       
# span 1 =      2.000,    505.000       
# span 2 =     6.8995,    10.0921       
# span 3 =     6.8993,    10.0894       
# span 4 =   3.206961,   3.712678       
# span 5 =   3.208102,   3.714190       
# span 6 =     1.8880,     2.4094       
# span 7 =    -0.1004,     0.8065       
# span 8 =       8.34,     100.06       
# span 9 = 4.9452e-02, 1.2823e+01       
# span 10 = 1.4035e+01, 2.1992e+01      
# span 11 =    79.6013,    82.1198      
# span 12 =    4.91625,    6.60566      
# span 13 =    31.5718,    34.9761      
# span 14 =    31.5844,    34.9911      
# span 15 =    24.7326,    27.3046      
# span 16 =    1474.02,    1489.49      
# span 17 =    1474.12,    1486.34      
# span 18 = 0.0000e+00, 0.0000e+00      
# interval = decibars: 1                
# start_time = Feb 10 2022 15:34:31 [System UTC, header]
# bad_flag = -9.990e-29
*END*
[from data line 458]
      10423    460.000     7.6872     7.6845   3.610371   3.611468     1.9358    -0.0620      23.83 4.9479e-02 1.5989e+01    81.4770    5.04970    34.9753    34.9899    27.3013    1488.82    1486.07 0.0000e+00
      10445    461.000     7.6853     7.6819   3.610237   3.611302     1.9354    -0.0623      99.03 4.9483e-02 1.5989e+01    81.4858    5.05327    34.9753    34.9902    27.3015    1488.83    1486.08 0.0000e+00
      10467    462.000     7.6818     7.6792   3.609957   3.611082     1.9347    -0.0586      29.66 4.9515e-02 1.5989e+01    81.4616    5.04488    34.9753    34.9900    27.3021    1488.83    1486.08 0.0000e+00
      10488    463.000     7.6813     7.6788   3.609964   3.611105     1.9332    -0.0664      93.86 4.9490e-02 1.5989e+01    81.4440    5.03792    34.9754    34.9902    27.3022    1488.85    1486.09 0.0000e+00
      10510    464.000     7.6803     7.6789   3.609914   3.611159     1.9322    -0.0692      31.90 4.9479e-02 1.5989e+01    81.4325    5.03486    34.9754    34.9902    27.3023    1488.86    1486.09 0.0000e+00
      10532    465.000     7.6799     7.6787   3.609919   3.611173     1.9305    -0.0659      98.93 4.9496e-02 1.5989e+01    81.3940    5.02559    34.9754    34.9901    27.3024    1488.88    1486.10 0.0000e+00
      10553    466.000     7.6780     7.6769   3.609789   3.611041     1.9290    -0.0623      27.27 4.9471e-02 1.5989e+01    81.3586    5.01899    34.9754    34.9900    27.3027    1488.89    1486.11 0.0000e+00
      10575    467.000     7.6774     7.6761   3.609780   3.611032     1.9269    -0.0587      40.59 4.9477e-02 1.5989e+01    81.3865    5.00752    34.9754    34.9902    27.3028    1488.90    1486.11 0.0000e+00
      10597    468.000     7.6773     7.6754   3.609817   3.611028     1.9249    -0.0598      45.27 4.9479e-02 1.5989e+01    81.3886    5.00359    34.9754    34.9904    27.3028    1488.92    1486.12 0.0000e+00
      10619    469.000     7.6766     7.6752   3.609798   3.611037     1.9230    -0.0645      83.92 4.9490e-02 1.5989e+01    81.3798    5.00125    34.9754    34.9902    27.3029    1488.93    1486.12 0.0000e+00
      10641    470.000     7.6753     7.6737   3.609716   3.610933     1.9216    -0.0610      72.57 4.9483e-02 1.5989e+01    81.3582    4.99786    34.9754    34.9901    27.3031    1488.94    1486.13 0.0000e+00
      10662    471.000     7.6728     7.6715   3.609523   3.610777     1.9199    -0.0613      85.23 4.9496e-02 1.5989e+01    81.3602    4.99694    34.9753    34.9902    27.3034    1488.95    1486.14 0.0000e+00
      10684    472.000     7.6707     7.6694   3.609384   3.610631     1.9188    -0.0645      69.57 4.9466e-02 1.5989e+01    81.3648    4.99103    34.9754    34.9902    27.3038    1488.96    1486.14 0.0000e+00
      10706    473.000     7.6700     7.6686   3.609367   3.610613     1.9169    -0.0603      84.11 4.9503e-02 1.5989e+01    81.3570    4.98074    34.9755    34.9903    27.3039    1488.97    1486.15 0.0000e+00
      10728    474.000     7.6690     7.6678   3.609321   3.610574     1.9152    -0.0610      69.62 4.9477e-02 1.5989e+01    81.2929    4.97404    34.9755    34.9902    27.3041    1488.98    1486.15 0.0000e+00
      10749    475.000     7.6682     7.6669   3.609286   3.610539     1.9130    -0.0617      85.94 4.9485e-02 1.5989e+01    81.2841    4.96464    34.9754    34.9903    27.3042    1489.00    1486.16 0.0000e+00
      10771    476.000     7.6681     7.6666   3.609327   3.610567     1.9110    -0.0607      73.58 4.9496e-02 1.5989e+01    81.2696    4.95709    34.9755    34.9904    27.3042    1489.01    1486.17 0.0000e+00
      10792    477.000     7.6685     7.6670   3.609409   3.610656     1.9088    -0.0696      86.42 4.9499e-02 1.5989e+01    81.2397    4.94875    34.9755    34.9905    27.3042    1489.03    1486.17 0.0000e+00
      10814    478.000     7.6687     7.6674   3.609469   3.610737     1.9065    -0.0627      38.53 4.9496e-02 1.5989e+01    81.2055    4.94349    34.9755    34.9905    27.3041    1489.05    1486.18 0.0000e+00
      10835    479.000     7.6690     7.6675   3.609545   3.610794     1.9048    -0.0635      35.18 4.9499e-02 1.5989e+01    81.1875    4.94442    34.9755    34.9905    27.3041    1489.07    1486.18 0.0000e+00
      10856    480.000     7.6691     7.6678   3.609605   3.610845     1.9032    -0.0631      33.97 4.9465e-02 1.5989e+01    81.1441    4.94329    34.9756    34.9903    27.3041    1489.08    1486.19 0.0000e+00
      10878    481.000     7.6690     7.6678   3.609640   3.610905     1.9017    -0.0600      33.01 4.9483e-02 1.5989e+01    81.1663    4.93883    34.9756    34.9904    27.3042    1489.10    1486.20 0.0000e+00
      10899    482.000     7.6690     7.6678   3.609680   3.610934     1.9008    -0.0600      31.61 4.9502e-02 1.5989e+01    81.1683    4.94275    34.9755    34.9903    27.3041    1489.11    1486.20 0.0000e+00
      10921    483.000     7.6691     7.6678   3.609732   3.610988     1.9000 -9.990e-29      30.74 4.9485e-02 1.5989e+01    81.1782    4.94436    34.9755    34.9904    27.3041    1489.13    1486.21 0.0000e+00
      10942    484.000     7.6692     7.6677   3.609780   3.611022     1.8994 -9.990e-29      29.73 4.9492e-02 1.5989e+01    81.1367    4.94147    34.9755    34.9904    27.3040    1489.15    1486.21 0.0000e+00
      10964    485.000     7.6689     7.6678   3.609796   3.611076     1.8987 -9.990e-29      28.64 4.9483e-02 1.5989e+01    81.1144    4.94115    34.9755    34.9904    27.3041    1489.16    1486.22 0.0000e+00
      10985    486.000     7.6683     7.6671   3.609795   3.611056     1.8981 -9.990e-29      27.67 4.9465e-02 1.5989e+01    81.1362    4.94226    34.9756    34.9904    27.3042    1489.18    1486.23 0.0000e+00
      11006    487.000     7.6684     7.6670   3.609844   3.611083     1.8979 -9.990e-29      26.47 4.9499e-02 1.5989e+01    81.1374    4.94364    34.9755    34.9903    27.3042    1489.19    1486.23 0.0000e+00
      11027    488.000     7.6682     7.6669   3.609872   3.611134     1.8975 -9.990e-29      25.54 4.9483e-02 1.5989e+01    81.1120    4.93878    34.9755    34.9905    27.3042    1489.21    1486.24 0.0000e+00
      11049    489.000     7.6672     7.6661   3.609830   3.611103     1.8967 -9.990e-29      24.33 4.9498e-02 1.5989e+01    81.1027    4.93263    34.9756    34.9905    27.3044    1489.22    1486.24 0.0000e+00
      11070    490.000     7.6668     7.6656   3.609841   3.611107     1.8957 -9.990e-29      22.83 4.9485e-02 1.5989e+01    81.1171    4.93097    34.9757    34.9905    27.3045    1489.24    1486.25 0.0000e+00
      11091    491.000     7.6667     7.6654   3.609877   3.611131     1.8951    -0.0645      22.29 4.9479e-02 1.5989e+01    81.1083    4.93238    34.9757    34.9905    27.3046    1489.25    1486.26 0.0000e+00
      11112    492.000     7.6664     7.6651   3.609894   3.611151     1.8945    -0.0600      21.49 4.9471e-02 1.5989e+01    81.0805    4.92996    34.9757    34.9905    27.3046    1489.27    1486.26 0.0000e+00
      11134    493.000     7.6665     7.6652   3.609944   3.611205     1.8939    -0.0602      20.49 4.9485e-02 1.5989e+01    81.0899    4.92380    34.9756    34.9905    27.3046    1489.29    1486.27 0.0000e+00
      11155    494.000     7.6668     7.6655   3.610013   3.611284     1.8924    -0.0660      19.40 4.9492e-02 1.5989e+01    81.0765    4.91722    34.9756    34.9906    27.3045    1489.30    1486.27 0.0000e+00
      11176    495.000     7.6667     7.6653   3.610061   3.611301     1.8917    -0.0655      18.11 4.9490e-02 1.5989e+01    81.0793    4.92332    34.9757    34.9905    27.3046    1489.32    1486.28 0.0000e+00
      11198    496.000     7.6669     7.6656   3.610119   3.611366     1.8912    -0.0624      17.34 4.9483e-02 1.5989e+01    81.0757    4.92088    34.9757    34.9904    27.3045    1489.34    1486.29 0.0000e+00
      11220    497.000     7.6671     7.6659   3.610181   3.611444     1.8904    -0.0630      16.41 4.9485e-02 -9.990e-29    81.0465    4.91727    34.9757    34.9905    27.3045    1489.36    1486.29 0.0000e+00
      11242    498.000     7.6672     7.6658   3.610238   3.611479     1.8898    -0.0643      15.44 4.9509e-02 -9.990e-29    81.0627    4.91891    34.9757    34.9905    27.3045    1489.37    1486.30 0.0000e+00
      11263    499.000     7.6674     7.6660   3.610295   3.611539     1.8891    -0.0672      14.37 4.9496e-02 -9.990e-29    81.0126    4.91625    34.9756    34.9905    27.3044    1489.39    1486.31 0.0000e+00
      11285    500.000     7.6675     7.6663   3.610356   3.611609     1.8886    -0.0630      13.42 4.9492e-02 -9.990e-29    81.0533    4.91742    34.9757    34.9905    27.3045    1489.41    1486.31 0.0000e+00
      11313    501.000     7.6676     7.6663   3.610399   3.611646     1.8883    -0.0617      12.13 4.9483e-02 -9.990e-29    81.0638    4.92065    34.9756    34.9904    27.3044    1489.42    1486.32 0.0000e+00
      11347    502.000     7.6675     7.6663   3.610437   3.611689     1.8881 -9.990e-29      11.19 4.9481e-02 -9.990e-29    81.1035    4.92336    34.9756    34.9904    27.3044    1489.44    1486.32 0.0000e+00
      11380    503.000     7.6673     7.6660   3.610460   3.611715     1.8883 -9.990e-29      10.29 4.9481e-02 -9.990e-29    81.0660    4.92363    34.9756    34.9905    27.3044    1489.45    1486.33 0.0000e+00
      11413    504.000     7.6674     7.6662   3.610516   3.611768     1.8880    -0.0663       9.31 4.9494e-02 1.5989e+01    81.1198    4.92219    34.9756    34.9904    27.3044    1489.47    1486.34 0.0000e+00
      11447    505.000     7.6675     7.6662   3.610512   3.611812     1.8884    -0.0677       8.34 4.9565e-02 1.5989e+01    81.1553    4.92342    34.9750    34.9904    27.3039    1489.49    1486.34 0.0000e+00
