_data/ctd/2022603/sta0227.cnv
* Sea-Bird SBE 9 Data File:
* FileName = C:\Seabird\CTDData\sta0227.hex
* Software Version Seasave V 7.21f
* Temperature SN = 6264
* Conductivity SN = 4928
* Number of Bytes Per Scan = 40
* Number of Voltage Words = 5
* Number of Scans Averaged by the Deck Unit = 1
* NMEA Latitude = 61 00.68 N
* NMEA Longitude = 004 51.08 E
* NMEA UTC (Time) = Feb 18 2022 07:25:03
* NMEA baud rate = 4800
** Ship: R/V "Kristine Bonnevie"
** Station: 0227
** Echodepth: 431
** Log: 1245.957
** Wind-Dir/Force: 14 13
** Air-temp (dry): 3.2
** Weather Sky:
** Sea:
** S02
# nquan = 19                                
# nvalues = 427                         
# units = specified
# name 0 = scan: Scan Count
# name 1 = prDM: Pressure, Digiquartz [db]
# name 2 = t068C: Temperature [ITS-68, deg C]
# name 3 = t168C: Temperature, 2 [ITS-68, deg C]
# name 4 = c0S/m: Conductivity [S/m]
# name 5 = c1S/m: Conductivity, 2 [S/m]
# name 6 = sbeox0V: Oxygen raw, SBE 43 [V]
# name 7 = flECO-AFL: Fluorescence, WET Labs ECO-AFL/FL [mg/m^3]
# name 8 = altM: Altimeter [m]
# name 9 = par: PAR/Irradiance, Biospherical/Licor
# name 10 = spar: SPAR/Surface Irradiance
# name 11 = CStarTr0: Beam Transmission, WET Labs C-Star [%]
# name 12 = sbeox0ML/L: Oxygen, SBE 43 [ml/l], WS = 2
# name 13 = sal00: Salinity, Practical [PSU]
# name 14 = sal11: Salinity, Practical, 2 [PSU]
# name 15 = sigma-t00: Density [sigma-t, Kg/m^3 ]
# name 16 = svCM: Sound Velocity [Chen-Millero, m/s]
# name 17 = avgsvCM: Average Sound Velocity [Chen-Millero, m/s], minP = 1, minS = 5
# name 18 = flag: flag
# span 0 =        542,      10487       
# span 1 =      2.000,    428.000       
# span 2 =     5.9066,     8.2867       
# span 3 =     5.9038,     8.2847       
# span 4 =   3.088200,   3.660081       
# span 5 =   3.088835,   3.661568       
# span 6 =     2.1624,     2.4543       
# span 7 =    -0.1025,     0.6958       
# span 8 =       5.62,      99.52       
# span 9 = 4.9448e-02, 5.2817e+00       
# span 10 = 9.9933e+00, 1.9987e+01      
# span 11 =    79.7644,    81.0284      
# span 12 =    5.75102,    6.89294      
# span 13 =    31.1748,    34.9836      
# span 14 =    31.1846,    35.0009      
# span 15 =    24.5412,    27.2266      
# span 16 =    1469.60,    1490.35      
# span 17 =    1469.61,    1485.56      
# span 18 = 0.0000e+00, 0.0000e+00      
# interval = decibars: 1                
# start_time = Feb 18 2022 07:25:05 [System UTC, header]
# bad_flag = -9.990e-29
*END*
[from data line 381]
       9458    383.000     8.2292     8.2283   3.658005   3.659528     2.1739    -0.0950      52.59 4.9489e-02 1.7988e+01    80.4588    5.76155    34.9827    34.9998    27.2258    1489.61    1485.04 0.0000e+00
       9486    384.000     8.2283     8.2269   3.657985   3.659478     2.1738    -0.0920      99.41 4.9485e-02 1.7988e+01    80.4679    5.76528    34.9829    35.0002    27.2261    1489.62    1485.05 0.0000e+00
       9510    385.000     8.2282     8.2266   3.658027   3.659502     2.1739    -0.0658      98.80 4.9481e-02 1.7988e+01    80.4653    5.76451    34.9829    35.0002    27.2262    1489.64    1485.06 0.0000e+00
       9529    386.000     8.2291     8.2273   3.658139   3.659597     2.1738    -0.0730      30.78 4.9525e-02 1.7988e+01    80.4510    5.75920    34.9828    35.0001    27.2259    1489.66    1485.07 0.0000e+00
       9547    387.000     8.2290     8.2272   3.658172   3.659635     2.1729    -0.0847      87.21 4.9497e-02 1.7988e+01    80.4053    5.75720    34.9827    35.0001    27.2259    1489.68    1485.08 0.0000e+00
       9567    388.000     8.2288     8.2271   3.658210   3.659675     2.1728    -0.0617      98.73 4.9479e-02 1.7988e+01    80.3582    5.76032    34.9829    35.0002    27.2261    1489.69    1485.10 0.0000e+00
       9589    389.000     8.2286     8.2271   3.658240   3.659719     2.1726    -0.0572      76.90 4.9503e-02 1.7988e+01    80.3741    5.76295    34.9829    35.0002    27.2261    1489.71    1485.11 0.0000e+00
       9613    390.000     8.2286     8.2271   3.658280   3.659764     2.1726    -0.0614      58.05 4.9496e-02 -9.990e-29    80.3816    5.76391    34.9829    35.0002    27.2261    1489.72    1485.12 0.0000e+00
       9634    391.000     8.2286     8.2269   3.658329   3.659790     2.1725    -0.0572      99.02 4.9472e-02 -9.990e-29    80.3891    5.76473    34.9829    35.0002    27.2261    1489.74    1485.13 0.0000e+00
       9655    392.000     8.2286     8.2270   3.658377   3.659841     2.1724    -0.0586      98.80 4.9483e-02 -9.990e-29    80.4054    5.76239    34.9829    35.0001    27.2262    1489.76    1485.14 0.0000e+00
       9679    393.000     8.2285     8.2269   3.658415   3.659888     2.1720    -0.0683      77.34 4.9461e-02 -9.990e-29    80.3753    5.75965    34.9830    35.0003    27.2262    1489.77    1485.16 0.0000e+00
       9706    394.000     8.2283     8.2269   3.658430   3.659932     2.1716    -0.0917      38.73 4.9504e-02 1.8303e+01    80.3597    5.76220    34.9829    35.0003    27.2261    1489.79    1485.17 0.0000e+00
       9733    395.000     8.2272     8.2259   3.658390   3.659878     2.1712    -0.0886      67.42 4.9498e-02 1.8613e+01    80.4139    5.76042    34.9831    35.0002    27.2265    1489.80    1485.18 0.0000e+00
       9757    396.000     8.2270     8.2253   3.658427   3.659885     2.1711    -0.0809      36.60 4.9524e-02 1.8744e+01    80.3816    5.76224    34.9832    35.0004    27.2266    1489.82    1485.19 0.0000e+00
       9779    397.000     8.2270     8.2253   3.658457   3.659928     2.1709    -0.0615      36.26 4.9502e-02 1.8767e+01    80.3971    5.76005    34.9830    35.0004    27.2265    1489.83    1485.20 0.0000e+00
       9802    398.000     8.2270     8.2253   3.658515   3.659980     2.1704    -0.0874      35.31 4.9503e-02 1.8884e+01    80.3550    5.75637    34.9832    35.0005    27.2266    1489.85    1485.21 0.0000e+00
       9826    399.000     8.2271     8.2254   3.658559   3.660033     2.1699    -0.0632      34.29 4.9509e-02 1.9052e+01    80.3571    5.75699    34.9831    35.0005    27.2265    1489.87    1485.23 0.0000e+00
       9847    400.000     8.2271     8.2255   3.658600   3.660086     2.1694    -0.0576      33.53 4.9537e-02 1.9521e+01    80.2507    5.75909    34.9830    35.0004    27.2264    1489.88    1485.24 0.0000e+00
       9866    401.000     8.2273     8.2257   3.658662   3.660141     2.1694    -0.0590      32.65 4.9475e-02 1.9890e+01    80.2202    5.76262    34.9830    35.0004    27.2264    1489.90    1485.25 0.0000e+00
       9886    402.000     8.2271     8.2255   3.658684   3.660162     2.1697    -0.0602      31.87 4.9492e-02 1.9799e+01    80.2784    5.76133    34.9830    35.0003    27.2264    1489.92    1485.26 0.0000e+00
       9908    403.000     8.2266     8.2251   3.658693   3.660167     2.1691    -0.0560      31.05 4.9495e-02 1.9982e+01    80.3040    5.76134    34.9831    35.0003    27.2266    1489.93    1485.27 0.0000e+00
       9936    404.000     8.2265     8.2250   3.658726   3.660189     2.1690 -9.990e-29      29.42 4.9480e-02 -9.990e-29    80.3222    5.75933    34.9831    35.0001    27.2266    1489.95    1485.28 0.0000e+00
       9961    405.000     8.2270     8.2252   3.658821   3.660289     2.1689 -9.990e-29      28.30 4.9513e-02 -9.990e-29    80.3325    5.76274    34.9831    35.0005    27.2265    1489.96    1485.29 0.0000e+00
       9982    406.000     8.2270     8.2254   3.658862   3.660338     2.1685 -9.990e-29      27.41 4.9471e-02 -9.990e-29    80.3365    5.75573    34.9831    35.0004    27.2265    1489.98    1485.31 0.0000e+00
      10004    407.000     8.2270     8.2253   3.658913   3.660385     2.1679    -0.0659      26.36 4.9493e-02 1.9987e+01    80.3147    5.75332    34.9831    35.0005    27.2265    1490.00    1485.32 0.0000e+00
      10028    408.000     8.2271     8.2256   3.658963   3.660446     2.1673    -0.0808      25.05 4.9462e-02 1.9987e+01    80.3314    5.75380    34.9831    35.0004    27.2265    1490.01    1485.33 0.0000e+00
      10053    409.000     8.2273     8.2257   3.659025   3.660508     2.1671    -0.0863      24.17 4.9500e-02 1.9987e+01    80.3159    5.76252    34.9831    35.0005    27.2265    1490.03    1485.34 0.0000e+00
      10077    410.000     8.2271     8.2257   3.659059   3.660548     2.1673    -0.0744      23.27 4.9493e-02 1.9987e+01    80.2520    5.76170    34.9832    35.0004    27.2266    1490.05    1485.35 0.0000e+00
      10100    411.000     8.2271     8.2256   3.659100   3.660584     2.1672    -0.0640      22.28 4.9528e-02 1.9987e+01    80.2037    5.76349    34.9831    35.0004    27.2265    1490.06    1485.36 0.0000e+00
      10122    412.000     8.2272     8.2258   3.659155   3.660637     2.1675    -0.0656      21.29 4.9499e-02 1.9987e+01    80.2048    5.76171    34.9831    35.0003    27.2265    1490.08    1485.37 0.0000e+00
      10145    413.000     8.2275     8.2261   3.659223   3.660720     2.1670    -0.0648      20.28 4.9506e-02 1.9987e+01    80.2031    5.76066    34.9831    35.0004    27.2264    1490.10    1485.39 0.0000e+00
      10168    414.000     8.2275     8.2259   3.659264   3.660745     2.1670    -0.0861      19.31 4.9532e-02 1.9987e+01    80.1832    5.76081    34.9831    35.0004    27.2264    1490.11    1485.40 0.0000e+00
      10192    415.000     8.2276     8.2260   3.659324   3.660789     2.1667    -0.0650      18.32 4.9497e-02 1.9987e+01    80.2382    5.75967    34.9831    35.0003    27.2265    1490.13    1485.41 0.0000e+00
      10216    416.000     8.2276     8.2260   3.659372   3.660841     2.1664 -9.990e-29      17.34 4.9499e-02 1.9987e+01    80.2517    5.76013    34.9832    35.0004    27.2265    1490.15    1485.42 0.0000e+00
      10238    417.000     8.2279     8.2263   3.659444   3.660915     2.1663 -9.990e-29      16.35 4.9505e-02 1.9987e+01    80.2712    5.76269    34.9832    35.0004    27.2264    1490.17    1485.43 0.0000e+00
      10259    418.000     8.2281     8.2265   3.659504   3.660973     2.1662 -9.990e-29      15.38 4.9471e-02 1.9987e+01    80.2534    5.75699    34.9831    35.0004    27.2264    1490.18    1485.44 0.0000e+00
      10282    419.000     8.2283     8.2267   3.659565   3.661048     2.1654 -9.990e-29      14.40 4.9475e-02 1.9987e+01    80.2134    5.75516    34.9831    35.0005    27.2263    1490.20    1485.45 0.0000e+00
      10305    420.000     8.2284     8.2268   3.659629   3.661101     2.1651    -0.0595      13.38 4.9494e-02 1.9987e+01    80.2083    5.75602    34.9832    35.0005    27.2264    1490.22    1485.47 0.0000e+00
      10327    421.000     8.2284     8.2268   3.659671   3.661142     2.1648    -0.0589      12.41 4.9505e-02 1.9987e+01    80.1794    5.75473    34.9832    35.0004    27.2264    1490.23    1485.48 0.0000e+00
      10350    422.000     8.2284     8.2269   3.659717   3.661195     2.1642    -0.0881      11.43 4.9495e-02 1.9987e+01    80.1489    5.75466    34.9832    35.0004    27.2264    1490.25    1485.49 0.0000e+00
      10376    423.000     8.2285     8.2270   3.659767   3.661237     2.1638    -0.0885      10.37 4.9484e-02 1.9987e+01    80.0823    5.75747    34.9832    35.0003    27.2263    1490.27    1485.50 0.0000e+00
      10404    424.000     8.2287     8.2272   3.659834   3.661312     2.1639    -0.0698       9.36 4.9493e-02 1.9987e+01    80.1054    5.75643    34.9832    35.0004    27.2263    1490.28    1485.51 0.0000e+00
      10428    425.000     8.2289     8.2274   3.659890   3.661373     2.1632 -9.990e-29       8.40 4.9496e-02 1.9987e+01    80.1257    5.75102    34.9831    35.0004    27.2263    1490.30    1485.52 0.0000e+00
      10448    426.000     8.2295     8.2278   3.659981   3.661470     2.1627 -9.990e-29       7.50 4.9476e-02 1.9987e+01    80.1027    5.75309    34.9830    35.0006    27.2261    1490.32    1485.53 0.0000e+00
      10467    427.000     8.2296     8.2280   3.660048   3.661513     2.1629 -9.990e-29       6.59 4.9476e-02 1.9987e+01    80.0998    5.75633    34.9832    35.0004    27.2262    1490.34    1485.54 0.0000e+00
      10487    428.000     8.2295     8.2280   3.660081   3.661568     2.1624 -9.990e-29       5.62 4.9503e-02 1.9987e+01    80.1205    5.75509    34.9831    35.0005    27.2262    1490.35    1485.56 0.0000e+00
