_data/ctd/2022603/sta0184.cnv
* Sea-Bird SBE 9 Data File:
* FileName = C:\Seabird\CTDData\sta0184.hex
* Software Version Seasave V 7.21f
* Temperature SN = 6264
* Conductivity SN = 4928
* Number of Bytes Per Scan = 40
* Number of Voltage Words = 5
* Number of Scans Averaged by the Deck Unit = 1
* NMEA Latitude = 61 11.60 N
* NMEA Longitude = 007 02.49 E
* NMEA UTC (Time) = Feb 14 2022 08:48:34
* NMEA baud rate = 4800
** Ship: R/V "Kristine Bonnevie"
** Station: 0184
** Echodepth: 201
** Log: 0716.407
** Wind-Dir/Force: 07 09
** Air-temp (dry): 2.1
** Weather Sky:
** Sea:
# nquan = 19                                
# nvalues = 197                         
# units = specified
# name 0 = scan: Scan Count
# name 1 = prDM: Pressure, Digiquartz [db]
# name 2 = t068C: Temperature [ITS-68, deg C]
# name 3 = t168C: Temperature, 2 [ITS-68, deg C]
# name 4 = c0S/m: Conductivity [S/m]
# name 5 = c1S/m: Conductivity, 2 [S/m]
# name 6 = sbeox0V: Oxygen raw, SBE 43 [V]
# name 7 = flECO-AFL: Fluorescence, WET Labs ECO-AFL/FL [mg/m^3]
# name 8 = altM: Altimeter [m]
# name 9 = par: PAR/Irradiance, Biospherical/Licor
# name 10 = spar: SPAR/Surface Irradiance
# name 11 = CStarTr0: Beam Transmission, WET Labs C-Star [%]
# name 12 = sbeox0ML/L: Oxygen, SBE 43 [ml/l], WS = 2
# name 13 = sal00: Salinity, Practical [PSU]
# name 14 = sal11: Salinity, Practical, 2 [PSU]
# name 15 = sigma-t00: Density [sigma-t, Kg/m^3 ]
# name 16 = svCM: Sound Velocity [Chen-Millero, m/s]
# name 17 = avgsvCM: Average Sound Velocity [Chen-Millero, m/s], minP = 1, minS = 5
# name 18 = flag: flag
# span 0 =        380,       5266       
# span 1 =      1.000,    197.000       
# span 2 =     3.9529,     9.9801       
# span 3 =     4.0158,     9.9822       
# span 4 =   2.478425,   3.645239       
# span 5 =   2.500732,   3.646917       
# span 6 =     1.3992,     2.4692       
# span 7 =    -0.0570,     0.8391       
# span 8 =       8.50,      99.33       
# span 9 = 4.9464e-02, 3.4952e+01       
# span 10 = 8.3944e+01, 8.7947e+01      
# span 11 =    73.3626,    81.0777      
# span 12 =    3.03070,    7.58020      
# span 13 =    25.9478,    34.1463      
# span 14 =    26.1540,    34.1625      
# span 15 =    20.5976,    26.5435      
# span 16 =    1454.81,    1488.26      
# span 17 =    1454.81,    1483.39      
# span 18 = 0.0000e+00, 0.0000e+00      
# interval = decibars: 1                
# start_time = Feb 14 2022 08:48:36 [System UTC, header]
# bad_flag = -9.990e-29
*END*
        380      1.000     3.9529     4.0158   2.478425   2.500732     2.4592     0.8391      98.82 3.4952e+01 8.3944e+01    79.2179    7.58020    25.9478    26.1540    20.5976    1454.81    1454.81 0.0000e+00
        462      2.000     4.3316     4.2877   2.615960   2.604511     2.4595     0.8168      98.82 2.6194e+01 8.3944e+01    79.0475    7.48320    27.2175    27.1227    21.5732    1458.06    1456.43 0.0000e+00
        535      3.000     4.6507     4.6720   2.737459   2.745829     2.4679     0.8219      98.81 1.9309e+01 -9.990e-29    78.6229    7.43952    28.3360    28.4131    22.4306    1460.84    1457.90 0.0000e+00
        575      4.000     4.6815     4.6468   2.748334   2.741517     2.4692     0.7654      98.81 1.5220e+01 -9.990e-29    79.2194    7.35656    28.4330    28.3851    22.5046    1461.11    1458.70 0.0000e+00
        611      5.000     4.9846     4.9752   2.803483   2.806589     2.4665     0.7760      98.81 1.2148e+01 -9.990e-29    79.6516    7.29518    28.7978    28.8411    22.7638    1462.85    1459.53 0.0000e+00
        642      6.000     5.0554     5.0986   2.817408   2.825176     2.4685     0.7523      98.82 9.9140e+00 -9.990e-29    79.6786    7.28948    28.8936    28.9439    22.8324    1463.28    1460.15 0.0000e+00
        669      7.000     5.1246     5.0874   2.841069   2.835513     2.4672     0.7933      98.82 8.2646e+00 -9.990e-29    79.7988    7.22514    29.1003    29.0700    22.9889    1463.84    1460.68 0.0000e+00
        696      8.000     5.2518     5.2449   2.860277   2.860951     2.4641     0.7583      98.81 6.8408e+00 8.4440e+01    79.8606    7.18900    29.2055    29.2191    23.0590    1464.52    1461.16 0.0000e+00
        721      9.000     5.2805     5.2856   2.864004   2.868818     2.4624     0.7020      98.81 5.6969e+00 8.4174e+01    79.8767    7.16914    29.2219    29.2717    23.0690    1464.67    1461.55 0.0000e+00
        745     10.000     5.6598     5.6143   2.931304   2.928456     2.4588     0.7364      98.82 4.8399e+00 8.4094e+01    79.9445    7.07892    29.6432    29.6515    23.3611    1466.77    1462.07 0.0000e+00
        768     11.000     5.7045     5.6996   2.945373   2.946197     2.4598     0.7262      98.82 4.1716e+00 8.4798e+01    79.9103    7.11197    29.7604    29.7739    23.4486    1467.11    1462.52 0.0000e+00
        790     12.000     5.8713     5.8603   2.964644   2.965640     2.4608     0.6765      98.81 3.6221e+00 8.4343e+01    79.9754    7.05002    29.8272    29.8480    23.4826    1467.89    1462.97 0.0000e+00
        813     13.000     5.9201     5.9162   2.974402   2.974939     2.4585     0.5890      98.81 3.1540e+00 8.4671e+01    80.1364    7.00650    29.8920    29.9014    23.5282    1468.18    1463.37 0.0000e+00
        835     14.000     6.2029     6.1695   3.015002   3.015454     2.4553     0.5616      98.81 2.7416e+00 8.4988e+01    80.2405    6.92383    30.0906    30.1251    23.6520    1469.59    1463.81 0.0000e+00
        857     15.000     6.4405     6.4361   3.045640   3.046689     2.4520     0.5751      98.82 2.3860e+00 8.4596e+01    80.3023    6.89426    30.2166    30.2320    23.7230    1470.71    1464.27 0.0000e+00
        879     16.000     6.5161     6.4999   3.060559   3.061200     2.4522     0.5721      98.81 2.0936e+00 8.5434e+01    80.3814    6.87055    30.3126    30.3340    23.7894    1471.15    1464.70 0.0000e+00
        901     17.000     7.0343     6.9965   3.131513   3.132514     2.4478     0.5474      98.81 1.8457e+00 8.4919e+01    80.5024    6.72934    30.6243    30.6687    23.9695    1473.59    1465.22 0.0000e+00
        923     18.000     7.4071     7.3728   3.179690   3.180338     2.4452     0.5193      98.81 1.6314e+00 -9.990e-29    80.5767    6.69116    30.8115    30.8489    24.0677    1475.29    1465.77 0.0000e+00
        945     19.000     7.8270     7.8031   3.234311   3.235571     2.4459     0.4505      98.81 1.4471e+00 -9.990e-29    80.6762    6.61942    31.0209    31.0555    24.1749    1477.19    1466.37 0.0000e+00
        966     20.000     8.1729     8.1486   3.286754   3.287700     2.4442     0.4100      98.81 1.2911e+00 -9.990e-29    80.7784    6.50531    31.2676    31.2993    24.3196    1478.83    1466.99 0.0000e+00
        988     21.000     8.3222     8.3084   3.318201   3.319082     2.4376     0.3826      98.82 1.1585e+00 -9.990e-29    80.8291    6.39065    31.4650    31.4866    24.4527    1479.66    1467.59 0.0000e+00
       1010     22.000     8.3848     8.3812   3.334825   3.336106     2.4251     0.3143      98.81 1.0436e+00 -9.990e-29    80.8813    6.25954    31.5831    31.5998    24.5362    1480.05    1468.15 0.0000e+00
       1031     23.000     8.5998     8.5776   3.366369   3.367652     2.4064     0.2273      98.81 9.3989e-01 -9.990e-29    80.9749    6.12562    31.7202    31.7536    24.6118    1481.05    1468.70 0.0000e+00
       1053     24.000     8.7628     8.7518   3.394694   3.396099     2.3871     0.1566      98.80 8.4826e-01 -9.990e-29    81.0197    6.05237    31.8689    31.8934    24.7037    1481.86    1469.25 0.0000e+00
       1074     25.000     8.9953     8.9742   3.438076   3.439533     2.3713     0.0892      98.81 7.7107e-01 -9.990e-29    81.0335    5.98005    32.1097    32.1439    24.8567    1483.04    1469.79 0.0000e+00
       1095     26.000     9.2114     9.1926   3.475865   3.477155     2.3564     0.0819      98.80 7.0101e-01 -9.990e-29    81.0728    5.91318    32.3048    32.3351    24.9756    1484.09    1470.34 0.0000e+00
       1116     27.000     9.3631     9.3564   3.506519   3.508053     2.3434     0.0659      98.80 6.4214e-01 -9.990e-29    81.0777    5.85204    32.4827    32.5046    25.0907    1484.88    1470.87 0.0000e+00
       1137     28.000     9.4625     9.4515   3.527242   3.528928     2.3295     0.0442      79.99 5.9240e-01 -9.990e-29    81.0497    5.75959    32.6049    32.6323    25.1704    1485.41    1471.39 0.0000e+00
       1158     29.000     9.5066     9.5028   3.536648   3.538258     2.3116     0.0081      83.37 5.4131e-01 -9.990e-29    81.0707    5.65967    32.6609    32.6809    25.2070    1485.66    1471.87 0.0000e+00
       1179     30.000     9.5354     9.5315   3.543298   3.544887     2.2911    -0.0225      98.86 4.9592e-01 -9.990e-29    81.0020    5.56662    32.7024    32.7223    25.2348    1485.83    1472.34 0.0000e+00
       1200     31.000     9.6936     9.6825   3.567404   3.569185     2.2693    -0.0207      71.99 4.5685e-01 8.5931e+01    80.9449    5.47189    32.8045    32.8329    25.2889    1486.55    1472.79 0.0000e+00
       1220     32.000     9.8506     9.8370   3.592981   3.594975     2.2485    -0.0209      99.24 4.2231e-01 8.5943e+01    80.7720    5.40972    32.9218    32.9545    25.3547    1487.28    1473.24 0.0000e+00
       1241     33.000     9.9561     9.9489   3.609357   3.611045     2.2314    -0.0263      41.89 3.8913e-01 8.5943e+01    80.5426    5.36733    32.9916    33.0154    25.3917    1487.76    1473.67 0.0000e+00
       1262     34.000     9.9801     9.9822   3.617904   3.619531     2.2148    -0.0492      79.74 3.5707e-01 8.5943e+01    80.2555    5.30485    33.0561    33.0707    25.4380    1487.94    1474.09 0.0000e+00
       1283     35.000     9.8926     9.8894   3.614405   3.616015     2.1969    -0.0457      43.71 3.3285e-01 8.5943e+01    79.7963    5.22920    33.1003    33.1196    25.4870    1487.70    1474.48 0.0000e+00
       1304     36.000     9.9489     9.9440   3.625359   3.627108     2.1755    -0.0431      72.88 3.0521e-01 8.5943e+01    79.1755    5.13666    33.1596    33.1819    25.5240    1487.99    1474.85 0.0000e+00
       1325     37.000     9.9729     9.9695   3.633508   3.635188     2.1542    -0.0438      39.64 2.8039e-01 8.5943e+01    78.4675    5.08276    33.2200    33.2402    25.5672    1488.17    1475.20 0.0000e+00
       1346     38.000     9.9723     9.9709   3.640190   3.641848     2.1359    -0.0325      74.74 2.5844e-01 8.5943e+01    77.7816    5.03643    33.2881    33.3063    25.6204    1488.26    1475.54 0.0000e+00
       1367     39.000     9.9375     9.9379   3.645239   3.646917     2.1174    -0.0287      36.73 2.4095e-01 8.5943e+01    77.1078    4.97459    33.3712    33.3879    25.6911    1488.26    1475.87 0.0000e+00
       1388     40.000     9.8906     9.8917   3.642395   3.644018     2.0979    -0.0322      70.77 2.2489e-01 8.5943e+01    76.4755    4.90570    33.3851    33.4007    25.7098    1488.12    1476.17 0.0000e+00
       1409     41.000     9.8338     9.8360   3.639541   3.641113     2.0777    -0.0297      34.43 2.0917e-01 8.5943e+01    75.9961    4.83372    33.4082    33.4222    25.7372    1487.96    1476.46 0.0000e+00
       1430     42.000     9.8050     9.8036   3.641139   3.642731     2.0556    -0.0296      67.37 1.9335e-01 8.5943e+01    75.5878    4.75615    33.4508    33.4683    25.7753    1487.92    1476.73 0.0000e+00
       1452     43.000     9.7566     9.7578   3.640917   3.642502     2.0338    -0.0267      32.45 1.7936e-01 8.5943e+01    75.2379    4.70254    33.4930    33.5081    25.8163    1487.82    1476.98 0.0000e+00
       1472     44.000     9.6801     9.6853   3.638272   3.639820     2.0138    -0.0300      63.67 1.6708e-01 8.5943e+01    74.9486    4.65111    33.5368    33.5478    25.8631    1487.61    1477.22 0.0000e+00
       1493     45.000     9.4894     9.4967   3.631163   3.632613     1.9937    -0.0570      30.76 1.5397e-01 8.5943e+01    74.7172    4.59624    33.6417    33.6498    25.9764    1487.06    1477.44 0.0000e+00
       1514     46.000     9.3899     9.3925   3.626454   3.627930     1.9723 -9.990e-29      57.08 1.4014e-01 8.5943e+01    74.5759    4.52102    33.6862    33.6990    26.0273    1486.77    1477.64 0.0000e+00
       1535     47.000     9.3279     9.3292   3.623495   3.625011     1.9501 -9.990e-29      31.44 1.2914e-01 8.5943e+01    74.4395    4.42983    33.7135    33.7280    26.0587    1486.59    1477.83 0.0000e+00
       1556     48.000     9.2221     9.2279   3.618653   3.620107     1.9238 -9.990e-29      52.19 1.2058e-01 8.5943e+01    74.3209    4.31373    33.7628    33.7724    26.1143    1486.28    1478.01 0.0000e+00
       1577     49.000     9.1292     9.1313   3.613824   3.615318     1.8941 -9.990e-29      33.83 1.1271e-01 8.5943e+01    74.1870    4.19943    33.8002    33.8138    26.1585    1486.00    1478.17 0.0000e+00
       1598     50.000     9.0426     9.0475   3.609421   3.610905     1.8635    -0.0267      48.69 1.0470e-01 8.5943e+01    74.0499    4.08231    33.8361    33.8470    26.2004    1485.74    1478.32 0.0000e+00
       1619     51.000     8.9387     8.9426   3.604178   3.605621     1.8296    -0.0253      89.93 9.8642e-02 8.5943e+01    73.9557    3.94707    33.8799    33.8912    26.2510    1485.43    1478.46 0.0000e+00
       1640     52.000     8.8631     8.8656   3.599751   3.601195     1.7937    -0.0253      41.17 9.1300e-02 8.5943e+01    73.7905    3.83205    33.9053    33.9180    26.2828    1485.19    1478.59 0.0000e+00
       1661     53.000     8.7913     8.7939   3.596160   3.597631     1.7591    -0.0253      94.61 8.7048e-02 8.5943e+01    73.7234    3.75018    33.9358    33.9488    26.3180    1484.98    1478.71 0.0000e+00
       1682     54.000     8.7364     8.7386   3.592953   3.594418     1.7266    -0.0253      34.06 7.9631e-02 8.5943e+01    73.6367    3.67441    33.9543    33.9676    26.3410    1484.82    1478.82 0.0000e+00
       1703     55.000     8.7007     8.6997   3.590571   3.591999     1.6967    -0.0253      99.33 7.3637e-02 8.5943e+01    73.5160    3.60814    33.9630    33.9790    26.3534    1484.71    1478.93 0.0000e+00
       1725     56.000     8.6830     8.6841   3.589692   3.591169     1.6696    -0.0253      32.86 6.9855e-02 8.5943e+01    73.4442    3.55683    33.9703    33.9848    26.3619    1484.67    1479.03 0.0000e+00
       1746     57.000     8.6329     8.6328   3.586179   3.587625     1.6455    -0.0253      98.28 6.5052e-02 8.5943e+01    73.3626    3.50526    33.9809    33.9963    26.3780    1484.52    1479.12 0.0000e+00
       1767     58.000     8.6243     8.6231   3.586061   3.587501     1.6225    -0.0253      32.49 5.9099e-02 8.5943e+01    73.3819    3.44977    33.9875    34.0038    26.3845    1484.51    1479.22 0.0000e+00
       1789     59.000     8.6113     8.6106   3.585281   3.586755     1.6020    -0.0253      97.23 5.8324e-02 8.5943e+01    73.3959    3.40699    33.9913    34.0075    26.3895    1484.48    1479.31 0.0000e+00
       1810     60.000     8.5986     8.5975   3.584639   3.586085     1.5830    -0.0253      29.66 5.4085e-02 8.5943e+01    73.4164    3.35971    33.9963    34.0126    26.3953    1484.46    1479.39 0.0000e+00
       1831     61.000     8.5819     8.5807   3.583816   3.585261     1.5654 -9.990e-29      97.93 5.3011e-02 8.5943e+01    73.4593    3.33553    34.0032    34.0196    26.4033    1484.42    1479.47 0.0000e+00
       1852     62.000     8.5603     8.5615   3.582434   3.583881     1.5515 -9.990e-29      34.14 5.0009e-02 8.5943e+01    73.5578    3.32140    34.0089    34.0231    26.4112    1484.36    1479.55 0.0000e+00
       1873     63.000     8.5244     8.5234   3.579647   3.581058     1.5391 -9.990e-29      99.06 4.9491e-02 8.5943e+01    73.6537    3.30603    34.0136    34.0295    26.4204    1484.25    1479.63 0.0000e+00
       1894     64.000     8.5182     8.5163   3.579759   3.581168     1.5290 -9.990e-29      82.62 4.9492e-02 8.5943e+01    73.7786    3.29170    34.0203    34.0370    26.4266    1484.25    1479.70 0.0000e+00
       1915     65.000     8.5181     8.5164   3.579982   3.581422     1.5198 -9.990e-29      98.95 4.9479e-02 8.5943e+01    73.9019    3.26691    34.0223    34.0392    26.4281    1484.27    1479.77 0.0000e+00
       1936     66.000     8.5247     8.5218   3.581275   3.582676     1.5105 -9.990e-29      24.84 4.9485e-02 8.5943e+01    74.0597    3.23312    34.0291    34.0467    26.4325    1484.32    1479.84 0.0000e+00
       1958     67.000     8.5257     8.5242   3.582089   3.583519     1.5011 -9.990e-29      98.97 4.9472e-02 8.5943e+01    74.2109    3.21715    34.0363    34.0529    26.4379    1484.35    1479.90 0.0000e+00
       1979     68.000     8.5182     8.5165   3.581800   3.583223     1.4939 -9.990e-29      79.26 4.9509e-02 8.5943e+01    74.3977    3.22246    34.0400    34.0567    26.4420    1484.34    1479.97 0.0000e+00
       2000     69.000     8.5128     8.5113   3.581580   3.582993     1.4897 -9.990e-29      97.63 4.9505e-02 8.5943e+01    74.5334    3.24996    34.0424    34.0588    26.4447    1484.34    1480.03 0.0000e+00
       2021     70.000     8.5087     8.5068   3.581395   3.582783     1.4891 -9.990e-29      98.06 4.9492e-02 8.5943e+01    74.7218    3.27902    34.0439    34.0605    26.4465    1484.34    1480.09 0.0000e+00
       2042     71.000     8.4957     8.4945   3.580461   3.581840     1.4901 -9.990e-29      84.89 4.9465e-02 8.5943e+01    74.9196    3.29835    34.0461    34.0619    26.4503    1484.31    1480.15 0.0000e+00
       2064     72.000     8.4897     8.4877   3.580120   3.581524     1.4917 -9.990e-29      94.16 4.9509e-02 8.5943e+01    75.0776    3.30360    34.0479    34.0646    26.4525    1484.31    1480.21 0.0000e+00
       2085     73.000     8.4895     8.4877   3.580340   3.581754     1.4929 -9.990e-29      98.64 4.9509e-02 8.5943e+01    75.2797    3.29850    34.0499    34.0666    26.4542    1484.33    1480.27 0.0000e+00
       2106     74.000     8.4885     8.4864   3.580809   3.582203     1.4930 -9.990e-29      90.49 4.9525e-02 8.5943e+01    75.4858    3.28950    34.0554    34.0721    26.4586    1484.35    1480.32 0.0000e+00
       2127     75.000     8.4906     8.4882   3.581183   3.582545     1.4924 -9.990e-29      84.14 4.9505e-02 8.5943e+01    75.7008    3.28141    34.0568    34.0735    26.4594    1484.37    1480.38 0.0000e+00
       2148     76.000     8.4912     8.4892   3.581397   3.582809     1.4913 -9.990e-29      86.67 4.9499e-02 8.5943e+01    75.9267    3.27590    34.0580    34.0749    26.4603    1484.39    1480.43 0.0000e+00
