_data/ctd/2022603/sta0221.cnv
* Sea-Bird SBE 9 Data File:
* FileName = C:\Seabird\CTDData\sta0221.hex
* Software Version Seasave V 7.21f
* Temperature SN = 6264
* Conductivity SN = 4928
* Number of Bytes Per Scan = 40
* Number of Voltage Words = 5
* Number of Scans Averaged by the Deck Unit = 1
* NMEA Latitude = 61 45.95 N
* NMEA Longitude = 005 12.26 E
* NMEA UTC (Time) = Feb 17 2022 09:30:00
* NMEA baud rate = 4800
** Ship: R/V "Kristine Bonnevie"
** Station: 0221
** Echodepth: 131
** Log: 1101.110
** Wind-Dir/Force: 08 04
** Air-temp (dry): 1.3
** Weather Sky:
** Sea:
# nquan = 19                                
# nvalues = 125                         
# units = specified
# name 0 = scan: Scan Count
# name 1 = prDM: Pressure, Digiquartz [db]
# name 2 = t068C: Temperature [ITS-68, deg C]
# name 3 = t168C: Temperature, 2 [ITS-68, deg C]
# name 4 = c0S/m: Conductivity [S/m]
# name 5 = c1S/m: Conductivity, 2 [S/m]
# name 6 = sbeox0V: Oxygen raw, SBE 43 [V]
# name 7 = flECO-AFL: Fluorescence, WET Labs ECO-AFL/FL [mg/m^3]
# name 8 = altM: Altimeter [m]
# name 9 = par: PAR/Irradiance, Biospherical/Licor
# name 10 = spar: SPAR/Surface Irradiance
# name 11 = CStarTr0: Beam Transmission, WET Labs C-Star [%]
# name 12 = sbeox0ML/L: Oxygen, SBE 43 [ml/l], WS = 2
# name 13 = sal00: Salinity, Practical [PSU]
# name 14 = sal11: Salinity, Practical, 2 [PSU]
# name 15 = sigma-t00: Density [sigma-t, Kg/m^3 ]
# name 16 = svCM: Sound Velocity [Chen-Millero, m/s]
# name 17 = avgsvCM: Average Sound Velocity [Chen-Millero, m/s], minP = 1, minS = 5
# name 18 = flag: flag
# span 0 =        424,       3352       
# span 1 =      2.000,    126.000       
# span 2 =     5.5521,     8.9324       
# span 3 =     5.6739,     8.9316       
# span 4 =   2.841042,   3.653226       
# span 5 =   2.890233,   3.654241       
# span 6 =     1.4294,     2.4694       
# span 7 =    -0.0558,     0.2672       
# span 8 =       5.30,      99.06       
# span 9 = 4.9470e-02, 5.7799e+01       
# span 10 = 1.6049e+02, 1.7588e+02      
# span 11 =    64.1399,    80.2082      
# span 12 =    3.06860,    7.14496      
# span 13 =    28.7334,    34.8354      
# span 14 =    29.1767,    34.8471      
# span 15 =    22.6541,    27.1012      
# span 16 =    1465.05,    1486.41      
# span 17 =    1465.05,    1482.55      
# span 18 = 0.0000e+00, 0.0000e+00      
# interval = decibars: 1                
# start_time = Feb 17 2022 09:30:02 [System UTC, header]
# bad_flag = -9.990e-29
*END*
        424      2.000     5.5521     5.6739   2.841042   2.890233     2.4619     0.2672      98.81 5.7799e+01 1.6049e+02    80.2082    7.14496    28.7334    29.1767    22.6541    1465.05    1465.05 0.0000e+00
        451      3.000     6.0805     6.0821   3.015192   3.023962     2.4585     0.2299      98.83 4.7047e+01 1.6161e+02    77.4638    6.99561    30.2063    30.3020    23.7577    1469.06    1466.38 0.0000e+00
        486      4.000     6.3675     6.3612   3.114785   3.115617     2.4639     0.2190      98.82 3.6094e+01 1.6189e+02    78.2696    6.97875    31.0475    31.0624    24.3867    1471.28    1467.61 0.0000e+00
        525      5.000     6.4913     6.4999   3.161396   3.166820     2.4694     0.2007      98.83 2.8637e+01 1.6189e+02    78.6620    6.90805    31.4471    31.4989    24.6864    1472.29    1468.54 0.0000e+00
        562      6.000     6.5834     6.6024   3.189258   3.194930     2.4674     0.1368      98.83 2.3013e+01 1.6189e+02    78.9589    6.84189    31.6681    31.7129    24.8490    1472.95    1469.27 0.0000e+00
        597      7.000     6.6193     6.6088   3.198464   3.195955     2.4638     0.1182      92.14 1.9183e+01 1.6189e+02    79.0846    6.81094    31.7356    31.7177    24.8976    1473.19    1469.83 0.0000e+00
        630      8.000     6.6119     6.6131   3.201857   3.204003     2.4596     0.1120      88.85 1.6120e+01 1.6189e+02    79.2319    6.79638    31.7792    31.8017    24.9330    1473.23    1470.26 0.0000e+00
        661      9.000     6.5768     6.5774   3.200040   3.200525     2.4554     0.1076      98.96 1.3677e+01 1.6189e+02    79.2739    6.78792    31.7914    31.7962    24.9470    1473.13    1470.57 0.0000e+00
        692     10.000     6.6330     6.5895   3.215690   3.210775     2.4519     0.0966      79.69 1.1667e+01 1.6189e+02    79.3612    6.77147    31.9107    31.8972    25.0339    1473.51    1470.87 0.0000e+00
        722     11.000     6.8940     6.8609   3.251370   3.249551     2.4505     0.0937      98.93 1.0038e+01 1.6189e+02    79.4317    6.75601    32.0578    32.0688    25.1159    1474.74    1471.22 0.0000e+00
        751     12.000     6.9556     6.9534   3.264519   3.264952     2.4548     0.0616      80.28 8.6968e+00 1.6283e+02    79.4733    6.78049    32.1433    32.1501    25.1752    1475.10    1471.54 0.0000e+00
        779     13.000     7.0783     7.0678   3.283080   3.283845     2.4560     0.0326      96.00 7.5710e+00 1.6383e+02    79.5875    6.71594    32.2304    32.2486    25.2275    1475.70    1471.86 0.0000e+00
        806     14.000     7.3389     7.3381   3.314956   3.317590     2.4546     0.0275      98.82 6.6028e+00 1.6389e+02    79.5824    6.67532    32.3322    32.3614    25.2723    1476.86    1472.22 0.0000e+00
        832     15.000     7.5205     7.5367   3.336839   3.340394     2.4565 -9.990e-29      74.44 5.7644e+00 1.6389e+02    79.6860    6.66029    32.3983    32.4215    25.2993    1477.66    1472.58 0.0000e+00
        857     16.000     7.5090     7.5038   3.338303   3.338376     2.4568 -9.990e-29      98.95 5.0251e+00 1.6389e+02    79.6587    6.63459    32.4244    32.4300    25.3213    1477.66    1472.89 0.0000e+00
        881     17.000     7.5310     7.5456   3.347950   3.352776     2.4527 -9.990e-29      98.83 4.3686e+00 1.6389e+02    79.5099    6.54662    32.5072    32.5455    25.3834    1477.87    1473.19 0.0000e+00
        904     18.000     7.8405     7.8446   3.388217   3.391413     2.4432     0.0335      68.25 3.8200e+00 1.6389e+02    79.4692    6.46289    32.6492    32.6796    25.4513    1479.24    1473.52 0.0000e+00
        926     19.000     7.9738     7.9741   3.406845   3.409140     2.4394     0.0051      99.06 3.3943e+00 1.6389e+02    79.4957    6.48243    32.7229    32.7471    25.4900    1479.86    1473.85 0.0000e+00
        948     20.000     8.0797     8.0788   3.426489   3.428835     2.4381    -0.0207      98.82 3.0176e+00 1.6389e+02    79.5043    6.44363    32.8325    32.8583    25.5605    1480.41    1474.18 0.0000e+00
        969     21.000     8.1946     8.1916   3.445986   3.448326     2.4331    -0.0253      98.82 2.6848e+00 1.6389e+02    79.4185    6.36841    32.9314    32.9591    25.6213    1480.98    1474.50 0.0000e+00
        990     22.000     8.3258     8.3199   3.467450   3.467943     2.4257    -0.0295      98.83 2.3910e+00 1.6389e+02    79.3684    6.30878    33.0352    33.0460    25.6833    1481.62    1474.82 0.0000e+00
       1010     23.000     8.0092     8.0078   3.440057   3.438550     2.4189    -0.0254      98.83 2.1306e+00 1.6389e+02    79.3553    6.32251    33.0419    33.0272    25.7352    1480.45    1475.07 0.0000e+00
       1030     24.000     7.8091     7.8087   3.425492   3.426301     2.4095    -0.0318      96.26 1.8853e+00 1.6389e+02    79.2597    6.25283    33.0751    33.0841    25.7902    1479.75    1475.26 0.0000e+00
       1050     25.000     7.7552     7.7596   3.424596   3.425310     2.3934    -0.0295      71.67 1.6874e+00 1.6389e+02    79.3139    6.19805    33.1162    33.1197    25.8302    1479.61    1475.44 0.0000e+00
       1070     26.000     7.6935     7.6911   3.424141   3.425263     2.3829    -0.0174      98.15 1.5308e+00 1.6389e+02    79.4976    6.24828    33.1695    33.1839    25.8809    1479.46    1475.59 0.0000e+00
       1089     27.000     7.6605     7.6668   3.425214   3.425762     2.3782     0.0034      98.43 1.3923e+00 1.6389e+02    79.5875    6.31102    33.2121    33.2120    25.9191    1479.40    1475.73 0.0000e+00
       1107     28.000     7.5544     7.5593   3.416267   3.416858     2.3794    -0.0268      98.69 1.2728e+00 1.6389e+02    79.7005    6.37870    33.2165    33.2182    25.9376    1479.02    1475.85 0.0000e+00
       1126     29.000     7.4356     7.4378   3.408774   3.409539     2.3811    -0.0291      98.70 1.1632e+00 1.6489e+02    79.7440    6.41253    33.2488    33.2550    25.9797    1478.62    1475.94 0.0000e+00
       1143     30.000     7.3251     7.3383   3.399379   3.400047     2.3834    -0.0332      92.45 1.0627e+00 1.6548e+02    79.7669    6.44499    33.2525    33.2471    25.9981    1478.21    1476.02 0.0000e+00
       1161     31.000     7.2661     7.2594   3.396076   3.396626     2.3864     0.0032      60.63 9.7379e-01 1.6574e+02    79.7890    6.47792    33.2729    33.2853    26.0223    1478.03    1476.08 0.0000e+00
       1179     32.000     7.5391     7.5127   3.426971   3.427860     2.3902    -0.0010      11.72 8.9373e-01 1.6589e+02    79.7873    6.47914    33.3449    33.3799    26.0407    1479.18    1476.18 0.0000e+00
       1198     33.000     7.6416     7.6408   3.437788   3.438760     2.3984     0.0004      94.60 8.1564e-01 1.6589e+02    79.7665    6.56183    33.3628    33.3740    26.0402    1479.62    1476.28 0.0000e+00
       1218     34.000     7.6581     7.6535   3.440459   3.441196     2.4133    -0.0008      98.84 7.5014e-01 1.6589e+02    79.7733    6.62874    33.3752    33.3876    26.0476    1479.71    1476.39 0.0000e+00
       1238     35.000     7.7397     7.7332   3.450096   3.451065     2.4248    -0.0017      59.92 6.8397e-01 1.6589e+02    79.7633    6.58334    33.4002    33.4169    26.0556    1480.07    1476.49 0.0000e+00
       1261     36.000     7.9022     7.8927   3.470225   3.471370     2.4303     0.0026      98.35 6.2774e-01 1.6589e+02    79.7347    6.51539    33.4600    33.4814    26.0791    1480.78    1476.61 0.0000e+00
       1283     37.000     8.0129     8.0075   3.484629   3.485462     2.4329    -0.0168      98.83 5.7246e-01 1.6589e+02    79.7055    6.48369    33.5076    33.5217    26.1003    1481.27    1476.73 0.0000e+00
       1307     38.000     8.0129     8.0159   3.486492   3.487381     2.4343    -0.0292      67.82 5.2416e-01 1.6589e+02    79.6969    6.45102    33.5271    33.5337    26.1155    1481.31    1476.85 0.0000e+00
       1330     39.000     7.8476     7.8526   3.470832   3.471714     2.4299 -9.990e-29      98.21 4.8084e-01 1.6589e+02    79.6852    6.38464    33.5175    33.5222    26.1321    1480.69    1476.95 0.0000e+00
       1353     40.000     7.8240     7.8225   3.468814   3.469666     2.4181 -9.990e-29      98.83 4.3882e-01 1.6589e+02    79.6404    6.30760    33.5180    33.5286    26.1360    1480.62    1477.04 0.0000e+00
       1376     41.000     7.9608     7.9524   3.485017   3.486392     2.4068 -9.990e-29      65.54 4.0238e-01 1.6589e+02    79.6120    6.29609    33.5598    33.5826    26.1489    1481.21    1477.15 0.0000e+00
       1399     42.000     8.1567     8.1532   3.508423   3.509793     2.4029 -9.990e-29      92.71 3.6744e-01 1.6589e+02    79.6023    6.32593    33.6213    33.6393    26.1682    1482.04    1477.26 0.0000e+00
       1422     43.000     8.1785     8.1785   3.512238   3.513266     2.4040 -9.990e-29      98.87 3.3653e-01 1.6589e+02    79.5950    6.34472    33.6406    33.6515    26.1801    1482.16    1477.38 0.0000e+00
       1445     44.000     8.2055     8.2029   3.518746   3.519922     2.4031 -9.990e-29      72.77 3.0910e-01 1.6589e+02    79.5591    6.28510    33.6835    33.6985    26.2097    1482.33    1477.49 0.0000e+00
       1468     45.000     8.2609     8.2570   3.527354   3.528332     2.3961 -9.990e-29      72.17 2.8093e-01 1.6589e+02    79.5140    6.21164    33.7214    33.7355    26.2311    1482.61    1477.60 0.0000e+00
       1491     46.000     8.3269     8.3237   3.538346   3.539440     2.3881    -0.0297      98.61 2.5631e-01 1.6589e+02    79.4636    6.17476    33.7743    33.7889    26.2627    1482.94    1477.72 0.0000e+00
       1514     47.000     8.3461     8.3455   3.542800   3.543925     2.3805    -0.0281      85.16 2.3714e-01 1.6589e+02    79.4178    6.14253    33.8026    33.8151    26.2820    1483.06    1477.83 0.0000e+00
       1537     48.000     8.3207     8.3223   3.541422   3.542464     2.3719    -0.0330      76.30 2.1523e-01 1.6589e+02    79.3804    6.10869    33.8119    33.8214    26.2932    1482.99    1477.94 0.0000e+00
       1559     49.000     8.3188     8.3148   3.542663   3.543411     2.3623    -0.0558      98.80 1.9961e-01 1.6589e+02    79.3469    6.06820    33.8264    33.8382    26.3049    1483.02    1478.04 0.0000e+00
       1582     50.000     8.3424     8.3398   3.546145   3.547085     2.3528    -0.0301      90.25 1.8445e-01 1.6589e+02    79.2663    6.05078    33.8402    33.8527    26.3121    1483.14    1478.14 0.0000e+00
       1606     51.000     8.4081     8.4040   3.555415   3.556719     2.3457    -0.0521      63.62 1.7077e-01 1.6589e+02    79.2279    6.04469    33.8748    33.8926    26.3293    1483.45    1478.25 0.0000e+00
       1629     52.000     8.5890     8.5821   3.577881   3.578968     2.3409    -0.0360      98.55 1.5639e-01 1.6632e+02    79.1925    6.02577    33.9380    33.9561    26.3511    1484.22    1478.36 0.0000e+00
       1652     53.000     8.5857     8.5864   3.578884   3.580115     2.3386    -0.0452      98.82 1.4343e-01 1.6682e+02    79.1078    6.02208    33.9513    33.9636    26.3620    1484.24    1478.47 0.0000e+00
       1675     54.000     8.5846     8.5854   3.579507   3.580485     2.3335    -0.0438      98.82 1.3211e-01 1.6767e+02    78.9960    5.96042    33.9584    33.9680    26.3678    1484.26    1478.58 0.0000e+00
       1699     55.000     8.5306     8.5307   3.575009   3.576052     2.3235    -0.0278      98.82 1.2046e-01 1.6789e+02    78.9039    5.90184    33.9624    33.9733    26.3792    1484.08    1478.68 0.0000e+00
       1722     56.000     8.5291     8.5273   3.576867   3.577743     2.3124    -0.0266      98.81 1.1221e-01 1.6789e+02    78.8082    5.86512    33.9830    33.9940    26.3956    1484.11    1478.77 0.0000e+00
       1745     57.000     8.5309     8.5289   3.577913   3.578881     2.3024    -0.0293      56.72 1.0215e-01 1.6789e+02    78.6947    5.85549    33.9919    34.0040    26.4023    1484.15    1478.87 0.0000e+00
       1768     58.000     8.5372     8.5369   3.579201   3.580387     2.2954    -0.0557      98.66 9.3030e-02 1.6789e+02    78.5494    5.86071    33.9989    34.0118    26.4069    1484.20    1478.96 0.0000e+00
       1790     59.000     8.6152     8.6099   3.589761   3.591009     2.2905    -0.0558      98.81 8.6516e-02 1.6789e+02    78.3867    5.85346    34.0348    34.0531    26.4230    1484.55    1479.05 0.0000e+00
       1813     60.000     8.6499     8.6497   3.594529   3.595665     2.2875    -0.0558      98.81 7.9988e-02 1.6789e+02    78.2651    5.85367    34.0512    34.0633    26.4304    1484.71    1479.15 0.0000e+00
       1836     61.000     8.6633     8.6615   3.597319   3.598367     2.2850    -0.0558      98.81 7.5788e-02 1.6789e+02    78.1114    5.83307    34.0672    34.0800    26.4409    1484.80    1479.24 0.0000e+00
       1859     62.000     8.6910     8.6880   3.602489   3.603586     2.2802    -0.0558      98.81 6.8565e-02 1.6789e+02    77.9716    5.79042    34.0945    34.1089    26.4580    1484.95    1479.33 0.0000e+00
       1883     63.000     8.7204     8.7179   3.607281   3.608325     2.2736    -0.0558      50.53 6.1426e-02 1.6789e+02    77.8013    5.75730    34.1161    34.1295    26.4704    1485.11    1479.42 0.0000e+00
       1907     64.000     8.7429     8.7408   3.611113   3.612113     2.2669    -0.0503      97.63 5.4706e-02 1.6789e+02    77.6528    5.73336    34.1343    34.1468    26.4811    1485.23    1479.51 0.0000e+00
       1930     65.000     8.7500     8.7478   3.613433   3.614322     2.2604    -0.0337      98.81 5.3215e-02 1.6789e+02    77.4706    5.70967    34.1514    34.1628    26.4934    1485.29    1479.60 0.0000e+00
       1954     66.000     8.7436     8.7421   3.615572   3.616810     2.2537    -0.0546      51.32 5.0188e-02 1.6795e+02    77.2816    5.68651    34.1796    34.1941    26.5165    1485.32    1479.69 0.0000e+00
       1977     67.000     8.7922     8.7858   3.622859   3.623420     2.2465    -0.0251      94.81 4.9595e-02 1.6895e+02    77.1628    5.66062    34.2088    34.2209    26.5317    1485.55    1479.78 0.0000e+00
       2001     68.000     8.8299     8.8275   3.628142   3.629316     2.2411    -0.0547      98.85 4.9490e-02 1.6975e+02    77.0495    5.65079    34.2274    34.2421    26.5404    1485.73    1479.86 0.0000e+00
       2024     69.000     8.9004     8.8952   3.638266   3.639494     2.2360    -0.0305      59.30 4.9497e-02 1.6989e+02    76.9145    5.62042    34.2651    34.2830    26.5588    1486.05    1479.95 0.0000e+00
       2048     70.000     8.9324     8.9316   3.643008   3.644107     2.2298    -0.0493      91.76 4.9493e-02 1.6989e+02    76.7980    5.58223    34.2835    34.2957    26.5681    1486.21    1480.04 0.0000e+00
       2071     71.000     8.9133     8.9126   3.641790   3.642821     2.2218    -0.0558      98.78 4.9485e-02 1.6989e+02    76.6888    5.52261    34.2887    34.3002    26.5752    1486.16    1480.13 0.0000e+00
       2095     72.000     8.9056     8.9046   3.641511   3.642593     2.2088    -0.0558      57.50 4.9481e-02 1.6989e+02    76.5912    5.43942    34.2927    34.3050    26.5796    1486.16    1480.21 0.0000e+00
       2118     73.000     8.9303     8.9281   3.645841   3.646984     2.1939    -0.0558      83.62 4.9481e-02 1.6989e+02    76.5039    5.39441    34.3138    34.3279    26.5922    1486.29    1480.29 0.0000e+00
       2141     74.000     8.9273     8.9265   3.647633   3.648650     2.1818    -0.0558      98.75 4.9493e-02 1.6989e+02    76.4308    5.38528    34.3350    34.3464    26.6093    1486.32    1480.37 0.0000e+00
       2164     75.000     8.9132     8.9129   3.647858   3.648886     2.1720    -0.0558      68.05 4.9490e-02 1.6989e+02    76.3617    5.36239    34.3505    34.3616    26.6237    1486.31    1480.45 0.0000e+00
       2187     76.000     8.9078     8.9054   3.648704   3.649694     2.1614    -0.0558      70.72 4.9491e-02 1.6989e+02    76.3130    5.30905    34.3641    34.3768    26.6352    1486.32    1480.53 0.0000e+00
       2210     77.000     8.9233     8.9214   3.651813   3.652847     2.1482    -0.0558      98.31 4.9470e-02 1.6989e+02    76.2210    5.26382    34.3812    34.3939    26.6461    1486.41    1480.61 0.0000e+00
