_data/ctd/2022603/sta0222.cnv
* Sea-Bird SBE 9 Data File:
* FileName = C:\Seabird\CTDData\sta0222.hex
* Software Version Seasave V 7.21f
* Temperature SN = 6264
* Conductivity SN = 4928
* Number of Bytes Per Scan = 40
* Number of Voltage Words = 5
* Number of Scans Averaged by the Deck Unit = 1
* NMEA Latitude = 61 19.14 N
* NMEA Longitude = 004 51.98 E
* NMEA UTC (Time) = Feb 17 2022 18:15:18
* NMEA baud rate = 4800
** Ship: R/V "Kristine Bonnevie"
** Station: 0222
** Echodepth: 226
** Log: 1176.930
** Wind-Dir/Force: 26 08
** Air-temp (dry): 4.4
** Weather Sky:
** Sea:
# nquan = 19                                
# nvalues = 217                         
# units = specified
# name 0 = scan: Scan Count
# name 1 = prDM: Pressure, Digiquartz [db]
# name 2 = t068C: Temperature [ITS-68, deg C]
# name 3 = t168C: Temperature, 2 [ITS-68, deg C]
# name 4 = c0S/m: Conductivity [S/m]
# name 5 = c1S/m: Conductivity, 2 [S/m]
# name 6 = sbeox0V: Oxygen raw, SBE 43 [V]
# name 7 = flECO-AFL: Fluorescence, WET Labs ECO-AFL/FL [mg/m^3]
# name 8 = altM: Altimeter [m]
# name 9 = par: PAR/Irradiance, Biospherical/Licor
# name 10 = spar: SPAR/Surface Irradiance
# name 11 = CStarTr0: Beam Transmission, WET Labs C-Star [%]
# name 12 = sbeox0ML/L: Oxygen, SBE 43 [ml/l], WS = 2
# name 13 = sal00: Salinity, Practical [PSU]
# name 14 = sal11: Salinity, Practical, 2 [PSU]
# name 15 = sigma-t00: Density [sigma-t, Kg/m^3 ]
# name 16 = svCM: Sound Velocity [Chen-Millero, m/s]
# name 17 = avgsvCM: Average Sound Velocity [Chen-Millero, m/s], minP = 1, minS = 5
# name 18 = flag: flag
# span 0 =        583,       5306       
# span 1 =      2.000,    218.000       
# span 2 =     6.4162,     8.5842       
# span 3 =     6.4162,     8.5824       
# span 4 =   3.200370,   3.668539       
# span 5 =   3.201440,   3.670008       
# span 6 =     2.2104,     2.4924       
# span 7 =    -0.0887,     0.7083       
# span 8 =       8.39,     100.12       
# span 9 = 4.9398e-02, 5.4701e-01       
# span 10 = 0.0000e+00, 0.0000e+00      
# span 11 =    74.9302,    80.2718      
# span 12 =    5.69791,    6.87803      
# span 13 =    31.9483,    34.9470      
# span 14 =    31.9601,    34.9648      
# span 15 =    25.0909,    27.1627      
# span 16 =    1472.57,    1487.70      
# span 17 =    1472.57,    1483.31      
# span 18 = 0.0000e+00, 0.0000e+00      
# interval = decibars: 1                
# start_time = Feb 17 2022 18:15:21 [System UTC, header]
# bad_flag = -9.990e-29
*END*
[from data line 153]
       3887    155.000     8.4868     8.4851   3.663868   3.665342     2.2182    -0.0559      89.61 4.9492e-02 0.0000e+00    80.0008    5.70377    34.8985    34.9158    27.1201    1486.72    1481.73 0.0000e+00
       3907    156.000     8.4854     8.4839   3.664013   3.665462     2.2172    -0.0558      72.96 4.9501e-02 0.0000e+00    80.0094    5.70515    34.9009    34.9178    27.1222    1486.73    1481.76 0.0000e+00
       3927    157.000     8.4842     8.4825   3.664247   3.665705     2.2172 -9.990e-29      70.67 4.9475e-02 0.0000e+00    80.0038    5.70746    34.9041    34.9213    27.1249    1486.75    1481.79 0.0000e+00
       3947    158.000     8.4845     8.4827   3.664331   3.665810     2.2166 -9.990e-29      74.91 4.9485e-02 0.0000e+00    79.9847    5.70812    34.9042    34.9217    27.1250    1486.76    1481.82 0.0000e+00
       3968    159.000     8.4845     8.4828   3.664397   3.665878     2.2167 -9.990e-29      67.62 4.9498e-02 0.0000e+00    80.0000    5.70858    34.9044    34.9218    27.1251    1486.78    1481.85 0.0000e+00
       3989    160.000     8.4845     8.4829   3.664475   3.665954     2.2160 -9.990e-29      66.29 4.9519e-02 0.0000e+00    79.9770    5.70347    34.9048    34.9221    27.1254    1486.80    1481.88 0.0000e+00
       4011    161.000     8.4843     8.4826   3.664574   3.666032     2.2156    -0.0558      80.07 4.9491e-02 0.0000e+00    79.9787    5.70826    34.9056    34.9227    27.1261    1486.81    1481.91 0.0000e+00
       4031    162.000     8.4837     8.4821   3.664690   3.666165     2.2156    -0.0646      50.44 4.9492e-02 0.0000e+00    79.9596    5.71136    34.9069    34.9241    27.1272    1486.83    1481.94 0.0000e+00
       4051    163.000     8.4822     8.4807   3.664865   3.666334     2.2158    -0.0881      86.34 4.9490e-02 0.0000e+00    79.9481    5.71179    34.9098    34.9268    27.1297    1486.84    1481.97 0.0000e+00
       4071    164.000     8.4814     8.4798   3.664998   3.666458     2.2156    -0.0878      51.48 4.9488e-02 0.0000e+00    79.9568    5.70752    34.9115    34.9286    27.1312    1486.86    1482.00 0.0000e+00
       4090    165.000     8.4809     8.4794   3.665090   3.666544     2.2149    -0.0719      52.52 4.9498e-02 0.0000e+00    79.9287    5.70047    34.9125    34.9294    27.1320    1486.87    1482.03 0.0000e+00
       4110    166.000     8.4795     8.4779   3.665251   3.666715     2.2140    -0.0646      60.19 4.9492e-02 0.0000e+00    79.9464    5.69791    34.9151    34.9322    27.1343    1486.89    1482.06 0.0000e+00
       4131    167.000     8.4784     8.4769   3.665394   3.666849     2.2134    -0.0873      59.52 4.9472e-02 0.0000e+00    79.9326    5.70584    34.9172    34.9342    27.1361    1486.90    1482.09 0.0000e+00
       4152    168.000     8.4782     8.4765   3.665465   3.666932     2.2137    -0.0574      58.60 4.9488e-02 0.0000e+00    79.9245    5.71052    34.9177    34.9349    27.1365    1486.92    1482.12 0.0000e+00
       4172    169.000     8.4780     8.4763   3.665527   3.666995     2.2137    -0.0558      57.75 4.9479e-02 0.0000e+00    79.9011    5.70997    34.9181    34.9353    27.1368    1486.94    1482.15 0.0000e+00
       4193    170.000     8.4776     8.4759   3.665616   3.667081     2.2137    -0.0735      56.78 4.9492e-02 0.0000e+00    79.8957    5.70773    34.9189    34.9362    27.1376    1486.95    1482.18 0.0000e+00
       4214    171.000     8.4775     8.4758   3.665672   3.667149     2.2134    -0.0864      55.83 4.9509e-02 0.0000e+00    79.9054    5.70286    34.9192    34.9365    27.1378    1486.97    1482.20 0.0000e+00
       4234    172.000     8.4770     8.4754   3.665709   3.667178     2.2126    -0.0863      54.77 4.9480e-02 0.0000e+00    79.8925    5.70659    34.9196    34.9367    27.1382    1486.98    1482.23 0.0000e+00
       4254    173.000     8.4755     8.4740   3.665777   3.667250     2.2129    -0.0863      53.89 4.9499e-02 0.0000e+00    79.8655    5.71210    34.9213    34.9384    27.1398    1487.00    1482.26 0.0000e+00
       4275    174.000     8.4750     8.4735   3.665853   3.667313     2.2130    -0.0672      52.54 4.9485e-02 0.0000e+00    79.9037    5.71043    34.9221    34.9391    27.1405    1487.01    1482.29 0.0000e+00
       4296    175.000     8.4747     8.4731   3.665915   3.667369     2.2127    -0.0565      51.62 4.9472e-02 0.0000e+00    79.8702    5.70790    34.9226    34.9396    27.1409    1487.03    1482.31 0.0000e+00
       4317    176.000     8.4744     8.4728   3.665985   3.667457     2.2125 -9.990e-29      50.63 4.9479e-02 0.0000e+00    79.9014    5.70995    34.9231    34.9404    27.1414    1487.04    1482.34 0.0000e+00
       4338    177.000     8.4744     8.4728   3.666104   3.667573     2.2126 -9.990e-29      49.50 4.9499e-02 0.0000e+00    79.9085    5.71608    34.9239    34.9411    27.1420    1487.06    1482.37 0.0000e+00
       4359    178.000     8.4726     8.4712   3.666424   3.667898     2.2132 -9.990e-29      48.54 4.9492e-02 0.0000e+00    79.9111    5.72080    34.9286    34.9457    27.1460    1487.08    1482.39 0.0000e+00
       4380    179.000     8.4716     8.4700   3.666508   3.667984     2.2133 -9.990e-29      47.36 4.9505e-02 0.0000e+00    79.9170    5.71620    34.9300    34.9473    27.1472    1487.09    1482.42 0.0000e+00
       4400    180.000     8.4713     8.4696   3.666565   3.668024     2.2133 -9.990e-29      46.11 6.0627e-02 0.0000e+00    79.8876    5.70990    34.9305    34.9476    27.1476    1487.11    1482.45 0.0000e+00
       4420    181.000     8.4710     8.4694   3.666632   3.668107     2.2123 -9.990e-29      45.10 4.9645e-02 0.0000e+00    79.8720    5.70243    34.9310    34.9482    27.1481    1487.12    1482.47 0.0000e+00
       4440    182.000     8.4707     8.4691   3.666694   3.668157     2.2114 -9.990e-29      44.31 4.9497e-02 0.0000e+00    79.8614    5.70398    34.9315    34.9486    27.1485    1487.14    1482.50 0.0000e+00
       4460    183.000     8.4696     8.4681   3.666726   3.668197     2.2112 -9.990e-29      43.43 4.9492e-02 0.0000e+00    79.8473    5.71282    34.9324    34.9495    27.1494    1487.15    1482.52 0.0000e+00
       4481    184.000     8.4691     8.4676   3.666770   3.668241     2.2113 -9.990e-29      42.46 4.9498e-02 0.0000e+00    79.8211    5.71187    34.9329    34.9500    27.1499    1487.17    1482.55 0.0000e+00
       4503    185.000     8.4690     8.4675   3.666826   3.668294     2.2111    -0.0861      41.46 4.9509e-02 0.0000e+00    79.7724    5.71186    34.9331    34.9502    27.1500    1487.19    1482.57 0.0000e+00
       4524    186.000     8.4689     8.4673   3.666884   3.668353     2.2110    -0.0858      40.46 4.9483e-02 0.0000e+00    79.7843    5.71453    34.9333    34.9505    27.1502    1487.20    1482.60 0.0000e+00
       4545    187.000     8.4688     8.4673   3.666948   3.668417     2.2111    -0.0563      39.49 4.9508e-02 0.0000e+00    79.7534    5.71457    34.9336    34.9507    27.1505    1487.22    1482.62 0.0000e+00
       4565    188.000     8.4689     8.4672   3.667001   3.668463     2.2110    -0.0572      38.54 4.9509e-02 0.0000e+00    79.7758    5.71495    34.9336    34.9508    27.1505    1487.23    1482.65 0.0000e+00
       4585    189.000     8.4690     8.4673   3.667056   3.668521     2.2112    -0.0685      37.55 4.9512e-02 0.0000e+00    79.7919    5.72013    34.9336    34.9509    27.1505    1487.25    1482.67 0.0000e+00
       4604    190.000     8.4690     8.4673   3.667112   3.668577     2.2114    -0.0877      36.56 4.9481e-02 0.0000e+00    79.7721    5.71737    34.9338    34.9510    27.1505    1487.27    1482.70 0.0000e+00
       4625    191.000     8.4687     8.4671   3.667126   3.668605     2.2111    -0.0878      35.54 4.9498e-02 0.0000e+00    79.7753    5.71501    34.9337    34.9510    27.1506    1487.28    1482.72 0.0000e+00
       4647    192.000     8.4683     8.4666   3.667153   3.668623     2.2109    -0.0876      34.56 4.9496e-02 0.0000e+00    79.7810    5.71444    34.9339    34.9512    27.1508    1487.30    1482.74 0.0000e+00
       4669    193.000     8.4676     8.4660   3.667200   3.668670     2.2105    -0.0665      33.58 4.9496e-02 0.0000e+00    79.7637    5.71571    34.9346    34.9518    27.1515    1487.31    1482.77 0.0000e+00
       4690    194.000     8.4673     8.4657   3.667239   3.668701     2.2107    -0.0556      32.58 4.9472e-02 0.0000e+00    79.7673    5.72008    34.9349    34.9520    27.1517    1487.33    1482.79 0.0000e+00
       4711    195.000     8.4663     8.4649   3.667224   3.668703     2.2105    -0.0605      31.58 4.9495e-02 0.0000e+00    79.7418    5.71758    34.9352    34.9523    27.1521    1487.34    1482.81 0.0000e+00
       4731    196.000     8.4646     8.4630   3.667244   3.668712     2.2104    -0.0867      30.62 4.9466e-02 0.0000e+00    79.7782    5.72299    34.9366    34.9538    27.1535    1487.35    1482.84 0.0000e+00
       4751    197.000     8.4645     8.4628   3.667304   3.668767     2.2110    -0.0863      29.63 4.9488e-02 0.0000e+00    79.7540    5.72278    34.9369    34.9541    27.1537    1487.37    1482.86 0.0000e+00
       4771    198.000     8.4641     8.4625   3.667360   3.668826     2.2107    -0.0689      28.63 4.9492e-02 0.0000e+00    79.7240    5.72103    34.9374    34.9546    27.1542    1487.39    1482.88 0.0000e+00
       4792    199.000     8.4635     8.4620   3.667429   3.668900     2.2109    -0.0558      27.60 4.9472e-02 0.0000e+00    79.6819    5.72756    34.9383    34.9554    27.1549    1487.40    1482.90 0.0000e+00
       4813    200.000     8.4618     8.4602   3.667476   3.668948     2.2111    -0.0617      26.59 4.9489e-02 0.0000e+00    79.7004    5.72787    34.9400    34.9572    27.1565    1487.41    1482.93 0.0000e+00
       4835    201.000     8.4616     8.4599   3.667518   3.668998     2.2115    -0.0873      25.60 4.9492e-02 0.0000e+00    79.6857    5.73210    34.9401    34.9575    27.1567    1487.43    1482.95 0.0000e+00
       4856    202.000     8.4614     8.4598   3.667567   3.669043     2.2120    -0.0877      24.62 4.9527e-02 0.0000e+00    79.7136    5.73632    34.9404    34.9576    27.1569    1487.45    1482.97 0.0000e+00
       4878    203.000     8.4611     8.4596   3.667610   3.669083     2.2125    -0.0662      23.63 4.9486e-02 0.0000e+00    79.6828    5.73543    34.9406    34.9578    27.1572    1487.46    1482.99 0.0000e+00
       4899    204.000     8.4601     8.4585   3.667649   3.669116     2.2126    -0.0696      22.65 5.1428e-02 0.0000e+00    79.6858    5.74054    34.9416    34.9587    27.1581    1487.48    1483.02 0.0000e+00
       4919    205.000     8.4599     8.4582   3.667709   3.669169     2.2137    -0.0849      21.67 7.8226e-02 0.0000e+00    79.6750    5.74495    34.9419    34.9591    27.1584    1487.49    1483.04 0.0000e+00
       4939    206.000     8.4594     8.4578   3.667753   3.669221     2.2137    -0.0560      20.69 6.0070e-02 0.0000e+00    79.6749    5.73863    34.9424    34.9596    27.1588    1487.51    1483.06 0.0000e+00
       4960    207.000     8.4593     8.4577   3.667816   3.669287     2.2138    -0.0572      19.68 4.9527e-02 0.0000e+00    79.7029    5.74255    34.9427    34.9599    27.1591    1487.52    1483.08 0.0000e+00
       4982    208.000     8.4588     8.4573   3.667963   3.669438     2.2141    -0.0752      18.67 4.9496e-02 0.0000e+00    79.7124    5.74125    34.9443    34.9614    27.1604    1487.54    1483.10 0.0000e+00
       5003    209.000     8.4580     8.4564   3.668016   3.669493     2.2139    -0.0848      17.65 4.9527e-02 0.0000e+00    79.7252    5.74289    34.9452    34.9624    27.1612    1487.55    1483.12 0.0000e+00
       5025    210.000     8.4578     8.4561   3.668072   3.669551     2.2143 -9.990e-29      16.68 4.9486e-02 0.0000e+00    79.6780    5.75064    34.9455    34.9629    27.1615    1487.57    1483.14 0.0000e+00
       5046    211.000     8.4578     8.4561   3.668143   3.669609     2.2149 -9.990e-29      15.70 4.9499e-02 0.0000e+00    79.0486    5.74802    34.9457    34.9630    27.1617    1487.59    1483.16 0.0000e+00
       5067    212.000     8.4578     8.4562   3.668199   3.669667     2.2147 -9.990e-29      14.72 4.9505e-02 0.0000e+00    78.2042    5.74530    34.9459    34.9630    27.1618    1487.60    1483.19 0.0000e+00
       5088    213.000     8.4578     8.4562   3.668257   3.669724     2.2147 -9.990e-29      13.76 4.9492e-02 0.0000e+00    76.6499    5.74569    34.9460    34.9632    27.1619    1487.62    1483.21 0.0000e+00
       5109    214.000     8.4578     8.4563   3.668318   3.669781     2.2145    -0.0563      12.75 4.9500e-02 0.0000e+00    75.6802    5.74176    34.9462    34.9632    27.1620    1487.64    1483.23 0.0000e+00
       5141    215.000     8.4574     8.4560   3.668381   3.669839     2.2138    -0.0558      11.57 4.9493e-02 0.0000e+00    74.9302    5.74208    34.9468    34.9636    27.1625    1487.65    1483.25 0.0000e+00
       5185    216.000     8.4572     8.4550   3.668426   3.669902     2.2137    -0.0558      10.43 4.9504e-02 0.0000e+00    75.0902    5.74559    34.9470    34.9648    27.1627    1487.67    1483.27 0.0000e+00
       5237    217.000     8.4574     8.4559   3.668472   3.669941     2.2135    -0.0718       9.36 4.9502e-02 0.0000e+00    75.5623    5.74668    34.9468    34.9638    27.1626    1487.69    1483.29 0.0000e+00
       5306    218.000     8.4577     8.4563   3.668539   3.670008     2.2137    -0.0548       8.39 4.9493e-02 0.0000e+00    75.5624    5.74616    34.9467    34.9637    27.1625    1487.70    1483.31 0.0000e+00
