_data/ctd/2022603/sta0211.cnv
* Sea-Bird SBE 9 Data File:
* FileName = C:\Seabird\CTDData\sta0211.hex
* Software Version Seasave V 7.21f
* Temperature SN = 6264
* Conductivity SN = 4928
* Number of Bytes Per Scan = 40
* Number of Voltage Words = 5
* Number of Scans Averaged by the Deck Unit = 1
* NMEA Latitude = 61 29.96 N
* NMEA Longitude = 005 43.05 E
* NMEA UTC (Time) = Feb 16 2022 03:20:46
* NMEA baud rate = 4800
** Ship: R/V "Kristine Bonnevie"
** Station: 0211
** Echodepth: 260
** Log: 0916.353
** Wind-Dir/Force: 35 08
** Air-temp (dry): 1.3
** Weather Sky:
** Sea:
** FOFJ002
# nquan = 19                                
# nvalues = 257                         
# units = specified
# name 0 = scan: Scan Count
# name 1 = prDM: Pressure, Digiquartz [db]
# name 2 = t068C: Temperature [ITS-68, deg C]
# name 3 = t168C: Temperature, 2 [ITS-68, deg C]
# name 4 = c0S/m: Conductivity [S/m]
# name 5 = c1S/m: Conductivity, 2 [S/m]
# name 6 = sbeox0V: Oxygen raw, SBE 43 [V]
# name 7 = flECO-AFL: Fluorescence, WET Labs ECO-AFL/FL [mg/m^3]
# name 8 = altM: Altimeter [m]
# name 9 = par: PAR/Irradiance, Biospherical/Licor
# name 10 = spar: SPAR/Surface Irradiance
# name 11 = CStarTr0: Beam Transmission, WET Labs C-Star [%]
# name 12 = sbeox0ML/L: Oxygen, SBE 43 [ml/l], WS = 2
# name 13 = sal00: Salinity, Practical [PSU]
# name 14 = sal11: Salinity, Practical, 2 [PSU]
# name 15 = sigma-t00: Density [sigma-t, Kg/m^3 ]
# name 16 = svCM: Sound Velocity [Chen-Millero, m/s]
# name 17 = avgsvCM: Average Sound Velocity [Chen-Millero, m/s], minP = 1, minS = 5
# name 18 = flag: flag
# span 0 =        469,       6709       
# span 1 =      2.000,    258.000       
# span 2 =     6.2949,    10.6216       
# span 3 =     6.2458,    10.6130       
# span 4 =   2.786283,   3.711583       
# span 5 =   2.783658,   3.713207       
# span 6 =     1.6225,     2.4459       
# span 7 =    -0.0702,     0.2548       
# span 8 =       4.93,      99.53       
# span 9 = 4.9440e-02, 5.7644e-01       
# span 10 = 0.0000e+00, 0.0000e+00      
# span 11 =    75.6236,    81.0834      
# span 12 =    3.71465,    6.96685      
# span 13 =    27.5133,    34.7266      
# span 14 =    27.5244,    34.7432      
# span 15 =    21.6103,    27.0096      
# span 16 =    1466.52,    1490.23      
# span 17 =    1466.52,    1487.12      
# span 18 = 0.0000e+00, 0.0000e+00      
# interval = decibars: 1                
# start_time = Feb 16 2022 03:20:49 [System UTC, header]
# bad_flag = -9.990e-29
*END*
[from data line 77]
       2310     79.000     9.1764     9.1757   3.667280   3.668729     1.9818    -0.0471      98.80 4.9458e-02 0.0000e+00    80.9938    4.73039    34.2976    34.3134    26.5402    1487.28    1487.12 0.0000e+00
       2332     80.000     9.1558     9.1550   3.666327   3.667775     1.9734    -0.0582      98.80 4.9472e-02 0.0000e+00    80.9697    4.70798    34.3071    34.3229    26.5509    1487.23    1487.12 0.0000e+00
       2354     81.000     9.1293     9.1288   3.664893   3.666301     1.9655    -0.0614      98.80 4.9477e-02 0.0000e+00    80.9814    4.68682    34.3172    34.3323    26.5631    1487.16    1487.12 0.0000e+00
       2376     82.000     9.0769     9.0774   3.662119   3.663538     1.9571    -0.0524      98.80 4.9477e-02 0.0000e+00    80.9757    4.66202    34.3383    34.3526    26.5880    1487.01    1487.12 0.0000e+00
       2397     83.000     9.0566     9.0554   3.661250   3.662702     1.9488    -0.0443      98.80 4.9477e-02 0.0000e+00    80.9840    4.64249    34.3483    34.3646    26.5991    1486.96    1487.12 0.0000e+00
       2419     84.000     9.0414     9.0406   3.660447   3.661864     1.9413    -0.0447      98.80 4.9492e-02 0.0000e+00    80.9972    4.60973    34.3541    34.3697    26.6061    1486.93    1487.12 0.0000e+00
       2441     85.000     9.0157     9.0160   3.659226   3.660687     1.9312    -0.0461      98.80 4.9477e-02 0.0000e+00    80.9801    4.55621    34.3657    34.3807    26.6193    1486.87    1487.12 0.0000e+00
       2463     86.000     8.9888     8.9885   3.657967   3.659406     1.9196    -0.0564      98.80 4.9477e-02 0.0000e+00    80.9450    4.52328    34.3781    34.3934    26.6332    1486.80    1487.11 0.0000e+00
       2485     87.000     8.9638     8.9647   3.656497   3.657926     1.9094    -0.0604      98.80 4.9483e-02 0.0000e+00    80.9364    4.50231    34.3864    34.4005    26.6437    1486.73    1487.11 0.0000e+00
       2507     88.000     8.9140     8.9150   3.653817   3.655265     1.8998    -0.0520      98.80 4.9471e-02 0.0000e+00    80.9573    4.49041    34.4061    34.4203    26.6671    1486.59    1487.10 0.0000e+00
       2529     89.000     8.8751     8.8761   3.651751   3.653167     1.8916    -0.0417      98.80 4.9471e-02 0.0000e+00    80.9547    4.46697    34.4216    34.4355    26.6854    1486.48    1487.09 0.0000e+00
       2551     90.000     8.8451     8.8444   3.649891   3.651281     1.8820    -0.0405      98.80 4.9487e-02 0.0000e+00    80.9210    4.42014    34.4308    34.4460    26.6973    1486.40    1487.09 0.0000e+00
       2574     91.000     8.8331     8.8325   3.649299   3.650729     1.8704    -0.0400      98.80 4.9477e-02 0.0000e+00    80.8927    4.36572    34.4357    34.4513    26.7031    1486.38    1487.08 0.0000e+00
       2596     92.000     8.7954     8.7959   3.647425   3.648849     1.8575    -0.0398      98.79 4.9475e-02 0.0000e+00    80.8419    4.31555    34.4522    34.4667    26.7219    1486.27    1487.07 0.0000e+00
       2618     93.000     8.7652     8.7661   3.645731   3.647140     1.8435    -0.0452      98.80 4.9471e-02 0.0000e+00    80.8354    4.26394    34.4632    34.4772    26.7354    1486.19    1487.06 0.0000e+00
       2641     94.000     8.7352     8.7348   3.644271   3.645683     1.8298    -0.0373      98.80 4.9490e-02 0.0000e+00    80.8005    4.23165    34.4766    34.4919    26.7505    1486.11    1487.05 0.0000e+00
       2663     95.000     8.7217     8.7209   3.643510   3.644912     1.8172    -0.0346      98.79 4.9496e-02 0.0000e+00    80.8183    4.19904    34.4813    34.4968    26.7563    1486.09    1487.04 0.0000e+00
       2685     96.000     8.7074     8.7064   3.642688   3.644072     1.8046    -0.0369      98.80 4.9490e-02 0.0000e+00    80.8170    4.16042    34.4861    34.5016    26.7623    1486.06    1487.03 0.0000e+00
       2707     97.000     8.6610     8.6627   3.639696   3.641098     1.7927    -0.0405      98.79 4.9521e-02 0.0000e+00    80.7881    4.13282    34.4993    34.5124    26.7799    1485.92    1487.02 0.0000e+00
       2729     98.000     8.6285     8.6277   3.638495   3.639855     1.7812    -0.0384      98.79 4.9483e-02 0.0000e+00    80.7796    4.09889    34.5178    34.5330    26.7995    1485.84    1487.01 0.0000e+00
       2750     99.000     8.5957     8.5951   3.636946   3.638321     1.7697    -0.0532      98.79 4.9490e-02 0.0000e+00    80.7404    4.05324    34.5330    34.5481    26.8166    1485.75    1486.99 0.0000e+00
       2772    100.000     8.5625     8.5620   3.635294   3.636677     1.7562    -0.0485      98.79 4.9496e-02 0.0000e+00    80.6920    3.99925    34.5475    34.5627    26.8331    1485.66    1486.98 0.0000e+00
       2794    101.000     8.5137     8.5160   3.632859   3.634256     1.7428    -0.0415      98.79 4.9479e-02 0.0000e+00    80.7322    3.96547    34.5691    34.5816    26.8576    1485.52    1486.97 0.0000e+00
       2815    102.000     8.4936     8.4928   3.631911   3.633317     1.7302    -0.0479      98.78 4.9515e-02 0.0000e+00    80.7360    3.93294    34.5782    34.5939    26.8679    1485.47    1486.95 0.0000e+00
       2837    103.000     8.4884     8.4874   3.631697   3.633097     1.7187    -0.0456      98.78 4.9490e-02 0.0000e+00    80.7096    3.90669    34.5806    34.5964    26.8705    1485.47    1486.94 0.0000e+00
       2859    104.000     8.4776     8.4768   3.631174   3.632583     1.7068    -0.0134      86.74 4.9496e-02 0.0000e+00    80.6838    3.86796    34.5852    34.6009    26.8758    1485.45    1486.92 0.0000e+00
       2881    105.000     8.4674     8.4665   3.630677   3.632053     1.6957    -0.0391      42.44 4.9483e-02 0.0000e+00    80.7175    3.84460    34.5894    34.6049    26.8807    1485.44    1486.91 0.0000e+00
       2903    106.000     8.4409     8.4402   3.629538   3.630899     1.6859    -0.0468      97.81 4.9508e-02 0.0000e+00    80.6885    3.82874    34.6029    34.6180    26.8953    1485.37    1486.89 0.0000e+00
       2925    107.000     8.4319     8.4307   3.629164   3.630535     1.6768    -0.0410      98.78 4.9490e-02 0.0000e+00    80.6745    3.80813    34.6072    34.6230    26.9001    1485.36    1486.88 0.0000e+00
       2947    108.000     8.4099     8.4089   3.628207   3.629555     1.6688    -0.0452      98.78 4.9505e-02 0.0000e+00    80.6891    3.79619    34.6182    34.6335    26.9121    1485.31    1486.87 0.0000e+00
       2969    109.000     8.4001     8.3988   3.627732   3.629107     1.6617    -0.0508      98.78 4.9528e-02 0.0000e+00    80.7004    3.78569    34.6223    34.6382    26.9169    1485.29    1486.85 0.0000e+00
       2991    110.000     8.3912     8.3904   3.627450   3.628843     1.6559    -0.0484      98.78 4.9508e-02 0.0000e+00    80.7039    3.77587    34.6276    34.6432    26.9224    1485.28    1486.84 0.0000e+00
       3012    111.000     8.3746     8.3735   3.626858   3.628234     1.6505    -0.0470      98.78 4.9527e-02 0.0000e+00    80.6831    3.76575    34.6372    34.6529    26.9324    1485.25    1486.82 0.0000e+00
       3034    112.000     8.3712     8.3695   3.626756   3.628124     1.6454    -0.0476      98.78 4.9512e-02 0.0000e+00    80.7000    3.75193    34.6389    34.6552    26.9343    1485.26    1486.81 0.0000e+00
       3056    113.000     8.3682     8.3665   3.626735   3.628103     1.6406    -0.0474      98.78 4.9489e-02 0.0000e+00    80.6637    3.74240    34.6412    34.6574    26.9366    1485.26    1486.79 0.0000e+00
       3077    114.000     8.3550     8.3539   3.626173   3.627543     1.6366    -0.0427      80.49 4.9512e-02 0.0000e+00    80.6061    3.73314    34.6477    34.6634    26.9437    1485.24    1486.78 0.0000e+00
       3099    115.000     8.3447     8.3434   3.626082   3.627464     1.6322    -0.0447      42.61 4.9502e-02 0.0000e+00    80.5321    3.72323    34.6564    34.6724    26.9521    1485.23    1486.77 0.0000e+00
       3120    116.000     8.3337     8.3326   3.626106   3.627496     1.6286    -0.0417      98.80 4.9518e-02 0.0000e+00    80.5330    3.71465    34.6670    34.6829    26.9621    1485.22    1486.75 0.0000e+00
       3141    117.000     8.3291     8.3276   3.626249   3.627634     1.6250    -0.0482      98.78 4.9518e-02 0.0000e+00    80.5052    3.71493    34.6726    34.6888    26.9672    1485.22    1486.74 0.0000e+00
       3163    118.000     8.3274     8.3258   3.626312   3.627685     1.6229    -0.0494      25.52 4.9502e-02 0.0000e+00    80.4781    3.72641    34.6745    34.6907    26.9689    1485.23    1486.73 0.0000e+00
       3184    119.000     8.3264     8.3247   3.626349   3.627725     1.6225    -0.0393      99.53 4.9532e-02 0.0000e+00    80.4746    3.74631    34.6754    34.6917    26.9698    1485.25    1486.72 0.0000e+00
       3206    120.000     8.3240     8.3226   3.626410   3.627790     1.6240    -0.0422      98.78 4.9534e-02 0.0000e+00    80.4842    3.76755    34.6779    34.6940    26.9721    1485.26    1486.70 0.0000e+00
       3227    121.000     8.3222     8.3207   3.626470   3.627856     1.6260    -0.0444      53.79 4.9509e-02 0.0000e+00    80.4626    3.77788    34.6798    34.6961    26.9739    1485.27    1486.69 0.0000e+00
       3249    122.000     8.3159     8.3146   3.626367   3.627746     1.6280    -0.0442      71.34 4.9485e-02 0.0000e+00    80.4284    3.78222    34.6845    34.7004    26.9785    1485.27    1486.68 0.0000e+00
       3270    123.000     8.3130     8.3114   3.626387   3.627765     1.6296    -0.0444      98.72 4.9496e-02 0.0000e+00    80.4236    3.78547    34.6871    34.7033    26.9810    1485.28    1486.67 0.0000e+00
       3292    124.000     8.3129     8.3112   3.626465   3.627846     1.6309    -0.0445      86.19 4.9525e-02 0.0000e+00    80.3701    3.78442    34.6875    34.7039    26.9814    1485.29    1486.66 0.0000e+00
       3313    125.000     8.3124     8.3107   3.626730   3.628097     1.6318    -0.0429      40.23 4.9496e-02 0.0000e+00    80.3378    3.78775    34.6903    34.7066    26.9837    1485.31    1486.65 0.0000e+00
       3335    126.000     8.3123     8.3106   3.626841   3.628239     1.6331    -0.0408      99.19 4.9539e-02 0.0000e+00    80.3386    3.79122    34.6911    34.7077    26.9843    1485.33    1486.64 0.0000e+00
       3356    127.000     8.3121     8.3105   3.626968   3.628356     1.6335    -0.0401      98.78 4.9509e-02 0.0000e+00    80.3122    3.79279    34.6922    34.7086    26.9852    1485.35    1486.63 0.0000e+00
       3378    128.000     8.3110     8.3094   3.627101   3.628478     1.6349    -0.0499      35.25 4.9492e-02 0.0000e+00    80.3032    3.80400    34.6942    34.7105    26.9869    1485.36    1486.62 0.0000e+00
       3399    129.000     8.3103     8.3086   3.627268   3.628655     1.6363    -0.0475      98.36 4.9512e-02 0.0000e+00    80.2701    3.80703    34.6962    34.7127    26.9886    1485.38    1486.61 0.0000e+00
       3420    130.000     8.3100     8.3083   3.627606   3.629004     1.6374    -0.0453      98.77 4.9490e-02 0.0000e+00    80.2556    3.81308    34.6996    34.7162    26.9913    1485.40    1486.60 0.0000e+00
       3442    131.000     8.3097     8.3081   3.627753   3.629136     1.6391    -0.0417      62.16 4.9512e-02 0.0000e+00    80.2236    3.82365    34.7010    34.7173    26.9925    1485.41    1486.59 0.0000e+00
       3463    132.000     8.3091     8.3075   3.627880   3.629271     1.6409    -0.0392      65.60 4.9496e-02 0.0000e+00    80.2155    3.83115    34.7025    34.7189    26.9937    1485.43    1486.58 0.0000e+00
       3485    133.000     8.3090     8.3073   3.628072   3.629467     1.6429    -0.0359      98.34 4.9538e-02 0.0000e+00    80.2090    3.84527    34.7041    34.7207    26.9950    1485.45    1486.57 0.0000e+00
       3506    134.000     8.3091     8.3074   3.628177   3.629560     1.6457    -0.0412      95.71 4.9518e-02 0.0000e+00    80.1508    3.85673    34.7047    34.7211    26.9954    1485.47    1486.56 0.0000e+00
       3527    135.000     8.3092     8.3075   3.628239   3.629637     1.6481    -0.0360      34.28 4.9540e-02 0.0000e+00    80.1301    3.86325    34.7048    34.7213    26.9955    1485.48    1486.55 0.0000e+00
       3549    136.000     8.3093     8.3076   3.628325   3.629726     1.6503    -0.0379      97.92 4.9538e-02 0.0000e+00    80.0997    3.86847    34.7051    34.7217    26.9957    1485.50    1486.55 0.0000e+00
       3570    137.000     8.3106     8.3088   3.628641   3.630037     1.6525    -0.0423      98.78 4.9546e-02 0.0000e+00    80.0803    3.87549    34.7067    34.7234    26.9968    1485.52    1486.54 0.0000e+00
       3592    138.000     8.3119     8.3101   3.628935   3.630335     1.6546    -0.0101      40.62 4.9500e-02 0.0000e+00    80.0747    3.88207    34.7081    34.7248    26.9977    1485.55    1486.53 0.0000e+00
       3613    139.000     8.3126     8.3109   3.629162   3.630550     1.6566    -0.0297      89.09 4.9525e-02 0.0000e+00    80.0749    3.88900    34.7093    34.7258    26.9985    1485.57    1486.53 0.0000e+00
       3634    140.000     8.3127     8.3110   3.629261   3.630648     1.6589    -0.0431      98.38 4.9509e-02 0.0000e+00    80.0692    3.90507    34.7098    34.7263    26.9989    1485.58    1486.52 0.0000e+00
       3656    141.000     8.3131     8.3114   3.629446   3.630843     1.6619    -0.0446      98.77 4.9531e-02 0.0000e+00    80.0539    3.91963    34.7109    34.7275    26.9997    1485.60    1486.51 0.0000e+00
       3677    142.000     8.3134     8.3118   3.629647   3.631039     1.6650    -0.0451      98.78 4.9532e-02 0.0000e+00    80.0603    3.93431    34.7123    34.7287    27.0007    1485.62    1486.51 0.0000e+00
       3698    143.000     8.3126     8.3109   3.629735   3.631127     1.6686    -0.0150      93.33 4.9538e-02 0.0000e+00    80.0576    3.94807    34.7135    34.7300    27.0018    1485.64    1486.50 0.0000e+00
       3719    144.000     8.3115     8.3100   3.629738   3.631145     1.6718    -0.0395      97.95 4.9505e-02 0.0000e+00    80.0557    3.95672    34.7141    34.7306    27.0025    1485.65    1486.49 0.0000e+00
       3740    145.000     8.3110     8.3094   3.629749   3.631152     1.6752    -0.0467      98.79 4.9485e-02 0.0000e+00    80.0424    3.96576    34.7143    34.7308    27.0027    1485.67    1486.49 0.0000e+00
       3761    146.000     8.3087     8.3071   3.629606   3.630990     1.6778    -0.0412      97.43 4.9512e-02 0.0000e+00    80.0275    3.96954    34.7145    34.7309    27.0032    1485.67    1486.48 0.0000e+00
       3782    147.000     8.3086     8.3070   3.629649   3.631058     1.6802    -0.0442      94.67 4.9512e-02 0.0000e+00    79.9993    3.96752    34.7146    34.7312    27.0033    1485.69    1486.48 0.0000e+00
       3803    148.000     8.3097     8.3081   3.629822   3.631237     1.6812    -0.0437      98.79 4.9474e-02 0.0000e+00    79.9724    3.96500    34.7149    34.7315    27.0034    1485.71    1486.47 0.0000e+00
       3823    149.000     8.3099     8.3081   3.629922   3.631313     1.6821    -0.0402      98.78 4.9532e-02 0.0000e+00    79.9737    3.95802    34.7153    34.7319    27.0036    1485.73    1486.47 0.0000e+00
       3844    150.000     8.3094     8.3075   3.629949   3.631334     1.6821    -0.0452      94.37 4.9525e-02 0.0000e+00    79.9593    3.95367    34.7156    34.7322    27.0040    1485.74    1486.46 0.0000e+00
       3865    151.000     8.3090     8.3073   3.629978   3.631377     1.6820    -0.0471      98.73 4.9552e-02 0.0000e+00    79.9332    3.95380    34.7158    34.7324    27.0042    1485.76    1486.46 0.0000e+00
       3886    152.000     8.3092     8.3074   3.630079   3.631492     1.6818    -0.0499      98.78 4.9538e-02 0.0000e+00    79.9750    3.95358    34.7162    34.7330    27.0045    1485.78    1486.45 0.0000e+00
       3907    153.000     8.3107     8.3090   3.630328   3.631733     1.6819    -0.0434      97.50 4.9571e-02 0.0000e+00    79.9076    3.95672    34.7169    34.7335    27.0048    1485.80    1486.45 0.0000e+00
