_data/ctd/2022603/sta0196.cnv
* Sea-Bird SBE 9 Data File:
* FileName = C:\Seabird\CTDData\sta0196.hex
* Software Version Seasave V 7.21f
* Temperature SN = 6264
* Conductivity SN = 4928
* Number of Bytes Per Scan = 40
* Number of Voltage Words = 5
* Number of Scans Averaged by the Deck Unit = 1
* NMEA Latitude = 61 13.68 N
* NMEA Longitude = 006 34.12 E
* NMEA UTC (Time) = Feb 14 2022 20:11:32
* NMEA baud rate = 4800
** Ship: R/V "Kristine Bonnevie"
** Station: 0196
** Echodepth: 299
** Log: 0774.793
** Wind-Dir/Force: 30 04
** Air-temp (dry): 4.8
** Weather Sky:
** Sea:
# nquan = 19                                
# nvalues = 295                         
# units = specified
# name 0 = scan: Scan Count
# name 1 = prDM: Pressure, Digiquartz [db]
# name 2 = t068C: Temperature [ITS-68, deg C]
# name 3 = t168C: Temperature, 2 [ITS-68, deg C]
# name 4 = c0S/m: Conductivity [S/m]
# name 5 = c1S/m: Conductivity, 2 [S/m]
# name 6 = sbeox0V: Oxygen raw, SBE 43 [V]
# name 7 = flECO-AFL: Fluorescence, WET Labs ECO-AFL/FL [mg/m^3]
# name 8 = altM: Altimeter [m]
# name 9 = par: PAR/Irradiance, Biospherical/Licor
# name 10 = spar: SPAR/Surface Irradiance
# name 11 = CStarTr0: Beam Transmission, WET Labs C-Star [%]
# name 12 = sbeox0ML/L: Oxygen, SBE 43 [ml/l], WS = 2
# name 13 = sal00: Salinity, Practical [PSU]
# name 14 = sal11: Salinity, Practical, 2 [PSU]
# name 15 = sigma-t00: Density [sigma-t, Kg/m^3 ]
# name 16 = svCM: Sound Velocity [Chen-Millero, m/s]
# name 17 = avgsvCM: Average Sound Velocity [Chen-Millero, m/s], minP = 1, minS = 5
# name 18 = flag: flag
# span 0 =        157,       7564       
# span 1 =      1.000,    295.000       
# span 2 =     4.2313,    10.0196       
# span 3 =     4.2040,    10.0163       
# span 4 =   2.635359,   3.708415       
# span 5 =   2.626472,   3.709861       
# span 6 =     1.8933,     2.4994       
# span 7 =    -0.0998,     1.0442       
# span 8 =       1.18,     100.23       
# span 9 = 4.9456e-02, 1.1454e+00       
# span 10 = 0.0000e+00, 0.0000e+00      
# span 11 =    78.8104,    81.8868      
# span 12 =    4.67586,    7.52134      
# span 13 =    27.5232,    34.9692      
# span 14 =    27.4440,    34.9857      
# span 15 =    21.8244,    27.2881      
# span 16 =    1458.02,    1489.15      
# span 17 =    1458.34,    1484.21      
# span 18 = 0.0000e+00, 0.0000e+00      
# interval = decibars: 1                
# start_time = Feb 14 2022 20:11:34 [System UTC, header]
# bad_flag = -9.990e-29
*END*
[from data line 153]
       4041    154.000     8.1204     8.1195   3.623341   3.624721     2.0673    -0.0651      78.22 4.9499e-02 0.0000e+00    81.7398    5.19370    34.8302    34.8458    27.1227    1485.24    1482.91 0.0000e+00
       4065    155.000     8.1100     8.1086   3.622433   3.623814     2.0588    -0.0721      76.09 4.9479e-02 0.0000e+00    81.6980    5.10558    34.8303    34.8465    27.1243    1485.22    1482.92 0.0000e+00
       4089    156.000     8.1098     8.1076   3.622584   3.623946     2.0440    -0.0867      55.54 4.9500e-02 0.0000e+00    81.6712    5.00871    34.8316    34.8484    27.1254    1485.24    1482.94 0.0000e+00
       4113    157.000     8.1143     8.1122   3.623226   3.624611     2.0267    -0.0650      76.80 4.9493e-02 0.0000e+00    81.6643    4.93965    34.8336    34.8505    27.1262    1485.27    1482.95 0.0000e+00
       4137    158.000     8.1134     8.1116   3.623428   3.624806     2.0099    -0.0660      86.53 4.9479e-02 0.0000e+00    81.6780    4.90480    34.8361    34.8527    27.1284    1485.29    1482.97 0.0000e+00
       4160    159.000     8.1083     8.1069   3.623110   3.624480     1.9970    -0.0646      98.13 4.9491e-02 0.0000e+00    81.6973    4.91129    34.8373    34.8534    27.1301    1485.29    1482.98 0.0000e+00
       4184    160.000     8.1017     8.1001   3.622595   3.623970     1.9884    -0.0626      36.14 4.9491e-02 0.0000e+00    81.7308    4.92739    34.8379    34.8542    27.1315    1485.28    1483.00 0.0000e+00
       4208    161.000     8.0989     8.0972   3.622499   3.623870     1.9833    -0.0652      79.40 4.9502e-02 0.0000e+00    81.7351    4.94153    34.8391    34.8555    27.1329    1485.29    1483.01 0.0000e+00
       4232    162.000     8.0932     8.0920   3.622250   3.623629     1.9797    -0.0700      44.39 4.9486e-02 0.0000e+00    81.7196    4.93429    34.8416    34.8576    27.1358    1485.29    1483.03 0.0000e+00
       4257    163.000     8.0849     8.0834   3.621776   3.623152     1.9755    -0.0766      74.10 4.9485e-02 0.0000e+00    81.7156    4.92007    34.8443    34.8606    27.1391    1485.27    1483.04 0.0000e+00
       4281    164.000     8.0816     8.0800   3.621635   3.623013     1.9718    -0.0838      55.49 4.9497e-02 0.0000e+00    81.7132    4.91125    34.8456    34.8620    27.1406    1485.28    1483.05 0.0000e+00
       4305    165.000     8.0757     8.0743   3.621143   3.622529     1.9680    -0.0665      76.53 4.9489e-02 0.0000e+00    81.6962    4.89807    34.8457    34.8620    27.1416    1485.27    1483.07 0.0000e+00
       4329    166.000     8.0704     8.0689   3.620733   3.622112     1.9640    -0.0677      88.92 4.9491e-02 0.0000e+00    81.6914    4.88768    34.8461    34.8624    27.1427    1485.27    1483.08 0.0000e+00
       4354    167.000     8.0657     8.0643   3.620380   3.621764     1.9603    -0.0712      70.75 4.9489e-02 0.0000e+00    81.6544    4.87054    34.8465    34.8628    27.1437    1485.27    1483.09 0.0000e+00
       4378    168.000     8.0590     8.0575   3.619841   3.621207     1.9553    -0.0744      98.74 4.9508e-02 0.0000e+00    81.6247    4.84262    34.8469    34.8631    27.1451    1485.26    1483.11 0.0000e+00
       4403    169.000     8.0553     8.0535   3.619750   3.621117     1.9491    -0.0704      67.26 4.9483e-02 0.0000e+00    81.5683    4.80701    34.8491    34.8656    27.1474    1485.27    1483.12 0.0000e+00
       4427    170.000     8.0605     8.0580   3.620544   3.621891     1.9417    -0.0677      37.17 4.9485e-02 0.0000e+00    81.5012    4.77485    34.8520    34.8689    27.1488    1485.31    1483.13 0.0000e+00
       4452    171.000     8.0603     8.0584   3.620762   3.622126     1.9341    -0.0699      68.51 4.9491e-02 0.0000e+00    81.4408    4.75441    34.8541    34.8706    27.1505    1485.32    1483.14 0.0000e+00
       4476    172.000     8.0610     8.0593   3.621006   3.622384     1.9277    -0.0716      63.55 4.9500e-02 0.0000e+00    81.4443    4.76044    34.8555    34.8720    27.1515    1485.35    1483.16 0.0000e+00
       4500    173.000     8.0558     8.0545   3.620618   3.622005     1.9250    -0.0900      63.02 4.9480e-02 0.0000e+00    81.4717    4.79245    34.8560    34.8722    27.1527    1485.34    1483.17 0.0000e+00
       4525    174.000     8.0510     8.0496   3.620294   3.621670     1.9255    -0.0747      94.06 4.9480e-02 0.0000e+00    81.5084    4.81875    34.8568    34.8730    27.1541    1485.34    1483.18 0.0000e+00
       4549    175.000     8.0441     8.0426   3.619704   3.621082     1.9271    -0.0692      62.00 4.9484e-02 0.0000e+00    81.5311    4.83106    34.8569    34.8732    27.1551    1485.33    1483.19 0.0000e+00
       4574    176.000     8.0411     8.0394   3.619543   3.620920     1.9286    -0.0824      92.08 4.9503e-02 0.0000e+00    81.5628    4.82879    34.8577    34.8741    27.1562    1485.34    1483.21 0.0000e+00
       4598    177.000     8.0398     8.0382   3.619598   3.620971     1.9288    -0.0958      80.92 4.9517e-02 0.0000e+00    81.5416    4.81059    34.8591    34.8754    27.1575    1485.35    1483.22 0.0000e+00
       4622    178.000     8.0397     8.0378   3.619841   3.621221     1.9269    -0.0820      98.60 4.9509e-02 0.0000e+00    81.4955    4.78665    34.8613    34.8780    27.1593    1485.37    1483.23 0.0000e+00
       4647    179.000     8.0357     8.0344   3.619578   3.620962     1.9241    -0.0708      53.54 4.9495e-02 0.0000e+00    81.4948    4.78030    34.8620    34.8781    27.1604    1485.37    1483.24 0.0000e+00
       4672    180.000     8.0284     8.0272   3.618943   3.620332     1.9223    -0.0636      73.55 4.9522e-02 0.0000e+00    81.5234    4.79016    34.8619    34.8780    27.1615    1485.36    1483.25 0.0000e+00
       4696    181.000     8.0170     8.0158   3.618099   3.619482     1.9219    -0.0669      58.60 4.9503e-02 0.0000e+00    81.5325    4.80073    34.8637    34.8798    27.1646    1485.34    1483.27 0.0000e+00
       4721    182.000     8.0136     8.0120   3.617943   3.619309     1.9217    -0.0720      98.65 4.9489e-02 0.0000e+00    81.5403    4.78239    34.8650    34.8812    27.1661    1485.34    1483.28 0.0000e+00
       4745    183.000     8.0108     8.0093   3.617916   3.619302     1.9181    -0.0838      51.56 4.9520e-02 0.0000e+00    81.4566    4.73329    34.8670    34.8833    27.1681    1485.35    1483.29 0.0000e+00
       4770    184.000     8.0058     8.0044   3.617720   3.619101     1.9112    -0.0616      98.32 4.9506e-02 0.0000e+00    81.4095    4.69008    34.8694    34.8856    27.1707    1485.35    1483.30 0.0000e+00
       4794    185.000     8.0013     7.9998   3.617579   3.618965     1.9041    -0.0688      43.49 4.9520e-02 0.0000e+00    81.3699    4.67652    34.8718    34.8882    27.1733    1485.35    1483.31 0.0000e+00
       4819    186.000     8.0071     8.0034   3.618698   3.620014     1.8986    -0.0922      48.19 4.9511e-02 0.0000e+00    81.3604    4.67586    34.8776    34.8954    27.1770    1485.40    1483.32 0.0000e+00
       4844    187.000     8.0183     8.0171   3.620350   3.621749     1.8947    -0.0643      42.56 4.9497e-02 0.0000e+00    81.3577    4.68354    34.8837    34.8999    27.1801    1485.47    1483.33 0.0000e+00
       4868    188.000     8.0138     8.0125   3.620152   3.621540     1.8933    -0.0623      86.60 4.9506e-02 0.0000e+00    81.4352    4.73166    34.8856    34.9018    27.1822    1485.47    1483.34 0.0000e+00
       4892    189.000     8.0073     8.0059   3.619702   3.621086     1.8997    -0.0656      49.77 4.9497e-02 0.0000e+00    81.5987    4.84878    34.8867    34.9030    27.1841    1485.46    1483.36 0.0000e+00
       4917    190.000     8.0041     8.0025   3.619541   3.620929     1.9136    -0.0675      98.13 4.9495e-02 0.0000e+00    81.7516    4.94428    34.8877    34.9042    27.1854    1485.47    1483.37 0.0000e+00
       4941    191.000     7.9971     7.9961   3.619095   3.620467     1.9292    -0.0732      49.03 4.9520e-02 0.0000e+00    81.8094    4.99000    34.8894    34.9051    27.1877    1485.46    1483.38 0.0000e+00
       4966    192.000     7.9841     7.9832   3.617913   3.619307     1.9418    -0.0710      88.80 4.9514e-02 0.0000e+00    81.8299    5.00070    34.8892    34.9050    27.1895    1485.43    1483.39 0.0000e+00
       4990    193.000     7.9793     7.9777   3.617523   3.618897     1.9515    -0.0677      66.37 4.9494e-02 0.0000e+00    81.8684    4.99876    34.8893    34.9056    27.1903    1485.42    1483.40 0.0000e+00
       5015    194.000     7.9760     7.9744   3.617274   3.618654     1.9574    -0.0702      95.64 4.9474e-02 0.0000e+00    81.8438    4.97095    34.8894    34.9058    27.1909    1485.43    1483.41 0.0000e+00
       5039    195.000     7.9695     7.9684   3.616821   3.618214     1.9585    -0.0769      88.67 4.9489e-02 0.0000e+00    81.8658    4.93449    34.8905    34.9066    27.1928    1485.42    1483.42 0.0000e+00
       5064    196.000     7.9641     7.9625   3.616524   3.617908     1.9570    -0.0740      96.29 4.9478e-02 0.0000e+00    81.8717    4.90447    34.8923    34.9087    27.1949    1485.42    1483.43 0.0000e+00
       5089    197.000     7.9593     7.9580   3.616247   3.617622     1.9530    -0.0797      70.83 4.9491e-02 0.0000e+00    81.8621    4.87740    34.8936    34.9096    27.1967    1485.42    1483.44 0.0000e+00
       5113    198.000     7.9570     7.9554   3.616138   3.617524     1.9486    -0.0940      59.05 4.9483e-02 0.0000e+00    81.8377    4.85520    34.8942    34.9107    27.1975    1485.43    1483.45 0.0000e+00
       5138    199.000     7.9523     7.9507   3.615917   3.617292     1.9436    -0.0736      30.33 4.9489e-02 0.0000e+00    81.8622    4.84134    34.8960    34.9124    27.1997    1485.43    1483.46 0.0000e+00
       5163    200.000     7.9496     7.9481   3.615793   3.617174     1.9391    -0.0696      84.82 4.9511e-02 0.0000e+00    81.8312    4.83238    34.8969    34.9133    27.2008    1485.44    1483.47 0.0000e+00
       5188    201.000     7.9438     7.9423   3.615521   3.616898     1.9351    -0.0753      58.42 4.9473e-02 0.0000e+00    81.8254    4.82517    34.8993    34.9156    27.2035    1485.43    1483.48 0.0000e+00
       5213    202.000     7.9405     7.9390   3.615399   3.616767     1.9315    -0.0702      71.32 4.9483e-02 0.0000e+00    81.8238    4.82345    34.9008    34.9170    27.2052    1485.44    1483.49 0.0000e+00
       5237    203.000     7.9381     7.9365   3.615280   3.616659     1.9292    -0.0654      85.13 4.9497e-02 0.0000e+00    81.8311    4.82564    34.9014    34.9178    27.2060    1485.45    1483.50 0.0000e+00
       5262    204.000     7.9342     7.9328   3.615075   3.616448     1.9275    -0.0641      31.04 4.9478e-02 0.0000e+00    81.8327    4.82883    34.9026    34.9188    27.2075    1485.45    1483.51 0.0000e+00
       5287    205.000     7.9295     7.9280   3.614814   3.616193     1.9266    -0.0948      61.85 4.9489e-02 0.0000e+00    81.8480    4.83612    34.9040    34.9203    27.2093    1485.45    1483.52 0.0000e+00
       5312    206.000     7.9243     7.9229   3.614511   3.615889     1.9262    -0.0696      57.68 4.9478e-02 0.0000e+00    81.8334    4.83451    34.9055    34.9217    27.2112    1485.45    1483.53 0.0000e+00
       5337    207.000     7.9212     7.9195   3.614346   3.615718     1.9254    -0.0697      65.58 4.9522e-02 0.0000e+00    81.8201    4.82795    34.9063    34.9227    27.2124    1485.46    1483.54 0.0000e+00
       5362    208.000     7.9202     7.9187   3.614337   3.615706     1.9240    -0.0705      28.09 4.9506e-02 0.0000e+00    81.8162    4.81446    34.9067    34.9229    27.2128    1485.47    1483.55 0.0000e+00
       5387    209.000     7.9174     7.9158   3.614189   3.615561     1.9216    -0.0668      68.12 4.9511e-02 0.0000e+00    81.7678    4.80264    34.9074    34.9238    27.2138    1485.48    1483.56 0.0000e+00
       5412    210.000     7.9148     7.9132   3.614044   3.615419     1.9194    -0.0851      77.42 4.9517e-02 0.0000e+00    81.7686    4.79794    34.9080    34.9244    27.2146    1485.48    1483.56 0.0000e+00
       5436    211.000     7.9126     7.9110   3.613975   3.615346     1.9171    -0.0733      98.35 4.9497e-02 0.0000e+00    81.7464    4.78814    34.9089    34.9253    27.2157    1485.49    1483.57 0.0000e+00
       5461    212.000     7.9104     7.9087   3.613984   3.615356     1.9147    -0.0672      37.96 4.9495e-02 0.0000e+00    81.7102    4.78626    34.9108    34.9272    27.2175    1485.50    1483.58 0.0000e+00
       5485    213.000     7.9077     7.9063   3.613950   3.615329     1.9131    -0.0719      50.84 4.9503e-02 0.0000e+00    81.7336    4.78454    34.9126    34.9288    27.2193    1485.51    1483.59 0.0000e+00
       5510    214.000     7.9030     7.9016   3.613691   3.615071     1.9113    -0.0696      66.09 4.9522e-02 0.0000e+00    81.7589    4.78436    34.9140    34.9303    27.2212    1485.51    1483.60 0.0000e+00
       5534    215.000     7.8984     7.8969   3.613421   3.614793     1.9110    -0.0710      46.39 4.9485e-02 0.0000e+00    81.8143    4.80370    34.9152    34.9315    27.2228    1485.51    1483.61 0.0000e+00
       5559    216.000     7.8940     7.8925   3.613164   3.614531     1.9121    -0.0689      59.90 4.9517e-02 0.0000e+00    81.8468    4.81951    34.9164    34.9326    27.2243    1485.51    1483.62 0.0000e+00
       5584    217.000     7.8880     7.8867   3.612773   3.614143     1.9138    -0.0659      80.58 4.9489e-02 0.0000e+00    81.8475    4.82229    34.9177    34.9337    27.2262    1485.51    1483.63 0.0000e+00
       5609    218.000     7.8820     7.8803   3.612410   3.613780     1.9144    -0.0632      38.71 4.9511e-02 0.0000e+00    81.8385    4.81599    34.9193    34.9357    27.2284    1485.51    1483.64 0.0000e+00
       5634    219.000     7.8770     7.8751   3.612120   3.613464     1.9143    -0.0678      33.17 4.9484e-02 0.0000e+00    81.8157    4.80677    34.9206    34.9370    27.2302    1485.50    1483.64 0.0000e+00
       5659    220.000     7.8736     7.8718   3.611942   3.613299     1.9131    -0.0635      67.99 4.9503e-02 0.0000e+00    81.7797    4.79466    34.9216    34.9380    27.2315    1485.51    1483.65 0.0000e+00
       5684    221.000     7.8680     7.8667   3.611626   3.612998     1.9114    -0.0687      91.66 4.9492e-02 0.0000e+00    81.7404    4.78735    34.9233    34.9394    27.2337    1485.51    1483.66 0.0000e+00
       5709    222.000     7.8628     7.8612   3.611330   3.612702     1.9098    -0.0649      41.69 4.9514e-02 0.0000e+00    81.7391    4.78727    34.9249    34.9412    27.2357    1485.51    1483.67 0.0000e+00
       5733    223.000     7.8612     7.8596   3.611279   3.612648     1.9083    -0.0900      98.38 4.9494e-02 0.0000e+00    81.7487    4.78295    34.9254    34.9418    27.2363    1485.52    1483.68 0.0000e+00
       5758    224.000     7.8567     7.8554   3.611038   3.612405     1.9073    -0.0716      90.52 4.9506e-02 0.0000e+00    81.7135    4.78364    34.9268    34.9429    27.2381    1485.52    1483.69 0.0000e+00
       5782    225.000     7.8541     7.8525   3.610914   3.612285     1.9062    -0.0644      38.48 4.9474e-02 0.0000e+00    81.7212    4.78197    34.9276    34.9440    27.2391    1485.53    1483.69 0.0000e+00
       5807    226.000     7.8518     7.8502   3.610814   3.612186     1.9051    -0.0613      91.30 4.9480e-02 0.0000e+00    81.7266    4.77590    34.9284    34.9447    27.2400    1485.53    1483.70 0.0000e+00
       5830    227.000     7.8467     7.8454   3.610524   3.611895     1.9040    -0.0633      75.86 4.9491e-02 0.0000e+00    81.6958    4.77245    34.9298    34.9459    27.2420    1485.53    1483.71 0.0000e+00
       5854    228.000     7.8433     7.8421   3.610356   3.611749     1.9026    -0.0831      38.85 4.9487e-02 0.0000e+00    81.6261    4.77063    34.9309    34.9472    27.2433    1485.54    1483.72 0.0000e+00
