_data/ctd/2022603/sta0178.cnv
* Sea-Bird SBE 9 Data File:
* FileName = C:\Seabird\CTDData\sta0178.hex
* Software Version Seasave V 7.21f
* Temperature SN = 6264
* Conductivity SN = 4928
* Number of Bytes Per Scan = 40
* Number of Voltage Words = 5
* Number of Scans Averaged by the Deck Unit = 1
* NMEA Latitude = 60 53.66 N
* NMEA Longitude = 004 38.66 E
* NMEA UTC (Time) = Feb 13 2022 05:28:02
* NMEA baud rate = 4800
** Ship: R/V "Kristine Bonnevie"
** Station: 0178
** Echodepth: 284
** Log: 0540.377
** Wind-Dir/Force: 20 33
** Air-temp (dry): 7.2
** Weather Sky:
** Sea:
** VK043
# nquan = 19                                
# nvalues = 271                         
# units = specified
# name 0 = scan: Scan Count
# name 1 = prDM: Pressure, Digiquartz [db]
# name 2 = t068C: Temperature [ITS-68, deg C]
# name 3 = t168C: Temperature, 2 [ITS-68, deg C]
# name 4 = c0S/m: Conductivity [S/m]
# name 5 = c1S/m: Conductivity, 2 [S/m]
# name 6 = sbeox0V: Oxygen raw, SBE 43 [V]
# name 7 = flECO-AFL: Fluorescence, WET Labs ECO-AFL/FL [mg/m^3]
# name 8 = altM: Altimeter [m]
# name 9 = par: PAR/Irradiance, Biospherical/Licor
# name 10 = spar: SPAR/Surface Irradiance
# name 11 = CStarTr0: Beam Transmission, WET Labs C-Star [%]
# name 12 = sbeox0ML/L: Oxygen, SBE 43 [ml/l], WS = 2
# name 13 = sal00: Salinity, Practical [PSU]
# name 14 = sal11: Salinity, Practical, 2 [PSU]
# name 15 = sigma-t00: Density [sigma-t, Kg/m^3 ]
# name 16 = svCM: Sound Velocity [Chen-Millero, m/s]
# name 17 = avgsvCM: Average Sound Velocity [Chen-Millero, m/s], minP = 1, minS = 5
# name 18 = flag: flag
# span 0 =         56,       6445       
# span 1 =      3.000,    273.000       
# span 2 =     6.8946,     8.1811       
# span 3 =     6.8929,     8.1794       
# span 4 =   3.297955,   3.639320       
# span 5 =   3.298976,   3.640681       
# span 6 =     2.1847,     2.4965       
# span 7 =    -0.1062,     0.3933       
# span 8 =       8.92,      99.88       
# span 9 = 4.9404e-02, 4.6608e-01       
# span 10 = 0.0000e+00, 0.0000e+00      
# span 11 =    80.1769,    81.5940      
# span 12 =    5.72939,    6.81123      
# span 13 =    32.5705,    34.9830      
# span 14 =    32.5833,    34.9993      
# span 15 =    25.5196,    27.2494      
# span 16 =    1475.25,    1487.23      
# span 17 =    1475.25,    1482.72      
# span 18 = 0.0000e+00, 0.0000e+00      
# interval = decibars: 1                
# start_time = Feb 13 2022 05:28:04 [System UTC, header]
# bad_flag = -9.990e-29
*END*
[from data line 153]
       3813    156.000     8.1527     8.1501   3.629474   3.630864     2.2579    -0.0728      88.24 4.9477e-02 0.0000e+00    81.4762    5.89260    34.8628    34.8802    27.1433    1485.44    1479.97 0.0000e+00
       3841    157.000     8.1629     8.1607   3.630981   3.632371     2.2577    -0.0749      52.35 4.9494e-02 0.0000e+00    81.4838    5.88888    34.8683    34.8853    27.1461    1485.50    1480.01 0.0000e+00
       3879    158.000     8.1674     8.1658   3.631721   3.633106     2.2564    -0.0768      90.62 4.9474e-02 0.0000e+00    81.4788    5.87619    34.8712    34.8876    27.1478    1485.54    1480.04 0.0000e+00
       3906    159.000     8.1771     8.1735   3.632973   3.634227     2.2552    -0.0772      66.14 4.9479e-02 0.0000e+00    81.4691    5.87347    34.8745    34.8915    27.1488    1485.59    1480.08 0.0000e+00
       3923    160.000     8.1758     8.1740   3.633069   3.634422     2.2545    -0.0679      28.03 4.9482e-02 0.0000e+00    81.5194    5.87085    34.8763    34.8926    27.1505    1485.61    1480.11 0.0000e+00
       3939    161.000     8.1791     8.1778   3.633707   3.635219     2.2536    -0.0714      99.74 4.9457e-02 0.0000e+00    81.5049    5.86618    34.8794    34.8968    27.1524    1485.64    1480.15 0.0000e+00
       3955    162.000     8.1811     8.1794   3.633984   3.635366     2.2529    -0.0671      98.64 4.9465e-02 0.0000e+00    81.4745    5.86352    34.8799    34.8963    27.1525    1485.66    1480.18 0.0000e+00
       3971    163.000     8.1782     8.1769   3.633891   3.635282     2.2519    -0.0684      39.20 4.9488e-02 0.0000e+00    81.4805    5.86288    34.8813    34.8974    27.1540    1485.67    1480.22 0.0000e+00
       3988    164.000     8.1748     8.1736   3.633827   3.635221     2.2514    -0.0738      83.29 4.9504e-02 0.0000e+00    81.4829    5.86211    34.8835    34.8996    27.1563    1485.68    1480.25 0.0000e+00
       4005    165.000     8.1731     8.1713   3.633858   3.635246     2.2501    -0.0771      73.86 4.9463e-02 0.0000e+00    81.4749    5.85493    34.8850    34.9016    27.1577    1485.69    1480.28 0.0000e+00
       4023    166.000     8.1717     8.1705   3.633860   3.635236     2.2492    -0.0685      78.06 4.9480e-02 0.0000e+00    81.4930    5.85316    34.8860    34.9019    27.1587    1485.70    1480.31 0.0000e+00
       4040    167.000     8.1660     8.1650   3.633739   3.635117     2.2478    -0.0724      98.40 4.9480e-02 0.0000e+00    81.4745    5.85284    34.8898    34.9056    27.1626    1485.70    1480.35 0.0000e+00
       4058    168.000     8.1626     8.1615   3.633666   3.635060     2.2473    -0.0718      96.96 4.9479e-02 0.0000e+00    81.4666    5.85583    34.8920    34.9080    27.1648    1485.71    1480.38 0.0000e+00
       4089    169.000     8.1608     8.1590   3.633678   3.635064     2.2464    -0.0730      66.34 4.9481e-02 0.0000e+00    81.4905    5.85691    34.8934    34.9100    27.1662    1485.72    1480.41 0.0000e+00
       4130    170.000     8.1582     8.1567   3.633701   3.635082     2.2454    -0.0760      75.10 4.9486e-02 0.0000e+00    81.5096    5.85504    34.8957    34.9120    27.1684    1485.73    1480.44 0.0000e+00
       4152    171.000     8.1552     8.1541   3.633702   3.635096     2.2448    -0.1062      80.78 4.9498e-02 0.0000e+00    81.5471    5.85220    34.8982    34.9143    27.1708    1485.74    1480.47 0.0000e+00
       4169    172.000     8.1526     8.1512   3.633783   3.635148     2.2443    -0.0749      95.80 4.9474e-02 0.0000e+00    81.5434    5.85085    34.9012    34.9172    27.1736    1485.75    1480.50 0.0000e+00
       4186    173.000     8.1450     8.1426   3.633485   3.634795     2.2437    -0.0772      96.29 4.9456e-02 0.0000e+00    81.5068    5.84578    34.9051    34.9215    27.1778    1485.74    1480.53 0.0000e+00
       4204    174.000     8.1406     8.1388   3.633318   3.634704     2.2424    -0.0762      35.26 4.9480e-02 0.0000e+00    81.5054    5.84012    34.9072    34.9238    27.1801    1485.74    1480.56 0.0000e+00
       4225    175.000     8.1458     8.1429   3.633661   3.634983     2.2412    -0.0746      80.94 4.9485e-02 0.0000e+00    81.5146    5.83860    34.9052    34.9223    27.1777    1485.78    1480.59 0.0000e+00
       4245    176.000     8.1479     8.1453   3.633769   3.635117     2.2404    -0.0688      61.77 4.9485e-02 0.0000e+00    81.5334    5.83962    34.9038    34.9208    27.1763    1485.80    1480.62 0.0000e+00
       4262    177.000     8.1463     8.1435   3.633786   3.635045     2.2396    -0.0831      91.11 4.9480e-02 0.0000e+00    81.5100    5.83916    34.9051    34.9214    27.1776    1485.81    1480.65 0.0000e+00
       4279    178.000     8.1370     8.1354   3.633349   3.634720     2.2392    -0.0827      94.42 4.9455e-02 0.0000e+00    81.5170    5.83875    34.9092    34.9255    27.1822    1485.80    1480.68 0.0000e+00
       4296    179.000     8.1370     8.1353   3.633422   3.634799     2.2383    -0.0664      82.81 4.9485e-02 0.0000e+00    81.5306    5.83205    34.9095    34.9259    27.1824    1485.81    1480.71 0.0000e+00
       4316    180.000     8.1372     8.1354   3.633805   3.635198     2.2371    -0.0674      36.31 4.9516e-02 0.0000e+00    81.5493    5.83084    34.9129    34.9296    27.1851    1485.84    1480.74 0.0000e+00
       4341    181.000     8.1369     8.1355   3.633839   3.635290     2.2363    -0.0690      97.00 4.9472e-02 0.0000e+00    81.5563    5.83385    34.9131    34.9300    27.1853    1485.85    1480.76 0.0000e+00
       4367    182.000     8.1367     8.1351   3.633808   3.635206     2.2355    -0.0708      53.69 4.9450e-02 0.0000e+00    81.5769    5.83404    34.9125    34.9290    27.1848    1485.87    1480.79 0.0000e+00
       4392    183.000     8.1380     8.1361   3.634160   3.635467     2.2352    -0.0712      75.70 4.9450e-02 0.0000e+00    81.5296    5.83368    34.9145    34.9303    27.1862    1485.89    1480.82 0.0000e+00
       4415    184.000     8.1397     8.1377   3.634523   3.635833     2.2349    -0.0650      70.50 4.9472e-02 0.0000e+00    81.5687    5.83625    34.9162    34.9322    27.1873    1485.91    1480.85 0.0000e+00
       4435    185.000     8.1399     8.1383   3.634609   3.635993     2.2347    -0.0656      99.09 4.9470e-02 0.0000e+00    81.5527    5.83379    34.9164    34.9328    27.1874    1485.93    1480.87 0.0000e+00
       4453    186.000     8.1404     8.1390   3.634722   3.636232     2.2341    -0.0757      78.14 4.9468e-02 0.0000e+00    81.5728    5.83134    34.9166    34.9342    27.1875    1485.95    1480.90 0.0000e+00
       4474    187.000     8.1428     8.1415   3.635288   3.636751     2.2338    -0.0727      71.66 4.9481e-02 0.0000e+00    81.5639    5.83159    34.9198    34.9368    27.1897    1485.98    1480.93 0.0000e+00
       4499    188.000     8.1433     8.1419   3.635407   3.636827     2.2333    -0.0693      68.57 4.9501e-02 0.0000e+00    81.5873    5.83098    34.9201    34.9367    27.1898    1486.00    1480.96 0.0000e+00
       4525    189.000     8.1430     8.1413   3.635333   3.636676     2.2330    -0.0740      70.03 4.9503e-02 0.0000e+00    81.5883    5.82995    34.9191    34.9352    27.1891    1486.01    1480.98 0.0000e+00
       4547    190.000     8.1431     8.1415   3.635394   3.636800     2.2322    -0.0978      90.38 4.9502e-02 0.0000e+00    81.5734    5.82734    34.9192    34.9358    27.1891    1486.03    1481.01 0.0000e+00
       4566    191.000     8.1426     8.1411   3.635339   3.636739     2.2321    -0.0712      98.91 4.9501e-02 0.0000e+00    81.5679    5.82936    34.9186    34.9351    27.1888    1486.04    1481.03 0.0000e+00
       4583    192.000     8.1432     8.1414   3.635496   3.636853     2.2318    -0.0706      98.18 4.9488e-02 0.0000e+00    81.5940    5.82507    34.9192    34.9355    27.1891    1486.06    1481.06 0.0000e+00
       4600    193.000     8.1446     8.1430   3.635846   3.637343     2.2310    -0.0703      68.31 4.9496e-02 0.0000e+00    81.5741    5.82148    34.9211    34.9387    27.1904    1486.09    1481.09 0.0000e+00
       4617    194.000     8.1488     8.1472   3.636859   3.638330     2.2306    -0.0725      85.68 4.9472e-02 0.0000e+00    81.5701    5.82210    34.9273    34.9446    27.1946    1486.13    1481.11 0.0000e+00
       4636    195.000     8.1502     8.1487   3.637396   3.638809     2.2299    -0.0688      74.32 4.9499e-02 0.0000e+00    81.5632    5.82086    34.9311    34.9478    27.1974    1486.15    1481.14 0.0000e+00
       4659    196.000     8.1511     8.1493   3.637648   3.639035     2.2296    -0.0693      74.48 4.9503e-02 0.0000e+00    81.5853    5.82420    34.9325    34.9491    27.1983    1486.17    1481.16 0.0000e+00
       4682    197.000     8.1507     8.1487   3.637695   3.639063     2.2292    -0.0644      90.15 4.9491e-02 0.0000e+00    81.5568    5.82031    34.9329    34.9495    27.1987    1486.19    1481.19 0.0000e+00
       4708    198.000     8.1503     8.1487   3.637748   3.639125     2.2285    -0.0634      53.16 4.9489e-02 0.0000e+00    81.5512    5.82063    34.9334    34.9497    27.1991    1486.21    1481.21 0.0000e+00
       4739    199.000     8.1511     8.1489   3.637884   3.639224     2.2284    -0.0645      80.31 4.9491e-02 0.0000e+00    81.5740    5.82337    34.9335    34.9501    27.1992    1486.23    1481.24 0.0000e+00
       4768    200.000     8.1510     8.1496   3.638021   3.639402     2.2275    -0.0842      39.57 4.9497e-02 0.0000e+00    81.5530    5.81398    34.9346    34.9508    27.2000    1486.24    1481.26 0.0000e+00
       4787    201.000     8.1498     8.1481   3.638062   3.639426     2.2273    -0.0856      93.75 4.9480e-02 0.0000e+00    81.5717    5.82094    34.9358    34.9521    27.2011    1486.26    1481.29 0.0000e+00
       4803    202.000     8.1486     8.1468   3.638070   3.639423     2.2271    -0.0698      87.74 4.9467e-02 0.0000e+00    81.5258    5.81661    34.9366    34.9528    27.2019    1486.27    1481.31 0.0000e+00
       4817    203.000     8.1457     8.1442   3.638121   3.639469     2.2265    -0.0661      50.93 4.9493e-02 0.0000e+00    81.5167    5.81238    34.9395    34.9554    27.2047    1486.28    1481.34 0.0000e+00
       4831    204.000     8.1455     8.1439   3.638237   3.639609     2.2258    -0.0592      10.31 4.9467e-02 0.0000e+00    81.5014    5.80934    34.9405    34.9567    27.2055    1486.30    1481.36 0.0000e+00
       4847    205.000     8.1384     8.1368   3.637918   3.639255     2.2252    -0.0632      66.51 4.9489e-02 0.0000e+00    81.4912    5.80953    34.9436    34.9595    27.2090    1486.29    1481.39 0.0000e+00
       4871    206.000     8.1349     8.1319   3.637680   3.638998     2.2243    -0.0790      81.26 4.9516e-02 0.0000e+00    81.4846    5.80927    34.9441    34.9612    27.2099    1486.29    1481.41 0.0000e+00
       4897    207.000     8.1359     8.1346   3.637772   3.639153     2.2232    -0.0842      80.60 4.9472e-02 0.0000e+00    81.4644    5.80351    34.9436    34.9597    27.2094    1486.31    1481.43 0.0000e+00
       4921    208.000     8.1341     8.1324   3.637791   3.639201     2.2221    -0.0686      79.80 4.9491e-02 0.0000e+00    81.4501    5.79837    34.9451    34.9619    27.2108    1486.32    1481.46 0.0000e+00
       4945    209.000     8.1334     8.1320   3.637806   3.639215     2.2209    -0.0726      78.86 4.9469e-02 0.0000e+00    81.5236    5.80053    34.9455    34.9620    27.2112    1486.34    1481.48 0.0000e+00
       4969    210.000     8.1294     8.1282   3.637621   3.638988     2.2200    -0.0702      77.63 4.9497e-02 0.0000e+00    81.5364    5.79950    34.9470    34.9628    27.2130    1486.34    1481.50 0.0000e+00
       4993    211.000     8.1323     8.1308   3.637878   3.639308     2.2195    -0.0660      56.14 4.9485e-02 0.0000e+00    81.5302    5.79828    34.9464    34.9632    27.2121    1486.37    1481.53 0.0000e+00
       5016    212.000     8.1336     8.1328   3.638010   3.639449     2.2186    -0.0682      75.40 4.9470e-02 0.0000e+00    81.5202    5.79569    34.9460    34.9622    27.2116    1486.39    1481.55 0.0000e+00
       5037    213.000     8.1308     8.1295   3.637783   3.639117     2.2179    -0.0689      65.98 4.9512e-02 0.0000e+00    81.5182    5.79500    34.9459    34.9615    27.2120    1486.39    1481.57 0.0000e+00
       5058    214.000     8.1278     8.1256   3.637545   3.638893     2.2175    -0.0654      55.51 4.9487e-02 0.0000e+00    81.5305    5.79953    34.9459    34.9625    27.2124    1486.40    1481.59 0.0000e+00
       5077    215.000     8.1271     8.1264   3.637534   3.638948     2.2173    -0.0740      72.25 4.9477e-02 0.0000e+00    81.4904    5.79811    34.9460    34.9618    27.2126    1486.41    1481.62 0.0000e+00
       5094    216.000     8.1271     8.1241   3.637552   3.638850     2.2169    -0.0729      71.65 4.9483e-02 0.0000e+00    81.5262    5.79398    34.9457    34.9626    27.2123    1486.43    1481.64 0.0000e+00
       5110    217.000     8.1288     8.1262   3.637673   3.639019     2.2162    -0.0659      71.32 4.9500e-02 0.0000e+00    81.4759    5.78953    34.9448    34.9618    27.2114    1486.45    1481.66 0.0000e+00
       5125    218.000     8.1287     8.1267   3.637760   3.639097     2.2155    -0.0687      70.23 4.9448e-02 0.0000e+00    81.4663    5.78862    34.9453    34.9616    27.2118    1486.47    1481.68 0.0000e+00
       5140    219.000     8.1280     8.1263   3.637765   3.639131     2.2152    -0.0584      69.17 4.9504e-02 0.0000e+00    81.5055    5.78883    34.9456    34.9619    27.2122    1486.48    1481.71 0.0000e+00
       5157    220.000     8.1276     8.1257   3.637785   3.639139     2.2144    -0.0592      68.20 4.9501e-02 0.0000e+00    81.5171    5.78580    34.9457    34.9621    27.2123    1486.50    1481.73 0.0000e+00
       5184    221.000     8.1366     8.1303   3.638461   3.639498     2.2135    -0.0802      66.60 4.9486e-02 0.0000e+00    81.4925    5.78564    34.9435    34.9609    27.2092    1486.55    1481.75 0.0000e+00
       5236    222.000     8.1364     8.1344   3.638504   3.639881     2.2127    -0.0713      38.16 4.9458e-02 0.0000e+00    81.5126    5.79131    34.9437    34.9604    27.2094    1486.56    1481.77 0.0000e+00
       5260    223.000     8.1371     8.1347   3.638619   3.639954     2.2129    -0.0780      65.86 4.9494e-02 0.0000e+00    81.5256    5.79430    34.9438    34.9604    27.2093    1486.58    1481.79 0.0000e+00
       5276    224.000     8.1418     8.1401   3.638924   3.640299     2.2128    -0.0614      63.93 4.9474e-02 0.0000e+00    81.4930    5.79095    34.9419    34.9583    27.2071    1486.61    1481.81 0.0000e+00
       5290    225.000     8.1424     8.1407   3.638989   3.640362     2.2126    -0.0637      63.15 4.9469e-02 0.0000e+00    81.5137    5.78914    34.9415    34.9579    27.2067    1486.63    1481.83 0.0000e+00
       5307    226.000     8.1440     8.1425   3.639120   3.640500     2.2125    -0.0644      61.90 4.9475e-02 0.0000e+00    81.4799    5.79043    34.9408    34.9571    27.2060    1486.65    1481.86 0.0000e+00
       5328    227.000     8.1452     8.1439   3.639224   3.640598     2.2124    -0.0623      60.96 4.9502e-02 0.0000e+00    81.5027    5.79352    34.9402    34.9562    27.2053    1486.67    1481.88 0.0000e+00
       5352    228.000     8.1453     8.1438   3.639263   3.640654     2.2125    -0.0687      59.68 4.9493e-02 0.0000e+00    81.5012    5.79636    34.9401    34.9565    27.2052    1486.69    1481.90 0.0000e+00
       5374    229.000     8.1450     8.1431   3.639248   3.640616     2.2126    -0.0720      58.52 4.9473e-02 0.0000e+00    81.5073    5.79445    34.9397    34.9563    27.2050    1486.70    1481.92 0.0000e+00
       5392    230.000     8.1455     8.1436   3.639320   3.640681     2.2126    -0.0661      35.30 4.9480e-02 0.0000e+00    81.5028    5.79313    34.9395    34.9560    27.2047    1486.72    1481.94 0.0000e+00
