_data/ctd/2022603/sta0224.cnv
* Sea-Bird SBE 9 Data File:
* FileName = C:\Seabird\CTDData\sta0224.hex
* Software Version Seasave V 7.21f
* Temperature SN = 6264
* Conductivity SN = 4928
* Number of Bytes Per Scan = 40
* Number of Voltage Words = 5
* Number of Scans Averaged by the Deck Unit = 1
* NMEA Latitude = 61 10.64 N
* NMEA Longitude = 004 48.85 E
* NMEA UTC (Time) = Feb 17 2022 23:07:48
* NMEA baud rate = 4800
** Ship: R/V "Kristine Bonnevie"
** Station: 0224
** Echodepth: 396
** Log: 1201.641
** Wind-Dir/Force: 30 21
** Air-temp (dry): 4.2
** Weather Sky:
** Sea:
# nquan = 19                                
# nvalues = 388                         
# units = specified
# name 0 = scan: Scan Count
# name 1 = prDM: Pressure, Digiquartz [db]
# name 2 = t068C: Temperature [ITS-68, deg C]
# name 3 = t168C: Temperature, 2 [ITS-68, deg C]
# name 4 = c0S/m: Conductivity [S/m]
# name 5 = c1S/m: Conductivity, 2 [S/m]
# name 6 = sbeox0V: Oxygen raw, SBE 43 [V]
# name 7 = flECO-AFL: Fluorescence, WET Labs ECO-AFL/FL [mg/m^3]
# name 8 = altM: Altimeter [m]
# name 9 = par: PAR/Irradiance, Biospherical/Licor
# name 10 = spar: SPAR/Surface Irradiance
# name 11 = CStarTr0: Beam Transmission, WET Labs C-Star [%]
# name 12 = sbeox0ML/L: Oxygen, SBE 43 [ml/l], WS = 2
# name 13 = sal00: Salinity, Practical [PSU]
# name 14 = sal11: Salinity, Practical, 2 [PSU]
# name 15 = sigma-t00: Density [sigma-t, Kg/m^3 ]
# name 16 = svCM: Sound Velocity [Chen-Millero, m/s]
# name 17 = avgsvCM: Average Sound Velocity [Chen-Millero, m/s], minP = 1, minS = 5
# name 18 = flag: flag
# span 0 =         -7,       8355       
# span 1 =      6.000,    393.000       
# span 2 =     6.1718,     8.5447       
# span 3 =     6.1702,     8.5428       
# span 4 =   3.219377,   3.674169       
# span 5 =   3.220285,   3.675687       
# span 6 =     2.0005,     2.5070       
# span 7 =    -0.0950,     0.7209       
# span 8 =       4.16,      99.52       
# span 9 = 4.9356e-02, 2.7600e-01       
# span 10 = 0.0000e+00, 0.0000e+00      
# span 11 =    78.3032,    81.1199      
# span 12 =    5.22360,    6.95932      
# span 13 =    32.3844,    35.0462      
# span 14 =    32.3954,    35.0632      
# span 15 =    25.4648,    27.3461      
# span 16 =    1472.24,    1488.09      
# span 17 =    1472.24,    1484.42      
# span 18 = 0.0000e+00, 0.0000e+00      
# interval = decibars: 1                
# start_time = Feb 17 2022 23:07:50 [System UTC, header]
# bad_flag = -9.990e-29
*END*
         -7      6.000     6.1760     6.1751   3.219377   3.220285     2.4770     0.6768      98.83 2.7600e-01 0.0000e+00    78.8549    6.93904    32.3844    32.3954    25.4648    1472.24    1472.24 0.0000e+00
         18      7.000     6.1749     6.1735   3.219732   3.220690     2.4777     0.6768      98.83 2.0096e-01 0.0000e+00    79.0757    6.94464    32.3889    32.4009    25.4685    1472.25    1472.24 0.0000e+00
         42      8.000     6.1721     6.1704   3.220602   3.221752     2.4781     0.7090      98.83 1.5946e-01 0.0000e+00    79.0735    6.95189    32.4008    32.4152    25.4783    1472.27    1472.24 0.0000e+00
         66      9.000     6.1724     6.1705   3.221746   3.222713     2.4787     0.7209      98.83 1.2655e-01 0.0000e+00    79.0715    6.95264    32.4128    32.4254    25.4877    1472.31    1472.25 0.0000e+00
         87     10.000     6.1718     6.1702   3.221566   3.222323     2.4788     0.6925      98.83 9.4622e-02 0.0000e+00    79.1153    6.95170    32.4109    32.4208    25.4862    1472.32    1472.26 0.0000e+00
        105     11.000     6.1742     6.1719   3.222783   3.222963     2.4790     0.6165      98.83 8.3986e-02 0.0000e+00    79.1843    6.94844    32.4216    32.4259    25.4945    1472.36    1472.27 0.0000e+00
        123     12.000     6.1727     6.1710   3.220879   3.222105     2.4787     0.6431      98.82 6.7289e-02 0.0000e+00    79.1803    6.94544    32.4014    32.4167    25.4786    1472.34    1472.27 0.0000e+00
        144     13.000     6.1726     6.1710   3.220407   3.221469     2.4782     0.6798      98.83 5.9912e-02 0.0000e+00    79.2033    6.94433    32.3957    32.4091    25.4742    1472.35    1472.28 0.0000e+00
        171     14.000     6.1726     6.1709   3.220089   3.221118     2.4778     0.7077      98.83 5.2609e-02 0.0000e+00    79.2212    6.94908    32.3917    32.4048    25.4710    1472.36    1472.28 0.0000e+00
        198     15.000     6.1730     6.1714   3.220140   3.221163     2.4780     0.6863      98.83 4.9356e-02 0.0000e+00    79.2299    6.95740    32.3914    32.4043    25.4707    1472.38    1472.29 0.0000e+00
        220     16.000     6.1721     6.1704   3.220180   3.221299     2.4785     0.6375      98.82 4.9499e-02 0.0000e+00    79.2488    6.95932    32.3922    32.4063    25.4715    1472.39    1472.30 0.0000e+00
        240     17.000     6.1726     6.1706   3.220247   3.221291     2.4788     0.5881      98.83 4.9498e-02 0.0000e+00    79.2567    6.95614    32.3920    32.4055    25.4713    1472.41    1472.30 0.0000e+00
        260     18.000     6.1745     6.1716   3.220601   3.221361     2.4785     0.6206      98.83 4.9492e-02 0.0000e+00    79.2464    6.95269    32.3937    32.4049    25.4723    1472.44    1472.31 0.0000e+00
        281     19.000     6.1983     6.1928   3.224971   3.225644     2.4782     0.6607      98.83 4.9490e-02 0.0000e+00    79.2708    6.94920    32.4191    32.4319    25.4895    1472.58    1472.32 0.0000e+00
        304     20.000     6.2545     6.2501   3.235259   3.237122     2.4785     0.6765      98.83 4.9502e-02 0.0000e+00    79.2740    6.94493    32.4795    32.5044    25.5301    1472.90    1472.35 0.0000e+00
        330     21.000     6.3799     6.3745   3.256471   3.257387     2.4795     0.6679      98.83 4.9484e-02 0.0000e+00    79.3124    6.93900    32.5948    32.6101    25.6053    1473.55    1472.41 0.0000e+00
        357     22.000     6.4239     6.4242   3.265082   3.266892     2.4823     0.6340      98.83 4.9485e-02 0.0000e+00    79.3236    6.94065    32.6477    32.6674    25.6415    1473.81    1472.47 0.0000e+00
        378     23.000     6.4338     6.4328   3.267818   3.269090     2.4836     0.5715      98.82 4.9454e-02 0.0000e+00    79.3784    6.93399    32.6680    32.6831    25.6563    1473.89    1472.54 0.0000e+00
        395     24.000     6.4635     6.4564   3.273867   3.274906     2.4843     0.4540      98.82 4.9474e-02 0.0000e+00    79.4774    6.92383    32.7061    32.7244    25.6825    1474.07    1472.60 0.0000e+00
        411     25.000     6.4963     6.4940   3.281425   3.282579     2.4844     0.4259      90.65 4.9472e-02 0.0000e+00    79.5721    6.91436    32.7578    32.7728    25.7191    1474.28    1472.67 0.0000e+00
        429     26.000     6.4911     6.4894   3.281723   3.282810     2.4850     0.4364      66.56 4.9494e-02 0.0000e+00    79.6766    6.92112    32.7656    32.7793    25.7259    1474.29    1472.73 0.0000e+00
        451     27.000     6.4918     6.4895   3.282064   3.283094     2.4855     0.4922      97.93 4.9489e-02 0.0000e+00    79.6851    6.91740    32.7682    32.7818    25.7279    1474.31    1472.79 0.0000e+00
        477     28.000     6.5001     6.4982   3.283286   3.284423     2.4856     0.4984      98.83 4.9466e-02 0.0000e+00    79.7976    6.91840    32.7733    32.7877    25.7308    1474.37    1472.84 0.0000e+00
        501     29.000     6.5082     6.5053   3.284864   3.285932     2.4860     0.5253      98.82 4.9472e-02 0.0000e+00    79.7850    6.91827    32.7825    32.7971    25.7370    1474.43    1472.90 0.0000e+00
        522     30.000     6.5119     6.5094   3.286341   3.287397     2.4861     0.4130      98.82 4.9486e-02 0.0000e+00    79.7814    6.91476    32.7948    32.8089    25.7463    1474.47    1472.95 0.0000e+00
        543     31.000     6.5127     6.5117   3.288533   3.289593     2.4860     0.4718      98.83 4.9492e-02 0.0000e+00    79.7915    6.91319    32.8178    32.8305    25.7643    1474.52    1473.00 0.0000e+00
        565     32.000     6.4890     6.4880   3.288514   3.289679     2.4860     0.4784      66.74 4.9496e-02 0.0000e+00    79.8338    6.91399    32.8399    32.8538    25.7848    1474.47    1473.05 0.0000e+00
        587     33.000     6.5424     6.5378   3.294840   3.295941     2.4851     0.4603      96.57 4.9481e-02 0.0000e+00    79.8420    6.90006    32.8581    32.8747    25.7922    1474.72    1473.10 0.0000e+00
        609     34.000     6.5346     6.5341   3.295576   3.296663     2.4854     0.4602      98.85 4.9492e-02 0.0000e+00    79.8573    6.91182    32.8732    32.8857    25.8052    1474.73    1473.15 0.0000e+00
        630     35.000     6.5537     6.5483   3.302152   3.303100     2.4854     0.4596      98.82 4.9509e-02 0.0000e+00    79.8488    6.90512    32.9271    32.9427    25.8451    1474.89    1473.20 0.0000e+00
        649     36.000     6.5792     6.5760   3.306969   3.308076     2.4857     0.4868      98.82 4.9490e-02 0.0000e+00    79.8369    6.90413    32.9553    32.9706    25.8641    1475.04    1473.25 0.0000e+00
        669     37.000     6.5915     6.5893   3.309402   3.310510     2.4859     0.4784      98.83 4.9488e-02 0.0000e+00    79.8511    6.90364    32.9698    32.9842    25.8739    1475.12    1473.30 0.0000e+00
        688     38.000     6.5810     6.5804   3.308881   3.310031     2.4864     0.4543      98.83 4.9488e-02 0.0000e+00    79.8718    6.90811    32.9737    32.9870    25.8784    1475.10    1473.34 0.0000e+00
        709     39.000     6.5664     6.5651   3.308010   3.309087     2.4867     0.4204      73.93 4.9467e-02 0.0000e+00    79.7685    6.91037    32.9776    32.9908    25.8834    1475.06    1473.39 0.0000e+00
        729     40.000     6.5644     6.5620   3.309955   3.311066     2.4869     0.4280      94.97 4.9477e-02 0.0000e+00    79.8877    6.91447    33.0006    33.0152    25.9017    1475.10    1473.43 0.0000e+00
        751     41.000     6.5729     6.5706   3.312475   3.313570     2.4875     0.4230      98.82 4.9483e-02 0.0000e+00    79.9300    6.91213    33.0198    33.0341    25.9157    1475.18    1473.47 0.0000e+00
        775     42.000     6.5767     6.5748   3.314387   3.315532     2.4876     0.4189      98.83 4.9491e-02 0.0000e+00    79.9181    6.91230    33.0367    33.0512    25.9286    1475.23    1473.52 0.0000e+00
        798     43.000     6.6001     6.5950   3.320054   3.321024     2.4881     0.4007      98.82 4.9487e-02 0.0000e+00    79.9256    6.91253    33.0763    33.0919    25.9568    1475.39    1473.56 0.0000e+00
        821     44.000     6.6267     6.6246   3.325571   3.326711     2.4887     0.3840      98.83 4.9523e-02 0.0000e+00    79.9701    6.91294    33.1110    33.1256    25.9807    1475.55    1473.60 0.0000e+00
        844     45.000     6.6269     6.6252   3.327625   3.328887     2.4900     0.4165      98.82 4.9498e-02 0.0000e+00    79.9736    6.91923    33.1330    33.1486    25.9980    1475.60    1473.65 0.0000e+00
        863     46.000     6.6363     6.6341   3.330856   3.332047     2.4904     0.3406      98.83 4.9524e-02 0.0000e+00    80.0019    6.90934    33.1591    33.1744    26.0173    1475.68    1473.69 0.0000e+00
        881     47.000     6.6838     6.6732   3.340366   3.341478     2.4905     0.3064      98.82 4.9493e-02 0.0000e+00    80.0484    6.90032    33.2175    33.2401    26.0572    1475.96    1473.74 0.0000e+00
        900     48.000     6.7922     6.7853   3.360772   3.361965     2.4911     0.2904      98.83 4.9505e-02 0.0000e+00    80.0494    6.89644    33.3367    33.3565    26.1367    1476.55    1473.80 0.0000e+00
        923     49.000     6.8264     6.8219   3.367723   3.368849     2.4941     0.2975      98.83 4.9488e-02 0.0000e+00    80.0803    6.91300    33.3795    33.3962    26.1659    1476.75    1473.86 0.0000e+00
        950     50.000     6.8521     6.8497   3.373855   3.374986     2.4966     0.3294      98.83 4.9501e-02 0.0000e+00    80.0815    6.89712    33.4214    33.4362    26.1955    1476.92    1473.92 0.0000e+00
        974     51.000     6.9081     6.9009   3.393937   3.394872     2.4976     0.2811      98.83 4.9516e-02 0.0000e+00    80.1472    6.87747    33.5870    33.6044    26.3184    1477.36    1473.99 0.0000e+00
        993     52.000     6.9239     6.9211   3.400015   3.401229     2.4981     0.1708      98.83 4.9485e-02 0.0000e+00    80.1415    6.87623    33.6379    33.6540    26.3564    1477.50    1474.06 0.0000e+00
       1010     53.000     6.9624     6.9559   3.406851   3.408051     2.4989     0.1334      98.83 4.9488e-02 0.0000e+00    80.1803    6.87524    33.6748    33.6943    26.3802    1477.72    1474.12 0.0000e+00
       1028     54.000     6.9919     6.9881   3.413321   3.414463     2.4998     0.0970      98.83 4.9512e-02 0.0000e+00    80.2202    6.88146    33.7164    33.7326    26.4090    1477.90    1474.19 0.0000e+00
       1049     55.000     7.0012     6.9994   3.417241   3.418455     2.5023     0.0969      98.83 4.9505e-02 0.0000e+00    80.2369    6.90019    33.7498    33.7649    26.4340    1477.99    1474.26 0.0000e+00
       1073     56.000     7.0115     7.0075   3.420511   3.421619     2.5054     0.1576      98.83 4.9506e-02 0.0000e+00    80.2690    6.89966    33.7751    33.7911    26.4525    1478.08    1474.33 0.0000e+00
       1098     57.000     7.0467     7.0440   3.428529   3.429749     2.5069     0.1319      98.83 4.9506e-02 0.0000e+00    80.2828    6.87848    33.8279    33.8439    26.4893    1478.30    1474.40 0.0000e+00
       1123     58.000     7.0549     7.0518   3.430285   3.431524     2.5070     0.1000      98.83 4.9483e-02 0.0000e+00    80.2915    6.86501    33.8386    33.8552    26.4966    1478.36    1474.47 0.0000e+00
       1146     59.000     7.0906     7.0866   3.435996   3.437268     2.5057     0.1204      98.83 4.9483e-02 0.0000e+00    80.2653    6.83645    33.8656    33.8835    26.5130    1478.55    1474.54 0.0000e+00
       1167     60.000     7.1037     7.1013   3.438373   3.439662     2.5037     0.1108      98.83 4.9488e-02 0.0000e+00    80.3109    6.82216    33.8783    33.8947    26.5211    1478.63    1474.61 0.0000e+00
       1187     61.000     7.1049     7.1038   3.439749   3.441049     2.5013     0.0894      98.83 4.9483e-02 0.0000e+00    80.2580    6.80818    33.8917    33.9070    26.5315    1478.67    1474.67 0.0000e+00
       1207     62.000     7.0925     7.0914   3.439655   3.440803     2.4987     0.0663      98.83 4.9508e-02 0.0000e+00    80.3057    6.78954    33.9023    33.9160    26.5416    1478.65    1474.74 0.0000e+00
       1230     63.000     7.1020     7.1001   3.441610   3.442933     2.4940     0.0601      98.82 4.9474e-02 0.0000e+00    80.2963    6.76696    33.9139    33.9303    26.5494    1478.72    1474.80 0.0000e+00
       1255     64.000     7.1159     7.1126   3.443545   3.444782     2.4897     0.0930      98.83 4.9503e-02 0.0000e+00    80.3181    6.75711    33.9209    33.9377    26.5530    1478.80    1474.86 0.0000e+00
       1277     65.000     7.1462     7.1414   3.447498   3.448718     2.4862     0.0953      89.77 4.9488e-02 0.0000e+00    80.2770    6.74872    33.9339    33.9519    26.5590    1478.95    1474.92 0.0000e+00
       1297     66.000     7.1686     7.1652   3.450531   3.451756     2.4839     0.0808      79.43 4.9490e-02 0.0000e+00    80.2839    6.74899    33.9445    33.9613    26.5643    1479.06    1474.99 0.0000e+00
       1315     67.000     7.1870     7.1824   3.453259   3.454462     2.4827     0.0606      98.90 4.9485e-02 0.0000e+00    80.2779    6.74905    33.9557    33.9734    26.5706    1479.17    1475.05 0.0000e+00
       1333     68.000     7.2146     7.2109   3.457203   3.458494     2.4814     0.0572      98.82 4.9501e-02 0.0000e+00    80.2959    6.73679    33.9712    33.9889    26.5789    1479.31    1475.11 0.0000e+00
       1356     69.000     7.2409     7.2367   3.460942   3.462162     2.4792     0.0612      98.83 4.9503e-02 0.0000e+00    80.3148    6.71935    33.9857    34.0031    26.5866    1479.44    1475.17 0.0000e+00
       1380     70.000     7.2580     7.2552   3.463128   3.464390     2.4767     0.0809      98.83 4.9491e-02 0.0000e+00    80.3137    6.70404    33.9922    34.0087    26.5894    1479.53    1475.24 0.0000e+00
       1402     71.000     7.2653     7.2624   3.464197   3.465455     2.4736     0.0955      98.82 4.9525e-02 0.0000e+00    80.3479    6.68844    33.9962    34.0128    26.5915    1479.58    1475.30 0.0000e+00
       1423     72.000     7.2762     7.2734   3.465580   3.466865     2.4709 -9.990e-29      85.91 4.9512e-02 0.0000e+00    80.3810    6.67944    34.0001    34.0168    26.5930    1479.65    1475.36 0.0000e+00
       1445     73.000     7.2976     7.2941   3.468624   3.469920     2.4678 -9.990e-29      88.41 4.9497e-02 0.0000e+00    80.3536    6.66634    34.0117    34.0293    26.5992    1479.76    1475.42 0.0000e+00
       1469     74.000     7.3179     7.3149   3.471521   3.472833     2.4652 -9.990e-29      98.76 4.9505e-02 0.0000e+00    80.3626    6.66098    34.0228    34.0401    26.6051    1479.87    1475.48 0.0000e+00
       1491     75.000     7.3376     7.3347   3.474370   3.475693     2.4628     0.0679      98.83 4.9479e-02 0.0000e+00    80.3363    6.64999    34.0340    34.0513    26.6111    1479.98    1475.54 0.0000e+00
       1513     76.000     7.3571     7.3536   3.477203   3.478506     2.4606     0.0641      98.82 4.9487e-02 0.0000e+00    80.3617    6.64089    34.0452    34.0628    26.6172    1480.08    1475.60 0.0000e+00
       1535     77.000     7.3751     7.3726   3.479677   3.481027     2.4583     0.0303      98.83 4.9502e-02 0.0000e+00    80.4066    6.62687    34.0539    34.0710    26.6215    1480.18    1475.66 0.0000e+00
       1557     78.000     7.3878     7.3854   3.481454   3.482826     2.4556     0.0196      98.83 4.9505e-02 0.0000e+00    80.4061    6.61689    34.0603    34.0775    26.6247    1480.25    1475.71 0.0000e+00
       1578     79.000     7.4025     7.3993   3.483667   3.485002     2.4532     0.0115      75.14 4.9505e-02 0.0000e+00    80.4306    6.59880    34.0694    34.0870    26.6298    1480.33    1475.77 0.0000e+00
       1598     80.000     7.4296     7.4261   3.487914   3.489282     2.4501     0.0182      98.62 4.9476e-02 0.0000e+00    80.4164    6.58158    34.0884    34.1067    26.6409    1480.48    1475.83 0.0000e+00
       1619     81.000     7.4469     7.4441   3.490383   3.491752     2.4472     0.0195      98.82 4.9523e-02 0.0000e+00    80.4398    6.57801    34.0977    34.1153    26.6458    1480.57    1475.89 0.0000e+00
