_data/ctd/2022603/sta0219.cnv
* Sea-Bird SBE 9 Data File:
* FileName = C:\Seabird\CTDData\sta0219.hex
* Software Version Seasave V 7.21f
* Temperature SN = 6264
* Conductivity SN = 4928
* Number of Bytes Per Scan = 40
* Number of Voltage Words = 5
* Number of Scans Averaged by the Deck Unit = 1
* NMEA Latitude = 61 34.16 N
* NMEA Longitude = 004 58.64 E
* NMEA UTC (Time) = Feb 16 2022 13:04:27
* NMEA baud rate = 4800
** Ship: R/V "Kristine Bonnevie"
** Station: 0219
** Echodepth: 543
** Log: 0963.203
** Wind-Dir/Force: 16 15
** Air-temp (dry): 4.4
** Weather Sky:
** Sea:
# nquan = 19                                
# nvalues = 541                         
# units = specified
# name 0 = scan: Scan Count
# name 1 = prDM: Pressure, Digiquartz [db]
# name 2 = t068C: Temperature [ITS-68, deg C]
# name 3 = t168C: Temperature, 2 [ITS-68, deg C]
# name 4 = c0S/m: Conductivity [S/m]
# name 5 = c1S/m: Conductivity, 2 [S/m]
# name 6 = sbeox0V: Oxygen raw, SBE 43 [V]
# name 7 = flECO-AFL: Fluorescence, WET Labs ECO-AFL/FL [mg/m^3]
# name 8 = altM: Altimeter [m]
# name 9 = par: PAR/Irradiance, Biospherical/Licor
# name 10 = spar: SPAR/Surface Irradiance
# name 11 = CStarTr0: Beam Transmission, WET Labs C-Star [%]
# name 12 = sbeox0ML/L: Oxygen, SBE 43 [ml/l], WS = 2
# name 13 = sal00: Salinity, Practical [PSU]
# name 14 = sal11: Salinity, Practical, 2 [PSU]
# name 15 = sigma-t00: Density [sigma-t, Kg/m^3 ]
# name 16 = svCM: Sound Velocity [Chen-Millero, m/s]
# name 17 = avgsvCM: Average Sound Velocity [Chen-Millero, m/s], minP = 1, minS = 5
# name 18 = flag: flag
# span 0 =         16,      11899       
# span 1 =      2.000,    542.000       
# span 2 =     5.6043,     8.5465       
# span 3 =     5.6165,     8.5446       
# span 4 =   2.909939,   3.666746       
# span 5 =   2.912589,   3.668172       
# span 6 =     1.9827,     2.4959       
# span 7 =    -0.0944,     0.1997       
# span 8 =       4.96,      99.49       
# span 9 = 4.9438e-02, 5.2632e+01       
# span 10 = 9.5936e+01, 1.2392e+02      
# span 11 =    78.5992,    80.8877      
# span 12 =    5.24339,    7.05659      
# span 13 =    29.4570,    35.0461      
# span 14 =    29.4760,    35.0627      
# span 15 =    23.2201,    27.3279      
# span 16 =    1466.18,    1491.01      
# span 17 =    1466.18,    1486.37      
# span 18 = 0.0000e+00, 0.0000e+00      
# interval = decibars: 1                
# start_time = Feb 16 2022 13:04:30 [System UTC, header]
# bad_flag = -9.990e-29
*END*
[from data line 381]
       8367    383.000     7.8944     7.8929   3.631854   3.633253     2.0209 -9.990e-29      98.80 4.9519e-02 1.1792e+02    79.5898    5.27679    35.0364    35.0529    27.3186    1488.41    1485.00 0.0000e+00
       8388    384.000     7.8943     7.8928   3.631921   3.633309     2.0209 -9.990e-29      98.80 4.9487e-02 1.1793e+02    79.5993    5.27586    35.0367    35.0531    27.3189    1488.43    1485.01 0.0000e+00
       8411    385.000     7.8937     7.8924   3.631924   3.633321     2.0204 -9.990e-29      98.80 4.9468e-02 1.1850e+02    79.6092    5.28321    35.0369    35.0532    27.3191    1488.45    1485.02 0.0000e+00
       8435    386.000     7.8936     7.8922   3.631970   3.633370     2.0213 -9.990e-29      98.80 4.9481e-02 -9.990e-29    79.6596    5.29049    35.0370    35.0534    27.3192    1488.46    1485.02 0.0000e+00
       8458    387.000     7.8933     7.8919   3.631999   3.633390     2.0218 -9.990e-29      98.80 4.9481e-02 -9.990e-29    79.6858    5.28974    35.0371    35.0535    27.3193    1488.48    1485.03 0.0000e+00
       8482    388.000     7.8934     7.8920   3.632053   3.633433     2.0221 -9.990e-29      98.80 4.9468e-02 -9.990e-29    79.6905    5.28946    35.0371    35.0534    27.3193    1488.49    1485.04 0.0000e+00
       8505    389.000     7.8931     7.8918   3.632075   3.633481     2.0222 -9.990e-29      33.80 4.9508e-02 1.1987e+02    79.6754    5.28823    35.0372    35.0536    27.3194    1488.51    1485.05 0.0000e+00
       8528    390.000     7.8930     7.8917   3.632105   3.633507     2.0220 -9.990e-29      98.78 4.9492e-02 1.1992e+02    79.6721    5.28830    35.0371    35.0535    27.3194    1488.53    1485.06 0.0000e+00
       8549    391.000     7.8910     7.8895   3.632002   3.633394     2.0224 -9.990e-29      98.80 4.9499e-02 1.1992e+02    79.7213    5.29170    35.0375    35.0540    27.3200    1488.53    1485.07 0.0000e+00
       8569    392.000     7.8901     7.8886   3.632001   3.633384     2.0221 -9.990e-29      98.80 4.9512e-02 1.1992e+02    79.6845    5.28732    35.0379    35.0543    27.3205    1488.55    1485.08 0.0000e+00
       8589    393.000     7.8901     7.8885   3.632061   3.633450     2.0219 -9.990e-29      98.80 4.9474e-02 1.1992e+02    79.6780    5.28442    35.0381    35.0546    27.3206    1488.57    1485.09 0.0000e+00
       8609    394.000     7.8901     7.8886   3.632110   3.633516     2.0211    -0.0591      98.80 4.9485e-02 1.1992e+02    79.6213    5.27796    35.0382    35.0548    27.3206    1488.58    1485.10 0.0000e+00
       8631    395.000     7.8903     7.8888   3.632195   3.633589     2.0205    -0.0638      98.80 4.9493e-02 1.1992e+02    79.6008    5.27720    35.0384    35.0549    27.3208    1488.60    1485.10 0.0000e+00
       8654    396.000     7.8899     7.8885   3.632205   3.633601     2.0198    -0.0874      98.80 4.9496e-02 1.1992e+02    79.6253    5.27858    35.0384    35.0548    27.3209    1488.61    1485.11 0.0000e+00
       8675    397.000     7.8894     7.8879   3.632217   3.633604     2.0193    -0.0635      98.80 4.9485e-02 1.1992e+02    79.6293    5.27921    35.0386    35.0550    27.3211    1488.63    1485.12 0.0000e+00
       8696    398.000     7.8895     7.8879   3.632287   3.633671     2.0194    -0.0616      98.80 4.9492e-02 1.1992e+02    79.6271    5.28349    35.0387    35.0552    27.3212    1488.65    1485.13 0.0000e+00
       8717    399.000     7.8894     7.8880   3.632334   3.633730     2.0189    -0.0618      98.80 4.9477e-02 1.2028e+02    79.6333    5.27884    35.0389    35.0553    27.3213    1488.66    1485.14 0.0000e+00
       8740    400.000     7.8895     7.8880   3.632379   3.633767     2.0189    -0.0593      98.80 4.9485e-02 1.2182e+02    79.6031    5.28488    35.0388    35.0552    27.3212    1488.68    1485.15 0.0000e+00
       8764    401.000     7.8896     7.8881   3.632430   3.633822     2.0186    -0.0621      98.80 4.9474e-02 1.2192e+02    79.6266    5.27950    35.0387    35.0552    27.3212    1488.70    1485.16 0.0000e+00
       8788    402.000     7.8896     7.8877   3.632464   3.633838     2.0183    -0.0638      98.80 4.9475e-02 1.2192e+02    79.6289    5.28405    35.0386    35.0553    27.3211    1488.71    1485.17 0.0000e+00
       8811    403.000     7.8887     7.8874   3.632454   3.633854     2.0185    -0.0875      98.80 4.9508e-02 1.2192e+02    79.5117    5.28539    35.0389    35.0553    27.3215    1488.73    1485.18 0.0000e+00
       8834    404.000     7.8886     7.8871   3.632484   3.633883     2.0185    -0.0579      98.80 4.9464e-02 1.2192e+02    79.5916    5.28527    35.0389    35.0554    27.3214    1488.74    1485.18 0.0000e+00
       8858    405.000     7.8886     7.8871   3.632535   3.633931     2.0183    -0.0572      98.80 4.9483e-02 1.2192e+02    79.6192    5.28628    35.0390    35.0555    27.3215    1488.76    1485.19 0.0000e+00
       8879    406.000     7.8886     7.8874   3.632589   3.633993     2.0185    -0.0572      98.80 4.9519e-02 1.2192e+02    79.6190    5.28490    35.0391    35.0553    27.3216    1488.77    1485.20 0.0000e+00
       8900    407.000     7.8887     7.8871   3.632641   3.634022     2.0181    -0.0578      98.80 4.9505e-02 1.2192e+02    79.5950    5.28222    35.0390    35.0555    27.3215    1488.79    1485.21 0.0000e+00
       8921    408.000     7.8881     7.8866   3.632647   3.634049     2.0177 -9.990e-29      98.80 4.9492e-02 1.2192e+02    79.6133    5.27808    35.0392    35.0558    27.3218    1488.81    1485.22 0.0000e+00
       8942    409.000     7.8881     7.8866   3.632686   3.634084     2.0172 -9.990e-29      26.91 4.9490e-02 1.2192e+02    79.5966    5.27535    35.0392    35.0557    27.3217    1488.82    1485.23 0.0000e+00
       8964    410.000     7.8881     7.8867   3.632732   3.634136     2.0161 -9.990e-29      98.57 4.9492e-02 1.2192e+02    79.6014    5.27441    35.0392    35.0557    27.3217    1488.84    1485.24 0.0000e+00
       8986    411.000     7.8875     7.8862   3.632728   3.634139     2.0162 -9.990e-29      98.80 4.9490e-02 1.2192e+02    79.5583    5.27855    35.0393    35.0557    27.3219    1488.85    1485.25 0.0000e+00
       9007    412.000     7.8880     7.8865   3.632820   3.634214     2.0155 -9.990e-29      45.34 4.9490e-02 1.2192e+02    79.5536    5.28014    35.0393    35.0557    27.3218    1488.87    1485.25 0.0000e+00
       9029    413.000     7.8885     7.8869   3.632908   3.634286     2.0159 -9.990e-29      86.95 4.9505e-02 1.2240e+02    79.5570    5.28497    35.0392    35.0556    27.3217    1488.89    1485.26 0.0000e+00
       9051    414.000     7.8873     7.8860   3.632853   3.634263     2.0158 -9.990e-29      98.93 4.9481e-02 1.2279e+02    79.5712    5.27710    35.0394    35.0558    27.3220    1488.90    1485.27 0.0000e+00
       9074    415.000     7.8862     7.8847   3.632820   3.634219     2.0150 -9.990e-29      62.21 4.9499e-02 1.2340e+02    79.5578    5.27569    35.0396    35.0562    27.3224    1488.91    1485.28 0.0000e+00
       9097    416.000     7.8858     7.8843   3.632839   3.634228     2.0147    -0.0602      65.72 4.9502e-02 1.2392e+02    79.5438    5.27240    35.0397    35.0562    27.3225    1488.93    1485.29 0.0000e+00
       9119    417.000     7.8849     7.8835   3.632828   3.634232     2.0139    -0.0628      98.94 4.9475e-02 1.2392e+02    79.5101    5.27146    35.0401    35.0565    27.3229    1488.94    1485.30 0.0000e+00
       9141    418.000     7.8847     7.8833   3.632867   3.634262     2.0133    -0.0837      82.08 4.9483e-02 1.2392e+02    79.4842    5.27111    35.0402    35.0566    27.3230    1488.96    1485.31 0.0000e+00
       9164    419.000     7.8847     7.8833   3.632917   3.634313     2.0129    -0.0709      51.08 4.9491e-02 1.2392e+02    79.5009    5.27087    35.0402    35.0567    27.3231    1488.98    1485.32 0.0000e+00
       9188    420.000     7.8847     7.8832   3.632963   3.634353     2.0125    -0.0572      98.50 4.9491e-02 1.2392e+02    79.4406    5.27143    35.0403    35.0567    27.3231    1488.99    1485.32 0.0000e+00
       9213    421.000     7.8845     7.8831   3.633004   3.634388     2.0120    -0.0571      83.41 4.9503e-02 1.2392e+02    79.4541    5.27095    35.0404    35.0567    27.3232    1489.01    1485.33 0.0000e+00
       9236    422.000     7.8844     7.8831   3.633041   3.634440     2.0117    -0.0586      46.21 4.9496e-02 1.2392e+02    79.4555    5.27080    35.0404    35.0568    27.3233    1489.02    1485.34 0.0000e+00
       9258    423.000     7.8846     7.8830   3.633097   3.634487     2.0113    -0.0641      98.90 4.9490e-02 1.2392e+02    79.4375    5.26737    35.0404    35.0569    27.3232    1489.04    1485.35 0.0000e+00
       9279    424.000     7.8846     7.8831   3.633153   3.634546     2.0108    -0.0877      98.80 4.9505e-02 1.2392e+02    79.3981    5.26533    35.0405    35.0570    27.3233    1489.06    1485.36 0.0000e+00
       9300    425.000     7.8846     7.8831   3.633198   3.634591     2.0101    -0.0668      27.07 4.9485e-02 1.2392e+02    79.4271    5.26533    35.0405    35.0570    27.3233    1489.07    1485.37 0.0000e+00
       9321    426.000     7.8847     7.8832   3.633244   3.634639     2.0098 -9.990e-29      99.40 4.9495e-02 1.2392e+02    79.3983    5.26525    35.0404    35.0569    27.3232    1489.09    1485.38 0.0000e+00
       9341    427.000     7.8847     7.8831   3.633296   3.634693     2.0093 -9.990e-29      98.80 4.9502e-02 1.2392e+02    79.3998    5.26352    35.0405    35.0571    27.3233    1489.11    1485.39 0.0000e+00
       9362    428.000     7.8845     7.8831   3.633333   3.634730     2.0089 -9.990e-29      67.11 4.9489e-02 1.2392e+02    79.3975    5.26518    35.0406    35.0570    27.3234    1489.12    1485.39 0.0000e+00
       9384    429.000     7.8846     7.8831   3.633387   3.634777     2.0086 -9.990e-29      64.80 4.9506e-02 1.2392e+02    79.3786    5.26829    35.0406    35.0571    27.3234    1489.14    1485.40 0.0000e+00
       9408    430.000     7.8846     7.8831   3.633426   3.634828     2.0089 -9.990e-29      99.20 4.9514e-02 1.2392e+02    79.3743    5.26991    35.0406    35.0571    27.3233    1489.16    1485.41 0.0000e+00
       9431    431.000     7.8848     7.8833   3.633503   3.634886     2.0083 -9.990e-29      74.41 4.9497e-02 1.2392e+02    79.3736    5.26373    35.0407    35.0571    27.3234    1489.17    1485.42 0.0000e+00
       9454    432.000     7.8849     7.8835   3.633557   3.634953     2.0082 -9.990e-29      60.13 4.9502e-02 1.2392e+02    79.3970    5.26471    35.0407    35.0571    27.3234    1489.19    1485.43 0.0000e+00
       9477    433.000     7.8851     7.8836   3.633624   3.635019     2.0075 -9.990e-29      98.43 4.9523e-02 1.2392e+02    79.3930    5.26345    35.0407    35.0572    27.3234    1489.21    1485.44 0.0000e+00
       9500    434.000     7.8851     7.8837   3.633683   3.635075     2.0074 -9.990e-29      87.63 4.9480e-02 1.2392e+02    79.3907    5.26569    35.0409    35.0573    27.3235    1489.23    1485.45 0.0000e+00
       9525    435.000     7.8851     7.8838   3.633711   3.635107     2.0074 -9.990e-29      59.69 4.9527e-02 1.2392e+02    79.3822    5.27029    35.0407    35.0570    27.3234    1489.24    1485.45 0.0000e+00
       9550    436.000     7.8852     7.8838   3.633772   3.635169     2.0074 -9.990e-29      99.48 4.9496e-02 1.2392e+02    79.3713    5.26848    35.0408    35.0572    27.3234    1489.26    1485.46 0.0000e+00
       9573    437.000     7.8852     7.8837   3.633833   3.635235     2.0074 -9.990e-29      84.69 4.9493e-02 1.2392e+02    79.3628    5.26993    35.0410    35.0575    27.3236    1489.28    1485.47 0.0000e+00
       9596    438.000     7.8851     7.8837   3.633893   3.635286     2.0074 -9.990e-29      51.56 4.9499e-02 1.2392e+02    79.4025    5.27067    35.0412    35.0576    27.3238    1489.29    1485.48 0.0000e+00
       9619    439.000     7.8853     7.8839   3.633961   3.635358     2.0074 -9.990e-29      99.21 4.9464e-02 1.2392e+02    79.3805    5.27004    35.0413    35.0577    27.3238    1489.31    1485.49 0.0000e+00
       9641    440.000     7.8853     7.8838   3.634023   3.635409     2.0073 -9.990e-29      98.80 4.9471e-02 1.2392e+02    79.4047    5.26776    35.0415    35.0579    27.3240    1489.33    1485.50 0.0000e+00
       9662    441.000     7.8852     7.8837   3.634072   3.635469     2.0067 -9.990e-29      31.34 4.9533e-02 1.2392e+02    79.3883    5.26587    35.0416    35.0581    27.3241    1489.34    1485.51 0.0000e+00
       9683    442.000     7.8851     7.8836   3.634117   3.635505     2.0069 -9.990e-29      99.21 4.9485e-02 1.2392e+02    79.4079    5.27354    35.0417    35.0582    27.3242    1489.36    1485.52 0.0000e+00
       9704    443.000     7.8847     7.8832   3.634119   3.635507     2.0068    -0.0559      98.80 4.9511e-02 1.2392e+02    79.4170    5.26940    35.0417    35.0581    27.3242    1489.37    1485.52 0.0000e+00
       9725    444.000     7.8839     7.8824   3.634096   3.635494     2.0065    -0.0630      58.31 4.9492e-02 1.2392e+02    79.4074    5.26940    35.0418    35.0583    27.3244    1489.39    1485.53 0.0000e+00
       9747    445.000     7.8838     7.8822   3.634127   3.635522     2.0065    -0.0894      76.50 4.9490e-02 1.2392e+02    79.4144    5.27074    35.0417    35.0583    27.3244    1489.40    1485.54 0.0000e+00
       9769    446.000     7.8837     7.8817   3.634165   3.635521     2.0063    -0.0680      98.90 4.9481e-02 1.2392e+02    79.3713    5.27119    35.0417    35.0583    27.3244    1489.42    1485.55 0.0000e+00
       9792    447.000     7.8830     7.8815   3.634156   3.635563     2.0062    -0.0598      75.33 4.9481e-02 1.2392e+02    79.3843    5.26864    35.0419    35.0585    27.3246    1489.43    1485.56 0.0000e+00
       9815    448.000     7.8831     7.8817   3.634207   3.635599     2.0055 -9.990e-29      63.35 4.9518e-02 1.2392e+02    79.3452    5.26262    35.0418    35.0582    27.3246    1489.45    1485.57 0.0000e+00
       9838    449.000     7.8830     7.8817   3.634249   3.635654     2.0052 -9.990e-29      98.06 4.9536e-02 1.2392e+02    79.3121    5.26723    35.0419    35.0583    27.3246    1489.47    1485.58 0.0000e+00
       9862    450.000     7.8831     7.8818   3.634313   3.635705     2.0048 -9.990e-29      98.80 4.9500e-02 1.2392e+02    79.3125    5.26252    35.0420    35.0583    27.3247    1489.48    1485.58 0.0000e+00
       9887    451.000     7.8831     7.8816   3.634362   3.635754     2.0040 -9.990e-29      98.80 4.9506e-02 1.2392e+02    79.3057    5.26112    35.0421    35.0585    27.3247    1489.50    1485.59 0.0000e+00
       9911    452.000     7.8832     7.8817   3.634409   3.635812     2.0037    -0.0660      98.29 4.9521e-02 1.2392e+02    79.2838    5.26144    35.0420    35.0586    27.3247    1489.52    1485.60 0.0000e+00
       9933    453.000     7.8833     7.8818   3.634473   3.635861     2.0030    -0.0916      98.80 4.9487e-02 1.2392e+02    79.2450    5.26011    35.0421    35.0585    27.3247    1489.53    1485.61 0.0000e+00
       9955    454.000     7.8833     7.8818   3.634517   3.635914     2.0028    -0.0617      98.80 4.9492e-02 1.2392e+02    79.2725    5.26107    35.0421    35.0586    27.3247    1489.55    1485.62 0.0000e+00
       9977    455.000     7.8834     7.8819   3.634574   3.635966     2.0023    -0.0572      98.52 4.9483e-02 1.2392e+02    79.2528    5.26276    35.0421    35.0586    27.3248    1489.57    1485.63 0.0000e+00
       9999    456.000     7.8833     7.8818   3.634615   3.636022     2.0025    -0.0558      98.70 4.9502e-02 1.2392e+02    79.2351    5.26196    35.0422    35.0588    27.3248    1489.58    1485.64 0.0000e+00
      10020    457.000     7.8827     7.8812   3.634625   3.636024     2.0017 -9.990e-29      98.80 4.9499e-02 1.2392e+02    79.2285    5.25646    35.0424    35.0590    27.3251    1489.60    1485.65 0.0000e+00
      10041    458.000     7.8824     7.8809   3.634649   3.636053     2.0013 -9.990e-29      98.78 4.9502e-02 1.2392e+02    79.2398    5.25855    35.0425    35.0591    27.3252    1489.61    1485.65 0.0000e+00
