_data/ctd/2022603/sta0153.cnv
* Sea-Bird SBE 9 Data File:
* FileName = C:\Seabird\CTDData\sta0153.hex
* Software Version Seasave V 7.21f
* Temperature SN = 6264
* Conductivity SN = 4928
* Number of Bytes Per Scan = 40
* Number of Voltage Words = 5
* Number of Scans Averaged by the Deck Unit = 1
* NMEA Latitude = 60 15.57 N
* NMEA Longitude = 006 11.41 E
* NMEA UTC (Time) = Feb 10 2022 08:45:59
* NMEA baud rate = 4800
** Ship: R/V "Kristine Bonnevie"
** Station: 0153
** Echodepth: 536
** Log: 0132.215
** Wind-Dir/Force: 19 10
** Air-temp (dry): 1.7
** Weather Sky:
** Sea:
** H3_2
# nquan = 19                                
# nvalues = 540                         
# units = specified
# name 0 = scan: Scan Count
# name 1 = prDM: Pressure, Digiquartz [db]
# name 2 = t068C: Temperature [ITS-68, deg C]
# name 3 = t168C: Temperature, 2 [ITS-68, deg C]
# name 4 = c0S/m: Conductivity [S/m]
# name 5 = c1S/m: Conductivity, 2 [S/m]
# name 6 = sbeox0V: Oxygen raw, SBE 43 [V]
# name 7 = flECO-AFL: Fluorescence, WET Labs ECO-AFL/FL [mg/m^3]
# name 8 = altM: Altimeter [m]
# name 9 = par: PAR/Irradiance, Biospherical/Licor
# name 10 = spar: SPAR/Surface Irradiance
# name 11 = CStarTr0: Beam Transmission, WET Labs C-Star [%]
# name 12 = sbeox0ML/L: Oxygen, SBE 43 [ml/l], WS = 2
# name 13 = sal00: Salinity, Practical [PSU]
# name 14 = sal11: Salinity, Practical, 2 [PSU]
# name 15 = sigma-t00: Density [sigma-t, Kg/m^3 ]
# name 16 = svCM: Sound Velocity [Chen-Millero, m/s]
# name 17 = avgsvCM: Average Sound Velocity [Chen-Millero, m/s], minP = 1, minS = 5
# name 18 = flag: flag
# span 0 =        296,      13826       
# span 1 =      2.000,    541.000       
# span 2 =     5.9799,    10.2216       
# span 3 =     5.9781,    10.2225       
# span 4 =   2.976087,   3.711808       
# span 5 =   2.976789,   3.713396       
# span 6 =     1.7469,     2.4523       
# span 7 =    -0.1014,     0.7967       
# span 8 =       9.99,      99.93       
# span 9 = 4.9445e-02, 4.5521e+00       
# span 10 = 3.9973e+00, 1.4163e+01      
# span 11 =    79.9107,    82.2758      
# span 12 =    4.43747,    6.94747      
# span 13 =    29.8625,    34.9854      
# span 14 =    29.8718,    35.0005      
# span 15 =    23.4981,    27.3198      
# span 16 =    1468.22,    1489.89      
# span 17 =    1468.24,    1486.09      
# span 18 = 0.0000e+00, 0.0000e+00      
# interval = decibars: 1                
# start_time = Feb 10 2022 08:46:02 [System UTC, header]
# bad_flag = -9.990e-29
*END*
        296      2.000     5.9882     5.9915   2.977537   2.979386     2.4364     0.7967      99.93 4.5521e+00 5.9960e+00    79.9107    6.94166    29.8717    29.8892    23.5044    1468.25    1468.25 0.0000e+00
        386      3.000     5.9799     5.9781   2.976087   2.976789     2.4370     0.7574      94.91 3.6346e+00 5.9960e+00    79.9939    6.94613    29.8625    29.8718    23.4981    1468.22    1468.24 0.0000e+00
        452      4.000     5.9905     5.9870   2.978551   2.978786     2.4367     0.7519      98.97 2.7177e+00 5.9960e+00    80.0213    6.94068    29.8800    29.8857    23.5107    1468.31    1468.26 0.0000e+00
        499      5.000     5.9868     5.9843   2.977828   2.978336     2.4360     0.7224      98.82 2.1458e+00 5.9960e+00    80.0690    6.94018    29.8748    29.8826    23.5070    1468.30    1468.27 0.0000e+00
        541      6.000     5.9874     5.9889   2.978054   2.979345     2.4362     0.7610      98.82 1.6699e+00 5.9960e+00    79.9933    6.94726    29.8763    29.8893    23.5081    1468.32    1468.28 0.0000e+00
        578      7.000     5.9983     5.9940   2.980472   2.980723     2.4365     0.7738      98.82 1.3644e+00 5.9960e+00    80.0759    6.94580    29.8930    29.8996    23.5200    1468.40    1468.29 0.0000e+00
        614      8.000     6.0113     6.0098   2.983275   2.984168     2.4367     0.7647      98.83 1.1017e+00 5.9960e+00    80.0950    6.94747    29.9121    29.9233    23.5336    1468.50    1468.32 0.0000e+00
        649      9.000     6.0072     6.0065   2.983087   2.983831     2.4370     0.7518      98.83 9.0108e-01 5.9960e+00    80.1237    6.94463    29.9132    29.9220    23.5349    1468.50    1468.34 0.0000e+00
        683     10.000     6.0147     6.0120   2.986209   2.986811     2.4371     0.7379      98.82 7.3431e-01 5.9960e+00    80.1408    6.94186    29.9407    29.9497    23.5558    1468.58    1468.36 0.0000e+00
        715     11.000     6.0394     6.0359   2.990955   2.991576     2.4366     0.7369      98.82 6.0646e-01 5.9960e+00    80.1265    6.93658    29.9709    29.9809    23.5768    1468.73    1468.40 0.0000e+00
        747     12.000     6.0886     6.0846   3.000317   3.000791     2.4376     0.7089      98.83 5.0742e-01 5.9960e+00    80.1552    6.94418    30.0305    30.0393    23.6181    1469.02    1468.45 0.0000e+00
        779     13.000     6.1210     6.1197   3.006592   3.007710     2.4387     0.7073      98.83 4.2555e-01 5.9960e+00    80.1777    6.93071    30.0707    30.0842    23.6460    1469.22    1468.51 0.0000e+00
        810     14.000     6.1661     6.1636   3.015451   3.016308     2.4391     0.7054      98.82 3.6090e-01 5.9960e+00    80.1691    6.92572    30.1281    30.1398    23.6860    1469.49    1468.58 0.0000e+00
        838     15.000     6.1845     6.1823   3.019802   3.020438     2.4396 -9.990e-29      98.82 3.0831e-01 5.9960e+00    80.1937    6.91643    30.1594    30.1683    23.7084    1469.62    1468.65 0.0000e+00
        866     16.000     6.2369     6.2342   3.028038   3.029827     2.4393 -9.990e-29      98.83 2.6113e-01 5.9960e+00    80.1769    6.90033    30.2032    30.2253    23.7368    1469.90    1468.72 0.0000e+00
        893     17.000     6.3809     6.3823   3.048193   3.049838     2.4392     0.6786      98.82 2.2806e-01 5.9960e+00    80.2253    6.88873    30.2966    30.3134    23.7932    1470.60    1468.83 0.0000e+00
        919     18.000     6.4040     6.4002   3.051036   3.051509     2.4414     0.6792      98.82 1.9590e-01 5.9960e+00    80.2445    6.89736    30.3069    30.3154    23.7985    1470.73    1468.94 0.0000e+00
        944     19.000     6.4073     6.4043   3.051515   3.052122     2.4416     0.6658      98.83 1.7194e-01 5.9960e+00    80.2804    6.86222    30.3087    30.3181    23.7995    1470.76    1469.04 0.0000e+00
        968     20.000     6.4372     6.4331   3.055532   3.056257     2.4385     0.6630      98.83 1.4854e-01 5.9960e+00    80.3061    6.82662    30.3258    30.3374    23.8094    1470.91    1469.13 0.0000e+00
        992     21.000     6.4708     6.4680   3.060407   3.061159     2.4356     0.6568      98.82 1.2839e-01 5.9960e+00    80.2853    6.81812    30.3489    30.3597    23.8235    1471.09    1469.22 0.0000e+00
       1016     22.000     6.4909     6.4873   3.063965   3.064674     2.4333     0.6577      98.82 1.1169e-01 5.9960e+00    80.3321    6.80649    30.3696    30.3806    23.8373    1471.21    1469.31 0.0000e+00
       1040     23.000     6.5307     6.5263   3.070305   3.070975     2.4307     0.6599      98.83 9.9544e-02 5.9960e+00    80.3445    6.79294    30.4032    30.4144    23.8589    1471.43    1469.40 0.0000e+00
       1064     24.000     6.6410     6.6035   3.087596   3.084658     2.4288     0.6565      98.82 8.7926e-02 5.9960e+00    80.3201    6.77471    30.4936    30.4949    23.9165    1472.00    1469.51 0.0000e+00
       1087     25.000     7.0937     7.0424   3.157872   3.156200     2.4280     0.6190      98.83 7.6910e-02 5.9960e+00    80.3715    6.71248    30.8528    30.8806    24.1416    1474.24    1469.70 0.0000e+00
       1111     26.000     7.6308     7.5709   3.240862   3.239116     2.4323     0.5935      98.82 7.2626e-02 5.9960e+00    80.4004    6.67577    31.2628    31.2980    24.3919    1476.85    1469.97 0.0000e+00
       1134     27.000     8.2057     8.1546   3.332917   3.332161     2.4395     0.4805      80.42 6.3841e-02 5.9960e+00    80.4915    6.59557    31.7220    31.7602    24.6711    1479.63    1470.33 0.0000e+00
       1157     28.000     9.5233     9.4534   3.565774   3.567698     2.4457     0.3717      90.42 5.7883e-02 5.9960e+00    80.6753    6.34793    32.9451    33.0292    25.4264    1486.05    1470.89 0.0000e+00
       1181     29.000     9.9878     9.9722   3.649313   3.650242     2.4523     0.1953      79.35 5.3077e-02 5.9960e+00    80.4330    6.26820    33.3706    33.3945    25.6822    1488.27    1471.48 0.0000e+00
       1204     30.000    10.1521    10.1389   3.684148   3.685582     2.4496     0.0427      96.88 5.0787e-02 5.9101e+00    80.8718    6.01520    33.5720    33.5988    25.8116    1489.12    1472.06 0.0000e+00
       1227     31.000    10.2216    10.2225   3.707935   3.709606     2.4164    -0.0375      72.70 4.9492e-02 -9.990e-29    81.5126    5.68548    33.7481    33.7642    25.9372    1489.60    1472.62 0.0000e+00
       1250     32.000    10.1565    10.1564   3.711808   3.713396     2.3702    -0.0736      99.07 4.9493e-02 -9.990e-29    81.6975    5.47519    33.8477    33.8639    26.0260    1489.51    1473.14 0.0000e+00
       1273     33.000    10.1464    10.1454   3.711610   3.713214     2.3220    -0.0756      60.42 4.9487e-02 -9.990e-29    81.8641    5.34075    33.8547    33.8719    26.0332    1489.50    1473.63 0.0000e+00
       1296     34.000    10.1148    10.1171   3.708725   3.710405     2.2793    -0.0655      62.50 4.9487e-02 5.1575e+00    82.0394    5.27975    33.8545    33.8694    26.0384    1489.40    1474.09 0.0000e+00
       1319     35.000    10.0712    10.0705   3.705776   3.707128     2.2446    -0.0700      66.86 4.9475e-02 5.4990e+00    82.0900    5.25385    33.8648    33.8792    26.0539    1489.27    1474.52 0.0000e+00
       1342     36.000     9.9841     9.9877   3.700762   3.702183     2.2186    -0.0695      89.54 4.9480e-02 4.8352e+00    82.1560    5.24637    33.8950    33.9061    26.0922    1489.01    1474.92 0.0000e+00
       1366     37.000     9.8561     9.8597   3.694400   3.695849     2.1975    -0.0720      59.95 4.9499e-02 4.2659e+00    82.1847    5.23521    33.9499    33.9613    26.1566    1488.63    1475.29 0.0000e+00
       1389     38.000     9.7610     9.7630   3.688468   3.689975     2.1805    -0.0721      98.47 4.9487e-02 4.2588e+00    82.2015    5.22027    33.9784    33.9919    26.1947    1488.34    1475.63 0.0000e+00
       1412     39.000     9.7003     9.7009   3.686020   3.687444     2.1653    -0.0766      55.49 4.9469e-02 -9.990e-29    82.2088    5.19724    34.0102    34.0242    26.2296    1488.18    1475.95 0.0000e+00
       1435     40.000     9.6859     9.6848   3.689260   3.690653     2.1524    -0.0775      96.75 4.9505e-02 -9.990e-29    82.2149    5.17528    34.0566    34.0720    26.2683    1488.20    1476.25 0.0000e+00
       1458     41.000     9.6406     9.6417   3.685893   3.687433     2.1411    -0.0703      44.68 4.9493e-02 -9.990e-29    82.2165    5.16362    34.0645    34.0793    26.2820    1488.06    1476.54 0.0000e+00
       1482     42.000     9.4839     9.4911   3.672607   3.673991     2.1317    -0.0719      90.36 4.9474e-02 -9.990e-29    82.2344    5.16477    34.0759    34.0833    26.3167    1487.52    1476.80 0.0000e+00
       1505     43.000     9.4098     9.4082   3.672075   3.673424     2.1226    -0.0698      42.65 4.9479e-02 3.9973e+00    82.2313    5.14198    34.1405    34.1560    26.3794    1487.35    1477.04 0.0000e+00
       1529     44.000     9.4048     9.4051   3.674745   3.676327     2.1134    -0.0716      99.14 4.9457e-02 3.9973e+00    82.2196    5.11928    34.1725    34.1886    26.4052    1487.38    1477.27 0.0000e+00
       1553     45.000     9.3457     9.3495   3.669701   3.671186     2.1056    -0.0660      98.62 4.9509e-02 3.9973e+00    82.2309    5.10775    34.1762    34.1880    26.4178    1487.19    1477.49 0.0000e+00
       1576     46.000     9.2865     9.2868   3.665156   3.666580     2.0976    -0.0638      88.91 4.9503e-02 3.9973e+00    82.2310    5.09431    34.1853    34.1998    26.4344    1487.00    1477.70 0.0000e+00
       1600     47.000     9.2827     9.2795   3.667971   3.669240     2.0911    -0.0664      98.62 4.9481e-02 3.9973e+00    82.2495    5.08113    34.2177    34.2339    26.4604    1487.04    1477.89 0.0000e+00
       1623     48.000     9.2932     9.2914   3.670779   3.672194     2.0843    -0.0686      77.23 4.9480e-02 3.9973e+00    82.2480    5.05600    34.2363    34.2527    26.4733    1487.12    1478.08 0.0000e+00
       1647     49.000     9.2953     9.2935   3.673072   3.674493     2.0778    -0.0742      69.28 4.9475e-02 3.9973e+00    82.2590    5.04526    34.2576    34.2741    26.4896    1487.17    1478.27 0.0000e+00
       1671     50.000     9.2463     9.2473   3.669755   3.670980     2.0732    -0.0737      67.67 4.9474e-02 3.9973e+00    82.2474    5.05351    34.2697    34.2815    26.5070    1487.02    1478.44 0.0000e+00
       1694     51.000     9.1808     9.1804   3.665250   3.666710     2.0695    -0.0766      82.45 4.9485e-02 3.9973e+00    82.2384    5.05371    34.2853    34.3009    26.5298    1486.82    1478.61 0.0000e+00
       1718     52.000     9.1684     9.1671   3.665418   3.666817     2.0665    -0.0708      68.71 4.9493e-02 3.9973e+00    82.2430    5.05379    34.2985    34.3144    26.5422    1486.80    1478.76 0.0000e+00
       1741     53.000     9.1683     9.1648   3.666980   3.668263     2.0640    -0.0731      95.01 4.9487e-02 3.9973e+00    82.2513    5.04258    34.3144    34.3312    26.5546    1486.84    1478.91 0.0000e+00
       1765     54.000     9.1633     9.1623   3.667032   3.668411     2.0605    -0.0634      61.12 4.9497e-02 3.9973e+00    82.2722    5.03093    34.3193    34.3347    26.5593    1486.84    1479.06 0.0000e+00
       1788     55.000     9.1328     9.1318   3.665977   3.667379     2.0578    -0.0743      99.33 4.9487e-02 3.9973e+00    82.2598    5.03323    34.3372    34.3528    26.5782    1486.77    1479.20 0.0000e+00
       1812     56.000     9.1096     9.1096   3.665085   3.666459     2.0557    -0.0685      75.23 4.9491e-02 3.9973e+00    82.2758    5.03144    34.3498    34.3642    26.5918    1486.72    1479.33 0.0000e+00
       1835     57.000     9.0945     9.0923   3.664485   3.665799     2.0534    -0.0754      97.09 4.9481e-02 3.9973e+00    82.2730    5.02548    34.3577    34.3735    26.6004    1486.69    1479.46 0.0000e+00
       1859     58.000     9.0859     9.0845   3.664082   3.665294     2.0513    -0.0752      75.36 4.9503e-02 3.9973e+00    82.2574    5.02288    34.3613    34.3753    26.6046    1486.68    1479.59 0.0000e+00
       1882     59.000     9.0393     9.0394   3.662118   3.663514     2.0492    -0.0741      89.78 4.9462e-02 3.9973e+00    82.2634    5.01606    34.3853    34.3998    26.6309    1486.55    1479.70 0.0000e+00
       1906     60.000     8.9764     8.9825   3.662633   3.664118     2.0462    -0.0810      83.18 4.9487e-02 3.9973e+00    82.2527    5.00341    34.4511    34.4608    26.6924    1486.42    1479.81 0.0000e+00
       1930     61.000     8.9158     8.9161   3.660520   3.661892     2.0429    -0.0759      98.84 4.9474e-02 3.9973e+00    82.2417    5.00113    34.4873    34.5014    26.7304    1486.25    1479.92 0.0000e+00
       1953     62.000     8.9011     8.8997   3.660181   3.661549     2.0397    -0.0746      48.69 4.9503e-02 3.9973e+00    82.2326    5.00266    34.4976    34.5133    26.7408    1486.23    1480.02 0.0000e+00
       1977     63.000     8.8838     8.8820   3.659802   3.661133     2.0387    -0.0733      94.74 4.9469e-02 3.9973e+00    82.1843    5.02510    34.5100    34.5257    26.7532    1486.20    1480.12 0.0000e+00
       2001     64.000     8.8665     8.8651   3.659387   3.660758     2.0396    -0.0642      50.41 4.9480e-02 3.9973e+00    82.1679    5.04361    34.5220    34.5377    26.7654    1486.16    1480.21 0.0000e+00
       2025     65.000     8.8587     8.8574   3.659148   3.660516     2.0415    -0.0732      98.44 4.9497e-02 3.9973e+00    82.1585    5.05903    34.5266    34.5422    26.7702    1486.16    1480.30 0.0000e+00
       2048     66.000     8.8440     8.8442   3.658671   3.660064     2.0439    -0.0633      42.18 4.9481e-02 3.9973e+00    82.1367    5.07028    34.5354    34.5498    26.7795    1486.13    1480.39 0.0000e+00
       2071     67.000     8.8177     8.8183   3.657871   3.659231     2.0458    -0.0709      85.09 4.9487e-02 3.9973e+00    82.1396    5.07534    34.5521    34.5659    26.7967    1486.07    1480.48 0.0000e+00
       2095     68.000     8.7777     8.7783   3.656372   3.657753     2.0475    -0.0741      41.83 4.9485e-02 3.9973e+00    82.1288    5.08164    34.5749    34.5889    26.8209    1485.97    1480.56 0.0000e+00
       2118     69.000     8.7496     8.7499   3.655070   3.656469     2.0488    -0.0731      98.55 4.9511e-02 3.9973e+00    82.1203    5.09499    34.5882    34.6026    26.8357    1485.89    1480.63 0.0000e+00
       2141     70.000     8.7342     8.7343   3.654332   3.655753     2.0515    -0.0748      36.60 4.9526e-02 3.9973e+00    82.1022    5.11401    34.5950    34.6098    26.8435    1485.86    1480.71 0.0000e+00
       2165     71.000     8.7203     8.7201   3.653629   3.655009     2.0545    -0.0786      95.20 4.9500e-02 3.9973e+00    82.1002    5.13898    34.6007    34.6154    26.8501    1485.83    1480.78 0.0000e+00
       2188     72.000     8.7060     8.7051   3.652956   3.654318     2.0592    -0.0690      46.04 4.9512e-02 3.9973e+00    82.0857    5.16646    34.6071    34.6223    26.8574    1485.81    1480.85 0.0000e+00
       2211     73.000     8.6957     8.6950   3.652490   3.653854     2.0643    -0.0702      82.22 4.9474e-02 3.9973e+00    82.0896    5.19383    34.6118    34.6268    26.8627    1485.79    1480.92 0.0000e+00
       2235     74.000     8.6823     8.6818   3.651858   3.653232     2.0705    -0.0669      57.39 4.9493e-02 3.9973e+00    82.0599    5.22163    34.6177    34.6327    26.8694    1485.76    1480.98 0.0000e+00
       2258     75.000     8.6759     8.6743   3.651630   3.652980     2.0767    -0.0643      79.99 4.9482e-02 3.9973e+00    82.0540    5.23942    34.6211    34.6369    26.8731    1485.76    1481.05 0.0000e+00
       2281     76.000     8.6716     8.6702   3.651500   3.652846     2.0821    -0.0648      74.94 4.9493e-02 3.9973e+00    82.0516    5.24809    34.6235    34.6390    26.8756    1485.76    1481.11 0.0000e+00
       2304     77.000     8.6535     8.6537   3.650582   3.651952     2.0865    -0.0743      76.88 4.9474e-02 3.9973e+00    82.0605    5.25025    34.6310    34.6453    26.8844    1485.72    1481.17 0.0000e+00
