_data/ctd/2022603/sta0209.cnv
* Sea-Bird SBE 9 Data File:
* FileName = C:\Seabird\CTDData\sta0209.hex
* Software Version Seasave V 7.21f
* Temperature SN = 6264
* Conductivity SN = 4928
* Number of Bytes Per Scan = 40
* Number of Voltage Words = 5
* Number of Scans Averaged by the Deck Unit = 1
* NMEA Latitude = 61 27.11 N
* NMEA Longitude = 005 32.49 E
* NMEA UTC (Time) = Feb 16 2022 00:11:49
* NMEA baud rate = 4800
** Ship: R/V "Kristine Bonnevie"
** Station: 0209
** Echodepth: 412
** Log: 0910.373
** Wind-Dir/Force: 91 13
** Air-temp (dry): 3.7
** Weather Sky:
** Sea:
# nquan = 19                                
# nvalues = 409                         
# units = specified
# name 0 = scan: Scan Count
# name 1 = prDM: Pressure, Digiquartz [db]
# name 2 = t068C: Temperature [ITS-68, deg C]
# name 3 = t168C: Temperature, 2 [ITS-68, deg C]
# name 4 = c0S/m: Conductivity [S/m]
# name 5 = c1S/m: Conductivity, 2 [S/m]
# name 6 = sbeox0V: Oxygen raw, SBE 43 [V]
# name 7 = flECO-AFL: Fluorescence, WET Labs ECO-AFL/FL [mg/m^3]
# name 8 = altM: Altimeter [m]
# name 9 = par: PAR/Irradiance, Biospherical/Licor
# name 10 = spar: SPAR/Surface Irradiance
# name 11 = CStarTr0: Beam Transmission, WET Labs C-Star [%]
# name 12 = sbeox0ML/L: Oxygen, SBE 43 [ml/l], WS = 2
# name 13 = sal00: Salinity, Practical [PSU]
# name 14 = sal11: Salinity, Practical, 2 [PSU]
# name 15 = sigma-t00: Density [sigma-t, Kg/m^3 ]
# name 16 = svCM: Sound Velocity [Chen-Millero, m/s]
# name 17 = avgsvCM: Average Sound Velocity [Chen-Millero, m/s], minP = 1, minS = 5
# name 18 = flag: flag
# span 0 =        192,       8841       
# span 1 =      1.000,    409.000       
# span 2 =     4.4827,     9.6445       
# span 3 =     4.4202,     9.6312       
# span 4 =   2.002573,   3.669521       
# span 5 =   1.981860,   3.671017       
# span 6 =     1.7250,     2.4980       
# span 7 =    -0.0765,     0.3032       
# span 8 =       6.04,      98.82       
# span 9 = 4.9439e-02, 7.5667e-01       
# span 10 = 0.0000e+00, 0.0000e+00      
# span 11 =    64.7000,    81.4237      
# span 12 =    4.04489,    7.79538      
# span 13 =    20.2214,    34.7501      
# span 14 =    20.0313,    34.7668      
# span 15 =    16.0199,    27.0210      
# span 16 =    1449.76,    1490.30      
# span 17 =    1449.76,    1486.91      
# span 18 = 0.0000e+00, 0.0000e+00      
# interval = decibars: 1                
# start_time = Feb 16 2022 00:11:51 [System UTC, header]
# bad_flag = -9.990e-29
*END*
        192      1.000     4.4827     4.4202   2.002573   1.981860     2.4577     0.3032      98.82 7.5667e-01 0.0000e+00    79.3623    7.79538    20.2214    20.0313    16.0199    1449.76    1449.76 0.0000e+00
        251      2.000     5.8597     5.8393   2.666841   2.678721     2.4726     0.2508      98.82 6.2523e-01 0.0000e+00    71.7931    7.39113    26.5564    26.7026    20.9034    1463.56    1456.63 0.0000e+00
        299      3.000     6.5629     6.5336   2.950316   2.949715     2.4980     0.2116      98.82 3.8560e-01 0.0000e+00    64.7000    7.17070    29.0748    29.0932    22.8088    1469.57    1460.92 0.0000e+00
        339      4.000     6.9606     6.9499   3.054815   3.058294     2.4951     0.1663      98.82 2.6361e-01 0.0000e+00    69.5493    6.90926    29.8656    29.9125    23.3822    1472.14    1463.71 0.0000e+00
        369      5.000     7.1941     7.1898   3.145113   3.145172     2.4856     0.1082      98.81 1.8672e-01 0.0000e+00    75.2774    6.76787    30.6346    30.6391    23.9569    1474.03    1465.76 0.0000e+00
        397      6.000     7.4815     7.4453   3.216643   3.214686     2.4734     0.0717      98.82 1.4252e-01 0.0000e+00    79.0987    6.63810    31.1467    31.1582    24.3211    1475.80    1467.42 0.0000e+00
        424      7.000     7.6709     7.7591   3.250762   3.271733     2.4623     0.0638      98.82 1.1893e-01 0.0000e+00    79.4976    6.58164    31.3411    31.4853    24.4479    1476.79    1468.76 0.0000e+00
        449      8.000     8.0164     8.0205   3.311388   3.313559     2.4528     0.0267      98.82 9.0419e-02 0.0000e+00    79.8921    6.48842    31.6739    31.6932    24.6606    1478.54    1469.97 0.0000e+00
        473      9.000     7.7027     7.7256   3.287334   3.288972     2.4456     0.0104      98.82 7.8620e-02 0.0000e+00    80.0576    6.49704    31.7021    31.6988    24.7270    1477.39    1470.79 0.0000e+00
        496     10.000     7.5779     7.5758   3.289721   3.290732     2.4312     0.0080      98.81 6.0262e-02 0.0000e+00    80.3422    6.36690    31.8412    31.8539    24.8535    1477.10    1471.42 0.0000e+00
        520     11.000     7.6907     7.6795   3.309160   3.310323     2.4112    -0.0024      98.81 5.3328e-02 0.0000e+00    80.4301    6.30527    31.9456    31.9683    24.9198    1477.68    1471.99 0.0000e+00
        543     12.000     7.8675     7.8533   3.340347   3.341485     2.4002    -0.0213      98.82 4.9693e-02 0.0000e+00    80.5045    6.33711    32.1158    32.1410    25.0286    1478.59    1472.54 0.0000e+00
        566     13.000     8.0872     8.0679   3.377537   3.378618     2.3972    -0.0240      98.81 4.9475e-02 0.0000e+00    80.5703    6.34485    32.3086    32.3379    25.1484    1479.68    1473.08 0.0000e+00
        589     14.000     8.2747     8.2608   3.402664   3.403904     2.3969    -0.0230      98.81 4.9500e-02 0.0000e+00    80.6533    6.32076    32.4014    32.4273    25.1938    1480.52    1473.61 0.0000e+00
        612     15.000     8.4369     8.4223   3.427748   3.428845     2.3958    -0.0232      98.82 4.9463e-02 0.0000e+00    80.7006    6.26827    32.5160    32.5410    25.2595    1481.29    1474.12 0.0000e+00
        635     16.000     8.5742     8.5654   3.449735   3.451075     2.3917    -0.0494      98.81 4.9471e-02 0.0000e+00    80.7890    6.20018    32.6199    32.6421    25.3204    1481.95    1474.61 0.0000e+00
        657     17.000     8.6579     8.6419   3.464430   3.465623     2.3856    -0.0505      98.81 4.9488e-02 0.0000e+00    80.8487    6.13920    32.6963    32.7236    25.3675    1482.37    1475.06 0.0000e+00
        680     18.000     8.8926     8.8810   3.501294   3.503154     2.3761    -0.0502      98.82 4.9470e-02 0.0000e+00    80.8576    6.05638    32.8640    32.8942    25.4629    1483.47    1475.53 0.0000e+00
        702     19.000     8.8541     8.8679   3.508219   3.510019     2.3683    -0.0558      98.81 4.9481e-02 0.0000e+00    80.9003    6.03738    32.9715    32.9775    25.5530    1483.47    1475.94 0.0000e+00
        725     20.000     8.7812     8.7788   3.505932   3.507535     2.3584 -9.990e-29      98.81 4.9445e-02 0.0000e+00    80.9534    5.96833    33.0150    33.0340    25.5983    1483.27    1476.31 0.0000e+00
        747     21.000     8.8268     8.8185   3.513061   3.514299     2.3432 -9.990e-29      98.80 4.9482e-02 0.0000e+00    80.9956    5.89668    33.0466    33.0673    25.6160    1483.49    1476.65 0.0000e+00
        770     22.000     8.8951     8.8962   3.524263   3.526322     2.3304 -9.990e-29      98.80 4.9515e-02 0.0000e+00    81.0007    5.88171    33.0995    33.1199    25.6468    1483.83    1476.97 0.0000e+00
        792     23.000     8.9435     8.9411   3.532199   3.533955     2.3221 -9.990e-29      98.81 4.9470e-02 0.0000e+00    80.9973    5.87749    33.1367    33.1572    25.6684    1484.07    1477.28 0.0000e+00
        814     24.000     8.9894     8.9838   3.538190   3.539291     2.3149 -9.990e-29      98.80 4.9471e-02 0.0000e+00    81.0117    5.86381    33.1558    33.1725    25.6762    1484.28    1477.57 0.0000e+00
        835     25.000     9.0033     8.9898   3.542330   3.543180     2.3097 -9.990e-29      98.80 4.9439e-02 0.0000e+00    81.0149    5.84874    33.1855    33.2070    25.6973    1484.39    1477.84 0.0000e+00
        857     26.000     9.1074     9.0936   3.558415   3.559384     2.3035 -9.990e-29      98.81 4.9452e-02 0.0000e+00    81.0273    5.81176    33.2552    33.2781    25.7354    1484.87    1478.11 0.0000e+00
        878     27.000     9.3454     9.3286   3.591384   3.592812     2.2985 -9.990e-29      98.80 4.9485e-02 0.0000e+00    81.0282    5.78131    33.3741    33.4046    25.7905    1485.91    1478.40 0.0000e+00
        899     28.000     9.3973     9.3917   3.604937   3.606324     2.2957    -0.0558      98.80 4.9472e-02 0.0000e+00    81.0220    5.77136    33.4652    33.4847    25.8533    1486.23    1478.68 0.0000e+00
        920     29.000     9.4340     9.4348   3.612522   3.614163     2.2922    -0.0558      98.80 4.9479e-02 0.0000e+00    81.0479    5.72646    33.5087    33.5248    25.8814    1486.43    1478.94 0.0000e+00
        942     30.000     9.3928     9.3925   3.609822   3.611646     2.2847    -0.0601      98.80 4.9502e-02 0.0000e+00    81.0568    5.66612    33.5189    33.5380    25.8961    1486.31    1479.19 0.0000e+00
        963     31.000     9.4861     9.4798   3.624167   3.625628     2.2732    -0.0734      98.80 4.9446e-02 0.0000e+00    81.0556    5.60065    33.5790    33.6000    25.9279    1486.74    1479.43 0.0000e+00
        984     32.000     9.4544     9.4568   3.625519   3.627214     2.2638    -0.0685      98.80 4.9472e-02 0.0000e+00    81.0726    5.59536    33.6223    33.6375    25.9669    1486.69    1479.65 0.0000e+00
       1005     33.000     9.4725     9.4663   3.631391   3.633209     2.2553    -0.0524      98.80 4.9492e-02 0.0000e+00    81.0631    5.57028    33.6654    33.6900    25.9976    1486.83    1479.87 0.0000e+00
       1026     34.000     9.5419     9.5383   3.641744   3.643387     2.2471    -0.0648      98.80 4.9492e-02 0.0000e+00    81.0855    5.54275    33.7064    33.7267    26.0184    1487.15    1480.08 0.0000e+00
       1048     35.000     9.5483     9.5459   3.644570   3.646048     2.2406    -0.0631      98.80 4.9490e-02 0.0000e+00    81.0666    5.53980    33.7290    33.7465    26.0350    1487.22    1480.29 0.0000e+00
       1069     36.000     9.5362     9.5355   3.645558   3.647111     2.2353    -0.0587      98.81 4.9485e-02 0.0000e+00    81.0815    5.52351    33.7501    33.7668    26.0535    1487.21    1480.48 0.0000e+00
       1090     37.000     9.4853     9.4878   3.641196   3.642755     2.2285    -0.0562      98.80 4.9479e-02 0.0000e+00    81.0631    5.49731    33.7526    33.7664    26.0638    1487.05    1480.65 0.0000e+00
       1111     38.000     9.4502     9.4479   3.638612   3.640149     2.2217    -0.0526      98.80 4.9477e-02 0.0000e+00    81.0767    5.48573    33.7586    33.7766    26.0742    1486.94    1480.82 0.0000e+00
       1133     39.000     9.4236     9.4306   3.637376   3.639352     2.2156    -0.0659      98.80 4.9439e-02 0.0000e+00    81.0709    5.48319    33.7705    33.7843    26.0878    1486.88    1480.97 0.0000e+00
       1154     40.000     9.4043     9.3973   3.638677   3.639927     2.2116    -0.0556      98.80 4.9486e-02 0.0000e+00    81.0807    5.49264    33.8017    33.8212    26.1153    1486.86    1481.12 0.0000e+00
       1176     41.000     9.6445     9.6312   3.667310   3.668891     2.2088    -0.0561      98.80 4.9470e-02 0.0000e+00    81.0788    5.47731    33.8697    33.8985    26.1291    1487.84    1481.28 0.0000e+00
       1197     42.000     9.5968     9.5986   3.664747   3.666285     2.2098    -0.0650      98.80 4.9458e-02 0.0000e+00    81.0640    5.50933    33.8879    33.9020    26.1512    1487.70    1481.44 0.0000e+00
       1219     43.000     9.5849     9.5824   3.665481   3.667017     2.2106    -0.0647      98.80 4.9459e-02 0.0000e+00    81.0718    5.48169    33.9062    33.9244    26.1675    1487.70    1481.58 0.0000e+00
       1241     44.000     9.5896     9.5872   3.666862   3.668341     2.2064    -0.0762      98.80 4.9464e-02 0.0000e+00    81.0989    5.43519    33.9155    33.9330    26.1740    1487.74    1481.72 0.0000e+00
       1263     45.000     9.5752     9.5742   3.665815   3.667431     2.2010    -0.0646      98.80 4.9471e-02 0.0000e+00    81.0953    5.41937    33.9179    33.9355    26.1782    1487.71    1481.85 0.0000e+00
       1284     46.000     9.5470     9.5480   3.662888   3.664420     2.1962    -0.0658      98.80 4.9458e-02 0.0000e+00    81.1373    5.40962    33.9139    33.9288    26.1798    1487.62    1481.98 0.0000e+00
       1306     47.000     9.5572     9.5526   3.665383   3.667119     2.1913    -0.0706      98.80 4.9477e-02 0.0000e+00    81.1576    5.39716    33.9296    33.9518    26.1903    1487.69    1482.10 0.0000e+00
       1328     48.000     9.5900     9.5879   3.669521   3.671017     2.1873    -0.0664      98.80 4.9459e-02 0.0000e+00    81.1441    5.39603    33.9407    33.9581    26.1936    1487.84    1482.22 0.0000e+00
       1349     49.000     9.5758     9.5742   3.668840   3.670377     2.1853    -0.0664      98.80 4.9458e-02 0.0000e+00    81.1702    5.40186    33.9467    33.9640    26.2006    1487.81    1482.33 0.0000e+00
       1371     50.000     9.5658     9.5637   3.668053   3.669558     2.1831    -0.0661      98.80 4.9452e-02 0.0000e+00    81.1783    5.39276    33.9476    33.9650    26.2029    1487.79    1482.44 0.0000e+00
       1392     51.000     9.5434     9.5436   3.666079   3.667626     2.1806    -0.0673      98.80 4.9472e-02 0.0000e+00    81.2159    5.38523    33.9480    33.9637    26.2069    1487.73    1482.54 0.0000e+00
       1413     52.000     9.5254     9.5240   3.666059   3.667660     2.1777    -0.0692      98.80 4.9458e-02 0.0000e+00    81.1989    5.38072    33.9643    33.9822    26.2227    1487.70    1482.64 0.0000e+00
       1435     53.000     9.5351     9.5328   3.667987   3.669527     2.1759    -0.0666      98.80 4.9479e-02 0.0000e+00    81.2210    5.38531    33.9746    33.9926    26.2291    1487.76    1482.74 0.0000e+00
       1457     54.000     9.5255     9.5245   3.668572   3.670085     2.1749    -0.0667      98.80 4.9471e-02 0.0000e+00    81.2297    5.38941    33.9892    34.0058    26.2422    1487.76    1482.83 0.0000e+00
       1478     55.000     9.4992     9.4995   3.667847   3.669345     2.1740    -0.0679      98.80 4.9472e-02 0.0000e+00    81.2206    5.38817    34.0062    34.0214    26.2598    1487.70    1482.92 0.0000e+00
       1499     56.000     9.4443     9.4454   3.663367   3.664902     2.1730    -0.0678      98.80 4.9452e-02 0.0000e+00    81.2287    5.38759    34.0116    34.0265    26.2730    1487.53    1483.00 0.0000e+00
       1521     57.000     9.3973     9.3977   3.659682   3.661100     2.1711    -0.0674      98.80 4.9466e-02 0.0000e+00    81.2277    5.38595    34.0177    34.0320    26.2854    1487.38    1483.08 0.0000e+00
       1542     58.000     9.3389     9.3411   3.655110   3.656514     2.1699    -0.0669      98.80 4.9477e-02 0.0000e+00    81.2203    5.39109    34.0255    34.0379    26.3010    1487.19    1483.15 0.0000e+00
       1564     59.000     9.2776     9.2779   3.650710   3.652170     2.1683    -0.0717      98.80 4.9466e-02 0.0000e+00    81.2239    5.39754    34.0378    34.0527    26.3205    1487.00    1483.21 0.0000e+00
       1585     60.000     9.2476     9.2466   3.649555   3.651021     2.1675    -0.0703      98.80 4.9459e-02 0.0000e+00    81.2415    5.40736    34.0539    34.0701    26.3380    1486.93    1483.28 0.0000e+00
       1606     61.000     9.2511     9.2488   3.651073   3.652561     2.1677    -0.0655      98.80 4.9471e-02 0.0000e+00    81.2026    5.41898    34.0659    34.0836    26.3468    1486.97    1483.34 0.0000e+00
       1628     62.000     9.2536     9.2515   3.651676   3.653136     2.1688    -0.0617      98.80 4.9472e-02 0.0000e+00    81.1924    5.42960    34.0693    34.0865    26.3491    1487.00    1483.40 0.0000e+00
       1649     63.000     9.2675     9.2640   3.654002   3.655558     2.1700    -0.0588      98.80 4.9479e-02 0.0000e+00    81.1909    5.42881    34.0797    34.0992    26.3550    1487.08    1483.45 0.0000e+00
       1670     64.000     9.2670     9.2674   3.654728   3.656224     2.1708    -0.0644      98.80 4.9465e-02 0.0000e+00    81.1666    5.42723    34.0873    34.1024    26.3610    1487.10    1483.51 0.0000e+00
       1691     65.000     9.2336     9.2327   3.652405   3.653876     2.1712    -0.0666      98.80 4.9465e-02 0.0000e+00    81.1987    5.42411    34.0946    34.1107    26.3721    1487.01    1483.56 0.0000e+00
       1712     66.000     9.2698     9.2636   3.658086   3.659472     2.1701 -9.990e-29      98.80 4.9458e-02 0.0000e+00    81.1776    5.40151    34.1186    34.1389    26.3850    1487.18    1483.62 0.0000e+00
       1734     67.000     9.3071     9.3039   3.663078   3.664559     2.1684 -9.990e-29      98.80 4.9472e-02 0.0000e+00    81.2031    5.39703    34.1343    34.1527    26.3912    1487.36    1483.67 0.0000e+00
       1755     68.000     9.2877     9.2863   3.661987   3.663376     2.1676 -9.990e-29      98.80 4.9472e-02 0.0000e+00    81.1667    5.39130    34.1410    34.1568    26.3996    1487.31    1483.73 0.0000e+00
       1777     69.000     9.2699     9.2690   3.661399   3.662871     2.1652 -9.990e-29      98.80 4.9477e-02 0.0000e+00    81.1977    5.37000    34.1515    34.1676    26.4107    1487.27    1483.78 0.0000e+00
       1798     70.000     9.2635     9.2618   3.661646   3.663120     2.1614    -0.0599      98.80 4.9445e-02 0.0000e+00    81.1956    5.34784    34.1597    34.1766    26.4182    1487.28    1483.83 0.0000e+00
       1819     71.000     9.2322     9.2327   3.660647   3.662103     2.1573    -0.0626      98.80 4.9458e-02 0.0000e+00    81.2225    5.34152    34.1788    34.1935    26.4382    1487.20    1483.88 0.0000e+00
       1841     72.000     9.2060     9.2043   3.659998   3.661406     2.1539    -0.0606      98.80 4.9492e-02 0.0000e+00    81.2220    5.33750    34.1967    34.2130    26.4564    1487.15    1483.92 0.0000e+00
       1863     73.000     9.2067     9.2042   3.661279   3.662703     2.1502    -0.0661      98.80 4.9464e-02 0.0000e+00    81.2228    5.32559    34.2089    34.2261    26.4658    1487.18    1483.97 0.0000e+00
       1884     74.000     9.2046     9.2027   3.661938   3.663414     2.1470    -0.0606      98.80 4.9472e-02 0.0000e+00    81.2250    5.32358    34.2173    34.2345    26.4728    1487.20    1484.01 0.0000e+00
       1906     75.000     9.1998     9.1984   3.662697   3.664152     2.1447    -0.0645      98.80 4.9458e-02 0.0000e+00    81.2417    5.32172    34.2293    34.2458    26.4830    1487.21    1484.05 0.0000e+00
       1927     76.000     9.1835     9.1828   3.662631   3.664097     2.1422    -0.0623      98.80 4.9464e-02 0.0000e+00    81.2516    5.31392    34.2438    34.2598    26.4969    1487.19    1484.09 0.0000e+00
