_data/ctd/2022603/sta0167.cnv
* Sea-Bird SBE 9 Data File:
* FileName = C:\Seabird\CTDData\sta0167.hex
* Software Version Seasave V 7.21f
* Temperature SN = 6264
* Conductivity SN = 4928
* Number of Bytes Per Scan = 40
* Number of Voltage Words = 5
* Number of Scans Averaged by the Deck Unit = 1
* NMEA Latitude = 60 52.29 N
* NMEA Longitude = 005 32.76 E
* NMEA UTC (Time) = Feb 12 2022 19:09:38
* NMEA baud rate = 4800
** Ship: R/V "Kristine Bonnevie"
** Station: 0167
** Echodepth: 191
** Log: 0499.548
** Wind-Dir/Force: 34 02
** Air-temp (dry): 6.6
** Weather Sky:
** Sea:
# nquan = 19                                
# nvalues = 176                         
# units = specified
# name 0 = scan: Scan Count
# name 1 = prDM: Pressure, Digiquartz [db]
# name 2 = t068C: Temperature [ITS-68, deg C]
# name 3 = t168C: Temperature, 2 [ITS-68, deg C]
# name 4 = c0S/m: Conductivity [S/m]
# name 5 = c1S/m: Conductivity, 2 [S/m]
# name 6 = sbeox0V: Oxygen raw, SBE 43 [V]
# name 7 = flECO-AFL: Fluorescence, WET Labs ECO-AFL/FL [mg/m^3]
# name 8 = altM: Altimeter [m]
# name 9 = par: PAR/Irradiance, Biospherical/Licor
# name 10 = spar: SPAR/Surface Irradiance
# name 11 = CStarTr0: Beam Transmission, WET Labs C-Star [%]
# name 12 = sbeox0ML/L: Oxygen, SBE 43 [ml/l], WS = 2
# name 13 = sal00: Salinity, Practical [PSU]
# name 14 = sal11: Salinity, Practical, 2 [PSU]
# name 15 = sigma-t00: Density [sigma-t, Kg/m^3 ]
# name 16 = svCM: Sound Velocity [Chen-Millero, m/s]
# name 17 = avgsvCM: Average Sound Velocity [Chen-Millero, m/s], minP = 1, minS = 5
# name 18 = flag: flag
# span 0 =        243,       4507       
# span 1 =     10.000,    185.000       
# span 2 =     8.3277,    10.3676       
# span 3 =     8.3261,    10.3662       
# span 4 =   3.515651,   3.728951       
# span 5 =   3.512956,   3.730320       
# span 6 =     1.5518,     2.2522       
# span 7 =    -0.0830,    -0.0253       
# span 8 =       7.17,     109.46       
# span 9 = 4.9454e-02, 5.6131e-02       
# span 10 = 0.0000e+00, 0.0000e+00      
# span 11 =    80.4105,    82.2719      
# span 12 =    3.50361,    5.66596      
# span 13 =    32.5177,    34.9376      
# span 14 =    32.5232,    34.9527      
# span 15 =    25.1064,    27.1751      
# span 16 =    1484.91,    1490.04      
# span 17 =    1484.91,    1488.19      
# span 18 = 0.0000e+00, 0.0000e+00      
# interval = decibars: 1                
# start_time = Feb 12 2022 19:09:40 [System UTC, header]
# bad_flag = -9.990e-29
*END*
[from data line 153]
       3980    163.000     8.3278     8.3262   3.652940   3.654208     1.5721    -0.0540      29.16 4.9505e-02 0.0000e+00    81.2914    3.59131    34.9360    34.9511    27.1741    1486.30    1486.66 0.0000e+00
       4003    164.000     8.3278     8.3262   3.653003   3.654271     1.5725    -0.0605      28.28 4.9520e-02 0.0000e+00    81.2900    3.59018    34.9362    34.9513    27.1743    1486.32    1486.66 0.0000e+00
       4027    165.000     8.3279     8.3263   3.653071   3.654331     1.5723    -0.0501      27.20 4.9488e-02 0.0000e+00    81.3275    3.58650    34.9363    34.9513    27.1743    1486.33    1486.66 0.0000e+00
       4050    166.000     8.3279     8.3264   3.653134   3.654399     1.5722    -0.0676      26.10 4.9491e-02 0.0000e+00    81.2770    3.58509    34.9365    34.9515    27.1745    1486.35    1486.66 0.0000e+00
       4074    167.000     8.3280     8.3265   3.653197   3.654454     1.5715    -0.0638      25.08 4.9514e-02 0.0000e+00    81.2622    3.57535    34.9366    34.9515    27.1746    1486.37    1486.66 0.0000e+00
       4098    168.000     8.3281     8.3266   3.653252   3.654517     1.5701    -0.0667      24.06 4.9503e-02 0.0000e+00    81.2166    3.57015    34.9366    34.9516    27.1745    1486.38    1486.65 0.0000e+00
       4122    169.000     8.3282     8.3267   3.653302   3.654564     1.5691 -9.990e-29      22.66 4.9526e-02 0.0000e+00    81.1343    3.56852    34.9366    34.9515    27.1745    1486.40    1486.65 0.0000e+00
       4146    170.000     8.3282     8.3267   3.653353   3.654617     1.5679 -9.990e-29      21.95 4.9503e-02 0.0000e+00    81.0891    3.56127    34.9366    34.9516    27.1745    1486.42    1486.65 0.0000e+00
       4170    171.000     8.3282     8.3267   3.653411   3.654680     1.5665 -9.990e-29      21.06 4.9503e-02 0.0000e+00    81.0526    3.56150    34.9368    34.9518    27.1746    1486.43    1486.65 0.0000e+00
       4194    172.000     8.3283     8.3268   3.653477   3.654729     1.5657 -9.990e-29      20.12 4.9485e-02 0.0000e+00    81.0182    3.56501    34.9369    34.9517    27.1747    1486.45    1486.65 0.0000e+00
       4218    173.000     8.3284     8.3270   3.653537   3.654802     1.5654 -9.990e-29      19.12 4.9520e-02 0.0000e+00    80.9700    3.56633    34.9369    34.9518    27.1748    1486.47    1486.65 0.0000e+00
       4242    174.000     8.3286     8.3271   3.653591   3.654855     1.5652 -9.990e-29      18.14 4.9503e-02 0.0000e+00    80.8916    3.56655    34.9368    34.9518    27.1746    1486.48    1486.65 0.0000e+00
       4266    175.000     8.3287     8.3272   3.653654   3.654914     1.5648 -9.990e-29      17.26 4.9499e-02 0.0000e+00    80.8513    3.56022    34.9369    34.9518    27.1747    1486.50    1486.65 0.0000e+00
       4290    176.000     8.3288     8.3273   3.653708   3.654974     1.5639 -9.990e-29      16.20 4.9509e-02 0.0000e+00    80.7688    3.55891    34.9369    34.9519    27.1747    1486.52    1486.65 0.0000e+00
       4314    177.000     8.3289     8.3275   3.653764   3.655031     1.5634 -9.990e-29      15.17 4.9503e-02 0.0000e+00    80.7071    3.55892    34.9369    34.9518    27.1747    1486.53    1486.65 0.0000e+00
       4337    178.000     8.3291     8.3276   3.653830   3.655090     1.5627 -9.990e-29      14.18 4.9485e-02 0.0000e+00    80.6696    3.55284    34.9370    34.9519    27.1747    1486.55    1486.64 0.0000e+00
       4361    179.000     8.3292     8.3276   3.653889   3.655148     1.5617 -9.990e-29      13.19 4.9474e-02 0.0000e+00    80.5896    3.54867    34.9370    34.9520    27.1747    1486.57    1486.64 0.0000e+00
       4385    180.000     8.3291     8.3277   3.653942   3.655210     1.5603 -9.990e-29      12.19 4.9491e-02 0.0000e+00    80.4518    3.53573    34.9372    34.9521    27.1749    1486.59    1486.64 0.0000e+00
       4409    181.000     8.3292     8.3277   3.654017   3.655280     1.5585    -0.0456      11.18 4.9503e-02 0.0000e+00    80.4105    3.53329    34.9374    34.9524    27.1750    1486.60    1486.64 0.0000e+00
       4433    182.000     8.3293     8.3278   3.654079   3.655336     1.5571    -0.0532      10.17 4.9503e-02 0.0000e+00    80.4279    3.53135    34.9375    34.9524    27.1751    1486.62    1486.64 0.0000e+00
       4458    183.000     8.3294     8.3279   3.654141   3.655401     1.5558    -0.0517       9.17 4.9509e-02 0.0000e+00    80.4744    3.52518    34.9376    34.9525    27.1751    1486.64    1486.64 0.0000e+00
       4482    184.000     8.3296     8.3280   3.654207   3.655463     1.5539    -0.0459       8.17 4.9503e-02 0.0000e+00    80.4975    3.51525    34.9376    34.9526    27.1751    1486.65    1486.64 0.0000e+00
       4507    185.000     8.3298     8.3282   3.654266   3.655537     1.5518    -0.0528       7.17 4.9509e-02 0.0000e+00    80.4798    3.50361    34.9376    34.9527    27.1750    1486.67    1486.64 0.0000e+00
