_data/ctd/2022603/sta0176.cnv
* Sea-Bird SBE 9 Data File:
* FileName = C:\Seabird\CTDData\sta0176.hex
* Software Version Seasave V 7.21f
* Temperature SN = 6264
* Conductivity SN = 4928
* Number of Bytes Per Scan = 40
* Number of Voltage Words = 5
* Number of Scans Averaged by the Deck Unit = 1
* NMEA Latitude = 60 49.82 N
* NMEA Longitude = 005 03.32 E
* NMEA UTC (Time) = Feb 13 2022 03:11:31
* NMEA baud rate = 4800
** Ship: R/V "Kristine Bonnevie"
** Station: 0176
** Echodepth: 546
** Log: 0526.863
** Wind-Dir/Force: 19 24
** Air-temp (dry): 7.1
** Weather Sky:
** Sea:
# nquan = 19                                
# nvalues = 540                         
# units = specified
# name 0 = scan: Scan Count
# name 1 = prDM: Pressure, Digiquartz [db]
# name 2 = t068C: Temperature [ITS-68, deg C]
# name 3 = t168C: Temperature, 2 [ITS-68, deg C]
# name 4 = c0S/m: Conductivity [S/m]
# name 5 = c1S/m: Conductivity, 2 [S/m]
# name 6 = sbeox0V: Oxygen raw, SBE 43 [V]
# name 7 = flECO-AFL: Fluorescence, WET Labs ECO-AFL/FL [mg/m^3]
# name 8 = altM: Altimeter [m]
# name 9 = par: PAR/Irradiance, Biospherical/Licor
# name 10 = spar: SPAR/Surface Irradiance
# name 11 = CStarTr0: Beam Transmission, WET Labs C-Star [%]
# name 12 = sbeox0ML/L: Oxygen, SBE 43 [ml/l], WS = 2
# name 13 = sal00: Salinity, Practical [PSU]
# name 14 = sal11: Salinity, Practical, 2 [PSU]
# name 15 = sigma-t00: Density [sigma-t, Kg/m^3 ]
# name 16 = svCM: Sound Velocity [Chen-Millero, m/s]
# name 17 = avgsvCM: Average Sound Velocity [Chen-Millero, m/s], minP = 1, minS = 5
# name 18 = flag: flag
# span 0 =        484,      12440       
# span 1 =      2.000,    541.000       
# span 2 =     5.7876,     8.6835       
# span 3 =     5.7852,     8.6821       
# span 4 =   2.940376,   3.668131       
# span 5 =   2.940473,   3.669492       
# span 6 =     2.0374,     2.4831       
# span 7 =    -0.1030,     0.4330       
# span 8 =       8.76,     100.05       
# span 9 = 4.9445e-02, 5.8714e-01       
# span 10 = 0.0000e+00, 0.0000e+00      
# span 11 =    79.8275,    81.7026      
# span 12 =    5.45596,    7.03362      
# span 13 =    29.6303,    35.0866      
# span 14 =    29.6385,    35.1022      
# span 15 =    23.3360,    27.3793      
# span 16 =    1467.16,    1490.54      
# span 17 =    1467.16,    1486.72      
# span 18 = 0.0000e+00, 0.0000e+00      
# interval = decibars: 1                
# start_time = Feb 13 2022 03:11:33 [System UTC, header]
# bad_flag = -9.990e-29
*END*
[from data line 229]
       5611    231.000     8.3442     8.3431   3.664928   3.666328     2.1798    -0.0602      41.52 4.9502e-02 0.0000e+00    81.6595    5.64165    35.0147    35.0307    27.2333    1487.58    1483.82 0.0000e+00
       5634    232.000     8.3430     8.3419   3.664837   3.666238     2.1787    -0.0877      84.19 4.9480e-02 0.0000e+00    81.6728    5.64465    35.0144    35.0304    27.2333    1487.59    1483.84 0.0000e+00
       5659    233.000     8.3418     8.3405   3.664767   3.666140     2.1784    -0.0940      55.00 4.9485e-02 0.0000e+00    81.6660    5.65113    35.0144    35.0303    27.2335    1487.60    1483.85 0.0000e+00
       5682    234.000     8.3395     8.3384   3.664580   3.665931     2.1781    -0.0932      43.44 4.9483e-02 0.0000e+00    81.6527    5.65236    35.0142    35.0297    27.2337    1487.61    1483.87 0.0000e+00
       5703    235.000     8.3319     8.3304   3.663982   3.665335     2.1783    -0.0906      76.66 4.9512e-02 0.0000e+00    81.6322    5.65584    35.0149    35.0308    27.2354    1487.60    1483.88 0.0000e+00
       5723    236.000     8.3329     8.3313   3.664158   3.665536     2.1782    -0.0976      16.13 4.9505e-02 0.0000e+00    81.6411    5.65527    35.0153    35.0316    27.2356    1487.62    1483.90 0.0000e+00
       5743    237.000     8.3341     8.3325   3.664345   3.665705     2.1781    -0.0986      84.04 4.9474e-02 0.0000e+00    81.6306    5.65454    35.0156    35.0317    27.2356    1487.64    1483.92 0.0000e+00
       5763    238.000     8.3352     8.3331   3.664536   3.665833     2.1781    -0.0775      72.24 4.9465e-02 0.0000e+00    81.6303    5.65246    35.0161    35.0320    27.2358    1487.66    1483.93 0.0000e+00
       5785    239.000     8.3369     8.3354   3.664781   3.666150     2.1774    -0.0644      84.66 4.9487e-02 0.0000e+00    81.6333    5.64859    35.0165    35.0326    27.2359    1487.68    1483.95 0.0000e+00
       5807    240.000     8.3372     8.3356   3.664870   3.666227     2.1771    -0.0622      98.04 4.9502e-02 0.0000e+00    81.6342    5.64836    35.0167    35.0328    27.2360    1487.70    1483.96 0.0000e+00
       5828    241.000     8.3374     8.3358   3.664933   3.666286     2.1764    -0.0650      46.76 4.9488e-02 0.0000e+00    81.6303    5.65101    35.0167    35.0327    27.2360    1487.72    1483.98 0.0000e+00
       5849    242.000     8.3360     8.3344   3.664863   3.666206     2.1766    -0.0698      50.47 4.9512e-02 0.0000e+00    81.6490    5.65164    35.0169    35.0328    27.2363    1487.73    1483.99 0.0000e+00
       5870    243.000     8.3315     8.3302   3.664598   3.665966     2.1761    -0.0854      81.57 4.9482e-02 0.0000e+00    81.6452    5.65027    35.0180    35.0339    27.2379    1487.73    1484.01 0.0000e+00
       5895    244.000     8.3305     8.3290   3.664563   3.665905     2.1757    -0.0751      61.54 4.9494e-02 0.0000e+00    81.6310    5.64547    35.0182    35.0340    27.2382    1487.74    1484.02 0.0000e+00
       5920    245.000     8.3288     8.3273   3.664463   3.665812     2.1751    -0.0878      96.66 4.9456e-02 0.0000e+00    81.6297    5.65049    35.0183    35.0342    27.2386    1487.75    1484.04 0.0000e+00
       5941    246.000     8.3268     8.3254   3.664368   3.665727     2.1751    -0.0944      34.10 4.9506e-02 0.0000e+00    81.5916    5.65089    35.0188    35.0347    27.2393    1487.76    1484.05 0.0000e+00
       5960    247.000     8.3256     8.3239   3.664346   3.665711     2.1746    -0.0912      98.87 4.9483e-02 0.0000e+00    81.6096    5.64981    35.0193    35.0355    27.2398    1487.78    1484.07 0.0000e+00
       5979    248.000     8.3225     8.3216   3.664129   3.665532     2.1746    -0.0963      76.78 4.9494e-02 0.0000e+00    81.6301    5.65150    35.0196    35.0354    27.2405    1487.78    1484.08 0.0000e+00
       6000    249.000     8.3162     8.3168   3.663681   3.665179     2.1744    -0.0719      62.49 4.9483e-02 0.0000e+00    81.6271    5.64582    35.0206    35.0360    27.2423    1487.78    1484.10 0.0000e+00
       6024    250.000     8.3142     8.3132   3.663595   3.664997     2.1734    -0.0629      72.80 4.9491e-02 0.0000e+00    81.6062    5.64818    35.0212    35.0371    27.2431    1487.79    1484.11 0.0000e+00
       6047    251.000     8.3124     8.3112   3.663483   3.664825     2.1735    -0.0663      98.92 4.9458e-02 0.0000e+00    81.6044    5.65332    35.0213    35.0368    27.2434    1487.80    1484.13 0.0000e+00
       6067    252.000     8.3092     8.3073   3.663294   3.664620     2.1734    -0.0720      98.80 4.9474e-02 0.0000e+00    81.6029    5.65000    35.0220    35.0380    27.2445    1487.80    1484.14 0.0000e+00
       6087    253.000     8.3077     8.3065   3.663208   3.664589     2.1728    -0.0925      72.42 4.9481e-02 0.0000e+00    81.6040    5.64525    35.0221    35.0380    27.2448    1487.81    1484.16 0.0000e+00
       6107    254.000     8.3046     8.3029   3.662969   3.664239     2.1722    -0.0686      90.46 4.9515e-02 0.0000e+00    81.5806    5.64045    35.0222    35.0374    27.2453    1487.82    1484.17 0.0000e+00
       6128    255.000     8.2932     8.2942   3.661990   3.663564     2.1712    -0.0802      94.91 4.9509e-02 0.0000e+00    81.5867    5.64313    35.0226    35.0384    27.2474    1487.79    1484.19 0.0000e+00
       6150    256.000     8.2921     8.2903   3.661964   3.663313     2.1707    -0.0892      34.68 4.9499e-02 0.0000e+00    81.5915    5.64258    35.0229    35.0391    27.2478    1487.80    1484.20 0.0000e+00
       6171    257.000     8.2933     8.2917   3.662104   3.663453     2.1700    -0.0907      56.00 4.9532e-02 0.0000e+00    81.5988    5.64558    35.0228    35.0387    27.2475    1487.82    1484.21 0.0000e+00
       6192    258.000     8.2914     8.2900   3.661955   3.663324     2.1703    -0.0923      96.91 4.9478e-02 0.0000e+00    81.5756    5.65352    35.0226    35.0386    27.2477    1487.83    1484.23 0.0000e+00
       6213    259.000     8.2883     8.2871   3.661725   3.663097     2.1706 -9.990e-29      79.39 4.9483e-02 0.0000e+00    81.6084    5.65721    35.0227    35.0385    27.2482    1487.84    1484.24 0.0000e+00
       6235    260.000     8.2866     8.2854   3.661630   3.663009     2.1709 -9.990e-29      30.24 4.9477e-02 0.0000e+00    81.5732    5.65602    35.0229    35.0388    27.2487    1487.85    1484.26 0.0000e+00
       6258    261.000     8.2868     8.2855   3.661691   3.663055     2.1709 -9.990e-29      99.99 4.9464e-02 0.0000e+00    81.6028    5.65538    35.0229    35.0387    27.2486    1487.87    1484.27 0.0000e+00
       6280    262.000     8.2868     8.2854   3.661752   3.663112     2.1710 -9.990e-29      66.19 4.9503e-02 0.0000e+00    81.6057    5.66230    35.0231    35.0390    27.2487    1487.88    1484.28 0.0000e+00
       6300    263.000     8.2855     8.2844   3.661674   3.663059     2.1717    -0.0840      63.86 4.9467e-02 0.0000e+00    81.5991    5.66902    35.0231    35.0389    27.2489    1487.89    1484.30 0.0000e+00
       6320    264.000     8.2850     8.2833   3.661679   3.663003     2.1724    -0.0599      75.34 4.9501e-02 0.0000e+00    81.6043    5.66542    35.0231    35.0389    27.2491    1487.91    1484.31 0.0000e+00
       6340    265.000     8.2846     8.2832   3.661718   3.663071     2.1722    -0.0872      77.76 4.9481e-02 0.0000e+00    81.5977    5.66093    35.0235    35.0393    27.2494    1487.92    1484.32 0.0000e+00
       6362    266.000     8.2845     8.2830   3.661766   3.663113     2.1720    -0.0955      71.41 4.9475e-02 0.0000e+00    81.6053    5.66270    35.0236    35.0394    27.2495    1487.94    1484.34 0.0000e+00
       6384    267.000     8.2854     8.2840   3.661850   3.663226     2.1723    -0.0881      97.93 4.9483e-02 0.0000e+00    81.5729    5.66638    35.0231    35.0392    27.2490    1487.96    1484.35 0.0000e+00
       6407    268.000     8.2855     8.2844   3.661905   3.663279     2.1723    -0.0911      59.55 4.9490e-02 0.0000e+00    81.5590    5.66612    35.0231    35.0389    27.2490    1487.98    1484.36 0.0000e+00
       6429    269.000     8.2836     8.2820   3.661846   3.663187     2.1722    -0.0645      81.79 4.9493e-02 0.0000e+00    81.5895    5.66243    35.0239    35.0398    27.2499    1487.99    1484.38 0.0000e+00
       6451    270.000     8.2827     8.2811   3.661865   3.663218     2.1718    -0.0919      90.61 4.9472e-02 0.0000e+00    81.6030    5.66000    35.0245    35.0405    27.2505    1488.00    1484.39 0.0000e+00
       6472    271.000     8.2814     8.2798   3.661879   3.663219     2.1713    -0.0678      79.03 4.9509e-02 0.0000e+00    81.6024    5.65899    35.0255    35.0414    27.2515    1488.01    1484.41 0.0000e+00
       6491    272.000     8.2813     8.2797   3.661915   3.663275     2.1711    -0.0762      39.45 4.9527e-02 0.0000e+00    81.5592    5.66040    35.0255    35.0416    27.2515    1488.03    1484.42 0.0000e+00
       6510    273.000     8.2814     8.2798   3.661992   3.663349     2.1708 -9.990e-29      99.48 4.9497e-02 0.0000e+00    81.5943    5.66123    35.0257    35.0418    27.2517    1488.05    1484.43 0.0000e+00
       6530    274.000     8.2808     8.2796   3.662011   3.663373     2.1705 -9.990e-29      47.41 4.9490e-02 0.0000e+00    81.5600    5.65835    35.0261    35.0418    27.2520    1488.06    1484.44 0.0000e+00
       6553    275.000     8.2807     8.2789   3.662049   3.663389     2.1700 -9.990e-29      96.66 4.9491e-02 0.0000e+00    81.5546    5.66105    35.0261    35.0422    27.2520    1488.08    1484.46 0.0000e+00
       6579    276.000     8.2796     8.2783   3.662022   3.663395     2.1699 -9.990e-29      43.30 4.9498e-02 0.0000e+00    81.5396    5.66132    35.0264    35.0423    27.2525    1488.09    1484.47 0.0000e+00
       6604    277.000     8.2787     8.2773   3.662009   3.663368     2.1695 -9.990e-29     100.05 4.9485e-02 0.0000e+00    81.5509    5.65934    35.0267    35.0426    27.2528    1488.10    1484.48 0.0000e+00
       6626    278.000     8.2774     8.2762   3.661975   3.663334     2.1693 -9.990e-29      40.44 4.9495e-02 0.0000e+00    81.5443    5.65761    35.0271    35.0428    27.2534    1488.12    1484.50 0.0000e+00
       6645    279.000     8.2729     8.2714   3.661703   3.663047     2.1689 -9.990e-29      72.10 4.9483e-02 0.0000e+00    81.5424    5.65890    35.0282    35.0441    27.2549    1488.12    1484.51 0.0000e+00
       6665    280.000     8.2660     8.2648   3.661237   3.662573     2.1686 -9.990e-29      85.73 4.9474e-02 0.0000e+00    81.5405    5.65852    35.0297    35.0451    27.2571    1488.11    1484.52 0.0000e+00
       6684    281.000     8.2628     8.2613   3.661052   3.662402     2.1680 -9.990e-29      34.76 4.9481e-02 0.0000e+00    81.5122    5.65489    35.0304    35.0463    27.2582    1488.11    1484.54 0.0000e+00
       6705    282.000     8.2622     8.2608   3.661057   3.662399     2.1674    -0.0621      92.30 4.9489e-02 0.0000e+00    81.5169    5.65121    35.0306    35.0463    27.2584    1488.13    1484.55 0.0000e+00
       6728    283.000     8.2628     8.2613   3.661141   3.662492     2.1663    -0.0803      54.89 4.9493e-02 0.0000e+00    81.4891    5.64670    35.0304    35.0463    27.2582    1488.15    1484.56 0.0000e+00
       6751    284.000     8.2627     8.2611   3.661161   3.662512     2.1656    -0.0903      71.96 4.9469e-02 0.0000e+00    81.5105    5.65293    35.0302    35.0462    27.2580    1488.16    1484.57 0.0000e+00
       6774    285.000     8.2627     8.2614   3.661209   3.662586     2.1654    -0.0846      74.83 4.9471e-02 0.0000e+00    81.4963    5.65752    35.0302    35.0462    27.2581    1488.18    1484.59 0.0000e+00
       6795    286.000     8.2615     8.2601   3.661151   3.662512     2.1656    -0.0627      75.18 4.9472e-02 0.0000e+00    81.5072    5.65867    35.0303    35.0462    27.2583    1488.19    1484.60 0.0000e+00
       6816    287.000     8.2594     8.2585   3.660978   3.662362     2.1654    -0.0883      93.21 4.9483e-02 0.0000e+00    81.5271    5.65567    35.0301    35.0458    27.2585    1488.20    1484.61 0.0000e+00
       6838    288.000     8.2587     8.2570   3.660958   3.662285     2.1650    -0.0658      82.89 4.9508e-02 0.0000e+00    81.5298    5.64618    35.0301    35.0460    27.2586    1488.21    1484.62 0.0000e+00
       6861    289.000     8.2590     8.2571   3.661030   3.662346     2.1636    -0.0811      39.23 4.9475e-02 0.0000e+00    81.5279    5.65122    35.0301    35.0460    27.2585    1488.23    1484.64 0.0000e+00
       6884    290.000     8.2583     8.2565   3.661030   3.662343     2.1644    -0.0921      89.60 4.9470e-02 0.0000e+00    81.5616    5.66311    35.0303    35.0461    27.2588    1488.25    1484.65 0.0000e+00
       6905    291.000     8.2575     8.2560   3.661025   3.662367     2.1642    -0.0894      53.28 4.9509e-02 0.0000e+00    81.5567    5.65905    35.0306    35.0464    27.2591    1488.26    1484.66 0.0000e+00
       6925    292.000     8.2573     8.2556   3.661069   3.662414     2.1646    -0.0909      99.38 4.9487e-02 0.0000e+00    81.5740    5.66035    35.0308    35.0468    27.2593    1488.28    1484.67 0.0000e+00
       6945    293.000     8.2503     8.2495   3.660499   3.661846     2.1643    -0.0712      55.50 4.9496e-02 0.0000e+00    81.5660    5.65717    35.0312    35.0463    27.2607    1488.27    1484.69 0.0000e+00
       6968    294.000     8.2433     8.2421   3.659897   3.661257     2.1640    -0.0824      95.88 4.9478e-02 0.0000e+00    81.5464    5.65779    35.0313    35.0469    27.2618    1488.26    1484.70 0.0000e+00
       6994    295.000     8.2291     8.2285   3.658454   3.659796     2.1635    -0.0724      88.63 4.9467e-02 0.0000e+00    81.5452    5.65716    35.0295    35.0444    27.2626    1488.22    1484.71 0.0000e+00
       7018    296.000     8.2127     8.2121   3.656760   3.658132     2.1632 -9.990e-29      98.62 4.9475e-02 0.0000e+00    81.5492    5.65782    35.0273    35.0425    27.2634    1488.17    1484.72 0.0000e+00
       7039    297.000     8.2087     8.2068   3.656461   3.657755     2.1624 -9.990e-29      98.34 4.9461e-02 0.0000e+00    81.5579    5.65568    35.0276    35.0433    27.2642    1488.17    1484.73 0.0000e+00
       7059    298.000     8.2160     8.2154   3.657381   3.658911     2.1621 -9.990e-29      31.96 4.9488e-02 0.0000e+00    81.5534    5.65722    35.0297    35.0466    27.2648    1488.22    1484.74 0.0000e+00
       7078    299.000     8.2283     8.2255   3.658815   3.660108     2.1617 -9.990e-29      48.97 4.9460e-02 0.0000e+00    81.5640    5.66241    35.0322    35.0488    27.2649    1488.28    1484.76 0.0000e+00
       7100    300.000     8.2285     8.2271   3.658974   3.660320     2.1626    -0.0922      72.24 4.9483e-02 0.0000e+00    81.5527    5.67258    35.0333    35.0490    27.2657    1488.30    1484.77 0.0000e+00
       7122    301.000     8.2247     8.2240   3.658660   3.660016     2.1634    -0.0957      68.22 4.9481e-02 0.0000e+00    81.5673    5.67430    35.0332    35.0484    27.2662    1488.30    1484.78 0.0000e+00
       7146    302.000     8.2105     8.2085   3.657312   3.658565     2.1634    -0.0914      87.40 4.9474e-02 0.0000e+00    81.5621    5.66375    35.0325    35.0479    27.2678    1488.27    1484.79 0.0000e+00
       7170    303.000     8.2143     8.2123   3.657820   3.659140     2.1626    -0.0920      69.54 4.9497e-02 0.0000e+00    81.5505    5.65527    35.0337    35.0497    27.2681    1488.30    1484.80 0.0000e+00
       7193    304.000     8.2126     8.2116   3.657669   3.659035     2.1615    -0.0978      98.84 4.9489e-02 0.0000e+00    81.4922    5.65536    35.0333    35.0488    27.2681    1488.31    1484.81 0.0000e+00
       7215    305.000     8.2039     8.2025   3.656869   3.658191     2.1611    -0.0984      83.79 4.9483e-02 0.0000e+00    81.5326    5.65865    35.0329    35.0484    27.2691    1488.29    1484.83 0.0000e+00
