_data/ctd/2022603/sta0187.cnv
* Sea-Bird SBE 9 Data File:
* FileName = C:\Seabird\CTDData\sta0187.hex
* Software Version Seasave V 7.21f
* Temperature SN = 6264
* Conductivity SN = 4928
* Number of Bytes Per Scan = 40
* Number of Voltage Words = 5
* Number of Scans Averaged by the Deck Unit = 1
* NMEA Latitude = 61 15.36 N
* NMEA Longitude = 006 35.96 E
* NMEA UTC (Time) = Feb 14 2022 13:49:53
* NMEA baud rate = 4800
** Ship: R/V "Kristine Bonnevie"
** Station: 0187
** Echodepth: 239
** Log: 0746.370
** Wind-Dir/Force: 31 01
** Air-temp (dry): 3.3
** Weather Sky:
** Sea:
# nquan = 19                                
# nvalues = 234                         
# units = specified
# name 0 = scan: Scan Count
# name 1 = prDM: Pressure, Digiquartz [db]
# name 2 = t068C: Temperature [ITS-68, deg C]
# name 3 = t168C: Temperature, 2 [ITS-68, deg C]
# name 4 = c0S/m: Conductivity [S/m]
# name 5 = c1S/m: Conductivity, 2 [S/m]
# name 6 = sbeox0V: Oxygen raw, SBE 43 [V]
# name 7 = flECO-AFL: Fluorescence, WET Labs ECO-AFL/FL [mg/m^3]
# name 8 = altM: Altimeter [m]
# name 9 = par: PAR/Irradiance, Biospherical/Licor
# name 10 = spar: SPAR/Surface Irradiance
# name 11 = CStarTr0: Beam Transmission, WET Labs C-Star [%]
# name 12 = sbeox0ML/L: Oxygen, SBE 43 [ml/l], WS = 2
# name 13 = sal00: Salinity, Practical [PSU]
# name 14 = sal11: Salinity, Practical, 2 [PSU]
# name 15 = sigma-t00: Density [sigma-t, Kg/m^3 ]
# name 16 = svCM: Sound Velocity [Chen-Millero, m/s]
# name 17 = avgsvCM: Average Sound Velocity [Chen-Millero, m/s], minP = 1, minS = 5
# name 18 = flag: flag
# span 0 =        207,       5849       
# span 1 =      1.000,    234.000       
# span 2 =     4.4177,    10.0866       
# span 3 =     4.3787,    10.0847       
# span 4 =   2.713509,   3.712290       
# span 5 =   2.701865,   3.713895       
# span 6 =     1.8733,     2.5010       
# span 7 =    -0.1072,     0.9236       
# span 8 =       7.88,      99.48       
# span 9 = 4.9456e-02, 5.7823e+01       
# span 10 = 7.3586e+01, 9.1939e+01      
# span 11 =    77.2341,    81.8836      
# span 12 =    4.64836,    7.42891      
# span 13 =    28.2625,    34.9577      
# span 14 =    28.1624,    34.9741      
# span 15 =    22.3941,    27.2765      
# span 16 =    1459.74,    1489.27      
# span 17 =    1459.74,    1484.08      
# span 18 = 0.0000e+00, 0.0000e+00      
# interval = decibars: 1                
# start_time = Feb 14 2022 13:49:55 [System UTC, header]
# bad_flag = -9.990e-29
*END*
        207      1.000     4.4177     4.3787   2.713509   2.701865     2.4664     0.8915      98.82 5.7823e+01 9.1939e+01    78.9819    7.42489    28.2625    28.1624    22.3941    1459.74    1459.74 0.0000e+00
        259      2.000     4.4532     4.4362   2.724139   2.721403     2.4667     0.9010      98.82 4.4165e+01 9.1939e+01    79.2186    7.41748    28.3535    28.3367    22.4629    1460.02    1459.88 0.0000e+00
        286      3.000     4.5886     4.5624   2.762471   2.759437     2.4665     0.8702      98.82 3.4062e+01 9.1939e+01    79.1043    7.39281    28.6749    28.6629    22.7050    1461.01    1460.26 0.0000e+00
        309      4.000     4.5144     4.5032   2.745257   2.741452     2.4688     0.8901      98.82 2.7870e+01 9.1939e+01    79.2694    7.42891    28.5417    28.5078    22.6065    1460.55    1460.33 0.0000e+00
        333      5.000     4.5722     4.5054   2.763450   2.746962     2.4690     0.9236      98.81 2.1964e+01 9.1939e+01    79.3409    7.37747    28.6994    28.5686    22.7260    1461.01    1460.47 0.0000e+00
        357      6.000     4.8721     4.8641   2.848505   2.849487     2.4676     0.8644      98.82 1.8018e+01 9.1939e+01    79.3458    7.30124    29.4067    29.4250    23.2571    1463.17    1460.92 0.0000e+00
        381      7.000     5.0450     5.0289   2.880332   2.882252     2.4711     0.7997      98.82 1.4782e+01 9.1939e+01    79.3100    7.31402    29.6146    29.6507    23.4041    1464.17    1461.38 0.0000e+00
        405      8.000     5.7069     5.6615   2.993689   2.994786     2.4745     0.8002      98.82 1.2204e+01 9.1939e+01    79.3078    7.18097    30.2991    30.3522    23.8738    1467.76    1462.17 0.0000e+00
        428      9.000     6.3147     6.3103   3.073290   3.077040     2.4821     0.8253      98.82 1.0212e+01 9.1939e+01    79.4422    7.15133    30.6356    30.6809    24.0684    1470.64    1463.11 0.0000e+00
        451     10.000     6.5909     6.5855   3.111290   3.113220     2.4949     0.7919      98.82 8.6633e+00 9.1939e+01    79.4669    7.13327    30.8040    30.8300    24.1672    1471.96    1463.99 0.0000e+00
        473     11.000     6.5667     6.5669   3.111659   3.112354     2.5010     0.7683      98.82 7.3627e+00 9.1939e+01    79.6950    7.04144    30.8294    30.8368    24.1902    1471.91    1464.71 0.0000e+00
        495     12.000     6.5649     6.5590   3.117794   3.119269     2.4968     0.7519      98.83 6.3051e+00 9.1939e+01    79.9540    6.90310    30.8978    30.9193    24.2443    1472.01    1465.31 0.0000e+00
        518     13.000     6.5888     6.5854   3.123576   3.124596     2.4843     0.7235      98.82 5.4639e+00 9.1853e+01    80.0886    6.81312    30.9391    30.9533    24.2739    1472.17    1465.84 0.0000e+00
        542     14.000     6.6608     6.6581   3.131865   3.133344     2.4728     0.6768      98.82 4.7400e+00 9.1253e+01    80.2160    6.78361    30.9642    30.9828    24.2847    1472.50    1466.31 0.0000e+00
        566     15.000     6.7842     6.7775   3.145460   3.146570     2.4627     0.6767      98.82 4.1181e+00 9.0934e+01    80.3491    6.75667    31.0007    31.0189    24.2979    1473.05    1466.76 0.0000e+00
        589     16.000     6.7761     6.7760   3.145912   3.146824     2.4564     0.6596      98.82 3.6146e+00 9.0574e+01    80.4460    6.76364    31.0125    31.0226    24.3082    1473.05    1467.15 0.0000e+00
        613     17.000     6.7651     6.7624   3.146960   3.148002     2.4503     0.6213      98.82 3.1866e+00 8.9939e+01    80.5460    6.74056    31.0334    31.0472    24.3260    1473.05    1467.50 0.0000e+00
        636     18.000     6.7891     6.7878   3.156510   3.157998     2.4444     0.6194      98.81 2.8096e+00 8.9940e+01    80.5942    6.72370    31.1154    31.1328    24.3875    1473.26    1467.81 0.0000e+00
        660     19.000     6.7753     6.7749   3.159559   3.160744     2.4394     0.5730      98.82 2.4837e+00 8.9940e+01    80.6728    6.71388    31.1608    31.1741    24.4250    1473.28    1468.10 0.0000e+00
        684     20.000     6.8154     6.8123   3.164191   3.165456     2.4350     0.5349      98.81 2.2075e+00 8.9940e+01    80.7419    6.70240    31.1744    31.1910    24.4306    1473.47    1468.37 0.0000e+00
        708     21.000     7.1706     7.1474   3.205198   3.206621     2.4316     0.5062      98.82 1.9651e+00 8.9940e+01    80.7374    6.65264    31.2970    31.3334    24.4809    1475.03    1468.68 0.0000e+00
        731     22.000     7.1224     7.1352   3.204053   3.205280     2.4320     0.4547      98.82 1.7539e+00 8.9940e+01    80.7687    6.70333    31.3279    31.3295    24.5115    1474.90    1468.97 0.0000e+00
        755     23.000     7.1284     7.1150   3.213050   3.214639     2.4334     0.4057      98.81 1.5713e+00 8.9940e+01    80.8675    6.65130    31.4194    31.4488    24.5827    1475.05    1469.23 0.0000e+00
        778     24.000     7.3691     7.3617   3.244037   3.245727     2.4280     0.4017      98.82 1.4052e+00 8.9940e+01    80.8999    6.58766    31.5344    31.5594    24.6410    1476.14    1469.52 0.0000e+00
        802     25.000     7.4827     7.4696   3.258015   3.258848     2.4279     0.3699      98.82 1.2644e+00 8.9940e+01    80.9477    6.59966    31.5809    31.6018    24.6621    1476.66    1469.80 0.0000e+00
        825     26.000     7.7686     7.7462   3.293755   3.295796     2.4271     0.3303      98.82 1.1373e+00 8.9940e+01    80.9545    6.53750    31.7030    31.7451    24.7185    1477.93    1470.11 0.0000e+00
        848     27.000     8.1531     8.1434   3.342042   3.343873     2.4267     0.2825      79.54 1.0298e+00 8.9940e+01    81.0005    6.49670    31.8660    31.8942    24.7917    1479.61    1470.46 0.0000e+00
        871     28.000     8.2480     8.2393   3.354259   3.355382     2.4302     0.2073      50.72 9.3002e-01 8.9940e+01    81.0224    6.48764    31.9084    31.9281    24.8111    1480.04    1470.80 0.0000e+00
        894     29.000     8.7935     8.7367   3.442377   3.444209     2.4282     0.2026      74.36 8.4451e-01 8.9940e+01    81.0012    6.33322    32.3358    32.4068    25.0646    1482.63    1471.21 0.0000e+00
        916     30.000     9.2335     9.2215   3.504579   3.506299     2.4251     0.1761      63.90 7.7106e-01 8.9940e+01    80.9701    6.28642    32.5793    32.6081    25.1868    1484.57    1471.65 0.0000e+00
        939     31.000     9.3243     9.3174   3.518520   3.520017     2.4278     0.1380      98.39 7.0530e-01 8.9940e+01    80.9544    6.25236    32.6398    32.6616    25.2197    1485.00    1472.07 0.0000e+00
        962     32.000     9.5772     9.5518   3.568701   3.571237     2.4195     0.0963      95.55 6.4877e-01 8.9940e+01    80.9343    6.07857    32.9239    32.9732    25.4011    1486.29    1472.51 0.0000e+00
        984     33.000     9.9546     9.9393   3.648708   3.651103     2.4043     0.0892      49.94 5.9601e-01 8.9940e+01    80.9248    5.94970    33.3934    33.4319    25.7055    1488.25    1472.99 0.0000e+00
       1007     34.000    10.0445    10.0404   3.663078   3.664737     2.3925     0.0163      74.31 5.4975e-01 8.9940e+01    80.8769    5.90174    33.4559    33.4766    25.7393    1488.66    1473.44 0.0000e+00
       1031     35.000    10.0737    10.0702   3.676037   3.677935     2.3756    -0.0199      98.84 5.0321e-01 8.9940e+01    80.8294    5.76612    33.5601    33.5827    25.8157    1488.91    1473.88 0.0000e+00
       1054     36.000    10.0866    10.0847   3.691738   3.693668     2.3503    -0.0364      93.35 4.6687e-01 8.9940e+01    80.8105    5.63615    33.7072    33.7286    25.9283    1489.15    1474.30 0.0000e+00
       1078     37.000    10.0802    10.0784   3.701149   3.702848     2.3242    -0.0467      33.14 4.3476e-01 8.9940e+01    80.6724    5.56374    33.8084    33.8274    26.0084    1489.27    1474.70 0.0000e+00
       1102     38.000    10.0615    10.0613   3.702196   3.703868     2.3001    -0.0533      99.17 4.0088e-01 8.9940e+01    80.4165    5.51040    33.8361    33.8533    26.0332    1489.25    1475.08 0.0000e+00
       1125     39.000    10.0305    10.0300   3.703942   3.705590     2.2783    -0.0572      33.06 3.7093e-01 8.9940e+01    80.2730    5.46581    33.8825    33.8997    26.0746    1489.21    1475.44 0.0000e+00
       1149     40.000    10.0073    10.0067   3.708115   3.709751     2.2592    -0.0709      87.59 3.4457e-01 8.9940e+01    80.1159    5.43461    33.9463    33.9636    26.1284    1489.22    1475.78 0.0000e+00
       1172     41.000     9.9732     9.9738   3.711197   3.712839     2.2437    -0.0587      46.01 3.2002e-01 8.9940e+01    79.8422    5.42187    34.0094    34.0256    26.1834    1489.19    1476.10 0.0000e+00
       1195     42.000     9.9400     9.9395   3.712006   3.713617     2.2320    -0.0630      73.95 2.9423e-01 8.9441e+01    79.5358    5.41938    34.0485    34.0654    26.2195    1489.14    1476.41 0.0000e+00
       1218     43.000     9.9139     9.9135   3.712290   3.713895     2.2237 -9.990e-29      57.45 2.7389e-01 8.7958e+01    79.2321    5.42935    34.0756    34.0924    26.2450    1489.09    1476.70 0.0000e+00
       1241     44.000     9.8824     9.8826   3.711674   3.713283     2.2185 -9.990e-29      68.18 2.5599e-01 8.7941e+01    78.9336    5.44184    34.0986    34.1149    26.2683    1489.03    1476.98 0.0000e+00
       1263     45.000     9.8310     9.8317   3.709200   3.710787     2.2152 -9.990e-29      66.37 2.3800e-01 8.7941e+01    78.7788    5.45115    34.1215    34.1371    26.2948    1488.88    1477.24 0.0000e+00
       1287     46.000     9.8070     9.8065   3.707394   3.709016     2.2124 -9.990e-29      65.01 2.2600e-01 8.7941e+01    78.6137    5.43960    34.1252    34.1423    26.3018    1488.82    1477.49 0.0000e+00
       1310     47.000     9.7919     9.7916   3.706628   3.708238     2.2088 -9.990e-29      82.04 2.1036e-01 8.7941e+01    78.4391    5.42979    34.1312    34.1480    26.3090    1488.79    1477.73 0.0000e+00
       1333     48.000     9.7503     9.7500   3.704901   3.706471     2.2052 -9.990e-29      98.30 1.9702e-01 8.7941e+01    78.2467    5.41769    34.1525    34.1689    26.3326    1488.68    1477.96 0.0000e+00
       1356     49.000     9.7450     9.7429   3.705110   3.706738     2.2006 -9.990e-29      98.52 1.8481e-01 8.7941e+01    78.0604    5.40195    34.1593    34.1780    26.3387    1488.68    1478.18 0.0000e+00
       1380     50.000     9.7365     9.7355   3.705543   3.707110     2.1965 -9.990e-29      66.02 1.7387e-01 8.7941e+01    77.8653    5.39232    34.1713    34.1884    26.3496    1488.69    1478.39 0.0000e+00
       1403     51.000     9.6876     9.6883   3.702667   3.704221     2.1923    -0.0558      64.18 1.6419e-01 8.7941e+01    77.6870    5.38582    34.1878    34.2031    26.3706    1488.54    1478.58 0.0000e+00
       1427     52.000     9.6685     9.6666   3.702495   3.704060     2.1885    -0.0563      47.28 1.5226e-01 8.7941e+01    77.5319    5.39264    34.2037    34.2216    26.3862    1488.51    1478.77 0.0000e+00
       1451     53.000     9.6456     9.6474   3.702392   3.703973     2.1874    -0.0866      81.21 1.4300e-01 8.7941e+01    77.4296    5.39803    34.2240    34.2386    26.4059    1488.47    1478.95 0.0000e+00
       1475     54.000     9.5932     9.5931   3.700119   3.701669     2.1848    -0.0608      39.07 1.3541e-01 8.7941e+01    77.3581    5.38972    34.2501    34.2662    26.4349    1488.33    1479.13 0.0000e+00
       1499     55.000     9.5698     9.5690   3.699041   3.700588     2.1827    -0.0582      94.47 1.2862e-01 8.7941e+01    77.3228    5.39384    34.2609    34.2776    26.4472    1488.27    1479.29 0.0000e+00
       1522     56.000     9.5379     9.5388   3.697417   3.698976     2.1815 -9.990e-29      98.55 1.2231e-01 8.7941e+01    77.2915    5.39171    34.2741    34.2894    26.4629    1488.19    1479.45 0.0000e+00
       1546     57.000     9.4814     9.4816   3.693803   3.695323     2.1792 -9.990e-29      90.49 1.1410e-01 8.7941e+01    77.2774    5.39011    34.2904    34.3059    26.4849    1488.02    1479.60 0.0000e+00
       1569     58.000     9.4617     9.4608   3.692964   3.694487     2.1777 -9.990e-29      38.63 1.0799e-01 8.7941e+01    77.2663    5.39107    34.3001    34.3167    26.4957    1487.98    1479.74 0.0000e+00
       1592     59.000     9.4269     9.4271   3.691151   3.692681     2.1759 -9.990e-29      98.81 1.0242e-01 8.7941e+01    77.2428    5.39232    34.3142    34.3299    26.5125    1487.88    1479.88 0.0000e+00
       1615     60.000     9.3980     9.3975   3.689497   3.691002     2.1749 -9.990e-29      92.32 9.7473e-02 8.7941e+01    77.2341    5.39823    34.3244    34.3404    26.5251    1487.81    1480.01 0.0000e+00
       1639     61.000     9.3600     9.3603   3.687076   3.688581     2.1738 -9.990e-29      96.70 8.9008e-02 8.7941e+01    77.2466    5.39242    34.3353    34.3506    26.5399    1487.70    1480.14 0.0000e+00
       1662     62.000     9.3303     9.3302   3.685244   3.686765     2.1720 -9.990e-29      91.91 8.3497e-02 8.7941e+01    77.2759    5.38927    34.3443    34.3602    26.5518    1487.62    1480.26 0.0000e+00
       1685     63.000     9.2937     9.2938   3.683593   3.685087     2.1703 -9.990e-29      98.75 7.8365e-02 8.7939e+01    77.3354    5.38328    34.3619    34.3773    26.5715    1487.52    1480.37 0.0000e+00
       1709     64.000     9.2436     9.2446   3.680943   3.682437     2.1674 -9.990e-29      94.98 7.3381e-02 8.7591e+01    77.4092    5.36819    34.3821    34.3967    26.5955    1487.38    1480.48 0.0000e+00
       1732     65.000     9.2079     9.2084   3.679148   3.680681     2.1636 -9.990e-29      41.69 7.0007e-02 -9.990e-29    77.4948    5.36035    34.3974    34.4129    26.6132    1487.28    1480.58 0.0000e+00
       1756     66.000     9.1630     9.1641   3.676599   3.678106     2.1603 -9.990e-29      94.74 6.8915e-02 -9.990e-29    77.6175    5.35509    34.4137    34.4283    26.6332    1487.16    1480.68 0.0000e+00
       1780     67.000     9.1192     9.1194   3.674165   3.675661     2.1565 -9.990e-29      47.40 6.7695e-02 -9.990e-29    77.7458    5.34099    34.4302    34.4456    26.6531    1487.03    1480.78 0.0000e+00
       1804     68.000     9.0961     9.0958   3.672875   3.674346     2.1519 -9.990e-29      98.55 6.3985e-02 8.5991e+01    77.8803    5.32364    34.4386    34.4542    26.6634    1486.97    1480.87 0.0000e+00
       1828     69.000     9.0698     9.0685   3.671191   3.672656     2.1468 -9.990e-29      46.96 5.8393e-02 8.5943e+01    77.9966    5.31432    34.4460    34.4625    26.6734    1486.90    1480.96 0.0000e+00
       1851     70.000     9.0504     9.0499   3.670028   3.671489     2.1433 -9.990e-29      91.11 5.5626e-02 8.5943e+01    78.1124    5.31523    34.4521    34.4679    26.6814    1486.85    1481.04 0.0000e+00
       1875     71.000     9.0176     9.0183   3.667651   3.669150     2.1395 -9.990e-29      72.21 5.2827e-02 8.5943e+01    78.2509    5.30217    34.4586    34.4736    26.6917    1486.76    1481.12 0.0000e+00
       1899     72.000     8.9714     8.9729   3.663908   3.665395     2.1353    -0.0591      99.11 5.0413e-02 8.5943e+01    78.3745    5.29315    34.4637    34.4778    26.7031    1486.61    1481.20 0.0000e+00
       1922     73.000     8.9244     8.9260   3.660714   3.662183     2.1313    -0.0860      84.63 4.9514e-02 8.5943e+01    78.4777    5.28712    34.4754    34.4892    26.7197    1486.47    1481.27 0.0000e+00
       1946     74.000     8.8910     8.8904   3.658744   3.660187     2.1269    -0.0608      97.23 4.9491e-02 8.5943e+01    78.5767    5.26545    34.4867    34.5024    26.7338    1486.37    1481.34 0.0000e+00
       1970     75.000     8.8661     8.8661   3.657222   3.658669     2.1210    -0.0562      90.13 4.9493e-02 8.5943e+01    78.6760    5.24168    34.4944    34.5096    26.7439    1486.31    1481.40 0.0000e+00
       1993     76.000     8.8375     8.8369   3.655945   3.657381     2.1148    -0.0585      31.14 4.9497e-02 8.5943e+01    78.8295    5.21973    34.5084    34.5240    26.7593    1486.24    1481.47 0.0000e+00
