_data/ctd/2022603/sta0224.cnv
* Sea-Bird SBE 9 Data File:
* FileName = C:\Seabird\CTDData\sta0224.hex
* Software Version Seasave V 7.21f
* Temperature SN = 6264
* Conductivity SN = 4928
* Number of Bytes Per Scan = 40
* Number of Voltage Words = 5
* Number of Scans Averaged by the Deck Unit = 1
* NMEA Latitude = 61 10.64 N
* NMEA Longitude = 004 48.85 E
* NMEA UTC (Time) = Feb 17 2022 23:07:48
* NMEA baud rate = 4800
** Ship: R/V "Kristine Bonnevie"
** Station: 0224
** Echodepth: 396
** Log: 1201.641
** Wind-Dir/Force: 30 21
** Air-temp (dry): 4.2
** Weather Sky:
** Sea:
# nquan = 19                                
# nvalues = 388                         
# units = specified
# name 0 = scan: Scan Count
# name 1 = prDM: Pressure, Digiquartz [db]
# name 2 = t068C: Temperature [ITS-68, deg C]
# name 3 = t168C: Temperature, 2 [ITS-68, deg C]
# name 4 = c0S/m: Conductivity [S/m]
# name 5 = c1S/m: Conductivity, 2 [S/m]
# name 6 = sbeox0V: Oxygen raw, SBE 43 [V]
# name 7 = flECO-AFL: Fluorescence, WET Labs ECO-AFL/FL [mg/m^3]
# name 8 = altM: Altimeter [m]
# name 9 = par: PAR/Irradiance, Biospherical/Licor
# name 10 = spar: SPAR/Surface Irradiance
# name 11 = CStarTr0: Beam Transmission, WET Labs C-Star [%]
# name 12 = sbeox0ML/L: Oxygen, SBE 43 [ml/l], WS = 2
# name 13 = sal00: Salinity, Practical [PSU]
# name 14 = sal11: Salinity, Practical, 2 [PSU]
# name 15 = sigma-t00: Density [sigma-t, Kg/m^3 ]
# name 16 = svCM: Sound Velocity [Chen-Millero, m/s]
# name 17 = avgsvCM: Average Sound Velocity [Chen-Millero, m/s], minP = 1, minS = 5
# name 18 = flag: flag
# span 0 =         -7,       8355       
# span 1 =      6.000,    393.000       
# span 2 =     6.1718,     8.5447       
# span 3 =     6.1702,     8.5428       
# span 4 =   3.219377,   3.674169       
# span 5 =   3.220285,   3.675687       
# span 6 =     2.0005,     2.5070       
# span 7 =    -0.0950,     0.7209       
# span 8 =       4.16,      99.52       
# span 9 = 4.9356e-02, 2.7600e-01       
# span 10 = 0.0000e+00, 0.0000e+00      
# span 11 =    78.3032,    81.1199      
# span 12 =    5.22360,    6.95932      
# span 13 =    32.3844,    35.0462      
# span 14 =    32.3954,    35.0632      
# span 15 =    25.4648,    27.3461      
# span 16 =    1472.24,    1488.09      
# span 17 =    1472.24,    1484.42      
# span 18 = 0.0000e+00, 0.0000e+00      
# interval = decibars: 1                
# start_time = Feb 17 2022 23:07:50 [System UTC, header]
# bad_flag = -9.990e-29
*END*
[from data line 77]
       1667     83.000     7.5012     7.4960   3.498192   3.499364     2.4409     0.0180      98.83 4.9487e-02 0.0000e+00    80.4724    6.54532    34.1281    34.1459    26.6619    1480.85    1476.01 0.0000e+00
       1688     84.000     7.5481     7.5421   3.505064   3.506392     2.4386     0.0134      98.83 4.9490e-02 0.0000e+00    80.4772    6.53400    34.1560    34.1763    26.6772    1481.08    1476.07 0.0000e+00
       1707     85.000     7.5929     7.5890   3.511327   3.512698     2.4366     0.0183      96.08 4.9509e-02 0.0000e+00    80.4789    6.52345    34.1793    34.1979    26.6890    1481.30    1476.13 0.0000e+00
       1725     86.000     7.5967     7.5948   3.511844   3.513232     2.4348     0.0172      77.68 4.9524e-02 0.0000e+00    80.4900    6.51896    34.1806    34.1975    26.6896    1481.33    1476.19 0.0000e+00
       1745     87.000     7.6167     7.6126   3.514735   3.516031     2.4326     0.0111      98.34 4.9476e-02 0.0000e+00    80.4919    6.49563    34.1918    34.2098    26.6954    1481.44    1476.25 0.0000e+00
       1770     88.000     7.6596     7.6556   3.520890   3.522360     2.4281     0.0137      98.82 4.9499e-02 0.0000e+00    80.5260    6.46709    34.2156    34.2355    26.7080    1481.65    1476.31 0.0000e+00
       1798     89.000     7.7428     7.7360   3.532256   3.533489     2.4235    -0.0024      98.82 4.9500e-02 0.0000e+00    80.5337    6.44249    34.2561    34.2761    26.7277    1482.03    1476.37 0.0000e+00
       1819     90.000     7.8074     7.8043   3.540885   3.542460     2.4207    -0.0127      98.83 4.9488e-02 0.0000e+00    80.5313    6.43209    34.2851    34.3051    26.7411    1482.33    1476.44 0.0000e+00
       1839     91.000     7.8388     7.8354   3.545616   3.547246     2.4187    -0.0176      98.82 4.9483e-02 0.0000e+00    80.4855    6.41335    34.3047    34.3256    26.7518    1482.49    1476.51 0.0000e+00
       1859     92.000     7.8870     7.8816   3.552051   3.553321     2.4149    -0.0165      84.01 4.9492e-02 0.0000e+00    80.4840    6.37942    34.3260    34.3450    26.7615    1482.72    1476.57 0.0000e+00
       1882     93.000     7.8881     7.8867   3.552474   3.553907     2.4099    -0.0439      95.12 4.9471e-02 0.0000e+00    80.6302    6.35310    34.3290    34.3458    26.7637    1482.74    1476.64 0.0000e+00
       1909     94.000     7.8903     7.8883   3.553026   3.554510     2.4032    -0.0203      98.87 4.9482e-02 0.0000e+00    80.6797    6.32272    34.3323    34.3502    26.7660    1482.77    1476.70 0.0000e+00
       1932     95.000     7.9308     7.9278   3.558571   3.560185     2.3967    -0.0203      98.81 4.9474e-02 0.0000e+00    80.6828    6.29895    34.3516    34.3719    26.7751    1482.96    1476.77 0.0000e+00
       1952     96.000     7.9455     7.9439   3.560564   3.562035     2.3925    -0.0293      98.81 4.9488e-02 0.0000e+00    80.6913    6.29598    34.3581    34.3754    26.7780    1483.04    1476.84 0.0000e+00
       1972     97.000     7.9513     7.9481   3.561901   3.563303     2.3886    -0.0451      98.81 4.9485e-02 0.0000e+00    80.6953    6.28681    34.3662    34.3844    26.7836    1483.09    1476.90 0.0000e+00
       1992     98.000     8.0294     8.0205   3.573952   3.575347     2.3849    -0.0489      98.67 4.9488e-02 0.0000e+00    80.7221    6.26305    34.4182    34.4419    26.8128    1483.47    1476.97 0.0000e+00
       2011     99.000     8.0965     8.0897   3.584078   3.585591     2.3817 -9.990e-29      90.55 4.9485e-02 0.0000e+00    80.7263    6.25184    34.4602    34.4830    26.8357    1483.79    1477.03 0.0000e+00
       2030    100.000     8.1504     8.1444   3.592753   3.594168     2.3796 -9.990e-29      98.78 4.9483e-02 0.0000e+00    80.7440    6.24206    34.4994    34.5205    26.8584    1484.06    1477.10 0.0000e+00
       2049    101.000     8.1933     8.1889   3.599589   3.601048     2.3772 -9.990e-29      98.82 4.9494e-02 0.0000e+00    80.7573    6.21752    34.5298    34.5497    26.8758    1484.27    1477.18 0.0000e+00
       2071    102.000     8.2287     8.2243   3.605956   3.607427     2.3731 -9.990e-29      98.82 4.9489e-02 0.0000e+00    80.7649    6.18510    34.5624    34.5824    26.8960    1484.46    1477.25 0.0000e+00
       2098    103.000     8.2748     8.2716   3.613421   3.614893     2.3668    -0.0525      98.82 4.9464e-02 0.0000e+00    80.8164    6.14266    34.5962    34.6150    26.9155    1484.69    1477.32 0.0000e+00
       2126    104.000     8.3022     8.2991   3.618460   3.619950     2.3590    -0.0458      98.82 4.9487e-02 0.0000e+00    80.8495    6.10789    34.6224    34.6413    26.9319    1484.84    1477.39 0.0000e+00
       2150    105.000     8.3211     8.3186   3.621999   3.623524     2.3524    -0.0519      83.37 4.9503e-02 0.0000e+00    80.8647    6.08364    34.6410    34.6597    26.9436    1484.96    1477.46 0.0000e+00
       2171    106.000     8.3445     8.3410   3.625813   3.627278     2.3466    -0.0924      98.42 4.9459e-02 0.0000e+00    80.9075    6.06355    34.6581    34.6771    26.9534    1485.08    1477.53 0.0000e+00
       2190    107.000     8.3613     8.3586   3.628526   3.630009     2.3417    -0.0652      98.81 4.9453e-02 0.0000e+00    80.9634    6.05116    34.6699    34.6883    26.9601    1485.17    1477.60 0.0000e+00
       2210    108.000     8.3693     8.3670   3.629913   3.631417     2.3370    -0.0626      98.82 4.9490e-02 0.0000e+00    81.0013    6.03569    34.6763    34.6946    26.9639    1485.23    1477.67 0.0000e+00
       2229    109.000     8.3862     8.3825   3.632499   3.633968     2.3323    -0.0634      98.81 4.9476e-02 0.0000e+00    81.0009    6.01756    34.6867    34.7059    26.9695    1485.32    1477.74 0.0000e+00
       2248    110.000     8.4019     8.3991   3.634896   3.636392     2.3276    -0.0606      98.81 4.9476e-02 0.0000e+00    81.0447    6.00426    34.6962    34.7149    26.9745    1485.41    1477.81 0.0000e+00
       2267    111.000     8.4077     8.4053   3.636313   3.637804     2.3235    -0.0665      98.81 4.9483e-02 0.0000e+00    81.0484    5.99590    34.7051    34.7233    26.9806    1485.46    1477.88 0.0000e+00
       2287    112.000     8.4098     8.4080   3.636912   3.638416     2.3198    -0.0660      94.29 4.9502e-02 0.0000e+00    81.0427    5.98941    34.7089    34.7266    26.9833    1485.49    1477.95 0.0000e+00
       2312    113.000     8.4144     8.4120   3.637785   3.639282     2.3151    -0.0666      95.89 4.9484e-02 0.0000e+00    81.0405    5.97597    34.7131    34.7314    26.9859    1485.52    1478.02 0.0000e+00
       2340    114.000     8.4173     8.4158   3.638962   3.640469     2.3106    -0.0648      98.85 4.9480e-02 0.0000e+00    81.0696    5.96902    34.7223    34.7398    26.9927    1485.56    1478.08 0.0000e+00
       2364    115.000     8.4227     8.4198   3.640704   3.642157     2.3074    -0.0661      98.81 4.9481e-02 0.0000e+00    81.0711    5.96539    34.7350    34.7533    27.0018    1485.62    1478.15 0.0000e+00
       2383    116.000     8.4745     8.4661   3.647480   3.648936     2.3055    -0.0597      98.81 4.9478e-02 0.0000e+00    81.0535    5.95345    34.7554    34.7792    27.0098    1485.85    1478.21 0.0000e+00
       2400    117.000     8.5174     8.5140   3.652732   3.654300     2.3035    -0.0869      98.81 4.9464e-02 0.0000e+00    81.0355    5.94548    34.7684    34.7883    27.0133    1486.04    1478.28 0.0000e+00
       2417    118.000     8.5116     8.5106   3.652527   3.654120     2.3023    -0.0950      98.81 4.9508e-02 0.0000e+00    81.0756    5.94770    34.7714    34.7893    27.0166    1486.04    1478.35 0.0000e+00
       2439    119.000     8.5156     8.5136   3.653595   3.655121     2.3007    -0.0901      88.29 4.9506e-02 0.0000e+00    81.0874    5.93304    34.7783    34.7965    27.0214    1486.08    1478.41 0.0000e+00
       2465    120.000     8.5106     8.5093   3.654223   3.655745     2.2969    -0.0841      98.77 4.9484e-02 0.0000e+00    81.1019    5.91240    34.7894    34.8069    27.0309    1486.09    1478.47 0.0000e+00
       2493    121.000     8.5078     8.5061   3.654732   3.656259     2.2927    -0.0612      98.81 4.9485e-02 0.0000e+00    81.0881    5.89987    34.7971    34.8150    27.0373    1486.11    1478.54 0.0000e+00
       2518    122.000     8.5056     8.5041   3.655144   3.656692     2.2893    -0.0698      98.81 4.9464e-02 0.0000e+00    81.0878    5.88854    34.8032    34.8211    27.0424    1486.12    1478.60 0.0000e+00
       2537    123.000     8.5049     8.5031   3.655343   3.656874     2.2866    -0.0915      98.81 4.9464e-02 0.0000e+00    81.0908    5.88653    34.8055    34.8235    27.0444    1486.14    1478.66 0.0000e+00
       2554    124.000     8.4968     8.4967   3.654844   3.656406     2.2847    -0.0767      98.81 4.9474e-02 0.0000e+00    81.1157    5.87971    34.8077    34.8244    27.0474    1486.13    1478.72 0.0000e+00
       2570    125.000     8.4854     8.4840   3.654075   3.655579     2.2821    -0.0664      98.53 4.9488e-02 0.0000e+00    81.1012    5.87019    34.8103    34.8277    27.0512    1486.11    1478.78 0.0000e+00
       2588    126.000     8.4854     8.4835   3.654688   3.656218     2.2797    -0.0620      87.64 4.9488e-02 0.0000e+00    81.1020    5.87066    34.8164    34.8345    27.0559    1486.13    1478.84 0.0000e+00
       2609    127.000     8.4807     8.4800   3.654505   3.656043     2.2779    -0.0617      98.66 4.9505e-02 0.0000e+00    81.1199    5.87358    34.8186    34.8356    27.0584    1486.13    1478.89 0.0000e+00
       2631    128.000     8.4836     8.4818   3.655219   3.656816     2.2761    -0.0661      98.81 4.9469e-02 0.0000e+00    81.1035    5.87490    34.8228    34.8415    27.0612    1486.17    1478.95 0.0000e+00
       2655    129.000     8.4867     8.4850   3.655798   3.657308     2.2752    -0.0663      98.81 4.9485e-02 0.0000e+00    81.1027    5.87596    34.8254    34.8431    27.0628    1486.20    1479.01 0.0000e+00
       2679    130.000     8.4909     8.4891   3.656602   3.658103     2.2744    -0.0619      98.81 4.9478e-02 0.0000e+00    81.0993    5.87656    34.8293    34.8470    27.0652    1486.23    1479.06 0.0000e+00
       2704    131.000     8.4900     8.4885   3.656829   3.658354     2.2736    -0.0628      98.81 4.9476e-02 0.0000e+00    81.1093    5.87298    34.8321    34.8498    27.0676    1486.25    1479.12 0.0000e+00
       2729    132.000     8.4893     8.4877   3.657038   3.658561     2.2726    -0.0661      90.97 4.9475e-02 0.0000e+00    81.1135    5.86932    34.8346    34.8523    27.0696    1486.27    1479.17 0.0000e+00
       2751    133.000     8.4915     8.4895   3.657789   3.659307     2.2718    -0.0593      98.99 4.9488e-02 0.0000e+00    81.1010    5.86819    34.8399    34.8580    27.0734    1486.30    1479.22 0.0000e+00
       2770    134.000     8.4973     8.4951   3.659097   3.660620     2.2712    -0.0878      98.81 4.9483e-02 0.0000e+00    81.1093    5.86755    34.8475    34.8659    27.0785    1486.35    1479.28 0.0000e+00
       2788    135.000     8.4997     8.4977   3.659855   3.661373     2.2710    -0.0741      98.81 4.9472e-02 0.0000e+00    81.1139    5.86817    34.8527    34.8708    27.0822    1486.38    1479.33 0.0000e+00
       2805    136.000     8.5057     8.5034   3.661072   3.662599     2.2705    -0.0621      98.81 4.9465e-02 0.0000e+00    81.0999    5.86389    34.8592    34.8777    27.0864    1486.42    1479.38 0.0000e+00
       2821    137.000     8.5039     8.5023   3.661055   3.662580     2.2696    -0.0878      98.27 4.9488e-02 0.0000e+00    81.1013    5.85717    34.8604    34.8781    27.0875    1486.44    1479.43 0.0000e+00
       2839    138.000     8.5050     8.5031   3.661422   3.662955     2.2688    -0.0787      98.65 4.9483e-02 0.0000e+00    81.0904    5.84999    34.8627    34.8808    27.0892    1486.46    1479.48 0.0000e+00
       2861    139.000     8.4810     8.4813   3.659114   3.660624     2.2671    -0.0682      98.80 4.9450e-02 0.0000e+00    81.0777    5.85116    34.8614    34.8772    27.0919    1486.38    1479.53 0.0000e+00
       2890    140.000     8.4566     8.4552   3.656844   3.658400     2.2650    -0.0669      98.81 4.9471e-02 0.0000e+00    81.0730    5.83927    34.8610    34.8789    27.0954    1486.31    1479.58 0.0000e+00
       2918    141.000     8.4819     8.4800   3.660017   3.661606     2.2626    -0.0676      98.80 4.9509e-02 0.0000e+00    81.0740    5.83779    34.8692    34.8879    27.0979    1486.43    1479.63 0.0000e+00
       2940    142.000     8.4975     8.4948   3.661996   3.663539     2.2616    -0.0629      98.80 4.9487e-02 0.0000e+00    81.0798    5.84160    34.8743    34.8933    27.0995    1486.51    1479.68 0.0000e+00
       2960    143.000     8.5064     8.5041   3.663155   3.664636     2.2616    -0.0589      95.67 4.9459e-02 0.0000e+00    81.0734    5.84906    34.8773    34.8953    27.1004    1486.56    1479.72 0.0000e+00
       2980    144.000     8.5118     8.5093   3.663945   3.665431     2.2618    -0.0881      95.37 4.9488e-02 0.0000e+00    81.0832    5.84472    34.8798    34.8981    27.1016    1486.60    1479.77 0.0000e+00
       2998    145.000     8.5187     8.5168   3.664935   3.666458     2.2613    -0.0935      98.86 4.9480e-02 0.0000e+00    81.0473    5.83452    34.8830    34.9011    27.1030    1486.65    1479.82 0.0000e+00
       3015    146.000     8.5121     8.5111   3.664373   3.665871     2.2602    -0.0915      98.81 4.9472e-02 0.0000e+00    81.0685    5.82709    34.8831    34.9000    27.1041    1486.64    1479.87 0.0000e+00
       3032    147.000     8.5102     8.5075   3.664442   3.665945     2.2592    -0.0691      98.81 4.9488e-02 0.0000e+00    81.0648    5.81963    34.8853    34.9039    27.1061    1486.65    1479.91 0.0000e+00
       3051    148.000     8.5231     8.5206   3.666075   3.667570     2.2572    -0.0786      98.81 4.9499e-02 0.0000e+00    81.0496    5.80888    34.8893    34.9077    27.1073    1486.72    1479.96 0.0000e+00
       3075    149.000     8.5243     8.5226   3.666379   3.667908     2.2550    -0.0819      98.80 4.9471e-02 0.0000e+00    81.0371    5.80745    34.8909    34.9088    27.1083    1486.75    1480.00 0.0000e+00
       3100    150.000     8.5291     8.5274   3.667144   3.668674     2.2533    -0.0613      98.81 4.9480e-02 0.0000e+00    81.0232    5.80243    34.8938    34.9117    27.1098    1486.78    1480.05 0.0000e+00
       3121    151.000     8.5298     8.5281   3.667447   3.668966     2.2518    -0.0700      98.80 4.9468e-02 0.0000e+00    81.0102    5.79824    34.8958    34.9136    27.1113    1486.81    1480.09 0.0000e+00
       3140    152.000     8.5233     8.5225   3.667048   3.668605     2.2505    -0.0693      98.80 4.9454e-02 0.0000e+00    81.0241    5.79439    34.8975    34.9148    27.1137    1486.80    1480.14 0.0000e+00
       3157    153.000     8.5227     8.5210   3.667140   3.668662     2.2489    -0.0831      98.80 4.9475e-02 0.0000e+00    81.0106    5.78936    34.8986    34.9164    27.1146    1486.82    1480.18 0.0000e+00
       3179    154.000     8.5262     8.5241   3.667876   3.669375     2.2473    -0.0915      98.80 4.9468e-02 0.0000e+00    81.0009    5.78443    34.9025    34.9205    27.1171    1486.85    1480.22 0.0000e+00
       3206    155.000     8.5300     8.5284   3.668715   3.670239     2.2453    -0.0931      98.27 4.9487e-02 0.0000e+00    81.0023    5.78070    34.9072    34.9249    27.1202    1486.89    1480.27 0.0000e+00
       3233    156.000     8.5287     8.5270   3.668742   3.670256     2.2437    -0.0908      98.82 4.9474e-02 0.0000e+00    81.0091    5.77936    34.9082    34.9260    27.1213    1486.90    1480.31 0.0000e+00
       3254    157.000     8.5307     8.5280   3.669227   3.670584     2.2426    -0.0852      98.19 4.9501e-02 0.0000e+00    81.0159    5.77740    34.9109    34.9280    27.1230    1486.93    1480.35 0.0000e+00
