_data/ctd/2022603/sta0202.cnv
* Sea-Bird SBE 9 Data File:
* FileName = C:\Seabird\CTDData\sta0202.hex
* Software Version Seasave V 7.21f
* Temperature SN = 6264
* Conductivity SN = 4928
* Number of Bytes Per Scan = 40
* Number of Voltage Words = 5
* Number of Scans Averaged by the Deck Unit = 1
* NMEA Latitude = 61 08.66 N
* NMEA Longitude = 005 55.16 E
* NMEA UTC (Time) = Feb 15 2022 05:48:56
* NMEA baud rate = 4800
** Ship: R/V "Kristine Bonnevie"
** Station: 0202
** Echodepth: 1265
** Log: 0813.505
** Wind-Dir/Force: 10 21
** Air-temp (dry): 3.8
** Weather Sky:
** Sea:
** S08
# nquan = 19                                
# nvalues = 1272                        
# units = specified
# name 0 = scan: Scan Count
# name 1 = prDM: Pressure, Digiquartz [db]
# name 2 = t068C: Temperature [ITS-68, deg C]
# name 3 = t168C: Temperature, 2 [ITS-68, deg C]
# name 4 = c0S/m: Conductivity [S/m]
# name 5 = c1S/m: Conductivity, 2 [S/m]
# name 6 = sbeox0V: Oxygen raw, SBE 43 [V]
# name 7 = flECO-AFL: Fluorescence, WET Labs ECO-AFL/FL [mg/m^3]
# name 8 = altM: Altimeter [m]
# name 9 = par: PAR/Irradiance, Biospherical/Licor
# name 10 = spar: SPAR/Surface Irradiance
# name 11 = CStarTr0: Beam Transmission, WET Labs C-Star [%]
# name 12 = sbeox0ML/L: Oxygen, SBE 43 [ml/l], WS = 2
# name 13 = sal00: Salinity, Practical [PSU]
# name 14 = sal11: Salinity, Practical, 2 [PSU]
# name 15 = sigma-t00: Density [sigma-t, Kg/m^3 ]
# name 16 = svCM: Sound Velocity [Chen-Millero, m/s]
# name 17 = avgsvCM: Average Sound Velocity [Chen-Millero, m/s], minP = 1, minS = 5
# name 18 = flag: flag
# span 0 =        433,      27766       
# span 1 =      2.000,   1273.000       
# span 2 =     5.5019,     9.7333       
# span 3 =     5.4991,     9.7283       
# span 4 =   2.978334,   3.700339       
# span 5 =   2.978861,   3.701934       
# span 6 =     1.5312,     2.4478       
# span 7 =    -0.1019,     0.6883       
# span 8 =       6.99,     100.07       
# span 9 = 4.9446e-02, 6.5600e-01       
# span 10 = 0.0000e+00, 0.0000e+00      
# span 11 =    63.0340,    81.9323      
# span 12 =    4.03966,    7.03850      
# span 13 =    30.3129,    35.0247      
# span 14 =    30.3225,    35.0407      
# span 15 =    23.9073,    27.3647      
# span 16 =    1466.85,    1501.76      
# span 17 =    1466.85,    1491.61      
# span 18 = 0.0000e+00, 0.0000e+00      
# interval = decibars: 1                
# start_time = Feb 15 2022 05:48:58 [System UTC, header]
# bad_flag = -9.990e-29
*END*
[from data line 610]
      13523    612.000     7.5073     7.5061   3.603875   3.605258     1.7412    -0.0706      94.85 4.9509e-02 0.0000e+00    81.8606    4.47475    35.0127    35.0289    27.3569    1490.69    1486.72 0.0000e+00
      13544    613.000     7.5074     7.5060   3.603926   3.605294     1.7408    -0.0697      93.12 4.9512e-02 0.0000e+00    81.8686    4.46971    35.0127    35.0289    27.3569    1490.71    1486.73 0.0000e+00
      13566    614.000     7.5065     7.5051   3.603885   3.605263     1.7394    -0.0674      98.92 4.9502e-02 0.0000e+00    81.8663    4.46457    35.0126    35.0290    27.3570    1490.72    1486.73 0.0000e+00
      13588    615.000     7.5065     7.5051   3.603946   3.605329     1.7389    -0.0726      92.84 4.9489e-02 0.0000e+00    81.8924    4.46772    35.0128    35.0292    27.3571    1490.74    1486.74 0.0000e+00
      13609    616.000     7.5065     7.5051   3.603997   3.605385     1.7382    -0.0743      37.70 4.9483e-02 0.0000e+00    81.8823    4.46579    35.0129    35.0293    27.3572    1490.75    1486.75 0.0000e+00
      13631    617.000     7.5062     7.5050   3.604015   3.605397     1.7377    -0.0741      91.51 4.9502e-02 0.0000e+00    81.8927    4.46387    35.0129    35.0291    27.3573    1490.77    1486.75 0.0000e+00
      13653    618.000     7.5059     7.5044   3.604030   3.605400     1.7370    -0.0724      44.70 4.9479e-02 0.0000e+00    81.9042    4.46225    35.0129    35.0292    27.3573    1490.78    1486.76 0.0000e+00
      13675    619.000     7.5051     7.5036   3.604000   3.605374     1.7364    -0.0697      94.71 4.9509e-02 0.0000e+00    81.8995    4.46256    35.0129    35.0293    27.3574    1490.80    1486.77 0.0000e+00
      13696    620.000     7.5045     7.5031   3.603995   3.605375     1.7360    -0.0751      51.59 4.9515e-02 0.0000e+00    81.9002    4.46092    35.0130    35.0293    27.3576    1490.81    1486.77 0.0000e+00
      13718    621.000     7.5042     7.5029   3.604013   3.605383     1.7354    -0.0737      98.23 4.9485e-02 0.0000e+00    81.9027    4.45957    35.0130    35.0291    27.3576    1490.83    1486.78 0.0000e+00
      13740    622.000     7.5039     7.5025   3.604021   3.605396     1.7349    -0.0693      39.60 4.9490e-02 0.0000e+00    81.9043    4.45364    35.0129    35.0292    27.3576    1490.84    1486.78 0.0000e+00
      13761    623.000     7.5038     7.5024   3.604067   3.605452     1.7337    -0.0663      86.93 4.9502e-02 0.0000e+00    81.8991    4.45144    35.0130    35.0294    27.3577    1490.86    1486.79 0.0000e+00
      13783    624.000     7.5040     7.5025   3.604137   3.605517     1.7333    -0.0724      51.06 4.9512e-02 0.0000e+00    81.9038    4.45466    35.0131    35.0296    27.3577    1490.88    1486.80 0.0000e+00
      13805    625.000     7.5041     7.5027   3.604198   3.605582     1.7328    -0.0767      89.30 4.9483e-02 0.0000e+00    81.9075    4.45156    35.0132    35.0296    27.3578    1490.89    1486.80 0.0000e+00
      13827    626.000     7.5041     7.5027   3.604248   3.605639     1.7320    -0.0737      98.61 4.9477e-02 0.0000e+00    81.9188    4.44391    35.0133    35.0297    27.3578    1490.91    1486.81 0.0000e+00
      13849    627.000     7.5042     7.5029   3.604306   3.605690     1.7310    -0.0714      29.44 4.9483e-02 0.0000e+00    81.8904    4.44264    35.0133    35.0296    27.3579    1490.93    1486.82 0.0000e+00
      13871    628.000     7.5042     7.5029   3.604362   3.605757     1.7303    -0.0776      98.89 4.9528e-02 0.0000e+00    81.8897    4.44247    35.0134    35.0299    27.3580    1490.94    1486.82 0.0000e+00
      13893    629.000     7.5042     7.5029   3.604419   3.605801     1.7294    -0.0710      42.52 4.9483e-02 0.0000e+00    81.9076    4.43923    35.0136    35.0299    27.3581    1490.96    1486.83 0.0000e+00
      13915    630.000     7.5048     7.5034   3.604539   3.605929     1.7288    -0.0687      99.54 4.9509e-02 0.0000e+00    81.8826    4.44410    35.0138    35.0303    27.3582    1490.98    1486.84 0.0000e+00
      13937    631.000     7.5050     7.5036   3.604608   3.605982     1.7286    -0.0712      39.54 4.9512e-02 0.0000e+00    81.9002    4.44568    35.0139    35.0302    27.3582    1491.00    1486.84 0.0000e+00
      13959    632.000     7.5050     7.5035   3.604658   3.606037     1.7285    -0.0688      98.12 4.9496e-02 0.0000e+00    81.8826    4.44105    35.0139    35.0304    27.3582    1491.01    1486.85 0.0000e+00
      13981    633.000     7.5049     7.5035   3.604689   3.606081     1.7276    -0.0737      49.11 4.9483e-02 0.0000e+00    81.8958    4.44015    35.0139    35.0304    27.3582    1491.03    1486.86 0.0000e+00
      14003    634.000     7.5048     7.5034   3.604744   3.606108     1.7275    -0.0725      98.44 4.9496e-02 0.0000e+00    81.9015    4.43973    35.0141    35.0303    27.3584    1491.04    1486.86 0.0000e+00
      14025    635.000     7.5050     7.5035   3.604804   3.606192     1.7267    -0.0732      51.60 4.9483e-02 0.0000e+00    81.8652    4.43717    35.0141    35.0306    27.3584    1491.06    1486.87 0.0000e+00
      14047    636.000     7.5050     7.5036   3.604856   3.606241     1.7266    -0.0684      98.25 4.9483e-02 0.0000e+00    81.8610    4.43937    35.0142    35.0306    27.3584    1491.08    1486.88 0.0000e+00
      14069    637.000     7.5047     7.5035   3.604883   3.606259     1.7260    -0.0686      61.50 4.9490e-02 0.0000e+00    81.8756    4.43256    35.0143    35.0304    27.3586    1491.09    1486.88 0.0000e+00
      14091    638.000     7.5047     7.5034   3.604914   3.606286     1.7253    -0.0642      98.49 4.9515e-02 0.0000e+00    81.8683    4.43537    35.0142    35.0303    27.3585    1491.11    1486.89 0.0000e+00
      14113    639.000     7.5044     7.5031   3.604932   3.606324     1.7250    -0.0673      75.15 4.9490e-02 0.0000e+00    81.8658    4.43412    35.0142    35.0306    27.3585    1491.13    1486.90 0.0000e+00
      14135    640.000     7.5042     7.5028   3.604955   3.606355     1.7246    -0.0709      98.55 4.9471e-02 0.0000e+00    81.8621    4.42984    35.0142    35.0307    27.3585    1491.14    1486.90 0.0000e+00
      14157    641.000     7.5042     7.5028   3.605017   3.606400     1.7237    -0.0730      79.14 4.9489e-02 0.0000e+00    81.8654    4.42425    35.0144    35.0307    27.3587    1491.16    1486.91 0.0000e+00
      14179    642.000     7.5046     7.5031   3.605094   3.606478     1.7230    -0.0698      51.57 4.9515e-02 0.0000e+00    81.8472    4.42782    35.0143    35.0308    27.3586    1491.18    1486.92 0.0000e+00
      14202    643.000     7.5042     7.5029   3.605119   3.606493     1.7228    -0.0686      77.10 4.9508e-02 0.0000e+00    81.8632    4.43107    35.0145    35.0307    27.3588    1491.19    1486.92 0.0000e+00
      14224    644.000     7.5035     7.5022   3.605116   3.606491     1.7222    -0.0710      55.67 4.9515e-02 0.0000e+00    81.8821    4.42310    35.0147    35.0309    27.3591    1491.21    1486.93 0.0000e+00
      14246    645.000     7.5033     7.5020   3.605137   3.606517     1.7217    -0.0763      78.12 4.9508e-02 0.0000e+00    81.8672    4.42538    35.0147    35.0309    27.3590    1491.22    1486.94 0.0000e+00
      14268    646.000     7.5030     7.5017   3.605154   3.606539     1.7213    -0.0663      47.28 4.9528e-02 0.0000e+00    81.8609    4.42531    35.0147    35.0310    27.3591    1491.24    1486.94 0.0000e+00
      14290    647.000     7.5024     7.5010   3.605149   3.606542     1.7207    -0.0663      69.70 4.9493e-02 0.0000e+00    81.8566    4.42039    35.0147    35.0312    27.3592    1491.25    1486.95 0.0000e+00
      14312    648.000     7.5022     7.5009   3.605197   3.606575     1.7203    -0.0709      98.25 4.9502e-02 0.0000e+00    81.8584    4.42186    35.0150    35.0312    27.3595    1491.27    1486.96 0.0000e+00
      14334    649.000     7.5022     7.5008   3.605238   3.606621     1.7196    -0.0698      98.25 4.9496e-02 0.0000e+00    81.8654    4.41728    35.0150    35.0313    27.3594    1491.28    1486.96 0.0000e+00
      14356    650.000     7.5022     7.5008   3.605281   3.606661     1.7191    -0.0693      36.56 4.9483e-02 0.0000e+00    81.8632    4.42005    35.0149    35.0313    27.3594    1491.30    1486.97 0.0000e+00
      14379    651.000     7.5021     7.5007   3.605317   3.606702     1.7187    -0.0655      96.34 4.9496e-02 0.0000e+00    81.8534    4.41125    35.0150    35.0314    27.3595    1491.32    1486.98 0.0000e+00
      14401    652.000     7.5018     7.5005   3.605332   3.606716     1.7174    -0.0669      26.76 4.9489e-02 0.0000e+00    81.8607    4.40903    35.0149    35.0312    27.3595    1491.33    1486.98 0.0000e+00
      14423    653.000     7.5015     7.5002   3.605357   3.606744     1.7171    -0.0641      98.56 4.9515e-02 0.0000e+00    81.8649    4.41188    35.0150    35.0314    27.3596    1491.35    1486.99 0.0000e+00
      14445    654.000     7.5013     7.5000   3.605379   3.606760     1.7163    -0.0681      55.23 4.9487e-02 0.0000e+00    81.8658    4.40589    35.0150    35.0313    27.3596    1491.36    1487.00 0.0000e+00
      14467    655.000     7.5005     7.4992   3.605341   3.606717     1.7156    -0.0703      97.60 4.9490e-02 0.0000e+00    81.8593    4.40863    35.0149    35.0311    27.3597    1491.38    1487.00 0.0000e+00
      14489    656.000     7.4998     7.4984   3.605310   3.606678     1.7151    -0.0741      33.86 4.9508e-02 0.0000e+00    81.8431    4.40701    35.0148    35.0310    27.3597    1491.39    1487.01 0.0000e+00
      14512    657.000     7.4993     7.4980   3.605320   3.606696     1.7147    -0.0699      92.23 4.9502e-02 0.0000e+00    81.8611    4.40476    35.0149    35.0311    27.3599    1491.40    1487.02 0.0000e+00
      14534    658.000     7.4995     7.4982   3.605386   3.606763     1.7139    -0.0728      36.84 4.9481e-02 0.0000e+00    81.8122    4.40442    35.0150    35.0312    27.3599    1491.42    1487.02 0.0000e+00
      14557    659.000     7.4995     7.4980   3.605437   3.606793     1.7136    -0.0683      98.22 4.9502e-02 0.0000e+00    81.8753    4.40239    35.0151    35.0312    27.3599    1491.44    1487.03 0.0000e+00
      14579    660.000     7.4994     7.4981   3.605474   3.606848     1.7127    -0.0624      37.78 4.9512e-02 0.0000e+00    81.8833    4.39654    35.0151    35.0313    27.3600    1491.45    1487.04 0.0000e+00
      14602    661.000     7.4995     7.4981   3.605528   3.606901     1.7120    -0.0668      98.41 4.9500e-02 0.0000e+00    81.8894    4.39846    35.0151    35.0314    27.3599    1491.47    1487.04 0.0000e+00
      14624    662.000     7.4995     7.4982   3.605571   3.606960     1.7116    -0.0701      46.33 4.9496e-02 0.0000e+00    81.8746    4.39875    35.0151    35.0314    27.3599    1491.49    1487.05 0.0000e+00
      14647    663.000     7.4995     7.4981   3.605613   3.607006     1.7112    -0.0703      97.86 4.9535e-02 0.0000e+00    81.8644    4.39770    35.0151    35.0316    27.3599    1491.50    1487.06 0.0000e+00
      14669    664.000     7.4995     7.4981   3.605660   3.607038     1.7107    -0.0743      47.56 4.9496e-02 0.0000e+00    81.8882    4.39893    35.0151    35.0314    27.3600    1491.52    1487.06 0.0000e+00
      14692    665.000     7.4993     7.4979   3.605694   3.607066     1.7103    -0.0756      93.11 4.9499e-02 0.0000e+00    81.8861    4.39576    35.0152    35.0315    27.3601    1491.54    1487.07 0.0000e+00
      14714    666.000     7.4994     7.4980   3.605745   3.607137     1.7099    -0.0661      52.32 4.9508e-02 0.0000e+00    81.8755    4.39493    35.0152    35.0316    27.3600    1491.55    1487.08 0.0000e+00
      14736    667.000     7.4993     7.4979   3.605793   3.607178     1.7095    -0.0688      97.82 4.9483e-02 0.0000e+00    81.9042    4.39453    35.0153    35.0317    27.3602    1491.57    1487.08 0.0000e+00
      14759    668.000     7.4993     7.4979   3.605836   3.607210     1.7091    -0.0719      98.78 4.9509e-02 0.0000e+00    81.8813    4.39146    35.0153    35.0316    27.3601    1491.59    1487.09 0.0000e+00
      14781    669.000     7.4992     7.4978   3.605879   3.607250     1.7082    -0.0743      98.28 4.9487e-02 0.0000e+00    81.8649    4.38495    35.0154    35.0316    27.3602    1491.60    1487.10 0.0000e+00
      14803    670.000     7.4986     7.4972   3.605870   3.607255     1.7075    -0.0666      34.39 4.9490e-02 0.0000e+00    81.8749    4.38611    35.0154    35.0318    27.3603    1491.62    1487.10 0.0000e+00
      14825    671.000     7.4985     7.4972   3.605896   3.607265     1.7070    -0.0657      97.69 4.9502e-02 0.0000e+00    81.8768    4.39115    35.0153    35.0315    27.3603    1491.63    1487.11 0.0000e+00
      14848    672.000     7.4982     7.4970   3.605916   3.607308     1.7070    -0.0710      42.11 4.9483e-02 0.0000e+00    81.8881    4.39011    35.0154    35.0317    27.3604    1491.65    1487.12 0.0000e+00
      14869    673.000     7.4980     7.4968   3.605937   3.607313     1.7066    -0.0715      98.80 4.9515e-02 0.0000e+00    81.8859    4.38558    35.0153    35.0314    27.3604    1491.66    1487.12 0.0000e+00
      14891    674.000     7.4975     7.4961   3.605928   3.607298     1.7060    -0.0706      54.31 4.9496e-02 0.0000e+00    81.8932    4.38509    35.0153    35.0315    27.3604    1491.68    1487.13 0.0000e+00
      14914    675.000     7.4975     7.4961   3.605965   3.607363     1.7054    -0.0683      99.30 4.9502e-02 0.0000e+00    81.8874    4.38114    35.0152    35.0317    27.3603    1491.70    1487.14 0.0000e+00
      14936    676.000     7.4974     7.4961   3.606013   3.607387     1.7048    -0.0738      60.40 4.9496e-02 0.0000e+00    81.8833    4.38041    35.0153    35.0315    27.3604    1491.71    1487.14 0.0000e+00
      14958    677.000     7.4975     7.4962   3.606069   3.607457     1.7043    -0.0679      99.70 4.9502e-02 0.0000e+00    81.8934    4.37968    35.0154    35.0317    27.3604    1491.73    1487.15 0.0000e+00
      14980    678.000     7.4975     7.4962   3.606127   3.607503     1.7038    -0.0695      72.61 4.9518e-02 0.0000e+00    81.8969    4.38005    35.0155    35.0317    27.3606    1491.75    1487.16 0.0000e+00
      15002    679.000     7.4977     7.4963   3.606172   3.607558     1.7031    -0.0686      98.65 4.9509e-02 0.0000e+00    81.8976    4.37787    35.0153    35.0317    27.3604    1491.76    1487.16 0.0000e+00
      15024    680.000     7.4977     7.4964   3.606233   3.607592     1.7032    -0.0694      85.05 4.9502e-02 0.0000e+00    81.8941    4.38024    35.0155    35.0315    27.3605    1491.78    1487.17 0.0000e+00
      15047    681.000     7.4978     7.4964   3.606279   3.607671     1.7023    -0.0738      39.72 4.9502e-02 0.0000e+00    81.8851    4.37361    35.0154    35.0319    27.3605    1491.80    1487.18 0.0000e+00
      15068    682.000     7.4978     7.4964   3.606330   3.607708     1.7020    -0.0751      93.16 4.9502e-02 0.0000e+00    81.9028    4.37660    35.0155    35.0318    27.3605    1491.81    1487.18 0.0000e+00
      15091    683.000     7.4978     7.4965   3.606368   3.607764     1.7016    -0.0761      69.89 4.9496e-02 0.0000e+00    81.8859    4.37519    35.0155    35.0319    27.3605    1491.83    1487.19 0.0000e+00
      15113    684.000     7.4978     7.4965   3.606426   3.607807     1.7012    -0.0795      92.83 4.9528e-02 0.0000e+00    81.9055    4.37438    35.0156    35.0319    27.3606    1491.85    1487.20 0.0000e+00
      15135    685.000     7.4979     7.4965   3.606474   3.607848     1.7009    -0.1004      74.36 4.9502e-02 0.0000e+00    81.8409    4.37621    35.0156    35.0318    27.3605    1491.86    1487.20 0.0000e+00
      15157    686.000     7.4980     7.4966   3.606516   3.607900     1.7007    -0.0754      91.11 4.9502e-02 0.0000e+00    81.8976    4.37266    35.0154    35.0318    27.3604    1491.88    1487.21 0.0000e+00
