_data/ctd/2022603/sta0199.cnv
* Sea-Bird SBE 9 Data File:
* FileName = C:\Seabird\CTDData\sta0199.hex
* Software Version Seasave V 7.21f
* Temperature SN = 6264
* Conductivity SN = 4928
* Number of Bytes Per Scan = 40
* Number of Voltage Words = 5
* Number of Scans Averaged by the Deck Unit = 1
* NMEA Latitude = 61 06.83 N
* NMEA Longitude = 006 17.41 E
* NMEA UTC (Time) = Feb 15 2022 00:07:09
* NMEA baud rate = 4800
** Ship: R/V "Kristine Bonnevie"
** Station: 0199
** Echodepth: 1225
** Log: 0790.171
** Wind-Dir/Force: 96 12
** Air-temp (dry): 3.9
** Weather Sky:
** Sea:
# nquan = 19                                
# nvalues = 1234                        
# units = specified
# name 0 = scan: Scan Count
# name 1 = prDM: Pressure, Digiquartz [db]
# name 2 = t068C: Temperature [ITS-68, deg C]
# name 3 = t168C: Temperature, 2 [ITS-68, deg C]
# name 4 = c0S/m: Conductivity [S/m]
# name 5 = c1S/m: Conductivity, 2 [S/m]
# name 6 = sbeox0V: Oxygen raw, SBE 43 [V]
# name 7 = flECO-AFL: Fluorescence, WET Labs ECO-AFL/FL [mg/m^3]
# name 8 = altM: Altimeter [m]
# name 9 = par: PAR/Irradiance, Biospherical/Licor
# name 10 = spar: SPAR/Surface Irradiance
# name 11 = CStarTr0: Beam Transmission, WET Labs C-Star [%]
# name 12 = sbeox0ML/L: Oxygen, SBE 43 [ml/l], WS = 2
# name 13 = sal00: Salinity, Practical [PSU]
# name 14 = sal11: Salinity, Practical, 2 [PSU]
# name 15 = sigma-t00: Density [sigma-t, Kg/m^3 ]
# name 16 = svCM: Sound Velocity [Chen-Millero, m/s]
# name 17 = avgsvCM: Average Sound Velocity [Chen-Millero, m/s], minP = 1, minS = 5
# name 18 = flag: flag
# span 0 =          2,      25352       
# span 1 =      3.000,   1236.000       
# span 2 =     5.4339,     9.8155       
# span 3 =     5.4366,     9.8120       
# span 4 =   2.940210,   3.708920       
# span 5 =   2.941564,   3.710485       
# span 6 =     1.5436,     2.4554       
# span 7 =    -0.1007,     0.8205       
# span 8 =       4.18,     100.53       
# span 9 = 4.8800e-02, 6.1080e-01       
# span 10 = 0.0000e+00, 0.0000e+00      
# span 11 =    79.7991,    81.9877      
# span 12 =    4.07640,    7.07189      
# span 13 =    29.9464,    35.0236      
# span 14 =    29.9592,    35.0240      
# span 15 =    23.6254,    27.3645      
# span 16 =    1466.12,    1501.13      
# span 17 =    1466.12,    1491.27      
# span 18 = 0.0000e+00, 0.0000e+00      
# interval = decibars: 1                
# start_time = Feb 15 2022 00:07:12 [System UTC, header]
# bad_flag = -9.990e-29
*END*
[from data line 839]
      16961    842.000     7.4967     7.4952   3.613562   3.607711     1.6253    -0.0657      94.32 4.9489e-02 0.0000e+00    81.8741    4.18615    35.0195    34.9577    27.3638    1494.46    1488.25 0.0000e+00
      16982    843.000     7.4967     7.4952   3.613607   3.607755     1.6251    -0.0673      55.45 4.9492e-02 0.0000e+00    81.8645    4.18123    35.0195    34.9577    27.3638    1494.47    1488.25 0.0000e+00
      17002    844.000     7.4967     7.4952   3.613650   3.607794     1.6246    -0.0725      54.27 4.9495e-02 0.0000e+00    81.8797    4.18392    35.0195    34.9577    27.3638    1494.49    1488.26 0.0000e+00
      17023    845.000     7.4964     7.4950   3.613680   3.607801     1.6247    -0.0627      83.67 4.9490e-02 0.0000e+00    81.8735    4.18422    35.0196    34.9575    27.3640    1494.51    1488.27 0.0000e+00
      17045    846.000     7.4965     7.4951   3.613737   3.607848     1.6241    -0.0687      92.03 4.9472e-02 0.0000e+00    81.8701    4.18215    35.0197    34.9574    27.3640    1494.52    1488.28 0.0000e+00
      17065    847.000     7.4964     7.4949   3.613781   3.607889     1.6241    -0.0666      88.56 4.9467e-02 0.0000e+00    81.8816    4.18322    35.0198    34.9576    27.3641    1494.54    1488.28 0.0000e+00
      17086    848.000     7.4963     7.4948   3.613821   3.607928     1.6238    -0.0661      62.85 4.9499e-02 0.0000e+00    81.8887    4.17881    35.0198    34.9577    27.3641    1494.56    1488.29 0.0000e+00
      17107    849.000     7.4964     7.4949   3.613865   3.607967     1.6232    -0.0780      99.13 4.9525e-02 0.0000e+00    81.8731    4.17414    35.0198    34.9575    27.3641    1494.57    1488.30 0.0000e+00
      17128    850.000     7.4964     7.4950   3.613920   3.608025     1.6226    -0.0728      98.30 4.9460e-02 0.0000e+00    81.8779    4.17389    35.0199    34.9576    27.3642    1494.59    1488.30 0.0000e+00
      17149    851.000     7.4965     7.4950   3.613970   3.608063     1.6220    -0.0604      50.45 4.9465e-02 0.0000e+00    81.8855    4.17331    35.0199    34.9575    27.3641    1494.61    1488.31 0.0000e+00
      17170    852.000     7.4964     7.4950   3.614013   3.608092     1.6218    -0.0609      93.47 4.9467e-02 0.0000e+00    81.8702    4.17809    35.0199    34.9574    27.3642    1494.62    1488.32 0.0000e+00
      17190    853.000     7.4965     7.4951   3.614076   3.608158     1.6216    -0.0714      93.94 4.9486e-02 0.0000e+00    81.8732    4.17854    35.0201    34.9575    27.3643    1494.64    1488.33 0.0000e+00
      17211    854.000     7.4966     7.4952   3.614119   3.608203     1.6214 -9.990e-29      83.28 4.9505e-02 0.0000e+00    81.8552    4.17491    35.0200    34.9574    27.3642    1494.66    1488.33 0.0000e+00
      17232    855.000     7.4967     7.4952   3.614173   3.608245     1.6211 -9.990e-29      64.97 4.9505e-02 0.0000e+00    81.8781    4.17521    35.0200    34.9574    27.3642    1494.67    1488.34 0.0000e+00
      17253    856.000     7.4968     7.4954   3.614234   3.608293     1.6209 -9.990e-29      98.90 4.9512e-02 0.0000e+00    81.8816    4.17772    35.0201    34.9573    27.3642    1494.69    1488.35 0.0000e+00
      17274    857.000     7.4968     7.4954   3.614274   3.608341     1.6207 -9.990e-29      98.73 4.9496e-02 0.0000e+00    81.8689    4.17502    35.0200    34.9573    27.3642    1494.71    1488.36 0.0000e+00
      17296    858.000     7.4968     7.4953   3.614322   3.608380     1.6204    -0.0558      57.73 4.9492e-02 0.0000e+00    81.8677    4.17682    35.0201    34.9574    27.3643    1494.72    1488.36 0.0000e+00
      17317    859.000     7.4967     7.4952   3.614361   3.608410     1.6202    -0.0647      98.02 4.9505e-02 0.0000e+00    81.8712    4.17683    35.0201    34.9573    27.3643    1494.74    1488.37 0.0000e+00
      17338    860.000     7.4967     7.4952   3.614413   3.608461     1.6203    -0.0642      98.78 4.9518e-02 0.0000e+00    81.8527    4.17528    35.0202    34.9574    27.3644    1494.76    1488.38 0.0000e+00
      17359    861.000     7.4968     7.4954   3.614463   3.608530     1.6199    -0.0664      81.90 4.9505e-02 0.0000e+00    81.8605    4.17273    35.0202    34.9575    27.3644    1494.77    1488.39 0.0000e+00
      17380    862.000     7.4969     7.4955   3.614520   3.608566     1.6195    -0.0670      82.95 4.9479e-02 0.0000e+00    81.8674    4.17385    35.0203    34.9573    27.3644    1494.79    1488.39 0.0000e+00
      17401    863.000     7.4971     7.4956   3.614577   3.608603     1.6194    -0.0718      98.80 4.9525e-02 0.0000e+00    81.8586    4.17379    35.0202    34.9572    27.3643    1494.81    1488.40 0.0000e+00
      17422    864.000     7.4972     7.4957   3.614628   3.608660     1.6188    -0.0674      98.04 4.9479e-02 0.0000e+00    81.8613    4.17250    35.0202    34.9572    27.3643    1494.83    1488.41 0.0000e+00
      17443    865.000     7.4972     7.4957   3.614665   3.608712     1.6191    -0.0694      68.36 4.9518e-02 0.0000e+00    81.8695    4.17702    35.0201    34.9573    27.3642    1494.84    1488.42 0.0000e+00
      17464    866.000     7.4972     7.4958   3.614720   3.608754     1.6187    -0.0727      84.32 4.9505e-02 0.0000e+00    81.8686    4.17180    35.0202    34.9572    27.3643    1494.86    1488.42 0.0000e+00
      17485    867.000     7.4973     7.4958   3.614770   3.608815     1.6185    -0.0637      98.66 4.9531e-02 0.0000e+00    81.8675    4.17066    35.0202    34.9574    27.3643    1494.88    1488.43 0.0000e+00
      17506    868.000     7.4974     7.4959   3.614824   3.608856     1.6181    -0.0697      95.17 4.9499e-02 0.0000e+00    81.8707    4.16866    35.0202    34.9573    27.3643    1494.89    1488.44 0.0000e+00
      17527    869.000     7.4974     7.4959   3.614878   3.608909     1.6176    -0.0689      66.22 4.9492e-02 0.0000e+00    81.8536    4.16829    35.0203    34.9574    27.3644    1494.91    1488.44 0.0000e+00
      17548    870.000     7.4974     7.4960   3.614929   3.608934     1.6173    -0.0618      98.87 4.9495e-02 0.0000e+00    81.8418    4.16908    35.0204    34.9571    27.3644    1494.93    1488.45 0.0000e+00
      17568    871.000     7.4975     7.4960   3.614973   3.608986     1.6172    -0.0661      98.35 4.9512e-02 0.0000e+00    81.8530    4.17335    35.0203    34.9572    27.3644    1494.94    1488.46 0.0000e+00
      17590    872.000     7.4975     7.4961   3.615014   3.609015     1.6172    -0.0637      86.24 4.9502e-02 0.0000e+00    81.8601    4.17236    35.0203    34.9569    27.3643    1494.96    1488.47 0.0000e+00
      17611    873.000     7.4975     7.4961   3.615066   3.609064     1.6170    -0.0692      65.07 4.9492e-02 0.0000e+00    81.8540    4.17233    35.0204    34.9570    27.3644    1494.98    1488.47 0.0000e+00
      17632    874.000     7.4976     7.4962   3.615122   3.609104     1.6169    -0.0646      98.06 4.9524e-02 0.0000e+00    81.8568    4.17163    35.0204    34.9568    27.3644    1494.99    1488.48 0.0000e+00
      17653    875.000     7.4977     7.4963   3.615169   3.609152     1.6167    -0.0635      98.36 4.9478e-02 0.0000e+00    81.8610    4.16624    35.0204    34.9568    27.3644    1495.01    1488.49 0.0000e+00
      17675    876.000     7.4978     7.4963   3.615223   3.609216     1.6158    -0.0609      62.53 4.9496e-02 0.0000e+00    81.8628    4.16099    35.0204    34.9570    27.3644    1495.03    1488.50 0.0000e+00
      17697    877.000     7.4979     7.4965   3.615276   3.609271     1.6154    -0.0683      99.00 4.9502e-02 0.0000e+00    81.8612    4.15850    35.0204    34.9570    27.3644    1495.04    1488.50 0.0000e+00
      17718    878.000     7.4980     7.4966   3.615333   3.609321     1.6146    -0.0702      98.68 4.9505e-02 0.0000e+00    81.8591    4.16168    35.0205    34.9569    27.3644    1495.06    1488.51 0.0000e+00
      17740    879.000     7.4981     7.4967   3.615382   3.609354     1.6144    -0.0652      97.68 4.9502e-02 0.0000e+00    81.8486    4.16146    35.0204    34.9567    27.3643    1495.08    1488.52 0.0000e+00
      17761    880.000     7.4982     7.4968   3.615429   3.609406     1.6138    -0.0677      65.11 4.9502e-02 0.0000e+00    81.8455    4.15604    35.0204    34.9567    27.3643    1495.09    1488.53 0.0000e+00
      17783    881.000     7.4983     7.4969   3.615488   3.609454     1.6133    -0.0670      27.07 4.9479e-02 0.0000e+00    81.8343    4.15999    35.0204    34.9567    27.3643    1495.11    1488.53 0.0000e+00
      17805    882.000     7.4984     7.4969   3.615537   3.609501     1.6131    -0.0672      93.59 4.9515e-02 0.0000e+00    81.8405    4.16188    35.0204    34.9567    27.3643    1495.13    1488.54 0.0000e+00
      17826    883.000     7.4984     7.4970   3.615586   3.609542     1.6130    -0.0678      98.53 4.9509e-02 0.0000e+00    81.8472    4.16154    35.0205    34.9566    27.3643    1495.14    1488.55 0.0000e+00
      17848    884.000     7.4986     7.4971   3.615641   3.609600     1.6128    -0.0650      60.62 4.9488e-02 0.0000e+00    81.8529    4.16020    35.0204    34.9566    27.3642    1495.16    1488.56 0.0000e+00
      17868    885.000     7.4986     7.4972   3.615686   3.609642     1.6124    -0.0630      54.66 4.9505e-02 0.0000e+00    81.8349    4.15756    35.0204    34.9565    27.3643    1495.18    1488.56 0.0000e+00
      17889    886.000     7.4987     7.4972   3.615738   3.609679     1.6121    -0.0646      65.28 4.9512e-02 0.0000e+00    81.8409    4.15853    35.0204    34.9565    27.3642    1495.20    1488.57 0.0000e+00
      17910    887.000     7.4988     7.4973   3.615795   3.609728     1.6119    -0.0688      92.30 4.9505e-02 0.0000e+00    81.8386    4.15785    35.0204    34.9564    27.3643    1495.21    1488.58 0.0000e+00
      17931    888.000     7.4988     7.4974   3.615856   3.609789     1.6115    -0.0642      88.05 4.9505e-02 0.0000e+00    81.8510    4.15677    35.0206    34.9565    27.3644    1495.23    1488.59 0.0000e+00
      17952    889.000     7.4989     7.4975   3.615907   3.609824     1.6113    -0.0649      38.09 4.9472e-02 0.0000e+00    81.8403    4.16099    35.0206    34.9563    27.3644    1495.25    1488.59 0.0000e+00
      17973    890.000     7.4990     7.4976   3.615956   3.609868     1.6114    -0.0630      99.51 4.9539e-02 0.0000e+00    81.8482    4.16026    35.0206    34.9562    27.3643    1495.26    1488.60 0.0000e+00
      17995    891.000     7.4991     7.4977   3.616019   3.609915     1.6111    -0.0630      90.79 4.9483e-02 0.0000e+00    81.8452    4.15838    35.0207    34.9562    27.3644    1495.28    1488.61 0.0000e+00
      18016    892.000     7.4992     7.4978   3.616074   3.609982     1.6111 -9.990e-29      59.85 4.9512e-02 0.0000e+00    81.8350    4.16292    35.0207    34.9563    27.3644    1495.30    1488.62 0.0000e+00
      18038    893.000     7.4994     7.4979   3.616125   3.610027     1.6111 -9.990e-29      88.54 4.9527e-02 0.0000e+00    81.8520    4.16449    35.0206    34.9563    27.3643    1495.31    1488.62 0.0000e+00
      18059    894.000     7.4996     7.4981   3.616180   3.610080     1.6114 -9.990e-29      98.71 4.9505e-02 0.0000e+00    81.8514    4.16689    35.0205    34.9562    27.3642    1495.33    1488.63 0.0000e+00
      18080    895.000     7.4997     7.4982   3.616234   3.610119     1.6114 -9.990e-29      90.33 4.9527e-02 0.0000e+00    81.8384    4.16759    35.0206    34.9560    27.3642    1495.35    1488.64 0.0000e+00
      18102    896.000     7.4998     7.4984   3.616293   3.610177     1.6117    -0.0635      80.08 4.9499e-02 0.0000e+00    81.8212    4.16685    35.0206    34.9560    27.3643    1495.37    1488.65 0.0000e+00
      18123    897.000     7.4999     7.4985   3.616346   3.610213     1.6114    -0.0693      25.23 4.9485e-02 0.0000e+00    81.8421    4.16908    35.0206    34.9558    27.3642    1495.38    1488.65 0.0000e+00
      18144    898.000     7.5001     7.4986   3.616391   3.610271     1.6120    -0.0650     100.53 4.9512e-02 0.0000e+00    81.8485    4.17324    35.0205    34.9559    27.3641    1495.40    1488.66 0.0000e+00
      18165    899.000     7.5001     7.4987   3.616444   3.610314     1.6120    -0.0703      86.44 4.9478e-02 0.0000e+00    81.8341    4.17158    35.0206    34.9558    27.3642    1495.42    1488.67 0.0000e+00
      18186    900.000     7.5002     7.4989   3.616490   3.610350     1.6122    -0.0679      61.10 4.9539e-02 0.0000e+00    81.8435    4.17275    35.0205    34.9555    27.3641    1495.43    1488.68 0.0000e+00
      18207    901.000     7.5006     7.4991   3.616565   3.610417     1.6123    -0.0635      76.08 4.9525e-02 0.0000e+00    81.8262    4.17091    35.0204    34.9556    27.3640    1495.45    1488.68 0.0000e+00
      18228    902.000     7.5006     7.4992   3.616616   3.610472     1.6123    -0.0684      99.06 4.9505e-02 0.0000e+00    81.8307    4.17144    35.0205    34.9556    27.3641    1495.47    1488.69 0.0000e+00
      18249    903.000     7.5007     7.4994   3.616671   3.610522     1.6122    -0.0700      95.54 4.9512e-02 0.0000e+00    81.8510    4.17033    35.0205    34.9555    27.3641    1495.48    1488.70 0.0000e+00
      18270    904.000     7.5009     7.4995   3.616726   3.610557     1.6123    -0.0649      49.56 4.9505e-02 0.0000e+00    81.8192    4.17136    35.0205    34.9553    27.3640    1495.50    1488.71 0.0000e+00
      18291    905.000     7.5010     7.4996   3.616780   3.610609     1.6118    -0.0664      98.92 4.9485e-02 0.0000e+00    81.8544    4.16813    35.0205    34.9553    27.3640    1495.52    1488.71 0.0000e+00
      18312    906.000     7.5011     7.4996   3.616817   3.610668     1.6120    -0.0655      98.03 4.9505e-02 0.0000e+00    81.8641    4.17283    35.0203    34.9554    27.3638    1495.54    1488.72 0.0000e+00
      18333    907.000     7.5011     7.4998   3.616885   3.610707     1.6116    -0.0626      59.30 4.9485e-02 0.0000e+00    81.8500    4.16582    35.0206    34.9552    27.3640    1495.55    1488.73 0.0000e+00
      18354    908.000     7.5013     7.4998   3.616932   3.610745     1.6114    -0.0631      88.62 4.9525e-02 0.0000e+00    81.8632    4.16583    35.0204    34.9551    27.3639    1495.57    1488.74 0.0000e+00
      18375    909.000     7.5013     7.4999   3.616991   3.610808     1.6110    -0.0645      98.64 4.9512e-02 0.0000e+00    81.8436    4.16903    35.0206    34.9553    27.3640    1495.59    1488.74 0.0000e+00
      18396    910.000     7.5015     7.5000   3.617032   3.610857     1.6111    -0.0591      86.09 4.9505e-02 0.0000e+00    81.8631    4.17016    35.0204    34.9552    27.3638    1495.60    1488.75 0.0000e+00
      18418    911.000     7.5015     7.5000   3.617080   3.610883     1.6109    -0.0627      62.19 4.9490e-02 0.0000e+00    81.8317    4.17144    35.0204    34.9550    27.3639    1495.62    1488.76 0.0000e+00
      18439    912.000     7.5015     7.5001   3.617125   3.610927     1.6111    -0.0620      98.52 4.9512e-02 0.0000e+00    81.8479    4.17033    35.0205    34.9549    27.3639    1495.64    1488.76 0.0000e+00
      18460    913.000     7.5016     7.5002   3.617186   3.610982     1.6107    -0.0679      98.78 4.9499e-02 0.0000e+00    81.8580    4.16876    35.0206    34.9550    27.3639    1495.65    1488.77 0.0000e+00
      18481    914.000     7.5017     7.5003   3.617246   3.611022     1.6106    -0.0694      69.69 4.9492e-02 0.0000e+00    81.8670    4.16790    35.0206    34.9548    27.3640    1495.67    1488.78 0.0000e+00
      18502    915.000     7.5017     7.5004   3.617287   3.611064     1.6104    -0.0704      98.92 4.9492e-02 0.0000e+00    81.8584    4.16792    35.0206    34.9547    27.3640    1495.69    1488.79 0.0000e+00
      18523    916.000     7.5018     7.5004   3.617342   3.611117     1.6100    -0.0704      98.78 4.9485e-02 0.0000e+00    81.8510    4.16582    35.0206    34.9548    27.3640    1495.70    1488.79 0.0000e+00
