_data/ctd/2022603/sta0207.cnv
* Sea-Bird SBE 9 Data File:
* FileName = C:\Seabird\CTDData\sta0207.hex
* Software Version Seasave V 7.21f
* Temperature SN = 6264
* Conductivity SN = 4928
* Number of Bytes Per Scan = 40
* Number of Voltage Words = 5
* Number of Scans Averaged by the Deck Unit = 1
* NMEA Latitude = 61 29.03 N
* NMEA Longitude = 005 22.77 E
* NMEA UTC (Time) = Feb 15 2022 22:46:48
* NMEA baud rate = 4800
** Ship: R/V "Kristine Bonnevie"
** Station: 0207
** Echodepth: 340
** Log: 0904.715
** Wind-Dir/Force: 12 10
** Air-temp (dry): 3.8
** Weather Sky:
** Sea:
# nquan = 19                                
# nvalues = 334                         
# units = specified
# name 0 = scan: Scan Count
# name 1 = prDM: Pressure, Digiquartz [db]
# name 2 = t068C: Temperature [ITS-68, deg C]
# name 3 = t168C: Temperature, 2 [ITS-68, deg C]
# name 4 = c0S/m: Conductivity [S/m]
# name 5 = c1S/m: Conductivity, 2 [S/m]
# name 6 = sbeox0V: Oxygen raw, SBE 43 [V]
# name 7 = flECO-AFL: Fluorescence, WET Labs ECO-AFL/FL [mg/m^3]
# name 8 = altM: Altimeter [m]
# name 9 = par: PAR/Irradiance, Biospherical/Licor
# name 10 = spar: SPAR/Surface Irradiance
# name 11 = CStarTr0: Beam Transmission, WET Labs C-Star [%]
# name 12 = sbeox0ML/L: Oxygen, SBE 43 [ml/l], WS = 2
# name 13 = sal00: Salinity, Practical [PSU]
# name 14 = sal11: Salinity, Practical, 2 [PSU]
# name 15 = sigma-t00: Density [sigma-t, Kg/m^3 ]
# name 16 = svCM: Sound Velocity [Chen-Millero, m/s]
# name 17 = avgsvCM: Average Sound Velocity [Chen-Millero, m/s], minP = 1, minS = 5
# name 18 = flag: flag
# span 0 =         26,       7992       
# span 1 =      1.000,    334.000       
# span 2 =     6.8880,     9.1791       
# span 3 =     6.9550,     9.1769       
# span 4 =   3.139744,   3.662783       
# span 5 =   3.147071,   3.664272       
# span 6 =     1.9878,     2.4040       
# span 7 =    -0.0885,     0.1310       
# span 8 =       8.26,      99.84       
# span 9 = 4.9313e-02, 1.0914e+00       
# span 10 = 0.0000e+00, 0.0000e+00      
# span 11 =    79.1318,    80.9876      
# span 12 =    5.11411,    6.60037      
# span 13 =    30.8514,    35.0138      
# span 14 =    30.8709,    35.0309      
# span 15 =    24.1671,    27.2877      
# span 16 =    1473.04,    1487.91      
# span 17 =    1473.04,    1485.92      
# span 18 = 0.0000e+00, 0.0000e+00      
# interval = decibars: 1                
# start_time = Feb 15 2022 22:46:50 [System UTC, header]
# bad_flag = -9.990e-29
*END*
[from data line 229]
       5527    230.000     8.0229     8.0217   3.631759   3.633229     2.0306 -9.990e-29      83.22 4.9475e-02 0.0000e+00    80.2616    5.18706    34.9807    34.9977    27.2556    1486.31    1485.40 0.0000e+00
       5550    231.000     8.0210     8.0195   3.631851   3.633313     2.0298 -9.990e-29      64.95 4.9500e-02 0.0000e+00    80.3008    5.18136    34.9831    35.0003    27.2578    1486.32    1485.40 0.0000e+00
       5573    232.000     8.0217     8.0200   3.632029   3.633490     2.0287 -9.990e-29      53.72 4.9481e-02 0.0000e+00    80.3145    5.17747    34.9838    35.0012    27.2582    1486.34    1485.40 0.0000e+00
       5596    233.000     8.0203     8.0189   3.632155   3.633616     2.0276 -9.990e-29      38.09 4.9487e-02 0.0000e+00    80.3248    5.17404    34.9861    35.0032    27.2602    1486.36    1485.41 0.0000e+00
       5619    234.000     8.0172     8.0158   3.632122   3.633580     2.0266 -9.990e-29      98.92 4.9493e-02 0.0000e+00    80.3053    5.17394    34.9884    35.0054    27.2625    1486.37    1485.41 0.0000e+00
       5642    235.000     8.0163     8.0148   3.632141   3.633604     2.0257 -9.990e-29      30.73 4.9485e-02 0.0000e+00    80.2523    5.17260    34.9890    35.0062    27.2631    1486.38    1485.42 0.0000e+00
       5666    236.000     8.0146     8.0132   3.632105   3.633562     2.0247 -9.990e-29      58.36 4.9464e-02 0.0000e+00    80.1772    5.17220    34.9898    35.0068    27.2640    1486.39    1485.42 0.0000e+00
       5689    237.000     8.0094     8.0079   3.631763   3.633220     2.0242 -9.990e-29      37.82 4.9481e-02 0.0000e+00    80.1366    5.17293    34.9908    35.0080    27.2656    1486.39    1485.42 0.0000e+00
       5713    238.000     8.0095     8.0080   3.631915   3.633372     2.0235    -0.0685      92.11 4.9491e-02 0.0000e+00    80.1067    5.17174    34.9919    35.0090    27.2664    1486.41    1485.43 0.0000e+00
       5737    239.000     8.0090     8.0075   3.631945   3.633403     2.0231    -0.0813      94.44 4.9485e-02 0.0000e+00    80.1092    5.17457    34.9922    35.0094    27.2667    1486.42    1485.43 0.0000e+00
       5761    240.000     8.0084     8.0068   3.631970   3.633423     2.0229    -0.0566      49.54 4.9474e-02 0.0000e+00    80.1388    5.17525    34.9926    35.0098    27.2671    1486.44    1485.44 0.0000e+00
       5785    241.000     8.0078     8.0062   3.632011   3.633472     2.0226    -0.0571      95.42 4.9491e-02 0.0000e+00    80.1719    5.17254    34.9932    35.0104    27.2676    1486.45    1485.44 0.0000e+00
       5808    242.000     8.0067     8.0052   3.632056   3.633512     2.0222    -0.0558      98.76 4.9487e-02 0.0000e+00    80.1284    5.16976    34.9943    35.0114    27.2687    1486.46    1485.45 0.0000e+00
       5832    243.000     8.0062     8.0046   3.632125   3.633569     2.0213 -9.990e-29      60.33 4.9479e-02 0.0000e+00    80.1271    5.16529    34.9950    35.0121    27.2693    1486.48    1485.45 0.0000e+00
       5855    244.000     8.0056     8.0040   3.632174   3.633635     2.0208 -9.990e-29      92.19 4.9500e-02 0.0000e+00    80.1077    5.16350    34.9957    35.0129    27.2699    1486.50    1485.45 0.0000e+00
       5878    245.000     8.0048     8.0035   3.632258   3.633735     2.0197 -9.990e-29      84.97 4.9481e-02 0.0000e+00    80.0659    5.16051    34.9969    35.0140    27.2710    1486.51    1485.46 0.0000e+00
       5901    246.000     8.0027     8.0013   3.632209   3.633685     2.0189 -9.990e-29      65.34 4.9491e-02 0.0000e+00    80.0097    5.15961    34.9980    35.0152    27.2722    1486.52    1485.46 0.0000e+00
       5924    247.000     8.0017     7.9998   3.632148   3.633572     2.0185 -9.990e-29      58.57 5.9403e-02 0.0000e+00    79.9563    5.16311    34.9978    35.0150    27.2722    1486.53    1485.47 0.0000e+00
       5948    248.000     7.9990     7.9975   3.631965   3.633423     2.0177 -9.990e-29      98.66 4.9475e-02 0.0000e+00    79.8855    5.15530    34.9981    35.0152    27.2728    1486.54    1485.47 0.0000e+00
       5971    249.000     7.9983     7.9968   3.631991   3.633440     2.0170 -9.990e-29      44.71 4.9475e-02 0.0000e+00    79.8559    5.15790    34.9986    35.0156    27.2733    1486.55    1485.48 0.0000e+00
       5994    250.000     7.9985     7.9969   3.632144   3.633574     2.0165 -9.990e-29      68.90 4.9475e-02 0.0000e+00    79.9268    5.15978    34.9995    35.0165    27.2740    1486.57    1485.48 0.0000e+00
       6017    251.000     7.9985     7.9969   3.632256   3.633724     2.0164 -9.990e-29      64.95 4.9487e-02 0.0000e+00    79.9948    5.16375    35.0003    35.0176    27.2746    1486.59    1485.48 0.0000e+00
       6041    252.000     7.9984     7.9968   3.632309   3.633772     2.0163 -9.990e-29      98.22 4.9480e-02 0.0000e+00    79.9254    5.16065    35.0004    35.0177    27.2748    1486.61    1485.49 0.0000e+00
       6064    253.000     7.9983     7.9967   3.632354   3.633816     2.0158 -9.990e-29      33.72 4.9469e-02 0.0000e+00    79.8766    5.15756    35.0005    35.0178    27.2749    1486.62    1485.49 0.0000e+00
       6088    254.000     7.9981     7.9967   3.632402   3.633865     2.0152 -9.990e-29      96.25 4.9485e-02 0.0000e+00    79.8112    5.15193    35.0008    35.0179    27.2751    1486.64    1485.50 0.0000e+00
       6111    255.000     7.9980     7.9964   3.632433   3.633891     2.0141 -9.990e-29      92.57 4.9493e-02 0.0000e+00    79.7787    5.14668    35.0007    35.0180    27.2751    1486.65    1485.50 0.0000e+00
       6135    256.000     7.9961     7.9950   3.632367   3.633845     2.0134 -9.990e-29      94.04 4.9497e-02 0.0000e+00    79.7523    5.15155    35.0014    35.0184    27.2759    1486.66    1485.51 0.0000e+00
       6159    257.000     7.9958     7.9942   3.632385   3.633842     2.0129 -9.990e-29      85.89 4.9491e-02 0.0000e+00    79.7168    5.15018    35.0014    35.0187    27.2759    1486.68    1485.51 0.0000e+00
       6183    258.000     7.9945     7.9931   3.632316   3.633783     2.0125 -9.990e-29      93.57 4.9489e-02 0.0000e+00    79.7478    5.15210    35.0015    35.0187    27.2762    1486.69    1485.52 0.0000e+00
       6207    259.000     7.9941     7.9925   3.632325   3.633785     2.0122 -9.990e-29      68.95 4.9503e-02 0.0000e+00    79.7837    5.15263    35.0015    35.0188    27.2763    1486.71    1485.52 0.0000e+00
       6231    260.000     7.9940     7.9925   3.632373   3.633833     2.0121 -9.990e-29      97.67 4.9485e-02 0.0000e+00    79.8532    5.15385    35.0017    35.0188    27.2764    1486.72    1485.52 0.0000e+00
       6255    261.000     7.9935     7.9920   3.632418   3.633886     2.0120 -9.990e-29      66.56 4.9485e-02 0.0000e+00    79.9487    5.15767    35.0022    35.0194    27.2769    1486.74    1485.53 0.0000e+00
       6279    262.000     7.9931     7.9916   3.632457   3.633912     2.0122 -9.990e-29      82.27 4.9475e-02 0.0000e+00    79.9812    5.15817    35.0025    35.0196    27.2772    1486.75    1485.53 0.0000e+00
       6302    263.000     7.9931     7.9915   3.632509   3.633969     2.0122 -9.990e-29      64.47 4.9490e-02 0.0000e+00    80.0015    5.15718    35.0026    35.0198    27.2772    1486.77    1485.54 0.0000e+00
       6324    264.000     7.9931     7.9916   3.632556   3.634017     2.0120 -9.990e-29      80.17 4.9470e-02 0.0000e+00    79.9795    5.15759    35.0026    35.0198    27.2773    1486.79    1485.54 0.0000e+00
       6346    265.000     7.9932     7.9917   3.632634   3.634100     2.0122 -9.990e-29      64.81 4.9509e-02 0.0000e+00    79.9684    5.15804    35.0028    35.0201    27.2774    1486.80    1485.55 0.0000e+00
       6367    266.000     7.9934     7.9918   3.632716   3.634166     2.0117 -9.990e-29      72.18 4.9477e-02 0.0000e+00    79.9532    5.14940    35.0030    35.0202    27.2776    1486.82    1485.55 0.0000e+00
       6389    267.000     7.9935     7.9918   3.632758   3.634229     2.0110 -9.990e-29      61.78 4.9483e-02 0.0000e+00    79.9579    5.14823    35.0029    35.0204    27.2774    1486.84    1485.56 0.0000e+00
       6411    268.000     7.9932     7.9916   3.632791   3.634257     2.0102 -9.990e-29      80.42 4.9477e-02 0.0000e+00    79.9048    5.14638    35.0031    35.0204    27.2776    1486.85    1485.56 0.0000e+00
       6433    269.000     7.9927     7.9912   3.632794   3.634269     2.0098 -9.990e-29      79.71 4.9508e-02 0.0000e+00    79.8717    5.14872    35.0031    35.0205    27.2777    1486.87    1485.57 0.0000e+00
       6456    270.000     7.9917     7.9902   3.632786   3.634252     2.0094 -9.990e-29      82.17 4.9493e-02 0.0000e+00    79.8020    5.14920    35.0036    35.0208    27.2782    1486.88    1485.57 0.0000e+00
       6479    271.000     7.9914     7.9899   3.632821   3.634283     2.0093 -9.990e-29      81.83 4.9497e-02 0.0000e+00    79.8412    5.15235    35.0037    35.0209    27.2784    1486.90    1485.58 0.0000e+00
       6503    272.000     7.9913     7.9899   3.632870   3.634335     2.0089 -9.990e-29      73.43 4.9512e-02 0.0000e+00    79.8273    5.14863    35.0039    35.0210    27.2786    1486.91    1485.58 0.0000e+00
       6527    273.000     7.9909     7.9893   3.632887   3.634350     2.0087 -9.990e-29      92.05 4.9506e-02 0.0000e+00    79.8891    5.14965    35.0040    35.0213    27.2787    1486.93    1485.59 0.0000e+00
       6551    274.000     7.9905     7.9890   3.632903   3.634381     2.0082 -9.990e-29      68.64 4.9497e-02 0.0000e+00    79.8904    5.14789    35.0041    35.0214    27.2788    1486.94    1485.59 0.0000e+00
       6576    275.000     7.9897     7.9883   3.632922   3.634389     2.0081 -9.990e-29      98.97 4.9474e-02 0.0000e+00    79.8939    5.14943    35.0046    35.0217    27.2794    1486.96    1485.60 0.0000e+00
       6600    276.000     7.9897     7.9882   3.632987   3.634448     2.0078 -9.990e-29      70.78 4.9497e-02 0.0000e+00    79.9142    5.14971    35.0048    35.0220    27.2795    1486.97    1485.60 0.0000e+00
       6624    277.000     7.9895     7.9880   3.633026   3.634494     2.0075 -9.990e-29      92.41 4.9509e-02 0.0000e+00    79.9088    5.14821    35.0050    35.0222    27.2797    1486.99    1485.61 0.0000e+00
       6647    278.000     7.9896     7.9880   3.633100   3.634560     2.0074 -9.990e-29      77.33 4.9493e-02 0.0000e+00    79.9438    5.15282    35.0052    35.0224    27.2798    1487.01    1485.61 0.0000e+00
       6670    279.000     7.9899     7.9884   3.633185   3.634645     2.0074 -9.990e-29      90.55 4.9481e-02 0.0000e+00    79.9217    5.15146    35.0053    35.0225    27.2799    1487.02    1485.62 0.0000e+00
       6693    280.000     7.9898     7.9883   3.633221   3.634689     2.0073 -9.990e-29      84.02 4.9494e-02 0.0000e+00    79.8907    5.14787    35.0053    35.0226    27.2799    1487.04    1485.62 0.0000e+00
       6716    281.000     7.9896     7.9881   3.633252   3.634724     2.0066 -9.990e-29      98.04 4.9511e-02 0.0000e+00    79.8743    5.14467    35.0053    35.0226    27.2800    1487.06    1485.63 0.0000e+00
       6739    282.000     7.9889     7.9874   3.633255   3.634726     2.0060 -9.990e-29      98.79 4.9500e-02 0.0000e+00    79.8643    5.14266    35.0056    35.0229    27.2803    1487.07    1485.63 0.0000e+00
       6761    283.000     7.9888     7.9873   3.633306   3.634769     2.0055 -9.990e-29      57.53 4.9499e-02 0.0000e+00    79.8869    5.14119    35.0058    35.0230    27.2804    1487.09    1485.64 0.0000e+00
       6785    284.000     7.9888     7.9872   3.633361   3.634814     2.0048 -9.990e-29      64.97 4.9499e-02 0.0000e+00    79.8839    5.14303    35.0059    35.0231    27.2805    1487.10    1485.64 0.0000e+00
       6809    285.000     7.9886     7.9870   3.633394   3.634866     2.0049 -9.990e-29      98.43 4.9491e-02 0.0000e+00    79.8924    5.14794    35.0059    35.0233    27.2806    1487.12    1485.65 0.0000e+00
       6832    286.000     7.9881     7.9867   3.633431   3.634895     2.0048 -9.990e-29      98.76 4.9485e-02 0.0000e+00    79.9157    5.14705    35.0064    35.0235    27.2810    1487.13    1485.65 0.0000e+00
       6857    287.000     7.9882     7.9867   3.633475   3.634947     2.0047 -9.990e-29      83.10 4.9506e-02 0.0000e+00    79.9324    5.14881    35.0062    35.0235    27.2809    1487.15    1485.66 0.0000e+00
       6881    288.000     7.9882     7.9868   3.633528   3.634995     2.0046 -9.990e-29      97.56 4.9497e-02 0.0000e+00    79.9024    5.14535    35.0063    35.0235    27.2809    1487.17    1485.66 0.0000e+00
       6906    289.000     7.9882     7.9868   3.633574   3.635051     2.0044    -0.0576      88.59 4.9517e-02 0.0000e+00    79.9141    5.14873    35.0063    35.0236    27.2809    1487.18    1485.67 0.0000e+00
       6930    290.000     7.9882     7.9867   3.633626   3.635095     2.0043    -0.0874      93.71 4.9503e-02 0.0000e+00    79.9203    5.14812    35.0064    35.0237    27.2810    1487.20    1485.67 0.0000e+00
       6955    291.000     7.9880     7.9865   3.633671   3.635142     2.0042    -0.0634      62.13 4.9485e-02 0.0000e+00    79.9006    5.14731    35.0066    35.0239    27.2812    1487.22    1485.68 0.0000e+00
       6979    292.000     7.9878     7.9863   3.633727   3.635194     2.0041    -0.0566      89.66 4.9485e-02 0.0000e+00    79.9235    5.15010    35.0069    35.0242    27.2815    1487.23    1485.68 0.0000e+00
       7003    293.000     7.9875     7.9860   3.633782   3.635245     2.0038    -0.0589      96.63 4.9479e-02 0.0000e+00    79.9175    5.14522    35.0073    35.0245    27.2818    1487.25    1485.69 0.0000e+00
       7026    294.000     7.9876     7.9860   3.633836   3.635309     2.0035 -9.990e-29      74.05 4.9485e-02 0.0000e+00    79.9277    5.14426    35.0073    35.0248    27.2818    1487.26    1485.70 0.0000e+00
       7050    295.000     7.9877     7.9862   3.633900   3.635355     2.0029 -9.990e-29      70.79 4.9517e-02 0.0000e+00    79.9052    5.14182    35.0075    35.0246    27.2819    1487.28    1485.70 0.0000e+00
       7073    296.000     7.9878     7.9862   3.633947   3.635410     2.0023 -9.990e-29      81.27 4.9477e-02 0.0000e+00    79.8517    5.14198    35.0074    35.0247    27.2818    1487.30    1485.71 0.0000e+00
       7096    297.000     7.9875     7.9860   3.634008   3.635470     2.0024 -9.990e-29      98.86 4.9480e-02 0.0000e+00    79.8470    5.14552    35.0078    35.0250    27.2822    1487.31    1485.71 0.0000e+00
       7119    298.000     7.9873     7.9857   3.634069   3.635532     2.0019 -9.990e-29      59.25 4.9497e-02 0.0000e+00    79.8230    5.14127    35.0082    35.0255    27.2826    1487.33    1485.72 0.0000e+00
       7143    299.000     7.9874     7.9858   3.634138   3.635605     2.0016 -9.990e-29      83.01 4.9493e-02 0.0000e+00    79.8158    5.14222    35.0084    35.0257    27.2827    1487.35    1485.72 0.0000e+00
       7167    300.000     7.9873     7.9857   3.634181   3.635644     2.0012 -9.990e-29      59.91 4.9485e-02 0.0000e+00    79.7359    5.14091    35.0085    35.0258    27.2827    1487.36    1485.73 0.0000e+00
       7191    301.000     7.9872     7.9856   3.634223   3.635692     2.0007 -9.990e-29      71.07 4.9479e-02 0.0000e+00    79.6246    5.13503    35.0085    35.0259    27.2828    1487.38    1485.73 0.0000e+00
       7215    302.000     7.9873     7.9857   3.634271   3.635739     1.9997 -9.990e-29      39.66 4.9506e-02 0.0000e+00    79.5963    5.13306    35.0085    35.0258    27.2827    1487.40    1485.74 0.0000e+00
       7239    303.000     7.9872     7.9857   3.634310   3.635788     1.9991 -9.990e-29      39.01 4.9499e-02 0.0000e+00    79.5657    5.13270    35.0085    35.0259    27.2828    1487.41    1485.74 0.0000e+00
       7263    304.000     7.9871     7.9855   3.634352   3.635819     1.9984 -9.990e-29      46.00 4.9491e-02 0.0000e+00    79.5348    5.12874    35.0086    35.0259    27.2829    1487.43    1485.75 0.0000e+00
