_data/ctd/2022603/sta0164.cnv
* Sea-Bird SBE 9 Data File:
* FileName = C:\Seabird\CTDData\sta0164.hex
* Software Version Seasave V 7.21f
* Temperature SN = 6264
* Conductivity SN = 4928
* Number of Bytes Per Scan = 40
* Number of Voltage Words = 5
* Number of Scans Averaged by the Deck Unit = 1
* NMEA Latitude = 60 52.30 N
* NMEA Longitude = 005 24.95 E
* NMEA UTC (Time) = Feb 12 2022 14:43:30
* NMEA baud rate = 4800
** Ship: R/V "Kristine Bonnevie"
** Station: 0164
** Echodepth: 483
** Log: 0488.443
** Wind-Dir/Force: 52 14
** Air-temp (dry): 4.6
** Weather Sky:
** Sea:
# nquan = 19                                
# nvalues = 476                         
# units = specified
# name 0 = scan: Scan Count
# name 1 = prDM: Pressure, Digiquartz [db]
# name 2 = t068C: Temperature [ITS-68, deg C]
# name 3 = t168C: Temperature, 2 [ITS-68, deg C]
# name 4 = c0S/m: Conductivity [S/m]
# name 5 = c1S/m: Conductivity, 2 [S/m]
# name 6 = sbeox0V: Oxygen raw, SBE 43 [V]
# name 7 = flECO-AFL: Fluorescence, WET Labs ECO-AFL/FL [mg/m^3]
# name 8 = altM: Altimeter [m]
# name 9 = par: PAR/Irradiance, Biospherical/Licor
# name 10 = spar: SPAR/Surface Irradiance
# name 11 = CStarTr0: Beam Transmission, WET Labs C-Star [%]
# name 12 = sbeox0ML/L: Oxygen, SBE 43 [ml/l], WS = 2
# name 13 = sal00: Salinity, Practical [PSU]
# name 14 = sal11: Salinity, Practical, 2 [PSU]
# name 15 = sigma-t00: Density [sigma-t, Kg/m^3 ]
# name 16 = svCM: Sound Velocity [Chen-Millero, m/s]
# name 17 = avgsvCM: Average Sound Velocity [Chen-Millero, m/s], minP = 1, minS = 5
# name 18 = flag: flag
# span 0 =         80,      11392       
# span 1 =      6.000,    481.000       
# span 2 =     7.2970,     9.9748       
# span 3 =     7.2902,     9.9709       
# span 4 =   3.154798,   3.725803       
# span 5 =   3.155371,   3.727251       
# span 6 =     1.6053,     2.4350       
# span 7 =    -0.0778,     0.2865       
# span 8 =       5.09,      99.35       
# span 9 = 4.9361e-02, 3.7856e+00       
# span 10 = 2.3984e+01, 3.3977e+01      
# span 11 =    70.9353,    82.1429      
# span 12 =    3.81938,    6.64279      
# span 13 =    30.6472,    34.9710      
# span 14 =    30.6594,    34.9862      
# span 15 =    23.9533,    27.2002      
# span 16 =    1474.47,    1491.62      
# span 17 =    1474.47,    1487.82      
# span 18 = 0.0000e+00, 0.0000e+00      
# interval = decibars: 1                
# start_time = Feb 12 2022 14:43:32 [System UTC, header]
# bad_flag = -9.990e-29
*END*
[from data line 305]
       7165    311.000     8.3221     8.3207   3.661681   3.662973     1.6575    -0.0534      68.50 4.9506e-02 3.1979e+01    81.6547    3.94099    34.9639    34.9790    27.1968    1488.75    1486.53 0.0000e+00
       7190    312.000     8.3220     8.3206   3.661743   3.663044     1.6570    -0.0619      98.01 4.9503e-02 3.1979e+01    81.6783    3.94130    34.9641    34.9794    27.1971    1488.77    1486.54 0.0000e+00
       7216    313.000     8.3220     8.3205   3.661823   3.663110     1.6569    -0.0685      50.81 4.9500e-02 3.1979e+01    81.7210    3.94476    34.9645    34.9797    27.1974    1488.78    1486.54 0.0000e+00
       7242    314.000     8.3221     8.3207   3.661878   3.663176     1.6570    -0.0702      98.94 4.9503e-02 3.1979e+01    81.7720    3.94808    34.9645    34.9797    27.1974    1488.80    1486.55 0.0000e+00
       7267    315.000     8.3223     8.3208   3.661944   3.663235     1.6572    -0.0656      75.18 4.9484e-02 3.1979e+01    81.8012    3.95147    34.9646    34.9798    27.1974    1488.82    1486.56 0.0000e+00
       7292    316.000     8.3224     8.3210   3.662003   3.663308     1.6579    -0.0524      97.98 4.9483e-02 3.1979e+01    81.7795    3.95292    34.9646    34.9799    27.1974    1488.83    1486.57 0.0000e+00
       7317    317.000     8.3225     8.3210   3.662067   3.663369     1.6579    -0.0534      94.89 4.9511e-02 3.2059e+01    81.8011    3.94833    34.9647    34.9800    27.1975    1488.85    1486.57 0.0000e+00
       7342    318.000     8.3224     8.3210   3.662123   3.663422     1.6575    -0.0677      50.61 4.9506e-02 3.2361e+01    81.7938    3.94669    34.9649    34.9801    27.1976    1488.87    1486.58 0.0000e+00
       7367    319.000     8.3224     8.3209   3.662172   3.663476     1.6574    -0.0671      98.44 4.9467e-02 3.3430e+01    81.4427    3.94768    34.9650    34.9803    27.1977    1488.88    1486.59 0.0000e+00
       7392    320.000     8.3225     8.3210   3.662240   3.663540     1.6572    -0.0547      52.40 4.9498e-02 3.3750e+01    81.7663    3.94737    34.9651    34.9804    27.1978    1488.90    1486.59 0.0000e+00
       7418    321.000     8.3225     8.3210   3.662309   3.663607     1.6571    -0.0670      98.34 4.9511e-02 3.3975e+01    81.7443    3.94862    34.9654    34.9807    27.1980    1488.92    1486.60 0.0000e+00
       7443    322.000     8.3225     8.3212   3.662379   3.663666     1.6571    -0.0664      86.49 4.9489e-02 3.3977e+01    81.7376    3.94891    34.9656    34.9806    27.1982    1488.93    1486.61 0.0000e+00
       7468    323.000     8.3227     8.3212   3.662432   3.663727     1.6569    -0.0610      35.65 4.9506e-02 3.3977e+01    81.6960    3.94830    34.9655    34.9808    27.1981    1488.95    1486.62 0.0000e+00
       7494    324.000     8.3228     8.3213   3.662494   3.663791     1.6566    -0.0645      94.20 4.9514e-02 3.3977e+01    81.6648    3.94781    34.9656    34.9809    27.1981    1488.97    1486.62 0.0000e+00
       7519    325.000     8.3228     8.3213   3.662557   3.663849     1.6568 -9.990e-29      69.80 4.9506e-02 3.3977e+01    81.6943    3.95115    34.9658    34.9810    27.1983    1488.98    1486.63 0.0000e+00
       7544    326.000     8.3229     8.3214   3.662615   3.663913     1.6568 -9.990e-29      98.45 4.9489e-02 3.3977e+01    81.6736    3.95096    34.9659    34.9812    27.1983    1489.00    1486.64 0.0000e+00
       7569    327.000     8.3230     8.3215   3.662672   3.663973     1.6568 -9.990e-29      98.46 4.9498e-02 3.3977e+01    81.6792    3.95300    34.9659    34.9812    27.1983    1489.02    1486.65 0.0000e+00
       7595    328.000     8.3231     8.3216   3.662739   3.664033     1.6570 -9.990e-29      52.37 4.9506e-02 3.3977e+01    81.6256    3.95304    34.9660    34.9813    27.1984    1489.04    1486.65 0.0000e+00
       7620    329.000     8.3231     8.3216   3.662803   3.664095     1.6568 -9.990e-29      95.21 4.9511e-02 3.3977e+01    81.6572    3.94980    34.9662    34.9815    27.1986    1489.05    1486.66 0.0000e+00
       7645    330.000     8.3232     8.3218   3.662853   3.664152     1.6569 -9.990e-29      82.87 4.9511e-02 3.3977e+01    81.6708    3.95487    34.9662    34.9814    27.1985    1489.07    1486.67 0.0000e+00
       7670    331.000     8.3233     8.3219   3.662918   3.664204     1.6570 -9.990e-29      98.77 4.9528e-02 3.3977e+01    81.6609    3.95552    34.9663    34.9814    27.1986    1489.09    1486.67 0.0000e+00
       7695    332.000     8.3234     8.3219   3.662962   3.664256     1.6570    -0.0515      79.84 4.9511e-02 3.3977e+01    81.6586    3.95334    34.9662    34.9815    27.1985    1489.10    1486.68 0.0000e+00
       7720    333.000     8.3234     8.3220   3.663028   3.664322     1.6570    -0.0555      72.59 4.9511e-02 3.3977e+01    81.6409    3.95428    34.9664    34.9816    27.1987    1489.12    1486.69 0.0000e+00
       7745    334.000     8.3234     8.3220   3.663094   3.664388     1.6569    -0.0720      81.17 4.9500e-02 3.3977e+01    81.6185    3.95266    34.9667    34.9818    27.1988    1489.14    1486.70 0.0000e+00
       7770    335.000     8.3235     8.3221   3.663158   3.664447     1.6566    -0.0533      94.86 4.9506e-02 3.3977e+01    81.6132    3.95086    34.9668    34.9819    27.1989    1489.15    1486.70 0.0000e+00
       7795    336.000     8.3236     8.3221   3.663217   3.664510     1.6561    -0.0627      94.55 4.9489e-02 3.3977e+01    81.5906    3.94961    34.9668    34.9821    27.1989    1489.17    1486.71 0.0000e+00
       7820    337.000     8.3237     8.3223   3.663277   3.664578     1.6558 -9.990e-29      54.70 4.9511e-02 3.3977e+01    81.5877    3.94991    34.9669    34.9821    27.1990    1489.19    1486.72 0.0000e+00
       7845    338.000     8.3239     8.3224   3.663345   3.664636     1.6555 -9.990e-29      98.57 4.9497e-02 3.3977e+01    81.5304    3.94839    34.9669    34.9821    27.1990    1489.20    1486.73 0.0000e+00
       7870    339.000     8.3239     8.3225   3.663397   3.664700     1.6553 -9.990e-29      68.48 4.9492e-02 3.3977e+01    81.5280    3.94851    34.9670    34.9823    27.1990    1489.22    1486.73 0.0000e+00
       7895    340.000     8.3241     8.3226   3.663456   3.664750     1.6547    -0.0686      96.77 4.9500e-02 3.3977e+01    81.5209    3.94731    34.9670    34.9822    27.1990    1489.24    1486.74 0.0000e+00
       7920    341.000     8.3241     8.3227   3.663512   3.664810     1.6546    -0.0599      86.12 4.9484e-02 3.3977e+01    81.5141    3.94945    34.9671    34.9823    27.1991    1489.25    1486.75 0.0000e+00
       7945    342.000     8.3243     8.3228   3.663578   3.664875     1.6544    -0.0632      45.30 4.9495e-02 3.3977e+01    81.5095    3.94943    34.9671    34.9824    27.1991    1489.27    1486.75 0.0000e+00
       7971    343.000     8.3243     8.3229   3.663634   3.664932     1.6544    -0.0633      98.17 4.9471e-02 3.3977e+01    81.4987    3.95038    34.9672    34.9824    27.1992    1489.29    1486.76 0.0000e+00
       7996    344.000     8.3245     8.3230   3.663692   3.664994     1.6544    -0.0546      51.52 4.9500e-02 3.3977e+01    81.4697    3.95108    34.9672    34.9825    27.1991    1489.31    1486.77 0.0000e+00
       8021    345.000     8.3245     8.3231   3.663751   3.665053     1.6542 -9.990e-29      91.32 4.9506e-02 3.3977e+01    81.4850    3.94656    34.9673    34.9826    27.1992    1489.32    1486.78 0.0000e+00
       8046    346.000     8.3246     8.3231   3.663814   3.665110     1.6536 -9.990e-29      84.93 4.9495e-02 3.3977e+01    81.4348    3.94898    34.9674    34.9827    27.1993    1489.34    1486.78 0.0000e+00
       8071    347.000     8.3247     8.3232   3.663871   3.665165     1.6539 -9.990e-29      98.79 4.9497e-02 3.3977e+01    81.4467    3.95015    34.9675    34.9827    27.1993    1489.36    1486.79 0.0000e+00
       8096    348.000     8.3248     8.3234   3.663925   3.665225     1.6535    -0.0558      76.29 4.9519e-02 3.3977e+01    81.3993    3.94487    34.9675    34.9827    27.1993    1489.37    1486.80 0.0000e+00
       8120    349.000     8.3249     8.3234   3.663984   3.665279     1.6529    -0.0558      80.12 4.9509e-02 3.3977e+01    81.3601    3.94448    34.9675    34.9828    27.1993    1489.39    1486.81 0.0000e+00
       8145    350.000     8.3250     8.3236   3.664047   3.665344     1.6526    -0.0558      81.63 4.9478e-02 3.3977e+01    81.3403    3.94506    34.9676    34.9828    27.1993    1489.41    1486.81 0.0000e+00
       8170    351.000     8.3251     8.3237   3.664104   3.665392     1.6523    -0.0558      97.13 4.9506e-02 3.3977e+01    81.3344    3.94344    34.9676    34.9827    27.1994    1489.42    1486.82 0.0000e+00
       8195    352.000     8.3251     8.3237   3.664153   3.665450     1.6519    -0.0545      98.79 4.9509e-02 3.3977e+01    81.3195    3.94046    34.9677    34.9829    27.1994    1489.44    1486.83 0.0000e+00
       8219    353.000     8.3252     8.3238   3.664214   3.665513     1.6512    -0.0496      54.66 4.9511e-02 3.3977e+01    81.3055    3.94007    34.9678    34.9830    27.1994    1489.46    1486.84 0.0000e+00
       8244    354.000     8.3254     8.3240   3.664270   3.665563     1.6508    -0.0612      99.35 4.9517e-02 3.3977e+01    81.2999    3.94140    34.9677    34.9828    27.1993    1489.47    1486.84 0.0000e+00
       8269    355.000     8.3255     8.3241   3.664320   3.665627     1.6506    -0.0481      98.31 4.9511e-02 3.3977e+01    81.2562    3.93921    34.9676    34.9829    27.1993    1489.49    1486.85 0.0000e+00
       8294    356.000     8.3255     8.3242   3.664378   3.665672     1.6501    -0.0462      42.52 4.9489e-02 3.3977e+01    81.2312    3.93892    34.9678    34.9828    27.1994    1489.51    1486.86 0.0000e+00
       8319    357.000     8.3256     8.3242   3.664437   3.665739     1.6499 -9.990e-29      89.20 7.2436e-02 3.3977e+01    81.2283    3.94126    34.9678    34.9831    27.1994    1489.52    1486.87 0.0000e+00
       8344    358.000     8.3257     8.3243   3.664495   3.665795     1.6498 -9.990e-29      45.71 4.9470e-02 3.3977e+01    81.2422    3.94134    34.9679    34.9831    27.1995    1489.54    1486.87 0.0000e+00
       8368    359.000     8.3257     8.3243   3.664559   3.665858     1.6497 -9.990e-29      75.86 4.9522e-02 3.3977e+01    81.2583    3.94412    34.9681    34.9833    27.1996    1489.56    1486.88 0.0000e+00
       8393    360.000     8.3259     8.3244   3.664615   3.665912     1.6499    -0.0554      59.94 4.9500e-02 3.3977e+01    81.2608    3.94259    34.9680    34.9833    27.1995    1489.58    1486.89 0.0000e+00
       8417    361.000     8.3260     8.3246   3.664670   3.665969     1.6495    -0.0520      70.00 4.9480e-02 3.3977e+01    81.2748    3.94005    34.9680    34.9832    27.1995    1489.59    1486.90 0.0000e+00
       8441    362.000     8.3261     8.3246   3.664736   3.666027     1.6494    -0.0630      94.21 4.9514e-02 3.3977e+01    81.2956    3.94246    34.9681    34.9834    27.1996    1489.61    1486.90 0.0000e+00
       8466    363.000     8.3262     8.3247   3.664787   3.666087     1.6495    -0.0646      80.93 4.9495e-02 3.3977e+01    81.2881    3.94746    34.9681    34.9834    27.1996    1489.63    1486.91 0.0000e+00
       8490    364.000     8.3263     8.3248   3.664848   3.666140     1.6498    -0.0532      85.68 4.9520e-02 3.3977e+01    81.2783    3.94595    34.9682    34.9834    27.1996    1489.64    1486.92 0.0000e+00
       8515    365.000     8.3264     8.3249   3.664894   3.666205     1.6496 -9.990e-29      88.61 4.9491e-02 3.3888e+01    81.2591    3.94406    34.9681    34.9835    27.1995    1489.66    1486.93 0.0000e+00
       8539    366.000     8.3265     8.3250   3.664961   3.666253     1.6495 -9.990e-29      98.70 4.9495e-02 3.3088e+01    81.2529    3.94168    34.9682    34.9835    27.1996    1489.68    1486.93 0.0000e+00
       8564    367.000     8.3265     8.3251   3.665015   3.666314     1.6489 -9.990e-29      38.84 4.9467e-02 3.2803e+01    81.2288    3.93795    34.9683    34.9835    27.1997    1489.69    1486.94 0.0000e+00
       8589    368.000     8.3266     8.3252   3.665070   3.666366     1.6484 -9.990e-29      86.84 4.9516e-02 3.2121e+01    81.2057    3.94078    34.9684    34.9835    27.1997    1489.71    1486.95 0.0000e+00
       8613    369.000     8.3267     8.3253   3.665125   3.666426     1.6484 -9.990e-29      53.53 4.9520e-02 3.1980e+01    81.2057    3.94314    34.9684    34.9836    27.1997    1489.73    1486.96 0.0000e+00
       8638    370.000     8.3269     8.3254   3.665196   3.666493     1.6483 -9.990e-29      72.28 4.9514e-02 3.1979e+01    81.1711    3.94258    34.9685    34.9837    27.1997    1489.74    1486.96 0.0000e+00
       8662    371.000     8.3270     8.3255   3.665243   3.666548     1.6484 -9.990e-29      70.83 4.9479e-02 3.1979e+01    81.1709    3.94649    34.9684    34.9837    27.1996    1489.76    1486.97 0.0000e+00
       8686    372.000     8.3270     8.3256   3.665302   3.666602     1.6486 -9.990e-29      59.56 4.9491e-02 3.1979e+01    81.1780    3.94525    34.9685    34.9837    27.1998    1489.78    1486.98 0.0000e+00
       8710    373.000     8.3272     8.3258   3.665365   3.666658     1.6484    -0.0557      87.21 4.9497e-02 3.1979e+01    81.2168    3.94423    34.9685    34.9837    27.1997    1489.79    1486.99 0.0000e+00
       8733    374.000     8.3272     8.3258   3.665415   3.666723     1.6480    -0.0558      49.28 4.9503e-02 3.1979e+01    81.1822    3.93917    34.9686    34.9839    27.1998    1489.81    1486.99 0.0000e+00
       8757    375.000     8.3274     8.3259   3.665475   3.666770     1.6480    -0.0558      98.61 4.9526e-02 3.1979e+01    81.1581    3.94426    34.9686    34.9838    27.1997    1489.83    1487.00 0.0000e+00
       8782    376.000     8.3275     8.3261   3.665534   3.666836     1.6477    -0.0558      51.01 4.9503e-02 3.1979e+01    81.1460    3.93929    34.9686    34.9838    27.1997    1489.85    1487.01 0.0000e+00
       8806    377.000     8.3276     8.3262   3.665596   3.666891     1.6472    -0.0576      92.87 4.9520e-02 3.1979e+01    81.1353    3.94027    34.9687    34.9838    27.1998    1489.86    1487.02 0.0000e+00
       8830    378.000     8.3277     8.3262   3.665654   3.666944     1.6468 -9.990e-29      65.85 4.9479e-02 3.1979e+01    81.1272    3.93676    34.9687    34.9839    27.1998    1489.88    1487.02 0.0000e+00
       8854    379.000     8.3278     8.3264   3.665712   3.667009     1.6468 -9.990e-29      80.72 4.9523e-02 3.1979e+01    81.1191    3.94130    34.9688    34.9840    27.1998    1489.90    1487.03 0.0000e+00
       8878    380.000     8.3280     8.3265   3.665780   3.667073     1.6463 -9.990e-29      81.60 4.9497e-02 3.1979e+01    81.0889    3.93881    34.9688    34.9841    27.1998    1489.91    1487.04 0.0000e+00
       8902    381.000     8.3281     8.3267   3.665835   3.667135     1.6462    -0.0492      73.44 4.9497e-02 3.1979e+01    81.0184    3.94042    34.9688    34.9841    27.1998    1489.93    1487.05 0.0000e+00
       8927    382.000     8.3282     8.3268   3.665899   3.667193     1.6461    -0.0434      93.34 4.9511e-02 3.1979e+01    81.0293    3.94161    34.9690    34.9841    27.1999    1489.95    1487.05 0.0000e+00
       8951    383.000     8.3283     8.3269   3.665957   3.667258     1.6460    -0.0438      71.54 4.9493e-02 3.1979e+01    81.0536    3.93922    34.9690    34.9842    27.1999    1489.96    1487.06 0.0000e+00
       8975    384.000     8.3284     8.3270   3.666023   3.667309     1.6457    -0.0460      98.86 4.9511e-02 3.1979e+01    81.0603    3.93956    34.9691    34.9842    27.2000    1489.98    1487.07 0.0000e+00
       8999    385.000     8.3285     8.3271   3.666058   3.667364     1.6457    -0.0580      75.70 4.9509e-02 3.1979e+01    81.0223    3.93839    34.9689    34.9842    27.1998    1490.00    1487.08 0.0000e+00
