_data/ctd/2022603/sta0186.cnv
* Sea-Bird SBE 9 Data File:
* FileName = C:\Seabird\CTDData\sta0186.hex
* Software Version Seasave V 7.21f
* Temperature SN = 6264
* Conductivity SN = 4928
* Number of Bytes Per Scan = 40
* Number of Voltage Words = 5
* Number of Scans Averaged by the Deck Unit = 1
* NMEA Latitude = 61 12.13 N
* NMEA Longitude = 007 04.98 E
* NMEA UTC (Time) = Feb 14 2022 10:57:45
* NMEA baud rate = 4800
** Ship: R/V "Kristine Bonnevie"
** Station: 0186
** Echodepth: 260
** Log: 0723.665
** Wind-Dir/Force: 08 01
** Air-temp (dry): 3.2
** Weather Sky:
** Sea:
# nquan = 19                                
# nvalues = 254                         
# units = specified
# name 0 = scan: Scan Count
# name 1 = prDM: Pressure, Digiquartz [db]
# name 2 = t068C: Temperature [ITS-68, deg C]
# name 3 = t168C: Temperature, 2 [ITS-68, deg C]
# name 4 = c0S/m: Conductivity [S/m]
# name 5 = c1S/m: Conductivity, 2 [S/m]
# name 6 = sbeox0V: Oxygen raw, SBE 43 [V]
# name 7 = flECO-AFL: Fluorescence, WET Labs ECO-AFL/FL [mg/m^3]
# name 8 = altM: Altimeter [m]
# name 9 = par: PAR/Irradiance, Biospherical/Licor
# name 10 = spar: SPAR/Surface Irradiance
# name 11 = CStarTr0: Beam Transmission, WET Labs C-Star [%]
# name 12 = sbeox0ML/L: Oxygen, SBE 43 [ml/l], WS = 2
# name 13 = sal00: Salinity, Practical [PSU]
# name 14 = sal11: Salinity, Practical, 2 [PSU]
# name 15 = sigma-t00: Density [sigma-t, Kg/m^3 ]
# name 16 = svCM: Sound Velocity [Chen-Millero, m/s]
# name 17 = avgsvCM: Average Sound Velocity [Chen-Millero, m/s], minP = 1, minS = 5
# name 18 = flag: flag
# span 0 =        106,       5706       
# span 1 =      1.000,    254.000       
# span 2 =     3.6556,    10.1592       
# span 3 =     4.0541,    10.1560       
# span 4 =   2.237090,   3.652716       
# span 5 =   2.410796,   3.654378       
# span 6 =     1.3493,     2.4939       
# span 7 =    -0.0558,     0.8324       
# span 8 =       6.57,      99.15       
# span 9 = 4.9458e-02, 8.9205e+01       
# span 10 = 1.6989e+02, 1.9187e+02      
# span 11 =    76.0351,    81.1948      
# span 12 =    2.86537,    7.74105      
# span 13 =    23.4048,    34.1571      
# span 14 =    25.0946,    34.1732      
# span 15 =    18.6006,    26.5521      
# span 16 =    1450.26,    1488.88      
# span 17 =    1450.26,    1484.31      
# span 18 = 0.0000e+00, 0.0000e+00      
# interval = decibars: 1                
# start_time = Feb 14 2022 10:57:47 [System UTC, header]
# bad_flag = -9.990e-29
*END*
        106      1.000     3.6556     4.0541   2.237090   2.410796     2.4602     0.8324      98.81 8.9205e+01 1.9187e+02    78.9739    7.74105    23.4048    25.0946    18.6006    1450.26    1450.26 0.0000e+00
        165      2.000     4.9074     4.8228   2.664517   2.661218     2.4661     0.7395      98.81 6.6526e+01 1.9187e+02    78.4869    7.46915    27.2948    27.3271    21.5819    1460.57    1455.40 0.0000e+00
        210      3.000     5.6021     5.6032   2.861557   2.864645     2.4879     0.7847      98.82 4.9365e+01 1.9187e+02    76.0351    7.40365    28.9188    28.9522    22.7952    1465.50    1458.75 0.0000e+00
        247      4.000     5.6337     5.6045   2.876307   2.872489     2.4939     0.7728      98.82 3.8334e+01 1.9187e+02    79.0315    7.16366    29.0555    29.0381    22.8997    1465.82    1460.51 0.0000e+00
        274      5.000     6.0637     5.9704   2.938171   2.933549     2.4814     0.7645      98.82 3.0986e+01 1.9187e+02    79.2214    6.99864    29.3692    29.3990    23.0993    1467.97    1462.00 0.0000e+00
        297      6.000     6.3762     6.3460   2.978236   2.978641     2.4753     0.7380      98.81 2.5123e+01 1.9187e+02    79.6681    6.97094    29.5384    29.5690    23.1963    1469.45    1463.24 0.0000e+00
        320      7.000     6.7976     6.9194   3.025064   3.041681     2.4714     0.7043      98.82 2.0566e+01 1.9161e+02    79.6953    6.90411    29.6835    29.7580    23.2593    1471.32    1464.39 0.0000e+00
        343      8.000     6.8027     6.7835   3.032136   3.028472     2.4699     0.6564      98.81 1.6988e+01 1.9096e+02    79.6499    6.88198    29.7553    29.7322    23.3152    1471.45    1465.27 0.0000e+00
        366      9.000     6.0687     6.0586   2.976964   2.974946     2.4630     0.6158      98.81 1.4098e+01 1.9068e+02    79.7113    6.81325    29.7913    29.7779    23.4317    1468.59    1465.63 0.0000e+00
        389     10.000     6.0251     6.0152   2.978920   2.979830     2.4363     0.6138      98.81 1.1817e+01 1.8987e+02    79.8332    6.57418    29.8508    29.8696    23.4837    1468.51    1465.92 0.0000e+00
        411     11.000     6.2788     6.2585   3.006970   3.007506     2.4108     0.5558      98.81 9.9966e+00 1.8987e+02    79.9611    6.59106    29.9365    29.9603    23.5216    1469.65    1466.26 0.0000e+00
        434     12.000     6.7692     6.7475   3.063269   3.066273     2.4036     0.5551      98.81 8.5183e+00 1.8987e+02    80.1196    6.68866    30.1207    30.1724    23.6070    1471.84    1466.72 0.0000e+00
        457     13.000     7.4084     7.3714   3.132679   3.133152     2.4108     0.5346      98.81 7.3132e+00 1.8987e+02    80.1638    6.73951    30.3089    30.3463    23.6727    1474.59    1467.32 0.0000e+00
        480     14.000     7.6835     7.6771   3.169014   3.170532     2.4262     0.5061      98.81 6.3220e+00 1.8987e+02    80.2711    6.73853    30.4556    30.4773    23.7510    1475.85    1467.93 0.0000e+00
        502     15.000     7.5304     7.5655   3.156636   3.160005     2.4329     0.4409      98.81 5.4696e+00 1.8987e+02    80.4075    6.62559    30.4573    30.4625    23.7730    1475.28    1468.42 0.0000e+00
        524     16.000     7.0694     7.0999   3.122129   3.124071     2.4224     0.3727      98.81 4.7529e+00 1.8987e+02    80.5076    6.45737    30.4921    30.4862    23.8611    1473.55    1468.74 0.0000e+00
        547     17.000     7.6603     7.6256   3.202989   3.203613     2.3960     0.3658      98.81 4.1497e+00 1.8987e+02    80.5871    6.21547    30.8364    30.8738    24.0531    1476.29    1469.18 0.0000e+00
        569     18.000     7.8328     7.8251   3.228840   3.230811     2.3801     0.2799      98.81 3.6573e+00 1.8987e+02    80.6430    6.30030    30.9581    30.9858    24.1248    1477.12    1469.62 0.0000e+00
        590     19.000     7.8761     7.8741   3.234321   3.235557     2.3772     0.2050      98.80 3.2437e+00 1.8984e+02    80.7085    6.34568    30.9774    30.9923    24.1339    1477.32    1470.02 0.0000e+00
        612     20.000     7.8788     7.8756   3.235248   3.236353     2.3728     0.1918      98.81 2.8827e+00 -9.990e-29    80.7462    6.28776    30.9844    30.9989    24.1391    1477.36    1470.39 0.0000e+00
        634     21.000     7.9541     7.9424   3.247385   3.248635     2.3638     0.2205      98.80 2.5718e+00 -9.990e-29    80.8541    6.21521    31.0458    31.0694    24.1767    1477.74    1470.74 0.0000e+00
        655     22.000     8.3752     8.3455   3.306987   3.307799     2.3546     0.2263      98.80 2.2948e+00 -9.990e-29    80.8887    6.14241    31.2995    31.3345    24.3154    1479.67    1471.14 0.0000e+00
        676     23.000     8.4710     8.4648   3.326094   3.327473     2.3509     0.1580      69.32 2.0573e+00 -9.990e-29    80.8794    6.16909    31.4141    31.4341    24.3911    1480.19    1471.53 0.0000e+00
        698     24.000     8.7701     8.7478   3.386400   3.387960     2.3496     0.1237      97.61 1.8454e+00 -9.990e-29    80.9046    6.09386    31.7760    31.8122    24.6299    1481.77    1471.95 0.0000e+00
        719     25.000     9.0027     8.9831   3.429370   3.430853     2.3451     0.0963      70.49 1.6625e+00 -9.990e-29    80.9205    6.02145    32.0128    32.0458    24.7797    1482.94    1472.39 0.0000e+00
        740     26.000     9.1343     9.1310   3.451861   3.453609     2.3403     0.0470      95.61 1.5031e+00 -9.990e-29    80.9640    5.96755    32.1265    32.1476    24.8483    1483.59    1472.82 0.0000e+00
        762     27.000     9.1479     9.1457   3.454072   3.455554     2.3328     0.0080      72.31 1.3650e+00 -9.990e-29    80.9821    5.89747    32.1367    32.1540    24.8541    1483.67    1473.22 0.0000e+00
        783     28.000     9.2144     9.2047   3.466388   3.468079     2.3203     0.0052      94.87 1.2397e+00 -9.990e-29    81.0662    5.80358    32.2034    32.2296    24.8959    1484.01    1473.60 0.0000e+00
        804     29.000     9.4228     9.4126   3.501650   3.503219     2.3055    -0.0263      73.54 1.1252e+00 1.8792e+02    81.1076    5.73285    32.3777    32.4030    24.9991    1485.01    1473.99 0.0000e+00
        826     30.000     9.5380     9.5277   3.521485   3.523147     2.2944 -9.990e-29      94.43 1.0293e+00 1.8787e+02    81.0992    5.70789    32.4765    32.5028    25.0579    1485.57    1474.37 0.0000e+00
        848     31.000     9.6449     9.6381   3.537181   3.538675     2.2844 -9.990e-29      73.95 9.3811e-01 1.8787e+02    81.0693    5.65891    32.5399    32.5613    25.0901    1486.05    1474.75 0.0000e+00
        869     32.000     9.7767     9.7668   3.557589   3.559443     2.2731 -9.990e-29      94.23 8.5547e-01 1.8787e+02    81.0718    5.58874    32.6284    32.6562    25.1377    1486.65    1475.12 0.0000e+00
        891     33.000     9.8957     9.8891   3.578566   3.580269     2.2606 -9.990e-29      43.60 7.8479e-01 1.8787e+02    81.0334    5.52587    32.7336    32.7569    25.2003    1487.23    1475.48 0.0000e+00
        912     34.000     9.9100     9.9072   3.587803   3.589287     2.2481 -9.990e-29      88.36 7.1854e-01 1.8787e+02    81.0129    5.47436    32.8141    32.8317    25.2608    1487.40    1475.83 0.0000e+00
        934     35.000     9.9353     9.9290   3.599560   3.601282     2.2339 -9.990e-29      74.67 6.5758e-01 1.8787e+02    80.9342    5.40157    32.9101    32.9334    25.3316    1487.62    1476.16 0.0000e+00
        956     36.000    10.0396    10.0294   3.621100   3.622748     2.2173 -9.990e-29      75.88 6.1047e-01 1.8787e+02    80.8457    5.32003    33.0333    33.0593    25.4103    1488.16    1476.49 0.0000e+00
        978     37.000    10.1336    10.1281   3.642256   3.643894     2.2006 -9.990e-29      74.85 5.5816e-01 1.8787e+02    80.6992    5.25463    33.1613    33.1830    25.4944    1488.67    1476.82 0.0000e+00
        999     38.000    10.1592    10.1560   3.652716   3.654378     2.1843 -9.990e-29      55.81 5.1115e-01 1.8781e+02    80.5230    5.18811    33.2433    33.2631    25.5540    1488.88    1477.13 0.0000e+00
       1021     39.000    10.0891    10.0936   3.651321   3.652924     2.1658 -9.990e-29      75.21 4.7424e-01 -9.990e-29    80.2178    5.10238    33.2932    33.3053    25.6047    1488.71    1477.43 0.0000e+00
       1042     40.000    10.0182    10.0198   3.649173   3.650789     2.1435 -9.990e-29      36.00 4.3870e-01 -9.990e-29    79.8849    5.00431    33.3362    33.3512    25.6503    1488.52    1477.70 0.0000e+00
       1064     41.000     9.9328     9.9391   3.651002   3.652632     2.1180 -9.990e-29      76.05 4.0274e-01 -9.990e-29    79.4497    4.91318    33.4333    33.4441    25.7404    1488.35    1477.96 0.0000e+00
       1086     42.000     9.7977     9.8031   3.644678   3.646255     2.0922 -9.990e-29      31.92 3.6838e-01 -9.990e-29    79.0188    4.84071    33.4937    33.5048    25.8100    1487.95    1478.20 0.0000e+00
       1108     43.000     9.6863     9.6903   3.640656   3.642231     2.0662    -0.0550      72.86 3.4115e-01 1.8592e+02    78.5900    4.75325    33.5559    33.5683    25.8770    1487.64    1478.42 0.0000e+00
       1129     44.000     9.5873     9.5924   3.636592   3.638153     2.0379    -0.0558      92.94 3.1510e-01 1.8588e+02    78.2018    4.64633    33.6063    33.6175    25.9327    1487.36    1478.62 0.0000e+00
       1151     45.000     9.4700     9.4736   3.630745   3.632279     2.0078    -0.0558      75.84 2.8842e-01 1.8588e+02    77.8349    4.53711    33.6556    33.6680    25.9904    1487.00    1478.80 0.0000e+00
       1173     46.000     9.3874     9.3897   3.626895   3.628398     1.9747    -0.0558      92.72 2.6566e-01 1.8588e+02    77.5470    4.41191    33.6931    33.7065    26.0331    1486.76    1478.98 0.0000e+00
       1195     47.000     9.3171     9.3188   3.623498   3.625019     1.9399    -0.0542      70.90 2.4804e-01 1.8588e+02    77.3236    4.30137    33.7238    33.7379    26.0685    1486.56    1479.14 0.0000e+00
       1216     48.000     9.2313     9.2384   3.619094   3.620604     1.9061 -9.990e-29      86.89 2.3135e-01 1.8588e+02    77.1817    4.20722    33.7587    33.7677    26.1096    1486.31    1479.28 0.0000e+00
       1238     49.000     9.0799     9.0843   3.611796   3.613272     1.8730 -9.990e-29      68.28 2.1022e-01 1.8588e+02    77.0446    4.11600    33.8259    33.8371    26.1864    1485.85    1479.42 0.0000e+00
       1260     50.000     9.0144     9.0166   3.608082   3.609612     1.8392 -9.990e-29      71.69 1.9879e-01 1.8588e+02    76.9674    4.01352    33.8490    33.8629    26.2149    1485.65    1479.54 0.0000e+00
       1282     51.000     8.9647     8.9675   3.605167   3.606698     1.8071 -9.990e-29      98.62 1.8365e-01 1.8588e+02    76.9181    3.92782    33.8654    33.8788    26.2356    1485.50    1479.66 0.0000e+00
       1304     52.000     8.8843     8.8864   3.600804   3.602299     1.7763 -9.990e-29      74.11 1.7007e-01 1.8588e+02    76.9295    3.83873    33.8960    33.9097    26.2723    1485.26    1479.77 0.0000e+00
       1326     53.000     8.8655     8.8646   3.600049   3.601539     1.7453 -9.990e-29      98.73 1.5784e-01 1.8588e+02    76.9545    3.74613    33.9056    33.9221    26.2827    1485.22    1479.87 0.0000e+00
       1348     54.000     8.8311     8.8317   3.598318   3.599789     1.7159 -9.990e-29      55.14 1.4858e-01 1.8588e+02    77.0185    3.67170    33.9199    33.9348    26.2993    1485.13    1479.97 0.0000e+00
       1370     55.000     8.7910     8.7915   3.596138   3.597608     1.6878 -9.990e-29      97.91 1.3400e-01 1.8588e+02    77.1132    3.61265    33.9349    33.9499    26.3174    1485.01    1480.06 0.0000e+00
       1392     56.000     8.7469     8.7475   3.593216   3.594669     1.6639    -0.0308      98.75 1.2169e-01 1.8588e+02    77.1963    3.58610    33.9460    33.9607    26.3329    1484.88    1480.14 0.0000e+00
       1414     57.000     8.7154     8.7153   3.591496   3.592918     1.6444    -0.0323      98.71 1.1658e-01 1.8588e+02    77.2977    3.56366    33.9577    33.9727    26.3470    1484.79    1480.22 0.0000e+00
       1435     58.000     8.6732     8.6740   3.588329   3.589708     1.6277    -0.0352      95.56 1.0855e-01 1.8543e+02    77.4306    3.52658    33.9644    33.9782    26.3588    1484.66    1480.30 0.0000e+00
       1457     59.000     8.6302     8.6298   3.585352   3.586783     1.6109    -0.0385      92.72 1.0370e-01 1.8533e+02    77.5566    3.47878    33.9739    33.9894    26.3729    1484.53    1480.37 0.0000e+00
       1479     60.000     8.6074     8.6071   3.583949   3.585337     1.5945    -0.0367      91.67 9.4153e-02 1.8435e+02    77.7232    3.42488    33.9805    33.9955    26.3816    1484.47    1480.44 0.0000e+00
       1501     61.000     8.5666     8.5670   3.580960   3.582375     1.5774    -0.0337      88.78 8.7477e-02 1.8389e+02    77.8824    3.36016    33.9878    34.0023    26.3936    1484.34    1480.50 0.0000e+00
       1523     62.000     8.5353     8.5352   3.578603   3.580023     1.5590    -0.0313      78.04 8.0366e-02 1.8388e+02    78.0473    3.29998    33.9926    34.0077    26.4022    1484.25    1480.56 0.0000e+00
       1545     63.000     8.5107     8.5100   3.577077   3.578490     1.5415    -0.0319      77.92 7.5605e-02 1.8388e+02    78.2138    3.24794    33.9997    34.0153    26.4115    1484.18    1480.62 0.0000e+00
       1568     64.000     8.4974     8.4961   3.576271   3.577670     1.5232    -0.0295      98.79 7.0357e-02 1.8388e+02    78.3567    3.17848    34.0035    34.0195    26.4166    1484.15    1480.68 0.0000e+00
       1590     65.000     8.4800     8.4790   3.575254   3.576647     1.5044    -0.0378      71.36 6.3620e-02 1.8388e+02    78.6014    3.12140    34.0090    34.0247    26.4236    1484.11    1480.73 0.0000e+00
       1612     66.000     8.4613     8.4605   3.574220   3.575620     1.4867    -0.0401      86.27 5.9913e-02 1.8388e+02    78.7794    3.08166    34.0157    34.0313    26.4316    1484.07    1480.78 0.0000e+00
       1633     67.000     8.4517     8.4502   3.573572   3.574984     1.4714    -0.0411      72.29 5.7939e-02 1.8388e+02    78.9890    3.05505    34.0176    34.0340    26.4346    1484.05    1480.83 0.0000e+00
       1656     68.000     8.4415     8.4399   3.573255   3.574654     1.4574    -0.0418      89.50 5.6562e-02 1.8388e+02    79.2123    3.03019    34.0236    34.0400    26.4409    1484.03    1480.88 0.0000e+00
       1678     69.000     8.4335     8.4320   3.572887   3.574280     1.4454    -0.0379      67.95 5.2678e-02 1.8388e+02    79.4743    3.01453    34.0270    34.0432    26.4447    1484.02    1480.92 0.0000e+00
       1700     70.000     8.4291     8.4271   3.572952   3.574349     1.4355    -0.0502      81.89 5.0049e-02 1.8388e+02    79.6968    3.00065    34.0314    34.0482    26.4489    1484.03    1480.96 0.0000e+00
       1721     71.000     8.4350     8.4328   3.574021   3.575420     1.4272    -0.0471      95.78 4.9529e-02 1.8363e+02    79.9760    3.00040    34.0366    34.0535    26.4521    1484.08    1481.01 0.0000e+00
       1743     72.000     8.4337     8.4318   3.574174   3.575568     1.4218    -0.0492      30.10 4.9515e-02 1.8359e+02    80.2255    3.01074    34.0390    34.0556    26.4541    1484.09    1481.05 0.0000e+00
       1765     73.000     8.4310     8.4291   3.574285   3.575682     1.4187    -0.0516      97.28 4.9496e-02 1.8324e+02    80.5127    3.03697    34.0423    34.0589    26.4571    1484.10    1481.09 0.0000e+00
       1787     74.000     8.4294     8.4275   3.574511   3.575914     1.4190    -0.0489      90.22 4.9496e-02 1.8207e+02    80.7766    3.07126    34.0458    34.0625    26.4601    1484.12    1481.13 0.0000e+00
       1809     75.000     8.4282     8.4263   3.574780   3.576167     1.4218    -0.0514      40.07 4.9458e-02 1.8188e+02    80.9683    3.09955    34.0493    34.0658    26.4631    1484.13    1481.17 0.0000e+00
       1831     76.000     8.4246     8.4227   3.574609   3.575995     1.4256 -9.990e-29      73.76 4.9483e-02 1.8188e+02    81.0596    3.12211    34.0505    34.0670    26.4646    1484.14    1481.21 0.0000e+00
