_data/ctd/2022603/sta0158.cnv
* Sea-Bird SBE 9 Data File:
* FileName = C:\Seabird\CTDData\sta0158.hex
* Software Version Seasave V 7.21f
* Temperature SN = 6264
* Conductivity SN = 4928
* Number of Bytes Per Scan = 40
* Number of Voltage Words = 5
* Number of Scans Averaged by the Deck Unit = 1
* NMEA Latitude = 59 27.60 N
* NMEA Longitude = 005 08.62 E
* NMEA UTC (Time) = Feb 11 2022 06:28:12
* NMEA baud rate = 4800
** Ship: R/V "Kristine Bonnevie"
** Station: 0158
** Echodepth: 140
** Log: 0253.585
** Wind-Dir/Force: 00 22
** Air-temp (dry): 1.9
** Weather Sky:
** Sea:
# nquan = 19                                
# nvalues = 126                         
# units = specified
# name 0 = scan: Scan Count
# name 1 = prDM: Pressure, Digiquartz [db]
# name 2 = t068C: Temperature [ITS-68, deg C]
# name 3 = t168C: Temperature, 2 [ITS-68, deg C]
# name 4 = c0S/m: Conductivity [S/m]
# name 5 = c1S/m: Conductivity, 2 [S/m]
# name 6 = sbeox0V: Oxygen raw, SBE 43 [V]
# name 7 = flECO-AFL: Fluorescence, WET Labs ECO-AFL/FL [mg/m^3]
# name 8 = altM: Altimeter [m]
# name 9 = par: PAR/Irradiance, Biospherical/Licor
# name 10 = spar: SPAR/Surface Irradiance
# name 11 = CStarTr0: Beam Transmission, WET Labs C-Star [%]
# name 12 = sbeox0ML/L: Oxygen, SBE 43 [ml/l], WS = 2
# name 13 = sal00: Salinity, Practical [PSU]
# name 14 = sal11: Salinity, Practical, 2 [PSU]
# name 15 = sigma-t00: Density [sigma-t, Kg/m^3 ]
# name 16 = svCM: Sound Velocity [Chen-Millero, m/s]
# name 17 = avgsvCM: Average Sound Velocity [Chen-Millero, m/s], minP = 1, minS = 5
# name 18 = flag: flag
# span 0 =       -252,       3267       
# span 1 =      3.000,    128.000       
# span 2 =     7.1664,     8.1082       
# span 3 =     7.1651,     8.1067       
# span 4 =   3.440755,   3.613528       
# span 5 =   3.441249,   3.614464       
# span 6 =     2.2034,     2.5488       
# span 7 =    -0.0678,     0.3398       
# span 8 =       0.67,     100.11       
# span 9 = 4.9395e-02, 6.6906e-01       
# span 10 = 0.0000e+00, 0.0000e+00      
# span 11 =    77.8637,    81.0776      
# span 12 =    5.69888,    6.93963      
# span 13 =    33.8592,    34.8388      
# span 14 =    33.8676,    34.8504      
# span 15 =    26.4951,    27.1482      
# span 16 =    1477.96,    1484.35      
# span 17 =    1477.96,    1481.88      
# span 18 = 0.0000e+00, 0.0000e+00      
# interval = decibars: 1                
# start_time = Feb 11 2022 06:28:14 [System UTC, header]
# bad_flag = -9.990e-29
*END*
       -252      3.000     7.1779     7.1737   3.440810   3.441249     2.5469     0.2604       0.67 6.6906e-01 0.0000e+00    79.5826    6.93803    33.8600    33.8689    26.4965    1477.96    1477.96 0.0000e+00
        357      4.000     7.1801     7.1774   3.441000   3.441660     2.5482     0.3272       1.94 5.6471e-01 0.0000e+00    79.7880    6.93634    33.8594    33.8692    26.4957    1477.99    1477.97 0.0000e+00
        466      5.000     7.1789     7.1771   3.440936   3.441676     2.5488 -9.990e-29       2.21 3.6073e-01 0.0000e+00    79.7992    6.93963    33.8594    33.8692    26.4959    1478.00    1477.97 0.0000e+00
        474      6.000     7.1767     7.1754   3.440779   3.441568     2.5484 -9.990e-29       2.03 3.4373e-01 0.0000e+00    79.8309    6.93235    33.8593    33.8692    26.4961    1478.01    1477.98 0.0000e+00
        571      7.000     7.1778     7.1766   3.440921   3.441568     2.5466     0.3322       1.63 1.4987e-01 0.0000e+00    79.6714    6.93577    33.8593    33.8676    26.4960    1478.03    1477.99 0.0000e+00
        604      8.000     7.1787     7.1772   3.441053   3.441849     2.5461     0.3377       1.52 1.0344e-01 0.0000e+00    79.8131    6.93154    33.8594    33.8696    26.4959    1478.05    1477.99 0.0000e+00
        623      9.000     7.1774     7.1760   3.440982   3.441758     2.5456     0.3136      55.08 8.6184e-02 0.0000e+00    79.8459    6.92616    33.8594    33.8692    26.4961    1478.06    1478.00 0.0000e+00
        644     10.000     7.1768     7.1759   3.441021   3.441835     2.5448     0.2948      98.19 6.8028e-02 0.0000e+00    79.8724    6.92854    33.8599    33.8697    26.4966    1478.07    1478.01 0.0000e+00
        669     11.000     7.1973     7.1932   3.443118   3.443726     2.5443     0.3267      83.55 7.2882e-02 0.0000e+00    79.9122    6.92299    33.8622    33.8729    26.4956    1478.17    1478.02 0.0000e+00
        703     12.000     7.1929     7.1916   3.442702   3.443453     2.5436     0.2880      78.45 6.3214e-02 0.0000e+00    79.9650    6.92592    33.8615    33.8710    26.4956    1478.17    1478.04 0.0000e+00
        734     13.000     7.1924     7.1918   3.442752   3.443636     2.5432 -9.990e-29      99.57 5.1091e-02 0.0000e+00    79.9698    6.92643    33.8621    33.8723    26.4961    1478.18    1478.05 0.0000e+00
        756     14.000     7.1963     7.1977   3.443091   3.444137     2.5431 -9.990e-29      40.67 4.9452e-02 0.0000e+00    79.9826    6.92810    33.8614    33.8715    26.4951    1478.22    1478.06 0.0000e+00
        776     15.000     7.1782     7.1788   3.441401   3.442266     2.5431 -9.990e-29      98.60 4.9540e-02 0.0000e+00    79.9776    6.93225    33.8602    33.8691    26.4966    1478.16    1478.07 0.0000e+00
        793     16.000     7.1751     7.1725   3.441163   3.441824     2.5431     0.3312      75.61 4.9516e-02 0.0000e+00    79.9644    6.93111    33.8602    33.8700    26.4970    1478.16    1478.07 0.0000e+00
        811     17.000     7.1743     7.1709   3.441145   3.441749     2.5425     0.3040      79.30 4.9493e-02 0.0000e+00    79.9958    6.92684    33.8603    33.8702    26.4972    1478.18    1478.08 0.0000e+00
        830     18.000     7.1766     7.1763   3.441372   3.442261     2.5423     0.2852      41.43 4.9497e-02 0.0000e+00    79.9576    6.92491    33.8600    33.8700    26.4967    1478.20    1478.08 0.0000e+00
        849     19.000     7.1738     7.1724   3.441135   3.441931     2.5414     0.2846      97.35 4.9524e-02 0.0000e+00    79.9676    6.92578    33.8597    33.8698    26.4968    1478.21    1478.09 0.0000e+00
        873     20.000     7.1747     7.1740   3.441267   3.442128     2.5412     0.3372      68.78 4.9500e-02 0.0000e+00    79.9736    6.92738    33.8598    33.8699    26.4968    1478.23    1478.10 0.0000e+00
        898     21.000     7.1747     7.1742   3.441306   3.442179     2.5408     0.3398      48.06 4.9491e-02 0.0000e+00    80.0007    6.92762    33.8597    33.8697    26.4967    1478.24    1478.11 0.0000e+00
        918     22.000     7.1727     7.1740   3.441151   3.442195     2.5405     0.3374      95.08 4.9505e-02 0.0000e+00    79.9781    6.93174    33.8595    33.8696    26.4968    1478.25    1478.11 0.0000e+00
        934     23.000     7.1748     7.1732   3.441399   3.442161     2.5409     0.3348      87.42 4.9504e-02 0.0000e+00    79.9930    6.93190    33.8596    33.8695    26.4966    1478.28    1478.12 0.0000e+00
        949     24.000     7.1741     7.1728   3.441397   3.442198     2.5404     0.3361      57.36 4.9458e-02 0.0000e+00    79.9975    6.92649    33.8598    33.8699    26.4969    1478.29    1478.13 0.0000e+00
        962     25.000     7.1681     7.1664   3.440903   3.441549     2.5401     0.3228      81.03 4.9514e-02 0.0000e+00    79.9823    6.92830    33.8598    33.8686    26.4977    1478.28    1478.13 0.0000e+00
        975     26.000     7.1664     7.1651   3.440755   3.441564     2.5399     0.2822      26.19 4.9496e-02 0.0000e+00    79.9798    6.92858    33.8594    33.8695    26.4976    1478.29    1478.14 0.0000e+00
        998     27.000     7.1671     7.1662   3.440846   3.441721     2.5395     0.2907      90.47 4.9496e-02 0.0000e+00    79.9813    6.92934    33.8592    33.8697    26.4974    1478.31    1478.15 0.0000e+00
       1040     28.000     7.1743     7.1728   3.441655   3.442527     2.5393     0.3236      98.82 4.9519e-02 0.0000e+00    79.9664    6.93533    33.8605    33.8715    26.4974    1478.36    1478.15 0.0000e+00
       1067     29.000     7.1940     7.1901   3.443712   3.444219     2.5398     0.2903      98.83 4.9508e-02 0.0000e+00    80.0005    6.93518    33.8631    33.8725    26.4967    1478.45    1478.16 0.0000e+00
       1085     30.000     7.1762     7.1743   3.441912   3.442526     2.5400     0.2870      98.83 4.9509e-02 0.0000e+00    79.9425    6.93741    33.8605    33.8690    26.4971    1478.40    1478.17 0.0000e+00
       1100     31.000     7.1854     7.1774   3.443189   3.443509     2.5400     0.2882      98.83 4.9498e-02 0.0000e+00    80.0013    6.93396    33.8649    33.8762    26.4993    1478.46    1478.18 0.0000e+00
       1113     32.000     7.2108     7.2073   3.446063   3.446816     2.5399     0.2853      98.83 4.9471e-02 0.0000e+00    79.9882    6.92815    33.8709    33.8825    26.5005    1478.58    1478.19 0.0000e+00
       1126     33.000     7.2164     7.2152   3.446767   3.447690     2.5399     0.2888      98.83 4.9513e-02 0.0000e+00    79.9962    6.92464    33.8726    33.8838    26.5011    1478.62    1478.21 0.0000e+00
       1141     34.000     7.2204     7.2224   3.447406   3.448778     2.5391     0.2905      98.83 4.9501e-02 0.0000e+00    79.9912    6.92490    33.8751    33.8882    26.5025    1478.65    1478.22 0.0000e+00
       1163     35.000     7.2152     7.2167   3.446711   3.447757     2.5392     0.2874      98.83 4.9514e-02 0.0000e+00    79.9888    6.92870    33.8722    33.8821    26.5009    1478.65    1478.23 0.0000e+00
       1192     36.000     7.2128     7.2111   3.446403   3.447188     2.5385     0.2996      98.83 4.9502e-02 0.0000e+00    79.9956    6.91732    33.8707    33.8809    26.5001    1478.65    1478.24 0.0000e+00
       1222     37.000     7.2129     7.2120   3.446498   3.447352     2.5372     0.3239      98.83 4.9504e-02 0.0000e+00    80.0399    6.91986    33.8711    33.8813    26.5004    1478.67    1478.25 0.0000e+00
       1249     38.000     7.2960     7.2911   3.459500   3.461371     2.5371     0.2874      98.25 4.9490e-02 0.0000e+00    80.0368    6.91259    33.9309    33.9561    26.5359    1479.08    1478.28 0.0000e+00
       1273     39.000     7.4884     7.4859   3.488452   3.490197     2.5374     0.2723      49.32 4.9474e-02 0.0000e+00    79.9925    6.89418    34.0564    34.0778    26.6074    1479.99    1478.32 0.0000e+00
       1291     40.000     7.5437     7.5403   3.496944   3.497753     2.5402     0.2129      98.75 8.3442e-02 0.0000e+00    80.0848    6.90232    34.0937    34.1058    26.6288    1480.27    1478.37 0.0000e+00
       1307     41.000     7.5826     7.5756   3.503524   3.504124     2.5416     0.1385      83.72 5.0703e-02 0.0000e+00    80.1225    6.86262    34.1263    34.1397    26.6489    1480.47    1478.42 0.0000e+00
       1330     42.000     7.6514     7.6439   3.514919   3.515329     2.5371     0.1139      90.94 4.9491e-02 0.0000e+00    80.1167    6.76351    34.1815    34.1933    26.6823    1480.82    1478.48 0.0000e+00
       1368     43.000     7.7031     7.7072   3.525863   3.528571     2.5188     0.1267      89.33 4.9493e-02 0.0000e+00    80.0506    6.60428    34.2484    34.2736    26.7275    1481.12    1478.54 0.0000e+00
       1398     44.000     7.7455     7.7437   3.536648   3.537572     2.4973     0.0954      71.96 4.9470e-02 0.0000e+00    79.9395    6.49258    34.3226    34.3344    26.7796    1481.39    1478.60 0.0000e+00
       1416     45.000     7.7561     7.7535   3.539731   3.540527     2.4835     0.0285      98.73 4.9463e-02 0.0000e+00    79.8414    6.44399    34.3450    34.3561    26.7956    1481.47    1478.67 0.0000e+00
       1432     46.000     7.7982     7.7931   3.548485   3.549289     2.4717     0.0271      88.39 4.9476e-02 0.0000e+00    79.7741    6.39268    34.3974    34.4111    26.8306    1481.71    1478.73 0.0000e+00
       1446     47.000     7.8241     7.8209   3.555270   3.556102     2.4605     0.0214      79.87 4.9498e-02 0.0000e+00    79.7749    6.34677    34.4444    34.4566    26.8638    1481.89    1478.80 0.0000e+00
       1462     48.000     7.8228     7.8216   3.556870   3.557761     2.4476     0.0230      38.57 4.9498e-02 0.0000e+00    79.7112    6.30691    34.4625    34.4733    26.8782    1481.92    1478.86 0.0000e+00
       1495     49.000     7.8243     7.8241   3.558004   3.559299     2.4225     0.0035      73.99 4.9492e-02 0.0000e+00    79.6940    6.22879    34.4727    34.4869    26.8860    1481.95    1478.93 0.0000e+00
       1534     50.000     7.8662     7.8642   3.567283   3.568315     2.3938    -0.0113      98.00 4.9483e-02 0.0000e+00    79.6375    6.15371    34.5308    34.5439    26.9255    1482.20    1478.99 0.0000e+00
       1553     51.000     7.8741     7.8713   3.569859   3.570574     2.3830    -0.0096      65.46 4.9518e-02 0.0000e+00    79.6338    6.14350    34.5502    34.5607    26.9396    1482.27    1479.06 0.0000e+00
       1568     52.000     7.9254     7.9161   3.579738   3.580308     2.3754    -0.0218      90.78 4.9488e-02 0.0000e+00    79.6532    6.11836    34.6052    34.6206    26.9752    1482.55    1479.12 0.0000e+00
       1582     53.000     7.9768     7.9731   3.586638   3.587673     2.3683    -0.0119      99.01 4.9489e-02 0.0000e+00    79.6864    6.09134    34.6280    34.6428    26.9854    1482.79    1479.19 0.0000e+00
       1598     54.000     7.9905     7.9885   3.588575   3.589564     2.3604    -0.0389      98.82 4.9479e-02 0.0000e+00    79.9985    6.07366    34.6347    34.6473    26.9887    1482.87    1479.26 0.0000e+00
       1627     55.000     7.9978     7.9956   3.589584   3.590447     2.3479    -0.0465      64.70 4.9483e-02 0.0000e+00    80.4148    6.03769    34.6379    34.6493    26.9900    1482.91    1479.33 0.0000e+00
       1658     56.000     8.0028     8.0012   3.590197   3.591135     2.3346    -0.0495     100.11 5.8595e-02 0.0000e+00    80.6165    5.99842    34.6390    34.6507    26.9902    1482.95    1479.39 0.0000e+00
       1679     57.000     8.0025     8.0013   3.590168   3.591119     2.3266    -0.0381      69.98 4.9395e-02 0.0000e+00    80.7173    5.99261    34.6385    34.6499    26.9898    1482.97    1479.45 0.0000e+00
       1697     58.000     8.0048     8.0030   3.590466   3.591370     2.3214    -0.0454      60.28 4.9493e-02 0.0000e+00    80.7740    5.99370    34.6389    34.6504    26.9898    1482.99    1479.51 0.0000e+00
       1717     59.000     8.0108     8.0088   3.591325   3.592277     2.3167    -0.0502      92.29 4.9490e-02 0.0000e+00    80.8291    5.99093    34.6417    34.6539    26.9911    1483.03    1479.57 0.0000e+00
       1742     60.000     8.0134     8.0119   3.592984   3.593972     2.3121    -0.0431      80.79 4.9492e-02 0.0000e+00    80.8680    5.99198    34.6565    34.6686    27.0023    1483.08    1479.63 0.0000e+00
       1771     61.000     8.0030     8.0019   3.592648   3.593567     2.3086    -0.0440      91.93 4.9509e-02 0.0000e+00    80.9315    5.99112    34.6627    34.6736    27.0088    1483.06    1479.69 0.0000e+00
       1793     62.000     8.0051     8.0022   3.594736   3.595654     2.3062    -0.0458      72.28 4.9484e-02 0.0000e+00    80.8548    5.98566    34.6825    34.6953    27.0240    1483.11    1479.74 0.0000e+00
       1810     63.000     8.0333     8.0312   3.599216   3.600164     2.3047    -0.0468      32.87 4.9485e-02 0.0000e+00    80.7226    5.97716    34.7022    34.7144    27.0352    1483.26    1479.80 0.0000e+00
       1824     64.000     8.0300     8.0278   3.599531   3.600433     2.3032    -0.0471      99.69 4.9467e-02 0.0000e+00    80.5665    5.96961    34.7083    34.7202    27.0406    1483.27    1479.85 0.0000e+00
       1840     65.000     8.0399     8.0379   3.600896   3.601883     2.3010    -0.0386      77.21 4.9475e-02 0.0000e+00    80.5190    5.96071    34.7127    34.7253    27.0425    1483.33    1479.91 0.0000e+00
       1864     66.000     8.0810     8.0758   3.606259   3.607039     2.2982    -0.0450      89.80 4.9496e-02 0.0000e+00    80.5084    5.93975    34.7289    34.7425    27.0491    1483.52    1479.96 0.0000e+00
       1895     67.000     8.0639     8.0645   3.605207   3.606196     2.2935    -0.0575      93.72 4.9487e-02 0.0000e+00    80.6340    5.92480    34.7341    34.7441    27.0558    1483.48    1480.01 0.0000e+00
       1919     68.000     8.0553     8.0540   3.604474   3.605439     2.2900 -9.990e-29      39.93 4.9495e-02 0.0000e+00    80.7349    5.92169    34.7343    34.7460    27.0572    1483.46    1480.06 0.0000e+00
       1937     69.000     8.0561     8.0545   3.604626   3.605560     2.2879 -9.990e-29      97.80 4.9493e-02 0.0000e+00    80.6929    5.92040    34.7347    34.7463    27.0573    1483.48    1480.11 0.0000e+00
       1956     70.000     8.0562     8.0552   3.604739   3.605779     2.2861 -9.990e-29      71.85 4.9501e-02 0.0000e+00    80.6272    5.91219    34.7353    34.7474    27.0578    1483.50    1480.16 0.0000e+00
       1979     71.000     8.0593     8.0577   3.605227   3.606203     2.2830 -9.990e-29      88.69 4.9496e-02 0.0000e+00    80.6209    5.90160    34.7370    34.7490    27.0587    1483.53    1480.21 0.0000e+00
       2008     72.000     8.0610     8.0594   3.605609   3.606555     2.2801    -0.0571      92.27 4.9497e-02 0.0000e+00    80.6572    5.89791    34.7389    34.7506    27.0599    1483.56    1480.26 0.0000e+00
       2036     73.000     8.0684     8.0664   3.606675   3.607677     2.2774    -0.0610      99.06 4.9491e-02 0.0000e+00    80.6293    5.89303    34.7425    34.7552    27.0616    1483.61    1480.30 0.0000e+00
       2056     74.000     8.0762     8.0743   3.607921   3.608887     2.2763    -0.0593      98.80 4.9477e-02 0.0000e+00    80.6004    5.89022    34.7476    34.7599    27.0645    1483.66    1480.35 0.0000e+00
       2072     75.000     8.0796     8.0792   3.608465   3.609658     2.2746    -0.0606      71.10 4.9495e-02 0.0000e+00    80.6496    5.88441    34.7496    34.7628    27.0655    1483.69    1480.39 0.0000e+00
       2087     76.000     8.0842     8.0826   3.609113   3.610152     2.2737    -0.0660      76.85 4.9474e-02 0.0000e+00    80.7284    5.88405    34.7515    34.7642    27.0663    1483.73    1480.43 0.0000e+00
       2105     77.000     8.0885     8.0873   3.609750   3.610801     2.2726    -0.0678      97.88 4.9474e-02 0.0000e+00    80.7666    5.88177    34.7536    34.7660    27.0673    1483.76    1480.48 0.0000e+00
       2129     78.000     8.0919     8.0902   3.610305   3.611299     2.2712 -9.990e-29      89.97 4.9482e-02 0.0000e+00    80.8345    5.88020    34.7557    34.7680    27.0684    1483.79    1480.52 0.0000e+00
