_data/ctd/2022603/sta0196.cnv
* Sea-Bird SBE 9 Data File:
* FileName = C:\Seabird\CTDData\sta0196.hex
* Software Version Seasave V 7.21f
* Temperature SN = 6264
* Conductivity SN = 4928
* Number of Bytes Per Scan = 40
* Number of Voltage Words = 5
* Number of Scans Averaged by the Deck Unit = 1
* NMEA Latitude = 61 13.68 N
* NMEA Longitude = 006 34.12 E
* NMEA UTC (Time) = Feb 14 2022 20:11:32
* NMEA baud rate = 4800
** Ship: R/V "Kristine Bonnevie"
** Station: 0196
** Echodepth: 299
** Log: 0774.793
** Wind-Dir/Force: 30 04
** Air-temp (dry): 4.8
** Weather Sky:
** Sea:
# nquan = 19                                
# nvalues = 295                         
# units = specified
# name 0 = scan: Scan Count
# name 1 = prDM: Pressure, Digiquartz [db]
# name 2 = t068C: Temperature [ITS-68, deg C]
# name 3 = t168C: Temperature, 2 [ITS-68, deg C]
# name 4 = c0S/m: Conductivity [S/m]
# name 5 = c1S/m: Conductivity, 2 [S/m]
# name 6 = sbeox0V: Oxygen raw, SBE 43 [V]
# name 7 = flECO-AFL: Fluorescence, WET Labs ECO-AFL/FL [mg/m^3]
# name 8 = altM: Altimeter [m]
# name 9 = par: PAR/Irradiance, Biospherical/Licor
# name 10 = spar: SPAR/Surface Irradiance
# name 11 = CStarTr0: Beam Transmission, WET Labs C-Star [%]
# name 12 = sbeox0ML/L: Oxygen, SBE 43 [ml/l], WS = 2
# name 13 = sal00: Salinity, Practical [PSU]
# name 14 = sal11: Salinity, Practical, 2 [PSU]
# name 15 = sigma-t00: Density [sigma-t, Kg/m^3 ]
# name 16 = svCM: Sound Velocity [Chen-Millero, m/s]
# name 17 = avgsvCM: Average Sound Velocity [Chen-Millero, m/s], minP = 1, minS = 5
# name 18 = flag: flag
# span 0 =        157,       7564       
# span 1 =      1.000,    295.000       
# span 2 =     4.2313,    10.0196       
# span 3 =     4.2040,    10.0163       
# span 4 =   2.635359,   3.708415       
# span 5 =   2.626472,   3.709861       
# span 6 =     1.8933,     2.4994       
# span 7 =    -0.0998,     1.0442       
# span 8 =       1.18,     100.23       
# span 9 = 4.9456e-02, 1.1454e+00       
# span 10 = 0.0000e+00, 0.0000e+00      
# span 11 =    78.8104,    81.8868      
# span 12 =    4.67586,    7.52134      
# span 13 =    27.5232,    34.9692      
# span 14 =    27.4440,    34.9857      
# span 15 =    21.8244,    27.2881      
# span 16 =    1458.02,    1489.15      
# span 17 =    1458.34,    1484.21      
# span 18 = 0.0000e+00, 0.0000e+00      
# interval = decibars: 1                
# start_time = Feb 14 2022 20:11:34 [System UTC, header]
# bad_flag = -9.990e-29
*END*
[from data line 229]
       5901    230.000     7.8403     7.8386   3.610263   3.611629     1.9005    -0.0676      35.18 4.9514e-02 0.0000e+00    81.5847    4.76846    34.9320    34.9484    27.2446    1485.56    1483.73 0.0000e+00
       5924    231.000     7.8368     7.8353   3.610100   3.611471     1.8998    -0.0664      79.87 4.9487e-02 0.0000e+00    81.5423    4.76807    34.9332    34.9495    27.2461    1485.57    1483.74 0.0000e+00
       5948    232.000     7.8340     7.8324   3.609974   3.611341     1.8992    -0.0596      94.65 4.9503e-02 0.0000e+00    81.5421    4.76621    34.9342    34.9505    27.2473    1485.57    1483.75 0.0000e+00
       5972    233.000     7.8312     7.8297   3.609823   3.611207     1.8984    -0.0610      35.80 4.9509e-02 0.0000e+00    81.5080    4.76611    34.9349    34.9513    27.2482    1485.58    1483.76 0.0000e+00
       5996    234.000     7.8280     7.8266   3.609691   3.611061     1.8976    -0.0619      53.80 4.9506e-02 0.0000e+00    81.5227    4.76750    34.9362    34.9523    27.2497    1485.58    1483.77 0.0000e+00
       6021    235.000     7.8238     7.8223   3.609461   3.610834     1.8977    -0.0867      92.74 4.9498e-02 0.0000e+00    81.5284    4.77390    34.9374    34.9537    27.2513    1485.59    1483.77 0.0000e+00
       6047    236.000     7.8199     7.8183   3.609267   3.610619     1.8977    -0.0657      96.00 4.9514e-02 0.0000e+00    81.5292    4.77108    34.9387    34.9549    27.2529    1485.59    1483.78 0.0000e+00
       6073    237.000     7.8160     7.8144   3.609057   3.610437     1.8973    -0.0602      75.44 4.9495e-02 0.0000e+00    81.4996    4.77311    34.9399    34.9564    27.2544    1485.59    1483.79 0.0000e+00
       6099    238.000     7.8117     7.8102   3.608832   3.610200     1.8975    -0.0578      99.36 4.9509e-02 0.0000e+00    81.5097    4.77665    34.9413    34.9575    27.2561    1485.60    1483.80 0.0000e+00
       6125    239.000     7.8097     7.8080   3.608750   3.610115     1.8976    -0.0641      74.49 4.9503e-02 0.0000e+00    81.4819    4.77859    34.9419    34.9583    27.2569    1485.60    1483.80 0.0000e+00
       6150    240.000     7.8084     7.8068   3.608703   3.610082     1.8978    -0.0671      86.55 4.9478e-02 0.0000e+00    81.4875    4.78324    34.9422    34.9587    27.2574    1485.62    1483.81 0.0000e+00
       6175    241.000     7.8065     7.8048   3.608638   3.609991     1.8985    -0.0639      84.36 4.9503e-02 0.0000e+00    81.5059    4.78820    34.9429    34.9592    27.2582    1485.63    1483.82 0.0000e+00
       6199    242.000     7.8050     7.8034   3.608559   3.609936     1.8987    -0.0647      80.58 4.9491e-02 0.0000e+00    81.4959    4.78534    34.9431    34.9595    27.2586    1485.64    1483.83 0.0000e+00
       6222    243.000     7.8044     7.8029   3.608572   3.609963     1.8992    -0.0633      83.48 4.9481e-02 0.0000e+00    81.5128    4.78867    34.9433    34.9598    27.2588    1485.65    1483.83 0.0000e+00
       6245    244.000     7.8026     7.8017   3.608497   3.609903     1.8992    -0.0646      98.43 4.9493e-02 0.0000e+00    81.5064    4.78866    34.9438    34.9599    27.2595    1485.66    1483.84 0.0000e+00
       6268    245.000     7.7996     7.7979   3.608345   3.609706     1.8997    -0.0590      97.59 4.9521e-02 0.0000e+00    81.5229    4.78877    34.9447    34.9611    27.2606    1485.67    1483.85 0.0000e+00
       6290    246.000     7.7984     7.7967   3.608298   3.609667     1.8991    -0.0647      93.08 4.9493e-02 0.0000e+00    81.5281    4.78096    34.9449    34.9614    27.2610    1485.68    1483.86 0.0000e+00
       6313    247.000     7.7919     7.7910   3.607799   3.609181     1.8987    -0.0642      96.66 4.9493e-02 0.0000e+00    81.5217    4.78355    34.9456    34.9614    27.2624    1485.67    1483.86 0.0000e+00
       6336    248.000     7.7857     7.7841   3.607471   3.608834     1.8987    -0.0660      94.73 4.9475e-02 0.0000e+00    81.5603    4.78781    34.9477    34.9640    27.2651    1485.67    1483.87 0.0000e+00
       6360    249.000     7.7845     7.7829   3.607606   3.608975     1.8984    -0.0682      98.73 4.9491e-02 0.0000e+00    81.6106    4.78496    34.9499    34.9663    27.2670    1485.68    1483.88 0.0000e+00
       6384    250.000     7.7816     7.7802   3.607507   3.608890     1.8978    -0.0659      82.27 4.9495e-02 0.0000e+00    81.6824    4.78011    34.9513    34.9676    27.2684    1485.69    1483.89 0.0000e+00
       6408    251.000     7.7794     7.7777   3.607412   3.608783     1.8976    -0.0693      93.58 4.9497e-02 0.0000e+00    81.6924    4.78984    34.9520    34.9684    27.2693    1485.70    1483.89 0.0000e+00
       6433    252.000     7.7776     7.7759   3.607339   3.608685     1.8983    -0.0612      59.47 4.9495e-02 0.0000e+00    81.6451    4.80426    34.9525    34.9687    27.2700    1485.71    1483.90 0.0000e+00
       6458    253.000     7.7771     7.7755   3.607359   3.608750     1.8998    -0.0635      72.49 4.9497e-02 0.0000e+00    81.6374    4.81338    34.9527    34.9693    27.2703    1485.73    1483.91 0.0000e+00
       6482    254.000     7.7760     7.7732   3.607286   3.608532     1.9014    -0.0618      70.92 4.9522e-02 0.0000e+00    81.6197    4.81911    34.9525    34.9688    27.2703    1485.74    1483.91 0.0000e+00
       6506    255.000     7.7716     7.7702   3.606919   3.608313     1.9027    -0.0735      47.92 4.9497e-02 0.0000e+00    81.6227    4.82228    34.9525    34.9689    27.2709    1485.74    1483.92 0.0000e+00
       6530    256.000     7.7714     7.7696   3.606935   3.608311     1.9039    -0.0771      74.93 4.9499e-02 0.0000e+00    81.6274    4.82243    34.9524    34.9690    27.2708    1485.75    1483.93 0.0000e+00
       6554    257.000     7.7705     7.7689   3.606944   3.608317     1.9042    -0.0837      43.31 4.9491e-02 0.0000e+00    81.6702    4.81330    34.9529    34.9693    27.2714    1485.77    1483.94 0.0000e+00
       6577    258.000     7.7690     7.7674   3.606899   3.608273     1.9038    -0.0653      42.65 4.9517e-02 0.0000e+00    81.7134    4.80841    34.9534    34.9699    27.2720    1485.78    1483.94 0.0000e+00
       6600    259.000     7.7673     7.7657   3.606818   3.608189     1.9032    -0.0560      41.84 4.9500e-02 0.0000e+00    81.7140    4.80460    34.9538    34.9702    27.2725    1485.79    1483.95 0.0000e+00
       6622    260.000     7.7656     7.7641   3.606795   3.608179     1.9025 -9.990e-29      40.77 4.9496e-02 0.0000e+00    81.7329    4.80420    34.9547    34.9712    27.2735    1485.80    1483.96 0.0000e+00
       6645    261.000     7.7646     7.7629   3.606774   3.608151     1.9021 -9.990e-29      39.88 4.9506e-02 0.0000e+00    81.7300    4.80618    34.9550    34.9716    27.2739    1485.81    1483.96 0.0000e+00
       6668    262.000     7.7629     7.7613   3.606742   3.608112     1.9018 -9.990e-29      38.87 4.9518e-02 0.0000e+00    81.7449    4.80726    34.9559    34.9723    27.2749    1485.82    1483.97 0.0000e+00
       6691    263.000     7.7622     7.7604   3.606810   3.608176     1.9016    -0.0559      37.84 4.9499e-02 0.0000e+00    81.7449    4.80895    34.9568    34.9734    27.2757    1485.84    1483.98 0.0000e+00
       6715    264.000     7.7627     7.7609   3.607006   3.608374     1.9018    -0.0622      36.71 4.9497e-02 0.0000e+00    81.7440    4.81685    34.9580    34.9745    27.2765    1485.86    1483.98 0.0000e+00
       6738    265.000     7.7610     7.7593   3.606955   3.608320     1.9022    -0.0625      35.66 4.9520e-02 0.0000e+00    81.7342    4.81877    34.9586    34.9751    27.2773    1485.87    1483.99 0.0000e+00
       6762    266.000     7.7602     7.7584   3.606938   3.608296     1.9029    -0.0706      34.61 4.9491e-02 0.0000e+00    81.7061    4.83116    34.9588    34.9752    27.2775    1485.88    1484.00 0.0000e+00
       6786    267.000     7.7588     7.7572   3.606862   3.608227     1.9048    -0.0862      33.64 4.9497e-02 0.0000e+00    81.6956    4.84851    34.9589    34.9752    27.2778    1485.89    1484.01 0.0000e+00
       6811    268.000     7.7570     7.7554   3.606803   3.608176     1.9068    -0.0824      32.55 4.9526e-02 0.0000e+00    81.6964    4.85042    34.9596    34.9760    27.2786    1485.90    1484.01 0.0000e+00
       6835    269.000     7.7566     7.7549   3.606862   3.608241     1.9084    -0.0584      31.59 4.9500e-02 0.0000e+00    81.6794    4.85499    34.9601    34.9767    27.2791    1485.92    1484.02 0.0000e+00
       6860    270.000     7.7564     7.7547   3.606913   3.608278     1.9096    -0.0614      30.55 4.9491e-02 0.0000e+00    81.6810    4.85360    34.9604    34.9768    27.2793    1485.94    1484.03 0.0000e+00
       6884    271.000     7.7564     7.7547   3.607011   3.608383     1.9105    -0.0612      29.55 4.9497e-02 0.0000e+00    81.5263    4.85779    34.9609    34.9775    27.2798    1485.95    1484.03 0.0000e+00
       6908    272.000     7.7540     7.7524   3.606978   3.608356     1.9117    -0.0610      28.53 4.9532e-02 0.0000e+00    81.6863    4.86133    34.9625    34.9790    27.2814    1485.96    1484.04 0.0000e+00
       6931    273.000     7.7536     7.7519   3.607031   3.608402     1.9123    -0.0672      27.52 4.9474e-02 0.0000e+00    81.6755    4.86893    34.9630    34.9795    27.2818    1485.98    1484.05 0.0000e+00
       6955    274.000     7.7531     7.7514   3.607065   3.608437     1.9141    -0.0628      26.63 4.9518e-02 0.0000e+00    81.6752    4.87723    34.9634    34.9799    27.2822    1485.99    1484.06 0.0000e+00
       6978    275.000     7.7519     7.7504   3.607055   3.608434     1.9151    -0.0647      25.57 4.9511e-02 0.0000e+00    81.6723    4.88191    34.9640    34.9804    27.2828    1486.01    1484.06 0.0000e+00
       7001    276.000     7.7510     7.7493   3.607073   3.608456     1.9168    -0.0648      24.69 4.9524e-02 0.0000e+00    81.6458    4.88840    34.9646    34.9812    27.2834    1486.02    1484.07 0.0000e+00
       7025    277.000     7.7511     7.7494   3.607140   3.608503     1.9181    -0.0698      23.60 4.9474e-02 0.0000e+00    81.6325    4.89260    34.9647    34.9811    27.2835    1486.04    1484.08 0.0000e+00
       7048    278.000     7.7510     7.7493   3.607192   3.608567     1.9195    -0.0665      22.68 4.9487e-02 0.0000e+00    81.6335    4.90055    34.9649    34.9815    27.2837    1486.05    1484.08 0.0000e+00
       7070    279.000     7.7509     7.7494   3.607224   3.608617     1.9210    -0.0634      21.62 4.9496e-02 0.0000e+00    81.6270    4.90361    34.9649    34.9814    27.2837    1486.07    1484.09 0.0000e+00
       7094    280.000     7.7507     7.7491   3.607269   3.608649     1.9222    -0.0632      20.70 4.9491e-02 0.0000e+00    81.6163    4.90721    34.9651    34.9816    27.2839    1486.08    1484.10 0.0000e+00
       7117    281.000     7.7507     7.7489   3.607319   3.608687     1.9235    -0.0658      19.63 4.9481e-02 0.0000e+00    81.6013    4.91153    34.9651    34.9817    27.2839    1486.10    1484.11 0.0000e+00
       7140    282.000     7.7501     7.7483   3.607343   3.608711     1.9245    -0.0664      18.68 4.9497e-02 0.0000e+00    81.5940    4.91513    34.9655    34.9821    27.2843    1486.12    1484.11 0.0000e+00
       7164    283.000     7.7499     7.7483   3.607385   3.608759     1.9256    -0.0601      17.67 4.9491e-02 0.0000e+00    81.6088    4.91253    34.9657    34.9821    27.2845    1486.13    1484.12 0.0000e+00
       7189    284.000     7.7493     7.7477   3.607406   3.608779     1.9258    -0.0652      16.64 4.9480e-02 0.0000e+00    81.6001    4.91116    34.9660    34.9824    27.2848    1486.15    1484.13 0.0000e+00
       7213    285.000     7.7485     7.7469   3.607426   3.608799     1.9264    -0.0659      15.67 4.9506e-02 0.0000e+00    81.6214    4.91784    34.9665    34.9830    27.2853    1486.16    1484.13 0.0000e+00
       7238    286.000     7.7483     7.7466   3.607464   3.608838     1.9271    -0.0611      14.61 4.9511e-02 0.0000e+00    81.6373    4.92084    34.9667    34.9832    27.2855    1486.18    1484.14 0.0000e+00
       7263    287.000     7.7477     7.7461   3.607490   3.608860     1.9277    -0.0685      13.57 4.9483e-02 0.0000e+00    81.6565    4.92611    34.9671    34.9835    27.2859    1486.19    1484.15 0.0000e+00
       7288    288.000     7.7472     7.7455   3.607508   3.608894     1.9288    -0.0659      12.61 4.9483e-02 0.0000e+00    81.6443    4.92974    34.9673    34.9839    27.2861    1486.21    1484.16 0.0000e+00
       7313    289.000     7.7464     7.7448   3.607525   3.608895     1.9295    -0.0652      11.67 4.9495e-02 0.0000e+00    81.6667    4.93245    34.9678    34.9842    27.2866    1486.22    1484.16 0.0000e+00
       7339    290.000     7.7458     7.7442   3.607550   3.608925     1.9304    -0.0636      10.61 4.9498e-02 0.0000e+00    81.6527    4.93684    34.9682    34.9846    27.2870    1486.23    1484.17 0.0000e+00
       7363    291.000     7.7455     7.7439   3.607592   3.608961     1.9310    -0.0668       9.62 4.9480e-02 0.0000e+00    81.6384    4.93527    34.9684    34.9848    27.2873    1486.25    1484.18 0.0000e+00
       7388    292.000     7.7454     7.7436   3.607633   3.609003     1.9314    -0.0692       8.60 4.9489e-02 0.0000e+00    81.6519    4.93588    34.9685    34.9851    27.2873    1486.27    1484.18 0.0000e+00
       7413    293.000     7.7447     7.7429   3.607639   3.609014     1.9317    -0.0668       7.62 4.9478e-02 0.0000e+00    81.6404    4.93852    34.9688    34.9854    27.2877    1486.28    1484.19 0.0000e+00
       7438    294.000     7.7439     7.7422   3.607649   3.609021     1.9322    -0.0673       6.62 4.9491e-02 0.0000e+00    81.6453    4.94054    34.9692    34.9857    27.2881    1486.29    1484.20 0.0000e+00
       7564    295.000     7.7437     7.7420   3.607675   3.609043     1.9337    -0.0634       5.40 4.9491e-02 0.0000e+00    81.6031    4.94501    34.9692    34.9857    27.2881    1486.31    1484.21 0.0000e+00
