_data/ctd/2022603/sta0175.cnv
* Sea-Bird SBE 9 Data File:
* FileName = C:\Seabird\CTDData\sta0175.hex
* Software Version Seasave V 7.21f
* Temperature SN = 6264
* Conductivity SN = 4928
* Number of Bytes Per Scan = 40
* Number of Voltage Words = 5
* Number of Scans Averaged by the Deck Unit = 1
* NMEA Latitude = 60 46.47 N
* NMEA Longitude = 005 12.05 E
* NMEA UTC (Time) = Feb 13 2022 02:01:18
* NMEA baud rate = 4800
** Ship: R/V "Kristine Bonnevie"
** Station: 0175
** Echodepth: 469
** Log: 0469.55
** Wind-Dir/Force: 19 19
** Air-temp (dry): 7.4
** Weather Sky:
** Sea:
# nquan = 19                                
# nvalues = 484                         
# units = specified
# name 0 = scan: Scan Count
# name 1 = prDM: Pressure, Digiquartz [db]
# name 2 = t068C: Temperature [ITS-68, deg C]
# name 3 = t168C: Temperature, 2 [ITS-68, deg C]
# name 4 = c0S/m: Conductivity [S/m]
# name 5 = c1S/m: Conductivity, 2 [S/m]
# name 6 = sbeox0V: Oxygen raw, SBE 43 [V]
# name 7 = flECO-AFL: Fluorescence, WET Labs ECO-AFL/FL [mg/m^3]
# name 8 = altM: Altimeter [m]
# name 9 = par: PAR/Irradiance, Biospherical/Licor
# name 10 = spar: SPAR/Surface Irradiance
# name 11 = CStarTr0: Beam Transmission, WET Labs C-Star [%]
# name 12 = sbeox0ML/L: Oxygen, SBE 43 [ml/l], WS = 2
# name 13 = sal00: Salinity, Practical [PSU]
# name 14 = sal11: Salinity, Practical, 2 [PSU]
# name 15 = sigma-t00: Density [sigma-t, Kg/m^3 ]
# name 16 = svCM: Sound Velocity [Chen-Millero, m/s]
# name 17 = avgsvCM: Average Sound Velocity [Chen-Millero, m/s], minP = 1, minS = 5
# name 18 = flag: flag
# span 0 =        140,      13124       
# span 1 =      2.000,    485.000       
# span 2 =     6.4263,     8.7384       
# span 3 =     6.4235,     8.7413       
# span 4 =   3.050650,   3.667144       
# span 5 =   3.050782,   3.668582       
# span 6 =     2.0529,     2.4482       
# span 7 =    -0.0969,     0.2772       
# span 8 =       7.50,      99.79       
# span 9 = 4.9418e-02, 6.3056e-01       
# span 10 = 0.0000e+00, 0.0000e+00      
# span 11 =    80.1202,    81.7777      
# span 12 =    5.19142,    6.83213      
# span 13 =    30.2901,    35.0819      
# span 14 =    30.2940,    35.0980      
# span 15 =    23.7826,    27.3692      
# span 16 =    1470.53,    1489.78      
# span 17 =    1470.53,    1486.62      
# span 18 = 0.0000e+00, 0.0000e+00      
# interval = decibars: 1                
# start_time = Feb 13 2022 02:01:20 [System UTC, header]
# bad_flag = -9.990e-29
*END*
[from data line 305]
       7223    307.000     8.2180     8.2162   3.658928   3.660312     2.1225    -0.0902      81.31 4.9497e-02 0.0000e+00    81.5354    5.52024    35.0399    35.0564    27.2725    1488.39    1485.28 0.0000e+00
       7246    308.000     8.2184     8.2167   3.659032   3.660399     2.1215    -0.0929      96.88 4.9475e-02 0.0000e+00    81.5635    5.52083    35.0401    35.0564    27.2726    1488.40    1485.29 0.0000e+00
       7269    309.000     8.2155     8.2141   3.658822   3.660192     2.1211    -0.0893      93.23 4.9481e-02 0.0000e+00    81.5400    5.52897    35.0403    35.0563    27.2732    1488.41    1485.30 0.0000e+00
       7292    310.000     8.2135     8.2122   3.658711   3.660096     2.1210    -0.0716      94.27 4.9487e-02 0.0000e+00    81.5465    5.52831    35.0406    35.0567    27.2737    1488.42    1485.31 0.0000e+00
       7315    311.000     8.2121     8.2107   3.658631   3.660015     2.1208    -0.0923      93.52 4.9468e-02 0.0000e+00    81.5071    5.52947    35.0407    35.0568    27.2740    1488.43    1485.32 0.0000e+00
       7339    312.000     8.2111     8.2096   3.658597   3.659997     2.1208    -0.0888      90.95 4.9491e-02 0.0000e+00    81.5247    5.53092    35.0408    35.0573    27.2743    1488.44    1485.33 0.0000e+00
       7363    313.000     8.2094     8.2080   3.658521   3.659904     2.1207    -0.0575      89.65 4.9487e-02 0.0000e+00    81.4927    5.53191    35.0412    35.0574    27.2748    1488.45    1485.34 0.0000e+00
       7387    314.000     8.2068     8.2053   3.658335   3.659712     2.1206    -0.0828      72.57 4.9497e-02 0.0000e+00    81.5133    5.52988    35.0413    35.0575    27.2753    1488.46    1485.35 0.0000e+00
       7411    315.000     8.2044     8.2030   3.658204   3.659578     2.1204    -0.0630      39.43 4.9495e-02 0.0000e+00    81.5043    5.53164    35.0419    35.0579    27.2761    1488.47    1485.36 0.0000e+00
       7436    316.000     8.1996     8.1984   3.657815   3.659189     2.1202    -0.0800      83.57 4.9474e-02 0.0000e+00    81.4883    5.52612    35.0420    35.0579    27.2770    1488.47    1485.37 0.0000e+00
       7460    317.000     8.1945     8.1932   3.657374   3.658746     2.1192    -0.0894      51.05 4.9462e-02 0.0000e+00    81.5029    5.52716    35.0419    35.0578    27.2777    1488.47    1485.38 0.0000e+00
       7483    318.000     8.1915     8.1901   3.657196   3.658576     2.1192    -0.0778      56.56 4.9475e-02 0.0000e+00    81.4863    5.53163    35.0425    35.0586    27.2786    1488.47    1485.39 0.0000e+00
       7506    319.000     8.1902     8.1888   3.657186   3.658566     2.1191    -0.0717      65.10 4.9481e-02 0.0000e+00    81.5055    5.52850    35.0432    35.0594    27.2793    1488.48    1485.40 0.0000e+00
       7530    320.000     8.1895     8.1880   3.657184   3.658557     2.1184    -0.0800      59.43 4.9480e-02 0.0000e+00    81.5086    5.52436    35.0434    35.0596    27.2796    1488.50    1485.41 0.0000e+00
       7554    321.000     8.1893     8.1877   3.657222   3.658596     2.1178    -0.0567      80.42 4.9485e-02 0.0000e+00    81.5362    5.52223    35.0435    35.0598    27.2797    1488.51    1485.42 0.0000e+00
       7578    322.000     8.1893     8.1877   3.657264   3.658641     2.1169    -0.0638      44.06 4.9474e-02 0.0000e+00    81.5146    5.52001    35.0435    35.0598    27.2797    1488.53    1485.43 0.0000e+00
       7602    323.000     8.1894     8.1878   3.657334   3.658709     2.1164    -0.0608      96.57 4.9478e-02 0.0000e+00    81.5208    5.52414    35.0437    35.0600    27.2798    1488.55    1485.44 0.0000e+00
       7626    324.000     8.1868     8.1854   3.657142   3.658505     2.1164    -0.0598      38.12 4.9499e-02 0.0000e+00    81.4629    5.52815    35.0437    35.0597    27.2803    1488.55    1485.45 0.0000e+00
       7649    325.000     8.1776     8.1770   3.656216   3.657617     2.1164    -0.0899      80.43 4.9508e-02 0.0000e+00    81.5118    5.52881    35.0425    35.0581    27.2807    1488.53    1485.46 0.0000e+00
       7673    326.000     8.1715     8.1697   3.655730   3.657050     2.1161    -0.0969      98.82 4.9475e-02 0.0000e+00    81.5200    5.52937    35.0430    35.0588    27.2820    1488.53    1485.47 0.0000e+00
       7697    327.000     8.1661     8.1648   3.655228   3.656555     2.1161    -0.0939      85.52 4.9468e-02 0.0000e+00    81.5138    5.52438    35.0425    35.0580    27.2824    1488.52    1485.48 0.0000e+00
       7721    328.000     8.1617     8.1583   3.654892   3.656065     2.1150    -0.0953      96.88 4.9468e-02 0.0000e+00    81.5176    5.51430    35.0428    35.0587    27.2834    1488.52    1485.49 0.0000e+00
       7745    329.000     8.1608     8.1601   3.654796   3.656224     2.1133    -0.0798      92.53 4.9485e-02 0.0000e+00    81.5291    5.50247    35.0422    35.0582    27.2830    1488.54    1485.50 0.0000e+00
       7768    330.000     8.1510     8.1498   3.653857   3.655231     2.1112    -0.0750      94.84 4.9485e-02 0.0000e+00    81.5009    5.49723    35.0415    35.0573    27.2839    1488.52    1485.50 0.0000e+00
       7792    331.000     8.1439     8.1420   3.653148   3.654443     2.1095    -0.0837      74.72 4.9481e-02 0.0000e+00    81.5338    5.49638    35.0405    35.0562    27.2842    1488.50    1485.51 0.0000e+00
       7816    332.000     8.1393     8.1381   3.652707   3.654106     2.1079    -0.0633      48.49 4.9480e-02 0.0000e+00    81.5372    5.49100    35.0399    35.0560    27.2845    1488.50    1485.52 0.0000e+00
       7839    333.000     8.1384     8.1376   3.652682   3.654125     2.1061    -0.0692      92.65 4.9481e-02 0.0000e+00    81.5303    5.48264    35.0400    35.0562    27.2847    1488.52    1485.53 0.0000e+00
       7863    334.000     8.1380     8.1367   3.652703   3.654077     2.1039    -0.0914      73.56 4.9509e-02 0.0000e+00    81.5409    5.47283    35.0402    35.0561    27.2849    1488.53    1485.54 0.0000e+00
       7886    335.000     8.1376     8.1361   3.652721   3.654077     2.1015    -0.0622       7.50 4.9503e-02 0.0000e+00    81.5670    5.46277    35.0403    35.0563    27.2850    1488.55    1485.55 0.0000e+00
       7910    336.000     8.1361     8.1349   3.652626   3.654020     2.0992    -0.0698      83.33 4.9493e-02 0.0000e+00    81.6072    5.45967    35.0403    35.0564    27.2853    1488.56    1485.56 0.0000e+00
       7933    337.000     8.1330     8.1317   3.652423   3.653810     2.0971 -9.990e-29      32.88 4.9469e-02 0.0000e+00    81.5550    5.45741    35.0407    35.0568    27.2861    1488.56    1485.57 0.0000e+00
       7956    338.000     8.1298     8.1286   3.652189   3.653563     2.0956 -9.990e-29      95.07 4.9469e-02 0.0000e+00    81.6133    5.45103    35.0409    35.0568    27.2867    1488.57    1485.58 0.0000e+00
       7980    339.000     8.1243     8.1231   3.651670   3.653036     2.0933 -9.990e-29      40.15 4.9474e-02 0.0000e+00    81.5315    5.44741    35.0404    35.0562    27.2871    1488.56    1485.59 0.0000e+00
       8003    340.000     8.1200     8.1188   3.651282   3.652650     2.0920    -0.0756      33.63 4.9475e-02 0.0000e+00    81.5954    5.44982    35.0400    35.0559    27.2875    1488.56    1485.59 0.0000e+00
       8027    341.000     8.1160     8.1146   3.650915   3.652279     2.0907    -0.0650      77.77 4.9485e-02 0.0000e+00    81.6070    5.44785    35.0396    35.0556    27.2878    1488.56    1485.60 0.0000e+00
       8050    342.000     8.1147     8.1132   3.650841   3.652210     2.0895    -0.0717      48.05 4.9493e-02 0.0000e+00    81.5939    5.44236    35.0397    35.0558    27.2880    1488.57    1485.61 0.0000e+00
       8073    343.000     8.1146     8.1131   3.650904   3.652261     2.0881    -0.0939      72.41 4.9485e-02 0.0000e+00    81.5765    5.43708    35.0399    35.0560    27.2883    1488.59    1485.62 0.0000e+00
       8097    344.000     8.1129     8.1115   3.650784   3.652151     2.0867    -0.0923      55.10 4.9502e-02 0.0000e+00    81.5428    5.43603    35.0399    35.0559    27.2885    1488.60    1485.63 0.0000e+00
       8121    345.000     8.1118     8.1104   3.650737   3.652115     2.0855    -0.0683      67.10 4.9511e-02 0.0000e+00    81.5519    5.43453    35.0400    35.0561    27.2887    1488.61    1485.64 0.0000e+00
       8144    346.000     8.1113     8.1099   3.650766   3.652138     2.0844    -0.0850      97.75 4.9474e-02 0.0000e+00    81.5440    5.43012    35.0403    35.0564    27.2891    1488.63    1485.65 0.0000e+00
       8168    347.000     8.1092     8.1077   3.650620   3.651987     2.0831    -0.0901      80.11 4.9485e-02 0.0000e+00    81.5156    5.42969    35.0404    35.0565    27.2894    1488.64    1485.65 0.0000e+00
       8192    348.000     8.1098     8.1079   3.650858   3.652201     2.0826    -0.0867      96.70 4.9469e-02 0.0000e+00    81.5353    5.43225    35.0418    35.0581    27.2905    1488.66    1485.66 0.0000e+00
       8216    349.000     8.1129     8.1112   3.651446   3.652809     2.0816    -0.0924      86.54 4.9514e-02 0.0000e+00    81.5433    5.42421    35.0446    35.0608    27.2922    1488.69    1485.67 0.0000e+00
       8239    350.000     8.1133     8.1118   3.651673   3.653049     2.0807    -0.0850      95.60 4.9469e-02 0.0000e+00    81.5322    5.43065    35.0461    35.0623    27.2933    1488.71    1485.68 0.0000e+00
       8262    351.000     8.1129     8.1115   3.651806   3.653162     2.0809    -0.0732      71.49 4.9477e-02 0.0000e+00    81.5463    5.43891    35.0475    35.0634    27.2944    1488.73    1485.69 0.0000e+00
       8284    352.000     8.1115     8.1100   3.651773   3.653141     2.0814    -0.0945      89.93 4.9462e-02 0.0000e+00    81.5612    5.44659    35.0480    35.0642    27.2951    1488.74    1485.70 0.0000e+00
       8308    353.000     8.1089     8.1077   3.651588   3.652978     2.0822    -0.0951      73.98 4.9475e-02 0.0000e+00    81.5717    5.45372    35.0482    35.0642    27.2956    1488.74    1485.71 0.0000e+00
       8331    354.000     8.1133     8.1115   3.652241   3.653609     2.0837    -0.0623      91.14 4.9481e-02 0.0000e+00    81.5515    5.46883    35.0503    35.0667    27.2966    1488.78    1485.71 0.0000e+00
       8355    355.000     8.1086     8.1074   3.651894   3.653269     2.0856    -0.0844      43.85 4.9485e-02 0.0000e+00    81.5581    5.47555    35.0508    35.0667    27.2977    1488.78    1485.72 0.0000e+00
       8378    356.000     8.1050     8.1031   3.651556   3.652868     2.0872    -0.0700      99.05 4.9493e-02 0.0000e+00    81.5476    5.47711    35.0503    35.0662    27.2978    1488.78    1485.73 0.0000e+00
       8401    357.000     8.1011     8.0998   3.651252   3.652626     2.0884    -0.0811      87.97 4.9480e-02 0.0000e+00    81.5248    5.48290    35.0504    35.0664    27.2985    1488.78    1485.74 0.0000e+00
       8425    358.000     8.0964     8.0951   3.650887   3.652251     2.0899    -0.0793      52.69 4.9493e-02 0.0000e+00    81.5294    5.48839    35.0507    35.0666    27.2995    1488.78    1485.75 0.0000e+00
       8448    359.000     8.0942     8.0928   3.650771   3.652135     2.0907    -0.0799      98.27 4.9485e-02 0.0000e+00    81.5145    5.48586    35.0512    35.0672    27.3002    1488.79    1485.76 0.0000e+00
       8472    360.000     8.0910     8.0898   3.650537   3.651913     2.0915    -0.0946      59.67 4.9487e-02 0.0000e+00    81.5307    5.48684    35.0514    35.0673    27.3009    1488.80    1485.77 0.0000e+00
       8495    361.000     8.0872     8.0858   3.650278   3.651632     2.0918    -0.0877      87.66 4.9487e-02 0.0000e+00    81.5176    5.48360    35.0520    35.0678    27.3019    1488.80    1485.77 0.0000e+00
       8517    362.000     8.0883     8.0869   3.650531   3.651942     2.0915    -0.0669      41.96 4.9477e-02 0.0000e+00    81.5161    5.48137    35.0531    35.0696    27.3026    1488.82    1485.78 0.0000e+00
       8540    363.000     8.0910     8.0892   3.651010   3.652328     2.0918    -0.0890      95.13 4.9475e-02 0.0000e+00    81.4877    5.48594    35.0550    35.0709    27.3037    1488.85    1485.79 0.0000e+00
       8563    364.000     8.0879     8.0862   3.650767   3.652102     2.0917    -0.0890      77.29 4.9499e-02 0.0000e+00    81.4780    5.48629    35.0551    35.0710    27.3042    1488.86    1485.80 0.0000e+00
       8586    365.000     8.0791     8.0787   3.649885   3.651303     2.0922    -0.0916      91.99 4.9445e-02 0.0000e+00    81.4451    5.49811    35.0539    35.0695    27.3046    1488.84    1485.81 0.0000e+00
       8610    366.000     8.0648     8.0632   3.648446   3.649731     2.0932    -0.0936      84.94 4.9462e-02 0.0000e+00    81.4054    5.50649    35.0523    35.0677    27.3055    1488.80    1485.82 0.0000e+00
       8633    367.000     8.0560     8.0547   3.647639   3.649008     2.0944    -0.0801      91.80 4.9462e-02 0.0000e+00    81.3969    5.50866    35.0520    35.0679    27.3066    1488.78    1485.82 0.0000e+00
       8656    368.000     8.0496     8.0486   3.647034   3.648398     2.0945    -0.0783      77.61 4.9490e-02 0.0000e+00    81.3934    5.49757    35.0514    35.0670    27.3071    1488.77    1485.83 0.0000e+00
       8679    369.000     8.0400     8.0388   3.646068   3.647411     2.0936    -0.0917      50.62 4.9487e-02 0.0000e+00    81.3957    5.48384    35.0502    35.0657    27.3076    1488.75    1485.84 0.0000e+00
       8702    370.000     8.0207     8.0199   3.644151   3.645453     2.0918    -0.0917      96.36 4.9475e-02 0.0000e+00    81.3971    5.47275    35.0484    35.0632    27.3091    1488.69    1485.85 0.0000e+00
       8725    371.000     8.0130     8.0117   3.643419   3.644751     2.0894    -0.0912      94.25 4.9481e-02 0.0000e+00    81.4144    5.45918    35.0478    35.0633    27.3098    1488.68    1485.86 0.0000e+00
       8748    372.000     8.0107     8.0092   3.643252   3.644621     2.0867    -0.0672      61.60 4.9490e-02 0.0000e+00    81.4596    5.44605    35.0478    35.0640    27.3101    1488.69    1485.86 0.0000e+00
       8770    373.000     8.0107     8.0092   3.643305   3.644681     2.0833    -0.0839      69.24 4.9500e-02 0.0000e+00    81.5043    5.42678    35.0479    35.0641    27.3102    1488.70    1485.87 0.0000e+00
       8792    374.000     8.0106     8.0091   3.643359   3.644729     2.0794    -0.0756      57.35 4.9490e-02 0.0000e+00    81.5585    5.40978    35.0481    35.0643    27.3104    1488.72    1485.88 0.0000e+00
       8814    375.000     8.0108     8.0092   3.643503   3.644866     2.0757    -0.0817      61.37 4.9508e-02 0.0000e+00    81.5784    5.40436    35.0489    35.0652    27.3110    1488.74    1485.89 0.0000e+00
       8837    376.000     8.0107     8.0091   3.643680   3.645052     2.0725    -0.0925      30.69 4.9493e-02 0.0000e+00    81.5924    5.40025    35.0505    35.0668    27.3122    1488.76    1485.89 0.0000e+00
       8860    377.000     8.0109     8.0094   3.643836   3.645223     2.0697    -0.0943      86.84 4.9470e-02 0.0000e+00    81.6033    5.39705    35.0515    35.0678    27.3130    1488.77    1485.90 0.0000e+00
       8883    378.000     8.0110     8.0095   3.644053   3.645413     2.0676    -0.0709      65.40 4.9481e-02 0.0000e+00    81.6307    5.40010    35.0532    35.0693    27.3143    1488.79    1485.91 0.0000e+00
       8907    379.000     8.0097     8.0083   3.644038   3.645401     2.0662    -0.0967      94.99 4.9474e-02 0.0000e+00    81.5856    5.41059    35.0539    35.0699    27.3150    1488.81    1485.92 0.0000e+00
       8930    380.000     8.0051     8.0041   3.643703   3.645081     2.0661    -0.0714      49.44 4.9499e-02 0.0000e+00    81.5968    5.41889    35.0544    35.0702    27.3162    1488.81    1485.92 0.0000e+00
       8952    381.000     7.9989     7.9978   3.643251   3.644614     2.0663    -0.0633      45.59 4.9484e-02 0.0000e+00    81.6146    5.42201    35.0553    35.0710    27.3178    1488.80    1485.93 0.0000e+00
