_data/ctd/2022603/sta0148.cnv
* Sea-Bird SBE 9 Data File:
* FileName = C:\Seabird\CTDData\sta0148.hex
* Software Version Seasave V 7.21f
* Temperature SN = 6264
* Conductivity SN = 4928
* Number of Bytes Per Scan = 40
* Number of Voltage Words = 5
* Number of Scans Averaged by the Deck Unit = 1
* NMEA Latitude = 60 00.70 N
* NMEA Longitude = 005 55.02 E
* NMEA UTC (Time) = Feb 09 2022 15:39:46
* NMEA baud rate = 4800
** Ship: R/V "Kristine Bonnevie"
** Station: 0148
** Echodepth: 660
** Log: 0022.310
** Wind-Dir/Force: 26 23
** Air-temp (dry): 4.8
** Weather Sky:
** Sea:
# nquan = 19                                
# nvalues = 657                         
# units = specified
# name 0 = scan: Scan Count
# name 1 = prDM: Pressure, Digiquartz [db]
# name 2 = t068C: Temperature [ITS-68, deg C]
# name 3 = t168C: Temperature, 2 [ITS-68, deg C]
# name 4 = c0S/m: Conductivity [S/m]
# name 5 = c1S/m: Conductivity, 2 [S/m]
# name 6 = sbeox0V: Oxygen raw, SBE 43 [V]
# name 7 = flECO-AFL: Fluorescence, WET Labs ECO-AFL/FL [mg/m^3]
# name 8 = altM: Altimeter [m]
# name 9 = par: PAR/Irradiance, Biospherical/Licor
# name 10 = spar: SPAR/Surface Irradiance
# name 11 = CStarTr0: Beam Transmission, WET Labs C-Star [%]
# name 12 = sbeox0ML/L: Oxygen, SBE 43 [ml/l], WS = 2
# name 13 = sal00: Salinity, Practical [PSU]
# name 14 = sal11: Salinity, Practical, 2 [PSU]
# name 15 = sigma-t00: Density [sigma-t, Kg/m^3 ]
# name 16 = svCM: Sound Velocity [Chen-Millero, m/s]
# name 17 = avgsvCM: Average Sound Velocity [Chen-Millero, m/s], minP = 1, minS = 5
# name 18 = flag: flag
# span 0 =        401,      15505       
# span 1 =      2.000,    658.000       
# span 2 =     7.5153,    10.0974       
# span 3 =     7.5127,    10.0938       
# span 4 =   3.231342,   3.707500       
# span 5 =   3.231352,   3.708092       
# span 6 =     1.7366,     2.3883       
# span 7 =    -0.0911,     0.5789       
# span 8 =       6.70,      99.63       
# span 9 = 4.9451e-02, 8.4333e+00       
# span 10 = 7.9947e+00, 1.3991e+01      
# span 11 =    80.0098,    82.0980      
# span 12 =    4.47396,    6.46105      
# span 13 =    31.2744,    34.9879      
# span 14 =    31.2781,    34.9944      
# span 15 =    24.4167,    27.3180      
# span 16 =    1476.03,    1491.88      
# span 17 =    1476.03,    1487.35      
# span 18 = 0.0000e+00, 0.0000e+00      
# interval = decibars: 1                
# start_time = Feb 09 2022 15:39:48 [System UTC, header]
# bad_flag = -9.990e-29
*END*
[from data line 381]
       9052    383.000     7.7224     7.7212   3.611353   3.611828     1.9755    -0.0783      98.73 4.9464e-02 9.9933e+00    81.9141    5.14149    34.9877    34.9940    27.3058    1487.70    1485.67 0.0000e+00
       9075    384.000     7.7222     7.7210   3.611386   3.611866     1.9754    -0.0720      47.27 4.9503e-02 9.9933e+00    81.8980    5.13880    34.9878    34.9941    27.3059    1487.72    1485.67 0.0000e+00
       9097    385.000     7.7215     7.7202   3.611352   3.611824     1.9746    -0.0576      99.63 4.9475e-02 9.9933e+00    81.8693    5.13984    34.9876    34.9940    27.3059    1487.73    1485.68 0.0000e+00
       9120    386.000     7.7201     7.7188   3.611268   3.611744     1.9745 -9.990e-29      90.96 4.9499e-02 9.9933e+00    81.8447    5.14222    34.9876    34.9941    27.3061    1487.74    1485.68 0.0000e+00
       9143    387.000     7.7192     7.7180   3.611226   3.611704     1.9745 -9.990e-29      40.84 4.9481e-02 9.9933e+00    81.9192    5.14267    34.9876    34.9940    27.3062    1487.76    1485.69 0.0000e+00
       9166    388.000     7.7183     7.7171   3.611192   3.611675     1.9740 -9.990e-29      96.79 4.9499e-02 9.9933e+00    81.9151    5.13803    34.9877    34.9941    27.3064    1487.77    1485.69 0.0000e+00
       9188    389.000     7.7170     7.7159   3.611134   3.611609     1.9736 -9.990e-29      44.92 4.9465e-02 9.9933e+00    81.8645    5.13583    34.9878    34.9941    27.3067    1487.78    1485.70 0.0000e+00
       9211    390.000     7.7165     7.7152   3.611122   3.611611     1.9728 -9.990e-29      59.16 4.9457e-02 9.9933e+00    81.8977    5.13283    34.9877    34.9943    27.3067    1487.79    1485.71 0.0000e+00
       9234    391.000     7.7154     7.7143   3.611072   3.611548     1.9724 -9.990e-29      64.56 4.9499e-02 9.9933e+00    81.8712    5.13421    34.9878    34.9941    27.3070    1487.81    1485.71 0.0000e+00
       9257    392.000     7.7141     7.7129   3.611006   3.611472     1.9718 -9.990e-29      98.92 4.9464e-02 9.9933e+00    81.8913    5.13003    34.9879    34.9942    27.3072    1487.82    1485.72 0.0000e+00
       9278    393.000     7.7141     7.7129   3.611035   3.611509     1.9708 -9.990e-29      98.80 4.9477e-02 9.9933e+00    81.8965    5.12245    34.9878    34.9941    27.3071    1487.83    1485.72 0.0000e+00
       9301    394.000     7.7136     7.7124   3.611031   3.611509     1.9696 -9.990e-29      43.15 4.9487e-02 9.9933e+00    81.9064    5.12152    34.9877    34.9941    27.3071    1487.85    1485.73 0.0000e+00
       9325    395.000     7.7129     7.7117   3.611018   3.611506     1.9689 -9.990e-29      97.04 4.9462e-02 9.9933e+00    81.9087    5.12001    34.9878    34.9943    27.3073    1487.86    1485.73 0.0000e+00
       9348    396.000     7.7116     7.7105   3.610944   3.611416     1.9677 -9.990e-29      41.87 4.9499e-02 9.9933e+00    81.9083    5.11545    34.9878    34.9940    27.3075    1487.87    1485.74 0.0000e+00
       9371    397.000     7.7114     7.7101   3.610979   3.611457     1.9671 -9.990e-29      67.19 4.9470e-02 9.9933e+00    81.8947    5.11710    34.9879    34.9944    27.3076    1487.89    1485.74 0.0000e+00
       9394    398.000     7.7119     7.7107   3.611072   3.611559     1.9661 -9.990e-29      47.86 4.9463e-02 9.9933e+00    81.9008    5.11433    34.9879    34.9944    27.3076    1487.91    1485.75 0.0000e+00
       9417    399.000     7.7116     7.7104   3.611075   3.611543     1.9656 -9.990e-29      92.81 4.9469e-02 9.9933e+00    81.9042    5.11695    34.9878    34.9941    27.3075    1487.92    1485.75 0.0000e+00
       9440    400.000     7.7109     7.7097   3.611052   3.611522     1.9652 -9.990e-29      57.92 4.9474e-02 9.9933e+00    81.8718    5.11735    34.9878    34.9940    27.3076    1487.94    1485.76 0.0000e+00
       9463    401.000     7.7103     7.7091   3.611035   3.611514     1.9647 -9.990e-29      98.14 4.9483e-02 9.9933e+00    81.8841    5.11294    34.9877    34.9941    27.3076    1487.95    1485.76 0.0000e+00
       9486    402.000     7.7092     7.7080   3.610948   3.611447     1.9639 -9.990e-29      98.80 4.9463e-02 9.9933e+00    81.8970    5.10975    34.9874    34.9940    27.3075    1487.96    1485.77 0.0000e+00
       9509    403.000     7.7079     7.7068   3.610884   3.611366     1.9633 -9.990e-29      51.53 4.9479e-02 9.9933e+00    81.9083    5.11039    34.9875    34.9938    27.3078    1487.98    1485.78 0.0000e+00
       9533    404.000     7.7070     7.7058   3.610839   3.611295     1.9627 -9.990e-29      98.11 4.9490e-02 9.9933e+00    81.8828    5.10882    34.9875    34.9936    27.3079    1487.99    1485.78 0.0000e+00
       9555    405.000     7.7058     7.7046   3.610770   3.611248     1.9620 -9.990e-29      81.95 4.9475e-02 9.9933e+00    81.8916    5.10859    34.9874    34.9938    27.3081    1488.00    1485.79 0.0000e+00
       9578    406.000     7.7060     7.7046   3.610849   3.611324     1.9616 -9.990e-29      94.09 4.9481e-02 9.9933e+00    81.9182    5.10712    34.9876    34.9941    27.3082    1488.02    1485.79 0.0000e+00
       9601    407.000     7.7063     7.7052   3.610937   3.611418     1.9611    -0.0558      83.02 4.9500e-02 9.9933e+00    81.8756    5.11046    34.9878    34.9941    27.3083    1488.04    1485.80 0.0000e+00
       9624    408.000     7.7062     7.7050   3.610967   3.611448     1.9609    -0.0611      93.93 4.9487e-02 9.9933e+00    81.8664    5.10478    34.9877    34.9941    27.3082    1488.05    1485.80 0.0000e+00
       9647    409.000     7.7056     7.7045   3.610945   3.611429     1.9599    -0.0698      52.91 4.9497e-02 9.9933e+00    81.8818    5.09928    34.9876    34.9939    27.3082    1488.07    1485.81 0.0000e+00
       9671    410.000     7.7054     7.7042   3.610987   3.611464     1.9591    -0.0800      88.94 4.9481e-02 9.9933e+00    81.8855    5.09846    34.9878    34.9941    27.3084    1488.08    1485.81 0.0000e+00
       9694    411.000     7.7054     7.7041   3.611024   3.611501     1.9583    -0.0581      93.83 4.9456e-02 9.9933e+00    81.9107    5.09442    34.9877    34.9941    27.3083    1488.10    1485.82 0.0000e+00
       9718    412.000     7.7049     7.7037   3.611031   3.611498     1.9572    -0.0585      92.42 4.9469e-02 9.9933e+00    81.8878    5.09158    34.9878    34.9940    27.3085    1488.11    1485.83 0.0000e+00
       9741    413.000     7.7045     7.7032   3.611034   3.611495     1.9566    -0.0860      54.86 4.9497e-02 9.9933e+00    81.8790    5.09412    34.9877    34.9940    27.3085    1488.13    1485.83 0.0000e+00
       9765    414.000     7.7037     7.7025   3.610994   3.611465     1.9559    -0.0863      70.23 4.9511e-02 9.9933e+00    81.8955    5.09093    34.9876    34.9939    27.3085    1488.14    1485.84 0.0000e+00
       9788    415.000     7.7024     7.7016   3.610888   3.611424     1.9553    -0.0863      62.48 4.9488e-02 9.9933e+00    81.9161    5.09050    34.9873    34.9939    27.3085    1488.15    1485.84 0.0000e+00
       9811    416.000     7.6990     7.6980   3.610559   3.611027     1.9548    -0.0863      87.37 4.9469e-02 9.9933e+00    81.8880    5.09471    34.9867    34.9927    27.3085    1488.15    1485.85 0.0000e+00
       9834    417.000     7.6956     7.6943   3.610236   3.610689     1.9544    -0.0699      37.03 4.9491e-02 9.9933e+00    81.8519    5.08875    34.9861    34.9923    27.3085    1488.16    1485.85 0.0000e+00
       9858    418.000     7.6943     7.6930   3.610141   3.610602     1.9536    -0.0558      98.37 4.9512e-02 9.9933e+00    81.8413    5.08776    34.9859    34.9922    27.3085    1488.17    1485.86 0.0000e+00
       9881    419.000     7.6924     7.6915   3.609985   3.610482     1.9530    -0.0637      27.98 4.9463e-02 9.9933e+00    81.8018    5.08579    34.9856    34.9919    27.3086    1488.18    1485.86 0.0000e+00
       9904    420.000     7.6893     7.6881   3.609709   3.610178     1.9523    -0.0598      97.19 4.9488e-02 9.9933e+00    81.7739    5.08026    34.9853    34.9915    27.3088    1488.18    1485.87 0.0000e+00
       9928    421.000     7.6884     7.6872   3.609642   3.610121     1.9511    -0.0596      17.22 4.9503e-02 9.9933e+00    81.7448    5.07853    34.9850    34.9914    27.3087    1488.19    1485.87 0.0000e+00
       9952    422.000     7.6863     7.6850   3.609477   3.609939     1.9504    -0.0889      79.63 4.9479e-02 9.9933e+00    81.7001    5.08051    34.9848    34.9911    27.3089    1488.20    1485.88 0.0000e+00
       9975    423.000     7.6858     7.6845   3.609466   3.609940     1.9499    -0.0573      94.17 4.9529e-02 9.9933e+00    81.6969    5.07980    34.9847    34.9911    27.3089    1488.22    1485.89 0.0000e+00
       9998    424.000     7.6857     7.6845   3.609502   3.609982     1.9491    -0.0558      97.25 4.9488e-02 9.9933e+00    81.7193    5.07324    34.9847    34.9911    27.3089    1488.23    1485.89 0.0000e+00
      10021    425.000     7.6856     7.6845   3.609543   3.610026     1.9482 -9.990e-29      94.62 4.9474e-02 9.9933e+00    81.7049    5.07236    34.9848    34.9911    27.3090    1488.25    1485.90 0.0000e+00
      10045    426.000     7.6853     7.6841   3.609564   3.610044     1.9475 -9.990e-29      98.77 4.9512e-02 9.9933e+00    81.7001    5.07149    34.9848    34.9912    27.3090    1488.27    1485.90 0.0000e+00
      10069    427.000     7.6851     7.6840   3.609587   3.610064     1.9466 -9.990e-29      79.22 4.9485e-02 9.9933e+00    81.6745    5.06922    34.9848    34.9911    27.3090    1488.28    1485.91 0.0000e+00
      10092    428.000     7.6855     7.6842   3.609683   3.610138     1.9460 -9.990e-29      17.19 4.9493e-02 9.9933e+00    81.6762    5.06702    34.9850    34.9912    27.3091    1488.30    1485.91 0.0000e+00
      10115    429.000     7.6831     7.6820   3.609489   3.609965     1.9452 -9.990e-29      91.43 4.9487e-02 9.9933e+00    81.6627    5.06960    34.9848    34.9910    27.3093    1488.31    1485.92 0.0000e+00
      10139    430.000     7.6819     7.6807   3.609426   3.609912     1.9450 -9.990e-29      51.24 4.9503e-02 9.9933e+00    81.6659    5.06822    34.9848    34.9913    27.3095    1488.32    1485.92 0.0000e+00
      10162    431.000     7.6810     7.6799   3.609392   3.609875     1.9443 -9.990e-29      99.40 4.9481e-02 9.9933e+00    81.6726    5.06316    34.9849    34.9912    27.3097    1488.33    1485.93 0.0000e+00
      10186    432.000     7.6804     7.6792   3.609388   3.609867     1.9434 -9.990e-29      53.83 4.9491e-02 9.9933e+00    81.6943    5.06349    34.9850    34.9913    27.3099    1488.35    1485.94 0.0000e+00
      10209    433.000     7.6793     7.6783   3.609340   3.609820     1.9428 -9.990e-29      98.79 4.9512e-02 9.9933e+00    81.6767    5.05645    34.9851    34.9912    27.3101    1488.36    1485.94 0.0000e+00
      10233    434.000     7.6790     7.6778   3.609354   3.609832     1.9415 -9.990e-29      31.79 4.9473e-02 9.9933e+00    81.6687    5.05151    34.9850    34.9914    27.3101    1488.37    1485.95 0.0000e+00
      10257    435.000     7.6793     7.6782   3.609421   3.609913     1.9404 -9.990e-29      96.26 4.9485e-02 9.9933e+00    81.6559    5.04760    34.9850    34.9914    27.3100    1488.39    1485.95 0.0000e+00
      10281    436.000     7.6778     7.6767   3.609327   3.609795     1.9393 -9.990e-29      43.39 4.9485e-02 9.9933e+00    81.6705    5.04840    34.9850    34.9911    27.3103    1488.40    1485.96 0.0000e+00
      10304    437.000     7.6753     7.6742   3.609169   3.609649     1.9386 -9.990e-29      96.43 4.9469e-02 9.9933e+00    81.6885    5.04752    34.9853    34.9916    27.3109    1488.41    1485.96 0.0000e+00
      10327    438.000     7.6751     7.6739   3.609189   3.609659     1.9376 -9.990e-29      54.63 4.9479e-02 9.9933e+00    81.6511    5.04442    34.9852    34.9915    27.3108    1488.42    1485.97 0.0000e+00
      10351    439.000     7.6750     7.6736   3.609217   3.609665     1.9369 -9.990e-29      86.26 4.9469e-02 9.9933e+00    81.6854    5.04115    34.9852    34.9914    27.3108    1488.44    1485.98 0.0000e+00
      10374    440.000     7.6720     7.6708   3.608972   3.609431     1.9357 -9.990e-29      68.48 4.9514e-02 9.9933e+00    81.6967    5.03529    34.9850    34.9912    27.3111    1488.45    1485.98 0.0000e+00
      10398    441.000     7.6700     7.6689   3.608807   3.609302     1.9346 -9.990e-29      79.98 4.9481e-02 9.9933e+00    81.7179    5.03026    34.9848    34.9912    27.3112    1488.45    1485.99 0.0000e+00
      10421    442.000     7.6694     7.6681   3.608798   3.609281     1.9331 -9.990e-29      80.27 4.9506e-02 9.9933e+00    81.6900    5.02548    34.9848    34.9913    27.3113    1488.47    1485.99 0.0000e+00
      10445    443.000     7.6690     7.6677   3.608807   3.609268     1.9317 -9.990e-29      87.21 4.9485e-02 9.9933e+00    81.6673    5.02064    34.9848    34.9911    27.3114    1488.48    1486.00 0.0000e+00
      10468    444.000     7.6685     7.6673   3.608811   3.609285     1.9303 -9.990e-29      48.67 4.9505e-02 9.9933e+00    81.6752    5.01115    34.9849    34.9912    27.3115    1488.50    1486.00 0.0000e+00
      10491    445.000     7.6683     7.6670   3.608836   3.609310     1.9282 -9.990e-29      81.70 4.9487e-02 9.9933e+00    81.6594    5.00367    34.9849    34.9913    27.3116    1488.51    1486.01 0.0000e+00
      10515    446.000     7.6679     7.6667   3.608856   3.609337     1.9265 -9.990e-29      66.44 4.9491e-02 9.9933e+00    81.6506    5.00490    34.9850    34.9914    27.3117    1488.53    1486.01 0.0000e+00
      10538    447.000     7.6680     7.6669   3.608905   3.609386     1.9253 -9.990e-29      69.43 4.9469e-02 9.9933e+00    81.6209    4.99904    34.9850    34.9913    27.3117    1488.55    1486.02 0.0000e+00
      10562    448.000     7.6677     7.6665   3.608924   3.609400     1.9235 -9.990e-29      46.23 4.9462e-02 9.9933e+00    81.6193    4.99137    34.9850    34.9913    27.3117    1488.56    1486.03 0.0000e+00
      10585    449.000     7.6674     7.6664   3.608942   3.609420     1.9220 -9.990e-29      67.28 4.9506e-02 9.9933e+00    81.6427    4.99238    34.9850    34.9912    27.3118    1488.58    1486.03 0.0000e+00
      10608    450.000     7.6671     7.6660   3.608950   3.609441     1.9208 -9.990e-29      90.57 4.9493e-02 9.9933e+00    81.6222    4.98907    34.9849    34.9913    27.3118    1488.59    1486.04 0.0000e+00
      10632    451.000     7.6664     7.6653   3.608935   3.609418     1.9196 -9.990e-29      63.40 4.9474e-02 9.9933e+00    81.6211    4.98705    34.9850    34.9913    27.3119    1488.61    1486.04 0.0000e+00
      10655    452.000     7.6662     7.6649   3.608967   3.609426     1.9187 -9.990e-29      98.94 4.9494e-02 9.9933e+00    81.6264    4.98468    34.9850    34.9913    27.3120    1488.62    1486.05 0.0000e+00
      10678    453.000     7.6659     7.6646   3.608977   3.609449     1.9172 -9.990e-29      71.46 4.9469e-02 9.9933e+00    81.6268    4.97740    34.9850    34.9914    27.3120    1488.64    1486.05 0.0000e+00
      10701    454.000     7.6657     7.6645   3.609015   3.609482     1.9161 -9.990e-29      72.98 4.9514e-02 9.9933e+00    81.5825    4.97647    34.9851    34.9913    27.3121    1488.65    1486.06 0.0000e+00
      10725    455.000     7.6655     7.6643   3.609038   3.609513     1.9150 -9.990e-29      68.95 4.9494e-02 9.9933e+00    81.6215    4.97732    34.9851    34.9914    27.3121    1488.67    1486.07 0.0000e+00
      10748    456.000     7.6656     7.6642   3.609088   3.609548     1.9142 -9.990e-29      95.98 4.9475e-02 9.9933e+00    81.6039    4.97667    34.9850    34.9914    27.3121    1488.69    1486.07 0.0000e+00
      10771    457.000     7.6653     7.6640   3.609103   3.609579     1.9137 -9.990e-29      82.67 4.9480e-02 9.9933e+00    81.6021    4.97695    34.9850    34.9914    27.3121    1488.70    1486.08 0.0000e+00
      10795    458.000     7.6649     7.6636   3.609117   3.609588     1.9129    -0.0558      98.59 4.9463e-02 9.9933e+00    81.6104    4.97233    34.9851    34.9915    27.3122    1488.72    1486.08 0.0000e+00
