_data/ctd/2022603/sta0152.cnv
* Sea-Bird SBE 9 Data File:
* FileName = C:\Seabird\CTDData\sta0152.hex
* Software Version Seasave V 7.21f
* Temperature SN = 6264
* Conductivity SN = 4928
* Number of Bytes Per Scan = 40
* Number of Voltage Words = 5
* Number of Scans Averaged by the Deck Unit = 1
* NMEA Latitude = 60 23.42 N
* NMEA Longitude = 006 20.50 E
* NMEA UTC (Time) = Feb 10 2022 06:45:42
* NMEA baud rate = 4800
** Ship: R/V "Kristine Bonnevie"
** Station: 0152
** Echodepth: 855
** Log: 0122.647
** Wind-Dir/Force: 25 32
** Air-temp (dry): 1.0
** Weather Sky:
** Sea:
** H2_2
# nquan = 19                                
# nvalues = 853                         
# units = specified
# name 0 = scan: Scan Count
# name 1 = prDM: Pressure, Digiquartz [db]
# name 2 = t068C: Temperature [ITS-68, deg C]
# name 3 = t168C: Temperature, 2 [ITS-68, deg C]
# name 4 = c0S/m: Conductivity [S/m]
# name 5 = c1S/m: Conductivity, 2 [S/m]
# name 6 = sbeox0V: Oxygen raw, SBE 43 [V]
# name 7 = flECO-AFL: Fluorescence, WET Labs ECO-AFL/FL [mg/m^3]
# name 8 = altM: Altimeter [m]
# name 9 = par: PAR/Irradiance, Biospherical/Licor
# name 10 = spar: SPAR/Surface Irradiance
# name 11 = CStarTr0: Beam Transmission, WET Labs C-Star [%]
# name 12 = sbeox0ML/L: Oxygen, SBE 43 [ml/l], WS = 2
# name 13 = sal00: Salinity, Practical [PSU]
# name 14 = sal11: Salinity, Practical, 2 [PSU]
# name 15 = sigma-t00: Density [sigma-t, Kg/m^3 ]
# name 16 = svCM: Sound Velocity [Chen-Millero, m/s]
# name 17 = avgsvCM: Average Sound Velocity [Chen-Millero, m/s], minP = 1, minS = 5
# name 18 = flag: flag
# span 0 =        476,      20188       
# span 1 =      2.000,    854.000       
# span 2 =     6.1506,    10.2360       
# span 3 =     6.1661,    10.2365       
# span 4 =   2.978438,   3.703188       
# span 5 =   2.981951,   3.704716       
# span 6 =     1.5245,     2.4457       
# span 7 =    -0.0984,     0.7699       
# span 8 =       8.43,     100.19       
# span 9 = 4.9439e-02, 9.0939e-01       
# span 10 = 0.0000e+00, 0.0000e+00      
# span 11 =    80.0306,    82.4670      
# span 12 =    3.81174,    6.89032      
# span 13 =    29.7389,    35.0078      
# span 14 =    29.7641,    35.0228      
# span 15 =    23.3809,    27.3526      
# span 16 =    1468.74,    1494.71      
# span 17 =    1468.74,    1488.23      
# span 18 = 0.0000e+00, 0.0000e+00      
# interval = decibars: 1                
# start_time = Feb 10 2022 06:45:45 [System UTC, header]
# bad_flag = -9.990e-29
*END*
[from data line 610]
      14443    612.000     7.5471     7.5459   3.605458   3.606739     1.6471    -0.0681      89.39 4.9518e-02 0.0000e+00    82.2733    4.13061    34.9899    35.0050    27.3332    1490.81    1486.47 0.0000e+00
      14466    613.000     7.5464     7.5453   3.605463   3.606741     1.6466    -0.0670      92.93 4.9524e-02 0.0000e+00    82.2788    4.12850    34.9902    35.0051    27.3336    1490.83    1486.48 0.0000e+00
      14489    614.000     7.5458     7.5448   3.605460   3.606766     1.6457    -0.0712      98.78 4.9524e-02 0.0000e+00    82.2689    4.12343    34.9903    35.0054    27.3337    1490.84    1486.48 0.0000e+00
      14512    615.000     7.5436     7.5427   3.605366   3.606669     1.6447    -0.0753      75.21 4.9499e-02 0.0000e+00    82.2696    4.12225    34.9910    35.0060    27.3346    1490.85    1486.49 0.0000e+00
      14535    616.000     7.5422     7.5411   3.605327   3.606629     1.6439    -0.0796      70.81 4.9505e-02 0.0000e+00    82.2708    4.11934    34.9915    35.0067    27.3352    1490.86    1486.50 0.0000e+00
      14558    617.000     7.5418     7.5406   3.605337   3.606637     1.6429    -0.0687      62.12 4.9497e-02 0.0000e+00    82.2525    4.11479    34.9915    35.0068    27.3353    1490.88    1486.51 0.0000e+00
      14581    618.000     7.5416     7.5405   3.605374   3.606675     1.6418    -0.0654      80.38 4.9515e-02 0.0000e+00    82.2583    4.11041    34.9917    35.0068    27.3354    1490.89    1486.51 0.0000e+00
      14604    619.000     7.5397     7.5388   3.605284   3.606596     1.6407    -0.0643      59.90 4.9518e-02 0.0000e+00    82.2594    4.10520    34.9921    35.0072    27.3360    1490.90    1486.52 0.0000e+00
      14628    620.000     7.5385     7.5374   3.605245   3.606551     1.6394    -0.0716      70.54 4.9508e-02 0.0000e+00    82.2400    4.09751    34.9924    35.0077    27.3365    1490.92    1486.53 0.0000e+00
      14651    621.000     7.5383     7.5372   3.605278   3.606581     1.6378    -0.0655      73.85 4.9500e-02 0.0000e+00    82.2301    4.09577    34.9925    35.0077    27.3366    1490.93    1486.53 0.0000e+00
      14674    622.000     7.5375     7.5364   3.605276   3.606577     1.6367    -0.0625      89.46 4.9505e-02 0.0000e+00    82.2259    4.09324    34.9928    35.0080    27.3369    1490.94    1486.54 0.0000e+00
      14697    623.000     7.5370     7.5358   3.605281   3.606579     1.6354    -0.0664      65.00 4.9505e-02 0.0000e+00    82.2054    4.08700    34.9929    35.0081    27.3370    1490.96    1486.55 0.0000e+00
      14720    624.000     7.5363     7.5350   3.605284   3.606568     1.6341    -0.0696      99.17 4.9542e-02 0.0000e+00    82.2162    4.08057    34.9932    35.0083    27.3373    1490.97    1486.55 0.0000e+00
      14744    625.000     7.5363     7.5351   3.605333   3.606624     1.6322    -0.0664      68.19 4.9508e-02 0.0000e+00    82.2161    4.07589    34.9932    35.0084    27.3374    1490.99    1486.56 0.0000e+00
      14767    626.000     7.5363     7.5352   3.605383   3.606675     1.6313    -0.0609      98.45 4.9526e-02 0.0000e+00    82.2007    4.07835    34.9933    35.0084    27.3374    1491.01    1486.57 0.0000e+00
      14791    627.000     7.5358     7.5349   3.605398   3.606700     1.6302    -0.0642      66.92 4.9512e-02 0.0000e+00    82.1828    4.07358    34.9935    35.0085    27.3377    1491.02    1486.58 0.0000e+00
      14814    628.000     7.5349     7.5340   3.605385   3.606686     1.6291    -0.0620      65.10 4.9482e-02 0.0000e+00    82.1860    4.07126    34.9938    35.0087    27.3380    1491.04    1486.58 0.0000e+00
      14837    629.000     7.5328     7.5319   3.605271   3.606571     1.6278    -0.0613      49.30 4.9514e-02 0.0000e+00    82.2079    4.06952    34.9941    35.0091    27.3386    1491.04    1486.59 0.0000e+00
      14861    630.000     7.5313     7.5302   3.605213   3.606498     1.6276    -0.0663      75.79 4.9499e-02 0.0000e+00    82.2026    4.07319    34.9945    35.0095    27.3392    1491.06    1486.60 0.0000e+00
      14885    631.000     7.5306     7.5296   3.605211   3.606496     1.6264    -0.0673      98.97 4.9514e-02 0.0000e+00    82.1999    4.06312    34.9948    35.0097    27.3394    1491.07    1486.60 0.0000e+00
      14908    632.000     7.5304     7.5293   3.605240   3.606524     1.6253    -0.0698      95.26 4.9480e-02 0.0000e+00    82.2118    4.05729    34.9948    35.0098    27.3395    1491.09    1486.61 0.0000e+00
      14932    633.000     7.5299     7.5289   3.605264   3.606536     1.6242    -0.0713      29.33 4.9499e-02 0.0000e+00    82.2028    4.05949    34.9951    35.0098    27.3398    1491.10    1486.62 0.0000e+00
      14956    634.000     7.5296     7.5285   3.605284   3.606557     1.6232    -0.0717      96.63 4.9520e-02 0.0000e+00    82.2244    4.05376    34.9951    35.0100    27.3399    1491.12    1486.63 0.0000e+00
      14979    635.000     7.5286     7.5276   3.605264   3.606537     1.6222    -0.0675      36.21 4.9493e-02 0.0000e+00    82.2037    4.04857    34.9954    35.0102    27.3403    1491.13    1486.63 0.0000e+00
      15003    636.000     7.5284     7.5272   3.605299   3.606575     1.6210    -0.0668      81.99 4.9497e-02 0.0000e+00    82.2200    4.04528    34.9955    35.0105    27.3404    1491.14    1486.64 0.0000e+00
      15026    637.000     7.5283     7.5272   3.605332   3.606619     1.6198    -0.0626      52.54 4.9480e-02 0.0000e+00    82.1778    4.04443    34.9955    35.0105    27.3404    1491.16    1486.65 0.0000e+00
      15050    638.000     7.5279     7.5268   3.605350   3.606649     1.6190    -0.0684      65.92 4.9511e-02 0.0000e+00    82.1984    4.04118    34.9956    35.0108    27.3405    1491.18    1486.65 0.0000e+00
      15073    639.000     7.5275     7.5265   3.605368   3.606661     1.6177    -0.0673      66.33 4.9491e-02 0.0000e+00    82.2074    4.03489    34.9958    35.0107    27.3407    1491.19    1486.66 0.0000e+00
      15097    640.000     7.5277     7.5262   3.605430   3.606686     1.6167    -0.0642      98.58 4.9541e-02 0.0000e+00    82.1865    4.03520    34.9957    35.0108    27.3406    1491.21    1486.67 0.0000e+00
      15120    641.000     7.5268     7.5257   3.605427   3.606696     1.6158    -0.0532      88.67 4.9487e-02 0.0000e+00    82.1891    4.03014    34.9961    35.0110    27.3411    1491.22    1486.67 0.0000e+00
      15143    642.000     7.5258     7.5247   3.605402   3.606686     1.6148    -0.0645      38.11 4.9497e-02 0.0000e+00    82.1617    4.03251    34.9964    35.0114    27.3414    1491.23    1486.68 0.0000e+00
      15167    643.000     7.5250     7.5238   3.605389   3.606670     1.6140    -0.0648      94.01 4.9524e-02 0.0000e+00    82.1839    4.02913    34.9966    35.0116    27.3417    1491.25    1486.69 0.0000e+00
      15191    644.000     7.5242     7.5230   3.605387   3.606662     1.6134    -0.0650      40.12 4.9497e-02 0.0000e+00    82.1880    4.03003    34.9969    35.0119    27.3420    1491.26    1486.70 0.0000e+00
      15214    645.000     7.5237     7.5226   3.605403   3.606676     1.6126    -0.0697      97.18 4.9497e-02 0.0000e+00    82.1981    4.02438    34.9971    35.0120    27.3423    1491.28    1486.70 0.0000e+00
      15238    646.000     7.5231     7.5220   3.605410   3.606690     1.6118    -0.0652      47.49 4.9505e-02 0.0000e+00    82.2116    4.02416    34.9973    35.0122    27.3425    1491.29    1486.71 0.0000e+00
      15262    647.000     7.5227     7.5215   3.605432   3.606701     1.6111    -0.0669      87.51 4.9532e-02 0.0000e+00    82.2201    4.01981    34.9975    35.0124    27.3427    1491.31    1486.72 0.0000e+00
      15285    648.000     7.5225     7.5214   3.605467   3.606740     1.6102    -0.0668      59.44 4.9488e-02 0.0000e+00    82.1993    4.01628    34.9976    35.0124    27.3428    1491.32    1486.72 0.0000e+00
      15308    649.000     7.5225     7.5213   3.605518   3.606791     1.6092    -0.0648      79.10 4.9525e-02 0.0000e+00    82.1634    4.01308    34.9976    35.0126    27.3429    1491.34    1486.73 0.0000e+00
      15332    650.000     7.5223     7.5213   3.605546   3.606851     1.6083    -0.0611      74.02 4.9500e-02 0.0000e+00    82.1640    4.01090    34.9977    35.0128    27.3429    1491.36    1486.74 0.0000e+00
      15355    651.000     7.5218     7.5208   3.605562   3.606870     1.6074    -0.0635      70.95 4.9520e-02 0.0000e+00    82.1647    4.01100    34.9979    35.0130    27.3432    1491.37    1486.75 0.0000e+00
      15379    652.000     7.5219     7.5207   3.605630   3.606916     1.6068    -0.0655      85.36 4.9514e-02 0.0000e+00    82.1790    4.01069    34.9980    35.0131    27.3433    1491.39    1486.75 0.0000e+00
      15403    653.000     7.5218     7.5207   3.605658   3.606964     1.6063    -0.0699      89.05 4.9524e-02 0.0000e+00    82.1665    4.00705    34.9980    35.0132    27.3432    1491.40    1486.76 0.0000e+00
      15427    654.000     7.5218     7.5206   3.605702   3.606979     1.6053    -0.0720      77.40 4.9497e-02 0.0000e+00    82.1742    4.00345    34.9980    35.0130    27.3432    1491.42    1486.77 0.0000e+00
      15450    655.000     7.5214     7.5203   3.605725   3.607007     1.6048    -0.0660      79.72 4.9532e-02 0.0000e+00    82.1648    4.00497    34.9981    35.0131    27.3434    1491.43    1486.77 0.0000e+00
      15474    656.000     7.5209     7.5198   3.605742   3.607036     1.6038    -0.0612      86.30 4.9514e-02 0.0000e+00    82.1683    4.00040    34.9983    35.0134    27.3437    1491.45    1486.78 0.0000e+00
      15498    657.000     7.5206     7.5195   3.605775   3.607067     1.6036    -0.0638      76.00 4.9481e-02 0.0000e+00    82.1732    4.00631    34.9985    35.0136    27.3438    1491.47    1486.79 0.0000e+00
      15522    658.000     7.5206     7.5195   3.605817   3.607100     1.6031    -0.0615      94.83 4.9517e-02 0.0000e+00    82.1560    4.00034    34.9985    35.0135    27.3438    1491.48    1486.80 0.0000e+00
      15546    659.000     7.5207     7.5196   3.605871   3.607156     1.6025    -0.0638      74.44 4.9526e-02 0.0000e+00    82.1535    4.00020    34.9985    35.0135    27.3438    1491.50    1486.80 0.0000e+00
      15570    660.000     7.5209     7.5198   3.605928   3.607225     1.6021    -0.0647      98.49 4.9520e-02 0.0000e+00    82.1703    4.00146    34.9985    35.0136    27.3438    1491.52    1486.81 0.0000e+00
      15594    661.000     7.5208     7.5199   3.605976   3.607260     1.6016    -0.0681      71.70 4.9514e-02 0.0000e+00    82.1541    3.99658    34.9986    35.0134    27.3439    1491.53    1486.82 0.0000e+00
      15618    662.000     7.5210     7.5200   3.606033   3.607336     1.6010    -0.0639      92.78 4.9536e-02 0.0000e+00    82.1545    3.99366    34.9985    35.0136    27.3438    1491.55    1486.82 0.0000e+00
      15642    663.000     7.5211     7.5201   3.606089   3.607377     1.6004    -0.0707      78.90 4.9496e-02 0.0000e+00    82.1374    3.99530    34.9986    35.0135    27.3438    1491.57    1486.83 0.0000e+00
      15666    664.000     7.5207     7.5195   3.606101   3.607386     1.6001    -0.0534      82.12 4.9503e-02 0.0000e+00    82.1394    3.99775    34.9986    35.0137    27.3439    1491.58    1486.84 0.0000e+00
      15689    665.000     7.5204     7.5192   3.606133   3.607419     1.5998    -0.0597      83.85 4.9523e-02 0.0000e+00    82.1575    3.99633    34.9988    35.0139    27.3441    1491.60    1486.84 0.0000e+00
      15713    666.000     7.5193     7.5184   3.606109   3.607406     1.5996    -0.0673      74.42 4.9491e-02 0.0000e+00    82.1544    3.99456    34.9992    35.0141    27.3445    1491.61    1486.85 0.0000e+00
      15736    667.000     7.5183     7.5173   3.606099   3.607388     1.5988    -0.0655      91.77 4.9526e-02 0.0000e+00    82.1274    3.98954    34.9996    35.0145    27.3450    1491.62    1486.86 0.0000e+00
      15760    668.000     7.5169     7.5159   3.606053   3.607334     1.5985    -0.0639      62.63 4.9518e-02 0.0000e+00    82.1422    3.99169    35.0000    35.0149    27.3456    1491.63    1486.87 0.0000e+00
      15783    669.000     7.5158     7.5148   3.606032   3.607336     1.5980    -0.0651      98.66 4.9520e-02 0.0000e+00    82.1339    3.98556    35.0004    35.0155    27.3460    1491.65    1486.87 0.0000e+00
      15807    670.000     7.5154     7.5142   3.606045   3.607325     1.5969    -0.0593      59.40 4.9530e-02 0.0000e+00    82.1368    3.97999    35.0005    35.0155    27.3461    1491.66    1486.88 0.0000e+00
      15831    671.000     7.5146     7.5135   3.606050   3.607338     1.5960    -0.0638      96.29 4.9503e-02 0.0000e+00    82.1231    3.97910    35.0009    35.0159    27.3466    1491.68    1486.89 0.0000e+00
      15854    672.000     7.5143     7.5131   3.606070   3.607356     1.5953    -0.0597      62.51 4.9508e-02 0.0000e+00    82.1226    3.97406    35.0009    35.0160    27.3466    1491.69    1486.89 0.0000e+00
      15878    673.000     7.5141     7.5130   3.606105   3.607397     1.5942    -0.0634      86.76 4.9509e-02 0.0000e+00    82.1329    3.96910    35.0010    35.0161    27.3468    1491.71    1486.90 0.0000e+00
      15902    674.000     7.5135     7.5124   3.606110   3.607395     1.5929    -0.0644      77.08 4.9491e-02 0.0000e+00    82.1184    3.96648    35.0012    35.0162    27.3470    1491.72    1486.91 0.0000e+00
      15926    675.000     7.5131     7.5119   3.606134   3.607428     1.5921    -0.0654      78.60 4.9524e-02 0.0000e+00    82.1247    3.96600    35.0014    35.0166    27.3472    1491.74    1486.92 0.0000e+00
      15950    676.000     7.5129     7.5118   3.606175   3.607456     1.5910    -0.0608      85.34 4.9514e-02 0.0000e+00    82.1043    3.96320    35.0016    35.0165    27.3474    1491.75    1486.92 0.0000e+00
      15974    677.000     7.5129     7.5118   3.606221   3.607512     1.5903    -0.0626      70.99 4.9526e-02 0.0000e+00    82.1296    3.96018    35.0016    35.0166    27.3474    1491.77    1486.93 0.0000e+00
      15997    678.000     7.5128     7.5118   3.606263   3.607553     1.5894    -0.0672      94.95 4.9526e-02 0.0000e+00    82.1194    3.95758    35.0017    35.0166    27.3474    1491.79    1486.94 0.0000e+00
      16021    679.000     7.5120     7.5110   3.606270   3.607562     1.5885    -0.0669      63.65 4.9512e-02 0.0000e+00    82.1021    3.96136    35.0021    35.0170    27.3479    1491.80    1486.94 0.0000e+00
      16045    680.000     7.5120     7.5108   3.606308   3.607572     1.5883    -0.0663      99.47 4.9514e-02 0.0000e+00    82.1174    3.95887    35.0020    35.0169    27.3478    1491.82    1486.95 0.0000e+00
      16068    681.000     7.5119     7.5109   3.606341   3.607646     1.5875    -0.0647      67.15 4.9509e-02 0.0000e+00    82.1064    3.95333    35.0020    35.0171    27.3478    1491.83    1486.96 0.0000e+00
      16092    682.000     7.5116     7.5106   3.606378   3.607662     1.5867    -0.0518      92.67 4.9518e-02 0.0000e+00    82.0851    3.95178    35.0022    35.0171    27.3481    1491.85    1486.97 0.0000e+00
      16116    683.000     7.5117     7.5105   3.606432   3.607707     1.5858    -0.0622      68.66 4.9508e-02 0.0000e+00    82.1031    3.94696    35.0022    35.0172    27.3480    1491.87    1486.97 0.0000e+00
      16139    684.000     7.5118     7.5107   3.606485   3.607768     1.5850    -0.0597      98.41 4.9549e-02 0.0000e+00    82.0990    3.94727    35.0022    35.0172    27.3480    1491.88    1486.98 0.0000e+00
      16163    685.000     7.5119     7.5108   3.606534   3.607814     1.5843    -0.0620      35.03 4.9542e-02 0.0000e+00    82.0900    3.94099    35.0022    35.0171    27.3480    1491.90    1486.99 0.0000e+00
      16186    686.000     7.5119     7.5108   3.606585   3.607868     1.5832    -0.0659      98.29 4.9509e-02 0.0000e+00    82.0787    3.94244    35.0023    35.0172    27.3480    1491.92    1486.99 0.0000e+00
