_data/ctd/2022603/sta0170.cnv
* Sea-Bird SBE 9 Data File:
* FileName = C:\Seabird\CTDData\sta0170.hex
* Software Version Seasave V 7.21f
* Temperature SN = 6264
* Conductivity SN = 4928
* Number of Bytes Per Scan = 40
* Number of Voltage Words = 5
* Number of Scans Averaged by the Deck Unit = 1
* NMEA Latitude = 60 52.19 N
* NMEA Longitude = 005 22.03 E
* NMEA UTC (Time) = Feb 12 2022 23:06:40
* NMEA baud rate = 4800
** Ship: R/V "Kristine Bonnevie"
** Station: 0170
** Echodepth: 464
** Log: 0512.060
** Wind-Dir/Force: 25 09
** Air-temp (dry): 5.9
** Weather Sky:
** Sea:
# nquan = 19                                
# nvalues = 461                         
# units = specified
# name 0 = scan: Scan Count
# name 1 = prDM: Pressure, Digiquartz [db]
# name 2 = t068C: Temperature [ITS-68, deg C]
# name 3 = t168C: Temperature, 2 [ITS-68, deg C]
# name 4 = c0S/m: Conductivity [S/m]
# name 5 = c1S/m: Conductivity, 2 [S/m]
# name 6 = sbeox0V: Oxygen raw, SBE 43 [V]
# name 7 = flECO-AFL: Fluorescence, WET Labs ECO-AFL/FL [mg/m^3]
# name 8 = altM: Altimeter [m]
# name 9 = par: PAR/Irradiance, Biospherical/Licor
# name 10 = spar: SPAR/Surface Irradiance
# name 11 = CStarTr0: Beam Transmission, WET Labs C-Star [%]
# name 12 = sbeox0ML/L: Oxygen, SBE 43 [ml/l], WS = 2
# name 13 = sal00: Salinity, Practical [PSU]
# name 14 = sal11: Salinity, Practical, 2 [PSU]
# name 15 = sigma-t00: Density [sigma-t, Kg/m^3 ]
# name 16 = svCM: Sound Velocity [Chen-Millero, m/s]
# name 17 = avgsvCM: Average Sound Velocity [Chen-Millero, m/s], minP = 1, minS = 5
# name 18 = flag: flag
# span 0 =         14,      10313       
# span 1 =      3.000,    463.000       
# span 2 =     2.9724,     9.4637       
# span 3 =     2.9825,     9.4666       
# span 4 =   1.232692,   3.677694       
# span 5 =   1.271329,   3.679068       
# span 6 =     1.6030,     2.6028       
# span 7 =    -0.0805,     0.2601       
# span 8 =      12.76,      99.69       
# span 9 = 4.9452e-02, 5.7360e-01       
# span 10 = 0.0000e+00, 0.0000e+00      
# span 11 =    23.9851,    81.8288      
# span 12 =    3.82578,    8.69613      
# span 13 =    12.5067,    34.9702      
# span 14 =    12.9270,    34.9857      
# span 15 =     9.9697,    27.1995      
# span 16 =    1433.23,    1491.32      
# span 17 =    1433.23,    1487.26      
# span 18 = 0.0000e+00, 0.0000e+00      
# interval = decibars: 1                
# start_time = Feb 12 2022 23:06:42 [System UTC, header]
# bad_flag = -9.990e-29
*END*
[from data line 381]
       8550    384.000     8.3296     8.3282   3.666041   3.667372     1.6414    -0.0487      91.23 4.9471e-02 0.0000e+00    80.4089    3.92410    34.9681    34.9837    27.1990    1489.98    1486.56 0.0000e+00
       8572    385.000     8.3297     8.3283   3.666091   3.667421     1.6415    -0.0514      98.78 4.9512e-02 0.0000e+00    80.4296    3.92589    34.9681    34.9836    27.1990    1490.00    1486.57 0.0000e+00
       8594    386.000     8.3298     8.3284   3.666142   3.667472     1.6412    -0.0588      51.57 4.9502e-02 0.0000e+00    80.4149    3.92493    34.9681    34.9836    27.1990    1490.02    1486.58 0.0000e+00
       8616    387.000     8.3299     8.3285   3.666203   3.667538     1.6411 -9.990e-29      85.74 4.9515e-02 0.0000e+00    80.3753    3.92697    34.9681    34.9837    27.1990    1490.04    1486.59 0.0000e+00
       8637    388.000     8.3300     8.3286   3.666262   3.667588     1.6411 -9.990e-29      69.14 4.9502e-02 0.0000e+00    80.4150    3.92606    34.9682    34.9837    27.1990    1490.05    1486.60 0.0000e+00
       8659    389.000     8.3301     8.3287   3.666315   3.667657     1.6409 -9.990e-29      86.28 4.9521e-02 0.0000e+00    80.4067    3.92570    34.9682    34.9838    27.1990    1490.07    1486.61 0.0000e+00
       8681    390.000     8.3302     8.3289   3.666374   3.667701     1.6406 -9.990e-29      56.74 4.9492e-02 0.0000e+00    80.4220    3.92097    34.9682    34.9836    27.1990    1490.09    1486.62 0.0000e+00
       8703    391.000     8.3303     8.3289   3.666426   3.667759     1.6401 -9.990e-29      82.65 4.9506e-02 0.0000e+00    80.4088    3.92004    34.9682    34.9838    27.1990    1490.10    1486.63 0.0000e+00
       8725    392.000     8.3304     8.3291   3.666482   3.667825     1.6397 -9.990e-29      55.83 4.9479e-02 0.0000e+00    80.3747    3.92236    34.9682    34.9838    27.1990    1490.12    1486.64 0.0000e+00
       8747    393.000     8.3306     8.3292   3.666548   3.667877     1.6397 -9.990e-29      85.50 4.9509e-02 0.0000e+00    80.3784    3.92418    34.9683    34.9838    27.1990    1490.14    1486.64 0.0000e+00
       8769    394.000     8.3307     8.3293   3.666597   3.667935     1.6395 -9.990e-29      46.74 4.9502e-02 0.0000e+00    80.3744    3.91838    34.9682    34.9838    27.1989    1490.15    1486.65 0.0000e+00
       8790    395.000     8.3308     8.3293   3.666650   3.667983     1.6387 -9.990e-29      73.62 4.9483e-02 0.0000e+00    80.3442    3.91888    34.9682    34.9839    27.1989    1490.17    1486.66 0.0000e+00
       8812    396.000     8.3308     8.3294   3.666700   3.668038     1.6388 -9.990e-29      25.67 4.9489e-02 0.0000e+00    80.3579    3.92280    34.9683    34.9839    27.1990    1490.19    1486.67 0.0000e+00
       8834    397.000     8.3309     8.3295   3.666755   3.668095     1.6385 -9.990e-29      83.49 4.9477e-02 0.0000e+00    80.3398    3.92004    34.9683    34.9839    27.1990    1490.20    1486.68 0.0000e+00
       8856    398.000     8.3310     8.3296   3.666809   3.668145     1.6382 -9.990e-29      98.81 4.9512e-02 0.0000e+00    80.3268    3.91496    34.9683    34.9839    27.1990    1490.22    1486.69 0.0000e+00
       8878    399.000     8.3311     8.3296   3.666866   3.668195     1.6374 -9.990e-29      91.05 4.9483e-02 0.0000e+00    80.3243    3.91826    34.9683    34.9839    27.1990    1490.24    1486.70 0.0000e+00
       8900    400.000     8.3311     8.3296   3.666907   3.668251     1.6378 -9.990e-29      98.94 4.9535e-02 0.0000e+00    80.3327    3.92105    34.9683    34.9840    27.1989    1490.25    1486.71 0.0000e+00
       8922    401.000     8.3312     8.3297   3.666967   3.668308     1.6373 -9.990e-29      88.31 4.9493e-02 0.0000e+00    80.3307    3.91950    34.9683    34.9841    27.1990    1490.27    1486.72 0.0000e+00
       8944    402.000     8.3313     8.3299   3.667022   3.668365     1.6375 -9.990e-29      97.24 4.9539e-02 0.0000e+00    80.3010    3.92042    34.9684    34.9840    27.1990    1490.29    1486.72 0.0000e+00
       8966    403.000     8.3315     8.3300   3.667081   3.668415     1.6369 -9.990e-29      74.82 4.9509e-02 0.0000e+00    80.3100    3.91789    34.9683    34.9840    27.1989    1490.31    1486.73 0.0000e+00
       8988    404.000     8.3316     8.3302   3.667136   3.668473     1.6371 -9.990e-29      97.65 4.9534e-02 0.0000e+00    80.3201    3.92035    34.9683    34.9839    27.1989    1490.32    1486.74 0.0000e+00
       9010    405.000     8.3317     8.3302   3.667194   3.668535     1.6366    -0.0403      86.27 4.9509e-02 0.0000e+00    80.3248    3.91336    34.9684    34.9841    27.1989    1490.34    1486.75 0.0000e+00
       9033    406.000     8.3317     8.3303   3.667237   3.668576     1.6361    -0.0601      95.87 4.9511e-02 0.0000e+00    80.2819    3.91796    34.9684    34.9840    27.1989    1490.36    1486.76 0.0000e+00
       9055    407.000     8.3314     8.3300   3.667255   3.668585     1.6363    -0.0577      86.95 4.9540e-02 0.0000e+00    80.3095    3.92053    34.9684    34.9839    27.1990    1490.37    1486.77 0.0000e+00
       9078    408.000     8.3311     8.3297   3.667280   3.668618     1.6360    -0.0520      93.77 4.9546e-02 0.0000e+00    80.3222    3.91893    34.9685    34.9841    27.1991    1490.39    1486.78 0.0000e+00
       9100    409.000     8.3311     8.3297   3.667328   3.668663     1.6361    -0.0422      85.08 4.9548e-02 0.0000e+00    80.3594    3.91987    34.9685    34.9841    27.1991    1490.40    1486.79 0.0000e+00
       9122    410.000     8.3312     8.3298   3.667379   3.668727     1.6359    -0.0489      59.26 4.9503e-02 0.0000e+00    80.3895    3.91957    34.9685    34.9842    27.1991    1490.42    1486.79 0.0000e+00
       9145    411.000     8.3313     8.3299   3.667443   3.668779     1.6359    -0.0459      80.30 4.9540e-02 0.0000e+00    80.4392    3.91872    34.9686    34.9842    27.1991    1490.44    1486.80 0.0000e+00
       9167    412.000     8.3314     8.3300   3.667499   3.668837     1.6354    -0.0453      81.31 4.9481e-02 0.0000e+00    80.4348    3.91564    34.9686    34.9842    27.1991    1490.45    1486.81 0.0000e+00
       9189    413.000     8.3315     8.3301   3.667557   3.668897     1.6354    -0.0388      81.76 4.9471e-02 0.0000e+00    80.4353    3.92163    34.9686    34.9843    27.1992    1490.47    1486.82 0.0000e+00
       9212    414.000     8.3316     8.3302   3.667602   3.668960     1.6353    -0.0326      98.88 4.9535e-02 0.0000e+00    80.4283    3.91849    34.9686    34.9844    27.1991    1490.49    1486.83 0.0000e+00
       9234    415.000     8.3317     8.3303   3.667660   3.669003     1.6352    -0.0465      98.78 4.9566e-02 0.0000e+00    80.4418    3.91960    34.9686    34.9843    27.1991    1490.50    1486.84 0.0000e+00
       9256    416.000     8.3319     8.3304   3.667724   3.669065     1.6352    -0.0544      98.78 4.9534e-02 0.0000e+00    80.3995    3.91480    34.9686    34.9843    27.1991    1490.52    1486.85 0.0000e+00
       9279    417.000     8.3319     8.3306   3.667783   3.669121     1.6342    -0.0580      98.78 4.9506e-02 0.0000e+00    80.3642    3.90939    34.9688    34.9843    27.1992    1490.54    1486.86 0.0000e+00
       9301    418.000     8.3320     8.3306   3.667841   3.669169     1.6336    -0.0630      74.16 4.9508e-02 0.0000e+00    80.4010    3.91081    34.9688    34.9843    27.1992    1490.56    1486.87 0.0000e+00
       9324    419.000     8.3321     8.3308   3.667890   3.669226     1.6334    -0.0628      80.51 4.9496e-02 0.0000e+00    80.3928    3.91522    34.9688    34.9842    27.1992    1490.57    1486.87 0.0000e+00
       9346    420.000     8.3322     8.3308   3.667941   3.669286     1.6333    -0.0423      36.17 4.9505e-02 0.0000e+00    80.3794    3.91335    34.9687    34.9844    27.1991    1490.59    1486.88 0.0000e+00
       9368    421.000     8.3323     8.3309   3.667992   3.669339     1.6328    -0.0505      69.32 4.9490e-02 0.0000e+00    80.3624    3.91262    34.9687    34.9844    27.1991    1490.61    1486.89 0.0000e+00
       9391    422.000     8.3324     8.3310   3.668053   3.669386     1.6329    -0.0557      94.52 4.9529e-02 0.0000e+00    80.3463    3.91715    34.9688    34.9843    27.1991    1490.62    1486.90 0.0000e+00
       9413    423.000     8.3324     8.3310   3.668107   3.669439     1.6328    -0.0558      91.88 4.9552e-02 0.0000e+00    80.3691    3.91500    34.9689    34.9844    27.1992    1490.64    1486.91 0.0000e+00
       9436    424.000     8.3325     8.3311   3.668162   3.669497     1.6326    -0.0614      91.06 4.9496e-02 0.0000e+00    80.3386    3.91246    34.9689    34.9845    27.1992    1490.66    1486.92 0.0000e+00
       9458    425.000     8.3325     8.3312   3.668218   3.669558     1.6323    -0.0570      89.24 4.9505e-02 0.0000e+00    80.3879    3.91410    34.9690    34.9845    27.1993    1490.67    1486.93 0.0000e+00
       9480    426.000     8.3327     8.3313   3.668271   3.669610     1.6323    -0.0424      98.15 4.9502e-02 0.0000e+00    80.3665    3.91605    34.9689    34.9845    27.1992    1490.69    1486.94 0.0000e+00
       9503    427.000     8.3328     8.3314   3.668335   3.669672     1.6321    -0.0324      98.78 4.9523e-02 0.0000e+00    80.3987    3.91290    34.9690    34.9846    27.1993    1490.71    1486.94 0.0000e+00
       9525    428.000     8.3329     8.3315   3.668392   3.669733     1.6318 -9.990e-29      89.01 4.9490e-02 0.0000e+00    80.4015    3.91407    34.9690    34.9847    27.1993    1490.72    1486.95 0.0000e+00
       9548    429.000     8.3330     8.3316   3.668454   3.669799     1.6321 -9.990e-29      98.83 4.9522e-02 0.0000e+00    80.4386    3.91438    34.9691    34.9848    27.1993    1490.74    1486.96 0.0000e+00
       9570    430.000     8.3331     8.3318   3.668516   3.669862     1.6312 -9.990e-29      98.72 4.9530e-02 0.0000e+00    80.3780    3.90867    34.9692    34.9848    27.1994    1490.76    1486.97 0.0000e+00
       9593    431.000     8.3332     8.3319   3.668575   3.669905     1.6311    -0.0531      92.08 4.9524e-02 0.0000e+00    80.3532    3.91269    34.9693    34.9847    27.1994    1490.77    1486.98 0.0000e+00
       9616    432.000     8.3334     8.3320   3.668630   3.669969     1.6310    -0.0543      96.04 4.9508e-02 0.0000e+00    80.3588    3.91125    34.9692    34.9848    27.1993    1490.79    1486.99 0.0000e+00
       9638    433.000     8.3335     8.3322   3.668692   3.670030     1.6305    -0.0440      85.84 4.9493e-02 0.0000e+00    80.3531    3.90707    34.9693    34.9848    27.1994    1490.81    1487.00 0.0000e+00
       9661    434.000     8.3337     8.3322   3.668748   3.670088     1.6300    -0.0439      79.70 4.9511e-02 0.0000e+00    80.3276    3.90648    34.9692    34.9849    27.1993    1490.83    1487.01 0.0000e+00
       9684    435.000     8.3338     8.3324   3.668806   3.670147     1.6296    -0.0558      40.15 4.9502e-02 0.0000e+00    80.2775    3.90761    34.9693    34.9849    27.1993    1490.84    1487.01 0.0000e+00
       9706    436.000     8.3339     8.3325   3.668863   3.670205     1.6294    -0.0611      80.93 4.9493e-02 0.0000e+00    80.2499    3.90236    34.9693    34.9849    27.1993    1490.86    1487.02 0.0000e+00
       9729    437.000     8.3340     8.3326   3.668924   3.670264     1.6282    -0.0511      53.76 4.9499e-02 0.0000e+00    80.1710    3.89657    34.9694    34.9850    27.1993    1490.88    1487.03 0.0000e+00
       9752    438.000     8.3341     8.3327   3.668979   3.670315     1.6275    -0.0442      72.08 4.9483e-02 0.0000e+00    80.1607    3.89444    34.9694    34.9850    27.1993    1490.89    1487.04 0.0000e+00
       9774    439.000     8.3342     8.3328   3.669032   3.670368     1.6265    -0.0399      47.61 4.9487e-02 0.0000e+00    80.1208    3.89281    34.9694    34.9850    27.1993    1490.91    1487.05 0.0000e+00
       9797    440.000     8.3343     8.3329   3.669087   3.670432     1.6258    -0.0354      59.52 4.9528e-02 0.0000e+00    80.0755    3.89369    34.9694    34.9851    27.1993    1490.93    1487.06 0.0000e+00
       9819    441.000     8.3345     8.3331   3.669142   3.670499     1.6254    -0.0382      34.52 4.9505e-02 0.0000e+00    80.0263    3.89358    34.9693    34.9851    27.1992    1490.94    1487.07 0.0000e+00
       9842    442.000     8.3346     8.3332   3.669207   3.670545     1.6250    -0.0360      33.86 4.9477e-02 0.0000e+00    79.9730    3.89071    34.9694    34.9850    27.1993    1490.96    1487.08 0.0000e+00
       9864    443.000     8.3348     8.3334   3.669279   3.670616     1.6239    -0.0496      32.81 4.9506e-02 0.0000e+00    79.9503    3.88651    34.9695    34.9851    27.1993    1490.98    1487.09 0.0000e+00
       9887    444.000     8.3349     8.3336   3.669331   3.670680     1.6233    -0.0461      31.64 4.9509e-02 0.0000e+00    79.8950    3.88077    34.9695    34.9851    27.1993    1491.00    1487.09 0.0000e+00
       9909    445.000     8.3350     8.3337   3.669389   3.670746     1.6220    -0.0349      30.86 4.9518e-02 0.0000e+00    79.8356    3.87749    34.9695    34.9852    27.1993    1491.01    1487.10 0.0000e+00
       9932    446.000     8.3351     8.3338   3.669457   3.670808     1.6214    -0.0355      29.72 4.9481e-02 0.0000e+00    79.7890    3.87816    34.9697    34.9853    27.1994    1491.03    1487.11 0.0000e+00
       9955    447.000     8.3353     8.3339   3.669512   3.670863     1.6201    -0.0350      28.78 4.9496e-02 0.0000e+00    79.6789    3.86680    34.9696    34.9853    27.1993    1491.05    1487.12 0.0000e+00
       9977    448.000     8.3355     8.3340   3.669583   3.670914     1.6188    -0.0559      27.84 4.9512e-02 0.0000e+00    79.5982    3.86435    34.9697    34.9853    27.1994    1491.06    1487.13 0.0000e+00
      10000    449.000     8.3355     8.3342   3.669646   3.670985     1.6175    -0.0377      26.81 4.9515e-02 0.0000e+00    79.5152    3.85881    34.9699    34.9854    27.1995    1491.08    1487.14 0.0000e+00
      10022    450.000     8.3357     8.3344   3.669704   3.671041     1.6161    -0.0505      25.80 4.9505e-02 0.0000e+00    79.4392    3.85595    34.9698    34.9853    27.1995    1491.10    1487.15 0.0000e+00
      10045    451.000     8.3359     8.3345   3.669758   3.671102     1.6149    -0.0572      24.67 4.9509e-02 0.0000e+00    79.3454    3.85192    34.9697    34.9854    27.1993    1491.12    1487.16 0.0000e+00
      10067    452.000     8.3360     8.3346   3.669821   3.671163     1.6136    -0.0478      23.39 4.9493e-02 0.0000e+00    79.2241    3.84753    34.9698    34.9855    27.1994    1491.13    1487.16 0.0000e+00
      10090    453.000     8.3361     8.3347   3.669883   3.671222     1.6122    -0.0367      22.56 4.9496e-02 0.0000e+00    79.1874    3.84369    34.9699    34.9855    27.1995    1491.15    1487.17 0.0000e+00
      10112    454.000     8.3362     8.3348   3.669922   3.671274     1.6111    -0.0324      21.76 4.9506e-02 0.0000e+00    79.1089    3.84307    34.9698    34.9855    27.1993    1491.17    1487.18 0.0000e+00
      10134    455.000     8.3363     8.3349   3.669992   3.671332     1.6099    -0.0327      20.73 4.9515e-02 0.0000e+00    79.0730    3.83804    34.9700    34.9856    27.1994    1491.18    1487.19 0.0000e+00
      10157    456.000     8.3365     8.3351   3.670055   3.671398     1.6089    -0.0350      19.79 4.9496e-02 0.0000e+00    78.9948    3.83850    34.9700    34.9856    27.1994    1491.20    1487.20 0.0000e+00
      10179    457.000     8.3366     8.3352   3.670115   3.671451     1.6080    -0.0492      18.70 4.9505e-02 0.0000e+00    78.9616    3.83526    34.9700    34.9856    27.1995    1491.22    1487.21 0.0000e+00
      10202    458.000     8.3367     8.3353   3.670159   3.671508     1.6071    -0.0406      17.69 4.9496e-02 0.0000e+00    78.9147    3.83509    34.9699    34.9856    27.1994    1491.23    1487.22 0.0000e+00
      10224    459.000     8.3368     8.3355   3.670224   3.671567     1.6062    -0.0293      16.71 4.9489e-02 0.0000e+00    78.8725    3.82993    34.9700    34.9856    27.1994    1491.25    1487.23 0.0000e+00
