_data/ctd/2022603/sta0179.cnv
* Sea-Bird SBE 9 Data File:
* FileName = C:\Seabird\CTDData\sta0179.hex
* Software Version Seasave V 7.21f
* Temperature SN = 6264
* Conductivity SN = 4928
* Number of Bytes Per Scan = 40
* Number of Voltage Words = 5
* Number of Scans Averaged by the Deck Unit = 1
* NMEA Latitude = 60 55.96 N
* NMEA Longitude = 004 39.88 E
* NMEA UTC (Time) = Feb 13 2022 06:04:17
* NMEA baud rate = 4800
** Ship: R/V "Kristine Bonnevie"
** Station: 0179
** Echodepth: 529
** Log: 0542.999
** Wind-Dir/Force: 20 25
** Air-temp (dry): 7.3
** Weather Sky:
** Sea:
** S01
# nquan = 19                                
# nvalues = 521                         
# units = specified
# name 0 = scan: Scan Count
# name 1 = prDM: Pressure, Digiquartz [db]
# name 2 = t068C: Temperature [ITS-68, deg C]
# name 3 = t168C: Temperature, 2 [ITS-68, deg C]
# name 4 = c0S/m: Conductivity [S/m]
# name 5 = c1S/m: Conductivity, 2 [S/m]
# name 6 = sbeox0V: Oxygen raw, SBE 43 [V]
# name 7 = flECO-AFL: Fluorescence, WET Labs ECO-AFL/FL [mg/m^3]
# name 8 = altM: Altimeter [m]
# name 9 = par: PAR/Irradiance, Biospherical/Licor
# name 10 = spar: SPAR/Surface Irradiance
# name 11 = CStarTr0: Beam Transmission, WET Labs C-Star [%]
# name 12 = sbeox0ML/L: Oxygen, SBE 43 [ml/l], WS = 2
# name 13 = sal00: Salinity, Practical [PSU]
# name 14 = sal11: Salinity, Practical, 2 [PSU]
# name 15 = sigma-t00: Density [sigma-t, Kg/m^3 ]
# name 16 = svCM: Sound Velocity [Chen-Millero, m/s]
# name 17 = avgsvCM: Average Sound Velocity [Chen-Millero, m/s], minP = 1, minS = 5
# name 18 = flag: flag
# span 0 =        -52,      11971       
# span 1 =      3.000,    523.000       
# span 2 =     6.6407,     8.2411       
# span 3 =     6.6410,     8.2392       
# span 4 =   3.272433,   3.656478       
# span 5 =   3.273285,   3.657851       
# span 6 =     2.1242,     2.5449       
# span 7 =    -0.1092,     0.3105       
# span 8 =     -28.80,     101.36       
# span 9 = 4.9438e-02, 5.5009e-01       
# span 10 = 0.0000e+00, 0.0000e+00      
# span 11 =    80.2109,    81.8604      
# span 12 =    5.69739,    7.00094      
# span 13 =    32.4550,    35.0064      
# span 14 =    32.4665,    35.0224      
# span 15 =    25.4514,    27.2597      
# span 16 =    1474.43,    1491.55      
# span 17 =    1474.43,    1486.07      
# span 18 = 0.0000e+00, 0.0000e+00      
# interval = decibars: 1                
# start_time = Feb 13 2022 06:04:20 [System UTC, header]
# bad_flag = -9.990e-29
*END*
        -52      3.000     6.7210     6.7188   3.272433   3.273285     2.4680     0.2541     -28.80 5.5009e-01 0.0000e+00    80.2115    6.81048    32.4550    32.4665    25.4514    1474.43    1474.43 0.0000e+00
        263      4.000     6.7218     6.7194   3.272578   3.273437     2.4687     0.2528      91.70 4.2750e-01 0.0000e+00    80.2833    6.80941    32.4554    32.4671    25.4516    1474.45    1474.43 0.0000e+00
        528      5.000     6.7224     6.7203   3.273554   3.274943     2.4699     0.1966      99.71 3.1856e-01 0.0000e+00    80.4505    6.81287    32.4650    32.4823    25.4591    1474.48    1474.44 0.0000e+00
        566      6.000     6.7231     6.7208   3.274757   3.276594     2.4694     0.2465      98.82 2.6025e-01 0.0000e+00    80.3808    6.81406    32.4771    32.4995    25.4685    1474.51    1474.45 0.0000e+00
        627      7.000     6.7242     6.7223   3.275678   3.276652     2.4703     0.3041      98.82 1.6704e-01 0.0000e+00    80.3431    6.82277    32.4857    32.4982    25.4752    1474.54    1474.47 0.0000e+00
        669      8.000     6.7250     6.7244   3.277105   3.277528     2.4708     0.2436      98.83 1.3958e-01 0.0000e+00    80.4528    6.81789    32.5002    32.5054    25.4865    1474.58    1474.48 0.0000e+00
        686      9.000     6.7229     6.7210   3.277167   3.278920     2.4706     0.2481      98.83 1.3026e-01 0.0000e+00    80.4657    6.81684    32.5024    32.5234    25.4885    1474.59    1474.49 0.0000e+00
        707     10.000     6.7211     6.7193   3.279713   3.280719     2.4705     0.2100      98.82 9.3457e-02 0.0000e+00    80.4697    6.81668    32.5316    32.5444    25.5117    1474.64    1474.51 0.0000e+00
        778     11.000     6.7213     6.7189   3.280084   3.281190     2.4705     0.2504      98.83 7.1712e-02 0.0000e+00    80.3460    6.82412    32.5350    32.5494    25.5144    1474.66    1474.52 0.0000e+00
        807     12.000     6.7194     6.7178   3.280774   3.281715     2.4709     0.2482      98.83 5.9522e-02 0.0000e+00    80.4487    6.82339    32.5439    32.5558    25.5216    1474.68    1474.53 0.0000e+00
        828     13.000     6.7187     6.7174   3.281538   3.282362     2.4710     0.2365      98.82 5.1126e-02 0.0000e+00    80.4545    6.82443    32.5525    32.5628    25.5285    1474.70    1474.55 0.0000e+00
        846     14.000     6.7180     6.7171   3.281723   3.282469     2.4712     0.2048      98.83 4.9818e-02 0.0000e+00    80.4707    6.82662    32.5547    32.5638    25.5303    1474.72    1474.56 0.0000e+00
        869     15.000     6.7113     6.7073   3.282645   3.284342     2.4712     0.2028      98.82 5.0121e-02 0.0000e+00    80.4733    6.82451    32.5707    32.5932    25.5438    1474.73    1474.57 0.0000e+00
        900     16.000     6.7015     6.7007   3.284619   3.285422     2.4709     0.2486      98.82 4.9467e-02 0.0000e+00    80.4805    6.82852    32.6013    32.6109    25.5692    1474.75    1474.58 0.0000e+00
        930     17.000     6.6951     6.6920   3.286113   3.287632     2.4721     0.2581      98.82 4.9503e-02 0.0000e+00    80.4836    6.84356    32.6234    32.6430    25.5874    1474.77    1474.59 0.0000e+00
        959     18.000     6.6740     6.6723   3.290729   3.291789     2.4732     0.2799      98.82 4.9482e-02 0.0000e+00    80.4553    6.84518    32.6938    32.7071    25.6457    1474.79    1474.60 0.0000e+00
        987     19.000     6.6638     6.6632   3.293387   3.294293     2.4740     0.2800      98.83 4.9478e-02 0.0000e+00    80.4507    6.84975    32.7324    32.7429    25.6774    1474.81    1474.61 0.0000e+00
       1008     20.000     6.6523     6.6501   3.297136   3.298780     2.4748     0.2767      98.82 4.9468e-02 0.0000e+00    80.4749    6.85699    32.7842    32.8045    25.7197    1474.85    1474.63 0.0000e+00
       1026     21.000     6.6407     6.6410   3.305791   3.306027     2.4761     0.2496      98.83 4.9478e-02 0.0000e+00    80.4751    6.86080    32.8903    32.8926    25.8049    1474.95    1474.64 0.0000e+00
       1044     22.000     6.6438     6.6417   3.314668   3.315687     2.4768     0.2478      98.83 4.9488e-02 0.0000e+00    80.4718    6.86024    32.9848    32.9981    25.8790    1475.10    1474.66 0.0000e+00
       1062     23.000     6.6495     6.6474   3.316628   3.317649     2.4781     0.2495      98.82 4.9488e-02 0.0000e+00    80.4635    6.87572    33.0005    33.0137    25.8906    1475.16    1474.68 0.0000e+00
       1085     24.000     6.6666     6.6633   3.319819   3.320841     2.4810     0.2541      98.82 4.9482e-02 0.0000e+00    80.4527    6.89547    33.0187    33.0331    25.9027    1475.26    1474.71 0.0000e+00
       1115     25.000     6.6995     6.6971   3.326965   3.328133     2.4861     0.2801      96.74 4.9487e-02 0.0000e+00    80.4945    6.91790    33.0653    33.0804    25.9351    1475.47    1474.74 0.0000e+00
       1144     26.000     6.7065     6.7033   3.334393   3.335578     2.4916     0.2811      87.05 4.9480e-02 0.0000e+00    80.4904    6.93184    33.1399    33.1561    25.9930    1475.61    1474.77 0.0000e+00
       1168     27.000     6.7918     6.7849   3.353535   3.354950     2.4959     0.2711      89.31 4.9492e-02 0.0000e+00    80.5148    6.91842    33.2677    33.2899    26.0824    1476.12    1474.82 0.0000e+00
       1187     28.000     6.8452     6.8418   3.362908   3.364150     2.4985     0.2490      86.57 4.9471e-02 0.0000e+00    80.5239    6.91694    33.3185    33.3354    26.1153    1476.40    1474.88 0.0000e+00
       1204     29.000     6.8622     6.8594   3.366648   3.367840     2.5012     0.2495      98.76 4.9488e-02 0.0000e+00    80.5036    6.92328    33.3426    33.3584    26.1320    1476.52    1474.93 0.0000e+00
       1220     30.000     6.8733     6.8707   3.369261   3.370425     2.5035     0.2495      83.68 4.9474e-02 0.0000e+00    80.5235    6.92215    33.3600    33.3754    26.1443    1476.60    1474.99 0.0000e+00
       1238     31.000     6.8833     6.8809   3.371275   3.372378     2.5055     0.2495      97.62 4.9472e-02 0.0000e+00    80.5336    6.91820    33.3720    33.3864    26.1524    1476.67    1475.04 0.0000e+00
       1263     32.000     6.9003     6.8991   3.374024   3.375375     2.5076     0.2767      89.09 4.9478e-02 0.0000e+00    80.5476    6.92107    33.3852    33.4012    26.1605    1476.77    1475.10 0.0000e+00
       1292     33.000     6.9527     6.9482   3.382109   3.383299     2.5102     0.2811      97.13 4.9482e-02 0.0000e+00    80.5670    6.91827    33.4225    33.4399    26.1828    1477.03    1475.16 0.0000e+00
       1318     34.000     6.9810     6.9805   3.388434   3.389555     2.5122     0.2798      94.37 4.9465e-02 0.0000e+00    80.5368    6.92033    33.4639    33.4766    26.2116    1477.21    1475.22 0.0000e+00
       1336     35.000     6.9197     6.9198   3.388797   3.389968     2.5140     0.2082      98.59 4.9488e-02 0.0000e+00    80.5465    6.92694    33.5271    33.5398    26.2696    1477.07    1475.27 0.0000e+00
       1352     36.000     6.9131     6.9113   3.389591   3.390762     2.5144     0.2169      87.03 4.9483e-02 0.0000e+00    80.5763    6.91186    33.5417    33.5564    26.2821    1477.08    1475.32 0.0000e+00
       1369     37.000     6.9123     6.9104   3.389993   3.391147     2.5136     0.2482      98.37 4.9476e-02 0.0000e+00    80.5832    6.90411    33.5464    33.5610    26.2859    1477.10    1475.37 0.0000e+00
       1390     38.000     6.9291     6.9255   3.395468   3.396632     2.5131     0.2495      88.81 4.9479e-02 0.0000e+00    80.5589    6.91071    33.5897    33.6060    26.3177    1477.23    1475.42 0.0000e+00
       1413     39.000     6.9462     6.9442   3.400694   3.401912     2.5145     0.2726      97.64 4.9467e-02 0.0000e+00    80.5290    6.92727    33.6299    33.6452    26.3470    1477.37    1475.47 0.0000e+00
       1439     40.000     6.9665     6.9601   3.406085   3.406539     2.5167     0.2811      92.13 4.9491e-02 0.0000e+00    80.4991    6.93293    33.6687    33.6800    26.3749    1477.51    1475.52 0.0000e+00
       1465     41.000     7.0578     7.0485   3.426537   3.427580     2.5186     0.3105      98.33 4.9487e-02 0.0000e+00    80.5118    6.91702    33.8030    33.8236    26.4682    1478.05    1475.58 0.0000e+00
       1485     42.000     7.0768     7.0759   3.431887   3.433121     2.5204     0.3013      90.77 4.9470e-02 0.0000e+00    80.5063    6.92692    33.8425    33.8569    26.4967    1478.19    1475.64 0.0000e+00
       1501     43.000     7.0747     7.0731   3.431709   3.432873     2.5222     0.2477      47.98 4.9467e-02 0.0000e+00    80.5385    6.93695    33.8421    33.8564    26.4967    1478.20    1475.70 0.0000e+00
       1516     44.000     7.0749     7.0730   3.431899   3.433051     2.5239     0.1849      43.56 4.9485e-02 0.0000e+00    80.5539    6.94440    33.8435    33.8580    26.4977    1478.22    1475.76 0.0000e+00
       1532     45.000     7.0761     7.0743   3.432276   3.433466     2.5260     0.1637      96.29 4.9462e-02 0.0000e+00    80.5360    6.95889    33.8460    33.8608    26.4995    1478.24    1475.81 0.0000e+00
       1575     46.000     7.0752     7.0742   3.431988   3.433160     2.5330     0.1584      60.56 4.9469e-02 0.0000e+00    80.5308    6.98931    33.8432    33.8570    26.4974    1478.25    1475.87 0.0000e+00
       1628     47.000     7.0894     7.0847   3.434782   3.435821     2.5414 -9.990e-29      78.44 4.9482e-02 0.0000e+00    80.5206    7.00094    33.8594    33.8754    26.5082    1478.34    1475.92 0.0000e+00
       1644     48.000     7.1152     7.1136   3.441607   3.442885     2.5423 -9.990e-29      33.49 4.9482e-02 0.0000e+00    80.5361    6.99188    33.9082    33.9238    26.5431    1478.52    1475.97 0.0000e+00
       1658     49.000     7.1056     7.1040   3.441994   3.443124     2.5439 -9.990e-29      98.39 4.9459e-02 0.0000e+00    80.5220    6.99661    33.9214    33.9354    26.5548    1478.51    1476.02 0.0000e+00
       1672     50.000     7.0994     7.0973   3.441723   3.442890     2.5446 -9.990e-29      64.47 4.9482e-02 0.0000e+00    80.5016    6.99015    33.9241    33.9389    26.5578    1478.51    1476.07 0.0000e+00
       1685     51.000     7.0967     7.0960   3.441640   3.442852     2.5449 -9.990e-29      21.65 4.9524e-02 0.0000e+00    80.4572    6.97390    33.9253    33.9393    26.5591    1478.52    1476.12 0.0000e+00
       1698     52.000     7.0902     7.0883   3.441392   3.442498     2.5443     0.1579      95.07 4.9473e-02 0.0000e+00    80.4578    6.95118    33.9285    33.9425    26.5626    1478.51    1476.17 0.0000e+00
       1709     53.000     7.0829     7.0816   3.440964   3.442127     2.5423     0.1607      98.34 4.9477e-02 0.0000e+00    80.4289    6.92369    33.9305    33.9445    26.5651    1478.50    1476.21 0.0000e+00
       1722     54.000     7.0822     7.0806   3.440931   3.442133     2.5389     0.1823      53.35 4.9484e-02 0.0000e+00    80.4233    6.89460    33.9304    33.9451    26.5651    1478.52    1476.25 0.0000e+00
       1782     55.000     7.0843     7.0834   3.440424   3.441466     2.5217     0.2291      87.31 4.9477e-02 0.0000e+00    80.4500    6.83760    33.9223    33.9346    26.5584    1478.53    1476.30 0.0000e+00
       1808     56.000     7.0780     7.0765   3.440441   3.441680     2.5156     0.2049      62.36 4.9470e-02 0.0000e+00    80.4482    6.83169    33.9281    33.9432    26.5639    1478.53    1476.34 0.0000e+00
       1823     57.000     7.0668     7.0642   3.439810   3.440813     2.5125     0.2107      82.52 4.9486e-02 0.0000e+00    80.4130    6.83233    33.9318    33.9453    26.5683    1478.51    1476.37 0.0000e+00
       1837     58.000     7.0608     7.0611   3.439327   3.440644     2.5104     0.2049      98.89 4.9503e-02 0.0000e+00    80.3965    6.82907    33.9319    33.9460    26.5693    1478.50    1476.41 0.0000e+00
       1849     59.000     7.0504     7.0498   3.438529   3.439665     2.5079     0.2187      67.39 4.9463e-02 0.0000e+00    80.3691    6.82460    33.9329    33.9459    26.5715    1478.48    1476.44 0.0000e+00
       1864     60.000     7.0368     7.0355   3.437718   3.438888     2.5059     0.2485      77.47 4.9448e-02 0.0000e+00    80.3941    6.82138    33.9369    33.9510    26.5765    1478.45    1476.48 0.0000e+00
       1889     61.000     7.0375     7.0383   3.438979   3.440721     2.5017     0.2721      69.42 4.9479e-02 0.0000e+00    80.3698    6.81299    33.9496    33.9679    26.5864    1478.48    1476.51 0.0000e+00
       1923     62.000     7.0678     7.0638   3.444147   3.445207     2.4972     0.2549      94.30 4.9486e-02 0.0000e+00    80.3791    6.79641    33.9759    33.9914    26.6029    1478.65    1476.55 0.0000e+00
       1947     63.000     7.0933     7.0946   3.447935   3.449760     2.4942     0.2814      63.36 4.9495e-02 0.0000e+00    80.2109    6.79018    33.9917    34.0104    26.6119    1478.78    1476.58 0.0000e+00
       1964     64.000     7.1089     7.1042   3.450181   3.451092     2.4929     0.2502      98.81 4.9476e-02 0.0000e+00    80.3787    6.78202    34.0005    34.0151    26.6166    1478.87    1476.62 0.0000e+00
       1978     65.000     7.1144     7.1117   3.451022   3.452211     2.4909     0.2495      72.00 4.9479e-02 0.0000e+00    80.4293    6.76986    34.0037    34.0194    26.6185    1478.91    1476.65 0.0000e+00
       1991     66.000     7.1193     7.1172   3.451788   3.453022     2.4894     0.2495      23.91 4.9474e-02 0.0000e+00    80.4124    6.76180    34.0068    34.0224    26.6202    1478.95    1476.69 0.0000e+00
       2004     67.000     7.1237     7.1214   3.452447   3.453602     2.4876     0.2466      23.61 4.9462e-02 0.0000e+00    80.3995    6.75547    34.0092    34.0241    26.6215    1478.99    1476.72 0.0000e+00
       2018     68.000     7.1317     7.1303   3.453592   3.454956     2.4856     0.2042      79.09 4.9489e-02 0.0000e+00    80.4138    6.74951    34.0134    34.0297    26.6236    1479.04    1476.75 0.0000e+00
       2046     69.000     7.1359     7.1344   3.454211   3.455430     2.4827     0.2005      89.76 4.9463e-02 0.0000e+00    80.4454    6.75291    34.0155    34.0303    26.6247    1479.08    1476.79 0.0000e+00
       2081     70.000     7.1382     7.1354   3.454548   3.455616     2.4803     0.2508      62.41 4.9471e-02 0.0000e+00    80.4354    6.74812    34.0164    34.0309    26.6251    1479.10    1476.82 0.0000e+00
       2107     71.000     7.1380     7.1368   3.454549   3.455826     2.4784     0.2411      88.44 4.9490e-02 0.0000e+00    80.4378    6.74338    34.0161    34.0313    26.6249    1479.12    1476.85 0.0000e+00
       2127     72.000     7.1469     7.1415   3.455718   3.456547     2.4772     0.2003      58.99 4.9497e-02 0.0000e+00    80.4508    6.74097    34.0197    34.0341    26.6265    1479.17    1476.89 0.0000e+00
       2146     73.000     7.1476     7.1444   3.455848   3.456847     2.4760     0.1990      81.22 4.9453e-02 0.0000e+00    80.4727    6.73917    34.0199    34.0340    26.6266    1479.19    1476.92 0.0000e+00
       2169     74.000     7.1598     7.1575   3.457530   3.458724     2.4749     0.1956      80.58 4.9481e-02 0.0000e+00    80.4539    6.73580    34.0258    34.0411    26.6295    1479.26    1476.95 0.0000e+00
       2198     75.000     7.2075     7.1930   3.464161   3.463985     2.4740     0.1936      46.97 4.9470e-02 0.0000e+00    80.4778    6.73357    34.0507    34.0631    26.6425    1479.50    1476.98 0.0000e+00
       2227     76.000     7.2214     7.2211   3.466618   3.468207     2.4740     0.1968      64.06 4.9493e-02 0.0000e+00    80.4811    6.73580    34.0634    34.0810    26.6505    1479.58    1477.02 0.0000e+00
       2250     77.000     7.2481     7.2464   3.472093   3.473514     2.4737     0.1706      92.49 4.9459e-02 0.0000e+00    80.5143    6.72028    34.0963    34.1135    26.6727    1479.74    1477.05 0.0000e+00
       2267     78.000     7.2574     7.2554   3.474340   3.475563     2.4727     0.1484      71.82 4.9474e-02 0.0000e+00    80.5293    6.71188    34.1112    34.1265    26.6831    1479.81    1477.09 0.0000e+00
