_data/ctd/2022603/sta0220.cnv
* Sea-Bird SBE 9 Data File:
* FileName = C:\Seabird\CTDData\sta0220.hex
* Software Version Seasave V 7.21f
* Temperature SN = 6264
* Conductivity SN = 4928
* Number of Bytes Per Scan = 40
* Number of Voltage Words = 5
* Number of Scans Averaged by the Deck Unit = 1
* NMEA Latitude = 61 27.60 N
* NMEA Longitude = 004 51.82 E
* NMEA UTC (Time) = Feb 16 2022 16:04:13
* NMEA baud rate = 4800
** Ship: R/V "Kristine Bonnevie"
** Station: 0220
** Echodepth: 276
** Log: 0981.268
** Wind-Dir/Force: 24 02
** Air-temp (dry): 4.2
** Weather Sky:
** Sea:
# nquan = 19                                
# nvalues = 270                         
# units = specified
# name 0 = scan: Scan Count
# name 1 = prDM: Pressure, Digiquartz [db]
# name 2 = t068C: Temperature [ITS-68, deg C]
# name 3 = t168C: Temperature, 2 [ITS-68, deg C]
# name 4 = c0S/m: Conductivity [S/m]
# name 5 = c1S/m: Conductivity, 2 [S/m]
# name 6 = sbeox0V: Oxygen raw, SBE 43 [V]
# name 7 = flECO-AFL: Fluorescence, WET Labs ECO-AFL/FL [mg/m^3]
# name 8 = altM: Altimeter [m]
# name 9 = par: PAR/Irradiance, Biospherical/Licor
# name 10 = spar: SPAR/Surface Irradiance
# name 11 = CStarTr0: Beam Transmission, WET Labs C-Star [%]
# name 12 = sbeox0ML/L: Oxygen, SBE 43 [ml/l], WS = 2
# name 13 = sal00: Salinity, Practical [PSU]
# name 14 = sal11: Salinity, Practical, 2 [PSU]
# name 15 = sigma-t00: Density [sigma-t, Kg/m^3 ]
# name 16 = svCM: Sound Velocity [Chen-Millero, m/s]
# name 17 = avgsvCM: Average Sound Velocity [Chen-Millero, m/s], minP = 1, minS = 5
# name 18 = flag: flag
# span 0 =        361,       6761       
# span 1 =      3.000,    272.000       
# span 2 =     6.0650,     8.6217       
# span 3 =     6.0625,     8.6199       
# span 4 =   3.129453,   3.657081       
# span 5 =   3.130121,   3.658519       
# span 6 =     2.0308,     2.5184       
# span 7 =    -0.0924,     0.5556       
# span 8 =      -6.10,     100.49       
# span 9 = 4.9418e-02, 4.6989e+00       
# span 10 = 9.9915e+00, 1.1992e+01      
# span 11 =    77.3131,    80.4423      
# span 12 =    5.20692,    6.94716      
# span 13 =    31.4852,    34.8784      
# span 14 =    31.4952,    34.8951      
# span 15 =    24.7682,    27.1560      
# span 16 =    1470.63,    1487.36      
# span 17 =    1470.63,    1483.90      
# span 18 = 0.0000e+00, 0.0000e+00      
# interval = decibars: 1                
# start_time = Feb 16 2022 16:04:16 [System UTC, header]
# bad_flag = -9.990e-29
*END*
[from data line 77]
       2125     80.000     8.6217     8.6199   3.633259   3.634705     2.2987 -9.990e-29      98.81 4.9476e-02 1.0814e+01    80.3962    5.86915    34.4777    34.4947    26.7691    1485.46    1477.98 0.0000e+00
       2145     81.000     8.6033     8.6037   3.631840   3.633322     2.2943 -9.990e-29      98.81 4.9508e-02 1.1073e+01    80.3938    5.85832    34.4802    34.4955    26.7740    1485.42    1478.07 0.0000e+00
       2167     82.000     8.5370     8.5459   3.625534   3.627476     2.2900 -9.990e-29      98.81 4.9512e-02 1.1047e+01    80.4304    5.85778    34.4778    34.4896    26.7823    1485.18    1478.16 0.0000e+00
       2187     83.000     8.4121     8.4246   3.613081   3.615027     2.2862 -9.990e-29      98.81 4.9475e-02 1.0557e+01    80.4423    5.86175    34.4674    34.4758    26.7935    1484.72    1478.24 0.0000e+00
       2207     84.000     8.3195     8.3237   3.604201   3.605999     2.2820    -0.0393      98.81 4.9502e-02 1.0517e+01    80.4084    5.86355    34.4632    34.4782    26.8043    1484.38    1478.31 0.0000e+00
       2228     85.000     8.3539     8.3566   3.609623   3.611363     2.2787    -0.0531      98.81 4.9497e-02 1.0827e+01    80.3815    5.88339    34.4867    34.5025    26.8175    1484.56    1478.38 0.0000e+00
       2256     86.000     8.3072     8.3051   3.606027   3.607223     2.2812    -0.0440      98.82 4.9493e-02 1.0495e+01    80.3545    5.96021    34.4937    34.5085    26.8302    1484.41    1478.45 0.0000e+00
       2286     87.000     8.3306     8.3216   3.609314   3.609898     2.2891    -0.0539      98.81 4.9473e-02 1.0580e+01    80.3379    6.00458    34.5053    34.5203    26.8357    1484.53    1478.52 0.0000e+00
       2312     88.000     8.2947     8.2848   3.605895   3.606376     2.2964    -0.0398      98.81 4.9489e-02 1.0231e+01    80.3231    6.03083    34.5036    34.5185    26.8399    1484.41    1478.59 0.0000e+00
       2336     89.000     8.2310     8.2442   3.599312   3.601966     2.3017    -0.0425      98.81 4.9493e-02 1.0371e+01    80.3214    6.03755    34.4955    34.5109    26.8432    1484.17    1478.65 0.0000e+00
       2359     90.000     8.1890     8.1867   3.595547   3.596836     2.3048    -0.0467      98.82 4.9502e-02 1.0335e+01    80.3001    6.03686    34.4961    34.5122    26.8500    1484.03    1478.71 0.0000e+00
       2380     91.000     8.2266     8.2211   3.601071   3.602422     2.3066    -0.0488      98.81 4.9490e-02 1.0411e+01    80.2976    6.04037    34.5177    34.5375    26.8612    1484.22    1478.77 0.0000e+00
       2397     92.000     8.2648     8.2610   3.606127   3.607462     2.3093    -0.0501      98.81 4.9491e-02 1.0776e+01    80.2828    6.05544    34.5335    34.5515    26.8679    1484.40    1478.83 0.0000e+00
       2413     93.000     8.2605     8.2588   3.606430   3.607914     2.3121    -0.0554      98.82 4.9465e-02 -9.990e-29    80.2623    6.06868    34.5405    34.5580    26.8740    1484.41    1478.89 0.0000e+00
       2430     94.000     8.2947     8.2900   3.611351   3.612797     2.3149    -0.0546      98.82 4.9490e-02 -9.990e-29    80.2508    6.06691    34.5589    34.5789    26.8832    1484.57    1478.95 0.0000e+00
       2452     95.000     8.3848     8.3787   3.623232   3.624800     2.3176    -0.0457      98.81 4.9477e-02 -9.990e-29    80.2366    6.05175    34.5962    34.6189    26.8988    1484.97    1479.02 0.0000e+00
       2480     96.000     8.4366     8.4354   3.629820   3.631289     2.3206    -0.0546      98.82 4.9501e-02 -9.990e-29    80.2513    6.05023    34.6149    34.6316    26.9054    1485.21    1479.08 0.0000e+00
       2507     97.000     8.4382     8.4367   3.630663   3.632140     2.3219    -0.0404      98.82 4.9511e-02 -9.990e-29    80.2519    6.01759    34.6218    34.6389    26.9106    1485.24    1479.14 0.0000e+00
       2531     98.000     8.4422     8.4404   3.631748   3.633176     2.3189    -0.0501      98.82 4.9499e-02 -9.990e-29    80.2392    5.98205    34.6289    34.6458    26.9155    1485.28    1479.21 0.0000e+00
       2553     99.000     8.4451     8.4435   3.632509   3.633945     2.3151    -0.0586      98.82 4.9490e-02 -9.990e-29    80.2320    5.96181    34.6336    34.6504    26.9188    1485.31    1479.27 0.0000e+00
       2577    100.000     8.4454     8.4437   3.632707   3.634128     2.3104    -0.0593      98.82 4.9467e-02 -9.990e-29    80.1996    5.94851    34.6349    34.6517    26.9198    1485.33    1479.33 0.0000e+00
       2601    101.000     8.4482     8.4465   3.633359   3.634856     2.3066    -0.0589      98.81 4.9490e-02 1.0057e+01    80.2003    5.94273    34.6386    34.6562    26.9222    1485.36    1479.39 0.0000e+00
       2622    102.000     8.4605     8.4582   3.635723   3.637167     2.3035 -9.990e-29      98.81 4.9475e-02 9.9915e+00    80.1846    5.93951    34.6512    34.6687    26.9302    1485.44    1479.45 0.0000e+00
       2639    103.000     8.4657     8.4633   3.637072   3.638529     2.3019 -9.990e-29      98.81 4.9472e-02 9.9933e+00    80.0692    5.94009    34.6599    34.6777    26.9362    1485.49    1479.51 0.0000e+00
       2657    104.000     8.4742     8.4720   3.639791   3.641242     2.3000 -9.990e-29      98.81 4.9490e-02 9.9933e+00    80.1383    5.93078    34.6799    34.6974    26.9506    1485.56    1479.56 0.0000e+00
       2679    105.000     8.4820     8.4795   3.641462   3.642911     2.2978 -9.990e-29      98.81 4.9495e-02 9.9933e+00    80.1727    5.92469    34.6895    34.7073    26.9569    1485.62    1479.62 0.0000e+00
       2707    106.000     8.5037     8.5017   3.645266   3.646719     2.2955    -0.0590      98.81 4.9476e-02 9.9933e+00    80.1677    5.92127    34.7080    34.7253    26.9681    1485.74    1479.68 0.0000e+00
       2731    107.000     8.5179     8.5148   3.647807   3.649210     2.2941    -0.0584      98.81 4.9469e-02 -9.990e-29    80.1483    5.91354    34.7205    34.7384    26.9756    1485.82    1479.74 0.0000e+00
       2753    108.000     8.5260     8.5239   3.649310   3.650746     2.2922    -0.0573      98.81 4.9465e-02 -9.990e-29    80.1221    5.89668    34.7279    34.7452    26.9803    1485.88    1479.79 0.0000e+00
       2775    109.000     8.5288     8.5269   3.649884   3.651329     2.2892    -0.0744      82.80 4.9500e-02 -9.990e-29    80.0728    5.88089    34.7308    34.7480    26.9821    1485.91    1479.85 0.0000e+00
       2797    110.000     8.5300     8.5282   3.650161   3.651611     2.2860    -0.0924      92.11 4.9478e-02 9.9933e+00    80.1278    5.85729    34.7321    34.7492    26.9829    1485.93    1479.90 0.0000e+00
       2817    111.000     8.5295     8.5278   3.650438   3.651882     2.2815    -0.0890      98.85 4.9509e-02 9.9933e+00    80.1426    5.83480    34.7350    34.7520    26.9853    1485.95    1479.96 0.0000e+00
       2834    112.000     8.5270     8.5253   3.650480   3.651913     2.2779    -0.0589      98.81 4.9480e-02 9.9933e+00    80.1682    5.81931    34.7374    34.7543    26.9876    1485.96    1480.01 0.0000e+00
       2851    113.000     8.5225     8.5215   3.650228   3.651668     2.2733    -0.0558      71.61 4.9456e-02 9.9933e+00    80.1965    5.80458    34.7387    34.7550    26.9893    1485.96    1480.06 0.0000e+00
       2870    114.000     8.5174     8.5158   3.650260   3.651693     2.2690    -0.0599      92.59 4.9508e-02 9.9933e+00    80.2247    5.80338    34.7436    34.7604    26.9939    1485.96    1480.11 0.0000e+00
       2897    115.000     8.5165     8.5148   3.650324   3.651762     2.2647    -0.0590      98.65 4.9500e-02 9.9933e+00    80.2269    5.80798    34.7447    34.7616    26.9949    1485.98    1480.17 0.0000e+00
       2931    116.000     8.5160     8.5144   3.650441   3.651876     2.2620 -9.990e-29      98.81 4.9485e-02 9.9933e+00    80.2308    5.82218    34.7459    34.7627    26.9959    1485.99    1480.22 0.0000e+00
       2960    117.000     8.5168     8.5151   3.651080   3.652518     2.2613 -9.990e-29      98.81 4.9482e-02 9.9933e+00    80.1982    5.82895    34.7514    34.7684    27.0001    1486.02    1480.26 0.0000e+00
       2983    118.000     8.5168     8.5151   3.651444   3.652873     2.2618 -9.990e-29      96.76 4.9488e-02 9.9933e+00    80.2134    5.83667    34.7548    34.7717    27.0028    1486.04    1480.31 0.0000e+00
       3001    119.000     8.5150     8.5134   3.651892   3.653342     2.2621    -0.0594      67.49 4.9480e-02 9.9933e+00    80.1996    5.83495    34.7609    34.7778    27.0078    1486.06    1480.36 0.0000e+00
       3018    120.000     8.5117     8.5103   3.652230   3.653662     2.2619    -0.0589      98.83 4.9464e-02 9.9933e+00    80.2151    5.82242    34.7672    34.7838    27.0133    1486.07    1480.41 0.0000e+00
       3034    121.000     8.4981     8.4974   3.651386   3.652811     2.2606    -0.0790      98.80 4.9482e-02 9.9933e+00    80.2175    5.80645    34.7712    34.7870    27.0185    1486.04    1480.46 0.0000e+00
       3050    122.000     8.4917     8.4901   3.650967   3.652389     2.2584    -0.0882      98.81 4.9491e-02 9.9933e+00    80.2110    5.79537    34.7726    34.7892    27.0206    1486.03    1480.50 0.0000e+00
       3067    123.000     8.4887     8.4874   3.650775   3.652225     2.2564    -0.0666      73.74 4.9504e-02 9.9933e+00    80.2293    5.79070    34.7730    34.7897    27.0214    1486.04    1480.55 0.0000e+00
       3085    124.000     8.4821     8.4808   3.650294   3.651714     2.2543    -0.0740      92.76 4.9474e-02 9.9933e+00    80.2399    5.77509    34.7740    34.7903    27.0232    1486.03    1480.59 0.0000e+00
       3112    125.000     8.4903     8.4885   3.651823   3.653368     2.2484    -0.0752      98.47 4.9483e-02 9.9933e+00    80.2812    5.73715    34.7816    34.7998    27.0279    1486.09    1480.63 0.0000e+00
       3152    126.000     8.5043     8.5029   3.653693   3.655157     2.2385    -0.0855      98.80 4.9478e-02 9.9933e+00    80.2886    5.70842    34.7872    34.8041    27.0301    1486.17    1480.68 0.0000e+00
       3180    127.000     8.5041     8.5021   3.653819   3.655222     2.2347    -0.0548      98.81 4.9477e-02 9.9933e+00    80.2704    5.73945    34.7882    34.8051    27.0309    1486.18    1480.72 0.0000e+00
       3198    128.000     8.5053     8.5035   3.653998   3.655445     2.2352    -0.0558      98.50 4.9478e-02 9.9933e+00    80.2508    5.76438    34.7885    34.8056    27.0309    1486.20    1480.76 0.0000e+00
       3215    129.000     8.5052     8.5033   3.654196   3.655638     2.2364    -0.0590      66.28 4.9500e-02 9.9933e+00    80.2009    5.78097    34.7902    34.8073    27.0323    1486.22    1480.81 0.0000e+00
       3232    130.000     8.5053     8.5035   3.654509   3.655941     2.2385    -0.0580      90.57 4.9486e-02 9.9933e+00    80.1993    5.79286    34.7929    34.8099    27.0344    1486.24    1480.85 0.0000e+00
       3250    131.000     8.5053     8.5036   3.654640   3.656077     2.2403    -0.0558      91.80 4.9485e-02 9.9933e+00    80.2031    5.79980    34.7938    34.8107    27.0351    1486.26    1480.89 0.0000e+00
       3269    132.000     8.5035     8.5019   3.654795   3.656225     2.2427    -0.0755      79.70 4.9476e-02 9.9933e+00    80.1445    5.81248    34.7968    34.8135    27.0377    1486.27    1480.93 0.0000e+00
       3288    133.000     8.5030     8.5012   3.655088   3.656548     2.2453    -0.0873      98.74 4.9481e-02 9.9933e+00    80.1241    5.82100    34.7999    34.8171    27.0403    1486.29    1480.97 0.0000e+00
       3310    134.000     8.5022     8.5005   3.655518   3.656953     2.2480    -0.0567      98.80 4.9478e-02 9.9933e+00    80.0809    5.82923    34.8048    34.8216    27.0442    1486.31    1481.01 0.0000e+00
       3337    135.000     8.5003     8.4987   3.655532   3.656976     2.2508 -9.990e-29      82.33 4.9494e-02 9.9933e+00    80.0540    5.83263    34.8063    34.8232    27.0457    1486.32    1481.05 0.0000e+00
       3364    136.000     8.5001     8.4986   3.655745   3.657196     2.2532 -9.990e-29      99.00 4.9483e-02 9.9933e+00    80.0298    5.83490    34.8083    34.8251    27.0473    1486.34    1481.09 0.0000e+00
       3387    137.000     8.4999     8.4982   3.655932   3.657357     2.2543 -9.990e-29      98.80 4.9465e-02 9.9933e+00    80.0116    5.83368    34.8100    34.8268    27.0487    1486.36    1481.12 0.0000e+00
       3408    138.000     8.4990     8.4973   3.655999   3.657424     2.2553 -9.990e-29      76.21 4.9495e-02 9.9933e+00    80.0220    5.83639    34.8111    34.8279    27.0497    1486.37    1481.16 0.0000e+00
       3428    139.000     8.4976     8.4959   3.655985   3.657424     2.2560 -9.990e-29      79.08 4.9479e-02 9.9933e+00    80.0268    5.83572    34.8119    34.8288    27.0505    1486.39    1481.20 0.0000e+00
       3450    140.000     8.4960     8.4945   3.656091   3.657528     2.2563 -9.990e-29      89.96 4.9474e-02 9.9933e+00    79.9509    5.83264    34.8141    34.8308    27.0525    1486.40    1481.24 0.0000e+00
       3475    141.000     8.4937     8.4922   3.656085   3.657523     2.2563 -9.990e-29      82.29 4.9498e-02 9.9933e+00    79.8780    5.83023    34.8158    34.8325    27.0542    1486.41    1481.27 0.0000e+00
       3499    142.000     8.4919     8.4904   3.656090   3.657538     2.2560    -0.0558      98.76 4.9490e-02 9.9933e+00    79.8463    5.82595    34.8172    34.8340    27.0555    1486.42    1481.31 0.0000e+00
       3520    143.000     8.4917     8.4900   3.656316   3.657760     2.2553    -0.0574      98.81 4.9461e-02 9.9933e+00    79.8178    5.82439    34.8193    34.8363    27.0572    1486.44    1481.35 0.0000e+00
       3538    144.000     8.4920     8.4902   3.656431   3.657866     2.2550    -0.0841      94.58 4.9455e-02 9.9933e+00    79.7933    5.82136    34.8197    34.8367    27.0575    1486.46    1481.38 0.0000e+00
       3555    145.000     8.4921     8.4902   3.656489   3.657920     2.2541    -0.0786      77.71 4.9509e-02 9.9933e+00    79.7742    5.81247    34.8198    34.8368    27.0575    1486.47    1481.42 0.0000e+00
       3571    146.000     8.4906     8.4890   3.656530   3.657954     2.2531    -0.0572      98.64 4.9486e-02 9.9933e+00    79.7602    5.80935    34.8212    34.8379    27.0589    1486.49    1481.45 0.0000e+00
       3590    147.000     8.4867     8.4854   3.656544   3.657981     2.2519    -0.0592      98.81 4.9467e-02 9.9933e+00    79.7647    5.81271    34.8247    34.8412    27.0623    1486.49    1481.48 0.0000e+00
       3612    148.000     8.4833     8.4817   3.656581   3.658015     2.2515    -0.0558      90.38 4.9481e-02 9.9933e+00    79.7838    5.81932    34.8280    34.8448    27.0653    1486.50    1481.52 0.0000e+00
       3637    149.000     8.4832     8.4815   3.656653   3.658085     2.2512    -0.0558      91.40 4.9471e-02 9.9933e+00    79.7849    5.81827    34.8284    34.8452    27.0657    1486.52    1481.55 0.0000e+00
       3661    150.000     8.4831     8.4814   3.656735   3.658171     2.2509    -0.0558      98.91 4.9500e-02 9.9933e+00    79.8144    5.81052    34.8289    34.8458    27.0661    1486.53    1481.58 0.0000e+00
       3683    151.000     8.4820     8.4804   3.656777   3.658209     2.2492    -0.0566      92.13 4.9445e-02 9.9933e+00    79.7699    5.80276    34.8299    34.8467    27.0671    1486.55    1481.62 0.0000e+00
       3703    152.000     8.4800     8.4784   3.656635   3.658067     2.2484    -0.0854      87.14 4.9481e-02 9.9933e+00    79.8057    5.80174    34.8299    34.8467    27.0674    1486.56    1481.65 0.0000e+00
       3724    153.000     8.4786     8.4767   3.656685   3.658137     2.2473    -0.0618      98.60 4.9496e-02 9.9933e+00    79.7885    5.80326    34.8313    34.8486    27.0687    1486.57    1481.68 0.0000e+00
       3748    154.000     8.4796     8.4779   3.656896   3.658327     2.2468    -0.0570      98.58 4.9484e-02 9.9933e+00    79.8185    5.80344    34.8321    34.8490    27.0692    1486.59    1481.71 0.0000e+00
