_data/ctd/2022603/sta0219.cnv
* Sea-Bird SBE 9 Data File:
* FileName = C:\Seabird\CTDData\sta0219.hex
* Software Version Seasave V 7.21f
* Temperature SN = 6264
* Conductivity SN = 4928
* Number of Bytes Per Scan = 40
* Number of Voltage Words = 5
* Number of Scans Averaged by the Deck Unit = 1
* NMEA Latitude = 61 34.16 N
* NMEA Longitude = 004 58.64 E
* NMEA UTC (Time) = Feb 16 2022 13:04:27
* NMEA baud rate = 4800
** Ship: R/V "Kristine Bonnevie"
** Station: 0219
** Echodepth: 543
** Log: 0963.203
** Wind-Dir/Force: 16 15
** Air-temp (dry): 4.4
** Weather Sky:
** Sea:
# nquan = 19                                
# nvalues = 541                         
# units = specified
# name 0 = scan: Scan Count
# name 1 = prDM: Pressure, Digiquartz [db]
# name 2 = t068C: Temperature [ITS-68, deg C]
# name 3 = t168C: Temperature, 2 [ITS-68, deg C]
# name 4 = c0S/m: Conductivity [S/m]
# name 5 = c1S/m: Conductivity, 2 [S/m]
# name 6 = sbeox0V: Oxygen raw, SBE 43 [V]
# name 7 = flECO-AFL: Fluorescence, WET Labs ECO-AFL/FL [mg/m^3]
# name 8 = altM: Altimeter [m]
# name 9 = par: PAR/Irradiance, Biospherical/Licor
# name 10 = spar: SPAR/Surface Irradiance
# name 11 = CStarTr0: Beam Transmission, WET Labs C-Star [%]
# name 12 = sbeox0ML/L: Oxygen, SBE 43 [ml/l], WS = 2
# name 13 = sal00: Salinity, Practical [PSU]
# name 14 = sal11: Salinity, Practical, 2 [PSU]
# name 15 = sigma-t00: Density [sigma-t, Kg/m^3 ]
# name 16 = svCM: Sound Velocity [Chen-Millero, m/s]
# name 17 = avgsvCM: Average Sound Velocity [Chen-Millero, m/s], minP = 1, minS = 5
# name 18 = flag: flag
# span 0 =         16,      11899       
# span 1 =      2.000,    542.000       
# span 2 =     5.6043,     8.5465       
# span 3 =     5.6165,     8.5446       
# span 4 =   2.909939,   3.666746       
# span 5 =   2.912589,   3.668172       
# span 6 =     1.9827,     2.4959       
# span 7 =    -0.0944,     0.1997       
# span 8 =       4.96,      99.49       
# span 9 = 4.9438e-02, 5.2632e+01       
# span 10 = 9.5936e+01, 1.2392e+02      
# span 11 =    78.5992,    80.8877      
# span 12 =    5.24339,    7.05659      
# span 13 =    29.4570,    35.0461      
# span 14 =    29.4760,    35.0627      
# span 15 =    23.2201,    27.3279      
# span 16 =    1466.18,    1491.01      
# span 17 =    1466.18,    1486.37      
# span 18 = 0.0000e+00, 0.0000e+00      
# interval = decibars: 1                
# start_time = Feb 16 2022 13:04:30 [System UTC, header]
# bad_flag = -9.990e-29
*END*
[from data line 77]
       1748     79.000     8.1884     8.1878   3.589925   3.591228     2.3706    -0.0497      84.65 4.9467e-02 1.0393e+02    80.5474    6.16566    34.4420    34.4565    26.8076    1483.78    1477.01 0.0000e+00
       1769     80.000     8.1695     8.1675   3.588623   3.590037     2.3660    -0.0505      98.53 4.9472e-02 1.0393e+02    80.5621    6.14400    34.4462    34.4632    26.8137    1483.73    1477.10 0.0000e+00
       1791     81.000     8.1737     8.1728   3.589980   3.591372     2.3595    -0.0487      89.73 4.9493e-02 1.0393e+02    80.5515    6.11655    34.4561    34.4718    26.8209    1483.78    1477.18 0.0000e+00
       1814     82.000     8.1786     8.1760   3.591635   3.593089     2.3536    -0.0457      67.77 4.9485e-02 1.0393e+02    80.5756    6.11627    34.4684    34.4865    26.8298    1483.83    1477.26 0.0000e+00
       1838     83.000     8.2032     8.2004   3.595944   3.597358     2.3496    -0.0478      98.95 4.9463e-02 1.0375e+02    80.5471    6.11238    34.4898    34.5076    26.8429    1483.96    1477.34 0.0000e+00
       1860     84.000     8.2210     8.2183   3.599162   3.600552     2.3466    -0.0427      98.81 4.9486e-02 1.0211e+02    80.5756    6.10690    34.5062    34.5236    26.8530    1484.07    1477.42 0.0000e+00
       1882     85.000     8.2325     8.2295   3.601151   3.602501     2.3441    -0.0531      56.31 4.9477e-02 1.0220e+02    80.5452    6.10261    34.5156    34.5329    26.8587    1484.14    1477.50 0.0000e+00
       1904     86.000     8.2533     8.2495   3.605644   3.607018     2.3420    -0.0461      98.91 4.9477e-02 1.0193e+02    80.5541    6.09187    34.5426    34.5610    26.8767    1484.27    1477.58 0.0000e+00
       1926     87.000     8.3035     8.2999   3.613608   3.615044     2.3394    -0.0527      98.82 4.9485e-02 -9.990e-29    80.5828    6.08042    34.5776    34.5964    26.8966    1484.51    1477.66 0.0000e+00
       1950     88.000     8.3288     8.3270   3.617130   3.618755     2.3380    -0.0601      65.33 4.9481e-02 -9.990e-29    80.5457    6.07378    34.5897    34.6088    26.9022    1484.64    1477.73 0.0000e+00
       1972     89.000     8.3449     8.3431   3.619143   3.620693     2.3356    -0.0531      98.41 4.9477e-02 -9.990e-29    80.5640    6.05370    34.5949    34.6131    26.9038    1484.72    1477.81 0.0000e+00
       1994     90.000     8.3639     8.3613   3.621992   3.623509     2.3326    -0.0581      98.81 4.9471e-02 1.0193e+02    80.5754    6.03319    34.6060    34.6247    26.9096    1484.83    1477.89 0.0000e+00
       2016     91.000     8.4037     8.3996   3.628941   3.630427     2.3289    -0.0602      68.69 4.9485e-02 1.0193e+02    80.5731    6.01395    34.6403    34.6601    26.9304    1485.03    1477.97 0.0000e+00
       2038     92.000     8.4217     8.4191   3.632113   3.633557     2.3258    -0.0631      87.24 4.9490e-02 1.0193e+02    80.5853    6.00495    34.6558    34.6737    26.9398    1485.14    1478.05 0.0000e+00
       2059     93.000     8.4251     8.4226   3.632880   3.634256     2.3225    -0.0646      99.00 4.9485e-02 1.0193e+02    80.5855    5.98765    34.6601    34.6772    26.9426    1485.17    1478.12 0.0000e+00
       2081     94.000     8.4257     8.4238   3.633296   3.634715     2.3186    -0.0613      87.73 4.9471e-02 1.0193e+02    80.6023    5.96591    34.6634    34.6804    26.9452    1485.19    1478.20 0.0000e+00
       2102     95.000     8.4258     8.4238   3.633449   3.634852     2.3136    -0.0592      69.91 4.9514e-02 1.0193e+02    80.6146    5.94695    34.6645    34.6814    26.9460    1485.21    1478.27 0.0000e+00
       2124     96.000     8.4278     8.4257   3.633927   3.635347     2.3090 -9.990e-29      98.47 4.9502e-02 1.0193e+02    80.6057    5.93992    34.6671    34.6843    26.9477    1485.24    1478.34 0.0000e+00
       2146     97.000     8.4277     8.4262   3.634183   3.635664     2.3054 -9.990e-29      98.81 4.9490e-02 1.0193e+02    80.5947    5.93945    34.6695    34.6867    26.9496    1485.26    1478.41 0.0000e+00
       2168     98.000     8.4340     8.4316   3.635619   3.637120     2.3026 -9.990e-29      60.10 4.9477e-02 1.0193e+02    80.5934    5.93709    34.6780    34.6963    26.9553    1485.31    1478.48 0.0000e+00
       2190     99.000     8.4467     8.4453   3.637963   3.639575     2.3001 -9.990e-29      98.86 4.9472e-02 1.0193e+02    80.5949    5.93146    34.6899    34.7084    26.9627    1485.39    1478.55 0.0000e+00
       2212    100.000     8.4608     8.4590   3.639836   3.641321     2.2985    -0.0628      98.81 4.9490e-02 1.0120e+02    80.5813    5.93707    34.6955    34.7130    26.9649    1485.46    1478.62 0.0000e+00
       2234    101.000     8.4648     8.4634   3.640358   3.641884     2.2977    -0.0624      66.69 4.9493e-02 1.0161e+02    80.6078    5.93705    34.6966    34.7142    26.9651    1485.50    1478.69 0.0000e+00
       2257    102.000     8.4674     8.4659   3.640727   3.642200     2.2965    -0.0701      94.44 4.9476e-02 1.0170e+02    80.6071    5.92524    34.6975    34.7146    26.9654    1485.52    1478.76 0.0000e+00
       2280    103.000     8.4742     8.4716   3.641623   3.643014     2.2945    -0.0587      98.76 4.9499e-02 1.0064e+02    80.5877    5.91273    34.6998    34.7171    26.9662    1485.57    1478.82 0.0000e+00
       2303    104.000     8.4824     8.4797   3.642705   3.644085     2.2921    -0.0585      73.71 4.9487e-02 1.0026e+02    80.6043    5.90480    34.7027    34.7200    26.9672    1485.62    1478.89 0.0000e+00
       2325    105.000     8.4885     8.4863   3.643644   3.645077     2.2902    -0.0558      87.09 4.9485e-02 9.9934e+01    80.6040    5.90114    34.7062    34.7236    26.9690    1485.66    1478.95 0.0000e+00
       2346    106.000     8.5035     8.5010   3.645779   3.647285     2.2885    -0.0627      98.80 4.9477e-02 9.9933e+01    80.6105    5.89376    34.7136    34.7320    26.9725    1485.74    1479.02 0.0000e+00
       2368    107.000     8.5197     8.5171   3.647982   3.649422     2.2864    -0.0679      91.22 4.9472e-02 9.9933e+01    80.6203    5.88004    34.7205    34.7384    26.9754    1485.83    1479.08 0.0000e+00
       2389    108.000     8.5190     8.5157   3.648525   3.649757     2.2842    -0.0693      68.28 4.9452e-02 9.9933e+01    80.6238    5.86956    34.7265    34.7428    26.9802    1485.85    1479.14 0.0000e+00
       2411    109.000     8.5139     8.5101   3.648629   3.649947     2.2812    -0.0650      98.96 4.9452e-02 9.9933e+01    80.6330    5.84947    34.7322    34.7499    26.9854    1485.85    1479.20 0.0000e+00
       2432    110.000     8.5076     8.5067   3.648703   3.650127     2.2773    -0.0655      98.81 4.9498e-02 9.9933e+01    80.6700    5.83273    34.7387    34.7546    26.9915    1485.85    1479.26 0.0000e+00
       2452    111.000     8.5107     8.5065   3.649394   3.650511     2.2735    -0.0559      69.02 4.9495e-02 9.9933e+01    80.6675    5.82936    34.7425    34.7584    26.9940    1485.89    1479.32 0.0000e+00
       2473    112.000     8.5214     8.5178   3.650846   3.652163     2.2712    -0.0704      97.42 4.9472e-02 9.9933e+01    80.6695    5.83755    34.7468    34.7643    26.9958    1485.95    1479.38 0.0000e+00
       2495    113.000     8.5215     8.5204   3.650981   3.652505     2.2700    -0.0628      98.80 4.9475e-02 9.9933e+01    80.6678    5.84296    34.7477    34.7649    26.9964    1485.97    1479.44 0.0000e+00
       2518    114.000     8.5303     8.5271   3.652251   3.653564     2.2690    -0.0634      77.72 4.9481e-02 9.9933e+01    80.6817    5.84048    34.7520    34.7691    26.9985    1486.02    1479.50 0.0000e+00
       2541    115.000     8.5423     8.5401   3.654173   3.655608     2.2678    -0.0653      86.81 4.9475e-02 9.9933e+01    80.6810    5.82865    34.7601    34.7774    27.0029    1486.09    1479.55 0.0000e+00
       2563    116.000     8.5465     8.5446   3.655709   3.657149     2.2661    -0.0711      98.83 4.9446e-02 9.9933e+01    80.6858    5.81979    34.7717    34.7889    27.0114    1486.14    1479.61 0.0000e+00
       2582    117.000     8.5456     8.5440   3.656093   3.657529     2.2644    -0.0719      98.35 4.9446e-02 9.9933e+01    80.7011    5.80746    34.7762    34.7930    27.0151    1486.16    1479.67 0.0000e+00
       2602    118.000     8.5411     8.5397   3.656259   3.657707     2.2617    -0.0696      64.38 4.9492e-02 9.9933e+01    80.7344    5.78956    34.7819    34.7986    27.0202    1486.16    1479.72 0.0000e+00
       2624    119.000     8.5382     8.5364   3.656385   3.657828     2.2582 -9.990e-29      98.20 4.9493e-02 9.9933e+01    80.7342    5.77072    34.7856    34.8027    27.0236    1486.17    1479.77 0.0000e+00
       2648    120.000     8.5345     8.5329   3.656668   3.658084     2.2532 -9.990e-29      98.80 4.9495e-02 9.9933e+01    80.7423    5.75681    34.7918    34.8084    27.0290    1486.19    1479.83 0.0000e+00
       2673    121.000     8.5339     8.5322   3.656902   3.658333     2.2494 -9.990e-29      68.38 4.9479e-02 9.9933e+01    80.7443    5.75156    34.7944    34.8112    27.0311    1486.20    1479.88 0.0000e+00
       2695    122.000     8.5322     8.5305   3.657038   3.658474     2.2461    -0.0944      98.63 4.9479e-02 9.9933e+01    80.7555    5.74463    34.7970    34.8139    27.0335    1486.22    1479.93 0.0000e+00
       2716    123.000     8.5305     8.5290   3.657250   3.658684     2.2434    -0.0896      98.80 4.9492e-02 9.9653e+01    80.7551    5.73997    34.8005    34.8171    27.0364    1486.23    1479.98 0.0000e+00
       2736    124.000     8.5272     8.5257   3.657583   3.659010     2.2409    -0.0586      74.79 4.9481e-02 9.9136e+01    80.7716    5.73655    34.8068    34.8234    27.0419    1486.24    1480.03 0.0000e+00
       2757    125.000     8.5270     8.5254   3.657682   3.659107     2.2389    -0.0639      88.78 4.9479e-02 9.8109e+01    80.7535    5.73423    34.8075    34.8242    27.0425    1486.26    1480.08 0.0000e+00
       2778    126.000     8.5269     8.5252   3.657759   3.659190     2.2370    -0.0600      98.83 4.9467e-02 9.7935e+01    80.7691    5.73197    34.8080    34.8248    27.0429    1486.28    1480.13 0.0000e+00
       2797    127.000     8.5268     8.5251   3.657854   3.659268     2.2356    -0.0671      98.80 4.9476e-02 9.7935e+01    80.7810    5.73277    34.8086    34.8253    27.0434    1486.29    1480.18 0.0000e+00
       2817    128.000     8.5249     8.5234   3.658105   3.659530     2.2343    -0.0909      64.39 4.9495e-02 9.7935e+01    80.7741    5.73212    34.8127    34.8292    27.0469    1486.31    1480.23 0.0000e+00
       2837    129.000     8.5238     8.5222   3.658167   3.659596     2.2336    -0.0649      98.44 4.9485e-02 9.7935e+01    80.7759    5.73449    34.8139    34.8306    27.0480    1486.32    1480.27 0.0000e+00
       2859    130.000     8.5220     8.5204   3.658240   3.659666     2.2326    -0.0603      98.80 4.9477e-02 9.7935e+01    80.7605    5.72764    34.8160    34.8327    27.0499    1486.33    1480.32 0.0000e+00
       2882    131.000     8.5199     8.5184   3.658313   3.659743     2.2313    -0.0567      74.63 4.9521e-02 9.7935e+01    80.7790    5.72371    34.8184    34.8350    27.0521    1486.34    1480.37 0.0000e+00
       2905    132.000     8.5167     8.5152   3.658400   3.659830     2.2299    -0.0571      95.49 4.9475e-02 9.7935e+01    80.8007    5.72302    34.8220    34.8386    27.0554    1486.35    1480.41 0.0000e+00
       2928    133.000     8.5159     8.5142   3.658512   3.659951     2.2291    -0.0600      98.83 4.9490e-02 9.7935e+01    80.8153    5.72084    34.8235    34.8404    27.0567    1486.37    1480.46 0.0000e+00
       2950    134.000     8.5140     8.5125   3.658647   3.660070     2.2277    -0.0880      85.11 4.9481e-02 9.7935e+01    80.8124    5.71244    34.8263    34.8429    27.0593    1486.38    1480.50 0.0000e+00
       2973    135.000     8.5126     8.5110   3.658719   3.660147     2.2263    -0.0889      90.05 4.9490e-02 9.7935e+01    80.7946    5.70874    34.8280    34.8447    27.0608    1486.40    1480.54 0.0000e+00
       2994    136.000     8.5112     8.5098   3.658816   3.660247     2.2248    -0.0629      98.87 4.9499e-02 9.7935e+01    80.7970    5.70306    34.8299    34.8464    27.0625    1486.41    1480.59 0.0000e+00
       3014    137.000     8.5086     8.5071   3.658739   3.660163     2.2234    -0.0589      97.47 4.9508e-02 9.7935e+01    80.8096    5.70124    34.8312    34.8477    27.0639    1486.42    1480.63 0.0000e+00
       3034    138.000     8.5063     8.5046   3.658730   3.660144     2.2221    -0.0622      67.51 4.9476e-02 9.7935e+01    80.8041    5.69728    34.8329    34.8495    27.0656    1486.43    1480.67 0.0000e+00
       3054    139.000     8.5053     8.5035   3.658813   3.660238     2.2208    -0.0877      98.78 4.9502e-02 9.7935e+01    80.7922    5.69795    34.8342    34.8511    27.0668    1486.44    1480.71 0.0000e+00
       3076    140.000     8.5039     8.5024   3.658893   3.660306     2.2200    -0.0603      98.80 4.9472e-02 9.7935e+01    80.7969    5.69639    34.8360    34.8525    27.0684    1486.45    1480.75 0.0000e+00
       3098    141.000     8.5049     8.5029   3.659502   3.660894     2.2186    -0.0558      79.85 4.9509e-02 9.7879e+01    80.8000    5.68720    34.8410    34.8577    27.0722    1486.48    1480.79 0.0000e+00
       3119    142.000     8.5070     8.5053   3.660006   3.661437     2.2169 -9.990e-29      94.27 4.9458e-02 9.5967e+01    80.8161    5.68255    34.8438    34.8606    27.0741    1486.51    1480.83 0.0000e+00
       3140    143.000     8.5042     8.5027   3.660016   3.661453     2.2159 -9.990e-29      98.80 4.9472e-02 9.5936e+01    80.7941    5.68853    34.8462    34.8629    27.0764    1486.52    1480.87 0.0000e+00
       3161    144.000     8.5035     8.5019   3.660147   3.661574     2.2157 -9.990e-29      91.12 4.9502e-02 9.5936e+01    80.8073    5.70147    34.8478    34.8645    27.0777    1486.53    1480.91 0.0000e+00
       3183    145.000     8.5026     8.5010   3.660422   3.661842     2.2164 -9.990e-29      79.51 4.9485e-02 9.5936e+01    80.8309    5.70664    34.8511    34.8677    27.0805    1486.55    1480.95 0.0000e+00
       3203    146.000     8.5026     8.5008   3.660654   3.662062     2.2168    -0.0605      98.53 4.9474e-02 9.5936e+01    80.8121    5.70743    34.8531    34.8698    27.0820    1486.57    1480.99 0.0000e+00
       3223    147.000     8.5023     8.5006   3.660884   3.662300     2.2173    -0.0748      98.80 4.9490e-02 9.5936e+01    80.8383    5.71002    34.8553    34.8720    27.0839    1486.59    1481.03 0.0000e+00
       3243    148.000     8.5015     8.4998   3.661164   3.662579     2.2175    -0.0894      76.11 4.9481e-02 9.5936e+01    80.8367    5.70869    34.8586    34.8753    27.0866    1486.61    1481.07 0.0000e+00
       3264    149.000     8.5008     8.4992   3.661340   3.662772     2.2177    -0.0889      93.99 4.9493e-02 9.5936e+01    80.8632    5.71412    34.8607    34.8775    27.0883    1486.62    1481.10 0.0000e+00
       3287    150.000     8.4996     8.4981   3.661364   3.662784     2.2189    -0.0653      98.78 4.9481e-02 9.5936e+01    80.8371    5.72261    34.8617    34.8782    27.0892    1486.64    1481.14 0.0000e+00
       3310    151.000     8.4981     8.4966   3.661455   3.662883     2.2196    -0.0839      84.39 4.9487e-02 9.5936e+01    80.8406    5.72853    34.8636    34.8803    27.0910    1486.65    1481.18 0.0000e+00
       3332    152.000     8.4974     8.4958   3.661520   3.662954     2.2213    -0.0687      89.02 4.9492e-02 9.5936e+01    80.8609    5.73792    34.8645    34.8813    27.0918    1486.66    1481.21 0.0000e+00
       3353    153.000     8.4964     8.4948   3.661698   3.663115     2.2222    -0.0572      98.79 4.9490e-02 9.5936e+01    80.8540    5.73662    34.8669    34.8835    27.0939    1486.68    1481.25 0.0000e+00
