_data/ctd/2022603/sta0160.cnv
* Sea-Bird SBE 9 Data File:
* FileName = C:\Seabird\CTDData\sta0160.hex
* Software Version Seasave V 7.21f
* Temperature SN = 6264
* Conductivity SN = 4928
* Number of Bytes Per Scan = 40
* Number of Voltage Words = 5
* Number of Scans Averaged by the Deck Unit = 1
* NMEA Latitude = 59 35.60 N
* NMEA Longitude = 005 15.64 E
* NMEA UTC (Time) = Feb 11 2022 13:20:18
* NMEA baud rate = 4800
** Ship: R/V "Kristine Bonnevie"
** Station: 0160
** Echodepth: 383
** Log: 0295.892
** Wind-Dir/Force: 17 14
** Air-temp (dry): 1.8
** Weather Sky:
** Sea:
# nquan = 19                                
# nvalues = 378                         
# units = specified
# name 0 = scan: Scan Count
# name 1 = prDM: Pressure, Digiquartz [db]
# name 2 = t068C: Temperature [ITS-68, deg C]
# name 3 = t168C: Temperature, 2 [ITS-68, deg C]
# name 4 = c0S/m: Conductivity [S/m]
# name 5 = c1S/m: Conductivity, 2 [S/m]
# name 6 = sbeox0V: Oxygen raw, SBE 43 [V]
# name 7 = flECO-AFL: Fluorescence, WET Labs ECO-AFL/FL [mg/m^3]
# name 8 = altM: Altimeter [m]
# name 9 = par: PAR/Irradiance, Biospherical/Licor
# name 10 = spar: SPAR/Surface Irradiance
# name 11 = CStarTr0: Beam Transmission, WET Labs C-Star [%]
# name 12 = sbeox0ML/L: Oxygen, SBE 43 [ml/l], WS = 2
# name 13 = sal00: Salinity, Practical [PSU]
# name 14 = sal11: Salinity, Practical, 2 [PSU]
# name 15 = sigma-t00: Density [sigma-t, Kg/m^3 ]
# name 16 = svCM: Sound Velocity [Chen-Millero, m/s]
# name 17 = avgsvCM: Average Sound Velocity [Chen-Millero, m/s], minP = 1, minS = 5
# name 18 = flag: flag
# span 0 =         22,       8614       
# span 1 =      2.000,    379.000       
# span 2 =     7.0770,     8.2476       
# span 3 =     7.0870,     8.2461       
# span 4 =   3.353463,   3.628501       
# span 5 =   3.355551,   3.629592       
# span 6 =     2.1041,     2.5308       
# span 7 =    -0.0887,     0.5578       
# span 8 =       6.51,     100.31       
# span 9 = 4.9444e-02, 3.1622e+01       
# span 10 = 5.9960e+01, 6.7209e+01      
# span 11 =    76.8183,    80.8989      
# span 12 =    5.54766,    6.89506      
# span 13 =    33.0041,    34.9142      
# span 14 =    33.0173,    34.9273      
# span 15 =    25.8365,    27.2095      
# span 16 =    1476.49,    1488.53      
# span 17 =    1476.49,    1485.02      
# span 18 = 0.0000e+00, 0.0000e+00      
# interval = decibars: 1                
# start_time = Feb 11 2022 13:20:20 [System UTC, header]
# bad_flag = -9.990e-29
*END*
[from data line 305]
       6890    307.000     7.9930     7.9918   3.625610   3.626706     2.1294 -9.990e-29      74.24 4.9487e-02 6.3957e+01    80.1082    5.58861    34.9075    34.9204    27.2025    1487.38    1484.33 0.0000e+00
       6912    308.000     7.9928     7.9915   3.625634   3.626739     2.1293 -9.990e-29      92.43 4.9505e-02 6.3957e+01    80.0801    5.58633    34.9074    34.9206    27.2026    1487.39    1484.34 0.0000e+00
       6936    309.000     7.9929     7.9916   3.625698   3.626788     2.1283 -9.990e-29      89.65 4.9473e-02 6.3957e+01    80.0649    5.58131    34.9075    34.9205    27.2026    1487.41    1484.35 0.0000e+00
       6961    310.000     7.9928     7.9915   3.625737   3.626831     2.1281 -9.990e-29      38.91 4.9489e-02 6.3957e+01    80.0893    5.58612    34.9076    34.9206    27.2027    1487.42    1484.36 0.0000e+00
       6986    311.000     7.9927     7.9912   3.625775   3.626863     2.1277 -9.990e-29      73.68 4.9487e-02 6.3957e+01    80.0568    5.58594    34.9076    34.9208    27.2027    1487.44    1484.37 0.0000e+00
       7012    312.000     7.9926     7.9912   3.625816   3.626908     2.1276 -9.990e-29      58.46 4.9472e-02 6.3957e+01    80.0896    5.58812    34.9077    34.9208    27.2028    1487.46    1484.38 0.0000e+00
       7035    313.000     7.9928     7.9912   3.625879   3.626961     2.1277 -9.990e-29      58.45 4.9512e-02 6.3957e+01    80.0066    5.59190    34.9077    34.9209    27.2027    1487.47    1484.39 0.0000e+00
       7056    314.000     7.9930     7.9915   3.625940   3.627027     2.1277 -9.990e-29      69.11 4.9525e-02 6.3957e+01    80.0805    5.58776    34.9076    34.9208    27.2027    1487.49    1484.40 0.0000e+00
       7078    315.000     7.9927     7.9913   3.625976   3.627059     2.1274 -9.990e-29      62.95 4.9493e-02 6.3957e+01    80.0769    5.58094    34.9079    34.9209    27.2029    1487.51    1484.41 0.0000e+00
       7102    316.000     7.9919     7.9908   3.625963   3.627067     2.1262 -9.990e-29      78.25 4.9500e-02 6.3957e+01    80.0447    5.57906    34.9080    34.9210    27.2032    1487.52    1484.42 0.0000e+00
       7127    317.000     7.9911     7.9897   3.625977   3.627056     2.1258 -9.990e-29      53.91 4.9498e-02 6.3957e+01    80.0866    5.58381    34.9085    34.9215    27.2036    1487.53    1484.43 0.0000e+00
       7153    318.000     7.9910     7.9895   3.626017   3.627105     2.1259 -9.990e-29      91.21 4.9489e-02 6.3957e+01    80.0556    5.58929    34.9085    34.9217    27.2037    1487.55    1484.44 0.0000e+00
       7176    319.000     7.9907     7.9893   3.626039   3.627130     2.1259 -9.990e-29      43.20 4.9479e-02 6.3957e+01    80.0785    5.58587    34.9086    34.9217    27.2038    1487.57    1484.45 0.0000e+00
       7197    320.000     7.9903     7.9889   3.626063   3.627154     2.1258 -9.990e-29      99.48 4.9479e-02 6.3957e+01    80.0541    5.58452    34.9088    34.9219    27.2040    1487.58    1484.46 0.0000e+00
       7218    321.000     7.9896     7.9883   3.626075   3.627166     2.1252 -9.990e-29      49.28 4.9472e-02 6.3957e+01    80.0932    5.58339    34.9091    34.9221    27.2044    1487.59    1484.47 0.0000e+00
       7240    322.000     7.9878     7.9865   3.626021   3.627109     2.1251 -9.990e-29      80.56 4.9483e-02 6.3957e+01    79.9284    5.58442    34.9099    34.9228    27.2052    1487.61    1484.48 0.0000e+00
       7262    323.000     7.9873     7.9857   3.626051   3.627126     2.1247 -9.990e-29      58.50 4.9485e-02 6.3957e+01    80.0047    5.58365    34.9102    34.9233    27.2055    1487.62    1484.49 0.0000e+00
       7288    324.000     7.9869     7.9855   3.626066   3.627155     2.1243 -9.990e-29      89.28 4.9470e-02 6.3957e+01    80.0081    5.58489    34.9103    34.9233    27.2057    1487.64    1484.50 0.0000e+00
       7315    325.000     7.9855     7.9842   3.626040   3.627127     2.1243 -9.990e-29      73.07 4.9509e-02 6.3957e+01    79.9934    5.58347    34.9109    34.9239    27.2064    1487.65    1484.51 0.0000e+00
       7340    326.000     7.9845     7.9831   3.626045   3.627135     2.1235 -9.990e-29      66.20 4.9483e-02 6.3957e+01    80.0063    5.57855    34.9115    34.9246    27.2070    1487.66    1484.52 0.0000e+00
       7364    327.000     7.9840     7.9826   3.626079   3.627166     2.1232 -9.990e-29      98.90 4.9464e-02 6.3957e+01    79.9705    5.58002    34.9119    34.9249    27.2073    1487.68    1484.53 0.0000e+00
       7385    328.000     7.9840     7.9826   3.626124   3.627208     2.1225 -9.990e-29      31.92 4.9485e-02 6.3957e+01    79.9803    5.57853    34.9119    34.9249    27.2073    1487.69    1484.54 0.0000e+00
       7406    329.000     7.9841     7.9827   3.626176   3.627264     2.1224 -9.990e-29      90.12 4.9466e-02 6.3957e+01    79.9606    5.57828    34.9118    34.9249    27.2073    1487.71    1484.55 0.0000e+00
       7427    330.000     7.9842     7.9828   3.626234   3.627319     2.1215 -9.990e-29      35.23 4.9495e-02 6.3957e+01    79.8576    5.57264    34.9119    34.9249    27.2073    1487.73    1484.56 0.0000e+00
       7449    331.000     7.9838     7.9824   3.626263   3.627347     2.1210 -9.990e-29      53.95 4.9502e-02 6.3957e+01    79.8528    5.57225    34.9121    34.9251    27.2076    1487.74    1484.57 0.0000e+00
       7473    332.000     7.9835     7.9822   3.626294   3.627388     2.1201 -9.990e-29      53.33 4.9503e-02 6.3957e+01    79.8316    5.57240    34.9123    34.9253    27.2077    1487.76    1484.58 0.0000e+00
       7499    333.000     7.9835     7.9821   3.626338   3.627421     2.1198 -9.990e-29      52.13 4.9487e-02 6.3957e+01    79.8188    5.57305    34.9123    34.9253    27.2077    1487.77    1484.59 0.0000e+00
       7525    334.000     7.9828     7.9815   3.626351   3.627451     2.1194 -9.990e-29      51.43 4.9497e-02 6.3957e+01    79.7861    5.57345    34.9126    34.9257    27.2081    1487.79    1484.60 0.0000e+00
       7549    335.000     7.9829     7.9816   3.626413   3.627505     2.1189 -9.990e-29      50.50 4.9474e-02 6.3957e+01    79.7883    5.57159    34.9127    34.9257    27.2082    1487.80    1484.61 0.0000e+00
       7571    336.000     7.9827     7.9814   3.626448   3.627547     2.1185 -9.990e-29      72.14 4.9502e-02 6.3957e+01    79.7128    5.56986    34.9128    34.9259    27.2083    1487.82    1484.62 0.0000e+00
       7593    337.000     7.9830     7.9815   3.626510   3.627596     2.1181 -9.990e-29      48.62 4.9490e-02 6.3957e+01    79.7097    5.56851    34.9127    34.9258    27.2081    1487.84    1484.63 0.0000e+00
       7615    338.000     7.9830     7.9816   3.626560   3.627645     2.1174 -9.990e-29      47.58 4.9505e-02 6.3957e+01    79.7518    5.56963    34.9127    34.9258    27.2082    1487.85    1484.64 0.0000e+00
       7637    339.000     7.9830     7.9816   3.626613   3.627696     2.1175 -9.990e-29      56.83 4.9515e-02 6.3957e+01    79.7178    5.57026    34.9128    34.9258    27.2083    1487.87    1484.64 0.0000e+00
       7658    340.000     7.9831     7.9817   3.626661   3.627744     2.1168 -9.990e-29      66.41 4.9486e-02 6.3957e+01    79.6797    5.56503    34.9128    34.9258    27.2082    1487.89    1484.65 0.0000e+00
       7680    341.000     7.9832     7.9817   3.626711   3.627798     2.1161 -9.990e-29      44.53 4.9508e-02 6.3957e+01    79.6428    5.56565    34.9127    34.9259    27.2081    1487.90    1484.66 0.0000e+00
       7705    342.000     7.9831     7.9818   3.626765   3.627853     2.1158 -9.990e-29      43.58 4.9484e-02 6.3960e+01    79.6563    5.56534    34.9129    34.9259    27.2083    1487.92    1484.67 0.0000e+00
       7730    343.000     7.9831     7.9818   3.626806   3.627896     2.1152 -9.990e-29      42.24 4.9503e-02 -9.990e-29    79.6378    5.56497    34.9129    34.9259    27.2083    1487.94    1484.68 0.0000e+00
       7756    344.000     7.9830     7.9816   3.626849   3.627936     2.1152 -9.990e-29      41.22 4.9508e-02 -9.990e-29    79.6442    5.56996    34.9130    34.9260    27.2084    1487.95    1484.69 0.0000e+00
       7781    345.000     7.9825     7.9810   3.626860   3.627960     2.1149 -9.990e-29      40.50 4.9499e-02 -9.990e-29    79.6743    5.56832    34.9131    34.9264    27.2085    1487.97    1484.70 0.0000e+00
       7802    346.000     7.9827     7.9812   3.626921   3.628019     2.1148 -9.990e-29      39.87 4.9495e-02 6.4406e+01    79.6721    5.56947    34.9131    34.9263    27.2085    1487.99    1484.71 0.0000e+00
       7822    347.000     7.9827     7.9812   3.626972   3.628062     2.1149 -9.990e-29      38.73 4.9515e-02 6.4780e+01    79.6136    5.56877    34.9131    34.9263    27.2086    1488.00    1484.72 0.0000e+00
       7843    348.000     7.9823     7.9809   3.627002   3.628086     2.1144 -9.990e-29      37.66 4.9465e-02 6.5282e+01    79.5327    5.56484    34.9134    34.9264    27.2088    1488.02    1484.73 0.0000e+00
       7866    349.000     7.9822     7.9807   3.627046   3.628142     2.1141 -9.990e-29      36.51 4.9479e-02 6.4635e+01    79.5189    5.56668    34.9135    34.9267    27.2089    1488.03    1484.74 0.0000e+00
       7890    350.000     7.9822     7.9808   3.627092   3.628179     2.1138 -9.990e-29      35.56 4.9489e-02 6.5378e+01    79.5238    5.56367    34.9135    34.9265    27.2089    1488.05    1484.75 0.0000e+00
       7916    351.000     7.9825     7.9811   3.627152   3.628242     2.1129 -9.990e-29      34.50 4.9500e-02 6.5396e+01    79.5123    5.56102    34.9134    34.9264    27.2088    1488.07    1484.76 0.0000e+00
       7941    352.000     7.9826     7.9812   3.627210   3.628307     2.1126 -9.990e-29      33.56 4.9491e-02 6.5458e+01    79.4849    5.56141    34.9134    34.9266    27.2088    1488.08    1484.77 0.0000e+00
       7964    353.000     7.9829     7.9815   3.627281   3.628354     2.1118 -9.990e-29      32.49 4.9490e-02 6.5706e+01    79.4811    5.55490    34.9134    34.9263    27.2087    1488.10    1484.78 0.0000e+00
       7985    354.000     7.9829     7.9815   3.627328   3.628413     2.1113 -9.990e-29      31.53 4.9479e-02 6.5276e+01    79.5034    5.56018    34.9134    34.9264    27.2087    1488.12    1484.79 0.0000e+00
       8005    355.000     7.9831     7.9816   3.627386   3.628464     2.1111 -9.990e-29      30.58 4.9467e-02 6.5275e+01    79.4837    5.56044    34.9134    34.9264    27.2087    1488.14    1484.80 0.0000e+00
       8025    356.000     7.9831     7.9817   3.627438   3.628526     2.1108 -9.990e-29      29.64 4.9494e-02 6.5003e+01    79.4772    5.56212    34.9134    34.9265    27.2087    1488.15    1484.81 0.0000e+00
       8046    357.000     7.9832     7.9818   3.627484   3.628578     2.1109 -9.990e-29      28.57 4.9502e-02 6.4741e+01    79.4485    5.56509    34.9134    34.9265    27.2086    1488.17    1484.81 0.0000e+00
       8070    358.000     7.9831     7.9818   3.627525   3.628622     2.1106 -9.990e-29      27.53 4.9493e-02 6.4649e+01    79.4396    5.56325    34.9134    34.9265    27.2087    1488.19    1484.82 0.0000e+00
       8097    359.000     7.9831     7.9817   3.627578   3.628666     2.1109 -9.990e-29      26.41 4.9492e-02 6.4635e+01    79.4815    5.56442    34.9135    34.9266    27.2088    1488.20    1484.83 0.0000e+00
       8122    360.000     7.9826     7.9810   3.627602   3.628678     2.1104 -9.990e-29      25.40 4.9491e-02 6.4981e+01    79.4436    5.56166    34.9138    34.9269    27.2091    1488.22    1484.84 0.0000e+00
       8144    361.000     7.9825     7.9810   3.627640   3.628721     2.1103 -9.990e-29      24.57 4.9485e-02 6.5481e+01    79.4279    5.56540    34.9138    34.9269    27.2091    1488.23    1484.85 0.0000e+00
       8165    362.000     7.9826     7.9811   3.627682   3.628779     2.1102 -9.990e-29      23.54 4.9465e-02 6.5130e+01    79.4381    5.56554    34.9137    34.9269    27.2090    1488.25    1484.86 0.0000e+00
       8188    363.000     7.9817     7.9804   3.627680   3.628767     2.1102 -9.990e-29      22.52 4.9480e-02 6.5005e+01    79.3200    5.56283    34.9141    34.9270    27.2094    1488.26    1484.87 0.0000e+00
       8211    364.000     7.9819     7.9804   3.627736   3.628819     2.1096    -0.0558      21.49 4.9499e-02 6.4052e+01    79.2151    5.55805    34.9140    34.9271    27.2093    1488.28    1484.88 0.0000e+00
       8233    365.000     7.9820     7.9806   3.627790   3.628882     2.1091    -0.0558      20.62 4.9488e-02 -9.990e-29    79.2166    5.55644    34.9140    34.9271    27.2093    1488.30    1484.89 0.0000e+00
       8253    366.000     7.9819     7.9805   3.627836   3.628924     2.1083    -0.0558      19.62 4.9499e-02 -9.990e-29    79.1512    5.55521    34.9141    34.9272    27.2094    1488.31    1484.90 0.0000e+00
       8275    367.000     7.9819     7.9805   3.627878   3.628968     2.1082    -0.0558      18.67 4.9493e-02 -9.990e-29    79.1292    5.55915    34.9141    34.9272    27.2094    1488.33    1484.91 0.0000e+00
       8299    368.000     7.9819     7.9806   3.627931   3.629019     2.1075    -0.0558      17.53 4.9498e-02 -9.990e-29    79.0256    5.55566    34.9142    34.9271    27.2095    1488.35    1484.92 0.0000e+00
       8324    369.000     7.9822     7.9807   3.627987   3.629080     2.1074    -0.0558      16.61 4.9491e-02 -9.990e-29    78.9677    5.55814    34.9140    34.9272    27.2093    1488.36    1484.93 0.0000e+00
       8347    370.000     7.9825     7.9810   3.628058   3.629148     2.1071    -0.0558      15.57 4.9488e-02 -9.990e-29    78.9576    5.55857    34.9140    34.9272    27.2092    1488.38    1484.94 0.0000e+00
       8367    371.000     7.9825     7.9810   3.628105   3.629198     2.1068    -0.0558      14.60 4.9499e-02 -9.990e-29    78.8709    5.55392    34.9140    34.9272    27.2093    1488.40    1484.95 0.0000e+00
       8388    372.000     7.9826     7.9811   3.628167   3.629248     2.1061    -0.0558      13.60 4.9508e-02 -9.990e-29    78.8104    5.55199    34.9141    34.9272    27.2093    1488.41    1484.95 0.0000e+00
       8410    373.000     7.9826     7.9812   3.628203   3.629297     2.1059    -0.0558      12.58 4.9505e-02 6.3958e+01    78.8695    5.55426    34.9140    34.9271    27.2092    1488.43    1484.96 0.0000e+00
       8431    374.000     7.9827     7.9812   3.628257   3.629346     2.1052    -0.0558      11.61 4.9485e-02 6.3957e+01    78.8374    5.54766    34.9140    34.9272    27.2092    1488.45    1484.97 0.0000e+00
       8453    375.000     7.9828     7.9814   3.628318   3.629399     2.1046    -0.0558      10.62 4.9496e-02 6.3957e+01    78.7888    5.54844    34.9141    34.9271    27.2093    1488.46    1484.98 0.0000e+00
       8476    376.000     7.9829     7.9815   3.628365   3.629455     2.1041    -0.0558       9.62 4.9489e-02 6.3957e+01    78.5854    5.55379    34.9140    34.9271    27.2092    1488.48    1484.99 0.0000e+00
       8500    377.000     7.9829     7.9816   3.628421   3.629506     2.1043    -0.0558       8.57 4.9508e-02 6.3957e+01    78.3685    5.55670    34.9141    34.9271    27.2093    1488.50    1485.00 0.0000e+00
       8524    378.000     7.9830     7.9816   3.628474   3.629571     2.1043    -0.0558       7.61 4.9477e-02 6.3957e+01    78.0967    5.55718    34.9141    34.9273    27.2093    1488.52    1485.01 0.0000e+00
       8614    379.000     7.9831     7.9815   3.628501   3.629592     2.1043    -0.0558       6.51 4.9444e-02 6.3957e+01    76.8183    5.55471    34.9138    34.9271    27.2090    1488.53    1485.02 0.0000e+00
