_data/ctd/2022603/sta0151.cnv
* Sea-Bird SBE 9 Data File:
* FileName = C:\Seabird\CTDData\sta0151.hex
* Software Version Seasave V 7.21f
* Temperature SN = 6264
* Conductivity SN = 4928
* Number of Bytes Per Scan = 40
* Number of Voltage Words = 5
* Number of Scans Averaged by the Deck Unit = 1
* NMEA Latitude = 60 26.78 N
* NMEA Longitude = 006 34.34 E
* NMEA UTC (Time) = Feb 10 2022 05:16:49
* NMEA baud rate = 4800
** Ship: R/V "Kristine Bonnevie"
** Station: 0151
** Echodepth: 790
** Log: 0114.880
** Wind-Dir/Force: 27 29
** Air-temp (dry): 3.5
** Weather Sky:
** Sea:
# nquan = 19                                
# nvalues = 787                         
# units = specified
# name 0 = scan: Scan Count
# name 1 = prDM: Pressure, Digiquartz [db]
# name 2 = t068C: Temperature [ITS-68, deg C]
# name 3 = t168C: Temperature, 2 [ITS-68, deg C]
# name 4 = c0S/m: Conductivity [S/m]
# name 5 = c1S/m: Conductivity, 2 [S/m]
# name 6 = sbeox0V: Oxygen raw, SBE 43 [V]
# name 7 = flECO-AFL: Fluorescence, WET Labs ECO-AFL/FL [mg/m^3]
# name 8 = altM: Altimeter [m]
# name 9 = par: PAR/Irradiance, Biospherical/Licor
# name 10 = spar: SPAR/Surface Irradiance
# name 11 = CStarTr0: Beam Transmission, WET Labs C-Star [%]
# name 12 = sbeox0ML/L: Oxygen, SBE 43 [ml/l], WS = 2
# name 13 = sal00: Salinity, Practical [PSU]
# name 14 = sal11: Salinity, Practical, 2 [PSU]
# name 15 = sigma-t00: Density [sigma-t, Kg/m^3 ]
# name 16 = svCM: Sound Velocity [Chen-Millero, m/s]
# name 17 = avgsvCM: Average Sound Velocity [Chen-Millero, m/s], minP = 1, minS = 5
# name 18 = flag: flag
# span 0 =        585,      18030       
# span 1 =      2.000,    788.000       
# span 2 =     5.5214,    10.2049       
# span 3 =     5.5145,    10.2013       
# span 4 =   2.861223,   3.694139       
# span 5 =   2.861060,   3.695756       
# span 6 =     1.5309,     2.5008       
# span 7 =    -0.1036,     0.7563       
# span 8 =       5.36,      99.81       
# span 9 = 4.9452e-02, 7.6041e-01       
# span 10 = 0.0000e+00, 0.0000e+00      
# span 11 =    79.0626,    82.4722      
# span 12 =    3.80159,    7.11231      
# span 13 =    28.9832,    35.0067      
# span 14 =    28.9864,    35.0220      
# span 15 =    22.8547,    27.3519      
# span 16 =    1465.29,    1493.60      
# span 17 =    1465.29,    1487.47      
# span 18 = 0.0000e+00, 0.0000e+00      
# interval = decibars: 1                
# start_time = Feb 10 2022 05:16:51 [System UTC, header]
# bad_flag = -9.990e-29
*END*
[from data line 381]
       8943    383.000     7.6435     7.6421   3.601855   3.603176     1.8136    -0.0649      72.75 4.9495e-02 0.0000e+00    82.4541    4.58242    34.9641    34.9798    27.2989    1487.37    1484.34 0.0000e+00
       8965    384.000     7.6434     7.6422   3.601902   3.603249     1.8125    -0.0684      64.79 4.9477e-02 0.0000e+00    82.4473    4.57734    34.9642    34.9800    27.2990    1487.39    1484.35 0.0000e+00
       8986    385.000     7.6436     7.6424   3.601971   3.603309     1.8120    -0.0718      76.92 4.9499e-02 0.0000e+00    82.4392    4.57933    34.9643    34.9800    27.2990    1487.41    1484.36 0.0000e+00
       9007    386.000     7.6423     7.6411   3.601870   3.603200     1.8112    -0.0699      64.55 4.9492e-02 0.0000e+00    82.4489    4.58021    34.9640    34.9796    27.2990    1487.42    1484.37 0.0000e+00
       9029    387.000     7.6423     7.6408   3.601942   3.603251     1.8111    -0.0704      77.23 4.9487e-02 0.0000e+00    82.4492    4.58340    34.9643    34.9800    27.2992    1487.43    1484.37 0.0000e+00
       9051    388.000     7.6428     7.6415   3.602038   3.603365     1.8111    -0.0693      68.48 4.9531e-02 0.0000e+00    82.4505    4.58504    34.9644    34.9800    27.2992    1487.45    1484.38 0.0000e+00
       9072    389.000     7.6429     7.6414   3.602088   3.603401     1.8106    -0.0738      81.68 4.9498e-02 0.0000e+00    82.4527    4.57854    34.9643    34.9800    27.2991    1487.47    1484.39 0.0000e+00
       9094    390.000     7.6415     7.6402   3.601988   3.603309     1.8102    -0.0681      68.93 4.9483e-02 0.0000e+00    82.4587    4.57959    34.9642    34.9798    27.2992    1487.48    1484.40 0.0000e+00
       9116    391.000     7.6403     7.6390   3.601925   3.603256     1.8099    -0.0616      78.84 4.9481e-02 0.0000e+00    82.4520    4.58018    34.9642    34.9799    27.2994    1487.49    1484.41 0.0000e+00
       9138    392.000     7.6388     7.6376   3.601809   3.603142     1.8095    -0.0659      73.56 4.9499e-02 0.0000e+00    82.4570    4.57604    34.9640    34.9796    27.2995    1487.50    1484.41 0.0000e+00
       9160    393.000     7.6374     7.6361   3.601708   3.603034     1.8088    -0.0660      84.86 4.9470e-02 0.0000e+00    82.4589    4.56961    34.9638    34.9795    27.2995    1487.51    1484.42 0.0000e+00
       9181    394.000     7.6368     7.6354   3.601694   3.603015     1.8077    -0.0571      79.61 4.9506e-02 0.0000e+00    82.4722    4.56431    34.9638    34.9795    27.2996    1487.53    1484.43 0.0000e+00
       9202    395.000     7.6366     7.6353   3.601731   3.603055     1.8065    -0.0645      87.43 4.9508e-02 0.0000e+00    82.4517    4.55370    34.9639    34.9795    27.2997    1487.54    1484.44 0.0000e+00
       9224    396.000     7.6366     7.6353   3.601777   3.603110     1.8047    -0.0617      82.02 4.9473e-02 0.0000e+00    82.4562    4.54268    34.9639    34.9796    27.2997    1487.56    1484.45 0.0000e+00
       9245    397.000     7.6367     7.6353   3.601839   3.603160     1.8025    -0.0660      93.79 4.9485e-02 0.0000e+00    82.4397    4.53190    34.9640    34.9797    27.2998    1487.58    1484.45 0.0000e+00
       9266    398.000     7.6368     7.6355   3.601891   3.603220     1.8004    -0.0612      87.46 4.9512e-02 0.0000e+00    82.4354    4.52782    34.9640    34.9797    27.2997    1487.59    1484.46 0.0000e+00
       9287    399.000     7.6365     7.6352   3.601919   3.603239     1.7985    -0.0686      87.84 4.9483e-02 0.0000e+00    82.4499    4.52630    34.9641    34.9797    27.2999    1487.61    1484.47 0.0000e+00
       9309    400.000     7.6361     7.6348   3.601939   3.603258     1.7970    -0.0597      86.61 4.9489e-02 0.0000e+00    82.4262    4.52686    34.9642    34.9798    27.3001    1487.62    1484.48 0.0000e+00
       9331    401.000     7.6357     7.6344   3.601959   3.603287     1.7957    -0.0644      95.42 4.9512e-02 0.0000e+00    82.4488    4.52400    34.9644    34.9800    27.3002    1487.64    1484.48 0.0000e+00
       9352    402.000     7.6355     7.6342   3.601993   3.603310     1.7945    -0.0604      90.68 4.9477e-02 0.0000e+00    82.4472    4.52399    34.9645    34.9800    27.3003    1487.65    1484.49 0.0000e+00
       9374    403.000     7.6348     7.6336   3.601978   3.603298     1.7937    -0.0713      95.80 4.9485e-02 0.0000e+00    82.4496    4.52479    34.9645    34.9800    27.3005    1487.67    1484.50 0.0000e+00
       9396    404.000     7.6333     7.6321   3.601887   3.603221     1.7930    -0.0626      90.65 4.9490e-02 0.0000e+00    82.4437    4.52589    34.9646    34.9802    27.3007    1487.68    1484.51 0.0000e+00
       9418    405.000     7.6333     7.6319   3.601924   3.603244     1.7926    -0.0632      97.28 4.9502e-02 0.0000e+00    82.4250    4.52496    34.9645    34.9801    27.3006    1487.70    1484.52 0.0000e+00
       9439    406.000     7.6327     7.6314   3.601925   3.603246     1.7916    -0.0692      95.26 4.9490e-02 0.0000e+00    82.4301    4.51408    34.9646    34.9802    27.3008    1487.71    1484.52 0.0000e+00
       9461    407.000     7.6322     7.6308   3.601926   3.603243     1.7903    -0.0637      98.63 4.9502e-02 0.0000e+00    82.4315    4.50781    34.9646    34.9803    27.3009    1487.72    1484.53 0.0000e+00
       9484    408.000     7.6317     7.6304   3.601911   3.603242     1.7888    -0.0603      93.76 4.9489e-02 0.0000e+00    82.4322    4.50467    34.9645    34.9802    27.3009    1487.74    1484.54 0.0000e+00
       9506    409.000     7.6317     7.6303   3.601977   3.603312     1.7877    -0.0573      28.93 4.9509e-02 0.0000e+00    82.4459    4.49581    34.9647    34.9806    27.3011    1487.76    1484.55 0.0000e+00
       9528    410.000     7.6324     7.6310   3.602121   3.603449     1.7854    -0.0697      91.18 4.9489e-02 0.0000e+00    82.4433    4.48748    34.9651    34.9809    27.3013    1487.78    1484.56 0.0000e+00
       9550    411.000     7.6319     7.6305   3.602112   3.603442     1.7843    -0.0613      35.63 4.9496e-02 0.0000e+00    82.4344    4.48795    34.9650    34.9808    27.3013    1487.79    1484.56 0.0000e+00
       9571    412.000     7.6317     7.6304   3.602148   3.603467     1.7826    -0.0610      88.44 4.9508e-02 0.0000e+00    82.4390    4.48452    34.9651    34.9807    27.3014    1487.81    1484.57 0.0000e+00
       9593    413.000     7.6317     7.6303   3.602193   3.603519     1.7818    -0.0685      42.17 4.9496e-02 0.0000e+00    82.4377    4.49297    34.9651    34.9809    27.3014    1487.82    1484.58 0.0000e+00
       9615    414.000     7.6317     7.6303   3.602236   3.603560     1.7813    -0.0660      91.09 4.9505e-02 0.0000e+00    82.4339    4.48891    34.9651    34.9808    27.3014    1487.84    1484.59 0.0000e+00
       9637    415.000     7.6311     7.6299   3.602224   3.603542     1.7805    -0.0650      48.57 4.9493e-02 0.0000e+00    82.4241    4.48801    34.9651    34.9806    27.3015    1487.85    1484.59 0.0000e+00
       9659    416.000     7.6298     7.6286   3.602124   3.603466     1.7800    -0.0573      98.25 4.9499e-02 0.0000e+00    82.4256    4.48902    34.9648    34.9806    27.3014    1487.86    1484.60 0.0000e+00
       9681    417.000     7.6287     7.6273   3.602075   3.603396     1.7795    -0.0598      98.51 4.9529e-02 0.0000e+00    82.4202    4.48771    34.9649    34.9806    27.3017    1487.88    1484.61 0.0000e+00
       9703    418.000     7.6285     7.6272   3.602091   3.603425     1.7789    -0.0600      93.28 4.9477e-02 0.0000e+00    82.4358    4.47984    34.9648    34.9806    27.3016    1487.89    1484.62 0.0000e+00
       9725    419.000     7.6285     7.6271   3.602141   3.603469     1.7776    -0.0604      34.19 4.9515e-02 0.0000e+00    82.4322    4.47176    34.9649    34.9806    27.3017    1487.91    1484.63 0.0000e+00
       9747    420.000     7.6286     7.6272   3.602211   3.603538     1.7763    -0.0660      97.49 4.9502e-02 0.0000e+00    82.4240    4.46339    34.9651    34.9808    27.3018    1487.93    1484.63 0.0000e+00
       9769    421.000     7.6285     7.6273   3.602266   3.603580     1.7744    -0.0699      98.62 4.9515e-02 0.0000e+00    82.4262    4.45192    34.9653    34.9807    27.3020    1487.94    1484.64 0.0000e+00
       9792    422.000     7.6286     7.6273   3.602312   3.603641     1.7723    -0.0656      86.52 4.9483e-02 0.0000e+00    82.4236    4.45120    34.9652    34.9809    27.3019    1487.96    1484.65 0.0000e+00
       9814    423.000     7.6287     7.6274   3.602367   3.603696     1.7711    -0.0685      97.83 4.9499e-02 0.0000e+00    82.4292    4.44953    34.9652    34.9809    27.3019    1487.98    1484.66 0.0000e+00
       9836    424.000     7.6287     7.6274   3.602413   3.603744     1.7695    -0.0622      82.87 4.9485e-02 0.0000e+00    82.4192    4.44751    34.9652    34.9809    27.3019    1487.99    1484.66 0.0000e+00
       9858    425.000     7.6289     7.6275   3.602480   3.603799     1.7686    -0.0627      98.62 4.9496e-02 0.0000e+00    82.4022    4.44957    34.9653    34.9809    27.3019    1488.01    1484.67 0.0000e+00
       9880    426.000     7.6290     7.6277   3.602545   3.603876     1.7679    -0.0607      88.12 4.9493e-02 0.0000e+00    82.4270    4.44881    34.9654    34.9811    27.3020    1488.03    1484.68 0.0000e+00
       9902    427.000     7.6292     7.6279   3.602611   3.603936     1.7672    -0.0710      98.82 4.9496e-02 0.0000e+00    82.4358    4.44911    34.9654    34.9810    27.3020    1488.04    1484.69 0.0000e+00
       9924    428.000     7.6294     7.6281   3.602680   3.604001     1.7665    -0.0634      92.09 4.9490e-02 0.0000e+00    82.4320    4.44991    34.9655    34.9811    27.3020    1488.06    1484.70 0.0000e+00
       9946    429.000     7.6295     7.6282   3.602749   3.604073     1.7665    -0.0645      45.40 4.9490e-02 0.0000e+00    82.4238    4.45555    34.9656    34.9813    27.3021    1488.08    1484.70 0.0000e+00
       9969    430.000     7.6294     7.6281   3.602785   3.604113     1.7665    -0.0636      79.01 4.9483e-02 0.0000e+00    82.4416    4.45592    34.9657    34.9813    27.3021    1488.09    1484.71 0.0000e+00
       9991    431.000     7.6294     7.6280   3.602843   3.604162     1.7663    -0.0628      44.49 4.9515e-02 0.0000e+00    82.4245    4.45042    34.9658    34.9815    27.3023    1488.11    1484.72 0.0000e+00
      10013    432.000     7.6289     7.6276   3.602840   3.604166     1.7658    -0.0632      84.12 4.9496e-02 0.0000e+00    82.4534    4.45595    34.9658    34.9814    27.3023    1488.13    1484.73 0.0000e+00
      10035    433.000     7.6282     7.6269   3.602831   3.604155     1.7663    -0.0674      98.84 4.9493e-02 0.0000e+00    82.4154    4.45778    34.9659    34.9815    27.3025    1488.14    1484.74 0.0000e+00
      10057    434.000     7.6275     7.6262   3.602827   3.604149     1.7660    -0.0668      91.43 4.9502e-02 0.0000e+00    82.4253    4.45272    34.9661    34.9817    27.3028    1488.15    1484.74 0.0000e+00
      10079    435.000     7.6273     7.6259   3.602861   3.604178     1.7657    -0.0688      88.79 4.9490e-02 0.0000e+00    82.4262    4.45199    34.9662    34.9818    27.3029    1488.17    1484.75 0.0000e+00
      10101    436.000     7.6271     7.6257   3.602893   3.604207     1.7650    -0.0623      91.65 4.9515e-02 0.0000e+00    82.4335    4.44211    34.9662    34.9818    27.3029    1488.19    1484.76 0.0000e+00
      10124    437.000     7.6269     7.6255   3.602911   3.604245     1.7640    -0.0654      90.87 4.9477e-02 0.0000e+00    82.4067    4.43996    34.9662    34.9820    27.3029    1488.20    1484.77 0.0000e+00
      10146    438.000     7.6266     7.6253   3.602948   3.604275     1.7632    -0.0613      98.12 4.9511e-02 0.0000e+00    82.4161    4.43887    34.9664    34.9820    27.3031    1488.22    1484.77 0.0000e+00
      10168    439.000     7.6263     7.6249   3.602956   3.604269     1.7624    -0.0667      41.48 4.9515e-02 0.0000e+00    82.4479    4.43585    34.9663    34.9819    27.3031    1488.23    1484.78 0.0000e+00
      10190    440.000     7.6261     7.6249   3.602990   3.604307     1.7615    -0.0696      79.46 4.9490e-02 0.0000e+00    82.4266    4.43500    34.9664    34.9818    27.3032    1488.25    1484.79 0.0000e+00
      10212    441.000     7.6261     7.6248   3.603033   3.604353     1.7609    -0.0643      40.91 4.9490e-02 0.0000e+00    82.4252    4.43235    34.9663    34.9819    27.3032    1488.26    1484.80 0.0000e+00
      10234    442.000     7.6263     7.6250   3.603088   3.604413     1.7599    -0.0687      88.20 4.9490e-02 0.0000e+00    82.4215    4.42934    34.9663    34.9819    27.3031    1488.28    1484.81 0.0000e+00
      10257    443.000     7.6264     7.6251   3.603139   3.604463     1.7592    -0.0669      46.87 4.9483e-02 0.0000e+00    82.4293    4.42857    34.9662    34.9818    27.3030    1488.30    1484.81 0.0000e+00
      10279    444.000     7.6264     7.6251   3.603189   3.604523     1.7585    -0.0637      93.35 4.9496e-02 0.0000e+00    82.4023    4.42786    34.9663    34.9820    27.3031    1488.31    1484.82 0.0000e+00
      10301    445.000     7.6264     7.6251   3.603235   3.604559     1.7577    -0.0674      50.81 4.9502e-02 0.0000e+00    82.4182    4.42141    34.9663    34.9819    27.3031    1488.33    1484.83 0.0000e+00
      10323    446.000     7.6263     7.6250   3.603273   3.604591     1.7567    -0.0664      96.32 4.9481e-02 0.0000e+00    82.4200    4.42088    34.9663    34.9819    27.3031    1488.35    1484.84 0.0000e+00
      10346    447.000     7.6259     7.6246   3.603276   3.604610     1.7562    -0.0677      53.26 4.9477e-02 0.0000e+00    82.3756    4.42609    34.9663    34.9820    27.3032    1488.36    1484.85 0.0000e+00
      10368    448.000     7.6257     7.6244   3.603309   3.604633     1.7560    -0.0626      98.60 4.9511e-02 0.0000e+00    82.4038    4.42694    34.9664    34.9820    27.3032    1488.38    1484.85 0.0000e+00
      10391    449.000     7.6255     7.6243   3.603341   3.604665     1.7556    -0.0705      98.79 4.9500e-02 0.0000e+00    82.4097    4.42172    34.9664    34.9820    27.3033    1488.39    1484.86 0.0000e+00
      10413    450.000     7.6251     7.6238   3.603342   3.604661     1.7548    -0.0639      98.55 4.9490e-02 0.0000e+00    82.4099    4.41642    34.9664    34.9819    27.3033    1488.41    1484.87 0.0000e+00
      10435    451.000     7.6242     7.6229   3.603321   3.604639     1.7542    -0.0694      50.35 4.9483e-02 0.0000e+00    82.3966    4.41792    34.9666    34.9821    27.3036    1488.42    1484.88 0.0000e+00
      10457    452.000     7.6239     7.6225   3.603350   3.604674     1.7535    -0.0647      75.59 4.9512e-02 0.0000e+00    82.3862    4.41127    34.9667    34.9824    27.3038    1488.44    1484.88 0.0000e+00
      10479    453.000     7.6247     7.6233   3.603498   3.604803     1.7526    -0.0654      50.38 4.9483e-02 0.0000e+00    82.4193    4.40515    34.9670    34.9825    27.3039    1488.46    1484.89 0.0000e+00
      10500    454.000     7.6242     7.6230   3.603514   3.604830     1.7510    -0.0632      73.98 4.9472e-02 0.0000e+00    82.4083    4.39723    34.9672    34.9826    27.3041    1488.47    1484.90 0.0000e+00
      10522    455.000     7.6239     7.6225   3.603539   3.604868     1.7500    -0.0645      55.30 4.9490e-02 0.0000e+00    82.4039    4.40314    34.9673    34.9831    27.3042    1488.49    1484.91 0.0000e+00
      10543    456.000     7.6239     7.6225   3.603575   3.604899     1.7495    -0.0655      77.13 4.9490e-02 0.0000e+00    82.4004    4.40494    34.9672    34.9829    27.3042    1488.50    1484.92 0.0000e+00
      10565    457.000     7.6234     7.6222   3.603580   3.604907     1.7490    -0.0688      47.12 4.9490e-02 0.0000e+00    82.4072    4.40756    34.9673    34.9828    27.3043    1488.52    1484.92 0.0000e+00
      10587    458.000     7.6233     7.6220   3.603614   3.604938     1.7490    -0.0654      75.92 4.9499e-02 0.0000e+00    82.3981    4.41150    34.9673    34.9829    27.3043    1488.53    1484.93 0.0000e+00
