_data/ctd/2022603/sta0220.cnv
* Sea-Bird SBE 9 Data File:
* FileName = C:\Seabird\CTDData\sta0220.hex
* Software Version Seasave V 7.21f
* Temperature SN = 6264
* Conductivity SN = 4928
* Number of Bytes Per Scan = 40
* Number of Voltage Words = 5
* Number of Scans Averaged by the Deck Unit = 1
* NMEA Latitude = 61 27.60 N
* NMEA Longitude = 004 51.82 E
* NMEA UTC (Time) = Feb 16 2022 16:04:13
* NMEA baud rate = 4800
** Ship: R/V "Kristine Bonnevie"
** Station: 0220
** Echodepth: 276
** Log: 0981.268
** Wind-Dir/Force: 24 02
** Air-temp (dry): 4.2
** Weather Sky:
** Sea:
# nquan = 19                                
# nvalues = 270                         
# units = specified
# name 0 = scan: Scan Count
# name 1 = prDM: Pressure, Digiquartz [db]
# name 2 = t068C: Temperature [ITS-68, deg C]
# name 3 = t168C: Temperature, 2 [ITS-68, deg C]
# name 4 = c0S/m: Conductivity [S/m]
# name 5 = c1S/m: Conductivity, 2 [S/m]
# name 6 = sbeox0V: Oxygen raw, SBE 43 [V]
# name 7 = flECO-AFL: Fluorescence, WET Labs ECO-AFL/FL [mg/m^3]
# name 8 = altM: Altimeter [m]
# name 9 = par: PAR/Irradiance, Biospherical/Licor
# name 10 = spar: SPAR/Surface Irradiance
# name 11 = CStarTr0: Beam Transmission, WET Labs C-Star [%]
# name 12 = sbeox0ML/L: Oxygen, SBE 43 [ml/l], WS = 2
# name 13 = sal00: Salinity, Practical [PSU]
# name 14 = sal11: Salinity, Practical, 2 [PSU]
# name 15 = sigma-t00: Density [sigma-t, Kg/m^3 ]
# name 16 = svCM: Sound Velocity [Chen-Millero, m/s]
# name 17 = avgsvCM: Average Sound Velocity [Chen-Millero, m/s], minP = 1, minS = 5
# name 18 = flag: flag
# span 0 =        361,       6761       
# span 1 =      3.000,    272.000       
# span 2 =     6.0650,     8.6217       
# span 3 =     6.0625,     8.6199       
# span 4 =   3.129453,   3.657081       
# span 5 =   3.130121,   3.658519       
# span 6 =     2.0308,     2.5184       
# span 7 =    -0.0924,     0.5556       
# span 8 =      -6.10,     100.49       
# span 9 = 4.9418e-02, 4.6989e+00       
# span 10 = 9.9915e+00, 1.1992e+01      
# span 11 =    77.3131,    80.4423      
# span 12 =    5.20692,    6.94716      
# span 13 =    31.4852,    34.8784      
# span 14 =    31.4952,    34.8951      
# span 15 =    24.7682,    27.1560      
# span 16 =    1470.63,    1487.36      
# span 17 =    1470.63,    1483.90      
# span 18 = 0.0000e+00, 0.0000e+00      
# interval = decibars: 1                
# start_time = Feb 16 2022 16:04:16 [System UTC, header]
# bad_flag = -9.990e-29
*END*
[from data line 153]
       3797    156.000     8.4779     8.4762   3.656999   3.658432     2.2441    -0.0558      57.93 4.9509e-02 9.9933e+00    79.8204    5.79450    34.8339    34.8508    27.0708    1486.62    1481.78 0.0000e+00
       3816    157.000     8.4755     8.4739   3.657018   3.658457     2.2435 -9.990e-29      99.66 4.9493e-02 9.9933e+00    79.8081    5.79555    34.8360    34.8529    27.0729    1486.63    1481.81 0.0000e+00
       3834    158.000     8.4749     8.4731   3.657081   3.658519     2.2431 -9.990e-29      85.51 4.9485e-02 9.9933e+00    79.7994    5.79280    34.8368    34.8538    27.0736    1486.64    1481.84 0.0000e+00
       3852    159.000     8.4733     8.4716   3.657063   3.658501     2.2421 -9.990e-29      93.60 4.9481e-02 9.9933e+00    79.7747    5.78921    34.8377    34.8546    27.0745    1486.66    1481.87 0.0000e+00
       3873    160.000     8.4714     8.4698   3.657057   3.658497     2.2413 -9.990e-29      98.74 4.9477e-02 9.9933e+00    79.7113    5.78878    34.8390    34.8559    27.0759    1486.67    1481.90 0.0000e+00
       3896    161.000     8.4607     8.4601   3.656117   3.657572     2.2405    -0.0558      96.37 4.9496e-02 9.9933e+00    79.7318    5.78728    34.8392    34.8552    27.0776    1486.64    1481.93 0.0000e+00
       3917    162.000     8.4561     8.4543   3.655887   3.657315     2.2396    -0.0636      85.21 4.9480e-02 9.9933e+00    79.6847    5.78578    34.8408    34.8577    27.0796    1486.64    1481.96 0.0000e+00
       3935    163.000     8.4550     8.4533   3.655883   3.657311     2.2389    -0.0915      60.13 4.9488e-02 9.9933e+00    79.7227    5.78052    34.8413    34.8582    27.0802    1486.66    1481.98 0.0000e+00
       3953    164.000     8.4519     8.4508   3.655728   3.657179     2.2375    -0.0885      85.73 4.9517e-02 9.9933e+00    79.7353    5.76730    34.8423    34.8588    27.0814    1486.66    1482.01 0.0000e+00
       3972    165.000     8.4426     8.4419   3.655030   3.656481     2.2353    -0.0902      92.55 4.9466e-02 9.9933e+00    79.7640    5.75801    34.8436    34.8597    27.0839    1486.65    1482.04 0.0000e+00
       3995    166.000     8.4390     8.4374   3.654767   3.656183     2.2329    -0.0884      92.38 4.9485e-02 9.9933e+00    79.7311    5.75096    34.8439    34.8605    27.0847    1486.65    1482.07 0.0000e+00
       4024    167.000     8.4376     8.4360   3.654687   3.656123     2.2296 -9.990e-29      98.84 4.9472e-02 9.9933e+00    79.7173    5.74008    34.8439    34.8607    27.0849    1486.66    1482.10 0.0000e+00
       4052    168.000     8.4342     8.4327   3.654452   3.655875     2.2263 -9.990e-29      88.83 4.9498e-02 9.9933e+00    79.6912    5.72772    34.8443    34.8609    27.0858    1486.67    1482.12 0.0000e+00
       4080    169.000     8.4319     8.4303   3.654317   3.655754     2.2227 -9.990e-29      98.88 4.9476e-02 9.9933e+00    79.6832    5.71611    34.8447    34.8615    27.0864    1486.67    1482.15 0.0000e+00
       4103    170.000     8.4294     8.4280   3.654242   3.655666     2.2201 -9.990e-29      98.80 4.9466e-02 9.9933e+00    79.6303    5.71215    34.8459    34.8624    27.0877    1486.68    1482.18 0.0000e+00
       4122    171.000     8.4235     8.4221   3.653820   3.655237     2.2178 -9.990e-29      88.64 4.9470e-02 9.9933e+00    79.6153    5.70510    34.8467    34.8632    27.0893    1486.68    1482.20 0.0000e+00
       4139    172.000     8.4165     8.4151   3.653310   3.654722     2.2161 -9.990e-29      93.47 4.9488e-02 9.9933e+00    79.5874    5.70359    34.8478    34.8641    27.0912    1486.67    1482.23 0.0000e+00
       4155    173.000     8.4117     8.4103   3.652998   3.654416     2.2142 -9.990e-29      37.81 4.9491e-02 9.9933e+00    79.5053    5.69779    34.8487    34.8652    27.0927    1486.67    1482.25 0.0000e+00
       4172    174.000     8.4024     8.4014   3.652254   3.653677     2.2123 -9.990e-29      96.43 4.9463e-02 9.9933e+00    79.4827    5.69621    34.8495    34.8656    27.0948    1486.65    1482.28 0.0000e+00
       4191    175.000     8.3967     8.3954   3.651783   3.653218     2.2106 -9.990e-29      91.33 4.9480e-02 9.9933e+00    79.4629    5.68801    34.8497    34.8662    27.0958    1486.65    1482.30 0.0000e+00
       4214    176.000     8.3944     8.3930   3.651627   3.653051     2.2077 -9.990e-29      95.13 4.9482e-02 9.9933e+00    79.4680    5.67105    34.8498    34.8663    27.0962    1486.66    1482.33 0.0000e+00
       4240    177.000     8.3790     8.3779   3.650067   3.651397     2.2034 -9.990e-29      98.85 4.9497e-02 9.9933e+00    79.4849    5.65195    34.8480    34.8632    27.0972    1486.61    1482.35 0.0000e+00
       4261    178.000     8.3611     8.3595   3.648403   3.649822     2.1995 -9.990e-29      93.73 4.9490e-02 9.9933e+00    79.5158    5.64314    34.8475    34.8642    27.0995    1486.56    1482.38 0.0000e+00
       4281    179.000     8.3609     8.3591   3.648447   3.649865     2.1962 -9.990e-29      92.17 4.9495e-02 9.9933e+00    79.5331    5.62913    34.8477    34.8646    27.0997    1486.58    1482.40 0.0000e+00
       4304    180.000     8.3611     8.3594   3.648534   3.649962     2.1916    -0.0628      64.65 4.9474e-02 9.9933e+00    79.6862    5.60861    34.8479    34.8648    27.0999    1486.59    1482.42 0.0000e+00
       4334    181.000     8.3582     8.3566   3.648378   3.649792     2.1851    -0.0825      93.60 4.9495e-02 9.9933e+00    79.7702    5.58563    34.8487    34.8653    27.1009    1486.60    1482.45 0.0000e+00
       4362    182.000     8.3537     8.3525   3.648038   3.649471     2.1792    -0.0568      97.42 4.9487e-02 9.9933e+00    79.7602    5.57270    34.8490    34.8655    27.1019    1486.60    1482.47 0.0000e+00
       4386    183.000     8.3426     8.3416   3.647316   3.648736     2.1748    -0.0571      98.81 4.9499e-02 9.9933e+00    79.7555    5.56564    34.8518    34.8679    27.1058    1486.58    1482.49 0.0000e+00
       4407    184.000     8.3286     8.3278   3.646289   3.647675     2.1712    -0.0558      93.23 4.9469e-02 9.9933e+00    79.7897    5.56182    34.8543    34.8698    27.1099    1486.55    1482.51 0.0000e+00
       4425    185.000     8.3176     8.3169   3.645366   3.646828     2.1690 -9.990e-29      93.30 4.9500e-02 9.9933e+00    79.8142    5.55949    34.8549    34.8711    27.1120    1486.52    1482.54 0.0000e+00
       4441    186.000     8.3154     8.3140   3.645211   3.646647     2.1664 -9.990e-29      40.15 4.9472e-02 9.9933e+00    79.8036    5.54599    34.8549    34.8716    27.1124    1486.53    1482.56 0.0000e+00
       4458    187.000     8.3151     8.3135   3.645234   3.646662     2.1635 -9.990e-29      87.44 4.9496e-02 9.9933e+00    79.7398    5.53344    34.8550    34.8718    27.1125    1486.55    1482.58 0.0000e+00
       4477    188.000     8.3148     8.3132   3.645257   3.646662     2.1601 -9.990e-29      94.53 4.9473e-02 9.9933e+00    79.7101    5.52546    34.8550    34.8716    27.1126    1486.56    1482.60 0.0000e+00
       4499    189.000     8.3127     8.3113   3.645107   3.646535     2.1567 -9.990e-29      84.67 4.9493e-02 9.9933e+00    79.6278    5.51637    34.8550    34.8716    27.1129    1486.57    1482.62 0.0000e+00
       4523    190.000     8.3117     8.3100   3.645075   3.646475     2.1526 -9.990e-29      59.93 4.9478e-02 9.9933e+00    79.6870    5.50498    34.8552    34.8718    27.1132    1486.58    1482.64 0.0000e+00
       4549    191.000     8.3077     8.3060   3.644746   3.646128     2.1489 -9.990e-29      97.93 4.9470e-02 9.9933e+00    79.6916    5.49597    34.8552    34.8716    27.1138    1486.58    1482.66 0.0000e+00
       4576    192.000     8.3064     8.3049   3.644756   3.646182     2.1447 -9.990e-29      71.92 4.9487e-02 9.9933e+00    79.7263    5.48681    34.8561    34.8728    27.1147    1486.60    1482.68 0.0000e+00
       4599    193.000     8.3067     8.3047   3.644817   3.646208     2.1423 -9.990e-29      72.09 4.9479e-02 9.9933e+00    79.7079    5.48775    34.8560    34.8728    27.1145    1486.61    1482.70 0.0000e+00
       4619    194.000     8.3026     8.3013   3.644567   3.645976     2.1403 -9.990e-29      96.12 4.9481e-02 9.9933e+00    79.6996    5.48357    34.8569    34.8732    27.1159    1486.62    1482.72 0.0000e+00
       4639    195.000     8.2924     8.2916   3.643738   3.645170     2.1384 -9.990e-29      94.17 4.9494e-02 9.9933e+00    79.6664    5.48346    34.8577    34.8737    27.1181    1486.60    1482.74 0.0000e+00
       4660    196.000     8.2815     8.2808   3.642890   3.644330     2.1371 -9.990e-29      37.57 4.9492e-02 9.9933e+00    79.6241    5.48378    34.8590    34.8750    27.1208    1486.57    1482.76 0.0000e+00
       4681    197.000     8.2700     8.2697   3.641981   3.643446     2.1354 -9.990e-29      98.46 4.9471e-02 9.9933e+00    79.6185    5.47403    34.8602    34.8761    27.1235    1486.55    1482.78 0.0000e+00
       4705    198.000     8.2588     8.2573   3.641088   3.642469     2.1329 -9.990e-29      93.81 4.9500e-02 9.9933e+00    79.5791    5.45806    34.8613    34.8775    27.1260    1486.52    1482.80 0.0000e+00
       4730    199.000     8.2505     8.2495   3.640490   3.641915     2.1292 -9.990e-29      98.89 4.9479e-02 9.9933e+00    79.5799    5.44267    34.8627    34.8789    27.1284    1486.51    1482.82 0.0000e+00
       4753    200.000     8.2438     8.2424   3.640022   3.641430     2.1257 -9.990e-29      98.80 4.9483e-02 9.9933e+00    79.5246    5.42623    34.8638    34.8802    27.1303    1486.50    1482.84 0.0000e+00
       4773    201.000     8.2416     8.2400   3.639906   3.641323     2.1219 -9.990e-29      93.60 4.9476e-02 9.9933e+00    79.4511    5.41360    34.8643    34.8810    27.1310    1486.51    1482.85 0.0000e+00
       4792    202.000     8.2398     8.2384   3.639833   3.641243     2.1189 -9.990e-29      74.06 4.9476e-02 9.9933e+00    79.3517    5.40771    34.8648    34.8813    27.1317    1486.52    1482.87 0.0000e+00
       4811    203.000     8.2357     8.2343   3.639537   3.640944     2.1157 -9.990e-29      57.37 4.9483e-02 9.9933e+00    79.2396    5.39113    34.8652    34.8816    27.1327    1486.52    1482.89 0.0000e+00
       4831    204.000     8.2332     8.2317   3.639391   3.640793     2.1117 -9.990e-29      98.88 4.9453e-02 9.9933e+00    79.0591    5.38062    34.8657    34.8821    27.1334    1486.53    1482.91 0.0000e+00
       4851    205.000     8.2317     8.2303   3.639307   3.640740     2.1085 -9.990e-29      94.50 4.9491e-02 9.9933e+00    78.9864    5.37927    34.8658    34.8825    27.1337    1486.54    1482.93 0.0000e+00
       4877    206.000     8.2304     8.2289   3.639254   3.640665     2.1052 -9.990e-29      57.33 4.9490e-02 9.9933e+00    78.9304    5.37825    34.8660    34.8826    27.1341    1486.55    1482.94 0.0000e+00
       4913    207.000     8.2275     8.2258   3.639082   3.640479     2.1014 -9.990e-29      99.90 4.9487e-02 9.9933e+00    78.8129    5.37056    34.8666    34.8832    27.1350    1486.56    1482.96 0.0000e+00
       4942    208.000     8.2263     8.2243   3.639041   3.640426     2.0986 -9.990e-29      46.37 4.9479e-02 9.9933e+00    78.7619    5.36242    34.8669    34.8836    27.1354    1486.57    1482.98 0.0000e+00
       4963    209.000     8.2243     8.2227   3.638927   3.640330     2.0967 -9.990e-29      86.75 4.9483e-02 9.9933e+00    78.7430    5.35883    34.8672    34.8837    27.1359    1486.58    1483.00 0.0000e+00
       4981    210.000     8.2205     8.2194   3.638673   3.640100     2.0950 -9.990e-29      98.34 4.9480e-02 9.9933e+00    78.6347    5.35535    34.8677    34.8841    27.1370    1486.59    1483.01 0.0000e+00
       4998    211.000     8.2180     8.2166   3.638524   3.639928     2.0936 -9.990e-29      98.21 4.9472e-02 9.9933e+00    78.5460    5.35211    34.8682    34.8845    27.1377    1486.59    1483.03 0.0000e+00
       5016    212.000     8.2175     8.2160   3.638515   3.639946     2.0921 -9.990e-29      98.10 4.9494e-02 9.9933e+00    78.5499    5.34563    34.8681    34.8848    27.1377    1486.61    1483.05 0.0000e+00
       5038    213.000     8.2172     8.2157   3.638541   3.639959     2.0902 -9.990e-29      98.14 4.9464e-02 9.9933e+00    78.5741    5.34743    34.8682    34.8848    27.1378    1486.62    1483.06 0.0000e+00
       5062    214.000     8.2154     8.2140   3.638444   3.639862     2.0888 -9.990e-29      49.24 4.9486e-02 9.9933e+00    78.6206    5.34330    34.8684    34.8850    27.1383    1486.63    1483.08 0.0000e+00
       5084    215.000     8.2147     8.2130   3.638440   3.639837     2.0874 -9.990e-29      87.80 4.9495e-02 9.9933e+00    78.6569    5.34508    34.8686    34.8852    27.1385    1486.65    1483.10 0.0000e+00
       5102    216.000     8.2144     8.2127   3.638459   3.639861     2.0870 -9.990e-29      98.43 4.9480e-02 9.9933e+00    78.6903    5.34514    34.8686    34.8853    27.1386    1486.66    1483.11 0.0000e+00
       5119    217.000     8.2131     8.2111   3.638387   3.639778     2.0862 -9.990e-29      98.45 4.9491e-02 9.9933e+00    78.7588    5.34086    34.8687    34.8855    27.1388    1486.67    1483.13 0.0000e+00
       5136    218.000     8.2090     8.2074   3.638096   3.639492     2.0851 -9.990e-29      98.47 4.9490e-02 9.9933e+00    78.7813    5.33544    34.8691    34.8856    27.1398    1486.68    1483.15 0.0000e+00
       5159    219.000     8.1986     8.1979   3.637317   3.638748     2.0838 -9.990e-29      98.63 4.9464e-02 9.9933e+00    78.8575    5.33548    34.8707    34.8866    27.1426    1486.66    1483.16 0.0000e+00
       5193    220.000     8.1879     8.1865   3.636504   3.637911     2.0821 -9.990e-29      98.57 4.9487e-02 9.9933e+00    78.8830    5.33149    34.8721    34.8885    27.1454    1486.63    1483.18 0.0000e+00
       5226    221.000     8.1874     8.1861   3.636500   3.637920     2.0802 -9.990e-29      98.73 4.9511e-02 9.9933e+00    78.8477    5.32022    34.8721    34.8886    27.1454    1486.65    1483.19 0.0000e+00
       5254    222.000     8.1864     8.1850   3.636447   3.637902     2.0776 -9.990e-29      98.77 4.9470e-02 9.9933e+00    78.8710    5.30707    34.8720    34.8890    27.1455    1486.66    1483.21 0.0000e+00
       5278    223.000     8.1840     8.1824   3.636327   3.637725     2.0757 -9.990e-29      98.80 4.9452e-02 9.9933e+00    78.7611    5.30586    34.8727    34.8892    27.1464    1486.67    1483.22 0.0000e+00
       5297    224.000     8.1830     8.1813   3.636298   3.637704     2.0742    -0.0558      98.80 4.9470e-02 9.9933e+00    78.7612    5.30052    34.8729    34.8896    27.1467    1486.68    1483.24 0.0000e+00
       5314    225.000     8.1822     8.1806   3.636291   3.637705     2.0728    -0.0558      98.80 4.9480e-02 9.9933e+00    78.7027    5.29720    34.8731    34.8898    27.1470    1486.70    1483.25 0.0000e+00
       5331    226.000     8.1801     8.1783   3.636162   3.637563     2.0714    -0.0558      98.80 4.9464e-02 9.9933e+00    78.6901    5.29462    34.8733    34.8901    27.1475    1486.70    1483.27 0.0000e+00
       5349    227.000     8.1779     8.1761   3.636037   3.637431     2.0702    -0.0558      98.80 4.9475e-02 9.9933e+00    78.6604    5.28993    34.8737    34.8904    27.1481    1486.71    1483.28 0.0000e+00
       5369    228.000     8.1767     8.1750   3.635996   3.637403     2.0685    -0.0558      98.80 4.9492e-02 9.9933e+00    78.6322    5.28717    34.8740    34.8907    27.1485    1486.73    1483.30 0.0000e+00
       5391    229.000     8.1753     8.1737   3.635916   3.637310     2.0672    -0.0558      98.80 4.9493e-02 9.9933e+00    78.6140    5.28703    34.8740    34.8905    27.1488    1486.74    1483.31 0.0000e+00
       5412    230.000     8.1714     8.1701   3.635652   3.637082     2.0657 -9.990e-29      98.80 4.9474e-02 9.9933e+00    78.5914    5.28114    34.8746    34.8912    27.1498    1486.74    1483.33 0.0000e+00
