_data/ctd/2022603/sta0162.cnv
* Sea-Bird SBE 9 Data File:
* FileName = C:\Seabird\CTDData\sta0162.hex
* Software Version Seasave V 7.21f
* Temperature SN = 6264
* Conductivity SN = 4928
* Number of Bytes Per Scan = 40
* Number of Voltage Words = 5
* Number of Scans Averaged by the Deck Unit = 1
* NMEA Latitude = 59 45.22 N
* NMEA Longitude = 006 05.76 E
* NMEA UTC (Time) = Feb 11 2022 21:16:36
* NMEA baud rate = 4800
** Ship: R/V "Kristine Bonnevie"
** Station: 0162
** Echodepth: 617
** Log: 0354.716
** Wind-Dir/Force: 28 04
** Air-temp (dry): 4.4
** Weather Sky:
** Sea:
# nquan = 19                                
# nvalues = 603                         
# units = specified
# name 0 = scan: Scan Count
# name 1 = prDM: Pressure, Digiquartz [db]
# name 2 = t068C: Temperature [ITS-68, deg C]
# name 3 = t168C: Temperature, 2 [ITS-68, deg C]
# name 4 = c0S/m: Conductivity [S/m]
# name 5 = c1S/m: Conductivity, 2 [S/m]
# name 6 = sbeox0V: Oxygen raw, SBE 43 [V]
# name 7 = flECO-AFL: Fluorescence, WET Labs ECO-AFL/FL [mg/m^3]
# name 8 = altM: Altimeter [m]
# name 9 = par: PAR/Irradiance, Biospherical/Licor
# name 10 = spar: SPAR/Surface Irradiance
# name 11 = CStarTr0: Beam Transmission, WET Labs C-Star [%]
# name 12 = sbeox0ML/L: Oxygen, SBE 43 [ml/l], WS = 2
# name 13 = sal00: Salinity, Practical [PSU]
# name 14 = sal11: Salinity, Practical, 2 [PSU]
# name 15 = sigma-t00: Density [sigma-t, Kg/m^3 ]
# name 16 = svCM: Sound Velocity [Chen-Millero, m/s]
# name 17 = avgsvCM: Average Sound Velocity [Chen-Millero, m/s], minP = 1, minS = 5
# name 18 = flag: flag
# span 0 =         -3,      14061       
# span 1 =     14.000,    616.000       
# span 2 =     7.4788,     9.5923       
# span 3 =     7.4777,     9.5904       
# span 4 =   3.378318,   3.658778       
# span 5 =   3.380913,   3.660260       
# span 6 =     1.5910,     2.4799       
# span 7 =    -0.0986,     0.5822       
# span 8 =       5.77,     100.05       
# span 9 = 4.9340e-02, 1.0274e-01       
# span 10 = 0.0000e+00, 0.0000e+00      
# span 11 =    59.7800,    82.2092      
# span 12 =    3.91512,    6.63013      
# span 13 =    32.0978,    35.0691      
# span 14 =    32.1330,    35.0848      
# span 15 =    24.9483,    27.3975      
# span 16 =    1480.33,    1490.70      
# span 17 =    1480.33,    1486.93      
# span 18 = 0.0000e+00, 0.0000e+00      
# interval = decibars: 1                
# start_time = Feb 11 2022 21:16:39 [System UTC, header]
# bad_flag = -9.990e-29
*END*
[from data line 229]
       5088    243.000     7.8353     7.8342   3.617524   3.618871     1.9911    -0.0867      75.96 4.9474e-02 0.0000e+00    81.7539    5.10153    35.0089    35.0245    27.3058    1485.85    1484.98 0.0000e+00
       5112    244.000     7.8338     7.8325   3.617527   3.618875     1.9917    -0.0649      56.31 4.9475e-02 0.0000e+00    81.7779    5.09962    35.0100    35.0258    27.3068    1485.86    1484.98 0.0000e+00
       5135    245.000     7.8332     7.8319   3.617621   3.618972     1.9921    -0.0651      90.26 4.9499e-02 0.0000e+00    81.7634    5.10554    35.0111    35.0269    27.3078    1485.88    1484.98 0.0000e+00
       5158    246.000     7.8335     7.8322   3.617744   3.619105     1.9929    -0.0795      74.53 4.9499e-02 0.0000e+00    81.7771    5.10604    35.0116    35.0276    27.3082    1485.90    1484.99 0.0000e+00
       5182    247.000     7.8332     7.8319   3.617873   3.619224     1.9931    -0.0787      98.63 4.9468e-02 0.0000e+00    81.7856    5.10987    35.0128    35.0287    27.3092    1485.91    1484.99 0.0000e+00
       5205    248.000     7.8326     7.8313   3.617934   3.619288     1.9942    -0.0643      86.48 4.9487e-02 0.0000e+00    81.7811    5.11802    35.0136    35.0295    27.3099    1485.93    1484.99 0.0000e+00
       5228    249.000     7.8309     7.8296   3.617900   3.619256     1.9950    -0.0651      98.87 4.9493e-02 0.0000e+00    81.7553    5.11693    35.0145    35.0304    27.3108    1485.94    1485.00 0.0000e+00
       5251    250.000     7.8289     7.8277   3.617870   3.619225     1.9954    -0.0676      98.80 4.9468e-02 0.0000e+00    81.7645    5.11551    35.0156    35.0315    27.3120    1485.95    1485.00 0.0000e+00
       5275    251.000     7.8279     7.8266   3.617951   3.619301     1.9958    -0.0930      48.84 4.9481e-02 0.0000e+00    81.7741    5.12119    35.0170    35.0329    27.3133    1485.97    1485.01 0.0000e+00
       5298    252.000     7.8268     7.8256   3.617958   3.619327     1.9964    -0.0695      98.98 7.4745e-02 0.0000e+00    81.7731    5.12484    35.0177    35.0337    27.3140    1485.98    1485.01 0.0000e+00
       5321    253.000     7.8257     7.8244   3.617964   3.619326     1.9970 -9.990e-29      76.01 4.9654e-02 0.0000e+00    81.7958    5.12651    35.0184    35.0344    27.3147    1485.99    1485.01 0.0000e+00
       5345    254.000     7.8247     7.8234   3.617974   3.619331     1.9975 -9.990e-29      98.86 4.9483e-02 0.0000e+00    81.7979    5.12926    35.0190    35.0350    27.3153    1486.00    1485.02 0.0000e+00
       5367    255.000     7.8236     7.8223   3.617968   3.619332     1.9983 -9.990e-29      95.37 4.9494e-02 0.0000e+00    81.8032    5.13084    35.0196    35.0356    27.3159    1486.02    1485.02 0.0000e+00
       5390    256.000     7.8225     7.8213   3.617955   3.619314     1.9981    -0.0558      36.44 4.9500e-02 0.0000e+00    81.7942    5.12533    35.0201    35.0359    27.3165    1486.03    1485.03 0.0000e+00
       5413    257.000     7.8222     7.8209   3.617997   3.619351     1.9983    -0.0679     100.05 4.9487e-02 0.0000e+00    81.7965    5.12971    35.0203    35.0362    27.3167    1486.05    1485.03 0.0000e+00
       5436    258.000     7.8221     7.8207   3.618032   3.619392     1.9984    -0.0865      56.43 4.9493e-02 0.0000e+00    81.7853    5.13420    35.0203    35.0364    27.3167    1486.06    1485.03 0.0000e+00
       5459    259.000     7.8216     7.8203   3.618087   3.619454     1.9993    -0.0635      99.30 4.9469e-02 0.0000e+00    81.8105    5.13653    35.0209    35.0370    27.3173    1486.08    1485.04 0.0000e+00
       5482    260.000     7.8209     7.8196   3.618134   3.619493     1.9992    -0.0624      94.72 4.9481e-02 0.0000e+00    81.8074    5.13292    35.0217    35.0376    27.3180    1486.09    1485.04 0.0000e+00
       5505    261.000     7.8198     7.8185   3.618143   3.619497     1.9993    -0.0594      34.25 4.9475e-02 0.0000e+00    81.8197    5.13497    35.0224    35.0383    27.3187    1486.11    1485.05 0.0000e+00
       5528    262.000     7.8182     7.8171   3.618116   3.619469     1.9995    -0.0871      99.81 4.9494e-02 0.0000e+00    81.8436    5.14011    35.0232    35.0389    27.3196    1486.12    1485.05 0.0000e+00
       5551    263.000     7.8172     7.8159   3.618126   3.619478     2.0000    -0.0724      61.10 4.9487e-02 0.0000e+00    81.8513    5.14096    35.0238    35.0397    27.3202    1486.13    1485.05 0.0000e+00
       5574    264.000     7.8170     7.8157   3.618181   3.619540     2.0001    -0.0600      99.19 4.9481e-02 0.0000e+00    81.8421    5.14392    35.0241    35.0401    27.3205    1486.15    1485.06 0.0000e+00
       5598    265.000     7.8166     7.8152   3.618199   3.619559     2.0008    -0.0578      72.20 4.9491e-02 0.0000e+00    81.8484    5.14773    35.0242    35.0403    27.3206    1486.16    1485.06 0.0000e+00
       5621    266.000     7.8157     7.8144   3.618210   3.619555     2.0011 -9.990e-29      97.63 4.9493e-02 0.0000e+00    81.8572    5.14871    35.0248    35.0406    27.3212    1486.18    1485.07 0.0000e+00
       5644    267.000     7.8143     7.8129   3.618196   3.619560     2.0017 -9.990e-29      94.42 4.9469e-02 0.0000e+00    81.8339    5.14751    35.0255    35.0416    27.3220    1486.19    1485.07 0.0000e+00
       5667    268.000     7.8130     7.8117   3.618223   3.619582     2.0013 -9.990e-29      31.90 4.9475e-02 0.0000e+00    81.7824    5.14487    35.0266    35.0426    27.3231    1486.20    1485.07 0.0000e+00
       5690    269.000     7.8117     7.8105   3.618219   3.619575     2.0014    -0.0572      95.32 4.9463e-02 0.0000e+00    81.8524    5.14629    35.0274    35.0432    27.3239    1486.21    1485.08 0.0000e+00
       5713    270.000     7.8088     7.8077   3.618122   3.619477     2.0014    -0.0661      52.55 4.9469e-02 0.0000e+00    81.8297    5.15052    35.0288    35.0445    27.3254    1486.22    1485.08 0.0000e+00
       5737    271.000     7.8080     7.8066   3.618161   3.619517     2.0016    -0.0588      89.38 4.9468e-02 0.0000e+00    81.8451    5.15538    35.0295    35.0456    27.3261    1486.23    1485.09 0.0000e+00
       5760    272.000     7.8076     7.8063   3.618199   3.619555     2.0026    -0.0637      73.30 4.9505e-02 0.0000e+00    81.8543    5.16192    35.0299    35.0458    27.3264    1486.25    1485.09 0.0000e+00
       5783    273.000     7.8076     7.8062   3.618254   3.619606     2.0031    -0.0615      90.35 7.3461e-02 0.0000e+00    81.8807    5.16385    35.0300    35.0460    27.3265    1486.27    1485.10 0.0000e+00
       5807    274.000     7.8071     7.8057   3.618281   3.619641     2.0039    -0.0605      87.77 5.2003e-02 0.0000e+00    81.8847    5.16897    35.0303    35.0463    27.3268    1486.28    1485.10 0.0000e+00
       5830    275.000     7.8059     7.8046   3.618253   3.619610     2.0047    -0.0690      96.19 4.9495e-02 0.0000e+00    81.8598    5.16941    35.0307    35.0466    27.3273    1486.29    1485.10 0.0000e+00
       5853    276.000     7.8045     7.8032   3.618210   3.619569     2.0049    -0.0877      95.49 4.9500e-02 0.0000e+00    81.8767    5.16458    35.0311    35.0471    27.3279    1486.31    1485.11 0.0000e+00
       5876    277.000     7.8007     7.7999   3.618002   3.619375     2.0049    -0.0609      46.34 4.9474e-02 0.0000e+00    81.8833    5.16824    35.0322    35.0478    27.3293    1486.31    1485.11 0.0000e+00
       5900    278.000     7.7983     7.7970   3.617903   3.619271     2.0052    -0.0602      98.22 4.9487e-02 0.0000e+00    81.8897    5.17114    35.0331    35.0491    27.3303    1486.32    1485.12 0.0000e+00
       5923    279.000     7.7984     7.7970   3.618000   3.619354     2.0054    -0.0823      71.82 4.9491e-02 0.0000e+00    81.8579    5.17020    35.0335    35.0495    27.3306    1486.33    1485.12 0.0000e+00
       5947    280.000     7.7981     7.7968   3.618046   3.619402     2.0057    -0.0889      98.10 4.9475e-02 0.0000e+00    81.8612    5.17277    35.0339    35.0498    27.3309    1486.35    1485.13 0.0000e+00
       5970    281.000     7.7974     7.7961   3.618052   3.619410     2.0057    -0.0749      69.61 4.9468e-02 0.0000e+00    81.8694    5.17366    35.0341    35.0501    27.3313    1486.36    1485.13 0.0000e+00
       5994    282.000     7.7961     7.7948   3.618028   3.619381     2.0063    -0.0704      71.58 4.9469e-02 0.0000e+00    81.8734    5.18126    35.0347    35.0506    27.3319    1486.38    1485.14 0.0000e+00
       6018    283.000     7.7952     7.7939   3.618029   3.619388     2.0067    -0.0762      75.53 4.9491e-02 0.0000e+00    81.8586    5.17915    35.0351    35.0511    27.3324    1486.39    1485.14 0.0000e+00
       6041    284.000     7.7939     7.7927   3.618001   3.619366     2.0068    -0.0812      90.33 4.9485e-02 0.0000e+00    81.8758    5.17601    35.0356    35.0516    27.3330    1486.40    1485.14 0.0000e+00
       6065    285.000     7.7936     7.7922   3.618035   3.619406     2.0064    -0.0598      74.61 4.9457e-02 0.0000e+00    81.8677    5.17459    35.0358    35.0520    27.3331    1486.42    1485.15 0.0000e+00
       6089    286.000     7.7935     7.7921   3.618081   3.619442     2.0066    -0.0571      98.30 1.0123e-01 0.0000e+00    81.8536    5.18210    35.0359    35.0520    27.3332    1486.43    1485.15 0.0000e+00
       6112    287.000     7.7929     7.7916   3.618094   3.619449     2.0071    -0.0558      98.37 4.9525e-02 0.0000e+00    81.8563    5.18502    35.0362    35.0521    27.3335    1486.45    1485.16 0.0000e+00
       6136    288.000     7.7902     7.7890   3.617968   3.619312     2.0074    -0.0558      41.07 4.9500e-02 0.0000e+00    81.8739    5.18413    35.0371    35.0528    27.3346    1486.46    1485.16 0.0000e+00
       6160    289.000     7.7888     7.7874   3.617942   3.619301     2.0074    -0.0558      94.61 4.9497e-02 0.0000e+00    81.8866    5.18633    35.0377    35.0538    27.3353    1486.47    1485.17 0.0000e+00
       6184    290.000     7.7876     7.7862   3.617897   3.619250     2.0077    -0.0558      61.99 7.3776e-02 0.0000e+00    81.8748    5.18657    35.0379    35.0539    27.3357    1486.48    1485.17 0.0000e+00
       6207    291.000     7.7849     7.7836   3.617732   3.619075     2.0077    -0.0627      98.40 4.9743e-02 0.0000e+00    81.8693    5.18340    35.0384    35.0542    27.3364    1486.49    1485.18 0.0000e+00
       6231    292.000     7.7831     7.7818   3.617652   3.619001     2.0073    -0.0624      77.11 4.9481e-02 0.0000e+00    81.8806    5.18364    35.0388    35.0547    27.3371    1486.50    1485.18 0.0000e+00
       6255    293.000     7.7819     7.7806   3.617630   3.618980     2.0074    -0.0622      97.86 4.9485e-02 0.0000e+00    81.8354    5.18866    35.0393    35.0552    27.3376    1486.51    1485.18 0.0000e+00
       6279    294.000     7.7805     7.7793   3.617581   3.618938     2.0075    -0.0606      92.23 4.9497e-02 0.0000e+00    81.8853    5.18859    35.0397    35.0555    27.3381    1486.52    1485.19 0.0000e+00
       6302    295.000     7.7791     7.7779   3.617521   3.618880     2.0076    -0.0625      39.64 4.9485e-02 0.0000e+00    81.8311    5.19185    35.0400    35.0558    27.3385    1486.53    1485.19 0.0000e+00
       6326    296.000     7.7775     7.7762   3.617477   3.618830     2.0079    -0.0618      86.40 4.9480e-02 0.0000e+00    81.8727    5.19403    35.0406    35.0565    27.3393    1486.54    1485.20 0.0000e+00
       6350    297.000     7.7768     7.7755   3.617493   3.618851     2.0080    -0.0691      64.99 4.9481e-02 0.0000e+00    81.8639    5.18989    35.0410    35.0570    27.3397    1486.56    1485.20 0.0000e+00
       6374    298.000     7.7733     7.7723   3.617296   3.618645     2.0077    -0.0906      89.95 4.9480e-02 0.0000e+00    81.8650    5.19022    35.0419    35.0575    27.3409    1486.56    1485.21 0.0000e+00
       6398    299.000     7.7674     7.7663   3.616918   3.618287     2.0076    -0.0647      88.31 4.9497e-02 0.0000e+00    81.8605    5.19201    35.0433    35.0591    27.3429    1486.56    1485.21 0.0000e+00
       6422    300.000     7.7648     7.7636   3.616784   3.618144     2.0075    -0.0595      98.83 4.9468e-02 0.0000e+00    81.8462    5.19437    35.0439    35.0598    27.3438    1486.57    1485.22 0.0000e+00
       6446    301.000     7.7637     7.7624   3.616745   3.618101     2.0077    -0.0930      61.53 4.9491e-02 0.0000e+00    81.8027    5.19273    35.0441    35.0601    27.3441    1486.58    1485.22 0.0000e+00
       6470    302.000     7.7634     7.7622   3.616813   3.618161     2.0073    -0.0682      99.51 4.9456e-02 0.0000e+00    81.8213    5.19089    35.0447    35.0604    27.3446    1486.59    1485.23 0.0000e+00
       6494    303.000     7.7623     7.7610   3.616762   3.618125     2.0070    -0.0659      88.52 4.9484e-02 0.0000e+00    81.8114    5.19320    35.0447    35.0608    27.3448    1486.61    1485.23 0.0000e+00
       6518    304.000     7.7616     7.7603   3.616784   3.618131     2.0070    -0.0632      98.64 4.9468e-02 0.0000e+00    81.8184    5.19482    35.0452    35.0610    27.3453    1486.62    1485.23 0.0000e+00
       6542    305.000     7.7615     7.7602   3.616820   3.618168     2.0071    -0.0612      98.52 4.9474e-02 0.0000e+00    81.7793    5.19487    35.0452    35.0611    27.3453    1486.64    1485.24 0.0000e+00
       6566    306.000     7.7600     7.7587   3.616759   3.618108     2.0068    -0.0606      52.37 4.9497e-02 0.0000e+00    81.8242    5.19524    35.0456    35.0614    27.3458    1486.65    1485.24 0.0000e+00
       6590    307.000     7.7583     7.7571   3.616697   3.618053     2.0070    -0.0621      89.50 4.9468e-02 0.0000e+00    81.8345    5.19986    35.0461    35.0620    27.3465    1486.66    1485.25 0.0000e+00
       6614    308.000     7.7579     7.7565   3.616713   3.618062     2.0072    -0.0609      72.50 4.9496e-02 0.0000e+00    81.8283    5.20456    35.0462    35.0622    27.3466    1486.67    1485.25 0.0000e+00
       6638    309.000     7.7570     7.7558   3.616720   3.618067     2.0079    -0.0638      93.45 4.9463e-02 0.0000e+00    81.8198    5.20588    35.0467    35.0624    27.3471    1486.69    1485.26 0.0000e+00
       6662    310.000     7.7563     7.7551   3.616730   3.618076     2.0077    -0.0943      92.28 4.9492e-02 0.0000e+00    81.7894    5.20208    35.0470    35.0628    27.3475    1486.70    1485.26 0.0000e+00
       6686    311.000     7.7551     7.7539   3.616691   3.618051     2.0080    -0.0665      98.52 4.9478e-02 0.0000e+00    81.7919    5.20680    35.0473    35.0632    27.3479    1486.71    1485.27 0.0000e+00
       6710    312.000     7.7538     7.7526   3.616644   3.618003     2.0082    -0.0676      72.27 4.9480e-02 0.0000e+00    81.8200    5.20642    35.0476    35.0635    27.3483    1486.73    1485.27 0.0000e+00
       6734    313.000     7.7532     7.7518   3.616690   3.618027     2.0080    -0.0651      61.22 4.9487e-02 0.0000e+00    81.8139    5.20268    35.0483    35.0641    27.3489    1486.74    1485.28 0.0000e+00
       6758    314.000     7.7526     7.7511   3.616687   3.618036     2.0079    -0.0608      34.01 4.9491e-02 0.0000e+00    81.8226    5.20518    35.0483    35.0644    27.3490    1486.76    1485.28 0.0000e+00
       6782    315.000     7.7513     7.7500   3.616633   3.617993     2.0079    -0.0838      92.44 4.9472e-02 0.0000e+00    81.8179    5.20856    35.0486    35.0646    27.3494    1486.77    1485.29 0.0000e+00
       6806    316.000     7.7501     7.7489   3.616624   3.617967     2.0080    -0.0897      90.48 4.9485e-02 0.0000e+00    81.8111    5.20482    35.0492    35.0649    27.3501    1486.78    1485.29 0.0000e+00
       6830    317.000     7.7486     7.7473   3.616546   3.617898     2.0077 -9.990e-29      46.06 4.9474e-02 0.0000e+00    81.7892    5.20825    35.0494    35.0653    27.3505    1486.79    1485.30 0.0000e+00
