_data/ctd/2022603/sta0180.cnv
* Sea-Bird SBE 9 Data File:
* FileName = C:\Seabird\CTDData\sta0180.hex
* Software Version Seasave V 7.21f
* Temperature SN = 6264
* Conductivity SN = 4928
* Number of Bytes Per Scan = 40
* Number of Voltage Words = 5
* Number of Scans Averaged by the Deck Unit = 1
* NMEA Latitude = 60 54.53 N
* NMEA Longitude = 004 41.43 E
* NMEA UTC (Time) = Feb 13 2022 08:45:00
* NMEA baud rate = 4800
** Ship: R/V "Kristine Bonnevie"
** Station: 0180
** Echodepth: 301
** Log: 0554.533
** Wind-Dir/Force: 22 29
** Air-temp (dry): 6.5
** Weather Sky:
** Sea:
# nquan = 19                                
# nvalues = 290                         
# units = specified
# name 0 = scan: Scan Count
# name 1 = prDM: Pressure, Digiquartz [db]
# name 2 = t068C: Temperature [ITS-68, deg C]
# name 3 = t168C: Temperature, 2 [ITS-68, deg C]
# name 4 = c0S/m: Conductivity [S/m]
# name 5 = c1S/m: Conductivity, 2 [S/m]
# name 6 = sbeox0V: Oxygen raw, SBE 43 [V]
# name 7 = flECO-AFL: Fluorescence, WET Labs ECO-AFL/FL [mg/m^3]
# name 8 = altM: Altimeter [m]
# name 9 = par: PAR/Irradiance, Biospherical/Licor
# name 10 = spar: SPAR/Surface Irradiance
# name 11 = CStarTr0: Beam Transmission, WET Labs C-Star [%]
# name 12 = sbeox0ML/L: Oxygen, SBE 43 [ml/l], WS = 2
# name 13 = sal00: Salinity, Practical [PSU]
# name 14 = sal11: Salinity, Practical, 2 [PSU]
# name 15 = sigma-t00: Density [sigma-t, Kg/m^3 ]
# name 16 = svCM: Sound Velocity [Chen-Millero, m/s]
# name 17 = avgsvCM: Average Sound Velocity [Chen-Millero, m/s], minP = 1, minS = 5
# name 18 = flag: flag
# span 0 =        201,       7066       
# span 1 =      5.000,    294.000       
# span 2 =     6.5802,     8.2501       
# span 3 =     6.5785,     8.2486       
# span 4 =   3.244773,   3.646477       
# span 5 =   3.245851,   3.647872       
# span 6 =     2.1901,     2.5422       
# span 7 =    -0.0915,     0.2597       
# span 8 =       0.28,     102.87       
# span 9 = 4.9406e-02, 1.1821e+01       
# span 10 = 4.2494e+01, 5.6732e+01      
# span 11 =    80.0675,    81.4414      
# span 12 =    5.75933,    7.00317      
# span 13 =    32.2540,    34.9872      
# span 14 =    32.2669,    35.0035      
# span 15 =    25.3074,    27.2434      
# span 16 =    1473.79,    1487.80      
# span 17 =    1473.79,    1483.61      
# span 18 = 0.0000e+00, 0.0000e+00      
# interval = decibars: 1                
# start_time = Feb 13 2022 08:45:03 [System UTC, header]
# bad_flag = -9.990e-29
*END*
[from data line 77]
       2007     82.000     7.6802     7.6793   3.527359   3.528625     2.4379     0.0937      88.38 4.9505e-02 4.7968e+01    80.6431    6.50111    34.2682    34.2827    26.7463    1481.69    1477.57 0.0000e+00
       2043     83.000     7.6575     7.6572   3.525932   3.527283     2.4320 -9.990e-29      92.45 4.9491e-02 4.7968e+01    80.7027    6.46333    34.2746    34.2895    26.7547    1481.63    1477.62 0.0000e+00
       2074     84.000     7.6527     7.6516   3.525767   3.527065     2.4250 -9.990e-29      52.92 4.9514e-02 4.7968e+01    80.7244    6.44028    34.2771    34.2922    26.7573    1481.63    1477.66 0.0000e+00
       2098     85.000     7.6638     7.6616   3.528224   3.529508     2.4204 -9.990e-29      78.48 4.9502e-02 4.7968e+01    80.7103    6.43467    34.2922    34.3083    26.7676    1481.71    1477.71 0.0000e+00
       2119     86.000     7.6660     7.6644   3.529104   3.530388     2.4169 -9.990e-29      71.24 4.9496e-02 4.7968e+01    80.7188    6.43019    34.2991    34.3145    26.7727    1481.74    1477.76 0.0000e+00
       2142     87.000     7.6840     7.6732   3.531680   3.532276     2.4142 -9.990e-29      79.56 4.9469e-02 4.7968e+01    80.7259    6.42777    34.3087    34.3258    26.7776    1481.84    1477.80 0.0000e+00
       2165     88.000     7.7760     7.7606   3.541978   3.542353     2.4118 -9.990e-29      81.46 4.9469e-02 4.7968e+01    80.7183    6.41351    34.3287    34.3479    26.7799    1482.23    1477.85 0.0000e+00
       2190     89.000     7.8498     7.8442   3.550750   3.551949     2.4106     0.0615      66.28 4.9487e-02 4.7968e+01    80.7571    6.40811    34.3501    34.3685    26.7859    1482.56    1477.91 0.0000e+00
       2218     90.000     7.8575     7.8561   3.551915   3.553260     2.4091     0.0286      48.64 4.9490e-02 4.7968e+01    80.8130    6.38158    34.3545    34.3704    26.7883    1482.61    1477.96 0.0000e+00
       2246     91.000     7.8434     7.8467   3.550749   3.552365     2.4039     0.0190      75.67 4.9483e-02 4.7968e+01    80.8925    6.33697    34.3554    34.3695    26.7910    1482.57    1478.01 0.0000e+00
       2267     92.000     7.8142     7.8121   3.547886   3.549054     2.3983     0.0115      99.16 4.9470e-02 4.7968e+01    80.9417    6.31562    34.3528    34.3675    26.7933    1482.47    1478.06 0.0000e+00
       2283     93.000     7.8085     7.8098   3.547732   3.549229     2.3941     0.0066      74.49 4.9476e-02 4.7968e+01    80.9364    6.30088    34.3563    34.3711    26.7969    1482.47    1478.11 0.0000e+00
       2297     94.000     7.8083     7.8045   3.548753   3.549930     2.3902     0.0183      55.30 4.9513e-02 4.7968e+01    80.9259    6.29201    34.3670    34.3834    26.8053    1482.50    1478.15 0.0000e+00
       2310     95.000     7.8362     7.8343   3.552176   3.553861     2.3868     0.0150      74.47 4.9482e-02 4.7968e+01    80.9020    6.28802    34.3759    34.3959    26.8082    1482.63    1478.20 0.0000e+00
       2325     96.000     7.8464     7.8446   3.553531   3.554937     2.3843     0.0234      47.43 4.9478e-02 4.7968e+01    80.9000    6.29310    34.3800    34.3969    26.8099    1482.69    1478.25 0.0000e+00
       2351     97.000     7.8745     7.8745   3.556887   3.558521     2.3812     0.0212      79.41 4.9468e-02 4.7968e+01    80.8961    6.29453    34.3879    34.4055    26.8120    1482.83    1478.29 0.0000e+00
       2396     98.000     7.8910     7.8860   3.558911   3.559794     2.3772     0.0184      68.85 4.9480e-02 4.7968e+01    80.9567    6.28206    34.3929    34.4074    26.8135    1482.91    1478.34 0.0000e+00
       2428     99.000     7.9354     7.9279   3.564831   3.565943     2.3739    -0.0060      43.25 4.9487e-02 4.7968e+01    80.9556    6.26222    34.4124    34.4317    26.8222    1483.12    1478.39 0.0000e+00
       2450    100.000     8.0133     8.0078   3.576872   3.578107     2.3720    -0.0127      97.97 4.9453e-02 4.7968e+01    80.9710    6.24928    34.4644    34.4830    26.8515    1483.50    1478.44 0.0000e+00
       2470    101.000     8.0334     8.0304   3.580514   3.581856     2.3708    -0.0160      51.65 4.9498e-02 4.7968e+01    81.0552    6.24671    34.4831    34.5005    26.8632    1483.61    1478.49 0.0000e+00
       2488    102.000     8.0640     8.0597   3.585584   3.586900     2.3699    -0.0145      59.60 4.9463e-02 4.7968e+01    81.0923    6.22828    34.5068    34.5252    26.8772    1483.77    1478.54 0.0000e+00
       2505    103.000     8.0957     8.0921   3.590056   3.591289     2.3673    -0.0159      92.20 4.9464e-02 4.7968e+01    81.1267    6.19750    34.5230    34.5397    26.8852    1483.93    1478.59 0.0000e+00
       2522    104.000     8.0983     8.0960   3.590927   3.592222     2.3642    -0.0295      91.58 4.9500e-02 4.7968e+01    81.1576    6.17642    34.5293    34.5454    26.8897    1483.96    1478.65 0.0000e+00
       2543    105.000     8.0909     8.0899   3.590307   3.591676     2.3593    -0.0433      84.62 4.9484e-02 4.7968e+01    81.2149    6.14737    34.5294    34.5451    26.8909    1483.95    1478.70 0.0000e+00
       2572    106.000     8.0890     8.0877   3.590173   3.591548     2.3506    -0.0447      65.77 4.9479e-02 4.7968e+01    81.2387    6.11513    34.5294    34.5454    26.8912    1483.96    1478.75 0.0000e+00
       2600    107.000     8.0884     8.0870   3.590139   3.591498     2.3437    -0.0337      84.06 4.9494e-02 4.7968e+01    81.2263    6.10948    34.5291    34.5451    26.8911    1483.98    1478.79 0.0000e+00
       2621    108.000     8.0884     8.0876   3.590554   3.592165     2.3395    -0.0162      72.76 4.9472e-02 4.7968e+01    81.2650    6.10332    34.5331    34.5511    26.8942    1484.00    1478.84 0.0000e+00
       2642    109.000     8.0926     8.0907   3.592386   3.593690     2.3357    -0.0413      87.60 4.9508e-02 4.7968e+01    81.2179    6.10006    34.5481    34.5639    26.9053    1484.05    1478.89 0.0000e+00
       2666    110.000     8.0847     8.0845   3.592406   3.593768     2.3326    -0.0460      89.68 4.9474e-02 4.7968e+01    81.2518    6.10227    34.5556    34.5704    26.9124    1484.04    1478.94 0.0000e+00
       2688    111.000     8.0818     8.0818   3.592620   3.593950     2.3308    -0.0498      66.90 4.9481e-02 4.7969e+01    81.2430    6.09900    34.5603    34.5745    26.9165    1484.05    1478.98 0.0000e+00
       2708    112.000     8.0867     8.0847   3.593994   3.595332     2.3283    -0.0436      47.36 4.9460e-02 4.8322e+01    81.2311    6.09072    34.5697    34.5860    26.9232    1484.10    1479.03 0.0000e+00
       2728    113.000     8.0729     8.0722   3.593690   3.595032     2.3267    -0.0467      89.46 4.9474e-02 -9.990e-29    81.2137    6.09455    34.5796    34.5946    26.9330    1484.08    1479.07 0.0000e+00
       2748    114.000     8.1190     8.1188   3.599413   3.601322     2.3252    -0.0461      53.03 4.9471e-02 -9.990e-29    81.2039    6.08789    34.5948    34.6155    26.9381    1484.29    1479.12 0.0000e+00
       2772    115.000     8.1543     8.1507   3.604001   3.605341     2.3244    -0.0463      59.38 4.9487e-02 -9.990e-29    81.2027    6.08646    34.6086    34.6265    26.9435    1484.45    1479.16 0.0000e+00
       2799    116.000     8.1703     8.1689   3.606887   3.608273     2.3236    -0.0460      84.11 4.9484e-02 -9.990e-29    81.2099    6.08012    34.6232    34.6394    26.9526    1484.55    1479.21 0.0000e+00
       2827    117.000     8.1793     8.1773   3.608573   3.609978     2.3219    -0.0468      81.51 4.9475e-02 -9.990e-29    81.2415    6.06109    34.6318    34.6488    26.9580    1484.61    1479.26 0.0000e+00
       2853    118.000     8.1932     8.1905   3.610674   3.612018     2.3190    -0.0470      20.93 4.9486e-02 -9.990e-29    81.2425    6.04119    34.6401    34.6571    26.9624    1484.69    1479.30 0.0000e+00
       2875    119.000     8.1943     8.1932   3.611335   3.612695     2.3163    -0.0604      87.85 4.9481e-02 -9.990e-29    81.2571    6.03253    34.6456    34.6612    26.9665    1484.72    1479.35 0.0000e+00
       2893    120.000     8.1952     8.1932   3.612213   3.613626     2.3143    -0.0615      68.43 4.9465e-02 -9.990e-29    81.2984    6.02405    34.6536    34.6706    26.9727    1484.74    1479.39 0.0000e+00
       2909    121.000     8.1987     8.1967   3.613187   3.614527     2.3119 -9.990e-29      39.39 4.9483e-02 -9.990e-29    81.3011    6.01642    34.6600    34.6763    26.9772    1484.78    1479.44 0.0000e+00
       2925    122.000     8.2034     8.2004   3.615603   3.616894     2.3102 -9.990e-29      76.13 4.9472e-02 -9.990e-29    81.3003    6.01230    34.6807    34.6975    26.9927    1484.84    1479.48 0.0000e+00
       2946    123.000     8.2209     8.2187   3.620724   3.622143     2.3075 -9.990e-29      80.01 4.9504e-02 -9.990e-29    81.3201    6.00076    34.7176    34.7349    27.0190    1484.97    1479.52 0.0000e+00
       2981    124.000     8.2249     8.2234   3.621861   3.623208     2.3040 -9.990e-29      80.01 4.9487e-02 -9.990e-29    81.3244    5.99384    34.7253    34.7412    27.0245    1485.01    1479.57 0.0000e+00
       3012    125.000     8.2327     8.2306   3.623656   3.625076     2.3006 -9.990e-29      46.56 4.9470e-02 5.0570e+01    81.3199    5.97598    34.7363    34.7535    27.0319    1485.07    1479.61 0.0000e+00
       3030    126.000     8.2495     8.2469   3.626028   3.627383     2.2985 -9.990e-29      84.22 4.9514e-02 5.1982e+01    81.3235    5.96284    34.7445    34.7615    27.0358    1485.16    1479.66 0.0000e+00
       3045    127.000     8.2469     8.2458   3.626672   3.628017     2.2961 -9.990e-29      98.43 4.9475e-02 5.1965e+01    81.3611    5.95058    34.7534    34.7689    27.0432    1485.18    1479.70 0.0000e+00
       3061    128.000     8.2457     8.2440   3.627165   3.628500     2.2936 -9.990e-29      64.47 4.9478e-02 5.2082e+01    81.3667    5.94122    34.7594    34.7753    27.0481    1485.20    1479.74 0.0000e+00
       3081    129.000     8.2451     8.2435   3.627401   3.628761     2.2904 -9.990e-29      51.37 4.9492e-02 5.6732e+01    81.3230    5.93620    34.7620    34.7781    27.0502    1485.21    1479.79 0.0000e+00
       3103    130.000     8.2448     8.2432   3.627749   3.629084     2.2875 -9.990e-29      74.89 4.9493e-02 5.2398e+01    81.3427    5.93338    34.7656    34.7814    27.0530    1485.23    1479.83 0.0000e+00
       3124    131.000     8.2450     8.2435   3.628127   3.629503     2.2853 -9.990e-29      79.89 4.9488e-02 5.0384e+01    81.3767    5.92636    34.7689    34.7851    27.0556    1485.26    1479.87 0.0000e+00
       3146    132.000     8.2414     8.2404   3.628468   3.629814     2.2823 -9.990e-29      80.01 4.9462e-02 5.0850e+01    81.3644    5.92068    34.7756    34.7910    27.0615    1485.27    1479.91 0.0000e+00
       3178    133.000     8.2405     8.2389   3.628620   3.629993     2.2800 -9.990e-29      66.85 4.9478e-02 5.1768e+01    81.3656    5.92690    34.7777    34.7939    27.0632    1485.28    1479.95 0.0000e+00
       3219    134.000     8.2382     8.2368   3.628693   3.630057     2.2777    -0.0603      75.30 4.9465e-02 5.1975e+01    81.3596    5.92119    34.7802    34.7962    27.0656    1485.29    1479.99 0.0000e+00
       3247    135.000     8.2346     8.2335   3.628725   3.630095     2.2764    -0.0616      28.78 4.9486e-02 5.1965e+01    81.3713    5.92065    34.7837    34.7994    27.0688    1485.30    1480.03 0.0000e+00
       3264    136.000     8.2321     8.2309   3.628728   3.630104     2.2758    -0.0615      85.44 4.9491e-02 5.1965e+01    81.4030    5.91687    34.7857    34.8016    27.0708    1485.31    1480.07 0.0000e+00
       3278    137.000     8.2291     8.2280   3.628765   3.630139     2.2747    -0.0588      31.55 4.9471e-02 5.1965e+01    81.4025    5.91211    34.7886    34.8043    27.0735    1485.32    1480.10 0.0000e+00
       3291    138.000     8.2276     8.2261   3.628852   3.630217     2.2738    -0.0687      72.05 4.9482e-02 5.1965e+01    81.4164    5.90956    34.7905    34.8066    27.0752    1485.33    1480.14 0.0000e+00
       3304    139.000     8.2274     8.2257   3.629038   3.630397     2.2732    -0.0636      99.28 4.9493e-02 5.1965e+01    81.4126    5.90905    34.7922    34.8084    27.0766    1485.35    1480.18 0.0000e+00
       3317    140.000     8.2261     8.2249   3.629286   3.630670     2.2723    -0.0633      78.47 4.9437e-02 5.1965e+01    81.4190    5.90559    34.7957    34.8116    27.0795    1485.37    1480.22 0.0000e+00
       3328    141.000     8.2185     8.2182   3.628847   3.630306     2.2715    -0.0617      56.56 4.9496e-02 5.1965e+01    81.4336    5.90629    34.7980    34.8139    27.0825    1485.36    1480.25 0.0000e+00
       3342    142.000     8.2299     8.2286   3.631105   3.632732     2.2708    -0.0644      94.48 4.9498e-02 5.1965e+01    81.4325    5.90661    34.8104    34.8290    27.0905    1485.43    1480.29 0.0000e+00
       3403    143.000     8.2335     8.2303   3.631696   3.632666     2.2699    -0.0611      97.96 4.9473e-02 5.1965e+01    81.4414    5.91182    34.8126    34.8261    27.0917    1485.46    1480.33 0.0000e+00
       3444    144.000     8.2402     8.2374   3.633122   3.634339     2.2692    -0.0772      54.26 4.9517e-02 5.1965e+01    81.4126    5.91055    34.8207    34.8365    27.0970    1485.52    1480.36 0.0000e+00
       3463    145.000     8.2403     8.2388   3.633829   3.635219     2.2695    -0.0847      76.00 4.9508e-02 5.1965e+01    81.3930    5.91486    34.8277    34.8440    27.1025    1485.54    1480.40 0.0000e+00
       3479    146.000     8.2444     8.2413   3.634884   3.636129     2.2693    -0.0598      86.17 4.9448e-02 5.1965e+01    81.4185    5.91024    34.8344    34.8508    27.1071    1485.58    1480.43 0.0000e+00
       3496    147.000     8.2467     8.2445   3.635469   3.636805     2.2691    -0.0583      98.84 4.9474e-02 5.1965e+01    81.4226    5.90559    34.8379    34.8543    27.1095    1485.61    1480.47 0.0000e+00
       3511    148.000     8.2461     8.2446   3.635653   3.637075     2.2685    -0.0594      54.68 4.9485e-02 5.1965e+01    81.3913    5.89884    34.8399    34.8566    27.1112    1485.63    1480.50 0.0000e+00
       3526    149.000     8.2445     8.2422   3.635774   3.637106     2.2675    -0.0867      94.92 4.9485e-02 5.1965e+01    81.3731    5.89485    34.8423    34.8588    27.1134    1485.64    1480.54 0.0000e+00
       3542    150.000     8.2454     8.2436   3.636173   3.637550     2.2669    -0.0811      69.54 4.9482e-02 5.1965e+01    81.3643    5.89329    34.8452    34.8617    27.1155    1485.66    1480.57 0.0000e+00
       3558    151.000     8.2452     8.2435   3.636271   3.637639     2.2658    -0.0622      94.56 4.9501e-02 5.1965e+01    81.3658    5.88827    34.8460    34.8623    27.1161    1485.68    1480.60 0.0000e+00
       3577    152.000     8.2455     8.2438   3.636456   3.637842     2.2645    -0.0607      56.31 4.9483e-02 5.1965e+01    81.3697    5.88581    34.8472    34.8637    27.1170    1485.70    1480.64 0.0000e+00
       3595    153.000     8.2492     8.2473   3.637773   3.639228     2.2637    -0.0683      79.17 4.9504e-02 5.1965e+01    81.3696    5.88873    34.8571    34.8745    27.1242    1485.74    1480.67 0.0000e+00
       3613    154.000     8.2501     8.2484   3.638649   3.640029     2.2632    -0.0882      66.19 4.9516e-02 5.1965e+01    81.3531    5.88663    34.8651    34.8815    27.1303    1485.77    1480.70 0.0000e+00
       3633    155.000     8.2487     8.2471   3.638767   3.640144     2.2621    -0.0657      93.21 4.9492e-02 5.1965e+01    81.3332    5.88094    34.8672    34.8835    27.1322    1485.79    1480.74 0.0000e+00
       3673    156.000     8.2478     8.2459   3.638779   3.639941     2.2603    -0.0599      62.62 4.9481e-02 5.1965e+01    81.2912    5.87802    34.8678    34.8821    27.1328    1485.80    1480.77 0.0000e+00
