_data/ctd/2022603/sta0185.cnv
* Sea-Bird SBE 9 Data File:
* FileName = C:\Seabird\CTDData\2022603\sta0185.hex
* Software Version Seasave V 7.21f
* Temperature SN = 6264
* Conductivity SN = 4928
* Number of Bytes Per Scan = 40
* Number of Voltage Words = 5
* Number of Scans Averaged by the Deck Unit = 1
* NMEA Latitude = 61 12.19 N
* NMEA Longitude = 007 05.03 E
* NMEA UTC (Time) = Feb 14 2022 10:30:45
* NMEA baud rate = 4800
** Ship: R/V "Kristine Bonnevie"
** Station: 0185
** Echodepth: 260
** Log: 0722.513
** Wind-Dir/Force: 04 04
** Air-temp (dry): 2.7
** Weather Sky:
** Sea:
# nquan = 19                                
# nvalues = 248                         
# units = specified
# name 0 = scan: Scan Count
# name 1 = prDM: Pressure, Digiquartz [db]
# name 2 = t068C: Temperature [ITS-68, deg C]
# name 3 = t168C: Temperature, 2 [ITS-68, deg C]
# name 4 = c0S/m: Conductivity [S/m]
# name 5 = c1S/m: Conductivity, 2 [S/m]
# name 6 = sbeox0V: Oxygen raw, SBE 43 [V]
# name 7 = flECO-AFL: Fluorescence, WET Labs ECO-AFL/FL [mg/m^3]
# name 8 = altM: Altimeter [m]
# name 9 = par: PAR/Irradiance, Biospherical/Licor
# name 10 = spar: SPAR/Surface Irradiance
# name 11 = CStarTr0: Beam Transmission, WET Labs C-Star [%]
# name 12 = sbeox0ML/L: Oxygen, SBE 43 [ml/l], WS = 2
# name 13 = sal00: Salinity, Practical [PSU]
# name 14 = sal11: Salinity, Practical, 2 [PSU]
# name 15 = sigma-t00: Density [sigma-t, Kg/m^3 ]
# name 16 = svCM: Sound Velocity [Chen-Millero, m/s]
# name 17 = avgsvCM: Average Sound Velocity [Chen-Millero, m/s], minP = 1, minS = 5
# name 18 = flag: flag
# span 0 =        295,       5667       
# span 1 =      2.000,    249.000       
# span 2 =     4.3110,    10.1681       
# span 3 =     4.3119,    10.1671       
# span 4 =   2.598074,   3.654603       
# span 5 =   2.597518,   3.656248       
# span 6 =     1.3523,     2.4829       
# span 7 =    -0.0558,     0.9250       
# span 8 =      11.70,     100.27       
# span 9 = 4.9451e-02, 7.0439e+01       
# span 10 = 1.6589e+02, 1.7789e+02      
# span 11 =    74.7514,    80.9058      
# span 12 =    2.85407,    7.40484      
# span 13 =    26.7843,    34.1566      
# span 14 =    26.7830,    34.1729      
# span 15 =    21.2050,    26.5518      
# span 16 =    1458.15,    1488.96      
# span 17 =    1458.48,    1484.03      
# span 18 = 0.0000e+00, 0.0000e+00      
# interval = decibars: 1                
# start_time = Feb 14 2022 10:30:47 [System UTC, header]
# bad_flag = -9.990e-29
*END*
[from data line 77]
       2010     79.000     8.4396     8.4350   3.577288   3.578578     1.4409 -9.990e-29      98.76 4.9508e-02 1.6989e+02    77.1330    3.18341    34.0630    34.0811    26.4720    1484.26    1480.61 0.0000e+00
       2032     80.000     8.4552     8.4527   3.579264   3.580680     1.4456 -9.990e-29      98.46 4.9518e-02 1.6989e+02    77.2836    3.19254    34.0683    34.0858    26.4739    1484.34    1480.66 0.0000e+00
       2053     81.000     8.4540     8.4521   3.579525   3.580931     1.4499 -9.990e-29      52.21 4.9490e-02 1.6989e+02    77.4246    3.20924    34.0718    34.0885    26.4768    1484.35    1480.70 0.0000e+00
       2075     82.000     8.4556     8.4542   3.579927   3.581332     1.4550 -9.990e-29      76.45 4.9512e-02 1.6989e+02    77.5655    3.23903    34.0740    34.0903    26.4783    1484.38    1480.75 0.0000e+00
       2097     83.000     8.4465     8.4449   3.579235   3.580638     1.4612 -9.990e-29      63.94 4.9502e-02 1.6989e+02    77.7126    3.26979    34.0750    34.0914    26.4804    1484.36    1480.79 0.0000e+00
       2119     84.000     8.4473     8.4455   3.579564   3.580987     1.4682 -9.990e-29      66.00 4.9496e-02 1.6989e+02    77.8810    3.29532    34.0773    34.0941    26.4821    1484.39    1480.83 0.0000e+00
       2141     85.000     8.4425     8.4412   3.579374   3.580839     1.4748 -9.990e-29      86.38 4.9515e-02 1.6989e+02    78.0071    3.31200    34.0794    34.0962    26.4845    1484.39    1480.88 0.0000e+00
       2163     86.000     8.4499     8.4482   3.580548   3.581957     1.4809 -9.990e-29      38.84 4.9496e-02 1.6989e+02    78.2464    3.32146    34.0842    34.1008    26.4871    1484.44    1480.92 0.0000e+00
       2185     87.000     8.4466     8.4450   3.580410   3.581805     1.4856 -9.990e-29      86.57 4.9509e-02 1.6989e+02    78.4346    3.32624    34.0855    34.1018    26.4886    1484.44    1480.96 0.0000e+00
       2207     88.000     8.4431     8.4414   3.580189   3.581601     1.4897    -0.0337      46.75 4.9463e-02 1.6989e+02    78.6232    3.33652    34.0861    34.1027    26.4896    1484.45    1481.00 0.0000e+00
       2229     89.000     8.4400     8.4383   3.580054   3.581455     1.4937    -0.0323      90.42 4.9512e-02 1.6989e+02    78.8016    3.34730    34.0872    34.1036    26.4910    1484.45    1481.04 0.0000e+00
       2251     90.000     8.4395     8.4376   3.580323   3.581734     1.4973    -0.0330      72.26 4.9499e-02 1.6989e+02    78.9902    3.35198    34.0900    34.1068    26.4933    1484.47    1481.07 0.0000e+00
       2272     91.000     8.4400     8.4381   3.580603   3.582004     1.4996    -0.0369      92.42 4.9515e-02 1.6989e+02    79.1445    3.34678    34.0920    34.1087    26.4948    1484.49    1481.11 0.0000e+00
       2294     92.000     8.4427     8.4408   3.581027   3.582420     1.5013    -0.0359      77.24 4.9505e-02 1.6989e+02    79.3126    3.34529    34.0934    34.1100    26.4955    1484.52    1481.15 0.0000e+00
       2315     93.000     8.4415     8.4397   3.581095   3.582494     1.5020    -0.0361      97.06 4.9502e-02 1.6989e+02    79.5206    3.34060    34.0948    34.1114    26.4968    1484.53    1481.19 0.0000e+00
       2337     94.000     8.4335     8.4324   3.580424   3.581823     1.5026    -0.0405      90.54 4.9492e-02 1.6989e+02    79.7072    3.34223    34.0950    34.1109    26.4981    1484.52    1481.22 0.0000e+00
       2358     95.000     8.4284     8.4269   3.580099   3.581528     1.5030    -0.0419      97.58 4.9527e-02 1.6989e+02    79.9277    3.34277    34.0960    34.1126    26.4997    1484.52    1481.26 0.0000e+00
       2380     96.000     8.4219     8.4207   3.579552   3.580956     1.5034    -0.0381      92.55 4.9499e-02 1.6989e+02    80.1518    3.34302    34.0960    34.1121    26.5007    1484.51    1481.29 0.0000e+00
       2401     97.000     8.4205     8.4187   3.579522   3.580926     1.5035    -0.0496      37.85 4.9485e-02 1.6989e+02    80.3719    3.33922    34.0966    34.1132    26.5013    1484.52    1481.32 0.0000e+00
       2423     98.000     8.4196     8.4179   3.579513   3.580920     1.5030    -0.0413      99.33 4.9534e-02 1.6989e+02    80.6097    3.33246    34.0969    34.1135    26.5017    1484.54    1481.36 0.0000e+00
       2444     99.000     8.4176     8.4158   3.579471   3.580871     1.5022    -0.0418      47.14 4.9498e-02 1.6989e+02    80.7550    3.33039    34.0979    34.1145    26.5028    1484.55    1481.39 0.0000e+00
       2465    100.000     8.4169     8.4152   3.579516   3.580916     1.5017    -0.0448      98.67 4.9540e-02 1.6989e+02    80.8596    3.33098    34.0986    34.1151    26.5035    1484.56    1481.42 0.0000e+00
       2487    101.000     8.4171     8.4152   3.579611   3.581004     1.5012    -0.0475      63.07 4.9519e-02 1.6990e+02    80.8896    3.33255    34.0989    34.1156    26.5037    1484.58    1481.45 0.0000e+00
       2508    102.000     8.4165     8.4149   3.579644   3.581037     1.5010    -0.0470      98.88 4.9512e-02 1.7177e+02    80.8699    3.33047    34.0994    34.1157    26.5041    1484.59    1481.48 0.0000e+00
       2530    103.000     8.4160     8.4141   3.579659   3.581057     1.5005    -0.0460      98.68 4.9527e-02 1.7189e+02    80.8683    3.32468    34.0996    34.1162    26.5044    1484.61    1481.51 0.0000e+00
       2551    104.000     8.4151     8.4134   3.579688   3.581081     1.4993    -0.0475      62.29 4.9505e-02 1.7189e+02    80.9002    3.31685    34.1003    34.1167    26.5051    1484.62    1481.54 0.0000e+00
       2572    105.000     8.4150     8.4132   3.579777   3.581163     1.4982    -0.0443      66.48 4.9490e-02 1.7189e+02    80.9058    3.31239    34.1009    34.1173    26.5055    1484.64    1481.57 0.0000e+00
       2594    106.000     8.4160     8.4140   3.579985   3.581371     1.4968    -0.0470      44.81 4.9492e-02 1.7189e+02    80.8599    3.30749    34.1016    34.1182    26.5060    1484.66    1481.60 0.0000e+00
       2615    107.000     8.4165     8.4146   3.580142   3.581530     1.4954    -0.0446      77.23 4.9485e-02 1.7189e+02    80.8250    3.30417    34.1023    34.1189    26.5064    1484.68    1481.63 0.0000e+00
       2636    108.000     8.4168     8.4150   3.580259   3.581661     1.4944    -0.0456      81.66 4.9515e-02 1.7189e+02    80.7644    3.29988    34.1028    34.1194    26.5068    1484.70    1481.66 0.0000e+00
       2658    109.000     8.4164     8.4148   3.580296   3.581696     1.4927    -0.0395      80.36 4.9485e-02 1.7189e+02    80.6421    3.28911    34.1031    34.1195    26.5071    1484.71    1481.68 0.0000e+00
       2679    110.000     8.4144     8.4128   3.580164   3.581554     1.4906    -0.0446      85.84 4.9512e-02 1.7189e+02    80.6431    3.28460    34.1032    34.1195    26.5074    1484.72    1481.71 0.0000e+00
       2700    111.000     8.4139     8.4121   3.580154   3.581553     1.4896    -0.0402      80.11 4.9478e-02 1.7189e+02    80.6488    3.29053    34.1031    34.1196    26.5074    1484.74    1481.74 0.0000e+00
       2722    112.000     8.4135     8.4117   3.580223   3.581621     1.4886    -0.0428      98.34 4.9509e-02 1.7189e+02    80.6520    3.28463    34.1037    34.1203    26.5080    1484.75    1481.77 0.0000e+00
       2743    113.000     8.4142     8.4124   3.580453   3.581852     1.4872    -0.0398      58.46 4.9512e-02 1.7189e+02    80.6371    3.28139    34.1050    34.1216    26.5089    1484.77    1481.79 0.0000e+00
       2764    114.000     8.4136     8.4119   3.580533   3.581930     1.4866    -0.0473      66.50 4.9519e-02 1.7189e+02    80.6245    3.28287    34.1060    34.1224    26.5097    1484.79    1481.82 0.0000e+00
       2786    115.000     8.4128     8.4110   3.580550   3.581947     1.4853    -0.0476      74.28 4.9521e-02 1.7189e+02    80.6494    3.27567    34.1065    34.1230    26.5102    1484.80    1481.84 0.0000e+00
       2807    116.000     8.4118     8.4100   3.580537   3.581938     1.4844    -0.0442      74.83 4.9512e-02 1.7189e+02    80.6468    3.28118    34.1068    34.1234    26.5107    1484.81    1481.87 0.0000e+00
       2828    117.000     8.4108     8.4091   3.580539   3.581941     1.4843    -0.0451      98.40 4.9525e-02 1.7189e+02    80.6058    3.28511    34.1073    34.1238    26.5112    1484.83    1481.90 0.0000e+00
       2849    118.000     8.4096     8.4078   3.580529   3.581931     1.4841    -0.0464      27.67 4.9505e-02 1.7189e+02    80.5661    3.28213    34.1079    34.1245    26.5119    1484.84    1481.92 0.0000e+00
       2870    119.000     8.4107     8.4088   3.580769   3.582170     1.4837    -0.0275     100.27 4.9498e-02 1.7189e+02    80.5420    3.27815    34.1089    34.1256    26.5125    1484.86    1481.95 0.0000e+00
       2892    120.000     8.4121     8.4102   3.581008   3.582406     1.4827    -0.0228      51.27 4.9521e-02 1.7189e+02    80.5129    3.26836    34.1096    34.1263    26.5128    1484.89    1481.97 0.0000e+00
       2913    121.000     8.4133     8.4114   3.581230   3.582620     1.4815    -0.0456      96.48 4.9512e-02 1.7189e+02    80.3805    3.26378    34.1103    34.1269    26.5132    1484.91    1481.99 0.0000e+00
       2934    122.000     8.4137     8.4119   3.581350   3.582739     1.4802    -0.0481      30.45 4.9492e-02 1.7189e+02    80.3759    3.26754    34.1108    34.1272    26.5135    1484.93    1482.02 0.0000e+00
       2955    123.000     8.4150     8.4130   3.581573   3.582965     1.4804    -0.0461      63.24 4.9508e-02 1.7189e+02    80.4313    3.28494    34.1114    34.1281    26.5138    1484.95    1482.04 0.0000e+00
       2977    124.000     8.4141     8.4126   3.581584   3.582979     1.4816    -0.0466      44.84 4.9492e-02 1.7189e+02    80.5175    3.29049    34.1119    34.1281    26.5143    1484.96    1482.07 0.0000e+00
       2998    125.000     8.4142     8.4124   3.581706   3.583114     1.4820    -0.0480      69.28 4.9538e-02 1.7189e+02    80.6120    3.28869    34.1126    34.1293    26.5149    1484.98    1482.09 0.0000e+00
       3019    126.000     8.4147     8.4128   3.581878   3.583266     1.4827    -0.0477      49.88 4.9505e-02 1.7189e+02    80.6298    3.28910    34.1135    34.1300    26.5155    1485.00    1482.11 0.0000e+00
       3040    127.000     8.4152     8.4135   3.582046   3.583442     1.4828    -0.0501      77.23 4.9465e-02 1.7189e+02    80.6214    3.28681    34.1143    34.1308    26.5160    1485.02    1482.13 0.0000e+00
       3061    128.000     8.4135     8.4117   3.581915   3.583295     1.4829    -0.0518      55.30 4.9479e-02 1.7189e+02    80.6473    3.28886    34.1141    34.1305    26.5161    1485.03    1482.16 0.0000e+00
       3082    129.000     8.4114     8.4097   3.581792   3.583191     1.4832    -0.0499      81.18 4.9492e-02 1.7189e+02    80.6302    3.28724    34.1144    34.1308    26.5167    1485.04    1482.18 0.0000e+00
       3103    130.000     8.4111     8.4094   3.581845   3.583252     1.4827    -0.0446      59.36 4.9485e-02 1.7189e+02    80.5993    3.28163    34.1147    34.1313    26.5170    1485.05    1482.20 0.0000e+00
       3124    131.000     8.4119     8.4101   3.582001   3.583391     1.4823 -9.990e-29      87.76 4.9481e-02 1.7189e+02    80.6309    3.28137    34.1152    34.1316    26.5172    1485.07    1482.22 0.0000e+00
       3144    132.000     8.4135     8.4117   3.582254   3.583656     1.4820 -9.990e-29      62.57 4.9512e-02 1.7189e+02    80.6079    3.27807    34.1158    34.1324    26.5175    1485.10    1482.24 0.0000e+00
       3165    133.000     8.4118     8.4101   3.582187   3.583581     1.4814 -9.990e-29      97.69 4.9505e-02 1.7189e+02    80.5953    3.27949    34.1163    34.1327    26.5181    1485.11    1482.27 0.0000e+00
       3186    134.000     8.4108     8.4092   3.582188   3.583590     1.4812 -9.990e-29      38.06 4.9492e-02 1.7189e+02    80.5837    3.28062    34.1168    34.1332    26.5186    1485.12    1482.29 0.0000e+00
       3207    135.000     8.4085     8.4069   3.582073   3.583458     1.4810 -9.990e-29      91.52 4.9498e-02 1.7189e+02    80.6107    3.28080    34.1173    34.1335    26.5194    1485.13    1482.31 0.0000e+00
       3228    136.000     8.4080     8.4062   3.582123   3.583518     1.4809 -9.990e-29      46.63 4.9512e-02 1.7189e+02    80.6183    3.28371    34.1179    34.1344    26.5199    1485.14    1482.33 0.0000e+00
       3249    137.000     8.4084     8.4066   3.582235   3.583639     1.4811 -9.990e-29      87.10 4.9505e-02 1.7189e+02    80.5592    3.28665    34.1182    34.1348    26.5201    1485.16    1482.35 0.0000e+00
       3269    138.000     8.4080     8.4063   3.582291   3.583689     1.4811 -9.990e-29      98.42 4.9502e-02 1.7189e+02    80.5960    3.28302    34.1187    34.1352    26.5206    1485.18    1482.37 0.0000e+00
       3290    139.000     8.4073     8.4057   3.582299   3.583696     1.4808 -9.990e-29      97.03 4.9505e-02 1.7189e+02    80.6010    3.28049    34.1190    34.1353    26.5209    1485.19    1482.39 0.0000e+00
       3310    140.000     8.4050     8.4034   3.582148   3.583541     1.4806    -0.0531      96.27 4.9522e-02 1.7189e+02    80.6238    3.28053    34.1191    34.1355    26.5214    1485.20    1482.41 0.0000e+00
       3331    141.000     8.4034     8.4018   3.582118   3.583511     1.4801    -0.0390      43.32 4.9498e-02 1.7189e+02    80.6606    3.27508    34.1199    34.1362    26.5222    1485.21    1482.43 0.0000e+00
       3352    142.000     8.4032     8.4014   3.582155   3.583557     1.4795    -0.0512      88.99 4.9522e-02 1.7189e+02    80.6770    3.27727    34.1200    34.1366    26.5223    1485.23    1482.45 0.0000e+00
       3372    143.000     8.4030     8.4012   3.582205   3.583592     1.4793    -0.0475      18.01 4.9492e-02 1.7189e+02    80.6926    3.27961    34.1203    34.1367    26.5226    1485.24    1482.47 0.0000e+00
       3393    144.000     8.4024     8.4007   3.582275   3.583669     1.4792    -0.0542      65.49 4.9515e-02 1.7213e+02    80.6909    3.27701    34.1211    34.1375    26.5233    1485.26    1482.49 0.0000e+00
       3413    145.000     8.4031     8.4013   3.582437   3.583838     1.4786    -0.0473      76.14 4.9518e-02 1.7387e+02    80.6652    3.26841    34.1217    34.1383    26.5237    1485.28    1482.51 0.0000e+00
       3433    146.000     8.4054     8.4035   3.582800   3.584192     1.4775    -0.0456      64.58 4.9509e-02 1.7388e+02    80.6474    3.26418    34.1228    34.1394    26.5242    1485.30    1482.53 0.0000e+00
       3454    147.000     8.4070     8.4051   3.583085   3.584479     1.4766    -0.0447      34.53 4.9499e-02 1.7388e+02    80.5900    3.26095    34.1238    34.1405    26.5248    1485.33    1482.55 0.0000e+00
       3474    148.000     8.4048     8.4035   3.582926   3.584330     1.4755    -0.0471      81.77 4.9522e-02 1.7388e+02    80.6167    3.25501    34.1238    34.1400    26.5251    1485.34    1482.56 0.0000e+00
       3495    149.000     8.4013     8.3996   3.582668   3.584067     1.4743    -0.0513      98.90 4.9508e-02 1.7388e+02    80.5865    3.25042    34.1240    34.1405    26.5258    1485.34    1482.58 0.0000e+00
       3515    150.000     8.4007     8.3990   3.582706   3.584108     1.4727    -0.0486      88.46 4.9492e-02 1.7388e+02    80.5815    3.24949    34.1245    34.1410    26.5263    1485.35    1482.60 0.0000e+00
       3536    151.000     8.4002     8.3984   3.582757   3.584152     1.4720    -0.0485      30.80 4.9552e-02 1.7388e+02    80.5500    3.24467    34.1251    34.1416    26.5268    1485.37    1482.62 0.0000e+00
       3557    152.000     8.4000     8.3982   3.582806   3.584206     1.4704    -0.0484      89.18 4.9525e-02 1.7388e+02    80.4874    3.23355    34.1253    34.1419    26.5270    1485.39    1482.64 0.0000e+00
       3578    153.000     8.3997     8.3980   3.582864   3.584254     1.4683    -0.0530      46.22 4.9492e-02 1.7388e+02    80.4168    3.22487    34.1257    34.1421    26.5274    1485.40    1482.66 0.0000e+00
