_data/ctd/2022603/sta0215.cnv
* Sea-Bird SBE 9 Data File:
* FileName = C:\Seabird\CTDData\sta0215.hex
* Software Version Seasave V 7.21f
* Temperature SN = 6264
* Conductivity SN = 4928
* Number of Bytes Per Scan = 40
* Number of Voltage Words = 5
* Number of Scans Averaged by the Deck Unit = 1
* NMEA Latitude = 61 29.02 N
* NMEA Longitude = 005 25.60 E
* NMEA UTC (Time) = Feb 16 2022 08:24:16
* NMEA baud rate = 4800
** Ship: R/V "Kristine Bonnevie"
** Station: 0215
** Echodepth: 316
** Log: 0941.731
** Wind-Dir/Force: 19 01
** Air-temp (dry): 3.4
** Weather Sky:
** Sea:
# nquan = 19                                
# nvalues = 309                         
# units = specified
# name 0 = scan: Scan Count
# name 1 = prDM: Pressure, Digiquartz [db]
# name 2 = t068C: Temperature [ITS-68, deg C]
# name 3 = t168C: Temperature, 2 [ITS-68, deg C]
# name 4 = c0S/m: Conductivity [S/m]
# name 5 = c1S/m: Conductivity, 2 [S/m]
# name 6 = sbeox0V: Oxygen raw, SBE 43 [V]
# name 7 = flECO-AFL: Fluorescence, WET Labs ECO-AFL/FL [mg/m^3]
# name 8 = altM: Altimeter [m]
# name 9 = par: PAR/Irradiance, Biospherical/Licor
# name 10 = spar: SPAR/Surface Irradiance
# name 11 = CStarTr0: Beam Transmission, WET Labs C-Star [%]
# name 12 = sbeox0ML/L: Oxygen, SBE 43 [ml/l], WS = 2
# name 13 = sal00: Salinity, Practical [PSU]
# name 14 = sal11: Salinity, Practical, 2 [PSU]
# name 15 = sigma-t00: Density [sigma-t, Kg/m^3 ]
# name 16 = svCM: Sound Velocity [Chen-Millero, m/s]
# name 17 = avgsvCM: Average Sound Velocity [Chen-Millero, m/s], minP = 1, minS = 5
# name 18 = flag: flag
# span 0 =        325,       7109       
# span 1 =      2.000,    310.000       
# span 2 =     6.0622,     9.1946       
# span 3 =     6.0565,     9.1930       
# span 4 =   2.522653,   3.662891       
# span 5 =   2.543514,   3.664371       
# span 6 =     1.9954,     2.4411       
# span 7 =    -0.0946,     0.2306       
# span 8 =       8.25,      99.69       
# span 9 = 4.9452e-02, 2.3112e+01       
# span 10 = 6.7955e+01, 7.3908e+01      
# span 11 =    17.2383,    80.8537      
# span 12 =    5.11823,    7.04713      
# span 13 =    24.8341,    35.0124      
# span 14 =    25.0639,    35.0292      
# span 15 =    19.5249,    27.2865      
# span 16 =    1462.22,    1487.52      
# span 17 =    1462.22,    1485.91      
# span 18 = 0.0000e+00, 0.0000e+00      
# interval = decibars: 1                
# start_time = Feb 16 2022 08:24:18 [System UTC, header]
# bad_flag = -9.990e-29
*END*
        325      2.000     6.0622     6.0565   2.522653   2.543514     2.4072     0.2306      92.79 2.3112e+01 6.7955e+01    17.2383    7.04713    24.8341    25.0639    19.5249    1462.22    1462.22 0.0000e+00
        421      3.000     7.5456     7.5461   3.157553   3.167365     2.4234     0.1403      95.66 1.5124e+01 6.7955e+01    60.9834    6.74662    30.4591    30.5634    23.7723    1475.15    1466.50 0.0000e+00
        465      4.000     7.7036     7.7080   3.262408   3.270615     2.4411     0.0488      67.15 1.1735e+01 6.7955e+01    77.0771    6.58158    31.4373    31.5209    24.5189    1476.99    1469.11 0.0000e+00
        502      5.000     7.7363     7.7116   3.267773   3.275050     2.4245     0.0285      98.69 9.4476e+00 6.7955e+01    78.7122    6.38285    31.4646    31.5646    24.5358    1477.16    1470.71 0.0000e+00
        537      6.000     8.0612     8.0072   3.372580   3.366734     2.4054     0.0230      98.82 7.6485e+00 6.7955e+01    80.0935    6.28405    32.2832    32.2709    25.1322    1479.43    1472.16 0.0000e+00
        570      7.000     8.3880     8.3773   3.448267   3.449437     2.3981     0.0045      98.82 6.3505e+00 6.7955e+01    79.9421    6.26473    32.7813    32.8036    25.4748    1481.30    1473.46 0.0000e+00
        600      8.000     8.4854     8.4820   3.470691   3.472365     2.3936    -0.0066      98.82 5.3262e+00 6.7955e+01    79.9129    6.18482    32.9265    32.9473    25.5740    1481.86    1474.50 0.0000e+00
        627      9.000     8.4606     8.4606   3.470622   3.472093     2.3824    -0.0088      98.82 4.5649e+00 6.7955e+01    80.3464    6.10200    32.9484    32.9640    25.5950    1481.81    1475.31 0.0000e+00
        653     10.000     8.4265     8.4242   3.468880   3.470246     2.3680    -0.0024      98.82 3.9413e+00 6.7955e+01    80.5144    6.04310    32.9615    32.9781    25.6104    1481.71    1475.95 0.0000e+00
        677     11.000     8.4563     8.4531   3.477334   3.479386     2.3546    -0.0119      98.82 3.4576e+00 6.7955e+01    80.5930    6.01858    33.0223    33.0470    25.6536    1481.92    1476.49 0.0000e+00
        701     12.000     8.5688     8.5649   3.503773   3.506008     2.3458    -0.0344      98.82 3.0340e+00 6.7955e+01    80.5905    6.01624    33.1949    33.2221    25.7717    1482.57    1476.99 0.0000e+00
        723     13.000     8.6563     8.6509   3.522329   3.524536     2.3421    -0.0441      98.82 2.6738e+00 6.7955e+01    80.5808    6.01717    33.3072    33.3355    25.8464    1483.05    1477.46 0.0000e+00
        743     14.000     8.7019     8.7009   3.531832   3.533343     2.3394    -0.0451      98.82 2.3833e+00 6.7955e+01    80.6249    6.01098    33.3636    33.3804    25.8836    1483.31    1477.87 0.0000e+00
        764     15.000     8.7304     8.7228   3.537606   3.539324     2.3378    -0.0460      98.82 2.1461e+00 6.7955e+01    80.6400    5.99564    33.3968    33.4220    25.9052    1483.47    1478.25 0.0000e+00
        784     16.000     8.8692     8.8634   3.554344   3.556593     2.3341    -0.0376      98.82 1.9381e+00 6.7955e+01    80.6485    5.95538    33.4408    33.4698    25.9181    1484.05    1478.61 0.0000e+00
        804     17.000     8.9660     8.9612   3.569008   3.570804     2.3316    -0.0489      98.82 1.7567e+00 6.7955e+01    80.6328    5.94011    33.5023    33.5256    25.9511    1484.50    1478.95 0.0000e+00
        823     18.000     8.9993     8.9960   3.575999   3.577789     2.3293    -0.0440      98.81 1.6032e+00 6.7955e+01    80.6109    5.91573    33.5434    33.5651    25.9780    1484.69    1479.27 0.0000e+00
        843     19.000     9.0544     9.0508   3.586192   3.587955     2.3247    -0.0439      98.82 1.4729e+00 6.7955e+01    80.6166    5.85909    33.5971    33.6189    26.0114    1484.98    1479.57 0.0000e+00
        861     20.000     9.0889     9.0861   3.592079   3.593815     2.3173    -0.0445      98.81 1.3553e+00 6.7955e+01    80.6040    5.80466    33.6254    33.6461    26.0281    1485.16    1479.85 0.0000e+00
        880     21.000     9.0933     9.0910   3.593085   3.594586     2.3089    -0.0425      98.81 1.2535e+00 6.7955e+01    80.5932    5.77005    33.6313    33.6491    26.0319    1485.20    1480.10 0.0000e+00
        898     22.000     9.0857     9.0829   3.592625   3.593995     2.3007    -0.0423      98.81 1.1582e+00 6.7955e+01    80.5744    5.74203    33.6332    33.6501    26.0347    1485.19    1480.33 0.0000e+00
        917     23.000     9.0858     9.0827   3.595088   3.596626     2.2918    -0.0445      98.81 1.0810e+00 6.7955e+01    80.5219    5.71632    33.6583    33.6772    26.0543    1485.24    1480.55 0.0000e+00
        937     24.000     9.1448     9.1404   3.603862   3.605567     2.2832    -0.0499      98.81 1.0045e+00 6.7955e+01    80.5001    5.69890    33.6933    33.7152    26.0723    1485.51    1480.75 0.0000e+00
        958     25.000     9.1433     9.1438   3.604874   3.606451     2.2767    -0.0533      98.81 9.3553e-01 6.7955e+01    80.4191    5.70220    33.7048    33.7207    26.0815    1485.54    1480.94 0.0000e+00
        979     26.000     9.1246     9.1222   3.605547   3.607057     2.2718    -0.0380      98.81 8.7160e-01 6.7955e+01    80.3554    5.69380    33.7291    33.7470    26.1035    1485.52    1481.12 0.0000e+00
       1000     27.000     9.1256     9.1229   3.607966   3.609424     2.2664    -0.0582      98.81 8.0994e-01 6.7955e+01    80.2702    5.67863    33.7528    33.7706    26.1219    1485.57    1481.28 0.0000e+00
       1021     28.000     9.1052     9.1046   3.607749   3.609248     2.2619 -9.990e-29      98.80 7.5604e-01 6.7955e+01    80.1348    5.68374    33.7694    33.7856    26.1382    1485.53    1481.43 0.0000e+00
       1042     29.000     9.1450     9.1397   3.614751   3.616198     2.2593 -9.990e-29      98.80 7.0211e-01 6.7955e+01    79.9943    5.68636    33.8041    33.8242    26.1590    1485.73    1481.58 0.0000e+00
       1062     30.000     9.1586     9.1567   3.617939   3.619508     2.2580 -9.990e-29      98.81 6.5456e-01 6.7955e+01    79.8586    5.69680    33.8239    33.8420    26.1723    1485.82    1481.72 0.0000e+00
       1083     31.000     9.1686     9.1659   3.620108   3.621575     2.2582 -9.990e-29      98.81 6.1225e-01 6.7955e+01    79.6945    5.70154    33.8365    33.8543    26.1806    1485.89    1481.86 0.0000e+00
       1104     32.000     9.1631     9.1616   3.620482   3.621969     2.2578 -9.990e-29      98.81 5.6605e-01 6.7955e+01    79.5081    5.69534    33.8451    33.8620    26.1882    1485.90    1481.98 0.0000e+00
       1124     33.000     9.1683     9.1659   3.621926   3.623404     2.2570 -9.990e-29      98.81 5.2771e-01 6.7955e+01    79.3904    5.68622    33.8548    33.8724    26.1949    1485.95    1482.10 0.0000e+00
       1145     34.000     9.1720     9.1701   3.623014   3.624528     2.2556 -9.990e-29      98.80 4.9192e-01 6.7955e+01    79.2445    5.67959    33.8621    33.8797    26.2000    1485.99    1482.22 0.0000e+00
       1165     35.000     9.1737     9.1717   3.624240   3.625738     2.2545 -9.990e-29      98.81 4.5924e-01 6.7955e+01    79.1049    5.67960    33.8728    33.8903    26.2081    1486.02    1482.32 0.0000e+00
       1186     36.000     9.1718     9.1701   3.625429   3.626944     2.2535 -9.990e-29      98.81 4.2760e-01 6.7955e+01    78.9856    5.67415    33.8865    33.9039    26.2192    1486.05    1482.43 0.0000e+00
       1206     37.000     9.1705     9.1687   3.626634   3.628141     2.2521 -9.990e-29      98.81 3.9820e-01 6.7955e+01    78.8623    5.67089    33.8998    33.9172    26.2298    1486.08    1482.53 0.0000e+00
       1226     38.000     9.1712     9.1694   3.627772   3.629279     2.2510 -9.990e-29      98.81 3.7333e-01 6.7955e+01    78.7664    5.67206    33.9105    33.9279    26.2380    1486.11    1482.62 0.0000e+00
       1247     39.000     9.1749     9.1724   3.629357   3.630874     2.2508 -9.990e-29      98.80 3.4813e-01 6.7955e+01    78.7029    5.67776    33.9230    33.9412    26.2472    1486.15    1482.71 0.0000e+00
       1268     40.000     9.1905     9.1872   3.632225   3.633680     2.2505 -9.990e-29      98.81 3.2492e-01 6.7955e+01    78.6182    5.67998    33.9375    33.9558    26.2561    1486.24    1482.80 0.0000e+00
       1290     41.000     9.1946     9.1930   3.634299   3.635817     2.2513 -9.990e-29      98.81 3.0083e-01 6.7955e+01    78.5740    5.68636    33.9547    33.9720    26.2689    1486.30    1482.88 0.0000e+00
       1312     42.000     9.1904     9.1889   3.634776   3.636284     2.2517 -9.990e-29      95.38 2.8013e-01 6.7955e+01    78.5291    5.67788    33.9632    33.9803    26.2762    1486.31    1482.96 0.0000e+00
       1333     43.000     9.1850     9.1834   3.635331   3.636839     2.2506 -9.990e-29      39.33 2.6081e-01 6.7955e+01    78.5356    5.65826    33.9737    33.9909    26.2853    1486.32    1483.04 0.0000e+00
       1355     44.000     9.1851     9.1834   3.637321   3.638828     2.2480 -9.990e-29      98.77 2.4323e-01 6.7955e+01    78.5216    5.64263    33.9938    34.0111    26.3010    1486.36    1483.12 0.0000e+00
       1377     45.000     9.1822     9.1806   3.640514   3.642021     2.2455 -9.990e-29      98.81 2.2721e-01 6.7955e+01    78.5151    5.64075    34.0293    34.0465    26.3293    1486.41    1483.19 0.0000e+00
       1399     46.000     9.1798     9.1781   3.643783   3.645303     2.2441 -9.990e-29      98.81 2.0930e-01 6.7955e+01    78.5150    5.65196    34.0652    34.0826    26.3577    1486.46    1483.26 0.0000e+00
       1421     47.000     9.1763     9.1749   3.645952   3.647427     2.2443 -9.990e-29      98.81 1.9614e-01 6.7955e+01    78.5556    5.65430    34.0906    34.1073    26.3782    1486.49    1483.33 0.0000e+00
       1442     48.000     9.1710     9.1693   3.646901   3.648389     2.2434 -9.990e-29      98.81 1.8425e-01 6.7955e+01    78.5715    5.64401    34.1051    34.1222    26.3904    1486.51    1483.40 0.0000e+00
       1464     49.000     9.1682     9.1666   3.649106   3.650607     2.2416 -9.990e-29      98.81 1.6845e-01 6.7955e+01    78.6021    5.62172    34.1303    34.1474    26.4105    1486.55    1483.46 0.0000e+00
       1486     50.000     9.1620     9.1606   3.650671   3.652172     2.2385 -9.990e-29      98.80 1.5663e-01 6.7955e+01    78.6444    5.61029    34.1520    34.1690    26.4285    1486.57    1483.52 0.0000e+00
       1508     51.000     9.1528     9.1516   3.652146   3.653634     2.2357 -9.990e-29      98.81 1.4526e-01 6.7955e+01    78.6984    5.59969    34.1757    34.1924    26.4486    1486.58    1483.58 0.0000e+00
       1530     52.000     9.1439     9.1426   3.653280   3.654781     2.2321 -9.990e-29      98.81 1.3404e-01 6.7955e+01    78.7252    5.57777    34.1956    34.2125    26.4656    1486.59    1483.64 0.0000e+00
       1552     53.000     9.1369     9.1358   3.654441   3.655934     2.2275 -9.990e-29      98.80 1.2748e-01 6.7955e+01    78.7791    5.56417    34.2140    34.2306    26.4811    1486.60    1483.70 0.0000e+00
       1574     54.000     9.1256     9.1246   3.655165   3.656660     2.2237 -9.990e-29      98.80 1.2042e-01 6.7955e+01    78.8462    5.55754    34.2319    34.2485    26.4969    1486.60    1483.75 0.0000e+00
       1596     55.000     9.1174     9.1161   3.655880   3.657366     2.2201    -0.0594      98.81 1.1256e-01 6.7955e+01    78.9108    5.55163    34.2468    34.2635    26.5099    1486.60    1483.80 0.0000e+00
       1617     56.000     9.1112     9.1099   3.656598   3.658085     2.2171    -0.0563      98.80 1.0784e-01 6.7955e+01    78.9513    5.54799    34.2598    34.2765    26.5210    1486.61    1483.85 0.0000e+00
       1639     57.000     9.1052     9.1037   3.657438   3.658930     2.2143    -0.0699      98.80 9.8003e-02 6.7955e+01    79.0407    5.53894    34.2738    34.2908    26.5330    1486.62    1483.90 0.0000e+00
       1661     58.000     9.0978     9.0967   3.657960   3.659463     2.2112    -0.0841      98.80 8.9840e-02 6.7955e+01    79.0827    5.53287    34.2859    34.3027    26.5437    1486.63    1483.95 0.0000e+00
       1682     59.000     9.0859     9.0848   3.658362   3.659844     2.2089    -0.0558      98.80 8.3030e-02 6.7955e+01    79.1238    5.53023    34.3011    34.3177    26.5575    1486.62    1483.99 0.0000e+00
       1704     60.000     9.0781     9.0765   3.658433   3.659916     2.2065    -0.0571      98.80 7.6830e-02 6.7955e+01    79.2232    5.52745    34.3089    34.3259    26.5648    1486.62    1484.04 0.0000e+00
       1726     61.000     9.0739     9.0726   3.658795   3.660307     2.2046 -9.990e-29      98.81 7.4958e-02 6.7955e+01    79.2780    5.52583    34.3163    34.3333    26.5713    1486.63    1484.08 0.0000e+00
       1748     62.000     9.0651     9.0638   3.659268   3.660759     2.2031 -9.990e-29      98.81 6.8161e-02 6.7955e+01    79.3393    5.52802    34.3292    34.3461    26.5828    1486.63    1484.12 0.0000e+00
       1770     63.000     9.0534     9.0527   3.660359   3.661856     2.2021 -9.990e-29      98.80 6.4143e-02 6.7955e+01    79.4297    5.52727    34.3515    34.3678    26.6021    1486.63    1484.16 0.0000e+00
       1792     64.000     9.0433     9.0420   3.660669   3.662162     2.2008 -9.990e-29      98.80 6.1874e-02 6.7955e+01    79.4812    5.52860    34.3640    34.3808    26.6135    1486.62    1484.20 0.0000e+00
       1814     65.000     9.0331     9.0324   3.660794   3.662284     2.2005 -9.990e-29      98.80 5.8980e-02 6.7955e+01    79.5669    5.53145    34.3747    34.3909    26.6235    1486.61    1484.23 0.0000e+00
       1836     66.000     9.0227     9.0217   3.661072   3.662563     2.1995 -9.990e-29      98.81 5.6716e-02 6.7955e+01    79.6696    5.52413    34.3872    34.4037    26.6349    1486.61    1484.27 0.0000e+00
       1858     67.000     9.0094     9.0086   3.661460   3.662948     2.1984 -9.990e-29      98.80 5.3986e-02 6.7955e+01    79.7597    5.52294    34.4036    34.4200    26.6500    1486.59    1484.30 0.0000e+00
       1880     68.000     8.9971     8.9963   3.661588   3.663075     2.1973 -9.990e-29      98.80 5.0481e-02 6.7955e+01    79.8774    5.51328    34.4164    34.4327    26.6619    1486.58    1484.34 0.0000e+00
       1902     69.000     8.9851     8.9841   3.661812   3.663301     2.1949    -0.0576      98.81 4.9697e-02 6.7955e+01    79.9926    5.50099    34.4299    34.4464    26.6744    1486.57    1484.37 0.0000e+00
       1924     70.000     8.9783     8.9769   3.662101   3.663585     2.1928    -0.0600      98.80 4.9483e-02 6.7955e+01    80.1099    5.50242    34.4390    34.4559    26.6826    1486.57    1484.40 0.0000e+00
       1945     71.000     8.9746     8.9732   3.662496   3.663972     2.1912    -0.0572      98.80 4.9485e-02 6.7955e+01    80.2529    5.49898    34.4463    34.4631    26.6889    1486.58    1484.43 0.0000e+00
       1967     72.000     8.9667     8.9654   3.662642   3.664116     2.1897    -0.0601      98.80 4.9483e-02 6.7955e+01    80.3634    5.49265    34.4550    34.4717    26.6970    1486.58    1484.46 0.0000e+00
       1988     73.000     8.9521     8.9519   3.662803   3.664278     2.1876    -0.0857      98.80 4.9471e-02 6.7955e+01    80.4708    5.48536    34.4704    34.4860    26.7114    1486.56    1484.49 0.0000e+00
       2010     74.000     8.9382     8.9382   3.662891   3.664371     2.1854    -0.0780      98.81 4.9459e-02 6.7955e+01    80.5306    5.47257    34.4843    34.4998    26.7245    1486.55    1484.52 0.0000e+00
       2032     75.000     8.9167     8.9158   3.662489   3.663968     2.1823    -0.0586      98.80 4.9464e-02 6.7955e+01    80.5879    5.46191    34.5005    34.5169    26.7406    1486.50    1484.55 0.0000e+00
       2053     76.000     8.9020     8.9012   3.662490   3.663974     2.1791    -0.0613      98.80 4.9477e-02 6.7955e+01    80.6034    5.45121    34.5143    34.5307    26.7538    1486.48    1484.57 0.0000e+00
       2075     77.000     8.8896     8.8884   3.662435   3.663905     2.1758    -0.0586      98.80 4.9483e-02 6.7955e+01    80.6224    5.44324    34.5253    34.5419    26.7644    1486.47    1484.60 0.0000e+00
