_data/ctd/2022603/sta0198.cnv
* Sea-Bird SBE 9 Data File:
* FileName = C:\Seabird\CTDData\sta0198.hex
* Software Version Seasave V 7.21f
* Temperature SN = 6264
* Conductivity SN = 4928
* Number of Bytes Per Scan = 40
* Number of Voltage Words = 5
* Number of Scans Averaged by the Deck Unit = 1
* NMEA Latitude = 61 05.87 N
* NMEA Longitude = 006 28.48 E
* NMEA UTC (Time) = Feb 14 2022 22:02:32
* NMEA baud rate = 4800
** Ship: R/V "Kristine Bonnevie"
** Station: 0198
** Echodepth: 1176
** Log: 0783.995
** Wind-Dir/Force: 45 26
** Air-temp (dry): 3.7
** Weather Sky:
** Sea:
# nquan = 19                                
# nvalues = 1188                        
# units = specified
# name 0 = scan: Scan Count
# name 1 = prDM: Pressure, Digiquartz [db]
# name 2 = t068C: Temperature [ITS-68, deg C]
# name 3 = t168C: Temperature, 2 [ITS-68, deg C]
# name 4 = c0S/m: Conductivity [S/m]
# name 5 = c1S/m: Conductivity, 2 [S/m]
# name 6 = sbeox0V: Oxygen raw, SBE 43 [V]
# name 7 = flECO-AFL: Fluorescence, WET Labs ECO-AFL/FL [mg/m^3]
# name 8 = altM: Altimeter [m]
# name 9 = par: PAR/Irradiance, Biospherical/Licor
# name 10 = spar: SPAR/Surface Irradiance
# name 11 = CStarTr0: Beam Transmission, WET Labs C-Star [%]
# name 12 = sbeox0ML/L: Oxygen, SBE 43 [ml/l], WS = 2
# name 13 = sal00: Salinity, Practical [PSU]
# name 14 = sal11: Salinity, Practical, 2 [PSU]
# name 15 = sigma-t00: Density [sigma-t, Kg/m^3 ]
# name 16 = svCM: Sound Velocity [Chen-Millero, m/s]
# name 17 = avgsvCM: Average Sound Velocity [Chen-Millero, m/s], minP = 1, minS = 5
# name 18 = flag: flag
# span 0 =        135,      28546       
# span 1 =      2.000,   1189.000       
# span 2 =     5.2888,     9.9922       
# span 3 =     5.2867,     9.9905       
# span 4 =   2.903172,   3.710665       
# span 5 =   2.903700,   3.712009       
# span 6 =     1.5492,     2.4749       
# span 7 =    -0.1006,     0.7910       
# span 8 =       5.51,     100.17       
# span 9 = 4.8502e-02, 7.3919e-01       
# span 10 = 0.0000e+00, 0.0000e+00      
# span 11 =    79.4360,    81.9693      
# span 12 =    4.07507,    7.14064      
# span 13 =    29.6589,    35.0229      
# span 14 =    29.6667,    35.0391      
# span 15 =    23.4137,    27.3648      
# span 16 =    1465.15,    1500.33      
# span 17 =    1465.15,    1490.98      
# span 18 = 0.0000e+00, 0.0000e+00      
# interval = decibars: 1                
# start_time = Feb 14 2022 22:02:34 [System UTC, header]
# bad_flag = -9.990e-29
*END*
[from data line 153]
       3692    155.000     8.2614     8.2612   3.638556   3.639965     2.1433    -0.0757      78.36 4.9482e-02 0.0000e+00    81.3588    5.49222    34.8524    34.8676    27.1187    1485.82    1484.08 0.0000e+00
       3715    156.000     8.2520     8.2499   3.638641   3.640013     2.1431    -0.0558      91.84 4.9464e-02 0.0000e+00    81.3560    5.49170    34.8621    34.8788    27.1277    1485.81    1484.10 0.0000e+00
       3738    157.000     8.2538     8.2519   3.639265   3.640664     2.1424    -0.0558      94.43 4.9462e-02 0.0000e+00    81.3641    5.48528    34.8665    34.8833    27.1309    1485.84    1484.11 0.0000e+00
       3762    158.000     8.2522     8.2506   3.639246   3.640645     2.1410    -0.0558      62.55 4.9474e-02 0.0000e+00    81.3584    5.47680    34.8674    34.8839    27.1319    1485.85    1484.12 0.0000e+00
       3785    159.000     8.2504     8.2490   3.639183   3.640586     2.1399    -0.0559      79.60 4.9479e-02 0.0000e+00    81.3650    5.47883    34.8681    34.8844    27.1326    1485.86    1484.13 0.0000e+00
       3810    160.000     8.2427     8.2413   3.638560   3.639968     2.1393    -0.0669      98.19 4.9474e-02 0.0000e+00    81.3377    5.48386    34.8686    34.8850    27.1342    1485.85    1484.14 0.0000e+00
       3833    161.000     8.2425     8.2406   3.638749   3.640134     2.1386    -0.0924      42.74 4.9494e-02 0.0000e+00    81.3337    5.48110    34.8703    34.8870    27.1356    1485.87    1484.15 0.0000e+00
       3857    162.000     8.2417     8.2402   3.638942   3.640344     2.1386    -0.0923      99.34 4.9462e-02 0.0000e+00    81.3314    5.48591    34.8727    34.8891    27.1376    1485.88    1484.16 0.0000e+00
       3881    163.000     8.2381     8.2367   3.638712   3.640116     2.1380    -0.0936      77.62 4.9495e-02 0.0000e+00    81.3506    5.48072    34.8733    34.8897    27.1386    1485.89    1484.17 0.0000e+00
       3905    164.000     8.2286     8.2273   3.637893   3.639294     2.1376    -0.0711      80.67 4.9506e-02 0.0000e+00    81.3081    5.48466    34.8735    34.8898    27.1402    1485.87    1484.18 0.0000e+00
       3929    165.000     8.2329     8.2308   3.638561   3.639956     2.1371    -0.0830      98.69 4.9478e-02 0.0000e+00    81.3230    5.47777    34.8759    34.8929    27.1415    1485.90    1484.19 0.0000e+00
       3953    166.000     8.2344     8.2326   3.638813   3.640209     2.1364    -0.0758      98.80 4.9456e-02 0.0000e+00    81.3150    5.47392    34.8766    34.8933    27.1418    1485.92    1484.20 0.0000e+00
       3978    167.000     8.2342     8.2324   3.638854   3.640251     2.1351    -0.0756      55.79 4.9483e-02 0.0000e+00    81.3310    5.47029    34.8768    34.8935    27.1419    1485.94    1484.21 0.0000e+00
       4003    168.000     8.2334     8.2318   3.638869   3.640265     2.1346    -0.0898      96.26 4.9473e-02 0.0000e+00    81.3208    5.47554    34.8772    34.8937    27.1424    1485.95    1484.22 0.0000e+00
       4029    169.000     8.2309     8.2293   3.638676   3.640078     2.1343    -0.0910      83.29 4.9503e-02 0.0000e+00    81.3067    5.47795    34.8772    34.8937    27.1428    1485.96    1484.23 0.0000e+00
       4054    170.000     8.2277     8.2263   3.638447   3.639849     2.1342    -0.0791      98.63 4.9478e-02 0.0000e+00    81.2957    5.48010    34.8774    34.8938    27.1435    1485.97    1484.24 0.0000e+00
       4079    171.000     8.2247     8.2231   3.638341   3.639732     2.1340    -0.0618      82.37 4.9498e-02 0.0000e+00    81.3104    5.47495    34.8788    34.8952    27.1450    1485.97    1484.25 0.0000e+00
       4106    172.000     8.2217     8.2203   3.638185   3.639593     2.1335    -0.0641      79.30 4.9495e-02 0.0000e+00    81.3236    5.47552    34.8796    34.8960    27.1461    1485.98    1484.26 0.0000e+00
       4130    173.000     8.2168     8.2155   3.637870   3.639295     2.1330    -0.0623      94.91 4.9472e-02 0.0000e+00    81.3188    5.47130    34.8806    34.8971    27.1476    1485.98    1484.27 0.0000e+00
       4156    174.000     8.2144     8.2129   3.637726   3.639129     2.1319    -0.0593      65.46 4.9487e-02 0.0000e+00    81.3061    5.46950    34.8810    34.8975    27.1483    1485.99    1484.28 0.0000e+00
       4182    175.000     8.2008     8.1997   3.636600   3.637994     2.1312    -0.0640      86.56 4.9492e-02 0.0000e+00    81.3177    5.46725    34.8820    34.8980    27.1511    1485.95    1484.29 0.0000e+00
       4206    176.000     8.1948     8.1934   3.636144   3.637539     2.1302    -0.0634      76.13 4.9508e-02 0.0000e+00    81.3221    5.46149    34.8826    34.8989    27.1525    1485.95    1484.30 0.0000e+00
       4231    177.000     8.1946     8.1930   3.636250   3.637673     2.1287    -0.0606      99.02 4.9489e-02 0.0000e+00    81.3280    5.45371    34.8834    34.9002    27.1532    1485.96    1484.31 0.0000e+00
       4257    178.000     8.1957     8.1940   3.636429   3.637838     2.1268    -0.0590      95.49 4.9496e-02 0.0000e+00    81.3386    5.44527    34.8838    34.9005    27.1533    1485.99    1484.32 0.0000e+00
       4283    179.000     8.1966     8.1948   3.636616   3.638026     2.1247    -0.0695      49.99 4.9483e-02 0.0000e+00    81.3577    5.44249    34.8844    34.9013    27.1537    1486.01    1484.33 0.0000e+00
       4308    180.000     8.1961     8.1944   3.636725   3.638122     2.1235    -0.0835      88.09 9.8749e-02 0.0000e+00    81.3491    5.44036    34.8856    34.9022    27.1547    1486.02    1484.34 0.0000e+00
       4335    181.000     8.1955     8.1938   3.636874   3.638281     2.1220    -0.0663      81.76 4.9690e-02 0.0000e+00    81.3448    5.43878    34.8873    34.9040    27.1561    1486.04    1484.35 0.0000e+00
       4361    182.000     8.1851     8.1847   3.635957   3.637409     2.1207    -0.0640      93.31 4.9482e-02 0.0000e+00    81.3344    5.43704    34.8873    34.9033    27.1577    1486.02    1484.36 0.0000e+00
       4388    183.000     8.1727     8.1715   3.634750   3.636140     2.1200    -0.0660      57.52 4.9480e-02 0.0000e+00    81.3414    5.44352    34.8863    34.9023    27.1588    1485.98    1484.37 0.0000e+00
       4416    184.000     8.1699     8.1674   3.634508   3.635814     2.1194    -0.0631      93.75 4.9494e-02 0.0000e+00    81.3448    5.43922    34.8860    34.9024    27.1590    1485.99    1484.38 0.0000e+00
       4442    185.000     8.1661     8.1641   3.634224   3.635597     2.1180    -0.0647      78.65 4.9484e-02 0.0000e+00    81.3607    5.42280    34.8862    34.9029    27.1598    1485.99    1484.38 0.0000e+00
       4469    186.000     8.1657     8.1639   3.634293   3.635688     2.1153    -0.0668      98.86 4.9469e-02 0.0000e+00    81.3582    5.40793    34.8869    34.9036    27.1603    1486.01    1484.39 0.0000e+00
       4496    187.000     8.1657     8.1639   3.634372   3.635775     2.1124    -0.0640      82.27 4.9480e-02 0.0000e+00    81.3932    5.39924    34.8873    34.9040    27.1606    1486.03    1484.40 0.0000e+00
       4523    188.000     8.1650     8.1633   3.634403   3.635806     2.1097    -0.0621      78.16 4.9489e-02 0.0000e+00    81.3895    5.39808    34.8878    34.9045    27.1611    1486.04    1484.41 0.0000e+00
       4551    189.000     8.1619     8.1603   3.634153   3.635541     2.1080    -0.0699      98.48 4.9498e-02 0.0000e+00    81.3801    5.40013    34.8877    34.9042    27.1616    1486.04    1484.42 0.0000e+00
       4577    190.000     8.1529     8.1520   3.633264   3.634677     2.1069    -0.0758      58.16 4.9509e-02 0.0000e+00    81.3852    5.40404    34.8867    34.9027    27.1621    1486.03    1484.43 0.0000e+00
       4602    191.000     8.1344     8.1338   3.631482   3.632883     2.1062    -0.0587      91.25 4.9489e-02 0.0000e+00    81.3888    5.40168    34.8855    34.9011    27.1640    1485.97    1484.44 0.0000e+00
       4627    192.000     8.1266     8.1260   3.630791   3.632219     2.1047 -9.990e-29      84.51 4.9479e-02 0.0000e+00    81.3953    5.39313    34.8854    34.9013    27.1651    1485.96    1484.44 0.0000e+00
       4651    193.000     8.1091     8.1083   3.629422   3.630815     2.1032 -9.990e-29      99.09 4.9491e-02 0.0000e+00    81.4464    5.38197    34.8877    34.9034    27.1695    1485.91    1484.45 0.0000e+00
       4675    194.000     8.1011     8.0998   3.628913   3.630299     2.0998 -9.990e-29      83.69 4.9497e-02 0.0000e+00    81.4645    5.35585    34.8897    34.9058    27.1723    1485.90    1484.46 0.0000e+00
       4698    195.000     8.0890     8.0881   3.627826   3.629224     2.0961    -0.0892      74.52 4.9511e-02 0.0000e+00    81.4922    5.33857    34.8896    34.9055    27.1741    1485.87    1484.47 0.0000e+00
       4721    196.000     8.0810     8.0798   3.627082   3.628460     2.0914    -0.0599      98.72 4.9483e-02 0.0000e+00    81.4890    5.32136    34.8891    34.9051    27.1749    1485.86    1484.47 0.0000e+00
       4743    197.000     8.0712     8.0713   3.626235   3.627711     2.0871    -0.0839      65.92 4.9524e-02 0.0000e+00    81.5085    5.30926    34.8893    34.9050    27.1765    1485.84    1484.48 0.0000e+00
       4767    198.000     8.0417     8.0420   3.623801   3.625191     2.0824    -0.0671      87.88 4.9508e-02 0.0000e+00    81.5277    5.29371    34.8921    34.9067    27.1831    1485.75    1484.49 0.0000e+00
       4790    199.000     8.0290     8.0286   3.622835   3.624232     2.0773    -0.0571      76.66 4.9503e-02 0.0000e+00    81.5553    5.27719    34.8939    34.9093    27.1865    1485.72    1484.49 0.0000e+00
       4815    200.000     8.0013     8.0007   3.620739   3.622086     2.0720    -0.0582      98.80 4.9483e-02 0.0000e+00    81.5933    5.25572    34.8985    34.9136    27.1943    1485.63    1484.50 0.0000e+00
       4841    201.000     7.9884     7.9871   3.619759   3.621134     2.0648    -0.0771      98.80 4.9482e-02 0.0000e+00    81.6299    5.21703    34.9004    34.9164    27.1977    1485.60    1484.50 0.0000e+00
       4867    202.000     7.9824     7.9808   3.619383   3.620751     2.0562    -0.0754      56.78 4.9503e-02 0.0000e+00    81.6581    5.18024    34.9018    34.9181    27.1997    1485.60    1484.51 0.0000e+00
       4893    203.000     7.9810     7.9793   3.619367   3.620740     2.0473    -0.0743      94.62 4.9485e-02 0.0000e+00    81.6868    5.14942    34.9026    34.9190    27.2005    1485.61    1484.51 0.0000e+00
       4920    204.000     7.9784     7.9771   3.619250   3.620625     2.0378    -0.0783      72.16 4.9485e-02 0.0000e+00    81.6907    5.12507    34.9034    34.9195    27.2015    1485.62    1484.52 0.0000e+00
       4946    205.000     7.9670     7.9657   3.618545   3.619920     2.0307    -0.0586      52.90 4.9484e-02 0.0000e+00    81.7166    5.12020    34.9067    34.9228    27.2059    1485.60    1484.53 0.0000e+00
       4970    206.000     7.9621     7.9605   3.618230   3.619685     2.0248    -0.0596      75.47 4.9503e-02 0.0000e+00    81.7280    5.11017    34.9077    34.9250    27.2074    1485.60    1484.53 0.0000e+00
       4995    207.000     7.9581     7.9569   3.618158   3.619541     2.0197    -0.0583      82.52 4.9485e-02 0.0000e+00    81.7464    5.10715    34.9105    34.9265    27.2101    1485.60    1484.54 0.0000e+00
       5018    208.000     7.9506     7.9496   3.617593   3.618986     2.0165    -0.0598      88.24 4.9481e-02 0.0000e+00    81.7558    5.10759    34.9114    34.9274    27.2120    1485.59    1484.54 0.0000e+00
       5041    209.000     7.9295     7.9294   3.615787   3.617181     2.0133    -0.0611      64.29 4.9481e-02 0.0000e+00    81.7549    5.10610    34.9125    34.9276    27.2160    1485.53    1484.55 0.0000e+00
       5065    210.000     7.9230     7.9215   3.615262   3.616652     2.0111    -0.0670      67.03 4.9485e-02 0.0000e+00    81.7719    5.10254    34.9129    34.9293    27.2173    1485.52    1484.55 0.0000e+00
       5087    211.000     7.9215     7.9199   3.615174   3.616562     2.0082    -0.0635      72.32 4.9490e-02 0.0000e+00    81.7924    5.07329    34.9130    34.9295    27.2176    1485.53    1484.56 0.0000e+00
       5111    212.000     7.9201     7.9186   3.615099   3.616483     2.0026    -0.0658      85.29 4.9472e-02 0.0000e+00    81.7784    5.02836    34.9131    34.9294    27.2179    1485.54    1484.56 0.0000e+00
       5135    213.000     7.9135     7.9122   3.614640   3.616006     1.9948 -9.990e-29      87.11 4.9468e-02 0.0000e+00    81.8065    4.98953    34.9142    34.9302    27.2198    1485.54    1484.56 0.0000e+00
       5159    214.000     7.9076     7.9060   3.614308   3.615683     1.9869 -9.990e-29      52.64 4.9485e-02 0.0000e+00    81.8062    4.96525    34.9161    34.9325    27.2221    1485.53    1484.57 0.0000e+00
       5184    215.000     7.9073     7.9056   3.614505   3.615876     1.9793 -9.990e-29      80.59 4.9478e-02 0.0000e+00    81.8067    4.95255    34.9180    34.9344    27.2236    1485.55    1484.57 0.0000e+00
       5209    216.000     7.9021     7.9006   3.614259   3.615630     1.9726 -9.990e-29      61.86 4.9500e-02 0.0000e+00    81.8263    4.94088    34.9201    34.9363    27.2260    1485.55    1484.58 0.0000e+00
       5235    217.000     7.8972     7.8959   3.613952   3.615331     1.9670 -9.990e-29      98.75 4.9487e-02 0.0000e+00    81.8161    4.93868    34.9212    34.9373    27.2276    1485.55    1484.58 0.0000e+00
       5260    218.000     7.8855     7.8842   3.613173   3.614538     1.9635 -9.990e-29      76.56 4.9506e-02 0.0000e+00    81.8166    4.95453    34.9240    34.9400    27.2316    1485.52    1484.59 0.0000e+00
       5285    219.000     7.8819     7.8801   3.612967   3.614328     1.9619 -9.990e-29      69.77 4.9467e-02 0.0000e+00    81.8257    4.95958    34.9249    34.9413    27.2328    1485.53    1484.59 0.0000e+00
       5310    220.000     7.8803     7.8787   3.612888   3.614270     1.9608 -9.990e-29      81.07 4.9494e-02 0.0000e+00    81.8344    4.95885    34.9251    34.9416    27.2333    1485.54    1484.60 0.0000e+00
       5335    221.000     7.8764     7.8751   3.612665   3.614048     1.9592 -9.990e-29      94.98 4.9503e-02 0.0000e+00    81.8316    4.94646    34.9261    34.9423    27.2346    1485.54    1484.60 0.0000e+00
       5359    222.000     7.8736     7.8721   3.612534   3.613911     1.9574 -9.990e-29      94.73 4.9474e-02 0.0000e+00    81.8391    4.94377    34.9270    34.9434    27.2358    1485.55    1484.60 0.0000e+00
       5382    223.000     7.8681     7.8669   3.612204   3.613582     1.9557 -9.990e-29      62.74 4.9508e-02 0.0000e+00    81.8363    4.93780    34.9285    34.9445    27.2377    1485.55    1484.61 0.0000e+00
       5406    224.000     7.8647     7.8632   3.612018   3.613401     1.9541    -0.0581      91.00 4.9497e-02 0.0000e+00    81.8380    4.93760    34.9294    34.9458    27.2389    1485.55    1484.61 0.0000e+00
       5430    225.000     7.8632     7.8616   3.611957   3.613330     1.9527    -0.0660      77.88 4.9505e-02 0.0000e+00    81.8351    4.93354    34.9298    34.9461    27.2395    1485.56    1484.62 0.0000e+00
       5454    226.000     7.8608     7.8594   3.611860   3.613234     1.9514    -0.0605      98.93 4.9485e-02 0.0000e+00    81.8427    4.92854    34.9306    34.9468    27.2405    1485.57    1484.62 0.0000e+00
       5477    227.000     7.8548     7.8533   3.611494   3.612855     1.9496    -0.0840      98.80 4.9480e-02 0.0000e+00    81.8439    4.92055    34.9322    34.9484    27.2426    1485.57    1484.62 0.0000e+00
       5502    228.000     7.8528     7.8512   3.611394   3.612766     1.9481    -0.0790      58.69 4.9506e-02 0.0000e+00    81.8503    4.92075    34.9326    34.9490    27.2433    1485.58    1484.63 0.0000e+00
       5527    229.000     7.8500     7.8486   3.611253   3.612632     1.9465 -9.990e-29      98.71 4.9495e-02 0.0000e+00    81.8472    4.91769    34.9334    34.9497    27.2443    1485.58    1484.63 0.0000e+00
