_data/ctd/2022603/sta0195.cnv
* Sea-Bird SBE 9 Data File:
* FileName = C:\Seabird\CTDData\sta0195.hex
* Software Version Seasave V 7.21f
* Temperature SN = 6264
* Conductivity SN = 4928
* Number of Bytes Per Scan = 40
* Number of Voltage Words = 5
* Number of Scans Averaged by the Deck Unit = 1
* NMEA Latitude = 61 18.30 N
* NMEA Longitude = 006 40.57 E
* NMEA UTC (Time) = Feb 14 2022 19:19:39
* NMEA baud rate = 4800
** Ship: R/V "Kristine Bonnevie"
** Station: 0195
** Echodepth: 219
** Log: 0769.124
** Wind-Dir/Force: 52 11
** Air-temp (dry): 5.6
** Weather Sky:
** Sea:
# nquan = 19                                
# nvalues = 215                         
# units = specified
# name 0 = scan: Scan Count
# name 1 = prDM: Pressure, Digiquartz [db]
# name 2 = t068C: Temperature [ITS-68, deg C]
# name 3 = t168C: Temperature, 2 [ITS-68, deg C]
# name 4 = c0S/m: Conductivity [S/m]
# name 5 = c1S/m: Conductivity, 2 [S/m]
# name 6 = sbeox0V: Oxygen raw, SBE 43 [V]
# name 7 = flECO-AFL: Fluorescence, WET Labs ECO-AFL/FL [mg/m^3]
# name 8 = altM: Altimeter [m]
# name 9 = par: PAR/Irradiance, Biospherical/Licor
# name 10 = spar: SPAR/Surface Irradiance
# name 11 = CStarTr0: Beam Transmission, WET Labs C-Star [%]
# name 12 = sbeox0ML/L: Oxygen, SBE 43 [ml/l], WS = 2
# name 13 = sal00: Salinity, Practical [PSU]
# name 14 = sal11: Salinity, Practical, 2 [PSU]
# name 15 = sigma-t00: Density [sigma-t, Kg/m^3 ]
# name 16 = svCM: Sound Velocity [Chen-Millero, m/s]
# name 17 = avgsvCM: Average Sound Velocity [Chen-Millero, m/s], minP = 1, minS = 5
# name 18 = flag: flag
# span 0 =         81,       4562       
# span 1 =      2.000,    216.000       
# span 2 =     4.3195,    10.0691       
# span 3 =     4.2981,    10.0658       
# span 4 =   2.742681,   3.707427       
# span 5 =   2.739831,   3.709003       
# span 6 =     1.8422,     2.4853       
# span 7 =    -0.1046,     0.8761       
# span 8 =       4.04,     100.33       
# span 9 = 4.9445e-02, 6.7597e-01       
# span 10 = 0.0000e+00, 0.0000e+00      
# span 11 =    79.3731,    81.7104      
# span 12 =    4.52265,    7.40811      
# span 13 =    28.6821,    34.8942      
# span 14 =    28.6679,    34.9108      
# span 15 =    22.7358,    27.1994      
# span 16 =    1459.88,    1489.09      
# span 17 =    1459.88,    1483.76      
# span 18 = 0.0000e+00, 0.0000e+00      
# interval = decibars: 1                
# start_time = Feb 14 2022 19:19:41 [System UTC, header]
# bad_flag = -9.990e-29
*END*
         81      2.000     4.3195     4.2981   2.742681   2.739831     2.4589     0.8761      82.88 6.7597e-01 0.0000e+00    79.8992    7.40811    28.6821    28.6679    22.7358    1459.88    1459.88 0.0000e+00
        138      3.000     4.3286     4.3225   2.744668   2.744464     2.4602     0.8234      93.54 5.4603e-01 0.0000e+00    79.9316    7.40544    28.6965    28.6995    22.7464    1459.95    1459.90 0.0000e+00
        172      4.000     4.3747     4.3495   2.753255   2.750298     2.4601     0.7942      67.98 3.6829e-01 0.0000e+00    79.9022    7.39053    28.7547    28.7427    22.7883    1460.24    1459.99 0.0000e+00
        200      5.000     4.4304     4.4345   2.763917   2.766930     2.4603     0.7726      98.88 2.2845e-01 0.0000e+00    79.9357    7.38985    28.8282    28.8592    22.8414    1460.58    1460.10 0.0000e+00
        225      6.000     4.6432     4.5485   2.807049   2.791863     2.4613     0.7449      98.82 1.9438e-01 0.0000e+00    79.9415    7.34170    29.1356    29.0450    23.0649    1461.88    1460.40 0.0000e+00
        251      7.000     4.9670     4.9566   2.867815   2.869448     2.4636     0.7342      98.82 1.7511e-01 0.0000e+00    79.9304    7.31561    29.5418    29.5696    23.3544    1463.75    1460.88 0.0000e+00
        275      8.000     5.0248     5.0346   2.877039   2.881457     2.4704     0.7522      98.82 1.2243e-01 0.0000e+00    79.8403    7.33605    29.5948    29.6362    23.3904    1464.08    1461.28 0.0000e+00
        298      9.000     5.0486     5.0241   2.883545   2.885241     2.4736     0.8312      62.15 1.1256e-01 0.0000e+00    79.8910    7.28489    29.6470    29.6880    23.4293    1464.26    1461.61 0.0000e+00
        320     10.000     5.1644     5.1713   2.905741   2.909792     2.4728     0.8529      88.68 8.3947e-02 0.0000e+00    79.8357    7.21483    29.7948    29.8345    23.5343    1464.94    1461.94 0.0000e+00
        342     11.000     5.4595     5.4619   2.958287   2.962728     2.4708     0.8074      98.79 6.8695e-02 0.0000e+00    79.8570    7.15261    30.1230    30.1708    23.7622    1466.58    1462.36 0.0000e+00
        364     12.000     5.7556     5.7522   2.999604   3.003085     2.4722     0.8148      79.18 6.4616e-02 0.0000e+00    79.8479    7.13737    30.3196    30.3615    23.8845    1468.04    1462.83 0.0000e+00
        385     13.000     6.0909     6.0820   3.045680   3.048882     2.4756     0.7959      65.59 5.5706e-02 0.0000e+00    79.8908    7.09569    30.5300    30.5735    24.0119    1469.67    1463.36 0.0000e+00
        406     14.000     6.3747     6.3640   3.082814   3.084916     2.4797     0.7471      98.45 5.0587e-02 0.0000e+00    79.9877    7.05473    30.6842    30.7170    24.0994    1471.02    1463.90 0.0000e+00
        428     15.000     6.7091     6.6953   3.125468   3.127746     2.4836     0.7045      98.82 4.9710e-02 0.0000e+00    80.0890    6.98351    30.8503    30.8876    24.1889    1472.57    1464.48 0.0000e+00
        450     16.000     6.9416     6.9353   3.155969   3.157500     2.4853     0.5862      98.82 4.9467e-02 0.0000e+00    80.1786    6.91768    30.9727    30.9950    24.2556    1473.65    1465.05 0.0000e+00
        471     17.000     6.9987     6.9946   3.166179   3.167488     2.4852     0.6129      98.81 4.9479e-02 0.0000e+00    80.2902    6.86849    31.0316    31.0495    24.2946    1473.96    1465.57 0.0000e+00
        493     18.000     7.0215     7.0208   3.172927   3.174182     2.4806     0.5838      98.82 4.9477e-02 0.0000e+00    80.4300    6.79650    31.0838    31.0980    24.3327    1474.13    1466.04 0.0000e+00
        514     19.000     7.1306     7.1223   3.191396   3.192862     2.4735     0.5452      98.82 4.9472e-02 0.0000e+00    80.5699    6.72915    31.1848    31.2082    24.3979    1474.70    1466.49 0.0000e+00
        535     20.000     7.1895     7.1880   3.200383   3.201270     2.4656     0.5215      98.82 4.9485e-02 0.0000e+00    80.6285    6.69913    31.2283    31.2393    24.4244    1475.00    1466.92 0.0000e+00
        556     21.000     7.0495     7.0488   3.189789   3.190674     2.4596     0.4923      98.81 4.9492e-02 0.0000e+00    80.7299    6.69859    31.2399    31.2502    24.4519    1474.49    1467.28 0.0000e+00
        577     22.000     7.1468     7.1437   3.203888   3.205069     2.4510     0.4192      85.29 4.9479e-02 0.0000e+00    80.7994    6.63770    31.3040    31.3195    24.4895    1474.96    1467.62 0.0000e+00
        598     23.000     7.1892     7.1826   3.213724   3.215219     2.4437     0.3589      47.16 4.9485e-02 0.0000e+00    80.8654    6.62714    31.3714    31.3935    24.5369    1475.23    1467.95 0.0000e+00
        619     24.000     7.3183     7.3093   3.230246   3.231509     2.4382     0.3081      98.30 4.9459e-02 0.0000e+00    80.9282    6.60906    31.4320    31.4538    24.5674    1475.82    1468.28 0.0000e+00
        639     25.000     7.7095     7.6691   3.280826   3.282647     2.4347     0.2800      98.81 4.9488e-02 0.0000e+00    80.9584    6.56008    31.6191    31.6753    24.6609    1477.58    1468.65 0.0000e+00
        660     26.000     8.0420     8.0326   3.319982   3.321414     2.4344     0.2800      41.09 4.9485e-02 0.0000e+00    81.0351    6.55816    31.7337    31.7574    24.7039    1479.01    1469.04 0.0000e+00
        680     27.000     8.0820     8.0787   3.327916   3.329252     2.4397     0.2800      88.30 4.9508e-02 0.0000e+00    81.0218    6.57582    31.7810    31.7982    24.7353    1479.23    1469.42 0.0000e+00
        701     28.000     8.1868     8.1696   3.345373   3.346782     2.4401     0.2800      99.06 4.9501e-02 0.0000e+00    81.0174    6.47970    31.8701    31.9007    24.7900    1479.76    1469.79 0.0000e+00
        721     29.000     8.8499     8.8113   3.440418   3.443548     2.4339     0.2609      83.54 4.9465e-02 0.0000e+00    80.9989    6.32716    32.2640    32.3317    24.9997    1482.75    1470.23 0.0000e+00
        741     30.000     9.0911     9.0785   3.482895   3.484648     2.4316     0.1950      39.16 4.9481e-02 0.0000e+00    81.0095    6.33696    32.4850    32.5146    25.1354    1483.93    1470.68 0.0000e+00
        762     31.000     9.5334     9.4933   3.562292   3.564338     2.4348     0.0909      94.41 4.9509e-02 0.0000e+00    81.0146    6.25523    32.8987    32.9566    25.3885    1486.08    1471.17 0.0000e+00
        782     32.000     9.9200     9.8993   3.627547   3.629634     2.4312     0.0860      34.66 4.9466e-02 0.0000e+00    80.8430    6.12844    33.2103    33.2506    25.5684    1487.88    1471.69 0.0000e+00
        802     33.000    10.0567    10.0502   3.656979   3.658701     2.4252     0.0606      50.84 4.9472e-02 0.0000e+00    80.7965    6.02890    33.3831    33.4066    25.6804    1488.60    1472.20 0.0000e+00
        822     34.000    10.0691    10.0658   3.665249   3.666901     2.4113     0.0065      38.06 4.9488e-02 0.0000e+00    80.8318    5.88434    33.4552    33.4751    25.7346    1488.75    1472.68 0.0000e+00
        843     35.000    10.0634    10.0605   3.678962   3.680749     2.3881    -0.0244      95.80 4.9453e-02 0.0000e+00    80.7254    5.73432    33.5994    33.6203    25.8481    1488.92    1473.14 0.0000e+00
        863     36.000    10.0499    10.0499   3.694054   3.695812     2.3607    -0.0648      90.09 4.9467e-02 0.0000e+00    80.6250    5.62841    33.7650    33.7829    25.9796    1489.09    1473.58 0.0000e+00
        884     37.000     9.9555     9.9586   3.697286   3.698843     2.3344    -0.0630      98.93 4.9488e-02 0.0000e+00    80.6052    5.56989    33.8859    33.8989    26.0899    1488.91    1473.99 0.0000e+00
        904     38.000     9.9526     9.9478   3.702736   3.704326     2.3103    -0.0543      93.94 4.9459e-02 0.0000e+00    80.6433    5.50585    33.9438    33.9645    26.1356    1488.99    1474.38 0.0000e+00
        924     39.000     9.9544     9.9525   3.705038   3.706660     2.2871    -0.0543      74.09 4.9495e-02 0.0000e+00    80.6272    5.45299    33.9651    33.9835    26.1520    1489.04    1474.75 0.0000e+00
        945     40.000     9.9392     9.9380   3.705129   3.706712     2.2664    -0.0673      98.40 4.9466e-02 0.0000e+00    80.6286    5.41899    33.9799    33.9972    26.1661    1489.02    1475.10 0.0000e+00
        965     41.000     9.8932     9.8938   3.701913   3.703465     2.2492    -0.0783      52.21 4.9446e-02 0.0000e+00    80.6975    5.41082    33.9899    34.0052    26.1816    1488.88    1475.44 0.0000e+00
        985     42.000     9.8807     9.8779   3.702727   3.704314     2.2355    -0.0653       7.51 4.9480e-02 0.0000e+00    80.7765    5.40559    34.0096    34.0285    26.1991    1488.88    1475.75 0.0000e+00
       1005     43.000     9.8794     9.8774   3.704534   3.706143     2.2253    -0.0750      80.20 4.9494e-02 0.0000e+00    80.8097    5.40333    34.0289    34.0472    26.2143    1488.91    1476.06 0.0000e+00
       1026     44.000     9.8694     9.8681   3.705254   3.706877     2.2170    -0.0638      57.31 4.9481e-02 0.0000e+00    80.8487    5.40332    34.0452    34.0630    26.2288    1488.91    1476.35 0.0000e+00
       1046     45.000     9.8423     9.8412   3.704963   3.706523     2.2110    -0.0708      62.22 4.9511e-02 0.0000e+00    80.9048    5.39954    34.0674    34.0844    26.2507    1488.86    1476.62 0.0000e+00
       1066     46.000     9.8294     9.8274   3.705814   3.707406     2.2052    -0.0765      37.49 4.9467e-02 0.0000e+00    80.8989    5.39857    34.0878    34.1060    26.2688    1488.85    1476.89 0.0000e+00
       1087     47.000     9.8179     9.8165   3.707427   3.709003     2.2018    -0.0690      97.30 4.9498e-02 0.0000e+00    80.9469    5.40431    34.1148    34.1323    26.2918    1488.86    1477.14 0.0000e+00
       1107     48.000     9.7787     9.7794   3.706039   3.707604     2.1990    -0.0696      98.79 4.9481e-02 0.0000e+00    80.9781    5.41005    34.1373    34.1527    26.3159    1488.76    1477.38 0.0000e+00
       1128     49.000     9.7436     9.7455   3.704089   3.705726     2.1973    -0.0764      82.53 4.9505e-02 0.0000e+00    81.0200    5.42271    34.1501    34.1651    26.3318    1488.67    1477.61 0.0000e+00
       1148     50.000     9.6967     9.6969   3.701298   3.702862     2.1970    -0.0767       9.59 4.9502e-02 0.0000e+00    81.0663    5.43710    34.1655    34.1814    26.3517    1488.53    1477.82 0.0000e+00
       1169     51.000     9.6627     9.6625   3.700154   3.701723     2.1969    -0.0728      60.48 4.9459e-02 0.0000e+00    81.0873    5.44236    34.1856    34.2020    26.3730    1488.45    1478.03 0.0000e+00
       1190     52.000     9.6011     9.6031   3.695591   3.697140     2.1969    -0.0727      99.13 4.9453e-02 0.0000e+00    81.0759    5.44098    34.1968    34.2109    26.3920    1488.26    1478.23 0.0000e+00
       1210     53.000     9.5657     9.5661   3.692838   3.694425     2.1950    -0.0766      98.80 4.9445e-02 0.0000e+00    81.0593    5.42493    34.2017    34.2177    26.4017    1488.15    1478.41 0.0000e+00
       1231     54.000     9.5584     9.5563   3.693805   3.695323     2.1924    -0.0805      88.07 4.9459e-02 0.0000e+00    81.0571    5.40943    34.2182    34.2359    26.4158    1488.16    1478.59 0.0000e+00
       1252     55.000     9.4965     9.4997   3.690421   3.691965     2.1892    -0.0805      66.23 4.9459e-02 0.0000e+00    81.0099    5.40078    34.2419    34.2548    26.4445    1487.98    1478.76 0.0000e+00
       1273     56.000     9.4423     9.4425   3.686353   3.687907     2.1852    -0.0714      51.89 4.9472e-02 0.0000e+00    80.9696    5.38856    34.2512    34.2671    26.4607    1487.81    1478.92 0.0000e+00
       1293     57.000     9.4290     9.4272   3.686270   3.687754     2.1811    -0.0805      85.02 4.9467e-02 0.0000e+00    80.9636    5.37944    34.2626    34.2797    26.4718    1487.79    1479.08 0.0000e+00
       1314     58.000     9.4193     9.4187   3.686697   3.688213     2.1775    -0.0694      56.33 4.9498e-02 0.0000e+00    80.9535    5.36742    34.2759    34.2921    26.4837    1487.79    1479.23 0.0000e+00
       1334     59.000     9.3491     9.3522   3.680744   3.682185     2.1730    -0.0762      96.41 4.9453e-02 0.0000e+00    80.9600    5.35640    34.2810    34.2930    26.4992    1487.56    1479.37 0.0000e+00
       1355     60.000     9.2899     9.2895   3.677807   3.679302     2.1685    -0.0694      62.60 4.9479e-02 0.0000e+00    80.9678    5.34715    34.3069    34.3228    26.5290    1487.39    1479.50 0.0000e+00
       1375     61.000     9.2740     9.2733   3.677074   3.678560     2.1639    -0.0801      98.68 4.9446e-02 0.0000e+00    81.0138    5.33706    34.3141    34.3302    26.5373    1487.36    1479.63 0.0000e+00
       1396     62.000     9.2531     9.2524   3.675755   3.677269     2.1596    -0.0732      92.95 4.9492e-02 0.0000e+00    81.0429    5.32791    34.3200    34.3364    26.5453    1487.30    1479.75 0.0000e+00
       1416     63.000     9.2147     9.2158   3.672790   3.674273     2.1551    -0.0645      36.30 4.9495e-02 0.0000e+00    81.0809    5.31691    34.3256    34.3400    26.5559    1487.19    1479.87 0.0000e+00
       1437     64.000     9.1751     9.1753   3.669602   3.671052     2.1507    -0.0694      98.89 4.9465e-02 0.0000e+00    81.1248    5.30156    34.3301    34.3450    26.5658    1487.06    1479.98 0.0000e+00
       1458     65.000     9.1304     9.1308   3.666854   3.668339     2.1452    -0.0717      57.48 4.9479e-02 0.0000e+00    81.1636    5.28099    34.3440    34.3591    26.5839    1486.93    1480.09 0.0000e+00
       1479     66.000     9.1015     9.1017   3.664957   3.666428     2.1391    -0.0788      98.90 4.9481e-02 0.0000e+00    81.2160    5.26324    34.3516    34.3668    26.5945    1486.85    1480.19 0.0000e+00
       1499     67.000     9.0659     9.0666   3.662912   3.664384     2.1334    -0.0833      57.69 4.9465e-02 0.0000e+00    81.2425    5.25137    34.3642    34.3789    26.6100    1486.75    1480.29 0.0000e+00
       1520     68.000     9.0479     9.0463   3.662303   3.663799     2.1276    -0.0786      98.51 4.9472e-02 0.0000e+00    81.2582    5.23059    34.3747    34.3919    26.6212    1486.72    1480.38 0.0000e+00
       1541     69.000     9.0522     9.0497   3.663558   3.665110     2.1213    -0.0692      75.92 4.9472e-02 0.0000e+00    81.3011    5.21090    34.3832    34.4019    26.6271    1486.76    1480.47 0.0000e+00
       1561     70.000     9.0260     9.0255   3.661862   3.663223     2.1155    -0.0747      98.14 4.9453e-02 0.0000e+00    81.2891    5.20558    34.3904    34.4051    26.6369    1486.69    1480.56 0.0000e+00
       1582     71.000     9.0259     9.0239   3.662455   3.663998     2.1109    -0.0729      98.29 4.9485e-02 0.0000e+00    81.3009    5.19660    34.3962    34.4143    26.6415    1486.71    1480.65 0.0000e+00
       1603     72.000     8.9962     8.9970   3.659734   3.661095     2.1062    -0.0772      27.48 4.9481e-02 0.0000e+00    81.3145    5.19213    34.3960    34.4094    26.6461    1486.62    1480.73 0.0000e+00
       1623     73.000     8.9260     8.9264   3.654312   3.655759     2.1026    -0.0682      92.40 4.9479e-02 0.0000e+00    81.3153    5.19413    34.4067    34.4215    26.6656    1486.39    1480.81 0.0000e+00
       1644     74.000     8.9152     8.9141   3.654209   3.655648     2.0987    -0.0694      74.69 4.9512e-02 0.0000e+00    81.3011    5.18158    34.4156    34.4318    26.6743    1486.38    1480.88 0.0000e+00
       1664     75.000     8.8896     8.8893   3.652647   3.654075     2.0950    -0.0745      93.59 4.9481e-02 0.0000e+00    81.2738    5.16573    34.4236    34.4389    26.6846    1486.31    1480.95 0.0000e+00
       1685     76.000     8.8478     8.8489   3.650088   3.651474     2.0900    -0.0714      79.56 4.9479e-02 0.0000e+00    81.2583    5.14318    34.4368    34.4503    26.7016    1486.19    1481.02 0.0000e+00
       1705     77.000     8.7862     8.7881   3.645860   3.647267     2.0842    -0.0706      89.48 4.9481e-02 0.0000e+00    81.2686    5.12495    34.4517    34.4647    26.7230    1485.99    1481.09 0.0000e+00
