_data/ctd/2022603/sta0165.cnv
* Sea-Bird SBE 9 Data File:
* FileName = C:\Seabird\CTDData\sta0165.hex
* Software Version Seasave V 7.21f
* Temperature SN = 6264
* Conductivity SN = 4928
* Number of Bytes Per Scan = 40
* Number of Voltage Words = 5
* Number of Scans Averaged by the Deck Unit = 1
* NMEA Latitude = 60 52.50 N
* NMEA Longitude = 005 25.79 E
* NMEA UTC (Time) = Feb 12 2022 17:24:18
* NMEA baud rate = 4800
** Ship: R/V "Kristine Bonnevie"
** Station: 0165
** Echodepth: 446
** Log: 0493.412
** Wind-Dir/Force: 19 18
** Air-temp (dry): 6.7
** Weather Sky:
** Sea:
# nquan = 19                                
# nvalues = 204                         
# units = specified
# name 0 = scan: Scan Count
# name 1 = prDM: Pressure, Digiquartz [db]
# name 2 = t068C: Temperature [ITS-68, deg C]
# name 3 = t168C: Temperature, 2 [ITS-68, deg C]
# name 4 = c0S/m: Conductivity [S/m]
# name 5 = c1S/m: Conductivity, 2 [S/m]
# name 6 = sbeox0V: Oxygen raw, SBE 43 [V]
# name 7 = flECO-AFL: Fluorescence, WET Labs ECO-AFL/FL [mg/m^3]
# name 8 = altM: Altimeter [m]
# name 9 = par: PAR/Irradiance, Biospherical/Licor
# name 10 = spar: SPAR/Surface Irradiance
# name 11 = CStarTr0: Beam Transmission, WET Labs C-Star [%]
# name 12 = sbeox0ML/L: Oxygen, SBE 43 [ml/l], WS = 2
# name 13 = sal00: Salinity, Practical [PSU]
# name 14 = sal11: Salinity, Practical, 2 [PSU]
# name 15 = sigma-t00: Density [sigma-t, Kg/m^3 ]
# name 16 = svCM: Sound Velocity [Chen-Millero, m/s]
# name 17 = avgsvCM: Average Sound Velocity [Chen-Millero, m/s], minP = 1, minS = 5
# name 18 = flag: flag
# span 0 =        470,       5302       
# span 1 =      9.000,    212.000       
# span 2 =     8.3228,    10.0417       
# span 3 =     8.3213,    10.0470       
# span 4 =   3.367800,   3.725433       
# span 5 =   3.370534,   3.726822       
# span 6 =     1.6425,     2.3653       
# span 7 =    -0.0798,     0.0708       
# span 8 =      26.12,     100.15       
# span 9 = 4.9439e-02, 6.5818e-02       
# span 10 = 0.0000e+00, 0.0000e+00      
# span 11 =    81.5706,    82.3766      
# span 12 =    3.82273,    6.19116      
# span 13 =    31.8909,    34.9447      
# span 14 =    31.9170,    34.9599      
# span 15 =    24.7701,    27.1815      
# span 16 =    1480.41,    1489.41      
# span 17 =    1480.41,    1486.16      
# span 18 = 0.0000e+00, 0.0000e+00      
# interval = decibars: 1                
# start_time = Feb 12 2022 17:24:20 [System UTC, header]
# bad_flag = -9.990e-29
*END*
        470      9.000     8.4340     8.4369   3.367800   3.370534     2.3582     0.0708      91.82 6.5818e-02 0.0000e+00    81.5706    6.19116    31.8909    31.9170    24.7701    1480.41    1480.41 0.0000e+00
        571     10.000     8.5166     8.5202   3.393303   3.396040     2.3591     0.0515      91.05 6.1929e-02 0.0000e+00    81.5906    6.17591    32.0832    32.1086    24.9085    1480.97    1480.46 0.0000e+00
        642     11.000     8.6400     8.6403   3.419189   3.421895     2.3608     0.0047      92.82 5.2197e-02 0.0000e+00    81.6746    6.18122    32.2416    32.2697    25.0141    1481.64    1480.57 0.0000e+00
        679     12.000     8.6317     8.6357   3.429282   3.432230     2.3653    -0.0175      95.30 4.9870e-02 0.0000e+00    81.5742    6.18020    32.3544    32.3816    25.1037    1481.77    1480.67 0.0000e+00
        713     13.000     8.8099     8.8139   3.458669   3.461916     2.3643    -0.0223      92.60 4.9808e-02 0.0000e+00    81.7579    6.12815    32.4979    32.5281    25.1890    1482.63    1480.82 0.0000e+00
        746     14.000     8.9798     8.9758   3.484150   3.485697     2.3644 -9.990e-29      98.82 4.9465e-02 0.0000e+00    81.7720    6.10936    32.6070    32.6267    25.2482    1483.41    1481.00 0.0000e+00
        777     15.000     9.0404     9.0400   3.499779   3.501156     2.3632 -9.990e-29      48.72 4.9470e-02 0.0000e+00    81.7616    6.06305    32.7132    32.7279    25.3219    1483.78    1481.19 0.0000e+00
        808     16.000     8.8513     8.8541   3.490126   3.491099     2.3563 -9.990e-29      53.85 4.9470e-02 0.0000e+00    81.7966    6.00970    32.7866    32.7942    25.4087    1483.18    1481.31 0.0000e+00
        837     17.000     8.9247     8.9202   3.505132   3.506217     2.3434 -9.990e-29      96.95 4.9449e-02 0.0000e+00    81.8150    5.94665    32.8748    32.8902    25.4663    1483.58    1481.45 0.0000e+00
        864     18.000     9.0625     9.0438   3.529952   3.530732     2.3366 -9.990e-29      48.11 4.9461e-02 0.0000e+00    81.8536    5.95964    33.0049    33.0303    25.5466    1484.27    1481.60 0.0000e+00
        890     19.000     9.3863     9.3800   3.574675   3.575913     2.3357 -9.990e-29      70.01 4.9471e-02 0.0000e+00    81.8389    5.95779    33.1672    33.1858    25.6221    1485.67    1481.82 0.0000e+00
        916     20.000     9.3035     9.2991   3.573632   3.574559     2.3390 -9.990e-29      73.94 4.9471e-02 0.0000e+00    81.8622    5.94226    33.2329    33.2465    25.6867    1485.47    1482.00 0.0000e+00
        941     21.000     9.4961     9.4873   3.598667   3.599842     2.3310 -9.990e-29      40.50 4.9462e-02 0.0000e+00    81.8641    5.81025    33.3116    33.3319    25.7172    1486.28    1482.20 0.0000e+00
        965     22.000     9.4533     9.4603   3.597294   3.598699     2.3207 -9.990e-29      95.60 4.9472e-02 0.0000e+00    81.9182    5.78148    33.3368    33.3448    25.7439    1486.18    1482.38 0.0000e+00
        990     23.000     9.3198     9.3185   3.587695   3.588926     2.3097 -9.990e-29      45.84 4.9462e-02 0.0000e+00    81.9631    5.73596    33.3617    33.3757    25.7849    1485.73    1482.53 0.0000e+00
       1014     24.000     9.5391     9.5263   3.618275   3.619637     2.2954 -9.990e-29      91.49 4.9474e-02 0.0000e+00    81.9415    5.66911    33.4720    33.4979    25.8356    1486.69    1482.70 0.0000e+00
       1037     25.000     9.6575     9.6505   3.634885   3.636105     2.2877 -9.990e-29      50.01 4.9469e-02 0.0000e+00    81.9657    5.69504    33.5317    33.5508    25.8629    1487.21    1482.88 0.0000e+00
       1060     26.000     9.8358     9.8233   3.659859   3.661496     2.2854 -9.990e-29      66.13 4.9457e-02 0.0000e+00    81.9944    5.67410    33.6206    33.6491    25.9028    1487.98    1483.08 0.0000e+00
       1083     27.000     9.9511     9.9487   3.675759   3.677160     2.2810 -9.990e-29      59.15 4.9457e-02 0.0000e+00    81.9955    5.62634    33.6749    33.6915    25.9259    1488.48    1483.27 0.0000e+00
       1106     28.000     9.9499     9.9469   3.678241   3.679602     2.2748    -0.0593      72.68 4.9457e-02 0.0000e+00    82.0289    5.56610    33.7009    33.7176    25.9464    1488.52    1483.46 0.0000e+00
       1130     29.000     9.9671     9.9647   3.684333   3.685787     2.2621    -0.0618      70.65 4.9462e-02 0.0000e+00    82.0540    5.48355    33.7465    33.7636    25.9791    1488.65    1483.64 0.0000e+00
       1153     30.000    10.0364    10.0294   3.699717   3.701245     2.2484    -0.0558      57.30 4.9451e-02 0.0000e+00    82.0537    5.44467    33.8380    33.8601    26.0389    1489.03    1483.82 0.0000e+00
       1176     31.000    10.0417    10.0470   3.702017   3.703405     2.2386    -0.0656      81.05 4.9469e-02 0.0000e+00    82.0615    5.43742    33.8560    33.8652    26.0520    1489.09    1483.99 0.0000e+00
       1199     32.000     9.8378     9.8399   3.683783   3.685194     2.2291    -0.0646      49.48 4.9457e-02 0.0000e+00    82.0926    5.40537    33.8607    33.8732    26.0900    1488.38    1484.13 0.0000e+00
       1222     33.000     9.8465     9.8517   3.688197   3.689814     2.2150    -0.0645      90.87 4.9477e-02 0.0000e+00    82.1022    5.34573    33.8973    33.9089    26.1171    1488.47    1484.26 0.0000e+00
       1244     34.000     9.8034     9.8017   3.686750   3.688138     2.2042    -0.0610      38.81 4.9457e-02 0.0000e+00    82.1080    5.36533    33.9226    33.9384    26.1441    1488.36    1484.38 0.0000e+00
       1267     35.000     9.8538     9.8483   3.694376   3.695640     2.1981    -0.0700      96.74 4.9457e-02 0.0000e+00    82.0925    5.37011    33.9527    33.9708    26.1592    1488.60    1484.50 0.0000e+00
       1290     36.000     9.9252     9.9165   3.704655   3.705780     2.1944    -0.0641      45.63 4.9496e-02 0.0000e+00    82.0999    5.37876    33.9901    34.0098    26.1764    1488.92    1484.62 0.0000e+00
       1312     37.000     9.9170     9.9167   3.707288   3.708585     2.1938    -0.0660      98.94 4.9469e-02 0.0000e+00    82.0875    5.39160    34.0243    34.0378    26.2044    1488.94    1484.74 0.0000e+00
       1334     38.000     9.8553     9.8546   3.703602   3.704972     2.1928    -0.0645      44.65 4.9452e-02 0.0000e+00    82.1107    5.37398    34.0443    34.0590    26.2305    1488.76    1484.84 0.0000e+00
       1357     39.000     9.9111     9.9046   3.712094   3.713492     2.1881    -0.0757      99.25 4.9463e-02 0.0000e+00    82.1270    5.32323    34.0780    34.0985    26.2474    1489.02    1484.95 0.0000e+00
       1380     40.000     9.9984     9.9937   3.724583   3.726027     2.1817    -0.0641      52.61 4.9469e-02 0.0000e+00    82.1027    5.29315    34.1227    34.1418    26.2675    1489.41    1485.06 0.0000e+00
       1403     41.000     9.9910     9.9919   3.725433   3.726822     2.1769    -0.0703      91.11 4.9463e-02 0.0000e+00    82.1178    5.28310    34.1379    34.1512    26.2807    1489.41    1485.17 0.0000e+00
       1426     42.000     9.8330     9.8417   3.709915   3.711386     2.1711    -0.0706      52.02 4.9445e-02 0.0000e+00    82.1354    5.25756    34.1283    34.1351    26.2998    1488.85    1485.25 0.0000e+00
       1449     43.000     9.8041     9.8005   3.709732   3.711013     2.1609    -0.0686      85.42 4.9445e-02 0.0000e+00    82.1619    5.20491    34.1533    34.1699    26.3242    1488.79    1485.34 0.0000e+00
       1472     44.000     9.8373     9.8335   3.714495   3.715875     2.1512    -0.0611      65.58 4.9475e-02 0.0000e+00    82.1712    5.20627    34.1702    34.1879    26.3318    1488.95    1485.42 0.0000e+00
       1495     45.000     9.8174     9.8176   3.715144   3.716541     2.1472    -0.0571      73.43 4.9475e-02 0.0000e+00    82.1650    5.22531    34.1953    34.2094    26.3547    1488.92    1485.49 0.0000e+00
       1518     46.000     9.6960     9.7053   3.705864   3.707301     2.1438    -0.0558      70.85 4.9469e-02 0.0000e+00    82.1627    5.22963    34.2150    34.2209    26.3904    1488.53    1485.56 0.0000e+00
       1541     47.000     9.5940     9.5950   3.697849   3.699197     2.1397    -0.0591      65.76 4.9471e-02 0.0000e+00    82.1686    5.21289    34.2292    34.2421    26.4184    1488.19    1485.62 0.0000e+00
       1563     48.000     9.5948     9.5932   3.700940   3.702329     2.1339    -0.0688      76.39 4.9463e-02 0.0000e+00    82.1858    5.19422    34.2598    34.2757    26.4423    1488.25    1485.67 0.0000e+00
       1586     49.000     9.5432     9.5477   3.697767   3.699220     2.1299    -0.0798      61.52 4.9471e-02 0.0000e+00    82.1683    5.20777    34.2759    34.2866    26.4634    1488.10    1485.72 0.0000e+00
       1608     50.000     9.5165     9.5168   3.697680   3.699122     2.1275    -0.0750      82.33 4.9464e-02 0.0000e+00    82.1577    5.20373    34.3001    34.3147    26.4867    1488.04    1485.77 0.0000e+00
       1630     51.000     9.4930     9.4917   3.696683   3.697954     2.1238    -0.0664      60.43 4.9463e-02 0.0000e+00    82.1184    5.18624    34.3118    34.3262    26.4997    1487.99    1485.81 0.0000e+00
       1653     52.000     9.4656     9.4664   3.695147   3.696514     2.1203    -0.0789      88.38 4.9439e-02 0.0000e+00    82.1480    5.18054    34.3217    34.3351    26.5120    1487.92    1485.85 0.0000e+00
       1675     53.000     9.4423     9.4410   3.694405   3.695748     2.1162    -0.0658      61.34 4.9484e-02 0.0000e+00    82.1465    5.15169    34.3359    34.3511    26.5269    1487.87    1485.89 0.0000e+00
       1697     54.000     9.3907     9.3924   3.691611   3.692881     2.1100    -0.0758      91.87 4.9475e-02 0.0000e+00    82.1448    5.12820    34.3561    34.3676    26.5511    1487.72    1485.92 0.0000e+00
       1720     55.000     9.3333     9.3342   3.688328   3.689627     2.1032    -0.0654      82.45 4.9458e-02 0.0000e+00    82.1620    5.09418    34.3767    34.3893    26.5766    1487.55    1485.95 0.0000e+00
       1742     56.000     9.2857     9.2881   3.685641   3.687008     2.0939    -0.0700      71.21 4.9475e-02 0.0000e+00    82.1757    5.06132    34.3942    34.4060    26.5980    1487.42    1485.98 0.0000e+00
       1765     57.000     9.2457     9.2460   3.683523   3.684832     2.0853    -0.0691      79.03 4.9463e-02 0.0000e+00    82.1726    5.04448    34.4102    34.4235    26.6171    1487.31    1486.00 0.0000e+00
       1787     58.000     9.2056     9.2070   3.681405   3.682759     2.0772    -0.0709      80.24 4.9458e-02 0.0000e+00    82.1686    5.03684    34.4264    34.4391    26.6362    1487.20    1486.02 0.0000e+00
       1810     59.000     9.1729     9.1729   3.679766   3.681088     2.0712    -0.0691      77.10 4.9493e-02 0.0000e+00    82.1727    5.03700    34.4404    34.4542    26.6525    1487.11    1486.04 0.0000e+00
       1832     60.000     9.1513     9.1512   3.678772   3.680040     2.0661    -0.0574      85.69 4.9483e-02 0.0000e+00    82.1840    5.03267    34.4505    34.4638    26.6639    1487.06    1486.06 0.0000e+00
       1855     61.000     9.0985     9.1007   3.676084   3.677407     2.0620    -0.0626      79.97 4.9464e-02 0.0000e+00    82.1605    5.03526    34.4730    34.4847    26.6900    1486.91    1486.07 0.0000e+00
       1877     62.000     9.0723     9.0710   3.674830   3.676109     2.0585    -0.0608      90.27 4.9494e-02 0.0000e+00    82.1551    5.03048    34.4848    34.4995    26.7035    1486.84    1486.08 0.0000e+00
       1899     63.000     9.0420     9.0425   3.673248   3.674557     2.0555    -0.0654      89.79 4.9465e-02 0.0000e+00    82.1466    5.03042    34.4972    34.5104    26.7180    1486.76    1486.09 0.0000e+00
       1922     64.000     9.0089     9.0086   3.671751   3.673038     2.0527    -0.0669      96.28 4.9445e-02 0.0000e+00    82.0975    5.02898    34.5132    34.5270    26.7358    1486.68    1486.10 0.0000e+00
       1944     65.000     8.9848     8.9851   3.670607   3.671907     2.0505    -0.0655      93.38 4.9483e-02 0.0000e+00    82.1284    5.02101    34.5241    34.5375    26.7483    1486.62    1486.11 0.0000e+00
       1967     66.000     8.9366     8.9373   3.668091   3.669382     2.0469    -0.0654      98.20 4.9477e-02 0.0000e+00    82.1225    5.00608    34.5442    34.5570    26.7716    1486.48    1486.12 0.0000e+00
       1989     67.000     8.9014     8.9011   3.666748   3.667995     2.0432    -0.0665      98.80 4.9475e-02 0.0000e+00    82.1416    4.99008    34.5639    34.5772    26.7927    1486.39    1486.12 0.0000e+00
       2012     68.000     8.8814     8.8804   3.665931   3.667199     2.0379    -0.0655      50.98 4.9477e-02 0.0000e+00    82.1126    4.95338    34.5743    34.5886    26.8040    1486.35    1486.12 0.0000e+00
       2034     69.000     8.8619     8.8610   3.665232   3.666510     2.0304    -0.0585      98.48 4.9469e-02 0.0000e+00    82.0883    4.91954    34.5855    34.5998    26.8159    1486.31    1486.13 0.0000e+00
       2057     70.000     8.8526     8.8511   3.664828   3.666090     2.0230    -0.0620      46.45 4.9481e-02 0.0000e+00    82.0577    4.91658    34.5898    34.6046    26.8208    1486.29    1486.13 0.0000e+00
       2080     71.000     8.8337     8.8333   3.663979   3.665256     2.0186    -0.0631      81.86 4.9496e-02 0.0000e+00    82.0558    4.93474    34.5989    34.6127    26.8308    1486.25    1486.13 0.0000e+00
       2102     72.000     8.8167     8.8154   3.663371   3.664639     2.0169    -0.0647      99.03 4.9450e-02 0.0000e+00    82.0850    4.94635    34.6086    34.6232    26.8411    1486.22    1486.13 0.0000e+00
       2125     73.000     8.8118     8.8104   3.663258   3.664531     2.0151    -0.0610      93.40 4.9463e-02 0.0000e+00    82.0636    4.93291    34.6117    34.6265    26.8444    1486.22    1486.13 0.0000e+00
       2148     74.000     8.8020     8.8010   3.662784   3.664063     2.0121    -0.0632      98.72 4.9477e-02 0.0000e+00    82.0524    4.91871    34.6158    34.6303    26.8491    1486.20    1486.14 0.0000e+00
       2170     75.000     8.7858     8.7850   3.662024   3.663302     2.0093    -0.0612      92.37 4.9463e-02 0.0000e+00    82.0509    4.91400    34.6232    34.6374    26.8575    1486.17    1486.14 0.0000e+00
       2192     76.000     8.7683     8.7676   3.661299   3.662574     2.0068    -0.0644      98.16 4.9458e-02 0.0000e+00    82.0416    4.91132    34.6322    34.6463    26.8673    1486.13    1486.14 0.0000e+00
       2215     77.000     8.7434     8.7433   3.660159   3.661425     2.0042    -0.0673      94.70 4.9487e-02 0.0000e+00    82.0714    4.89680    34.6440    34.6575    26.8805    1486.07    1486.13 0.0000e+00
       2237     78.000     8.7287     8.7277   3.659825   3.661103     2.0002    -0.0679      32.67 4.9502e-02 0.0000e+00    82.0453    4.87158    34.6544    34.6689    26.8909    1486.05    1486.13 0.0000e+00
       2260     79.000     8.7205     8.7197   3.659542   3.660820     1.9952    -0.0674      98.82 4.9477e-02 0.0000e+00    82.0406    4.84874    34.6590    34.6733    26.8958    1486.04    1486.13 0.0000e+00
       2282     80.000     8.6981     8.6980   3.658545   3.659824     1.9895    -0.0625      29.28 4.9463e-02 0.0000e+00    82.0454    4.83031    34.6700    34.6836    26.9079    1485.99    1486.13 0.0000e+00
       2304     81.000     8.6806     8.6797   3.657928   3.659205     1.9843    -0.0617      94.42 4.9477e-02 0.0000e+00    82.0518    4.82183    34.6801    34.6945    26.9186    1485.95    1486.13 0.0000e+00
       2326     82.000     8.6716     8.6703   3.657622   3.658887     1.9798    -0.0655      94.59 4.9471e-02 0.0000e+00    82.0484    4.81277    34.6852    34.6999    26.9241    1485.94    1486.13 0.0000e+00
       2349     83.000     8.6665     8.6651   3.657423   3.658684     1.9751    -0.0666      93.34 4.9471e-02 0.0000e+00    82.0331    4.79513    34.6877    34.7024    26.9268    1485.94    1486.12 0.0000e+00
       2371     84.000     8.6580     8.6568   3.657176   3.658447     1.9702    -0.0645      98.45 4.9475e-02 0.0000e+00    82.0411    4.78241    34.6929    34.7075    26.9322    1485.93    1486.12 0.0000e+00
