_data/ctd/2022603/sta0204.cnv
* Sea-Bird SBE 9 Data File:
* FileName = C:\Seabird\CTDData\sta0204.hex
* Software Version Seasave V 7.21f
* Temperature SN = 6264
* Conductivity SN = 4928
* Number of Bytes Per Scan = 40
* Number of Voltage Words = 5
* Number of Scans Averaged by the Deck Unit = 1
* NMEA Latitude = 61 02.85 N
* NMEA Longitude = 005 24.61 E
* NMEA UTC (Time) = Feb 15 2022 12:53:07
* NMEA baud rate = 4800
** Ship: R/V "Kristine Bonnevie"
** Station: 0204
** Echodepth: 1244
** Log: 0849.189
** Wind-Dir/Force: 21 03
** Air-temp (dry): 4.4
** Weather Sky:
** Sea:
# nquan = 19                                
# nvalues = 1249                        
# units = specified
# name 0 = scan: Scan Count
# name 1 = prDM: Pressure, Digiquartz [db]
# name 2 = t068C: Temperature [ITS-68, deg C]
# name 3 = t168C: Temperature, 2 [ITS-68, deg C]
# name 4 = c0S/m: Conductivity [S/m]
# name 5 = c1S/m: Conductivity, 2 [S/m]
# name 6 = sbeox0V: Oxygen raw, SBE 43 [V]
# name 7 = flECO-AFL: Fluorescence, WET Labs ECO-AFL/FL [mg/m^3]
# name 8 = altM: Altimeter [m]
# name 9 = par: PAR/Irradiance, Biospherical/Licor
# name 10 = spar: SPAR/Surface Irradiance
# name 11 = CStarTr0: Beam Transmission, WET Labs C-Star [%]
# name 12 = sbeox0ML/L: Oxygen, SBE 43 [ml/l], WS = 2
# name 13 = sal00: Salinity, Practical [PSU]
# name 14 = sal11: Salinity, Practical, 2 [PSU]
# name 15 = sigma-t00: Density [sigma-t, Kg/m^3 ]
# name 16 = svCM: Sound Velocity [Chen-Millero, m/s]
# name 17 = avgsvCM: Average Sound Velocity [Chen-Millero, m/s], minP = 1, minS = 5
# name 18 = flag: flag
# span 0 =         -5,      27634       
# span 1 =      3.000,   1251.000       
# span 2 =     6.2260,     9.3233       
# span 3 =     6.2244,     9.3220       
# span 4 =   3.117172,   3.678623       
# span 5 =   3.117617,   3.680047       
# span 6 =     1.5452,     2.4372       
# span 7 =    -0.0965,     0.5938       
# span 8 =       6.73,     100.27       
# span 9 = 4.9063e-02, 1.2186e+02       
# span 10 = 1.2791e+02, 3.4048e+02      
# span 11 =    77.6618,    81.5198      
# span 12 =    4.09426,    6.82298      
# span 13 =    31.1755,    35.0249      
# span 14 =    31.1855,    35.0410      
# span 15 =    24.5011,    27.3650      
# span 16 =    1470.99,    1501.39      
# span 17 =    1470.99,    1491.49      
# span 18 = 0.0000e+00, 0.0000e+00      
# interval = decibars: 1                
# start_time = Feb 15 2022 12:53:09 [System UTC, header]
# bad_flag = -9.990e-29
*END*
[from data line 305]
       6199    308.000     7.8296     7.8282   3.617957   3.619328     2.0883    -0.0851      83.48 4.9494e-02 1.3591e+02    81.4642    5.47564    34.9878    35.0040    27.2900    1486.87    1484.83 0.0000e+00
       6219    309.000     7.8296     7.8281   3.617999   3.619370     2.0889    -0.0665      96.85 4.9481e-02 1.3571e+02    81.4567    5.48015    34.9878    35.0040    27.2900    1486.89    1484.84 0.0000e+00
       6239    310.000     7.8295     7.8280   3.618039   3.619411     2.0892    -0.0589      81.55 4.9495e-02 1.3471e+02    81.4444    5.47841    34.9878    35.0041    27.2901    1486.91    1484.85 0.0000e+00
       6259    311.000     7.8292     7.8278   3.618079   3.619457     2.0895    -0.0573      90.78 4.9474e-02 1.3391e+02    81.4750    5.47536    34.9881    35.0043    27.2903    1486.92    1484.85 0.0000e+00
       6280    312.000     7.8291     7.8277   3.618123   3.619506     2.0890    -0.0562      87.55 4.9502e-02 1.3391e+02    81.4805    5.47026    34.9881    35.0044    27.2904    1486.94    1484.86 0.0000e+00
       6300    313.000     7.8291     7.8276   3.618172   3.619546     2.0887    -0.0573      86.95 4.9485e-02 1.3391e+02    81.4945    5.47126    34.9882    35.0045    27.2904    1486.95    1484.87 0.0000e+00
       6320    314.000     7.8290     7.8276   3.618220   3.619598     2.0883    -0.0783      85.22 4.9481e-02 1.3391e+02    81.4858    5.47056    34.9883    35.0046    27.2906    1486.97    1484.87 0.0000e+00
       6341    315.000     7.8286     7.8272   3.618253   3.619630     2.0882    -0.0890      73.78 4.9516e-02 1.3391e+02    81.4919    5.47149    34.9886    35.0048    27.2908    1486.99    1484.88 0.0000e+00
       6361    316.000     7.8285     7.8271   3.618286   3.619679     2.0878    -0.0872      91.52 4.9485e-02 1.3343e+02    81.4912    5.46794    34.9886    35.0050    27.2908    1487.00    1484.89 0.0000e+00
       6382    317.000     7.8283     7.8269   3.618339   3.619712     2.0873    -0.0606      69.74 4.9495e-02 1.3199e+02    81.4771    5.46788    34.9889    35.0050    27.2911    1487.02    1484.89 0.0000e+00
       6402    318.000     7.8274     7.8260   3.618337   3.619718     2.0870    -0.0588      93.43 4.9499e-02 1.3191e+02    81.5006    5.47001    34.9893    35.0055    27.2915    1487.03    1484.90 0.0000e+00
       6422    319.000     7.8269     7.8255   3.618371   3.619749     2.0870    -0.0634      49.97 4.9488e-02 1.3191e+02    81.4927    5.47273    34.9896    35.0059    27.2919    1487.05    1484.91 0.0000e+00
       6443    320.000     7.8265     7.8252   3.618417   3.619786     2.0867    -0.0645      98.73 4.9479e-02 1.3191e+02    81.4776    5.46960    34.9901    35.0061    27.2923    1487.06    1484.91 0.0000e+00
       6464    321.000     7.8263     7.8248   3.618444   3.619819     2.0864    -0.0889      43.60 4.9492e-02 1.3191e+02    81.4809    5.47220    34.9901    35.0064    27.2923    1487.08    1484.92 0.0000e+00
       6485    322.000     7.8259     7.8246   3.618476   3.619858     2.0866    -0.0867      99.03 4.9505e-02 1.3191e+02    81.4971    5.47851    34.9903    35.0065    27.2926    1487.09    1484.93 0.0000e+00
       6506    323.000     7.8249     7.8235   3.618473   3.619848     2.0869    -0.0673      29.14 4.9525e-02 1.3182e+02    81.4817    5.48104    34.9908    35.0070    27.2931    1487.11    1484.93 0.0000e+00
       6527    324.000     7.8227     7.8213   3.618419   3.619789     2.0874    -0.0732      98.12 4.9473e-02 1.3180e+02    81.4775    5.48045    34.9919    35.0081    27.2943    1487.12    1484.94 0.0000e+00
       6547    325.000     7.8223     7.8210   3.618446   3.619816     2.0870    -0.0846      25.16 4.9474e-02 1.3044e+02    81.4695    5.47960    34.9922    35.0082    27.2946    1487.13    1484.95 0.0000e+00
       6568    326.000     7.8213     7.8200   3.618431   3.619812     2.0875    -0.0591      99.17 4.9488e-02 1.2991e+02    81.4848    5.48130    34.9925    35.0087    27.2950    1487.14    1484.95 0.0000e+00
       6588    327.000     7.8208     7.8195   3.618456   3.619827     2.0871    -0.0583      98.80 4.9465e-02 1.2991e+02    81.4872    5.48162    34.9928    35.0089    27.2953    1487.16    1484.96 0.0000e+00
       6609    328.000     7.8204     7.8189   3.618464   3.619845     2.0875    -0.0558      93.42 4.9502e-02 1.2991e+02    81.4819    5.48743    34.9928    35.0092    27.2954    1487.17    1484.97 0.0000e+00
       6629    329.000     7.8195     7.8181   3.618465   3.619833     2.0878 -9.990e-29      98.82 4.9479e-02 1.2991e+02    81.4768    5.49036    34.9932    35.0094    27.2958    1487.19    1484.97 0.0000e+00
       6649    330.000     7.8190     7.8176   3.618477   3.619856     2.0885 -9.990e-29      89.08 4.9495e-02 1.2991e+02    81.4855    5.49514    34.9934    35.0096    27.2960    1487.20    1484.98 0.0000e+00
       6670    331.000     7.8185     7.8171   3.618495   3.619860     2.0891 -9.990e-29      98.82 4.9479e-02 1.2991e+02    81.4772    5.49520    34.9936    35.0097    27.2963    1487.22    1484.99 0.0000e+00
       6690    332.000     7.8180     7.8164   3.618521   3.619884     2.0889 -9.990e-29      88.03 1.0951e-01 1.2991e+02    81.4584    5.48945    34.9939    35.0102    27.2966    1487.23    1484.99 0.0000e+00
       6711    333.000     7.8171     7.8156   3.618521   3.619894     2.0890    -0.0711      27.00 4.9063e-02 1.2991e+02    81.4802    5.49221    34.9943    35.0106    27.2970    1487.25    1485.00 0.0000e+00
       6731    334.000     7.8162     7.8148   3.618514   3.619894     2.0889    -0.0818      99.30 4.9488e-02 1.2991e+02    81.4670    5.49464    34.9946    35.0109    27.2974    1487.26    1485.01 0.0000e+00
       6751    335.000     7.8158     7.8145   3.618528   3.619902     2.0894    -0.0556      41.55 4.9488e-02 1.2991e+02    81.4780    5.49878    34.9947    35.0108    27.2975    1487.27    1485.01 0.0000e+00
       6771    336.000     7.8148     7.8135   3.618493   3.619875     2.0895    -0.0558      85.90 4.9472e-02 1.2991e+02    81.4497    5.50062    34.9949    35.0110    27.2978    1487.29    1485.02 0.0000e+00
       6791    337.000     7.8137     7.8123   3.618447   3.619824     2.0901    -0.0558      43.68 4.9522e-02 1.2991e+02    81.4741    5.50268    34.9950    35.0112    27.2981    1487.30    1485.03 0.0000e+00
       6812    338.000     7.8126     7.8112   3.618421   3.619801     2.0901 -9.990e-29      76.54 4.9494e-02 1.2881e+02    81.4588    5.50273    34.9953    35.0116    27.2985    1487.31    1485.03 0.0000e+00
       6832    339.000     7.8123     7.8109   3.618455   3.619830     2.0904 -9.990e-29      56.55 4.9472e-02 1.2969e+02    81.4701    5.50104    34.9955    35.0117    27.2987    1487.33    1485.04 0.0000e+00
       6852    340.000     7.8120     7.8105   3.618487   3.619862     2.0901 -9.990e-29      64.63 4.9488e-02 1.2924e+02    81.4464    5.49780    34.9957    35.0120    27.2988    1487.34    1485.05 0.0000e+00
       6872    341.000     7.8113     7.8099   3.618471   3.619845     2.0898 -9.990e-29      98.31 4.9488e-02 1.2813e+02    81.4768    5.50030    34.9957    35.0119    27.2990    1487.36    1485.05 0.0000e+00
       6893    342.000     7.8103     7.8089   3.618431   3.619812     2.0901 -9.990e-29      88.68 4.9495e-02 1.2830e+02    81.4738    5.49779    34.9958    35.0121    27.2992    1487.37    1485.06 0.0000e+00
       6913    343.000     7.8100     7.8086   3.618455   3.619829     2.0890 -9.990e-29      86.98 4.9481e-02 1.2791e+02    81.4722    5.49244    34.9959    35.0121    27.2993    1487.39    1485.07 0.0000e+00
       6933    344.000     7.8096     7.8082   3.618468   3.619836     2.0892 -9.990e-29      88.77 4.9472e-02 1.2791e+02    81.4774    5.49770    34.9959    35.0121    27.2994    1487.40    1485.07 0.0000e+00
       6953    345.000     7.8095     7.8080   3.618502   3.619875     2.0885 -9.990e-29      89.75 4.9481e-02 1.2791e+02    81.4631    5.49359    34.9959    35.0122    27.2994    1487.42    1485.08 0.0000e+00
       6973    346.000     7.8090     7.8075   3.618497   3.619884     2.0883 -9.990e-29      89.19 4.9488e-02 1.2791e+02    81.4579    5.49650    34.9959    35.0123    27.2995    1487.43    1485.09 0.0000e+00
       6993    347.000     7.8085     7.8070   3.618530   3.619900     2.0881    -0.0558      80.33 4.9488e-02 1.2791e+02    81.4527    5.49467    34.9963    35.0125    27.2998    1487.45    1485.09 0.0000e+00
       7013    348.000     7.8085     7.8070   3.618583   3.619962     2.0878    -0.0579      94.25 4.9488e-02 1.2791e+02    81.4623    5.49413    34.9963    35.0127    27.2999    1487.46    1485.10 0.0000e+00
       7034    349.000     7.8085     7.8071   3.618626   3.620012     2.0874    -0.0888      71.47 4.9488e-02 1.2791e+02    81.4731    5.49519    34.9963    35.0127    27.2999    1487.48    1485.11 0.0000e+00
       7054    350.000     7.8084     7.8071   3.618665   3.620051     2.0871    -0.0878      98.94 4.9481e-02 1.2791e+02    81.4642    5.49704    34.9964    35.0126    27.2999    1487.50    1485.11 0.0000e+00
       7074    351.000     7.8079     7.8066   3.618655   3.620046     2.0873    -0.0770      64.64 4.9502e-02 1.2791e+02    81.4487    5.49991    34.9963    35.0126    27.2999    1487.51    1485.12 0.0000e+00
       7094    352.000     7.8075     7.8061   3.618670   3.620057     2.0873    -0.0571      98.88 4.9479e-02 1.2791e+02    81.4562    5.49952    34.9963    35.0127    27.3001    1487.52    1485.13 0.0000e+00
       7114    353.000     7.8073     7.8059   3.618700   3.620076     2.0871    -0.0559      60.15 4.9468e-02 1.2791e+02    81.4680    5.49621    34.9964    35.0126    27.3001    1487.54    1485.14 0.0000e+00
       7134    354.000     7.8073     7.8059   3.618748   3.620127     2.0867    -0.0573      94.97 4.9499e-02 1.2791e+02    81.4670    5.49347    34.9964    35.0127    27.3001    1487.56    1485.14 0.0000e+00
       7155    355.000     7.8070     7.8056   3.618770   3.620152     2.0861    -0.0725      63.73 4.9502e-02 1.2791e+02    81.4647    5.49196    34.9965    35.0128    27.3002    1487.57    1485.15 0.0000e+00
       7175    356.000     7.8070     7.8055   3.618821   3.620200     2.0860    -0.0877      93.66 4.9505e-02 1.2791e+02    81.4591    5.49924    34.9965    35.0129    27.3003    1487.59    1485.16 0.0000e+00
       7195    357.000     7.8068     7.8053   3.618852   3.620225     2.0861    -0.0878      67.82 4.9488e-02 1.2791e+02    81.4660    5.49860    34.9966    35.0129    27.3004    1487.60    1485.16 0.0000e+00
       7215    358.000     7.8058     7.8044   3.618809   3.620179     2.0859    -0.0605      87.27 4.9481e-02 1.2791e+02    81.4535    5.49691    34.9967    35.0128    27.3005    1487.62    1485.17 0.0000e+00
       7235    359.000     7.8043     7.8029   3.618723   3.620103     2.0856    -0.0787      70.75 4.9488e-02 1.2791e+02    81.4606    5.49631    34.9967    35.0130    27.3008    1487.63    1485.18 0.0000e+00
       7255    360.000     7.8039     7.8024   3.618741   3.620108     2.0855    -0.0864      75.18 4.9481e-02 1.2791e+02    81.4619    5.49668    34.9969    35.0131    27.3010    1487.64    1485.18 0.0000e+00
       7276    361.000     7.8030     7.8018   3.618714   3.620100     2.0850    -0.0877      78.59 4.9488e-02 1.2791e+02    81.4703    5.49591    34.9970    35.0131    27.3012    1487.66    1485.19 0.0000e+00
       7295    362.000     7.8023     7.8009   3.618707   3.620095     2.0849    -0.0605      62.83 4.9488e-02 1.2791e+02    81.4552    5.49409    34.9971    35.0135    27.3014    1487.67    1485.20 0.0000e+00
       7315    363.000     7.8017     7.8002   3.618716   3.620089     2.0843    -0.0564      87.05 4.9474e-02 1.2791e+02    81.4497    5.49084    34.9973    35.0136    27.3017    1487.69    1485.20 0.0000e+00
       7335    364.000     7.8013     7.8000   3.618734   3.620114     2.0838    -0.0658      45.27 4.9460e-02 1.2791e+02    81.4253    5.48755    34.9975    35.0136    27.3018    1487.70    1485.21 0.0000e+00
       7355    365.000     7.8003     7.7990   3.618689   3.620074     2.0830    -0.0606      97.53 4.9467e-02 1.2791e+02    81.4520    5.48895    34.9975    35.0137    27.3020    1487.71    1485.22 0.0000e+00
       7375    366.000     7.7987     7.7973   3.618589   3.619968     2.0828    -0.0920      25.12 4.9490e-02 1.2791e+02    81.4542    5.49338    34.9975    35.0138    27.3023    1487.72    1485.22 0.0000e+00
       7395    367.000     7.7981     7.7966   3.618583   3.619957     2.0825    -0.0684      99.17 4.9453e-02 1.2791e+02    81.4662    5.49030    34.9976    35.0139    27.3024    1487.74    1485.23 0.0000e+00
       7414    368.000     7.7977     7.7963   3.618599   3.619970     2.0821    -0.0695      51.09 4.9487e-02 1.2791e+02    81.4506    5.49099    34.9977    35.0139    27.3026    1487.75    1485.24 0.0000e+00
       7434    369.000     7.7977     7.7963   3.618640   3.620016     2.0821    -0.0862      94.02 4.9476e-02 1.2791e+02    81.4855    5.49042    34.9976    35.0139    27.3025    1487.77    1485.24 0.0000e+00
       7454    370.000     7.7978     7.7964   3.618716   3.620107     2.0813    -0.0864      66.69 4.9474e-02 1.2791e+02    81.4742    5.48517    34.9979    35.0143    27.3027    1487.79    1485.25 0.0000e+00
       7473    371.000     7.7983     7.7969   3.618837   3.620213     2.0809    -0.0680      82.32 4.9481e-02 1.2791e+02    81.4554    5.48336    34.9982    35.0144    27.3029    1487.81    1485.26 0.0000e+00
       7493    372.000     7.7974     7.7958   3.618809   3.620154     2.0800    -0.0590      92.99 4.9488e-02 1.2791e+02    81.4541    5.48214    34.9983    35.0144    27.3031    1487.82    1485.27 0.0000e+00
       7513    373.000     7.7966     7.7953   3.618784   3.620198     2.0797    -0.0590      90.56 4.9476e-02 1.2791e+02    81.4584    5.48707    34.9984    35.0149    27.3033    1487.83    1485.27 0.0000e+00
       7533    374.000     7.7965     7.7950   3.618824   3.620206     2.0796    -0.0910      97.25 4.9495e-02 1.2791e+02    81.4797    5.48738    34.9984    35.0148    27.3033    1487.85    1485.28 0.0000e+00
       7552    375.000     7.7956     7.7942   3.618788   3.620164     2.0794    -0.0653      88.13 4.9495e-02 1.2791e+02    81.4753    5.48704    34.9985    35.0147    27.3035    1487.86    1485.29 0.0000e+00
       7572    376.000     7.7937     7.7924   3.618667   3.620036     2.0789    -0.0574      98.66 4.9467e-02 1.2791e+02    81.4674    5.48605    34.9986    35.0146    27.3038    1487.87    1485.29 0.0000e+00
       7592    377.000     7.7928     7.7913   3.618629   3.620014     2.0788    -0.0606      86.22 4.9476e-02 1.2791e+02    81.4605    5.49049    34.9986    35.0150    27.3040    1487.88    1485.30 0.0000e+00
       7611    378.000     7.7926     7.7911   3.618674   3.620061     2.0789    -0.0623      98.99 4.9498e-02 1.2791e+02    81.5002    5.48944    34.9988    35.0152    27.3042    1487.90    1485.31 0.0000e+00
       7631    379.000     7.7924     7.7910   3.618712   3.620093     2.0786    -0.0587      87.77 4.9502e-02 1.2791e+02    81.4955    5.48516    34.9989    35.0152    27.3043    1487.92    1485.31 0.0000e+00
       7650    380.000     7.7914     7.7898   3.618668   3.620034     2.0779    -0.0726      97.68 4.9481e-02 1.2791e+02    81.4946    5.47836    34.9990    35.0153    27.3045    1487.93    1485.32 0.0000e+00
       7670    381.000     7.7912     7.7897   3.618688   3.620076     2.0770    -0.0939      89.98 4.9505e-02 1.2791e+02    81.4952    5.47787    34.9989    35.0153    27.3045    1487.94    1485.33 0.0000e+00
       7690    382.000     7.7909     7.7895   3.618712   3.620070     2.0767    -0.0928      93.88 4.9480e-02 1.2791e+02    81.4980    5.48181    34.9990    35.0150    27.3046    1487.96    1485.33 0.0000e+00
