_data/ctd/2022603/sta0152.cnv
* Sea-Bird SBE 9 Data File:
* FileName = C:\Seabird\CTDData\sta0152.hex
* Software Version Seasave V 7.21f
* Temperature SN = 6264
* Conductivity SN = 4928
* Number of Bytes Per Scan = 40
* Number of Voltage Words = 5
* Number of Scans Averaged by the Deck Unit = 1
* NMEA Latitude = 60 23.42 N
* NMEA Longitude = 006 20.50 E
* NMEA UTC (Time) = Feb 10 2022 06:45:42
* NMEA baud rate = 4800
** Ship: R/V "Kristine Bonnevie"
** Station: 0152
** Echodepth: 855
** Log: 0122.647
** Wind-Dir/Force: 25 32
** Air-temp (dry): 1.0
** Weather Sky:
** Sea:
** H2_2
# nquan = 19                                
# nvalues = 853                         
# units = specified
# name 0 = scan: Scan Count
# name 1 = prDM: Pressure, Digiquartz [db]
# name 2 = t068C: Temperature [ITS-68, deg C]
# name 3 = t168C: Temperature, 2 [ITS-68, deg C]
# name 4 = c0S/m: Conductivity [S/m]
# name 5 = c1S/m: Conductivity, 2 [S/m]
# name 6 = sbeox0V: Oxygen raw, SBE 43 [V]
# name 7 = flECO-AFL: Fluorescence, WET Labs ECO-AFL/FL [mg/m^3]
# name 8 = altM: Altimeter [m]
# name 9 = par: PAR/Irradiance, Biospherical/Licor
# name 10 = spar: SPAR/Surface Irradiance
# name 11 = CStarTr0: Beam Transmission, WET Labs C-Star [%]
# name 12 = sbeox0ML/L: Oxygen, SBE 43 [ml/l], WS = 2
# name 13 = sal00: Salinity, Practical [PSU]
# name 14 = sal11: Salinity, Practical, 2 [PSU]
# name 15 = sigma-t00: Density [sigma-t, Kg/m^3 ]
# name 16 = svCM: Sound Velocity [Chen-Millero, m/s]
# name 17 = avgsvCM: Average Sound Velocity [Chen-Millero, m/s], minP = 1, minS = 5
# name 18 = flag: flag
# span 0 =        476,      20188       
# span 1 =      2.000,    854.000       
# span 2 =     6.1506,    10.2360       
# span 3 =     6.1661,    10.2365       
# span 4 =   2.978438,   3.703188       
# span 5 =   2.981951,   3.704716       
# span 6 =     1.5245,     2.4457       
# span 7 =    -0.0984,     0.7699       
# span 8 =       8.43,     100.19       
# span 9 = 4.9439e-02, 9.0939e-01       
# span 10 = 0.0000e+00, 0.0000e+00      
# span 11 =    80.0306,    82.4670      
# span 12 =    3.81174,    6.89032      
# span 13 =    29.7389,    35.0078      
# span 14 =    29.7641,    35.0228      
# span 15 =    23.3809,    27.3526      
# span 16 =    1468.74,    1494.71      
# span 17 =    1468.74,    1488.23      
# span 18 = 0.0000e+00, 0.0000e+00      
# interval = decibars: 1                
# start_time = Feb 10 2022 06:45:45 [System UTC, header]
# bad_flag = -9.990e-29
*END*
        476      2.000     6.1506     6.1661   2.978438   2.981951     2.4281     0.7699      98.83 9.0939e-01 0.0000e+00    80.0655    6.89032    29.7389    29.7641    23.3809    1468.74    1468.74 0.0000e+00
        565      3.000     6.2387     6.2499   2.993198   2.996146     2.4273     0.7236      98.82 6.5332e-01 0.0000e+00    80.0306    6.86436    29.8238    29.8465    23.4375    1469.21    1468.90 0.0000e+00
        637      4.000     6.2278     6.2061   2.991353   2.989016     2.4261     0.7353      98.82 4.1770e-01 0.0000e+00    80.0961    6.85903    29.8126    29.8059    23.4299    1469.17    1468.97 0.0000e+00
        678      5.000     6.2221     6.2357   2.991166   2.994375     2.4247     0.7279      98.82 2.9546e-01 0.0000e+00    80.1564    6.85158    29.8151    29.8385    23.4326    1469.17    1469.01 0.0000e+00
        711      6.000     6.2155     6.2329   2.989757   2.993426     2.4240     0.7360      98.82 2.4674e-01 0.0000e+00    80.2024    6.86229    29.8050    29.8301    23.4253    1469.15    1469.03 0.0000e+00
        739      7.000     6.2119     6.2182   2.989306   2.990969     2.4237     0.7332      98.82 1.9408e-01 0.0000e+00    80.2312    6.85901    29.8027    29.8155    23.4240    1469.15    1469.05 0.0000e+00
        765      8.000     6.2477     6.2399   2.996546   2.996813     2.4232     0.6994      98.82 1.5917e-01 0.0000e+00    80.0855    6.84779    29.8505    29.8603    23.4575    1469.37    1469.09 0.0000e+00
        791      9.000     6.3217     6.3173   3.007616   3.008163     2.4229     0.6159      98.82 1.1309e-01 0.0000e+00    80.2250    6.84794    29.9068    29.9167    23.4931    1469.75    1469.16 0.0000e+00
        816     10.000     6.3309     6.3285   3.009628   3.010223     2.4242     0.6200      98.82 9.8772e-02 0.0000e+00    80.2470    6.85152    29.9204    29.9290    23.5027    1469.82    1469.23 0.0000e+00
        839     11.000     6.3305     6.3299   3.009966   3.010854     2.4244     0.6221      98.83 7.1268e-02 0.0000e+00    80.2532    6.83909    29.9240    29.9343    23.5056    1469.84    1469.28 0.0000e+00
        862     12.000     6.3473     6.3453   3.012313   3.013246     2.4234     0.5906      98.82 6.4468e-02 0.0000e+00    80.2680    6.82264    29.9346    29.9466    23.5119    1469.93    1469.34 0.0000e+00
        884     13.000     6.3837     6.3815   3.017459   3.018264     2.4222     0.6101      98.82 5.2308e-02 0.0000e+00    80.2467    6.81652    29.9586    29.9694    23.5265    1470.13    1469.40 0.0000e+00
        906     14.000     6.3879     6.3863   3.018180   3.018885     2.4219     0.6173      98.82 4.9798e-02 0.0000e+00    80.2636    6.81992    29.9624    29.9715    23.5289    1470.16    1469.45 0.0000e+00
        927     15.000     6.3993     6.3954   3.020272   3.020877     2.4212     0.6101      98.83 4.9484e-02 0.0000e+00    80.2732    6.81223    29.9748    29.9849    23.5374    1470.24    1469.50 0.0000e+00
        947     16.000     6.4267     6.4260   3.024969   3.026139     2.4205     0.5882      98.82 4.9481e-02 0.0000e+00    80.2892    6.80483    30.0018    30.0152    23.5553    1470.40    1469.56 0.0000e+00
        968     17.000     6.4488     6.4449   3.029013   3.029463     2.4200     0.5868      98.82 4.9509e-02 0.0000e+00    80.2831    6.80073    30.0262    30.0346    23.5719    1470.53    1469.62 0.0000e+00
        987     18.000     6.5170     6.5032   3.042169   3.041749     2.4194     0.5898      98.83 4.9468e-02 0.0000e+00    80.3100    6.78071    30.1097    30.1173    23.6294    1470.93    1469.69 0.0000e+00
       1008     19.000     6.6106     6.6016   3.056582   3.057134     2.4187     0.5981      98.83 4.9472e-02 0.0000e+00    80.3223    6.76995    30.1842    30.1982    23.6767    1471.41    1469.78 0.0000e+00
       1029     20.000     6.6514     6.6445   3.063746   3.064063     2.4193     0.6201      98.83 4.9485e-02 0.0000e+00    80.3183    6.76768    30.2259    30.2355    23.7045    1471.64    1469.87 0.0000e+00
       1049     21.000     6.7476     6.7221   3.076708   3.075697     2.4191     0.6174      98.83 4.9502e-02 0.0000e+00    80.3634    6.73539    30.2818    30.2933    23.7365    1472.10    1469.98 0.0000e+00
       1070     22.000     6.8094     6.8072   3.083966   3.084872     2.4178     0.5936      98.83 4.9505e-02 0.0000e+00    80.3975    6.71604    30.3057    30.3175    23.7476    1472.39    1470.09 0.0000e+00
       1091     23.000     6.8722     6.8630   3.094621   3.096114     2.4169     0.5696      98.82 4.9479e-02 0.0000e+00    80.4193    6.69069    30.3655    30.3898    23.7867    1472.73    1470.20 0.0000e+00
       1113     24.000     7.1018     7.0977   3.129707   3.131648     2.4141     0.5463      98.82 4.9496e-02 0.0000e+00    80.4429    6.63661    30.5417    30.5663    23.8959    1473.87    1470.36 0.0000e+00
       1135     25.000     7.1756     7.1725   3.144016   3.145010     2.4138     0.5101      98.82 4.9499e-02 0.0000e+00    80.5111    6.64047    30.6302    30.6437    23.9559    1474.28    1470.51 0.0000e+00
       1157     26.000     7.1696     7.1697   3.144898   3.145763     2.4130     0.4586      98.82 4.9499e-02 0.0000e+00    80.5456    6.60996    30.6446    30.6539    23.9680    1474.29    1470.66 0.0000e+00
       1179     27.000     7.2152     7.2032   3.153050   3.153451     2.4088     0.4575      98.82 4.9477e-02 0.0000e+00    80.5602    6.54971    30.6916    30.7065    23.9989    1474.55    1470.80 0.0000e+00
       1201     28.000     7.4733     7.4328   3.197269   3.195865     2.4024     0.4578      98.82 4.9499e-02 0.0000e+00    80.6388    6.48243    30.9365    30.9575    24.1571    1475.87    1470.98 0.0000e+00
       1223     29.000     9.8425     9.6427   3.623504   3.618307     2.3990     0.4783      84.31 4.9490e-02 0.0000e+00    80.6542    6.15639    33.2418    33.3736    25.6059    1487.59    1471.55 0.0000e+00
       1245     30.000    10.2360    10.2365   3.698548   3.700175     2.4196     0.3529      44.61 4.9502e-02 0.0000e+00    80.1215    6.34948    33.6401    33.6561    25.8505    1489.51    1472.14 0.0000e+00
       1267     31.000    10.1626    10.1639   3.697237   3.698806     2.4457     0.1233      98.67 4.9496e-02 0.0000e+00    80.4384    6.17358    33.6945    33.7093    25.9055    1489.33    1472.69 0.0000e+00
       1290     32.000    10.1445    10.1422   3.703188   3.704716     2.4203    -0.0253      98.82 4.9483e-02 0.0000e+00    81.3080    5.69487    33.7714    33.7890    25.9685    1489.37    1473.20 0.0000e+00
       1312     33.000    10.1027    10.1051   3.702686   3.704231     2.3689    -0.0513      98.78 4.9502e-02 0.0000e+00    81.6563    5.41429    33.8048    33.8183    26.0017    1489.28    1473.69 0.0000e+00
       1334     34.000    10.0654    10.0664   3.700597   3.702181     2.3169    -0.0668      98.64 4.9457e-02 0.0000e+00    81.8868    5.29337    33.8180    33.8332    26.0184    1489.18    1474.14 0.0000e+00
       1356     35.000    10.0119    10.0141   3.696998   3.698551     2.2733    -0.0656      39.26 4.9477e-02 0.0000e+00    81.9972    5.24824    33.8310    33.8447    26.0375    1489.02    1474.56 0.0000e+00
       1377     36.000     9.9698     9.9710   3.694628   3.696153     2.2392    -0.0682      98.74 4.9490e-02 0.0000e+00    82.0561    5.22685    33.8458    33.8602    26.0562    1488.90    1474.95 0.0000e+00
       1399     37.000     9.9142     9.9151   3.692792   3.694290     2.2122    -0.0697      62.73 4.9483e-02 0.0000e+00    82.1044    5.21849    33.8788    33.8933    26.0913    1488.76    1475.32 0.0000e+00
       1422     38.000     9.8719     9.8733   3.690644   3.692179     2.1909    -0.0738      99.04 4.9464e-02 0.0000e+00    82.1264    5.20755    33.8961    33.9105    26.1120    1488.64    1475.67 0.0000e+00
       1444     39.000     9.8035     9.8055   3.686438   3.687938     2.1742    -0.0742      61.18 4.9515e-02 0.0000e+00    82.1306    5.19833    33.9170    33.9305    26.1397    1488.44    1475.99 0.0000e+00
       1466     40.000     9.7409     9.7437   3.684020   3.685500     2.1601    -0.0753      98.83 4.9487e-02 0.0000e+00    82.1683    5.18401    33.9508    33.9633    26.1765    1488.27    1476.30 0.0000e+00
       1489     41.000     9.6358     9.6388   3.678030   3.679345     2.1479    -0.0760      75.87 4.9475e-02 0.0000e+00    82.1603    5.17374    33.9881    33.9988    26.2231    1487.95    1476.58 0.0000e+00
       1512     42.000     9.4521     9.4558   3.668825   3.670276     2.1369    -0.0584      97.99 4.9469e-02 0.0000e+00    82.1716    5.16151    34.0671    34.0786    26.3150    1487.39    1476.84 0.0000e+00
       1534     43.000     9.4204     9.4194   3.666821   3.668277     2.1254    -0.0641      95.91 4.9471e-02 0.0000e+00    82.1644    5.12565    34.0761    34.0921    26.3273    1487.30    1477.08 0.0000e+00
       1557     44.000     9.4172     9.4155   3.666544   3.668001     2.1146    -0.0717      98.78 4.9475e-02 0.0000e+00    82.1912    5.10073    34.0758    34.0925    26.3276    1487.31    1477.31 0.0000e+00
       1580     45.000     9.3675     9.3683   3.665373   3.666872     2.1044    -0.0673      98.61 4.9487e-02 0.0000e+00    82.2017    5.07792    34.1106    34.1253    26.3629    1487.19    1477.53 0.0000e+00
       1603     46.000     9.3993     9.3961   3.673982   3.675475     2.0941    -0.0770      50.09 4.9502e-02 0.0000e+00    82.2220    5.04473    34.1689    34.1874    26.4033    1487.39    1477.74 0.0000e+00
       1625     47.000     9.3595     9.3608   3.672863   3.674326     2.0856    -0.0770      93.58 4.9493e-02 0.0000e+00    82.1938    5.04212    34.1949    34.2088    26.4301    1487.29    1477.94 0.0000e+00
       1647     48.000     9.2986     9.2991   3.670144   3.671593     2.0790    -0.0694      51.25 4.9471e-02 0.0000e+00    82.1326    5.04404    34.2245    34.2391    26.4632    1487.12    1478.13 0.0000e+00
       1669     49.000     9.2737     9.2732   3.669111   3.670584     2.0741    -0.0759      96.23 4.9471e-02 0.0000e+00    82.1282    5.05102    34.2372    34.2530    26.4772    1487.06    1478.31 0.0000e+00
       1691     50.000     9.1757     9.1827   3.661830   3.663352     2.0713    -0.0772      75.60 4.9489e-02 0.0000e+00    82.1638    5.06913    34.2551    34.2642    26.5070    1486.74    1478.48 0.0000e+00
       1713     51.000     9.1224     9.1217   3.658425   3.659848     2.0687    -0.0742      94.67 4.9458e-02 0.0000e+00    82.1613    5.05610    34.2704    34.2859    26.5275    1486.58    1478.64 0.0000e+00
       1735     52.000     9.0916     9.0923   3.657261   3.658710     2.0646    -0.0763      76.14 4.9489e-02 0.0000e+00    82.1574    5.03730    34.2874    34.3019    26.5458    1486.51    1478.79 0.0000e+00
       1757     53.000     9.0607     9.0600   3.656642   3.658063     2.0600    -0.0773      97.80 4.9496e-02 0.0000e+00    82.1894    5.01751    34.3103    34.3258    26.5687    1486.44    1478.93 0.0000e+00
       1779     54.000     9.0397     9.0407   3.658102   3.659552     2.0544    -0.0799      94.66 4.9490e-02 0.0000e+00    82.2037    4.99330    34.3453    34.3595    26.5995    1486.42    1479.07 0.0000e+00
       1801     55.000     8.9752     8.9776   3.654554   3.655983     2.0484    -0.0930      97.69 4.9477e-02 0.0000e+00    82.2037    4.97741    34.3701    34.3827    26.6291    1486.23    1479.20 0.0000e+00
       1823     56.000     8.9311     8.9307   3.652414   3.653819     2.0422    -0.0840      94.55 4.9464e-02 0.0000e+00    82.2074    4.96488    34.3899    34.4050    26.6516    1486.11    1479.32 0.0000e+00
       1845     57.000     8.9048     8.9051   3.651738   3.653155     2.0363    -0.0777      35.14 4.9508e-02 0.0000e+00    82.2264    4.95143    34.4078    34.4224    26.6699    1486.05    1479.44 0.0000e+00
       1868     58.000     8.8852     8.8847   3.650839   3.652259     2.0307    -0.0746      98.91 4.9505e-02 0.0000e+00    82.2468    4.93522    34.4169    34.4323    26.6801    1486.00    1479.55 0.0000e+00
       1891     59.000     8.8865     8.8849   3.651486   3.652874     2.0244    -0.0743      73.76 4.9477e-02 0.0000e+00    82.2589    4.90906    34.4219    34.4381    26.6839    1486.03    1479.66 0.0000e+00
       1913     60.000     8.8772     8.8762   3.651488   3.652900     2.0182    -0.0731      98.72 4.9493e-02 0.0000e+00    82.2631    4.89431    34.4305    34.4463    26.6920    1486.02    1479.77 0.0000e+00
       1936     61.000     8.8572     8.8566   3.650639   3.652041     2.0123    -0.0748      85.61 4.9487e-02 0.0000e+00    82.2681    4.88608    34.4405    34.4558    26.7031    1485.98    1479.87 0.0000e+00
       1959     62.000     8.8346     8.8344   3.649385   3.650748     2.0074    -0.0725      97.91 4.9463e-02 0.0000e+00    82.2619    4.88497    34.4488    34.4634    26.7131    1485.92    1479.97 0.0000e+00
       1982     63.000     8.7902     8.7896   3.646753   3.648054     2.0036    -0.0736      93.39 4.9487e-02 0.0000e+00    82.2658    4.87703    34.4639    34.4781    26.7319    1485.79    1480.06 0.0000e+00
       2004     64.000     8.7706     8.7668   3.645222   3.646265     1.9990    -0.0715      39.66 4.9496e-02 0.0000e+00    82.2614    4.86110    34.4664    34.4810    26.7369    1485.74    1480.15 0.0000e+00
       2027     65.000     8.7518     8.7521   3.643469   3.644986     1.9946    -0.0731      99.38 4.9475e-02 0.0000e+00    82.2609    4.84455    34.4657    34.4814    26.7394    1485.69    1480.23 0.0000e+00
       2050     66.000     8.7314     8.7313   3.641916   3.643332     1.9886    -0.0682      58.62 4.9483e-02 0.0000e+00    82.2468    4.80716    34.4687    34.4838    26.7450    1485.63    1480.31 0.0000e+00
       2072     67.000     8.7199     8.7192   3.642146   3.643520     1.9814    -0.0809      99.07 4.9483e-02 0.0000e+00    82.2470    4.77539    34.4819    34.4971    26.7571    1485.62    1480.39 0.0000e+00
       2094     68.000     8.7052     8.7045   3.642358   3.643757     1.9732    -0.0773      78.40 4.9469e-02 0.0000e+00    82.2574    4.74032    34.4980    34.5134    26.7720    1485.60    1480.47 0.0000e+00
       2117     69.000     8.6911     8.6901   3.642138   3.643515     1.9642    -0.0775      54.19 4.9477e-02 0.0000e+00    82.2498    4.71908    34.5089    34.5244    26.7828    1485.58    1480.54 0.0000e+00
       2139     70.000     8.7028     8.6988   3.644404   3.645714     1.9570    -0.0771      80.39 4.9481e-02 0.0000e+00    82.2413    4.70910    34.5210    34.5387    26.7904    1485.65    1480.62 0.0000e+00
       2161     71.000     8.7299     8.7284   3.648693   3.650079     1.9512    -0.0770      70.29 4.9490e-02 0.0000e+00    82.2376    4.70784    34.5392    34.5553    26.8005    1485.79    1480.69 0.0000e+00
       2184     72.000     8.6993     8.6992   3.647863   3.649246     1.9471    -0.0762      79.15 4.9469e-02 0.0000e+00    82.2256    4.71994    34.5599    34.5746    26.8215    1485.72    1480.76 0.0000e+00
       2207     73.000     8.6909     8.6894   3.647899   3.649263     1.9460    -0.0770      79.54 4.9506e-02 0.0000e+00    82.2115    4.76339    34.5680    34.5839    26.8291    1485.72    1480.83 0.0000e+00
       2230     74.000     8.6821     8.6809   3.648121   3.649473     1.9498    -0.0748      91.61 4.9481e-02 0.0000e+00    82.1922    4.81633    34.5785    34.5939    26.8387    1485.71    1480.89 0.0000e+00
       2253     75.000     8.6689     8.6679   3.648392   3.649769     1.9557    -0.0727      94.91 4.9469e-02 0.0000e+00    82.1786    4.84868    34.5938    34.6093    26.8528    1485.70    1480.96 0.0000e+00
       2276     76.000     8.6588     8.6573   3.648836   3.650202     1.9621    -0.0760      95.62 4.9500e-02 0.0000e+00    82.1707    4.86703    34.6079    34.6238    26.8654    1485.70    1481.02 0.0000e+00
       2299     77.000     8.6534     8.6521   3.648918   3.650285     1.9676    -0.0708      72.33 4.9493e-02 0.0000e+00    82.1553    4.88926    34.6135    34.6293    26.8707    1485.70    1481.08 0.0000e+00
