_data/ctd/2022603/sta0176.cnv
* Sea-Bird SBE 9 Data File:
* FileName = C:\Seabird\CTDData\sta0176.hex
* Software Version Seasave V 7.21f
* Temperature SN = 6264
* Conductivity SN = 4928
* Number of Bytes Per Scan = 40
* Number of Voltage Words = 5
* Number of Scans Averaged by the Deck Unit = 1
* NMEA Latitude = 60 49.82 N
* NMEA Longitude = 005 03.32 E
* NMEA UTC (Time) = Feb 13 2022 03:11:31
* NMEA baud rate = 4800
** Ship: R/V "Kristine Bonnevie"
** Station: 0176
** Echodepth: 546
** Log: 0526.863
** Wind-Dir/Force: 19 24
** Air-temp (dry): 7.1
** Weather Sky:
** Sea:
# nquan = 19                                
# nvalues = 540                         
# units = specified
# name 0 = scan: Scan Count
# name 1 = prDM: Pressure, Digiquartz [db]
# name 2 = t068C: Temperature [ITS-68, deg C]
# name 3 = t168C: Temperature, 2 [ITS-68, deg C]
# name 4 = c0S/m: Conductivity [S/m]
# name 5 = c1S/m: Conductivity, 2 [S/m]
# name 6 = sbeox0V: Oxygen raw, SBE 43 [V]
# name 7 = flECO-AFL: Fluorescence, WET Labs ECO-AFL/FL [mg/m^3]
# name 8 = altM: Altimeter [m]
# name 9 = par: PAR/Irradiance, Biospherical/Licor
# name 10 = spar: SPAR/Surface Irradiance
# name 11 = CStarTr0: Beam Transmission, WET Labs C-Star [%]
# name 12 = sbeox0ML/L: Oxygen, SBE 43 [ml/l], WS = 2
# name 13 = sal00: Salinity, Practical [PSU]
# name 14 = sal11: Salinity, Practical, 2 [PSU]
# name 15 = sigma-t00: Density [sigma-t, Kg/m^3 ]
# name 16 = svCM: Sound Velocity [Chen-Millero, m/s]
# name 17 = avgsvCM: Average Sound Velocity [Chen-Millero, m/s], minP = 1, minS = 5
# name 18 = flag: flag
# span 0 =        484,      12440       
# span 1 =      2.000,    541.000       
# span 2 =     5.7876,     8.6835       
# span 3 =     5.7852,     8.6821       
# span 4 =   2.940376,   3.668131       
# span 5 =   2.940473,   3.669492       
# span 6 =     2.0374,     2.4831       
# span 7 =    -0.1030,     0.4330       
# span 8 =       8.76,     100.05       
# span 9 = 4.9445e-02, 5.8714e-01       
# span 10 = 0.0000e+00, 0.0000e+00      
# span 11 =    79.8275,    81.7026      
# span 12 =    5.45596,    7.03362      
# span 13 =    29.6303,    35.0866      
# span 14 =    29.6385,    35.1022      
# span 15 =    23.3360,    27.3793      
# span 16 =    1467.16,    1490.54      
# span 17 =    1467.16,    1486.72      
# span 18 = 0.0000e+00, 0.0000e+00      
# interval = decibars: 1                
# start_time = Feb 13 2022 03:11:33 [System UTC, header]
# bad_flag = -9.990e-29
*END*
[from data line 153]
       3958    155.000     8.5013     8.4996   3.667415   3.668772     2.2009    -0.0789      68.18 4.9487e-02 0.0000e+00    81.6393    5.61700    34.9218    34.9378    27.1361    1486.80    1482.17 0.0000e+00
       3978    156.000     8.4905     8.4894   3.666422   3.667759     2.1986    -0.0742      84.90 4.9495e-02 0.0000e+00    81.6477    5.61646    34.9214    34.9367    27.1375    1486.77    1482.20 0.0000e+00
       3999    157.000     8.4743     8.4734   3.665168   3.666519     2.1959    -0.0899      35.16 4.9496e-02 0.0000e+00    81.6446    5.61262    34.9237    34.9389    27.1418    1486.73    1482.23 0.0000e+00
       4021    158.000     8.4671     8.4657   3.664875   3.666232     2.1937    -0.0928      97.43 4.9470e-02 0.0000e+00    81.6557    5.61763    34.9272    34.9430    27.1457    1486.73    1482.26 0.0000e+00
       4044    159.000     8.4718     8.4696   3.665742   3.667073     2.1926    -0.0617      66.24 4.9502e-02 0.0000e+00    81.6544    5.63297    34.9313    34.9476    27.1482    1486.77    1482.28 0.0000e+00
       4066    160.000     8.4796     8.4777   3.666965   3.668346     2.1938    -0.0681      98.65 4.9490e-02 0.0000e+00    81.6295    5.65973    34.9361    34.9526    27.1507    1486.82    1482.31 0.0000e+00
       4087    161.000     8.4763     8.4755   3.666862   3.668308     2.1963    -0.0813      98.80 4.9460e-02 0.0000e+00    81.5971    5.67731    34.9378    34.9539    27.1526    1486.82    1482.34 0.0000e+00
       4108    162.000     8.4714     8.4702   3.666502   3.667856     2.1989    -0.0785      68.66 4.9492e-02 0.0000e+00    81.5578    5.68126    34.9383    34.9539    27.1537    1486.82    1482.37 0.0000e+00
       4129    163.000     8.4700     8.4695   3.666523   3.668080     2.2005    -0.0651      86.84 4.9479e-02 0.0000e+00    81.5055    5.67293    34.9394    34.9565    27.1548    1486.83    1482.40 0.0000e+00
       4150    164.000     8.4750     8.4732   3.667430   3.668775     2.2006    -0.0604      98.48 4.9471e-02 0.0000e+00    81.4694    5.65859    34.9436    34.9597    27.1574    1486.87    1482.42 0.0000e+00
       4172    165.000     8.4738     8.4725   3.667422   3.668810     2.2001    -0.0860      83.62 4.9496e-02 0.0000e+00    81.4809    5.66074    34.9443    34.9603    27.1580    1486.89    1482.45 0.0000e+00
       4194    166.000     8.4720     8.4704   3.667494   3.668842     2.2003    -0.0748      61.83 4.9472e-02 0.0000e+00    81.4795    5.65845    34.9463    34.9622    27.1599    1486.90    1482.48 0.0000e+00
       4215    167.000     8.4666     8.4654   3.667107   3.668477     2.1996    -0.0726      96.67 4.9495e-02 0.0000e+00    81.4240    5.65255    34.9471    34.9628    27.1614    1486.90    1482.50 0.0000e+00
       4236    168.000     8.4689     8.4670   3.667676   3.669030     2.1988    -0.0855      79.59 4.9496e-02 0.0000e+00    81.4318    5.65093    34.9504    34.9666    27.1636    1486.93    1482.53 0.0000e+00
       4258    169.000     8.4698     8.4683   3.667982   3.669351     2.1981    -0.0580      95.94 4.9483e-02 0.0000e+00    81.4489    5.64903    34.9523    34.9683    27.1649    1486.95    1482.55 0.0000e+00
       4280    170.000     8.4681     8.4665   3.667934   3.669287     2.1973    -0.0615      81.37 4.9496e-02 0.0000e+00    81.4611    5.64331    34.9529    34.9689    27.1657    1486.96    1482.58 0.0000e+00
       4302    171.000     8.4660     8.4646   3.667856   3.669218     2.1957    -0.0900      60.36 4.9464e-02 0.0000e+00    81.5498    5.62653    34.9537    34.9696    27.1667    1486.97    1482.61 0.0000e+00
       4323    172.000     8.4602     8.4585   3.667447   3.668778     2.1935    -0.0727      99.15 4.9479e-02 0.0000e+00    81.6063    5.61658    34.9546    34.9705    27.1683    1486.97    1482.63 0.0000e+00
       4345    173.000     8.4576     8.4560   3.667529   3.668880     2.1905    -0.0624      93.47 4.9499e-02 0.0000e+00    81.6318    5.60678    34.9576    34.9735    27.1710    1486.98    1482.66 0.0000e+00
       4367    174.000     8.4545     8.4531   3.667535   3.668901     2.1886    -0.0748      54.40 4.9496e-02 0.0000e+00    81.6170    5.61725    34.9603    34.9762    27.1736    1486.98    1482.68 0.0000e+00
       4389    175.000     8.4509     8.4495   3.667526   3.668878     2.1881    -0.0959      85.09 4.9492e-02 0.0000e+00    81.5959    5.62779    34.9633    34.9790    27.1765    1486.99    1482.71 0.0000e+00
       4409    176.000     8.4472     8.4455   3.667416   3.668767     2.1879    -0.0902      83.31 4.9483e-02 0.0000e+00    81.5936    5.63083    34.9653    34.9813    27.1787    1487.00    1482.73 0.0000e+00
       4429    177.000     8.4473     8.4454   3.667602   3.668915     2.1879    -0.0979      75.36 4.9485e-02 0.0000e+00    81.6122    5.62573    34.9667    34.9825    27.1797    1487.01    1482.75 0.0000e+00
       4450    178.000     8.4489     8.4470   3.667875   3.669208     2.1869    -0.0955      98.42 4.9477e-02 0.0000e+00    81.6178    5.61363    34.9675    34.9836    27.1801    1487.04    1482.78 0.0000e+00
       4474    179.000     8.4492     8.4475   3.667986   3.669380     2.1852    -0.0956      83.64 4.9472e-02 0.0000e+00    81.6036    5.60747    34.9679    34.9844    27.1804    1487.06    1482.80 0.0000e+00
       4499    180.000     8.4490     8.4476   3.668088   3.669455     2.1838    -0.0904      42.95 4.9474e-02 0.0000e+00    81.6072    5.60830    34.9687    34.9846    27.1811    1487.07    1482.83 0.0000e+00
       4521    181.000     8.4480     8.4465   3.668088   3.669447     2.1832    -0.0936      99.06 4.9492e-02 0.0000e+00    81.5840    5.61698    34.9692    34.9851    27.1816    1487.09    1482.85 0.0000e+00
       4541    182.000     8.4465     8.4449   3.668104   3.669453     2.1832    -0.0891      85.19 4.9483e-02 0.0000e+00    81.5665    5.62155    34.9704    34.9863    27.1828    1487.10    1482.87 0.0000e+00
       4561    183.000     8.4452     8.4436   3.668131   3.669492     2.1833    -0.0717      68.59 4.9492e-02 0.0000e+00    81.5323    5.62548    34.9715    34.9875    27.1838    1487.11    1482.90 0.0000e+00
       4583    184.000     8.4427     8.4420   3.667997   3.669418     2.1841    -0.0691      75.26 4.9499e-02 0.0000e+00    81.5296    5.63116    34.9721    34.9879    27.1847    1487.12    1482.92 0.0000e+00
       4606    185.000     8.4396     8.4381   3.667810   3.669164     2.1842    -0.0677      83.10 4.9487e-02 0.0000e+00    81.5288    5.62638    34.9727    34.9886    27.1856    1487.12    1482.94 0.0000e+00
       4629    186.000     8.4387     8.4371   3.667809   3.669155     2.1842 -9.990e-29      68.15 4.9500e-02 0.0000e+00    81.5613    5.62490    34.9731    34.9890    27.1861    1487.14    1482.96 0.0000e+00
       4651    187.000     8.4373     8.4357   3.667785   3.669157     2.1837 -9.990e-29      58.26 4.9496e-02 0.0000e+00    81.6000    5.62013    34.9737    34.9899    27.1868    1487.15    1482.99 0.0000e+00
       4672    188.000     8.4359     8.4343   3.667792   3.669135     2.1833 -9.990e-29      90.20 4.9495e-02 0.0000e+00    81.5986    5.61674    34.9747    34.9906    27.1878    1487.16    1483.01 0.0000e+00
       4692    189.000     8.4340     8.4326   3.667798   3.669150     2.1824    -0.0776      72.24 4.9505e-02 0.0000e+00    81.6525    5.61096    34.9762    34.9919    27.1893    1487.17    1483.03 0.0000e+00
       4712    190.000     8.4321     8.4305   3.667842   3.669182     2.1812    -0.0971      98.47 4.9492e-02 0.0000e+00    81.6575    5.60433    34.9781    34.9939    27.1910    1487.19    1483.05 0.0000e+00
       4733    191.000     8.4317     8.4301   3.667953   3.669295     2.1799    -0.0923      98.63 4.9483e-02 0.0000e+00    81.6651    5.60326    34.9792    34.9950    27.1920    1487.20    1483.07 0.0000e+00
       4756    192.000     8.4317     8.4301   3.668040   3.669408     2.1787    -0.0880      60.05 4.9468e-02 0.0000e+00    81.6683    5.60403    34.9796    34.9957    27.1923    1487.22    1483.09 0.0000e+00
       4780    193.000     8.4304     8.4291   3.668050   3.669414     2.1782    -0.0623      99.05 4.9477e-02 0.0000e+00    81.6827    5.61165    34.9805    34.9963    27.1932    1487.23    1483.12 0.0000e+00
       4802    194.000     8.4292     8.4276   3.668034   3.669391     2.1783    -0.0891      98.04 4.9471e-02 0.0000e+00    81.6492    5.61378    34.9811    34.9971    27.1938    1487.24    1483.14 0.0000e+00
       4823    195.000     8.4282     8.4268   3.668034   3.669401     2.1782    -0.0751      51.89 4.9501e-02 0.0000e+00    81.6176    5.61646    34.9816    34.9975    27.1944    1487.26    1483.16 0.0000e+00
       4846    196.000     8.4268     8.4253   3.668014   3.669373     2.1786    -0.0851      96.69 4.9474e-02 0.0000e+00    81.5911    5.62116    34.9823    34.9982    27.1952    1487.27    1483.18 0.0000e+00
       4871    197.000     8.4259     8.4245   3.668022   3.669377     2.1790    -0.0921      86.70 4.9476e-02 0.0000e+00    81.6325    5.62270    34.9828    34.9986    27.1957    1487.28    1483.20 0.0000e+00
       4896    198.000     8.4235     8.4221   3.667967   3.669334     2.1793    -0.0791      29.28 4.9490e-02 0.0000e+00    81.6335    5.62286    34.9841    35.0000    27.1971    1487.29    1483.22 0.0000e+00
       4916    199.000     8.4225     8.4210   3.667968   3.669336     2.1794    -0.0672      89.97 4.9519e-02 0.0000e+00    81.6450    5.62198    34.9846    35.0006    27.1977    1487.31    1483.24 0.0000e+00
       4934    200.000     8.4217     8.4201   3.667987   3.669347     2.1792    -0.0908      14.53 4.9471e-02 0.0000e+00    81.6408    5.61942    34.9851    35.0012    27.1982    1487.32    1483.26 0.0000e+00
       4953    201.000     8.4206     8.4191   3.667982   3.669342     2.1789    -0.0879      60.93 4.9494e-02 0.0000e+00    81.6450    5.61721    34.9857    35.0016    27.1988    1487.33    1483.28 0.0000e+00
       4975    202.000     8.4174     8.4162   3.667872   3.669249     2.1785    -0.0907      63.28 4.9499e-02 0.0000e+00    81.6294    5.61998    34.9872    35.0030    27.2005    1487.34    1483.30 0.0000e+00
       4999    203.000     8.4133     8.4119   3.667758   3.669113     2.1786    -0.0833      76.62 4.9489e-02 0.0000e+00    81.6585    5.62416    34.9896    35.0054    27.2030    1487.34    1483.32 0.0000e+00
       5023    204.000     8.4097     8.4083   3.667648   3.668999     2.1785    -0.0715      89.23 4.9518e-02 0.0000e+00    81.6702    5.62561    34.9915    35.0073    27.2050    1487.35    1483.34 0.0000e+00
       5045    205.000     8.4073     8.4059   3.667576   3.668939     2.1789    -0.0940      98.87 4.9473e-02 0.0000e+00    81.6636    5.62900    34.9927    35.0085    27.2063    1487.36    1483.36 0.0000e+00
       5065    206.000     8.4046     8.4033   3.667489   3.668860     2.1789    -0.0893      78.89 4.9479e-02 0.0000e+00    81.6754    5.62613    34.9939    35.0098    27.2077    1487.37    1483.38 0.0000e+00
       5086    207.000     8.4019     8.4006   3.667421   3.668785     2.1787    -0.0633      23.51 4.9520e-02 0.0000e+00    81.6657    5.63340    34.9954    35.0112    27.2093    1487.37    1483.40 0.0000e+00
       5110    208.000     8.3999     8.3984   3.667398   3.668750     2.1796    -0.0853      77.83 4.9484e-02 0.0000e+00    81.6465    5.64022    34.9967    35.0125    27.2106    1487.38    1483.42 0.0000e+00
       5135    209.000     8.3989     8.3973   3.667397   3.668750     2.1802    -0.0737      84.37 4.9450e-02 0.0000e+00    81.6645    5.63747    34.9972    35.0131    27.2112    1487.40    1483.44 0.0000e+00
       5158    210.000     8.3922     8.3909   3.666996   3.668321     2.1802    -0.0726      56.39 4.9495e-02 0.0000e+00    81.6705    5.63701    34.9991    35.0145    27.2137    1487.39    1483.46 0.0000e+00
       5178    211.000     8.3734     8.3723   3.665151   3.666449     2.1803    -0.0894      98.44 4.9460e-02 0.0000e+00    81.6189    5.63985    34.9976    35.0125    27.2155    1487.34    1483.47 0.0000e+00
       5197    212.000     8.3695     8.3674   3.664833   3.666121     2.1802    -0.0879      29.00 4.9487e-02 0.0000e+00    81.6133    5.63832    34.9977    35.0134    27.2161    1487.34    1483.49 0.0000e+00
       5218    213.000     8.3681     8.3665   3.664793   3.666132     2.1798    -0.0809      52.61 4.9459e-02 0.0000e+00    81.6732    5.64042    34.9981    35.0140    27.2167    1487.35    1483.51 0.0000e+00
       5241    214.000     8.3679     8.3664   3.664894   3.666243     2.1803    -0.0876      96.44 4.9463e-02 0.0000e+00    81.6809    5.65558    34.9989    35.0148    27.2173    1487.37    1483.53 0.0000e+00
       5264    215.000     8.3640     8.3628   3.664562   3.665924     2.1819    -0.0755      82.85 4.9482e-02 0.0000e+00    81.6967    5.66554    34.9988    35.0145    27.2178    1487.37    1483.55 0.0000e+00
       5287    216.000     8.3622     8.3607   3.664452   3.665809     2.1832    -0.0766      27.31 4.9496e-02 0.0000e+00    81.6899    5.67019    34.9989    35.0149    27.2182    1487.38    1483.56 0.0000e+00
       5309    217.000     8.3617     8.3603   3.664454   3.665830     2.1845    -0.0864      99.82 4.9502e-02 0.0000e+00    81.6968    5.67106    34.9990    35.0150    27.2183    1487.39    1483.58 0.0000e+00
       5331    218.000     8.3611     8.3596   3.664469   3.665826     2.1850    -0.0969      63.52 4.9496e-02 0.0000e+00    81.6678    5.66946    34.9992    35.0152    27.2186    1487.41    1483.60 0.0000e+00
       5352    219.000     8.3613     8.3597   3.664630   3.665985     2.1858    -0.0650      45.69 4.9472e-02 0.0000e+00    81.6802    5.67539    35.0003    35.0163    27.2194    1487.43    1483.62 0.0000e+00
       5373    220.000     8.3640     8.3623   3.665079   3.666442     2.1864    -0.0877      80.25 4.9492e-02 0.0000e+00    81.6763    5.67641    35.0019    35.0181    27.2203    1487.45    1483.63 0.0000e+00
       5394    221.000     8.3678     8.3660   3.665658   3.667040     2.1871    -0.0906      80.20 4.9465e-02 0.0000e+00    81.6917    5.67550    35.0038    35.0203    27.2212    1487.49    1483.65 0.0000e+00
       5416    222.000     8.3733     8.3715   3.666437   3.667786     2.1872    -0.0947      89.94 4.9496e-02 0.0000e+00    81.6991    5.67313    35.0062    35.0223    27.2222    1487.53    1483.67 0.0000e+00
       5438    223.000     8.3723     8.3709   3.666508   3.667871     2.1876    -0.0855      98.80 4.9481e-02 0.0000e+00    81.7026    5.67309    35.0074    35.0233    27.2233    1487.54    1483.69 0.0000e+00
       5460    224.000     8.3679     8.3665   3.666241   3.667592     2.1873    -0.0748      81.31 4.9464e-02 0.0000e+00    81.6798    5.66541    35.0085    35.0242    27.2248    1487.54    1483.70 0.0000e+00
       5483    225.000     8.3633     8.3622   3.666041   3.667398     2.1861    -0.0926      69.76 4.9481e-02 0.0000e+00    81.6823    5.65663    35.0104    35.0260    27.2271    1487.54    1483.72 0.0000e+00
       5506    226.000     8.3605     8.3590   3.665931   3.667287     2.1850    -0.0932      66.41 4.9490e-02 0.0000e+00    81.6850    5.65383    35.0116    35.0275    27.2284    1487.55    1483.74 0.0000e+00
       5528    227.000     8.3591     8.3576   3.665885   3.667248     2.1838    -0.0753      61.56 4.9490e-02 0.0000e+00    81.6982    5.65429    35.0120    35.0280    27.2289    1487.56    1483.75 0.0000e+00
       5549    228.000     8.3571     8.3558   3.665786   3.667150     2.1832    -0.0776      42.57 4.9479e-02 0.0000e+00    81.6737    5.65177    35.0124    35.0282    27.2296    1487.57    1483.77 0.0000e+00
       5570    229.000     8.3555     8.3545   3.665693   3.667091     2.1819    -0.0910      99.56 4.9474e-02 0.0000e+00    81.6573    5.64698    35.0126    35.0284    27.2299    1487.58    1483.79 0.0000e+00
