_data/ctd/2022603/sta0227.cnv
* Sea-Bird SBE 9 Data File:
* FileName = C:\Seabird\CTDData\sta0227.hex
* Software Version Seasave V 7.21f
* Temperature SN = 6264
* Conductivity SN = 4928
* Number of Bytes Per Scan = 40
* Number of Voltage Words = 5
* Number of Scans Averaged by the Deck Unit = 1
* NMEA Latitude = 61 00.68 N
* NMEA Longitude = 004 51.08 E
* NMEA UTC (Time) = Feb 18 2022 07:25:03
* NMEA baud rate = 4800
** Ship: R/V "Kristine Bonnevie"
** Station: 0227
** Echodepth: 431
** Log: 1245.957
** Wind-Dir/Force: 14 13
** Air-temp (dry): 3.2
** Weather Sky:
** Sea:
** S02
# nquan = 19                                
# nvalues = 427                         
# units = specified
# name 0 = scan: Scan Count
# name 1 = prDM: Pressure, Digiquartz [db]
# name 2 = t068C: Temperature [ITS-68, deg C]
# name 3 = t168C: Temperature, 2 [ITS-68, deg C]
# name 4 = c0S/m: Conductivity [S/m]
# name 5 = c1S/m: Conductivity, 2 [S/m]
# name 6 = sbeox0V: Oxygen raw, SBE 43 [V]
# name 7 = flECO-AFL: Fluorescence, WET Labs ECO-AFL/FL [mg/m^3]
# name 8 = altM: Altimeter [m]
# name 9 = par: PAR/Irradiance, Biospherical/Licor
# name 10 = spar: SPAR/Surface Irradiance
# name 11 = CStarTr0: Beam Transmission, WET Labs C-Star [%]
# name 12 = sbeox0ML/L: Oxygen, SBE 43 [ml/l], WS = 2
# name 13 = sal00: Salinity, Practical [PSU]
# name 14 = sal11: Salinity, Practical, 2 [PSU]
# name 15 = sigma-t00: Density [sigma-t, Kg/m^3 ]
# name 16 = svCM: Sound Velocity [Chen-Millero, m/s]
# name 17 = avgsvCM: Average Sound Velocity [Chen-Millero, m/s], minP = 1, minS = 5
# name 18 = flag: flag
# span 0 =        542,      10487       
# span 1 =      2.000,    428.000       
# span 2 =     5.9066,     8.2867       
# span 3 =     5.9038,     8.2847       
# span 4 =   3.088200,   3.660081       
# span 5 =   3.088835,   3.661568       
# span 6 =     2.1624,     2.4543       
# span 7 =    -0.1025,     0.6958       
# span 8 =       5.62,      99.52       
# span 9 = 4.9448e-02, 5.2817e+00       
# span 10 = 9.9933e+00, 1.9987e+01      
# span 11 =    79.7644,    81.0284      
# span 12 =    5.75102,    6.89294      
# span 13 =    31.1748,    34.9836      
# span 14 =    31.1846,    35.0009      
# span 15 =    24.5412,    27.2266      
# span 16 =    1469.60,    1490.35      
# span 17 =    1469.61,    1485.56      
# span 18 = 0.0000e+00, 0.0000e+00      
# interval = decibars: 1                
# start_time = Feb 18 2022 07:25:05 [System UTC, header]
# bad_flag = -9.990e-29
*END*
[from data line 77]
       2519     79.000     7.6861     7.6825   3.540231   3.541762     2.4119     0.0342      98.82 4.9490e-02 1.1992e+01    80.4181    6.35930    34.4029    34.4230    26.8514    1481.83    1477.74 0.0000e+00
       2538     80.000     7.7347     7.7295   3.546446   3.547932     2.4063     0.0102      98.82 4.9466e-02 1.1992e+01    80.4366    6.33722    34.4215    34.4427    26.8589    1482.06    1477.79 0.0000e+00
       2565     81.000     7.8244     7.8222   3.558050   3.559839     2.3994     0.0278      98.82 4.9489e-02 1.1992e+01    80.4754    6.31549    34.4576    34.4790    26.8741    1482.46    1477.85 0.0000e+00
       2600     82.000     7.9237     7.9208   3.570111   3.571696     2.3926     0.0274      98.82 4.9490e-02 1.1992e+01    80.5118    6.28772    34.4888    34.5087    26.8840    1482.89    1477.91 0.0000e+00
       2628     83.000     7.9582     7.9569   3.578173   3.579644     2.3867    -0.0148      98.82 4.9473e-02 1.1992e+01    80.5483    6.24404    34.5409    34.5580    26.9198    1483.10    1477.97 0.0000e+00
       2649     84.000     7.9487     7.9471   3.578450   3.579875     2.3811    -0.0254      98.82 4.9483e-02 1.1992e+01    80.6059    6.21140    34.5528    34.5697    26.9305    1483.10    1478.04 0.0000e+00
       2668     85.000     7.9484     7.9468   3.578477   3.579919     2.3745    -0.0253      98.82 4.9478e-02 1.1992e+01    80.6740    6.17530    34.5529    34.5700    26.9306    1483.11    1478.09 0.0000e+00
       2685     86.000     7.9427     7.9417   3.578444   3.579756     2.3679    -0.0253      98.81 4.9488e-02 1.1992e+01    80.7025    6.15534    34.5577    34.5728    26.9353    1483.12    1478.15 0.0000e+00
       2702     87.000     7.9256     7.9248   3.577914   3.579380     2.3617    -0.0338      98.82 4.9493e-02 1.1992e+01    80.7143    6.14486    34.5684    34.5850    26.9462    1483.08    1478.21 0.0000e+00
       2721     88.000     7.9343     7.9323   3.579779   3.581365     2.3556    -0.0532      98.82 4.9479e-02 1.1992e+01    80.6950    6.13424    34.5794    34.5984    26.9535    1483.14    1478.27 0.0000e+00
       2746     89.000     7.9677     7.9656   3.584142   3.585699     2.3495    -0.0465      98.82 4.9459e-02 1.1992e+01    80.7165    6.13310    34.5927    34.6115    26.9591    1483.30    1478.32 0.0000e+00
       2780     90.000     7.9689     7.9671   3.585418   3.586841     2.3441    -0.0252      98.81 4.9490e-02 1.1992e+01    80.7174    6.13080    34.6047    34.6218    26.9683    1483.34    1478.38 0.0000e+00
       2815     91.000     7.9680     7.9664   3.585758   3.587207     2.3390    -0.0242      98.82 4.9471e-02 1.1992e+01    80.7315    6.11719    34.6088    34.6259    26.9717    1483.36    1478.43 0.0000e+00
       2841     92.000     7.9679     7.9659   3.586059   3.587484     2.3357    -0.0240      98.81 4.9488e-02 1.1992e+01    80.7224    6.10885    34.6116    34.6289    26.9739    1483.38    1478.49 0.0000e+00
       2862     93.000     7.9712     7.9693   3.586843   3.588297     2.3330    -0.0353      98.81 4.9460e-02 1.1992e+01    80.7504    6.09960    34.6163    34.6338    26.9771    1483.41    1478.54 0.0000e+00
       2880     94.000     7.9734     7.9715   3.587349   3.588806     2.3308    -0.0557      98.82 4.9524e-02 1.1992e+01    80.7272    6.09930    34.6191    34.6366    26.9789    1483.44    1478.59 0.0000e+00
       2896     95.000     7.9750     7.9731   3.587899   3.589339     2.3294    -0.0525      98.81 4.9500e-02 1.2001e+01    80.7130    6.09714    34.6229    34.6403    26.9817    1483.47    1478.64 0.0000e+00
       2913     96.000     7.9833     7.9810   3.589625   3.591123     2.3276 -9.990e-29      98.80 4.9478e-02 -9.990e-29    80.7155    6.08946    34.6328    34.6511    26.9882    1483.53    1478.69 0.0000e+00
       2932     97.000     7.9869     7.9851   3.590304   3.591769     2.3259 -9.990e-29      98.81 4.9515e-02 -9.990e-29    80.7013    6.09089    34.6360    34.6535    26.9902    1483.56    1478.74 0.0000e+00
       2956     98.000     7.9867     7.9851   3.590650   3.592103     2.3247 -9.990e-29      98.81 4.9470e-02 -9.990e-29    80.6758    6.09043    34.6394    34.6566    26.9929    1483.58    1478.79 0.0000e+00
       2991     99.000     7.9897     7.9878   3.591409   3.592832     2.3224    -0.0468      98.82 4.9482e-02 -9.990e-29    80.6997    6.08166    34.6441    34.6613    26.9962    1483.61    1478.84 0.0000e+00
       3025    100.000     7.9922     7.9904   3.592084   3.593504     2.3201    -0.0528      98.82 4.9467e-02 -9.990e-29    80.6980    6.07617    34.6484    34.6654    26.9992    1483.65    1478.89 0.0000e+00
       3049    101.000     7.9927     7.9905   3.592286   3.593678     2.3192    -0.0497      98.81 4.9488e-02 -9.990e-29    80.6811    6.07229    34.6496    34.6667    27.0000    1483.66    1478.93 0.0000e+00
       3067    102.000     7.9967     7.9946   3.593190   3.594633     2.3175    -0.0432      98.81 4.9463e-02 -9.990e-29    80.7017    6.06488    34.6548    34.6724    27.0035    1483.70    1478.98 0.0000e+00
       3085    103.000     8.0046     8.0019   3.594881   3.596335     2.3166    -0.0219      98.82 4.9478e-02 -9.990e-29    80.7086    6.06697    34.6647    34.6830    27.0101    1483.76    1479.03 0.0000e+00
       3103    104.000     8.0138     8.0114   3.596709   3.598147     2.3158    -0.0468      98.81 4.9490e-02 1.2658e+01    80.7087    6.06324    34.6747    34.6925    27.0166    1483.83    1479.07 0.0000e+00
       3123    105.000     8.0158     8.0139   3.597199   3.598634     2.3149 -9.990e-29      98.81 4.9477e-02 1.2919e+01    80.7243    6.06049    34.6775    34.6948    27.0185    1483.85    1479.12 0.0000e+00
       3147    106.000     8.0180     8.0160   3.597628   3.599061     2.3136 -9.990e-29      98.81 4.9483e-02 1.3322e+01    80.7300    6.05473    34.6794    34.6968    27.0197    1483.88    1479.16 0.0000e+00
       3173    107.000     8.0295     8.0277   3.599663   3.601260     2.3121 -9.990e-29      98.81 4.9476e-02 1.3763e+01    80.7144    6.04628    34.6894    34.7083    27.0258    1483.95    1479.21 0.0000e+00
       3198    108.000     8.0501     8.0474   3.602774   3.604280     2.3105    -0.0474      98.81 4.9472e-02 1.3866e+01    80.7508    6.04094    34.7018    34.7207    27.0325    1484.06    1479.25 0.0000e+00
       3224    109.000     8.0867     8.0784   3.607462   3.608318     2.3093    -0.0520      98.81 4.9471e-02 -9.990e-29    80.7556    6.03237    34.7153    34.7327    27.0376    1484.23    1479.30 0.0000e+00
       3250    110.000     8.1277     8.1232   3.612804   3.614133     2.3079    -0.0616      98.80 4.9465e-02 -9.990e-29    80.7722    6.02455    34.7314    34.7501    27.0440    1484.42    1479.34 0.0000e+00
       3275    111.000     8.1314     8.1302   3.614816   3.616301     2.3071    -0.0691      98.81 4.9469e-02 -9.990e-29    80.8153    6.01650    34.7488    34.7659    27.0571    1484.48    1479.39 0.0000e+00
       3296    112.000     8.1189     8.1182   3.614530   3.616002     2.3053    -0.0671      98.81 4.9461e-02 1.3970e+01    80.8457    6.00037    34.7577    34.7741    27.0659    1484.46    1479.44 0.0000e+00
       3314    113.000     8.1129     8.1114   3.614262   3.615707     2.3030    -0.0506      98.81 4.9504e-02 1.3991e+01    80.8557    5.98542    34.7603    34.7772    27.0689    1484.45    1479.48 0.0000e+00
       3332    114.000     8.1105     8.1088   3.614291   3.615760     2.3002    -0.0677      98.81 4.9462e-02 1.3991e+01    80.8754    5.97434    34.7625    34.7799    27.0710    1484.46    1479.52 0.0000e+00
       3353    115.000     8.1106     8.1090   3.614790   3.616247     2.2970    -0.0652      98.81 4.9456e-02 1.3991e+01    80.8554    5.96783    34.7672    34.7844    27.0747    1484.49    1479.57 0.0000e+00
       3379    116.000     8.1109     8.1092   3.615250   3.616710     2.2938    -0.0706      98.81 4.9491e-02 1.3991e+01    80.8302    5.96659    34.7714    34.7887    27.0779    1484.51    1479.61 0.0000e+00
       3404    117.000     8.1132     8.1114   3.616256   3.617706     2.2916    -0.0621      98.81 4.9497e-02 1.3991e+01    80.8731    5.96541    34.7794    34.7967    27.0838    1484.54    1479.65 0.0000e+00
       3427    118.000     8.1147     8.1129   3.616958   3.618416     2.2899    -0.0549      98.81 4.9496e-02 1.3991e+01    80.8774    5.96014    34.7849    34.8023    27.0880    1484.57    1479.69 0.0000e+00
       3450    119.000     8.1190     8.1170   3.618441   3.619900     2.2879    -0.0698      98.81 4.9487e-02 1.3991e+01    80.9081    5.95431    34.7960    34.8136    27.0961    1484.62    1479.73 0.0000e+00
       3475    120.000     8.1244     8.1223   3.619762   3.621206     2.2864    -0.0680      98.80 4.9465e-02 1.3991e+01    80.9088    5.95610    34.8043    34.8219    27.1018    1484.67    1479.77 0.0000e+00
       3500    121.000     8.1266     8.1244   3.620310   3.621718     2.2852    -0.0705      98.81 4.9462e-02 1.3991e+01    80.9005    5.94786    34.8075    34.8248    27.1039    1484.69    1479.82 0.0000e+00
       3523    122.000     8.1304     8.1283   3.621190   3.622637     2.2833    -0.0668      98.82 4.9499e-02 1.3991e+01    80.8932    5.94060    34.8127    34.8303    27.1074    1484.73    1479.86 0.0000e+00
       3543    123.000     8.1344     8.1322   3.622135   3.623582     2.2823    -0.0714      98.81 4.9495e-02 1.3991e+01    80.8858    5.93989    34.8184    34.8360    27.1113    1484.77    1479.90 0.0000e+00
       3565    124.000     8.1453     8.1426   3.624478   3.625906     2.2807    -0.0767      98.82 4.9463e-02 1.3991e+01    80.8748    5.92978    34.8321    34.8501    27.1204    1484.84    1479.94 0.0000e+00
       3589    125.000     8.1538     8.1520   3.626123   3.627603     2.2789    -0.0738      98.80 4.9469e-02 1.3991e+01    80.8671    5.92480    34.8408    34.8584    27.1259    1484.90    1479.97 0.0000e+00
       3610    126.000     8.1550     8.1526   3.626453   3.627766     2.2777    -0.0653      98.81 4.9491e-02 1.3991e+01    80.8676    5.92438    34.8427    34.8591    27.1272    1484.93    1480.01 0.0000e+00
       3628    127.000     8.1559     8.1539   3.626693   3.628160     2.2767    -0.0680      98.81 4.9519e-02 1.3991e+01    80.8845    5.91471    34.8438    34.8615    27.1280    1484.95    1480.05 0.0000e+00
       3647    128.000     8.1593     8.1573   3.627595   3.629046     2.2748    -0.0710      98.81 4.9482e-02 1.3991e+01    80.8981    5.90484    34.8496    34.8671    27.1320    1484.98    1480.09 0.0000e+00
       3672    129.000     8.1608     8.1590   3.627966   3.629423     2.2727    -0.0717      98.81 4.9503e-02 1.3991e+01    80.8917    5.90249    34.8516    34.8690    27.1334    1485.01    1480.13 0.0000e+00
       3705    130.000     8.1643     8.1626   3.628735   3.630222     2.2701    -0.0685      98.81 4.9496e-02 1.3991e+01    80.9061    5.89740    34.8559    34.8735    27.1362    1485.04    1480.17 0.0000e+00
       3735    131.000     8.1662     8.1642   3.629191   3.630613     2.2685    -0.0682      98.80 4.9473e-02 1.3991e+01    80.9268    5.89892    34.8584    34.8756    27.1379    1485.07    1480.20 0.0000e+00
       3755    132.000     8.1692     8.1667   3.629896   3.631316     2.2679    -0.0608      98.80 4.9478e-02 1.3991e+01    80.9124    5.89733    34.8625    34.8801    27.1406    1485.10    1480.24 0.0000e+00
       3772    133.000     8.1728     8.1707   3.630742   3.632212     2.2671    -0.0692      98.81 4.9491e-02 1.3991e+01    80.9262    5.89359    34.8675    34.8853    27.1440    1485.14    1480.28 0.0000e+00
       3788    134.000     8.1741     8.1721   3.631138   3.632606     2.2665    -0.0683      98.81 4.9496e-02 1.3991e+01    80.9089    5.88936    34.8699    34.8876    27.1457    1485.16    1480.31 0.0000e+00
       3807    135.000     8.1749     8.1729   3.631446   3.632900     2.2652    -0.0689      98.81 4.9479e-02 1.3991e+01    80.9137    5.88458    34.8719    34.8895    27.1472    1485.19    1480.35 0.0000e+00
       3829    136.000     8.1757     8.1739   3.631649   3.633134     2.2640    -0.0680      98.81 4.9483e-02 1.3991e+01    80.8904    5.88446    34.8728    34.8905    27.1478    1485.21    1480.39 0.0000e+00
       3856    137.000     8.1806     8.1786   3.632555   3.633999     2.2631    -0.0663      98.81 4.9480e-02 1.3991e+01    80.9224    5.88503    34.8772    34.8946    27.1504    1485.25    1480.42 0.0000e+00
       3884    138.000     8.1819     8.1800   3.632788   3.634243     2.2622    -0.0679      98.81 4.9479e-02 1.3991e+01    80.8995    5.88266    34.8779    34.8953    27.1508    1485.27    1480.46 0.0000e+00
       3910    139.000     8.1831     8.1809   3.633016   3.634435     2.2614    -0.0673      98.81 4.9472e-02 1.3991e+01    80.9239    5.87781    34.8786    34.8960    27.1512    1485.29    1480.49 0.0000e+00
       3933    140.000     8.1854     8.1831   3.633398   3.634822     2.2603    -0.0635      84.72 4.9519e-02 1.3991e+01    80.8853    5.87492    34.8800    34.8975    27.1519    1485.32    1480.52 0.0000e+00
       3953    141.000     8.1845     8.1826   3.633401   3.634841     2.2596    -0.0644      99.01 4.9483e-02 1.3991e+01    80.8983    5.87108    34.8804    34.8977    27.1524    1485.33    1480.56 0.0000e+00
       3972    142.000     8.1828     8.1810   3.633262   3.634731     2.2584    -0.0636      98.80 4.9478e-02 1.3991e+01    80.9032    5.86592    34.8801    34.8976    27.1524    1485.34    1480.59 0.0000e+00
       3990    143.000     8.1818     8.1799   3.633231   3.634671     2.2575    -0.0620      98.80 4.9488e-02 1.3991e+01    80.9227    5.86534    34.8803    34.8976    27.1527    1485.35    1480.63 0.0000e+00
       4012    144.000     8.1824     8.1806   3.633443   3.634902     2.2564    -0.0653      98.81 4.9470e-02 1.3991e+01    80.9234    5.86378    34.8815    34.8989    27.1535    1485.37    1480.66 0.0000e+00
       4035    145.000     8.1840     8.1822   3.633824   3.635283     2.2555    -0.0670      98.81 4.9475e-02 1.3991e+01    80.9076    5.86902    34.8835    34.9009    27.1549    1485.40    1480.69 0.0000e+00
       4057    146.000     8.1852     8.1834   3.634012   3.635476     2.2556    -0.0658      98.81 4.9495e-02 1.3991e+01    80.9110    5.87151    34.8838    34.9013    27.1549    1485.42    1480.72 0.0000e+00
       4077    147.000     8.1850     8.1833   3.634058   3.635525     2.2552    -0.0666      86.42 4.9512e-02 1.3991e+01    80.9184    5.86771    34.8840    34.9014    27.1551    1485.44    1480.76 0.0000e+00
       4098    148.000     8.1865     8.1855   3.634291   3.635898     2.2544    -0.0655      98.51 4.9482e-02 1.3991e+01    80.9105    5.86432    34.8845    34.9027    27.1553    1485.46    1480.79 0.0000e+00
       4125    149.000     8.1878     8.1865   3.634506   3.636021     2.2541    -0.0692      98.80 4.9482e-02 1.3991e+01    80.9074    5.86600    34.8851    34.9026    27.1555    1485.48    1480.82 0.0000e+00
       4152    150.000     8.1884     8.1868   3.634689   3.636168     2.2532    -0.0717      89.10 4.9484e-02 1.3991e+01    80.9073    5.86123    34.8859    34.9033    27.1561    1485.50    1480.85 0.0000e+00
       4175    151.000     8.1885     8.1879   3.634801   3.636411     2.2528    -0.0695      99.10 4.9481e-02 1.3991e+01    80.9050    5.86445    34.8866    34.9044    27.1566    1485.52    1480.88 0.0000e+00
       4194    152.000     8.1896     8.1881   3.635076   3.636621     2.2526    -0.0707      98.81 4.9468e-02 1.3991e+01    80.9501    5.85936    34.8879    34.9059    27.1575    1485.54    1480.91 0.0000e+00
       4213    153.000     8.1912     8.1897   3.635385   3.636897     2.2515    -0.0666      93.15 4.9461e-02 1.3991e+01    80.9176    5.85332    34.8892    34.9068    27.1582    1485.56    1480.94 0.0000e+00
