_data/ctd/2022603/sta0185.cnv
* Sea-Bird SBE 9 Data File:
* FileName = C:\Seabird\CTDData\2022603\sta0185.hex
* Software Version Seasave V 7.21f
* Temperature SN = 6264
* Conductivity SN = 4928
* Number of Bytes Per Scan = 40
* Number of Voltage Words = 5
* Number of Scans Averaged by the Deck Unit = 1
* NMEA Latitude = 61 12.19 N
* NMEA Longitude = 007 05.03 E
* NMEA UTC (Time) = Feb 14 2022 10:30:45
* NMEA baud rate = 4800
** Ship: R/V "Kristine Bonnevie"
** Station: 0185
** Echodepth: 260
** Log: 0722.513
** Wind-Dir/Force: 04 04
** Air-temp (dry): 2.7
** Weather Sky:
** Sea:
# nquan = 19                                
# nvalues = 248                         
# units = specified
# name 0 = scan: Scan Count
# name 1 = prDM: Pressure, Digiquartz [db]
# name 2 = t068C: Temperature [ITS-68, deg C]
# name 3 = t168C: Temperature, 2 [ITS-68, deg C]
# name 4 = c0S/m: Conductivity [S/m]
# name 5 = c1S/m: Conductivity, 2 [S/m]
# name 6 = sbeox0V: Oxygen raw, SBE 43 [V]
# name 7 = flECO-AFL: Fluorescence, WET Labs ECO-AFL/FL [mg/m^3]
# name 8 = altM: Altimeter [m]
# name 9 = par: PAR/Irradiance, Biospherical/Licor
# name 10 = spar: SPAR/Surface Irradiance
# name 11 = CStarTr0: Beam Transmission, WET Labs C-Star [%]
# name 12 = sbeox0ML/L: Oxygen, SBE 43 [ml/l], WS = 2
# name 13 = sal00: Salinity, Practical [PSU]
# name 14 = sal11: Salinity, Practical, 2 [PSU]
# name 15 = sigma-t00: Density [sigma-t, Kg/m^3 ]
# name 16 = svCM: Sound Velocity [Chen-Millero, m/s]
# name 17 = avgsvCM: Average Sound Velocity [Chen-Millero, m/s], minP = 1, minS = 5
# name 18 = flag: flag
# span 0 =        295,       5667       
# span 1 =      2.000,    249.000       
# span 2 =     4.3110,    10.1681       
# span 3 =     4.3119,    10.1671       
# span 4 =   2.598074,   3.654603       
# span 5 =   2.597518,   3.656248       
# span 6 =     1.3523,     2.4829       
# span 7 =    -0.0558,     0.9250       
# span 8 =      11.70,     100.27       
# span 9 = 4.9451e-02, 7.0439e+01       
# span 10 = 1.6589e+02, 1.7789e+02      
# span 11 =    74.7514,    80.9058      
# span 12 =    2.85407,    7.40484      
# span 13 =    26.7843,    34.1566      
# span 14 =    26.7830,    34.1729      
# span 15 =    21.2050,    26.5518      
# span 16 =    1458.15,    1488.96      
# span 17 =    1458.48,    1484.03      
# span 18 = 0.0000e+00, 0.0000e+00      
# interval = decibars: 1                
# start_time = Feb 14 2022 10:30:47 [System UTC, header]
# bad_flag = -9.990e-29
*END*
[from data line 153]
       3620    155.000     8.3988     8.3971   3.582948   3.584347     1.4647    -0.0529      49.71 4.9518e-02 1.7388e+02    80.3152    3.21355    34.1266    34.1430    26.5281    1485.43    1482.69 0.0000e+00
       3641    156.000     8.3984     8.3966   3.583048   3.584439     1.4628    -0.0543      42.44 4.9512e-02 1.7388e+02    80.2293    3.20601    34.1275    34.1440    26.5290    1485.45    1482.71 0.0000e+00
       3662    157.000     8.3981     8.3963   3.583147   3.584532     1.4603    -0.0543      70.25 4.9508e-02 1.7388e+02    80.1263    3.19587    34.1284    34.1448    26.5297    1485.46    1482.73 0.0000e+00
       3682    158.000     8.3976     8.3959   3.583259   3.584653     1.4583    -0.0320      48.34 4.9512e-02 1.7388e+02    79.9945    3.18638    34.1296    34.1460    26.5307    1485.48    1482.74 0.0000e+00
       3703    159.000     8.3976     8.3959   3.583406   3.584800     1.4553    -0.0286      74.35 4.9499e-02 1.7388e+02    79.8733    3.16862    34.1307    34.1471    26.5316    1485.50    1482.76 0.0000e+00
       3724    160.000     8.3978     8.3960   3.583506   3.584907     1.4520    -0.0470      64.64 4.9485e-02 1.7388e+02    79.7400    3.16092    34.1311    34.1477    26.5319    1485.52    1482.78 0.0000e+00
       3744    161.000     8.3977     8.3960   3.583577   3.584975     1.4492    -0.0421      82.81 4.9522e-02 1.7388e+02    79.6284    3.15536    34.1315    34.1479    26.5322    1485.53    1482.80 0.0000e+00
       3765    162.000     8.3974     8.3957   3.583656   3.585045     1.4468    -0.0457      63.63 4.9478e-02 1.7388e+02    79.4502    3.15228    34.1321    34.1485    26.5327    1485.55    1482.81 0.0000e+00
       3786    163.000     8.3977     8.3958   3.583744   3.585143     1.4447    -0.0446      82.55 4.9513e-02 1.7388e+02    79.4396    3.15018    34.1323    34.1490    26.5328    1485.57    1482.83 0.0000e+00
       3807    164.000     8.3977     8.3960   3.583832   3.585222     1.4429    -0.0437      72.64 4.9498e-02 1.7388e+02    79.3437    3.14809    34.1328    34.1491    26.5332    1485.58    1482.85 0.0000e+00
       3828    165.000     8.3980     8.3962   3.584020   3.585411     1.4413    -0.0418      84.21 4.9499e-02 1.7388e+02    79.2727    3.14313    34.1340    34.1505    26.5341    1485.60    1482.86 0.0000e+00
       3850    166.000     8.3976     8.3959   3.584064   3.585464     1.4396    -0.0401      74.99 4.9502e-02 1.7388e+02    79.2859    3.14329    34.1344    34.1509    26.5345    1485.62    1482.88 0.0000e+00
       3871    167.000     8.3974     8.3957   3.584140   3.585535     1.4390    -0.0412      61.13 4.9492e-02 1.7388e+02    79.2733    3.14948    34.1349    34.1513    26.5349    1485.63    1482.90 0.0000e+00
       3892    168.000     8.3972     8.3955   3.584248   3.585637     1.4383    -0.0447      66.36 4.9512e-02 1.7388e+02    79.3735    3.14793    34.1358    34.1521    26.5356    1485.65    1482.91 0.0000e+00
       3913    169.000     8.3976     8.3958   3.584449   3.585845     1.4378    -0.0384      69.59 4.9490e-02 1.7388e+02    79.3423    3.14716    34.1370    34.1536    26.5365    1485.67    1482.93 0.0000e+00
       3935    170.000     8.3976     8.3959   3.584576   3.585968     1.4372    -0.0388      69.82 4.9512e-02 1.7388e+02    79.3087    3.14234    34.1379    34.1543    26.5372    1485.69    1482.95 0.0000e+00
       3956    171.000     8.3977     8.3960   3.584655   3.586039     1.4363    -0.0456      82.67 4.9512e-02 1.7388e+02    79.3338    3.13752    34.1382    34.1545    26.5374    1485.71    1482.96 0.0000e+00
       3977    172.000     8.3977     8.3960   3.584722   3.586105     1.4353    -0.0499      76.11 4.9512e-02 1.7388e+02    79.5292    3.14225    34.1384    34.1547    26.5376    1485.72    1482.98 0.0000e+00
       3999    173.000     8.3979     8.3961   3.584834   3.586229     1.4357    -0.0465      87.32 4.9521e-02 1.7388e+02    79.6824    3.14999    34.1389    34.1555    26.5380    1485.74    1482.99 0.0000e+00
       4020    174.000     8.3979     8.3961   3.584903   3.586297     1.4357    -0.0496      80.18 4.9512e-02 1.7388e+02    79.8081    3.15088    34.1392    34.1557    26.5382    1485.76    1483.01 0.0000e+00
       4041    175.000     8.3977     8.3960   3.584991   3.586379     1.4359    -0.0459      98.41 4.9505e-02 1.7388e+02    79.8442    3.15238    34.1399    34.1562    26.5387    1485.77    1483.02 0.0000e+00
       4062    176.000     8.3975     8.3958   3.585099   3.586489     1.4362    -0.0437      66.75 4.9532e-02 1.7388e+02    79.9579    3.15289    34.1407    34.1571    26.5395    1485.79    1483.04 0.0000e+00
       4083    177.000     8.3974     8.3957   3.585200   3.586589     1.4365    -0.0419      65.18 4.9490e-02 1.7388e+02    80.0151    3.15483    34.1414    34.1578    26.5400    1485.81    1483.06 0.0000e+00
       4105    178.000     8.3972     8.3956   3.585246   3.586647     1.4364    -0.0284      73.63 4.9485e-02 1.7388e+02    80.0437    3.15090    34.1416    34.1580    26.5402    1485.82    1483.07 0.0000e+00
       4126    179.000     8.3968     8.3952   3.585314   3.586710     1.4363    -0.0282      67.95 4.9551e-02 1.7388e+02    80.0588    3.14731    34.1423    34.1586    26.5408    1485.84    1483.09 0.0000e+00
       4147    180.000     8.3968     8.3952   3.585388   3.586782     1.4356    -0.0546      82.28 4.9471e-02 1.7388e+02    80.0523    3.13973    34.1426    34.1589    26.5410    1485.86    1483.10 0.0000e+00
       4169    181.000     8.3968     8.3951   3.585445   3.586836     1.4345    -0.0558      70.62 4.9496e-02 1.7388e+02    80.0164    3.13185    34.1427    34.1591    26.5411    1485.87    1483.12 0.0000e+00
       4190    182.000     8.3969     8.3952   3.585531   3.586933     1.4332    -0.0538      89.02 4.9499e-02 1.7388e+02    80.0032    3.12830    34.1431    34.1596    26.5414    1485.89    1483.13 0.0000e+00
       4211    183.000     8.3969     8.3952   3.585609   3.587002     1.4320    -0.0494      79.37 4.9483e-02 1.7424e+02    79.9567    3.12704    34.1434    34.1598    26.5417    1485.91    1483.15 0.0000e+00
       4233    184.000     8.3966     8.3949   3.585674   3.587078     1.4311    -0.0453      89.52 4.9525e-02 1.7407e+02    79.9415    3.12345    34.1439    34.1605    26.5421    1485.92    1483.16 0.0000e+00
       4254    185.000     8.3967     8.3951   3.585761   3.587154     1.4298    -0.0464      79.22 4.9502e-02 1.7534e+02    79.9167    3.12042    34.1443    34.1606    26.5424    1485.94    1483.18 0.0000e+00
       4276    186.000     8.3967     8.3950   3.585830   3.587220     1.4289    -0.0429      96.42 4.9512e-02 1.7546e+02    79.9283    3.11254    34.1445    34.1609    26.5426    1485.96    1483.19 0.0000e+00
       4297    187.000     8.3967     8.3950   3.585877   3.587272     1.4271    -0.0502      92.84 4.9515e-02 1.7502e+02    79.8460    3.10605    34.1446    34.1610    26.5426    1485.97    1483.21 0.0000e+00
       4319    188.000     8.3966     8.3949   3.585933   3.587333     1.4257    -0.0467      97.23 4.9518e-02 1.7587e+02    79.8240    3.10155    34.1448    34.1613    26.5428    1485.99    1483.22 0.0000e+00
       4340    189.000     8.3967     8.3950   3.586007   3.587403     1.4239    -0.0461      93.96 4.9538e-02 1.7588e+02    79.8284    3.09406    34.1450    34.1615    26.5429    1486.01    1483.24 0.0000e+00
       4361    190.000     8.3967     8.3949   3.586072   3.587460     1.4225    -0.0334      26.05 4.9492e-02 1.7588e+02    79.7745    3.09427    34.1452    34.1617    26.5431    1486.02    1483.25 0.0000e+00
       4383    191.000     8.3966     8.3950   3.586136   3.587530     1.4211    -0.0257      99.04 4.9540e-02 1.7588e+02    79.7149    3.09092    34.1455    34.1619    26.5434    1486.04    1483.27 0.0000e+00
       4404    192.000     8.3966     8.3949   3.586201   3.587594     1.4200    -0.0450      28.10 4.9499e-02 1.7588e+02    79.7099    3.08981    34.1458    34.1622    26.5435    1486.06    1483.28 0.0000e+00
       4425    193.000     8.3965     8.3949   3.586273   3.587670     1.4190    -0.0163      99.73 4.9525e-02 1.7588e+02    79.6465    3.08765    34.1461    34.1625    26.5439    1486.07    1483.30 0.0000e+00
       4447    194.000     8.3966     8.3949   3.586334   3.587730     1.4178    -0.0355      49.62 4.9515e-02 1.7588e+02    79.6067    3.08056    34.1462    34.1627    26.5439    1486.09    1483.31 0.0000e+00
       4468    195.000     8.3965     8.3949   3.586398   3.587791     1.4167    -0.0225      98.24 4.9525e-02 1.7588e+02    79.5335    3.07688    34.1465    34.1628    26.5442    1486.11    1483.32 0.0000e+00
       4489    196.000     8.3966     8.3949   3.586471   3.587860     1.4151    -0.0208      57.01 4.9505e-02 1.7588e+02    79.5124    3.07041    34.1467    34.1631    26.5443    1486.12    1483.34 0.0000e+00
       4511    197.000     8.3967     8.3950   3.586530   3.587927     1.4139    -0.0436      98.97 4.9528e-02 1.7588e+02    79.4846    3.06962    34.1468    34.1632    26.5443    1486.14    1483.35 0.0000e+00
       4532    198.000     8.3967     8.3951   3.586613   3.588002     1.4126    -0.0470      68.76 4.9512e-02 1.7588e+02    79.4576    3.06734    34.1472    34.1635    26.5447    1486.16    1483.37 0.0000e+00
       4553    199.000     8.3968     8.3951   3.586667   3.588068     1.4117    -0.0212      97.62 4.9509e-02 1.7588e+02    79.4363    3.06711    34.1472    34.1637    26.5447    1486.17    1483.38 0.0000e+00
       4575    200.000     8.3968     8.3951   3.586741   3.588140     1.4109    -0.0346      95.38 4.9525e-02 1.7588e+02    79.4655    3.06536    34.1475    34.1640    26.5449    1486.19    1483.39 0.0000e+00
       4597    201.000     8.3966     8.3949   3.586809   3.588193     1.4100    -0.0471      32.09 4.9534e-02 1.7588e+02    79.4741    3.06707    34.1480    34.1643    26.5453    1486.21    1483.41 0.0000e+00
       4619    202.000     8.3966     8.3950   3.586864   3.588254     1.4098 -9.990e-29      99.95 4.9534e-02 1.7588e+02    79.4893    3.06679    34.1481    34.1644    26.5454    1486.22    1483.42 0.0000e+00
       4641    203.000     8.3967     8.3950   3.586926   3.588323     1.4091 -9.990e-29      98.77 4.9534e-02 1.7588e+02    79.4820    3.05840    34.1482    34.1646    26.5454    1486.24    1483.44 0.0000e+00
       4662    204.000     8.3968     8.3951   3.587009   3.588390     1.4078 -9.990e-29      71.95 4.9502e-02 1.7588e+02    79.4455    3.05115    34.1485    34.1648    26.5457    1486.26    1483.45 0.0000e+00
       4684    205.000     8.3969     8.3952   3.587071   3.588401     1.4066 -9.990e-29      86.11 4.9527e-02 1.7588e+02    79.3813    3.05106    34.1486    34.1643    26.5457    1486.27    1483.46 0.0000e+00
       4706    206.000     8.3968     8.3952   3.587135   3.588529     1.4057    -0.0520      72.31 4.9525e-02 1.7588e+02    79.3626    3.05033    34.1489    34.1652    26.5460    1486.29    1483.48 0.0000e+00
       4727    207.000     8.3968     8.3952   3.587204   3.588597     1.4051    -0.0516      86.38 4.9515e-02 1.7588e+02    79.4746    3.05483    34.1491    34.1655    26.5462    1486.31    1483.49 0.0000e+00
       4749    208.000     8.3968     8.3952   3.587266   3.588662     1.4049    -0.0544      81.93 4.9521e-02 1.7588e+02    79.5850    3.05464    34.1493    34.1657    26.5463    1486.32    1483.50 0.0000e+00
       4771    209.000     8.3968     8.3952   3.587327   3.588714     1.4047    -0.0514      89.73 4.9532e-02 1.7588e+02    79.6164    3.05334    34.1495    34.1658    26.5465    1486.34    1483.52 0.0000e+00
       4792    210.000     8.3969     8.3953   3.587391   3.588768     1.4040    -0.0222      33.52 4.9512e-02 1.7588e+02    79.6557    3.05065    34.1496    34.1658    26.5465    1486.36    1483.53 0.0000e+00
       4814    211.000     8.3969     8.3953   3.587442   3.588836     1.4037    -0.0476      95.81 4.9534e-02 1.7588e+02    79.6424    3.04698    34.1497    34.1660    26.5466    1486.37    1483.55 0.0000e+00
       4835    212.000     8.3970     8.3953   3.587514   3.588899     1.4027    -0.0456      47.13 4.9505e-02 1.7588e+02    79.6395    3.04321    34.1499    34.1662    26.5467    1486.39    1483.56 0.0000e+00
       4856    213.000     8.3970     8.3954   3.587575   3.588962     1.4022    -0.0353      99.48 4.9519e-02 1.7588e+02    79.6337    3.04504    34.1501    34.1663    26.5469    1486.41    1483.57 0.0000e+00
       4877    214.000     8.3970     8.3954   3.587644   3.589035     1.4017    -0.0233      45.24 4.9518e-02 1.7588e+02    79.6307    3.04325    34.1503    34.1666    26.5471    1486.42    1483.59 0.0000e+00
       4899    215.000     8.3970     8.3954   3.587715   3.589101     1.4011    -0.0424      99.23 4.9521e-02 1.7588e+02    79.6328    3.03845    34.1506    34.1668    26.5473    1486.44    1483.60 0.0000e+00
       4920    216.000     8.3971     8.3954   3.587783   3.589178     1.4001    -0.0187      66.88 4.9527e-02 1.7588e+02    79.5890    3.03460    34.1508    34.1672    26.5474    1486.46    1483.61 0.0000e+00
       4942    217.000     8.3971     8.3954   3.587856   3.589249     1.3993    -0.0338      98.53 4.9505e-02 1.7588e+02    79.5090    3.02844    34.1511    34.1675    26.5476    1486.48    1483.62 0.0000e+00
       4963    218.000     8.3971     8.3955   3.587930   3.589326     1.3977    -0.0271      68.62 4.9527e-02 1.7588e+02    79.4568    3.02058    34.1514    34.1677    26.5479    1486.49    1483.64 0.0000e+00
       4985    219.000     8.3972     8.3956   3.587996   3.589382     1.3963    -0.0176      98.87 4.9552e-02 1.7588e+02    79.3496    3.01247    34.1515    34.1677    26.5480    1486.51    1483.65 0.0000e+00
       5006    220.000     8.3972     8.3956   3.588061   3.589458     1.3945    -0.0165      89.50 4.9540e-02 1.7588e+02    79.3514    3.00900    34.1517    34.1681    26.5481    1486.53    1483.66 0.0000e+00
       5028    221.000     8.3972     8.3956   3.588121   3.589521     1.3931    -0.0441      21.49 4.9485e-02 1.7588e+02    79.3848    3.00657    34.1519    34.1683    26.5483    1486.54    1483.68 0.0000e+00
       5050    222.000     8.3973     8.3957   3.588195   3.589580     1.3918    -0.0201      92.50 4.9509e-02 1.7588e+02    79.3851    3.00893    34.1521    34.1683    26.5484    1486.56    1483.69 0.0000e+00
       5071    223.000     8.3973     8.3957   3.588249   3.589651     1.3913    -0.0195      22.63 4.9499e-02 1.7588e+02    79.4316    3.01061    34.1522    34.1686    26.5485    1486.58    1483.70 0.0000e+00
       5092    224.000     8.3973     8.3957   3.588307   3.589709     1.3905    -0.0266      96.39 4.9532e-02 1.7588e+02    79.3941    3.00582    34.1524    34.1688    26.5486    1486.59    1483.72 0.0000e+00
       5113    225.000     8.3974     8.3958   3.588365   3.589766     1.3898    -0.0342      19.56 4.9498e-02 1.7588e+02    79.4098    3.00191    34.1524    34.1688    26.5486    1486.61    1483.73 0.0000e+00
       5134    226.000     8.3975     8.3958   3.588427   3.589823     1.3885    -0.0415      39.70 4.9496e-02 1.7588e+02    79.4195    2.99608    34.1525    34.1689    26.5487    1486.63    1483.74 0.0000e+00
       5156    227.000     8.3976     8.3959   3.588491   3.589883     1.3876    -0.0148      25.37 4.9512e-02 1.7588e+02    79.4111    2.99865    34.1526    34.1690    26.5488    1486.64    1483.75 0.0000e+00
       5177    228.000     8.3976     8.3960   3.588559   3.589946     1.3870    -0.0136      22.95 4.9505e-02 1.7588e+02    79.3993    2.99301    34.1529    34.1691    26.5490    1486.66    1483.77 0.0000e+00
       5198    229.000     8.3977     8.3961   3.588635   3.590019     1.3855    -0.0267      31.99 4.9490e-02 1.7588e+02    79.4207    2.98760    34.1531    34.1693    26.5491    1486.68    1483.78 0.0000e+00
