_data/ctd/2022603/sta0197.cnv
* Sea-Bird SBE 9 Data File:
* FileName = C:\Seabird\CTDData\sta0197.hex
* Software Version Seasave V 7.21f
* Temperature SN = 6264
* Conductivity SN = 4928
* Number of Bytes Per Scan = 40
* Number of Voltage Words = 5
* Number of Scans Averaged by the Deck Unit = 1
* NMEA Latitude = 61 10.81 N
* NMEA Longitude = 006 34.22 E
* NMEA UTC (Time) = Feb 14 2022 20:52:52
* NMEA baud rate = 4800
** Ship: R/V "Kristine Bonnevie"
** Station: 0197
** Echodepth: 807
** Log: 0777.926
** Wind-Dir/Force: 59 10
** Air-temp (dry): 4.4
** Weather Sky:
** Sea:
# nquan = 19                                
# nvalues = 820                         
# units = specified
# name 0 = scan: Scan Count
# name 1 = prDM: Pressure, Digiquartz [db]
# name 2 = t068C: Temperature [ITS-68, deg C]
# name 3 = t168C: Temperature, 2 [ITS-68, deg C]
# name 4 = c0S/m: Conductivity [S/m]
# name 5 = c1S/m: Conductivity, 2 [S/m]
# name 6 = sbeox0V: Oxygen raw, SBE 43 [V]
# name 7 = flECO-AFL: Fluorescence, WET Labs ECO-AFL/FL [mg/m^3]
# name 8 = altM: Altimeter [m]
# name 9 = par: PAR/Irradiance, Biospherical/Licor
# name 10 = spar: SPAR/Surface Irradiance
# name 11 = CStarTr0: Beam Transmission, WET Labs C-Star [%]
# name 12 = sbeox0ML/L: Oxygen, SBE 43 [ml/l], WS = 2
# name 13 = sal00: Salinity, Practical [PSU]
# name 14 = sal11: Salinity, Practical, 2 [PSU]
# name 15 = sigma-t00: Density [sigma-t, Kg/m^3 ]
# name 16 = svCM: Sound Velocity [Chen-Millero, m/s]
# name 17 = avgsvCM: Average Sound Velocity [Chen-Millero, m/s], minP = 1, minS = 5
# name 18 = flag: flag
# span 0 =         14,      17933       
# span 1 =      2.000,    821.000       
# span 2 =     5.0809,    10.0519       
# span 3 =     5.0767,    10.0496       
# span 4 =   2.843675,   3.711921       
# span 5 =   2.843263,   3.713514       
# span 6 =     1.5959,     2.4766       
# span 7 =    -0.1026,     0.8418       
# span 8 =      16.42,     106.36       
# span 9 = 4.9445e-02, 7.0179e-01       
# span 10 = 0.0000e+00, 0.0000e+00      
# span 11 =    79.5483,    82.0546      
# span 12 =    4.06069,    7.21205      
# span 13 =    29.1627,    35.0181      
# span 14 =    29.1683,    35.0341      
# span 15 =    23.0400,    27.3625      
# span 16 =    1463.70,    1494.11      
# span 17 =    1463.74,    1488.04      
# span 18 = 0.0000e+00, 0.0000e+00      
# interval = decibars: 1                
# start_time = Feb 14 2022 20:52:54 [System UTC, header]
# bad_flag = -9.990e-29
*END*
         14      2.000     5.1084     5.1437   2.845140   2.857749     2.4523     0.8065     106.36 7.0179e-01 0.0000e+00    79.6402    7.19957    29.1627    29.2743    23.0400    1463.77    1463.77 0.0000e+00
         52      3.000     5.0865     5.0862   2.843675   2.844453     2.4533     0.8418      74.42 5.2944e-01 0.0000e+00    79.6534    7.21205    29.1648    29.1739    23.0439    1463.70    1463.75 0.0000e+00
         87      4.000     5.0809     5.0767   2.844774   2.843263     2.4535     0.8012      99.06 3.9552e-01 0.0000e+00    79.6911    7.20206    29.1817    29.1683    23.0578    1463.72    1463.74 0.0000e+00
        120      5.000     5.0925     5.0865   2.847408   2.846694     2.4526     0.7664      98.82 2.1964e-01 0.0000e+00    79.7044    7.19657    29.2009    29.1980    23.0718    1463.81    1463.76 0.0000e+00
        151      6.000     5.1247     5.1000   2.856242   2.851870     2.4529     0.7970      98.82 1.8588e-01 0.0000e+00    79.6627    7.20006    29.2721    29.2443    23.1248    1464.05    1463.80 0.0000e+00
        179      7.000     5.1335     5.1141   2.857951   2.853983     2.4537     0.7818      98.82 1.6383e-01 0.0000e+00    79.6554    7.20993    29.2832    29.2554    23.1327    1464.11    1463.85 0.0000e+00
        205      8.000     5.1898     5.1483   2.872041   2.862318     2.4547     0.7917      98.82 1.1937e-01 0.0000e+00    79.6427    7.18562    29.3924    29.3191    23.2133    1464.50    1463.93 0.0000e+00
        231      9.000     5.2895     5.1800   2.895612   2.872089     2.4547     0.8013      98.82 1.0873e-01 0.0000e+00    79.6578    7.18087    29.5699    29.4011    23.3432    1465.15    1464.06 0.0000e+00
        256     10.000     5.2223     5.2163   2.882038   2.881501     2.4577     0.7955      98.82 9.1356e-02 0.0000e+00    79.6651    7.19994    29.4757    29.4749    23.2757    1464.77    1464.14 0.0000e+00
        280     11.000     5.4255     5.3459   2.928237   2.915720     2.4568     0.7771      98.82 7.9283e-02 0.0000e+00    79.5483    7.12437    29.8156    29.7455    23.5229    1466.05    1464.31 0.0000e+00
        304     12.000     5.7715     5.7556   3.009041   3.009300     2.4575     0.7987      98.82 6.0748e-02 0.0000e+00    79.6718    7.08924    30.4106    30.4278    23.9546    1468.22    1464.63 0.0000e+00
        327     13.000     6.0483     6.0229   3.055472   3.057723     2.4639     0.7808      98.82 5.5192e-02 0.0000e+00    79.6444    7.07362    30.6770    30.7250    24.1329    1469.69    1465.02 0.0000e+00
        349     14.000     6.3996     6.3828   3.094212   3.095003     2.4680     0.7669      98.82 5.0766e-02 0.0000e+00    79.7441    7.01781    30.7872    30.8110    24.1776    1471.25    1465.46 0.0000e+00
        370     15.000     6.6143     6.5957   3.128672   3.128534     2.4741     0.7319      98.82 4.9485e-02 0.0000e+00    79.9834    6.98345    30.9709    30.9862    24.2958    1472.34    1465.92 0.0000e+00
        391     16.000     6.6251     6.6358   3.138216   3.139779     2.4766     0.6796      98.82 4.9483e-02 0.0000e+00    80.1407    6.92827    31.0652    31.0726    24.3687    1472.52    1466.33 0.0000e+00
        414     17.000     6.6692     6.6618   3.144688   3.145695     2.4736     0.6042      98.82 4.9490e-02 0.0000e+00    80.3020    6.83424    31.0955    31.1133    24.3871    1472.75    1466.71 0.0000e+00
        436     18.000     6.7530     6.7479   3.155143   3.155924     2.4652     0.5238      98.82 4.9475e-02 0.0000e+00    80.4981    6.76592    31.1333    31.1464    24.4062    1473.14    1467.06 0.0000e+00
        458     19.000     6.7457     6.7466   3.157416   3.158424     2.4583     0.4948      98.82 4.9502e-02 0.0000e+00    80.6194    6.75343    31.1643    31.1744    24.4315    1473.17    1467.38 0.0000e+00
        481     20.000     6.7023     6.7065   3.157270   3.158359     2.4512     0.5452      98.82 4.9489e-02 0.0000e+00    80.6983    6.73241    31.2017    31.2098    24.4665    1473.06    1467.67 0.0000e+00
        502     21.000     6.6352     6.6421   3.152011   3.153250     2.4438     0.4940      98.82 4.9496e-02 0.0000e+00    80.7568    6.71367    31.2048    31.2121    24.4774    1472.82    1467.91 0.0000e+00
        524     22.000     6.5865     6.5884   3.148369   3.149403     2.4366     0.4560      98.82 4.9471e-02 0.0000e+00    80.7923    6.70688    31.2088    31.2184    24.4867    1472.65    1468.13 0.0000e+00
        546     23.000     6.6163     6.6072   3.153531   3.154143     2.4304     0.4528      98.82 4.9496e-02 0.0000e+00    80.8146    6.69893    31.2377    31.2528    24.5058    1472.82    1468.33 0.0000e+00
        568     24.000     6.8060     6.7861   3.179894   3.180581     2.4262     0.4505      98.82 4.9479e-02 0.0000e+00    80.8184    6.68626    31.3524    31.3781    24.5720    1473.72    1468.55 0.0000e+00
        589     25.000     7.0834     7.0629   3.215285   3.216162     2.4262     0.4168      98.81 4.9465e-02 0.0000e+00    80.8007    6.69269    31.4837    31.5119    24.6392    1474.99    1468.81 0.0000e+00
        610     26.000     7.5247     7.4716   3.274430   3.274692     2.4306     0.3817      98.82 4.9464e-02 0.0000e+00    80.8493    6.65998    31.7184    31.7698    24.7644    1477.01    1469.12 0.0000e+00
        632     27.000     8.1096     8.0901   3.351304   3.352609     2.4358     0.3474      98.82 4.9479e-02 0.0000e+00    80.9294    6.60732    32.0036    32.0352    24.9059    1479.61    1469.51 0.0000e+00
        653     28.000     8.2847     8.2658   3.377153   3.378235     2.4470     0.3068      95.02 4.9459e-02 0.0000e+00    80.9998    6.60873    32.1165    32.1452    24.9689    1480.43    1469.90 0.0000e+00
        675     29.000     8.6266     8.5968   3.428509   3.429118     2.4501     0.2410      81.99 4.9458e-02 0.0000e+00    81.0432    6.45576    32.3433    32.3770    25.0958    1482.01    1470.31 0.0000e+00
        696     30.000     8.8923     8.8844   3.470382   3.471649     2.4461     0.1577      96.82 4.9479e-02 0.0000e+00    81.1082    6.34351    32.5368    32.5572    25.2068    1483.26    1470.74 0.0000e+00
        718     31.000     9.1999     9.1628   3.534026   3.535420     2.4392     0.1018      88.94 4.9477e-02 0.0000e+00    81.1585    6.21928    32.9142    32.9629    25.4540    1484.88    1471.19 0.0000e+00
        739     32.000     9.6443     9.6224   3.611952   3.613851     2.4278     0.0958      94.76 4.9459e-02 0.0000e+00    81.2213    6.09600    33.3055    33.3453    25.6883    1487.00    1471.68 0.0000e+00
        761     33.000     9.8172     9.8092   3.647021   3.648543     2.4189     0.0564      71.96 4.9483e-02 0.0000e+00    81.2624    6.02702    33.5036    33.5266    25.8145    1487.88    1472.16 0.0000e+00
        782     34.000     9.9117     9.9016   3.667385   3.668793     2.4045     0.0036      88.14 4.9479e-02 0.0000e+00    81.3813    5.88024    33.6231    33.6469    25.8921    1488.39    1472.64 0.0000e+00
        803     35.000     9.9942     9.9887   3.684126   3.685625     2.3811    -0.0241      98.10 4.9485e-02 0.0000e+00    81.4667    5.73046    33.7164    33.7368    25.9511    1488.81    1473.09 0.0000e+00
        824     36.000    10.0289    10.0253   3.692582   3.694228     2.3552    -0.0488      98.81 4.9496e-02 0.0000e+00    81.5374    5.63758    33.7697    33.7898    25.9868    1489.02    1473.53 0.0000e+00
        846     37.000    10.0483    10.0458   3.697665   3.699331     2.3299    -0.0543      80.41 4.9466e-02 0.0000e+00    81.5958    5.56948    33.8028    33.8221    26.0094    1489.15    1473.95 0.0000e+00
        867     38.000    10.0491    10.0470   3.700536   3.702098     2.3071    -0.0543      98.92 4.9479e-02 0.0000e+00    81.6596    5.52570    33.8308    33.8487    26.0311    1489.20    1474.35 0.0000e+00
        888     39.000    10.0519    10.0496   3.705082   3.706628     2.2870    -0.0573      82.55 4.9472e-02 0.0000e+00    81.6640    5.49280    33.8740    33.8919    26.0644    1489.28    1474.73 0.0000e+00
        910     40.000    10.0467    10.0454   3.706692   3.708296     2.2705    -0.0652      98.91 4.9452e-02 0.0000e+00    81.6633    5.47405    33.8948    33.9124    26.0815    1489.30    1475.09 0.0000e+00
        931     41.000     9.9852     9.9883   3.709905   3.711472     2.2570    -0.0678      72.25 4.9479e-02 0.0000e+00    81.6628    5.46351    33.9849    33.9980    26.1622    1489.21    1475.43 0.0000e+00
        952     42.000     9.9514     9.9510   3.710497   3.712054     2.2454    -0.0669      98.41 4.9458e-02 0.0000e+00    81.6540    5.44803    34.0223    34.0386    26.1971    1489.15    1475.75 0.0000e+00
        974     43.000     9.9213     9.9215   3.710684   3.712321     2.2355    -0.0633      65.23 4.9492e-02 0.0000e+00    81.6551    5.43518    34.0522    34.0687    26.2255    1489.09    1476.06 0.0000e+00
        996     44.000     9.9090     9.9071   3.710908   3.712529     2.2265    -0.0641      98.88 4.9464e-02 0.0000e+00    81.6778    5.42397    34.0656    34.0840    26.2381    1489.08    1476.35 0.0000e+00
       1017     45.000     9.9073     9.9053   3.711921   3.713514     2.2196    -0.0620      72.55 4.9479e-02 0.0000e+00    81.6609    5.41981    34.0771    34.0953    26.2474    1489.11    1476.63 0.0000e+00
       1039     46.000     9.8862     9.8867   3.711631   3.713228     2.2141    -0.0624      99.24 4.9470e-02 0.0000e+00    81.6156    5.42065    34.0937    34.1095    26.2638    1489.07    1476.90 0.0000e+00
       1060     47.000     9.8417     9.8421   3.710171   3.711731     2.2101    -0.0645      65.53 4.9464e-02 0.0000e+00    81.5670    5.42833    34.1204    34.1360    26.2922    1488.95    1477.16 0.0000e+00
       1082     48.000     9.8156     9.8158   3.709726   3.711302     2.2075    -0.0638      98.21 4.9472e-02 0.0000e+00    81.5678    5.43363    34.1401    34.1560    26.3119    1488.90    1477.40 0.0000e+00
       1103     49.000     9.7677     9.7699   3.708431   3.709992     2.2055    -0.0672      65.18 4.9502e-02 0.0000e+00    81.5575    5.43542    34.1718    34.1857    26.3447    1488.78    1477.63 0.0000e+00
       1125     50.000     9.7112     9.7115   3.706102   3.707650     2.2037    -0.0729      98.91 4.9472e-02 0.0000e+00    81.5731    5.43907    34.2011    34.2167    26.3770    1488.63    1477.85 0.0000e+00
       1146     51.000     9.6684     9.6704   3.703755   3.705301     2.2020    -0.0663      58.43 4.9485e-02 0.0000e+00    81.6012    5.43237    34.2172    34.2312    26.3968    1488.51    1478.06 0.0000e+00
       1167     52.000     9.5951     9.5994   3.700065   3.701628     2.1989    -0.0659      98.79 4.9464e-02 0.0000e+00    81.6009    5.42321    34.2487    34.2607    26.4335    1488.30    1478.25 0.0000e+00
       1189     53.000     9.5425     9.5424   3.697364   3.698898     2.1959    -0.0703      57.41 4.9505e-02 0.0000e+00    81.5831    5.41679    34.2706    34.2865    26.4593    1488.15    1478.44 0.0000e+00
       1210     54.000     9.5304     9.5288   3.696915   3.698406     2.1922    -0.0727      98.86 4.9452e-02 0.0000e+00    81.5840    5.40618    34.2770    34.2940    26.4664    1488.13    1478.62 0.0000e+00
       1231     55.000     9.4977     9.4983   3.694671   3.696158     2.1892    -0.0665      59.10 4.9472e-02 0.0000e+00    81.6249    5.40696    34.2847    34.2995    26.4777    1488.04    1478.79 0.0000e+00
       1251     56.000     9.4453     9.4453   3.690935   3.692371     2.1865    -0.0661      73.09 4.9467e-02 0.0000e+00    81.6287    5.40177    34.2958    34.3106    26.4950    1487.88    1478.95 0.0000e+00
       1273     57.000     9.4205     9.4192   3.689647   3.691165     2.1830    -0.0628      67.45 4.9471e-02 0.0000e+00    81.6448    5.39039    34.3057    34.3227    26.5069    1487.82    1479.10 0.0000e+00
       1294     58.000     9.4051     9.4042   3.689088   3.690591     2.1794    -0.0644      95.58 4.9479e-02 0.0000e+00    81.6671    5.37852    34.3142    34.3307    26.5160    1487.79    1479.25 0.0000e+00
       1315     59.000     9.3763     9.3760   3.687744   3.689242     2.1755    -0.0686      64.75 4.9464e-02 0.0000e+00    81.6736    5.36549    34.3275    34.3433    26.5311    1487.71    1479.39 0.0000e+00
       1337     60.000     9.3488     9.3487   3.686335   3.687815     2.1711    -0.0684      94.83 4.9459e-02 0.0000e+00    81.6740    5.35333    34.3388    34.3543    26.5444    1487.64    1479.53 0.0000e+00
       1359     61.000     9.3114     9.3117   3.684721   3.686181     2.1669    -0.0706      68.80 4.9471e-02 0.0000e+00    81.6988    5.34705    34.3575    34.3724    26.5652    1487.55    1479.66 0.0000e+00
       1381     62.000     9.2466     9.2473   3.681024   3.682522     2.1627    -0.0691      95.33 4.9490e-02 0.0000e+00    81.7197    5.34109    34.3810    34.3959    26.5941    1487.36    1479.78 0.0000e+00
       1403     63.000     9.2090     9.2093   3.678987   3.680466     2.1587    -0.0684      66.34 4.9463e-02 0.0000e+00    81.7225    5.34047    34.3956    34.4107    26.6116    1487.25    1479.90 0.0000e+00
       1425     64.000     9.1613     9.1615   3.676315   3.677762     2.1557    -0.0687      97.97 4.9477e-02 0.0000e+00    81.7173    5.34588    34.4133    34.4282    26.6332    1487.12    1480.01 0.0000e+00
       1447     65.000     9.1222     9.1220   3.673966   3.675386     2.1532    -0.0701      63.90 4.9471e-02 0.0000e+00    81.7177    5.33954    34.4261    34.4411    26.6495    1487.00    1480.12 0.0000e+00
       1469     66.000     9.0767     9.0770   3.671089   3.672544     2.1498    -0.0678      98.52 4.9502e-02 0.0000e+00    81.7035    5.32995    34.4396    34.4545    26.6674    1486.87    1480.22 0.0000e+00
       1491     67.000     9.0447     9.0445   3.669065   3.670506     2.1465    -0.0714      67.20 4.9496e-02 0.0000e+00    81.7100    5.31689    34.4490    34.4642    26.6798    1486.78    1480.32 0.0000e+00
       1513     68.000     8.9914     8.9933   3.665712   3.667146     2.1422    -0.0656      98.51 4.9472e-02 0.0000e+00    81.7137    5.30197    34.4651    34.4782    26.7010    1486.62    1480.41 0.0000e+00
       1534     69.000     8.9357     8.9366   3.662210   3.663657     2.1374    -0.0728      62.85 4.9479e-02 0.0000e+00    81.6859    5.28848    34.4820    34.4963    26.7231    1486.45    1480.50 0.0000e+00
       1555     70.000     8.9010     8.9019   3.659995   3.661464     2.1324    -0.0703      98.91 4.9465e-02 0.0000e+00    81.7103    5.27454    34.4920    34.5065    26.7364    1486.35    1480.58 0.0000e+00
       1576     71.000     8.8749     8.8742   3.658410   3.659839     2.1274    -0.0654      63.79 4.9492e-02 0.0000e+00    81.7249    5.26187    34.5002    34.5159    26.7470    1486.28    1480.66 0.0000e+00
       1597     72.000     8.8575     8.8569   3.657507   3.658942     2.1222    -0.0744      97.26 4.9465e-02 0.0000e+00    81.7049    5.24775    34.5072    34.5229    26.7552    1486.24    1480.74 0.0000e+00
       1618     73.000     8.8364     8.8358   3.656684   3.658128     2.1174    -0.0921      66.97 4.9452e-02 0.0000e+00    81.7020    5.23622    34.5186    34.5344    26.7675    1486.20    1480.81 0.0000e+00
       1639     74.000     8.8317     8.8299   3.656551   3.657978     2.1124    -0.0922      94.41 4.9492e-02 0.0000e+00    81.6932    5.22481    34.5213    34.5381    26.7704    1486.20    1480.89 0.0000e+00
       1660     75.000     8.8290     8.8273   3.656517   3.657956     2.1083    -0.0890      67.45 4.9483e-02 0.0000e+00    81.6933    5.22106    34.5231    34.5399    26.7722    1486.21    1480.96 0.0000e+00
       1682     76.000     8.8238     8.8224   3.656336   3.657770     2.1049    -0.0707      92.86 4.9466e-02 0.0000e+00    81.7186    5.22159    34.5258    34.5422    26.7751    1486.21    1481.03 0.0000e+00
       1703     77.000     8.8162     8.8147   3.655947   3.657377     2.1022    -0.0663      68.54 4.9479e-02 0.0000e+00    81.7292    5.21786    34.5286    34.5451    26.7786    1486.20    1481.09 0.0000e+00
