_data/ctd/2022603/sta0159.cnv
* Sea-Bird SBE 9 Data File:
* FileName = C:\Seabird\CTDData\sta0159.hex
* Software Version Seasave V 7.21f
* Temperature SN = 6264
* Conductivity SN = 4928
* Number of Bytes Per Scan = 40
* Number of Voltage Words = 5
* Number of Scans Averaged by the Deck Unit = 1
* NMEA Latitude = 59 33.60 N
* NMEA Longitude = 005 10.85 E
* NMEA UTC (Time) = Feb 11 2022 07:54:45
* NMEA baud rate = 4800
** Ship: R/V "Kristine Bonnevie"
** Station: 0159
** Echodepth: 333
** Log: 0263.722
** Wind-Dir/Force: 03 11
** Air-temp (dry): 0.7
** Weather Sky:
** Sea:
# nquan = 19                                
# nvalues = 326                         
# units = specified
# name 0 = scan: Scan Count
# name 1 = prDM: Pressure, Digiquartz [db]
# name 2 = t068C: Temperature [ITS-68, deg C]
# name 3 = t168C: Temperature, 2 [ITS-68, deg C]
# name 4 = c0S/m: Conductivity [S/m]
# name 5 = c1S/m: Conductivity, 2 [S/m]
# name 6 = sbeox0V: Oxygen raw, SBE 43 [V]
# name 7 = flECO-AFL: Fluorescence, WET Labs ECO-AFL/FL [mg/m^3]
# name 8 = altM: Altimeter [m]
# name 9 = par: PAR/Irradiance, Biospherical/Licor
# name 10 = spar: SPAR/Surface Irradiance
# name 11 = CStarTr0: Beam Transmission, WET Labs C-Star [%]
# name 12 = sbeox0ML/L: Oxygen, SBE 43 [ml/l], WS = 2
# name 13 = sal00: Salinity, Practical [PSU]
# name 14 = sal11: Salinity, Practical, 2 [PSU]
# name 15 = sigma-t00: Density [sigma-t, Kg/m^3 ]
# name 16 = svCM: Sound Velocity [Chen-Millero, m/s]
# name 17 = avgsvCM: Average Sound Velocity [Chen-Millero, m/s], minP = 1, minS = 5
# name 18 = flag: flag
# span 0 =        398,       8492       
# span 1 =      2.000,    327.000       
# span 2 =     7.1962,     8.1842       
# span 3 =     7.1947,     8.1864       
# span 4 =   3.389882,   3.626292       
# span 5 =   3.387427,   3.627326       
# span 6 =     2.1180,     2.5102       
# span 7 =    -0.0967,     0.3589       
# span 8 =       8.52,     100.20       
# span 9 = 4.9337e-02, 3.1313e+01       
# span 10 = 3.9951e+01, 5.7957e+01      
# span 11 =    78.4307,    80.9518      
# span 12 =    5.56550,    6.81593      
# span 13 =    33.2297,    34.9103      
# span 14 =    33.2341,    34.9230      
# span 15 =    25.9897,    27.2057      
# span 16 =    1477.46,    1487.69      
# span 17 =    1477.46,    1484.49      
# span 18 = 0.0000e+00, 0.0000e+00      
# interval = decibars: 1                
# start_time = Feb 11 2022 07:54:47 [System UTC, header]
# bad_flag = -9.990e-29
*END*
[from data line 305]
       7042    307.000     7.9872     7.9858   3.625226   3.626266     2.1246    -0.0605      29.49 4.9491e-02 -9.990e-29    79.7170    5.57313    34.9091    34.9217    27.2047    1487.36    1484.29 0.0000e+00
       7065    308.000     7.9869     7.9857   3.625256   3.626301     2.1243    -0.0687      28.27 4.9470e-02 -9.990e-29    79.7334    5.57373    34.9093    34.9217    27.2049    1487.37    1484.30 0.0000e+00
       7085    309.000     7.9871     7.9857   3.625311   3.626356     2.1245    -0.0741      27.56 4.9508e-02 -9.990e-29    79.7472    5.57261    34.9092    34.9218    27.2048    1487.39    1484.31 0.0000e+00
       7106    310.000     7.9872     7.9857   3.625368   3.626413     2.1237    -0.0889      26.61 4.9472e-02 3.9973e+01    79.6802    5.56886    34.9092    34.9219    27.2048    1487.40    1484.32 0.0000e+00
       7128    311.000     7.9873     7.9858   3.625425   3.626467     2.1235    -0.0613      25.46 4.9515e-02 3.9973e+01    79.6634    5.56999    34.9092    34.9219    27.2048    1487.42    1484.33 0.0000e+00
       7149    312.000     7.9873     7.9859   3.625478   3.626514     2.1230    -0.0616      24.09 4.9466e-02 3.9973e+01    79.5992    5.56941    34.9093    34.9218    27.2049    1487.44    1484.34 0.0000e+00
       7168    313.000     7.9876     7.9861   3.625555   3.626592     2.1229    -0.0612      23.04 4.9498e-02 4.0085e+01    79.6701    5.57058    34.9094    34.9220    27.2049    1487.46    1484.35 0.0000e+00
       7187    314.000     7.9875     7.9859   3.625599   3.626639     2.1225    -0.0642      22.08 4.9505e-02 4.1861e+01    79.6772    5.57214    34.9095    34.9222    27.2049    1487.47    1484.36 0.0000e+00
       7207    315.000     7.9877     7.9863   3.625653   3.626699     2.1227    -0.0616      20.82 4.9499e-02 4.1971e+01    79.6504    5.57580    34.9094    34.9220    27.2048    1487.49    1484.37 0.0000e+00
       7229    316.000     7.9877     7.9863   3.625693   3.626739     2.1225 -9.990e-29      19.79 4.9502e-02 4.1972e+01    79.6029    5.57202    34.9093    34.9219    27.2048    1487.51    1484.38 0.0000e+00
       7257    317.000     7.9875     7.9862   3.625722   3.626786     2.1222 -9.990e-29      18.59 4.9496e-02 4.1308e+01    79.6200    5.57093    34.9093    34.9220    27.2048    1487.52    1484.39 0.0000e+00
       7299    318.000     7.9875     7.9865   3.625771   3.626839     2.1218 -9.990e-29      17.40 4.9496e-02 3.9951e+01    79.6294    5.57288    34.9094    34.9218    27.2049    1487.54    1484.40 0.0000e+00
       7336    319.000     7.9877     7.9865   3.625828   3.626888     2.1216 -9.990e-29      16.42 4.9481e-02 4.0366e+01    79.7051    5.57280    34.9093    34.9219    27.2048    1487.55    1484.41 0.0000e+00
       7370    320.000     7.9875     7.9861   3.625868   3.626918     2.1219 -9.990e-29      15.48 4.9498e-02 4.1842e+01    79.7573    5.57742    34.9095    34.9221    27.2049    1487.57    1484.42 0.0000e+00
       7627    321.000     7.9880     7.9861   3.625947   3.626970     2.1213 -9.990e-29      14.29 4.9490e-02 4.0551e+01    79.7665    5.57251    34.9093    34.9222    27.2048    1487.59    1484.43 0.0000e+00
       7800    322.000     7.9874     7.9859   3.625963   3.627014     2.1204 -9.990e-29      13.47 4.9483e-02 3.9968e+01    79.7906    5.56930    34.9096    34.9224    27.2051    1487.60    1484.44 0.0000e+00
       7847    323.000     7.9874     7.9859   3.626015   3.627059     2.1205 -9.990e-29      12.20 4.9475e-02 4.1667e+01    79.7286    5.57401    34.9097    34.9224    27.2051    1487.62    1484.45 0.0000e+00
       7902    324.000     7.9872     7.9858   3.626078   3.627124     2.1204 -9.990e-29      11.55 4.9499e-02 4.1084e+01    79.7376    5.56997    34.9101    34.9227    27.2055    1487.64    1484.46 0.0000e+00
       7937    325.000     7.9870     7.9856   3.626124   3.627173     2.1203 -9.990e-29      10.68 4.9478e-02 4.0029e+01    79.6955    5.57400    34.9103    34.9230    27.2057    1487.65    1484.47 0.0000e+00
       8038    326.000     7.9873     7.9858   3.626187   3.627229     2.1199 -9.990e-29       9.60 4.9480e-02 3.9973e+01    79.6388    5.57039    34.9102    34.9229    27.2056    1487.67    1484.48 0.0000e+00
       8492    327.000     7.9884     7.9863   3.626292   3.627326     2.1180 -9.990e-29       8.52 4.9467e-02 3.9973e+01    79.7198    5.56550    34.9098    34.9229    27.2050    1487.69    1484.49 0.0000e+00
