_data/ctd/2022603/sta0147.cnv
* Sea-Bird SBE 9 Data File:
* FileName = C:\Seabird\CTDData\sta0147.hex
* Software Version Seasave V 7.21f
* Temperature SN = 6264
* Conductivity SN = 4928
* Number of Bytes Per Scan = 40
* Number of Voltage Words = 5
* Number of Scans Averaged by the Deck Unit = 1
* NMEA Latitude = 60 25.78 N
* NMEA Longitude = 005 15.88 E
* NMEA UTC (Time) = Feb 05 2022 13:38:24
* NMEA baud rate = 4800
** Ship: R/V "Kristine Bonnevie"
** Station: 0147
** Echodepth: 302
** Log: 9936.80
** Wind-Dir/Force: 15 22
** Air-temp (dry): 2.9
** Weather Sky:
** Sea:
# nquan = 19                                
# nvalues = 313                         
# units = specified
# name 0 = scan: Scan Count
# name 1 = prDM: Pressure, Digiquartz [db]
# name 2 = t068C: Temperature [ITS-68, deg C]
# name 3 = t168C: Temperature, 2 [ITS-68, deg C]
# name 4 = c0S/m: Conductivity [S/m]
# name 5 = c1S/m: Conductivity, 2 [S/m]
# name 6 = sbeox0V: Oxygen raw, SBE 43 [V]
# name 7 = flECO-AFL: Fluorescence, WET Labs ECO-AFL/FL [mg/m^3]
# name 8 = altM: Altimeter [m]
# name 9 = par: PAR/Irradiance, Biospherical/Licor
# name 10 = spar: SPAR/Surface Irradiance
# name 11 = CStarTr0: Beam Transmission, WET Labs C-Star [%]
# name 12 = sbeox0ML/L: Oxygen, SBE 43 [ml/l], WS = 2
# name 13 = sal00: Salinity, Practical [PSU]
# name 14 = sal11: Salinity, Practical, 2 [PSU]
# name 15 = sigma-t00: Density [sigma-t, Kg/m^3 ]
# name 16 = svCM: Sound Velocity [Chen-Millero, m/s]
# name 17 = avgsvCM: Average Sound Velocity [Chen-Millero, m/s], minP = 1, minS = 5
# name 18 = flag: flag
# span 0 =        234,       7842       
# span 1 =      2.000,    314.000       
# span 2 =     5.8298,    10.0494       
# span 3 =     5.8357,    10.0479       
# span 4 =   2.585589,   3.716808       
# span 5 =   2.591114,   3.718664       
# span 6 =     1.7786,     2.4375       
# span 7 =    -0.0892,     0.2181       
# span 8 =       8.23,      99.04       
# span 9 = 4.8803e-02, 1.1785e+01       
# span 10 = 2.1984e+01, 2.5989e+01      
# span 11 =    73.4497,    81.1941      
# span 12 =    4.38248,    7.11877      
# span 13 =    25.6910,    34.8524      
# span 14 =    25.7469,    34.8711      
# span 15 =    20.2241,    27.1475      
# span 16 =    1462.35,    1489.37      
# span 17 =    1462.35,    1486.01      
# span 18 = 0.0000e+00, 0.0000e+00      
# interval = decibars: 1                
# start_time = Feb 05 2022 13:38:26 [System UTC, header]
# bad_flag = -9.990e-29
*END*
[from data line 77]
       1989     79.000     8.8126     8.8111   3.638308   3.639843     2.1375    -0.0558      98.80 4.9496e-02 2.5983e+01    73.4741    5.39281    34.3458    34.3634    26.6359    1485.99    1485.01 0.0000e+00
       2011     80.000     8.7986     8.7975   3.639013   3.640651     2.1394    -0.0558      98.80 4.9471e-02 -9.990e-29    73.4613    5.39954    34.3663    34.3846    26.6541    1485.98    1485.02 0.0000e+00
       2033     81.000     8.7720     8.7712   3.637756   3.639333     2.1410    -0.0558      98.80 4.9502e-02 -9.990e-29    73.4699    5.40078    34.3784    34.3958    26.6678    1485.92    1485.03 0.0000e+00
       2055     82.000     8.7438     8.7428   3.636075   3.637654     2.1415    -0.0558      98.80 4.9492e-02 -9.990e-29    73.4915    5.39452    34.3876    34.4052    26.6794    1485.84    1485.04 0.0000e+00
       2077     83.000     8.7337     8.7323   3.635395   3.637022     2.1413    -0.0558      98.80 4.9483e-02 -9.990e-29    73.4959    5.38980    34.3898    34.4083    26.6827    1485.82    1485.05 0.0000e+00
       2099     84.000     8.7252     8.7244   3.634882   3.636530     2.1406    -0.0558      98.80 4.9490e-02 -9.990e-29    73.5371    5.39037    34.3922    34.4103    26.6859    1485.81    1485.06 0.0000e+00
       2121     85.000     8.7181     8.7171   3.634535   3.636149     2.1407 -9.990e-29      98.80 4.9481e-02 -9.990e-29    73.6186    5.39721    34.3949    34.4129    26.6892    1485.80    1485.07 0.0000e+00
       2144     86.000     8.7024     8.7021   3.633366   3.635007     2.1409 -9.990e-29      98.80 4.9469e-02 -9.990e-29    73.6829    5.40511    34.3974    34.4150    26.6936    1485.76    1485.07 0.0000e+00
       2167     87.000     8.6808     8.6800   3.632159   3.633774     2.1414 -9.990e-29      98.80 4.9502e-02 -9.990e-29    73.7667    5.40990    34.4052    34.4230    26.7031    1485.71    1485.08 0.0000e+00
       2189     88.000     8.6736     8.6737   3.632675   3.634552     2.1419 -9.990e-29      98.80 4.9493e-02 -9.990e-29    73.8538    5.41039    34.4172    34.4369    26.7136    1485.71    1485.09 0.0000e+00
       2212     89.000     8.6564     8.6556   3.632018   3.633585     2.1422    -0.0558      98.80 4.9476e-02 -9.990e-29    73.9598    5.42183    34.4265    34.4438    26.7236    1485.68    1485.09 0.0000e+00
       2235     90.000     8.6487     8.6467   3.631578   3.633170     2.1438    -0.0558      98.80 4.9511e-02 -9.990e-29    74.0685    5.43264    34.4289    34.4476    26.7267    1485.67    1485.10 0.0000e+00
       2258     91.000     8.6477     8.6465   3.631672   3.633295     2.1449    -0.0558      98.80 4.9493e-02 -9.990e-29    74.1888    5.43317    34.4304    34.4487    26.7280    1485.68    1485.11 0.0000e+00
       2281     92.000     8.6472     8.6460   3.632108   3.633729     2.1459    -0.0558      98.81 4.9506e-02 -9.990e-29    74.3349    5.43804    34.4350    34.4533    26.7317    1485.70    1485.11 0.0000e+00
       2304     93.000     8.6376     8.6375   3.632742   3.634380     2.1471    -0.0558      84.30 4.9489e-02 2.5983e+01    74.4309    5.44476    34.4506    34.4680    26.7454    1485.70    1485.12 0.0000e+00
       2326     94.000     8.6062     8.6056   3.632385   3.633996     2.1482    -0.0558      93.73 4.9502e-02 2.5983e+01    74.5859    5.44524    34.4769    34.4946    26.7710    1485.64    1485.13 0.0000e+00
       2348     95.000     8.5930     8.5917   3.632116   3.633749     2.1482    -0.0558      98.82 4.9481e-02 2.5983e+01    74.7519    5.43586    34.4865    34.5050    26.7805    1485.61    1485.13 0.0000e+00
       2370     96.000     8.5808     8.5799   3.631939   3.633561     2.1476    -0.0558      98.80 4.9477e-02 2.5983e+01    74.8921    5.43185    34.4961    34.5141    26.7899    1485.60    1485.14 0.0000e+00
       2393     97.000     8.5703     8.5697   3.631761   3.633410     2.1467    -0.0564      98.80 4.9490e-02 2.5983e+01    75.0219    5.42901    34.5040    34.5220    26.7977    1485.58    1485.14 0.0000e+00
       2415     98.000     8.5651     8.5638   3.631579   3.633207     2.1456 -9.990e-29      98.80 4.9490e-02 2.5983e+01    75.1600    5.42537    34.5067    34.5251    26.8006    1485.59    1485.14 0.0000e+00
       2436     99.000     8.5635     8.5623   3.631556   3.633191     2.1447 -9.990e-29      98.80 4.9492e-02 2.5983e+01    75.2800    5.42677    34.5075    34.5260    26.8016    1485.60    1485.15 0.0000e+00
       2457    100.000     8.5615     8.5603   3.631680   3.633302     2.1442 -9.990e-29      98.81 4.9483e-02 2.5983e+01    75.4094    5.43007    34.5103    34.5286    26.8041    1485.61    1485.15 0.0000e+00
       2479    101.000     8.5564     8.5554   3.632007   3.633657     2.1439 -9.990e-29      98.80 4.9483e-02 2.5983e+01    75.5640    5.43279    34.5183    34.5367    26.8111    1485.62    1485.16 0.0000e+00
       2502    102.000     8.5505     8.5500   3.631860   3.633502     2.1440    -0.0854      98.80 4.9496e-02 2.5983e+01    75.7166    5.43662    34.5220    34.5399    26.8149    1485.62    1485.16 0.0000e+00
       2523    103.000     8.5427     8.5410   3.631483   3.633050     2.1438    -0.0724      98.81 4.9483e-02 -9.990e-29    75.8846    5.43409    34.5252    34.5434    26.8186    1485.61    1485.17 0.0000e+00
       2545    104.000     8.5300     8.5295   3.631059   3.632695     2.1436    -0.0558      98.80 4.9477e-02 -9.990e-29    76.0378    5.43418    34.5326    34.5504    26.8265    1485.59    1485.17 0.0000e+00
       2567    105.000     8.5173     8.5167   3.630659   3.632294     2.1432    -0.0599      98.80 4.9477e-02 -9.990e-29    76.1869    5.43401    34.5403    34.5582    26.8345    1485.56    1485.18 0.0000e+00
       2590    106.000     8.5154     8.5132   3.630626   3.632209     2.1428    -0.0859      85.03 4.9523e-02 -9.990e-29    76.3465    5.43858    34.5414    34.5603    26.8356    1485.57    1485.18 0.0000e+00
       2613    107.000     8.5008     8.4995   3.630469   3.632073     2.1430    -0.0572      91.91 4.9487e-02 -9.990e-29    76.4635    5.44753    34.5535    34.5718    26.8474    1485.55    1485.18 0.0000e+00
       2636    108.000     8.4952     8.4941   3.631128   3.632771     2.1440    -0.0558      98.79 4.9457e-02 -9.990e-29    76.6311    5.45937    34.5655    34.5840    26.8576    1485.56    1485.19 0.0000e+00
       2658    109.000     8.4891     8.4881   3.631405   3.633040     2.1454    -0.0558      98.80 4.9498e-02 -9.990e-29    76.8116    5.46637    34.5739    34.5923    26.8652    1485.57    1485.19 0.0000e+00
       2680    110.000     8.4869     8.4856   3.631451   3.633088     2.1466    -0.0697      98.80 4.9490e-02 -9.990e-29    76.9423    5.46646    34.5761    34.5947    26.8672    1485.58    1485.19 0.0000e+00
       2702    111.000     8.4861     8.4847   3.631501   3.633146     2.1470    -0.0852      98.80 4.9509e-02 2.5650e+01    77.1274    5.45396    34.5770    34.5958    26.8680    1485.59    1485.20 0.0000e+00
       2724    112.000     8.4841     8.4829   3.631565   3.633195     2.1458 -9.990e-29      98.80 4.9490e-02 2.5170e+01    77.2651    5.44424    34.5791    34.5976    26.8700    1485.60    1485.20 0.0000e+00
       2746    113.000     8.4832     8.4821   3.631630   3.633289     2.1449 -9.990e-29      79.42 4.9493e-02 2.5049e+01    77.4653    5.43812    34.5802    34.5989    26.8710    1485.62    1485.20 0.0000e+00
       2768    114.000     8.4830     8.4818   3.631743   3.633389     2.1432 -9.990e-29      99.04 4.9499e-02 2.4808e+01    77.6325    5.43160    34.5811    34.5998    26.8718    1485.63    1485.21 0.0000e+00
       2790    115.000     8.4813     8.4802   3.631954   3.633585     2.1421 -9.990e-29      98.80 4.9502e-02 2.4071e+01    77.8634    5.43030    34.5846    34.6029    26.8747    1485.65    1485.21 0.0000e+00
       2811    116.000     8.4737     8.4716   3.632267   3.633927     2.1407 -9.990e-29      98.80 5.9735e-02 2.3984e+01    78.0415    5.42900    34.5948    34.6145    26.8840    1485.65    1485.22 0.0000e+00
       2833    117.000     8.4632     8.4625   3.632402   3.634021     2.1397 -9.990e-29      98.80 4.9379e-02 2.3984e+01    78.2366    5.42737    34.6061    34.6240    26.8944    1485.64    1485.22 0.0000e+00
       2855    118.000     8.4640     8.4628   3.632407   3.634036     2.1385 -9.990e-29      98.80 4.9477e-02 2.3984e+01    78.4708    5.41755    34.6049    34.6234    26.8933    1485.66    1485.22 0.0000e+00
       2877    119.000     8.4619     8.4610   3.632453   3.634077     2.1363 -9.990e-29      88.88 4.9509e-02 2.3984e+01    78.6722    5.40831    34.6070    34.6251    26.8953    1485.67    1485.23 0.0000e+00
       2898    120.000     8.4575     8.4565   3.632503   3.634125     2.1344    -0.0572      89.76 4.9505e-02 2.3984e+01    78.8904    5.40024    34.6113    34.6295    26.8994    1485.68    1485.23 0.0000e+00
       2919    121.000     8.4529     8.4527   3.632570   3.634196     2.1322    -0.0762      98.84 4.9492e-02 2.3984e+01    79.0973    5.39840    34.6161    34.6335    26.9038    1485.68    1485.23 0.0000e+00
       2941    122.000     8.4483     8.4473   3.632676   3.634302     2.1308    -0.0730      98.80 4.9511e-02 2.3984e+01    79.3062    5.39766    34.6213    34.6395    26.9086    1485.69    1485.24 0.0000e+00
       2964    123.000     8.4473     8.4459   3.632717   3.634364     2.1291    -0.0677      98.80 4.9487e-02 2.3984e+01    79.5057    5.39120    34.6222    34.6410    26.9095    1485.70    1485.24 0.0000e+00
       2987    124.000     8.4454     8.4444   3.632809   3.634444     2.1270    -0.0824      98.80 4.9490e-02 2.3984e+01    79.7162    5.38502    34.6246    34.6429    26.9116    1485.71    1485.25 0.0000e+00
       3008    125.000     8.4400     8.4389   3.632902   3.634541     2.1259    -0.0555      98.80 4.9505e-02 2.3984e+01    79.8321    5.38805    34.6304    34.6488    26.9170    1485.72    1485.25 0.0000e+00
       3029    126.000     8.4377     8.4365   3.632954   3.634588     2.1245    -0.0573      80.61 4.9498e-02 2.3984e+01    79.8893    5.38615    34.6327    34.6512    26.9192    1485.73    1485.25 0.0000e+00
       3051    127.000     8.4335     8.4324   3.633079   3.634718     2.1236    -0.0784      98.86 4.9499e-02 2.3984e+01    79.9318    5.37991    34.6377    34.6562    26.9238    1485.73    1485.26 0.0000e+00
       3073    128.000     8.4298     8.4286   3.633253   3.634889     2.1216    -0.0724      98.80 4.9490e-02 2.3984e+01    79.9439    5.37017    34.6427    34.6612    26.9283    1485.74    1485.26 0.0000e+00
       3096    129.000     8.4265     8.4258   3.633312   3.634937     2.1199    -0.0555      98.80 5.6192e-02 2.3984e+01    79.9268    5.37184    34.6461    34.6640    26.9314    1485.75    1485.26 0.0000e+00
       3118    130.000     8.4200     8.4192   3.633346   3.634991     2.1191    -0.0628      98.80 5.2414e-02 2.3984e+01    79.9385    5.37549    34.6524    34.6706    26.9374    1485.75    1485.27 0.0000e+00
       3139    131.000     8.4150     8.4139   3.633374   3.635009     2.1183    -0.0859      98.80 4.9530e-02 2.3984e+01    79.8896    5.37667    34.6571    34.6755    26.9418    1485.75    1485.27 0.0000e+00
       3160    132.000     8.4090     8.4078   3.633497   3.635135     2.1177    -0.0590      94.86 4.9477e-02 2.3984e+01    79.9426    5.36888    34.6638    34.6824    26.9480    1485.76    1485.28 0.0000e+00
       3182    133.000     8.4078     8.4065   3.633630   3.635283     2.1160    -0.0779      87.28 4.9502e-02 2.3984e+01    79.9439    5.36051    34.6659    34.6848    26.9499    1485.77    1485.28 0.0000e+00
       3204    134.000     8.4083     8.4068   3.634014   3.635669     2.1146    -0.0732      98.98 4.9499e-02 2.3984e+01    79.9269    5.35215    34.6690    34.6881    26.9523    1485.79    1485.28 0.0000e+00
       3225    135.000     8.4082     8.4069   3.634239   3.635898     2.1122    -0.0644      98.80 4.9478e-02 2.3984e+01    79.9158    5.33959    34.6711    34.6900    26.9538    1485.81    1485.29 0.0000e+00
       3246    136.000     8.4074     8.4060   3.634390   3.636021     2.1103    -0.0874      98.80 4.9485e-02 2.3984e+01    79.8980    5.34226    34.6730    34.6917    26.9555    1485.83    1485.29 0.0000e+00
       3267    137.000     8.4070     8.4055   3.634424   3.636049     2.1091    -0.0573      98.80 4.9492e-02 2.3984e+01    79.9133    5.34487    34.6732    34.6920    26.9557    1485.84    1485.29 0.0000e+00
       3289    138.000     8.4056     8.4043   3.634402   3.636038     2.1081    -0.0558      98.80 4.9493e-02 2.3984e+01    79.8971    5.34841    34.6739    34.6926    26.9565    1485.85    1485.30 0.0000e+00
       3311    139.000     8.4049     8.4035   3.634450   3.636085     2.1080    -0.0779      89.03 4.9496e-02 2.3984e+01    79.8792    5.34983    34.6746    34.6934    26.9572    1485.87    1485.30 0.0000e+00
       3333    140.000     8.4051     8.4035   3.634502   3.636137     2.1070    -0.0732      94.83 4.9499e-02 2.3984e+01    79.8714    5.34658    34.6745    34.6934    26.9570    1485.89    1485.31 0.0000e+00
       3354    141.000     8.4046     8.4030   3.634522   3.636151     2.1068    -0.0631      98.77 4.9485e-02 2.3984e+01    79.8837    5.34540    34.6747    34.6936    26.9573    1485.90    1485.31 0.0000e+00
       3374    142.000     8.4039     8.4027   3.634570   3.636205     2.1060    -0.0861      98.80 4.9460e-02 2.3984e+01    79.8465    5.34495    34.6755    34.6940    26.9580    1485.92    1485.32 0.0000e+00
       3395    143.000     8.4028     8.4013   3.634610   3.636271     2.1056    -0.0600      98.80 4.9496e-02 2.3984e+01    79.8272    5.34286    34.6765    34.6956    26.9589    1485.93    1485.32 0.0000e+00
       3417    144.000     8.4005     8.3992   3.634746   3.636394     2.1049    -0.0776      98.80 4.9496e-02 2.3984e+01    79.8477    5.34313    34.6797    34.6985    26.9618    1485.94    1485.32 0.0000e+00
       3439    145.000     8.4003     8.3991   3.634804   3.636448     2.1043    -0.0717      98.80 4.9485e-02 2.3984e+01    79.8509    5.33884    34.6800    34.6987    26.9621    1485.96    1485.33 0.0000e+00
       3461    146.000     8.3999     8.3986   3.634873   3.636518     2.1034    -0.0585      87.23 4.9502e-02 2.3984e+01    79.8210    5.33330    34.6807    34.6995    26.9627    1485.97    1485.33 0.0000e+00
       3481    147.000     8.3993     8.3980   3.634952   3.636586     2.1024    -0.0558      98.82 4.9467e-02 2.3984e+01    79.7915    5.33232    34.6816    34.7003    26.9635    1485.99    1485.34 0.0000e+00
       3502    148.000     8.3982     8.3970   3.635087   3.636722     2.1016    -0.0585      98.80 4.9489e-02 2.3984e+01    79.8021    5.33137    34.6837    34.7022    26.9653    1486.00    1485.34 0.0000e+00
       3524    149.000     8.3974     8.3961   3.635382   3.637005     2.1008    -0.0804      98.80 4.9492e-02 2.3984e+01    79.8080    5.32917    34.6871    34.7057    26.9681    1486.02    1485.35 0.0000e+00
       3546    150.000     8.3967     8.3953   3.635563   3.637194     2.1000    -0.0696      98.80 4.9509e-02 2.3984e+01    79.8398    5.33026    34.6893    34.7080    26.9699    1486.04    1485.35 0.0000e+00
       3567    151.000     8.3892     8.3898   3.635144   3.636871     2.0994    -0.0559      98.80 4.9485e-02 2.3984e+01    79.8028    5.32788    34.6917    34.7095    26.9730    1486.03    1485.36 0.0000e+00
       3588    152.000     8.3782     8.3770   3.634635   3.636255     2.0988    -0.0631      98.80 4.9492e-02 2.3984e+01    79.7969    5.32889    34.6967    34.7151    26.9786    1486.01    1485.36 0.0000e+00
       3609    153.000     8.3752     8.3740   3.634532   3.636154     2.0979    -0.0864      98.55 4.9499e-02 2.3984e+01    79.8252    5.31929    34.6980    34.7165    26.9801    1486.02    1485.36 0.0000e+00
