_data/ctd/2022603/sta0207.cnv
* Sea-Bird SBE 9 Data File:
* FileName = C:\Seabird\CTDData\sta0207.hex
* Software Version Seasave V 7.21f
* Temperature SN = 6264
* Conductivity SN = 4928
* Number of Bytes Per Scan = 40
* Number of Voltage Words = 5
* Number of Scans Averaged by the Deck Unit = 1
* NMEA Latitude = 61 29.03 N
* NMEA Longitude = 005 22.77 E
* NMEA UTC (Time) = Feb 15 2022 22:46:48
* NMEA baud rate = 4800
** Ship: R/V "Kristine Bonnevie"
** Station: 0207
** Echodepth: 340
** Log: 0904.715
** Wind-Dir/Force: 12 10
** Air-temp (dry): 3.8
** Weather Sky:
** Sea:
# nquan = 19                                
# nvalues = 334                         
# units = specified
# name 0 = scan: Scan Count
# name 1 = prDM: Pressure, Digiquartz [db]
# name 2 = t068C: Temperature [ITS-68, deg C]
# name 3 = t168C: Temperature, 2 [ITS-68, deg C]
# name 4 = c0S/m: Conductivity [S/m]
# name 5 = c1S/m: Conductivity, 2 [S/m]
# name 6 = sbeox0V: Oxygen raw, SBE 43 [V]
# name 7 = flECO-AFL: Fluorescence, WET Labs ECO-AFL/FL [mg/m^3]
# name 8 = altM: Altimeter [m]
# name 9 = par: PAR/Irradiance, Biospherical/Licor
# name 10 = spar: SPAR/Surface Irradiance
# name 11 = CStarTr0: Beam Transmission, WET Labs C-Star [%]
# name 12 = sbeox0ML/L: Oxygen, SBE 43 [ml/l], WS = 2
# name 13 = sal00: Salinity, Practical [PSU]
# name 14 = sal11: Salinity, Practical, 2 [PSU]
# name 15 = sigma-t00: Density [sigma-t, Kg/m^3 ]
# name 16 = svCM: Sound Velocity [Chen-Millero, m/s]
# name 17 = avgsvCM: Average Sound Velocity [Chen-Millero, m/s], minP = 1, minS = 5
# name 18 = flag: flag
# span 0 =         26,       7992       
# span 1 =      1.000,    334.000       
# span 2 =     6.8880,     9.1791       
# span 3 =     6.9550,     9.1769       
# span 4 =   3.139744,   3.662783       
# span 5 =   3.147071,   3.664272       
# span 6 =     1.9878,     2.4040       
# span 7 =    -0.0885,     0.1310       
# span 8 =       8.26,      99.84       
# span 9 = 4.9313e-02, 1.0914e+00       
# span 10 = 0.0000e+00, 0.0000e+00      
# span 11 =    79.1318,    80.9876      
# span 12 =    5.11411,    6.60037      
# span 13 =    30.8514,    35.0138      
# span 14 =    30.8709,    35.0309      
# span 15 =    24.1671,    27.2877      
# span 16 =    1473.04,    1487.91      
# span 17 =    1473.04,    1485.92      
# span 18 = 0.0000e+00, 0.0000e+00      
# interval = decibars: 1                
# start_time = Feb 15 2022 22:46:50 [System UTC, header]
# bad_flag = -9.990e-29
*END*
[from data line 153]
       3738    154.000     8.3129     8.3114   3.641471   3.642936     2.0918 -9.990e-29      30.06 4.9481e-02 0.0000e+00    80.8770    5.31198    34.8329    34.8500    27.0955    1485.97    1485.02 0.0000e+00
       3761    155.000     8.3111     8.3096   3.641414   3.642849     2.0914 -9.990e-29      99.84 4.9475e-02 0.0000e+00    80.8702    5.31469    34.8336    34.8504    27.0963    1485.98    1485.03 0.0000e+00
       3784    156.000     8.3080     8.3065   3.641256   3.642710     2.0910 -9.990e-29      37.86 4.9497e-02 0.0000e+00    80.8319    5.31131    34.8345    34.8515    27.0975    1485.98    1485.04 0.0000e+00
       3808    157.000     8.3026     8.3012   3.641157   3.642644     2.0906    -0.0591      96.84 4.9490e-02 0.0000e+00    80.8692    5.31335    34.8383    34.8556    27.1013    1485.99    1485.04 0.0000e+00
       3831    158.000     8.3015     8.2999   3.641179   3.642633     2.0902    -0.0558      97.18 4.9487e-02 0.0000e+00    80.8355    5.31361    34.8392    34.8563    27.1022    1486.00    1485.05 0.0000e+00
       3853    159.000     8.3011     8.2997   3.641207   3.642673     2.0899    -0.0659      97.27 4.9497e-02 0.0000e+00    80.8609    5.30979    34.8394    34.8564    27.1024    1486.01    1485.05 0.0000e+00
       3877    160.000     8.3002     8.2986   3.641194   3.642671     2.0890    -0.0820      90.05 4.9505e-02 0.0000e+00    80.8819    5.31022    34.8397    34.8570    27.1027    1486.03    1485.06 0.0000e+00
       3900    161.000     8.2968     8.2956   3.641061   3.642509     2.0892    -0.0560      96.14 4.9487e-02 0.0000e+00    80.8624    5.31635    34.8411    34.8577    27.1044    1486.03    1485.07 0.0000e+00
       3923    162.000     8.2913     8.2900   3.640894   3.642368     2.0889    -0.0633      84.83 4.9499e-02 0.0000e+00    80.8776    5.31234    34.8443    34.8613    27.1078    1486.03    1485.07 0.0000e+00
       3946    163.000     8.2868     8.2854   3.640665   3.642120     2.0885    -0.0589      55.10 4.9499e-02 0.0000e+00    80.8938    5.31322    34.8459    34.8627    27.1096    1486.03    1485.08 0.0000e+00
       3969    164.000     8.2785     8.2776   3.640140   3.641626     2.0882    -0.0813      68.63 4.9512e-02 0.0000e+00    80.8900    5.31167    34.8480    34.8647    27.1126    1486.02    1485.08 0.0000e+00
       3992    165.000     8.2703     8.2694   3.639532   3.641005     2.0878    -0.0694      99.23 4.9493e-02 0.0000e+00    80.8680    5.31345    34.8492    34.8658    27.1148    1486.01    1485.09 0.0000e+00
       4015    166.000     8.2646     8.2633   3.639177   3.640647     2.0874 -9.990e-29      87.24 4.9480e-02 0.0000e+00    80.8629    5.30846    34.8505    34.8675    27.1167    1486.01    1485.10 0.0000e+00
       4039    167.000     8.2637     8.2622   3.639219   3.640691     2.0863 -9.990e-29      97.85 4.9469e-02 0.0000e+00    80.8423    5.30311    34.8514    34.8686    27.1175    1486.02    1485.10 0.0000e+00
       4062    168.000     8.2626     8.2611   3.639260   3.640724     2.0853 -9.990e-29      84.39 4.9524e-02 0.0000e+00    80.8774    5.29772    34.8524    34.8695    27.1185    1486.03    1485.11 0.0000e+00
       4085    169.000     8.2598     8.2587   3.639128   3.640601     2.0837 -9.990e-29      95.16 4.9475e-02 0.0000e+00    80.8594    5.29245    34.8533    34.8701    27.1196    1486.04    1485.11 0.0000e+00
       4108    170.000     8.2564     8.2550   3.639040   3.640505     2.0829    -0.0558      87.75 4.9491e-02 0.0000e+00    80.8705    5.29638    34.8553    34.8723    27.1217    1486.05    1485.12 0.0000e+00
       4132    171.000     8.2542     8.2529   3.638984   3.640465     2.0819    -0.0571      90.90 4.9481e-02 0.0000e+00    80.8579    5.29414    34.8564    34.8735    27.1229    1486.06    1485.12 0.0000e+00
       4155    172.000     8.2517     8.2504   3.638882   3.640359     2.0811    -0.0571      90.83 4.9487e-02 0.0000e+00    80.8621    5.29250    34.8573    34.8743    27.1240    1486.06    1485.13 0.0000e+00
       4178    173.000     8.2502     8.2487   3.638851   3.640315     2.0804    -0.0827      80.87 4.9475e-02 0.0000e+00    80.8188    5.29283    34.8580    34.8751    27.1248    1486.08    1485.13 0.0000e+00
       4201    174.000     8.2495     8.2482   3.638885   3.640362     2.0797    -0.0688      90.96 4.9475e-02 0.0000e+00    80.8397    5.28892    34.8585    34.8756    27.1253    1486.09    1485.14 0.0000e+00
       4225    175.000     8.2479     8.2464   3.638866   3.640329     2.0787    -0.0570      81.38 4.9491e-02 0.0000e+00    80.8413    5.28852    34.8594    34.8765    27.1263    1486.10    1485.14 0.0000e+00
       4248    176.000     8.2463     8.2449   3.638822   3.640280     2.0782    -0.0571      97.46 4.9481e-02 0.0000e+00    80.8410    5.28887    34.8601    34.8770    27.1270    1486.11    1485.15 0.0000e+00
       4272    177.000     8.2412     8.2399   3.638503   3.639978     2.0775    -0.0673      63.79 4.9497e-02 0.0000e+00    80.8454    5.28477    34.8613    34.8783    27.1287    1486.11    1485.16 0.0000e+00
       4295    178.000     8.2383     8.2369   3.638420   3.639893     2.0766    -0.0854      98.28 4.9480e-02 0.0000e+00    80.8194    5.28530    34.8628    34.8799    27.1303    1486.12    1485.16 0.0000e+00
       4319    179.000     8.2332     8.2319   3.638128   3.639595     2.0761 -9.990e-29      62.18 4.9462e-02 0.0000e+00    80.8463    5.28449    34.8642    34.8812    27.1323    1486.12    1485.17 0.0000e+00
       4343    180.000     8.2288     8.2273   3.637949   3.639406     2.0752 -9.990e-29      81.65 4.9485e-02 0.0000e+00    80.8456    5.27942    34.8662    34.8832    27.1345    1486.12    1485.17 0.0000e+00
       4367    181.000     8.2232     8.2219   3.637612   3.639072     2.0742 -9.990e-29      61.46 4.9502e-02 0.0000e+00    80.8500    5.27593    34.8677    34.8846    27.1365    1486.12    1485.18 0.0000e+00
       4391    182.000     8.2174     8.2161   3.637231   3.638705     2.0734    -0.0611      73.63 4.9487e-02 0.0000e+00    80.8654    5.28081    34.8689    34.8859    27.1383    1486.11    1485.18 0.0000e+00
       4415    183.000     8.2143     8.2130   3.637101   3.638569     2.0726    -0.0567      76.77 4.9497e-02 0.0000e+00    80.8743    5.27225    34.8701    34.8871    27.1397    1486.12    1485.19 0.0000e+00
       4438    184.000     8.2093     8.2081   3.636973   3.638450     2.0713    -0.0788      52.24 4.9480e-02 0.0000e+00    80.8768    5.27097    34.8732    34.8902    27.1429    1486.12    1485.19 0.0000e+00
       4462    185.000     8.2014     8.2008   3.636366   3.637862     2.0705    -0.0876      87.52 4.9487e-02 0.0000e+00    80.8719    5.26994    34.8741    34.8907    27.1448    1486.11    1485.20 0.0000e+00
       4485    186.000     8.1931     8.1919   3.635964   3.637428     2.0694    -0.0737      36.88 4.9485e-02 0.0000e+00    80.8814    5.26457    34.8775    34.8944    27.1488    1486.10    1485.20 0.0000e+00
       4509    187.000     8.1919     8.1905   3.636040   3.637506     2.0681    -0.0717      97.14 4.9493e-02 0.0000e+00    80.8874    5.26348    34.8791    34.8961    27.1502    1486.11    1485.21 0.0000e+00
       4532    188.000     8.1914     8.1898   3.636202   3.637678     2.0671    -0.0796      97.85 4.9475e-02 0.0000e+00    80.8980    5.26047    34.8808    34.8982    27.1516    1486.13    1485.21 0.0000e+00
       4555    189.000     8.1930     8.1915   3.636574   3.638045     2.0661    -0.0558      93.52 4.9499e-02 0.0000e+00    80.9042    5.25799    34.8827    34.8999    27.1529    1486.16    1485.22 0.0000e+00
       4578    190.000     8.1908     8.1896   3.636485   3.637963     2.0651    -0.0558      28.89 4.9481e-02 0.0000e+00    80.8706    5.25781    34.8835    34.9004    27.1538    1486.16    1485.22 0.0000e+00
       4601    191.000     8.1891     8.1881   3.636614   3.638087     2.0644    -0.0558      95.30 4.9494e-02 0.0000e+00    80.8953    5.25706    34.8861    34.9028    27.1561    1486.18    1485.23 0.0000e+00
       4624    192.000     8.1846     8.1829   3.636571   3.638020     2.0637 -9.990e-29      92.00 4.9487e-02 0.0000e+00    80.8658    5.25999    34.8896    34.9068    27.1596    1486.18    1485.23 0.0000e+00
       4648    193.000     8.1852     8.1846   3.636986   3.638526     2.0635 -9.990e-29      95.23 4.9485e-02 0.0000e+00    80.8718    5.26518    34.8929    34.9100    27.1621    1486.20    1485.24 0.0000e+00
       4672    194.000     8.1773     8.1764   3.636346   3.637819     2.0638 -9.990e-29      85.09 4.9489e-02 0.0000e+00    80.8219    5.26799    34.8935    34.9101    27.1637    1486.19    1485.24 0.0000e+00
       4696    195.000     8.1746     8.1732   3.636191   3.637648     2.0638    -0.0585      98.76 4.9491e-02 0.0000e+00    80.8612    5.26856    34.8940    34.9110    27.1646    1486.20    1485.25 0.0000e+00
       4721    196.000     8.1730     8.1715   3.636317   3.637787     2.0640    -0.0562      83.83 4.9485e-02 0.0000e+00    80.8475    5.26672    34.8965    34.9137    27.1667    1486.21    1485.25 0.0000e+00
       4745    197.000     8.1579     8.1575   3.635355   3.636828     2.0633    -0.0558      96.60 4.9483e-02 0.0000e+00    80.8246    5.26256    34.9007    34.9168    27.1723    1486.18    1485.26 0.0000e+00
       4769    198.000     8.1477     8.1464   3.634647   3.636100     2.0628    -0.0664      84.23 4.9475e-02 0.0000e+00    80.8137    5.26232    34.9028    34.9196    27.1755    1486.16    1485.26 0.0000e+00
       4793    199.000     8.1317     8.1316   3.633331   3.634819     2.0619    -0.0789      84.34 4.9495e-02 0.0000e+00    80.7873    5.25798    34.9041    34.9202    27.1790    1486.12    1485.27 0.0000e+00
       4817    200.000     8.1192     8.1179   3.632571   3.634032     2.0606    -0.0636      82.78 4.9468e-02 0.0000e+00    80.7995    5.24974    34.9080    34.9249    27.1839    1486.09    1485.27 0.0000e+00
       4841    201.000     8.1170     8.1156   3.632480   3.633934     2.0589    -0.0863      74.52 4.9506e-02 0.0000e+00    80.7979    5.23884    34.9087    34.9256    27.1848    1486.10    1485.27 0.0000e+00
       4865    202.000     8.1110     8.1096   3.632176   3.633635     2.0565    -0.0568      90.09 4.9479e-02 0.0000e+00    80.8375    5.22568    34.9109    34.9279    27.1875    1486.10    1485.28 0.0000e+00
       4888    203.000     8.1116     8.1100   3.632487   3.633943     2.0535    -0.0558      55.82 4.9491e-02 0.0000e+00    80.8356    5.21798    34.9132    34.9303    27.1892    1486.12    1485.28 0.0000e+00
       4912    204.000     8.1116     8.1102   3.632676   3.634141     2.0514 -9.990e-29      98.89 4.9487e-02 0.0000e+00    80.8598    5.21358    34.9147    34.9318    27.1904    1486.14    1485.29 0.0000e+00
       4936    205.000     8.1053     8.1039   3.632548   3.634039     2.0493 -9.990e-29      52.34 4.9479e-02 0.0000e+00    80.8539    5.21456    34.9191    34.9365    27.1948    1486.13    1485.29 0.0000e+00
       4959    206.000     8.1080     8.1062   3.633100   3.634551     2.0476 -9.990e-29      89.34 4.9491e-02 0.0000e+00    80.8462    5.20985    34.9219    34.9392    27.1965    1486.16    1485.29 0.0000e+00
       4983    207.000     8.1083     8.1071   3.633272   3.634757     2.0463 -9.990e-29      29.14 4.9487e-02 0.0000e+00    80.8427    5.21229    34.9229    34.9400    27.1973    1486.18    1485.30 0.0000e+00
       5007    208.000     8.1052     8.1039   3.633045   3.634514     2.0452    -0.0745      93.64 7.3982e-02 0.0000e+00    80.8264    5.21018    34.9231    34.9401    27.1979    1486.19    1485.30 0.0000e+00
       5031    209.000     8.1009     8.0997   3.632813   3.634306     2.0442    -0.0816      41.95 4.9313e-02 0.0000e+00    80.7984    5.21106    34.9244    34.9416    27.1996    1486.19    1485.31 0.0000e+00
       5055    210.000     8.1016     8.1002   3.633263   3.634760     2.0437    -0.0577      95.21 4.9480e-02 0.0000e+00    80.7862    5.21039    34.9280    34.9455    27.2024    1486.21    1485.31 0.0000e+00
       5079    211.000     8.1037     8.1023   3.633878   3.635352     2.0429    -0.0558      40.71 4.9467e-02 0.0000e+00    80.7753    5.21226    34.9321    34.9492    27.2052    1486.24    1485.32 0.0000e+00
       5103    212.000     8.1015     8.0999   3.633961   3.635419     2.0429    -0.0558      97.92 4.9480e-02 0.0000e+00    80.8026    5.21289    34.9347    34.9519    27.2076    1486.25    1485.32 0.0000e+00
       5128    213.000     8.0970     8.0957   3.633801   3.635262     2.0424 -9.990e-29      86.28 4.9478e-02 0.0000e+00    80.7743    5.21227    34.9369    34.9539    27.2100    1486.26    1485.32 0.0000e+00
       5152    214.000     8.0941     8.0926   3.633680   3.635121     2.0421 -9.990e-29      98.68 4.9491e-02 0.0000e+00    80.7047    5.21653    34.9380    34.9550    27.2113    1486.26    1485.33 0.0000e+00
       5176    215.000     8.0929     8.0913   3.633670   3.635137     2.0423 -9.990e-29      69.62 4.9508e-02 0.0000e+00    80.6666    5.21623    34.9387    34.9560    27.2120    1486.28    1485.33 0.0000e+00
       5200    216.000     8.0890     8.0880   3.633642   3.635111     2.0419    -0.0558      79.54 4.9463e-02 0.0000e+00    80.6282    5.21311    34.9418    34.9585    27.2150    1486.28    1485.34 0.0000e+00
       5224    217.000     8.0815     8.0802   3.633470   3.634929     2.0416    -0.0801      76.03 4.9480e-02 0.0000e+00    80.6170    5.21434    34.9469    34.9638    27.2202    1486.28    1485.34 0.0000e+00
       5247    218.000     8.0789     8.0774   3.633459   3.634918     2.0412    -0.0704      88.71 4.9475e-02 0.0000e+00    80.6106    5.21229    34.9489    34.9660    27.2222    1486.29    1485.35 0.0000e+00
       5270    219.000     8.0761     8.0748   3.633460   3.634923     2.0409    -0.0567      74.47 4.9506e-02 0.0000e+00    80.6130    5.21432    34.9512    34.9682    27.2244    1486.29    1485.35 0.0000e+00
       5293    220.000     8.0695     8.0684   3.633326   3.634785     2.0405    -0.0563      83.54 4.9475e-02 0.0000e+00    80.5557    5.21228    34.9559    34.9726    27.2291    1486.29    1485.35 0.0000e+00
       5316    221.000     8.0628     8.0617   3.633156   3.634615     2.0400 -9.990e-29      77.76 4.9487e-02 0.0000e+00    80.5557    5.20974    34.9602    34.9770    27.2335    1486.29    1485.36 0.0000e+00
       5339    222.000     8.0582     8.0569   3.633030   3.634494     2.0393 -9.990e-29      48.12 4.9523e-02 0.0000e+00    80.4897    5.20650    34.9630    34.9800    27.2364    1486.29    1485.36 0.0000e+00
       5362    223.000     8.0524     8.0511   3.632878   3.634334     2.0384 -9.990e-29      86.47 4.9481e-02 0.0000e+00    80.4454    5.20201    34.9667    34.9836    27.2401    1486.29    1485.37 0.0000e+00
       5385    224.000     8.0472     8.0458   3.632751   3.634205     2.0374 -9.990e-29      66.51 4.9480e-02 0.0000e+00    80.4077    5.19873    34.9700    34.9870    27.2435    1486.29    1485.37 0.0000e+00
       5409    225.000     8.0439     8.0426   3.632677   3.634133     2.0360 -9.990e-29      62.12 4.9485e-02 0.0000e+00    80.3471    5.19535    34.9720    34.9889    27.2456    1486.30    1485.38 0.0000e+00
       5433    226.000     8.0375     8.0360   3.632354   3.633799     2.0350 -9.990e-29      50.98 4.9493e-02 0.0000e+00    80.3244    5.19247    34.9745    34.9914    27.2485    1486.29    1485.38 0.0000e+00
       5457    227.000     8.0346     8.0331   3.632236   3.633685     2.0338 -9.990e-29      99.21 4.9479e-02 0.0000e+00    80.2581    5.19075    34.9756    34.9926    27.2498    1486.30    1485.38 0.0000e+00
       5480    228.000     8.0277     8.0263   3.631920   3.633375     2.0327 -9.990e-29      37.30 4.9491e-02 0.0000e+00    80.2511    5.18776    34.9786    34.9956    27.2532    1486.29    1485.39 0.0000e+00
