_data/ctd/2022603/sta0211.cnv
* Sea-Bird SBE 9 Data File:
* FileName = C:\Seabird\CTDData\sta0211.hex
* Software Version Seasave V 7.21f
* Temperature SN = 6264
* Conductivity SN = 4928
* Number of Bytes Per Scan = 40
* Number of Voltage Words = 5
* Number of Scans Averaged by the Deck Unit = 1
* NMEA Latitude = 61 29.96 N
* NMEA Longitude = 005 43.05 E
* NMEA UTC (Time) = Feb 16 2022 03:20:46
* NMEA baud rate = 4800
** Ship: R/V "Kristine Bonnevie"
** Station: 0211
** Echodepth: 260
** Log: 0916.353
** Wind-Dir/Force: 35 08
** Air-temp (dry): 1.3
** Weather Sky:
** Sea:
** FOFJ002
# nquan = 19                                
# nvalues = 257                         
# units = specified
# name 0 = scan: Scan Count
# name 1 = prDM: Pressure, Digiquartz [db]
# name 2 = t068C: Temperature [ITS-68, deg C]
# name 3 = t168C: Temperature, 2 [ITS-68, deg C]
# name 4 = c0S/m: Conductivity [S/m]
# name 5 = c1S/m: Conductivity, 2 [S/m]
# name 6 = sbeox0V: Oxygen raw, SBE 43 [V]
# name 7 = flECO-AFL: Fluorescence, WET Labs ECO-AFL/FL [mg/m^3]
# name 8 = altM: Altimeter [m]
# name 9 = par: PAR/Irradiance, Biospherical/Licor
# name 10 = spar: SPAR/Surface Irradiance
# name 11 = CStarTr0: Beam Transmission, WET Labs C-Star [%]
# name 12 = sbeox0ML/L: Oxygen, SBE 43 [ml/l], WS = 2
# name 13 = sal00: Salinity, Practical [PSU]
# name 14 = sal11: Salinity, Practical, 2 [PSU]
# name 15 = sigma-t00: Density [sigma-t, Kg/m^3 ]
# name 16 = svCM: Sound Velocity [Chen-Millero, m/s]
# name 17 = avgsvCM: Average Sound Velocity [Chen-Millero, m/s], minP = 1, minS = 5
# name 18 = flag: flag
# span 0 =        469,       6709       
# span 1 =      2.000,    258.000       
# span 2 =     6.2949,    10.6216       
# span 3 =     6.2458,    10.6130       
# span 4 =   2.786283,   3.711583       
# span 5 =   2.783658,   3.713207       
# span 6 =     1.6225,     2.4459       
# span 7 =    -0.0702,     0.2548       
# span 8 =       4.93,      99.53       
# span 9 = 4.9440e-02, 5.7644e-01       
# span 10 = 0.0000e+00, 0.0000e+00      
# span 11 =    75.6236,    81.0834      
# span 12 =    3.71465,    6.96685      
# span 13 =    27.5133,    34.7266      
# span 14 =    27.5244,    34.7432      
# span 15 =    21.6103,    27.0096      
# span 16 =    1466.52,    1490.23      
# span 17 =    1466.52,    1487.12      
# span 18 = 0.0000e+00, 0.0000e+00      
# interval = decibars: 1                
# start_time = Feb 16 2022 03:20:49 [System UTC, header]
# bad_flag = -9.990e-29
*END*
[from data line 153]
       3948    155.000     8.3108     8.3091   3.630480   3.631883     1.6816    -0.0390      98.78 4.9536e-02 0.0000e+00    79.9119    3.95663    34.7175    34.7341    27.0052    1485.83    1486.44 0.0000e+00
       3969    156.000     8.3106     8.3089   3.630511   3.631919     1.6822    -0.0488      98.78 4.9534e-02 0.0000e+00    79.8825    3.96328    34.7175    34.7342    27.0053    1485.85    1486.44 0.0000e+00
       3991    157.000     8.3097     8.3082   3.630473   3.631890     1.6824    -0.0443      98.03 4.9545e-02 0.0000e+00    79.8802    3.96482    34.7175    34.7341    27.0054    1485.86    1486.43 0.0000e+00
       4012    158.000     8.3094     8.3077   3.630514   3.631930     1.6831    -0.0457      98.78 4.9551e-02 0.0000e+00    79.8560    3.96711    34.7178    34.7345    27.0057    1485.88    1486.43 0.0000e+00
       4033    159.000     8.3097     8.3081   3.630624   3.632018     1.6833    -0.0504      98.78 4.9518e-02 0.0000e+00    79.8155    3.96122    34.7182    34.7346    27.0059    1485.90    1486.43 0.0000e+00
       4055    160.000     8.3099     8.3083   3.630686   3.632085     1.6828    -0.0261      98.46 4.9515e-02 0.0000e+00    79.7897    3.95836    34.7182    34.7346    27.0059    1485.91    1486.42 0.0000e+00
       4076    161.000     8.3102     8.3085   3.630760   3.632164     1.6825    -0.0223      98.60 4.9532e-02 0.0000e+00    79.7615    3.95647    34.7182    34.7348    27.0059    1485.93    1486.42 0.0000e+00
       4098    162.000     8.3104     8.3087   3.630847   3.632242     1.6820    -0.0467      98.78 4.9515e-02 0.0000e+00    79.7734    3.94954    34.7184    34.7349    27.0060    1485.95    1486.42 0.0000e+00
       4119    163.000     8.3105     8.3089   3.630908   3.632313     1.6810    -0.0520      98.78 4.9525e-02 0.0000e+00    79.7348    3.95166    34.7185    34.7350    27.0061    1485.97    1486.41 0.0000e+00
       4140    164.000     8.3107     8.3090   3.630964   3.632364     1.6807    -0.0428      98.78 4.9552e-02 0.0000e+00    79.7276    3.95234    34.7184    34.7350    27.0060    1485.98    1486.41 0.0000e+00
       4162    165.000     8.3110     8.3093   3.631058   3.632467     1.6803    -0.0434      98.78 4.9539e-02 0.0000e+00    79.7137    3.95073    34.7186    34.7353    27.0061    1486.00    1486.41 0.0000e+00
       4183    166.000     8.3111     8.3094   3.631128   3.632535     1.6799    -0.0388      98.78 4.9519e-02 0.0000e+00    79.6930    3.95259    34.7188    34.7355    27.0062    1486.02    1486.41 0.0000e+00
       4204    167.000     8.3113     8.3096   3.631198   3.632611     1.6798    -0.0467      98.60 4.9485e-02 0.0000e+00    79.6859    3.95496    34.7189    34.7356    27.0062    1486.03    1486.40 0.0000e+00
       4225    168.000     8.3114     8.3098   3.631269   3.632669     1.6798    -0.0438      98.78 4.9540e-02 0.0000e+00    79.6599    3.95821    34.7190    34.7355    27.0064    1486.05    1486.40 0.0000e+00
       4247    169.000     8.3117     8.3101   3.631329   3.632739     1.6801    -0.0355      98.78 4.9512e-02 0.0000e+00    79.6616    3.95723    34.7189    34.7355    27.0062    1486.07    1486.40 0.0000e+00
       4268    170.000     8.3122     8.3104   3.631431   3.632825     1.6799    -0.0336      98.78 4.9527e-02 0.0000e+00    79.6444    3.95550    34.7190    34.7356    27.0062    1486.09    1486.40 0.0000e+00
       4290    171.000     8.3122     8.3105   3.631490   3.632906     1.6797    -0.0455      98.78 4.9532e-02 0.0000e+00    79.6206    3.95656    34.7192    34.7359    27.0063    1486.10    1486.40 0.0000e+00
       4311    172.000     8.3122     8.3106   3.631574   3.632978     1.6798    -0.0406      98.78 4.9502e-02 0.0000e+00    79.6251    3.95988    34.7196    34.7361    27.0067    1486.12    1486.40 0.0000e+00
       4333    173.000     8.3124     8.3108   3.631649   3.633063     1.6800    -0.0403      98.78 4.9518e-02 0.0000e+00    79.6099    3.95803    34.7197    34.7363    27.0067    1486.14    1486.39 0.0000e+00
       4355    174.000     8.3127     8.3111   3.631743   3.633171     1.6798    -0.0369      98.78 4.9521e-02 0.0000e+00    79.5720    3.95905    34.7199    34.7367    27.0069    1486.16    1486.39 0.0000e+00
       4376    175.000     8.3133     8.3117   3.631874   3.633298     1.6799    -0.0132      98.78 4.9509e-02 0.0000e+00    79.5579    3.95902    34.7203    34.7370    27.0070    1486.18    1486.39 0.0000e+00
       4398    176.000     8.3138     8.3121   3.631990   3.633402     1.6799    -0.0270      98.78 4.9546e-02 0.0000e+00    79.5107    3.95758    34.7205    34.7372    27.0072    1486.19    1486.39 0.0000e+00
       4420    177.000     8.3145     8.3129   3.632157   3.633559     1.6793    -0.0352      98.78 4.9505e-02 0.0000e+00    79.4615    3.95454    34.7211    34.7376    27.0075    1486.21    1486.39 0.0000e+00
       4442    178.000     8.3147     8.3131   3.632247   3.633654     1.6795    -0.0208      98.78 4.9522e-02 0.0000e+00    79.3865    3.96330    34.7214    34.7380    27.0077    1486.23    1486.39 0.0000e+00
       4464    179.000     8.3149     8.3132   3.632291   3.633705     1.6798    -0.0094      98.78 4.9502e-02 0.0000e+00    79.3706    3.96392    34.7212    34.7379    27.0075    1486.25    1486.39 0.0000e+00
       4485    180.000     8.3151     8.3134   3.632370   3.633772     1.6801    -0.0362      98.78 4.9508e-02 0.0000e+00    79.3617    3.97124    34.7214    34.7380    27.0076    1486.27    1486.39 0.0000e+00
       4507    181.000     8.3150     8.3134   3.632420   3.633835     1.6810    -0.0331      98.78 4.9512e-02 0.0000e+00    79.3290    3.97466    34.7215    34.7382    27.0078    1486.28    1486.39 0.0000e+00
       4528    182.000     8.3152     8.3136   3.632509   3.633926     1.6816    -0.0129      98.78 4.9502e-02 0.0000e+00    79.3186    3.97722    34.7218    34.7385    27.0079    1486.30    1486.39 0.0000e+00
       4550    183.000     8.3157     8.3140   3.632609   3.634033     1.6823    -0.0195      98.78 4.9505e-02 0.0000e+00    79.3246    3.97772    34.7219    34.7387    27.0079    1486.32    1486.39 0.0000e+00
       4572    184.000     8.3160     8.3142   3.632687   3.634109     1.6827    -0.0310      98.78 4.9509e-02 0.0000e+00    79.3206    3.97663    34.7220    34.7389    27.0079    1486.34    1486.39 0.0000e+00
       4593    185.000     8.3162     8.3145   3.632767   3.634174     1.6830    -0.0379      98.78 4.9499e-02 0.0000e+00    79.2951    3.98261    34.7221    34.7388    27.0080    1486.35    1486.38 0.0000e+00
       4615    186.000     8.3163     8.3146   3.632811   3.634231     1.6836    -0.0386      98.78 4.9515e-02 0.0000e+00    79.2809    3.97946    34.7220    34.7388    27.0079    1486.37    1486.38 0.0000e+00
       4636    187.000     8.3164     8.3147   3.632881   3.634299     1.6839    -0.0352      98.78 4.9532e-02 0.0000e+00    79.2546    3.98393    34.7222    34.7390    27.0081    1486.39    1486.38 0.0000e+00
       4658    188.000     8.3166     8.3149   3.632948   3.634363     1.6843    -0.0167      98.78 4.9508e-02 0.0000e+00    79.2379    3.98430    34.7222    34.7390    27.0081    1486.40    1486.38 0.0000e+00
       4679    189.000     8.3167     8.3151   3.633018   3.634432     1.6846    -0.0237      98.78 4.9521e-02 0.0000e+00    79.2288    3.98628    34.7224    34.7390    27.0082    1486.42    1486.39 0.0000e+00
       4701    190.000     8.3169     8.3153   3.633093   3.634510     1.6847    -0.0307      98.78 4.9512e-02 0.0000e+00    79.2027    3.98285    34.7225    34.7392    27.0082    1486.44    1486.39 0.0000e+00
       4723    191.000     8.3170     8.3154   3.633153   3.634563     1.6848    -0.0036      98.78 4.9508e-02 0.0000e+00    79.1873    3.98264    34.7226    34.7392    27.0083    1486.46    1486.39 0.0000e+00
       4745    192.000     8.3172     8.3156   3.633228   3.634644     1.6844    -0.0407      98.78 4.9502e-02 0.0000e+00    79.1548    3.97615    34.7227    34.7394    27.0083    1486.47    1486.39 0.0000e+00
       4766    193.000     8.3174     8.3157   3.633308   3.634715     1.6838    -0.0402      98.78 4.9502e-02 0.0000e+00    79.1570    3.97768    34.7229    34.7395    27.0084    1486.49    1486.39 0.0000e+00
       4788    194.000     8.3175     8.3159   3.633368   3.634777     1.6838    -0.0337      98.78 4.9508e-02 0.0000e+00    79.1590    3.98079    34.7229    34.7395    27.0085    1486.51    1486.39 0.0000e+00
       4810    195.000     8.3177     8.3160   3.633426   3.634838     1.6837    -0.0360      98.78 4.9518e-02 0.0000e+00    79.1664    3.98116    34.7229    34.7396    27.0084    1486.52    1486.39 0.0000e+00
       4832    196.000     8.3178     8.3161   3.633482   3.634898     1.6836    -0.0317      98.78 4.9521e-02 0.0000e+00    79.1746    3.98417    34.7229    34.7397    27.0084    1486.54    1486.39 0.0000e+00
       4854    197.000     8.3179     8.3162   3.633545   3.634954     1.6840    -0.0336      98.78 4.9521e-02 0.0000e+00    79.1267    3.98645    34.7230    34.7397    27.0085    1486.56    1486.39 0.0000e+00
       4875    198.000     8.3181     8.3164   3.633622   3.635044     1.6841    -0.0349      98.78 4.9515e-02 0.0000e+00    79.1172    3.98759    34.7231    34.7400    27.0085    1486.58    1486.39 0.0000e+00
       4897    199.000     8.3186     8.3169   3.633744   3.635149     1.6844    -0.0312      98.78 4.9518e-02 0.0000e+00    79.1461    3.98595    34.7235    34.7401    27.0087    1486.59    1486.39 0.0000e+00
       4919    200.000     8.3189     8.3173   3.633834   3.635253     1.6842    -0.0336      98.78 4.9521e-02 0.0000e+00    79.0868    3.98519    34.7237    34.7403    27.0088    1486.61    1486.39 0.0000e+00
       4940    201.000     8.3191     8.3174   3.633900   3.635304     1.6841    -0.0295      98.78 4.9502e-02 0.0000e+00    79.1004    3.98562    34.7237    34.7403    27.0088    1486.63    1486.39 0.0000e+00
       4962    202.000     8.3192     8.3175   3.633953   3.635362     1.6841    -0.0281      98.78 4.9539e-02 0.0000e+00    79.1105    3.98595    34.7237    34.7403    27.0088    1486.65    1486.40 0.0000e+00
       4984    203.000     8.3194     8.3177   3.634023   3.635441     1.6840     0.0001      98.78 4.9497e-02 0.0000e+00    79.0880    3.98633    34.7237    34.7405    27.0088    1486.66    1486.40 0.0000e+00
       5006    204.000     8.3199     8.3185   3.634139   3.635574     1.6842    -0.0093      98.78 4.9499e-02 0.0000e+00    79.0933    3.99092    34.7240    34.7407    27.0089    1486.68    1486.40 0.0000e+00
       5028    205.000     8.3204     8.3187   3.634221   3.635648     1.6844    -0.0280      98.78 4.9534e-02 0.0000e+00    79.0972    3.99508    34.7239    34.7408    27.0088    1486.70    1486.40 0.0000e+00
       5050    206.000     8.3206     8.3189   3.634300   3.635698     1.6850    -0.0384      98.78 4.9514e-02 0.0000e+00    79.0562    3.99419    34.7241    34.7406    27.0089    1486.72    1486.40 0.0000e+00
       5072    207.000     8.3207     8.3190   3.634361   3.635761     1.6851    -0.0382      81.37 4.9499e-02 0.0000e+00    79.0643    4.00089    34.7241    34.7407    27.0089    1486.73    1486.40 0.0000e+00
       5094    208.000     8.3207     8.3191   3.634392   3.635815     1.6863    -0.0419      72.32 4.9515e-02 0.0000e+00    79.0457    4.00693    34.7240    34.7407    27.0088    1486.75    1486.40 0.0000e+00
       5117    209.000     8.3211     8.3195   3.634478   3.635904     1.6869    -0.0388      98.96 4.9496e-02 0.0000e+00    79.0663    4.00527    34.7240    34.7408    27.0088    1486.77    1486.41 0.0000e+00
       5139    210.000     8.3215     8.3198   3.634586   3.636002     1.6872    -0.0399      97.83 4.9502e-02 0.0000e+00    79.0633    4.00538    34.7243    34.7411    27.0090    1486.79    1486.41 0.0000e+00
       5161    211.000     8.3215     8.3200   3.634639   3.636061     1.6876    -0.0349      61.09 4.9496e-02 0.0000e+00    79.0731    4.00566    34.7244    34.7410    27.0090    1486.80    1486.41 0.0000e+00
       5183    212.000     8.3213     8.3196   3.634661   3.636067     1.6877    -0.0319      99.41 4.9515e-02 0.0000e+00    79.0334    4.00773    34.7244    34.7410    27.0090    1486.82    1486.41 0.0000e+00
       5205    213.000     8.3213     8.3196   3.634712   3.636124     1.6882    -0.0351      98.78 4.9521e-02 0.0000e+00    79.0624    4.01098    34.7244    34.7411    27.0091    1486.84    1486.41 0.0000e+00
       5227    214.000     8.3213     8.3197   3.634772   3.636185     1.6887    -0.0335      55.75 4.9477e-02 0.0000e+00    79.0850    4.01230    34.7246    34.7412    27.0092    1486.85    1486.42 0.0000e+00
       5249    215.000     8.3214     8.3198   3.634832   3.636244     1.6890    -0.0347      98.66 4.9515e-02 0.0000e+00    79.1246    4.01506    34.7247    34.7413    27.0092    1486.87    1486.42 0.0000e+00
       5270    216.000     8.3215     8.3199   3.634884   3.636295     1.6894    -0.0381      98.78 4.9521e-02 0.0000e+00    79.1449    4.01545    34.7246    34.7412    27.0092    1486.89    1486.42 0.0000e+00
       5292    217.000     8.3215     8.3198   3.634941   3.636355     1.6897    -0.0324      72.61 4.9512e-02 0.0000e+00    79.1665    4.01358    34.7248    34.7415    27.0093    1486.90    1486.42 0.0000e+00
       5314    218.000     8.3215     8.3199   3.634990   3.636404     1.6896    -0.0350      81.95 4.9499e-02 0.0000e+00    79.1717    4.01380    34.7248    34.7414    27.0093    1486.92    1486.42 0.0000e+00
       5336    219.000     8.3217     8.3202   3.635061   3.636474     1.6896    -0.0312      98.77 4.9512e-02 0.0000e+00    79.2055    4.01286    34.7249    34.7414    27.0094    1486.94    1486.43 0.0000e+00
       5358    220.000     8.3220     8.3204   3.635138   3.636549     1.6897    -0.0362      52.34 4.9489e-02 0.0000e+00    79.2533    4.01486    34.7249    34.7415    27.0094    1486.95    1486.43 0.0000e+00
       5380    221.000     8.3222     8.3205   3.635199   3.636605     1.6897    -0.0404      66.32 4.9490e-02 0.0000e+00    79.2977    4.01635    34.7249    34.7415    27.0093    1486.97    1486.43 0.0000e+00
       5402    222.000     8.3225     8.3208   3.635284   3.636692     1.6898    -0.0307      48.98 4.9499e-02 0.0000e+00    79.2736    4.01551    34.7250    34.7417    27.0094    1486.99    1486.43 0.0000e+00
       5424    223.000     8.3233     8.3218   3.635425   3.636842     1.6898    -0.0344      40.00 4.9512e-02 0.0000e+00    79.2608    4.01597    34.7253    34.7418    27.0094    1487.01    1486.44 0.0000e+00
       5446    224.000     8.3238     8.3222   3.635513   3.636924     1.6896    -0.0105      39.92 4.9496e-02 0.0000e+00    79.2486    4.01552    34.7252    34.7418    27.0093    1487.03    1486.44 0.0000e+00
       5468    225.000     8.3238     8.3222   3.635561   3.636975     1.6898    -0.0188      38.73 4.9490e-02 0.0000e+00    79.1051    4.01329    34.7253    34.7419    27.0093    1487.04    1486.44 0.0000e+00
       5489    226.000     8.3238     8.3222   3.635608   3.637026     1.6889    -0.0197      37.72 4.9483e-02 0.0000e+00    78.9307    4.00553    34.7253    34.7420    27.0094    1487.06    1486.44 0.0000e+00
       5511    227.000     8.3238     8.3222   3.635668   3.637073     1.6884    -0.0033      41.80 4.9498e-02 0.0000e+00    78.8265    4.00603    34.7255    34.7420    27.0095    1487.08    1486.45 0.0000e+00
       5532    228.000     8.3240     8.3224   3.635733   3.637145     1.6877    -0.0049      35.56 4.9496e-02 0.0000e+00    78.7647    4.00135    34.7255    34.7421    27.0095    1487.09    1486.45 0.0000e+00
       5554    229.000     8.3241     8.3224   3.635779   3.637184     1.6866    -0.0320      34.03 4.9479e-02 0.0000e+00    78.7197    3.99701    34.7254    34.7420    27.0094    1487.11    1486.45 0.0000e+00
