_data/ctd/2022603/sta0171.cnv
* Sea-Bird SBE 9 Data File:
* FileName = C:\Seabird\CTDData\sta0171.hex
* Software Version Seasave V 7.21f
* Temperature SN = 6264
* Conductivity SN = 4928
* Number of Bytes Per Scan = 40
* Number of Voltage Words = 5
* Number of Scans Averaged by the Deck Unit = 1
* NMEA Latitude = 60 50.97 N
* NMEA Longitude = 005 20.89 E
* NMEA UTC (Time) = Feb 12 2022 23:39:52
* NMEA baud rate = 4800
** Ship: R/V "Kristine Bonnevie"
** Station: 0171
** Echodepth: 419.45
** Log: 0513.467
** Wind-Dir/Force: 20 16
** Air-temp (dry): 6.8
** Weather Sky:
** Sea:
# nquan = 19                                
# nvalues = 412                         
# units = specified
# name 0 = scan: Scan Count
# name 1 = prDM: Pressure, Digiquartz [db]
# name 2 = t068C: Temperature [ITS-68, deg C]
# name 3 = t168C: Temperature, 2 [ITS-68, deg C]
# name 4 = c0S/m: Conductivity [S/m]
# name 5 = c1S/m: Conductivity, 2 [S/m]
# name 6 = sbeox0V: Oxygen raw, SBE 43 [V]
# name 7 = flECO-AFL: Fluorescence, WET Labs ECO-AFL/FL [mg/m^3]
# name 8 = altM: Altimeter [m]
# name 9 = par: PAR/Irradiance, Biospherical/Licor
# name 10 = spar: SPAR/Surface Irradiance
# name 11 = CStarTr0: Beam Transmission, WET Labs C-Star [%]
# name 12 = sbeox0ML/L: Oxygen, SBE 43 [ml/l], WS = 2
# name 13 = sal00: Salinity, Practical [PSU]
# name 14 = sal11: Salinity, Practical, 2 [PSU]
# name 15 = sigma-t00: Density [sigma-t, Kg/m^3 ]
# name 16 = svCM: Sound Velocity [Chen-Millero, m/s]
# name 17 = avgsvCM: Average Sound Velocity [Chen-Millero, m/s], minP = 1, minS = 5
# name 18 = flag: flag
# span 0 =         -7,       8861       
# span 1 =      2.000,    413.000       
# span 2 =     2.5316,     9.2897       
# span 3 =     2.5364,     9.2916       
# span 4 =   1.165557,   3.670670       
# span 5 =   1.160208,   3.672039       
# span 6 =     1.6256,     2.5796       
# span 7 =    -0.0745,     0.3027       
# span 8 =      13.47,      99.89       
# span 9 = 4.9439e-02, 6.2389e-01       
# span 10 = 0.0000e+00, 0.0000e+00      
# span 11 =    42.6385,    82.8799      
# span 12 =    3.84804,    8.64384      
# span 13 =    11.9359,    34.9690      
# span 14 =    11.8750,    34.9846      
# span 15 =     9.5241,    27.1993      
# span 16 =    1430.46,    1490.48      
# span 17 =    1430.46,    1486.80      
# span 18 = 0.0000e+00, 0.0000e+00      
# interval = decibars: 1                
# start_time = Feb 12 2022 23:39:54 [System UTC, header]
# bad_flag = -9.990e-29
*END*
[from data line 229]
       4953    231.000     8.3233     8.3217   3.656574   3.657888     1.6798    -0.0627      99.02 4.9502e-02 0.0000e+00    81.4317    3.98130    34.9465    34.9621    27.1831    1487.41    1485.11 0.0000e+00
       4974    232.000     8.3232     8.3216   3.656612   3.657938     1.6798    -0.0616      39.85 4.9485e-02 0.0000e+00    81.4323    3.98125    34.9465    34.9622    27.1831    1487.43    1485.12 0.0000e+00
       4995    233.000     8.3233     8.3217   3.656662   3.657978     1.6798    -0.0582      99.83 4.9519e-02 0.0000e+00    81.4135    3.98266    34.9465    34.9621    27.1830    1487.45    1485.13 0.0000e+00
       5016    234.000     8.3233     8.3217   3.656714   3.658045     1.6799 -9.990e-29      36.84 4.9498e-02 0.0000e+00    81.4473    3.98355    34.9466    34.9623    27.1831    1487.46    1485.14 0.0000e+00
       5038    235.000     8.3233     8.3218   3.656771   3.658094     1.6800 -9.990e-29      99.15 4.9509e-02 0.0000e+00    81.4805    3.98337    34.9467    34.9623    27.1832    1487.48    1485.15 0.0000e+00
       5059    236.000     8.3234     8.3218   3.656828   3.658152     1.6798 -9.990e-29      50.17 4.9486e-02 0.0000e+00    81.4590    3.98114    34.9467    34.9624    27.1832    1487.50    1485.16 0.0000e+00
       5080    237.000     8.3233     8.3218   3.656874   3.658203     1.6796 -9.990e-29      97.58 4.9511e-02 0.0000e+00    81.4617    3.98208    34.9468    34.9625    27.1833    1487.51    1485.17 0.0000e+00
       5101    238.000     8.3232     8.3216   3.656931   3.658265     1.6797    -0.0682      69.84 4.9492e-02 0.0000e+00    81.4497    3.98529    34.9471    34.9629    27.1835    1487.53    1485.18 0.0000e+00
       5122    239.000     8.3232     8.3216   3.656994   3.658318     1.6798    -0.0595      63.82 4.9499e-02 0.0000e+00    81.4947    3.98564    34.9473    34.9629    27.1836    1487.55    1485.19 0.0000e+00
       5143    240.000     8.3232     8.3216   3.657041   3.658364     1.6798    -0.0666      77.47 4.9518e-02 0.0000e+00    81.5136    3.98629    34.9473    34.9629    27.1837    1487.56    1485.20 0.0000e+00
       5164    241.000     8.3232     8.3216   3.657097   3.658416     1.6799    -0.0653      63.11 4.9498e-02 0.0000e+00    81.5093    3.98884    34.9474    34.9630    27.1838    1487.58    1485.21 0.0000e+00
       5186    242.000     8.3231     8.3216   3.657153   3.658478     1.6802    -0.0680      54.94 4.9509e-02 0.0000e+00    81.5584    3.99022    34.9476    34.9632    27.1839    1487.60    1485.22 0.0000e+00
       5207    243.000     8.3232     8.3216   3.657218   3.658544     1.6803    -0.0549      66.16 4.9499e-02 0.0000e+00    81.5457    3.99337    34.9477    34.9634    27.1840    1487.61    1485.23 0.0000e+00
       5228    244.000     8.3234     8.3218   3.657284   3.658619     1.6810    -0.0524      86.87 4.9499e-02 0.0000e+00    81.5399    3.99544    34.9478    34.9635    27.1840    1487.63    1485.24 0.0000e+00
       5249    245.000     8.3234     8.3219   3.657355   3.658689     1.6809    -0.0585      67.78 4.9490e-02 0.0000e+00    81.5976    3.99362    34.9480    34.9637    27.1842    1487.65    1485.25 0.0000e+00
       5271    246.000     8.3235     8.3220   3.657429   3.658748     1.6813    -0.0659      88.57 4.9511e-02 0.0000e+00    81.5956    3.99590    34.9482    34.9638    27.1844    1487.66    1485.26 0.0000e+00
       5292    247.000     8.3236     8.3220   3.657475   3.658807     1.6814    -0.0679      69.32 4.9499e-02 0.0000e+00    81.5760    3.99549    34.9481    34.9639    27.1843    1487.68    1485.27 0.0000e+00
       5312    248.000     8.3236     8.3220   3.657553   3.658870     1.6814    -0.0688      91.71 4.9499e-02 0.0000e+00    81.6001    3.99240    34.9485    34.9641    27.1846    1487.70    1485.28 0.0000e+00
       5333    249.000     8.3236     8.3221   3.657616   3.658942     1.6810    -0.0646      52.30 4.9508e-02 0.0000e+00    81.5889    3.99199    34.9487    34.9643    27.1847    1487.71    1485.29 0.0000e+00
       5354    250.000     8.3235     8.3220   3.657673   3.658998     1.6810    -0.0689      83.99 4.9485e-02 0.0000e+00    81.5820    3.99254    34.9489    34.9645    27.1849    1487.73    1485.30 0.0000e+00
       5375    251.000     8.3235     8.3219   3.657742   3.659063     1.6808    -0.0659      67.25 4.9472e-02 0.0000e+00    81.5561    3.99479    34.9492    34.9648    27.1851    1487.75    1485.31 0.0000e+00
       5396    252.000     8.3233     8.3218   3.657812   3.659145     1.6810    -0.0641      98.48 4.9502e-02 0.0000e+00    81.5660    3.99575    34.9496    34.9653    27.1855    1487.76    1485.32 0.0000e+00
       5417    253.000     8.3234     8.3218   3.657875   3.659203     1.6807    -0.0721      71.23 4.9492e-02 0.0000e+00    81.5828    3.99191    34.9497    34.9655    27.1856    1487.78    1485.33 0.0000e+00
       5439    254.000     8.3234     8.3219   3.657937   3.659261     1.6807    -0.0671      98.45 4.9525e-02 0.0000e+00    81.5815    3.99276    34.9499    34.9655    27.1857    1487.80    1485.34 0.0000e+00
       5460    255.000     8.3235     8.3220   3.658000   3.659325     1.6802    -0.0663      66.52 4.9499e-02 0.0000e+00    81.6020    3.99302    34.9500    34.9656    27.1858    1487.81    1485.35 0.0000e+00
       5481    256.000     8.3235     8.3219   3.658066   3.659393     1.6802    -0.0615      98.83 4.9505e-02 0.0000e+00    81.6260    3.99263    34.9502    34.9659    27.1859    1487.83    1485.36 0.0000e+00
       5502    257.000     8.3236     8.3220   3.658131   3.659456     1.6801    -0.0660      69.69 4.9479e-02 0.0000e+00    81.6402    3.99532    34.9504    34.9660    27.1860    1487.85    1485.37 0.0000e+00
       5523    258.000     8.3235     8.3220   3.658199   3.659532     1.6801    -0.0698      98.24 4.9492e-02 0.0000e+00    81.6412    3.99639    34.9507    34.9664    27.1863    1487.86    1485.38 0.0000e+00
       5543    259.000     8.3235     8.3219   3.658274   3.659612     1.6804    -0.0741      68.43 4.9488e-02 0.0000e+00    81.6271    3.99615    34.9510    34.9668    27.1866    1487.88    1485.39 0.0000e+00
       5564    260.000     8.3233     8.3218   3.658330   3.659663     1.6800    -0.0743      98.78 4.9505e-02 0.0000e+00    81.6526    3.99337    34.9513    34.9670    27.1868    1487.90    1485.40 0.0000e+00
       5584    261.000     8.3234     8.3218   3.658389   3.659730     1.6798    -0.0638      81.17 4.9508e-02 0.0000e+00    81.6590    3.99385    34.9514    34.9672    27.1869    1487.91    1485.41 0.0000e+00
       5605    262.000     8.3234     8.3219   3.658492   3.659816     1.6795    -0.0689      96.86 4.9492e-02 0.0000e+00    81.6716    3.99412    34.9520    34.9676    27.1873    1487.93    1485.42 0.0000e+00
       5626    263.000     8.3234     8.3219   3.658561   3.659890     1.6799    -0.0725      85.57 4.9495e-02 0.0000e+00    81.7330    4.00288    34.9523    34.9679    27.1875    1487.95    1485.43 0.0000e+00
       5646    264.000     8.3232     8.3217   3.658631   3.659959     1.6801    -0.0656      88.21 4.9505e-02 0.0000e+00    81.7293    3.99595    34.9527    34.9683    27.1879    1487.96    1485.44 0.0000e+00
       5667    265.000     8.3232     8.3216   3.658713   3.660042     1.6796    -0.0677      75.10 4.9466e-02 0.0000e+00    81.7212    3.99434    34.9531    34.9689    27.1883    1487.98    1485.45 0.0000e+00
       5688    266.000     8.3232     8.3217   3.658772   3.660108     1.6796    -0.0660      82.08 4.9511e-02 0.0000e+00    81.7535    3.99930    34.9533    34.9690    27.1884    1488.00    1485.46 0.0000e+00
       5708    267.000     8.3233     8.3217   3.658837   3.660173     1.6799    -0.0631      52.18 4.9495e-02 0.0000e+00    81.7508    4.00226    34.9534    34.9692    27.1884    1488.02    1485.47 0.0000e+00
       5729    268.000     8.3232     8.3218   3.658916   3.660242     1.6800    -0.0675      89.16 4.9519e-02 0.0000e+00    81.7836    4.00100    34.9538    34.9693    27.1888    1488.03    1485.48 0.0000e+00
       5750    269.000     8.3233     8.3217   3.658984   3.660321     1.6799    -0.0604      35.53 4.9490e-02 0.0000e+00    81.7935    4.00210    34.9540    34.9698    27.1889    1488.05    1485.48 0.0000e+00
       5771    270.000     8.3233     8.3218   3.659063   3.660386     1.6802    -0.0576      96.27 4.9498e-02 0.0000e+00    81.7970    4.00331    34.9544    34.9699    27.1892    1488.07    1485.49 0.0000e+00
       5793    271.000     8.3233     8.3218   3.659127   3.660462     1.6803    -0.0627      91.28 4.9499e-02 0.0000e+00    81.7869    4.00165    34.9546    34.9703    27.1894    1488.08    1485.50 0.0000e+00
       5814    272.000     8.3234     8.3219   3.659199   3.660528     1.6800    -0.0684      69.78 4.9518e-02 0.0000e+00    81.7892    3.99957    34.9548    34.9704    27.1895    1488.10    1485.51 0.0000e+00
       5835    273.000     8.3235     8.3219   3.659255   3.660584     1.6798    -0.0678      95.43 4.9505e-02 0.0000e+00    81.7523    3.99986    34.9548    34.9705    27.1895    1488.12    1485.52 0.0000e+00
       5856    274.000     8.3235     8.3219   3.659334   3.660661     1.6796    -0.0571      94.91 4.9492e-02 0.0000e+00    81.7674    3.99714    34.9551    34.9708    27.1898    1488.13    1485.53 0.0000e+00
       5878    275.000     8.3235     8.3219   3.659406   3.660732     1.6792    -0.0581      80.37 4.9483e-02 0.0000e+00    81.7571    3.99941    34.9554    34.9711    27.1900    1488.15    1485.54 0.0000e+00
       5899    276.000     8.3236     8.3220   3.659460   3.660792     1.6793    -0.0638      37.29 4.9492e-02 0.0000e+00    81.7135    3.99874    34.9554    34.9712    27.1900    1488.17    1485.55 0.0000e+00
       5920    277.000     8.3236     8.3221   3.659524   3.660860     1.6789    -0.0695      98.85 4.9499e-02 0.0000e+00    81.7351    3.99901    34.9556    34.9713    27.1902    1488.18    1485.56 0.0000e+00
       5941    278.000     8.3236     8.3221   3.659598   3.660929     1.6788    -0.0678      22.56 4.9485e-02 0.0000e+00    81.7373    3.99785    34.9559    34.9716    27.1904    1488.20    1485.57 0.0000e+00
       5962    279.000     8.3236     8.3221   3.659667   3.660998     1.6784    -0.0720      94.34 4.9505e-02 0.0000e+00    81.7637    3.99685    34.9562    34.9718    27.1906    1488.22    1485.58 0.0000e+00
       5984    280.000     8.3236     8.3221   3.659741   3.661073     1.6783    -0.0671      59.10 4.9502e-02 0.0000e+00    81.7317    3.99615    34.9565    34.9722    27.1908    1488.23    1485.59 0.0000e+00
       6005    281.000     8.3236     8.3222   3.659803   3.661136     1.6777    -0.0652      97.93 4.9525e-02 0.0000e+00    81.7292    3.99359    34.9567    34.9723    27.1910    1488.25    1485.60 0.0000e+00
       6026    282.000     8.3236     8.3221   3.659883   3.661218     1.6773    -0.0688      46.03 4.9512e-02 0.0000e+00    81.7060    3.99443    34.9571    34.9728    27.1913    1488.27    1485.61 0.0000e+00
       6047    283.000     8.3235     8.3221   3.659938   3.661278     1.6772    -0.0720      94.44 4.9502e-02 0.0000e+00    81.6740    3.99497    34.9573    34.9729    27.1915    1488.28    1485.62 0.0000e+00
       6069    284.000     8.3236     8.3221   3.660019   3.661350     1.6768    -0.0598      42.34 4.9492e-02 0.0000e+00    81.6787    3.99010    34.9576    34.9732    27.1917    1488.30    1485.63 0.0000e+00
       6090    285.000     8.3236     8.3220   3.660096   3.661428     1.6760    -0.0558      93.96 4.9512e-02 0.0000e+00    81.6220    3.98677    34.9579    34.9737    27.1919    1488.32    1485.64 0.0000e+00
       6112    286.000     8.3235     8.3220   3.660169   3.661497     1.6754 -9.990e-29      98.84 4.9521e-02 0.0000e+00    81.5914    3.98843    34.9583    34.9739    27.1923    1488.34    1485.65 0.0000e+00
       6133    287.000     8.3235     8.3220   3.660231   3.661559     1.6751 -9.990e-29      92.65 4.9496e-02 0.0000e+00    81.5900    3.99079    34.9585    34.9741    27.1924    1488.35    1485.66 0.0000e+00
       6155    288.000     8.3235     8.3221   3.660299   3.661633     1.6751 -9.990e-29      98.81 4.9512e-02 0.0000e+00    81.6019    3.98900    34.9587    34.9743    27.1926    1488.37    1485.66 0.0000e+00
       6177    289.000     8.3235     8.3220   3.660384   3.661707     1.6743 -9.990e-29      75.65 4.9502e-02 0.0000e+00    81.5826    3.98330    34.9592    34.9747    27.1929    1488.39    1485.67 0.0000e+00
       6198    290.000     8.3233     8.3218   3.660483   3.661804     1.6738    -0.0632      88.58 4.9518e-02 0.0000e+00    81.5704    3.98597    34.9599    34.9755    27.1936    1488.40    1485.68 0.0000e+00
       6219    291.000     8.3234     8.3219   3.660532   3.661867     1.6736    -0.0641      94.91 4.9479e-02 0.0000e+00    81.5510    3.98630    34.9599    34.9756    27.1935    1488.42    1485.69 0.0000e+00
       6241    292.000     8.3234     8.3220   3.660596   3.661927     1.6730    -0.0632      98.82 4.9502e-02 0.0000e+00    81.5517    3.98265    34.9601    34.9756    27.1937    1488.44    1485.70 0.0000e+00
       6262    293.000     8.3234     8.3219   3.660668   3.662002     1.6729    -0.0629      69.37 4.9525e-02 0.0000e+00    81.5285    3.98215    34.9604    34.9760    27.1939    1488.45    1485.71 0.0000e+00
       6283    294.000     8.3234     8.3219   3.660740   3.662065     1.6718    -0.0615      34.05 4.9477e-02 0.0000e+00    81.5181    3.97523    34.9607    34.9762    27.1941    1488.47    1485.72 0.0000e+00
       6305    295.000     8.3232     8.3217   3.660841   3.662178     1.6715    -0.0701      80.48 4.9472e-02 0.0000e+00    81.4966    3.98282    34.9614    34.9772    27.1948    1488.49    1485.73 0.0000e+00
       6326    296.000     8.3231     8.3216   3.660933   3.662249     1.6713    -0.0587      31.09 4.9499e-02 0.0000e+00    81.4782    3.98022    34.9621    34.9775    27.1953    1488.50    1485.74 0.0000e+00
       6348    297.000     8.3232     8.3216   3.660999   3.662328     1.6705    -0.0549      94.43 4.9515e-02 0.0000e+00    81.4570    3.97383    34.9622    34.9779    27.1954    1488.52    1485.75 0.0000e+00
       6369    298.000     8.3232     8.3217   3.661066   3.662394     1.6701    -0.0706      90.75 4.9496e-02 0.0000e+00    81.3808    3.97479    34.9624    34.9780    27.1955    1488.54    1485.76 0.0000e+00
       6391    299.000     8.3231     8.3216   3.661131   3.662457     1.6693    -0.0645      90.49 4.9502e-02 0.0000e+00    81.3530    3.97003    34.9627    34.9783    27.1958    1488.55    1485.77 0.0000e+00
       6413    300.000     8.3231     8.3216   3.661198   3.662529     1.6686    -0.0651      84.89 4.9540e-02 0.0000e+00    81.3169    3.96492    34.9630    34.9786    27.1960    1488.57    1485.78 0.0000e+00
       6435    301.000     8.3231     8.3216   3.661268   3.662597     1.6672    -0.0655      86.24 4.9478e-02 0.0000e+00    81.2760    3.96130    34.9632    34.9789    27.1962    1488.59    1485.79 0.0000e+00
       6457    302.000     8.3230     8.3215   3.661340   3.662673     1.6664    -0.0628      80.98 4.9502e-02 0.0000e+00    81.2476    3.96365    34.9636    34.9793    27.1965    1488.60    1485.80 0.0000e+00
       6479    303.000     8.3230     8.3215   3.661416   3.662748     1.6661    -0.0631      98.51 4.9512e-02 0.0000e+00    81.2730    3.96484    34.9640    34.9796    27.1968    1488.62    1485.80 0.0000e+00
       6500    304.000     8.3231     8.3215   3.661483   3.662811     1.6653    -0.0690      73.91 4.9502e-02 0.0000e+00    81.2232    3.96229    34.9641    34.9798    27.1969    1488.64    1485.81 0.0000e+00
       6522    305.000     8.3232     8.3216   3.661536   3.662864     1.6652    -0.0660      98.43 4.9502e-02 0.0000e+00    81.2220    3.96375    34.9641    34.9798    27.1969    1488.65    1485.82 0.0000e+00
