_data/ctd/2022603/sta0186.cnv
* Sea-Bird SBE 9 Data File:
* FileName = C:\Seabird\CTDData\sta0186.hex
* Software Version Seasave V 7.21f
* Temperature SN = 6264
* Conductivity SN = 4928
* Number of Bytes Per Scan = 40
* Number of Voltage Words = 5
* Number of Scans Averaged by the Deck Unit = 1
* NMEA Latitude = 61 12.13 N
* NMEA Longitude = 007 04.98 E
* NMEA UTC (Time) = Feb 14 2022 10:57:45
* NMEA baud rate = 4800
** Ship: R/V "Kristine Bonnevie"
** Station: 0186
** Echodepth: 260
** Log: 0723.665
** Wind-Dir/Force: 08 01
** Air-temp (dry): 3.2
** Weather Sky:
** Sea:
# nquan = 19                                
# nvalues = 254                         
# units = specified
# name 0 = scan: Scan Count
# name 1 = prDM: Pressure, Digiquartz [db]
# name 2 = t068C: Temperature [ITS-68, deg C]
# name 3 = t168C: Temperature, 2 [ITS-68, deg C]
# name 4 = c0S/m: Conductivity [S/m]
# name 5 = c1S/m: Conductivity, 2 [S/m]
# name 6 = sbeox0V: Oxygen raw, SBE 43 [V]
# name 7 = flECO-AFL: Fluorescence, WET Labs ECO-AFL/FL [mg/m^3]
# name 8 = altM: Altimeter [m]
# name 9 = par: PAR/Irradiance, Biospherical/Licor
# name 10 = spar: SPAR/Surface Irradiance
# name 11 = CStarTr0: Beam Transmission, WET Labs C-Star [%]
# name 12 = sbeox0ML/L: Oxygen, SBE 43 [ml/l], WS = 2
# name 13 = sal00: Salinity, Practical [PSU]
# name 14 = sal11: Salinity, Practical, 2 [PSU]
# name 15 = sigma-t00: Density [sigma-t, Kg/m^3 ]
# name 16 = svCM: Sound Velocity [Chen-Millero, m/s]
# name 17 = avgsvCM: Average Sound Velocity [Chen-Millero, m/s], minP = 1, minS = 5
# name 18 = flag: flag
# span 0 =        106,       5706       
# span 1 =      1.000,    254.000       
# span 2 =     3.6556,    10.1592       
# span 3 =     4.0541,    10.1560       
# span 4 =   2.237090,   3.652716       
# span 5 =   2.410796,   3.654378       
# span 6 =     1.3493,     2.4939       
# span 7 =    -0.0558,     0.8324       
# span 8 =       6.57,      99.15       
# span 9 = 4.9458e-02, 8.9205e+01       
# span 10 = 1.6989e+02, 1.9187e+02      
# span 11 =    76.0351,    81.1948      
# span 12 =    2.86537,    7.74105      
# span 13 =    23.4048,    34.1571      
# span 14 =    25.0946,    34.1732      
# span 15 =    18.6006,    26.5521      
# span 16 =    1450.26,    1488.88      
# span 17 =    1450.26,    1484.31      
# span 18 = 0.0000e+00, 0.0000e+00      
# interval = decibars: 1                
# start_time = Feb 14 2022 10:57:47 [System UTC, header]
# bad_flag = -9.990e-29
*END*
[from data line 153]
       3528    154.000     8.3992     8.3974   3.583064   3.584448     1.4644    -0.0236      63.61 4.9485e-02 1.7329e+02    80.5291    3.22175    34.1279    34.1443    26.5291    1485.42    1483.05 0.0000e+00
       3550    155.000     8.3991     8.3974   3.583165   3.584546     1.4629    -0.0460      68.23 4.9521e-02 1.7253e+02    80.4031    3.21173    34.1286    34.1449    26.5297    1485.44    1483.06 0.0000e+00
       3571    156.000     8.3988     8.3971   3.583254   3.584640     1.4613    -0.0500      68.82 4.9492e-02 1.7255e+02    80.3176    3.20675    34.1293    34.1457    26.5303    1485.45    1483.08 0.0000e+00
       3592    157.000     8.3983     8.3965   3.583321   3.584705     1.4595    -0.0510      66.59 4.9505e-02 1.7189e+02    80.3001    3.19906    34.1301    34.1465    26.5310    1485.47    1483.09 0.0000e+00
       3614    158.000     8.3989     8.3970   3.583540   3.584916     1.4576 -9.990e-29      61.91 4.9483e-02 1.7189e+02    80.2144    3.19440    34.1313    34.1477    26.5319    1485.49    1483.11 0.0000e+00
       3635    159.000     8.3998     8.3980   3.583737   3.585121     1.4561 -9.990e-29      70.38 4.9485e-02 1.7189e+02    80.1349    3.19105    34.1321    34.1485    26.5323    1485.51    1483.12 0.0000e+00
       3656    160.000     8.3998     8.3981   3.583871   3.585246     1.4544 -9.990e-29      62.06 4.9492e-02 1.7189e+02    80.1736    3.18677    34.1330    34.1492    26.5331    1485.53    1483.14 0.0000e+00
       3678    161.000     8.3996     8.3978   3.583969   3.585346     1.4531 -9.990e-29      74.13 4.9521e-02 1.7189e+02    80.3114    3.19187    34.1338    34.1501    26.5337    1485.54    1483.15 0.0000e+00
       3699    162.000     8.3995     8.3977   3.584045   3.585419     1.4527 -9.990e-29      63.17 4.9492e-02 1.7189e+02    80.4294    3.19946    34.1342    34.1505    26.5340    1485.56    1483.17 0.0000e+00
       3720    163.000     8.3993     8.3975   3.584125   3.585509     1.4530 -9.990e-29      76.99 4.9515e-02 1.7189e+02    80.4662    3.20440    34.1348    34.1512    26.5345    1485.58    1483.18 0.0000e+00
       3742    164.000     8.3991     8.3973   3.584187   3.585562     1.4532 -9.990e-29      64.96 4.9512e-02 1.7189e+02    80.5546    3.20508    34.1352    34.1515    26.5348    1485.59    1483.20 0.0000e+00
       3763    165.000     8.3983     8.3965   3.584233   3.585618     1.4532 -9.990e-29      63.40 4.9502e-02 1.7189e+02    80.5779    3.20556    34.1360    34.1524    26.5356    1485.61    1483.21 0.0000e+00
       3785    166.000     8.3983     8.3964   3.584334   3.585713     1.4536 -9.990e-29      28.32 4.9472e-02 1.7189e+02    80.5438    3.20390    34.1366    34.1530    26.5361    1485.62    1483.23 0.0000e+00
       3806    167.000     8.3983     8.3965   3.584416   3.585796     1.4531    -0.0500      67.08 4.9532e-02 1.7189e+02    80.4283    3.19237    34.1370    34.1533    26.5364    1485.64    1483.24 0.0000e+00
       3828    168.000     8.3979     8.3961   3.584490   3.585876     1.4517    -0.0490      24.82 4.9508e-02 1.7189e+02    80.4248    3.18295    34.1377    34.1541    26.5370    1485.66    1483.26 0.0000e+00
       3849    169.000     8.3979     8.3960   3.584583   3.585967     1.4503    -0.0364      65.91 4.9490e-02 1.7189e+02    80.4289    3.17570    34.1382    34.1547    26.5374    1485.67    1483.27 0.0000e+00
       3871    170.000     8.3980     8.3962   3.584682   3.586062     1.4485    -0.0226      35.47 4.9492e-02 1.7189e+02    80.4111    3.17097    34.1386    34.1550    26.5378    1485.69    1483.28 0.0000e+00
       3892    171.000     8.3980     8.3962   3.584757   3.586137     1.4472    -0.0433      67.07 4.9496e-02 1.7189e+02    80.3846    3.16772    34.1390    34.1553    26.5380    1485.71    1483.30 0.0000e+00
       3914    172.000     8.3977     8.3959   3.584876   3.586254     1.4455    -0.0456      34.69 4.9505e-02 1.7189e+02    80.4006    3.16250    34.1401    34.1564    26.5389    1485.72    1483.31 0.0000e+00
       3936    173.000     8.3978     8.3959   3.585018   3.586398     1.4442    -0.0439      68.53 4.9496e-02 1.7189e+02    80.3772    3.16120    34.1410    34.1575    26.5396    1485.74    1483.33 0.0000e+00
       3957    174.000     8.3980     8.3961   3.585110   3.586492     1.4430    -0.0470      43.35 4.9496e-02 1.7189e+02    80.3619    3.15685    34.1413    34.1578    26.5398    1485.76    1483.34 0.0000e+00
       3979    175.000     8.3981     8.3962   3.585178   3.586562     1.4415    -0.0443      98.50 4.9518e-02 1.7189e+02    80.3230    3.14694    34.1415    34.1580    26.5399    1485.78    1483.35 0.0000e+00
       4000    176.000     8.3980     8.3962   3.585244   3.586638     1.4396    -0.0429      65.05 4.9477e-02 1.7189e+02    80.3190    3.14036    34.1418    34.1583    26.5402    1485.79    1483.37 0.0000e+00
       4022    177.000     8.3975     8.3957   3.585273   3.586652     1.4378    -0.0504      64.30 4.9485e-02 1.7189e+02    80.2881    3.13564    34.1421    34.1585    26.5405    1485.81    1483.38 0.0000e+00
       4043    178.000     8.3969     8.3953   3.585298   3.586686     1.4361    -0.0224      67.84 4.9502e-02 1.7189e+02    80.2559    3.12996    34.1425    34.1587    26.5409    1485.82    1483.40 0.0000e+00
       4065    179.000     8.3968     8.3950   3.585351   3.586721     1.4343    -0.0358      65.31 4.9505e-02 1.7189e+02    80.1726    3.12396    34.1427    34.1589    26.5411    1485.84    1483.41 0.0000e+00
       4087    180.000     8.3967     8.3950   3.585409   3.586787     1.4323    -0.0516      70.78 4.9496e-02 1.7189e+02    80.0977    3.11771    34.1429    34.1592    26.5413    1485.86    1483.42 0.0000e+00
       4108    181.000     8.3967     8.3949   3.585461   3.586841     1.4308    -0.0485      67.86 4.9515e-02 1.7189e+02    80.0520    3.11733    34.1430    34.1594    26.5414    1485.87    1483.44 0.0000e+00
       4130    182.000     8.3967     8.3949   3.585529   3.586907     1.4294    -0.0490      71.25 4.9505e-02 1.7189e+02    80.0162    3.11747    34.1432    34.1596    26.5416    1485.89    1483.45 0.0000e+00
       4152    183.000     8.3967     8.3949   3.585581   3.586967     1.4287    -0.0517      67.88 4.9509e-02 1.7189e+02    79.9566    3.11683    34.1433    34.1597    26.5416    1485.90    1483.46 0.0000e+00
       4173    184.000     8.3966     8.3949   3.585664   3.587035     1.4275    -0.0471      74.39 4.9485e-02 1.7189e+02    79.8182    3.11173    34.1438    34.1600    26.5420    1485.92    1483.48 0.0000e+00
       4195    185.000     8.3967     8.3949   3.585721   3.587109     1.4264    -0.0484      69.25 4.9509e-02 1.7189e+02    79.7456    3.10777    34.1439    34.1603    26.5420    1485.94    1483.49 0.0000e+00
       4217    186.000     8.3966     8.3949   3.585792   3.587165     1.4253    -0.0329      75.12 4.9508e-02 1.7189e+02    79.7075    3.10358    34.1442    34.1604    26.5424    1485.96    1483.50 0.0000e+00
       4238    187.000     8.3966     8.3949   3.585856   3.587232     1.4238    -0.0250      73.67 4.9490e-02 1.7189e+02    79.6801    3.09805    34.1444    34.1607    26.5425    1485.97    1483.52 0.0000e+00
       4260    188.000     8.3966     8.3949   3.585922   3.587306     1.4228    -0.0468      75.73 4.9505e-02 1.7189e+02    79.6688    3.09627    34.1447    34.1610    26.5427    1485.99    1483.53 0.0000e+00
       4281    189.000     8.3966     8.3948   3.585985   3.587368     1.4215    -0.0439      74.00 4.9515e-02 1.7189e+02    79.6605    3.09278    34.1449    34.1613    26.5429    1486.01    1483.54 0.0000e+00
       4303    190.000     8.3965     8.3948   3.586079   3.587455     1.4204    -0.0161      76.22 4.9518e-02 1.7189e+02    79.5701    3.09148    34.1455    34.1617    26.5434    1486.02    1483.56 0.0000e+00
       4325    191.000     8.3964     8.3946   3.586156   3.587531     1.4195    -0.0253      73.28 4.9515e-02 1.7189e+02    79.4727    3.08308    34.1459    34.1623    26.5437    1486.04    1483.57 0.0000e+00
       4346    192.000     8.3965     8.3946   3.586224   3.587609     1.4175    -0.0432      74.63 4.9521e-02 1.7189e+02    79.3617    3.07473    34.1461    34.1626    26.5438    1486.06    1483.58 0.0000e+00
       4368    193.000     8.3965     8.3946   3.586310   3.587681     1.4162    -0.0428      74.14 4.9505e-02 1.7189e+02    79.3651    3.07239    34.1465    34.1629    26.5442    1486.07    1483.59 0.0000e+00
       4390    194.000     8.3964     8.3946   3.586380   3.587763     1.4144    -0.0461      73.71 4.9502e-02 1.7189e+02    79.4349    3.06712    34.1469    34.1633    26.5445    1486.09    1483.61 0.0000e+00
       4411    195.000     8.3964     8.3946   3.586445   3.587828     1.4133    -0.0529      73.38 4.9490e-02 1.7189e+02    79.6312    3.07244    34.1471    34.1635    26.5446    1486.11    1483.62 0.0000e+00
       4433    196.000     8.3965     8.3947   3.586514   3.587904     1.4130    -0.0490      73.23 4.9518e-02 1.7189e+02    79.7023    3.07862    34.1473    34.1638    26.5448    1486.12    1483.63 0.0000e+00
       4454    197.000     8.3966     8.3948   3.586587   3.587969     1.4129    -0.0283      43.26 4.9509e-02 1.7189e+02    79.7631    3.08005    34.1475    34.1639    26.5449    1486.14    1483.65 0.0000e+00
       4476    198.000     8.3966     8.3948   3.586651   3.588021     1.4128    -0.0131      99.02 4.9525e-02 1.7189e+02    79.7787    3.08090    34.1477    34.1640    26.5451    1486.16    1483.66 0.0000e+00
       4498    199.000     8.3968     8.3950   3.586733   3.588099     1.4128    -0.0185      53.69 4.9470e-02 1.7189e+02    79.7648    3.07566    34.1479    34.1641    26.5452    1486.17    1483.67 0.0000e+00
       4519    200.000     8.3970     8.3954   3.586810   3.588188     1.4118    -0.0169      98.74 4.9515e-02 1.7129e+02    79.7628    3.06841    34.1481    34.1642    26.5453    1486.19    1483.68 0.0000e+00
       4541    201.000     8.3972     8.3954   3.586884   3.588263     1.4112    -0.0433      53.31 4.9496e-02 1.7134e+02    79.7803    3.06975    34.1482    34.1645    26.5454    1486.21    1483.70 0.0000e+00
       4563    202.000     8.3972     8.3955   3.586939   3.588328     1.4105    -0.0460      98.00 4.9527e-02 1.7165e+02    79.7723    3.06151    34.1483    34.1647    26.5454    1486.23    1483.71 0.0000e+00
       4585    203.000     8.3973     8.3956   3.587012   3.588380     1.4092    -0.0407      52.11 4.9496e-02 1.7084e+02    79.7620    3.05402    34.1485    34.1646    26.5456    1486.24    1483.72 0.0000e+00
       4607    204.000     8.3973     8.3956   3.587077   3.588452     1.4078    -0.0485      81.62 4.9499e-02 1.7094e+02    79.7783    3.05065    34.1487    34.1649    26.5458    1486.26    1483.73 0.0000e+00
       4629    205.000     8.3973     8.3956   3.587133   3.588525     1.4063    -0.0432      53.66 4.9509e-02 1.7088e+02    79.7697    3.04620    34.1488    34.1652    26.5459    1486.28    1483.75 0.0000e+00
       4651    206.000     8.3974     8.3957   3.587204   3.588583     1.4052    -0.0196      82.39 4.9483e-02 1.7053e+02    79.7791    3.04287    34.1490    34.1653    26.5460    1486.29    1483.76 0.0000e+00
       4673    207.000     8.3974     8.3958   3.587271   3.588649     1.4037    -0.0473      53.54 4.9496e-02 1.7044e+02    79.7434    3.03730    34.1493    34.1654    26.5462    1486.31    1483.77 0.0000e+00
       4695    208.000     8.3975     8.3958   3.587339   3.588711     1.4025    -0.0516      85.98 4.9509e-02 1.7034e+02    79.7099    3.03277    34.1494    34.1656    26.5463    1486.33    1483.78 0.0000e+00
       4716    209.000     8.3975     8.3958   3.587404   3.588778     1.4009    -0.0315      56.75 4.9505e-02 1.6989e+02    79.7303    3.02916    34.1496    34.1658    26.5465    1486.34    1483.79 0.0000e+00
       4738    210.000     8.3974     8.3957   3.587475   3.588855     1.3998    -0.0279      86.51 4.9502e-02 1.6989e+02    79.7135    3.02690    34.1500    34.1663    26.5468    1486.36    1483.81 0.0000e+00
       4759    211.000     8.3973     8.3956   3.587536   3.588915     1.3985    -0.0406      56.78 4.9502e-02 1.6989e+02    79.7306    3.02458    34.1503    34.1666    26.5470    1486.38    1483.82 0.0000e+00
       4781    212.000     8.3973     8.3955   3.587601   3.588978     1.3975    -0.0193      88.22 4.9479e-02 1.6989e+02    79.7048    3.02320    34.1505    34.1669    26.5472    1486.39    1483.83 0.0000e+00
       4803    213.000     8.3974     8.3957   3.587651   3.589032     1.3965    -0.0096      68.34 4.9509e-02 1.6989e+02    79.7180    3.02093    34.1505    34.1668    26.5471    1486.41    1483.84 0.0000e+00
       4824    214.000     8.3976     8.3958   3.587735   3.589116     1.3956    -0.0185      90.21 4.9499e-02 1.6989e+02    79.6734    3.01558    34.1507    34.1671    26.5473    1486.43    1483.86 0.0000e+00
       4846    215.000     8.3975     8.3958   3.587787   3.589158     1.3943    -0.0180      69.83 4.9521e-02 1.6989e+02    79.6738    3.01356    34.1509    34.1671    26.5474    1486.44    1483.87 0.0000e+00
       4867    216.000     8.3975     8.3958   3.587849   3.589217     1.3936    -0.0172      90.33 4.9509e-02 1.6989e+02    79.6242    3.01256    34.1511    34.1672    26.5476    1486.46    1483.88 0.0000e+00
       4889    217.000     8.3976     8.3959   3.587908   3.589291     1.3925    -0.0202      69.06 4.9490e-02 1.6989e+02    79.6175    3.00467    34.1511    34.1674    26.5476    1486.48    1483.89 0.0000e+00
       4911    218.000     8.3977     8.3959   3.587975   3.589349     1.3912    -0.0484      92.08 4.9499e-02 1.6989e+02    79.6073    3.00265    34.1513    34.1676    26.5477    1486.49    1483.90 0.0000e+00
       4933    219.000     8.3976     8.3959   3.588034   3.589416     1.3899    -0.0164      69.53 4.9521e-02 1.6989e+02    79.6032    2.99713    34.1515    34.1678    26.5479    1486.51    1483.92 0.0000e+00
       4954    220.000     8.3976     8.3959   3.588105   3.589483     1.3890    -0.0344      91.65 4.9484e-02 1.6989e+02    79.5949    2.99865    34.1518    34.1681    26.5481    1486.53    1483.93 0.0000e+00
       4976    221.000     8.3977     8.3960   3.588157   3.589535     1.3882    -0.0406      69.32 4.9518e-02 1.6989e+02    79.5906    2.99576    34.1518    34.1680    26.5481    1486.54    1483.94 0.0000e+00
       4997    222.000     8.3979     8.3960   3.588220   3.589594     1.3871    -0.0438      63.12 4.9532e-02 1.6989e+02    79.5384    2.99338    34.1518    34.1682    26.5481    1486.56    1483.95 0.0000e+00
       5019    223.000     8.3978     8.3961   3.588277   3.589652     1.3864    -0.0210      35.07 4.9483e-02 1.6989e+02    79.5292    2.98894    34.1520    34.1682    26.5483    1486.58    1483.96 0.0000e+00
       5040    224.000     8.3977     8.3960   3.588353   3.589727     1.3852    -0.0164      71.45 4.9485e-02 1.6989e+02    79.5626    2.98628    34.1525    34.1687    26.5486    1486.59    1483.97 0.0000e+00
       5061    225.000     8.3978     8.3961   3.588415   3.589790     1.3844    -0.0111      37.60 4.9483e-02 1.6989e+02    79.5169    2.98401    34.1526    34.1688    26.5487    1486.61    1483.99 0.0000e+00
       5083    226.000     8.3979     8.3962   3.588469   3.589849     1.3832    -0.0086      68.84 4.9511e-02 1.6989e+02    79.5392    2.98110    34.1526    34.1688    26.5487    1486.63    1484.00 0.0000e+00
       5104    227.000     8.3979     8.3962   3.588530   3.589910     1.3826    -0.0161      35.64 4.9532e-02 1.6989e+02    79.5068    2.97994    34.1527    34.1690    26.5488    1486.64    1484.01 0.0000e+00
       5126    228.000     8.3980     8.3962   3.588612   3.589988     1.3815    -0.0170      29.80 4.9508e-02 1.6989e+02    79.5104    2.97361    34.1530    34.1694    26.5490    1486.66    1484.02 0.0000e+00
