_data/ctd/2022603/sta0149.cnv
* Sea-Bird SBE 9 Data File:
* FileName = C:\Seabird\CTDData\sta0149.hex
* Software Version Seasave V 7.21f
* Temperature SN = 6264
* Conductivity SN = 4928
* Number of Bytes Per Scan = 40
* Number of Voltage Words = 5
* Number of Scans Averaged by the Deck Unit = 1
* NMEA Latitude = 60 33.97 N
* NMEA Longitude = 006 59.62 E
* NMEA UTC (Time) = Feb 09 2022 21:31:17
* NMEA baud rate = 4800
** Ship: R/V "Kristine Bonnevie"
** Station: 0149
** Echodepth: 151
** Log: 0078.345
** Wind-Dir/Force: 19 24
** Air-temp (dry): 3.8
** Weather Sky:
** Sea:
# nquan = 19                                
# nvalues = 143                         
# units = specified
# name 0 = scan: Scan Count
# name 1 = prDM: Pressure, Digiquartz [db]
# name 2 = t068C: Temperature [ITS-68, deg C]
# name 3 = t168C: Temperature, 2 [ITS-68, deg C]
# name 4 = c0S/m: Conductivity [S/m]
# name 5 = c1S/m: Conductivity, 2 [S/m]
# name 6 = sbeox0V: Oxygen raw, SBE 43 [V]
# name 7 = flECO-AFL: Fluorescence, WET Labs ECO-AFL/FL [mg/m^3]
# name 8 = altM: Altimeter [m]
# name 9 = par: PAR/Irradiance, Biospherical/Licor
# name 10 = spar: SPAR/Surface Irradiance
# name 11 = CStarTr0: Beam Transmission, WET Labs C-Star [%]
# name 12 = sbeox0ML/L: Oxygen, SBE 43 [ml/l], WS = 2
# name 13 = sal00: Salinity, Practical [PSU]
# name 14 = sal11: Salinity, Practical, 2 [PSU]
# name 15 = sigma-t00: Density [sigma-t, Kg/m^3 ]
# name 16 = svCM: Sound Velocity [Chen-Millero, m/s]
# name 17 = avgsvCM: Average Sound Velocity [Chen-Millero, m/s], minP = 1, minS = 5
# name 18 = flag: flag
# span 0 =         -7,       3439       
# span 1 =      3.000,    145.000       
# span 2 =     3.1837,    10.2050       
# span 3 =     3.1228,    10.2040       
# span 4 =   2.226435,   3.672183       
# span 5 =   2.220690,   3.673830       
# span 6 =     1.5466,     2.4950       
# span 7 =    -0.0616,     0.9386       
# span 8 =       5.90,      99.01       
# span 9 = 4.9474e-02, 6.2780e-01       
# span 10 = 0.0000e+00, 0.0000e+00      
# span 11 =    70.2409,    81.2847      
# span 12 =    3.49654,    7.89598      
# span 13 =    23.6232,    34.8172      
# span 14 =    23.6010,    34.8311      
# span 15 =    18.8049,    27.1314      
# span 16 =    1448.52,    1489.09      
# span 17 =    1448.52,    1480.74      
# span 18 = 0.0000e+00, 0.0000e+00      
# interval = decibars: 1                
# start_time = Feb 09 2022 21:31:19 [System UTC, header]
# bad_flag = -9.990e-29
*END*
[from data line 77]
       1661     80.000     8.3581     8.3569   3.623414   3.624745     1.5867    -0.0558      96.55 4.9527e-02 0.0000e+00    70.2409    3.56027    34.6316    34.6470    26.9306    1484.67    1477.62 0.0000e+00
       1684     81.000     8.3525     8.3513   3.623304   3.624623     1.5832    -0.0558      25.22 4.9527e-02 0.0000e+00    70.2567    3.55955    34.6355    34.6507    26.9345    1484.67    1477.70 0.0000e+00
       1706     82.000     8.3446     8.3435   3.623082   3.624411     1.5812    -0.0558      39.27 4.9511e-02 0.0000e+00    70.2590    3.56456    34.6404    34.6557    26.9396    1484.66    1477.79 0.0000e+00
       1729     83.000     8.3376     8.3368   3.622830   3.624151     1.5794    -0.0558      40.43 4.9488e-02 0.0000e+00    70.2871    3.56583    34.6442    34.6590    26.9436    1484.66    1477.87 0.0000e+00
       1751     84.000     8.3279     8.3266   3.622482   3.623780     1.5785    -0.0558      85.65 4.9496e-02 0.0000e+00    70.2938    3.57412    34.6495    34.6646    26.9493    1484.65    1477.95 0.0000e+00
       1773     85.000     8.3228     8.3215   3.622300   3.623608     1.5784    -0.0558      46.17 4.9508e-02 0.0000e+00    70.3299    3.57626    34.6521    34.6673    26.9521    1484.65    1478.03 0.0000e+00
       1796     86.000     8.3157     8.3148   3.622062   3.623390     1.5778    -0.0558      92.97 4.9542e-02 0.0000e+00    70.3319    3.56691    34.6561    34.6711    26.9563    1484.64    1478.11 0.0000e+00
       1819     87.000     8.3135     8.3123   3.622050   3.623362     1.5765    -0.0558      66.94 4.9483e-02 0.0000e+00    70.3541    3.55921    34.6577    34.6728    26.9579    1484.65    1478.18 0.0000e+00
       1841     88.000     8.3082     8.3072   3.621970   3.623284     1.5748    -0.0558      90.62 4.9523e-02 0.0000e+00    70.3635    3.54753    34.6616    34.6765    26.9617    1484.65    1478.25 0.0000e+00
       1864     89.000     8.2998     8.2985   3.621761   3.623059     1.5726    -0.0558      75.00 4.9515e-02 0.0000e+00    70.3897    3.54298    34.6671    34.6822    26.9674    1484.64    1478.33 0.0000e+00
       1886     90.000     8.2951     8.2941   3.621523   3.622839     1.5711    -0.0558      87.10 4.9524e-02 0.0000e+00    70.4421    3.54854    34.6688    34.6838    26.9694    1484.65    1478.40 0.0000e+00
       1909     91.000     8.2849     8.2841   3.621331   3.622651     1.5707    -0.0558      68.15 4.9508e-02 0.0000e+00    70.4875    3.56309    34.6763    34.6911    26.9769    1484.63    1478.46 0.0000e+00
       1932     92.000     8.2687     8.2682   3.620373   3.621691     1.5715    -0.0558      83.15 4.9509e-02 0.0000e+00    70.5374    3.56974    34.6816    34.6961    26.9835    1484.60    1478.53 0.0000e+00
       1954     93.000     8.2641     8.2627   3.620242   3.621558     1.5718    -0.0558      77.00 4.9527e-02 0.0000e+00    70.5986    3.57172    34.6842    34.6997    26.9863    1484.60    1478.59 0.0000e+00
       1977     94.000     8.2603     8.2590   3.620107   3.621407     1.5725    -0.0558      73.54 4.9512e-02 0.0000e+00    70.6488    3.56919    34.6861    34.7012    26.9883    1484.60    1478.66 0.0000e+00
       2000     95.000     8.2577     8.2563   3.620047   3.621363     1.5719    -0.0558      80.18 4.9523e-02 0.0000e+00    70.6787    3.55585    34.6875    34.7029    26.9898    1484.61    1478.72 0.0000e+00
       2022     96.000     8.2565     8.2552   3.620176   3.621485     1.5705    -0.0558      83.78 4.9509e-02 0.0000e+00    70.7067    3.54503    34.6896    34.7048    26.9916    1484.63    1478.78 0.0000e+00
       2044     97.000     8.2545     8.2532   3.620124   3.621432     1.5688    -0.0558      68.45 4.9546e-02 0.0000e+00    70.7815    3.54374    34.6905    34.7058    26.9927    1484.64    1478.84 0.0000e+00
       2066     98.000     8.2489     8.2476   3.619896   3.621187     1.5679    -0.0558      53.46 4.9491e-02 0.0000e+00    70.8481    3.54559    34.6931    34.7082    26.9956    1484.63    1478.90 0.0000e+00
       2088     99.000     8.2415     8.2408   3.619665   3.621008     1.5670    -0.0558      52.70 4.9479e-02 0.0000e+00    70.9136    3.54703    34.6975    34.7125    27.0001    1484.63    1478.96 0.0000e+00
       2109    100.000     8.2302     8.2301   3.619163   3.620503     1.5666    -0.0558      51.68 4.9508e-02 0.0000e+00    70.9645    3.54909    34.7028    34.7172    27.0060    1484.61    1479.01 0.0000e+00
       2132    101.000     8.2235     8.2224   3.618854   3.620164     1.5661    -0.0558      50.99 4.9527e-02 0.0000e+00    71.0260    3.55133    34.7057    34.7207    27.0093    1484.60    1479.07 0.0000e+00
       2154    102.000     8.2204     8.2190   3.618757   3.620031     1.5662    -0.0558      50.07 4.9489e-02 0.0000e+00    71.0827    3.55168    34.7072    34.7222    27.0110    1484.61    1479.12 0.0000e+00
       2175    103.000     8.2158     8.2146   3.618556   3.619854     1.5656    -0.0558      48.91 4.9502e-02 0.0000e+00    71.1555    3.54581    34.7091    34.7242    27.0132    1484.61    1479.18 0.0000e+00
       2198    104.000     8.2138     8.2124   3.618524   3.619823     1.5650    -0.0558      48.10 4.9509e-02 0.0000e+00    71.2265    3.54151    34.7103    34.7255    27.0144    1484.62    1479.23 0.0000e+00
       2220    105.000     8.2066     8.2056   3.618183   3.619462     1.5638    -0.0558      47.13 4.9518e-02 0.0000e+00    71.2888    3.53280    34.7133    34.7279    27.0178    1484.62    1479.28 0.0000e+00
       2242    106.000     8.1923     8.1914   3.617520   3.618814     1.5621    -0.0558      67.32 4.9533e-02 0.0000e+00    71.3523    3.52582    34.7199    34.7346    27.0251    1484.59    1479.33 0.0000e+00
       2264    107.000     8.1900     8.1887   3.617466   3.618756     1.5606    -0.0558      37.84 4.9503e-02 0.0000e+00    71.4455    3.52257    34.7211    34.7361    27.0264    1484.60    1479.38 0.0000e+00
       2287    108.000     8.1862     8.1838   3.617293   3.618511     1.5591    -0.0558      43.68 4.9509e-02 0.0000e+00    71.4938    3.51841    34.7225    34.7379    27.0281    1484.60    1479.43 0.0000e+00
       2308    109.000     8.1791     8.1778   3.616980   3.618278     1.5576    -0.0489      42.82 4.9502e-02 0.0000e+00    71.6110    3.51319    34.7257    34.7409    27.0317    1484.59    1479.47 0.0000e+00
       2330    110.000     8.1770     8.1760   3.616942   3.618254     1.5558    -0.0262      41.71 4.9515e-02 0.0000e+00    71.7098    3.50557    34.7269    34.7419    27.0330    1484.60    1479.52 0.0000e+00
       2352    111.000     8.1754     8.1740   3.616939   3.618237     1.5542    -0.0554      40.75 4.9505e-02 0.0000e+00    71.8082    3.50216    34.7280    34.7432    27.0341    1484.61    1479.57 0.0000e+00
       2374    112.000     8.1717     8.1704   3.616871   3.618161     1.5524    -0.0558      39.51 4.9496e-02 0.0000e+00    71.8974    3.49658    34.7304    34.7455    27.0365    1484.62    1479.61 0.0000e+00
       2395    113.000     8.1670     8.1658   3.616830   3.618136     1.5508    -0.0558      38.59 4.9519e-02 0.0000e+00    72.0072    3.49654    34.7341    34.7493    27.0402    1484.62    1479.66 0.0000e+00
       2417    114.000     8.1635     8.1625   3.616750   3.618054     1.5499    -0.0558      37.69 4.9515e-02 0.0000e+00    72.1244    3.49749    34.7363    34.7512    27.0424    1484.63    1479.70 0.0000e+00
       2438    115.000     8.1572     8.1563   3.616426   3.617733     1.5487    -0.0558      36.87 4.9518e-02 0.0000e+00    72.2387    3.50135    34.7386    34.7534    27.0451    1484.63    1479.74 0.0000e+00
       2460    116.000     8.1485     8.1476   3.615993   3.617287     1.5490    -0.0558      35.79 4.9547e-02 0.0000e+00    72.3770    3.51301    34.7421    34.7568    27.0492    1484.61    1479.78 0.0000e+00
       2482    117.000     8.1434     8.1433   3.615808   3.617175     1.5493    -0.0558      34.88 4.9502e-02 0.0000e+00    72.5275    3.51506    34.7446    34.7594    27.0520    1484.61    1479.83 0.0000e+00
       2503    118.000     8.1326     8.1323   3.615312   3.616623     1.5498    -0.0558      33.77 4.9496e-02 0.0000e+00    72.6454    3.51319    34.7496    34.7639    27.0575    1484.60    1479.87 0.0000e+00
       2525    119.000     8.1269     8.1258   3.615114   3.616417     1.5493    -0.0558      32.89 4.9505e-02 0.0000e+00    72.7578    3.50760    34.7526    34.7676    27.0608    1484.59    1479.90 0.0000e+00
       2547    120.000     8.1249     8.1236   3.615071   3.616368     1.5489    -0.0558      31.77 4.9502e-02 0.0000e+00    72.8603    3.50640    34.7536    34.7688    27.0619    1484.60    1479.94 0.0000e+00
       2568    121.000     8.1236     8.1222   3.615067   3.616352     1.5482    -0.0558      30.86 4.9515e-02 0.0000e+00    72.9950    3.50422    34.7544    34.7695    27.0627    1484.62    1479.98 0.0000e+00
       2590    122.000     8.1215     8.1202   3.615014   3.616303     1.5481    -0.0558      29.76 4.9499e-02 0.0000e+00    73.1197    3.50831    34.7554    34.7705    27.0638    1484.63    1480.02 0.0000e+00
       2612    123.000     8.1161     8.1159   3.614793   3.616125     1.5478    -0.0558      28.75 4.9515e-02 0.0000e+00    73.2354    3.51108    34.7579    34.7724    27.0666    1484.63    1480.06 0.0000e+00
       2634    124.000     8.1089     8.1079   3.614512   3.615805     1.5481    -0.0558      27.74 4.9534e-02 0.0000e+00    73.3636    3.51002    34.7616    34.7764    27.0705    1484.62    1480.09 0.0000e+00
       2655    125.000     8.1084     8.1069   3.614547   3.615828     1.5475    -0.0558      26.74 4.9525e-02 0.0000e+00    73.4825    3.50461    34.7620    34.7772    27.0709    1484.64    1480.13 0.0000e+00
       2677    126.000     8.1086     8.1071   3.614600   3.615885     1.5470    -0.0558      25.73 4.9527e-02 0.0000e+00    73.5722    3.50531    34.7619    34.7771    27.0708    1484.65    1480.17 0.0000e+00
       2699    127.000     8.1036     8.1027   3.614409   3.615703     1.5467    -0.0558      24.74 4.9527e-02 0.0000e+00    73.7169    3.50653    34.7643    34.7790    27.0734    1484.65    1480.20 0.0000e+00
       2720    128.000     8.0954     8.0944   3.614070   3.615371     1.5468    -0.0558      23.74 4.9503e-02 0.0000e+00    73.8425    3.51159    34.7683    34.7832    27.0778    1484.64    1480.24 0.0000e+00
       2742    129.000     8.0893     8.0884   3.613823   3.615114     1.5467    -0.0558      22.74 4.9525e-02 0.0000e+00    73.9602    3.51083    34.7712    34.7859    27.0810    1484.64    1480.27 0.0000e+00
       2764    130.000     8.0825     8.0815   3.613531   3.614823     1.5467    -0.0558      21.77 4.9527e-02 0.0000e+00    74.0671    3.51282    34.7744    34.7892    27.0845    1484.64    1480.30 0.0000e+00
       2785    131.000     8.0607     8.0606   3.612529   3.613809     1.5467    -0.0558      20.77 4.9509e-02 0.0000e+00    74.1802    3.51416    34.7848    34.7986    27.0960    1484.58    1480.34 0.0000e+00
       2807    132.000     8.0469     8.0457   3.611901   3.613171     1.5467    -0.0558      19.77 4.9505e-02 0.0000e+00    74.2999    3.51461    34.7913    34.8061    27.1032    1484.55    1480.37 0.0000e+00
       2829    133.000     8.0380     8.0369   3.611534   3.612809     1.5466    -0.0558      18.76 4.9515e-02 0.0000e+00    74.3956    3.51623    34.7957    34.8104    27.1080    1484.54    1480.40 0.0000e+00
       2850    134.000     8.0348     8.0335   3.611420   3.612716     1.5466    -0.0558      17.79 4.9505e-02 0.0000e+00    74.5072    3.52074    34.7971    34.8123    27.1096    1484.55    1480.43 0.0000e+00
       2871    135.000     8.0333     8.0318   3.611403   3.612686     1.5472    -0.0558      16.81 4.9499e-02 0.0000e+00    74.6379    3.53010    34.7980    34.8132    27.1105    1484.56    1480.46 0.0000e+00
       2892    136.000     8.0335     8.0320   3.611473   3.612750     1.5481    -0.0558      15.81 4.9512e-02 0.0000e+00    74.7768    3.53499    34.7980    34.8132    27.1105    1484.58    1480.49 0.0000e+00
       2913    137.000     8.0333     8.0317   3.611512   3.612780     1.5492    -0.0558      14.81 4.9512e-02 0.0000e+00    74.9078    3.53819    34.7982    34.8134    27.1106    1484.59    1480.52 0.0000e+00
       2934    138.000     8.0263     8.0252   3.611224   3.612495     1.5500    -0.0558      13.82 4.9512e-02 0.0000e+00    75.0478    3.54195    34.8016    34.8163    27.1143    1484.59    1480.55 0.0000e+00
       2956    139.000     8.0168     8.0158   3.610821   3.612105     1.5507    -0.0558      12.82 4.9508e-02 0.0000e+00    75.2172    3.54119    34.8062    34.8210    27.1194    1484.57    1480.58 0.0000e+00
       2977    140.000     8.0132     8.0119   3.610683   3.611968     1.5511    -0.0558      11.82 4.9512e-02 0.0000e+00    75.3518    3.54420    34.8078    34.8229    27.1212    1484.58    1480.61 0.0000e+00
       2998    141.000     8.0132     8.0118   3.610735   3.612024     1.5520    -0.0558      10.85 4.9512e-02 0.0000e+00    75.4802    3.55093    34.8079    34.8231    27.1213    1484.60    1480.64 0.0000e+00
       3019    142.000     8.0112     8.0096   3.610688   3.611947     1.5528    -0.0558       9.84 1.0399e-01 0.0000e+00    75.6375    3.54942    34.8089    34.8240    27.1224    1484.61    1480.66 0.0000e+00
       3041    143.000     8.0066     8.0044   3.610499   3.611712     1.5530    -0.0558       8.84 5.0302e-02 0.0000e+00    75.8049    3.54994    34.8109    34.8261    27.1247    1484.61    1480.69 0.0000e+00
       3065    144.000     7.9966     7.9945   3.610060   3.611305     1.5536    -0.0558       7.78 4.9507e-02 0.0000e+00    75.9723    3.55286    34.8157    34.8311    27.1299    1484.59    1480.72 0.0000e+00
       3439    145.000     7.9943     8.0059   3.610033   3.611938     1.5557    -0.0558       5.90 4.9579e-02 0.0000e+00    78.3233    3.55404    34.8172    34.8261    27.1314    1484.60    1480.74 0.0000e+00
