_data/ctd/2022603/sta0150.cnv
* Sea-Bird SBE 9 Data File:
* FileName = C:\Seabird\CTDData\sta0150.hex
* Software Version Seasave V 7.21f
* Temperature SN = 6264
* Conductivity SN = 4928
* Number of Bytes Per Scan = 40
* Number of Voltage Words = 5
* Number of Scans Averaged by the Deck Unit = 1
* NMEA Latitude = 60 30.23 N
* NMEA Longitude = 006 54.91 E
* NMEA UTC (Time) = Feb 10 2022 01:17:48
* NMEA baud rate = 4800
** Ship: R/V "Kristine Bonnevie"
** Station: 0150
** Echodepth: 297
** Log: 0092.181
** Wind-Dir/Force: 32 08
** Air-temp (dry): 2.6
** Weather Sky:
** Sea:
# nquan = 19                                
# nvalues = 287                         
# units = specified
# name 0 = scan: Scan Count
# name 1 = prDM: Pressure, Digiquartz [db]
# name 2 = t068C: Temperature [ITS-68, deg C]
# name 3 = t168C: Temperature, 2 [ITS-68, deg C]
# name 4 = c0S/m: Conductivity [S/m]
# name 5 = c1S/m: Conductivity, 2 [S/m]
# name 6 = sbeox0V: Oxygen raw, SBE 43 [V]
# name 7 = flECO-AFL: Fluorescence, WET Labs ECO-AFL/FL [mg/m^3]
# name 8 = altM: Altimeter [m]
# name 9 = par: PAR/Irradiance, Biospherical/Licor
# name 10 = spar: SPAR/Surface Irradiance
# name 11 = CStarTr0: Beam Transmission, WET Labs C-Star [%]
# name 12 = sbeox0ML/L: Oxygen, SBE 43 [ml/l], WS = 2
# name 13 = sal00: Salinity, Practical [PSU]
# name 14 = sal11: Salinity, Practical, 2 [PSU]
# name 15 = sigma-t00: Density [sigma-t, Kg/m^3 ]
# name 16 = svCM: Sound Velocity [Chen-Millero, m/s]
# name 17 = avgsvCM: Average Sound Velocity [Chen-Millero, m/s], minP = 1, minS = 5
# name 18 = flag: flag
# span 0 =         14,       6665       
# span 1 =      3.000,    289.000       
# span 2 =     3.9065,    10.1638       
# span 3 =     3.9122,    10.1615       
# span 4 =   2.390260,   3.679255       
# span 5 =   2.392467,   3.680833       
# span 6 =     1.5935,     2.4848       
# span 7 =    -0.0718,     0.8518       
# span 8 =       8.37,     100.08       
# span 9 = 4.9119e-02, 5.8763e-01       
# span 10 = 0.0000e+00, 0.0000e+00      
# span 11 =    75.2569,    81.9256      
# span 12 =    3.65838,    7.68998      
# span 13 =    24.9718,    34.9469      
# span 14 =    24.9927,    34.9621      
# span 15 =    19.8266,    27.2822      
# span 16 =    1453.39,    1489.05      
# span 17 =    1453.39,    1483.02      
# span 18 = 0.0000e+00, 0.0000e+00      
# interval = decibars: 1                
# start_time = Feb 10 2022 01:17:50 [System UTC, header]
# bad_flag = -9.990e-29
*END*
[from data line 153]
       3569    156.000     7.9853     7.9843   3.611333   3.612654     1.6169    -0.0606      58.51 4.9518e-02 0.0000e+00    81.8525    3.78341    34.8348    34.8500    27.1466    1484.77    1481.21 0.0000e+00
       3591    157.000     7.9821     7.9811   3.611180   3.612509     1.6184    -0.0710      84.68 4.9502e-02 0.0000e+00    81.8440    3.79287    34.8358    34.8511    27.1479    1484.78    1481.23 0.0000e+00
       3614    158.000     7.9731     7.9725   3.610750   3.612089     1.6202    -0.0636      69.80 4.9515e-02 0.0000e+00    81.8579    3.79594    34.8397    34.8547    27.1523    1484.76    1481.25 0.0000e+00
       3636    159.000     7.9716     7.9704   3.610878   3.612238     1.6212    -0.0660      81.11 4.9530e-02 0.0000e+00    81.8737    3.79104    34.8421    34.8579    27.1544    1484.78    1481.27 0.0000e+00
       3659    160.000     7.9676     7.9667   3.610847   3.612181     1.6215    -0.0642      75.49 4.9524e-02 0.0000e+00    81.8686    3.78785    34.8452    34.8605    27.1575    1484.78    1481.30 0.0000e+00
       3682    161.000     7.9597     7.9590   3.610356   3.611691     1.6218    -0.0664      78.82 4.9512e-02 0.0000e+00    81.8604    3.79948    34.8473    34.8624    27.1603    1484.77    1481.32 0.0000e+00
       3705    162.000     7.9480     7.9483   3.609621   3.610994     1.6235    -0.0678      47.72 4.9502e-02 0.0000e+00    81.8743    3.82097    34.8506    34.8651    27.1646    1484.75    1481.34 0.0000e+00
       3727    163.000     7.9410     7.9399   3.609202   3.610526     1.6261    -0.0655      98.52 4.9524e-02 0.0000e+00    81.9256    3.83532    34.8526    34.8679    27.1672    1484.74    1481.36 0.0000e+00
       3749    164.000     7.9345     7.9334   3.608910   3.610224     1.6285    -0.0600      61.81 4.9527e-02 0.0000e+00    81.9238    3.83041    34.8554    34.8707    27.1704    1484.74    1481.38 0.0000e+00
       3772    165.000     7.9302     7.9289   3.608722   3.610029     1.6291    -0.0571      91.00 4.9518e-02 0.0000e+00    81.8927    3.82151    34.8572    34.8726    27.1725    1484.74    1481.40 0.0000e+00
       3795    166.000     7.9279     7.9265   3.608631   3.609935     1.6291    -0.0545      35.95 4.9494e-02 0.0000e+00    81.8881    3.81581    34.8580    34.8735    27.1735    1484.75    1481.42 0.0000e+00
       3818    167.000     7.9268     7.9257   3.608631   3.609962     1.6291    -0.0558      99.18 4.9521e-02 0.0000e+00    81.8987    3.81605    34.8587    34.8741    27.1741    1484.76    1481.44 0.0000e+00
       3840    168.000     7.9244     7.9235   3.608646   3.609963     1.6287    -0.0558      35.80 4.9499e-02 0.0000e+00    81.8743    3.81441    34.8607    34.8758    27.1761    1484.77    1481.46 0.0000e+00
       3863    169.000     7.9082     7.9080   3.607709   3.609043     1.6286    -0.0558      98.52 4.9493e-02 0.0000e+00    81.8860    3.81902    34.8663    34.8809    27.1829    1484.73    1481.48 0.0000e+00
       3886    170.000     7.9002     7.8990   3.607201   3.608517     1.6287    -0.0558      38.68 4.9499e-02 0.0000e+00    81.8889    3.82275    34.8683    34.8837    27.1857    1484.72    1481.50 0.0000e+00
       3909    171.000     7.8991     7.8978   3.607184   3.608493     1.6293    -0.0623      70.76 4.9523e-02 0.0000e+00    81.8695    3.82960    34.8688    34.8841    27.1862    1484.73    1481.52 0.0000e+00
       3931    172.000     7.8981     7.8968   3.607156   3.608471     1.6296    -0.0614      46.82 4.9509e-02 0.0000e+00    81.8976    3.82778    34.8690    34.8844    27.1865    1484.75    1481.54 0.0000e+00
       3954    173.000     7.8961     7.8950   3.607057   3.608391     1.6301    -0.0680      82.28 4.9505e-02 0.0000e+00    81.9171    3.82765    34.8694    34.8849    27.1871    1484.76    1481.55 0.0000e+00
       3978    174.000     7.8875     7.8864   3.606610   3.607911     1.6295    -0.0605      76.03 4.9526e-02 0.0000e+00    81.9212    3.82011    34.8727    34.8878    27.1910    1484.74    1481.57 0.0000e+00
       4000    175.000     7.8862     7.8848   3.606575   3.607886     1.6292    -0.0655      86.73 4.9515e-02 0.0000e+00    81.9144    3.81708    34.8731    34.8886    27.1915    1484.76    1481.59 0.0000e+00
       4023    176.000     7.8798     7.8790   3.606247   3.607567     1.6282    -0.0637      77.07 4.9499e-02 0.0000e+00    81.8909    3.81612    34.8755    34.8905    27.1943    1484.75    1481.61 0.0000e+00
       4046    177.000     7.8714     7.8703   3.605827   3.607154     1.6277    -0.0718      48.37 4.9506e-02 0.0000e+00    81.9115    3.81555    34.8789    34.8943    27.1982    1484.74    1481.63 0.0000e+00
       4069    178.000     7.8692     7.8680   3.605735   3.607043     1.6271    -0.0700      89.92 4.9518e-02 0.0000e+00    81.9113    3.81274    34.8796    34.8949    27.1991    1484.75    1481.64 0.0000e+00
       4092    179.000     7.8668     7.8656   3.605607   3.606935     1.6265    -0.0685      73.43 4.9499e-02 0.0000e+00    81.8942    3.81645    34.8801    34.8956    27.1999    1484.76    1481.66 0.0000e+00
       4115    180.000     7.8629     7.8619   3.605397   3.606716     1.6264    -0.0620      94.63 4.9512e-02 0.0000e+00    81.8767    3.82052    34.8813    34.8965    27.2014    1484.76    1481.68 0.0000e+00
       4138    181.000     7.8599     7.8588   3.605250   3.606570     1.6266    -0.0611      91.29 4.9524e-02 0.0000e+00    81.8925    3.82244    34.8822    34.8975    27.2026    1484.77    1481.70 0.0000e+00
       4161    182.000     7.8583     7.8570   3.605197   3.606499     1.6264    -0.0633      97.86 4.9524e-02 0.0000e+00    81.8856    3.81531    34.8827    34.8981    27.2032    1484.78    1481.71 0.0000e+00
       4184    183.000     7.8565     7.8551   3.605114   3.606425     1.6254    -0.0620      49.13 4.9505e-02 0.0000e+00    81.8667    3.80967    34.8832    34.8987    27.2038    1484.79    1481.73 0.0000e+00
       4207    184.000     7.8549     7.8537   3.605077   3.606385     1.6251    -0.0656      98.80 4.9505e-02 0.0000e+00    81.8608    3.81093    34.8839    34.8992    27.2046    1484.80    1481.75 0.0000e+00
       4230    185.000     7.8532     7.8520   3.605063   3.606377     1.6238    -0.0673      70.78 4.9496e-02 0.0000e+00    81.8523    3.80104    34.8849    34.9003    27.2057    1484.81    1481.76 0.0000e+00
       4252    186.000     7.8522     7.8509   3.605021   3.606340     1.6228    -0.0637      89.45 4.9506e-02 0.0000e+00    81.8538    3.80272    34.8850    34.9005    27.2059    1484.82    1481.78 0.0000e+00
       4275    187.000     7.8512     7.8499   3.605000   3.606317     1.6221    -0.0573      59.15 4.9505e-02 0.0000e+00    81.8652    3.80161    34.8853    34.9008    27.2063    1484.84    1481.80 0.0000e+00
       4298    188.000     7.8496     7.8483   3.604974   3.606277     1.6215    -0.0686      86.49 4.9505e-02 0.0000e+00    81.8533    3.80246    34.8861    34.9014    27.2072    1484.85    1481.81 0.0000e+00
       4321    189.000     7.8484     7.8471   3.604963   3.606287     1.6210 -9.990e-29      78.88 4.9530e-02 0.0000e+00    81.8398    3.80081    34.8867    34.9023    27.2078    1484.86    1481.83 0.0000e+00
       4345    190.000     7.8474     7.8463   3.604952   3.606272     1.6202 -9.990e-29      54.01 4.9480e-02 0.0000e+00    81.8314    3.79956    34.8871    34.9024    27.2083    1484.87    1481.84 0.0000e+00
       4368    191.000     7.8348     7.8345   3.604207   3.605543     1.6200 -9.990e-29      72.79 4.9505e-02 0.0000e+00    81.8684    3.80390    34.8912    34.9059    27.2133    1484.85    1481.86 0.0000e+00
       4391    192.000     7.8262     7.8253   3.603736   3.605061     1.6198    -0.0560      41.38 4.9548e-02 0.0000e+00    81.8694    3.80582    34.8942    34.9094    27.2170    1484.84    1481.87 0.0000e+00
       4414    193.000     7.8231     7.8219   3.603591   3.604911     1.6198    -0.0558      60.25 4.9536e-02 0.0000e+00    81.8756    3.80615    34.8952    34.9107    27.2183    1484.84    1481.89 0.0000e+00
       4437    194.000     7.8194     7.8183   3.603404   3.604722     1.6194    -0.0558      32.09 4.9481e-02 0.0000e+00    81.8658    3.80636    34.8964    34.9117    27.2197    1484.84    1481.91 0.0000e+00
       4461    195.000     7.8132     7.8123   3.603079   3.604397     1.6196    -0.0558      98.25 4.9544e-02 0.0000e+00    81.8534    3.80685    34.8986    34.9137    27.2224    1484.84    1481.92 0.0000e+00
       4484    196.000     7.8094     7.8082   3.602898   3.604209     1.6194    -0.0558      57.21 4.9543e-02 0.0000e+00    81.8435    3.80627    34.9000    34.9153    27.2240    1484.84    1481.94 0.0000e+00
       4508    197.000     7.8074     7.8062   3.602823   3.604128     1.6190    -0.0611      59.79 4.9560e-02 0.0000e+00    81.8357    3.80495    34.9007    34.9160    27.2249    1484.85    1481.95 0.0000e+00
       4532    198.000     7.8039     7.8030   3.602652   3.603988     1.6186    -0.0663      30.91 4.9520e-02 0.0000e+00    81.8341    3.80534    34.9019    34.9172    27.2263    1484.86    1481.96 0.0000e+00
       4556    199.000     7.8018     7.8004   3.602574   3.603883     1.6188    -0.0606      84.28 4.9543e-02 0.0000e+00    81.8472    3.80941    34.9026    34.9182    27.2272    1484.87    1481.98 0.0000e+00
       4579    200.000     7.7994     7.7983   3.602476   3.603793     1.6184    -0.0620      48.20 4.9493e-02 0.0000e+00    81.8162    3.80541    34.9035    34.9188    27.2283    1484.88    1481.99 0.0000e+00
       4602    201.000     7.7950     7.7938   3.602259   3.603575     1.6186    -0.0628      84.01 4.9549e-02 0.0000e+00    81.8106    3.81052    34.9051    34.9205    27.2301    1484.88    1482.01 0.0000e+00
       4626    202.000     7.7907     7.7896   3.602046   3.603359     1.6182 -9.990e-29      20.95 4.9518e-02 0.0000e+00    81.8051    3.80783    34.9066    34.9218    27.2320    1484.88    1482.02 0.0000e+00
       4649    203.000     7.7892     7.7879   3.601997   3.603309     1.6183 -9.990e-29      79.19 4.9524e-02 0.0000e+00    81.7879    3.81228    34.9071    34.9225    27.2326    1484.89    1482.04 0.0000e+00
       4672    204.000     7.7885     7.7873   3.602006   3.603317     1.6186 -9.990e-29      39.93 4.9488e-02 0.0000e+00    81.8128    3.81134    34.9074    34.9227    27.2329    1484.91    1482.05 0.0000e+00
       4695    205.000     7.7853     7.7842   3.601854   3.603168     1.6184 -9.990e-29      92.97 4.9511e-02 0.0000e+00    81.8238    3.81461    34.9084    34.9237    27.2342    1484.91    1482.06 0.0000e+00
       4718    206.000     7.7830     7.7818   3.601761   3.603079     1.6187 -9.990e-29      15.14 4.9505e-02 0.0000e+00    81.8063    3.81760    34.9093    34.9247    27.2352    1484.92    1482.08 0.0000e+00
       4741    207.000     7.7817     7.7806   3.601722   3.603049     1.6192 -9.990e-29      68.56 4.9500e-02 0.0000e+00    81.8155    3.82189    34.9096    34.9251    27.2357    1484.93    1482.09 0.0000e+00
       4764    208.000     7.7806     7.7795   3.601705   3.603028     1.6195 -9.990e-29      43.66 4.9512e-02 0.0000e+00    81.7986    3.81792    34.9101    34.9255    27.2362    1484.95    1482.11 0.0000e+00
       4787    209.000     7.7765     7.7755   3.601496   3.602806     1.6195 -9.990e-29      83.04 4.9524e-02 0.0000e+00    81.7991    3.81918    34.9114    34.9266    27.2379    1484.95    1482.12 0.0000e+00
       4810    210.000     7.7692     7.7683   3.601077   3.602396     1.6195    -0.0631      58.90 4.9486e-02 0.0000e+00    81.8096    3.81996    34.9137    34.9289    27.2408    1484.94    1482.13 0.0000e+00
       4834    211.000     7.7668     7.7654   3.600981   3.602291     1.6195    -0.0681      96.12 4.9491e-02 0.0000e+00    81.7999    3.82026    34.9146    34.9301    27.2418    1484.95    1482.15 0.0000e+00
       4858    212.000     7.7651     7.7641   3.600917   3.602249     1.6196    -0.0717      44.95 4.9499e-02 0.0000e+00    81.8119    3.82507    34.9151    34.9305    27.2425    1484.96    1482.16 0.0000e+00
       4882    213.000     7.7616     7.7601   3.600755   3.602037     1.6201    -0.0672      74.24 4.9520e-02 0.0000e+00    81.7973    3.82962    34.9164    34.9317    27.2440    1484.96    1482.17 0.0000e+00
       4905    214.000     7.7589     7.7577   3.600633   3.601941     1.6207    -0.0672      53.32 4.9497e-02 0.0000e+00    81.8150    3.83407    34.9173    34.9326    27.2451    1484.97    1482.19 0.0000e+00
       4929    215.000     7.7591     7.7578   3.600690   3.602001     1.6212    -0.0705      92.91 4.9499e-02 0.0000e+00    81.8203    3.83233    34.9172    34.9327    27.2450    1484.99    1482.20 0.0000e+00
       4953    216.000     7.7591     7.7578   3.600736   3.602054     1.6216    -0.0700      33.23 4.9503e-02 0.0000e+00    81.8200    3.83575    34.9172    34.9328    27.2450    1485.00    1482.21 0.0000e+00
       4976    217.000     7.7588     7.7573   3.600766   3.602061     1.6220    -0.0688      99.87 4.9524e-02 0.0000e+00    81.8152    3.83880    34.9174    34.9328    27.2452    1485.02    1482.22 0.0000e+00
       4999    218.000     7.7579     7.7570   3.600764   3.602090     1.6226    -0.0651      56.45 4.9511e-02 0.0000e+00    81.8146    3.83756    34.9178    34.9330    27.2456    1485.03    1482.24 0.0000e+00
       5022    219.000     7.7556     7.7545   3.600666   3.601979     1.6226 -9.990e-29      99.27 4.9512e-02 0.0000e+00    81.8132    3.83779    34.9185    34.9338    27.2465    1485.04    1482.25 0.0000e+00
       5045    220.000     7.7549     7.7536   3.600665   3.601975     1.6227 -9.990e-29      35.69 4.9532e-02 0.0000e+00    81.8148    3.83771    34.9187    34.9342    27.2468    1485.06    1482.26 0.0000e+00
       5069    221.000     7.7536     7.7524   3.600627   3.601940     1.6228 -9.990e-29      74.77 4.9542e-02 0.0000e+00    81.8151    3.83796    34.9191    34.9345    27.2473    1485.07    1482.28 0.0000e+00
       5091    222.000     7.7480     7.7471   3.600316   3.601621     1.6228    -0.0658      96.56 4.9540e-02 0.0000e+00    81.8198    3.83624    34.9209    34.9359    27.2495    1485.06    1482.29 0.0000e+00
       5114    223.000     7.7412     7.7401   3.599932   3.601239     1.6225    -0.0685      87.42 4.9493e-02 0.0000e+00    81.8123    3.83691    34.9230    34.9383    27.2522    1485.06    1482.30 0.0000e+00
       5138    224.000     7.7347     7.7338   3.599561   3.600877     1.6225    -0.0617      53.99 4.9497e-02 0.0000e+00    81.8131    3.83724    34.9251    34.9402    27.2548    1485.05    1482.31 0.0000e+00
       5161    225.000     7.7313     7.7302   3.599388   3.600694     1.6220    -0.0603      64.63 4.9517e-02 0.0000e+00    81.8192    3.83452    34.9261    34.9413    27.2561    1485.06    1482.32 0.0000e+00
       5184    226.000     7.7260     7.7249   3.599110   3.600412     1.6218    -0.0647      38.00 4.9506e-02 0.0000e+00    81.7748    3.84133    34.9279    34.9431    27.2583    1485.06    1482.34 0.0000e+00
       5207    227.000     7.7253     7.7241   3.599094   3.600415     1.6226    -0.0614      89.01 4.9487e-02 0.0000e+00    81.7931    3.84969    34.9280    34.9434    27.2584    1485.07    1482.35 0.0000e+00
       5231    228.000     7.7246     7.7232   3.599097   3.600403     1.6230    -0.0665      32.39 4.9480e-02 0.0000e+00    81.7548    3.85571    34.9282    34.9437    27.2587    1485.08    1482.36 0.0000e+00
       5254    229.000     7.7221     7.7209   3.598984   3.600285     1.6246    -0.0659      98.68 4.9517e-02 0.0000e+00    81.7703    3.87042    34.9290    34.9443    27.2597    1485.09    1482.37 0.0000e+00
       5277    230.000     7.7163     7.7154   3.598659   3.599963     1.6262    -0.0660      31.01 4.9530e-02 0.0000e+00    81.7793    3.87319    34.9308    34.9458    27.2620    1485.09    1482.38 0.0000e+00
