_data/ctd/2022603/sta0175.cnv
* Sea-Bird SBE 9 Data File:
* FileName = C:\Seabird\CTDData\sta0175.hex
* Software Version Seasave V 7.21f
* Temperature SN = 6264
* Conductivity SN = 4928
* Number of Bytes Per Scan = 40
* Number of Voltage Words = 5
* Number of Scans Averaged by the Deck Unit = 1
* NMEA Latitude = 60 46.47 N
* NMEA Longitude = 005 12.05 E
* NMEA UTC (Time) = Feb 13 2022 02:01:18
* NMEA baud rate = 4800
** Ship: R/V "Kristine Bonnevie"
** Station: 0175
** Echodepth: 469
** Log: 0469.55
** Wind-Dir/Force: 19 19
** Air-temp (dry): 7.4
** Weather Sky:
** Sea:
# nquan = 19                                
# nvalues = 484                         
# units = specified
# name 0 = scan: Scan Count
# name 1 = prDM: Pressure, Digiquartz [db]
# name 2 = t068C: Temperature [ITS-68, deg C]
# name 3 = t168C: Temperature, 2 [ITS-68, deg C]
# name 4 = c0S/m: Conductivity [S/m]
# name 5 = c1S/m: Conductivity, 2 [S/m]
# name 6 = sbeox0V: Oxygen raw, SBE 43 [V]
# name 7 = flECO-AFL: Fluorescence, WET Labs ECO-AFL/FL [mg/m^3]
# name 8 = altM: Altimeter [m]
# name 9 = par: PAR/Irradiance, Biospherical/Licor
# name 10 = spar: SPAR/Surface Irradiance
# name 11 = CStarTr0: Beam Transmission, WET Labs C-Star [%]
# name 12 = sbeox0ML/L: Oxygen, SBE 43 [ml/l], WS = 2
# name 13 = sal00: Salinity, Practical [PSU]
# name 14 = sal11: Salinity, Practical, 2 [PSU]
# name 15 = sigma-t00: Density [sigma-t, Kg/m^3 ]
# name 16 = svCM: Sound Velocity [Chen-Millero, m/s]
# name 17 = avgsvCM: Average Sound Velocity [Chen-Millero, m/s], minP = 1, minS = 5
# name 18 = flag: flag
# span 0 =        140,      13124       
# span 1 =      2.000,    485.000       
# span 2 =     6.4263,     8.7384       
# span 3 =     6.4235,     8.7413       
# span 4 =   3.050650,   3.667144       
# span 5 =   3.050782,   3.668582       
# span 6 =     2.0529,     2.4482       
# span 7 =    -0.0969,     0.2772       
# span 8 =       7.50,      99.79       
# span 9 = 4.9418e-02, 6.3056e-01       
# span 10 = 0.0000e+00, 0.0000e+00      
# span 11 =    80.1202,    81.7777      
# span 12 =    5.19142,    6.83213      
# span 13 =    30.2901,    35.0819      
# span 14 =    30.2940,    35.0980      
# span 15 =    23.7826,    27.3692      
# span 16 =    1470.53,    1489.78      
# span 17 =    1470.53,    1486.62      
# span 18 = 0.0000e+00, 0.0000e+00      
# interval = decibars: 1                
# start_time = Feb 13 2022 02:01:20 [System UTC, header]
# bad_flag = -9.990e-29
*END*
[from data line 153]
       3715    155.000     8.4264     8.4239   3.656795   3.658044     2.1287    -0.0615      72.72 4.9475e-02 0.0000e+00    81.6464    5.36770    34.8831    34.8989    27.1174    1486.47    1483.21 0.0000e+00
       3738    156.000     8.4155     8.4133   3.655780   3.657056     2.1231    -0.0646      72.50 4.9487e-02 0.0000e+00    81.6705    5.34818    34.8827    34.8984    27.1187    1486.45    1483.23 0.0000e+00
       3760    157.000     8.4041     8.4028   3.654788   3.656152     2.1180    -0.0609      65.91 4.9496e-02 0.0000e+00    81.6622    5.34239    34.8829    34.8987    27.1207    1486.42    1483.25 0.0000e+00
       3783    158.000     8.4080     8.4058   3.655609   3.657052     2.1140    -0.0633      28.57 4.9475e-02 0.0000e+00    81.6389    5.33357    34.8873    34.9048    27.1235    1486.46    1483.27 0.0000e+00
       3806    159.000     8.4202     8.4189   3.657504   3.658932     2.1097    -0.0611      96.77 4.9493e-02 0.0000e+00    81.6371    5.32129    34.8949    34.9113    27.1276    1486.53    1483.29 0.0000e+00
       3828    160.000     8.4317     8.4288   3.659296   3.660612     2.1060    -0.0668      59.52 4.9483e-02 0.0000e+00    81.6337    5.31141    34.9021    34.9189    27.1315    1486.60    1483.31 0.0000e+00
       3851    161.000     8.4001     8.4020   3.655807   3.657215     2.1028    -0.0585      60.74 4.9505e-02 0.0000e+00    81.6713    5.32103    34.8958    34.9089    27.1314    1486.49    1483.33 0.0000e+00
       3874    162.000     8.3466     8.3465   3.650226   3.651530     2.1013    -0.0729      58.85 4.9452e-02 0.0000e+00    81.6880    5.33886    34.8889    34.9029    27.1343    1486.29    1483.35 0.0000e+00
       3897    163.000     8.3351     8.3336   3.649221   3.650583     2.1009    -0.0718      77.95 4.9463e-02 0.0000e+00    81.6885    5.33922    34.8891    34.9051    27.1362    1486.27    1483.36 0.0000e+00
       3920    164.000     8.3327     8.3312   3.649149   3.650508     2.0992    -0.0808      75.03 4.9505e-02 0.0000e+00    81.7158    5.31044    34.8903    34.9062    27.1375    1486.28    1483.38 0.0000e+00
       3942    165.000     8.3275     8.3264   3.648985   3.650344     2.0945    -0.0572      72.59 4.9502e-02 0.0000e+00    81.7329    5.26154    34.8932    34.9088    27.1406    1486.28    1483.40 0.0000e+00
       3965    166.000     8.3192     8.3177   3.648477   3.649842     2.0876    -0.0571      78.42 4.9496e-02 0.0000e+00    81.7529    5.22927    34.8955    34.9116    27.1437    1486.27    1483.42 0.0000e+00
       3987    167.000     8.3174     8.3159   3.648529   3.649890     2.0808    -0.0598      60.85 4.9463e-02 0.0000e+00    81.7642    5.21120    34.8974    34.9134    27.1454    1486.28    1483.43 0.0000e+00
       4010    168.000     8.3154     8.3139   3.648649   3.650009     2.0744    -0.0572      81.25 4.9493e-02 0.0000e+00    81.7601    5.20422    34.9002    34.9162    27.1479    1486.29    1483.45 0.0000e+00
       4033    169.000     8.3180     8.3153   3.649323   3.650623     2.0695    -0.0771      77.62 4.9499e-02 0.0000e+00    81.7604    5.19756    34.9043    34.9208    27.1507    1486.32    1483.47 0.0000e+00
       4056    170.000     8.3571     8.3538   3.654078   3.655458     2.0649    -0.0878      50.33 4.9475e-02 0.0000e+00    81.7327    5.19142    34.9157    34.9336    27.1537    1486.50    1483.49 0.0000e+00
       4079    171.000     8.3576     8.3558   3.654494   3.655870     2.0625    -0.0770      75.46 4.9463e-02 0.0000e+00    81.7716    5.20504    34.9191    34.9356    27.1563    1486.52    1483.50 0.0000e+00
       4101    172.000     8.3714     8.3691   3.656441   3.657805     2.0614    -0.0697      36.19 4.9464e-02 0.0000e+00    81.7664    5.22178    34.9257    34.9425    27.1593    1486.60    1483.52 0.0000e+00
       4123    173.000     8.3696     8.3680   3.656594   3.657970     2.0633    -0.0858      94.11 4.9477e-02 0.0000e+00    81.7695    5.26034    34.9286    34.9448    27.1619    1486.61    1483.54 0.0000e+00
       4146    174.000     8.3674     8.3661   3.656535   3.657925     2.0673    -0.0572      98.86 4.9457e-02 0.0000e+00    81.7777    5.29021    34.9297    34.9458    27.1631    1486.62    1483.56 0.0000e+00
       4169    175.000     8.3655     8.3640   3.656459   3.657842     2.0723    -0.0571      91.38 4.9462e-02 0.0000e+00    81.7525    5.31363    34.9303    34.9465    27.1638    1486.63    1483.57 0.0000e+00
       4193    176.000     8.3636     8.3622   3.656342   3.657725     2.0773    -0.0571      53.37 4.9493e-02 0.0000e+00    81.7415    5.32643    34.9304    34.9466    27.1642    1486.64    1483.59 0.0000e+00
       4217    177.000     8.3595     8.3579   3.656029   3.657379     2.0816    -0.0777      78.95 4.9462e-02 0.0000e+00    81.6812    5.33276    34.9307    34.9467    27.1651    1486.64    1483.61 0.0000e+00
       4241    178.000     8.3564     8.3549   3.655780   3.657156     2.0849    -0.0710      65.08 4.9497e-02 0.0000e+00    81.6938    5.33273    34.9306    34.9468    27.1655    1486.65    1483.63 0.0000e+00
       4264    179.000     8.3510     8.3498   3.655379   3.656774     2.0872    -0.0594      94.17 4.9487e-02 0.0000e+00    81.7226    5.32837    34.9313    34.9473    27.1668    1486.64    1483.64 0.0000e+00
       4287    180.000     8.3463     8.3447   3.655074   3.656450     2.0879    -0.0719      34.10 4.9487e-02 0.0000e+00    81.7467    5.32403    34.9322    34.9484    27.1683    1486.64    1483.66 0.0000e+00
       4310    181.000     8.3488     8.3470   3.655559   3.656937     2.0886    -0.0826      42.81 4.9464e-02 0.0000e+00    81.7267    5.32290    34.9344    34.9508    27.1696    1486.67    1483.68 0.0000e+00
       4332    182.000     8.3484     8.3471   3.655968   3.657349     2.0890    -0.0587      50.02 4.9483e-02 0.0000e+00    81.7473    5.32029    34.9387    34.9546    27.1730    1486.69    1483.69 0.0000e+00
       4355    183.000     8.3455     8.3442   3.655827   3.657216     2.0886    -0.0862      78.77 4.9475e-02 0.0000e+00    81.7335    5.31391    34.9396    34.9556    27.1742    1486.70    1483.71 0.0000e+00
       4378    184.000     8.3348     8.3341   3.654805   3.656192     2.0882    -0.0889      54.89 4.9475e-02 0.0000e+00    81.7465    5.31692    34.9388    34.9543    27.1752    1486.67    1483.73 0.0000e+00
       4401    185.000     8.3306     8.3288   3.654586   3.655945     2.0879    -0.0877      72.31 4.9481e-02 0.0000e+00    81.7357    5.31586    34.9402    34.9564    27.1769    1486.68    1483.74 0.0000e+00
       4425    186.000     8.3218     8.3208   3.653794   3.655152     2.0875    -0.0888      70.10 4.9509e-02 0.0000e+00    81.7587    5.31890    34.9400    34.9554    27.1782    1486.66    1483.76 0.0000e+00
       4448    187.000     8.3185     8.3169   3.653561   3.654944     2.0872    -0.0876      59.70 4.9474e-02 0.0000e+00    81.7553    5.31153    34.9403    34.9566    27.1789    1486.66    1483.77 0.0000e+00
       4472    188.000     8.3028     8.3026   3.652015   3.653384     2.0859    -0.0757      43.42 4.9499e-02 0.0000e+00    81.7667    5.30677    34.9389    34.9537    27.1802    1486.62    1483.79 0.0000e+00
       4495    189.000     8.2847     8.2835   3.650477   3.651857     2.0850    -0.0593      53.94 4.9493e-02 0.0000e+00    81.7642    5.30506    34.9400    34.9559    27.1839    1486.57    1483.80 0.0000e+00
       4519    190.000     8.2819     8.2804   3.650400   3.651780     2.0833 -9.990e-29      94.97 4.9480e-02 0.0000e+00    81.7728    5.29327    34.9415    34.9577    27.1855    1486.58    1483.82 0.0000e+00
       4542    191.000     8.2796     8.2782   3.650339   3.651718     2.0813 -9.990e-29      47.39 4.9502e-02 0.0000e+00    81.7424    5.27996    34.9427    34.9588    27.1867    1486.59    1483.83 0.0000e+00
       4564    192.000     8.2785     8.2770   3.650342   3.651715     2.0783 -9.990e-29      99.79 4.9487e-02 0.0000e+00    81.7599    5.26409    34.9433    34.9594    27.1874    1486.60    1483.85 0.0000e+00
       4587    193.000     8.2782     8.2767   3.650472   3.651840     2.0752 -9.990e-29      44.09 4.9481e-02 0.0000e+00    81.7438    5.26110    34.9445    34.9606    27.1884    1486.62    1483.86 0.0000e+00
       4610    194.000     8.2754     8.2740   3.650358   3.651722     2.0732    -0.0877      97.58 4.9475e-02 0.0000e+00    81.7312    5.25841    34.9456    34.9615    27.1897    1486.62    1483.87 0.0000e+00
       4633    195.000     8.2714     8.2701   3.650073   3.651453     2.0709    -0.0916      52.78 4.9475e-02 0.0000e+00    81.7379    5.25700    34.9460    34.9621    27.1906    1486.63    1483.89 0.0000e+00
       4656    196.000     8.2667     8.2652   3.649710   3.651079     2.0693    -0.0766      93.21 4.9469e-02 0.0000e+00    81.7436    5.25643    34.9464    34.9625    27.1916    1486.63    1483.90 0.0000e+00
       4679    197.000     8.2695     8.2677   3.650206   3.651598     2.0680    -0.0617      72.21 4.9491e-02 0.0000e+00    81.7250    5.25272    34.9484    34.9650    27.1928    1486.66    1483.92 0.0000e+00
       4703    198.000     8.2902     8.2876   3.652836   3.654259     2.0664    -0.0620      85.79 4.9487e-02 0.0000e+00    81.7346    5.24933    34.9554    34.9731    27.1951    1486.76    1483.93 0.0000e+00
       4727    199.000     8.3060     8.3043   3.654834   3.656216     2.0656    -0.0596      80.69 4.9497e-02 0.0000e+00    81.7267    5.25065    34.9605    34.9769    27.1967    1486.84    1483.95 0.0000e+00
       4750    200.000     8.3044     8.3029   3.654950   3.656316     2.0651    -0.0656      78.50 4.9493e-02 0.0000e+00    81.7508    5.26037    34.9628    34.9789    27.1988    1486.85    1483.96 0.0000e+00
       4773    201.000     8.3021     8.3006   3.654902   3.656269     2.0664    -0.0933      73.67 4.9476e-02 0.0000e+00    81.7355    5.28974    34.9641    34.9802    27.2001    1486.86    1483.97 0.0000e+00
       4796    202.000     8.2990     8.2977   3.654691   3.656069     2.0701    -0.0939      57.60 4.9480e-02 0.0000e+00    81.7343    5.31713    34.9645    34.9805    27.2009    1486.87    1483.99 0.0000e+00
       4820    203.000     8.2983     8.2967   3.654772   3.656157     2.0738    -0.0728      97.49 4.9487e-02 0.0000e+00    81.7096    5.32662    34.9656    34.9819    27.2018    1486.88    1484.00 0.0000e+00
       4844    204.000     8.2884     8.2874   3.654025   3.655399     2.0768    -0.0650      90.66 4.9503e-02 0.0000e+00    81.7166    5.32987    34.9670    34.9826    27.2045    1486.86    1484.02 0.0000e+00
       4867    205.000     8.2889     8.2872   3.654513   3.655893     2.0790    -0.0820      98.78 4.9480e-02 0.0000e+00    81.7090    5.32971    34.9712    34.9876    27.2077    1486.89    1484.03 0.0000e+00
       4891    206.000     8.2930     8.2912   3.655287   3.656668     2.0807    -0.0784      89.94 4.9481e-02 0.0000e+00    81.7302    5.32722    34.9749    34.9914    27.2100    1486.92    1484.04 0.0000e+00
       4914    207.000     8.2939     8.2923   3.655624   3.657004     2.0815    -0.0650      98.77 4.9487e-02 0.0000e+00    81.7212    5.33149    34.9771    34.9934    27.2116    1486.95    1484.06 0.0000e+00
       4938    208.000     8.2909     8.2896   3.655518   3.656909     2.0829    -0.0630      65.85 4.9485e-02 0.0000e+00    81.7255    5.33563    34.9785    34.9946    27.2131    1486.95    1484.07 0.0000e+00
       4961    209.000     8.2917     8.2900   3.655749   3.657156     2.0839    -0.0682      73.24 4.9469e-02 0.0000e+00    81.7473    5.34174    34.9797    34.9963    27.2139    1486.97    1484.09 0.0000e+00
       4984    210.000     8.2956     8.2939   3.656219   3.657579     2.0855    -0.0889      75.11 4.9488e-02 0.0000e+00    81.7609    5.35152    34.9803    34.9965    27.2138    1487.01    1484.10 0.0000e+00
       5007    211.000     8.2886     8.2874   3.655506   3.656895     2.0871    -0.0943      69.10 4.9475e-02 0.0000e+00    81.7186    5.35540    34.9792    34.9952    27.2140    1487.00    1484.11 0.0000e+00
       5030    212.000     8.2913     8.2895   3.655965   3.657341     2.0884    -0.0921      82.42 4.9463e-02 0.0000e+00    81.7378    5.36083    34.9809    34.9974    27.2150    1487.02    1484.13 0.0000e+00
       5054    213.000     8.2928     8.2912   3.656207   3.657587     2.0900    -0.0709      97.80 4.9497e-02 0.0000e+00    81.7351    5.36451    34.9815    34.9978    27.2152    1487.05    1484.14 0.0000e+00
       5077    214.000     8.2930     8.2915   3.656342   3.657711     2.0909    -0.0823      87.41 4.9491e-02 0.0000e+00    81.7201    5.36160    34.9823    34.9984    27.2158    1487.07    1484.15 0.0000e+00
       5101    215.000     8.2917     8.2902   3.656359   3.657734     2.0915    -0.0810      30.08 4.9481e-02 0.0000e+00    81.7279    5.36256    34.9833    34.9994    27.2168    1487.08    1484.17 0.0000e+00
       5124    216.000     8.2927     8.2912   3.656602   3.657985     2.0920    -0.0641      92.76 4.9464e-02 0.0000e+00    81.7413    5.36492    34.9844    35.0006    27.2175    1487.10    1484.18 0.0000e+00
       5147    217.000     8.2924     8.2908   3.656647   3.658036     2.0926    -0.0716      26.53 4.9475e-02 0.0000e+00    81.7322    5.36878    34.9847    35.0011    27.2178    1487.12    1484.20 0.0000e+00
       5170    218.000     8.2924     8.2908   3.656759   3.658139     2.0933    -0.0941      69.34 4.9475e-02 0.0000e+00    81.7431    5.37192    34.9854    35.0017    27.2183    1487.13    1484.21 0.0000e+00
       5194    219.000     8.2939     8.2923   3.657090   3.658465     2.0940    -0.0702      60.66 4.9497e-02 0.0000e+00    81.7325    5.37481    34.9870    35.0032    27.2193    1487.16    1484.22 0.0000e+00
       5217    220.000     8.2945     8.2931   3.657250   3.658648     2.0945    -0.0916      75.47 4.9469e-02 0.0000e+00    81.6686    5.37481    34.9876    35.0039    27.2197    1487.18    1484.24 0.0000e+00
       5240    221.000     8.2973     8.2954   3.657622   3.658989     2.0950    -0.0955      70.64 4.9469e-02 0.0000e+00    81.6847    5.37756    34.9883    35.0047    27.2198    1487.20    1484.25 0.0000e+00
       5263    222.000     8.2955     8.2941   3.657497   3.658884     2.0957    -0.0930      80.40 4.9487e-02 0.0000e+00    81.7456    5.38233    34.9883    35.0044    27.2201    1487.21    1484.26 0.0000e+00
       5286    223.000     8.2993     8.2968   3.658098   3.659392     2.0961    -0.0968      86.61 4.9487e-02 0.0000e+00    81.7269    5.38177    34.9904    35.0067    27.2212    1487.25    1484.28 0.0000e+00
       5309    224.000     8.3027     8.3011   3.658548   3.659937     2.0967    -0.0927      66.56 4.9497e-02 0.0000e+00    81.7122    5.38518    34.9913    35.0077    27.2214    1487.28    1484.29 0.0000e+00
       5333    225.000     8.3024     8.3008   3.658726   3.660115     2.0974    -0.0824      92.29 4.9493e-02 0.0000e+00    81.7459    5.39160    34.9931    35.0095    27.2228    1487.29    1484.30 0.0000e+00
       5356    226.000     8.3133     8.3110   3.660148   3.661530     2.0985    -0.0664      83.15 4.9481e-02 0.0000e+00    81.7300    5.39876    34.9969    35.0139    27.2241    1487.36    1484.32 0.0000e+00
       5380    227.000     8.3178     8.3162   3.660758   3.662145     2.0998    -0.0866      98.89 4.9480e-02 0.0000e+00    81.6286    5.40480    34.9984    35.0148    27.2247    1487.39    1484.33 0.0000e+00
       5403    228.000     8.3137     8.3124   3.660472   3.661865     2.1015    -0.0929      83.05 4.9487e-02 0.0000e+00    81.7101    5.41604    34.9990    35.0151    27.2257    1487.39    1484.34 0.0000e+00
       5426    229.000     8.3221     8.3183   3.661915   3.663133     2.1033    -0.0962      98.56 4.9485e-02 0.0000e+00    81.7327    5.42444    35.0055    35.0223    27.2296    1487.45    1484.36 0.0000e+00
