_data/ctd/2022603/sta0194.cnv
* Sea-Bird SBE 9 Data File:
* FileName = C:\Seabird\CTDData\sta0194.hex
* Software Version Seasave V 7.21f
* Temperature SN = 6264
* Conductivity SN = 4928
* Number of Bytes Per Scan = 40
* Number of Voltage Words = 5
* Number of Scans Averaged by the Deck Unit = 1
* NMEA Latitude = 61 19.79 N
* NMEA Longitude = 006 41.97 E
* NMEA UTC (Time) = Feb 14 2022 18:53:27
* NMEA baud rate = 4800
** Ship: R/V "Kristine Bonnevie"
** Station: 0194
** Echodepth: 192
** Log: 0767.496
** Wind-Dir/Force: 02 09
** Air-temp (dry): 5.8
** Weather Sky:
** Sea:
** F06
# nquan = 19                                
# nvalues = 180                         
# units = specified
# name 0 = scan: Scan Count
# name 1 = prDM: Pressure, Digiquartz [db]
# name 2 = t068C: Temperature [ITS-68, deg C]
# name 3 = t168C: Temperature, 2 [ITS-68, deg C]
# name 4 = c0S/m: Conductivity [S/m]
# name 5 = c1S/m: Conductivity, 2 [S/m]
# name 6 = sbeox0V: Oxygen raw, SBE 43 [V]
# name 7 = flECO-AFL: Fluorescence, WET Labs ECO-AFL/FL [mg/m^3]
# name 8 = altM: Altimeter [m]
# name 9 = par: PAR/Irradiance, Biospherical/Licor
# name 10 = spar: SPAR/Surface Irradiance
# name 11 = CStarTr0: Beam Transmission, WET Labs C-Star [%]
# name 12 = sbeox0ML/L: Oxygen, SBE 43 [ml/l], WS = 2
# name 13 = sal00: Salinity, Practical [PSU]
# name 14 = sal11: Salinity, Practical, 2 [PSU]
# name 15 = sigma-t00: Density [sigma-t, Kg/m^3 ]
# name 16 = svCM: Sound Velocity [Chen-Millero, m/s]
# name 17 = avgsvCM: Average Sound Velocity [Chen-Millero, m/s], minP = 1, minS = 5
# name 18 = flag: flag
# span 0 =        366,       4510       
# span 1 =      2.000,    181.000       
# span 2 =     4.3783,    10.1323       
# span 3 =     4.3771,    10.1309       
# span 4 =   2.757319,   3.700889       
# span 5 =   2.758245,   3.702545       
# span 6 =     1.8314,     2.4932       
# span 7 =    -0.0959,     0.8225       
# span 8 =       0.39,      99.87       
# span 9 = 4.9439e-02, 6.5527e-01       
# span 10 = 0.0000e+00, 0.0000e+00      
# span 11 =    78.4445,    81.2944      
# span 12 =    4.47226,    7.40003      
# span 13 =    28.7992,    34.8672      
# span 14 =    28.8109,    34.8843      
# span 15 =    22.8233,    27.1702      
# span 16 =    1460.28,    1489.10      
# span 17 =    1460.28,    1483.41      
# span 18 = 0.0000e+00, 0.0000e+00      
# interval = decibars: 1                
# start_time = Feb 14 2022 18:53:29 [System UTC, header]
# bad_flag = -9.990e-29
*END*
[from data line 153]
       3858    155.000     8.0884     8.0868   3.619940   3.621365     1.8512    -0.0671      37.09 4.9465e-02 0.0000e+00    80.9411    4.56645    34.8251    34.8419    27.1235    1485.13    1483.11 0.0000e+00
       3878    156.000     8.0868     8.0851   3.619908   3.621346     1.8540    -0.0673      36.02 4.9487e-02 0.0000e+00    81.0775    4.59234    34.8258    34.8429    27.1243    1485.14    1483.13 0.0000e+00
       3899    157.000     8.0840     8.0825   3.619755   3.621194     1.8572    -0.0729      35.12 4.9492e-02 0.0000e+00    81.1458    4.60664    34.8265    34.8434    27.1252    1485.15    1483.14 0.0000e+00
       3919    158.000     8.0813     8.0796   3.619698   3.621118     1.8608    -0.0686      34.09 4.9495e-02 0.0000e+00    81.1897    4.62134    34.8281    34.8450    27.1269    1485.16    1483.15 0.0000e+00
       3940    159.000     8.0797     8.0780   3.619656   3.621092     1.8642    -0.0628      33.06 4.9481e-02 0.0000e+00    81.1794    4.62290    34.8287    34.8458    27.1277    1485.17    1483.16 0.0000e+00
       3960    160.000     8.0784     8.0767   3.619646   3.621074     1.8660    -0.0695      32.21 4.9472e-02 0.0000e+00    81.1998    4.61145    34.8294    34.8464    27.1284    1485.18    1483.18 0.0000e+00
       3981    161.000     8.0765     8.0748   3.619563   3.620975     1.8667    -0.0669      31.10 4.9499e-02 0.0000e+00    81.1808    4.60487    34.8299    34.8468    27.1291    1485.19    1483.19 0.0000e+00
       4003    162.000     8.0641     8.0628   3.618823   3.620229     1.8670    -0.0711      30.04 4.9489e-02 0.0000e+00    81.1347    4.60223    34.8339    34.8502    27.1340    1485.17    1483.20 0.0000e+00
       4025    163.000     8.0570     8.0555   3.618448   3.619871     1.8669    -0.0718      29.03 4.9480e-02 0.0000e+00    81.0814    4.59720    34.8364    34.8531    27.1371    1485.16    1483.21 0.0000e+00
       4050    164.000     8.0546     8.0531   3.618381   3.619807     1.8657    -0.0639      28.08 4.9514e-02 0.0000e+00    80.8362    4.57111    34.8376    34.8544    27.1384    1485.17    1483.23 0.0000e+00
       4074    165.000     8.0526     8.0512   3.618345   3.619773     1.8620    -0.0634      27.03 4.9508e-02 0.0000e+00    80.5883    4.53738    34.8387    34.8554    27.1396    1485.18    1483.24 0.0000e+00
       4098    166.000     8.0511     8.0498   3.618327   3.619762     1.8563    -0.0634      26.10 4.9485e-02 0.0000e+00    80.3116    4.50572    34.8395    34.8562    27.1404    1485.19    1483.25 0.0000e+00
       4122    167.000     8.0464     8.0447   3.618156   3.619559     1.8506    -0.0620      25.00 4.9472e-02 0.0000e+00    80.0033    4.49088    34.8419    34.8586    27.1430    1485.19    1483.26 0.0000e+00
       4146    168.000     8.0348     8.0324   3.617712   3.619095     1.8456    -0.0645      23.78 4.9481e-02 0.0000e+00    79.8548    4.48598    34.8482    34.8654    27.1497    1485.17    1483.27 0.0000e+00
       4170    169.000     8.0294     8.0276   3.617537   3.618935     1.8415    -0.0611      22.97 4.9489e-02 0.0000e+00    79.7369    4.48487    34.8512    34.8680    27.1529    1485.17    1483.28 0.0000e+00
       4195    170.000     8.0248     8.0231   3.617379   3.618786     1.8385    -0.0639      22.02 4.9503e-02 0.0000e+00    79.6167    4.48779    34.8536    34.8704    27.1554    1485.17    1483.29 0.0000e+00
       4219    171.000     8.0195     8.0176   3.617170   3.618582     1.8365    -0.0604      21.04 4.9491e-02 0.0000e+00    79.5492    4.49370    34.8561    34.8732    27.1582    1485.17    1483.31 0.0000e+00
       4243    172.000     8.0158     8.0139   3.617034   3.618443     1.8360    -0.0610      19.92 4.9509e-02 0.0000e+00    79.5316    4.50319    34.8579    34.8749    27.1602    1485.18    1483.32 0.0000e+00
       4267    173.000     8.0121     8.0113   3.616901   3.618357     1.8357    -0.0685      18.85 4.9462e-02 0.0000e+00    79.4390    4.50620    34.8596    34.8761    27.1621    1485.18    1483.33 0.0000e+00
       4291    174.000     8.0068     8.0059   3.616715   3.618165     1.8354    -0.0614      18.10 4.9486e-02 0.0000e+00    79.2634    4.50420    34.8624    34.8789    27.1651    1485.18    1483.34 0.0000e+00
       4315    175.000     8.0065     8.0049   3.616747   3.618170     1.8351 -9.990e-29      17.12 4.9491e-02 0.0000e+00    79.0292    4.49794    34.8626    34.8795    27.1653    1485.20    1483.35 0.0000e+00
       4339    176.000     8.0064     8.0053   3.616788   3.618239     1.8338 -9.990e-29      16.10 4.9485e-02 0.0000e+00    78.8146    4.49223    34.8626    34.8793    27.1653    1485.21    1483.36 0.0000e+00
       4363    177.000     8.0035     8.0012   3.616700   3.618080     1.8332 -9.990e-29      15.12 4.9500e-02 0.0000e+00    78.7014    4.49446    34.8641    34.8812    27.1669    1485.22    1483.37 0.0000e+00
       4387    178.000     7.9992     7.9976   3.616560   3.617983     1.8322 -9.990e-29      14.10 4.9491e-02 0.0000e+00    78.6277    4.49120    34.8664    34.8833    27.1693    1485.22    1483.38 0.0000e+00
       4412    179.000     7.9991     7.9976   3.616608   3.618032     1.8317 -9.990e-29      13.12 4.9472e-02 0.0000e+00    78.5408    4.49494    34.8665    34.8833    27.1695    1485.24    1483.39 0.0000e+00
       4438    180.000     7.9978     7.9962   3.616590   3.618005     1.8314 -9.990e-29      12.14 4.9506e-02 0.0000e+00    78.4479    4.49799    34.8671    34.8839    27.1701    1485.25    1483.40 0.0000e+00
       4510    181.000     7.9976     7.9954   3.616625   3.618010     1.8319 -9.990e-29      11.06 4.9485e-02 0.0000e+00    78.4445    4.50433    34.8672    34.8843    27.1702    1485.27    1483.41 0.0000e+00
