_data/ctd/2022603/sta0187.cnv
* Sea-Bird SBE 9 Data File:
* FileName = C:\Seabird\CTDData\sta0187.hex
* Software Version Seasave V 7.21f
* Temperature SN = 6264
* Conductivity SN = 4928
* Number of Bytes Per Scan = 40
* Number of Voltage Words = 5
* Number of Scans Averaged by the Deck Unit = 1
* NMEA Latitude = 61 15.36 N
* NMEA Longitude = 006 35.96 E
* NMEA UTC (Time) = Feb 14 2022 13:49:53
* NMEA baud rate = 4800
** Ship: R/V "Kristine Bonnevie"
** Station: 0187
** Echodepth: 239
** Log: 0746.370
** Wind-Dir/Force: 31 01
** Air-temp (dry): 3.3
** Weather Sky:
** Sea:
# nquan = 19                                
# nvalues = 234                         
# units = specified
# name 0 = scan: Scan Count
# name 1 = prDM: Pressure, Digiquartz [db]
# name 2 = t068C: Temperature [ITS-68, deg C]
# name 3 = t168C: Temperature, 2 [ITS-68, deg C]
# name 4 = c0S/m: Conductivity [S/m]
# name 5 = c1S/m: Conductivity, 2 [S/m]
# name 6 = sbeox0V: Oxygen raw, SBE 43 [V]
# name 7 = flECO-AFL: Fluorescence, WET Labs ECO-AFL/FL [mg/m^3]
# name 8 = altM: Altimeter [m]
# name 9 = par: PAR/Irradiance, Biospherical/Licor
# name 10 = spar: SPAR/Surface Irradiance
# name 11 = CStarTr0: Beam Transmission, WET Labs C-Star [%]
# name 12 = sbeox0ML/L: Oxygen, SBE 43 [ml/l], WS = 2
# name 13 = sal00: Salinity, Practical [PSU]
# name 14 = sal11: Salinity, Practical, 2 [PSU]
# name 15 = sigma-t00: Density [sigma-t, Kg/m^3 ]
# name 16 = svCM: Sound Velocity [Chen-Millero, m/s]
# name 17 = avgsvCM: Average Sound Velocity [Chen-Millero, m/s], minP = 1, minS = 5
# name 18 = flag: flag
# span 0 =        207,       5849       
# span 1 =      1.000,    234.000       
# span 2 =     4.4177,    10.0866       
# span 3 =     4.3787,    10.0847       
# span 4 =   2.713509,   3.712290       
# span 5 =   2.701865,   3.713895       
# span 6 =     1.8733,     2.5010       
# span 7 =    -0.1072,     0.9236       
# span 8 =       7.88,      99.48       
# span 9 = 4.9456e-02, 5.7823e+01       
# span 10 = 7.3586e+01, 9.1939e+01      
# span 11 =    77.2341,    81.8836      
# span 12 =    4.64836,    7.42891      
# span 13 =    28.2625,    34.9577      
# span 14 =    28.1624,    34.9741      
# span 15 =    22.3941,    27.2765      
# span 16 =    1459.74,    1489.27      
# span 17 =    1459.74,    1484.08      
# span 18 = 0.0000e+00, 0.0000e+00      
# interval = decibars: 1                
# start_time = Feb 14 2022 13:49:55 [System UTC, header]
# bad_flag = -9.990e-29
*END*
[from data line 77]
       2040     78.000     8.7801     8.7816   3.652112   3.653602     2.1031 -9.990e-29      98.75 4.9485e-02 8.5943e+01    79.1380    5.20291    34.5230    34.5372    26.7798    1486.08    1481.59 0.0000e+00
       2064     79.000     8.7415     8.7409   3.649573   3.650975     2.0984 -9.990e-29      77.52 4.9481e-02 8.5943e+01    79.2894    5.20026    34.5334    34.5488    26.7941    1485.96    1481.64 0.0000e+00
       2087     80.000     8.7440     8.7421   3.650837   3.652258     2.0942 -9.990e-29      61.80 4.9508e-02 8.5943e+01    79.4745    5.18847    34.5438    34.5606    26.8018    1486.00    1481.70 0.0000e+00
       2111     81.000     8.7256     8.7254   3.649241   3.650691     2.0900    -0.0604      68.05 4.9493e-02 8.5943e+01    79.6447    5.17544    34.5445    34.5600    26.8052    1485.95    1481.75 0.0000e+00
       2134     82.000     8.6837     8.6851   3.645818   3.647255     2.0855    -0.0584      76.63 4.9491e-02 -9.990e-29    79.8264    5.17018    34.5488    34.5626    26.8152    1485.82    1481.80 0.0000e+00
       2158     83.000     8.6553     8.6540   3.644564   3.645968     2.0818    -0.0617      81.37 4.9480e-02 -9.990e-29    79.9915    5.16325    34.5629    34.5789    26.8307    1485.74    1481.84 0.0000e+00
       2182     84.000     8.6480     8.6462   3.644620   3.646019     2.0776    -0.0643      56.37 4.9481e-02 -9.990e-29    80.1514    5.14649    34.5701    34.5866    26.8375    1485.74    1481.89 0.0000e+00
       2206     85.000     8.6312     8.6306   3.643930   3.645234     2.0731    -0.0679      75.88 4.9478e-02 8.5715e+01    80.3512    5.13356    34.5788    34.5931    26.8469    1485.71    1481.94 0.0000e+00
       2230     86.000     8.5880     8.5892   3.640124   3.641618     2.0689    -0.0862      80.21 4.9497e-02 8.4852e+01    80.5802    5.12742    34.5803    34.5950    26.8549    1485.56    1481.98 0.0000e+00
       2255     87.000     8.5453     8.5464   3.636463   3.637914     2.0644    -0.0722      67.33 4.9506e-02 8.4288e+01    80.8165    5.11527    34.5829    34.5972    26.8635    1485.42    1482.02 0.0000e+00
       2279     88.000     8.5345     8.5321   3.636427   3.637818     2.0594    -0.0639      95.54 4.9480e-02 8.4004e+01    81.0437    5.08826    34.5927    34.6098    26.8728    1485.41    1482.06 0.0000e+00
       2304     89.000     8.5588     8.5555   3.640560   3.641888     2.0527    -0.0589      75.62 4.9472e-02 8.3967e+01    81.2550    5.04696    34.6121    34.6294    26.8843    1485.54    1482.09 0.0000e+00
       2329     90.000     8.5374     8.5374   3.639118   3.640552     2.0446    -0.0811      98.07 4.9485e-02 8.3944e+01    81.4210    5.02295    34.6174    34.6326    26.8918    1485.49    1482.13 0.0000e+00
       2353     91.000     8.5063     8.5064   3.636548   3.637972     2.0381    -0.0800      76.68 4.9485e-02 8.3944e+01    81.5624    5.03648    34.6202    34.6352    26.8988    1485.39    1482.17 0.0000e+00
       2377     92.000     8.4951     8.4938   3.635955   3.637356     2.0361    -0.0687      96.16 4.9497e-02 8.3944e+01    81.6422    5.06743    34.6244    34.6405    26.9038    1485.37    1482.20 0.0000e+00
       2401     93.000     8.4947     8.4923   3.636571   3.637965     2.0357    -0.0728      92.77 4.9485e-02 8.3944e+01    81.6518    5.06808    34.6309    34.6480    26.9090    1485.39    1482.24 0.0000e+00
       2424     94.000     8.4981     8.4961   3.637837   3.639234     2.0345    -0.0676      95.21 4.9503e-02 8.3944e+01    81.6721    5.05556    34.6405    34.6572    26.9160    1485.44    1482.27 0.0000e+00
       2448     95.000     8.4855     8.4851   3.637176   3.638596     2.0326    -0.0602      76.25 4.9469e-02 8.3944e+01    81.6794    5.05056    34.6453    34.6608    26.9218    1485.41    1482.30 0.0000e+00
       2472     96.000     8.4516     8.4524   3.634260   3.635665     2.0315    -0.0696      62.19 4.9480e-02 8.3944e+01    81.6999    5.06619    34.6472    34.6614    26.9285    1485.30    1482.34 0.0000e+00
       2495     97.000     8.4200     8.4194   3.631927   3.633309     2.0319    -0.0663      64.53 4.9469e-02 8.3944e+01    81.7113    5.07772    34.6531    34.6683    26.9379    1485.21    1482.36 0.0000e+00
       2518     98.000     8.4167     8.4144   3.632268   3.633641     2.0319    -0.0630      74.37 4.9485e-02 8.3944e+01    81.7148    5.06936    34.6595    34.6763    26.9434    1485.22    1482.39 0.0000e+00
       2542     99.000     8.4130     8.4118   3.632845   3.634261     2.0307    -0.0682      63.35 4.9493e-02 8.3944e+01    81.7276    5.04645    34.6688    34.6850    26.9513    1485.23    1482.42 0.0000e+00
       2565    100.000     8.4037     8.4028   3.632638   3.634016     2.0272    -0.0661      89.48 4.9491e-02 8.3944e+01    81.7420    5.02262    34.6752    34.6908    26.9578    1485.22    1482.45 0.0000e+00
       2589    101.000     8.3985     8.3959   3.633033   3.634416     2.0236    -0.0796      55.34 4.9469e-02 8.3944e+01    81.7454    5.02278    34.6841    34.7013    26.9655    1485.23    1482.48 0.0000e+00
       2613    102.000     8.3899     8.3891   3.632723   3.634125     2.0219    -0.0978      98.76 4.9485e-02 8.3944e+01    81.7461    5.03088    34.6888    34.7045    26.9706    1485.22    1482.50 0.0000e+00
       2636    103.000     8.3809     8.3795   3.632168   3.633547     2.0205    -0.0982      70.12 4.9463e-02 8.3944e+01    81.7801    5.03468    34.6912    34.7073    26.9739    1485.21    1482.53 0.0000e+00
       2660    104.000     8.3722     8.3708   3.631736   3.633130     2.0201    -0.0799      98.59 4.9456e-02 8.3944e+01    81.7439    5.04738    34.6947    34.7110    26.9780    1485.20    1482.56 0.0000e+00
       2683    105.000     8.3686     8.3661   3.631729   3.633054     2.0207    -0.0650      74.29 4.9468e-02 8.3944e+01    81.7666    5.04775    34.6977    34.7143    26.9809    1485.20    1482.58 0.0000e+00
       2707    106.000     8.3773     8.3745   3.632902   3.634286     2.0202    -0.0782      60.51 4.9493e-02 8.3944e+01    81.7722    5.03749    34.7012    34.7186    26.9822    1485.26    1482.61 0.0000e+00
       2730    107.000     8.3685     8.3671   3.632407   3.633791     2.0194    -0.0733      68.29 4.9503e-02 8.3944e+01    81.7447    5.03404    34.7041    34.7202    26.9859    1485.24    1482.63 0.0000e+00
       2754    108.000     8.3740     8.3730   3.633617   3.635024     2.0183    -0.0946      78.64 4.9499e-02 8.3944e+01    81.7462    5.02991    34.7111    34.7270    26.9905    1485.29    1482.66 0.0000e+00
       2778    109.000     8.3571     8.3558   3.632252   3.633668     2.0178    -0.0799      70.77 4.9497e-02 8.3944e+01    81.7588    5.04905    34.7127    34.7291    26.9944    1485.24    1482.68 0.0000e+00
       2801    110.000     8.3575     8.3558   3.632691   3.634081     2.0193    -0.0797      93.02 4.9536e-02 8.3878e+01    81.7748    5.06177    34.7165    34.7330    26.9973    1485.27    1482.70 0.0000e+00
       2824    111.000     8.3523     8.3510   3.632654   3.634054     2.0206    -0.0846      65.94 4.9462e-02 -9.990e-29    81.7820    5.06541    34.7208    34.7370    27.0014    1485.27    1482.73 0.0000e+00
       2848    112.000     8.3454     8.3436   3.632249   3.633636     2.0217    -0.0763      98.54 4.9499e-02 -9.990e-29    81.8041    5.06752    34.7228    34.7393    27.0041    1485.26    1482.75 0.0000e+00
       2871    113.000     8.3520     8.3496   3.633295   3.634691     2.0227    -0.0740      98.55 4.9503e-02 -9.990e-29    81.8114    5.07064    34.7269    34.7442    27.0063    1485.31    1482.77 0.0000e+00
       2895    114.000     8.3549     8.3539   3.633905   3.635324     2.0234    -0.0792      33.52 4.9494e-02 8.2535e+01    81.8137    5.06995    34.7301    34.7462    27.0083    1485.34    1482.79 0.0000e+00
       2918    115.000     8.3328     8.3323   3.632095   3.633491     2.0242    -0.1072      95.31 4.9457e-02 8.1952e+01    81.8117    5.08192    34.7321    34.7475    27.0134    1485.28    1482.82 0.0000e+00
       2941    116.000     8.3248     8.3232   3.631859   3.633244     2.0260    -0.1035      48.23 4.9524e-02 8.1945e+01    81.8243    5.09753    34.7370    34.7534    27.0184    1485.27    1482.84 0.0000e+00
       2965    117.000     8.3182     8.3173   3.631585   3.632982     2.0278    -0.0702      98.92 4.9508e-02 8.1945e+01    81.8401    5.09846    34.7402    34.7559    27.0219    1485.26    1482.86 0.0000e+00
       2988    118.000     8.2953     8.2946   3.629733   3.631115     2.0287    -0.0691      50.75 4.9463e-02 8.1945e+01    81.8413    5.09463    34.7426    34.7580    27.0273    1485.20    1482.88 0.0000e+00
       3011    119.000     8.2861     8.2850   3.629144   3.630543     2.0288    -0.0958      98.77 4.9494e-02 8.1945e+01    81.8350    5.08817    34.7449    34.7609    27.0305    1485.18    1482.90 0.0000e+00
       3035    120.000     8.2731     8.2721   3.628370   3.629764     2.0279    -0.0828      39.24 4.9491e-02 8.1945e+01    81.8420    5.07351    34.7490    34.7649    27.0357    1485.16    1482.92 0.0000e+00
       3058    121.000     8.2674     8.2657   3.628118   3.629495     2.0255    -0.0849      97.36 4.9457e-02 8.1945e+01    81.8604    5.04977    34.7515    34.7679    27.0385    1485.15    1482.93 0.0000e+00
       3082    122.000     8.2634     8.2618   3.627969   3.629352     2.0216    -0.0992      41.15 4.9499e-02 8.1945e+01    81.8670    5.02617    34.7534    34.7697    27.0406    1485.16    1482.95 0.0000e+00
       3105    123.000     8.2625     8.2608   3.628147   3.629533     2.0174    -0.0942      99.18 4.9463e-02 8.1945e+01    81.8696    5.01492    34.7557    34.7721    27.0426    1485.17    1482.97 0.0000e+00
       3129    124.000     8.2609     8.2592   3.628351   3.629739     2.0133    -0.0721      55.74 4.9480e-02 8.1945e+01    81.8616    5.00640    34.7590    34.7754    27.0454    1485.19    1482.99 0.0000e+00
       3152    125.000     8.2572     8.2557   3.628259   3.629651     2.0103    -0.0691      98.77 4.9487e-02 8.1945e+01    81.8836    5.00702    34.7612    34.7775    27.0477    1485.19    1483.01 0.0000e+00
       3175    126.000     8.2549     8.2531   3.628360   3.629755     2.0078    -0.0754      28.88 4.9481e-02 8.1945e+01    81.8651    5.00952    34.7640    34.7807    27.0503    1485.20    1483.02 0.0000e+00
       3199    127.000     8.2483     8.2470   3.627907   3.629290     2.0065    -0.0664      97.92 4.9485e-02 8.1945e+01    81.8532    5.01632    34.7652    34.7813    27.0522    1485.20    1483.04 0.0000e+00
       3222    128.000     8.2453     8.2435   3.627832   3.629216     2.0061    -0.0728      28.48 4.9515e-02 8.1945e+01    81.8180    5.02032    34.7669    34.7835    27.0540    1485.21    1483.06 0.0000e+00
       3244    129.000     8.2428     8.2411   3.627930   3.629325     2.0053    -0.0794      99.48 4.9462e-02 8.1945e+01    81.7736    5.01491    34.7700    34.7865    27.0568    1485.22    1483.07 0.0000e+00
       3267    130.000     8.2406     8.2391   3.628028   3.629427     2.0044    -0.0715      41.44 4.9506e-02 8.1945e+01    81.7663    5.00953    34.7727    34.7891    27.0593    1485.23    1483.09 0.0000e+00
       3290    131.000     8.2348     8.2333   3.627741   3.629126     2.0031    -0.0757      91.47 4.9487e-02 8.1945e+01    81.7854    5.00802    34.7749    34.7912    27.0619    1485.22    1483.11 0.0000e+00
       3313    132.000     8.2295     8.2282   3.627347   3.628750     2.0023    -0.0704      58.96 4.9505e-02 8.1945e+01    81.7910    5.01010    34.7755    34.7917    27.0631    1485.22    1483.12 0.0000e+00
       3336    133.000     8.2188     8.2179   3.626673   3.628073     2.0019    -0.0727      97.59 4.9500e-02 8.1945e+01    81.8123    5.01814    34.7784    34.7942    27.0671    1485.20    1483.14 0.0000e+00
       3359    134.000     8.2070     8.2062   3.625985   3.627391     2.0022    -0.0701      98.80 4.9477e-02 8.1945e+01    81.8228    5.01780    34.7822    34.7980    27.0719    1485.18    1483.15 0.0000e+00
       3381    135.000     8.1940     8.1928   3.625094   3.626472     2.0011    -0.0866      98.80 4.9488e-02 8.1945e+01    81.8059    4.99951    34.7851    34.8010    27.0761    1485.15    1483.17 0.0000e+00
       3404    136.000     8.1981     8.1960   3.626053   3.627447     1.9987    -0.0783      65.71 4.9493e-02 8.1918e+01    81.7844    4.97974    34.7908    34.8078    27.0800    1485.19    1483.18 0.0000e+00
       3427    137.000     8.1948     8.1932   3.626000   3.627390     1.9954    -0.0677      98.68 4.9493e-02 8.1623e+01    81.7561    4.95740    34.7930    34.8095    27.0822    1485.20    1483.20 0.0000e+00
       3450    138.000     8.1923     8.1906   3.625915   3.627310     1.9910    -0.0873      49.42 4.9490e-02 8.1187e+01    81.7732    4.94003    34.7941    34.8107    27.0834    1485.20    1483.21 0.0000e+00
       3472    139.000     8.1909     8.1892   3.626058   3.627452     1.9872    -0.0934      78.63 4.9493e-02 8.0194e+01    81.7963    4.95098    34.7965    34.8131    27.0856    1485.22    1483.23 0.0000e+00
       3495    140.000     8.1860     8.1847   3.625805   3.627199     1.9865    -0.0743      73.65 4.9493e-02 7.9976e+01    81.7992    4.96592    34.7982    34.8144    27.0876    1485.22    1483.24 0.0000e+00
       3518    141.000     8.1828     8.1812   3.625789   3.627184     1.9855    -0.0709      91.37 4.9481e-02 7.9947e+01    81.7892    4.96389    34.8007    34.8172    27.0901    1485.23    1483.25 0.0000e+00
       3541    142.000     8.1817     8.1799   3.625939   3.627330     1.9851    -0.0942      78.29 4.9505e-02 7.9947e+01    81.7783    4.96643    34.8029    34.8196    27.0920    1485.24    1483.27 0.0000e+00
       3563    143.000     8.1813     8.1795   3.626224   3.627602     1.9844    -0.0762      95.18 4.9521e-02 7.9947e+01    81.7669    4.95978    34.8059    34.8224    27.0944    1485.26    1483.28 0.0000e+00
       3586    144.000     8.1768     8.1759   3.626199   3.627620     1.9834    -0.0721      92.05 4.9481e-02 7.9947e+01    81.7633    4.96049    34.8096    34.8257    27.0980    1485.26    1483.30 0.0000e+00
       3609    145.000     8.1699     8.1684   3.625939   3.627324     1.9832    -0.0709      95.82 4.9475e-02 7.9947e+01    81.7598    4.96882    34.8132    34.8295    27.1018    1485.26    1483.31 0.0000e+00
       3631    146.000     8.1623     8.1616   3.625395   3.626808     1.9835    -0.0793      95.91 4.9489e-02 7.9947e+01    81.7547    4.97700    34.8144    34.8302    27.1039    1485.25    1483.32 0.0000e+00
       3654    147.000     8.1523     8.1513   3.624555   3.625965     1.9842    -0.0985      98.58 4.9463e-02 7.9947e+01    81.7401    4.98347    34.8149    34.8310    27.1058    1485.23    1483.34 0.0000e+00
       3677    148.000     8.1466     8.1453   3.624109   3.625508     1.9851    -0.0693      79.80 4.9509e-02 7.9947e+01    81.7311    4.98795    34.8153    34.8315    27.1070    1485.22    1483.35 0.0000e+00
       3699    149.000     8.1359     8.1348   3.623273   3.624674     1.9853    -0.0917      54.90 4.9463e-02 7.9947e+01    81.7130    4.97207    34.8165    34.8326    27.1096    1485.20    1483.36 0.0000e+00
       3722    150.000     8.1336     8.1320   3.623193   3.624580     1.9834    -0.0960      74.26 4.9490e-02 7.9947e+01    81.6896    4.94258    34.8174    34.8339    27.1106    1485.21    1483.37 0.0000e+00
       3745    151.000     8.1326     8.1309   3.623241   3.624622     1.9796    -0.0973      61.89 4.9506e-02 7.9947e+01    81.6731    4.91306    34.8184    34.8349    27.1116    1485.22    1483.39 0.0000e+00
       3768    152.000     8.1272     8.1262   3.623034   3.624431     1.9743    -0.0831      50.77 4.9462e-02 7.9947e+01    81.6432    4.88476    34.8211    34.8371    27.1145    1485.22    1483.40 0.0000e+00
