_data/ctd/2022603/sta0157.cnv
* Sea-Bird SBE 9 Data File:
* FileName = C:\Seabird\CTDData\sta0157.hex
* Software Version Seasave V 7.21f
* Temperature SN = 6264
* Conductivity SN = 4928
* Number of Bytes Per Scan = 40
* Number of Voltage Words = 5
* Number of Scans Averaged by the Deck Unit = 1
* NMEA Latitude = 59 44.42 N
* NMEA Longitude = 005 30.42 E
* NMEA UTC (Time) = Feb 10 2022 17:26:23
* NMEA baud rate = 4800
** Ship: R/V "Kristine Bonnevie"
** Station: 0157
** Echodepth: 345
** Log: 0181.911
** Wind-Dir/Force: 32 05
** Air-temp (dry): 2.8
** Weather Sky:
** Sea:
# nquan = 19                                
# nvalues = 335                         
# units = specified
# name 0 = scan: Scan Count
# name 1 = prDM: Pressure, Digiquartz [db]
# name 2 = t068C: Temperature [ITS-68, deg C]
# name 3 = t168C: Temperature, 2 [ITS-68, deg C]
# name 4 = c0S/m: Conductivity [S/m]
# name 5 = c1S/m: Conductivity, 2 [S/m]
# name 6 = sbeox0V: Oxygen raw, SBE 43 [V]
# name 7 = flECO-AFL: Fluorescence, WET Labs ECO-AFL/FL [mg/m^3]
# name 8 = altM: Altimeter [m]
# name 9 = par: PAR/Irradiance, Biospherical/Licor
# name 10 = spar: SPAR/Surface Irradiance
# name 11 = CStarTr0: Beam Transmission, WET Labs C-Star [%]
# name 12 = sbeox0ML/L: Oxygen, SBE 43 [ml/l], WS = 2
# name 13 = sal00: Salinity, Practical [PSU]
# name 14 = sal11: Salinity, Practical, 2 [PSU]
# name 15 = sigma-t00: Density [sigma-t, Kg/m^3 ]
# name 16 = svCM: Sound Velocity [Chen-Millero, m/s]
# name 17 = avgsvCM: Average Sound Velocity [Chen-Millero, m/s], minP = 1, minS = 5
# name 18 = flag: flag
# span 0 =        744,       8155       
# span 1 =      2.000,    336.000       
# span 2 =     7.1165,     8.9518       
# span 3 =     7.1162,     8.9514       
# span 4 =   3.326899,   3.630545       
# span 5 =   3.328149,   3.631921       
# span 6 =     2.0937,     2.4255       
# span 7 =    -0.0924,     0.8255       
# span 8 =      10.46,      99.64       
# span 9 = 4.9438e-02, 1.6976e+00       
# span 10 = 0.0000e+00, 0.0000e+00      
# span 11 =    79.4294,    81.5925      
# span 12 =    5.49169,    6.57302      
# span 13 =    32.6686,    35.0223      
# span 14 =    32.6845,    35.0377      
# span 15 =    25.5661,    27.3141      
# span 16 =    1476.28,    1487.42      
# span 17 =    1476.36,    1484.79      
# span 18 = 0.0000e+00, 0.0000e+00      
# interval = decibars: 1                
# start_time = Feb 10 2022 17:26:25 [System UTC, header]
# bad_flag = -9.990e-29
*END*
        744      2.000     7.1630     7.1686   3.332871   3.333241     2.4217     0.8255      98.83 1.6976e+00 0.0000e+00    79.8101    6.56861    32.6977    32.6964    25.5837    1476.44    1476.44 0.0000e+00
        803      3.000     7.1325     7.1412   3.327930   3.330597     2.4209     0.6579      98.82 5.6804e-01 0.0000e+00    79.4294    6.56195    32.6723    32.6931    25.5679    1476.30    1476.39 0.0000e+00
        848      4.000     7.1241     7.1217   3.326899   3.328149     2.4198     0.6473      98.82 4.4424e-01 0.0000e+00    79.8536    6.55470    32.6686    32.6845    25.5661    1476.28    1476.36 0.0000e+00
        884      5.000     7.1211     7.1195   3.330261   3.331322     2.4180     0.6620      98.82 4.0003e-01 0.0000e+00    79.9224    6.55147    32.7076    32.7206    25.5972    1476.34    1476.36 0.0000e+00
        916      6.000     7.1165     7.1162   3.332968   3.334286     2.4174     0.6668      98.82 3.3281e-01 0.0000e+00    80.0567    6.55044    32.7409    32.7556    25.6241    1476.38    1476.36 0.0000e+00
        941      7.000     7.1216     7.1170   3.333784   3.334086     2.4165     0.6166      98.82 2.0090e-01 0.0000e+00    80.0766    6.54583    32.7445    32.7522    25.6262    1476.42    1476.37 0.0000e+00
        967      8.000     7.1522     7.1511   3.341834   3.343497     2.4157     0.5908      98.82 1.4746e-01 0.0000e+00    79.9940    6.54144    32.8026    32.8218    25.6678    1476.62    1476.40 0.0000e+00
        992      9.000     7.1557     7.1525   3.342714   3.342876     2.4159     0.5913      98.82 1.2228e-01 0.0000e+00    80.1235    6.55107    32.8084    32.8132    25.6719    1476.66    1476.43 0.0000e+00
       1017     10.000     7.1543     7.1535   3.339849   3.340248     2.4163     0.5877      98.82 9.6211e-02 0.0000e+00    80.1750    6.55080    32.7781    32.7832    25.6482    1476.63    1476.45 0.0000e+00
       1042     11.000     7.2494     7.2494   3.361271   3.364467     2.4161     0.5545      98.82 8.7053e-02 0.0000e+00    80.2421    6.52798    32.9201    32.9548    25.7470    1477.20    1476.52 0.0000e+00
       1065     12.000     7.3668     7.3649   3.383867   3.384989     2.4166     0.5268      98.82 6.9117e-02 0.0000e+00    80.2972    6.52565    33.0529    33.0669    25.8352    1477.83    1476.63 0.0000e+00
       1089     13.000     7.3684     7.3693   3.384279   3.385728     2.4195     0.4649      98.82 5.8111e-02 0.0000e+00    80.3572    6.53537    33.0554    33.0702    25.8370    1477.86    1476.72 0.0000e+00
       1113     14.000     7.3809     7.3747   3.386522   3.387071     2.4193     0.4582      98.82 5.3816e-02 0.0000e+00    80.4735    6.49675    33.0673    33.0791    25.8446    1477.94    1476.81 0.0000e+00
       1136     15.000     7.4041     7.4022   3.390919   3.392063     2.4168     0.4554      98.82 5.0017e-02 0.0000e+00    80.5512    6.47117    33.0923    33.1065    25.8610    1478.07    1476.89 0.0000e+00
       1158     16.000     7.3943     7.3943   3.390318   3.391501     2.4145     0.4496      98.82 4.9475e-02 0.0000e+00    80.6116    6.46687    33.0947    33.1075    25.8642    1478.05    1476.97 0.0000e+00
       1180     17.000     7.3882     7.3857   3.389775   3.390776     2.4119     0.4548      98.81 4.9509e-02 0.0000e+00    80.5936    6.45524    33.0941    33.1074    25.8647    1478.05    1477.03 0.0000e+00
       1201     18.000     7.3656     7.3627   3.387785   3.388615     2.4090     0.4572      98.82 4.9485e-02 0.0000e+00    80.6172    6.45444    33.0937    33.1054    25.8675    1477.98    1477.08 0.0000e+00
       1222     19.000     7.3457     7.3393   3.386032   3.386509     2.4072     0.4203      98.82 4.9471e-02 0.0000e+00    80.6195    6.46577    33.0932    33.1045    25.8699    1477.91    1477.13 0.0000e+00
       1244     20.000     7.3044     7.3059   3.382855   3.383982     2.4064     0.4554      98.82 4.9498e-02 0.0000e+00    80.6035    6.47667    33.0978    33.1086    25.8792    1477.78    1477.16 0.0000e+00
       1265     21.000     7.2731     7.2710   3.380301   3.381121     2.4057     0.4577      98.81 4.9505e-02 0.0000e+00    80.5922    6.48722    33.0995    33.1104    25.8848    1477.68    1477.18 0.0000e+00
       1286     22.000     7.2291     7.2283   3.376503   3.377416     2.4057     0.4598      98.82 4.9458e-02 0.0000e+00    80.5551    6.50122    33.0999    33.1106    25.8912    1477.52    1477.20 0.0000e+00
       1307     23.000     7.2031     7.2023   3.374268   3.375266     2.4064     0.4603      98.82 4.9508e-02 0.0000e+00    80.5229    6.51492    33.1000    33.1116    25.8948    1477.44    1477.21 0.0000e+00
       1328     24.000     7.2089     7.2064   3.375475   3.376569     2.4073     0.4555      98.82 4.9495e-02 0.0000e+00    80.5083    6.53107    33.1071    33.1214    25.8996    1477.49    1477.22 0.0000e+00
       1349     25.000     7.2350     7.2332   3.379280   3.380631     2.4099     0.4893      98.82 4.9479e-02 0.0000e+00    80.4497    6.55746    33.1230    33.1394    25.9086    1477.62    1477.24 0.0000e+00
       1370     26.000     7.3171     7.3110   3.389933   3.391141     2.4142     0.4425      98.82 4.9483e-02 0.0000e+00    80.4652    6.57136    33.1596    33.1785    25.9260    1478.00    1477.27 0.0000e+00
       1392     27.000     7.3968     7.3915   3.400593   3.401678     2.4192     0.4088      84.51 4.9505e-02 0.0000e+00    80.4951    6.57302    33.1983    33.2152    25.9455    1478.37    1477.31 0.0000e+00
       1413     28.000     7.4343     7.4311   3.406538   3.407657     2.4232     0.4081      49.77 4.9474e-02 0.0000e+00    80.4879    6.56545    33.2263    33.2415    25.9622    1478.57    1477.35 0.0000e+00
       1433     29.000     7.4806     7.4756   3.413396   3.414521     2.4255     0.3717      96.75 4.9479e-02 0.0000e+00    80.5474    6.53715    33.2557    33.2727    25.9788    1478.80    1477.40 0.0000e+00
       1453     30.000     7.5036     7.5012   3.418635   3.419699     2.4253     0.2956      87.34 4.9474e-02 0.0000e+00    80.6096    6.50350    33.2898    33.3036    26.0024    1478.95    1477.45 0.0000e+00
       1474     31.000     7.5880     7.5747   3.432599   3.433291     2.4231     0.2814      67.37 4.9472e-02 0.0000e+00    80.6530    6.46538    33.3592    33.3794    26.0450    1479.37    1477.51 0.0000e+00
       1495     32.000     7.7449     7.7339   3.453146   3.454400     2.4207     0.2713      50.58 4.9505e-02 0.0000e+00    80.7039    6.43721    33.4295    33.4535    26.0778    1480.08    1477.59 0.0000e+00
       1516     33.000     7.9135     7.9035   3.475675   3.476914     2.4195     0.2459      98.88 4.9499e-02 0.0000e+00    80.6928    6.41674    33.5090    33.5319    26.1159    1480.83    1477.69 0.0000e+00
       1537     34.000     8.0071     8.0021   3.490796   3.492189     2.4187     0.1979      98.70 4.9478e-02 0.0000e+00    80.7417    6.38448    33.5805    33.6002    26.1583    1481.29    1477.80 0.0000e+00
       1558     35.000     8.1177     8.1097   3.505708   3.506888     2.4152     0.1404      55.40 4.9479e-02 0.0000e+00    80.8196    6.31071    33.6331    33.6534    26.1833    1481.79    1477.91 0.0000e+00
       1579     36.000     8.1951     8.1849   3.517694   3.518522     2.4076     0.1272      48.72 4.9485e-02 0.0000e+00    80.8908    6.22770    33.6860    33.7046    26.2133    1482.17    1478.03 0.0000e+00
       1600     37.000     8.3528     8.3403   3.536897   3.538030     2.3968     0.1172      76.65 4.9485e-02 0.0000e+00    80.9653    6.14244    33.7383    33.7623    26.2306    1482.84    1478.16 0.0000e+00
       1620     38.000     8.4955     8.4901   3.556183   3.558180     2.3853     0.0892      88.08 4.9474e-02 0.0000e+00    81.0256    6.07633    33.8052    33.8315    26.2613    1483.47    1478.30 0.0000e+00
       1640     39.000     8.5460     8.5452   3.563702   3.565106     2.3737     0.0487      94.22 4.9460e-02 0.0000e+00    81.1136    6.02430    33.8357    33.8513    26.2776    1483.72    1478.44 0.0000e+00
       1662     40.000     8.6588     8.6469   3.581356   3.582422     2.3603     0.0552      83.79 4.9483e-02 0.0000e+00    81.1623    5.94255    33.9132    33.9359    26.3209    1484.25    1478.58 0.0000e+00
       1684     41.000     8.7424     8.7336   3.593668   3.594820     2.3439     0.0286      41.06 4.9480e-02 0.0000e+00    81.2839    5.87243    33.9621    33.9827    26.3463    1484.64    1478.73 0.0000e+00
       1709     42.000     8.8984     8.8901   3.613588   3.615094     2.3267     0.0169      64.90 4.9482e-02 0.0000e+00    81.3129    5.79696    34.0211    34.0448    26.3680    1485.30    1478.88 0.0000e+00
       1735     43.000     8.9518     8.9514   3.621036   3.622513     2.3095    -0.0082      59.82 4.9472e-02 0.0000e+00    81.3774    5.74093    34.0474    34.0633    26.3802    1485.55    1479.04 0.0000e+00
       1760     44.000     8.9306     8.9299   3.619598   3.620952     2.2925    -0.0393      27.65 4.9495e-02 0.0000e+00    81.4184    5.68551    34.0522    34.0671    26.3873    1485.49    1479.19 0.0000e+00
       1785     45.000     8.9169     8.9159   3.621305   3.622633     2.2754    -0.0524      95.42 4.9506e-02 0.0000e+00    81.5025    5.63152    34.0828    34.0976    26.4134    1485.50    1479.32 0.0000e+00
       1810     46.000     8.8727     8.8737   3.622903   3.624230     2.2601    -0.0558      43.03 4.9485e-02 0.0000e+00    81.5593    5.61108    34.1415    34.1545    26.4664    1485.42    1479.46 0.0000e+00
       1833     47.000     8.9022     8.8982   3.630001   3.631331     2.2482 -9.990e-29      77.54 4.9438e-02 0.0000e+00    81.5770    5.59582    34.1871    34.2049    26.4974    1485.60    1479.59 0.0000e+00
       1854     48.000     8.8453     8.8483   3.630545   3.631921     2.2399 -9.990e-29      54.13 4.9498e-02 0.0000e+00    81.5925    5.59683    34.2472    34.2587    26.5535    1485.48    1479.71 0.0000e+00
       1875     49.000     8.8189     8.8175   3.629614   3.630816     2.2328 -9.990e-29      98.33 4.9458e-02 0.0000e+00    81.5852    5.58676    34.2625    34.2764    26.5696    1485.42    1479.83 0.0000e+00
       1898     50.000     8.5859     8.6057   3.607787   3.609330     2.2263    -0.0558      54.07 4.9509e-02 0.0000e+00    81.5807    5.60427    34.2577    34.2548    26.6022    1484.57    1479.92 0.0000e+00
       1920     51.000     8.4573     8.4568   3.597723   3.599013     2.2195    -0.0558      60.65 4.9481e-02 0.0000e+00    81.5690    5.58409    34.2756    34.2898    26.6361    1484.13    1480.00 0.0000e+00
       1942     52.000     8.4275     8.4285   3.595423   3.596705     2.2117    -0.0558      90.34 4.9483e-02 0.0000e+00    81.5532    5.59513    34.2797    34.2924    26.6439    1484.04    1480.08 0.0000e+00
       1965     53.000     8.3863     8.3863   3.592853   3.594173     2.2099    -0.0558      65.91 4.9477e-02 0.0000e+00    81.4809    5.65378    34.2921    34.3061    26.6599    1483.91    1480.15 0.0000e+00
       1986     54.000     8.3714     8.3703   3.594097   3.595513     2.2121    -0.0558      36.78 4.9479e-02 0.0000e+00    81.4033    5.68316    34.3194    34.3355    26.6836    1483.91    1480.22 0.0000e+00
       2007     55.000     8.3698     8.3680   3.595222   3.596531     2.2144    -0.0558      65.57 4.9502e-02 0.0000e+00    81.3722    5.69448    34.3324    34.3481    26.6940    1483.93    1480.29 0.0000e+00
       2029     56.000     8.3684     8.3668   3.595773   3.597103     2.2171 -9.990e-29      60.65 4.9479e-02 0.0000e+00    81.3466    5.70900    34.3391    34.3548    26.6996    1483.95    1480.35 0.0000e+00
       2050     57.000     8.3527     8.3519   3.598777   3.600087     2.2200 -9.990e-29      98.61 4.9492e-02 0.0000e+00    81.3386    5.71234    34.3859    34.4006    26.7387    1483.97    1480.42 0.0000e+00
       2072     58.000     8.3478     8.3462   3.600046   3.601348     2.2216 -9.990e-29      32.41 4.9499e-02 0.0000e+00    81.3014    5.70328    34.4037    34.4191    26.7534    1483.99    1480.48 0.0000e+00
       2095     59.000     8.3459     8.3444   3.600799   3.602114     2.2222 -9.990e-29      97.60 4.9476e-02 0.0000e+00    81.2819    5.69977    34.4131    34.4286    26.7610    1484.01    1480.54 0.0000e+00
       2117     60.000     8.3447     8.3431   3.601103   3.602399     2.2225 -9.990e-29      52.92 4.9465e-02 0.0000e+00    81.2503    5.69431    34.4170    34.4324    26.7643    1484.03    1480.60 0.0000e+00
       2139     61.000     8.3395     8.3382   3.601783   3.603082     2.2220 -9.990e-29      98.59 4.9464e-02 0.0000e+00    81.2443    5.68658    34.4289    34.4440    26.7744    1484.04    1480.65 0.0000e+00
       2162     62.000     8.3321     8.3309   3.603129   3.604436     2.2208 -9.990e-29      67.21 4.9477e-02 0.0000e+00    81.2409    5.67768    34.4500    34.4651    26.7921    1484.05    1480.71 0.0000e+00
       2183     63.000     8.3262     8.3251   3.603864   3.605148     2.2195 -9.990e-29      98.75 4.9483e-02 0.0000e+00    81.2304    5.67628    34.4631    34.4778    26.8032    1484.06    1480.76 0.0000e+00
       2206     64.000     8.3246     8.3228   3.605267   3.606517     2.2185 -9.990e-29      75.25 4.9496e-02 0.0000e+00    81.2300    5.67275    34.4791    34.4942    26.8161    1484.09    1480.81 0.0000e+00
       2227     65.000     8.3178     8.3168   3.606693   3.607963     2.2172 -9.990e-29      98.77 4.9464e-02 0.0000e+00    81.2051    5.67622    34.5005    34.5150    26.8339    1484.11    1480.86 0.0000e+00
       2249     66.000     8.3150     8.3137   3.606934   3.608238     2.2175 -9.990e-29      84.08 4.9465e-02 0.0000e+00    81.1915    5.68523    34.5053    34.5205    26.8381    1484.12    1480.91 0.0000e+00
       2270     67.000     8.3150     8.3133   3.607005   3.608306     2.2173 -9.990e-29      98.74 4.9489e-02 0.0000e+00    81.1823    5.67972    34.5056    34.5211    26.8383    1484.14    1480.96 0.0000e+00
       2292     68.000     8.3148     8.3127   3.606981   3.608252     2.2164    -0.0553      95.22 4.9465e-02 0.0000e+00    81.1911    5.67451    34.5051    34.5207    26.8379    1484.16    1481.01 0.0000e+00
       2314     69.000     8.3132     8.3116   3.606993   3.608291     2.2159    -0.0564      34.80 4.9459e-02 0.0000e+00    81.1829    5.67455    34.5063    34.5217    26.8391    1484.17    1481.05 0.0000e+00
       2335     70.000     8.3101     8.3087   3.607132   3.608434     2.2153    -0.0664      92.98 4.9477e-02 0.0000e+00    81.1812    5.67572    34.5103    34.5256    26.8428    1484.18    1481.10 0.0000e+00
       2357     71.000     8.3035     8.3017   3.608614   3.610081     2.2149    -0.0595      50.98 4.9490e-02 0.0000e+00    81.1502    5.67955    34.5321    34.5495    26.8609    1484.20    1481.14 0.0000e+00
       2380     72.000     8.3008     8.2993   3.609606   3.610910     2.2151    -0.0437      97.00 4.9477e-02 0.0000e+00    81.1540    5.67716    34.5448    34.5602    26.8713    1484.22    1481.18 0.0000e+00
       2402     73.000     8.2979     8.2964   3.610173   3.611481     2.2142    -0.0437      60.81 4.9487e-02 0.0000e+00    81.1318    5.67149    34.5532    34.5687    26.8783    1484.23    1481.23 0.0000e+00
       2425     74.000     8.2959     8.2943   3.610452   3.611751     2.2136 -9.990e-29      99.01 4.9471e-02 0.0000e+00    81.1608    5.67087    34.5577    34.5731    26.8821    1484.25    1481.27 0.0000e+00
       2447     75.000     8.2943     8.2927   3.610644   3.611944     2.2128 -9.990e-29      82.84 4.9469e-02 0.0000e+00    81.1751    5.66468    34.5608    34.5763    26.8848    1484.26    1481.31 0.0000e+00
       2469     76.000     8.2928     8.2912   3.610880   3.612196     2.2115 -9.990e-29      98.54 4.9458e-02 0.0000e+00    81.1667    5.65944    34.5644    34.5799    26.8878    1484.28    1481.34 0.0000e+00
       2491     77.000     8.2913     8.2897   3.611123   3.612410     2.2106    -0.0555      97.99 4.9479e-02 0.0000e+00    81.1889    5.66139    34.5679    34.5832    26.8908    1484.29    1481.38 0.0000e+00
