_data/ctd/2022603/sta0165.cnv
* Sea-Bird SBE 9 Data File:
* FileName = C:\Seabird\CTDData\sta0165.hex
* Software Version Seasave V 7.21f
* Temperature SN = 6264
* Conductivity SN = 4928
* Number of Bytes Per Scan = 40
* Number of Voltage Words = 5
* Number of Scans Averaged by the Deck Unit = 1
* NMEA Latitude = 60 52.50 N
* NMEA Longitude = 005 25.79 E
* NMEA UTC (Time) = Feb 12 2022 17:24:18
* NMEA baud rate = 4800
** Ship: R/V "Kristine Bonnevie"
** Station: 0165
** Echodepth: 446
** Log: 0493.412
** Wind-Dir/Force: 19 18
** Air-temp (dry): 6.7
** Weather Sky:
** Sea:
# nquan = 19                                
# nvalues = 204                         
# units = specified
# name 0 = scan: Scan Count
# name 1 = prDM: Pressure, Digiquartz [db]
# name 2 = t068C: Temperature [ITS-68, deg C]
# name 3 = t168C: Temperature, 2 [ITS-68, deg C]
# name 4 = c0S/m: Conductivity [S/m]
# name 5 = c1S/m: Conductivity, 2 [S/m]
# name 6 = sbeox0V: Oxygen raw, SBE 43 [V]
# name 7 = flECO-AFL: Fluorescence, WET Labs ECO-AFL/FL [mg/m^3]
# name 8 = altM: Altimeter [m]
# name 9 = par: PAR/Irradiance, Biospherical/Licor
# name 10 = spar: SPAR/Surface Irradiance
# name 11 = CStarTr0: Beam Transmission, WET Labs C-Star [%]
# name 12 = sbeox0ML/L: Oxygen, SBE 43 [ml/l], WS = 2
# name 13 = sal00: Salinity, Practical [PSU]
# name 14 = sal11: Salinity, Practical, 2 [PSU]
# name 15 = sigma-t00: Density [sigma-t, Kg/m^3 ]
# name 16 = svCM: Sound Velocity [Chen-Millero, m/s]
# name 17 = avgsvCM: Average Sound Velocity [Chen-Millero, m/s], minP = 1, minS = 5
# name 18 = flag: flag
# span 0 =        470,       5302       
# span 1 =      9.000,    212.000       
# span 2 =     8.3228,    10.0417       
# span 3 =     8.3213,    10.0470       
# span 4 =   3.367800,   3.725433       
# span 5 =   3.370534,   3.726822       
# span 6 =     1.6425,     2.3653       
# span 7 =    -0.0798,     0.0708       
# span 8 =      26.12,     100.15       
# span 9 = 4.9439e-02, 6.5818e-02       
# span 10 = 0.0000e+00, 0.0000e+00      
# span 11 =    81.5706,    82.3766      
# span 12 =    3.82273,    6.19116      
# span 13 =    31.8909,    34.9447      
# span 14 =    31.9170,    34.9599      
# span 15 =    24.7701,    27.1815      
# span 16 =    1480.41,    1489.41      
# span 17 =    1480.41,    1486.16      
# span 18 = 0.0000e+00, 0.0000e+00      
# interval = decibars: 1                
# start_time = Feb 12 2022 17:24:20 [System UTC, header]
# bad_flag = -9.990e-29
*END*
[from data line 77]
       2417     86.000     8.6459     8.6445   3.656900   3.658167     1.9608    -0.0599      47.03 4.9452e-02 0.0000e+00    82.0285    4.76049    34.7009    34.7157    26.9404    1485.93    1486.12 0.0000e+00
       2439     87.000     8.6354     8.6347   3.656476   3.657737     1.9571    -0.0654      97.70 4.9483e-02 0.0000e+00    82.0330    4.75676    34.7063    34.7203    26.9462    1485.91    1486.11 0.0000e+00
       2462     88.000     8.6195     8.6183   3.656016   3.657282     1.9539    -0.0638      98.19 4.9475e-02 0.0000e+00    82.0247    4.75302    34.7165    34.7311    26.9568    1485.88    1486.11 0.0000e+00
       2485     89.000     8.6098     8.6088   3.655496   3.656761     1.9510    -0.0638      60.90 4.9475e-02 0.0000e+00    82.0320    4.74724    34.7201    34.7345    26.9611    1485.87    1486.11 0.0000e+00
       2507     90.000     8.5995     8.5984   3.654968   3.656220     1.9481    -0.0682      63.56 4.9483e-02 0.0000e+00    82.0431    4.73733    34.7242    34.7385    26.9658    1485.85    1486.11 0.0000e+00
       2530     91.000     8.5910     8.5897   3.654529   3.655785     1.9448    -0.0690      98.89 4.9475e-02 0.0000e+00    82.0100    4.72301    34.7274    34.7420    26.9697    1485.84    1486.10 0.0000e+00
       2553     92.000     8.5784     8.5779   3.653562   3.654815     1.9410    -0.0657      93.61 4.9471e-02 0.0000e+00    82.0379    4.70696    34.7291    34.7428    26.9730    1485.81    1486.10 0.0000e+00
       2575     93.000     8.5539     8.5533   3.651749   3.653011     1.9367    -0.0694      98.79 4.9463e-02 0.0000e+00    82.0419    4.68215    34.7335    34.7475    26.9803    1485.74    1486.10 0.0000e+00
       2597     94.000     8.5333     8.5328   3.650625   3.651858     1.9307    -0.0625      94.66 4.9477e-02 0.0000e+00    82.0675    4.64804    34.7414    34.7549    26.9897    1485.69    1486.09 0.0000e+00
       2619     95.000     8.5256     8.5238   3.650947   3.652172     1.9232    -0.0654      98.75 4.9471e-02 0.0000e+00    82.0776    4.59909    34.7519    34.7667    26.9991    1485.69    1486.09 0.0000e+00
       2641     96.000     8.5288     8.5276   3.652118   3.653388     1.9129    -0.0656      88.41 4.9483e-02 0.0000e+00    82.1045    4.54251    34.7607    34.7753    27.0055    1485.73    1486.08 0.0000e+00
       2663     97.000     8.5155     8.5145   3.651757   3.653021     1.9016    -0.0654      98.75 4.9477e-02 0.0000e+00    82.1353    4.50496    34.7695    34.7839    27.0145    1485.71    1486.08 0.0000e+00
       2685     98.000     8.5098     8.5085   3.651636   3.652893     1.8912    -0.0619      94.22 4.9490e-02 0.0000e+00    82.1163    4.49983    34.7733    34.7879    27.0184    1485.71    1486.08 0.0000e+00
       2708     99.000     8.5039     8.5028   3.651462   3.652717     1.8845    -0.0669      94.62 4.9477e-02 0.0000e+00    82.0969    4.51419    34.7768    34.7912    27.0220    1485.71    1486.07 0.0000e+00
       2729    100.000     8.4909     8.4901   3.650677   3.651930     1.8800    -0.0633      41.61 4.9471e-02 0.0000e+00    82.0889    4.51699    34.7808    34.7949    27.0272    1485.68    1486.07 0.0000e+00
       2751    101.000     8.4849     8.4834   3.650315   3.651582     1.8764    -0.0655      97.96 4.9471e-02 0.0000e+00    82.0659    4.51245    34.7824    34.7974    27.0294    1485.68    1486.06 0.0000e+00
       2773    102.000     8.4857     8.4839   3.650612   3.651855     1.8728    -0.0660      50.77 4.9496e-02 0.0000e+00    82.0792    4.49667    34.7843    34.7993    27.0307    1485.70    1486.06 0.0000e+00
       2795    103.000     8.4962     8.4944   3.652186   3.653504     1.8690    -0.0682      87.51 4.9477e-02 0.0000e+00    82.0697    4.48009    34.7902    34.8059    27.0337    1485.76    1486.06 0.0000e+00
       2817    104.000     8.5027     8.5007   3.653013   3.654254     1.8642    -0.0656      98.29 4.9502e-02 0.0000e+00    82.0718    4.46181    34.7921    34.8072    27.0342    1485.80    1486.06 0.0000e+00
       2839    105.000     8.5031     8.5015   3.653258   3.654518     1.8604    -0.0618      31.95 4.9465e-02 0.0000e+00    82.0407    4.47610    34.7938    34.8087    27.0355    1485.82    1486.05 0.0000e+00
       2861    106.000     8.5026     8.5014   3.653425   3.654704     1.8603    -0.0638      98.65 4.9465e-02 0.0000e+00    82.0483    4.52263    34.7956    34.8103    27.0369    1485.84    1486.05 0.0000e+00
       2883    107.000     8.4867     8.4860   3.652403   3.653666     1.8640    -0.0627      26.12 4.9471e-02 0.0000e+00    82.0193    4.55670    34.7999    34.8140    27.0428    1485.80    1486.05 0.0000e+00
       2905    108.000     8.4778     8.4766   3.651981   3.653243     1.8676    -0.0664      98.06 4.9499e-02 0.0000e+00    81.9924    4.56357    34.8038    34.8183    27.0472    1485.79    1486.05 0.0000e+00
       2927    109.000     8.4709     8.4696   3.651787   3.653065     1.8701    -0.0645      26.78 4.9465e-02 0.0000e+00    82.0040    4.55484    34.8080    34.8229    27.0516    1485.79    1486.04 0.0000e+00
       2949    110.000     8.4615     8.4608   3.651143   3.652384     1.8707    -0.0616      99.22 4.9509e-02 0.0000e+00    82.0140    4.53342    34.8100    34.8239    27.0546    1485.77    1486.04 0.0000e+00
       2971    111.000     8.4442     8.4432   3.649872   3.651143     1.8687    -0.0604      27.65 4.9502e-02 0.0000e+00    82.0315    4.50431    34.8131    34.8276    27.0597    1485.73    1486.04 0.0000e+00
       2993    112.000     8.4350     8.4344   3.649438   3.650698     1.8654    -0.0709     100.15 4.9502e-02 0.0000e+00    82.0097    4.47686    34.8171    34.8311    27.0643    1485.71    1486.04 0.0000e+00
       3015    113.000     8.4121     8.4115   3.647647   3.648911     1.8597    -0.0668      33.00 4.9509e-02 0.0000e+00    82.0288    4.43573    34.8202    34.8342    27.0703    1485.65    1486.03 0.0000e+00
       3037    114.000     8.3991     8.3982   3.647368   3.648615     1.8524    -0.0641      56.07 4.9499e-02 0.0000e+00    82.0716    4.39524    34.8296    34.8438    27.0797    1485.63    1486.03 0.0000e+00
       3059    115.000     8.3916     8.3904   3.647664   3.648922     1.8434    -0.0665      34.17 4.9499e-02 0.0000e+00    82.1045    4.34806    34.8397    34.8543    27.0887    1485.63    1486.03 0.0000e+00
       3081    116.000     8.3850     8.3837   3.647431   3.648687     1.8330    -0.0683     100.00 4.9502e-02 0.0000e+00    82.1405    4.29415    34.8433    34.8579    27.0925    1485.63    1486.02 0.0000e+00
       3103    117.000     8.3740     8.3732   3.646978   3.648236     1.8209    -0.0709      69.56 4.9493e-02 0.0000e+00    82.1431    4.25665    34.8489    34.8630    27.0986    1485.61    1486.02 0.0000e+00
       3125    118.000     8.3630     8.3618   3.646644   3.647902     1.8099    -0.0692      98.81 4.9505e-02 0.0000e+00    82.1929    4.23240    34.8557    34.8703    27.1057    1485.59    1486.02 0.0000e+00
       3147    119.000     8.3588     8.3574   3.646730   3.647983     1.8001    -0.0707      67.22 4.9477e-02 0.0000e+00    82.2093    4.21035    34.8603    34.8750    27.1099    1485.60    1486.01 0.0000e+00
       3168    120.000     8.3554     8.3541   3.646793   3.648051     1.7909    -0.0673      98.13 4.9502e-02 0.0000e+00    82.2167    4.17797    34.8639    34.8785    27.1133    1485.61    1486.01 0.0000e+00
       3190    121.000     8.3523     8.3507   3.646701   3.647949     1.7808    -0.0683      38.76 4.9485e-02 0.0000e+00    82.2767    4.14404    34.8655    34.8803    27.1150    1485.61    1486.01 0.0000e+00
       3212    122.000     8.3514     8.3500   3.647107   3.648369     1.7714    -0.0757      68.45 4.9496e-02 0.0000e+00    82.2899    4.12189    34.8702    34.8850    27.1189    1485.63    1486.00 0.0000e+00
       3233    123.000     8.3489     8.3473   3.647719   3.648973     1.7626    -0.0793      68.17 4.9490e-02 0.0000e+00    82.3140    4.09841    34.8787    34.8937    27.1259    1485.65    1486.00 0.0000e+00
       3255    124.000     8.3464     8.3449   3.647929   3.649183     1.7540    -0.0612      97.33 4.9483e-02 0.0000e+00    82.3234    4.07415    34.8830    34.8978    27.1296    1485.66    1486.00 0.0000e+00
       3277    125.000     8.3447     8.3432   3.648110   3.649361     1.7458    -0.0626      62.35 4.9485e-02 0.0000e+00    82.3045    4.04594    34.8861    34.9009    27.1323    1485.68    1485.99 0.0000e+00
       3299    126.000     8.3426     8.3411   3.648269   3.649528     1.7370    -0.0604      98.40 4.9483e-02 0.0000e+00    82.3159    4.01498    34.8894    34.9043    27.1352    1485.69    1485.99 0.0000e+00
       3320    127.000     8.3426     8.3411   3.648913   3.650175     1.7286    -0.0640      67.40 4.9527e-02 0.0000e+00    82.3359    3.99718    34.8958    34.9107    27.1402    1485.71    1485.99 0.0000e+00
       3342    128.000     8.3385     8.3373   3.648882   3.650140     1.7212    -0.0618      97.83 4.9505e-02 0.0000e+00    82.3637    3.98518    34.8990    34.9136    27.1434    1485.72    1485.99 0.0000e+00
       3364    129.000     8.3358     8.3343   3.648993   3.650260     1.7147    -0.0680      57.54 4.9481e-02 0.0000e+00    82.3489    3.97002    34.9024    34.9174    27.1465    1485.73    1485.99 0.0000e+00
       3386    130.000     8.3352     8.3337   3.649219   3.650473     1.7082    -0.0699      96.14 4.9498e-02 0.0000e+00    82.3301    3.94855    34.9049    34.9198    27.1486    1485.75    1485.98 0.0000e+00
       3408    131.000     8.3326     8.3312   3.649444   3.650698     1.7021    -0.0632      60.39 4.9502e-02 0.0000e+00    82.3639    3.93935    34.9094    34.9241    27.1525    1485.76    1485.98 0.0000e+00
       3429    132.000     8.3308     8.3293   3.649785   3.651040     1.6974    -0.0670      96.46 4.9518e-02 0.0000e+00    82.3382    3.93586    34.9143    34.9292    27.1566    1485.77    1485.98 0.0000e+00
       3450    133.000     8.3301     8.3285   3.650090   3.651350     1.6929    -0.0717      58.05 4.9512e-02 0.0000e+00    82.3505    3.92657    34.9178    34.9328    27.1595    1485.79    1485.98 0.0000e+00
       3471    134.000     8.3301     8.3285   3.650279   3.651531     1.6895    -0.0742      98.96 4.9518e-02 0.0000e+00    82.3623    3.92285    34.9193    34.9343    27.1607    1485.81    1485.98 0.0000e+00
       3492    135.000     8.3301     8.3286   3.650478   3.651732     1.6863    -0.0707      56.73 4.9498e-02 0.0000e+00    82.3766    3.91432    34.9210    34.9358    27.1620    1485.83    1485.98 0.0000e+00
       3514    136.000     8.3293     8.3278   3.650655   3.651917     1.6827    -0.0710      57.78 4.9496e-02 0.0000e+00    82.3512    3.89649    34.9232    34.9381    27.1638    1485.84    1485.98 0.0000e+00
       3535    137.000     8.3296     8.3279   3.650797   3.652052     1.6788    -0.0676      52.09 4.9472e-02 0.0000e+00    82.3444    3.88470    34.9239    34.9390    27.1643    1485.86    1485.97 0.0000e+00
       3556    138.000     8.3298     8.3281   3.650924   3.652184     1.6752    -0.0687      99.46 4.9526e-02 0.0000e+00    82.3081    3.87671    34.9246    34.9397    27.1648    1485.88    1485.97 0.0000e+00
       3578    139.000     8.3294     8.3278   3.651017   3.652286     1.6718    -0.0531      58.63 4.9496e-02 0.0000e+00    82.2863    3.87031    34.9255    34.9406    27.1656    1485.90    1485.97 0.0000e+00
       3599    140.000     8.3295     8.3279   3.651157   3.652420     1.6690    -0.0615      98.40 4.9505e-02 0.0000e+00    82.2687    3.86361    34.9264    34.9414    27.1663    1485.92    1485.97 0.0000e+00
       3620    141.000     8.3291     8.3275   3.651252   3.652514     1.6659    -0.0664      46.37 4.9519e-02 0.0000e+00    82.2407    3.85224    34.9273    34.9423    27.1671    1485.93    1485.97 0.0000e+00
       3641    142.000     8.3282     8.3266   3.651303   3.652572     1.6629    -0.0705      94.04 4.9512e-02 0.0000e+00    82.2252    3.84529    34.9283    34.9434    27.1680    1485.95    1485.97 0.0000e+00
       3663    143.000     8.3278     8.3262   3.651380   3.652639     1.6601    -0.0678      98.79 4.9515e-02 0.0000e+00    82.2006    3.83928    34.9290    34.9440    27.1686    1485.96    1485.97 0.0000e+00
       3684    144.000     8.3276     8.3260   3.651473   3.652746     1.6578    -0.0645      91.78 4.9492e-02 0.0000e+00    82.1855    3.83546    34.9297    34.9449    27.1692    1485.98    1485.97 0.0000e+00
       3705    145.000     8.3276     8.3260   3.651573   3.652830     1.6555    -0.0650      98.60 4.9519e-02 0.0000e+00    82.1695    3.83289    34.9303    34.9453    27.1697    1486.00    1485.97 0.0000e+00
       3726    146.000     8.3279     8.3262   3.651683   3.652937     1.6538    -0.0610      54.78 4.9502e-02 0.0000e+00    82.1788    3.83677    34.9307    34.9457    27.1699    1486.01    1485.97 0.0000e+00
       3748    147.000     8.3278     8.3262   3.651788   3.653046     1.6530    -0.0617      96.57 4.9505e-02 0.0000e+00    82.1860    3.83456    34.9314    34.9464    27.1705    1486.03    1485.97 0.0000e+00
       3769    148.000     8.3269     8.3254   3.651803   3.653060     1.6515    -0.0649      91.70 4.9465e-02 0.0000e+00    82.1587    3.83280    34.9320    34.9469    27.1711    1486.04    1485.97 0.0000e+00
       3790    149.000     8.3266     8.3250   3.651860   3.653121     1.6507    -0.0682      97.79 4.9496e-02 0.0000e+00    82.1415    3.82744    34.9324    34.9474    27.1715    1486.06    1485.97 0.0000e+00
       3812    150.000     8.3266     8.3250   3.651934   3.653201     1.6494    -0.0675      90.43 4.9486e-02 0.0000e+00    82.1375    3.82379    34.9327    34.9478    27.1717    1486.08    1485.97 0.0000e+00
       3833    151.000     8.3266     8.3250   3.652003   3.653263     1.6482    -0.0631      97.43 4.9512e-02 0.0000e+00    82.1597    3.82655    34.9330    34.9480    27.1719    1486.09    1485.98 0.0000e+00
       3855    152.000     8.3267     8.3251   3.652072   3.653333     1.6478    -0.0623      98.78 4.9508e-02 0.0000e+00    82.1788    3.83013    34.9331    34.9482    27.1720    1486.11    1485.98 0.0000e+00
       3876    153.000     8.3264     8.3248   3.652118   3.653380     1.6474    -0.0707      41.99 4.9512e-02 0.0000e+00    82.1668    3.82814    34.9334    34.9485    27.1723    1486.13    1485.98 0.0000e+00
       3898    154.000     8.3265     8.3248   3.652201   3.653470     1.6470    -0.0656      97.48 4.9515e-02 0.0000e+00    82.1705    3.82602    34.9337    34.9489    27.1725    1486.14    1485.98 0.0000e+00
       3919    155.000     8.3265     8.3249   3.652296   3.653568     1.6464    -0.0665      44.98 4.9484e-02 0.0000e+00    82.1583    3.82443    34.9343    34.9494    27.1730    1486.16    1485.98 0.0000e+00
       3941    156.000     8.3263     8.3247   3.652370   3.653635     1.6458    -0.0613      98.27 4.9492e-02 0.0000e+00    82.1648    3.82431    34.9348    34.9498    27.1734    1486.18    1485.98 0.0000e+00
       3963    157.000     8.3261     8.3245   3.652440   3.653703     1.6453    -0.0686      43.29 4.9515e-02 0.0000e+00    82.1549    3.82285    34.9352    34.9503    27.1738    1486.19    1485.98 0.0000e+00
       3984    158.000     8.3259     8.3244   3.652519   3.653782     1.6450    -0.0656      73.17 4.9509e-02 0.0000e+00    82.1362    3.82328    34.9358    34.9507    27.1742    1486.21    1485.98 0.0000e+00
       4006    159.000     8.3257     8.3242   3.652576   3.653850     1.6445    -0.0613      29.18 4.9483e-02 0.0000e+00    82.1246    3.82307    34.9361    34.9512    27.1745    1486.23    1485.99 0.0000e+00
       4028    160.000     8.3256     8.3241   3.652644   3.653905     1.6443    -0.0709      97.93 4.9533e-02 0.0000e+00    82.1200    3.82657    34.9365    34.9514    27.1748    1486.24    1485.99 0.0000e+00
