_data/ctd/2022603/sta0174.cnv
* Sea-Bird SBE 9 Data File:
* FileName = C:\Seabird\CTDData\sta0174.hex
* Software Version Seasave V 7.21f
* Temperature SN = 6264
* Conductivity SN = 4928
* Number of Bytes Per Scan = 40
* Number of Voltage Words = 5
* Number of Scans Averaged by the Deck Unit = 1
* NMEA Latitude = 60 46.97 N
* NMEA Longitude = 005 16.34 E
* NMEA UTC (Time) = Feb 13 2022 01:21:40
* NMEA baud rate = 4800
** Ship: R/V "Kristine Bonnevie"
** Station: 0174
** Echodepth: 134
** Log: 0519.072
** Wind-Dir/Force: 19 19
** Air-temp (dry): 7.5
** Weather Sky:
** Sea:
# nquan = 19                                
# nvalues = 123                         
# units = specified
# name 0 = scan: Scan Count
# name 1 = prDM: Pressure, Digiquartz [db]
# name 2 = t068C: Temperature [ITS-68, deg C]
# name 3 = t168C: Temperature, 2 [ITS-68, deg C]
# name 4 = c0S/m: Conductivity [S/m]
# name 5 = c1S/m: Conductivity, 2 [S/m]
# name 6 = sbeox0V: Oxygen raw, SBE 43 [V]
# name 7 = flECO-AFL: Fluorescence, WET Labs ECO-AFL/FL [mg/m^3]
# name 8 = altM: Altimeter [m]
# name 9 = par: PAR/Irradiance, Biospherical/Licor
# name 10 = spar: SPAR/Surface Irradiance
# name 11 = CStarTr0: Beam Transmission, WET Labs C-Star [%]
# name 12 = sbeox0ML/L: Oxygen, SBE 43 [ml/l], WS = 2
# name 13 = sal00: Salinity, Practical [PSU]
# name 14 = sal11: Salinity, Practical, 2 [PSU]
# name 15 = sigma-t00: Density [sigma-t, Kg/m^3 ]
# name 16 = svCM: Sound Velocity [Chen-Millero, m/s]
# name 17 = avgsvCM: Average Sound Velocity [Chen-Millero, m/s], minP = 1, minS = 5
# name 18 = flag: flag
# span 0 =         15,       2721       
# span 1 =      7.000,    129.000       
# span 2 =     6.7028,     9.0541       
# span 3 =     6.6574,     9.0530       
# span 4 =   3.092030,   3.667661       
# span 5 =   3.087310,   3.669075       
# span 6 =     2.0854,     2.4626       
# span 7 =    -0.0957,     0.3229       
# span 8 =       7.98,      98.86       
# span 9 = 4.9452e-02, 1.2603e-01       
# span 10 = 0.0000e+00, 0.0000e+00      
# span 11 =    79.9940,    81.7056      
# span 12 =    5.19699,    6.92672      
# span 13 =    30.4947,    34.8481      
# span 14 =    30.4744,    34.8643      
# span 15 =    23.9097,    27.0830      
# span 16 =    1471.96,    1486.69      
# span 17 =    1471.96,    1483.90      
# span 18 = 0.0000e+00, 0.0000e+00      
# interval = decibars: 1                
# start_time = Feb 13 2022 01:21:43 [System UTC, header]
# bad_flag = -9.990e-29
*END*
         15      7.000     6.7028     6.6574   3.092030   3.088402     2.4438     0.3229      98.82 1.2603e-01 0.0000e+00    80.1763    6.83055    30.4947    30.4955    23.9097    1471.96    1471.96 0.0000e+00
         40      8.000     6.7516     6.7407   3.101973   3.099581     2.4519     0.2775      98.82 9.0987e-02 0.0000e+00    79.9940    6.92672    30.5592    30.5428    23.9543    1472.25    1472.00 0.0000e+00
         64      9.000     6.7099     6.6667   3.095030   3.087310     2.4570     0.2005      98.83 7.4188e-02 0.0000e+00    80.2697    6.86759    30.5202    30.4744    23.9289    1472.06    1472.01 0.0000e+00
         88     10.000     7.4535     7.3882   3.286603   3.284086     2.4534     0.2008      98.82 6.6634e-02 0.0000e+00    80.5450    6.64621    31.9219    31.9549    24.9341    1476.72    1472.48 0.0000e+00
        112     11.000     7.6482     7.6448   3.334329   3.335562     2.4563     0.1636      98.83 5.4135e-02 0.0000e+00    80.4700    6.69642    32.2544    32.2708    25.1684    1477.90    1472.97 0.0000e+00
        136     12.000     7.6455     7.6442   3.335980   3.337170     2.4626     0.0778      69.90 4.9570e-02 0.0000e+00    80.5350    6.65055    32.2742    32.2882    25.1843    1477.93    1473.38 0.0000e+00
        159     13.000     7.7686     7.7569   3.360311   3.361616     2.4569     0.0271      95.74 4.9895e-02 0.0000e+00    80.9098    6.50996    32.4201    32.4450    25.2816    1478.60    1473.78 0.0000e+00
        181     14.000     7.9348     7.9226   3.397705   3.399043     2.4470     0.0137      98.81 4.9510e-02 0.0000e+00    81.0846    6.43602    32.6643    32.6899    25.4495    1479.55    1474.19 0.0000e+00
        204     15.000     8.1746     8.1591   3.444196   3.445670     2.4392     0.0013      98.82 4.9475e-02 0.0000e+00    81.1408    6.38877    32.9340    32.9642    25.6263    1480.81    1474.63 0.0000e+00
        226     16.000     8.2509     8.2498   3.460709   3.462139     2.4341    -0.0232      98.83 4.9502e-02 0.0000e+00    81.2419    6.37065    33.0370    33.0532    25.6958    1481.25    1475.04 0.0000e+00
        249     17.000     8.2498     8.2479   3.462740   3.464246     2.4279    -0.0440      98.82 4.9489e-02 0.0000e+00    81.3515    6.31627    33.0591    33.0769    25.7133    1481.29    1475.41 0.0000e+00
        271     18.000     8.2925     8.2849   3.472384   3.473791     2.4176    -0.0176      98.82 4.9475e-02 0.0000e+00    81.4042    6.24069    33.1207    33.1427    25.7552    1481.54    1475.75 0.0000e+00
        294     19.000     8.4319     8.4249   3.497097   3.498339     2.4058    -0.0190      67.84 4.9483e-02 0.0000e+00    81.4056    6.19089    33.2502    33.2699    25.8359    1482.24    1476.09 0.0000e+00
        316     20.000     8.4671     8.4628   3.503103   3.504650     2.3975    -0.0186      92.83 4.9500e-02 0.0000e+00    81.4061    6.18459    33.2799    33.3003    25.8539    1482.42    1476.40 0.0000e+00
        339     21.000     8.5072     8.5055   3.512436   3.513875     2.3899    -0.0313      98.86 4.9489e-02 0.0000e+00    81.4164    6.15276    33.3400    33.3568    25.8949    1482.66    1476.70 0.0000e+00
        361     22.000     8.4938     8.4912   3.519162   3.520655     2.3825    -0.0492      98.82 4.9493e-02 0.0000e+00    81.4294    6.12705    33.4232    33.4415    25.9622    1482.73    1476.97 0.0000e+00
        383     23.000     8.5473     8.5453   3.530079   3.531860     2.3744    -0.0471      98.81 4.9471e-02 0.0000e+00    81.4732    6.09430    33.4872    33.5079    26.0042    1483.03    1477.24 0.0000e+00
        405     24.000     8.5178     8.5200   3.529261   3.530754     2.3682    -0.0521      98.82 4.9477e-02 0.0000e+00    81.4536    6.09370    33.5061    33.5198    26.0235    1482.96    1477.47 0.0000e+00
        427     25.000     8.5115     8.5105   3.530372   3.531693     2.3625 -9.990e-29      98.82 4.9489e-02 0.0000e+00    81.4922    6.07973    33.5234    33.5382    26.0380    1482.97    1477.69 0.0000e+00
        449     26.000     8.5611     8.5480   3.540326   3.541368     2.3572 -9.990e-29      75.69 4.9483e-02 0.0000e+00    81.4903    6.06915    33.5807    33.6042    26.0754    1483.24    1477.91 0.0000e+00
        471     27.000     8.6753     8.6730   3.554855   3.556141     2.3543 -9.990e-29      86.73 4.9466e-02 0.0000e+00    81.5086    6.07028    33.6246    33.6404    26.0922    1483.74    1478.12 0.0000e+00
        492     28.000     8.5309     8.5358   3.540966   3.541834     2.3544    -0.0558      98.75 4.9452e-02 0.0000e+00    81.5005    6.10396    33.6153    33.6198    26.1071    1483.21    1478.30 0.0000e+00
        514     29.000     8.2673     8.2753   3.516052   3.517078     2.3520    -0.0514      98.82 4.9492e-02 0.0000e+00    81.5289    6.08162    33.6027    33.6059    26.1371    1482.22    1478.44 0.0000e+00
        536     30.000     8.1635     8.1662   3.506323   3.507666     2.3442    -0.0517      98.81 4.9475e-02 0.0000e+00    81.5166    6.04500    33.5981    33.6098    26.1490    1481.84    1478.55 0.0000e+00
        558     31.000     8.1336     8.1328   3.503501   3.504767     2.3372    -0.0242      73.05 4.9477e-02 0.0000e+00    81.4905    6.07679    33.5962    33.6105    26.1520    1481.74    1478.65 0.0000e+00
        581     32.000     8.0804     8.0841   3.498247   3.499597     2.3378    -0.0457      46.96 4.9496e-02 0.0000e+00    81.4437    6.16926    33.5907    33.6016    26.1555    1481.55    1478.74 0.0000e+00
        603     33.000     8.0235     8.0206   3.493471   3.494212     2.3439    -0.0506      48.50 4.9496e-02 0.0000e+00    81.4569    6.22835    33.5938    33.6045    26.1664    1481.36    1478.82 0.0000e+00
        625     34.000     7.9952     7.9893   3.491916   3.493080     2.3506    -0.0386      38.05 4.9487e-02 0.0000e+00    81.3846    6.25715    33.6039    33.6220    26.1784    1481.28    1478.89 0.0000e+00
        647     35.000     7.9668     7.9667   3.491086   3.492214     2.3568    -0.0313      77.08 4.9471e-02 0.0000e+00    81.3943    6.28196    33.6219    33.6340    26.1967    1481.21    1478.96 0.0000e+00
        670     36.000     8.0160     8.0144   3.497748   3.499184     2.3636    -0.0448      98.71 4.9475e-02 0.0000e+00    81.3743    6.29412    33.6453    33.6622    26.2079    1481.44    1479.03 0.0000e+00
        692     37.000     8.0413     8.0390   3.501919   3.503663     2.3695    -0.0257      93.82 4.9458e-02 0.0000e+00    81.3264    6.30248    33.6651    33.6860    26.2197    1481.58    1479.10 0.0000e+00
        714     38.000     8.0291     8.0336   3.501979   3.503470     2.3746    -0.0225      31.50 4.9477e-02 0.0000e+00    81.3369    6.30281    33.6770    33.6886    26.2308    1481.56    1479.16 0.0000e+00
        737     39.000     8.0946     8.0876   3.512132   3.513634     2.3774    -0.0225      57.84 4.9483e-02 0.0000e+00    81.3375    6.27298    33.7219    33.7447    26.2564    1481.88    1479.23 0.0000e+00
        758     40.000     8.2257     8.2165   3.528471   3.529875     2.3777    -0.0249      26.59 4.9464e-02 0.0000e+00    81.3451    6.25163    33.7694    33.7932    26.2741    1482.45    1479.31 0.0000e+00
        780     41.000     8.3441     8.3367   3.542965   3.544244     2.3804    -0.0358      57.98 4.9479e-02 0.0000e+00    81.3621    6.26210    33.8091    33.8298    26.2874    1482.96    1479.40 0.0000e+00
        801     42.000     8.4750     8.4621   3.560225   3.561510     2.3835    -0.0536      46.27 4.9489e-02 0.0000e+00    81.3824    6.23224    33.8657    33.8917    26.3119    1483.54    1479.50 0.0000e+00
        823     43.000     8.6632     8.6532   3.584954   3.586220     2.3831 -9.990e-29      97.98 4.9459e-02 0.0000e+00    81.4240    6.17337    33.9455    33.9684    26.3455    1484.35    1479.61 0.0000e+00
        845     44.000     8.6766     8.6740   3.588337   3.589512     2.3816 -9.990e-29      56.26 4.9489e-02 0.0000e+00    81.4486    6.13772    33.9678    33.9827    26.3609    1484.45    1479.72 0.0000e+00
        867     45.000     8.6968     8.6977   3.591795   3.593841     2.3757 -9.990e-29      98.00 4.9477e-02 0.0000e+00    81.5032    6.05600    33.9843    34.0050    26.3707    1484.56    1479.83 0.0000e+00
        889     46.000     8.6904     8.6924   3.591725   3.593240     2.3638 -9.990e-29      61.72 4.9471e-02 0.0000e+00    81.5454    5.97645    33.9893    34.0033    26.3756    1484.56    1479.93 0.0000e+00
        911     47.000     8.6218     8.6236   3.584660   3.585597     2.3505 -9.990e-29      55.31 4.9496e-02 0.0000e+00    81.5424    5.94469    33.9803    33.9885    26.3792    1484.31    1480.02 0.0000e+00
        933     48.000     8.4913     8.4933   3.573403   3.574697     2.3386 -9.990e-29      46.75 4.9502e-02 0.0000e+00    81.5745    5.92583    33.9866    33.9983    26.4042    1483.85    1480.10 0.0000e+00
        955     49.000     8.5244     8.5142   3.579425   3.580207     2.3257 -9.990e-29      98.43 4.9477e-02 0.0000e+00    81.5635    5.89978    34.0179    34.0360    26.4237    1484.02    1480.18 0.0000e+00
        977     50.000     8.7285     8.7131   3.605176   3.606373     2.3179 -9.990e-29      78.88 4.9458e-02 0.0000e+00    81.5744    5.91737    34.0923    34.1197    26.4504    1484.89    1480.28 0.0000e+00
        999     51.000     8.8053     8.7979   3.614110   3.614987     2.3178 -9.990e-29      98.72 4.9483e-02 0.0000e+00    81.5589    5.96623    34.1118    34.1281    26.4537    1485.22    1480.37 0.0000e+00
       1022     52.000     8.9350     8.9222   3.631423   3.632690     2.3200 -9.990e-29      92.19 4.9452e-02 0.0000e+00    81.5767    5.93315    34.1681    34.1936    26.4773    1485.78    1480.48 0.0000e+00
       1044     53.000     8.8818     8.8848   3.629283   3.630612     2.3170 -9.990e-29      32.05 4.9483e-02 0.0000e+00    81.5832    5.88299    34.1964    34.2074    26.5079    1485.64    1480.57 0.0000e+00
       1066     54.000     8.8444     8.8438   3.627297   3.628720     2.3103 -9.990e-29      90.12 4.9464e-02 0.0000e+00    81.6003    5.81080    34.2112    34.2267    26.5254    1485.53    1480.67 0.0000e+00
       1088     55.000     8.8589     8.8531   3.631468   3.632819     2.2977 -9.990e-29      98.27 4.9452e-02 0.0000e+00    81.6384    5.74005    34.2405    34.2602    26.5461    1485.64    1480.76 0.0000e+00
       1109     56.000     8.9201     8.9166   3.639610   3.641036     2.2863    -0.0680      86.40 4.9471e-02 0.0000e+00    81.6214    5.72405    34.2663    34.2846    26.5566    1485.92    1480.85 0.0000e+00
       1131     57.000     8.9489     8.9441   3.644191   3.645602     2.2787    -0.0728      95.33 4.9477e-02 0.0000e+00    81.6479    5.72530    34.2860    34.3054    26.5675    1486.06    1480.94 0.0000e+00
       1153     58.000     9.0445     9.0384   3.657432   3.658985     2.2723    -0.0701      81.28 4.9471e-02 0.0000e+00    81.6142    5.69734    34.3318    34.3539    26.5881    1486.49    1481.03 0.0000e+00
       1175     59.000     9.0541     9.0530   3.664132   3.665584     2.2663    -0.0698      25.56 4.9477e-02 0.0000e+00    81.6709    5.67347    34.3921    34.4083    26.6338    1486.61    1481.13 0.0000e+00
       1197     60.000     9.0444     9.0426   3.665058   3.666489     2.2589    -0.0706      96.81 4.9496e-02 0.0000e+00    81.6693    5.62063    34.4107    34.4274    26.6499    1486.62    1481.22 0.0000e+00
       1219     61.000     9.0458     9.0437   3.665815   3.667231     2.2478    -0.0647      41.07 4.9471e-02 0.0000e+00    81.6834    5.54425    34.4168    34.4336    26.6544    1486.65    1481.31 0.0000e+00
       1241     62.000     9.0486     9.0465   3.666665   3.668091     2.2330    -0.0667      62.81 4.9483e-02 0.0000e+00    81.7056    5.47701    34.4225    34.4394    26.6584    1486.68    1481.39 0.0000e+00
       1264     63.000     9.0373     9.0350   3.666375   3.667562     2.2181    -0.0669      64.23 4.9464e-02 0.0000e+00    81.7036    5.43803    34.4299    34.4445    26.6661    1486.66    1481.48 0.0000e+00
       1286     64.000     8.9964     8.9916   3.663261   3.664239     2.2044    -0.0704      98.85 4.9475e-02 0.0000e+00    81.6936    5.40890    34.4365    34.4513    26.6777    1486.54    1481.56 0.0000e+00
       1309     65.000     8.9912     8.9913   3.663685   3.665601     2.1914    -0.0743      92.23 4.9477e-02 0.0000e+00    81.6940    5.38610    34.4455    34.4654    26.6856    1486.55    1481.63 0.0000e+00
       1331     66.000     9.0202     9.0182   3.667493   3.668944     2.1810    -0.0686      41.84 4.9475e-02 0.0000e+00    81.6962    5.38673    34.4567    34.4739    26.6898    1486.68    1481.71 0.0000e+00
       1354     67.000     9.0169     9.0151   3.667496   3.668878     2.1750    -0.0712      92.99 4.9483e-02 0.0000e+00    81.6364    5.40053    34.4595    34.4757    26.6925    1486.69    1481.78 0.0000e+00
       1376     68.000     9.0011     8.9999   3.666993   3.668339     2.1703    -0.0731      43.71 4.9475e-02 0.0000e+00    81.6669    5.38604    34.4691    34.4843    26.7025    1486.66    1481.85 0.0000e+00
       1399     69.000     8.9805     8.9797   3.666760   3.668176     2.1642    -0.0681      43.90 4.9483e-02 0.0000e+00    81.6892    5.35675    34.4861    34.5018    26.7192    1486.62    1481.92 0.0000e+00
       1421     70.000     8.9730     8.9713   3.667412   3.668827     2.1577    -0.0673      48.99 4.9469e-02 0.0000e+00    81.6710    5.34240    34.4998    34.5163    26.7311    1486.63    1481.99 0.0000e+00
       1444     71.000     8.9453     8.9465   3.667661   3.669075     2.1525    -0.0702      82.62 4.9483e-02 0.0000e+00    81.7013    5.33622    34.5288    34.5425    26.7582    1486.58    1482.06 0.0000e+00
       1466     72.000     8.9083     8.9091   3.665938   3.667484     2.1472    -0.0663      64.16 4.9487e-02 0.0000e+00    81.6913    5.31751    34.5463    34.5617    26.7778    1486.48    1482.12 0.0000e+00
       1488     73.000     8.8953     8.8944   3.665442   3.666896     2.1408    -0.0696      81.58 4.9471e-02 0.0000e+00    81.6484    5.27739    34.5533    34.5694    26.7853    1486.46    1482.18 0.0000e+00
       1510     74.000     8.8886     8.8875   3.665809   3.667213     2.1321    -0.0670      80.58 4.9483e-02 0.0000e+00    81.6431    5.24272    34.5632    34.5790    26.7941    1486.46    1482.23 0.0000e+00
       1532     75.000     8.8723     8.8713   3.665671   3.667081     2.1247    -0.0587      61.17 4.9496e-02 0.0000e+00    81.6047    5.24218    34.5771    34.5929    26.8077    1486.43    1482.29 0.0000e+00
       1554     76.000     8.8616     8.8604   3.665228   3.666629     2.1193    -0.0626      59.88 4.9483e-02 0.0000e+00    81.6100    5.23641    34.5824    34.5983    26.8135    1486.42    1482.34 0.0000e+00
       1576     77.000     8.8450     8.8442   3.663986   3.665391     2.1139    -0.0660      53.98 4.9483e-02 0.0000e+00    81.6091    5.22019    34.5851    34.6006    26.8182    1486.38    1482.40 0.0000e+00
       1599     78.000     8.8225     8.8219   3.663051   3.664427     2.1082    -0.0660      58.05 4.9481e-02 0.0000e+00    81.6002    5.20675    34.5967    34.6118    26.8309    1486.32    1482.45 0.0000e+00
       1621     79.000     8.8148     8.8133   3.662876   3.664271     2.1034    -0.0692      57.82 4.9483e-02 0.0000e+00    81.5921    5.20737    34.6019    34.6181    26.8362    1486.32    1482.49 0.0000e+00
       1643     80.000     8.8090     8.8077   3.663032   3.664419     2.1004    -0.0704      38.07 4.9508e-02 0.0000e+00    81.6232    5.22376    34.6088    34.6246    26.8425    1486.32    1482.54 0.0000e+00
       1665     81.000     8.7923     8.7916   3.663046   3.664456     2.0999    -0.0693      54.70 4.9502e-02 0.0000e+00    81.6245    5.24267    34.6247    34.6403    26.8576    1486.30    1482.59 0.0000e+00
       1687     82.000     8.7896     8.7879   3.663347   3.664746     2.1002    -0.0716      54.43 4.9534e-02 0.0000e+00    81.6138    5.24289    34.6301    34.6465    26.8623    1486.31    1482.63 0.0000e+00
