_data/ctd/2022603/sta0170.cnv
* Sea-Bird SBE 9 Data File:
* FileName = C:\Seabird\CTDData\sta0170.hex
* Software Version Seasave V 7.21f
* Temperature SN = 6264
* Conductivity SN = 4928
* Number of Bytes Per Scan = 40
* Number of Voltage Words = 5
* Number of Scans Averaged by the Deck Unit = 1
* NMEA Latitude = 60 52.19 N
* NMEA Longitude = 005 22.03 E
* NMEA UTC (Time) = Feb 12 2022 23:06:40
* NMEA baud rate = 4800
** Ship: R/V "Kristine Bonnevie"
** Station: 0170
** Echodepth: 464
** Log: 0512.060
** Wind-Dir/Force: 25 09
** Air-temp (dry): 5.9
** Weather Sky:
** Sea:
# nquan = 19                                
# nvalues = 461                         
# units = specified
# name 0 = scan: Scan Count
# name 1 = prDM: Pressure, Digiquartz [db]
# name 2 = t068C: Temperature [ITS-68, deg C]
# name 3 = t168C: Temperature, 2 [ITS-68, deg C]
# name 4 = c0S/m: Conductivity [S/m]
# name 5 = c1S/m: Conductivity, 2 [S/m]
# name 6 = sbeox0V: Oxygen raw, SBE 43 [V]
# name 7 = flECO-AFL: Fluorescence, WET Labs ECO-AFL/FL [mg/m^3]
# name 8 = altM: Altimeter [m]
# name 9 = par: PAR/Irradiance, Biospherical/Licor
# name 10 = spar: SPAR/Surface Irradiance
# name 11 = CStarTr0: Beam Transmission, WET Labs C-Star [%]
# name 12 = sbeox0ML/L: Oxygen, SBE 43 [ml/l], WS = 2
# name 13 = sal00: Salinity, Practical [PSU]
# name 14 = sal11: Salinity, Practical, 2 [PSU]
# name 15 = sigma-t00: Density [sigma-t, Kg/m^3 ]
# name 16 = svCM: Sound Velocity [Chen-Millero, m/s]
# name 17 = avgsvCM: Average Sound Velocity [Chen-Millero, m/s], minP = 1, minS = 5
# name 18 = flag: flag
# span 0 =         14,      10313       
# span 1 =      3.000,    463.000       
# span 2 =     2.9724,     9.4637       
# span 3 =     2.9825,     9.4666       
# span 4 =   1.232692,   3.677694       
# span 5 =   1.271329,   3.679068       
# span 6 =     1.6030,     2.6028       
# span 7 =    -0.0805,     0.2601       
# span 8 =      12.76,      99.69       
# span 9 = 4.9452e-02, 5.7360e-01       
# span 10 = 0.0000e+00, 0.0000e+00      
# span 11 =    23.9851,    81.8288      
# span 12 =    3.82578,    8.69613      
# span 13 =    12.5067,    34.9702      
# span 14 =    12.9270,    34.9857      
# span 15 =     9.9697,    27.1995      
# span 16 =    1433.23,    1491.32      
# span 17 =    1433.23,    1487.26      
# span 18 = 0.0000e+00, 0.0000e+00      
# interval = decibars: 1                
# start_time = Feb 12 2022 23:06:42 [System UTC, header]
# bad_flag = -9.990e-29
*END*
[from data line 77]
       1866     80.000     8.7077     8.7065   3.659172   3.660511     2.0006    -0.0558      61.39 4.9498e-02 0.0000e+00    76.8204    4.89272    34.6672    34.6825    26.9042    1486.02    1482.95 0.0000e+00
       1892     81.000     8.6997     8.6984   3.658839   3.660173     1.9970    -0.0558      96.37 4.9485e-02 0.0000e+00    76.9942    4.88079    34.6710    34.6864    26.9085    1486.01    1482.98 0.0000e+00
       1917     82.000     8.6898     8.6888   3.658272   3.659612     1.9935    -0.0558      97.83 4.9492e-02 0.0000e+00    77.1615    4.87413    34.6743    34.6894    26.9126    1485.99    1483.02 0.0000e+00
       1942     83.000     8.6805     8.6792   3.657788   3.659123     1.9904    -0.0558      87.92 4.9495e-02 0.0000e+00    77.3623    4.86254    34.6778    34.6932    26.9168    1485.98    1483.06 0.0000e+00
       1967     84.000     8.6734     8.6721   3.657666   3.659008     1.9862    -0.0558      98.41 4.9495e-02 0.0000e+00    77.5430    4.84027    34.6830    34.6984    26.9220    1485.98    1483.09 0.0000e+00
       1992     85.000     8.6629     8.6618   3.657334   3.658652     1.9812    -0.0558      85.06 4.9519e-02 0.0000e+00    77.7592    4.81554    34.6893    34.7043    26.9286    1485.96    1483.12 0.0000e+00
       2018     86.000     8.6530     8.6517   3.657077   3.658417     1.9751    -0.0558      38.41 4.9511e-02 0.0000e+00    77.9472    4.79700    34.6958    34.7113    26.9353    1485.95    1483.16 0.0000e+00
       2044     87.000     8.6440     8.6430   3.656693   3.658015     1.9699    -0.0558      93.01 4.9503e-02 0.0000e+00    78.1821    4.78915    34.7001    34.7151    26.9400    1485.94    1483.19 0.0000e+00
       2069     88.000     8.6239     8.6231   3.655994   3.657314     1.9651    -0.0558      90.74 4.9482e-02 0.0000e+00    78.3712    4.78238    34.7120    34.7267    26.9525    1485.89    1483.22 0.0000e+00
       2095     89.000     8.6004     8.5999   3.655063   3.656385     1.9616    -0.0558      98.81 4.9489e-02 0.0000e+00    78.5794    4.77351    34.7248    34.7392    26.9662    1485.84    1483.25 0.0000e+00
       2121     90.000     8.5903     8.5889   3.654875   3.656209     1.9564    -0.0558      81.22 4.9487e-02 0.0000e+00    78.7968    4.75088    34.7322    34.7477    26.9736    1485.83    1483.28 0.0000e+00
       2146     91.000     8.5902     8.5887   3.655368   3.656695     1.9516    -0.0558      91.25 4.9498e-02 0.0000e+00    78.9756    4.73325    34.7371    34.7526    26.9774    1485.85    1483.31 0.0000e+00
       2172     92.000     8.5863     8.5848   3.655224   3.656545     1.9461    -0.0558      40.38 4.9511e-02 0.0000e+00    79.1857    4.71345    34.7389    34.7543    26.9795    1485.85    1483.33 0.0000e+00
       2198     93.000     8.5770     8.5762   3.654733   3.656069     1.9412    -0.0558      83.79 4.9503e-02 0.0000e+00    79.3711    4.71746    34.7424    34.7573    26.9836    1485.84    1483.36 0.0000e+00
       2223     94.000     8.5674     8.5664   3.654148   3.655469     1.9387 -9.990e-29      98.57 4.9500e-02 0.0000e+00    79.5780    4.72482    34.7451    34.7601    26.9873    1485.82    1483.39 0.0000e+00
       2248     95.000     8.5514     8.5503   3.652994   3.654304     1.9369 -9.990e-29      88.35 4.9491e-02 0.0000e+00    79.7958    4.71722    34.7482    34.7631    26.9922    1485.78    1483.41 0.0000e+00
       2271     96.000     8.5407     8.5398   3.652390   3.653715     1.9338 -9.990e-29      97.40 4.9500e-02 0.0000e+00    80.0017    4.69367    34.7518    34.7668    26.9967    1485.76    1483.44 0.0000e+00
       2294     97.000     8.5315     8.5302   3.651974   3.653295     1.9296 -9.990e-29      76.92 4.9509e-02 0.0000e+00    80.2566    4.65917    34.7560    34.7713    27.0014    1485.75    1483.46 0.0000e+00
       2316     98.000     8.5292     8.5276   3.652064   3.653403     1.9228 -9.990e-29      97.60 4.9518e-02 0.0000e+00    80.4676    4.61288    34.7588    34.7745    27.0039    1485.76    1483.48 0.0000e+00
       2338     99.000     8.5378     8.5362   3.653290   3.654603     1.9141 -9.990e-29      66.10 4.9490e-02 0.0000e+00    80.7210    4.57304    34.7628    34.7783    27.0058    1485.82    1483.51 0.0000e+00
       2361    100.000     8.5343     8.5329   3.653440   3.654744     1.9056 -9.990e-29      58.01 4.9483e-02 0.0000e+00    80.9589    4.55750    34.7674    34.7826    27.0099    1485.83    1483.53 0.0000e+00
       2383    101.000     8.5201     8.5190   3.652515   3.653829     1.8991 -9.990e-29      72.08 4.9469e-02 0.0000e+00    81.1333    4.57383    34.7711    34.7861    27.0150    1485.79    1483.55 0.0000e+00
       2406    102.000     8.5089     8.5079   3.652038   3.653343     1.8966 -9.990e-29      73.68 4.9499e-02 0.0000e+00    81.2356    4.59954    34.7766    34.7914    27.0210    1485.78    1483.57 0.0000e+00
       2428    103.000     8.5103     8.5084   3.652893   3.654196     1.8955 -9.990e-29      62.09 4.9502e-02 0.0000e+00    81.3505    4.59711    34.7838    34.7995    27.0265    1485.81    1483.60 0.0000e+00
       2450    104.000     8.5061     8.5048   3.653074   3.654387     1.8937 -9.990e-29      77.62 4.9478e-02 0.0000e+00    81.3675    4.57841    34.7894    34.8046    27.0315    1485.81    1483.62 0.0000e+00
       2472    105.000     8.4954     8.4940   3.652375   3.653664     1.8903 -9.990e-29      59.54 4.9496e-02 0.0000e+00    81.3872    4.56623    34.7920    34.8071    27.0353    1485.79    1483.64 0.0000e+00
       2494    106.000     8.4970     8.4951   3.653139   3.654445     1.8879    -0.0618      42.55 4.9508e-02 0.0000e+00    81.3884    4.56864    34.7981    34.8138    27.0398    1485.82    1483.66 0.0000e+00
       2516    107.000     8.4968     8.4953   3.653636   3.654958     1.8862    -0.0805      90.62 4.9490e-02 0.0000e+00    81.3689    4.56680    34.8031    34.8186    27.0437    1485.84    1483.68 0.0000e+00
       2538    108.000     8.4928     8.4916   3.653555   3.654880     1.8845    -0.0712      88.80 4.9483e-02 0.0000e+00    81.3760    4.56516    34.8057    34.8209    27.0464    1485.85    1483.70 0.0000e+00
       2560    109.000     8.4874     8.4859   3.653401   3.654722     1.8834    -0.0573      91.28 4.9483e-02 0.0000e+00    81.3735    4.57828    34.8089    34.8244    27.0497    1485.85    1483.72 0.0000e+00
       2582    110.000     8.4789     8.4781   3.653147   3.654459     1.8844    -0.0600      77.58 4.9502e-02 0.0000e+00    81.3612    4.59601    34.8141    34.8288    27.0551    1485.84    1483.74 0.0000e+00
       2604    111.000     8.4600     8.4594   3.652251   3.653565     1.8853    -0.0559      15.08 4.9483e-02 0.0000e+00    81.3582    4.59847    34.8228    34.8373    27.0649    1485.80    1483.76 0.0000e+00
       2627    112.000     8.4441     8.4431   3.651282   3.652581     1.8860 -9.990e-29      85.88 4.9483e-02 0.0000e+00    81.3645    4.59305    34.8277    34.8425    27.0712    1485.76    1483.77 0.0000e+00
       2649    113.000     8.4428     8.4408   3.651506   3.652841     1.8851 -9.990e-29      98.94 4.9470e-02 0.0000e+00    81.3699    4.56557    34.8309    34.8470    27.0739    1485.78    1483.79 0.0000e+00
       2671    114.000     8.4350     8.4344   3.651190   3.652504     1.8814 -9.990e-29      93.03 4.9483e-02 0.0000e+00    81.3975    4.51709    34.8348    34.8493    27.0781    1485.77    1483.81 0.0000e+00
       2693    115.000     8.4211     8.4200   3.650668   3.651992     1.8741 -9.990e-29      40.83 4.9509e-02 0.0000e+00    81.3916    4.47302    34.8425    34.8576    27.0863    1485.74    1483.83 0.0000e+00
       2715    116.000     8.4137     8.4129   3.650445   3.651770     1.8669 -9.990e-29      94.84 4.9496e-02 0.0000e+00    81.3880    4.44880    34.8469    34.8618    27.0910    1485.74    1483.84 0.0000e+00
       2737    117.000     8.4077     8.4065   3.650325   3.651637     1.8590 -9.990e-29      40.95 4.9496e-02 0.0000e+00    81.3889    4.41710    34.8511    34.8663    27.0952    1485.74    1483.86 0.0000e+00
       2759    118.000     8.3985     8.3975   3.649985   3.651294     1.8505 -9.990e-29      51.46 4.9509e-02 0.0000e+00    81.4271    4.38448    34.8561    34.8710    27.1005    1485.72    1483.87 0.0000e+00
       2781    119.000     8.3824     8.3819   3.649039   3.650345     1.8419 -9.990e-29      40.14 4.9496e-02 0.0000e+00    81.4443    4.35298    34.8615    34.8759    27.1073    1485.69    1483.89 0.0000e+00
       2802    120.000     8.3654     8.3648   3.647700   3.649003     1.8328 -9.990e-29      98.83 4.9519e-02 0.0000e+00    81.4428    4.32164    34.8636    34.8781    27.1115    1485.64    1483.90 0.0000e+00
       2824    121.000     8.3559     8.3548   3.647554   3.648857     1.8235 -9.990e-29      41.81 4.9528e-02 0.0000e+00    81.4947    4.28790    34.8710    34.8860    27.1188    1485.63    1483.92 0.0000e+00
       2845    122.000     8.3540     8.3525   3.648294   3.649588     1.8137 -9.990e-29      98.01 4.9502e-02 0.0000e+00    81.5321    4.24350    34.8803    34.8955    27.1263    1485.65    1483.93 0.0000e+00
       2867    123.000     8.3503     8.3490   3.648468   3.649771     1.8022 -9.990e-29      37.23 4.9492e-02 0.0000e+00    81.5746    4.19163    34.8853    34.9005    27.1309    1485.66    1483.95 0.0000e+00
       2889    124.000     8.3443     8.3431   3.648505   3.649815     1.7901 -9.990e-29      98.47 4.9509e-02 0.0000e+00    81.6127    4.14964    34.8912    34.9063    27.1364    1485.66    1483.96 0.0000e+00
       2911    125.000     8.3393     8.3382   3.648315   3.649629     1.7779    -0.0587      41.47 4.9483e-02 0.0000e+00    81.6579    4.11806    34.8936    34.9087    27.1391    1485.66    1483.97 0.0000e+00
       2932    126.000     8.3386     8.3370   3.648548   3.649859     1.7671    -0.0586      98.41 4.9515e-02 0.0000e+00    81.6294    4.09490    34.8963    34.9119    27.1413    1485.68    1483.99 0.0000e+00
       2954    127.000     8.3380     8.3367   3.649084   3.650401     1.7570    -0.0649      38.28 4.9509e-02 0.0000e+00    81.6601    4.07522    34.9021    34.9175    27.1460    1485.70    1484.00 0.0000e+00
       2976    128.000     8.3321     8.3308   3.649251   3.650559     1.7483    -0.0660      97.99 4.9533e-02 0.0000e+00    81.6949    4.05434    34.9093    34.9245    27.1525    1485.71    1484.01 0.0000e+00
       2998    129.000     8.3295     8.3280   3.649315   3.650648     1.7399    -0.0631      42.26 4.9492e-02 0.0000e+00    81.6774    4.03766    34.9121    34.9278    27.1551    1485.72    1484.03 0.0000e+00
       3020    130.000     8.3287     8.3271   3.649461   3.650773     1.7327    -0.0624      99.69 4.9509e-02 0.0000e+00    81.7417    4.02062    34.9139    34.9295    27.1567    1485.73    1484.04 0.0000e+00
       3041    131.000     8.3281     8.3265   3.649653   3.650966     1.7252    -0.0621      43.23 4.9515e-02 0.0000e+00    81.7772    3.99262    34.9161    34.9317    27.1584    1485.75    1484.05 0.0000e+00
       3063    132.000     8.3275     8.3260   3.649890   3.651184     1.7178    -0.0631      65.51 4.9492e-02 0.0000e+00    81.7754    3.97270    34.9187    34.9340    27.1606    1485.77    1484.07 0.0000e+00
       3085    133.000     8.3272     8.3256   3.650042   3.651362     1.7107    -0.0605      37.16 4.9509e-02 0.0000e+00    81.7923    3.95436    34.9202    34.9358    27.1618    1485.78    1484.08 0.0000e+00
       3106    134.000     8.3270     8.3254   3.650174   3.651491     1.7045    -0.0620      99.38 4.9519e-02 0.0000e+00    81.7924    3.94274    34.9213    34.9369    27.1627    1485.80    1484.09 0.0000e+00
       3127    135.000     8.3264     8.3249   3.650415   3.651733     1.6989    -0.0645      33.57 4.9505e-02 0.0000e+00    81.7827    3.93102    34.9240    34.9395    27.1649    1485.82    1484.10 0.0000e+00
       3149    136.000     8.3262     8.3246   3.650555   3.651861     1.6937    -0.0641      98.89 4.9496e-02 0.0000e+00    81.8103    3.92125    34.9252    34.9407    27.1659    1485.84    1484.12 0.0000e+00
       3170    137.000     8.3262     8.3246   3.650680   3.651991     1.6892    -0.0534      69.33 4.9492e-02 0.0000e+00    81.7996    3.91183    34.9260    34.9416    27.1665    1485.85    1484.13 0.0000e+00
       3191    138.000     8.3260     8.3244   3.650829   3.652142     1.6849    -0.0495      98.84 4.9492e-02 0.0000e+00    81.8024    3.90103    34.9273    34.9429    27.1676    1485.87    1484.14 0.0000e+00
       3212    139.000     8.3260     8.3244   3.650916   3.652239     1.6810    -0.0441      68.28 4.9479e-02 0.0000e+00    81.7909    3.89608    34.9278    34.9435    27.1679    1485.89    1484.16 0.0000e+00
       3234    140.000     8.3262     8.3246   3.651029   3.652344     1.6778    -0.0503      55.00 4.9515e-02 0.0000e+00    81.7884    3.89007    34.9283    34.9439    27.1683    1485.91    1484.17 0.0000e+00
       3255    141.000     8.3263     8.3248   3.651107   3.652418     1.6746    -0.0448      68.44 4.9496e-02 0.0000e+00    81.7926    3.88083    34.9285    34.9440    27.1685    1485.92    1484.18 0.0000e+00
       3277    142.000     8.3265     8.3249   3.651179   3.652497     1.6715    -0.0405      97.82 4.9550e-02 0.0000e+00    81.7655    3.87537    34.9286    34.9443    27.1685    1485.94    1484.19 0.0000e+00
       3298    143.000     8.3263     8.3248   3.651251   3.652569     1.6690    -0.0553      62.77 4.9552e-02 0.0000e+00    81.7587    3.87073    34.9291    34.9446    27.1689    1485.96    1484.20 0.0000e+00
       3319    144.000     8.3262     8.3246   3.651367   3.652682     1.6667    -0.0602      95.98 4.9458e-02 0.0000e+00    81.7553    3.86684    34.9300    34.9456    27.1696    1485.97    1484.22 0.0000e+00
       3340    145.000     8.3261     8.3245   3.651482   3.652789     1.6646    -0.0571      90.42 4.9452e-02 0.0000e+00    81.7253    3.86084    34.9308    34.9463    27.1703    1485.99    1484.23 0.0000e+00
       3362    146.000     8.3261     8.3245   3.651552   3.652869     1.6624    -0.0602      97.75 4.9491e-02 0.0000e+00    81.7394    3.85590    34.9311    34.9467    27.1705    1486.01    1484.24 0.0000e+00
       3383    147.000     8.3261     8.3245   3.651643   3.652950     1.6606    -0.0704      59.26 4.9505e-02 0.0000e+00    81.7288    3.85477    34.9316    34.9471    27.1709    1486.02    1484.25 0.0000e+00
       3404    148.000     8.3261     8.3245   3.651703   3.653011     1.6591    -0.0715      91.29 4.9525e-02 0.0000e+00    81.7348    3.84908    34.9317    34.9472    27.1710    1486.04    1484.27 0.0000e+00
       3425    149.000     8.3261     8.3245   3.651760   3.653077     1.6572 -9.990e-29      82.20 4.9525e-02 0.0000e+00    81.7146    3.84304    34.9318    34.9475    27.1711    1486.06    1484.28 0.0000e+00
       3446    150.000     8.3262     8.3246   3.651814   3.653126     1.6556 -9.990e-29      93.21 4.9512e-02 0.0000e+00    81.7057    3.83931    34.9318    34.9474    27.1711    1486.07    1484.29 0.0000e+00
       3467    151.000     8.3262     8.3246   3.651883   3.653198     1.6538 -9.990e-29      98.68 4.9485e-02 0.0000e+00    81.6983    3.83693    34.9321    34.9477    27.1713    1486.09    1484.30 0.0000e+00
       3488    152.000     8.3262     8.3246   3.651940   3.653256     1.6529 -9.990e-29      35.34 4.9472e-02 0.0000e+00    81.6668    3.83972    34.9322    34.9478    27.1714    1486.11    1484.31 0.0000e+00
       3509    153.000     8.3261     8.3246   3.652018   3.653332     1.6518    -0.0690      79.41 4.9477e-02 0.0000e+00    81.6876    3.83779    34.9327    34.9482    27.1718    1486.12    1484.33 0.0000e+00
       3531    154.000     8.3261     8.3245   3.652079   3.653395     1.6513    -0.0542      98.45 4.9524e-02 0.0000e+00    81.6857    3.83898    34.9328    34.9484    27.1719    1486.14    1484.34 0.0000e+00
