_data/ctd/2022603/sta0215.cnv
* Sea-Bird SBE 9 Data File:
* FileName = C:\Seabird\CTDData\sta0215.hex
* Software Version Seasave V 7.21f
* Temperature SN = 6264
* Conductivity SN = 4928
* Number of Bytes Per Scan = 40
* Number of Voltage Words = 5
* Number of Scans Averaged by the Deck Unit = 1
* NMEA Latitude = 61 29.02 N
* NMEA Longitude = 005 25.60 E
* NMEA UTC (Time) = Feb 16 2022 08:24:16
* NMEA baud rate = 4800
** Ship: R/V "Kristine Bonnevie"
** Station: 0215
** Echodepth: 316
** Log: 0941.731
** Wind-Dir/Force: 19 01
** Air-temp (dry): 3.4
** Weather Sky:
** Sea:
# nquan = 19                                
# nvalues = 309                         
# units = specified
# name 0 = scan: Scan Count
# name 1 = prDM: Pressure, Digiquartz [db]
# name 2 = t068C: Temperature [ITS-68, deg C]
# name 3 = t168C: Temperature, 2 [ITS-68, deg C]
# name 4 = c0S/m: Conductivity [S/m]
# name 5 = c1S/m: Conductivity, 2 [S/m]
# name 6 = sbeox0V: Oxygen raw, SBE 43 [V]
# name 7 = flECO-AFL: Fluorescence, WET Labs ECO-AFL/FL [mg/m^3]
# name 8 = altM: Altimeter [m]
# name 9 = par: PAR/Irradiance, Biospherical/Licor
# name 10 = spar: SPAR/Surface Irradiance
# name 11 = CStarTr0: Beam Transmission, WET Labs C-Star [%]
# name 12 = sbeox0ML/L: Oxygen, SBE 43 [ml/l], WS = 2
# name 13 = sal00: Salinity, Practical [PSU]
# name 14 = sal11: Salinity, Practical, 2 [PSU]
# name 15 = sigma-t00: Density [sigma-t, Kg/m^3 ]
# name 16 = svCM: Sound Velocity [Chen-Millero, m/s]
# name 17 = avgsvCM: Average Sound Velocity [Chen-Millero, m/s], minP = 1, minS = 5
# name 18 = flag: flag
# span 0 =        325,       7109       
# span 1 =      2.000,    310.000       
# span 2 =     6.0622,     9.1946       
# span 3 =     6.0565,     9.1930       
# span 4 =   2.522653,   3.662891       
# span 5 =   2.543514,   3.664371       
# span 6 =     1.9954,     2.4411       
# span 7 =    -0.0946,     0.2306       
# span 8 =       8.25,      99.69       
# span 9 = 4.9452e-02, 2.3112e+01       
# span 10 = 6.7955e+01, 7.3908e+01      
# span 11 =    17.2383,    80.8537      
# span 12 =    5.11823,    7.04713      
# span 13 =    24.8341,    35.0124      
# span 14 =    25.0639,    35.0292      
# span 15 =    19.5249,    27.2865      
# span 16 =    1462.22,    1487.52      
# span 17 =    1462.22,    1485.91      
# span 18 = 0.0000e+00, 0.0000e+00      
# interval = decibars: 1                
# start_time = Feb 16 2022 08:24:18 [System UTC, header]
# bad_flag = -9.990e-29
*END*
[from data line 77]
       2119     79.000     8.8737     8.8727   3.662209   3.663682     2.1702 -9.990e-29      98.80 4.9471e-02 6.8320e+01    80.6705    5.43587    34.5375    34.5539    26.7764    1486.46    1484.64 0.0000e+00
       2141     80.000     8.8612     8.8602   3.661882   3.663364     2.1676 -9.990e-29      98.80 4.9464e-02 6.8767e+01    80.6766    5.43085    34.5458    34.5623    26.7849    1486.44    1484.66 0.0000e+00
       2163     81.000     8.8389     8.8390   3.661317   3.662789     2.1653 -9.990e-29      98.80 4.9471e-02 6.8656e+01    80.6536    5.42902    34.5611    34.5765    26.8004    1486.39    1484.69 0.0000e+00
       2185     82.000     8.8136     8.8129   3.660729   3.662201     2.1633 -9.990e-29      98.80 4.9458e-02 6.9157e+01    80.6698    5.42886    34.5791    34.5953    26.8185    1486.33    1484.71 0.0000e+00
       2208     83.000     8.8026     8.8019   3.660454   3.661924     2.1617    -0.0643      98.80 4.9483e-02 6.9070e+01    80.6455    5.42592    34.5865    34.6026    26.8260    1486.32    1484.73 0.0000e+00
       2230     84.000     8.7875     8.7863   3.660002   3.661474     2.1597    -0.0863      98.80 4.9464e-02 6.9086e+01    80.6736    5.42234    34.5960    34.6126    26.8359    1486.29    1484.74 0.0000e+00
       2252     85.000     8.7821     8.7807   3.659867   3.661332     2.1580    -0.0695      98.80 4.9490e-02 6.8980e+01    80.6519    5.41718    34.5993    34.6161    26.8394    1486.29    1484.76 0.0000e+00
       2274     86.000     8.7769     8.7759   3.659721   3.661208     2.1561    -0.0602      98.80 4.9477e-02 6.8771e+01    80.6671    5.41407    34.6024    34.6190    26.8426    1486.29    1484.78 0.0000e+00
       2296     87.000     8.7656     8.7648   3.659354   3.660825     2.1545    -0.0582      98.80 4.9458e-02 6.9251e+01    80.6739    5.41127    34.6091    34.6254    26.8496    1486.28    1484.80 0.0000e+00
       2318     88.000     8.7528     8.7519   3.658956   3.660413     2.1530    -0.0595      98.80 4.9483e-02 6.9296e+01    80.6951    5.40898    34.6170    34.6332    26.8578    1486.25    1484.81 0.0000e+00
       2339     89.000     8.7407     8.7396   3.658542   3.660008     2.1513    -0.0619      98.80 4.9477e-02 6.9131e+01    80.6901    5.40004    34.6239    34.6405    26.8652    1486.23    1484.83 0.0000e+00
       2361     90.000     8.7319     8.7310   3.658248   3.659720     2.1489    -0.0889      98.80 4.9464e-02 6.9114e+01    80.7174    5.38983    34.6290    34.6454    26.8705    1486.22    1484.85 0.0000e+00
       2383     91.000     8.7203     8.7194   3.657885   3.659349     2.1465    -0.0601      98.80 4.9483e-02 6.9492e+01    80.7118    5.38295    34.6360    34.6523    26.8778    1486.21    1484.86 0.0000e+00
       2405     92.000     8.7087     8.7079   3.657621   3.659095     2.1440    -0.0641      98.80 4.9464e-02 6.9075e+01    80.7332    5.37782    34.6441    34.6605    26.8860    1486.19    1484.87 0.0000e+00
       2428     93.000     8.6995     8.6982   3.657320   3.658786     2.1415    -0.0628      98.80 4.9477e-02 -9.990e-29    80.7250    5.37269    34.6495    34.6662    26.8916    1486.18    1484.89 0.0000e+00
       2450     94.000     8.6884     8.6876   3.656820   3.658263     2.1396    -0.0606      98.80 4.9475e-02 -9.990e-29    80.7218    5.36976    34.6546    34.6706    26.8974    1486.16    1484.90 0.0000e+00
       2473     95.000     8.6656     8.6659   3.655566   3.657063     2.1373    -0.0605      72.36 4.9471e-02 -9.990e-29    80.7198    5.37169    34.6632    34.6787    26.9077    1486.10    1484.91 0.0000e+00
       2495     96.000     8.6587     8.6576   3.655539   3.657008     2.1362    -0.0612      77.73 4.9528e-02 -9.990e-29    80.7426    5.37323    34.6692    34.6858    26.9135    1486.10    1484.93 0.0000e+00
       2517     97.000     8.6478     8.6469   3.655240   3.656702     2.1348 -9.990e-29      99.05 4.9470e-02 -9.990e-29    80.7127    5.36706    34.6763    34.6926    26.9208    1486.09    1484.94 0.0000e+00
       2539     98.000     8.6401     8.6385   3.654986   3.656434     2.1332 -9.990e-29      89.90 4.9464e-02 -9.990e-29    80.7505    5.36414    34.6807    34.6975    26.9254    1486.08    1484.95 0.0000e+00
       2561     99.000     8.6297     8.6289   3.654510   3.655967     2.1319 -9.990e-29      60.67 4.9477e-02 -9.990e-29    80.7402    5.36496    34.6854    34.7016    26.9307    1486.06    1484.96 0.0000e+00
       2583    100.000     8.6117     8.6110   3.653684   3.655133     2.1306 -9.990e-29      99.19 4.9464e-02 -9.990e-29    80.7345    5.36167    34.6938    34.7098    26.9402    1486.02    1484.97 0.0000e+00
       2605    101.000     8.6027     8.6015   3.653328   3.654778     2.1294    -0.0590      98.80 4.9481e-02 -9.990e-29    80.7056    5.36476    34.6984    34.7149    26.9452    1486.01    1484.98 0.0000e+00
       2627    102.000     8.5882     8.5873   3.652690   3.654127     2.1291    -0.0634      51.28 4.9466e-02 -9.990e-29    80.7239    5.36948    34.7054    34.7215    26.9529    1485.98    1484.99 0.0000e+00
       2649    103.000     8.5710     8.5701   3.651642   3.653093     2.1281    -0.0624      99.26 4.9477e-02 -9.990e-29    80.7250    5.36126    34.7108    34.7270    26.9598    1485.94    1485.00 0.0000e+00
       2671    104.000     8.5651     8.5639   3.651468   3.652916     2.1268    -0.0645      98.80 4.9477e-02 -9.990e-29    80.7290    5.36027    34.7143    34.7308    26.9634    1485.94    1485.01 0.0000e+00
       2692    105.000     8.5494     8.5492   3.650312   3.651776     2.1260    -0.0632      63.60 4.9477e-02 -9.990e-29    80.6962    5.35867    34.7170    34.7327    26.9680    1485.90    1485.02 0.0000e+00
       2714    106.000     8.5317     8.5308   3.649178   3.650634     2.1245    -0.0762      89.59 4.9471e-02 -9.990e-29    80.7305    5.35196    34.7219    34.7382    26.9746    1485.86    1485.03 0.0000e+00
       2737    107.000     8.5228     8.5215   3.648799   3.650253     2.1225    -0.0794      98.81 4.9483e-02 -9.990e-29    80.7683    5.33891    34.7262    34.7428    26.9793    1485.85    1485.03 0.0000e+00
       2758    108.000     8.5225     8.5208   3.649648   3.651086     2.1203    -0.0582      83.44 4.9477e-02 -9.990e-29    80.7864    5.32803    34.7350    34.7519    26.9863    1485.87    1485.04 0.0000e+00
       2780    109.000     8.5183     8.5167   3.649627   3.651075     2.1174    -0.0631      77.13 4.9483e-02 -9.990e-29    80.8341    5.32025    34.7384    34.7553    26.9897    1485.88    1485.05 0.0000e+00
       2802    110.000     8.5168     8.5153   3.649740   3.651181     2.1148    -0.0616      98.95 4.9472e-02 6.9944e+01    80.8115    5.31690    34.7406    34.7573    26.9916    1485.89    1485.06 0.0000e+00
       2824    111.000     8.5147     8.5134   3.649673   3.651131     2.1132    -0.0671      98.54 4.9458e-02 6.9953e+01    80.8050    5.32481    34.7415    34.7582    26.9926    1485.90    1485.07 0.0000e+00
       2846    112.000     8.5131     8.5115   3.649639   3.651082     2.1128    -0.0696      55.87 4.9490e-02 6.9953e+01    80.7272    5.33318    34.7422    34.7591    26.9934    1485.91    1485.07 0.0000e+00
       2868    113.000     8.5108     8.5094   3.649526   3.650985     2.1122    -0.0696      98.93 4.9477e-02 6.9953e+01    80.7615    5.33311    34.7428    34.7596    26.9943    1485.92    1485.08 0.0000e+00
       2889    114.000     8.5096     8.5082   3.649496   3.650950     2.1124    -0.0645      98.80 4.9458e-02 6.9953e+01    80.7399    5.34176    34.7432    34.7600    26.9948    1485.93    1485.09 0.0000e+00
       2911    115.000     8.5077     8.5062   3.649482   3.650922     2.1130    -0.0602      58.47 4.9483e-02 6.9953e+01    80.7269    5.34419    34.7444    34.7612    26.9960    1485.94    1485.10 0.0000e+00
       2933    116.000     8.4992     8.4981   3.648978   3.650414     2.1130    -0.0858      97.68 4.9479e-02 6.9953e+01    80.7360    5.34104    34.7470    34.7633    26.9993    1485.93    1485.10 0.0000e+00
       2954    117.000     8.4877     8.4872   3.648351   3.649842     2.1128    -0.0738      98.80 4.9471e-02 6.9953e+01    80.7211    5.34049    34.7512    34.7675    27.0044    1485.91    1485.11 0.0000e+00
       2976    118.000     8.4821     8.4810   3.648116   3.649574     2.1126    -0.0718      78.36 4.9505e-02 6.9953e+01    80.7370    5.34266    34.7537    34.7703    27.0073    1485.91    1485.12 0.0000e+00
       2998    119.000     8.4776     8.4760   3.648043   3.649468     2.1123    -0.0799      77.50 4.9477e-02 6.9953e+01    80.7507    5.33742    34.7569    34.7736    27.0105    1485.91    1485.12 0.0000e+00
       3019    120.000     8.4763     8.4745   3.648118   3.649551     2.1115    -0.0559      98.72 4.9464e-02 6.9953e+01    80.7338    5.33605    34.7585    34.7755    27.0119    1485.93    1485.13 0.0000e+00
       3041    121.000     8.4615     8.4618   3.647398   3.648856     2.1113    -0.0558      97.07 4.9485e-02 6.9953e+01    80.7356    5.33720    34.7650    34.7801    27.0193    1485.90    1485.14 0.0000e+00
       3062    122.000     8.4426     8.4416   3.646211   3.647665     2.1104    -0.0558      57.80 4.9479e-02 6.9953e+01    80.7289    5.33281    34.7705    34.7870    27.0266    1485.85    1485.14 0.0000e+00
       3084    123.000     8.4391     8.4377   3.646046   3.647486     2.1095    -0.0558      99.44 4.9458e-02 6.9953e+01    80.7191    5.33592    34.7717    34.7884    27.0281    1485.85    1485.15 0.0000e+00
       3106    124.000     8.4288     8.4279   3.645433   3.646884     2.1092    -0.0601      98.80 4.9483e-02 6.9953e+01    80.7171    5.33630    34.7749    34.7912    27.0322    1485.84    1485.15 0.0000e+00
       3127    125.000     8.4180     8.4166   3.644674   3.646040     2.1083    -0.0573      60.71 4.9496e-02 6.9953e+01    80.7498    5.33004    34.7770    34.7929    27.0355    1485.81    1485.16 0.0000e+00
       3149    126.000     8.3993     8.3982   3.643064   3.644492     2.1072    -0.0601      97.47 4.9472e-02 6.9953e+01    80.7447    5.32668    34.7779    34.7942    27.0390    1485.76    1485.16 0.0000e+00
       3170    127.000     8.3938     8.3923   3.642916   3.644357     2.1059    -0.0562      98.79 4.9496e-02 6.9953e+01    80.7660    5.31962    34.7813    34.7981    27.0425    1485.76    1485.17 0.0000e+00
       3192    128.000     8.3899     8.3884   3.642716   3.644154     2.1039    -0.0871      79.67 4.9479e-02 6.9953e+01    80.7773    5.30731    34.7825    34.7993    27.0441    1485.77    1485.17 0.0000e+00
       3214    129.000     8.3888     8.3872   3.642884   3.644325     2.1016    -0.0930      78.43 4.9483e-02 6.9953e+01    80.7968    5.29803    34.7849    34.8018    27.0462    1485.78    1485.18 0.0000e+00
       3235    130.000     8.3884     8.3868   3.643017   3.644457     2.0992    -0.0784      94.97 4.9483e-02 6.9953e+01    80.8270    5.29286    34.7862    34.8031    27.0473    1485.80    1485.18 0.0000e+00
       3257    131.000     8.3877     8.3860   3.643026   3.644480     2.0973    -0.0573      95.29 4.9489e-02 6.9953e+01    80.8270    5.28927    34.7866    34.8037    27.0476    1485.81    1485.19 0.0000e+00
       3279    132.000     8.3846     8.3832   3.642881   3.644316     2.0951    -0.0593      63.14 4.9485e-02 6.9953e+01    80.8192    5.28811    34.7876    34.8042    27.0489    1485.82    1485.19 0.0000e+00
       3301    133.000     8.3775     8.3766   3.642452   3.643906     2.0941    -0.0636      93.80 4.9483e-02 6.9953e+01    80.8320    5.29449    34.7896    34.8059    27.0516    1485.81    1485.20 0.0000e+00
       3322    134.000     8.3719     8.3704   3.642143   3.643574     2.0933    -0.0602      98.66 4.9485e-02 6.9953e+01    80.8529    5.29250    34.7913    34.8080    27.0538    1485.81    1485.20 0.0000e+00
       3343    135.000     8.3701     8.3685   3.642097   3.643520     2.0922    -0.0787      64.25 4.9472e-02 6.9953e+01    80.8223    5.28906    34.7921    34.8089    27.0547    1485.82    1485.21 0.0000e+00
       3364    136.000     8.3629     8.3620   3.641710   3.643148     2.0914    -0.0796      90.98 4.9465e-02 6.9953e+01    80.8242    5.29295    34.7947    34.8108    27.0578    1485.81    1485.21 0.0000e+00
       3386    137.000     8.3558     8.3543   3.641406   3.642830     2.0909    -0.0561      91.19 4.9521e-02 6.9953e+01    80.8461    5.28717    34.7980    34.8146    27.0615    1485.81    1485.21 0.0000e+00
       3407    138.000     8.3534     8.3519   3.641370   3.642808     2.0895    -0.0611      84.06 4.9473e-02 6.9953e+01    80.8501    5.28303    34.7995    34.8163    27.0630    1485.81    1485.22 0.0000e+00
       3428    139.000     8.3519     8.3504   3.641405   3.642842     2.0889    -0.0601      76.88 4.9459e-02 6.9953e+01    80.8369    5.28652    34.8008    34.8176    27.0643    1485.83    1485.22 0.0000e+00
       3449    140.000     8.3495     8.3481   3.641475   3.642933     2.0880    -0.0614      98.72 4.9489e-02 6.9953e+01    80.8320    5.28352    34.8035    34.8204    27.0668    1485.84    1485.23 0.0000e+00
       3471    141.000     8.3482     8.3465   3.641580   3.643034     2.0874    -0.0705      98.80 4.9479e-02 6.9953e+01    80.8423    5.28309    34.8054    34.8226    27.0685    1485.85    1485.23 0.0000e+00
       3492    142.000     8.3502     8.3485   3.642011   3.643467     2.0866    -0.0671      69.20 4.9466e-02 6.9953e+01    80.8267    5.28358    34.8075    34.8247    27.0699    1485.88    1485.24 0.0000e+00
       3513    143.000     8.3461     8.3450   3.641829   3.643282     2.0865    -0.0558      87.26 4.9485e-02 6.9953e+01    80.8211    5.28400    34.8092    34.8257    27.0718    1485.88    1485.24 0.0000e+00
       3534    144.000     8.3404     8.3390   3.641401   3.642851     2.0856    -0.0558      94.23 4.9525e-02 6.9953e+01    80.8136    5.28285    34.8098    34.8266    27.0731    1485.88    1485.25 0.0000e+00
       3555    145.000     8.3379     8.3366   3.641513   3.642951     2.0856    -0.0573      75.51 4.9498e-02 6.9953e+01    80.8092    5.29202    34.8130    34.8296    27.0760    1485.89    1485.25 0.0000e+00
       3576    146.000     8.3303     8.3292   3.641231   3.642681     2.0861    -0.0719      84.59 4.9465e-02 6.9953e+01    80.8368    5.29156    34.8170    34.8335    27.0803    1485.88    1485.25 0.0000e+00
       3597    147.000     8.3268     8.3253   3.641179   3.642620     2.0856    -0.0847      83.37 4.9525e-02 6.9953e+01    80.8487    5.28912    34.8194    34.8362    27.0828    1485.89    1485.26 0.0000e+00
       3618    148.000     8.3279     8.3261   3.641558   3.643005     2.0856    -0.0627      96.27 4.9465e-02 6.9953e+01    80.8537    5.28931    34.8219    34.8391    27.0845    1485.91    1485.26 0.0000e+00
       3639    149.000     8.3250     8.3240   3.641507   3.642982     2.0854    -0.0650      66.54 4.9526e-02 6.9953e+01    80.8451    5.29265    34.8237    34.8404    27.0864    1485.92    1485.27 0.0000e+00
       3660    150.000     8.3206     8.3199   3.641306   3.642748     2.0854    -0.0586      99.37 4.9491e-02 6.9953e+01    80.8321    5.29470    34.8255    34.8415    27.0885    1485.92    1485.27 0.0000e+00
       3682    151.000     8.3127     8.3112   3.640991   3.642428     2.0857    -0.0572      98.80 4.9502e-02 6.9953e+01    80.8173    5.29598    34.8294    34.8462    27.0928    1485.91    1485.28 0.0000e+00
       3703    152.000     8.3103     8.3089   3.640926   3.642358     2.0854    -0.0616      69.25 4.9479e-02 6.9953e+01    80.8173    5.29488    34.8307    34.8473    27.0941    1485.92    1485.28 0.0000e+00
       3724    153.000     8.3088     8.3073   3.640889   3.642335     2.0854    -0.0649      87.26 4.9492e-02 6.9953e+01    80.7986    5.29700    34.8313    34.8482    27.0948    1485.93    1485.28 0.0000e+00
