_data/ctd/2022603/sta0156.cnv
* Sea-Bird SBE 9 Data File:
* FileName = C:\Seabird\CTDData\sta0156.hex
* Software Version Seasave V 7.21f
* Temperature SN = 6264
* Conductivity SN = 4928
* Number of Bytes Per Scan = 40
* Number of Voltage Words = 5
* Number of Scans Averaged by the Deck Unit = 1
* NMEA Latitude = 59 55.07 N
* NMEA Longitude = 005 45.17 E
* NMEA UTC (Time) = Feb 10 2022 15:34:28
* NMEA baud rate = 4800
** Ship: R/V "Kristine Bonnevie"
** Station: 0156
** Echodepth: 510
** Log: 0168.182
** Wind-Dir/Force: 31 8
** Air-temp (dry): 3.6
** Weather Sky:
** Sea:
# nquan = 19                                
# nvalues = 504                         
# units = specified
# name 0 = scan: Scan Count
# name 1 = prDM: Pressure, Digiquartz [db]
# name 2 = t068C: Temperature [ITS-68, deg C]
# name 3 = t168C: Temperature, 2 [ITS-68, deg C]
# name 4 = c0S/m: Conductivity [S/m]
# name 5 = c1S/m: Conductivity, 2 [S/m]
# name 6 = sbeox0V: Oxygen raw, SBE 43 [V]
# name 7 = flECO-AFL: Fluorescence, WET Labs ECO-AFL/FL [mg/m^3]
# name 8 = altM: Altimeter [m]
# name 9 = par: PAR/Irradiance, Biospherical/Licor
# name 10 = spar: SPAR/Surface Irradiance
# name 11 = CStarTr0: Beam Transmission, WET Labs C-Star [%]
# name 12 = sbeox0ML/L: Oxygen, SBE 43 [ml/l], WS = 2
# name 13 = sal00: Salinity, Practical [PSU]
# name 14 = sal11: Salinity, Practical, 2 [PSU]
# name 15 = sigma-t00: Density [sigma-t, Kg/m^3 ]
# name 16 = svCM: Sound Velocity [Chen-Millero, m/s]
# name 17 = avgsvCM: Average Sound Velocity [Chen-Millero, m/s], minP = 1, minS = 5
# name 18 = flag: flag
# span 0 =        384,      11447       
# span 1 =      2.000,    505.000       
# span 2 =     6.8995,    10.0921       
# span 3 =     6.8993,    10.0894       
# span 4 =   3.206961,   3.712678       
# span 5 =   3.208102,   3.714190       
# span 6 =     1.8880,     2.4094       
# span 7 =    -0.1004,     0.8065       
# span 8 =       8.34,     100.06       
# span 9 = 4.9452e-02, 1.2823e+01       
# span 10 = 1.4035e+01, 2.1992e+01      
# span 11 =    79.6013,    82.1198      
# span 12 =    4.91625,    6.60566      
# span 13 =    31.5718,    34.9761      
# span 14 =    31.5844,    34.9911      
# span 15 =    24.7326,    27.3046      
# span 16 =    1474.02,    1489.49      
# span 17 =    1474.12,    1486.34      
# span 18 = 0.0000e+00, 0.0000e+00      
# interval = decibars: 1                
# start_time = Feb 10 2022 15:34:31 [System UTC, header]
# bad_flag = -9.990e-29
*END*
[from data line 153]
       3814    155.000     8.0954     8.0945   3.626226   3.627502     2.1697    -0.0800      75.55 4.9505e-02 1.9987e+01    81.3494    5.60004    34.8854    34.9000    27.1698    1485.23    1484.77 0.0000e+00
       3835    156.000     8.0931     8.0914   3.626187   3.627463     2.1689    -0.0707      98.82 4.9485e-02 1.9987e+01    81.3516    5.59470    34.8868    34.9022    27.1713    1485.24    1484.77 0.0000e+00
       3856    157.000     8.0921     8.0907   3.626186   3.627466     2.1682    -0.0788      98.80 4.9474e-02 1.9987e+01    81.3399    5.59109    34.8873    34.9024    27.1718    1485.26    1484.77 0.0000e+00
       3877    158.000     8.0902     8.0888   3.626128   3.627397     2.1671    -0.0961      66.01 4.9515e-02 1.9987e+01    81.3192    5.59128    34.8881    34.9031    27.1727    1485.27    1484.78 0.0000e+00
       3898    159.000     8.0907     8.0892   3.626198   3.627489     2.1669    -0.0773      98.15 4.9486e-02 1.9987e+01    81.3376    5.59254    34.8879    34.9032    27.1725    1485.28    1484.78 0.0000e+00
       3919    160.000     8.0903     8.0891   3.626216   3.627507     2.1660    -0.0736      98.45 4.9519e-02 1.9987e+01    81.3128    5.58847    34.8880    34.9030    27.1726    1485.30    1484.78 0.0000e+00
       3940    161.000     8.0865     8.0854   3.626109   3.627392     2.1653    -0.0789      73.91 4.9496e-02 1.9987e+01    81.3071    5.58846    34.8901    34.9050    27.1749    1485.30    1484.79 0.0000e+00
       3962    162.000     8.0833     8.0818   3.626073   3.627326     2.1647    -0.0896      74.07 4.9512e-02 1.9987e+01    81.3095    5.58482    34.8924    34.9074    27.1772    1485.31    1484.79 0.0000e+00
       3983    163.000     8.0806     8.0792   3.626077   3.627346     2.1637    -0.0726      94.21 4.9465e-02 1.9987e+01    81.3147    5.58482    34.8947    34.9097    27.1793    1485.32    1484.79 0.0000e+00
       4005    164.000     8.0791     8.0778   3.626102   3.627385     2.1632    -0.0745      67.89 4.9478e-02 1.9898e+01    81.3266    5.58844    34.8960    34.9110    27.1806    1485.33    1484.80 0.0000e+00
       4026    165.000     8.0778     8.0763   3.626059   3.627329     2.1630    -0.0703      42.64 4.9499e-02 1.9416e+01    81.3269    5.58824    34.8963    34.9114    27.1810    1485.34    1484.80 0.0000e+00
       4047    166.000     8.0769     8.0755   3.626074   3.627350     2.1626    -0.0711      98.65 4.9490e-02 1.9800e+01    81.3453    5.58319    34.8969    34.9120    27.1816    1485.36    1484.80 0.0000e+00
       4069    167.000     8.0765     8.0750   3.626117   3.627391     2.1615    -0.0737      72.37 4.9472e-02 1.9734e+01    81.3118    5.57885    34.8973    34.9124    27.1820    1485.37    1484.81 0.0000e+00
       4090    168.000     8.0766     8.0752   3.626176   3.627462     2.1610    -0.0694      99.06 4.9485e-02 1.8904e+01    81.3248    5.58299    34.8973    34.9125    27.1820    1485.39    1484.81 0.0000e+00
       4111    169.000     8.0751     8.0740   3.626157   3.627456     2.1607    -0.0710      98.80 4.9464e-02 1.9436e+01    81.3537    5.58344    34.8981    34.9131    27.1829    1485.40    1484.81 0.0000e+00
       4133    170.000     8.0724     8.0709   3.626044   3.627321     2.1603    -0.0721      63.01 4.9485e-02 1.9073e+01    81.3615    5.58626    34.8991    34.9143    27.1840    1485.41    1484.82 0.0000e+00
       4154    171.000     8.0657     8.0644   3.625764   3.627048     2.1603    -0.0874      82.23 4.9479e-02 1.9215e+01    81.3231    5.58727    34.9023    34.9174    27.1876    1485.40    1484.82 0.0000e+00
       4175    172.000     8.0602     8.0589   3.625507   3.626785     2.1600    -0.0907      74.14 4.9512e-02 1.9203e+01    81.3315    5.58535    34.9045    34.9195    27.1901    1485.40    1484.82 0.0000e+00
       4196    173.000     8.0560     8.0549   3.625326   3.626614     2.1596    -0.0691      73.76 4.9509e-02 1.8924e+01    81.3189    5.58182    34.9063    34.9212    27.1922    1485.41    1484.83 0.0000e+00
       4218    174.000     8.0533     8.0520   3.625248   3.626519     2.1588    -0.0742      53.56 4.9505e-02 1.8627e+01    81.3196    5.58006    34.9077    34.9226    27.1936    1485.41    1484.83 0.0000e+00
       4240    175.000     8.0502     8.0491   3.625117   3.626398     2.1583    -0.0763      98.60 4.9477e-02 1.8463e+01    81.3204    5.57833    34.9089    34.9237    27.1950    1485.42    1484.83 0.0000e+00
       4261    176.000     8.0462     8.0449   3.624970   3.626248     2.1574    -0.0721      61.08 4.9499e-02 1.8442e+01    81.3199    5.57143    34.9108    34.9258    27.1972    1485.42    1484.84 0.0000e+00
       4282    177.000     8.0439     8.0426   3.624915   3.626194     2.1561    -0.0817      98.27 4.9483e-02 1.8533e+01    81.2934    5.56807    34.9120    34.9270    27.1985    1485.43    1484.84 0.0000e+00
       4304    178.000     8.0435     8.0422   3.624961   3.626238     2.1551    -0.0977      92.84 4.9477e-02 1.7995e+01    81.2504    5.56769    34.9124    34.9274    27.1988    1485.45    1484.84 0.0000e+00
       4326    179.000     8.0431     8.0417   3.624995   3.626278     2.1543    -0.0753      67.08 4.9472e-02 -9.990e-29    81.3158    5.56768    34.9127    34.9278    27.1991    1485.46    1484.85 0.0000e+00
       4347    180.000     8.0361     8.0355   3.624706   3.625986     2.1534    -0.0707      76.08 4.9496e-02 -9.990e-29    81.3054    5.56203    34.9161    34.9304    27.2028    1485.46    1484.85 0.0000e+00
       4369    181.000     8.0122     8.0116   3.623482   3.624749     2.1521    -0.0703      98.66 4.9485e-02 -9.990e-29    81.3156    5.56211    34.9263    34.9405    27.2144    1485.40    1484.85 0.0000e+00
       4391    182.000     8.0075     8.0062   3.623243   3.624525     2.1512    -0.0720      60.30 4.9502e-02 -9.990e-29    81.3410    5.56312    34.9279    34.9430    27.2164    1485.40    1484.86 0.0000e+00
       4412    183.000     8.0066     8.0052   3.623228   3.624508     2.1505    -0.0747      84.24 4.9502e-02 -9.990e-29    81.3260    5.56308    34.9282    34.9433    27.2168    1485.41    1484.86 0.0000e+00
       4434    184.000     8.0042     8.0029   3.623132   3.624404     2.1496    -0.0683      83.45 4.9485e-02 -9.990e-29    81.3374    5.55593    34.9291    34.9440    27.2178    1485.42    1484.86 0.0000e+00
       4456    185.000     7.9990     7.9977   3.622905   3.624184     2.1484    -0.0652      92.34 4.9471e-02 -9.990e-29    81.3975    5.55348    34.9313    34.9463    27.2204    1485.42    1484.87 0.0000e+00
       4477    186.000     7.9963     7.9949   3.622802   3.624079     2.1473    -0.0700      83.35 4.9471e-02 -9.990e-29    81.3645    5.55229    34.9324    34.9475    27.2217    1485.43    1484.87 0.0000e+00
       4499    187.000     7.9953     7.9939   3.622801   3.624079     2.1465    -0.0689      79.59 4.9479e-02 1.7988e+01    81.3758    5.55260    34.9329    34.9480    27.2222    1485.44    1484.87 0.0000e+00
       4521    188.000     7.9956     7.9940   3.622872   3.624144     2.1457    -0.0645      65.84 4.9458e-02 1.7988e+01    81.3439    5.55362    34.9329    34.9482    27.2221    1485.46    1484.88 0.0000e+00
       4542    189.000     7.9943     7.9928   3.622849   3.624119     2.1453    -0.0789      97.66 4.9483e-02 1.7988e+01    81.3772    5.55338    34.9335    34.9486    27.2228    1485.47    1484.88 0.0000e+00
       4564    190.000     7.9935     7.9920   3.622851   3.624128     2.1445    -0.0965      95.81 4.9459e-02 1.7988e+01    81.3921    5.54854    34.9338    34.9490    27.2232    1485.48    1484.88 0.0000e+00
       4586    191.000     7.9930     7.9916   3.622870   3.624147     2.1438    -0.0724      52.89 4.9458e-02 1.7988e+01    81.4121    5.55008    34.9340    34.9491    27.2234    1485.50    1484.88 0.0000e+00
       4607    192.000     7.9920     7.9904   3.622859   3.624118     2.1435    -0.0703      98.76 4.9485e-02 1.7988e+01    81.4319    5.54978    34.9344    34.9495    27.2239    1485.51    1484.89 0.0000e+00
       4629    193.000     7.9899     7.9884   3.622791   3.624056     2.1428    -0.0697      97.14 4.9483e-02 1.7988e+01    81.4025    5.54878    34.9353    34.9504    27.2249    1485.52    1484.89 0.0000e+00
       4650    194.000     7.9879     7.9866   3.622726   3.624002     2.1423    -0.0683      47.53 4.9483e-02 1.7988e+01    81.3988    5.54632    34.9361    34.9511    27.2258    1485.53    1484.89 0.0000e+00
       4672    195.000     7.9839     7.9827   3.622540   3.623817     2.1416    -0.0765      97.68 4.9483e-02 1.7988e+01    81.4025    5.54428    34.9376    34.9525    27.2276    1485.53    1484.90 0.0000e+00
       4694    196.000     7.9794     7.9782   3.622318   3.623592     2.1410    -0.0817      73.65 4.9452e-02 1.7988e+01    81.4025    5.54527    34.9392    34.9541    27.2295    1485.54    1484.90 0.0000e+00
       4716    197.000     7.9746     7.9735   3.622061   3.623344     2.1404    -0.0704      98.73 4.9498e-02 1.7988e+01    81.4204    5.54338    34.9408    34.9557    27.2315    1485.54    1484.90 0.0000e+00
       4738    198.000     7.9681     7.9671   3.621662   3.622945     2.1395    -0.0728      90.10 4.9496e-02 1.7988e+01    81.4307    5.54296    34.9425    34.9573    27.2338    1485.53    1484.91 0.0000e+00
       4760    199.000     7.9645     7.9635   3.621526   3.622816     2.1394    -0.0922      51.62 4.9458e-02 1.7988e+01    81.4554    5.54699    34.9441    34.9590    27.2356    1485.54    1484.91 0.0000e+00
       4781    200.000     7.9589     7.9583   3.621071   3.622359     2.1387    -0.0803      85.67 4.9483e-02 1.7988e+01    81.4362    5.54185    34.9444    34.9588    27.2366    1485.53    1484.91 0.0000e+00
       4803    201.000     7.9382     7.9380   3.619166   3.620437     2.1381    -0.0658      98.65 4.9464e-02 1.7988e+01    81.4321    5.53712    34.9441    34.9579    27.2395    1485.47    1484.92 0.0000e+00
       4826    202.000     7.9289     7.9277   3.618532   3.619794     2.1365    -0.0835      47.31 4.9458e-02 1.7988e+01    81.4592    5.52708    34.9460    34.9608    27.2425    1485.45    1484.92 0.0000e+00
       4848    203.000     7.9269     7.9254   3.618480   3.619745     2.1345    -0.0821      95.16 4.9477e-02 1.7988e+01    81.4110    5.51170    34.9470    34.9621    27.2435    1485.46    1484.92 0.0000e+00
       4870    204.000     7.9262     7.9250   3.618508   3.619790     2.1313    -0.0776      96.51 4.9458e-02 1.7988e+01    81.3584    5.48489    34.9475    34.9625    27.2440    1485.48    1484.92 0.0000e+00
       4892    205.000     7.9252     7.9240   3.618522   3.619798     2.1269    -0.0668      61.62 4.9475e-02 1.7988e+01    81.2877    5.46204    34.9482    34.9631    27.2447    1485.49    1484.93 0.0000e+00
       4914    206.000     7.9219     7.9206   3.618322   3.619596     2.1222    -0.0655      98.32 4.9496e-02 1.7988e+01    81.3277    5.45037    34.9488    34.9638    27.2457    1485.50    1484.93 0.0000e+00
       4936    207.000     7.9202     7.9189   3.618267   3.619544     2.1183    -0.0691      98.16 4.9502e-02 1.7988e+01    81.3262    5.45165    34.9495    34.9645    27.2464    1485.51    1484.93 0.0000e+00
       4959    208.000     7.9189     7.9178   3.618257   3.619554     2.1156    -0.0731      44.17 4.9481e-02 1.7988e+01    81.3084    5.45413    34.9502    34.9652    27.2472    1485.52    1484.94 0.0000e+00
       4981    209.000     7.9163     7.9147   3.618181   3.619443     2.1135    -0.0682      99.09 4.9499e-02 1.7988e+01    81.3334    5.45492    34.9515    34.9666    27.2486    1485.53    1484.94 0.0000e+00
       5003    210.000     7.9151     7.9134   3.618151   3.619408     2.1121    -0.0661      74.31 4.9477e-02 1.7988e+01    81.3194    5.45729    34.9519    34.9671    27.2491    1485.54    1484.94 0.0000e+00
       5024    211.000     7.9137     7.9126   3.618087   3.619397     2.1110    -0.0711      98.72 4.9464e-02 1.7988e+01    81.3338    5.45772    34.9521    34.9673    27.2495    1485.55    1484.94 0.0000e+00
       5046    212.000     7.9143     7.9131   3.618196   3.619486     2.1103    -0.0878      98.80 4.9477e-02 1.7988e+01    81.3584    5.46063    34.9522    34.9672    27.2494    1485.57    1484.95 0.0000e+00
       5068    213.000     7.9142     7.9130   3.618247   3.619538     2.1097    -0.0964      66.37 4.9505e-02 1.7988e+01    81.3330    5.45997    34.9523    34.9674    27.2496    1485.59    1484.95 0.0000e+00
       5090    214.000     7.9140     7.9130   3.618312   3.619674     2.1091    -0.0877      87.01 4.9496e-02 1.7988e+01    81.3564    5.45555    34.9527    34.9684    27.2499    1485.60    1484.95 0.0000e+00
       5111    215.000     7.9153     7.9139   3.618582   3.619867     2.1082    -0.0687      88.83 4.9485e-02 1.7988e+01    81.3556    5.45789    34.9539    34.9691    27.2506    1485.62    1484.96 0.0000e+00
       5133    216.000     7.9146     7.9133   3.618631   3.619908     2.1082    -0.1004      85.78 4.9496e-02 1.7988e+01    81.3468    5.46084    34.9546    34.9696    27.2513    1485.64    1484.96 0.0000e+00
       5155    217.000     7.9075     7.9064   3.618116   3.619360     2.1079    -0.0709      31.55 4.9489e-02 1.7988e+01    81.3813    5.46380    34.9557    34.9702    27.2532    1485.63    1484.96 0.0000e+00
       5176    218.000     7.9003     7.8992   3.617604   3.618888     2.1080    -0.0686      87.21 4.9483e-02 1.7988e+01    81.3986    5.46608    34.9569    34.9718    27.2552    1485.62    1484.97 0.0000e+00
       5198    219.000     7.8966     7.8957   3.617323   3.618634     2.1079    -0.0662      25.22 4.9471e-02 1.7988e+01    81.4269    5.46436    34.9571    34.9721    27.2559    1485.62    1484.97 0.0000e+00
       5220    220.000     7.8915     7.8906   3.616888   3.618185     2.1076 -9.990e-29      98.37 4.9514e-02 1.7988e+01    81.4449    5.45922    34.9570    34.9719    27.2566    1485.62    1484.97 0.0000e+00
       5242    221.000     7.8857     7.8847   3.616411   3.617685     2.1066 -9.990e-29      88.74 4.9490e-02 1.7988e+01    81.4498    5.45273    34.9572    34.9719    27.2576    1485.62    1484.97 0.0000e+00
       5264    222.000     7.8836     7.8822   3.616316   3.617597     2.1052 -9.990e-29      52.90 4.9485e-02 1.7988e+01    81.4780    5.44111    34.9578    34.9730    27.2584    1485.63    1484.98 0.0000e+00
       5286    223.000     7.8835     7.8821   3.616352   3.617618     2.1038 -9.990e-29      64.08 4.9470e-02 1.7988e+01    81.4794    5.43398    34.9578    34.9728    27.2584    1485.64    1484.98 0.0000e+00
       5308    224.000     7.8836     7.8821   3.616415   3.617681     2.1012    -0.0580      85.13 4.9483e-02 1.7988e+01    81.4769    5.42273    34.9579    34.9730    27.2585    1485.66    1484.98 0.0000e+00
       5329    225.000     7.8836     7.8822   3.616469   3.617746     2.0997    -0.0586      82.25 4.9477e-02 1.7988e+01    81.4675    5.42076    34.9580    34.9731    27.2586    1485.67    1484.99 0.0000e+00
       5351    226.000     7.8837     7.8822   3.616512   3.617783     2.0973    -0.0603      44.17 4.9499e-02 1.7988e+01    81.4116    5.41552    34.9578    34.9730    27.2585    1485.69    1484.99 0.0000e+00
       5373    227.000     7.8842     7.8830   3.616629   3.617925     2.0960    -0.0655      70.24 4.9489e-02 1.7988e+01    81.4550    5.41548    34.9581    34.9733    27.2586    1485.71    1484.99 0.0000e+00
       5394    228.000     7.8856     7.8841   3.616838   3.618098     2.0945    -0.0909      72.77 4.9472e-02 1.7988e+01    81.4671    5.40960    34.9585    34.9735    27.2587    1485.73    1485.00 0.0000e+00
       5416    229.000     7.8849     7.8837   3.616839   3.618122     2.0930    -0.0648      99.14 4.9496e-02 -9.990e-29    81.4364    5.41136    34.9587    34.9737    27.2590    1485.75    1485.00 0.0000e+00
