_data/ctd/2022603/sta0220.cnv
* Sea-Bird SBE 9 Data File:
* FileName = C:\Seabird\CTDData\sta0220.hex
* Software Version Seasave V 7.21f
* Temperature SN = 6264
* Conductivity SN = 4928
* Number of Bytes Per Scan = 40
* Number of Voltage Words = 5
* Number of Scans Averaged by the Deck Unit = 1
* NMEA Latitude = 61 27.60 N
* NMEA Longitude = 004 51.82 E
* NMEA UTC (Time) = Feb 16 2022 16:04:13
* NMEA baud rate = 4800
** Ship: R/V "Kristine Bonnevie"
** Station: 0220
** Echodepth: 276
** Log: 0981.268
** Wind-Dir/Force: 24 02
** Air-temp (dry): 4.2
** Weather Sky:
** Sea:
# nquan = 19                                
# nvalues = 270                         
# units = specified
# name 0 = scan: Scan Count
# name 1 = prDM: Pressure, Digiquartz [db]
# name 2 = t068C: Temperature [ITS-68, deg C]
# name 3 = t168C: Temperature, 2 [ITS-68, deg C]
# name 4 = c0S/m: Conductivity [S/m]
# name 5 = c1S/m: Conductivity, 2 [S/m]
# name 6 = sbeox0V: Oxygen raw, SBE 43 [V]
# name 7 = flECO-AFL: Fluorescence, WET Labs ECO-AFL/FL [mg/m^3]
# name 8 = altM: Altimeter [m]
# name 9 = par: PAR/Irradiance, Biospherical/Licor
# name 10 = spar: SPAR/Surface Irradiance
# name 11 = CStarTr0: Beam Transmission, WET Labs C-Star [%]
# name 12 = sbeox0ML/L: Oxygen, SBE 43 [ml/l], WS = 2
# name 13 = sal00: Salinity, Practical [PSU]
# name 14 = sal11: Salinity, Practical, 2 [PSU]
# name 15 = sigma-t00: Density [sigma-t, Kg/m^3 ]
# name 16 = svCM: Sound Velocity [Chen-Millero, m/s]
# name 17 = avgsvCM: Average Sound Velocity [Chen-Millero, m/s], minP = 1, minS = 5
# name 18 = flag: flag
# span 0 =        361,       6761       
# span 1 =      3.000,    272.000       
# span 2 =     6.0650,     8.6217       
# span 3 =     6.0625,     8.6199       
# span 4 =   3.129453,   3.657081       
# span 5 =   3.130121,   3.658519       
# span 6 =     2.0308,     2.5184       
# span 7 =    -0.0924,     0.5556       
# span 8 =      -6.10,     100.49       
# span 9 = 4.9418e-02, 4.6989e+00       
# span 10 = 9.9915e+00, 1.1992e+01      
# span 11 =    77.3131,    80.4423      
# span 12 =    5.20692,    6.94716      
# span 13 =    31.4852,    34.8784      
# span 14 =    31.4952,    34.8951      
# span 15 =    24.7682,    27.1560      
# span 16 =    1470.63,    1487.36      
# span 17 =    1470.63,    1483.90      
# span 18 = 0.0000e+00, 0.0000e+00      
# interval = decibars: 1                
# start_time = Feb 16 2022 16:04:16 [System UTC, header]
# bad_flag = -9.990e-29
*END*
[from data line 229]
       5454    232.000     8.1681     8.1666   3.635492   3.636895     2.0632 -9.990e-29      77.47 4.9457e-02 9.9933e+00    78.5056    5.27533    34.8752    34.8917    27.1508    1486.76    1483.36 0.0000e+00
       5474    233.000     8.1668     8.1653   3.635433   3.636852     2.0619 -9.990e-29      43.24 4.9479e-02 9.9933e+00    78.4071    5.27197    34.8754    34.8920    27.1511    1486.77    1483.37 0.0000e+00
       5495    234.000     8.1665     8.1649   3.635461   3.636868     2.0603    -0.0558      42.77 4.9485e-02 9.9933e+00    78.3013    5.26261    34.8755    34.8921    27.1513    1486.79    1483.39 0.0000e+00
       5518    235.000     8.1663     8.1646   3.635483   3.636886     2.0588    -0.0558      41.69 4.9480e-02 9.9933e+00    78.2058    5.26517    34.8755    34.8921    27.1512    1486.80    1483.40 0.0000e+00
       5548    236.000     8.1661     8.1644   3.635508   3.636900     2.0572    -0.0558      62.40 4.9481e-02 9.9933e+00    78.1896    5.26060    34.8754    34.8920    27.1513    1486.82    1483.42 0.0000e+00
       5575    237.000     8.1641     8.1626   3.635419   3.636820     2.0559    -0.0558      43.05 4.9514e-02 9.9933e+00    78.2007    5.25759    34.8760    34.8925    27.1520    1486.83    1483.43 0.0000e+00
       5597    238.000     8.1640     8.1623   3.635455   3.636861     2.0546    -0.0559      38.81 4.9479e-02 9.9933e+00    78.1625    5.25417    34.8760    34.8927    27.1520    1486.84    1483.45 0.0000e+00
       5618    239.000     8.1632     8.1620   3.635440   3.636870     2.0537 -9.990e-29      37.89 4.9477e-02 9.9933e+00    78.0690    5.25149    34.8761    34.8926    27.1523    1486.86    1483.46 0.0000e+00
       5641    240.000     8.1627     8.1612   3.635449   3.636860     2.0524 -9.990e-29      37.06 4.9491e-02 9.9933e+00    78.0775    5.24910    34.8763    34.8928    27.1524    1486.87    1483.47 0.0000e+00
       5664    241.000     8.1629     8.1613   3.635512   3.636921     2.0514 -9.990e-29      35.97 4.9465e-02 9.9933e+00    78.0702    5.24971    34.8763    34.8929    27.1524    1486.89    1483.49 0.0000e+00
       5684    242.000     8.1626     8.1610   3.635526   3.636938     2.0508 -9.990e-29      34.90 4.9483e-02 9.9933e+00    78.0171    5.24651    34.8762    34.8929    27.1524    1486.91    1483.50 0.0000e+00
       5704    243.000     8.1625     8.1608   3.635568   3.636973     2.0499    -0.0838      34.11 4.9509e-02 9.9933e+00    78.0307    5.24497    34.8763    34.8930    27.1525    1486.92    1483.52 0.0000e+00
       5724    244.000     8.1625     8.1609   3.635612   3.637025     2.0492    -0.0791      33.03 4.9499e-02 9.9933e+00    77.9902    5.24638    34.8763    34.8930    27.1525    1486.94    1483.53 0.0000e+00
       5745    245.000     8.1609     8.1596   3.635537   3.636952     2.0487    -0.0560      31.95 4.9499e-02 9.9933e+00    77.9906    5.24570    34.8766    34.8930    27.1530    1486.95    1483.54 0.0000e+00
       5765    246.000     8.1594     8.1577   3.635469   3.636859     2.0481    -0.0558      31.01 4.9505e-02 9.9933e+00    77.9472    5.24305    34.8769    34.8934    27.1534    1486.96    1483.56 0.0000e+00
       5784    247.000     8.1581     8.1570   3.635413   3.636847     2.0475    -0.0558      30.01 4.9490e-02 9.9933e+00    77.9576    5.24088    34.8771    34.8935    27.1538    1486.97    1483.57 0.0000e+00
       5803    248.000     8.1563     8.1553   3.635313   3.636746     2.0466    -0.0558      29.10 4.9490e-02 9.9933e+00    77.9176    5.23421    34.8773    34.8936    27.1542    1486.98    1483.59 0.0000e+00
       5823    249.000     8.1560     8.1544   3.635345   3.636744     2.0456    -0.0558      28.04 4.9498e-02 9.9933e+00    77.8934    5.23569    34.8775    34.8940    27.1544    1487.00    1483.60 0.0000e+00
       5845    250.000     8.1561     8.1546   3.635389   3.636807     2.0449    -0.0558      26.89 4.9506e-02 9.9933e+00    77.8213    5.23284    34.8774    34.8940    27.1543    1487.01    1483.61 0.0000e+00
       5867    251.000     8.1563     8.1546   3.635454   3.636849     2.0440    -0.0558      25.79 4.9478e-02 9.9933e+00    77.7542    5.23157    34.8774    34.8940    27.1543    1487.03    1483.63 0.0000e+00
       5889    252.000     8.1561     8.1545   3.635480   3.636883     2.0431    -0.0558      24.82 4.9499e-02 9.9933e+00    77.7613    5.23068    34.8774    34.8940    27.1543    1487.05    1483.64 0.0000e+00
       5918    253.000     8.1560     8.1544   3.635504   3.636910     2.0427 -9.990e-29      23.74 4.9508e-02 9.9933e+00    77.7144    5.23476    34.8773    34.8939    27.1542    1487.06    1483.65 0.0000e+00
       5955    254.000     8.1558     8.1546   3.635541   3.636979     2.0418 -9.990e-29      22.64 4.9469e-02 9.9933e+00    77.7456    5.22951    34.8774    34.8939    27.1544    1487.08    1483.67 0.0000e+00
       5981    255.000     8.1562     8.1545   3.635633   3.637033     2.0416 -9.990e-29      21.75 4.9510e-02 9.9933e+00    77.7384    5.22880    34.8775    34.8941    27.1544    1487.10    1483.68 0.0000e+00
       5998    256.000     8.1563     8.1547   3.635684   3.637089     2.0406 -9.990e-29      20.93 4.9500e-02 9.9933e+00    77.6969    5.22339    34.8775    34.8941    27.1543    1487.11    1483.69 0.0000e+00
       6013    257.000     8.1564     8.1545   3.635729   3.637134     2.0403 -9.990e-29      20.08 4.9489e-02 9.9933e+00    77.6557    5.22637    34.8774    34.8943    27.1542    1487.13    1483.71 0.0000e+00
       6026    258.000     8.1565     8.1545   3.635787   3.637174     2.0400 -9.990e-29      19.18 4.9508e-02 9.9933e+00    77.6333    5.22695    34.8774    34.8942    27.1543    1487.15    1483.72 0.0000e+00
       6041    259.000     8.1562     8.1545   3.635813   3.637221     2.0395 -9.990e-29      18.22 4.9483e-02 9.9933e+00    77.5986    5.22425    34.8775    34.8942    27.1544    1487.16    1483.73 0.0000e+00
       6061    260.000     8.1553     8.1540   3.635789   3.637209     2.0391 -9.990e-29      17.06 4.9491e-02 9.9933e+00    77.5997    5.22490    34.8776    34.8941    27.1546    1487.18    1483.75 0.0000e+00
       6231    261.000     8.1567     8.1553   3.635934   3.637368     2.0390    -0.0558      15.37 4.9490e-02 9.9933e+00    77.6437    5.23088    34.8773    34.8940    27.1542    1487.20    1483.76 0.0000e+00
       6303    262.000     8.1567     8.1550   3.635973   3.637376     2.0390    -0.0558      14.46 4.9492e-02 9.9933e+00    77.6341    5.23218    34.8773    34.8939    27.1541    1487.21    1483.77 0.0000e+00
       6338    263.000     8.1555     8.1542   3.635942   3.637358     2.0390 -9.990e-29      13.57 4.9464e-02 9.9933e+00    77.6595    5.23188    34.8776    34.8941    27.1546    1487.23    1483.79 0.0000e+00
       6370    264.000     8.1556     8.1540   3.635992   3.637381     2.0389 -9.990e-29      12.64 4.9481e-02 9.9933e+00    77.6403    5.23035    34.8776    34.8940    27.1546    1487.24    1483.80 0.0000e+00
       6406    265.000     8.1555     8.1538   3.636025   3.637417     2.0380    -0.0558      11.60 4.9510e-02 9.9933e+00    77.6732    5.22439    34.8776    34.8941    27.1546    1487.26    1483.81 0.0000e+00
       6438    266.000     8.1555     8.1543   3.636080   3.637502     2.0373    -0.0558      10.66 4.9490e-02 9.9933e+00    77.6489    5.22051    34.8777    34.8941    27.1546    1487.28    1483.83 0.0000e+00
       6470    267.000     8.1548     8.1535   3.636063   3.637484     2.0366    -0.0558       9.65 4.9497e-02 9.9933e+00    77.5750    5.22288    34.8777    34.8942    27.1548    1487.29    1483.84 0.0000e+00
       6514    268.000     8.1532     8.1515   3.635976   3.637379     2.0356    -0.0558       8.55 4.9499e-02 9.9933e+00    77.5698    5.21833    34.8779    34.8946    27.1552    1487.30    1483.85 0.0000e+00
       6559    269.000     8.1525     8.1508   3.635965   3.637370     2.0345    -0.0558       7.56 4.9471e-02 -9.990e-29    77.5327    5.21514    34.8780    34.8947    27.1553    1487.31    1483.86 0.0000e+00
       6597    270.000     8.1508     8.1495   3.635889   3.637302     2.0336    -0.0558       6.60 4.9484e-02 -9.990e-29    77.5384    5.21542    34.8784    34.8948    27.1559    1487.32    1483.88 0.0000e+00
       6649    271.000     8.1503     8.1483   3.635884   3.637265     2.0329 -9.990e-29       5.53 4.9506e-02 -9.990e-29    77.3131    5.21303    34.8784    34.8951    27.1560    1487.34    1483.89 0.0000e+00
       6761    272.000     8.1515     8.1498   3.635993   3.637447     2.0308    -0.0558       4.31 4.9418e-02 -9.990e-29    77.3145    5.20692    34.8779    34.8951    27.1554    1487.36    1483.90 0.0000e+00
