_data/ctd/2022603/sta0170.cnv
* Sea-Bird SBE 9 Data File:
* FileName = C:\Seabird\CTDData\sta0170.hex
* Software Version Seasave V 7.21f
* Temperature SN = 6264
* Conductivity SN = 4928
* Number of Bytes Per Scan = 40
* Number of Voltage Words = 5
* Number of Scans Averaged by the Deck Unit = 1
* NMEA Latitude = 60 52.19 N
* NMEA Longitude = 005 22.03 E
* NMEA UTC (Time) = Feb 12 2022 23:06:40
* NMEA baud rate = 4800
** Ship: R/V "Kristine Bonnevie"
** Station: 0170
** Echodepth: 464
** Log: 0512.060
** Wind-Dir/Force: 25 09
** Air-temp (dry): 5.9
** Weather Sky:
** Sea:
# nquan = 19                                
# nvalues = 461                         
# units = specified
# name 0 = scan: Scan Count
# name 1 = prDM: Pressure, Digiquartz [db]
# name 2 = t068C: Temperature [ITS-68, deg C]
# name 3 = t168C: Temperature, 2 [ITS-68, deg C]
# name 4 = c0S/m: Conductivity [S/m]
# name 5 = c1S/m: Conductivity, 2 [S/m]
# name 6 = sbeox0V: Oxygen raw, SBE 43 [V]
# name 7 = flECO-AFL: Fluorescence, WET Labs ECO-AFL/FL [mg/m^3]
# name 8 = altM: Altimeter [m]
# name 9 = par: PAR/Irradiance, Biospherical/Licor
# name 10 = spar: SPAR/Surface Irradiance
# name 11 = CStarTr0: Beam Transmission, WET Labs C-Star [%]
# name 12 = sbeox0ML/L: Oxygen, SBE 43 [ml/l], WS = 2
# name 13 = sal00: Salinity, Practical [PSU]
# name 14 = sal11: Salinity, Practical, 2 [PSU]
# name 15 = sigma-t00: Density [sigma-t, Kg/m^3 ]
# name 16 = svCM: Sound Velocity [Chen-Millero, m/s]
# name 17 = avgsvCM: Average Sound Velocity [Chen-Millero, m/s], minP = 1, minS = 5
# name 18 = flag: flag
# span 0 =         14,      10313       
# span 1 =      3.000,    463.000       
# span 2 =     2.9724,     9.4637       
# span 3 =     2.9825,     9.4666       
# span 4 =   1.232692,   3.677694       
# span 5 =   1.271329,   3.679068       
# span 6 =     1.6030,     2.6028       
# span 7 =    -0.0805,     0.2601       
# span 8 =      12.76,      99.69       
# span 9 = 4.9452e-02, 5.7360e-01       
# span 10 = 0.0000e+00, 0.0000e+00      
# span 11 =    23.9851,    81.8288      
# span 12 =    3.82578,    8.69613      
# span 13 =    12.5067,    34.9702      
# span 14 =    12.9270,    34.9857      
# span 15 =     9.9697,    27.1995      
# span 16 =    1433.23,    1491.32      
# span 17 =    1433.23,    1487.26      
# span 18 = 0.0000e+00, 0.0000e+00      
# interval = decibars: 1                
# start_time = Feb 12 2022 23:06:42 [System UTC, header]
# bad_flag = -9.990e-29
*END*
         14      3.000     2.9724     2.9825   1.232692   1.271329     2.4893     0.2154      77.22 5.7360e-01 0.0000e+00    81.1136    8.69613    12.5067    12.9270     9.9697    1433.23    1433.23 0.0000e+00
         43      4.000     6.3572     6.4939   2.751385   2.833597     2.4950     0.2458      98.51 3.6480e-01 0.0000e+00    42.7838    7.53233    27.0837    27.8646    21.2649    1466.27    1441.35 0.0000e+00
         70      5.000     7.1846     7.2108   3.120902   3.132981     2.5523     0.2572      98.83 2.0615e-01 0.0000e+00    23.9851    7.76934    30.3822    30.4892    23.7598    1473.68    1447.70 0.0000e+00
         92      6.000     7.5892     7.5758   3.208441   3.211223     2.5953     0.2601      98.83 1.4643e-01 0.0000e+00    41.0285    7.45144    30.9626    31.0043    24.1619    1475.99    1452.34 0.0000e+00
        114      7.000     7.7327     7.7106   3.247160   3.247552     2.6028     0.2128      98.83 1.1477e-01 0.0000e+00    62.4715    7.08428    31.2471    31.2711    24.3656    1476.91    1455.80 0.0000e+00
        137      8.000     8.1298     8.0971   3.331904   3.331180     2.5849     0.1189      98.83 1.1268e-01 0.0000e+00    78.5138    6.73903    31.7885    31.8105    24.7342    1479.11    1458.67 0.0000e+00
        158      9.000     8.3946     8.3762   3.382042   3.382747     2.5602     0.0794      98.83 7.5741e-02 0.0000e+00    80.2692    6.57912    32.0764    32.1006    24.9213    1480.49    1461.07 0.0000e+00
        178     10.000     8.5288     8.5280   3.410819   3.411900     2.5376     0.0559      98.83 5.6991e-02 0.0000e+00    80.5499    6.48163    32.2559    32.2679    25.0420    1481.23    1463.06 0.0000e+00
        199     11.000     8.5725     8.5556   3.427518   3.427792     2.5148     0.0217      98.83 5.3633e-02 0.0000e+00    80.9489    6.38324    32.3906    32.4090    25.1410    1481.57    1464.72 0.0000e+00
        219     12.000     8.9489     8.9121   3.479339   3.479420     2.4904    -0.0115      98.83 5.2668e-02 0.0000e+00    81.1466    6.24277    32.5862    32.6208    25.2367    1483.23    1466.25 0.0000e+00
        238     13.000     8.8823     8.9052   3.479469   3.481187     2.4692    -0.0113      98.83 4.9536e-02 0.0000e+00    81.2926    6.22342    32.6483    32.6451    25.2956    1483.08    1467.53 0.0000e+00
        257     14.000     8.7079     8.7192   3.470816   3.472047     2.4518    -0.0135      98.82 4.9468e-02 0.0000e+00    81.3908    6.17952    32.7183    32.7207    25.3772    1482.53    1468.59 0.0000e+00
        276     15.000     8.6087     8.6125   3.465827   3.466870     2.4295    -0.0321      98.83 4.9491e-02 0.0000e+00    81.4270    6.07460    32.7574    32.7648    25.4229    1482.23    1469.49 0.0000e+00
        295     16.000     8.6820     8.6684   3.478215   3.479119     2.4060    -0.0156      98.83 4.9498e-02 0.0000e+00    81.4687    6.01358    32.8189    32.8410    25.4599    1482.59    1470.30 0.0000e+00
        314     17.000     8.7551     8.7444   3.490154   3.491063     2.3884    -0.0087      98.82 4.9519e-02 0.0000e+00    81.4793    6.02904    32.8756    32.8950    25.4931    1482.95    1471.04 0.0000e+00
        332     18.000     8.7970     8.7966   3.499823   3.501131     2.3781    -0.0207      98.82 4.9478e-02 0.0000e+00    81.4451    6.05935    32.9373    32.9514    25.5351    1483.20    1471.71 0.0000e+00
        350     19.000     8.8381     8.8285   3.509426   3.510492     2.3719    -0.0420      98.81 4.9485e-02 0.0000e+00    81.4690    6.05989    32.9990    33.0191    25.5770    1483.45    1472.32 0.0000e+00
        368     20.000     8.9051     8.8978   3.522845   3.524167     2.3660    -0.0120      98.81 4.9493e-02 0.0000e+00    81.4511    6.03868    33.0763    33.0969    25.6271    1483.81    1472.89 0.0000e+00
        388     21.000     9.0984     9.0887   3.550117   3.551785     2.3607    -0.0169      98.83 4.9478e-02 0.0000e+00    81.4081    6.00525    33.1796    33.2060    25.6777    1484.66    1473.45 0.0000e+00
        410     22.000     9.1050     9.1086   3.552253   3.553793     2.3563    -0.0377      98.81 4.9464e-02 0.0000e+00    81.3634    5.99833    33.1952    33.2079    25.6889    1484.72    1473.96 0.0000e+00
        432     23.000     9.1968     9.1770   3.568647   3.569370     2.3511    -0.0418      98.82 4.9514e-02 0.0000e+00    81.3167    5.93785    33.2793    33.3053    25.7401    1485.18    1474.44 0.0000e+00
        456     24.000     9.3557     9.3573   3.593844   3.595150     2.3416    -0.0372      98.82 4.9474e-02 0.0000e+00    81.2002    5.88244    33.3913    33.4033    25.8022    1485.92    1474.92 0.0000e+00
        482     25.000     9.0414     9.0508   3.563302   3.564487     2.3349    -0.0419      98.81 4.9485e-02 0.0000e+00    81.1099    5.88273    33.3682    33.3717    25.8343    1484.75    1475.31 0.0000e+00
        509     26.000     8.9952     8.9939   3.561408   3.562729     2.3182    -0.0404      98.81 4.9487e-02 0.0000e+00    80.9153    5.77992    33.3914    33.4064    25.8597    1484.62    1475.66 0.0000e+00
        534     27.000     9.0194     9.0124   3.567495   3.568702     2.3041    -0.0367      98.81 4.9489e-02 0.0000e+00    80.5432    5.79351    33.4316    33.4508    25.8874    1484.78    1476.00 0.0000e+00
        560     28.000     9.1488     9.1346   3.586941   3.587992     2.2985    -0.0418      83.80 4.9482e-02 0.0000e+00    80.0807    5.82316    33.5118    33.5361    25.9297    1485.37    1476.33 0.0000e+00
        585     29.000     9.3727     9.3714   3.614094   3.615747     2.2988    -0.0334      98.69 4.9478e-02 0.0000e+00    79.5708    5.82894    33.5824    33.6007    25.9489    1486.30    1476.67 0.0000e+00
        610     30.000     9.3033     9.3015   3.611153   3.612622     2.3012    -0.0340      98.54 4.9472e-02 0.0000e+00    79.0767    5.82285    33.6167    33.6336    25.9870    1486.10    1476.99 0.0000e+00
        634     31.000     9.3150     9.3132   3.616072   3.617459     2.2961    -0.0371      98.43 4.9474e-02 0.0000e+00    78.6179    5.73913    33.6562    33.6722    26.0160    1486.21    1477.28 0.0000e+00
        659     32.000     9.3196     9.3200   3.620036   3.621422     2.2870    -0.0347      86.49 4.9489e-02 0.0000e+00    78.2210    5.70023    33.6924    33.7064    26.0436    1486.29    1477.56 0.0000e+00
        684     33.000     9.2369     9.2378   3.613808   3.615183     2.2790    -0.0473      82.90 4.9478e-02 0.0000e+00    77.8570    5.68975    33.7055    33.7189    26.0671    1486.01    1477.82 0.0000e+00
        709     34.000     9.2427     9.2424   3.617131   3.618567     2.2706    -0.0406      82.21 4.9460e-02 0.0000e+00    77.5512    5.67140    33.7340    33.7492    26.0885    1486.09    1478.06 0.0000e+00
        734     35.000     9.2788     9.2742   3.626380   3.628160     2.2651    -0.0254      76.27 4.9491e-02 0.0000e+00    77.2928    5.67790    33.7953    33.8181    26.1306    1486.31    1478.29 0.0000e+00
        759     36.000     9.2474     9.2557   3.625792   3.627504     2.2627    -0.0412      98.88 4.9506e-02 0.0000e+00    77.0887    5.69805    33.8185    33.8284    26.1538    1486.24    1478.51 0.0000e+00
        784     37.000     9.1652     9.1634   3.620234   3.621539     2.2616    -0.0558      84.27 4.9511e-02 0.0000e+00    76.9587    5.68831    33.8383    33.8535    26.1825    1485.98    1478.71 0.0000e+00
        809     38.000     9.1920     9.1892   3.626094   3.627673     2.2567    -0.0558      96.26 4.9500e-02 0.0000e+00    76.8230    5.66206    33.8733    33.8924    26.2056    1486.14    1478.91 0.0000e+00
        834     39.000     9.2522     9.2503   3.633735   3.635262     2.2546    -0.0449      68.12 4.9495e-02 0.0000e+00    76.7169    5.67545    33.8950    33.9127    26.2129    1486.40    1479.10 0.0000e+00
        859     40.000     9.2384     9.2385   3.632801   3.634331     2.2549    -0.0362      92.66 4.9495e-02 0.0000e+00    76.6276    5.68759    33.8980    33.9137    26.2174    1486.37    1479.28 0.0000e+00
        884     41.000     9.2424     9.2397   3.634322   3.635628     2.2540    -0.0474      65.25 4.9512e-02 0.0000e+00    76.5360    5.66090    33.9095    33.9256    26.2258    1486.42    1479.45 0.0000e+00
        909     42.000     9.2919     9.2839   3.641370   3.642704     2.2507    -0.0279      98.92 4.9489e-02 0.0000e+00    76.4130    5.63955    33.9351    33.9566    26.2379    1486.65    1479.62 0.0000e+00
        934     43.000     9.4534     9.4470   3.667114   3.668501     2.2487 -9.990e-29      82.54 4.9478e-02 0.0000e+00    76.3553    5.62902    34.0477    34.0681    26.2997    1487.39    1479.80 0.0000e+00
        960     44.000     9.4637     9.4666   3.674007   3.675470     2.2489 -9.990e-29      96.28 4.9476e-02 0.0000e+00    76.2512    5.62016    34.1087    34.1210    26.3457    1487.52    1479.98 0.0000e+00
        985     45.000     9.2218     9.2313   3.651373   3.652914     2.2450 -9.990e-29      90.05 4.9503e-02 0.0000e+00    76.1620    5.56523    34.1044    34.1114    26.3817    1486.65    1480.13 0.0000e+00
       1009     46.000     9.2074     9.2055   3.651185   3.652594     2.2306    -0.0553      98.86 4.9483e-02 0.0000e+00    76.0708    5.46670    34.1158    34.1322    26.3929    1486.62    1480.27 0.0000e+00
       1034     47.000     9.2240     9.2224   3.655719   3.657161     2.2173    -0.0558      72.87 4.9483e-02 0.0000e+00    75.9230    5.47527    34.1466    34.1631    26.4143    1486.74    1480.40 0.0000e+00
       1059     48.000     9.1611     9.1644   3.651865   3.653304     2.2115    -0.0558      57.44 4.9489e-02 0.0000e+00    75.8220    5.51359    34.1662    34.1781    26.4398    1486.55    1480.53 0.0000e+00
       1084     49.000     9.2009     9.1955   3.660885   3.662296     2.2081    -0.0558      99.26 4.9472e-02 0.0000e+00    75.7141    5.49789    34.2215    34.2414    26.4767    1486.78    1480.66 0.0000e+00
       1109     50.000     9.2132     9.2129   3.665877   3.667219     2.2043    -0.0558      92.41 4.9484e-02 0.0000e+00    75.5869    5.49504    34.2612    34.2754    26.5057    1486.89    1480.78 0.0000e+00
       1134     51.000     9.1709     9.1685   3.664999   3.666244     2.2018    -0.0558      37.56 4.9500e-02 0.0000e+00    75.4682    5.47315    34.2922    34.3075    26.5368    1486.79    1480.90 0.0000e+00
       1160     52.000     9.1713     9.1696   3.665541   3.666925     2.1949    -0.0558      99.01 4.9466e-02 0.0000e+00    75.3816    5.42219    34.2970    34.3131    26.5405    1486.81    1481.01 0.0000e+00
       1185     53.000     9.1591     9.1581   3.665897   3.667309     2.1865    -0.0558      91.89 4.9494e-02 0.0000e+00    75.2765    5.39177    34.3120    34.3277    26.5542    1486.80    1481.12 0.0000e+00
       1210     54.000     9.1909     9.1862   3.670749   3.672120     2.1782    -0.0558      63.01 4.9495e-02 0.0000e+00    75.2096    5.36651    34.3315    34.3503    26.5643    1486.96    1481.23 0.0000e+00
       1235     55.000     9.1571     9.1589   3.669960   3.671449     2.1712    -0.0558      51.66 4.9489e-02 0.0000e+00    75.0741    5.35953    34.3553    34.3691    26.5885    1486.88    1481.33 0.0000e+00
       1261     56.000     9.1514     9.1451   3.671802   3.672677     2.1646    -0.0558      98.78 4.9514e-02 0.0000e+00    75.0556    5.33084    34.3796    34.3948    26.6084    1486.91    1481.43 0.0000e+00
       1286     57.000     9.1702     9.1669   3.674138   3.675395     2.1565    -0.0558      97.02 4.9483e-02 0.0000e+00    75.0013    5.29871    34.3853    34.4016    26.6098    1487.00    1481.53 0.0000e+00
       1311     58.000     9.1627     9.1612   3.674267   3.675651     2.1492    -0.0558      90.84 4.9511e-02 0.0000e+00    74.9580    5.28041    34.3934    34.4093    26.6174    1487.00    1481.62 0.0000e+00
       1336     59.000     9.1498     9.1492   3.675092   3.676561     2.1417    -0.0558      98.92 4.9489e-02 0.0000e+00    74.9107    5.25555    34.4140    34.4299    26.6356    1486.99    1481.71 0.0000e+00
       1361     60.000     9.1423     9.1415   3.677694   3.679068     2.1343    -0.0558      79.72 4.9489e-02 0.0000e+00    74.8973    5.24128    34.4479    34.4630    26.6633    1487.02    1481.80 0.0000e+00
       1386     61.000     9.1256     9.1242   3.677370   3.678751     2.1283    -0.0558      90.64 4.9467e-02 0.0000e+00    74.8960    5.22188    34.4602    34.4760    26.6756    1486.99    1481.89 0.0000e+00
       1411     62.000     9.1125     9.1114   3.676810   3.678203     2.1207    -0.0558      83.99 4.9495e-02 0.0000e+00    74.9129    5.18277    34.4666    34.4822    26.6827    1486.97    1481.97 0.0000e+00
       1436     63.000     9.0951     9.0951   3.675986   3.677382     2.1114    -0.0558      83.30 4.9478e-02 0.0000e+00    74.9465    5.15099    34.4744    34.4889    26.6916    1486.93    1482.05 0.0000e+00
       1461     64.000     9.0329     9.0341   3.672961   3.674324     2.1029    -0.0558      86.73 4.9489e-02 0.0000e+00    74.9855    5.13669    34.5026    34.5157    26.7237    1486.75    1482.12 0.0000e+00
       1487     65.000     9.0006     9.0004   3.671446   3.672828     2.0943    -0.0558      39.80 4.9493e-02 0.0000e+00    75.0031    5.10945    34.5176    34.5322    26.7406    1486.67    1482.19 0.0000e+00
       1513     66.000     8.9661     8.9665   3.669687   3.671044     2.0853    -0.0558      98.67 4.9487e-02 0.0000e+00    75.0721    5.07753    34.5322    34.5460    26.7576    1486.58    1482.25 0.0000e+00
       1538     67.000     8.9280     8.9277   3.668120   3.669483     2.0751    -0.0558      98.69 4.9477e-02 0.0000e+00    75.1593    5.04229    34.5524    34.5669    26.7794    1486.48    1482.32 0.0000e+00
       1564     68.000     8.9054     8.9044   3.667229   3.668591     2.0651    -0.0558      93.24 4.9478e-02 0.0000e+00    75.2123    5.01952    34.5645    34.5798    26.7926    1486.43    1482.38 0.0000e+00
       1589     69.000     8.8896     8.8888   3.666397   3.667759     2.0563    -0.0558      59.18 4.9478e-02 0.0000e+00    75.2653    5.01124    34.5707    34.5858    26.7999    1486.39    1482.44 0.0000e+00
       1614     70.000     8.8693     8.8688   3.665428   3.666781     2.0501    -0.0558      75.59 4.9472e-02 0.0000e+00    75.3465    5.01034    34.5799    34.5946    26.8103    1486.34    1482.49 0.0000e+00
       1640     71.000     8.8420     8.8417   3.664175   3.665520     2.0448    -0.0558      79.29 4.9466e-02 0.0000e+00    75.4667    5.00155    34.5928    34.6073    26.8248    1486.28    1482.54 0.0000e+00
       1665     72.000     8.8215     8.8207   3.663354   3.664705     2.0395    -0.0558      45.79 4.9497e-02 0.0000e+00    75.5582    4.98005    34.6037    34.6187    26.8366    1486.23    1482.60 0.0000e+00
       1689     73.000     8.8073     8.8063   3.662858   3.664219     2.0333    -0.0558      53.68 4.9478e-02 0.0000e+00    75.6838    4.95343    34.6119    34.6272    26.8452    1486.20    1482.64 0.0000e+00
       1714     74.000     8.7890     8.7883   3.662299   3.663645     2.0261    -0.0558      36.65 4.9492e-02 0.0000e+00    75.8314    4.93341    34.6234    34.6383    26.8571    1486.17    1482.69 0.0000e+00
       1740     75.000     8.7720     8.7713   3.661544   3.662889     2.0201    -0.0558      77.61 4.9495e-02 0.0000e+00    75.9869    4.92923    34.6316    34.6465    26.8662    1486.13    1482.74 0.0000e+00
       1765     76.000     8.7551     8.7541   3.660864   3.662213     2.0157    -0.0558      57.99 4.9489e-02 0.0000e+00    76.1234    4.93171    34.6405    34.6557    26.8759    1486.09    1482.78 0.0000e+00
       1791     77.000     8.7479     8.7465   3.660705   3.662044     2.0122    -0.0558      52.71 4.9482e-02 0.0000e+00    76.2813    4.92072    34.6454    34.6609    26.8808    1486.09    1482.82 0.0000e+00
       1816     78.000     8.7354     8.7347   3.660125   3.661468     2.0079    -0.0558      69.63 4.9483e-02 0.0000e+00    76.4586    4.90716    34.6510    34.6659    26.8872    1486.07    1482.87 0.0000e+00
