_data/ctd/2022603/sta0219.cnv
* Sea-Bird SBE 9 Data File:
* FileName = C:\Seabird\CTDData\sta0219.hex
* Software Version Seasave V 7.21f
* Temperature SN = 6264
* Conductivity SN = 4928
* Number of Bytes Per Scan = 40
* Number of Voltage Words = 5
* Number of Scans Averaged by the Deck Unit = 1
* NMEA Latitude = 61 34.16 N
* NMEA Longitude = 004 58.64 E
* NMEA UTC (Time) = Feb 16 2022 13:04:27
* NMEA baud rate = 4800
** Ship: R/V "Kristine Bonnevie"
** Station: 0219
** Echodepth: 543
** Log: 0963.203
** Wind-Dir/Force: 16 15
** Air-temp (dry): 4.4
** Weather Sky:
** Sea:
# nquan = 19                                
# nvalues = 541                         
# units = specified
# name 0 = scan: Scan Count
# name 1 = prDM: Pressure, Digiquartz [db]
# name 2 = t068C: Temperature [ITS-68, deg C]
# name 3 = t168C: Temperature, 2 [ITS-68, deg C]
# name 4 = c0S/m: Conductivity [S/m]
# name 5 = c1S/m: Conductivity, 2 [S/m]
# name 6 = sbeox0V: Oxygen raw, SBE 43 [V]
# name 7 = flECO-AFL: Fluorescence, WET Labs ECO-AFL/FL [mg/m^3]
# name 8 = altM: Altimeter [m]
# name 9 = par: PAR/Irradiance, Biospherical/Licor
# name 10 = spar: SPAR/Surface Irradiance
# name 11 = CStarTr0: Beam Transmission, WET Labs C-Star [%]
# name 12 = sbeox0ML/L: Oxygen, SBE 43 [ml/l], WS = 2
# name 13 = sal00: Salinity, Practical [PSU]
# name 14 = sal11: Salinity, Practical, 2 [PSU]
# name 15 = sigma-t00: Density [sigma-t, Kg/m^3 ]
# name 16 = svCM: Sound Velocity [Chen-Millero, m/s]
# name 17 = avgsvCM: Average Sound Velocity [Chen-Millero, m/s], minP = 1, minS = 5
# name 18 = flag: flag
# span 0 =         16,      11899       
# span 1 =      2.000,    542.000       
# span 2 =     5.6043,     8.5465       
# span 3 =     5.6165,     8.5446       
# span 4 =   2.909939,   3.666746       
# span 5 =   2.912589,   3.668172       
# span 6 =     1.9827,     2.4959       
# span 7 =    -0.0944,     0.1997       
# span 8 =       4.96,      99.49       
# span 9 = 4.9438e-02, 5.2632e+01       
# span 10 = 9.5936e+01, 1.2392e+02      
# span 11 =    78.5992,    80.8877      
# span 12 =    5.24339,    7.05659      
# span 13 =    29.4570,    35.0461      
# span 14 =    29.4760,    35.0627      
# span 15 =    23.2201,    27.3279      
# span 16 =    1466.18,    1491.01      
# span 17 =    1466.18,    1486.37      
# span 18 = 0.0000e+00, 0.0000e+00      
# interval = decibars: 1                
# start_time = Feb 16 2022 13:04:30 [System UTC, header]
# bad_flag = -9.990e-29
*END*
[from data line 229]
       5049    231.000     8.3789     8.3775   3.663291   3.664714     2.1898    -0.0834      98.80 4.9462e-02 -9.990e-29    80.6871    5.66825    34.9628    34.9793    27.1873    1487.64    1483.27 0.0000e+00
       5074    232.000     8.3716     8.3706   3.662866   3.664287     2.1885    -0.0672      98.80 4.9462e-02 -9.990e-29    80.7155    5.66458    34.9651    34.9812    27.1902    1487.63    1483.28 0.0000e+00
       5097    233.000     8.3638     8.3626   3.662355   3.663779     2.1863    -0.0881      98.80 4.9484e-02 1.0193e+02    80.6596    5.65222    34.9669    34.9832    27.1928    1487.62    1483.30 0.0000e+00
       5119    234.000     8.3607     8.3591   3.662133   3.663538     2.1842    -0.0891      98.80 4.9470e-02 1.0193e+02    80.5867    5.64857    34.9671    34.9837    27.1935    1487.63    1483.32 0.0000e+00
       5141    235.000     8.3557     8.3539   3.661668   3.663010     2.1822    -0.0658      98.80 4.9464e-02 1.0193e+02    80.5307    5.63993    34.9667    34.9827    27.1939    1487.63    1483.34 0.0000e+00
       5163    236.000     8.3466     8.3451   3.660856   3.662251     2.1799    -0.0637      98.80 4.9464e-02 1.0193e+02    80.4382    5.63699    34.9666    34.9829    27.1952    1487.61    1483.36 0.0000e+00
       5185    237.000     8.3424     8.3412   3.660554   3.661990     2.1778    -0.0614      98.30 4.9471e-02 1.0193e+02    80.4083    5.63155    34.9671    34.9835    27.1962    1487.61    1483.38 0.0000e+00
       5205    238.000     8.3374     8.3361   3.660181   3.661615     2.1761    -0.0578      98.55 4.9490e-02 1.0193e+02    80.4716    5.62799    34.9676    34.9841    27.1974    1487.61    1483.39 0.0000e+00
       5224    239.000     8.3361     8.3345   3.660148   3.661560     2.1743    -0.0619      98.80 4.9490e-02 1.0193e+02    80.5047    5.62128    34.9680    34.9846    27.1980    1487.62    1483.41 0.0000e+00
       5244    240.000     8.3331     8.3317   3.659972   3.661391     2.1724    -0.0584      98.80 4.9488e-02 1.0193e+02    80.5603    5.61349    34.9687    34.9851    27.1989    1487.63    1483.43 0.0000e+00
       5265    241.000     8.3297     8.3283   3.659747   3.661172     2.1702    -0.0668      98.27 4.9499e-02 1.0261e+02    80.5664    5.60847    34.9692    34.9857    27.1998    1487.63    1483.45 0.0000e+00
       5288    242.000     8.3272     8.3257   3.659630   3.661035     2.1681    -0.0747      98.80 4.9497e-02 1.0343e+02    80.5659    5.60336    34.9699    34.9864    27.2008    1487.64    1483.46 0.0000e+00
       5312    243.000     8.3198     8.3186   3.659011   3.660424     2.1657    -0.0878      98.80 4.9458e-02 -9.990e-29    80.5988    5.59848    34.9702    34.9864    27.2022    1487.63    1483.48 0.0000e+00
       5334    244.000     8.3045     8.3039   3.657886   3.659295     2.1640    -0.0917      98.39 4.9492e-02 -9.990e-29    80.5935    5.59710    34.9729    34.9885    27.2067    1487.59    1483.50 0.0000e+00
       5355    245.000     8.2996     8.2980   3.657658   3.659026     2.1621    -0.0892      98.80 4.9466e-02 -9.990e-29    80.5717    5.59340    34.9749    34.9910    27.2090    1487.59    1483.51 0.0000e+00
       5376    246.000     8.2928     8.2912   3.657241   3.658628     2.1605    -0.0678      98.80 4.9504e-02 -9.990e-29    80.5901    5.58692    34.9767    34.9931    27.2114    1487.58    1483.53 0.0000e+00
       5397    247.000     8.2916     8.2900   3.657308   3.658714     2.1585    -0.0779      98.74 4.9490e-02 1.0393e+02    80.5601    5.57720    34.9781    34.9947    27.2127    1487.60    1483.55 0.0000e+00
       5420    248.000     8.2906     8.2891   3.657267   3.658691     2.1561    -0.0876      98.74 4.9475e-02 1.0393e+02    80.5644    5.57486    34.9782    34.9949    27.2130    1487.61    1483.56 0.0000e+00
       5443    249.000     8.2863     8.2847   3.656920   3.658310     2.1545    -0.0770      98.80 4.9487e-02 1.0393e+02    80.5369    5.57427    34.9783    34.9947    27.2137    1487.61    1483.58 0.0000e+00
       5466    250.000     8.2878     8.2857   3.657324   3.658683     2.1531    -0.0600      98.80 4.9477e-02 1.0393e+02    80.5495    5.57591    34.9806    34.9972    27.2153    1487.64    1483.59 0.0000e+00
       5487    251.000     8.2875     8.2863   3.657375   3.658814     2.1521    -0.0592      98.80 4.9485e-02 1.0393e+02    80.5588    5.57200    34.9810    34.9975    27.2156    1487.65    1483.61 0.0000e+00
       5508    252.000     8.2865     8.2851   3.657350   3.658768     2.1510    -0.0878      98.80 4.9474e-02 1.0393e+02    80.5539    5.56769    34.9813    34.9978    27.2160    1487.67    1483.63 0.0000e+00
       5528    253.000     8.2779     8.2771   3.656646   3.658092     2.1497    -0.0728      98.80 4.9499e-02 -9.990e-29    80.5453    5.56669    34.9818    34.9980    27.2177    1487.65    1483.64 0.0000e+00
       5549    254.000     8.2696     8.2685   3.656003   3.657412     2.1488    -0.0604      98.80 4.9481e-02 -9.990e-29    80.5213    5.57005    34.9827    34.9988    27.2197    1487.64    1483.66 0.0000e+00
       5570    255.000     8.2647     8.2633   3.655536   3.656940     2.1482    -0.0608      98.80 4.9496e-02 -9.990e-29    80.5155    5.56698    34.9821    34.9985    27.2200    1487.63    1483.67 0.0000e+00
       5592    256.000     8.2470     8.2463   3.653906   3.655300     2.1470    -0.0610      98.80 4.9481e-02 1.0393e+02    80.5333    5.56458    34.9819    34.9974    27.2225    1487.58    1483.69 0.0000e+00
       5615    257.000     8.2423     8.2411   3.653717   3.655122     2.1459 -9.990e-29      98.80 4.9490e-02 1.0393e+02    80.5519    5.55748    34.9841    35.0002    27.2249    1487.59    1483.70 0.0000e+00
       5636    258.000     8.2259     8.2261   3.652081   3.653471     2.1441 -9.990e-29      98.80 4.9459e-02 1.0412e+02    80.5491    5.55035    34.9824    34.9971    27.2262    1487.54    1483.72 0.0000e+00
       5657    259.000     8.2036     8.2025   3.650050   3.651449     2.1423 -9.990e-29      98.80 4.9479e-02 1.0450e+02    80.5371    5.53947    34.9825    34.9985    27.2296    1487.47    1483.73 0.0000e+00
       5677    260.000     8.1977     8.1965   3.649611   3.651010     2.1396 -9.990e-29      98.80 4.9459e-02 1.0543e+02    80.5099    5.52679    34.9832    34.9993    27.2310    1487.47    1483.75 0.0000e+00
       5698    261.000     8.1942     8.1926   3.649363   3.650764     2.1367    -0.0570      98.80 4.9481e-02 1.0593e+02    80.4929    5.51652    34.9835    35.0001    27.2318    1487.47    1483.76 0.0000e+00
       5719    262.000     8.1906     8.1891   3.649194   3.650576     2.1339    -0.0616      98.80 4.9479e-02 -9.990e-29    80.4803    5.50399    34.9848    35.0011    27.2334    1487.47    1483.78 0.0000e+00
       5740    263.000     8.1886     8.1873   3.649235   3.650640     2.1303    -0.0830      98.80 4.9466e-02 -9.990e-29    80.4445    5.48981    34.9868    35.0031    27.2352    1487.49    1483.79 0.0000e+00
       5761    264.000     8.1854     8.1840   3.649151   3.650562     2.1270    -0.0912      98.80 4.9483e-02 -9.990e-29    80.4250    5.48204    34.9886    35.0050    27.2372    1487.49    1483.80 0.0000e+00
       5784    265.000     8.1765     8.1763   3.648423   3.649869     2.1237    -0.0869      98.80 4.9481e-02 -9.990e-29    80.4078    5.48076    34.9892    35.0048    27.2390    1487.48    1483.82 0.0000e+00
       5807    266.000     8.1595     8.1584   3.647018   3.648403     2.1210    -0.0863      98.80 4.9481e-02 1.0593e+02    80.4090    5.47859    34.9906    35.0065    27.2427    1487.43    1483.83 0.0000e+00
       5829    267.000     8.1477     8.1471   3.646027   3.647424     2.1188    -0.0921      98.80 4.9472e-02 1.0593e+02    80.4259    5.47482    34.9913    35.0068    27.2450    1487.40    1483.84 0.0000e+00
       5849    268.000     8.1341     8.1337   3.644908   3.646314     2.1165    -0.0879      98.80 4.9483e-02 1.0593e+02    80.4189    5.46857    34.9924    35.0078    27.2479    1487.37    1483.86 0.0000e+00
       5868    269.000     8.1280     8.1266   3.644442   3.645836     2.1145    -0.0696      98.80 4.9515e-02 1.0593e+02    80.3661    5.46163    34.9930    35.0093    27.2493    1487.36    1483.87 0.0000e+00
       5888    270.000     8.1257     8.1241   3.644295   3.645680     2.1120    -0.0591      98.80 4.9481e-02 1.0593e+02    80.3303    5.45024    34.9932    35.0096    27.2499    1487.37    1483.88 0.0000e+00
       5909    271.000     8.1174     8.1153   3.643584   3.644843     2.1093    -0.0558      98.80 4.9485e-02 1.0593e+02    80.3140    5.43977    34.9934    35.0090    27.2513    1487.36    1483.90 0.0000e+00
       5930    272.000     8.1028     8.1022   3.642318   3.643748     2.1062 -9.990e-29      98.80 4.9452e-02 1.0593e+02    80.3051    5.43089    34.9939    35.0098    27.2539    1487.32    1483.91 0.0000e+00
       5952    273.000     8.0965     8.0952   3.641787   3.643194     2.1032 -9.990e-29      98.80 4.9505e-02 1.0593e+02    80.3126    5.42505    34.9940    35.0104    27.2549    1487.31    1483.92 0.0000e+00
       5973    274.000     8.0960     8.0945   3.641791   3.643189     2.1004 -9.990e-29      98.80 4.9496e-02 1.0593e+02    80.2845    5.41996    34.9941    35.0106    27.2551    1487.33    1483.93 0.0000e+00
       5996    275.000     8.0881     8.0871   3.641126   3.642495     2.0979    -0.0558      98.80 4.9493e-02 1.0593e+02    80.2570    5.41510    34.9944    35.0100    27.2565    1487.31    1483.95 0.0000e+00
       6019    276.000     8.0810     8.0796   3.640595   3.641979     2.0953    -0.0678      98.80 4.9457e-02 1.0593e+02    80.2432    5.40580    34.9953    35.0115    27.2583    1487.31    1483.96 0.0000e+00
       6042    277.000     8.0725     8.0715   3.639942   3.641315     2.0927    -0.0865      98.80 4.9477e-02 1.0593e+02    80.2580    5.40456    34.9963    35.0120    27.2603    1487.29    1483.97 0.0000e+00
       6064    278.000     8.0619     8.0607   3.639084   3.640465     2.0906    -0.0862      98.80 4.9471e-02 1.0593e+02    80.2213    5.39323    34.9972    35.0132    27.2626    1487.27    1483.98 0.0000e+00
       6085    279.000     8.0574     8.0564   3.638747   3.640144     2.0876    -0.0746      98.80 4.9459e-02 1.0593e+02    80.2011    5.38541    34.9976    35.0135    27.2636    1487.27    1483.99 0.0000e+00
       6106    280.000     8.0543     8.0530   3.638500   3.639910     2.0856    -0.0618      98.80 4.9472e-02 1.0593e+02    80.1631    5.38178    34.9975    35.0139    27.2641    1487.27    1484.01 0.0000e+00
       6126    281.000     8.0510     8.0498   3.638256   3.639660     2.0831    -0.0740      98.80 4.9453e-02 1.0593e+02    80.1733    5.37645    34.9977    35.0140    27.2647    1487.28    1484.02 0.0000e+00
       6147    282.000     8.0433     8.0423   3.637654   3.639047     2.0814    -0.0894      98.80 4.9502e-02 1.0593e+02    80.1127    5.37598    34.9985    35.0144    27.2665    1487.27    1484.03 0.0000e+00
       6167    283.000     8.0382     8.0368   3.637420   3.638801     2.0796    -0.0641      98.80 4.9438e-02 1.0593e+02    80.1216    5.36516    35.0006    35.0168    27.2689    1487.27    1484.04 0.0000e+00
       6187    284.000     8.0316     8.0310   3.636963   3.638378     2.0772    -0.0659      98.80 4.9508e-02 1.0593e+02    80.0917    5.35911    35.0018    35.0176    27.2708    1487.26    1484.05 0.0000e+00
       6210    285.000     8.0161     8.0149   3.635685   3.636993     2.0748    -0.0612      98.80 4.9482e-02 1.0593e+02    80.0783    5.35465    35.0031    35.0183    27.2742    1487.22    1484.06 0.0000e+00
       6234    286.000     8.0022     8.0012   3.634451   3.635853     2.0726    -0.0643      98.80 4.9489e-02 1.0593e+02    80.0717    5.35887    35.0032    35.0193    27.2764    1487.18    1484.07 0.0000e+00
       6258    287.000     7.9998     7.9983   3.634291   3.635670     2.0712    -0.0611      98.80 4.9475e-02 1.0593e+02    80.0479    5.35288    35.0034    35.0197    27.2769    1487.19    1484.08 0.0000e+00
       6281    288.000     8.0003     7.9987   3.634431   3.635805     2.0691    -0.0718      98.80 4.9481e-02 1.0593e+02    79.9520    5.34033    35.0039    35.0203    27.2772    1487.21    1484.10 0.0000e+00
       6303    289.000     8.0011     7.9996   3.634622   3.636000     2.0666    -0.0851      98.80 4.9472e-02 1.0593e+02    79.8690    5.32522    35.0047    35.0210    27.2777    1487.23    1484.11 0.0000e+00
       6324    290.000     7.9963     7.9949   3.634266   3.635633     2.0639    -0.0612      98.80 4.9472e-02 1.0593e+02    79.8375    5.32078    35.0052    35.0213    27.2788    1487.23    1484.12 0.0000e+00
       6345    291.000     7.9921     7.9908   3.633962   3.635349     2.0618    -0.0630      98.80 4.9479e-02 1.0593e+02    79.8169    5.31836    35.0057    35.0218    27.2798    1487.23    1484.13 0.0000e+00
       6365    292.000     7.9896     7.9881   3.633820   3.635215     2.0597    -0.0630      98.80 4.9467e-02 1.0593e+02    79.8182    5.32059    35.0061    35.0226    27.2806    1487.24    1484.14 0.0000e+00
       6386    293.000     7.9887     7.9873   3.633806   3.635186     2.0590    -0.0620      98.80 4.9445e-02 1.0593e+02    79.7858    5.32323    35.0064    35.0226    27.2809    1487.25    1484.15 0.0000e+00
       6408    294.000     7.9877     7.9863   3.633775   3.635158     2.0575    -0.0572      98.80 4.9481e-02 1.0599e+02    79.7567    5.31301    35.0066    35.0228    27.2812    1487.26    1484.16 0.0000e+00
       6431    295.000     7.9853     7.9839   3.633650   3.635036     2.0556    -0.0637      98.80 4.9463e-02 1.0607e+02    79.7016    5.30728    35.0072    35.0234    27.2820    1487.27    1484.17 0.0000e+00
       6455    296.000     7.9803     7.9791   3.633378   3.634756     2.0539    -0.0601      98.80 4.9485e-02 1.0718e+02    79.6965    5.30517    35.0088    35.0247    27.2840    1487.27    1484.18 0.0000e+00
       6477    297.000     7.9752     7.9742   3.633085   3.634475     2.0526    -0.0870      98.80 4.9471e-02 1.0724e+02    79.6962    5.30864    35.0102    35.0261    27.2859    1487.27    1484.19 0.0000e+00
       6499    298.000     7.9645     7.9636   3.632305   3.633691     2.0519    -0.0758      98.80 4.9465e-02 1.0748e+02    79.6499    5.30927    35.0121    35.0278    27.2890    1487.25    1484.20 0.0000e+00
       6521    299.000     7.9614     7.9599   3.632177   3.633554     2.0510 -9.990e-29      98.80 4.9477e-02 -9.990e-29    79.6770    5.31012    35.0133    35.0296    27.2904    1487.26    1484.21 0.0000e+00
       6543    300.000     7.9605     7.9590   3.632195   3.633573     2.0505 -9.990e-29      98.80 4.9463e-02 -9.990e-29    79.7075    5.31200    35.0139    35.0302    27.2910    1487.27    1484.22 0.0000e+00
       6565    301.000     7.9601     7.9585   3.632229   3.633617     2.0501 -9.990e-29      98.80 4.9459e-02 -9.990e-29    79.7171    5.30733    35.0142    35.0307    27.2913    1487.28    1484.23 0.0000e+00
       6586    302.000     7.9601     7.9586   3.632291   3.633681     2.0492 -9.990e-29      98.80 4.9474e-02 -9.990e-29    79.7133    5.30491    35.0144    35.0308    27.2915    1487.30    1484.24 0.0000e+00
       6606    303.000     7.9596     7.9580   3.632316   3.633691     2.0489 -9.990e-29      98.80 4.9472e-02 -9.990e-29    79.7709    5.31316    35.0147    35.0310    27.2918    1487.32    1484.25 0.0000e+00
       6627    304.000     7.9590     7.9576   3.632320   3.633700     2.0489 -9.990e-29      98.80 4.9505e-02 -9.990e-29    79.7808    5.30994    35.0148    35.0310    27.2920    1487.33    1484.26 0.0000e+00
       6649    305.000     7.9573     7.9560   3.632233   3.633623     2.0484 -9.990e-29      98.80 4.9499e-02 -9.990e-29    79.7954    5.31057    35.0151    35.0313    27.2925    1487.34    1484.27 0.0000e+00
