_data/ctd/2022603/sta0176.cnv
* Sea-Bird SBE 9 Data File:
* FileName = C:\Seabird\CTDData\sta0176.hex
* Software Version Seasave V 7.21f
* Temperature SN = 6264
* Conductivity SN = 4928
* Number of Bytes Per Scan = 40
* Number of Voltage Words = 5
* Number of Scans Averaged by the Deck Unit = 1
* NMEA Latitude = 60 49.82 N
* NMEA Longitude = 005 03.32 E
* NMEA UTC (Time) = Feb 13 2022 03:11:31
* NMEA baud rate = 4800
** Ship: R/V "Kristine Bonnevie"
** Station: 0176
** Echodepth: 546
** Log: 0526.863
** Wind-Dir/Force: 19 24
** Air-temp (dry): 7.1
** Weather Sky:
** Sea:
# nquan = 19                                
# nvalues = 540                         
# units = specified
# name 0 = scan: Scan Count
# name 1 = prDM: Pressure, Digiquartz [db]
# name 2 = t068C: Temperature [ITS-68, deg C]
# name 3 = t168C: Temperature, 2 [ITS-68, deg C]
# name 4 = c0S/m: Conductivity [S/m]
# name 5 = c1S/m: Conductivity, 2 [S/m]
# name 6 = sbeox0V: Oxygen raw, SBE 43 [V]
# name 7 = flECO-AFL: Fluorescence, WET Labs ECO-AFL/FL [mg/m^3]
# name 8 = altM: Altimeter [m]
# name 9 = par: PAR/Irradiance, Biospherical/Licor
# name 10 = spar: SPAR/Surface Irradiance
# name 11 = CStarTr0: Beam Transmission, WET Labs C-Star [%]
# name 12 = sbeox0ML/L: Oxygen, SBE 43 [ml/l], WS = 2
# name 13 = sal00: Salinity, Practical [PSU]
# name 14 = sal11: Salinity, Practical, 2 [PSU]
# name 15 = sigma-t00: Density [sigma-t, Kg/m^3 ]
# name 16 = svCM: Sound Velocity [Chen-Millero, m/s]
# name 17 = avgsvCM: Average Sound Velocity [Chen-Millero, m/s], minP = 1, minS = 5
# name 18 = flag: flag
# span 0 =        484,      12440       
# span 1 =      2.000,    541.000       
# span 2 =     5.7876,     8.6835       
# span 3 =     5.7852,     8.6821       
# span 4 =   2.940376,   3.668131       
# span 5 =   2.940473,   3.669492       
# span 6 =     2.0374,     2.4831       
# span 7 =    -0.1030,     0.4330       
# span 8 =       8.76,     100.05       
# span 9 = 4.9445e-02, 5.8714e-01       
# span 10 = 0.0000e+00, 0.0000e+00      
# span 11 =    79.8275,    81.7026      
# span 12 =    5.45596,    7.03362      
# span 13 =    29.6303,    35.0866      
# span 14 =    29.6385,    35.1022      
# span 15 =    23.3360,    27.3793      
# span 16 =    1467.16,    1490.54      
# span 17 =    1467.16,    1486.72      
# span 18 = 0.0000e+00, 0.0000e+00      
# interval = decibars: 1                
# start_time = Feb 13 2022 03:11:33 [System UTC, header]
# bad_flag = -9.990e-29
*END*
        484      2.000     5.7937     5.7856   2.940376   2.940473     2.4478     0.4330      98.84 1.2761e-01 0.0000e+00    80.1524    7.03362    29.6303    29.6385    23.3360    1467.16    1467.16 0.0000e+00
        557      3.000     5.7876     5.7852   2.940411   2.941206     2.4467     0.3685      98.82 5.8714e-01 0.0000e+00    80.0592    7.02507    29.6356    29.6465    23.3408    1467.16    1467.16 0.0000e+00
        648      4.000     6.0173     5.9883   2.986876   2.983501     2.4490     0.4145      98.82 3.4493e-01 0.0000e+00    80.0780    7.00618    29.9485    29.9367    23.5616    1468.50    1467.50 0.0000e+00
        692      5.000     6.2183     6.2068   3.034071   3.033109     2.4532     0.3412      98.82 2.5245e-01 0.0000e+00    80.1989    6.98327    30.2913    30.2909    23.8085    1469.75    1467.95 0.0000e+00
        722      6.000     6.2969     6.2757   3.069737   3.061321     2.4567     0.3308      98.83 1.8719e-01 0.0000e+00    80.2652    6.94236    30.6138    30.5401    24.0534    1470.49    1468.37 0.0000e+00
        751      7.000     6.3223     6.3183   3.078457   3.077241     2.4563     0.2837      98.83 1.4904e-01 0.0000e+00    80.2338    6.90588    30.6866    30.6768    24.1077    1470.70    1468.70 0.0000e+00
        782      8.000     6.3001     6.3050   3.067061   3.072528     2.4535     0.2800      98.82 1.2177e-01 0.0000e+00    80.2935    6.88547    30.5805    30.6364    24.0267    1470.49    1468.93 0.0000e+00
        811      9.000     6.3696     6.3690   3.114678   3.117001     2.4502     0.2764      98.82 9.5982e-02 0.0000e+00    80.3295    6.85374    31.0421    31.0682    24.3822    1471.36    1469.20 0.0000e+00
        836     10.000     6.3954     6.3931   3.129713   3.130790     2.4492 -9.990e-29      98.82 7.3376e-02 0.0000e+00    80.2951    6.84968    31.1838    31.1978    24.4907    1471.66    1469.44 0.0000e+00
        860     11.000     6.4612     6.4569   3.145685   3.146583     2.4478 -9.990e-29      98.83 5.4278e-02 0.0000e+00    80.2944    6.83306    31.2990    31.3129    24.5734    1472.08    1469.68 0.0000e+00
        886     12.000     6.5133     6.5086   3.162815   3.163581     2.4484 -9.990e-29      98.83 5.1046e-02 0.0000e+00    80.2693    6.84071    31.4392    31.4520    24.6774    1472.48    1469.92 0.0000e+00
        910     13.000     6.5488     6.5479   3.181020   3.181859     2.4493     0.2467      98.83 4.9531e-02 0.0000e+00    80.2319    6.83521    31.6063    31.6163    24.8046    1472.85    1470.14 0.0000e+00
        933     14.000     6.5533     6.5477   3.192497   3.193320     2.4509     0.1930      98.83 4.9515e-02 0.0000e+00    80.2182    6.83059    31.7279    31.7422    24.8999    1473.04    1470.35 0.0000e+00
        954     15.000     6.6476     6.6402   3.217794   3.218491     2.4511     0.1652      98.83 4.9470e-02 0.0000e+00    80.2421    6.80122    31.9178    31.9324    25.0376    1473.66    1470.57 0.0000e+00
        977     16.000     6.6449     6.6443   3.228893   3.229885     2.4517     0.1580      98.83 4.9462e-02 0.0000e+00    80.2632    6.80787    32.0419    32.0533    25.1357    1473.82    1470.77 0.0000e+00
       1002     17.000     6.5758     6.5744   3.241233   3.242475     2.4532     0.1387      98.83 4.9462e-02 0.0000e+00    80.2888    6.80440    32.2421    32.2572    25.3024    1473.82    1470.95 0.0000e+00
       1023     18.000     6.6389     6.6306   3.262741   3.263582     2.4521     0.1410      98.82 4.9460e-02 0.0000e+00    80.2950    6.77250    32.4190    32.4361    25.4336    1474.30    1471.14 0.0000e+00
       1042     19.000     6.7978     6.7860   3.292634   3.293846     2.4519     0.1572      98.82 4.9500e-02 0.0000e+00    80.3665    6.77038    32.5964    32.6209    25.5527    1475.17    1471.35 0.0000e+00
       1061     20.000     6.8684     6.8650   3.307406   3.308187     2.4554     0.1283      98.83 4.9454e-02 0.0000e+00    80.4007    6.81127    32.6908    32.7026    25.6178    1475.58    1471.56 0.0000e+00
       1082     21.000     6.8364     6.8368   3.308447   3.309683     2.4617     0.1058      98.82 4.9498e-02 0.0000e+00    80.3614    6.84476    32.7322    32.7454    25.6546    1475.52    1471.75 0.0000e+00
       1104     22.000     6.8628     6.8611   3.314058   3.315292     2.4666     0.0968      98.82 4.9518e-02 0.0000e+00    80.4773    6.82850    32.7681    32.7832    25.6794    1475.68    1471.92 0.0000e+00
       1126     23.000     6.8867     6.8855   3.318547   3.320112     2.4695     0.0968      98.82 4.9505e-02 0.0000e+00    80.5580    6.81966    32.7940    32.8123    25.6966    1475.83    1472.09 0.0000e+00
       1146     24.000     6.9606     6.9570   3.330422   3.331564     2.4716     0.0968      98.83 4.9502e-02 0.0000e+00    80.5378    6.81543    32.8530    32.8689    25.7333    1476.20    1472.26 0.0000e+00
       1166     25.000     7.0082     7.0004   3.337086   3.337981     2.4747     0.0968      98.83 4.9485e-02 0.0000e+00    80.5841    6.82247    32.8799    32.8972    25.7481    1476.44    1472.43 0.0000e+00
       1184     26.000     7.1154     7.1033   3.351146   3.351918     2.4771     0.0968      98.14 4.9520e-02 0.0000e+00    80.6341    6.80642    32.9305    32.9505    25.7735    1476.94    1472.60 0.0000e+00
       1204     27.000     7.2348     7.2246   3.365841   3.366818     2.4798     0.0799      51.53 4.9485e-02 0.0000e+00    80.6421    6.79301    32.9761    32.9964    25.7930    1477.47    1472.78 0.0000e+00
       1226     28.000     7.3103     7.3005   3.377943   3.378741     2.4822     0.0416      84.53 4.9487e-02 0.0000e+00    80.7254    6.77406    33.0350    33.0530    25.8290    1477.85    1472.96 0.0000e+00
       1249     29.000     7.4669     7.4587   3.403775   3.404781     2.4831     0.0081      81.39 4.9487e-02 0.0000e+00    80.7825    6.71914    33.1647    33.1835    25.9092    1478.63    1473.16 0.0000e+00
       1272     30.000     7.4923     7.4908   3.409848   3.410997     2.4816     0.0053      66.71 4.9445e-02 0.0000e+00    80.8328    6.68336    33.2056    33.2195    25.9378    1478.80    1473.35 0.0000e+00
       1293     31.000     7.4886     7.4872   3.410446   3.411589     2.4776     0.0053      64.29 4.9474e-02 0.0000e+00    80.8786    6.63216    33.2152    33.2289    25.9458    1478.81    1473.52 0.0000e+00
       1313     32.000     7.5205     7.5137   3.419805   3.420867     2.4711 -9.990e-29      98.64 4.9468e-02 0.0000e+00    80.9356    6.57968    33.2853    33.3033    25.9965    1479.04    1473.69 0.0000e+00
       1332     33.000     7.5553     7.5552   3.434566   3.435755     2.4645 -9.990e-29      82.63 4.9447e-02 0.0000e+00    80.9488    6.55426    33.4109    33.4238    26.0903    1479.35    1473.86 0.0000e+00
       1351     34.000     7.5353     7.5332   3.436377   3.437584     2.4589 -9.990e-29      96.54 4.9504e-02 0.0000e+00    80.9741    6.54860    33.4492    33.4643    26.1233    1479.33    1474.02 0.0000e+00
       1370     35.000     7.5577     7.5554   3.440324   3.441625     2.4535 -9.990e-29      90.83 4.9460e-02 0.0000e+00    80.9933    6.53311    33.4698    33.4861    26.1363    1479.46    1474.18 0.0000e+00
       1391     36.000     7.6451     7.6387   3.456415   3.457774     2.4486 -9.990e-29      81.93 4.9488e-02 0.0000e+00    81.0068    6.51893    33.5588    33.5796    26.1938    1479.92    1474.34 0.0000e+00
       1411     37.000     7.6564     7.6559   3.460959   3.462180     2.4459     0.0068      14.58 4.9479e-02 0.0000e+00    81.0245    6.53368    33.5964    33.6100    26.2217    1480.03    1474.49 0.0000e+00
       1433     38.000     7.6437     7.6418   3.461114   3.462327     2.4449     0.0053      63.69 4.9477e-02 0.0000e+00    81.0370    6.53173    33.6099    33.6248    26.2341    1480.01    1474.64 0.0000e+00
       1455     39.000     7.6456     7.6437   3.461804   3.463006     2.4419     0.0067      41.83 4.9496e-02 0.0000e+00    81.0820    6.50639    33.6150    33.6298    26.2379    1480.04    1474.77 0.0000e+00
       1477     40.000     7.6465     7.6449   3.462398   3.463593     2.4384    -0.0188      93.68 4.9483e-02 0.0000e+00    81.0991    6.49519    33.6200    33.6345    26.2417    1480.07    1474.91 0.0000e+00
       1498     41.000     7.6460     7.6443   3.462964   3.464177     2.4354    -0.0053      54.08 4.9467e-02 0.0000e+00    81.0966    6.49318    33.6262    33.6409    26.2466    1480.09    1475.03 0.0000e+00
       1517     42.000     7.6474     7.6455   3.463839   3.465047     2.4335    -0.0012      98.47 4.9468e-02 0.0000e+00    81.0969    6.49509    33.6338    33.6486    26.2524    1480.12    1475.15 0.0000e+00
       1535     43.000     7.6501     7.6482   3.464737   3.465916     2.4321    -0.0251      56.28 4.9478e-02 0.0000e+00    81.0913    6.49471    33.6404    33.6549    26.2572    1480.16    1475.27 0.0000e+00
       1555     44.000     7.6587     7.6561   3.466227   3.467400     2.4306    -0.0238      98.13 4.9474e-02 0.0000e+00    81.1143    6.48892    33.6476    33.6628    26.2616    1480.22    1475.38 0.0000e+00
       1575     45.000     7.6364     7.6363   3.465813   3.466995     2.4292    -0.0238      50.68 4.9485e-02 0.0000e+00    81.1096    6.48692    33.6643    33.6771    26.2779    1480.17    1475.49 0.0000e+00
       1597     46.000     7.6190     7.6175   3.464721   3.465865     2.4274    -0.0246      90.49 4.9464e-02 0.0000e+00    81.1218    6.48524    33.6688    33.6826    26.2840    1480.12    1475.59 0.0000e+00
       1618     47.000     7.5739     7.5760   3.461682   3.462684     2.4260 -9.990e-29      76.69 4.9464e-02 0.0000e+00    81.1029    6.49180    33.6792    33.6880    26.2986    1479.98    1475.68 0.0000e+00
       1640     48.000     7.5184     7.5197   3.460050   3.461228     2.4248 -9.990e-29      95.92 4.9492e-02 0.0000e+00    81.1114    6.49508    33.7149    33.7264    26.3346    1479.83    1475.77 0.0000e+00
       1662     49.000     7.5081     7.5079   3.459808   3.461054     2.4234 -9.990e-29      80.66 4.9477e-02 0.0000e+00    81.0956    6.50136    33.7218    33.7355    26.3415    1479.81    1475.85 0.0000e+00
       1683     50.000     7.5053     7.5024   3.461491   3.462888     2.4236 -9.990e-29      96.25 4.9486e-02 0.0000e+00    81.0666    6.52749    33.7423    33.7603    26.3580    1479.85    1475.93 0.0000e+00
       1704     51.000     7.5341     7.5316   3.467660   3.468810     2.4261     0.0046      98.80 4.9477e-02 0.0000e+00    81.0456    6.54623    33.7806    33.7955    26.3840    1480.02    1476.01 0.0000e+00
       1726     52.000     7.4960     7.4960   3.465344   3.466514     2.4290     0.0066      69.87 4.9471e-02 0.0000e+00    81.0145    6.56098    33.7921    33.8048    26.3985    1479.90    1476.08 0.0000e+00
       1749     53.000     7.4785     7.4752   3.465457   3.466602     2.4312     0.0053      65.04 4.9509e-02 0.0000e+00    81.0120    6.55978    33.8099    33.8256    26.4149    1479.88    1476.16 0.0000e+00
       1771     54.000     7.5239     7.5217   3.473319   3.474539     2.4323     0.0081      75.63 4.9496e-02 0.0000e+00    81.0242    6.55437    33.8504    33.8657    26.4403    1480.12    1476.23 0.0000e+00
       1792     55.000     7.4663     7.4708   3.469897   3.471132     2.4346     0.0421      73.88 4.9499e-02 0.0000e+00    80.9738    6.58382    33.8690    33.8780    26.4631    1479.94    1476.30 0.0000e+00
       1812     56.000     7.3908     7.3954   3.463837   3.465248     2.4370     0.0490      86.86 4.9495e-02 0.0000e+00    80.9797    6.59099    33.8765    33.8873    26.4797    1479.67    1476.36 0.0000e+00
       1833     57.000     7.3204     7.3245   3.457740   3.458891     2.4374     0.0620      76.57 4.9472e-02 0.0000e+00    80.9288    6.58527    33.8786    33.8871    26.4913    1479.42    1476.41 0.0000e+00
       1856     58.000     7.3135     7.3051   3.458444   3.459065     2.4367     0.0871      98.65 4.9472e-02 0.0000e+00    80.8734    6.58486    33.8925    33.9075    26.5032    1479.43    1476.46 0.0000e+00
       1882     59.000     7.3502     7.3459   3.462759   3.463941     2.4382     0.0940      52.47 4.9489e-02 0.0000e+00    80.8261    6.62550    33.9031    33.9201    26.5063    1479.60    1476.51 0.0000e+00
       1905     60.000     7.3918     7.3867   3.467761   3.468782     2.4433     0.0948      92.67 4.9458e-02 0.0000e+00    80.8006    6.66003    33.9162    33.9323    26.5108    1479.79    1476.57 0.0000e+00
       1925     61.000     7.4573     7.4515   3.475594   3.477006     2.4483     0.0968      54.74 4.9480e-02 0.0000e+00    80.7976    6.66307    33.9367    33.9577    26.5177    1480.08    1476.63 0.0000e+00
       1945     62.000     7.5646     7.5552   3.489690   3.491019     2.4525     0.0968      87.45 4.9467e-02 0.0000e+00    80.8102    6.64878    33.9840    34.0076    26.5396    1480.57    1476.69 0.0000e+00
       1966     63.000     7.9175     7.8796   3.535264   3.535674     2.4559     0.0968      72.55 4.9459e-02 0.0000e+00    80.8163    6.59276    34.1298    34.1712    26.6029    1482.11    1476.78 0.0000e+00
       1988     64.000     8.3070     8.2792   3.579466   3.579688     2.4606     0.0961      69.90 4.9468e-02 0.0000e+00    80.8669    6.56024    34.2218    34.2513    26.6168    1483.71    1476.88 0.0000e+00
       2012     65.000     8.4255     8.4196   3.593140   3.594307     2.4664     0.0455      48.68 4.9485e-02 0.0000e+00    80.9463    6.49554    34.2513    34.2694    26.6219    1484.21    1477.00 0.0000e+00
       2035     66.000     8.4263     8.4236   3.593208   3.594525     2.4591     0.0105      97.67 4.9477e-02 0.0000e+00    81.0303    6.31180    34.2508    34.2673    26.6214    1484.23    1477.10 0.0000e+00
       2057     67.000     8.4560     8.4512   3.597748   3.598914     2.4386    -0.0234      81.99 4.9479e-02 0.0000e+00    81.1936    6.13733    34.2695    34.2866    26.6315    1484.38    1477.21 0.0000e+00
       2079     68.000     8.4990     8.4937   3.604917   3.606341     2.4136    -0.0451      98.24 4.9470e-02 0.0000e+00    81.2872    6.03692    34.3032    34.3234    26.6513    1484.59    1477.32 0.0000e+00
       2101     69.000     8.5215     8.5202   3.608468   3.609768     2.3903    -0.0530      98.83 4.9483e-02 0.0000e+00    81.3495    5.99118    34.3184    34.3334    26.6598    1484.71    1477.43 0.0000e+00
       2122     70.000     8.4727     8.4729   3.604435   3.605749     2.3708 -9.990e-29      59.29 4.9464e-02 0.0000e+00    81.4209    5.96343    34.3227    34.3365    26.6707    1484.55    1477.53 0.0000e+00
       2144     71.000     8.4760     8.4744   3.605610   3.607132     2.3529 -9.990e-29      66.40 4.9459e-02 0.0000e+00    81.4499    5.92783    34.3315    34.3492    26.6770    1484.59    1477.63 0.0000e+00
       2166     72.000     8.4718     8.4710   3.606780   3.608177     2.3379 -9.990e-29      36.32 4.9502e-02 0.0000e+00    81.4539    5.91629    34.3475    34.3631    26.6903    1484.61    1477.72 0.0000e+00
       2187     73.000     8.4671     8.4645   3.609995   3.611502     2.3265 -9.990e-29      77.77 4.9466e-02 0.0000e+00    81.4602    5.91495    34.3857    34.4042    26.7209    1484.66    1477.82 0.0000e+00
       2208     74.000     8.5316     8.5261   3.619710   3.621118     2.3177    -0.0592      78.83 4.9485e-02 0.0000e+00    81.4531    5.90578    34.4252    34.4455    26.7420    1484.97    1477.91 0.0000e+00
       2229     75.000     8.6197     8.6112   3.632620   3.634043     2.3117    -0.0613      79.09 4.9477e-02 0.0000e+00    81.4733    5.90330    34.4753    34.4986    26.7676    1485.37    1478.01 0.0000e+00
       2252     76.000     8.6782     8.6751   3.644437   3.645919     2.3076    -0.0637      90.68 4.9457e-02 0.0000e+00    81.4668    5.89591    34.5425    34.5611    26.8111    1485.69    1478.11 0.0000e+00
       2276     77.000     8.6835     8.6821   3.647877   3.649223     2.3033    -0.0656      93.42 4.9472e-02 0.0000e+00    81.5005    5.85549    34.5731    34.5887    26.8343    1485.76    1478.21 0.0000e+00
