_data/ctd/2022603/sta0163.cnv
* Sea-Bird SBE 9 Data File:
* FileName = C:\Seabird\CTDData\sta0163.hex
* Software Version Seasave V 7.21f
* Temperature SN = 6264
* Conductivity SN = 4928
* Number of Bytes Per Scan = 40
* Number of Voltage Words = 5
* Number of Scans Averaged by the Deck Unit = 1
* NMEA Latitude = 60 04.43 N
* NMEA Longitude = 005 08.05 E
* NMEA UTC (Time) = Feb 12 2022 07:17:50
* NMEA baud rate = 4800
** Ship: R/V "Kristine Bonnevie"
** Station: 0163
** Echodepth: 132
** Log: 0411.554
** Wind-Dir/Force: 19 31
** Air-temp (dry): 5.5
** Weather Sky:
** Sea:
# nquan = 19                                
# nvalues = 135                         
# units = specified
# name 0 = scan: Scan Count
# name 1 = prDM: Pressure, Digiquartz [db]
# name 2 = t068C: Temperature [ITS-68, deg C]
# name 3 = t168C: Temperature, 2 [ITS-68, deg C]
# name 4 = c0S/m: Conductivity [S/m]
# name 5 = c1S/m: Conductivity, 2 [S/m]
# name 6 = sbeox0V: Oxygen raw, SBE 43 [V]
# name 7 = flECO-AFL: Fluorescence, WET Labs ECO-AFL/FL [mg/m^3]
# name 8 = altM: Altimeter [m]
# name 9 = par: PAR/Irradiance, Biospherical/Licor
# name 10 = spar: SPAR/Surface Irradiance
# name 11 = CStarTr0: Beam Transmission, WET Labs C-Star [%]
# name 12 = sbeox0ML/L: Oxygen, SBE 43 [ml/l], WS = 2
# name 13 = sal00: Salinity, Practical [PSU]
# name 14 = sal11: Salinity, Practical, 2 [PSU]
# name 15 = sigma-t00: Density [sigma-t, Kg/m^3 ]
# name 16 = svCM: Sound Velocity [Chen-Millero, m/s]
# name 17 = avgsvCM: Average Sound Velocity [Chen-Millero, m/s], minP = 1, minS = 5
# name 18 = flag: flag
# span 0 =         99,       4382       
# span 1 =      2.000,    136.000       
# span 2 =     6.5415,     8.3212       
# span 3 =     6.5399,     8.3200       
# span 4 =   3.316759,   3.637295       
# span 5 =   3.317754,   3.638699       
# span 6 =     2.1909,     2.5427       
# span 7 =    -0.0764,     0.5505       
# span 8 =      11.81,     100.58       
# span 9 = 4.9464e-02, 1.0885e+00       
# span 10 = 0.0000e+00, 0.0000e+00      
# span 11 =    76.8322,    80.2022      
# span 12 =    5.64947,    7.00387      
# span 13 =    33.1134,    34.9565      
# span 14 =    33.1262,    34.9727      
# span 15 =    25.9929,    27.2199      
# span 16 =    1474.55,    1485.20      
# span 17 =    1474.58,    1481.15      
# span 18 = 0.0000e+00, 0.0000e+00      
# interval = decibars: 1                
# start_time = Feb 12 2022 07:17:53 [System UTC, header]
# bad_flag = -9.990e-29
*END*
[from data line 77]
       2412     79.000     8.3092     8.3062   3.609139   3.610499     2.3211    -0.0269      52.72 4.9492e-02 0.0000e+00    79.4427    5.98123    34.5283    34.5457    26.8570    1484.34    1478.46 0.0000e+00
       2433     80.000     8.3212     8.3194   3.613091   3.614556     2.3162    -0.0526      65.57 4.9490e-02 0.0000e+00    79.2311    5.95997    34.5581    34.5754    26.8785    1484.44    1478.54 0.0000e+00
       2456     81.000     8.3209     8.3200   3.614290   3.615704     2.3109    -0.0557      42.18 5.0170e-02 0.0000e+00    79.1051    5.93387    34.5706    34.5866    26.8884    1484.47    1478.61 0.0000e+00
       2480     82.000     8.3171     8.3159   3.615849   3.617248     2.3034    -0.0558      50.03 4.9509e-02 0.0000e+00    78.8959    5.89723    34.5905    34.6066    26.9046    1484.50    1478.68 0.0000e+00
       2508     83.000     8.3052     8.3058   3.616103   3.617594     2.2949    -0.0570      61.38 4.9490e-02 0.0000e+00    78.7026    5.87582    34.6044    34.6197    26.9174    1484.49    1478.75 0.0000e+00
       2533     84.000     8.2949     8.2949   3.615336   3.616827     2.2877    -0.0381      61.11 4.9487e-02 0.0000e+00    78.5170    5.86329    34.6059    34.6218    26.9201    1484.47    1478.82 0.0000e+00
       2553     85.000     8.2803     8.2790   3.614419   3.615719     2.2829    -0.0365      52.84 4.9490e-02 0.0000e+00    78.3400    5.85929    34.6100    34.6252    26.9256    1484.44    1478.88 0.0000e+00
       2571     86.000     8.2626     8.2616   3.612929   3.614306     2.2790    -0.0554      23.91 4.9485e-02 0.0000e+00    78.2394    5.85993    34.6111    34.6268    26.9291    1484.39    1478.95 0.0000e+00
       2590     87.000     8.2647     8.2627   3.614333   3.615760     2.2762    -0.0275      57.07 4.9488e-02 0.0000e+00    78.1427    5.86104    34.6235    34.6407    26.9385    1484.43    1479.01 0.0000e+00
       2611     88.000     8.2690     8.2675   3.615327   3.616733     2.2736    -0.0266      57.22 4.9487e-02 0.0000e+00    78.0524    5.87218    34.6294    34.6459    26.9425    1484.47    1479.07 0.0000e+00
       2636     89.000     8.2690     8.2676   3.616763   3.618279     2.2734    -0.0253      56.92 4.9498e-02 0.0000e+00    77.9531    5.88708    34.6442    34.6618    26.9541    1484.50    1479.13 0.0000e+00
       2663     90.000     8.2751     8.2736   3.618899   3.620329     2.2735    -0.0447      56.25 4.9490e-02 0.0000e+00    77.8312    5.88629    34.6605    34.6772    26.9660    1484.56    1479.19 0.0000e+00
       2690     91.000     8.2828     8.2812   3.620872   3.622376     2.2729    -0.0560      55.18 4.9493e-02 0.0000e+00    77.7451    5.87810    34.6735    34.6911    26.9750    1484.62    1479.25 0.0000e+00
       2715     92.000     8.2845     8.2830   3.622146   3.623573     2.2722    -0.0558      54.21 4.9467e-02 0.0000e+00    77.6079    5.86781    34.6849    34.7016    26.9837    1484.66    1479.31 0.0000e+00
       2739     93.000     8.2816     8.2802   3.623862   3.625291     2.2702    -0.0558      53.56 4.9496e-02 0.0000e+00    77.5177    5.85103    34.7056    34.7222    27.0003    1484.69    1479.37 0.0000e+00
       2760     94.000     8.2832     8.2815   3.626221   3.627670     2.2681    -0.0558      52.32 4.9488e-02 0.0000e+00    77.4709    5.84271    34.7286    34.7458    27.0182    1484.74    1479.43 0.0000e+00
       2780     95.000     8.2850     8.2835   3.628901   3.630347     2.2660    -0.0558      50.94 4.9505e-02 0.0000e+00    77.4108    5.83261    34.7550    34.7719    27.0386    1484.80    1479.48 0.0000e+00
       2801     96.000     8.2841     8.2828   3.630032   3.631428     2.2633    -0.0558      49.88 4.9496e-02 0.0000e+00    77.3412    5.81863    34.7674    34.7836    27.0485    1484.83    1479.54 0.0000e+00
       2823     97.000     8.2836     8.2823   3.630821   3.632241     2.2602    -0.0558      49.17 4.9483e-02 0.0000e+00    77.3160    5.80178    34.7759    34.7923    27.0552    1484.85    1479.59 0.0000e+00
       2846     98.000     8.2788     8.2778   3.632145   3.633546     2.2561    -0.0558      48.43 4.9491e-02 0.0000e+00    77.2779    5.78291    34.7942    34.8102    27.0704    1484.87    1479.65 0.0000e+00
       2871     99.000     8.2756     8.2744   3.632453   3.633890     2.2512    -0.0558      47.45 4.9478e-02 0.0000e+00    77.1834    5.76408    34.8002    34.8167    27.0755    1484.88    1479.70 0.0000e+00
       2896    100.000     8.2754     8.2738   3.632663   3.634124     2.2464    -0.0558      46.12 4.9485e-02 0.0000e+00    77.1286    5.75028    34.8022    34.8193    27.0771    1484.90    1479.75 0.0000e+00
       2918    101.000     8.2709     8.2698   3.632873   3.634338     2.2421    -0.0558      45.24 4.9485e-02 0.0000e+00    77.1195    5.73911    34.8084    34.8251    27.0827    1484.91    1479.80 0.0000e+00
       2939    102.000     8.2647     8.2633   3.633159   3.634608     2.2383    -0.0558      44.53 4.9498e-02 0.0000e+00    77.0605    5.73221    34.8171    34.8339    27.0904    1484.91    1479.85 0.0000e+00
       2959    103.000     8.2608     8.2593   3.633433   3.634851     2.2352    -0.0558      43.75 4.9495e-02 0.0000e+00    77.0053    5.72558    34.8234    34.8400    27.0960    1484.92    1479.90 0.0000e+00
       2979    104.000     8.2595     8.2580   3.633565   3.635008     2.2319    -0.0558      42.97 4.9498e-02 0.0000e+00    76.9861    5.72184    34.8256    34.8425    27.0979    1484.94    1479.95 0.0000e+00
       2999    105.000     8.2579     8.2570   3.633629   3.635109     2.2299    -0.0558      41.75 4.9502e-02 0.0000e+00    76.9601    5.72035    34.8274    34.8441    27.0996    1484.95    1480.00 0.0000e+00
       3023    106.000     8.2450     8.2448   3.633422   3.634781     2.2270    -0.0558      40.80 4.9495e-02 0.0000e+00    76.9082    5.71243    34.8375    34.8522    27.1095    1484.93    1480.04 0.0000e+00
       3049    107.000     8.2271     8.2267   3.633395   3.634820     2.2239    -0.0558      39.65 4.9487e-02 0.0000e+00    76.8741    5.70924    34.8545    34.8701    27.1255    1484.90    1480.09 0.0000e+00
       3074    108.000     8.2243     8.2234   3.633585   3.635019     2.2220    -0.0558      38.40 4.9500e-02 0.0000e+00    76.9187    5.71093    34.8588    34.8750    27.1294    1484.91    1480.13 0.0000e+00
       3099    109.000     8.2227     8.2215   3.633700   3.635196     2.2201    -0.0558      37.68 4.9500e-02 0.0000e+00    76.9053    5.71067    34.8611    34.8783    27.1314    1484.92    1480.18 0.0000e+00
       3123    110.000     8.2232     8.2219   3.633829   3.635318     2.2193    -0.0558      36.89 4.9481e-02 0.0000e+00    76.9034    5.71065    34.8615    34.8787    27.1317    1484.94    1480.22 0.0000e+00
       3145    111.000     8.2251     8.2235   3.634290   3.635761     2.2182    -0.0558      35.73 4.9499e-02 0.0000e+00    76.9066    5.70980    34.8641    34.8814    27.1334    1484.97    1480.26 0.0000e+00
       3165    112.000     8.2213     8.2206   3.634629   3.636078     2.2177    -0.0558      34.76 4.9512e-02 0.0000e+00    76.8860    5.70863    34.8710    34.8872    27.1394    1484.98    1480.30 0.0000e+00
       3184    113.000     8.2125     8.2111   3.634227   3.635635     2.2168    -0.0558      33.74 4.9476e-02 0.0000e+00    76.8787    5.70384    34.8750    34.8914    27.1438    1484.97    1480.34 0.0000e+00
       3205    114.000     8.2097     8.2084   3.634445   3.635865     2.2156    -0.0558      32.96 4.9485e-02 0.0000e+00    76.8322    5.69776    34.8796    34.8960    27.1479    1484.98    1480.38 0.0000e+00
       3232    115.000     8.2094     8.2079   3.634505   3.635934     2.2137    -0.0558      31.98 4.9477e-02 0.0000e+00    76.8586    5.69147    34.8800    34.8968    27.1483    1485.00    1480.42 0.0000e+00
       3323    116.000     8.2191     8.2134   3.634464   3.635995     2.2112    -0.0558      30.64 4.9473e-02 0.0000e+00    76.8690    5.69608    34.8695    34.8915    27.1385    1485.04    1480.46 0.0000e+00
       3436    117.000     8.2152     8.2107   3.634647   3.636165     2.2115    -0.0558      29.62 4.9491e-02 0.0000e+00    77.0189    5.70169    34.8748    34.8955    27.1433    1485.04    1480.50 0.0000e+00
       3509    118.000     8.2083     8.2067   3.635079   3.636435     2.2114    -0.0558      29.02 4.9483e-02 0.0000e+00    77.1063    5.69996    34.8858    34.9019    27.1530    1485.05    1480.54 0.0000e+00
       3555    119.000     8.2100     8.2083   3.635550   3.636950     2.2106    -0.0558      28.00 4.9489e-02 0.0000e+00    77.1639    5.69380    34.8887    34.9053    27.1550    1485.08    1480.58 0.0000e+00
       3641    120.000     8.2103     8.2088   3.635582   3.637029     2.2080    -0.0558      26.66 4.9504e-02 0.0000e+00    77.2700    5.68482    34.8882    34.9052    27.1546    1485.09    1480.62 0.0000e+00
       3694    121.000     8.2106     8.2093   3.635689   3.637135     2.2063    -0.0558      25.49 4.9482e-02 0.0000e+00    77.3086    5.67866    34.8886    34.9053    27.1548    1485.11    1480.65 0.0000e+00
       3728    122.000     8.2111     8.2099   3.636394   3.637812     2.2053    -0.0680      25.14 4.9492e-02 0.0000e+00    77.3629    5.68028    34.8951    34.9115    27.1599    1485.14    1480.69 0.0000e+00
       3779    123.000     8.2090     8.2077   3.636749   3.638177     2.2047    -0.0620      23.58 4.9490e-02 0.0000e+00    77.4902    5.67861    34.9005    34.9171    27.1645    1485.15    1480.73 0.0000e+00
       3841    124.000     8.2058     8.2045   3.636914   3.638338     2.2028    -0.0556      22.16 4.9483e-02 0.0000e+00    77.5940    5.66819    34.9050    34.9215    27.1684    1485.16    1480.76 0.0000e+00
       3880    125.000     8.2053     8.2041   3.637061   3.638510     2.2015    -0.0558      21.79 4.9477e-02 0.0000e+00    77.6678    5.66782    34.9066    34.9233    27.1698    1485.18    1480.80 0.0000e+00
       3913    126.000     8.2043     8.2030   3.637236   3.638669     2.2006    -0.0558      21.20 4.9490e-02 0.0000e+00    77.7395    5.66480    34.9090    34.9256    27.1718    1485.19    1480.83 0.0000e+00
       3952    127.000     8.2014     8.1998   3.637295   3.638699     2.1994    -0.0606      20.16 4.9486e-02 0.0000e+00    77.7947    5.66000    34.9120    34.9286    27.1746    1485.20    1480.87 0.0000e+00
       4002    128.000     8.1907     8.1887   3.636754   3.638167     2.1975    -0.0669      19.05 4.9479e-02 0.0000e+00    77.9194    5.65709    34.9164    34.9335    27.1797    1485.19    1480.90 0.0000e+00
       4052    129.000     8.1871     8.1860   3.636757   3.638186     2.1964    -0.0554      18.22 4.9479e-02 0.0000e+00    78.0526    5.65880    34.9195    34.9359    27.1827    1485.19    1480.93 0.0000e+00
       4088    130.000     8.1835     8.1820   3.636689   3.638094     2.1959    -0.0558      17.17 4.9482e-02 0.0000e+00    78.1360    5.65738    34.9219    34.9384    27.1851    1485.20    1480.97 0.0000e+00
       4119    131.000     8.1737     8.1724   3.636428   3.637845     2.1953    -0.0558      16.07 4.9488e-02 0.0000e+00    78.2846    5.65608    34.9283    34.9448    27.1917    1485.19    1481.00 0.0000e+00
       4154    132.000     8.1702     8.1689   3.636320   3.637742     2.1944    -0.0558      15.25 4.9488e-02 0.0000e+00    78.3838    5.65581    34.9302    34.9467    27.1936    1485.19    1481.03 0.0000e+00
       4210    133.000     8.1656     8.1645   3.636251   3.637688     2.1940    -0.0558      14.16 4.9495e-02 0.0000e+00    78.6006    5.65733    34.9335    34.9500    27.1970    1485.19    1481.06 0.0000e+00
       4267    134.000     8.1559     8.1547   3.636080   3.637486     2.1932    -0.0558      13.37 4.9483e-02 0.0000e+00    78.8704    5.65625    34.9409    34.9571    27.2042    1485.18    1481.09 0.0000e+00
       4311    135.000     8.1415     8.1410   3.635720   3.637164     2.1926    -0.0558      12.68 4.9487e-02 0.0000e+00    79.0640    5.65240    34.9509    34.9668    27.2142    1485.16    1481.12 0.0000e+00
       4382    136.000     8.1330     8.1322   3.635498   3.636940     2.1909    -0.0764      11.81 4.9474e-02 0.0000e+00    79.1771    5.64947    34.9565    34.9727    27.2199    1485.15    1481.15 0.0000e+00
