_data/ctd/2022603/sta0169.cnv
* Sea-Bird SBE 9 Data File:
* FileName = C:\Seabird\CTDData\sta0169.hex
* Software Version Seasave V 7.21f
* Temperature SN = 6264
* Conductivity SN = 4928
* Number of Bytes Per Scan = 40
* Number of Voltage Words = 5
* Number of Scans Averaged by the Deck Unit = 1
* NMEA Latitude = 60 52.50 N
* NMEA Longitude = 005 29.71 E
* NMEA UTC (Time) = Feb 12 2022 20:17:39
* NMEA baud rate = 4800
** Ship: R/V "Kristine Bonnevie"
** Station: 0169
** Echodepth: 187.16
** Log: 0502.340
** Wind-Dir/Force: 63 09
** Air-temp (dry): 6.4
** Weather Sky:
** Sea:
# nquan = 19                                
# nvalues = 177                         
# units = specified
# name 0 = scan: Scan Count
# name 1 = prDM: Pressure, Digiquartz [db]
# name 2 = t068C: Temperature [ITS-68, deg C]
# name 3 = t168C: Temperature, 2 [ITS-68, deg C]
# name 4 = c0S/m: Conductivity [S/m]
# name 5 = c1S/m: Conductivity, 2 [S/m]
# name 6 = sbeox0V: Oxygen raw, SBE 43 [V]
# name 7 = flECO-AFL: Fluorescence, WET Labs ECO-AFL/FL [mg/m^3]
# name 8 = altM: Altimeter [m]
# name 9 = par: PAR/Irradiance, Biospherical/Licor
# name 10 = spar: SPAR/Surface Irradiance
# name 11 = CStarTr0: Beam Transmission, WET Labs C-Star [%]
# name 12 = sbeox0ML/L: Oxygen, SBE 43 [ml/l], WS = 2
# name 13 = sal00: Salinity, Practical [PSU]
# name 14 = sal11: Salinity, Practical, 2 [PSU]
# name 15 = sigma-t00: Density [sigma-t, Kg/m^3 ]
# name 16 = svCM: Sound Velocity [Chen-Millero, m/s]
# name 17 = avgsvCM: Average Sound Velocity [Chen-Millero, m/s], minP = 1, minS = 5
# name 18 = flag: flag
# span 0 =        196,       3947       
# span 1 =      7.000,    183.000       
# span 2 =     7.3641,    10.2103       
# span 3 =     7.2386,    10.2037       
# span 4 =   3.159311,   3.734912       
# span 5 =   3.145362,   3.736288       
# span 6 =     1.6250,     2.4163       
# span 7 =    -0.0825,     0.4470       
# span 8 =       4.82,     102.31       
# span 9 = 4.9445e-02, 1.0216e-01       
# span 10 = 0.0000e+00, 0.0000e+00      
# span 11 =    80.8070,    82.2163      
# span 12 =    3.75693,    6.52782      
# span 13 =    30.6359,    34.9402      
# span 14 =    30.5970,    34.9554      
# span 15 =    23.9355,    27.1778      
# span 16 =    1474.73,    1489.84      
# span 17 =    1474.73,    1486.42      
# span 18 = 0.0000e+00, 0.0000e+00      
# interval = decibars: 1                
# start_time = Feb 12 2022 20:17:41 [System UTC, header]
# bad_flag = -9.990e-29
*END*
[from data line 153]
       3456    160.000     8.3266     8.3249   3.652670   3.653939     1.6252 -9.990e-29      28.11 4.9492e-02 0.0000e+00    81.6595    3.76161    34.9358    34.9510    27.1741    1486.25    1486.08 0.0000e+00
       3477    161.000     8.3266     8.3250   3.652734   3.653993     1.6252 -9.990e-29      26.95 4.9481e-02 0.0000e+00    81.6515    3.76274    34.9360    34.9510    27.1743    1486.26    1486.09 0.0000e+00
       3497    162.000     8.3266     8.3249   3.652789   3.654051     1.6250    -0.0686      26.06 4.9485e-02 0.0000e+00    81.6216    3.76457    34.9361    34.9512    27.1743    1486.28    1486.09 0.0000e+00
       3518    163.000     8.3264     8.3248   3.652852   3.654121     1.6255    -0.0590      24.97 4.9492e-02 0.0000e+00    81.6341    3.76754    34.9364    34.9516    27.1747    1486.29    1486.09 0.0000e+00
       3539    164.000     8.3264     8.3248   3.652903   3.654167     1.6253    -0.0612      24.04 4.9505e-02 0.0000e+00    81.6389    3.76659    34.9365    34.9516    27.1747    1486.31    1486.09 0.0000e+00
       3560    165.000     8.3266     8.3251   3.652958   3.654219     1.6257    -0.0625      22.91 4.9512e-02 0.0000e+00    81.6431    3.76951    34.9364    34.9513    27.1746    1486.33    1486.09 0.0000e+00
       3580    166.000     8.3266     8.3249   3.653018   3.654295     1.6256    -0.0493      22.04 4.9502e-02 0.0000e+00    81.6425    3.76563    34.9366    34.9519    27.1747    1486.34    1486.09 0.0000e+00
       3601    167.000     8.3259     8.3243   3.653089   3.654359     1.6256    -0.0704      21.00 4.9502e-02 0.0000e+00    81.6386    3.77039    34.9375    34.9527    27.1756    1486.36    1486.09 0.0000e+00
       3621    168.000     8.3255     8.3238   3.653153   3.654416     1.6259    -0.0738      20.09 4.9499e-02 0.0000e+00    81.6105    3.77085    34.9381    34.9533    27.1761    1486.38    1486.10 0.0000e+00
       3642    169.000     8.3255     8.3238   3.653210   3.654473     1.6258    -0.0650      19.03 4.9499e-02 0.0000e+00    81.6160    3.76748    34.9383    34.9534    27.1762    1486.39    1486.10 0.0000e+00
       3662    170.000     8.3255     8.3240   3.653272   3.654538     1.6257    -0.0543      17.97 4.9488e-02 0.0000e+00    81.5946    3.77657    34.9384    34.9534    27.1764    1486.41    1486.10 0.0000e+00
       3683    171.000     8.3254     8.3238   3.653323   3.654588     1.6269    -0.0558      16.97 4.9479e-02 0.0000e+00    81.6101    3.78670    34.9386    34.9537    27.1765    1486.43    1486.10 0.0000e+00
       3703    172.000     8.3255     8.3239   3.653371   3.654646     1.6278    -0.0649      15.97 4.9495e-02 0.0000e+00    81.6119    3.78852    34.9385    34.9537    27.1765    1486.44    1486.10 0.0000e+00
       3724    173.000     8.3256     8.3240   3.653432   3.654701     1.6284    -0.0644      14.97 4.9499e-02 0.0000e+00    81.5903    3.78993    34.9386    34.9537    27.1765    1486.46    1486.11 0.0000e+00
       3745    174.000     8.3256     8.3240   3.653490   3.654754     1.6295    -0.0647      13.97 4.9502e-02 0.0000e+00    81.6146    3.79503    34.9387    34.9538    27.1766    1486.48    1486.11 0.0000e+00
       3767    175.000     8.3253     8.3237   3.653544   3.654810     1.6302    -0.0697      12.93 4.9472e-02 0.0000e+00    81.6279    3.79684    34.9391    34.9542    27.1770    1486.49    1486.11 0.0000e+00
       3788    176.000     8.3252     8.3236   3.653604   3.654875     1.6311    -0.0628      11.58 4.9496e-02 0.0000e+00    81.5953    3.79821    34.9394    34.9545    27.1772    1486.51    1486.11 0.0000e+00
       3810    177.000     8.3251     8.3235   3.653673   3.654933     1.6316    -0.0670      10.89 4.9499e-02 0.0000e+00    81.6305    3.80242    34.9397    34.9548    27.1775    1486.52    1486.11 0.0000e+00
       3831    178.000     8.3251     8.3234   3.653718   3.654985     1.6327    -0.0689       9.95 4.9505e-02 0.0000e+00    81.6268    3.80980    34.9397    34.9549    27.1775    1486.54    1486.12 0.0000e+00
       3852    179.000     8.3251     8.3234   3.653781   3.655040     1.6336    -0.0661       9.01 4.9483e-02 0.0000e+00    81.6354    3.81263    34.9399    34.9550    27.1776    1486.56    1486.12 0.0000e+00
       3874    180.000     8.3251     8.3235   3.653840   3.655103     1.6349    -0.0576       8.00 4.9492e-02 0.0000e+00    81.6125    3.81748    34.9401    34.9551    27.1777    1486.57    1486.12 0.0000e+00
       3895    181.000     8.3251     8.3236   3.653897   3.655167     1.6355    -0.0605       7.03 4.9495e-02 0.0000e+00    81.5985    3.81368    34.9402    34.9552    27.1778    1486.59    1486.12 0.0000e+00
       3915    182.000     8.3252     8.3236   3.653949   3.655226     1.6360    -0.0556       6.07 4.9502e-02 0.0000e+00    81.5901    3.81651    34.9402    34.9554    27.1778    1486.61    1486.13 0.0000e+00
       3947    183.000     8.3254     8.3235   3.653992   3.655173     1.6365    -0.0558       4.82 4.9450e-02 0.0000e+00    81.5725    3.81482    34.9400    34.9544    27.1776    1486.62    1486.13 0.0000e+00
