_data/ctd/2022603/sta0150.cnv
* Sea-Bird SBE 9 Data File:
* FileName = C:\Seabird\CTDData\sta0150.hex
* Software Version Seasave V 7.21f
* Temperature SN = 6264
* Conductivity SN = 4928
* Number of Bytes Per Scan = 40
* Number of Voltage Words = 5
* Number of Scans Averaged by the Deck Unit = 1
* NMEA Latitude = 60 30.23 N
* NMEA Longitude = 006 54.91 E
* NMEA UTC (Time) = Feb 10 2022 01:17:48
* NMEA baud rate = 4800
** Ship: R/V "Kristine Bonnevie"
** Station: 0150
** Echodepth: 297
** Log: 0092.181
** Wind-Dir/Force: 32 08
** Air-temp (dry): 2.6
** Weather Sky:
** Sea:
# nquan = 19                                
# nvalues = 287                         
# units = specified
# name 0 = scan: Scan Count
# name 1 = prDM: Pressure, Digiquartz [db]
# name 2 = t068C: Temperature [ITS-68, deg C]
# name 3 = t168C: Temperature, 2 [ITS-68, deg C]
# name 4 = c0S/m: Conductivity [S/m]
# name 5 = c1S/m: Conductivity, 2 [S/m]
# name 6 = sbeox0V: Oxygen raw, SBE 43 [V]
# name 7 = flECO-AFL: Fluorescence, WET Labs ECO-AFL/FL [mg/m^3]
# name 8 = altM: Altimeter [m]
# name 9 = par: PAR/Irradiance, Biospherical/Licor
# name 10 = spar: SPAR/Surface Irradiance
# name 11 = CStarTr0: Beam Transmission, WET Labs C-Star [%]
# name 12 = sbeox0ML/L: Oxygen, SBE 43 [ml/l], WS = 2
# name 13 = sal00: Salinity, Practical [PSU]
# name 14 = sal11: Salinity, Practical, 2 [PSU]
# name 15 = sigma-t00: Density [sigma-t, Kg/m^3 ]
# name 16 = svCM: Sound Velocity [Chen-Millero, m/s]
# name 17 = avgsvCM: Average Sound Velocity [Chen-Millero, m/s], minP = 1, minS = 5
# name 18 = flag: flag
# span 0 =         14,       6665       
# span 1 =      3.000,    289.000       
# span 2 =     3.9065,    10.1638       
# span 3 =     3.9122,    10.1615       
# span 4 =   2.390260,   3.679255       
# span 5 =   2.392467,   3.680833       
# span 6 =     1.5935,     2.4848       
# span 7 =    -0.0718,     0.8518       
# span 8 =       8.37,     100.08       
# span 9 = 4.9119e-02, 5.8763e-01       
# span 10 = 0.0000e+00, 0.0000e+00      
# span 11 =    75.2569,    81.9256      
# span 12 =    3.65838,    7.68998      
# span 13 =    24.9718,    34.9469      
# span 14 =    24.9927,    34.9621      
# span 15 =    19.8266,    27.2822      
# span 16 =    1453.39,    1489.05      
# span 17 =    1453.39,    1483.02      
# span 18 = 0.0000e+00, 0.0000e+00      
# interval = decibars: 1                
# start_time = Feb 10 2022 01:17:50 [System UTC, header]
# bad_flag = -9.990e-29
*END*
[from data line 229]
       5323    232.000     7.7129     7.7117   3.598524   3.599843     1.6288    -0.0607      65.88 4.9499e-02 0.0000e+00    81.7969    3.88183    34.9318    34.9472    27.2633    1485.11    1482.41 0.0000e+00
       5347    233.000     7.7123     7.7110   3.598541   3.599855     1.6302    -0.0635      72.75 4.9509e-02 0.0000e+00    81.8039    3.89168    34.9321    34.9476    27.2636    1485.12    1482.42 0.0000e+00
       5370    234.000     7.7109     7.7097   3.598508   3.599800     1.6317    -0.0628      88.67 4.9541e-02 0.0000e+00    81.8049    3.89206    34.9326    34.9478    27.2642    1485.14    1482.43 0.0000e+00
       5393    235.000     7.7092     7.7081   3.598441   3.599752     1.6326    -0.0624      66.71 4.9506e-02 0.0000e+00    81.8009    3.89139    34.9331    34.9484    27.2649    1485.15    1482.44 0.0000e+00
       5416    236.000     7.7077     7.7065   3.598387   3.599693     1.6335    -0.0624      83.73 4.9488e-02 0.0000e+00    81.7923    3.89830    34.9336    34.9489    27.2654    1485.16    1482.45 0.0000e+00
       5438    237.000     7.7065     7.7054   3.598363   3.599663     1.6345    -0.0674      98.32 4.9490e-02 0.0000e+00    81.7674    3.89813    34.9340    34.9492    27.2660    1485.17    1482.47 0.0000e+00
       5461    238.000     7.7043     7.7033   3.598251   3.599561     1.6351    -0.0620      69.69 4.9512e-02 0.0000e+00    81.7781    3.90126    34.9345    34.9497    27.2667    1485.18    1482.48 0.0000e+00
       5484    239.000     7.7016     7.7004   3.598133   3.599446     1.6359    -0.0638      58.90 4.9499e-02 0.0000e+00    81.7871    3.90232    34.9355    34.9509    27.2678    1485.19    1482.49 0.0000e+00
       5507    240.000     7.7007     7.6996   3.598124   3.599431     1.6364    -0.0678      44.11 4.9493e-02 0.0000e+00    81.7892    3.90916    34.9358    34.9510    27.2682    1485.20    1482.50 0.0000e+00
       5530    241.000     7.6999     7.6987   3.598113   3.599423     1.6375    -0.0629      37.47 4.9493e-02 0.0000e+00    81.7936    3.91443    34.9360    34.9514    27.2685    1485.21    1482.51 0.0000e+00
       5553    242.000     7.6984     7.6972   3.598063   3.599375     1.6384    -0.0642      58.77 4.9475e-02 0.0000e+00    81.8003    3.91775    34.9365    34.9518    27.2691    1485.22    1482.52 0.0000e+00
       5576    243.000     7.6971     7.6959   3.598026   3.599338     1.6395    -0.0645      98.66 4.9527e-02 0.0000e+00    81.7788    3.91986    34.9369    34.9523    27.2696    1485.24    1482.53 0.0000e+00
       5598    244.000     7.6967     7.6955   3.598049   3.599364     1.6400    -0.0584      67.12 4.9493e-02 0.0000e+00    81.7763    3.91890    34.9370    34.9525    27.2698    1485.25    1482.54 0.0000e+00
       5621    245.000     7.6963     7.6951   3.598079   3.599379     1.6407    -0.0457      29.79 4.9505e-02 0.0000e+00    81.8025    3.92396    34.9373    34.9525    27.2700    1485.27    1482.56 0.0000e+00
       5644    246.000     7.6946     7.6933   3.598004   3.599304     1.6412    -0.0612      51.53 7.6244e-02 0.0000e+00    81.7926    3.92304    34.9377    34.9530    27.2706    1485.28    1482.57 0.0000e+00
       5667    247.000     7.6919     7.6906   3.597873   3.599175     1.6417    -0.0637      50.74 4.9119e-02 0.0000e+00    81.7921    3.92935    34.9385    34.9539    27.2716    1485.28    1482.58 0.0000e+00
       5690    248.000     7.6911     7.6897   3.597871   3.599175     1.6426    -0.0625      49.86 4.9503e-02 0.0000e+00    81.7960    3.93277    34.9388    34.9543    27.2720    1485.30    1482.59 0.0000e+00
       5713    249.000     7.6908     7.6895   3.597892   3.599204     1.6432 -9.990e-29      49.12 4.9502e-02 0.0000e+00    81.7758    3.93311    34.9388    34.9543    27.2720    1485.31    1482.60 0.0000e+00
       5736    250.000     7.6907     7.6894   3.597939   3.599246     1.6436 -9.990e-29      48.32 4.9493e-02 0.0000e+00    81.7887    3.93247    34.9389    34.9544    27.2722    1485.33    1482.61 0.0000e+00
       5759    251.000     7.6905     7.6893   3.597970   3.599279     1.6441 -9.990e-29      47.23 4.9517e-02 0.0000e+00    81.7994    3.93702    34.9390    34.9543    27.2722    1485.35    1482.62 0.0000e+00
       5782    252.000     7.6900     7.6888   3.597977   3.599292     1.6445 -9.990e-29      46.05 4.9500e-02 0.0000e+00    81.7955    3.94164    34.9391    34.9545    27.2724    1485.36    1482.63 0.0000e+00
       5804    253.000     7.6889     7.6876   3.597957   3.599262     1.6455 -9.990e-29      44.79 4.9508e-02 0.0000e+00    81.7821    3.94450    34.9395    34.9549    27.2728    1485.37    1482.64 0.0000e+00
       5826    254.000     7.6881     7.6869   3.597965   3.599273     1.6458 -9.990e-29      43.95 4.9502e-02 0.0000e+00    81.7960    3.94075    34.9399    34.9552    27.2733    1485.39    1482.65 0.0000e+00
       5849    255.000     7.6873     7.6860   3.597959   3.599269     1.6460 -9.990e-29      43.08 4.9493e-02 0.0000e+00    81.7979    3.94351    34.9401    34.9556    27.2736    1485.40    1482.66 0.0000e+00
       5871    256.000     7.6864     7.6852   3.597945   3.599252     1.6465 -9.990e-29      42.04 4.9515e-02 0.0000e+00    81.8025    3.94636    34.9404    34.9557    27.2739    1485.41    1482.67 0.0000e+00
       5893    257.000     7.6853     7.6841   3.597908   3.599223     1.6466    -0.0630      41.25 4.9515e-02 0.0000e+00    81.8028    3.94428    34.9406    34.9560    27.2743    1485.43    1482.69 0.0000e+00
       5916    258.000     7.6851     7.6839   3.597947   3.599258     1.6468    -0.0628      40.17 4.9476e-02 0.0000e+00    81.7979    3.94517    34.9407    34.9561    27.2744    1485.44    1482.70 0.0000e+00
       5938    259.000     7.6844     7.6832   3.597950   3.599267     1.6468    -0.0651      39.18 4.9494e-02 0.0000e+00    81.8047    3.94797    34.9410    34.9564    27.2747    1485.46    1482.71 0.0000e+00
       5961    260.000     7.6837     7.6825   3.597955   3.599269     1.6472    -0.0614      38.10 4.9502e-02 0.0000e+00    81.7817    3.95073    34.9413    34.9567    27.2750    1485.47    1482.72 0.0000e+00
       5983    261.000     7.6827     7.6815   3.597927   3.599238     1.6477    -0.0651      36.86 4.9512e-02 0.0000e+00    81.8014    3.95731    34.9415    34.9569    27.2753    1485.48    1482.73 0.0000e+00
       6006    262.000     7.6814     7.6802   3.597897   3.599196     1.6484    -0.0632      36.02 4.9496e-02 0.0000e+00    81.8035    3.95567    34.9420    34.9572    27.2759    1485.50    1482.74 0.0000e+00
       6028    263.000     7.6809     7.6796   3.597900   3.599208     1.6484    -0.0647      35.14 4.9487e-02 0.0000e+00    81.8014    3.95372    34.9420    34.9575    27.2760    1485.51    1482.75 0.0000e+00
       6051    264.000     7.6805     7.6792   3.597927   3.599228     1.6487    -0.0663      34.09 4.9499e-02 0.0000e+00    81.7705    3.95989    34.9422    34.9576    27.2762    1485.53    1482.76 0.0000e+00
       6073    265.000     7.6803     7.6790   3.597959   3.599259     1.6492    -0.0669      33.18 4.9502e-02 0.0000e+00    81.7807    3.96325    34.9423    34.9576    27.2763    1485.54    1482.77 0.0000e+00
       6095    266.000     7.6802     7.6789   3.598006   3.599304     1.6499    -0.0674      32.13 4.9527e-02 0.0000e+00    81.7643    3.96306    34.9424    34.9577    27.2764    1485.56    1482.78 0.0000e+00
       6118    267.000     7.6803     7.6790   3.598051   3.599362     1.6499    -0.0692      31.22 4.9508e-02 0.0000e+00    81.7712    3.96179    34.9423    34.9578    27.2763    1485.57    1482.79 0.0000e+00
       6140    268.000     7.6803     7.6790   3.598101   3.599413     1.6502    -0.0687      30.15 4.9499e-02 0.0000e+00    81.7506    3.96581    34.9424    34.9578    27.2764    1485.59    1482.80 0.0000e+00
       6163    269.000     7.6803     7.6790   3.598145   3.599455     1.6506    -0.0632      29.24 4.9521e-02 0.0000e+00    81.7640    3.96426    34.9423    34.9578    27.2764    1485.61    1482.81 0.0000e+00
       6185    270.000     7.6800     7.6788   3.598170   3.599477     1.6506    -0.0614      28.16 4.9505e-02 0.0000e+00    81.7517    3.96516    34.9424    34.9578    27.2765    1485.62    1482.82 0.0000e+00
       6208    271.000     7.6795     7.6783   3.598183   3.599495     1.6508    -0.0637      27.25 4.9487e-02 0.0000e+00    81.7497    3.96698    34.9426    34.9580    27.2767    1485.64    1482.83 0.0000e+00
       6231    272.000     7.6792     7.6779   3.598218   3.599522     1.6510    -0.0596      26.18 4.9502e-02 0.0000e+00    81.7566    3.96739    34.9428    34.9582    27.2769    1485.65    1482.84 0.0000e+00
       6253    273.000     7.6784     7.6772   3.598207   3.599513     1.6509    -0.0598      25.28 4.9499e-02 0.0000e+00    81.7549    3.96790    34.9430    34.9583    27.2771    1485.67    1482.85 0.0000e+00
       6276    274.000     7.6783     7.6770   3.598250   3.599550     1.6514    -0.0611      24.19 4.9512e-02 0.0000e+00    81.7834    3.96966    34.9431    34.9584    27.2772    1485.68    1482.86 0.0000e+00
       6299    275.000     7.6783     7.6771   3.598288   3.599603     1.6511    -0.0662      23.26 4.9493e-02 0.0000e+00    81.7522    3.96903    34.9430    34.9584    27.2772    1485.70    1482.87 0.0000e+00
       6322    276.000     7.6779     7.6765   3.598311   3.599609     1.6516    -0.0659      22.22 4.9493e-02 0.0000e+00    81.7799    3.97565    34.9431    34.9586    27.2773    1485.71    1482.88 0.0000e+00
       6345    277.000     7.6774     7.6762   3.598320   3.599636     1.6519    -0.0616      21.26 4.9481e-02 0.0000e+00    81.7750    3.97355    34.9433    34.9587    27.2775    1485.73    1482.89 0.0000e+00
       6368    278.000     7.6769     7.6756   3.598337   3.599637     1.6520    -0.0655      20.17 4.9518e-02 0.0000e+00    81.7670    3.97237    34.9435    34.9588    27.2777    1485.74    1482.90 0.0000e+00
       6391    279.000     7.6749     7.6738   3.598254   3.599560     1.6519    -0.0624      19.18 4.9505e-02 0.0000e+00    81.7522    3.97328    34.9441    34.9593    27.2785    1485.75    1482.91 0.0000e+00
       6414    280.000     7.6738     7.6726   3.598217   3.599530     1.6520    -0.0615      18.19 4.9493e-02 0.0000e+00    81.7447    3.97137    34.9443    34.9597    27.2788    1485.77    1482.92 0.0000e+00
       6437    281.000     7.6726     7.6714   3.598191   3.599497     1.6515    -0.0648      17.19 4.9512e-02 0.0000e+00    81.7517    3.97403    34.9447    34.9601    27.2794    1485.78    1482.93 0.0000e+00
       6460    282.000     7.6717     7.6705   3.598177   3.599483     1.6521    -0.0664      16.19 4.9493e-02 0.0000e+00    81.7460    3.98017    34.9450    34.9603    27.2797    1485.79    1482.94 0.0000e+00
       6483    283.000     7.6716     7.6703   3.598225   3.599519     1.6525    -0.0623      15.20 4.9481e-02 0.0000e+00    81.7204    3.98440    34.9451    34.9604    27.2798    1485.81    1482.95 0.0000e+00
       6506    284.000     7.6716     7.6703   3.598260   3.599573     1.6531    -0.0585      14.21 4.9512e-02 0.0000e+00    81.7230    3.98586    34.9450    34.9605    27.2797    1485.82    1482.97 0.0000e+00
       6529    285.000     7.6714     7.6702   3.598300   3.599610     1.6535    -0.0623      13.23 4.9512e-02 0.0000e+00    81.7207    3.98692    34.9452    34.9605    27.2799    1485.84    1482.98 0.0000e+00
       6552    286.000     7.6700     7.6688   3.598238   3.599548     1.6539    -0.0634      12.24 4.9518e-02 0.0000e+00    81.7366    3.98912    34.9454    34.9608    27.2803    1485.85    1482.99 0.0000e+00
       6575    287.000     7.6672     7.6660   3.598106   3.599411     1.6543    -0.0614      11.24 4.9487e-02 0.0000e+00    81.7423    3.99023    34.9463    34.9616    27.2814    1485.86    1483.00 0.0000e+00
       6598    288.000     7.6652     7.6642   3.598023   3.599330     1.6547    -0.0602      10.26 4.9487e-02 0.0000e+00    81.7327    3.99091    34.9469    34.9621    27.2822    1485.87    1483.01 0.0000e+00
       6665    289.000     7.6663     7.6647   3.598116   3.599423     1.6549    -0.0518       8.37 4.9462e-02 0.0000e+00    81.4936    3.99157    34.9463    34.9621    27.2816    1485.89    1483.02 0.0000e+00
