_data/ctd/2022603/sta0204.cnv
* Sea-Bird SBE 9 Data File:
* FileName = C:\Seabird\CTDData\sta0204.hex
* Software Version Seasave V 7.21f
* Temperature SN = 6264
* Conductivity SN = 4928
* Number of Bytes Per Scan = 40
* Number of Voltage Words = 5
* Number of Scans Averaged by the Deck Unit = 1
* NMEA Latitude = 61 02.85 N
* NMEA Longitude = 005 24.61 E
* NMEA UTC (Time) = Feb 15 2022 12:53:07
* NMEA baud rate = 4800
** Ship: R/V "Kristine Bonnevie"
** Station: 0204
** Echodepth: 1244
** Log: 0849.189
** Wind-Dir/Force: 21 03
** Air-temp (dry): 4.4
** Weather Sky:
** Sea:
# nquan = 19                                
# nvalues = 1249                        
# units = specified
# name 0 = scan: Scan Count
# name 1 = prDM: Pressure, Digiquartz [db]
# name 2 = t068C: Temperature [ITS-68, deg C]
# name 3 = t168C: Temperature, 2 [ITS-68, deg C]
# name 4 = c0S/m: Conductivity [S/m]
# name 5 = c1S/m: Conductivity, 2 [S/m]
# name 6 = sbeox0V: Oxygen raw, SBE 43 [V]
# name 7 = flECO-AFL: Fluorescence, WET Labs ECO-AFL/FL [mg/m^3]
# name 8 = altM: Altimeter [m]
# name 9 = par: PAR/Irradiance, Biospherical/Licor
# name 10 = spar: SPAR/Surface Irradiance
# name 11 = CStarTr0: Beam Transmission, WET Labs C-Star [%]
# name 12 = sbeox0ML/L: Oxygen, SBE 43 [ml/l], WS = 2
# name 13 = sal00: Salinity, Practical [PSU]
# name 14 = sal11: Salinity, Practical, 2 [PSU]
# name 15 = sigma-t00: Density [sigma-t, Kg/m^3 ]
# name 16 = svCM: Sound Velocity [Chen-Millero, m/s]
# name 17 = avgsvCM: Average Sound Velocity [Chen-Millero, m/s], minP = 1, minS = 5
# name 18 = flag: flag
# span 0 =         -5,      27634       
# span 1 =      3.000,   1251.000       
# span 2 =     6.2260,     9.3233       
# span 3 =     6.2244,     9.3220       
# span 4 =   3.117172,   3.678623       
# span 5 =   3.117617,   3.680047       
# span 6 =     1.5452,     2.4372       
# span 7 =    -0.0965,     0.5938       
# span 8 =       6.73,     100.27       
# span 9 = 4.9063e-02, 1.2186e+02       
# span 10 = 1.2791e+02, 3.4048e+02      
# span 11 =    77.6618,    81.5198      
# span 12 =    4.09426,    6.82298      
# span 13 =    31.1755,    35.0249      
# span 14 =    31.1855,    35.0410      
# span 15 =    24.5011,    27.3650      
# span 16 =    1470.99,    1501.39      
# span 17 =    1470.99,    1491.49      
# span 18 = 0.0000e+00, 0.0000e+00      
# interval = decibars: 1                
# start_time = Feb 15 2022 12:53:09 [System UTC, header]
# bad_flag = -9.990e-29
*END*
[from data line 229]
       4692    232.000     8.0167     8.0157   3.628377   3.629771     2.1122    -0.0802      94.69 4.9474e-02 1.8366e+02    80.8883    5.45614    34.9496    34.9656    27.2321    1486.28    1484.32 0.0000e+00
       4711    233.000     8.0126     8.0113   3.628092   3.629460     2.1106    -0.0559      86.21 4.9481e-02 1.8241e+02    80.9039    5.45075    34.9502    34.9662    27.2332    1486.28    1484.33 0.0000e+00
       4731    234.000     8.0077     8.0065   3.627727   3.629104     2.1092    -0.0558      90.26 4.9488e-02 1.8188e+02    80.8931    5.44742    34.9507    34.9667    27.2343    1486.28    1484.34 0.0000e+00
       4752    235.000     8.0041     8.0028   3.627458   3.628837     2.1075    -0.0558      89.08 4.9516e-02 1.8148e+02    80.9089    5.44066    34.9509    34.9670    27.2350    1486.29    1484.35 0.0000e+00
       4772    236.000     7.9974     7.9965   3.626912   3.628295     2.1060    -0.0666      83.74 4.9495e-02 1.7987e+02    80.9199    5.44230    34.9512    34.9670    27.2363    1486.28    1484.36 0.0000e+00
       4792    237.000     7.9938     7.9926   3.626663   3.628048     2.1049    -0.0891      96.23 4.9474e-02 1.7988e+02    80.9208    5.43716    34.9517    34.9677    27.2372    1486.28    1484.36 0.0000e+00
       4812    238.000     7.9894     7.9881   3.626318   3.627675     2.1032 -9.990e-29      85.05 4.9495e-02 1.7938e+02    80.9546    5.43308    34.9519    34.9677    27.2380    1486.28    1484.37 0.0000e+00
       4831    239.000     7.9793     7.9780   3.625462   3.626795     2.1020 -9.990e-29      98.55 4.9481e-02 1.7791e+02    80.9591    5.43248    34.9523    34.9679    27.2398    1486.26    1484.38 0.0000e+00
       4851    240.000     7.9755     7.9744   3.625168   3.626555     2.1005 -9.990e-29      79.16 4.9488e-02 1.7788e+02    80.9633    5.42964    34.9524    34.9684    27.2405    1486.26    1484.39 0.0000e+00
       4872    241.000     7.9726     7.9717   3.624943   3.626328     2.0995 -9.990e-29      98.90 4.9481e-02 1.7607e+02    80.9733    5.42718    34.9524    34.9682    27.2409    1486.27    1484.40 0.0000e+00
       4891    242.000     7.9621     7.9615   3.624034   3.625413     2.0982    -0.0650      84.62 4.9502e-02 1.7588e+02    80.9590    5.42320    34.9527    34.9681    27.2427    1486.24    1484.40 0.0000e+00
       4911    243.000     7.9519     7.9511   3.623129   3.624491     2.0968    -0.0560      98.75 4.9508e-02 1.7469e+02    80.9930    5.41535    34.9526    34.9681    27.2442    1486.22    1484.41 0.0000e+00
       4931    244.000     7.9272     7.9278   3.620827   3.622212     2.0947    -0.0558      86.38 4.9460e-02 1.7389e+02    80.9821    5.40830    34.9521    34.9664    27.2474    1486.14    1484.42 0.0000e+00
       4951    245.000     7.9096     7.9095   3.619224   3.620617     2.0929    -0.0569      96.46 4.9490e-02 1.7377e+02    81.0154    5.40456    34.9519    34.9670    27.2500    1486.09    1484.42 0.0000e+00
       4971    246.000     7.8963     7.8955   3.617903   3.619273     2.0905    -0.0577      93.34 4.9472e-02 1.7190e+02    81.0396    5.38621    34.9505    34.9661    27.2508    1486.06    1484.43 0.0000e+00
       4991    247.000     7.8944     7.8931   3.617765   3.619145     2.0869    -0.0848      90.70 4.9490e-02 1.7189e+02    81.0912    5.36420    34.9504    34.9666    27.2511    1486.07    1484.44 0.0000e+00
       5011    248.000     7.8904     7.8905   3.617437   3.618894     2.0830    -0.0729      46.75 4.9481e-02 1.7118e+02    81.1249    5.34176    34.9504    34.9660    27.2516    1486.07    1484.44 0.0000e+00
       5030    249.000     7.8826     7.8816   3.616845   3.618218     2.0782    -0.0569      99.04 4.9490e-02 1.6988e+02    81.1689    5.31992    34.9514    34.9671    27.2535    1486.06    1484.45 0.0000e+00
       5050    250.000     7.8783     7.8777   3.616605   3.617995     2.0731    -0.0558      30.14 4.9466e-02 1.6989e+02    81.1797    5.30512    34.9526    34.9682    27.2551    1486.06    1484.46 0.0000e+00
       5070    251.000     7.8760     7.8745   3.616492   3.617859     2.0684    -0.0573      99.18 4.9495e-02 1.6868e+02    81.1967    5.29439    34.9532    34.9694    27.2560    1486.07    1484.46 0.0000e+00
       5089    252.000     7.8766     7.8749   3.616657   3.618022     2.0640    -0.0754      43.81 4.9488e-02 1.6790e+02    81.2605    5.28313    34.9539    34.9703    27.2564    1486.09    1484.47 0.0000e+00
       5109    253.000     7.8814     7.8796   3.617511   3.618874     2.0599    -0.0863      88.23 4.9498e-02 1.6705e+02    81.2832    5.27814    34.9578    34.9743    27.2588    1486.13    1484.48 0.0000e+00
       5129    254.000     7.8792     7.8783   3.617526   3.618897     2.0566    -0.0878      55.49 4.9473e-02 1.6588e+02    81.2825    5.27811    34.9597    34.9753    27.2606    1486.14    1484.48 0.0000e+00
       5148    255.000     7.8765     7.8752   3.617403   3.618773     2.0539    -0.0606      70.11 4.9488e-02 1.6589e+02    81.2904    5.27880    34.9606    34.9766    27.2617    1486.14    1484.49 0.0000e+00
       5168    256.000     7.8735     7.8723   3.617223   3.618588     2.0520    -0.0735      70.79 4.9505e-02 1.6431e+02    81.2734    5.29275    34.9611    34.9770    27.2626    1486.15    1484.50 0.0000e+00
       5188    257.000     7.8687     7.8675   3.616948   3.618318     2.0521    -0.0833      50.81 4.9488e-02 1.6389e+02    81.2846    5.31171    34.9625    34.9784    27.2644    1486.15    1484.50 0.0000e+00
       5207    258.000     7.8667     7.8652   3.616899   3.618247     2.0527    -0.0566      90.55 4.9476e-02 1.6389e+02    81.2968    5.32289    34.9635    34.9795    27.2654    1486.16    1484.51 0.0000e+00
       5227    259.000     7.8639     7.8626   3.616724   3.618093     2.0538 -9.990e-29      33.38 4.9502e-02 1.6218e+02    81.3004    5.33093    34.9639    34.9800    27.2662    1486.17    1484.52 0.0000e+00
       5246    260.000     7.8616     7.8602   3.616639   3.618004     2.0550 -9.990e-29      99.45 4.9497e-02 1.6189e+02    81.3160    5.33389    34.9648    34.9809    27.2672    1486.18    1484.52 0.0000e+00
       5266    261.000     7.8586     7.8573   3.616532   3.617899     2.0559 -9.990e-29      98.77 4.9474e-02 1.6088e+02    81.3180    5.33463    34.9662    34.9822    27.2688    1486.18    1484.53 0.0000e+00
       5285    262.000     7.8567     7.8553   3.616476   3.617838     2.0565 -9.990e-29      98.02 4.9488e-02 1.5990e+02    81.3205    5.33277    34.9670    34.9831    27.2697    1486.19    1484.53 0.0000e+00
       5305    263.000     7.8559     7.8545   3.616470   3.617836     2.0568 -9.990e-29      98.79 4.9483e-02 1.5989e+02    81.3325    5.33592    34.9672    34.9833    27.2700    1486.21    1484.54 0.0000e+00
       5324    264.000     7.8538     7.8525   3.616374   3.617737     2.0574 -9.990e-29      87.14 4.9490e-02 1.5831e+02    81.3509    5.34097    34.9678    34.9838    27.2708    1486.22    1484.55 0.0000e+00
       5343    265.000     7.8527     7.8513   3.616331   3.617703     2.0582 -9.990e-29      98.73 4.9501e-02 1.5789e+02    81.3505    5.34469    34.9680    34.9841    27.2710    1486.23    1484.55 0.0000e+00
       5363    266.000     7.8517     7.8503   3.616328   3.617682     2.0588 -9.990e-29      92.19 4.9498e-02 1.5727e+02    81.3608    5.34149    34.9685    34.9844    27.2716    1486.24    1484.56 0.0000e+00
       5382    267.000     7.8511     7.8497   3.616328   3.617693     2.0587 -9.990e-29      96.96 4.9505e-02 1.5588e+02    81.3590    5.33935    34.9686    34.9847    27.2718    1486.26    1484.57 0.0000e+00
       5402    268.000     7.8512     7.8497   3.616385   3.617751     2.0589    -0.0860      89.63 4.9487e-02 1.5590e+02    81.3823    5.33824    34.9686    34.9848    27.2718    1486.27    1484.57 0.0000e+00
       5421    269.000     7.8492     7.8483   3.616273   3.617651     2.0586    -0.0879      89.93 4.9495e-02 1.5510e+02    81.3630    5.33771    34.9689    34.9847    27.2723    1486.28    1484.58 0.0000e+00
       5441    270.000     7.8473     7.8457   3.616174   3.617535     2.0586    -0.0895      93.80 4.9469e-02 1.5392e+02    81.3761    5.33933    34.9693    34.9855    27.2729    1486.29    1484.59 0.0000e+00
       5460    271.000     7.8450     7.8438   3.616061   3.617436     2.0583    -0.0895      82.51 4.9490e-02 1.5390e+02    81.3785    5.34012    34.9699    34.9859    27.2737    1486.30    1484.59 0.0000e+00
       5479    272.000     7.8439     7.8425   3.616094   3.617460     2.0585    -0.0741      98.57 4.9488e-02 1.5350e+02    81.3843    5.34323    34.9708    34.9869    27.2746    1486.31    1484.60 0.0000e+00
       5499    273.000     7.8444     7.8429   3.616322   3.617686     2.0585    -0.0596      65.30 4.9515e-02 1.5193e+02    81.4025    5.34287    34.9723    34.9885    27.2757    1486.33    1484.60 0.0000e+00
       5519    274.000     7.8435     7.8421   3.616330   3.617694     2.0587    -0.0597      98.58 4.9476e-02 1.5190e+02    81.3963    5.34319    34.9728    34.9889    27.2762    1486.35    1484.61 0.0000e+00
       5539    275.000     7.8418     7.8404   3.616312   3.617684     2.0583    -0.0838      64.97 4.9502e-02 1.5080e+02    81.3979    5.34463    34.9738    34.9900    27.2773    1486.36    1484.62 0.0000e+00
       5558    276.000     7.8414     7.8400   3.616402   3.617771     2.0589    -0.0911      98.27 4.9498e-02 1.4990e+02    81.4291    5.35216    34.9747    34.9909    27.2780    1486.37    1484.62 0.0000e+00
       5578    277.000     7.8413     7.8398   3.616476   3.617847     2.0592    -0.0863      68.13 4.9474e-02 1.4990e+02    81.4108    5.35734    34.9751    34.9914    27.2784    1486.39    1484.63 0.0000e+00
       5597    278.000     7.8407     7.8394   3.616532   3.617902     2.0602    -0.0878      87.26 4.9501e-02 1.4931e+02    81.4028    5.36745    34.9758    34.9919    27.2790    1486.41    1484.64 0.0000e+00
       5617    279.000     7.8399     7.8384   3.616580   3.617942     2.0613    -0.0637      78.13 4.9475e-02 1.4789e+02    81.3985    5.37224    34.9767    34.9928    27.2798    1486.42    1484.64 0.0000e+00
       5637    280.000     7.8397     7.8382   3.616675   3.618043     2.0625    -0.0696      76.50 4.9502e-02 1.4790e+02    81.4084    5.38052    34.9774    34.9937    27.2804    1486.44    1484.65 0.0000e+00
       5657    281.000     7.8395     7.8381   3.616800   3.618167     2.0640    -0.0866      87.94 4.9480e-02 1.4773e+02    81.4140    5.38533    34.9785    34.9946    27.2813    1486.45    1484.66 0.0000e+00
       5677    282.000     7.8396     7.8382   3.616871   3.618239     2.0651    -0.0863      68.40 4.9502e-02 1.4605e+02    81.4173    5.38589    34.9787    34.9948    27.2814    1486.47    1484.66 0.0000e+00
       5697    283.000     7.8396     7.8382   3.616938   3.618303     2.0661    -0.0878      98.54 4.9467e-02 1.4590e+02    81.4434    5.39330    34.9789    34.9950    27.2816    1486.49    1484.67 0.0000e+00
       5717    284.000     7.8401     7.8386   3.617033   3.618402     2.0675    -0.0725      80.86 4.9474e-02 1.4590e+02    81.3869    5.40424    34.9789    34.9952    27.2815    1486.51    1484.67 0.0000e+00
       5737    285.000     7.8391     7.8376   3.617040   3.618410     2.0695    -0.0556      98.99 4.9488e-02 1.4418e+02    81.4171    5.41579    34.9795    34.9958    27.2821    1486.52    1484.68 0.0000e+00
       5757    286.000     7.8387     7.8372   3.617084   3.618451     2.0713    -0.0588      79.91 4.9492e-02 1.4390e+02    81.4153    5.41879    34.9799    34.9961    27.2825    1486.54    1484.69 0.0000e+00
       5777    287.000     7.8379     7.8365   3.617097   3.618454     2.0729    -0.0847      93.85 4.9483e-02 1.4390e+02    81.4301    5.42441    34.9804    34.9964    27.2830    1486.55    1484.69 0.0000e+00
       5797    288.000     7.8375     7.8360   3.617132   3.618504     2.0745    -0.0910      91.60 4.9495e-02 1.4385e+02    81.4382    5.42587    34.9807    34.9969    27.2833    1486.57    1484.70 0.0000e+00
       5817    289.000     7.8372     7.8357   3.617198   3.618566     2.0755    -0.0785      98.34 4.9474e-02 1.4194e+02    81.4245    5.42650    34.9812    34.9974    27.2837    1486.58    1484.71 0.0000e+00
       5837    290.000     7.8369     7.8355   3.617241   3.618613     2.0766    -0.0575      78.51 4.9485e-02 1.4191e+02    81.4414    5.43267    34.9815    34.9977    27.2840    1486.60    1484.71 0.0000e+00
       5857    291.000     7.8368     7.8353   3.617297   3.618663     2.0777    -0.0858      98.37 4.9494e-02 1.4191e+02    81.4299    5.43165    34.9817    34.9979    27.2842    1486.61    1484.72 0.0000e+00
       5877    292.000     7.8368     7.8353   3.617350   3.618717     2.0782    -0.0671      98.63 4.9501e-02 1.4191e+02    81.4387    5.43092    34.9818    34.9980    27.2843    1486.63    1484.73 0.0000e+00
       5897    293.000     7.8368     7.8353   3.617397   3.618769     2.0787    -0.0706      97.35 4.9488e-02 1.4085e+02    81.4471    5.43739    34.9818    34.9981    27.2843    1486.65    1484.73 0.0000e+00
       5917    294.000     7.8367     7.8353   3.617461   3.618829     2.0798    -0.0874      94.40 4.9483e-02 1.3991e+02    81.4512    5.44192    34.9821    34.9982    27.2845    1486.66    1484.74 0.0000e+00
       5937    295.000     7.8365     7.8351   3.617504   3.618879     2.0804    -0.0579      97.98 4.9472e-02 1.3991e+02    81.4427    5.44105    34.9823    34.9985    27.2847    1486.68    1484.75 0.0000e+00
       5957    296.000     7.8361     7.8346   3.617546   3.618925     2.0807    -0.0799      85.74 4.9508e-02 1.3991e+02    81.4273    5.44089    34.9827    34.9990    27.2851    1486.69    1484.75 0.0000e+00
       5977    297.000     7.8351     7.8337   3.617574   3.618942     2.0813    -0.0742      98.74 4.9495e-02 1.3991e+02    81.4025    5.44466    34.9835    34.9996    27.2858    1486.71    1484.76 0.0000e+00
       5997    298.000     7.8347     7.8333   3.617617   3.618987     2.0816    -0.0603      82.43 4.9488e-02 1.3985e+02    81.4175    5.44485    34.9839    35.0000    27.2862    1486.72    1484.77 0.0000e+00
       6017    299.000     7.8345     7.8329   3.617662   3.619038     2.0822    -0.0559      98.64 4.9495e-02 -9.990e-29    81.4346    5.45178    34.9841    35.0005    27.2864    1486.74    1484.77 0.0000e+00
       6038    300.000     7.8340     7.8325   3.617703   3.619068     2.0828    -0.0558      98.44 4.9509e-02 -9.990e-29    81.4427    5.45176    34.9845    35.0007    27.2868    1486.75    1484.78 0.0000e+00
       6058    301.000     7.8329     7.8316   3.617728   3.619103     2.0832    -0.0776      97.98 4.9485e-02 -9.990e-29    81.4637    5.45451    34.9854    35.0015    27.2877    1486.77    1484.79 0.0000e+00
       6078    302.000     7.8320     7.8306   3.617758   3.619133     2.0839    -0.0802      91.86 4.9501e-02 -9.990e-29    81.4749    5.45941    34.9861    35.0024    27.2884    1486.78    1484.79 0.0000e+00
       6098    303.000     7.8313     7.8299   3.617762   3.619145     2.0844    -0.0620      98.73 4.9495e-02 1.3800e+02    81.4583    5.46281    34.9864    35.0027    27.2887    1486.80    1484.80 0.0000e+00
       6118    304.000     7.8309     7.8294   3.617802   3.619153     2.0854 -9.990e-29      86.41 4.9522e-02 1.3741e+02    81.4454    5.47072    34.9868    35.0028    27.2890    1486.81    1484.81 0.0000e+00
       6139    305.000     7.8306     7.8292   3.617835   3.619217     2.0863 -9.990e-29      98.87 4.9487e-02 1.3590e+02    81.4593    5.47244    34.9869    35.0032    27.2892    1486.83    1484.81 0.0000e+00
       6159    306.000     7.8307     7.8292   3.617887   3.619257     2.0869 -9.990e-29      81.45 4.9499e-02 1.3591e+02    81.4538    5.47503    34.9869    35.0032    27.2892    1486.84    1484.82 0.0000e+00
