_data/ctd/2022603/sta0223.cnv
* Sea-Bird SBE 9 Data File:
* FileName = C:\Seabird\CTDData\sta0223.hex
* Software Version Seasave V 7.21f
* Temperature SN = 6264
* Conductivity SN = 4928
* Number of Bytes Per Scan = 40
* Number of Voltage Words = 5
* Number of Scans Averaged by the Deck Unit = 1
* NMEA Latitude = 61 15.19 N
* NMEA Longitude = 004 41.45 E
* NMEA UTC (Time) = Feb 17 2022 20:33:04
* NMEA baud rate = 4800
** Ship: R/V "Kristine Bonnevie"
** Station: 0223
** Echodepth: 341
** Log: 1189.187
** Wind-Dir/Force: 27 12
** Air-temp (dry): 4.7
** Weather Sky:
** Sea:
# nquan = 19                                
# nvalues = 340                         
# units = specified
# name 0 = scan: Scan Count
# name 1 = prDM: Pressure, Digiquartz [db]
# name 2 = t068C: Temperature [ITS-68, deg C]
# name 3 = t168C: Temperature, 2 [ITS-68, deg C]
# name 4 = c0S/m: Conductivity [S/m]
# name 5 = c1S/m: Conductivity, 2 [S/m]
# name 6 = sbeox0V: Oxygen raw, SBE 43 [V]
# name 7 = flECO-AFL: Fluorescence, WET Labs ECO-AFL/FL [mg/m^3]
# name 8 = altM: Altimeter [m]
# name 9 = par: PAR/Irradiance, Biospherical/Licor
# name 10 = spar: SPAR/Surface Irradiance
# name 11 = CStarTr0: Beam Transmission, WET Labs C-Star [%]
# name 12 = sbeox0ML/L: Oxygen, SBE 43 [ml/l], WS = 2
# name 13 = sal00: Salinity, Practical [PSU]
# name 14 = sal11: Salinity, Practical, 2 [PSU]
# name 15 = sigma-t00: Density [sigma-t, Kg/m^3 ]
# name 16 = svCM: Sound Velocity [Chen-Millero, m/s]
# name 17 = avgsvCM: Average Sound Velocity [Chen-Millero, m/s], minP = 1, minS = 5
# name 18 = flag: flag
# span 0 =         -9,       7567       
# span 1 =      2.000,    341.000       
# span 2 =     6.4300,     8.4661       
# span 3 =     6.4294,     8.4643       
# span 4 =   3.259683,   3.669843       
# span 5 =   3.260579,   3.671289       
# span 6 =     2.2013,     2.5162       
# span 7 =    -0.0944,     0.5931       
# span 8 =       1.93,     100.81       
# span 9 = 4.9443e-02, 6.9435e-01       
# span 10 = 0.0000e+00, 0.0000e+00      
# span 11 =    73.0106,    80.9472      
# span 12 =    5.78642,    6.95749      
# span 13 =    32.5909,    34.9740      
# span 14 =    32.6021,    34.9910      
# span 15 =    25.5948,    27.1971      
# span 16 =    1473.44,    1489.45      
# span 17 =    1473.44,    1484.73      
# span 18 = 0.0000e+00, 0.0000e+00      
# interval = decibars: 1                
# start_time = Feb 17 2022 20:33:06 [System UTC, header]
# bad_flag = -9.990e-29
*END*
[from data line 77]
       1776     79.000     7.8569     7.8548   3.550144   3.551701     2.4345     0.0526      98.83 4.9467e-02 0.0000e+00    80.3129    6.48448    34.3414    34.3602    26.7780    1482.41    1476.63 0.0000e+00
       1790     80.000     7.8740     7.8704   3.552428   3.553864     2.4350     0.0098      98.82 4.9527e-02 0.0000e+00    80.3369    6.47509    34.3487    34.3676    26.7812    1482.50    1476.70 0.0000e+00
       1805     81.000     7.9201     7.9131   3.559211   3.560410     2.4335    -0.0022      98.83 4.9475e-02 0.0000e+00    80.3608    6.42878    34.3757    34.3955    26.7957    1482.72    1476.77 0.0000e+00
       1824     82.000     7.9554     7.9511   3.564819   3.566187     2.4282    -0.0122      98.82 4.9495e-02 0.0000e+00    80.3984    6.36499    34.4007    34.4197    26.8101    1482.90    1476.85 0.0000e+00
       1863     83.000     7.9353     7.9002   3.562670   3.558611     2.4110    -0.0133      98.82 4.9496e-02 0.0000e+00    80.4308    6.27825    34.3970    34.3879    26.8101    1482.84    1476.92 0.0000e+00
       1911     84.000     7.9932     7.9822   3.570127   3.570931     2.3871    -0.0144      98.82 4.9477e-02 0.0000e+00    80.4839    6.20934    34.4195    34.4390    26.8193    1483.10    1476.99 0.0000e+00
       1930     85.000     7.9967     7.9949   3.570952   3.572337     2.3828    -0.0114      98.82 4.9488e-02 0.0000e+00    80.5677    6.23235    34.4245    34.4411    26.8226    1483.14    1477.07 0.0000e+00
       1945     86.000     8.0093     8.0054   3.572973   3.574346     2.3787    -0.0474      98.83 4.9519e-02 0.0000e+00    80.5711    6.22054    34.4333    34.4518    26.8276    1483.21    1477.14 0.0000e+00
       1958     87.000     8.0386     8.0329   3.577136   3.578516     2.3758    -0.0385      98.82 4.9470e-02 0.0000e+00    80.5802    6.20857    34.4486    34.4690    26.8353    1483.36    1477.21 0.0000e+00
       1971     88.000     8.0706     8.0654   3.581970   3.583335     2.3731    -0.0432      98.82 4.9522e-02 0.0000e+00    80.5810    6.19547    34.4684    34.4881    26.8460    1483.52    1477.28 0.0000e+00
       1982     89.000     8.1354     8.1205   3.590972   3.592220     2.3701    -0.0449      98.82 4.9451e-02 0.0000e+00    80.5648    6.17997    34.5005    34.5285    26.8615    1483.82    1477.35 0.0000e+00
       1995     90.000     8.2254     8.2173   3.603869   3.605282     2.3679    -0.0416      98.82 4.9466e-02 0.0000e+00    80.6182    6.17105    34.5492    34.5722    26.8861    1484.24    1477.43 0.0000e+00
       2019     91.000     8.2542     8.2466   3.608576   3.609424     2.3652    -0.0436      98.81 4.9482e-02 0.0000e+00    80.6437    6.16282    34.5706    34.5871    26.8985    1484.39    1477.50 0.0000e+00
       2060     92.000     8.2974     8.2949   3.615474   3.616881     2.3564    -0.0449      98.82 4.9488e-02 0.0000e+00    80.6233    6.08210    34.6011    34.6185    26.9159    1484.60    1477.58 0.0000e+00
       2091     93.000     8.3059     8.3048   3.616976   3.618598     2.3453    -0.0527      98.82 4.9472e-02 0.0000e+00    80.6172    6.03383    34.6082    34.6266    26.9202    1484.66    1477.66 0.0000e+00
       2113     94.000     8.3100     8.3081   3.617604   3.619038     2.3377 -9.990e-29      98.82 4.9476e-02 0.0000e+00    80.7305    6.01646    34.6104    34.6275    26.9213    1484.69    1477.73 0.0000e+00
       2130     95.000     8.3123     8.3105   3.618063   3.619573     2.3322 -9.990e-29      98.82 4.9488e-02 0.0000e+00    80.7755    6.00511    34.6125    34.6304    26.9226    1484.72    1477.80 0.0000e+00
       2147     96.000     8.3152     8.3132   3.618661   3.620089     2.3272 -9.990e-29      98.81 4.9521e-02 0.0000e+00    80.7527    5.99387    34.6156    34.6328    26.9246    1484.75    1477.88 0.0000e+00
       2164     97.000     8.3189     8.3163   3.619421   3.620794     2.3227 -9.990e-29      98.81 4.9496e-02 0.0000e+00    80.7741    5.98455    34.6196    34.6367    26.9271    1484.79    1477.95 0.0000e+00
       2181     98.000     8.3293     8.3292   3.620890   3.622679     2.3182 -9.990e-29      98.81 4.9462e-02 0.0000e+00    80.7763    5.97811    34.6245    34.6436    26.9294    1484.85    1478.02 0.0000e+00
       2199     99.000     8.3416     8.3390   3.622317   3.623745     2.3148 -9.990e-29      98.81 4.9485e-02 0.0000e+00    80.7946    5.97868    34.6271    34.6448    26.9296    1484.92    1478.09 0.0000e+00
       2218    100.000     8.3478     8.3457   3.623095   3.624587     2.3120 -9.990e-29      98.81 4.9462e-02 0.0000e+00    80.7891    5.97984    34.6288    34.6467    26.9299    1484.96    1478.16 0.0000e+00
       2237    101.000     8.3613     8.3593   3.624887   3.626372     2.3099 -9.990e-29      98.82 4.9467e-02 0.0000e+00    80.8005    5.97913    34.6341    34.6518    26.9320    1485.03    1478.22 0.0000e+00
       2257    102.000     8.3595     8.3585   3.625254   3.626694     2.3079 -9.990e-29      98.81 4.9469e-02 0.0000e+00    80.8244    5.97439    34.6393    34.6556    26.9364    1485.05    1478.29 0.0000e+00
       2283    103.000     8.3396     8.3365   3.624151   3.625409     2.3053 -9.990e-29      98.81 4.9493e-02 0.0000e+00    80.8251    5.96815    34.6466    34.6631    26.9452    1485.00    1478.35 0.0000e+00
       2313    104.000     8.3474     8.3473   3.626576   3.627976     2.3023    -0.0622      98.81 4.9485e-02 0.0000e+00    80.8224    5.96035    34.6643    34.6793    26.9579    1485.07    1478.42 0.0000e+00
       2341    105.000     8.3333     8.3305   3.628530   3.630019     2.3006    -0.0689      98.82 4.9478e-02 0.0000e+00    80.8654    5.96492    34.6985    34.7171    26.9869    1485.07    1478.48 0.0000e+00
       2362    106.000     8.3513     8.3492   3.631525   3.633007     2.2992    -0.0618      98.82 4.9470e-02 0.0000e+00    80.8598    5.95922    34.7121    34.7300    26.9948    1485.17    1478.54 0.0000e+00
       2379    107.000     8.3564     8.3542   3.632314   3.633825     2.2986    -0.0669      98.81 4.9474e-02 0.0000e+00    80.8840    5.96191    34.7150    34.7333    26.9963    1485.21    1478.61 0.0000e+00
       2393    108.000     8.3820     8.3781   3.635497   3.637060     2.2982    -0.0579      98.81 4.9498e-02 0.0000e+00    80.9105    5.95726    34.7232    34.7436    26.9988    1485.33    1478.67 0.0000e+00
       2407    109.000     8.3811     8.3800   3.636693   3.638088     2.2978    -0.0558      98.80 4.9508e-02 0.0000e+00    80.9033    5.95642    34.7363    34.7522    27.0092    1485.36    1478.73 0.0000e+00
       2424    110.000     8.3684     8.3670   3.636102   3.637557     2.2972    -0.0637      98.81 4.9476e-02 0.0000e+00    80.9183    5.95631    34.7421    34.7589    27.0157    1485.34    1478.79 0.0000e+00
       2447    111.000     8.3643     8.3631   3.636170   3.637616     2.2963    -0.0644      98.81 4.9469e-02 0.0000e+00    80.8769    5.94479    34.7463    34.7629    27.0197    1485.35    1478.85 0.0000e+00
       2475    112.000     8.3617     8.3598   3.636716   3.638166     2.2933    -0.0649      98.81 4.9491e-02 0.0000e+00    80.8746    5.92294    34.7542    34.7715    27.0263    1485.36    1478.91 0.0000e+00
       2500    113.000     8.3611     8.3594   3.637042   3.638339     2.2905    -0.0638      98.81 4.9497e-02 0.0000e+00    80.8794    5.91910    34.7578    34.7733    27.0292    1485.38    1478.96 0.0000e+00
       2523    114.000     8.3599     8.3585   3.637276   3.638371     2.2884    -0.0631      98.81 4.9481e-02 0.0000e+00    80.8664    5.91909    34.7610    34.7740    27.0319    1485.40    1479.02 0.0000e+00
       2543    115.000     8.3595     8.3579   3.637376   3.638816     2.2869    -0.0640      98.81 4.9472e-02 0.0000e+00    80.8997    5.92056    34.7620    34.7789    27.0327    1485.41    1479.07 0.0000e+00
       2563    116.000     8.3600     8.3580   3.637738   3.639169     2.2860    -0.0632      98.80 4.9468e-02 0.0000e+00    80.8830    5.92051    34.7649    34.7821    27.0349    1485.43    1479.13 0.0000e+00
       2582    117.000     8.3640     8.3620   3.638790   3.640242     2.2853    -0.0655      98.81 4.9485e-02 0.0000e+00    80.9086    5.91805    34.7716    34.7891    27.0396    1485.47    1479.18 0.0000e+00
       2599    118.000     8.3684     8.3661   3.639721   3.641168     2.2844    -0.0650      98.81 4.9485e-02 0.0000e+00    80.9043    5.91433    34.7767    34.7944    27.0429    1485.51    1479.24 0.0000e+00
       2617    119.000     8.3751     8.3730   3.640958   3.642425     2.2834 -9.990e-29      98.81 4.9472e-02 0.0000e+00    80.8939    5.91560    34.7828    34.8005    27.0466    1485.56    1479.29 0.0000e+00
       2635    120.000     8.3749     8.3732   3.641529   3.642979     2.2833 -9.990e-29      98.81 4.9483e-02 0.0000e+00    80.9133    5.91931    34.7886    34.8057    27.0512    1485.59    1479.34 0.0000e+00
       2655    121.000     8.3773     8.3755   3.642227   3.643668     2.2829 -9.990e-29      98.81 4.9471e-02 0.0000e+00    80.8745    5.91129    34.7931    34.8102    27.0544    1485.62    1479.39 0.0000e+00
       2680    122.000     8.3761     8.3744   3.642410   3.643856     2.2813 -9.990e-29      98.81 4.9469e-02 0.0000e+00    80.8731    5.90244    34.7958    34.8128    27.0567    1485.63    1479.44 0.0000e+00
       2708    123.000     8.3760     8.3742   3.642692   3.644121     2.2794    -0.0573      98.81 4.9460e-02 0.0000e+00    80.8618    5.89355    34.7984    34.8154    27.0587    1485.65    1479.49 0.0000e+00
       2732    124.000     8.3820     8.3803   3.643795   3.645293     2.2779    -0.0618      98.81 4.9459e-02 0.0000e+00    80.8710    5.89057    34.8037    34.8213    27.0620    1485.70    1479.54 0.0000e+00
       2751    125.000     8.3733     8.3729   3.643156   3.644623     2.2765    -0.0809      98.81 4.9454e-02 0.0000e+00    80.8823    5.88600    34.8050    34.8210    27.0643    1485.68    1479.59 0.0000e+00
       2767    126.000     8.3657     8.3643   3.642851   3.644296     2.2753    -0.0920      98.81 4.9476e-02 0.0000e+00    80.8769    5.88929    34.8088    34.8256    27.0685    1485.68    1479.64 0.0000e+00
       2782    127.000     8.3651     8.3635   3.643023   3.644475     2.2750    -0.0631      98.81 4.9458e-02 0.0000e+00    80.8542    5.89564    34.8108    34.8278    27.0701    1485.69    1479.69 0.0000e+00
       2799    128.000     8.3665     8.3648   3.643307   3.644775     2.2747    -0.0611      98.82 4.9483e-02 0.0000e+00    80.8392    5.89203    34.8119    34.8292    27.0708    1485.71    1479.74 0.0000e+00
       2821    129.000     8.3685     8.3667   3.643681   3.645098     2.2734    -0.0583      98.81 4.9505e-02 0.0000e+00    80.8291    5.88416    34.8135    34.8303    27.0717    1485.74    1479.78 0.0000e+00
       2848    130.000     8.3647     8.3628   3.643378   3.644791     2.2724    -0.0620      98.82 4.9484e-02 0.0000e+00    80.8303    5.89046    34.8135    34.8304    27.0723    1485.74    1479.83 0.0000e+00
       2873    131.000     8.3629     8.3612   3.643227   3.644645     2.2721    -0.0678      98.81 4.9494e-02 0.0000e+00    80.8200    5.88896    34.8132    34.8300    27.0723    1485.75    1479.87 0.0000e+00
       2893    132.000     8.3584     8.3568   3.642816   3.644247     2.2715    -0.0896      98.81 4.9493e-02 0.0000e+00    80.8023    5.88858    34.8128    34.8296    27.0727    1485.75    1479.92 0.0000e+00
       2910    133.000     8.3589     8.3571   3.642909   3.644357     2.2711    -0.0669      98.81 4.9476e-02 0.0000e+00    80.8249    5.88840    34.8128    34.8300    27.0727    1485.77    1479.96 0.0000e+00
       2925    134.000     8.3595     8.3582   3.643046   3.644512     2.2709    -0.0654      98.81 4.9495e-02 0.0000e+00    80.8190    5.88525    34.8132    34.8301    27.0729    1485.79    1480.00 0.0000e+00
       2942    135.000     8.3536     8.3524   3.642658   3.644124     2.2700    -0.0873      98.80 4.9476e-02 0.0000e+00    80.8036    5.88631    34.8144    34.8312    27.0747    1485.78    1480.05 0.0000e+00
       2965    136.000     8.3537     8.3520   3.642945   3.644453     2.2699    -0.0665      98.81 4.9468e-02 0.0000e+00    80.7990    5.89139    34.8169    34.8346    27.0767    1485.80    1480.09 0.0000e+00
       2997    137.000     8.3533     8.3515   3.643235   3.644662     2.2697    -0.0592      98.80 4.9469e-02 0.0000e+00    80.8371    5.89003    34.8199    34.8369    27.0791    1485.82    1480.13 0.0000e+00
       3026    138.000     8.3512     8.3497   3.643194   3.644622     2.2692    -0.0653      98.80 4.9468e-02 0.0000e+00    80.8395    5.89121    34.8211    34.8377    27.0803    1485.83    1480.17 0.0000e+00
       3046    139.000     8.3495     8.3480   3.643433   3.644952     2.2695    -0.0941      98.80 4.9478e-02 0.0000e+00    80.8489    5.89354    34.8248    34.8425    27.0835    1485.85    1480.21 0.0000e+00
       3062    140.000     8.3506     8.3488   3.643870   3.645310     2.2692    -0.0749      98.81 4.9482e-02 0.0000e+00    80.8529    5.88696    34.8279    34.8450    27.0858    1485.87    1480.25 0.0000e+00
       3078    141.000     8.3510     8.3489   3.644284   3.645710     2.2686    -0.0569      98.81 4.9485e-02 0.0000e+00    80.8284    5.88632    34.8314    34.8487    27.0885    1485.89    1480.29 0.0000e+00
       3092    142.000     8.3683     8.3650   3.647214   3.648708     2.2684    -0.0595      98.80 4.9489e-02 0.0000e+00    80.8204    5.88223    34.8450    34.8642    27.0965    1485.99    1480.33 0.0000e+00
       3106    143.000     8.3791     8.3757   3.648965   3.650392     2.2680    -0.0704      98.81 4.9492e-02 0.0000e+00    80.8329    5.87853    34.8525    34.8710    27.1007    1486.06    1480.37 0.0000e+00
       3119    144.000     8.3854     8.3836   3.650239   3.651672     2.2675 -9.990e-29      98.80 4.9503e-02 0.0000e+00    80.8173    5.87596    34.8593    34.8763    27.1051    1486.11    1480.41 0.0000e+00
       3132    145.000     8.3802     8.3788   3.650026   3.651463     2.2669 -9.990e-29      98.81 4.9479e-02 0.0000e+00    80.8296    5.87846    34.8617    34.8784    27.1077    1486.11    1480.45 0.0000e+00
       3148    146.000     8.3804     8.3785   3.650461   3.651895     2.2668 -9.990e-29      98.81 4.9470e-02 0.0000e+00    80.8264    5.87780    34.8656    34.8828    27.1108    1486.13    1480.49 0.0000e+00
       3175    147.000     8.3833     8.3815   3.651062   3.652538     2.2659 -9.990e-29      98.81 4.9488e-02 0.0000e+00    80.8379    5.87371    34.8687    34.8862    27.1127    1486.16    1480.53 0.0000e+00
       3222    148.000     8.3813     8.3786   3.651026   3.652328     2.2642 -9.990e-29      98.81 4.9465e-02 0.0000e+00    80.8483    5.86841    34.8698    34.8863    27.1139    1486.17    1480.57 0.0000e+00
       3251    149.000     8.3724     8.3713   3.650214   3.651718     2.2635 -9.990e-29      98.81 4.9497e-02 0.0000e+00    80.8349    5.87240    34.8695    34.8866    27.1151    1486.15    1480.60 0.0000e+00
       3269    150.000     8.3847     8.3820   3.651886   3.653280     2.2633 -9.990e-29      98.81 4.9491e-02 0.0000e+00    80.8555    5.86675    34.8746    34.8921    27.1172    1486.22    1480.64 0.0000e+00
       3284    151.000     8.3860     8.3846   3.652145   3.653604     2.2625 -9.990e-29      98.82 4.9476e-02 0.0000e+00    80.8607    5.85960    34.8756    34.8925    27.1178    1486.24    1480.68 0.0000e+00
       3298    152.000     8.3834     8.3818   3.652009   3.653459     2.2618    -0.0616      98.81 4.9471e-02 0.0000e+00    80.8476    5.85952    34.8763    34.8933    27.1187    1486.25    1480.71 0.0000e+00
       3311    153.000     8.3815     8.3798   3.651921   3.653342     2.2611    -0.0581      98.81 4.9489e-02 0.0000e+00    80.8224    5.85760    34.8767    34.8935    27.1193    1486.26    1480.75 0.0000e+00
