_data/ctd/2022603/sta0206.cnv
* Sea-Bird SBE 9 Data File:
* FileName = C:\Seabird\CTDData\sta0206.hex
* Software Version Seasave V 7.21f
* Temperature SN = 6264
* Conductivity SN = 4928
* Number of Bytes Per Scan = 40
* Number of Voltage Words = 5
* Number of Scans Averaged by the Deck Unit = 1
* NMEA Latitude = 61 14.32 N
* NMEA Longitude = 004 53.96 E
* NMEA UTC (Time) = Feb 15 2022 18:29:24
* NMEA baud rate = 4800
** Ship: R/V "Kristine Bonnevie"
** Station: 0206
** Echodepth: 331
** Log: 0875.881
** Wind-Dir/Force: 15 08
** Air-temp (dry): 4.3
** Weather Sky:
** Sea:
# nquan = 19                                
# nvalues = 335                         
# units = specified
# name 0 = scan: Scan Count
# name 1 = prDM: Pressure, Digiquartz [db]
# name 2 = t068C: Temperature [ITS-68, deg C]
# name 3 = t168C: Temperature, 2 [ITS-68, deg C]
# name 4 = c0S/m: Conductivity [S/m]
# name 5 = c1S/m: Conductivity, 2 [S/m]
# name 6 = sbeox0V: Oxygen raw, SBE 43 [V]
# name 7 = flECO-AFL: Fluorescence, WET Labs ECO-AFL/FL [mg/m^3]
# name 8 = altM: Altimeter [m]
# name 9 = par: PAR/Irradiance, Biospherical/Licor
# name 10 = spar: SPAR/Surface Irradiance
# name 11 = CStarTr0: Beam Transmission, WET Labs C-Star [%]
# name 12 = sbeox0ML/L: Oxygen, SBE 43 [ml/l], WS = 2
# name 13 = sal00: Salinity, Practical [PSU]
# name 14 = sal11: Salinity, Practical, 2 [PSU]
# name 15 = sigma-t00: Density [sigma-t, Kg/m^3 ]
# name 16 = svCM: Sound Velocity [Chen-Millero, m/s]
# name 17 = avgsvCM: Average Sound Velocity [Chen-Millero, m/s], minP = 1, minS = 5
# name 18 = flag: flag
# span 0 =        278,       8550       
# span 1 =      2.000,    336.000       
# span 2 =     6.5175,     8.4706       
# span 3 =     6.5150,     8.4686       
# span 4 =   3.216746,   3.653678       
# span 5 =   3.217718,   3.655170       
# span 6 =     2.0393,     2.5052       
# span 7 =    -0.1075,     0.6444       
# span 8 =       4.98,     100.06       
# span 9 = 4.9430e-02, 7.8550e-01       
# span 10 = 0.0000e+00, 0.0000e+00      
# span 11 =     0.1674,    81.1099      
# span 12 =    5.31505,    6.91858      
# span 13 =    32.0298,    34.9746      
# span 14 =    32.0429,    34.9919      
# span 15 =    25.1420,    27.2789      
# span 16 =    1473.10,    1487.34      
# span 17 =    1473.10,    1484.12      
# span 18 = 0.0000e+00, 0.0000e+00      
# interval = decibars: 1                
# start_time = Feb 15 2022 18:29:27 [System UTC, header]
# bad_flag = -9.990e-29
*END*
[from data line 153]
       3775    155.000     8.4099     8.4084   3.653189   3.654687     2.2195    -0.0666      75.34 4.9474e-02 0.0000e+00    80.7679    5.71543    34.8611    34.8785    27.1027    1486.38    1481.51 0.0000e+00
       3795    156.000     8.4079     8.4065   3.653141   3.654656     2.2187    -0.0616      55.32 4.9505e-02 0.0000e+00    80.8337    5.71928    34.8621    34.8796    27.1038    1486.39    1481.54 0.0000e+00
       3816    157.000     8.4036     8.4022   3.653068   3.654571     2.2180    -0.0650      87.29 4.9499e-02 0.0000e+00    80.8909    5.71561    34.8651    34.8825    27.1068    1486.40    1481.57 0.0000e+00
       3838    158.000     8.4012     8.3995   3.653020   3.654511     2.2167    -0.0642      66.11 4.9487e-02 0.0000e+00    80.9159    5.70846    34.8665    34.8840    27.1083    1486.41    1481.60 0.0000e+00
       3861    159.000     8.3973     8.3957   3.652905   3.654402     2.2153    -0.0572      97.81 4.9493e-02 0.0000e+00    80.8942    5.70380    34.8687    34.8862    27.1106    1486.41    1481.63 0.0000e+00
       3883    160.000     8.3950     8.3934   3.652876   3.654375     2.2140    -0.0394      57.79 4.9458e-02 0.0000e+00    64.7941    5.70321    34.8702    34.8877    27.1121    1486.42    1481.66 0.0000e+00
       3905    161.000     8.3935     8.3918   3.652882   3.654369     2.2126    -0.0616      67.32 4.9505e-02 0.0000e+00    80.8417    5.69927    34.8712    34.8887    27.1132    1486.43    1481.69 0.0000e+00
       3926    162.000     8.3925     8.3908   3.652886   3.654380     2.2116    -0.0587      38.88 4.9465e-02 0.0000e+00    80.9099    5.69686    34.8718    34.8893    27.1138    1486.45    1481.72 0.0000e+00
       3947    163.000     8.3899     8.3883   3.652873   3.654371     2.2105    -0.0588      70.95 4.9492e-02 0.0000e+00    80.9174    5.69525    34.8737    34.8912    27.1157    1486.45    1481.75 0.0000e+00
       3969    164.000     8.3845     8.3832   3.652729   3.654218     2.2093    -0.0710      69.38 4.9464e-02 0.0000e+00    80.9167    5.69325    34.8771    34.8942    27.1191    1486.45    1481.78 0.0000e+00
       3991    165.000     8.3782     8.3766   3.652499   3.653985     2.2085    -0.0824      71.62 4.9506e-02 0.0000e+00    80.9605    5.69209    34.8804    34.8978    27.1227    1486.45    1481.81 0.0000e+00
       4014    166.000     8.3765     8.3747   3.652436   3.653932     2.2072    -0.0703      89.65 4.9487e-02 0.0000e+00    80.9608    5.68644    34.8809    34.8986    27.1234    1486.46    1481.84 0.0000e+00
       4037    167.000     8.3749     8.3733   3.652406   3.653906     2.2057    -0.0661      39.91 4.9499e-02 0.0000e+00    80.9623    5.68042    34.8817    34.8992    27.1242    1486.47    1481.86 0.0000e+00
       4059    168.000     8.3707     8.3694   3.652211   3.653704     2.2044    -0.0696      86.67 4.9440e-02 0.0000e+00    81.0253    5.67927    34.8833    34.9005    27.1262    1486.48    1481.89 0.0000e+00
       4080    169.000     8.3629     8.3619   3.651816   3.653319     2.2031    -0.0787      40.52 4.9512e-02 0.0000e+00    81.0284    5.67636    34.8863    34.9033    27.1297    1486.47    1481.92 0.0000e+00
       4101    170.000     8.3451     8.3439   3.650823   3.652281     2.2020    -0.0875      99.55 4.9512e-02 0.0000e+00    81.0290    5.67632    34.8929    34.9096    27.1376    1486.43    1481.94 0.0000e+00
       4122    171.000     8.3355     8.3342   3.650288   3.651782     2.2009 -9.990e-29      98.80 4.9478e-02 0.0000e+00    81.0566    5.67295    34.8963    34.9135    27.1417    1486.41    1481.97 0.0000e+00
       4144    172.000     8.3328     8.3314   3.650161   3.651672     2.1993 -9.990e-29      78.27 4.9471e-02 0.0000e+00    81.0409    5.66519    34.8971    34.9146    27.1428    1486.42    1482.00 0.0000e+00
       4166    173.000     8.3213     8.3206   3.649420   3.650925     2.1976 -9.990e-29      86.81 4.9457e-02 0.0000e+00    81.0545    5.65757    34.9001    34.9169    27.1470    1486.39    1482.02 0.0000e+00
       4189    174.000     8.3156     8.3139   3.649063   3.650530     2.1952 -9.990e-29      75.16 4.9451e-02 0.0000e+00    81.0913    5.64952    34.9015    34.9188    27.1489    1486.39    1482.05 0.0000e+00
       4212    175.000     8.3095     8.3080   3.648636   3.650107     2.1932    -0.0726      92.84 4.9476e-02 0.0000e+00    81.1099    5.64450    34.9025    34.9197    27.1506    1486.39    1482.07 0.0000e+00
       4235    176.000     8.3057     8.3041   3.648395   3.649889     2.1909    -0.0611      98.38 4.9509e-02 0.0000e+00    81.0736    5.63883    34.9032    34.9208    27.1518    1486.39    1482.10 0.0000e+00
       4256    177.000     8.3002     8.2986   3.648003   3.649470     2.1889    -0.0631      98.80 4.9471e-02 0.0000e+00    81.0987    5.63596    34.9040    34.9213    27.1533    1486.39    1482.12 0.0000e+00
       4278    178.000     8.2875     8.2868   3.647103   3.648604     2.1875    -0.0613      98.54 4.9477e-02 0.0000e+00    81.0944    5.63405    34.9066    34.9233    27.1572    1486.36    1482.14 0.0000e+00
       4299    179.000     8.2540     8.2556   3.644679   3.646236     2.1854    -0.0642      42.04 4.9464e-02 0.0000e+00    81.0902    5.62973    34.9135    34.9285    27.1678    1486.26    1482.17 0.0000e+00
       4321    180.000     8.2423     8.2408   3.643874   3.645346     2.1835    -0.0558      99.14 4.9472e-02 0.0000e+00    81.0958    5.62262    34.9160    34.9332    27.1715    1486.23    1482.19 0.0000e+00
       4343    181.000     8.2248     8.2243   3.642555   3.644038     2.1811    -0.0796      43.16 4.9490e-02 0.0000e+00    81.0680    5.61523    34.9189    34.9352    27.1764    1486.19    1482.21 0.0000e+00
       4364    182.000     8.2142     8.2126   3.641791   3.643258     2.1788    -0.0761      98.87 4.9505e-02 0.0000e+00    81.0767    5.60915    34.9207    34.9380    27.1795    1486.17    1482.23 0.0000e+00
       4386    183.000     8.2084     8.2065   3.641409   3.642841     2.1762    -0.0783      68.92 4.9464e-02 0.0000e+00    81.0858    5.59884    34.9220    34.9391    27.1814    1486.16    1482.25 0.0000e+00
       4409    184.000     8.2008     8.1997   3.640894   3.642397     2.1732    -0.0889      72.27 4.9505e-02 0.0000e+00    81.0694    5.58800    34.9235    34.9407    27.1837    1486.15    1482.28 0.0000e+00
       4433    185.000     8.1984     8.1967   3.640747   3.642189     2.1700    -0.0889      62.69 4.9497e-02 0.0000e+00    81.0969    5.57937    34.9239    34.9410    27.1844    1486.16    1482.30 0.0000e+00
       4456    186.000     8.1959     8.1945   3.640564   3.642052     2.1672    -0.0663      86.50 4.9481e-02 0.0000e+00    81.0613    5.57554    34.9239    34.9412    27.1848    1486.17    1482.32 0.0000e+00
       4479    187.000     8.1842     8.1841   3.639617   3.641109     2.1650    -0.0679      64.62 4.9471e-02 0.0000e+00    81.0607    5.57276    34.9249    34.9410    27.1874    1486.14    1482.34 0.0000e+00
       4500    188.000     8.1680     8.1669   3.638399   3.639875     2.1626    -0.0877      93.00 4.9483e-02 0.0000e+00    81.0809    5.56599    34.9275    34.9444    27.1919    1486.10    1482.36 0.0000e+00
       4522    189.000     8.1657     8.1640   3.638276   3.639745     2.1603    -0.0734      62.92 4.9459e-02 0.0000e+00    81.0815    5.56040    34.9280    34.9454    27.1926    1486.11    1482.38 0.0000e+00
       4542    190.000     8.1656     8.1639   3.638330   3.639797     2.1583    -0.0592      85.25 4.9488e-02 0.0000e+00    81.0838    5.55650    34.9282    34.9456    27.1928    1486.13    1482.40 0.0000e+00
       4563    191.000     8.1636     8.1621   3.638248   3.639715     2.1565    -0.0613      75.06 4.9472e-02 0.0000e+00    81.0780    5.55446    34.9289    34.9460    27.1936    1486.14    1482.42 0.0000e+00
       4585    192.000     8.1587     8.1576   3.637892   3.639352     2.1546    -0.0659      98.85 4.9445e-02 0.0000e+00    81.0797    5.55035    34.9294    34.9461    27.1948    1486.13    1482.44 0.0000e+00
       4607    193.000     8.1481     8.1463   3.637108   3.638534     2.1529    -0.0625      91.33 4.9457e-02 0.0000e+00    81.0834    5.54703    34.9311    34.9482    27.1977    1486.11    1482.45 0.0000e+00
       4630    194.000     8.1442     8.1424   3.636849   3.638300     2.1511    -0.0861      97.74 4.9485e-02 0.0000e+00    81.0937    5.54097    34.9317    34.9491    27.1988    1486.12    1482.47 0.0000e+00
       4654    195.000     8.1404     8.1389   3.636571   3.638029     2.1492    -0.0723      77.49 4.9497e-02 0.0000e+00    81.0852    5.54183    34.9321    34.9492    27.1996    1486.12    1482.49 0.0000e+00
       4678    196.000     8.1303     8.1292   3.635861   3.637331     2.1479    -0.0654      30.28 4.9469e-02 0.0000e+00    81.1039    5.53702    34.9340    34.9509    27.2027    1486.10    1482.51 0.0000e+00
       4701    197.000     8.1240     8.1227   3.635416   3.636875     2.1461    -0.0766      88.40 4.9463e-02 0.0000e+00    81.1036    5.53284    34.9351    34.9520    27.2045    1486.09    1482.53 0.0000e+00
       4723    198.000     8.1172     8.1159   3.634975   3.636431     2.1448    -0.0891      37.76 4.9485e-02 0.0000e+00    81.0994    5.53101    34.9366    34.9535    27.2067    1486.09    1482.55 0.0000e+00
       4744    199.000     8.1141     8.1126   3.634865   3.636337     2.1433    -0.0896      95.87 4.9479e-02 0.0000e+00    81.1044    5.52560    34.9381    34.9553    27.2083    1486.09    1482.56 0.0000e+00
       4765    200.000     8.1115     8.1101   3.634744   3.636215     2.1420    -0.0667      29.52 4.9498e-02 0.0000e+00    81.0878    5.52074    34.9389    34.9560    27.2094    1486.10    1482.58 0.0000e+00
       4786    201.000     8.1100     8.1084   3.634725   3.636190     2.1399    -0.0588      96.84 4.9479e-02 0.0000e+00    81.0826    5.51442    34.9397    34.9570    27.2102    1486.11    1482.60 0.0000e+00
       4807    202.000     8.1096     8.1080   3.634782   3.636244     2.1389    -0.0708      98.80 4.9472e-02 0.0000e+00    81.0220    5.51651    34.9402    34.9575    27.2107    1486.13    1482.62 0.0000e+00
       4829    203.000     8.1063     8.1053   3.634544   3.636025     2.1374    -0.0891      98.20 4.9481e-02 0.0000e+00    81.0289    5.51175    34.9405    34.9573    27.2114    1486.13    1482.63 0.0000e+00
       4852    204.000     8.0898     8.0877   3.633167   3.634485     2.1361    -0.0864      48.07 4.9469e-02 0.0000e+00    81.0265    5.51007    34.9417    34.9579    27.2148    1486.09    1482.65 0.0000e+00
       4876    205.000     8.0739     8.0730   3.631858   3.633343     2.1345    -0.0647      70.89 4.9468e-02 0.0000e+00    80.9658    5.50910    34.9430    34.9598    27.2183    1486.05    1482.67 0.0000e+00
       4900    206.000     8.0631     8.0621   3.630938   3.632404     2.1332    -0.0897      39.90 4.9489e-02 0.0000e+00    80.9480    5.50271    34.9434    34.9601    27.2202    1486.02    1482.68 0.0000e+00
       4925    207.000     8.0526     8.0518   3.630088   3.631552     2.1312    -0.0939      96.28 4.9483e-02 0.0000e+00    80.9410    5.49182    34.9443    34.9608    27.2225    1486.00    1482.70 0.0000e+00
       4948    208.000     8.0419     8.0407   3.629228   3.630694     2.1286    -0.0905      55.66 4.9508e-02 0.0000e+00    80.9442    5.48119    34.9452    34.9622    27.2249    1485.98    1482.72 0.0000e+00
       4970    209.000     8.0395     8.0378   3.629075   3.630511     2.1263    -0.0727      97.03 4.9465e-02 0.0000e+00    80.9350    5.47215    34.9455    34.9626    27.2254    1485.98    1482.73 0.0000e+00
       4991    210.000     8.0344     8.0331   3.628672   3.630123     2.1236    -0.0634      56.13 4.9472e-02 0.0000e+00    80.9200    5.46462    34.9458    34.9627    27.2264    1485.98    1482.75 0.0000e+00
       5013    211.000     8.0206     8.0200   3.627521   3.628988     2.1213    -0.0614      98.25 4.9483e-02 0.0000e+00    80.9061    5.46364    34.9467    34.9631    27.2292    1485.95    1482.76 0.0000e+00
       5035    212.000     8.0080     8.0070   3.626525   3.627983     2.1192    -0.0642      66.53 4.9496e-02 0.0000e+00    80.8829    5.45857    34.9481    34.9648    27.2322    1485.92    1482.78 0.0000e+00
       5057    213.000     8.0020     8.0006   3.626064   3.627523     2.1168    -0.0941      98.15 4.9452e-02 0.0000e+00    80.9150    5.45025    34.9487    34.9657    27.2336    1485.91    1482.79 0.0000e+00
       5078    214.000     7.9895     7.9887   3.625064   3.626515     2.1145    -0.0897      77.86 4.9527e-02 0.0000e+00    80.9025    5.44689    34.9499    34.9663    27.2364    1485.88    1482.81 0.0000e+00
       5101    215.000     7.9764     7.9754   3.624036   3.625479     2.1123    -0.0929      98.70 4.9475e-02 0.0000e+00    80.9231    5.44297    34.9515    34.9680    27.2396    1485.85    1482.82 0.0000e+00
       5125    216.000     7.9691     7.9678   3.623487   3.624960     2.1102    -0.0801      65.23 4.9461e-02 0.0000e+00    80.9371    5.43715    34.9524    34.9695    27.2414    1485.84    1482.83 0.0000e+00
       5149    217.000     7.9679     7.9663   3.623451   3.624896     2.1076    -0.0661      73.00 4.9497e-02 0.0000e+00    80.9556    5.43388    34.9527    34.9698    27.2418    1485.86    1482.85 0.0000e+00
       5172    218.000     7.9674     7.9659   3.623457   3.624923     2.1061    -0.0728      50.28 4.9483e-02 0.0000e+00    80.9427    5.42875    34.9528    34.9700    27.2420    1485.87    1482.86 0.0000e+00
       5194    219.000     7.9670     7.9655   3.623479   3.624929     2.1041    -0.0935      79.88 4.9502e-02 0.0000e+00    80.9331    5.42302    34.9529    34.9700    27.2422    1485.88    1482.88 0.0000e+00
       5214    220.000     7.9639     7.9623   3.623270   3.624697     2.1028    -0.0919      67.21 4.9483e-02 0.0000e+00    80.9374    5.42440    34.9533    34.9702    27.2429    1485.89    1482.89 0.0000e+00
       5236    221.000     7.9554     7.9542   3.622618   3.624069     2.1013    -0.0698      82.09 4.9521e-02 0.0000e+00    80.9178    5.41962    34.9543    34.9711    27.2450    1485.88    1482.90 0.0000e+00
       5259    222.000     7.9484     7.9471   3.622099   3.623545     2.0998    -0.0623      69.35 4.9487e-02 0.0000e+00    80.9224    5.41772    34.9552    34.9721    27.2467    1485.87    1482.92 0.0000e+00
       5283    223.000     7.9419     7.9408   3.621617   3.623070     2.0982    -0.0788      82.75 4.9500e-02 0.0000e+00    80.8949    5.41430    34.9560    34.9728    27.2484    1485.86    1482.93 0.0000e+00
       5305    224.000     7.9354     7.9343   3.621140   3.622616     2.0969    -0.0897      68.52 4.9483e-02 0.0000e+00    80.9241    5.41337    34.9569    34.9739    27.2500    1485.85    1482.94 0.0000e+00
       5327    225.000     7.9311     7.9300   3.620838   3.622308     2.0959    -0.0886      96.21 4.9490e-02 0.0000e+00    80.8995    5.41398    34.9575    34.9744    27.2511    1485.85    1482.95 0.0000e+00
       5348    226.000     7.9283     7.9271   3.620650   3.622121     2.0949    -0.0598      83.56 4.9472e-02 0.0000e+00    80.8765    5.40643    34.9578    34.9748    27.2518    1485.86    1482.97 0.0000e+00
       5370    227.000     7.9220     7.9207   3.620183   3.621626     2.0933    -0.0700      96.23 4.9502e-02 0.0000e+00    80.8560    5.40474    34.9586    34.9754    27.2533    1485.85    1482.98 0.0000e+00
       5392    228.000     7.9173     7.9159   3.619853   3.621291     2.0924    -0.0863      94.18 4.9491e-02 0.0000e+00    80.8381    5.40237    34.9592    34.9761    27.2545    1485.85    1482.99 0.0000e+00
       5416    229.000     7.9144     7.9129   3.619677   3.621119     2.0907    -0.0682      50.32 4.9493e-02 0.0000e+00    80.8188    5.39606    34.9598    34.9768    27.2554    1485.86    1483.01 0.0000e+00
