_data/ctd/2022603/sta0164.cnv
* Sea-Bird SBE 9 Data File:
* FileName = C:\Seabird\CTDData\sta0164.hex
* Software Version Seasave V 7.21f
* Temperature SN = 6264
* Conductivity SN = 4928
* Number of Bytes Per Scan = 40
* Number of Voltage Words = 5
* Number of Scans Averaged by the Deck Unit = 1
* NMEA Latitude = 60 52.30 N
* NMEA Longitude = 005 24.95 E
* NMEA UTC (Time) = Feb 12 2022 14:43:30
* NMEA baud rate = 4800
** Ship: R/V "Kristine Bonnevie"
** Station: 0164
** Echodepth: 483
** Log: 0488.443
** Wind-Dir/Force: 52 14
** Air-temp (dry): 4.6
** Weather Sky:
** Sea:
# nquan = 19                                
# nvalues = 476                         
# units = specified
# name 0 = scan: Scan Count
# name 1 = prDM: Pressure, Digiquartz [db]
# name 2 = t068C: Temperature [ITS-68, deg C]
# name 3 = t168C: Temperature, 2 [ITS-68, deg C]
# name 4 = c0S/m: Conductivity [S/m]
# name 5 = c1S/m: Conductivity, 2 [S/m]
# name 6 = sbeox0V: Oxygen raw, SBE 43 [V]
# name 7 = flECO-AFL: Fluorescence, WET Labs ECO-AFL/FL [mg/m^3]
# name 8 = altM: Altimeter [m]
# name 9 = par: PAR/Irradiance, Biospherical/Licor
# name 10 = spar: SPAR/Surface Irradiance
# name 11 = CStarTr0: Beam Transmission, WET Labs C-Star [%]
# name 12 = sbeox0ML/L: Oxygen, SBE 43 [ml/l], WS = 2
# name 13 = sal00: Salinity, Practical [PSU]
# name 14 = sal11: Salinity, Practical, 2 [PSU]
# name 15 = sigma-t00: Density [sigma-t, Kg/m^3 ]
# name 16 = svCM: Sound Velocity [Chen-Millero, m/s]
# name 17 = avgsvCM: Average Sound Velocity [Chen-Millero, m/s], minP = 1, minS = 5
# name 18 = flag: flag
# span 0 =         80,      11392       
# span 1 =      6.000,    481.000       
# span 2 =     7.2970,     9.9748       
# span 3 =     7.2902,     9.9709       
# span 4 =   3.154798,   3.725803       
# span 5 =   3.155371,   3.727251       
# span 6 =     1.6053,     2.4350       
# span 7 =    -0.0778,     0.2865       
# span 8 =       5.09,      99.35       
# span 9 = 4.9361e-02, 3.7856e+00       
# span 10 = 2.3984e+01, 3.3977e+01      
# span 11 =    70.9353,    82.1429      
# span 12 =    3.81938,    6.64279      
# span 13 =    30.6472,    34.9710      
# span 14 =    30.6594,    34.9862      
# span 15 =    23.9533,    27.2002      
# span 16 =    1474.47,    1491.62      
# span 17 =    1474.47,    1487.82      
# span 18 = 0.0000e+00, 0.0000e+00      
# interval = decibars: 1                
# start_time = Feb 12 2022 14:43:32 [System UTC, header]
# bad_flag = -9.990e-29
*END*
[from data line 458]
      10960    464.000     8.3370     8.3357   3.670537   3.671832     1.6141    -0.0533      21.85 4.9500e-02 2.5983e+01    79.9972    3.86792    34.9708    34.9859    27.2000    1491.33    1487.69 0.0000e+00
      10985    465.000     8.3371     8.3358   3.670590   3.671891     1.6134    -0.0371      20.81 4.9503e-02 2.5983e+01    79.9552    3.86324    34.9708    34.9859    27.2000    1491.35    1487.70 0.0000e+00
      11009    466.000     8.3372     8.3359   3.670643   3.671934     1.6129    -0.0565      20.04 4.9495e-02 2.5983e+01    79.9338    3.86218    34.9708    34.9858    27.2000    1491.37    1487.70 0.0000e+00
      11034    467.000     8.3373     8.3360   3.670708   3.671993     1.6122    -0.0444      18.66 4.9506e-02 -9.990e-29    79.9411    3.86074    34.9709    34.9859    27.2001    1491.39    1487.71 0.0000e+00
      11059    468.000     8.3374     8.3361   3.670758   3.672049     1.6120    -0.0430      17.59 4.9497e-02 -9.990e-29    79.8975    3.86604    34.9709    34.9859    27.2000    1491.40    1487.72 0.0000e+00
      11083    469.000     8.3375     8.3361   3.670805   3.672113     1.6120    -0.0542      17.06 4.9489e-02 -9.990e-29    79.9134    3.86453    34.9708    34.9861    27.1999    1491.42    1487.73 0.0000e+00
      11107    470.000     8.3377     8.3362   3.670864   3.672163     1.6116    -0.0444      16.24 4.9462e-02 -9.990e-29    79.8975    3.85748    34.9708    34.9860    27.1999    1491.44    1487.73 0.0000e+00
      11132    471.000     8.3377     8.3364   3.670917   3.672216     1.6105    -0.0444      15.35 4.9489e-02 -9.990e-29    79.8431    3.85442    34.9709    34.9859    27.1999    1491.45    1487.74 0.0000e+00
      11156    472.000     8.3379     8.3365   3.670983   3.672282     1.6102    -0.0410      14.27 4.9491e-02 -9.990e-29    79.8441    3.85505    34.9709    34.9861    27.1999    1491.47    1487.75 0.0000e+00
      11181    473.000     8.3380     8.3366   3.671047   3.672331     1.6094    -0.0494      13.26 4.9474e-02 -9.990e-29    79.8535    3.85343    34.9710    34.9860    27.2000    1491.49    1487.76 0.0000e+00
      11205    474.000     8.3381     8.3367   3.671100   3.672394     1.6089    -0.0445      12.26 4.9472e-02 2.5630e+01    79.8486    3.85068    34.9710    34.9861    27.2000    1491.50    1487.77 0.0000e+00
      11230    475.000     8.3382     8.3368   3.671156   3.672446     1.6082    -0.0389      11.37 4.9497e-02 2.5149e+01    79.8272    3.85296    34.9710    34.9861    27.2000    1491.52    1487.77 0.0000e+00
      11254    476.000     8.3383     8.3369   3.671208   3.672507     1.6079    -0.0468      10.31 4.9500e-02 2.5422e+01    79.8265    3.84714    34.9710    34.9862    27.2000    1491.54    1487.78 0.0000e+00
      11278    477.000     8.3385     8.3371   3.671270   3.672565     1.6070    -0.0419       9.38 4.9474e-02 2.5400e+01    79.7797    3.84863    34.9710    34.9861    27.1999    1491.56    1487.79 0.0000e+00
      11303    478.000     8.3386     8.3372   3.671312   3.672614     1.6069    -0.0439       8.40 4.9480e-02 2.3984e+01    79.7996    3.85016    34.9709    34.9861    27.1998    1491.57    1487.80 0.0000e+00
      11326    479.000     8.3387     8.3373   3.671378   3.672671     1.6062    -0.0367       7.35 4.9485e-02 2.3984e+01    79.7554    3.84348    34.9710    34.9861    27.1999    1491.59    1487.81 0.0000e+00
      11351    480.000     8.3388     8.3374   3.671426   3.672732     1.6058    -0.0403       6.34 4.9478e-02 2.3984e+01    79.7785    3.84658    34.9709    34.9862    27.1998    1491.61    1487.81 0.0000e+00
      11392    481.000     8.3390     8.3374   3.671470   3.672771     1.6053    -0.0580       5.09 4.9512e-02 2.3984e+01    79.7839    3.84864    34.9707    34.9861    27.1997    1491.62    1487.82 0.0000e+00
