_data/ctd/2022603/sta0178.cnv
* Sea-Bird SBE 9 Data File:
* FileName = C:\Seabird\CTDData\sta0178.hex
* Software Version Seasave V 7.21f
* Temperature SN = 6264
* Conductivity SN = 4928
* Number of Bytes Per Scan = 40
* Number of Voltage Words = 5
* Number of Scans Averaged by the Deck Unit = 1
* NMEA Latitude = 60 53.66 N
* NMEA Longitude = 004 38.66 E
* NMEA UTC (Time) = Feb 13 2022 05:28:02
* NMEA baud rate = 4800
** Ship: R/V "Kristine Bonnevie"
** Station: 0178
** Echodepth: 284
** Log: 0540.377
** Wind-Dir/Force: 20 33
** Air-temp (dry): 7.2
** Weather Sky:
** Sea:
** VK043
# nquan = 19                                
# nvalues = 271                         
# units = specified
# name 0 = scan: Scan Count
# name 1 = prDM: Pressure, Digiquartz [db]
# name 2 = t068C: Temperature [ITS-68, deg C]
# name 3 = t168C: Temperature, 2 [ITS-68, deg C]
# name 4 = c0S/m: Conductivity [S/m]
# name 5 = c1S/m: Conductivity, 2 [S/m]
# name 6 = sbeox0V: Oxygen raw, SBE 43 [V]
# name 7 = flECO-AFL: Fluorescence, WET Labs ECO-AFL/FL [mg/m^3]
# name 8 = altM: Altimeter [m]
# name 9 = par: PAR/Irradiance, Biospherical/Licor
# name 10 = spar: SPAR/Surface Irradiance
# name 11 = CStarTr0: Beam Transmission, WET Labs C-Star [%]
# name 12 = sbeox0ML/L: Oxygen, SBE 43 [ml/l], WS = 2
# name 13 = sal00: Salinity, Practical [PSU]
# name 14 = sal11: Salinity, Practical, 2 [PSU]
# name 15 = sigma-t00: Density [sigma-t, Kg/m^3 ]
# name 16 = svCM: Sound Velocity [Chen-Millero, m/s]
# name 17 = avgsvCM: Average Sound Velocity [Chen-Millero, m/s], minP = 1, minS = 5
# name 18 = flag: flag
# span 0 =         56,       6445       
# span 1 =      3.000,    273.000       
# span 2 =     6.8946,     8.1811       
# span 3 =     6.8929,     8.1794       
# span 4 =   3.297955,   3.639320       
# span 5 =   3.298976,   3.640681       
# span 6 =     2.1847,     2.4965       
# span 7 =    -0.1062,     0.3933       
# span 8 =       8.92,      99.88       
# span 9 = 4.9404e-02, 4.6608e-01       
# span 10 = 0.0000e+00, 0.0000e+00      
# span 11 =    80.1769,    81.5940      
# span 12 =    5.72939,    6.81123      
# span 13 =    32.5705,    34.9830      
# span 14 =    32.5833,    34.9993      
# span 15 =    25.5196,    27.2494      
# span 16 =    1475.25,    1487.23      
# span 17 =    1475.25,    1482.72      
# span 18 = 0.0000e+00, 0.0000e+00      
# interval = decibars: 1                
# start_time = Feb 13 2022 05:28:04 [System UTC, header]
# bad_flag = -9.990e-29
*END*
[from data line 77]
       2251     80.000     6.9620     6.9604   3.438607   3.439774     2.4727     0.2800      80.11 4.9474e-02 0.0000e+00    80.2167    6.77513    34.0107    34.0251    26.6449    1478.58    1477.94 0.0000e+00
       2267     81.000     6.9615     6.9605   3.438639   3.439836     2.4721     0.2800      75.29 4.9472e-02 0.0000e+00    80.2036    6.77044    34.0110    34.0252    26.6452    1478.59    1477.95 0.0000e+00
       2284     82.000     6.9606     6.9590   3.438644   3.439817     2.4716     0.2590      75.83 4.9491e-02 0.0000e+00    80.1852    6.76985    34.0115    34.0259    26.6457    1478.61    1477.95 0.0000e+00
       2299     83.000     6.9614     6.9595   3.438745   3.439927     2.4712     0.2491      98.43 4.9485e-02 0.0000e+00    80.2072    6.76730    34.0113    34.0262    26.6454    1478.63    1477.96 0.0000e+00
       2313     84.000     6.9618     6.9601   3.438852   3.440074     2.4704     0.2477      83.70 4.9492e-02 0.0000e+00    80.1953    6.76459    34.0116    34.0267    26.6456    1478.64    1477.97 0.0000e+00
       2326     85.000     6.9625     6.9614   3.439125   3.440456     2.4701     0.2472      85.15 4.9485e-02 0.0000e+00    80.1911    6.76251    34.0134    34.0291    26.6469    1478.66    1477.98 0.0000e+00
       2339     86.000     6.9639     6.9618   3.439544   3.440665     2.4692     0.2775      80.26 4.9504e-02 0.0000e+00    80.1975    6.76076    34.0161    34.0305    26.6489    1478.69    1477.99 0.0000e+00
       2358     87.000     6.9639     6.9621   3.439592   3.440762     2.4685     0.2810      84.70 4.9500e-02 0.0000e+00    80.1852    6.75829    34.0162    34.0308    26.6489    1478.71    1478.00 0.0000e+00
       2389     88.000     6.9655     6.9625   3.439859   3.440839     2.4672     0.3120      88.90 4.9479e-02 0.0000e+00    80.2095    6.75886    34.0170    34.0308    26.6494    1478.73    1478.00 0.0000e+00
       2419     89.000     6.9654     6.9635   3.439908   3.441077     2.4664     0.3320      50.67 4.9480e-02 0.0000e+00    80.1981    6.75569    34.0172    34.0319    26.6495    1478.75    1478.01 0.0000e+00
       2447     90.000     6.9707     6.9686   3.440837   3.441987     2.4651     0.3305      82.32 4.9472e-02 0.0000e+00    80.2016    6.74880    34.0217    34.0364    26.6523    1478.79    1478.02 0.0000e+00
       2479     91.000     6.9723     6.9706   3.441160   3.442334     2.4638     0.2936      84.65 4.9478e-02 0.0000e+00    80.2189    6.74561    34.0231    34.0377    26.6533    1478.81    1478.03 0.0000e+00
       2508     92.000     6.9729     6.9704   3.441317   3.442353     2.4624     0.3661      86.34 4.9484e-02 0.0000e+00    80.1995    6.74332    34.0238    34.0376    26.6537    1478.83    1478.04 0.0000e+00
       2530     93.000     6.9736     6.9720   3.441475   3.442692     2.4621     0.3362      43.98 4.9474e-02 0.0000e+00    80.1769    6.74596    34.0243    34.0393    26.6540    1478.85    1478.05 0.0000e+00
       2548     94.000     6.9734     6.9722   3.441433   3.442677     2.4616     0.3343      99.78 4.9447e-02 0.0000e+00    80.1919    6.74123    34.0236    34.0384    26.6535    1478.87    1478.06 0.0000e+00
       2565     95.000     6.9735     6.9716   3.441466   3.442556     2.4608     0.3041      47.70 4.9456e-02 0.0000e+00    80.2033    6.73411    34.0233    34.0372    26.6533    1478.88    1478.06 0.0000e+00
       2580     96.000     6.9729     6.9714   3.441400   3.442751     2.4597     0.2502      69.71 4.9458e-02 0.0000e+00    80.1887    6.73007    34.0227    34.0390    26.6529    1478.90    1478.07 0.0000e+00
       2594     97.000     6.9929     6.9893   3.444899   3.446183     2.4590     0.2626      94.32 4.9469e-02 0.0000e+00    80.2031    6.72668    34.0409    34.0585    26.6644    1479.01    1478.08 0.0000e+00
       2609     98.000     7.0202     7.0153   3.448828   3.450066     2.4580 -9.990e-29      65.09 4.9485e-02 0.0000e+00    80.2027    6.72433    34.0565    34.0750    26.6730    1479.16    1478.09 0.0000e+00
       2624     99.000     7.0410     7.0424   3.451790   3.453681     2.4578 -9.990e-29      91.84 4.9482e-02 0.0000e+00    80.1941    6.72787    34.0680    34.0873    26.6791    1479.27    1478.11 0.0000e+00
       2640    100.000     7.0490     7.0470   3.452965   3.454121     2.4580 -9.990e-29      97.36 4.9482e-02 0.0000e+00    80.2122    6.72762    34.0724    34.0871    26.6816    1479.32    1478.12 0.0000e+00
       2657    101.000     7.0486     7.0466   3.453000   3.454169     2.4578 -9.990e-29      81.67 4.9488e-02 0.0000e+00    80.2315    6.72110    34.0727    34.0875    26.6819    1479.34    1478.13 0.0000e+00
       2674    102.000     7.0473     7.0459   3.452885   3.454126     2.4569 -9.990e-29      56.45 4.9480e-02 0.0000e+00    80.2553    6.70640    34.0723    34.0873    26.6817    1479.35    1478.14 0.0000e+00
       2726    103.000     7.0362     7.0339   3.451314   3.452365     2.4521     0.2044      69.74 4.9462e-02 0.0000e+00    80.2525    6.69084    34.0655    34.0793    26.6779    1479.31    1478.15 0.0000e+00
       2794    104.000     7.0492     7.0397   3.453281   3.453606     2.4467     0.2847      97.70 4.9491e-02 0.0000e+00    80.2548    6.68633    34.0737    34.0867    26.6826    1479.39    1478.16 0.0000e+00
       2809    105.000     7.0626     7.0583   3.455232   3.456199     2.4471     0.2074      96.26 4.9480e-02 0.0000e+00    80.2541    6.69385    34.0814    34.0963    26.6868    1479.47    1478.18 0.0000e+00
       2825    106.000     7.0675     7.0649   3.456027   3.457233     2.4469     0.2060      98.83 4.9459e-02 0.0000e+00    80.2312    6.69353    34.0848    34.1006    26.6887    1479.51    1478.19 0.0000e+00
       2838    107.000     7.0763     7.0737   3.457410   3.458590     2.4471     0.2491      34.84 4.9460e-02 0.0000e+00    80.2460    6.68946    34.0907    34.1062    26.6922    1479.56    1478.20 0.0000e+00
       2851    108.000     7.0854     7.0829   3.458756   3.459969     2.4467     0.2495      70.06 4.9482e-02 0.0000e+00    80.2562    6.68374    34.0960    34.1118    26.6951    1479.62    1478.22 0.0000e+00
       2864    109.000     7.0890     7.0884   3.459308   3.460762     2.4463     0.2471      90.48 4.9471e-02 0.0000e+00    80.2795    6.67551    34.0980    34.1145    26.6962    1479.65    1478.23 0.0000e+00
       2877    110.000     7.0970     7.0940   3.460429   3.461685     2.4455     0.2440      69.90 4.9482e-02 0.0000e+00    80.2753    6.66783    34.1019    34.1186    26.6981    1479.71    1478.24 0.0000e+00
       2890    111.000     7.1273     7.1221   3.464399   3.465693     2.4444     0.1995      67.85 4.9503e-02 0.0000e+00    80.2769    6.65407    34.1149    34.1342    26.7042    1479.86    1478.26 0.0000e+00
       2902    112.000     7.1596     7.1551   3.468465   3.470004     2.4434     0.1961      98.26 4.9486e-02 0.0000e+00    80.3188    6.64728    34.1270    34.1482    26.7092    1480.01    1478.27 0.0000e+00
       2913    113.000     7.2239     7.2192   3.476271   3.478326     2.4422     0.1884      98.81 4.9485e-02 0.0000e+00    80.3207    6.63409    34.1482    34.1753    26.7170    1480.30    1478.29 0.0000e+00
       2935    114.000     7.2806     7.2759   3.483292   3.483698     2.4411     0.1772      89.88 4.9485e-02 0.0000e+00    80.4029    6.62454    34.1684    34.1774    26.7249    1480.56    1478.31 0.0000e+00
       3002    115.000     7.3859     7.2743   3.496807   3.485781     2.4343     0.2256      74.87 4.9474e-02 0.0000e+00    80.3821    6.55425    34.2111    34.2012    26.7436    1481.04    1478.33 0.0000e+00
       3024    116.000     7.5139     7.4984   3.512681   3.513063     2.4322     0.1592      93.03 4.9461e-02 0.0000e+00    80.4950    6.55741    34.2567    34.2761    26.7613    1481.60    1478.36 0.0000e+00
       3042    117.000     7.7061     7.6830   3.538510   3.539050     2.4313     0.1363      84.71 4.9470e-02 0.0000e+00    80.5913    6.51979    34.3461    34.3747    26.8038    1482.46    1478.40 0.0000e+00
       3061    118.000     7.7555     7.7523   3.548197   3.549514     2.4302     0.1036      79.81 4.9475e-02 0.0000e+00    80.7100    6.50648    34.4014    34.4188    26.8401    1482.74    1478.43 0.0000e+00
       3082    119.000     7.8437     7.8314   3.559832   3.561189     2.4288     0.0572      97.14 4.9503e-02 0.0000e+00    80.8749    6.45995    34.4393    34.4661    26.8569    1483.14    1478.47 0.0000e+00
       3102    120.000     8.0148     8.0061   3.582791   3.584199     2.4236     0.0460      85.65 4.9468e-02 0.0000e+00    80.9808    6.37828    34.5167    34.5404    26.8923    1483.90    1478.52 0.0000e+00
       3120    121.000     8.1075     8.0987   3.598502   3.599960     2.4181     0.0030      29.36 4.9483e-02 0.0000e+00    81.0738    6.33326    34.5931    34.6174    26.9384    1484.36    1478.57 0.0000e+00
       3135    122.000     8.1561     8.1496   3.607230   3.608816     2.4127    -0.0253      68.18 4.9474e-02 0.0000e+00    81.1932    6.28940    34.6380    34.6613    26.9663    1484.61    1478.62 0.0000e+00
       3151    123.000     8.1743     8.1751   3.612202   3.613762     2.4056    -0.0511      98.19 4.9467e-02 0.0000e+00    81.3314    6.23633    34.6726    34.6885    26.9908    1484.74    1478.67 0.0000e+00
       3166    124.000     8.1625     8.1612   3.611461   3.612883     2.3978    -0.0543      31.14 4.9499e-02 0.0000e+00    81.4231    6.18445    34.6759    34.6924    26.9951    1484.72    1478.71 0.0000e+00
       3180    125.000     8.1502     8.1501   3.611411   3.612832     2.3877    -0.0530      74.68 4.9478e-02 0.0000e+00    81.5036    6.13138    34.6870    34.7023    27.0057    1484.70    1478.76 0.0000e+00
       3193    126.000     8.0993     8.1046   3.607847   3.609312     2.3788    -0.0558      89.13 4.9521e-02 0.0000e+00    81.5243    6.09825    34.6988    34.7092    27.0226    1484.54    1478.81 0.0000e+00
       3205    127.000     8.0792     8.0783   3.607035   3.608356     2.3692    -0.0603      89.00 4.9460e-02 0.0000e+00    81.4954    6.06342    34.7095    34.7245    27.0341    1484.49    1478.85 0.0000e+00
       3222    128.000     8.0702     8.0697   3.607480   3.608891     2.3562 -9.990e-29      49.26 4.9473e-02 0.0000e+00    81.5154    6.03042    34.7227    34.7383    27.0458    1484.49    1478.90 0.0000e+00
       3262    129.000     8.0615     8.0562   3.607133   3.606851     2.3321 -9.990e-29      74.59 4.9494e-02 0.0000e+00    81.4696    6.01251    34.7271    34.7293    27.0506    1484.48    1478.94 0.0000e+00
       3309    130.000     8.0604     8.0591   3.607046   3.608501     2.3143 -9.990e-29      80.57 4.9479e-02 0.0000e+00    81.4501    6.00752    34.7268    34.7437    27.0505    1484.49    1478.98 0.0000e+00
       3342    131.000     8.0629     8.0611   3.607721   3.609124     2.3063 -9.990e-29      98.90 4.9488e-02 0.0000e+00    81.4592    6.00686    34.7311    34.7479    27.0535    1484.52    1479.02 0.0000e+00
       3363    132.000     8.0910     8.0839   3.612004   3.613151     2.3032 -9.990e-29      68.02 4.9480e-02 0.0000e+00    81.4490    5.99969    34.7486    34.7679    27.0630    1484.67    1479.07 0.0000e+00
       3379    133.000     8.1030     8.1048   3.613977   3.615529     2.3004 -9.990e-29      73.05 4.9509e-02 0.0000e+00    81.4177    5.99459    34.7574    34.7722    27.0681    1484.74    1479.11 0.0000e+00
       3393    134.000     8.0683     8.0694   3.611244   3.612551     2.2990 -9.990e-29      95.54 4.9448e-02 0.0000e+00    81.4549    5.99873    34.7620    34.7749    27.0770    1484.63    1479.15 0.0000e+00
       3406    135.000     8.0509     8.0496   3.610491   3.611835     2.2972    -0.0677      92.70 4.9472e-02 0.0000e+00    81.4106    5.99057    34.7707    34.7864    27.0864    1484.59    1479.19 0.0000e+00
       3419    136.000     8.0556     8.0532   3.612028   3.613377     2.2953    -0.0706      81.10 4.9503e-02 0.0000e+00    81.4118    5.97446    34.7820    34.7989    27.0946    1484.64    1479.23 0.0000e+00
       3431    137.000     8.0652     8.0613   3.613999   3.615291     2.2927    -0.0606       8.92 4.9477e-02 0.0000e+00    81.4065    5.96131    34.7932    34.8109    27.1019    1484.71    1479.27 0.0000e+00
       3443    138.000     8.0817     8.0776   3.616520   3.617851     2.2905    -0.0716      68.31 4.9485e-02 0.0000e+00    81.3850    5.95413    34.8033    34.8216    27.1074    1484.80    1479.31 0.0000e+00
       3456    139.000     8.0989     8.0949   3.618841   3.620169     2.2881    -0.0641      78.76 4.9496e-02 0.0000e+00    81.4070    5.95298    34.8106    34.8288    27.1105    1484.89    1479.35 0.0000e+00
       3479    140.000     8.1071     8.1051   3.620074   3.621451     2.2854    -0.0643      87.27 4.9473e-02 0.0000e+00    81.4289    5.95553    34.8152    34.8319    27.1129    1484.94    1479.39 0.0000e+00
       3509    141.000     8.1102     8.1084   3.620671   3.622051     2.2825    -0.0673      86.84 4.9494e-02 0.0000e+00    81.4403    5.94301    34.8180    34.8346    27.1146    1484.97    1479.43 0.0000e+00
       3536    142.000     8.1115     8.1097   3.620905   3.622298     2.2790    -0.0711      46.19 4.9484e-02 0.0000e+00    81.4388    5.92950    34.8187    34.8354    27.1150    1485.00    1479.47 0.0000e+00
       3563    143.000     8.1140     8.1123   3.621488   3.622880     2.2756    -0.0718      87.95 4.9471e-02 0.0000e+00    81.4483    5.91865    34.8220    34.8386    27.1172    1485.03    1479.51 0.0000e+00
       3588    144.000     8.1151     8.1137   3.621971   3.623383     2.2729    -0.0682      56.29 4.9490e-02 0.0000e+00    81.4767    5.91600    34.8256    34.8421    27.1199    1485.05    1479.54 0.0000e+00
       3609    145.000     8.1130     8.1116   3.621868   3.623253     2.2706    -0.0742      94.40 4.9466e-02 0.0000e+00    81.4557    5.91067    34.8261    34.8423    27.1206    1485.06    1479.58 0.0000e+00
       3628    146.000     8.1106     8.1086   3.622014   3.623375     2.2690    -0.0770      73.25 4.9498e-02 0.0000e+00    81.4661    5.91070    34.8296    34.8461    27.1237    1485.07    1479.62 0.0000e+00
       3647    147.000     8.1104     8.1092   3.622270   3.623715     2.2677    -0.0767      97.65 4.9468e-02 0.0000e+00    81.4683    5.90933    34.8320    34.8487    27.1256    1485.09    1479.66 0.0000e+00
       3666    148.000     8.1128     8.1109   3.622698   3.624070     2.2662    -0.0726      98.42 4.9461e-02 0.0000e+00    81.4369    5.90720    34.8337    34.8503    27.1266    1485.12    1479.69 0.0000e+00
       3685    149.000     8.1144     8.1122   3.623039   3.624377     2.2654    -0.0704      92.22 4.9485e-02 0.0000e+00    81.4621    5.90503    34.8353    34.8518    27.1276    1485.14    1479.73 0.0000e+00
       3701    150.000     8.1121     8.1105   3.622928   3.624317     2.2641    -0.0700      64.62 4.9495e-02 0.0000e+00    81.4141    5.90033    34.8359    34.8524    27.1284    1485.15    1479.77 0.0000e+00
       3716    151.000     8.0948     8.0952   3.621268   3.622652     2.2633    -0.0709      84.09 4.9491e-02 0.0000e+00    81.4711    5.90157    34.8349    34.8493    27.1302    1485.10    1479.80 0.0000e+00
       3732    152.000     8.0848     8.0833   3.620489   3.621870     2.2622    -0.0706      98.53 4.9474e-02 0.0000e+00    81.4759    5.89710    34.8360    34.8523    27.1326    1485.08    1479.84 0.0000e+00
       3750    153.000     8.0810     8.0796   3.620270   3.621636     2.2607    -0.0681      95.27 4.9467e-02 0.0000e+00    81.4498    5.89441    34.8369    34.8529    27.1339    1485.09    1479.87 0.0000e+00
       3771    154.000     8.0884     8.0851   3.621710   3.623045     2.2596    -0.0673      53.51 4.9472e-02 0.0000e+00    81.4533    5.89373    34.8445    34.8621    27.1387    1485.14    1479.90 0.0000e+00
