_data/ctd/2022603/sta0188.cnv
* Sea-Bird SBE 9 Data File:
* FileName = C:\Seabird\CTDData\sta0188.hex
* Software Version Seasave V 7.21f
* Temperature SN = 6264
* Conductivity SN = 4928
* Number of Bytes Per Scan = 40
* Number of Voltage Words = 5
* Number of Scans Averaged by the Deck Unit = 1
* NMEA Latitude = 61 16.08 N
* NMEA Longitude = 006 38.01 E
* NMEA UTC (Time) = Feb 14 2022 15:22:34
* NMEA baud rate = 4800
** Ship: R/V "Kristine Bonnevie"
** Station: 0188
** Echodepth: 228
** Log: 0752.558
** Wind-Dir/Force: 26 05
** Air-temp (dry): 3.0
** Weather Sky:
** Sea:
** F08
# nquan = 19                                
# nvalues = 216                         
# units = specified
# name 0 = scan: Scan Count
# name 1 = prDM: Pressure, Digiquartz [db]
# name 2 = t068C: Temperature [ITS-68, deg C]
# name 3 = t168C: Temperature, 2 [ITS-68, deg C]
# name 4 = c0S/m: Conductivity [S/m]
# name 5 = c1S/m: Conductivity, 2 [S/m]
# name 6 = sbeox0V: Oxygen raw, SBE 43 [V]
# name 7 = flECO-AFL: Fluorescence, WET Labs ECO-AFL/FL [mg/m^3]
# name 8 = altM: Altimeter [m]
# name 9 = par: PAR/Irradiance, Biospherical/Licor
# name 10 = spar: SPAR/Surface Irradiance
# name 11 = CStarTr0: Beam Transmission, WET Labs C-Star [%]
# name 12 = sbeox0ML/L: Oxygen, SBE 43 [ml/l], WS = 2
# name 13 = sal00: Salinity, Practical [PSU]
# name 14 = sal11: Salinity, Practical, 2 [PSU]
# name 15 = sigma-t00: Density [sigma-t, Kg/m^3 ]
# name 16 = svCM: Sound Velocity [Chen-Millero, m/s]
# name 17 = avgsvCM: Average Sound Velocity [Chen-Millero, m/s], minP = 1, minS = 5
# name 18 = flag: flag
# span 0 =        459,       5277       
# span 1 =      2.000,    217.000       
# span 2 =     4.2405,    10.1072       
# span 3 =     4.2572,    10.1044       
# span 4 =   2.702545,   3.712162       
# span 5 =   2.705778,   3.713826       
# span 6 =     1.8754,     2.4828       
# span 7 =    -0.0987,     0.8467       
# span 8 =      11.61,      99.08       
# span 9 = 4.9452e-02, 1.1832e+01       
# span 10 = 2.5983e+01, 2.5983e+01      
# span 11 =    77.2047,    81.8501      
# span 12 =    4.64689,    7.44347      
# span 13 =    28.2882,    34.9294      
# span 14 =    28.3110,    34.9459      
# span 15 =    22.4304,    27.2416      
# span 16 =    1459.04,    1489.23      
# span 17 =    1459.04,    1483.60      
# span 18 = 0.0000e+00, 0.0000e+00      
# interval = decibars: 1                
# start_time = Feb 14 2022 15:22:36 [System UTC, header]
# bad_flag = -9.990e-29
*END*
        459      2.000     4.2405     4.2572   2.702545   2.705778     2.4622     0.7591      98.82 1.1832e+01 -9.990e-29    79.6958    7.44347    28.2882    28.3110    22.4304    1459.04    1459.04 0.0000e+00
        524      3.000     4.3101     4.3116   2.717110   2.718635     2.4624     0.7558      98.82 9.2413e+00 -9.990e-29    79.3738    7.43787    28.3954    28.4117    22.5093    1459.49    1459.19 0.0000e+00
        571      4.000     4.3710     4.3642   2.732318   2.731013     2.4630     0.7614      98.82 7.3066e+00 -9.990e-29    79.6624    7.42038    28.5172    28.5081    22.6003    1459.92    1459.37 0.0000e+00
        606      5.000     4.3846     4.3724   2.736425   2.734916     2.4642     0.7243      98.82 5.8338e+00 -9.990e-29    79.6400    7.42076    28.5522    28.5454    22.6268    1460.03    1459.50 0.0000e+00
        633      6.000     4.4146     4.4080   2.744044   2.743784     2.4638     0.7203      98.82 4.7582e+00 -9.990e-29    79.6353    7.40073    28.6133    28.6160    22.6725    1460.26    1459.63 0.0000e+00
        659      7.000     4.4664     4.4439   2.755563   2.751613     2.4634     0.7261      98.82 3.9211e+00 -9.990e-29    79.6882    7.39277    28.7000    28.6742    22.7364    1460.60    1459.77 0.0000e+00
        685      8.000     4.4987     4.4726   2.762387   2.758732     2.4640     0.7272      50.80 3.2523e+00 -9.990e-29    79.7028    7.38398    28.7497    28.7305    22.7728    1460.81    1459.90 0.0000e+00
        710      9.000     4.7996     4.7597   2.836718   2.833942     2.4633     0.7597      99.08 2.7204e+00 2.5983e+01    79.7312    7.30716    29.3352    29.3388    23.2076    1462.83    1460.22 0.0000e+00
        733     10.000     4.9571     4.9664   2.875311   2.881272     2.4661     0.7590      98.82 2.3123e+00 2.5983e+01    79.6995    7.31604    29.6344    29.6939    23.4287    1463.88    1460.59 0.0000e+00
        756     11.000     5.1240     5.1161   2.914145   2.915223     2.4704     0.7578      98.82 1.9806e+00 2.5983e+01    79.6702    7.27740    29.9256    29.9449    23.6420    1464.95    1460.98 0.0000e+00
        779     12.000     5.3528     5.3283   2.949048   2.950058     2.4728     0.7597      98.83 1.6957e+00 2.5983e+01    79.7368    7.21379    30.1143    30.1477    23.7669    1466.15    1461.41 0.0000e+00
        800     13.000     5.7614     5.7415   3.006099   3.007652     2.4742     0.8196      98.82 1.4710e+00 2.5983e+01    79.8084    7.14394    30.3864    30.4217    23.9366    1468.17    1461.93 0.0000e+00
        822     14.000     6.0301     6.0127   3.049647   3.051153     2.4785     0.8467      98.83 1.2797e+00 2.5983e+01    79.8495    7.12284    30.6284    30.6608    24.0966    1469.57    1462.47 0.0000e+00
        843     15.000     6.0888     6.0859   3.068602   3.069849     2.4828     0.8127      98.82 1.1172e+00 2.5983e+01    79.8729    7.09160    30.7851    30.8016    24.2133    1470.02    1462.97 0.0000e+00
        865     16.000     6.1514     6.1473   3.077417   3.078451     2.4828     0.7459      98.82 9.8030e-01 2.5983e+01    80.0540    7.01082    30.8255    30.8407    24.2378    1470.34    1463.43 0.0000e+00
        887     17.000     6.3105     6.2913   3.098702   3.099972     2.4775     0.7060      98.83 8.6090e-01 2.5983e+01    80.2250    6.91459    30.9159    30.9474    24.2899    1471.10    1463.88 0.0000e+00
        909     18.000     6.5974     6.5865   3.133666   3.135102     2.4711     0.6793      98.82 7.6372e-01 2.5983e+01    80.3226    6.85692    31.0395    31.0652    24.3520    1472.41    1464.35 0.0000e+00
        931     19.000     6.7619     6.7504   3.152265   3.153458     2.4683     0.6291      98.83 6.7943e-01 -9.990e-29    80.4404    6.84278    31.0933    31.1168    24.3736    1473.14    1464.81 0.0000e+00
        953     20.000     6.9811     6.9533   3.177246   3.177613     2.4654     0.6270      98.82 6.1275e-01 -9.990e-29    80.6178    6.78620    31.1662    31.1954    24.4028    1474.11    1465.27 0.0000e+00
        976     21.000     7.1637     7.1586   3.196684   3.197923     2.4618     0.5783      98.82 5.4744e-01 -9.990e-29    80.7261    6.74227    31.2112    31.2292    24.4143    1474.90    1465.73 0.0000e+00
        998     22.000     7.1518     7.1505   3.196687   3.197773     2.4590     0.5179      98.83 4.9445e-01 -9.990e-29    80.7682    6.72171    31.2215    31.2345    24.4240    1474.88    1466.14 0.0000e+00
       1020     23.000     7.1623     7.1632   3.200631   3.201880     2.4530     0.4894      98.82 4.4440e-01 -9.990e-29    80.7843    6.66344    31.2542    31.2669    24.4483    1474.98    1466.53 0.0000e+00
       1042     24.000     7.1645     7.1519   3.205646   3.206889     2.4453     0.4594      47.15 4.0443e-01 -9.990e-29    80.8422    6.62576    31.3060    31.3309    24.4888    1475.07    1466.88 0.0000e+00
       1063     25.000     7.4488     7.4362   3.239088   3.240286     2.4374     0.4202      85.86 3.6472e-01 -9.990e-29    80.8670    6.57919    31.4084    31.4327    24.5312    1476.31    1467.25 0.0000e+00
       1085     26.000     7.1689     7.1953   3.216633   3.217810     2.4352     0.3833      98.83 3.3539e-01 -9.990e-29    80.9089    6.66096    31.4199    31.4086    24.5778    1475.26    1467.56 0.0000e+00
       1106     27.000     7.5942     7.5482   3.282064   3.283790     2.4321     0.3535      73.64 3.0339e-01 2.5983e+01    80.9159    6.52238    31.7364    31.7969    24.7689    1477.31    1467.92 0.0000e+00
       1128     28.000     8.0847     8.0490   3.344439   3.344390     2.4256     0.3218      56.99 2.7551e-01 2.5983e+01    80.9768    6.48273    31.9531    31.9852    24.8699    1479.47    1468.33 0.0000e+00
       1149     29.000     8.3923     8.3763   3.382371   3.384326     2.4313     0.2730      98.75 2.5022e-01 2.5983e+01    81.0495    6.51465    32.0729    32.1081    24.9189    1480.80    1468.76 0.0000e+00
       1171     30.000     8.3741     8.3803   3.391824   3.393572     2.4361     0.1995      60.19 2.3124e-01 2.5983e+01    81.0759    6.46556    32.1885    32.2013    25.0122    1480.89    1469.16 0.0000e+00
       1192     31.000     8.9934     8.9444   3.488098   3.493897     2.4313     0.1391      24.14 2.1232e-01 2.5983e+01    81.1166    6.25580    32.6279    32.7332    25.2624    1483.76    1469.62 0.0000e+00
       1213     32.000     9.7022     9.6843   3.590474   3.592502     2.4230     0.1103      53.31 1.9607e-01 2.5983e+01    81.0686    6.16375    33.0321    33.0693    25.4653    1486.87    1470.16 0.0000e+00
       1234     33.000     9.9099     9.8905   3.631899   3.633511     2.4260     0.0819      75.54 1.8635e-01 2.5983e+01    80.9898    6.15701    33.2634    33.2978    25.6116    1487.93    1470.69 0.0000e+00
       1255     34.000    10.0865    10.0818   3.668196   3.669994     2.4205     0.0515      98.95 1.7257e-01 2.5983e+01    80.9396    5.99463    33.4691    33.4917    25.7424    1488.83    1471.22 0.0000e+00
       1276     35.000    10.0651    10.0627   3.677419   3.679211     2.4038    -0.0148      72.02 1.6002e-01 2.5983e+01    80.8549    5.83178    33.5821    33.6026    25.8343    1488.91    1471.72 0.0000e+00
       1297     36.000    10.1072    10.1044   3.690879   3.692598     2.3771    -0.0208      98.88 1.4569e-01 2.5983e+01    80.8267    5.67423    33.6793    33.6994    25.9030    1489.19    1472.20 0.0000e+00
       1319     37.000    10.0794    10.0797   3.696683   3.698375     2.3483    -0.0347      59.59 1.3569e-01 2.5983e+01    80.8248    5.59201    33.7638    33.7807    25.9736    1489.21    1472.65 0.0000e+00
       1340     38.000    10.0577    10.0574   3.700380   3.702044     2.3218    -0.0505      36.19 1.2781e-01 2.5983e+01    80.8132    5.52919    33.8212    33.8384    26.0221    1489.22    1473.08 0.0000e+00
       1361     39.000    10.0317    10.0315   3.704795   3.706465     2.2974    -0.0599      52.95 1.1878e-01 2.5983e+01    80.7206    5.48183    33.8900    33.9072    26.0803    1489.23    1473.49 0.0000e+00
       1383     40.000    10.0060    10.0056   3.708651   3.710290     2.2759    -0.0559      96.94 1.1348e-01 2.5983e+01    80.6611    5.45393    33.9530    33.9701    26.1338    1489.23    1473.88 0.0000e+00
       1405     41.000     9.9763     9.9762   3.710265   3.711914     2.2588    -0.0606      67.73 1.0500e-01 2.5983e+01    80.5758    5.44091    33.9970    34.0139    26.1731    1489.19    1474.25 0.0000e+00
       1426     42.000     9.9537     9.9533   3.712162   3.713826     2.2453 -9.990e-29      56.09 9.4925e-02 2.5983e+01    80.4142    5.43489    34.0372    34.0545    26.2083    1489.17    1474.60 0.0000e+00
       1448     43.000     9.9247     9.9234   3.711682   3.713285     2.2348 -9.990e-29      66.57 8.9040e-02 2.5983e+01    80.1762    5.43375    34.0592    34.0768    26.2304    1489.11    1474.94 0.0000e+00
       1469     44.000     9.8896     9.8894   3.711108   3.712740     2.2268 -9.990e-29      52.12 8.4638e-02 2.5983e+01    79.9138    5.43690    34.0860    34.1029    26.2573    1489.04    1475.25 0.0000e+00
       1490     45.000     9.8751     9.8735   3.710913   3.712536     2.2213 -9.990e-29      74.64 7.8116e-02 2.5983e+01    79.6077    5.44391    34.0973    34.1154    26.2685    1489.01    1475.56 0.0000e+00
       1512     46.000     9.8640     9.8630   3.710550   3.712153     2.2173 -9.990e-29      51.00 7.3941e-02 2.5983e+01    79.3173    5.45067    34.1036    34.1209    26.2753    1489.00    1475.85 0.0000e+00
       1534     47.000     9.8159     9.8172   3.709334   3.710926     2.2151 -9.990e-29      98.33 6.7669e-02 2.5983e+01    79.0092    5.45890    34.1362    34.1513    26.3089    1488.88    1476.12 0.0000e+00
       1555     48.000     9.7654     9.7657   3.707522   3.709115     2.2131 -9.990e-29      89.40 6.5190e-02 2.5983e+01    78.7435    5.45431    34.1651    34.1812    26.3399    1488.75    1476.38 0.0000e+00
       1576     49.000     9.7378     9.7370   3.706460   3.708058     2.2100 -9.990e-29      95.26 6.2467e-02 2.5983e+01    78.5336    5.43931    34.1800    34.1971    26.3561    1488.68    1476.63 0.0000e+00
       1598     50.000     9.7174     9.7170   3.705734   3.707326     2.2065    -0.0558      83.79 5.9918e-02 2.5983e+01    78.3481    5.43052    34.1914    34.2082    26.3685    1488.64    1476.87 0.0000e+00
       1619     51.000     9.6714     9.6723   3.703788   3.705356     2.2033    -0.0558      93.12 5.4928e-02 2.5983e+01    78.1522    5.42930    34.2147    34.2300    26.3943    1488.52    1477.10 0.0000e+00
       1641     52.000     9.6408     9.6397   3.702612   3.704197     2.2004    -0.0558      59.24 5.5877e-02 2.5983e+01    78.0114    5.42406    34.2313    34.2487    26.4124    1488.44    1477.31 0.0000e+00
       1663     53.000     9.6057     9.6066   3.700586   3.702191     2.1973    -0.0558      87.29 5.2929e-02 2.5983e+01    77.8491    5.42077    34.2435    34.2591    26.4277    1488.35    1477.52 0.0000e+00
       1685     54.000     9.5606     9.5623   3.697245   3.698822     2.1947    -0.0574      54.84 5.0733e-02 2.5983e+01    77.7231    5.42405    34.2516    34.2662    26.4415    1488.21    1477.72 0.0000e+00
       1707     55.000     9.5098     9.5103   3.694337   3.695902     2.1927    -0.0696      86.74 4.9470e-02 2.5983e+01    77.6112    5.42570    34.2697    34.2853    26.4640    1488.06    1477.90 0.0000e+00
       1728     56.000     9.4786     9.4781   3.692127   3.693673     2.1902    -0.0558      45.19 4.9566e-02 2.5983e+01    77.5094    5.41658    34.2762    34.2927    26.4742    1487.98    1478.08 0.0000e+00
       1750     57.000     9.4567     9.4568   3.690797   3.692343     2.1876    -0.0558      87.31 4.9465e-02 2.5983e+01    77.4063    5.41484    34.2829    34.2988    26.4831    1487.92    1478.25 0.0000e+00
       1772     58.000     9.4037     9.4047   3.686843   3.688378     2.1853    -0.0572      98.92 4.9458e-02 2.5983e+01    77.2976    5.40952    34.2923    34.3073    26.4991    1487.76    1478.42 0.0000e+00
       1793     59.000     9.3706     9.3697   3.685239   3.686779     2.1822    -0.0787      85.72 4.9477e-02 2.5983e+01    77.2284    5.39541    34.3070    34.3238    26.5160    1487.67    1478.57 0.0000e+00
       1815     60.000     9.3565     9.3558   3.685431   3.686948     2.1781 -9.990e-29      98.89 4.9452e-02 2.5983e+01    77.2074    5.37655    34.3220    34.3384    26.5301    1487.65    1478.72 0.0000e+00
       1837     61.000     9.3301     9.3297   3.685172   3.686697     2.1736 -9.990e-29      88.54 4.9496e-02 2.5983e+01    77.2047    5.36264    34.3442    34.3605    26.5517    1487.60    1478.87 0.0000e+00
       1858     62.000     9.2942     9.2952   3.683345   3.684877     2.1695 -9.990e-29      34.31 4.9490e-02 2.5983e+01    77.2398    5.35878    34.3593    34.3743    26.5694    1487.50    1479.00 0.0000e+00
       1880     63.000     9.2585     9.2582   3.681491   3.683013     2.1654 -9.990e-29      97.12 4.9505e-02 2.5983e+01    77.2978    5.35508    34.3740    34.3901    26.5866    1487.41    1479.14 0.0000e+00
       1902     64.000     9.2421     9.2408   3.680794   3.682313     2.1620    -0.0567      96.70 4.9470e-02 2.5983e+01    77.3622    5.34976    34.3820    34.3991    26.5956    1487.37    1479.27 0.0000e+00
       1924     65.000     9.2210     9.2210   3.679220   3.680704     2.1591    -0.0558      96.51 4.9490e-02 2.5983e+01    77.4361    5.34813    34.3855    34.4010    26.6018    1487.32    1479.39 0.0000e+00
       1945     66.000     9.1981     9.1974   3.677912   3.679382     2.1562    -0.0558      94.30 4.9477e-02 2.5983e+01    77.5296    5.34203    34.3935    34.4095    26.6117    1487.26    1479.51 0.0000e+00
       1967     67.000     9.1774     9.1767   3.676718   3.678221     2.1533    -0.0558      94.75 4.9485e-02 2.5983e+01    77.6276    5.33687    34.4006    34.4169    26.6206    1487.21    1479.62 0.0000e+00
       1988     68.000     9.1392     9.1394   3.673731   3.675193     2.1507    -0.0558      88.98 4.9458e-02 2.5983e+01    77.7363    5.33375    34.4059    34.4209    26.6309    1487.09    1479.73 0.0000e+00
       2010     69.000     9.1162     9.1150   3.672266   3.673752     2.1477    -0.0577      90.38 4.9458e-02 2.5983e+01    77.8476    5.32005    34.4123    34.4290    26.6396    1487.03    1479.84 0.0000e+00
       2032     70.000     9.0863     9.0869   3.670208   3.671679     2.1442    -0.0856      98.07 4.9498e-02 2.5983e+01    77.9459    5.30987    34.4193    34.4340    26.6499    1486.95    1479.94 0.0000e+00
       2054     71.000     9.0495     9.0494   3.667866   3.669346     2.1401    -0.0640      46.90 4.9464e-02 2.5983e+01    78.0220    5.29428    34.4299    34.4455    26.6641    1486.84    1480.03 0.0000e+00
       2075     72.000     9.0344     9.0328   3.667347   3.668844     2.1357    -0.0558      79.19 4.9477e-02 2.5983e+01    78.0797    5.27950    34.4386    34.4558    26.6734    1486.81    1480.13 0.0000e+00
       2097     73.000     9.0234     9.0240   3.667840   3.669307     2.1309    -0.0675      98.97 4.9479e-02 2.5983e+01    78.1505    5.26184    34.4540    34.4687    26.6872    1486.81    1480.22 0.0000e+00
       2119     74.000     8.9571     8.9583   3.662964   3.664408     2.1260    -0.0810      91.54 4.9481e-02 2.5983e+01    78.2515    5.25292    34.4667    34.4807    26.7077    1486.59    1480.30 0.0000e+00
       2141     75.000     8.9074     8.9067   3.659891   3.661314     2.1209    -0.0558      98.79 4.9492e-02 2.5983e+01    78.3658    5.25076    34.4823    34.4979    26.7278    1486.45    1480.39 0.0000e+00
       2163     76.000     8.8913     8.8911   3.659950   3.661376     2.1173    -0.0558      88.16 4.9477e-02 2.5983e+01    78.4951    5.24559    34.4981    34.5132    26.7427    1486.42    1480.46 0.0000e+00
       2184     77.000     8.8598     8.8589   3.658638   3.660086     2.1134    -0.0572      98.70 4.9483e-02 2.5983e+01    78.5781    5.23285    34.5145    34.5306    26.7606    1486.34    1480.54 0.0000e+00
