_data/ctd/2022603/sta0193.cnv
* Sea-Bird SBE 9 Data File:
* FileName = C:\Seabird\CTDData\sta0193.hex
* Software Version Seasave V 7.21f
* Temperature SN = 6264
* Conductivity SN = 4928
* Number of Bytes Per Scan = 40
* Number of Voltage Words = 5
* Number of Scans Averaged by the Deck Unit = 1
* NMEA Latitude = 61 21.25 N
* NMEA Longitude = 006 43.94 E
* NMEA UTC (Time) = Feb 14 2022 18:23:23
* NMEA baud rate = 4800
** Ship: R/V "Kristine Bonnevie"
** Station: 0193
** Echodepth: 169
** Log: 0765.766
** Wind-Dir/Force: 01 11
** Air-temp (dry): 6.1
** Weather Sky:
** Sea:
** F05
# nquan = 19                                
# nvalues = 166                         
# units = specified
# name 0 = scan: Scan Count
# name 1 = prDM: Pressure, Digiquartz [db]
# name 2 = t068C: Temperature [ITS-68, deg C]
# name 3 = t168C: Temperature, 2 [ITS-68, deg C]
# name 4 = c0S/m: Conductivity [S/m]
# name 5 = c1S/m: Conductivity, 2 [S/m]
# name 6 = sbeox0V: Oxygen raw, SBE 43 [V]
# name 7 = flECO-AFL: Fluorescence, WET Labs ECO-AFL/FL [mg/m^3]
# name 8 = altM: Altimeter [m]
# name 9 = par: PAR/Irradiance, Biospherical/Licor
# name 10 = spar: SPAR/Surface Irradiance
# name 11 = CStarTr0: Beam Transmission, WET Labs C-Star [%]
# name 12 = sbeox0ML/L: Oxygen, SBE 43 [ml/l], WS = 2
# name 13 = sal00: Salinity, Practical [PSU]
# name 14 = sal11: Salinity, Practical, 2 [PSU]
# name 15 = sigma-t00: Density [sigma-t, Kg/m^3 ]
# name 16 = svCM: Sound Velocity [Chen-Millero, m/s]
# name 17 = avgsvCM: Average Sound Velocity [Chen-Millero, m/s], minP = 1, minS = 5
# name 18 = flag: flag
# span 0 =        310,       4727       
# span 1 =      2.000,    167.000       
# span 2 =     4.2425,    10.0969       
# span 3 =     4.2529,    10.0991       
# span 4 =   2.745113,   3.695233       
# span 5 =   2.738261,   3.696913       
# span 6 =     1.8206,     2.4751       
# span 7 =    -0.0979,     1.0476       
# span 8 =       8.41,      99.66       
# span 9 = 4.9376e-02, 8.7776e-01       
# span 10 = 0.0000e+00, 0.0000e+00      
# span 11 =    79.1215,    81.0988      
# span 12 =    4.43448,    7.38402      
# span 13 =    28.7280,    34.8392      
# span 14 =    28.6891,    34.8563      
# span 15 =    22.7741,    27.1403      
# span 16 =    1459.75,    1489.06      
# span 17 =    1459.85,    1483.07      
# span 18 = 0.0000e+00, 0.0000e+00      
# interval = decibars: 1                
# start_time = Feb 14 2022 18:23:26 [System UTC, header]
# bad_flag = -9.990e-29
*END*
        310      2.000     4.2989     4.2529   2.745113   2.738261     2.4554     1.0476      98.81 8.7776e-01 0.0000e+00    79.5450    7.38402    28.7280    28.6891    22.7741    1459.85    1459.85 0.0000e+00
        402      3.000     4.4198     4.4549   2.755838   2.760814     2.4547     0.9335      98.81 5.5013e-01 0.0000e+00    79.5061    7.37424    28.7456    28.7721    22.7769    1460.40    1460.03 0.0000e+00
        474      4.000     4.4712     4.4779   2.765495   2.766443     2.4583     0.9589      98.82 3.5758e-01 0.0000e+00    79.5437    7.36832    28.8112    28.8162    22.8241    1460.71    1460.20 0.0000e+00
        526      5.000     4.2425     4.2593   2.747261   2.748522     2.4553     0.9711      98.82 2.8061e-01 0.0000e+00    79.4634    7.35612    28.8007    28.8005    22.8369    1459.75    1460.11 0.0000e+00
        567      6.000     4.6130     4.5615   2.786968   2.784406     2.4504     0.9143      98.81 2.6469e-01 0.0000e+00    79.5647    7.31342    28.9324    28.9481    22.9068    1461.49    1460.34 0.0000e+00
        601      7.000     4.8391     4.7938   2.820636   2.817011     2.4578     0.8645      98.82 1.7739e-01 0.0000e+00    79.5764    7.35942    29.1182    29.1166    23.0319    1462.69    1460.68 0.0000e+00
        629      8.000     4.9875     4.9812   2.848148   2.849232     2.4635     0.8529      98.81 1.4812e-01 0.0000e+00    79.5827    7.30651    29.3000    29.3178    23.1609    1463.55    1461.04 0.0000e+00
        654      9.000     5.1119     5.0913   2.865716   2.864066     2.4657     0.8321      98.81 1.1308e-01 0.0000e+00    79.6308    7.26622    29.3890    29.3885    23.2187    1464.19    1461.39 0.0000e+00
        679     10.000     5.2372     5.2254   2.887976   2.889244     2.4673     0.8245      98.82 9.5245e-02 0.0000e+00    79.6345    7.21732    29.5295    29.5543    23.3168    1464.90    1461.74 0.0000e+00
        704     11.000     5.3881     5.3833   2.916293   2.916835     2.4666     0.8335      98.82 7.1826e-02 0.0000e+00    79.6988    7.17803    29.7145    29.7249    23.4470    1465.77    1462.10 0.0000e+00
        729     12.000     5.5201     5.4811   2.946890   2.944587     2.4669     0.8745      98.82 6.1920e-02 0.0000e+00    79.6702    7.13605    29.9404    29.9493    23.6112    1466.61    1462.48 0.0000e+00
        755     13.000     5.9875     5.9542   3.023489   3.022375     2.4657     0.8507      98.81 5.6460e-02 0.0000e+00    79.7906    7.04927    30.3768    30.3943    23.9031    1469.07    1462.98 0.0000e+00
        781     14.000     6.2218     6.1914   3.057116   3.056853     2.4701     0.7961      98.81 5.1758e-02 0.0000e+00    79.8670    7.04467    30.5384    30.5628    24.0029    1470.22    1463.50 0.0000e+00
        806     15.000     6.6566     6.6285   3.113936   3.114298     2.4724     0.8044      98.82 4.9431e-02 0.0000e+00    79.9526    6.94644    30.7715    30.8007    24.1335    1472.26    1464.08 0.0000e+00
        830     16.000     6.8074     6.7874   3.136491   3.136904     2.4751     0.8018      98.81 4.9462e-02 0.0000e+00    80.1453    6.91685    30.8816    30.9041    24.2011    1473.01    1464.63 0.0000e+00
        853     17.000     7.0323     7.0202   3.166537   3.167616     2.4745     0.7231      98.82 4.9482e-02 0.0000e+00    80.3342    6.82941    31.0052    31.0278    24.2695    1474.06    1465.18 0.0000e+00
        876     18.000     7.0955     7.0928   3.174738   3.175886     2.4714     0.6232      98.82 4.9481e-02 0.0000e+00    80.4630    6.78377    31.0367    31.0516    24.2860    1474.36    1465.69 0.0000e+00
        898     19.000     7.1073     7.1017   3.179714   3.180501     2.4666     0.6527      98.81 4.9481e-02 0.0000e+00    80.6316    6.73846    31.0795    31.0931    24.3181    1474.48    1466.15 0.0000e+00
        918     20.000     7.1708     7.1645   3.190875   3.191859     2.4605     0.5310      98.82 4.9472e-02 0.0000e+00    80.7174    6.69292    31.1425    31.1588    24.3593    1474.82    1466.58 0.0000e+00
        938     21.000     7.2093     7.2038   3.197762   3.198783     2.4541     0.4685      98.82 4.9453e-02 0.0000e+00    80.7714    6.67043    31.1817    31.1977    24.3851    1475.04    1466.98 0.0000e+00
        958     22.000     7.2748     7.2660   3.206659   3.207560     2.4490     0.4451      98.82 4.9467e-02 0.0000e+00    80.8165    6.65138    31.2181    31.2357    24.4050    1475.35    1467.36 0.0000e+00
        978     23.000     7.3539     7.3444   3.219140   3.219877     2.4440     0.4403      98.81 4.9460e-02 0.0000e+00    80.8670    6.62941    31.2807    31.2972    24.4436    1475.75    1467.72 0.0000e+00
        998     24.000     7.5058     7.4879   3.240335   3.240997     2.4403     0.4113      85.42 4.9467e-02 0.0000e+00    80.8789    6.60089    31.3707    31.3940    24.4938    1476.47    1468.09 0.0000e+00
       1019     25.000     7.5854     7.5812   3.251527   3.252609     2.4372     0.4071      95.55 4.9467e-02 0.0000e+00    80.9163    6.59129    31.4182    31.4336    24.5202    1476.85    1468.43 0.0000e+00
       1039     26.000     7.6465     7.6416   3.262159   3.263292     2.4355     0.3698      98.83 4.9453e-02 0.0000e+00    80.9376    6.57134    31.4763    31.4928    24.5574    1477.18    1468.77 0.0000e+00
       1059     27.000     7.4978     7.5038   3.253729   3.254784     2.4320     0.3192      97.80 4.9459e-02 0.0000e+00    80.9897    6.55884    31.5202    31.5261    24.6124    1476.67    1469.06 0.0000e+00
       1079     28.000     7.7843     7.7473   3.289789   3.289964     2.4266     0.2802      84.19 4.9453e-02 0.0000e+00    81.0043    6.47545    31.6455    31.6810    24.6711    1477.95    1469.38 0.0000e+00
       1100     29.000     8.0130     7.9968   3.317315   3.318215     2.4215     0.2525      98.86 4.9460e-02 0.0000e+00    81.0538    6.46398    31.7304    31.7546    24.7054    1478.94    1469.70 0.0000e+00
       1120     30.000     9.1514     9.0146   3.498499   3.495966     2.4222     0.2130      41.68 4.9465e-02 0.0000e+00    81.0879    6.31654    32.5915    32.6906    25.2092    1484.29    1470.18 0.0000e+00
       1140     31.000     9.8930     9.8695   3.617742   3.618799     2.4273     0.1826      88.53 4.9460e-02 0.0000e+00    80.9781    6.30901    33.1357    33.1680    25.5146    1487.68    1470.74 0.0000e+00
       1161     32.000    10.0957    10.0807   3.661913   3.662994     2.4463     0.1468      37.15 4.9464e-02 0.0000e+00    80.7050    6.29274    33.3977    33.4225    25.6852    1488.74    1471.30 0.0000e+00
       1184     33.000    10.0969    10.0991   3.685704   3.687099     2.4436     0.0412      99.66 4.9469e-02 0.0000e+00    80.3095    6.02937    33.6377    33.6498    25.8723    1489.06    1471.83 0.0000e+00
       1207     34.000    10.0222    10.0269   3.692691   3.694366     2.4156     0.0092      50.19 4.9480e-02 0.0000e+00    80.0707    5.75696    33.7779    33.7906    25.9944    1488.97    1472.33 0.0000e+00
       1230     35.000     9.9539     9.9572   3.693743   3.695403     2.3751    -0.0167      87.60 4.9452e-02 0.0000e+00    79.8535    5.56677    33.8522    33.8660    26.0638    1488.83    1472.79 0.0000e+00
       1253     36.000     9.9006     9.9027   3.694084   3.695758     2.3333    -0.0453      59.90 4.9469e-02 0.0000e+00    79.7053    5.45558    33.9052    33.9204    26.1142    1488.72    1473.23 0.0000e+00
       1276     37.000     9.8571     9.8582   3.694821   3.696455     2.2961    -0.0556      91.30 4.9463e-02 0.0000e+00    79.7179    5.39262    33.9532    33.9689    26.1590    1488.64    1473.64 0.0000e+00
       1298     38.000     9.8263     9.8273   3.695233   3.696913     2.2646    -0.0543      75.24 4.9452e-02 0.0000e+00    79.6885    5.35811    33.9861    34.0023    26.1898    1488.59    1474.03 0.0000e+00
       1321     39.000     9.7592     9.7628   3.692759   3.694465     2.2400    -0.0545      88.69 4.9457e-02 0.0000e+00    79.6881    5.34379    34.0236    34.0377    26.2304    1488.41    1474.40 0.0000e+00
       1344     40.000     9.7251     9.7243   3.691224   3.692859     2.2201    -0.0660      80.16 4.9463e-02 0.0000e+00    79.8053    5.33176    34.0397    34.0572    26.2486    1488.32    1474.74 0.0000e+00
       1367     41.000     9.7078     9.7072   3.690467   3.692100     2.2047    -0.0664      85.26 4.9463e-02 0.0000e+00    79.9333    5.32792    34.0478    34.0652    26.2578    1488.28    1475.07 0.0000e+00
       1390     42.000     9.6988     9.6972   3.690372   3.692082     2.1926    -0.0703      98.81 4.9439e-02 0.0000e+00    79.9591    5.31915    34.0549    34.0740    26.2649    1488.28    1475.38 0.0000e+00
       1413     43.000     9.7009     9.6994   3.690841   3.692563     2.1837    -0.0726      88.39 4.9469e-02 0.0000e+00    79.9875    5.31372    34.0573    34.0764    26.2664    1488.30    1475.68 0.0000e+00
       1437     44.000     9.6880     9.6870   3.690512   3.692118     2.1759    -0.0702      98.75 4.9450e-02 0.0000e+00    80.0201    5.30668    34.0657    34.0831    26.2751    1488.28    1475.96 0.0000e+00
       1460     45.000     9.6789     9.6759   3.692181   3.693780     2.1700    -0.0702      94.69 4.9462e-02 0.0000e+00    80.0098    5.30317    34.0910    34.1103    26.2964    1488.30    1476.24 0.0000e+00
       1485     46.000     9.6548     9.6575   3.692875   3.694578     2.1653    -0.0640      42.69 4.9472e-02 0.0000e+00    80.0346    5.30765    34.1205    34.1355    26.3235    1488.26    1476.50 0.0000e+00
       1509     47.000     9.6032     9.6039   3.689971   3.691651     2.1624    -0.0680      88.53 4.9468e-02 0.0000e+00    80.2610    5.31411    34.1392    34.1559    26.3466    1488.11    1476.74 0.0000e+00
       1534     48.000     9.5964     9.5944   3.690060   3.691669     2.1602    -0.0653      47.44 4.9450e-02 0.0000e+00    80.5026    5.31571    34.1462    34.1646    26.3532    1488.11    1476.98 0.0000e+00
       1558     49.000     9.5790     9.5792   3.689152   3.690780     2.1586    -0.0718      75.08 4.9456e-02 0.0000e+00    80.6058    5.31885    34.1529    34.1695    26.3613    1488.08    1477.20 0.0000e+00
       1582     50.000     9.5538     9.5526   3.688075   3.689658     2.1577    -0.0704      98.99 4.9457e-02 0.0000e+00    80.7055    5.31958    34.1653    34.1828    26.3752    1488.02    1477.42 0.0000e+00
       1605     51.000     9.5489     9.5474   3.688535   3.690155     2.1563    -0.0752      81.15 4.9482e-02 0.0000e+00    80.7767    5.31392    34.1743    34.1924    26.3830    1488.02    1477.62 0.0000e+00
       1628     52.000     9.5169     9.5183   3.686704   3.688385     2.1550    -0.0740      75.06 4.9481e-02 0.0000e+00    80.8167    5.31574    34.1854    34.2015    26.3970    1487.94    1477.82 0.0000e+00
       1651     53.000     9.4713     9.4746   3.683686   3.685373     2.1539    -0.0784      83.81 4.9477e-02 0.0000e+00    80.8764    5.31725    34.1973    34.2116    26.4137    1487.80    1478.01 0.0000e+00
       1673     54.000     9.4279     9.4275   3.680524   3.682145     2.1524    -0.0730      29.47 4.9481e-02 0.0000e+00    80.8742    5.30996    34.2056    34.2228    26.4273    1487.67    1478.18 0.0000e+00
       1695     55.000     9.4107     9.4097   3.679723   3.681301     2.1501    -0.0721      98.40 4.9471e-02 0.0000e+00    80.8751    5.30084    34.2133    34.2306    26.4362    1487.63    1478.36 0.0000e+00
       1718     56.000     9.3826     9.3843   3.677990   3.679607     2.1475    -0.0756      32.78 4.9471e-02 0.0000e+00    80.8060    5.28817    34.2218    34.2369    26.4474    1487.56    1478.52 0.0000e+00
       1740     57.000     9.3197     9.3228   3.673628   3.675279     2.1437    -0.0720      99.61 4.9464e-02 0.0000e+00    80.7987    5.27198    34.2363    34.2505    26.4690    1487.36    1478.67 0.0000e+00
       1762     58.000     9.2553     9.2600   3.668248   3.669981     2.1390    -0.0694      44.01 4.9481e-02 0.0000e+00    80.8344    5.25899    34.2417    34.2552    26.4837    1487.15    1478.82 0.0000e+00
       1785     59.000     9.2102     9.2095   3.663984   3.665566     2.1339    -0.0701      79.62 4.9457e-02 0.0000e+00    80.8367    5.24400    34.2402    34.2573    26.4898    1487.00    1478.96 0.0000e+00
       1808     60.000     9.1936     9.1931   3.663476   3.665038     2.1281    -0.0713      55.40 4.9500e-02 0.0000e+00    80.7412    5.21939    34.2504    34.2671    26.5004    1486.97    1479.09 0.0000e+00
       1832     61.000     9.1628     9.1629   3.661765   3.663319     2.1210    -0.0740      90.76 4.9450e-02 0.0000e+00    80.6486    5.18463    34.2617    34.2778    26.5142    1486.89    1479.22 0.0000e+00
       1855     62.000     9.1215     9.1221   3.658270   3.659829     2.1122    -0.0723      75.13 4.9473e-02 0.0000e+00    80.6144    5.15352    34.2645    34.2802    26.5231    1486.75    1479.34 0.0000e+00
       1879     63.000     9.1157     9.1131   3.658382   3.659904     2.1036    -0.0682      94.89 4.9487e-02 0.0000e+00    80.5730    5.12876    34.2708    34.2892    26.5289    1486.76    1479.45 0.0000e+00
       1903     64.000     9.0990     9.0987   3.658026   3.659542     2.0950    -0.0707      73.00 4.9468e-02 0.0000e+00    80.4673    5.10448    34.2827    34.2988    26.5409    1486.73    1479.57 0.0000e+00
       1926     65.000     9.0852     9.0843   3.657893   3.659432     2.0866    -0.0677      98.50 4.9469e-02 0.0000e+00    80.4316    5.08198    34.2941    34.3110    26.5521    1486.71    1479.68 0.0000e+00
       1949     66.000     9.0729     9.0719   3.657425   3.658951     2.0790    -0.0677      41.63 4.9469e-02 0.0000e+00    80.4584    5.07362    34.3006    34.3175    26.5591    1486.69    1479.78 0.0000e+00
       1972     67.000     9.0381     9.0387   3.655501   3.657028     2.0739    -0.0713      92.57 4.9469e-02 0.0000e+00    80.5337    5.08431    34.3136    34.3290    26.5749    1486.59    1479.88 0.0000e+00
       1994     68.000     9.0083     9.0092   3.653356   3.654903     2.0703    -0.0979      37.16 4.9477e-02 0.0000e+00    80.5905    5.08768    34.3194    34.3348    26.5842    1486.50    1479.98 0.0000e+00
       2016     69.000     8.9675     8.9680   3.650969   3.652481     2.0676    -0.0760      94.26 4.9464e-02 0.0000e+00    80.6529    5.08785    34.3334    34.3487    26.6016    1486.39    1480.07 0.0000e+00
       2038     70.000     8.9463     8.9455   3.649996   3.651515     2.0646    -0.0646      48.25 4.9489e-02 0.0000e+00    80.6513    5.07095    34.3432    34.3599    26.6127    1486.34    1480.16 0.0000e+00
       2060     71.000     8.9323     8.9318   3.649537   3.651081     2.0603    -0.0678      98.53 4.9471e-02 0.0000e+00    80.6117    5.04277    34.3515    34.3682    26.6214    1486.31    1480.25 0.0000e+00
       2083     72.000     8.8961     8.8968   3.647277   3.648785     2.0543    -0.0593      68.46 4.9496e-02 0.0000e+00    80.6084    5.01558    34.3624    34.3775    26.6357    1486.21    1480.33 0.0000e+00
       2105     73.000     8.8846     8.8830   3.647271   3.648772     2.0480    -0.0652      98.45 4.9470e-02 0.0000e+00    80.6214    4.99836    34.3730    34.3903    26.6458    1486.19    1480.41 0.0000e+00
       2127     74.000     8.8635     8.8632   3.646006   3.647499     2.0418    -0.0613      96.85 4.9471e-02 0.0000e+00    80.5926    4.98080    34.3797    34.3956    26.6544    1486.14    1480.49 0.0000e+00
       2149     75.000     8.8366     8.8371   3.644290   3.645791     2.0359    -0.0682      29.06 4.9487e-02 0.0000e+00    80.5736    4.96948    34.3872    34.4025    26.6646    1486.07    1480.56 0.0000e+00
       2172     76.000     8.8094     8.8085   3.642713   3.644199     2.0303    -0.0720      72.49 4.9451e-02 0.0000e+00    80.5686    4.96115    34.3966    34.4131    26.6762    1486.00    1480.63 0.0000e+00
       2194     77.000     8.7993     8.7974   3.642211   3.643663     2.0253    -0.0652      47.36 4.9494e-02 0.0000e+00    80.5275    4.94813    34.4006    34.4178    26.6809    1485.98    1480.70 0.0000e+00
