_data/ctd/2022603/sta0169.cnv
* Sea-Bird SBE 9 Data File:
* FileName = C:\Seabird\CTDData\sta0169.hex
* Software Version Seasave V 7.21f
* Temperature SN = 6264
* Conductivity SN = 4928
* Number of Bytes Per Scan = 40
* Number of Voltage Words = 5
* Number of Scans Averaged by the Deck Unit = 1
* NMEA Latitude = 60 52.50 N
* NMEA Longitude = 005 29.71 E
* NMEA UTC (Time) = Feb 12 2022 20:17:39
* NMEA baud rate = 4800
** Ship: R/V "Kristine Bonnevie"
** Station: 0169
** Echodepth: 187.16
** Log: 0502.340
** Wind-Dir/Force: 63 09
** Air-temp (dry): 6.4
** Weather Sky:
** Sea:
# nquan = 19                                
# nvalues = 177                         
# units = specified
# name 0 = scan: Scan Count
# name 1 = prDM: Pressure, Digiquartz [db]
# name 2 = t068C: Temperature [ITS-68, deg C]
# name 3 = t168C: Temperature, 2 [ITS-68, deg C]
# name 4 = c0S/m: Conductivity [S/m]
# name 5 = c1S/m: Conductivity, 2 [S/m]
# name 6 = sbeox0V: Oxygen raw, SBE 43 [V]
# name 7 = flECO-AFL: Fluorescence, WET Labs ECO-AFL/FL [mg/m^3]
# name 8 = altM: Altimeter [m]
# name 9 = par: PAR/Irradiance, Biospherical/Licor
# name 10 = spar: SPAR/Surface Irradiance
# name 11 = CStarTr0: Beam Transmission, WET Labs C-Star [%]
# name 12 = sbeox0ML/L: Oxygen, SBE 43 [ml/l], WS = 2
# name 13 = sal00: Salinity, Practical [PSU]
# name 14 = sal11: Salinity, Practical, 2 [PSU]
# name 15 = sigma-t00: Density [sigma-t, Kg/m^3 ]
# name 16 = svCM: Sound Velocity [Chen-Millero, m/s]
# name 17 = avgsvCM: Average Sound Velocity [Chen-Millero, m/s], minP = 1, minS = 5
# name 18 = flag: flag
# span 0 =        196,       3947       
# span 1 =      7.000,    183.000       
# span 2 =     7.3641,    10.2103       
# span 3 =     7.2386,    10.2037       
# span 4 =   3.159311,   3.734912       
# span 5 =   3.145362,   3.736288       
# span 6 =     1.6250,     2.4163       
# span 7 =    -0.0825,     0.4470       
# span 8 =       4.82,     102.31       
# span 9 = 4.9445e-02, 1.0216e-01       
# span 10 = 0.0000e+00, 0.0000e+00      
# span 11 =    80.8070,    82.2163      
# span 12 =    3.75693,    6.52782      
# span 13 =    30.6359,    34.9402      
# span 14 =    30.5970,    34.9554      
# span 15 =    23.9355,    27.1778      
# span 16 =    1474.73,    1489.84      
# span 17 =    1474.73,    1486.42      
# span 18 = 0.0000e+00, 0.0000e+00      
# interval = decibars: 1                
# start_time = Feb 12 2022 20:17:41 [System UTC, header]
# bad_flag = -9.990e-29
*END*
        196      7.000     7.3641     7.2386   3.159311   3.145362     2.4002     0.4470     102.31 1.0216e-01 0.0000e+00    80.8070    6.52782    30.6359    30.5970    23.9355    1474.73    1474.73 0.0000e+00
        250      8.000     7.7131     7.7098   3.229999   3.232987     2.3989     0.2105      71.78 8.1324e-02 0.0000e+00    81.1242    6.49487    31.0813    31.1161    24.2381    1476.65    1474.97 0.0000e+00
        294      9.000     8.4241     8.3929   3.356800   3.357643     2.4070     0.1639      64.01 6.5913e-02 0.0000e+00    81.1248    6.42191    31.7843    31.8213    24.6881    1480.24    1475.55 0.0000e+00
        329     10.000     8.7260     8.7227   3.407762   3.408794     2.4163     0.0746      60.65 5.5210e-02 0.0000e+00    81.1627    6.35836    32.0445    32.0583    24.8468    1481.71    1476.16 0.0000e+00
        357     11.000     9.0476     9.0261   3.462651   3.464020     2.4107     0.0164      80.46 5.0881e-02 0.0000e+00    81.2192    6.14821    32.3233    32.3570    25.0157    1483.26    1476.81 0.0000e+00
        384     12.000     9.4343     9.4116   3.535400   3.536501     2.3954     0.0069      74.32 4.9478e-02 0.0000e+00    81.4185    6.01689    32.7216    32.7537    25.2661    1485.19    1477.50 0.0000e+00
        410     13.000     9.8733     9.8563   3.608373   3.609644     2.3828    -0.0174      81.06 4.9472e-02 0.0000e+00    81.6093    5.91901    33.0663    33.0948    25.4637    1487.22    1478.25 0.0000e+00
        434     14.000     9.8977     9.8999   3.621258   3.622901     2.3716    -0.0434      88.75 4.9475e-02 0.0000e+00    81.6878    5.84009    33.1747    33.1894    25.5443    1487.46    1478.90 0.0000e+00
        457     15.000     9.9782     9.9763   3.641756   3.643902     2.3532    -0.0535      90.55 4.9458e-02 0.0000e+00    81.8591    5.68980    33.3088    33.3324    25.6356    1487.93    1479.50 0.0000e+00
        479     16.000    10.0930    10.0836   3.661132   3.662521     2.3290    -0.0557      96.23 4.9445e-02 0.0000e+00    81.9111    5.57387    33.3994    33.4221    25.6870    1488.47    1480.06 0.0000e+00
        500     17.000    10.1370    10.1329   3.670261   3.671522     2.3061    -0.0531      95.34 4.9477e-02 0.0000e+00    81.9680    5.51691    33.4509    33.4675    25.7197    1488.71    1480.56 0.0000e+00
        522     18.000    10.1282    10.1251   3.669292   3.670375     2.2861    -0.0544      50.71 4.9472e-02 0.0000e+00    81.9730    5.46869    33.4488    33.4626    25.7196    1488.69    1481.01 0.0000e+00
        543     19.000    10.1077    10.1046   3.667223   3.668391     2.2663    -0.0707      58.24 4.9502e-02 0.0000e+00    82.0082    5.41508    33.4463    33.4610    25.7211    1488.63    1481.41 0.0000e+00
        565     20.000    10.1652    10.1579   3.683781   3.685455     2.2483    -0.0636      82.83 4.9472e-02 0.0000e+00    82.0267    5.37297    33.5606    33.5843    25.8005    1488.99    1481.79 0.0000e+00
        586     21.000    10.2006    10.1992   3.692116   3.693554     2.2333    -0.0742      67.68 4.9472e-02 0.0000e+00    82.0195    5.36191    33.6118    33.6277    25.8345    1489.20    1482.14 0.0000e+00
        607     22.000    10.1517    10.1525   3.691505   3.693198     2.2231    -0.0703      89.12 4.9479e-02 0.0000e+00    82.0139    5.36027    33.6506    33.6670    25.8730    1489.09    1482.45 0.0000e+00
        629     23.000    10.1264    10.1190   3.692671   3.693297     2.2129    -0.0739      70.54 4.9509e-02 0.0000e+00    82.0314    5.32977    33.6855    33.6987    25.9046    1489.05    1482.74 0.0000e+00
        650     24.000    10.1461    10.1436   3.694986   3.696459     2.2029    -0.0732      92.42 4.9466e-02 0.0000e+00    82.0506    5.31097    33.6902    33.7075    25.9049    1489.15    1483.01 0.0000e+00
        671     25.000    10.1140    10.1152   3.694747   3.696207     2.1956    -0.0722      59.47 4.9492e-02 0.0000e+00    82.0545    5.31850    33.7172    33.7309    25.9314    1489.08    1483.25 0.0000e+00
        692     26.000    10.2103    10.2037   3.713306   3.715327     2.1904    -0.0825      88.27 4.9485e-02 0.0000e+00    82.0665    5.30166    33.8153    33.8420    25.9916    1489.56    1483.49 0.0000e+00
        713     27.000    10.1933    10.1982   3.713431   3.714541     2.1863    -0.0745      94.67 4.9499e-02 0.0000e+00    82.0428    5.30729    33.8320    33.8387    26.0075    1489.54    1483.71 0.0000e+00
        734     28.000    10.0028    10.0055   3.696486   3.697830     2.1841    -0.0732      42.11 4.9459e-02 0.0000e+00    82.0634    5.31332    33.8374    33.8486    26.0441    1488.88    1483.90 0.0000e+00
        755     29.000    10.0538    10.0497   3.706038   3.707700     2.1778    -0.0714      97.07 4.9465e-02 0.0000e+00    82.0690    5.25789    33.8865    33.9073    26.0738    1489.14    1484.08 0.0000e+00
        775     30.000    10.0587    10.0564   3.710445   3.711898     2.1713    -0.0589      69.28 4.9460e-02 0.0000e+00    82.1155    5.26561    33.9263    33.9433    26.1040    1489.22    1484.25 0.0000e+00
        796     31.000    10.1142    10.1066   3.718672   3.719971     2.1699    -0.0655      22.65 4.9485e-02 0.0000e+00    82.1145    5.28812    33.9575    33.9778    26.1189    1489.47    1484.42 0.0000e+00
        816     32.000    10.1199    10.1199   3.721532   3.723162     2.1698    -0.0750      95.58 4.9467e-02 0.0000e+00    82.0940    5.29389    33.9808    33.9973    26.1361    1489.54    1484.57 0.0000e+00
        837     33.000    10.0141    10.0126   3.714117   3.714920     2.1695    -0.0702      89.71 4.9492e-02 0.0000e+00    82.1245    5.28936    34.0043    34.0139    26.1725    1489.20    1484.71 0.0000e+00
        858     34.000    10.1245    10.1146   3.728761   3.730375     2.1665    -0.0714      68.67 4.9466e-02 0.0000e+00    82.1379    5.24454    34.0490    34.0748    26.1886    1489.67    1484.86 0.0000e+00
        878     35.000    10.1562    10.1547   3.734705   3.736215     2.1628    -0.0711      32.84 4.9474e-02 0.0000e+00    82.1566    5.23871    34.0792    34.0960    26.2068    1489.84    1485.00 0.0000e+00
        899     36.000    10.1283    10.1276   3.734912   3.736288     2.1609    -0.0661      59.08 4.9481e-02 0.0000e+00    82.1512    5.23298    34.1071    34.1218    26.2333    1489.79    1485.13 0.0000e+00
        919     37.000    10.0960    10.0962   3.733004   3.734399     2.1568    -0.0681      92.06 4.9472e-02 0.0000e+00    82.1590    5.20259    34.1177    34.1317    26.2471    1489.70    1485.26 0.0000e+00
        940     38.000    10.0564    10.0563   3.731300   3.732658     2.1510    -0.0671      94.07 4.9485e-02 0.0000e+00    82.1773    5.17404    34.1373    34.1512    26.2691    1489.60    1485.37 0.0000e+00
        961     39.000    10.0088    10.0100   3.727550   3.728935     2.1444    -0.0684      79.14 4.9472e-02 0.0000e+00    82.1812    5.16101    34.1436    34.1566    26.2821    1489.45    1485.48 0.0000e+00
        981     40.000     9.9578     9.9575   3.723732   3.725059     2.1387    -0.0623      38.70 4.9494e-02 0.0000e+00    82.1918    5.15668    34.1524    34.1662    26.2976    1489.30    1485.57 0.0000e+00
       1002     41.000     9.9248     9.9240   3.722131   3.723473     2.1334    -0.0612      97.93 4.9479e-02 0.0000e+00    82.2083    5.14883    34.1668    34.1813    26.3144    1489.21    1485.66 0.0000e+00
       1023     42.000     9.8709     9.8729   3.719351   3.720717     2.1289    -0.0593      54.87 4.9492e-02 0.0000e+00    82.1876    5.14141    34.1890    34.2011    26.3408    1489.06    1485.74 0.0000e+00
       1043     43.000     9.8236     9.8244   3.716691   3.718073     2.1235    -0.0648      83.20 4.9481e-02 0.0000e+00    82.1976    5.12604    34.2062    34.2196    26.3622    1488.93    1485.81 0.0000e+00
       1064     44.000     9.7829     9.7839   3.714386   3.715741     2.1184    -0.0650      96.22 4.9492e-02 0.0000e+00    82.1950    5.12109    34.2207    34.2337    26.3804    1488.81    1485.88 0.0000e+00
       1085     45.000     9.7327     9.7338   3.710687   3.711970     2.1142    -0.0680      39.52 4.9516e-02 0.0000e+00    82.1971    5.12394    34.2301    34.2422    26.3961    1488.66    1485.94 0.0000e+00
       1105     46.000     9.6975     9.6971   3.708543   3.709881     2.1109    -0.0656      99.47 4.9478e-02 0.0000e+00    82.1945    5.11972    34.2411    34.2552    26.4106    1488.56    1486.00 0.0000e+00
       1126     47.000     9.6615     9.6613   3.706201   3.707521     2.1071    -0.0741      70.90 4.9492e-02 0.0000e+00    82.2118    5.10632    34.2508    34.2646    26.4242    1488.46    1486.05 0.0000e+00
       1147     48.000     9.6379     9.6372   3.705323   3.706635     2.1029    -0.0766      70.24 4.9485e-02 0.0000e+00    82.1915    5.08493    34.2638    34.2780    26.4383    1488.41    1486.10 0.0000e+00
       1168     49.000     9.5831     9.5844   3.702281   3.703559     2.0969    -0.0736      80.07 4.9467e-02 0.0000e+00    82.1893    5.05976    34.2844    34.2963    26.4634    1488.25    1486.15 0.0000e+00
       1188     50.000     9.5229     9.5240   3.698853   3.700140     2.0906    -0.0647      64.47 4.9459e-02 0.0000e+00    82.1959    5.04797    34.3061    34.3183    26.4903    1488.07    1486.18 0.0000e+00
       1209     51.000     9.4925     9.4918   3.697450   3.698751     2.0849    -0.0690      73.06 4.9465e-02 0.0000e+00    82.1787    5.03926    34.3202    34.3344    26.5064    1488.00    1486.22 0.0000e+00
       1229     52.000     9.4538     9.4540   3.694693   3.696007     2.0797    -0.0755      98.58 4.9460e-02 0.0000e+00    82.1676    5.02838    34.3283    34.3417    26.5191    1487.88    1486.25 0.0000e+00
       1250     53.000     9.4315     9.4310   3.693855   3.695166     2.0742    -0.0728      42.39 4.9472e-02 0.0000e+00    82.1960    5.02013    34.3406    34.3546    26.5323    1487.83    1486.28 0.0000e+00
       1271     54.000     9.3854     9.3873   3.691252   3.692575     2.0703    -0.0761      98.87 4.9488e-02 0.0000e+00    82.1957    5.02214    34.3574    34.3693    26.5530    1487.70    1486.31 0.0000e+00
       1291     55.000     9.3193     9.3213   3.687031   3.688354     2.0663    -0.0723      76.77 4.9459e-02 0.0000e+00    82.1991    5.01723    34.3767    34.3885    26.5789    1487.50    1486.33 0.0000e+00
       1312     56.000     9.2738     9.2750   3.684608   3.685891     2.0626    -0.0675      65.35 4.9488e-02 0.0000e+00    82.1959    5.02022    34.3949    34.4071    26.6005    1487.37    1486.35 0.0000e+00
       1332     57.000     9.2324     9.2318   3.682268   3.683578     2.0601    -0.0669      93.32 4.9465e-02 0.0000e+00    82.1876    5.01987    34.4100    34.4242    26.6191    1487.26    1486.36 0.0000e+00
       1353     58.000     9.2173     9.2168   3.681506   3.682821     2.0568    -0.0689      78.70 4.9505e-02 0.0000e+00    82.1780    4.99279    34.4161    34.4303    26.6263    1487.23    1486.38 0.0000e+00
       1374     59.000     9.1707     9.1720   3.679011   3.680255     2.0513    -0.0711      98.54 4.9466e-02 0.0000e+00    82.1704    4.96280    34.4347    34.4464    26.6484    1487.09    1486.39 0.0000e+00
       1394     60.000     9.1124     9.1145   3.676313   3.677629     2.0446    -0.0721      98.69 4.9474e-02 0.0000e+00    82.1612    4.93311    34.4624    34.4741    26.6795    1486.93    1486.40 0.0000e+00
       1415     61.000     9.0778     9.0778   3.674621   3.675926     2.0368    -0.0693      40.48 4.9479e-02 0.0000e+00    82.1577    4.90994    34.4778    34.4914    26.6971    1486.84    1486.41 0.0000e+00
       1436     62.000     9.0428     9.0442   3.673065   3.674381     2.0299    -0.0642      94.45 4.9485e-02 0.0000e+00    82.1376    4.90303    34.4950    34.5074    26.7162    1486.75    1486.41 0.0000e+00
       1456     63.000     9.0108     9.0109   3.671383   3.672672     2.0242    -0.0648      75.14 4.9474e-02 0.0000e+00    82.1478    4.90711    34.5080    34.5214    26.7314    1486.66    1486.42 0.0000e+00
       1477     64.000     8.9806     8.9803   3.669940   3.671209     2.0204    -0.0655      92.99 4.9479e-02 0.0000e+00    82.1199    4.92018    34.5217    34.5353    26.7470    1486.58    1486.42 0.0000e+00
       1498     65.000     8.9534     8.9536   3.668588   3.669865     2.0182    -0.0621      95.53 4.9465e-02 0.0000e+00    82.1276    4.92181    34.5335    34.5467    26.7606    1486.51    1486.42 0.0000e+00
       1519     66.000     8.9165     8.9165   3.666708   3.667970     2.0154    -0.0601      76.75 4.9492e-02 0.0000e+00    82.1117    4.90882    34.5492    34.5625    26.7788    1486.41    1486.42 0.0000e+00
       1540     67.000     8.8947     8.8940   3.665645   3.666920     2.0119    -0.0634      47.80 4.9479e-02 0.0000e+00    82.1022    4.89110    34.5588    34.5729    26.7898    1486.36    1486.42 0.0000e+00
       1561     68.000     8.8748     8.8747   3.664655   3.665926     2.0075    -0.0652      88.53 4.9485e-02 0.0000e+00    82.1264    4.86077    34.5673    34.5808    26.7996    1486.32    1486.42 0.0000e+00
       1582     69.000     8.8470     8.8465   3.663644   3.664907     2.0010    -0.0690      52.94 4.9467e-02 0.0000e+00    82.1039    4.82386    34.5833    34.5971    26.8165    1486.25    1486.42 0.0000e+00
       1602     70.000     8.8142     8.8145   3.662021   3.663267     1.9931    -0.0728      99.37 4.9479e-02 0.0000e+00    82.0940    4.79237    34.5978    34.6106    26.8331    1486.16    1486.41 0.0000e+00
       1623     71.000     8.7898     8.7887   3.660745   3.661971     1.9851    -0.0704      72.81 4.9499e-02 0.0000e+00    82.0972    4.77235    34.6077    34.6217    26.8447    1486.10    1486.41 0.0000e+00
       1644     72.000     8.7668     8.7660   3.659703   3.660948     1.9779    -0.0698      98.67 4.9499e-02 0.0000e+00    82.1118    4.76355    34.6187    34.6326    26.8570    1486.05    1486.40 0.0000e+00
       1664     73.000     8.7501     8.7494   3.659038   3.660291     1.9717    -0.0653      98.60 4.9515e-02 0.0000e+00    82.1095    4.73872    34.6276    34.6415    26.8665    1486.01    1486.40 0.0000e+00
       1685     74.000     8.7437     8.7421   3.659019   3.660292     1.9636    -0.0656      56.55 4.9465e-02 0.0000e+00    82.1229    4.69697    34.6332    34.6481    26.8719    1486.01    1486.39 0.0000e+00
       1706     75.000     8.7389     8.7376   3.659040   3.660302     1.9547    -0.0722      82.57 4.9465e-02 0.0000e+00    82.1033    4.67070    34.6376    34.6522    26.8761    1486.01    1486.39 0.0000e+00
       1727     76.000     8.7255     8.7242   3.658549   3.659777     1.9464    -0.0733      62.14 4.9465e-02 0.0000e+00    82.1179    4.65707    34.6451    34.6593    26.8841    1485.99    1486.38 0.0000e+00
       1748     77.000     8.7074     8.7061   3.657739   3.658994     1.9398    -0.0702      46.26 4.9485e-02 0.0000e+00    82.1149    4.66130    34.6538    34.6683    26.8938    1485.95    1486.38 0.0000e+00
       1769     78.000     8.6976     8.6970   3.657320   3.658595     1.9355    -0.0619      97.41 4.9466e-02 0.0000e+00    82.1232    4.67478    34.6585    34.6725    26.8990    1485.94    1486.37 0.0000e+00
       1789     79.000     8.6901     8.6888   3.657347   3.658614     1.9332    -0.0673      39.01 4.9508e-02 0.0000e+00    82.1073    4.67986    34.6656    34.6803    26.9058    1485.93    1486.37 0.0000e+00
       1810     80.000     8.6850     8.6834   3.657386   3.658639     1.9309    -0.0650      98.58 4.9485e-02 0.0000e+00    82.1118    4.66872    34.6706    34.6854    26.9104    1485.94    1486.36 0.0000e+00
       1831     81.000     8.6799     8.6787   3.657247   3.658523     1.9278    -0.0603      65.74 4.9492e-02 0.0000e+00    82.0961    4.66171    34.6736    34.6883    26.9136    1485.94    1486.35 0.0000e+00
       1851     82.000     8.6619     8.6620   3.655997   3.657300     1.9259    -0.0604      70.46 4.9495e-02 0.0000e+00    82.0909    4.67354    34.6776    34.6913    26.9196    1485.89    1486.35 0.0000e+00
