_data/ctd/2022603/sta0182.cnv
* Sea-Bird SBE 9 Data File:
* FileName = C:\Seabird\CTDData\sta0182.hex
* Software Version Seasave V 7.21f
* Temperature SN = 6264
* Conductivity SN = 4928
* Number of Bytes Per Scan = 40
* Number of Voltage Words = 5
* Number of Scans Averaged by the Deck Unit = 1
* NMEA Latitude = 61 10.81 N
* NMEA Longitude = 006 01.40 E
* NMEA UTC (Time) = Feb 13 2022 23:30:45
* NMEA baud rate = 4800
** Ship: R/V "Kristine Bonnevie"
** Station: 0182
** Echodepth: 297
** Log: 0658.468
** Wind-Dir/Force: 94 05
** Air-temp (dry): 3.3
** Weather Sky:
** Sea:
# nquan = 19                                
# nvalues = 294                         
# units = specified
# name 0 = scan: Scan Count
# name 1 = prDM: Pressure, Digiquartz [db]
# name 2 = t068C: Temperature [ITS-68, deg C]
# name 3 = t168C: Temperature, 2 [ITS-68, deg C]
# name 4 = c0S/m: Conductivity [S/m]
# name 5 = c1S/m: Conductivity, 2 [S/m]
# name 6 = sbeox0V: Oxygen raw, SBE 43 [V]
# name 7 = flECO-AFL: Fluorescence, WET Labs ECO-AFL/FL [mg/m^3]
# name 8 = altM: Altimeter [m]
# name 9 = par: PAR/Irradiance, Biospherical/Licor
# name 10 = spar: SPAR/Surface Irradiance
# name 11 = CStarTr0: Beam Transmission, WET Labs C-Star [%]
# name 12 = sbeox0ML/L: Oxygen, SBE 43 [ml/l], WS = 2
# name 13 = sal00: Salinity, Practical [PSU]
# name 14 = sal11: Salinity, Practical, 2 [PSU]
# name 15 = sigma-t00: Density [sigma-t, Kg/m^3 ]
# name 16 = svCM: Sound Velocity [Chen-Millero, m/s]
# name 17 = avgsvCM: Average Sound Velocity [Chen-Millero, m/s], minP = 1, minS = 5
# name 18 = flag: flag
# span 0 =        110,       6596       
# span 1 =      1.000,    294.000       
# span 2 =     5.6262,     9.6586       
# span 3 =     5.6254,     9.6559       
# span 4 =   2.989816,   3.695170       
# span 5 =   2.986639,   3.696696       
# span 6 =     1.9816,     2.4519       
# span 7 =    -0.0918,     0.9195       
# span 8 =       4.58,     100.21       
# span 9 = 4.9453e-02, 2.0717e+00       
# span 10 = 0.0000e+00, 0.0000e+00      
# span 11 =    76.6784,    81.5682      
# span 12 =    5.05251,    7.01650      
# span 13 =    30.2795,    34.9772      
# span 14 =    30.2595,    34.9934      
# span 15 =    23.8604,    27.2857      
# span 16 =    1467.39,    1488.20      
# span 17 =    1467.47,    1484.16      
# span 18 = 0.0000e+00, 0.0000e+00      
# interval = decibars: 1                
# start_time = Feb 13 2022 23:30:47 [System UTC, header]
# bad_flag = -9.990e-29
*END*
[from data line 153]
       3558    154.000     8.1666     8.1654   3.628949   3.630288     2.0722 -9.990e-29      23.72 4.9485e-02 0.0000e+00    81.1419    5.36319    34.8443    34.8598    27.1267    1485.43    1482.56 0.0000e+00
       3579    155.000     8.1641     8.1630   3.628830   3.630196     2.0794 -9.990e-29      69.82 4.9505e-02 0.0000e+00    81.1722    5.35435    34.8450    34.8607    27.1277    1485.44    1482.58 0.0000e+00
       3600    156.000     8.1585     8.1576   3.628418   3.629818     2.0815    -0.0671      70.26 4.9490e-02 0.0000e+00    81.1724    5.30706    34.8457    34.8616    27.1291    1485.44    1482.59 0.0000e+00
       3622    157.000     8.1543     8.1532   3.628176   3.629541     2.0798    -0.0587      97.58 4.9479e-02 0.0000e+00    81.1674    5.26999    34.8468    34.8625    27.1306    1485.44    1482.61 0.0000e+00
       3643    158.000     8.1667     8.1635   3.629616   3.630880     2.0769    -0.0794      72.86 4.9479e-02 0.0000e+00    81.1809    5.25020    34.8494    34.8661    27.1307    1485.51    1482.63 0.0000e+00
       3665    159.000     8.1657     8.1646   3.629536   3.630882     2.0735    -0.0752      29.14 4.9483e-02 0.0000e+00    81.1806    5.23724    34.8491    34.8645    27.1306    1485.52    1482.65 0.0000e+00
       3686    160.000     8.1580     8.1566   3.628819   3.630156     2.0698    -0.0632      86.17 4.9508e-02 0.0000e+00    81.1625    5.23130    34.8486    34.8642    27.1314    1485.50    1482.67 0.0000e+00
       3708    161.000     8.1687     8.1669   3.630178   3.631562     2.0675    -0.0628      36.45 4.9486e-02 0.0000e+00    81.1575    5.23671    34.8520    34.8686    27.1325    1485.57    1482.68 0.0000e+00
       3729    162.000     8.1705     8.1689   3.630426   3.631770     2.0662    -0.0873      86.64 4.9479e-02 0.0000e+00    81.1479    5.24017    34.8524    34.8683    27.1325    1485.59    1482.70 0.0000e+00
       3751    163.000     8.1794     8.1776   3.631570   3.632999     2.0649    -0.0631      98.86 4.9464e-02 0.0000e+00    81.1446    5.23881    34.8553    34.8723    27.1334    1485.64    1482.72 0.0000e+00
       3772    164.000     8.2039     8.1993   3.634705   3.636008     2.0641    -0.0586      91.43 4.9486e-02 0.0000e+00    81.1288    5.24421    34.8640    34.8825    27.1365    1485.76    1482.74 0.0000e+00
       3794    165.000     8.2462     8.2438   3.639697   3.641075     2.0647    -0.0600      98.83 4.9477e-02 0.0000e+00    81.1380    5.25308    34.8748    34.8919    27.1386    1485.95    1482.76 0.0000e+00
       3815    166.000     8.2462     8.2451   3.639799   3.641152     2.0660    -0.0627      98.80 4.9477e-02 0.0000e+00    81.1275    5.27468    34.8754    34.8909    27.1391    1485.97    1482.78 0.0000e+00
       3837    167.000     8.2377     8.2365   3.639113   3.640432     2.0695    -0.0876      41.31 4.9472e-02 0.0000e+00    81.1125    5.33324    34.8761    34.8913    27.1409    1485.95    1482.80 0.0000e+00
       3858    168.000     8.2176     8.2171   3.637108   3.638446     2.0778    -0.0904      42.41 4.9496e-02 0.0000e+00    81.0972    5.40330    34.8741    34.8889    27.1424    1485.89    1482.82 0.0000e+00
       3880    169.000     8.1967     8.1965   3.635038   3.636415     2.0879    -0.0649      53.82 4.9492e-02 0.0000e+00    81.0469    5.44140    34.8723    34.8872    27.1441    1485.83    1482.83 0.0000e+00
       3901    170.000     8.1815     8.1809   3.633609   3.634996     2.0959    -0.0650      94.16 4.9479e-02 0.0000e+00    81.0695    5.44197    34.8716    34.8870    27.1459    1485.79    1482.85 0.0000e+00
       3922    171.000     8.1837     8.1815   3.634118   3.635441     2.1014 -9.990e-29      63.15 4.9496e-02 0.0000e+00    81.0783    5.42508    34.8744    34.8907    27.1478    1485.81    1482.87 0.0000e+00
       3944    172.000     8.1918     8.1897   3.635169   3.636509     2.1038 -9.990e-29      94.07 4.9485e-02 0.0000e+00    81.0764    5.39640    34.8771    34.8935    27.1487    1485.86    1482.88 0.0000e+00
       3966    173.000     8.2021     8.2000   3.636515   3.637886     2.1034 -9.990e-29      75.38 4.9470e-02 0.0000e+00    81.0915    5.37237    34.8808    34.8975    27.1500    1485.92    1482.90 0.0000e+00
       3987    174.000     8.1962     8.1953   3.635985   3.637349     2.1025 -9.990e-29      67.50 4.9496e-02 0.0000e+00    81.1189    5.37417    34.8805    34.8959    27.1506    1485.92    1482.92 0.0000e+00
       4009    175.000     8.2008     8.1990   3.636861   3.638292     2.1020    -0.0573      48.12 4.9472e-02 0.0000e+00    81.1085    5.37884    34.8848    34.9019    27.1533    1485.96    1482.94 0.0000e+00
       4031    176.000     8.2131     8.2114   3.638448   3.639833     2.1025    -0.0699      95.86 4.9490e-02 0.0000e+00    81.1146    5.39261    34.8890    34.9055    27.1548    1486.02    1482.95 0.0000e+00
       4052    177.000     8.2142     8.2127   3.638620   3.639987     2.1039    -0.0807      84.07 4.9508e-02 0.0000e+00    81.0992    5.39849    34.8893    34.9054    27.1548    1486.05    1482.97 0.0000e+00
       4074    178.000     8.2130     8.2121   3.638602   3.640005     2.1051    -0.0576      96.97 4.9484e-02 0.0000e+00    81.1015    5.41476    34.8898    34.9057    27.1554    1486.06    1482.99 0.0000e+00
       4096    179.000     8.2102     8.2083   3.638378   3.639689     2.1077    -0.0578      81.85 4.9496e-02 0.0000e+00    81.0872    5.43232    34.8897    34.9056    27.1558    1486.06    1483.01 0.0000e+00
       4118    180.000     8.2064     8.2047   3.638000   3.639270     2.1107 -9.990e-29      97.76 4.9483e-02 0.0000e+00    81.0688    5.44560    34.8890    34.9042    27.1558    1486.07    1483.02 0.0000e+00
       4140    181.000     8.1823     8.1824   3.635407   3.636773     2.1136 -9.990e-29      43.73 4.9502e-02 0.0000e+00    81.0616    5.45599    34.8847    34.8992    27.1561    1485.99    1483.04 0.0000e+00
       4162    182.000     8.1672     8.1661   3.634000   3.635365     2.1157 -9.990e-29      58.70 4.9492e-02 0.0000e+00    81.0566    5.44979    34.8842    34.8999    27.1580    1485.95    1483.06 0.0000e+00
       4184    183.000     8.1615     8.1604   3.633638   3.634985     2.1161 -9.990e-29      68.48 4.9483e-02 0.0000e+00    81.0439    5.43293    34.8855    34.9010    27.1599    1485.94    1483.07 0.0000e+00
       4206    184.000     8.1544     8.1529   3.633089   3.634409     2.1152    -0.0652      65.44 4.9496e-02 0.0000e+00    81.1077    5.41589    34.8862    34.9018    27.1615    1485.93    1483.09 0.0000e+00
       4228    185.000     8.1513     8.1500   3.632862   3.634217     2.1126    -0.0586      75.73 4.9502e-02 0.0000e+00    81.1028    5.39354    34.8864    34.9022    27.1621    1485.94    1483.10 0.0000e+00
       4249    186.000     8.1444     8.1433   3.632237   3.633582     2.1097    -0.0627      67.41 4.9483e-02 0.0000e+00    81.0948    5.38165    34.8861    34.9016    27.1629    1485.93    1483.12 0.0000e+00
       4271    187.000     8.1357     8.1347   3.631427   3.632775     2.1060    -0.0874      70.11 4.9502e-02 0.0000e+00    81.1082    5.36723    34.8856    34.9010    27.1638    1485.91    1483.13 0.0000e+00
       4293    188.000     8.1228     8.1221   3.630297   3.631642     2.1027    -0.0877      35.61 4.9496e-02 0.0000e+00    81.1044    5.35768    34.8858    34.9009    27.1660    1485.88    1483.15 0.0000e+00
       4315    189.000     8.1113     8.1103   3.629260   3.630624     2.0991    -0.0835      82.45 4.9485e-02 0.0000e+00    81.1083    5.34685    34.8857    34.9013    27.1676    1485.85    1483.16 0.0000e+00
       4336    190.000     8.0943     8.0943   3.627468   3.628837     2.0955    -0.0629      71.78 4.9490e-02 0.0000e+00    81.1108    5.33293    34.8829    34.8976    27.1680    1485.80    1483.17 0.0000e+00
       4358    191.000     8.0796     8.0784   3.626098   3.627447     2.0911    -0.0601      84.50 4.9490e-02 0.0000e+00    81.1496    5.31663    34.8824    34.8980    27.1698    1485.76    1483.19 0.0000e+00
       4380    192.000     8.0774     8.0759   3.625989   3.627309     2.0867    -0.0863      74.87 4.9512e-02 0.0000e+00    81.1543    5.29706    34.8829    34.8985    27.1706    1485.77    1483.20 0.0000e+00
       4401    193.000     8.0699     8.0687   3.625319   3.626656     2.0817    -0.0694      85.99 4.9490e-02 0.0000e+00    81.1762    5.27288    34.8827    34.8982    27.1715    1485.76    1483.22 0.0000e+00
       4423    194.000     8.0671     8.0659   3.625265   3.626619     2.0756    -0.0752      62.34 4.9483e-02 0.0000e+00    81.2107    5.24411    34.8844    34.9001    27.1733    1485.77    1483.23 0.0000e+00
       4445    195.000     8.0636     8.0622   3.625139   3.626482     2.0693    -0.0849      82.62 4.9465e-02 0.0000e+00    81.2188    5.22810    34.8861    34.9019    27.1751    1485.77    1483.24 0.0000e+00
       4467    196.000     8.0581     8.0572   3.624796   3.626145     2.0637    -0.0596      89.04 4.9483e-02 0.0000e+00    81.2526    5.21806    34.8874    34.9028    27.1770    1485.77    1483.25 0.0000e+00
       4489    197.000     8.0514     8.0501   3.624337   3.625681     2.0586    -0.0628      93.76 4.9477e-02 0.0000e+00    81.2252    5.21170    34.8887    34.9044    27.1790    1485.76    1483.27 0.0000e+00
       4511    198.000     8.0509     8.0494   3.624350   3.625694     2.0544    -0.0613      98.40 4.9483e-02 0.0000e+00    81.2315    5.20961    34.8888    34.9047    27.1792    1485.78    1483.28 0.0000e+00
       4533    199.000     8.0568     8.0547   3.625188   3.626545     2.0513    -0.0808      70.48 4.9463e-02 0.0000e+00    81.2384    5.20609    34.8914    34.9081    27.1804    1485.82    1483.29 0.0000e+00
       4555    200.000     8.0576     8.0565   3.625668   3.627025     2.0480    -0.0730      56.56 4.9508e-02 0.0000e+00    81.2296    5.19538    34.8953    34.9109    27.1833    1485.84    1483.30 0.0000e+00
       4577    201.000     8.0450     8.0449   3.624733   3.626110     2.0451    -0.0582      41.67 4.9479e-02 0.0000e+00    81.2280    5.19385    34.8973    34.9122    27.1868    1485.81    1483.32 0.0000e+00
       4599    202.000     8.0355     8.0342   3.623953   3.625302     2.0432    -0.0558      97.26 4.9500e-02 0.0000e+00    81.2380    5.20585    34.8980    34.9137    27.1887    1485.80    1483.33 0.0000e+00
       4621    203.000     8.0355     8.0339   3.624072   3.625406     2.0425 -9.990e-29      45.92 4.9490e-02 0.0000e+00    81.2424    5.21500    34.8988    34.9146    27.1893    1485.81    1483.34 0.0000e+00
       4643    204.000     8.0234     8.0233   3.622963   3.624378     2.0424 -9.990e-29      72.70 4.9483e-02 0.0000e+00    81.2475    5.21611    34.8984    34.9137    27.1909    1485.78    1483.35 0.0000e+00
       4665    205.000     8.0105     8.0096   3.621966   3.623331     2.0416 -9.990e-29      74.77 4.9483e-02 0.0000e+00    81.2410    5.20268    34.9001    34.9156    27.1941    1485.75    1483.37 0.0000e+00
       4688    206.000     8.0077     8.0064   3.621911   3.623257     2.0397 -9.990e-29      77.05 4.9502e-02 0.0000e+00    81.2660    5.18826    34.9018    34.9175    27.1959    1485.76    1483.38 0.0000e+00
       4709    207.000     8.0050     8.0038   3.621796   3.623144     2.0371    -0.0589      70.85 4.9490e-02 0.0000e+00    81.2763    5.17105    34.9028    34.9184    27.1971    1485.77    1483.39 0.0000e+00
       4732    208.000     8.0006     7.9993   3.621506   3.622831     2.0338    -0.0586      78.19 4.9509e-02 0.0000e+00    81.2916    5.15639    34.9036    34.9191    27.1983    1485.77    1483.40 0.0000e+00
       4754    209.000     7.9949     7.9937   3.621120   3.622462     2.0305    -0.0586      75.74 4.9521e-02 0.0000e+00    81.2919    5.14842    34.9046    34.9202    27.2000    1485.77    1483.41 0.0000e+00
       4776    210.000     7.9918     7.9905   3.620949   3.622287     2.0273    -0.0868      84.41 4.9502e-02 0.0000e+00    81.2900    5.14375    34.9054    34.9210    27.2011    1485.77    1483.42 0.0000e+00
       4798    211.000     7.9876     7.9867   3.620685   3.622043     2.0248    -0.0693      76.67 4.9509e-02 0.0000e+00    81.3062    5.13352    34.9063    34.9217    27.2024    1485.77    1483.43 0.0000e+00
       4820    212.000     7.9750     7.9741   3.619978   3.621323     2.0216 -9.990e-29      87.60 4.9508e-02 0.0000e+00    81.3304    5.12885    34.9107    34.9261    27.2078    1485.75    1483.44 0.0000e+00
       4842    213.000     7.9699     7.9688   3.619689   3.621027     2.0191 -9.990e-29      74.92 4.9487e-02 0.0000e+00    81.3354    5.12088    34.9122    34.9277    27.2098    1485.75    1483.46 0.0000e+00
       4864    214.000     7.9673     7.9660   3.619597   3.620945     2.0162 -9.990e-29      52.80 4.9499e-02 0.0000e+00    81.3558    5.11103    34.9134    34.9291    27.2110    1485.75    1483.47 0.0000e+00
       4886    215.000     7.9613     7.9605   3.619303   3.620650     2.0136 -9.990e-29      70.85 4.9509e-02 0.0000e+00    81.3728    5.10532    34.9157    34.9310    27.2138    1485.75    1483.48 0.0000e+00
       4908    216.000     7.9530     7.9520   3.618830   3.620163     2.0110    -0.0655      90.31 4.9483e-02 0.0000e+00    81.3714    5.10340    34.9184    34.9337    27.2171    1485.74    1483.49 0.0000e+00
       4930    217.000     7.9466     7.9456   3.618472   3.619818     2.0090    -0.0609      75.32 4.9496e-02 0.0000e+00    81.3963    5.10143    34.9205    34.9359    27.2197    1485.73    1483.50 0.0000e+00
       4952    218.000     7.9383     7.9374   3.617964   3.619289     2.0070    -0.0576      93.44 4.9489e-02 0.0000e+00    81.3887    5.09651    34.9228    34.9379    27.2228    1485.72    1483.51 0.0000e+00
       4974    219.000     7.9305     7.9295   3.617435   3.618779     2.0052    -0.0766      86.25 4.9509e-02 0.0000e+00    81.3917    5.09312    34.9244    34.9399    27.2252    1485.71    1483.52 0.0000e+00
       4995    220.000     7.9248     7.9235   3.617078   3.618419     2.0034    -0.0780      96.53 4.9490e-02 0.0000e+00    81.3917    5.09237    34.9258    34.9415    27.2271    1485.71    1483.53 0.0000e+00
       5017    221.000     7.9202     7.9190   3.616761   3.618113     2.0022    -0.0571      98.81 4.9505e-02 0.0000e+00    81.3991    5.09369    34.9265    34.9422    27.2284    1485.71    1483.54 0.0000e+00
       5039    222.000     7.9182     7.9168   3.616663   3.617988     2.0010    -0.0601      45.42 4.9496e-02 0.0000e+00    81.4222    5.09346    34.9269    34.9426    27.2290    1485.72    1483.55 0.0000e+00
       5061    223.000     7.9161     7.9147   3.616548   3.617887     2.0004    -0.0614      61.05 4.9502e-02 0.0000e+00    81.4514    5.09640    34.9273    34.9431    27.2296    1485.73    1483.56 0.0000e+00
       5082    224.000     7.9143     7.9130   3.616467   3.617804     1.9998    -0.0834      71.86 4.9515e-02 0.0000e+00    81.4773    5.09548    34.9278    34.9434    27.2303    1485.74    1483.57 0.0000e+00
       5104    225.000     7.9100     7.9087   3.616203   3.617541     1.9994    -0.0726      98.54 4.9502e-02 0.0000e+00    81.4878    5.09683    34.9287    34.9444    27.2317    1485.74    1483.58 0.0000e+00
       5126    226.000     7.9072     7.9059   3.616083   3.617426     1.9989    -0.0573      98.32 4.9499e-02 0.0000e+00    81.4988    5.09585    34.9297    34.9455    27.2329    1485.75    1483.59 0.0000e+00
       5148    227.000     7.9043     7.9030   3.615994   3.617323     1.9985    -0.0632      33.43 4.9496e-02 0.0000e+00    81.5059    5.09506    34.9312    34.9468    27.2345    1485.75    1483.60 0.0000e+00
       5170    228.000     7.9043     7.9028   3.616064   3.617408     1.9978    -0.0898      99.36 4.9502e-02 0.0000e+00    81.5010    5.09237    34.9315    34.9474    27.2347    1485.77    1483.60 0.0000e+00
