_data/ctd/2022603/sta0199.cnv
* Sea-Bird SBE 9 Data File:
* FileName = C:\Seabird\CTDData\sta0199.hex
* Software Version Seasave V 7.21f
* Temperature SN = 6264
* Conductivity SN = 4928
* Number of Bytes Per Scan = 40
* Number of Voltage Words = 5
* Number of Scans Averaged by the Deck Unit = 1
* NMEA Latitude = 61 06.83 N
* NMEA Longitude = 006 17.41 E
* NMEA UTC (Time) = Feb 15 2022 00:07:09
* NMEA baud rate = 4800
** Ship: R/V "Kristine Bonnevie"
** Station: 0199
** Echodepth: 1225
** Log: 0790.171
** Wind-Dir/Force: 96 12
** Air-temp (dry): 3.9
** Weather Sky:
** Sea:
# nquan = 19                                
# nvalues = 1234                        
# units = specified
# name 0 = scan: Scan Count
# name 1 = prDM: Pressure, Digiquartz [db]
# name 2 = t068C: Temperature [ITS-68, deg C]
# name 3 = t168C: Temperature, 2 [ITS-68, deg C]
# name 4 = c0S/m: Conductivity [S/m]
# name 5 = c1S/m: Conductivity, 2 [S/m]
# name 6 = sbeox0V: Oxygen raw, SBE 43 [V]
# name 7 = flECO-AFL: Fluorescence, WET Labs ECO-AFL/FL [mg/m^3]
# name 8 = altM: Altimeter [m]
# name 9 = par: PAR/Irradiance, Biospherical/Licor
# name 10 = spar: SPAR/Surface Irradiance
# name 11 = CStarTr0: Beam Transmission, WET Labs C-Star [%]
# name 12 = sbeox0ML/L: Oxygen, SBE 43 [ml/l], WS = 2
# name 13 = sal00: Salinity, Practical [PSU]
# name 14 = sal11: Salinity, Practical, 2 [PSU]
# name 15 = sigma-t00: Density [sigma-t, Kg/m^3 ]
# name 16 = svCM: Sound Velocity [Chen-Millero, m/s]
# name 17 = avgsvCM: Average Sound Velocity [Chen-Millero, m/s], minP = 1, minS = 5
# name 18 = flag: flag
# span 0 =          2,      25352       
# span 1 =      3.000,   1236.000       
# span 2 =     5.4339,     9.8155       
# span 3 =     5.4366,     9.8120       
# span 4 =   2.940210,   3.708920       
# span 5 =   2.941564,   3.710485       
# span 6 =     1.5436,     2.4554       
# span 7 =    -0.1007,     0.8205       
# span 8 =       4.18,     100.53       
# span 9 = 4.8800e-02, 6.1080e-01       
# span 10 = 0.0000e+00, 0.0000e+00      
# span 11 =    79.7991,    81.9877      
# span 12 =    4.07640,    7.07189      
# span 13 =    29.9464,    35.0236      
# span 14 =    29.9592,    35.0240      
# span 15 =    23.6254,    27.3645      
# span 16 =    1466.12,    1501.13      
# span 17 =    1466.12,    1491.27      
# span 18 = 0.0000e+00, 0.0000e+00      
# interval = decibars: 1                
# start_time = Feb 15 2022 00:07:12 [System UTC, header]
# bad_flag = -9.990e-29
*END*
[from data line 991]
      20165    994.000     7.5073     7.5059   3.621326   3.614706     1.5945    -0.0589      92.73 4.9509e-02 0.0000e+00    81.8055    4.14658    35.0220    34.9519    27.3642    1497.02    1489.39 0.0000e+00
      20186    995.000     7.5074     7.5061   3.621383   3.614759     1.5938    -0.0608      98.24 4.9498e-02 0.0000e+00    81.8154    4.14851    35.0220    34.9519    27.3642    1497.04    1489.39 0.0000e+00
      20207    996.000     7.5075     7.5061   3.621432   3.614802     1.5942    -0.0670      35.71 4.9485e-02 0.0000e+00    81.8147    4.15701    35.0220    34.9519    27.3642    1497.05    1489.40 0.0000e+00
      20229    997.000     7.5075     7.5061   3.621479   3.614859     1.5942    -0.0626      92.31 4.9502e-02 0.0000e+00    81.8103    4.15203    35.0220    34.9520    27.3642    1497.07    1489.41 0.0000e+00
      20250    998.000     7.5073     7.5060   3.621516   3.614889     1.5941    -0.0652      47.43 4.9499e-02 0.0000e+00    81.8141    4.14931    35.0222    34.9520    27.3644    1497.09    1489.42 0.0000e+00
      20271    999.000     7.5073     7.5059   3.621560   3.614945     1.5936    -0.0668      92.06 4.9505e-02 0.0000e+00    81.8123    4.14599    35.0222    34.9522    27.3644    1497.10    1489.42 0.0000e+00
      20293   1000.000     7.5075     7.5061   3.621621   3.614985     1.5932    -0.0675      55.56 4.9502e-02 0.0000e+00    81.8097    4.14552    35.0222    34.9520    27.3643    1497.12    1489.43 0.0000e+00
      20314   1001.000     7.5076     7.5062   3.621672   3.615040     1.5930    -0.0649      91.79 4.9499e-02 0.0000e+00    81.8006    4.14532    35.0221    34.9520    27.3643    1497.14    1489.44 0.0000e+00
      20335   1002.000     7.5076     7.5063   3.621727   3.615086     1.5923    -0.0659      75.07 4.9496e-02 0.0000e+00    81.7998    4.13935    35.0223    34.9520    27.3644    1497.15    1489.45 0.0000e+00
      20357   1003.000     7.5076     7.5063   3.621775   3.615127     1.5920    -0.0638      94.04 4.9499e-02 0.0000e+00    81.7821    4.14393    35.0223    34.9519    27.3645    1497.17    1489.45 0.0000e+00
      20378   1004.000     7.5077     7.5063   3.621820   3.615177     1.5917    -0.0673      98.08 4.9515e-02 0.0000e+00    81.7811    4.14325    35.0223    34.9520    27.3644    1497.19    1489.46 0.0000e+00
      20400   1005.000     7.5078     7.5064   3.621870   3.615229     1.5914    -0.0688      31.16 4.9499e-02 0.0000e+00    81.7909    4.14313    35.0222    34.9520    27.3644    1497.20    1489.47 0.0000e+00
      20421   1006.000     7.5078     7.5064   3.621926   3.615277     1.5912    -0.0630      95.90 4.9512e-02 0.0000e+00    81.7981    4.13962    35.0224    34.9521    27.3645    1497.22    1489.48 0.0000e+00
      20443   1007.000     7.5079     7.5066   3.621974   3.615327     1.5904    -0.0655      51.01 4.9508e-02 0.0000e+00    81.7876    4.13797    35.0223    34.9519    27.3644    1497.24    1489.48 0.0000e+00
      20464   1008.000     7.5081     7.5066   3.622016   3.615372     1.5904    -0.0665      94.90 4.9509e-02 0.0000e+00    81.7735    4.14124    35.0221    34.9520    27.3642    1497.25    1489.49 0.0000e+00
      20486   1009.000     7.5082     7.5068   3.622078   3.615434     1.5900    -0.0592      57.24 4.9505e-02 0.0000e+00    81.7646    4.13642    35.0222    34.9520    27.3643    1497.27    1489.50 0.0000e+00
      20507   1010.000     7.5082     7.5068   3.622129   3.615477     1.5893    -0.0602      94.56 4.9492e-02 0.0000e+00    81.7717    4.13467    35.0223    34.9520    27.3644    1497.29    1489.51 0.0000e+00
      20528   1011.000     7.5082     7.5068   3.622185   3.615527     1.5893    -0.0616      73.69 4.9525e-02 0.0000e+00    81.7756    4.14118    35.0225    34.9521    27.3645    1497.30    1489.52 0.0000e+00
      20549   1012.000     7.5082     7.5068   3.622232   3.615576     1.5892    -0.0612      94.28 4.9512e-02 0.0000e+00    81.7685    4.13839    35.0225    34.9521    27.3645    1497.32    1489.52 0.0000e+00
      20570   1013.000     7.5083     7.5069   3.622278   3.615631     1.5886    -0.0617      80.55 4.9502e-02 0.0000e+00    81.7623    4.13338    35.0224    34.9522    27.3645    1497.34    1489.53 0.0000e+00
      20592   1014.000     7.5084     7.5070   3.622338   3.615681     1.5883    -0.0678      94.59 4.9492e-02 0.0000e+00    81.7448    4.13698    35.0225    34.9521    27.3645    1497.36    1489.54 0.0000e+00
      20613   1015.000     7.5085     7.5071   3.622386   3.615725     1.5882    -0.0651      87.84 4.9499e-02 0.0000e+00    81.7582    4.13678    35.0225    34.9520    27.3645    1497.37    1489.55 0.0000e+00
      20635   1016.000     7.5085     7.5072   3.622434   3.615786     1.5878    -0.0590      95.13 4.9509e-02 0.0000e+00    81.7585    4.13659    35.0225    34.9521    27.3645    1497.39    1489.55 0.0000e+00
      20656   1017.000     7.5087     7.5073   3.622492   3.615842     1.5879    -0.0659      94.38 4.9492e-02 0.0000e+00    81.7744    4.13725    35.0225    34.9522    27.3644    1497.41    1489.56 0.0000e+00
      20677   1018.000     7.5088     7.5074   3.622546   3.615890     1.5875    -0.0612      77.14 4.9519e-02 0.0000e+00    81.7631    4.13575    35.0225    34.9521    27.3644    1497.42    1489.57 0.0000e+00
      20698   1019.000     7.5089     7.5075   3.622587   3.615943     1.5873    -0.0704      52.05 4.9485e-02 0.0000e+00    81.7551    4.13341    35.0224    34.9522    27.3643    1497.44    1489.58 0.0000e+00
      20719   1020.000     7.5090     7.5076   3.622647   3.615992     1.5871    -0.0638      88.94 4.9505e-02 0.0000e+00    81.7543    4.13725    35.0225    34.9521    27.3644    1497.46    1489.58 0.0000e+00
      20740   1021.000     7.5091     7.5077   3.622697   3.616055     1.5869    -0.0656      57.92 4.9505e-02 0.0000e+00    81.7519    4.13422    35.0225    34.9522    27.3644    1497.47    1489.59 0.0000e+00
      20761   1022.000     7.5092     7.5078   3.622757   3.616113     1.5866    -0.0674      95.55 4.9498e-02 0.0000e+00    81.7516    4.13238    35.0226    34.9523    27.3644    1497.49    1489.60 0.0000e+00
      20783   1023.000     7.5093     7.5079   3.622805   3.616160     1.5861    -0.0573      66.05 4.9521e-02 0.0000e+00    81.7594    4.13226    35.0225    34.9523    27.3644    1497.51    1489.61 0.0000e+00
      20804   1024.000     7.5094     7.5080   3.622857   3.616220     1.5860    -0.0601      96.18 4.9518e-02 0.0000e+00    81.7392    4.13099    35.0225    34.9523    27.3643    1497.52    1489.61 0.0000e+00
      20824   1025.000     7.5096     7.5081   3.622912   3.616275     1.5855    -0.0634      69.42 4.9495e-02 0.0000e+00    81.7514    4.13122    35.0224    34.9524    27.3643    1497.54    1489.62 0.0000e+00
      20845   1026.000     7.5096     7.5083   3.622967   3.616334     1.5856    -0.0573      93.12 4.9515e-02 0.0000e+00    81.7625    4.13571    35.0226    34.9524    27.3644    1497.56    1489.63 0.0000e+00
      20867   1027.000     7.5097     7.5084   3.623023   3.616385     1.5853    -0.0728      94.51 4.9505e-02 0.0000e+00    81.7625    4.13165    35.0226    34.9523    27.3644    1497.58    1489.64 0.0000e+00
      20887   1028.000     7.5099     7.5085   3.623080   3.616434     1.5851    -0.0672      90.97 4.9479e-02 0.0000e+00    81.7710    4.13369    35.0226    34.9523    27.3643    1497.59    1489.65 0.0000e+00
      20908   1029.000     7.5101     7.5087   3.623130   3.616486     1.5851    -0.0729      90.75 4.9502e-02 0.0000e+00    81.7437    4.13423    35.0224    34.9522    27.3642    1497.61    1489.65 0.0000e+00
      20929   1030.000     7.5102     7.5088   3.623180   3.616556     1.5850    -0.0674      91.62 4.9505e-02 0.0000e+00    81.7435    4.13451    35.0224    34.9524    27.3642    1497.63    1489.66 0.0000e+00
      20950   1031.000     7.5102     7.5088   3.623229   3.616603     1.5850    -0.0527      86.46 4.9512e-02 0.0000e+00    81.7677    4.14083    35.0225    34.9525    27.3642    1497.64    1489.67 0.0000e+00
      20971   1032.000     7.5103     7.5090   3.623283   3.616666     1.5853    -0.0643      98.25 4.9539e-02 0.0000e+00    81.7501    4.13846    35.0225    34.9525    27.3642    1497.66    1489.68 0.0000e+00
      20992   1033.000     7.5104     7.5091   3.623340   3.616693     1.5851    -0.0653      62.70 4.9505e-02 0.0000e+00    81.7597    4.13627    35.0226    34.9522    27.3642    1497.68    1489.68 0.0000e+00
      21013   1034.000     7.5105     7.5091   3.623386   3.616755     1.5851    -0.0656      58.49 4.9499e-02 0.0000e+00    81.7552    4.13827    35.0225    34.9524    27.3642    1497.69    1489.69 0.0000e+00
      21034   1035.000     7.5106     7.5092   3.623449   3.616803     1.5850    -0.0611      69.19 4.9505e-02 0.0000e+00    81.7543    4.13466    35.0226    34.9524    27.3643    1497.71    1489.70 0.0000e+00
      21055   1036.000     7.5107     7.5093   3.623495   3.616867     1.5846    -0.0660      55.71 4.9532e-02 0.0000e+00    81.7554    4.13498    35.0226    34.9525    27.3642    1497.73    1489.71 0.0000e+00
      21076   1037.000     7.5108     7.5094   3.623547   3.616911     1.5846    -0.0606      79.05 4.9499e-02 0.0000e+00    81.7563    4.13597    35.0226    34.9524    27.3642    1497.75    1489.71 0.0000e+00
      21097   1038.000     7.5109     7.5095   3.623605   3.616956     1.5843    -0.0650      57.40 4.9512e-02 0.0000e+00    81.7562    4.13605    35.0226    34.9523    27.3642    1497.76    1489.72 0.0000e+00
      21117   1039.000     7.5110     7.5096   3.623655   3.617017     1.5845    -0.0690      85.87 4.9515e-02 0.0000e+00    81.7317    4.13817    35.0226    34.9524    27.3642    1497.78    1489.73 0.0000e+00
      21138   1040.000     7.5110     7.5096   3.623699   3.617067     1.5841    -0.0640      47.33 4.9478e-02 0.0000e+00    81.7532    4.13513    35.0226    34.9525    27.3642    1497.80    1489.74 0.0000e+00
      21159   1041.000     7.5111     7.5098   3.623760   3.617104     1.5842    -0.0592      93.91 4.9525e-02 0.0000e+00    81.7523    4.13409    35.0227    34.9523    27.3643    1497.81    1489.75 0.0000e+00
      21180   1042.000     7.5113     7.5099   3.623823   3.617183     1.5837    -0.0685      32.30 4.9480e-02 0.0000e+00    81.7455    4.13180    35.0227    34.9525    27.3642    1497.83    1489.75 0.0000e+00
      21200   1043.000     7.5114     7.5100   3.623862   3.617225     1.5835    -0.0645      80.68 4.9479e-02 0.0000e+00    81.7388    4.13688    35.0226    34.9524    27.3641    1497.85    1489.76 0.0000e+00
      21221   1044.000     7.5115     7.5101   3.623917   3.617282     1.5837    -0.0665      82.18 4.9516e-02 0.0000e+00    81.7525    4.13778    35.0226    34.9525    27.3641    1497.86    1489.77 0.0000e+00
      21241   1045.000     7.5116     7.5102   3.623971   3.617333     1.5833    -0.0651      92.38 4.9512e-02 0.0000e+00    81.7423    4.13459    35.0226    34.9525    27.3641    1497.88    1489.78 0.0000e+00
      21261   1046.000     7.5117     7.5103   3.624021   3.617382     1.5834    -0.0644      86.94 4.9509e-02 0.0000e+00    81.7470    4.13759    35.0226    34.9525    27.3641    1497.90    1489.78 0.0000e+00
      21282   1047.000     7.5118     7.5104   3.624070   3.617437     1.5832    -0.0680      94.51 4.9532e-02 0.0000e+00    81.7552    4.13411    35.0226    34.9525    27.3641    1497.92    1489.79 0.0000e+00
      21303   1048.000     7.5119     7.5105   3.624117   3.617485     1.5829    -0.0706      83.54 4.9479e-02 0.0000e+00    81.7239    4.13282    35.0225    34.9524    27.3640    1497.93    1489.80 0.0000e+00
      21324   1049.000     7.5120     7.5106   3.624179   3.617541     1.5825    -0.0661      97.03 4.9499e-02 0.0000e+00    81.7416    4.12955    35.0226    34.9525    27.3641    1497.95    1489.81 0.0000e+00
      21345   1050.000     7.5121     7.5107   3.624236   3.617585     1.5824    -0.0615      86.56 4.9505e-02 0.0000e+00    81.7461    4.13228    35.0227    34.9524    27.3641    1497.97    1489.81 0.0000e+00
      21366   1051.000     7.5122     7.5108   3.624282   3.617645     1.5818    -0.0632      98.07 4.9505e-02 0.0000e+00    81.7422    4.12431    35.0226    34.9525    27.3640    1497.98    1489.82 0.0000e+00
      21387   1052.000     7.5123     7.5109   3.624335   3.617688     1.5814    -0.0659      85.02 4.9499e-02 0.0000e+00    81.7538    4.13146    35.0226    34.9524    27.3640    1498.00    1489.83 0.0000e+00
      21408   1053.000     7.5124     7.5110   3.624385   3.617737     1.5813    -0.0641      98.85 4.9512e-02 0.0000e+00    81.7604    4.12920    35.0226    34.9524    27.3640    1498.02    1489.84 0.0000e+00
      21429   1054.000     7.5125     7.5111   3.624440   3.617798     1.5811    -0.0638      91.32 4.9505e-02 0.0000e+00    81.7602    4.13294    35.0227    34.9525    27.3640    1498.03    1489.85 0.0000e+00
      21450   1055.000     7.5125     7.5112   3.624484   3.617840     1.5810    -0.0661      59.25 4.9508e-02 0.0000e+00    81.7382    4.13123    35.0227    34.9524    27.3640    1498.05    1489.85 0.0000e+00
      21472   1056.000     7.5126     7.5112   3.624533   3.617884     1.5807    -0.0627      94.47 4.9512e-02 0.0000e+00    81.7494    4.13083    35.0226    34.9524    27.3640    1498.07    1489.86 0.0000e+00
      21493   1057.000     7.5127     7.5113   3.624580   3.617938     1.5808    -0.0637      84.41 4.9505e-02 0.0000e+00    81.7407    4.13241    35.0226    34.9524    27.3639    1498.08    1489.87 0.0000e+00
      21514   1058.000     7.5127     7.5114   3.624641   3.617996     1.5804    -0.0740      95.87 4.9512e-02 0.0000e+00    81.7145    4.12926    35.0228    34.9525    27.3641    1498.10    1489.88 0.0000e+00
      21535   1059.000     7.5128     7.5115   3.624697   3.618042     1.5803    -0.0670      98.77 4.9527e-02 0.0000e+00    81.7446    4.12827    35.0228    34.9524    27.3641    1498.12    1489.88 0.0000e+00
      21557   1060.000     7.5130     7.5116   3.624752   3.618083     1.5798    -0.0637      65.41 4.9499e-02 0.0000e+00    81.7436    4.12318    35.0228    34.9523    27.3640    1498.14    1489.89 0.0000e+00
      21578   1061.000     7.5131     7.5117   3.624794   3.618146     1.5793    -0.0678      96.47 4.9518e-02 0.0000e+00    81.7471    4.12570    35.0227    34.9524    27.3639    1498.15    1489.90 0.0000e+00
      21599   1062.000     7.5133     7.5119   3.624856   3.618204     1.5791    -0.0617      74.90 4.9505e-02 0.0000e+00    81.7249    4.12616    35.0227    34.9524    27.3639    1498.17    1489.91 0.0000e+00
      21620   1063.000     7.5133     7.5119   3.624907   3.618238     1.5790    -0.0674      95.13 4.9519e-02 0.0000e+00    81.7463    4.13049    35.0228    34.9523    27.3640    1498.19    1489.92 0.0000e+00
      21642   1064.000     7.5134     7.5121   3.624958   3.618285     1.5791    -0.0614      98.24 4.9521e-02 0.0000e+00    81.7190    4.13369    35.0227    34.9521    27.3639    1498.20    1489.92 0.0000e+00
      21663   1065.000     7.5135     7.5122   3.625018   3.618357     1.5793    -0.0626      69.61 4.9512e-02 0.0000e+00    81.7419    4.13196    35.0228    34.9523    27.3640    1498.22    1489.93 0.0000e+00
      21684   1066.000     7.5136     7.5122   3.625065   3.618387     1.5789    -0.0632      56.46 4.9512e-02 0.0000e+00    81.7283    4.12540    35.0228    34.9522    27.3639    1498.24    1489.94 0.0000e+00
      21705   1067.000     7.5135     7.5122   3.625111   3.618424     1.5787    -0.0678      82.24 4.9525e-02 0.0000e+00    81.7300    4.13166    35.0229    34.9521    27.3641    1498.25    1489.95 0.0000e+00
      21727   1068.000     7.5137     7.5123   3.625162   3.618489     1.5788    -0.0658      63.79 4.9521e-02 0.0000e+00    81.7327    4.13219    35.0228    34.9523    27.3640    1498.27    1489.95 0.0000e+00
