_data/ctd/2022603/sta0179.cnv
* Sea-Bird SBE 9 Data File:
* FileName = C:\Seabird\CTDData\sta0179.hex
* Software Version Seasave V 7.21f
* Temperature SN = 6264
* Conductivity SN = 4928
* Number of Bytes Per Scan = 40
* Number of Voltage Words = 5
* Number of Scans Averaged by the Deck Unit = 1
* NMEA Latitude = 60 55.96 N
* NMEA Longitude = 004 39.88 E
* NMEA UTC (Time) = Feb 13 2022 06:04:17
* NMEA baud rate = 4800
** Ship: R/V "Kristine Bonnevie"
** Station: 0179
** Echodepth: 529
** Log: 0542.999
** Wind-Dir/Force: 20 25
** Air-temp (dry): 7.3
** Weather Sky:
** Sea:
** S01
# nquan = 19                                
# nvalues = 521                         
# units = specified
# name 0 = scan: Scan Count
# name 1 = prDM: Pressure, Digiquartz [db]
# name 2 = t068C: Temperature [ITS-68, deg C]
# name 3 = t168C: Temperature, 2 [ITS-68, deg C]
# name 4 = c0S/m: Conductivity [S/m]
# name 5 = c1S/m: Conductivity, 2 [S/m]
# name 6 = sbeox0V: Oxygen raw, SBE 43 [V]
# name 7 = flECO-AFL: Fluorescence, WET Labs ECO-AFL/FL [mg/m^3]
# name 8 = altM: Altimeter [m]
# name 9 = par: PAR/Irradiance, Biospherical/Licor
# name 10 = spar: SPAR/Surface Irradiance
# name 11 = CStarTr0: Beam Transmission, WET Labs C-Star [%]
# name 12 = sbeox0ML/L: Oxygen, SBE 43 [ml/l], WS = 2
# name 13 = sal00: Salinity, Practical [PSU]
# name 14 = sal11: Salinity, Practical, 2 [PSU]
# name 15 = sigma-t00: Density [sigma-t, Kg/m^3 ]
# name 16 = svCM: Sound Velocity [Chen-Millero, m/s]
# name 17 = avgsvCM: Average Sound Velocity [Chen-Millero, m/s], minP = 1, minS = 5
# name 18 = flag: flag
# span 0 =        -52,      11971       
# span 1 =      3.000,    523.000       
# span 2 =     6.6407,     8.2411       
# span 3 =     6.6410,     8.2392       
# span 4 =   3.272433,   3.656478       
# span 5 =   3.273285,   3.657851       
# span 6 =     2.1242,     2.5449       
# span 7 =    -0.1092,     0.3105       
# span 8 =     -28.80,     101.36       
# span 9 = 4.9438e-02, 5.5009e-01       
# span 10 = 0.0000e+00, 0.0000e+00      
# span 11 =    80.2109,    81.8604      
# span 12 =    5.69739,    7.00094      
# span 13 =    32.4550,    35.0064      
# span 14 =    32.4665,    35.0224      
# span 15 =    25.4514,    27.2597      
# span 16 =    1474.43,    1491.55      
# span 17 =    1474.43,    1486.07      
# span 18 = 0.0000e+00, 0.0000e+00      
# interval = decibars: 1                
# start_time = Feb 13 2022 06:04:20 [System UTC, header]
# bad_flag = -9.990e-29
*END*
[from data line 77]
       2299     80.000     7.2580     7.2560   3.475160   3.476478     2.4707     0.1274      97.84 4.9509e-02 0.0000e+00    80.5318    6.69031    34.1186    34.1349    26.6889    1479.86    1477.16 0.0000e+00
       2315     81.000     7.2557     7.2539   3.476188   3.477461     2.4687     0.1292      61.39 4.9493e-02 0.0000e+00    80.5337    6.67293    34.1316    34.1472    26.6994    1479.88    1477.19 0.0000e+00
       2333     82.000     7.2547     7.2531   3.476702   3.477935     2.4655     0.1597      13.01 4.9472e-02 0.0000e+00    80.5428    6.65664    34.1377    34.1527    26.7044    1479.90    1477.22 0.0000e+00
       2350     83.000     7.2544     7.2525   3.476871   3.478104     2.4627     0.1414      78.76 4.9472e-02 0.0000e+00    80.5366    6.65343    34.1393    34.1547    26.7057    1479.92    1477.26 0.0000e+00
       2367     84.000     7.2531     7.2507   3.476908   3.478105     2.4607     0.1276      98.61 4.9480e-02 0.0000e+00    80.5345    6.64584    34.1405    34.1560    26.7068    1479.93    1477.29 0.0000e+00
       2386     85.000     7.2480     7.2460   3.476734   3.477945     2.4573     0.1262      90.48 4.9487e-02 0.0000e+00    80.5376    6.63535    34.1432    34.1584    26.7096    1479.93    1477.32 0.0000e+00
       2427     86.000     7.2462     7.2431   3.476634   3.477508     2.4518     0.1583      72.59 4.9478e-02 0.0000e+00    80.5250    6.62943    34.1434    34.1560    26.7100    1479.94    1477.35 0.0000e+00
       2469     87.000     7.2433     7.2415   3.476659   3.477870     2.4477     0.1578      42.53 4.9476e-02 0.0000e+00    80.5174    6.62716    34.1460    34.1610    26.7125    1479.95    1477.38 0.0000e+00
       2490     88.000     7.2400     7.2392   3.476563   3.477823     2.4462     0.1272      97.44 4.9468e-02 0.0000e+00    80.5028    6.62335    34.1477    34.1623    26.7143    1479.96    1477.41 0.0000e+00
       2507     89.000     7.2406     7.2379   3.477200   3.478293     2.4447     0.1274      16.46 4.9474e-02 0.0000e+00    80.4893    6.62367    34.1536    34.1682    26.7189    1479.98    1477.44 0.0000e+00
       2524     90.000     7.2534     7.2519   3.479456   3.480817     2.4442     0.1297      95.72 4.9462e-02 0.0000e+00    80.5108    6.62271    34.1651    34.1814    26.7261    1480.06    1477.47 0.0000e+00
       2543     91.000     7.2830     7.2774   3.484028   3.485020     2.4430     0.1620      55.59 4.9494e-02 0.0000e+00    80.5034    6.60639    34.1852    34.2016    26.7378    1480.22    1477.50 0.0000e+00
       2564     92.000     7.3103     7.3022   3.487491   3.488226     2.4411     0.1635      76.12 4.9473e-02 0.0000e+00    80.4968    6.59959    34.1955    34.2115    26.7421    1480.35    1477.53 0.0000e+00
       2583     93.000     7.3306     7.3261   3.489832   3.490827     2.4405     0.1630      79.64 4.9501e-02 0.0000e+00    80.5195    6.59536    34.2005    34.2158    26.7431    1480.45    1477.56 0.0000e+00
       2599     94.000     7.3506     7.3480   3.492158   3.493609     2.4390     0.1616      54.92 4.9483e-02 0.0000e+00    80.5699    6.57803    34.2056    34.2240    26.7443    1480.55    1477.59 0.0000e+00
       2615     95.000     7.3696     7.3689   3.494270   3.495840     2.4373     0.1581      50.17 4.9480e-02 0.0000e+00    80.5715    6.56470    34.2093    34.2271    26.7446    1480.65    1477.62 0.0000e+00
       2636     96.000     7.3748     7.3754   3.494910   3.496435     2.4346     0.1589      53.65 4.9485e-02 0.0000e+00    80.6059    6.55230    34.2107    34.2267    26.7449    1480.68    1477.65 0.0000e+00
       2671     97.000     7.3859     7.3874   3.496313   3.498119     2.4299     0.1588      78.53 4.9496e-02 0.0000e+00    80.6224    6.52735    34.2145    34.2326    26.7463    1480.75    1477.69 0.0000e+00
       2701     98.000     7.4264     7.4258   3.500929   3.502285     2.4250     0.1973      98.41 4.9481e-02 0.0000e+00    80.6597    6.51748    34.2242    34.2395    26.7482    1480.93    1477.72 0.0000e+00
       2721     99.000     7.4274     7.4244   3.501186   3.502334     2.4238     0.1423      98.28 4.9493e-02 0.0000e+00    80.6990    6.51991    34.2255    34.2410    26.7491    1480.95    1477.75 0.0000e+00
       2737    100.000     7.4572     7.4553   3.504766   3.506578     2.4221     0.1275      44.98 4.9500e-02 0.0000e+00    80.6925    6.50147    34.2345    34.2561    26.7519    1481.10    1477.78 0.0000e+00
       2754    101.000     7.5067     7.5048   3.510868   3.512448     2.4197     0.1274      70.16 4.9491e-02 0.0000e+00    80.7015    6.48768    34.2514    34.2704    26.7582    1481.32    1477.82 0.0000e+00
       2770    102.000     7.5428     7.5423   3.515911   3.517775     2.4183     0.1001      96.40 4.9480e-02 0.0000e+00    80.7148    6.48710    34.2700    34.2907    26.7676    1481.50    1477.86 0.0000e+00
       2788    103.000     7.5825     7.5763   3.522528   3.523562     2.4173     0.0967      31.03 4.9485e-02 0.0000e+00    80.7547    6.47961    34.3020    34.3193    26.7871    1481.71    1477.89 0.0000e+00
       2806    104.000     7.6436     7.6382   3.532285   3.533843     2.4159     0.0909      96.89 4.9494e-02 0.0000e+00    80.7987    6.45874    34.3468    34.3690    26.8135    1482.01    1477.93 0.0000e+00
       2831    105.000     7.6913     7.6878   3.539277   3.540495     2.4137     0.0589      98.65 4.9490e-02 0.0000e+00    80.8545    6.43992    34.3748    34.3914    26.8286    1482.25    1477.97 0.0000e+00
       2869    106.000     7.7206     7.7149   3.544963   3.545843     2.4086     0.0931      76.25 4.9482e-02 0.0000e+00    80.9145    6.39257    34.4068    34.4220    26.8494    1482.41    1478.02 0.0000e+00
       2899    107.000     7.7222     7.7206   3.545808   3.547114     2.4018     0.0697      55.72 4.9489e-02 0.0000e+00    80.9807    6.35359    34.4139    34.4296    26.8547    1482.45    1478.06 0.0000e+00
       2924    108.000     7.7222     7.7202   3.545831   3.547085     2.3950     0.0344      36.75 4.9457e-02 0.0000e+00    80.9797    6.32753    34.4136    34.4292    26.8546    1482.46    1478.10 0.0000e+00
       2944    109.000     7.7218     7.7202   3.545797   3.547089     2.3893     0.0049      99.80 4.9447e-02 0.0000e+00    80.9561    6.31352    34.4132    34.4287    26.8543    1482.48    1478.14 0.0000e+00
       2960    110.000     7.7205     7.7188   3.545658   3.546964     2.3857     0.0053      74.68 4.9496e-02 0.0000e+00    81.0010    6.30886    34.4125    34.4283    26.8539    1482.49    1478.18 0.0000e+00
       2975    111.000     7.7200     7.7183   3.545627   3.546938     2.3825     0.0053      61.87 4.9489e-02 0.0000e+00    80.9827    6.30356    34.4122    34.4280    26.8537    1482.50    1478.22 0.0000e+00
       2988    112.000     7.7195     7.7180   3.545606   3.546924     2.3798     0.0078      98.83 4.9439e-02 0.0000e+00    80.9620    6.29756    34.4119    34.4276    26.8536    1482.51    1478.25 0.0000e+00
       3001    113.000     7.7198     7.7180   3.545675   3.546966     2.3776     0.0073      83.94 4.9494e-02 0.0000e+00    80.9735    6.29371    34.4119    34.4276    26.8535    1482.53    1478.29 0.0000e+00
       3018    114.000     7.7203     7.7189   3.545776   3.547123     2.3739     0.0054      68.77 4.9488e-02 0.0000e+00    80.9650    6.29212    34.4120    34.4279    26.8536    1482.55    1478.33 0.0000e+00
       3043    115.000     7.7205     7.7191   3.545852   3.547169     2.3712     0.0090      81.33 4.9484e-02 0.0000e+00    80.9697    6.29807    34.4122    34.4278    26.8536    1482.57    1478.37 0.0000e+00
       3080    116.000     7.7266     7.7238   3.546588   3.547793     2.3686     0.0234      89.08 4.9472e-02 0.0000e+00    80.9837    6.30436    34.4136    34.4294    26.8539    1482.61    1478.40 0.0000e+00
       3108    117.000     7.8148     7.8083   3.558106   3.560230     2.3675     0.0248      81.42 4.9484e-02 0.0000e+00    80.9803    6.28648    34.4502    34.4795    26.8697    1483.01    1478.44 0.0000e+00
       3126    118.000     8.0041     7.9981   3.583301   3.584706     2.3666     0.0050      99.08 4.9457e-02 0.0000e+00    80.9693    6.26760    34.5337    34.5547    26.9073    1483.84    1478.49 0.0000e+00
       3142    119.000     7.9947     7.9945   3.583838   3.585187     2.3677    -0.0209      63.65 4.9480e-02 0.0000e+00    81.1011    6.28903    34.5483    34.5629    26.9201    1483.84    1478.53 0.0000e+00
       3165    120.000     7.9926     7.9900   3.584824   3.586047     2.3689    -0.0436      89.26 4.9495e-02 0.0000e+00    81.2298    6.25881    34.5604    34.5761    26.9300    1483.87    1478.58 0.0000e+00
       3203    121.000     8.0350     8.0285   3.591744   3.592864     2.3611    -0.0266      39.20 4.9481e-02 0.0000e+00    81.2997    6.16215    34.5923    34.6107    26.9487    1484.08    1478.62 0.0000e+00
       3227    122.000     8.0985     8.0955   3.602925   3.604461     2.3540    -0.0521     101.36 4.9498e-02 0.0000e+00    81.3172    6.13288    34.6488    34.6682    26.9835    1484.41    1478.67 0.0000e+00
       3244    123.000     8.1073     8.1051   3.605020   3.606365     2.3497    -0.0468      33.18 4.9509e-02 0.0000e+00    81.3589    6.12477    34.6620    34.6786    26.9926    1484.47    1478.72 0.0000e+00
       3258    124.000     8.1107     8.1081   3.605862   3.607143     2.3461    -0.0527      73.60 4.9461e-02 0.0000e+00    81.3796    6.11203    34.6672    34.6835    26.9961    1484.51    1478.76 0.0000e+00
       3271    125.000     8.1182     8.1148   3.607460   3.608720     2.3429    -0.0463      97.67 4.9482e-02 0.0000e+00    81.4227    6.09400    34.6764    34.6933    27.0022    1484.57    1478.81 0.0000e+00
       3286    126.000     8.1555     8.1503   3.614086   3.615528     2.3382    -0.0540      76.01 4.9493e-02 0.0000e+00    81.4555    6.06443    34.7099    34.7305    27.0229    1484.76    1478.86 0.0000e+00
       3305    127.000     8.1743     8.1723   3.617128   3.618532     2.3318    -0.0558      42.55 4.9473e-02 0.0000e+00    81.4613    6.04648    34.7233    34.7403    27.0306    1484.87    1478.90 0.0000e+00
       3326    128.000     8.1718     8.1704   3.617798   3.619159     2.3266    -0.0654      91.05 4.9476e-02 0.0000e+00    81.4533    6.03729    34.7325    34.7484    27.0382    1484.89    1478.95 0.0000e+00
       3344    129.000     8.1733     8.1704   3.618153   3.619441     2.3219    -0.0671       9.10 4.9491e-02 0.0000e+00    81.5197    6.01809    34.7343    34.7510    27.0394    1484.91    1479.00 0.0000e+00
       3360    130.000     8.1840     8.1805   3.619974   3.621300     2.3173    -0.0701      97.78 4.9496e-02 0.0000e+00    81.5677    5.99938    34.7427    34.7603    27.0443    1484.98    1479.04 0.0000e+00
       3377    131.000     8.1992     8.1965   3.622596   3.623960     2.3123    -0.0673      57.13 4.9463e-02 0.0000e+00    81.5808    5.98532    34.7552    34.7724    27.0518    1485.07    1479.09 0.0000e+00
       3416    132.000     8.2042     8.2022   3.623411   3.624847     2.3040    -0.0655      79.12 4.9465e-02 0.0000e+00    81.5880    5.97504    34.7585    34.7758    27.0537    1485.11    1479.13 0.0000e+00
       3479    133.000     8.2081     8.2057   3.624005   3.625269     2.2939    -0.0709      54.97 4.9474e-02 0.0000e+00    81.5022    5.96503    34.7605    34.7763    27.0546    1485.14    1479.18 0.0000e+00
       3498    134.000     8.2126     8.2109   3.624757   3.626126     2.2922    -0.0654      98.29 4.9464e-02 0.0000e+00    81.4983    5.96092    34.7636    34.7799    27.0564    1485.18    1479.22 0.0000e+00
       3513    135.000     8.2047     8.2051   3.624451   3.625929     2.2903    -0.0659      58.68 4.9459e-02 0.0000e+00    81.6171    5.95483    34.7676    34.7830    27.0608    1485.17    1479.27 0.0000e+00
       3527    136.000     8.1883     8.1898   3.622905   3.624394     2.2891    -0.0638      84.86 4.9471e-02 0.0000e+00    81.5961    5.95217    34.7669    34.7813    27.0627    1485.12    1479.31 0.0000e+00
       3540    137.000     8.1711     8.1703   3.621570   3.623010     2.2875    -0.0695      93.90 4.9482e-02 0.0000e+00    81.5961    5.94907    34.7692    34.7854    27.0671    1485.08    1479.35 0.0000e+00
       3552    138.000     8.1710     8.1686   3.621589   3.623129     2.2863    -0.0654      81.80 4.9508e-02 0.0000e+00    81.5969    5.94468    34.7690    34.7878    27.0669    1485.09    1479.39 0.0000e+00
       3565    139.000     8.1712     8.1693   3.622367   3.623752     2.2840    -0.0677      98.81 4.9471e-02 0.0000e+00    81.5485    5.93696    34.7766    34.7933    27.0729    1485.12    1479.43 0.0000e+00
       3576    140.000     8.1740     8.1716   3.622778   3.624149     2.2831    -0.0716      98.80 4.9439e-02 0.0000e+00    81.5550    5.93530    34.7778    34.7948    27.0734    1485.15    1479.47 0.0000e+00
       3589    141.000     8.1826     8.1801   3.623999   3.625370     2.2814    -0.0672      90.30 4.9454e-02 0.0000e+00    81.5698    5.93495    34.7818    34.7989    27.0752    1485.20    1479.51 0.0000e+00
       3653    142.000     8.1788     8.1766   3.623734   3.624780     2.2778    -0.0667      79.33 4.9464e-02 0.0000e+00    81.5975    5.93673    34.7823    34.7956    27.0762    1485.20    1479.55 0.0000e+00
       3703    143.000     8.1639     8.1630   3.623077   3.624463     2.2759    -0.0634      74.75 4.9483e-02 0.0000e+00    81.6106    5.93841    34.7895    34.8052    27.0841    1485.17    1479.59 0.0000e+00
       3727    144.000     8.1741     8.1708   3.625203   3.626525     2.2750    -0.0685      97.64 4.9470e-02 0.0000e+00    81.6134    5.93209    34.8016    34.8191    27.0921    1485.24    1479.63 0.0000e+00
       3746    145.000     8.2012     8.1986   3.628982   3.630487     2.2742    -0.0682      83.48 4.9505e-02 0.0000e+00    81.6403    5.92651    34.8147    34.8333    27.0982    1485.38    1479.67 0.0000e+00
       3763    146.000     8.2121     8.2101   3.630396   3.631796     2.2737    -0.0654      90.68 4.9474e-02 0.0000e+00    81.6389    5.92660    34.8185    34.8354    27.0996    1485.44    1479.71 0.0000e+00
       3778    147.000     8.2144     8.2125   3.630841   3.632233     2.2736    -0.0685      99.09 4.9471e-02 0.0000e+00    81.6787    5.92360    34.8205    34.8372    27.1008    1485.47    1479.75 0.0000e+00
       3790    148.000     8.2162     8.2142   3.631222   3.632605     2.2727    -0.0661      80.22 4.9460e-02 0.0000e+00    81.7088    5.91481    34.8223    34.8390    27.1019    1485.49    1479.79 0.0000e+00
       3802    149.000     8.2175     8.2154   3.631577   3.632952     2.2720    -0.0689      84.39 4.9473e-02 0.0000e+00    81.7147    5.90771    34.8243    34.8411    27.1033    1485.52    1479.83 0.0000e+00
       3814    150.000     8.2182     8.2163   3.631850   3.633211     2.2709    -0.0817      52.23 4.9485e-02 0.0000e+00    81.7426    5.90462    34.8260    34.8425    27.1046    1485.54    1479.86 0.0000e+00
       3828    151.000     8.2185     8.2167   3.632047   3.633427     2.2697    -0.0928      35.70 4.9474e-02 0.0000e+00    81.7172    5.90526    34.8274    34.8439    27.1056    1485.56    1479.90 0.0000e+00
       3852    152.000     8.2183     8.2167   3.632338   3.633705     2.2686    -0.0698      71.17 4.9461e-02 0.0000e+00    81.7721    5.90913    34.8302    34.8464    27.1078    1485.58    1479.94 0.0000e+00
       3930    153.000     8.2164     8.2148   3.632668   3.634066     2.2666    -0.0708      78.60 4.9488e-02 0.0000e+00    81.8174    5.90981    34.8351    34.8516    27.1120    1485.59    1479.98 0.0000e+00
       3966    154.000     8.2153     8.2137   3.632977   3.634341     2.2662    -0.0682      77.32 4.9478e-02 0.0000e+00    81.8432    5.90998    34.8390    34.8552    27.1152    1485.61    1480.01 0.0000e+00
