_data/ctd/2022603/sta0204.cnv
* Sea-Bird SBE 9 Data File:
* FileName = C:\Seabird\CTDData\sta0204.hex
* Software Version Seasave V 7.21f
* Temperature SN = 6264
* Conductivity SN = 4928
* Number of Bytes Per Scan = 40
* Number of Voltage Words = 5
* Number of Scans Averaged by the Deck Unit = 1
* NMEA Latitude = 61 02.85 N
* NMEA Longitude = 005 24.61 E
* NMEA UTC (Time) = Feb 15 2022 12:53:07
* NMEA baud rate = 4800
** Ship: R/V "Kristine Bonnevie"
** Station: 0204
** Echodepth: 1244
** Log: 0849.189
** Wind-Dir/Force: 21 03
** Air-temp (dry): 4.4
** Weather Sky:
** Sea:
# nquan = 19                                
# nvalues = 1249                        
# units = specified
# name 0 = scan: Scan Count
# name 1 = prDM: Pressure, Digiquartz [db]
# name 2 = t068C: Temperature [ITS-68, deg C]
# name 3 = t168C: Temperature, 2 [ITS-68, deg C]
# name 4 = c0S/m: Conductivity [S/m]
# name 5 = c1S/m: Conductivity, 2 [S/m]
# name 6 = sbeox0V: Oxygen raw, SBE 43 [V]
# name 7 = flECO-AFL: Fluorescence, WET Labs ECO-AFL/FL [mg/m^3]
# name 8 = altM: Altimeter [m]
# name 9 = par: PAR/Irradiance, Biospherical/Licor
# name 10 = spar: SPAR/Surface Irradiance
# name 11 = CStarTr0: Beam Transmission, WET Labs C-Star [%]
# name 12 = sbeox0ML/L: Oxygen, SBE 43 [ml/l], WS = 2
# name 13 = sal00: Salinity, Practical [PSU]
# name 14 = sal11: Salinity, Practical, 2 [PSU]
# name 15 = sigma-t00: Density [sigma-t, Kg/m^3 ]
# name 16 = svCM: Sound Velocity [Chen-Millero, m/s]
# name 17 = avgsvCM: Average Sound Velocity [Chen-Millero, m/s], minP = 1, minS = 5
# name 18 = flag: flag
# span 0 =         -5,      27634       
# span 1 =      3.000,   1251.000       
# span 2 =     6.2260,     9.3233       
# span 3 =     6.2244,     9.3220       
# span 4 =   3.117172,   3.678623       
# span 5 =   3.117617,   3.680047       
# span 6 =     1.5452,     2.4372       
# span 7 =    -0.0965,     0.5938       
# span 8 =       6.73,     100.27       
# span 9 = 4.9063e-02, 1.2186e+02       
# span 10 = 1.2791e+02, 3.4048e+02      
# span 11 =    77.6618,    81.5198      
# span 12 =    4.09426,    6.82298      
# span 13 =    31.1755,    35.0249      
# span 14 =    31.1855,    35.0410      
# span 15 =    24.5011,    27.3650      
# span 16 =    1470.99,    1501.39      
# span 17 =    1470.99,    1491.49      
# span 18 = 0.0000e+00, 0.0000e+00      
# interval = decibars: 1                
# start_time = Feb 15 2022 12:53:09 [System UTC, header]
# bad_flag = -9.990e-29
*END*
[from data line 839]
      17114    842.000     7.5053     7.5041   3.614538   3.615910     1.6489 -9.990e-29      62.71 4.9516e-02 -9.990e-29    81.3913    4.27368    35.0214    35.0374    27.3641    1494.49    1488.39 0.0000e+00
      17134    843.000     7.5054     7.5041   3.614583   3.615961     1.6488 -9.990e-29      88.44 4.9512e-02 -9.990e-29    81.3935    4.26983    35.0213    35.0375    27.3640    1494.51    1488.40 0.0000e+00
      17155    844.000     7.5055     7.5042   3.614636   3.616006     1.6483 -9.990e-29      60.08 4.9509e-02 -9.990e-29    81.3954    4.26716    35.0213    35.0374    27.3640    1494.53    1488.40 0.0000e+00
      17177    845.000     7.5055     7.5042   3.614681   3.616052     1.6479 -9.990e-29      97.88 4.9499e-02 -9.990e-29    81.3909    4.26690    35.0213    35.0374    27.3640    1494.54    1488.41 0.0000e+00
      17198    846.000     7.5055     7.5042   3.614728   3.616108     1.6475 -9.990e-29      30.82 4.9492e-02 -9.990e-29    81.3915    4.26648    35.0214    35.0376    27.3640    1494.56    1488.42 0.0000e+00
      17219    847.000     7.5054     7.5040   3.614753   3.616124     1.6473 -9.990e-29      85.66 4.9531e-02 -9.990e-29    81.3977    4.26435    35.0213    35.0375    27.3640    1494.58    1488.43 0.0000e+00
      17239    848.000     7.5052     7.5038   3.614787   3.616160     1.6467 -9.990e-29      98.66 4.9502e-02 -9.990e-29    81.3956    4.26404    35.0214    35.0376    27.3641    1494.59    1488.43 0.0000e+00
      17260    849.000     7.5049     7.5036   3.614811   3.616180     1.6464 -9.990e-29      91.30 4.9518e-02 -9.990e-29    81.3846    4.26641    35.0215    35.0376    27.3642    1494.61    1488.44 0.0000e+00
      17281    850.000     7.5049     7.5036   3.614851   3.616221     1.6463 -9.990e-29      98.77 4.9505e-02 -9.990e-29    81.3990    4.26499    35.0214    35.0375    27.3642    1494.62    1488.45 0.0000e+00
      17302    851.000     7.5048     7.5035   3.614880   3.616257     1.6459    -0.0628      87.97 4.9512e-02 1.8981e+02    81.3894    4.26602    35.0214    35.0376    27.3641    1494.64    1488.45 0.0000e+00
      17323    852.000     7.5048     7.5035   3.614935   3.616314     1.6459    -0.0673      98.79 4.9492e-02 1.8987e+02    81.3680    4.26252    35.0215    35.0377    27.3642    1494.66    1488.46 0.0000e+00
      17343    853.000     7.5050     7.5036   3.614997   3.616363     1.6450    -0.0651      91.09 4.9495e-02 1.8987e+02    81.4038    4.26116    35.0215    35.0377    27.3642    1494.67    1488.47 0.0000e+00
      17364    854.000     7.5051     7.5037   3.615040   3.616415     1.6453    -0.0670      70.24 4.9545e-02 1.8987e+02    81.3935    4.26733    35.0214    35.0377    27.3641    1494.69    1488.48 0.0000e+00
      17385    855.000     7.5050     7.5037   3.615083   3.616453     1.6449    -0.0668      68.56 4.9506e-02 1.8987e+02    81.3991    4.26178    35.0215    35.0376    27.3642    1494.71    1488.48 0.0000e+00
      17406    856.000     7.5054     7.5041   3.615164   3.616548     1.6445    -0.0707      71.36 4.9505e-02 1.9001e+02    81.3894    4.25780    35.0215    35.0378    27.3641    1494.73    1488.49 0.0000e+00
      17427    857.000     7.5059     7.5045   3.615256   3.616626     1.6439    -0.0622      60.82 4.9486e-02 -9.990e-29    81.4045    4.26240    35.0215    35.0377    27.3641    1494.74    1488.50 0.0000e+00
      17448    858.000     7.5061     7.5048   3.615318   3.616697     1.6443    -0.0540      75.68 4.9499e-02 -9.990e-29    81.4143    4.26648    35.0215    35.0377    27.3641    1494.76    1488.51 0.0000e+00
      17469    859.000     7.5062     7.5049   3.615391   3.616752     1.6439    -0.0604      55.73 4.9518e-02 -9.990e-29    81.4044    4.25940    35.0218    35.0378    27.3642    1494.78    1488.51 0.0000e+00
      17490    860.000     7.5061     7.5048   3.615420   3.616790     1.6434    -0.0602      77.46 4.9499e-02 -9.990e-29    81.3877    4.25571    35.0217    35.0378    27.3642    1494.79    1488.52 0.0000e+00
      17511    861.000     7.5061     7.5048   3.615461   3.616834     1.6428 -9.990e-29      43.66 4.9485e-02 -9.990e-29    81.3975    4.25340    35.0217    35.0378    27.3642    1494.81    1488.53 0.0000e+00
      17532    862.000     7.5061     7.5048   3.615513   3.616882     1.6425 -9.990e-29      97.15 4.9492e-02 -9.990e-29    81.3846    4.25883    35.0218    35.0379    27.3642    1494.83    1488.53 0.0000e+00
      17553    863.000     7.5061     7.5047   3.615554   3.616920     1.6423 -9.990e-29      93.52 4.9527e-02 -9.990e-29    81.3664    4.25323    35.0217    35.0379    27.3642    1494.84    1488.54 0.0000e+00
      17575    864.000     7.5059     7.5046   3.615589   3.616962     1.6414 -9.990e-29      95.07 4.9486e-02 -9.990e-29    81.3515    4.25070    35.0219    35.0380    27.3643    1494.86    1488.55 0.0000e+00
      17596    865.000     7.5060     7.5047   3.615630   3.617013     1.6413    -0.0558      86.38 4.9492e-02 1.9175e+02    81.3431    4.25782    35.0217    35.0380    27.3642    1494.88    1488.56 0.0000e+00
      17617    866.000     7.5061     7.5048   3.615694   3.617064     1.6412    -0.0558      87.95 4.9505e-02 1.9187e+02    81.3425    4.25882    35.0219    35.0380    27.3643    1494.89    1488.56 0.0000e+00
      17638    867.000     7.5061     7.5048   3.615729   3.617116     1.6412    -0.0558      89.45 4.9499e-02 1.9187e+02    81.3613    4.25501    35.0218    35.0381    27.3642    1494.91    1488.57 0.0000e+00
      17659    868.000     7.5062     7.5049   3.615790   3.617164     1.6406    -0.0558      87.57 4.9512e-02 1.9187e+02    81.3443    4.24785    35.0219    35.0380    27.3643    1494.93    1488.58 0.0000e+00
      17679    869.000     7.5064     7.5050   3.615847   3.617222     1.6400    -0.0558      88.19 4.9502e-02 1.9187e+02    81.3447    4.25088    35.0218    35.0381    27.3642    1494.95    1488.59 0.0000e+00
      17700    870.000     7.5063     7.5050   3.615889   3.617267     1.6398    -0.0591      78.12 4.9519e-02 1.9187e+02    81.3285    4.25162    35.0219    35.0381    27.3643    1494.96    1488.59 0.0000e+00
      17721    871.000     7.5063     7.5050   3.615937   3.617313     1.6395    -0.0631      90.76 4.9492e-02 1.9187e+02    81.3429    4.25108    35.0219    35.0381    27.3644    1494.98    1488.60 0.0000e+00
      17742    872.000     7.5064     7.5051   3.615987   3.617360     1.6391    -0.0635      74.68 4.9492e-02 1.9187e+02    81.3588    4.24514    35.0219    35.0381    27.3643    1494.99    1488.61 0.0000e+00
      17763    873.000     7.5064     7.5052   3.616035   3.617416     1.6383    -0.0642      88.54 4.9472e-02 1.9187e+02    81.3529    4.24632    35.0220    35.0381    27.3644    1495.01    1488.61 0.0000e+00
      17784    874.000     7.5064     7.5051   3.616080   3.617456     1.6384    -0.0600      59.23 4.9486e-02 1.9187e+02    81.3405    4.24652    35.0220    35.0382    27.3644    1495.03    1488.62 0.0000e+00
      17805    875.000     7.5063     7.5050   3.616120   3.617489     1.6374    -0.0646      91.15 4.9505e-02 1.9187e+02    81.3446    4.24222    35.0221    35.0381    27.3644    1495.04    1488.63 0.0000e+00
      17827    876.000     7.5062     7.5049   3.616156   3.617533     1.6375    -0.0613      53.43 4.9464e-02 1.9187e+02    81.3544    4.25070    35.0221    35.0383    27.3645    1495.06    1488.64 0.0000e+00
      17848    877.000     7.5063     7.5050   3.616209   3.617580     1.6372    -0.0610      84.06 4.9496e-02 1.9187e+02    81.3432    4.24406    35.0221    35.0382    27.3645    1495.08    1488.64 0.0000e+00
      17870    878.000     7.5064     7.5051   3.616255   3.617626     1.6368    -0.0638      44.71 4.9492e-02 1.9187e+02    81.3280    4.24582    35.0220    35.0381    27.3644    1495.09    1488.65 0.0000e+00
      17891    879.000     7.5065     7.5052   3.616310   3.617686     1.6368    -0.0672      89.16 4.9512e-02 1.9187e+02    81.3462    4.24573    35.0220    35.0382    27.3644    1495.11    1488.66 0.0000e+00
      17913    880.000     7.5065     7.5052   3.616348   3.617726     1.6362 -9.990e-29      42.81 4.9489e-02 1.9187e+02    81.3688    4.24477    35.0220    35.0382    27.3644    1495.13    1488.67 0.0000e+00
      17935    881.000     7.5066     7.5053   3.616412   3.617788     1.6362 -9.990e-29      87.48 4.9496e-02 1.9187e+02    81.3440    4.24520    35.0221    35.0383    27.3644    1495.14    1488.67 0.0000e+00
      17957    882.000     7.5066     7.5053   3.616464   3.617828     1.6359 -9.990e-29      46.21 4.9496e-02 1.9187e+02    81.3835    4.24070    35.0222    35.0382    27.3645    1495.16    1488.68 0.0000e+00
      17978    883.000     7.5066     7.5053   3.616504   3.617876     1.6352 -9.990e-29      81.49 4.9490e-02 1.9187e+02    81.3658    4.23959    35.0222    35.0383    27.3645    1495.18    1488.69 0.0000e+00
      18000    884.000     7.5066     7.5053   3.616546   3.617923     1.6351 -9.990e-29      42.94 4.9492e-02 1.9187e+02    81.3576    4.24319    35.0222    35.0383    27.3645    1495.19    1488.69 0.0000e+00
      18021    885.000     7.5066     7.5053   3.616583   3.617962     1.6348 -9.990e-29      96.67 4.9512e-02 1.9187e+02    81.3636    4.24231    35.0221    35.0383    27.3644    1495.21    1488.70 0.0000e+00
      18042    886.000     7.5067     7.5053   3.616639   3.618018     1.6346 -9.990e-29      98.77 4.9512e-02 1.9187e+02    81.3536    4.24201    35.0221    35.0384    27.3644    1495.23    1488.71 0.0000e+00
      18063    887.000     7.5066     7.5054   3.616692   3.618062     1.6342 -9.990e-29      98.78 4.9512e-02 1.9187e+02    81.3399    4.23759    35.0223    35.0383    27.3646    1495.24    1488.72 0.0000e+00
      18084    888.000     7.5066     7.5053   3.616727   3.618096     1.6338 -9.990e-29      98.78 4.9525e-02 1.9187e+02    81.3671    4.23559    35.0222    35.0383    27.3645    1495.26    1488.72 0.0000e+00
      18105    889.000     7.5065     7.5053   3.616761   3.618142     1.6331    -0.0645      53.99 4.9505e-02 1.9187e+02    81.3406    4.23450    35.0222    35.0384    27.3646    1495.28    1488.73 0.0000e+00
      18126    890.000     7.5066     7.5052   3.616810   3.618198     1.6330    -0.0602      92.01 4.9492e-02 1.9187e+02    81.3506    4.24031    35.0222    35.0386    27.3645    1495.29    1488.74 0.0000e+00
      18147    891.000     7.5066     7.5053   3.616869   3.618237     1.6329    -0.0684      98.76 4.9499e-02 1.9187e+02    81.3544    4.23531    35.0224    35.0385    27.3646    1495.31    1488.75 0.0000e+00
      18168    892.000     7.5067     7.5054   3.616916   3.618287     1.6322    -0.0664      83.64 4.9472e-02 1.9187e+02    81.3219    4.23037    35.0223    35.0384    27.3646    1495.33    1488.75 0.0000e+00
      18189    893.000     7.5068     7.5055   3.616965   3.618339     1.6317    -0.0630      98.98 4.9532e-02 1.9187e+02    81.3268    4.23562    35.0223    35.0384    27.3645    1495.34    1488.76 0.0000e+00
      18210    894.000     7.5068     7.5055   3.617010   3.618390     1.6317    -0.0558      61.46 4.9490e-02 1.9187e+02    81.3141    4.23486    35.0223    35.0385    27.3646    1495.36    1488.77 0.0000e+00
      18232    895.000     7.5069     7.5057   3.617069   3.618439     1.6313    -0.0558      98.45 4.9525e-02 -9.990e-29    81.2994    4.23263    35.0224    35.0384    27.3646    1495.38    1488.78 0.0000e+00
      18253    896.000     7.5070     7.5057   3.617119   3.618488     1.6310    -0.0558      62.19 4.9485e-02 -9.990e-29    81.3034    4.22922    35.0223    35.0384    27.3646    1495.40    1488.78 0.0000e+00
      18274    897.000     7.5070     7.5058   3.617172   3.618547     1.6303    -0.0558      99.17 4.9512e-02 -9.990e-29    81.3084    4.22740    35.0225    35.0385    27.3646    1495.41    1488.79 0.0000e+00
      18296    898.000     7.5070     7.5058   3.617202   3.618586     1.6299    -0.0558      43.92 4.9515e-02 1.9155e+02    81.2893    4.23020    35.0223    35.0385    27.3645    1495.43    1488.80 0.0000e+00
      18317    899.000     7.5069     7.5056   3.617247   3.618624     1.6296    -0.0500      98.67 4.9499e-02 1.9104e+02    81.2776    4.22859    35.0224    35.0386    27.3646    1495.44    1488.80 0.0000e+00
      18338    900.000     7.5069     7.5056   3.617293   3.618667     1.6292    -0.0632      35.19 4.9499e-02 1.9079e+02    81.2868    4.22807    35.0225    35.0386    27.3647    1495.46    1488.81 0.0000e+00
      18359    901.000     7.5070     7.5057   3.617344   3.618723     1.6291    -0.0658      98.73 4.9499e-02 1.9159e+02    81.3050    4.22889    35.0224    35.0386    27.3646    1495.48    1488.82 0.0000e+00
      18380    902.000     7.5070     7.5058   3.617401   3.618769     1.6288    -0.0587      98.78 4.9499e-02 1.9091e+02    81.2818    4.22777    35.0226    35.0386    27.3648    1495.49    1488.83 0.0000e+00
      18401    903.000     7.5071     7.5058   3.617448   3.618818     1.6284    -0.0631      94.55 4.9499e-02 1.9117e+02    81.2700    4.22796    35.0225    35.0386    27.3647    1495.51    1488.83 0.0000e+00
      18422    904.000     7.5072     7.5059   3.617497   3.618869     1.6282    -0.0690      53.08 4.9505e-02 1.9188e+02    81.2911    4.22847    35.0225    35.0386    27.3647    1495.53    1488.84 0.0000e+00
      18443    905.000     7.5072     7.5059   3.617548   3.618928     1.6281    -0.0615      92.58 4.9505e-02 1.9187e+02    81.2799    4.22416    35.0226    35.0388    27.3647    1495.55    1488.85 0.0000e+00
      18464    906.000     7.5073     7.5060   3.617601   3.618972     1.6273    -0.0601      51.10 4.9505e-02 1.9187e+02    81.2812    4.22001    35.0226    35.0387    27.3647    1495.56    1488.86 0.0000e+00
      18485    907.000     7.5074     7.5062   3.617648   3.619030     1.6271    -0.0616      87.04 4.9512e-02 1.9187e+02    81.2749    4.22421    35.0225    35.0387    27.3647    1495.58    1488.86 0.0000e+00
      18506    908.000     7.5075     7.5062   3.617698   3.619077     1.6267    -0.0577      50.65 4.9486e-02 1.9187e+02    81.2646    4.22129    35.0225    35.0387    27.3646    1495.60    1488.87 0.0000e+00
      18527    909.000     7.5075     7.5062   3.617747   3.619119     1.6263 -9.990e-29      79.54 4.9492e-02 1.9187e+02    81.2698    4.22395    35.0226    35.0387    27.3647    1495.61    1488.88 0.0000e+00
      18548    910.000     7.5076     7.5063   3.617803   3.619169     1.6261 -9.990e-29      98.53 4.9505e-02 1.9187e+02    81.2526    4.22179    35.0226    35.0387    27.3647    1495.63    1488.89 0.0000e+00
      18569    911.000     7.5076     7.5063   3.617843   3.619216     1.6258 -9.990e-29      91.16 4.9512e-02 1.9187e+02    81.2784    4.22137    35.0226    35.0387    27.3647    1495.65    1488.89 0.0000e+00
      18590    912.000     7.5077     7.5064   3.617896   3.619268     1.6255 -9.990e-29      98.67 4.9538e-02 1.9190e+02    81.2713    4.22087    35.0226    35.0387    27.3647    1495.66    1488.90 0.0000e+00
      18611    913.000     7.5077     7.5064   3.617947   3.619316     1.6253 -9.990e-29      90.18 4.9499e-02 -9.990e-29    81.2616    4.22160    35.0227    35.0388    27.3647    1495.68    1488.91 0.0000e+00
      18632    914.000     7.5078     7.5065   3.617993   3.619371     1.6249 -9.990e-29      98.52 4.9512e-02 -9.990e-29    81.2281    4.21568    35.0226    35.0388    27.3646    1495.70    1488.92 0.0000e+00
      18653    915.000     7.5079     7.5067   3.618053   3.619421     1.6243 -9.990e-29      98.62 4.9498e-02 -9.990e-29    81.2578    4.21611    35.0227    35.0387    27.3647    1495.71    1488.92 0.0000e+00
      18675    916.000     7.5081     7.5068   3.618103   3.619474     1.6240 -9.990e-29      97.98 4.9509e-02 -9.990e-29    81.2184    4.21920    35.0226    35.0387    27.3646    1495.73    1488.93 0.0000e+00
