_data/ctd/2022603/sta0183.cnv
* Sea-Bird SBE 9 Data File:
* FileName = C:\Seabird\CTDData\sta0183.hex
* Software Version Seasave V 7.21f
* Temperature SN = 6264
* Conductivity SN = 4928
* Number of Bytes Per Scan = 40
* Number of Voltage Words = 5
* Number of Scans Averaged by the Deck Unit = 1
* NMEA Latitude = 61 12.16 N
* NMEA Longitude = 007 04.79 E
* NMEA UTC (Time) = Feb 14 2022 08:22:39
* NMEA baud rate = 4800
** Ship: R/V "Kristine Bonnevie"
** Station: 0183
** Echodepth: 260
** Log: 0714.907
** Wind-Dir/Force: 09 04
** Air-temp (dry): 2.3
** Weather Sky:
** Sea:
# nquan = 19                                
# nvalues = 247                         
# units = specified
# name 0 = scan: Scan Count
# name 1 = prDM: Pressure, Digiquartz [db]
# name 2 = t068C: Temperature [ITS-68, deg C]
# name 3 = t168C: Temperature, 2 [ITS-68, deg C]
# name 4 = c0S/m: Conductivity [S/m]
# name 5 = c1S/m: Conductivity, 2 [S/m]
# name 6 = sbeox0V: Oxygen raw, SBE 43 [V]
# name 7 = flECO-AFL: Fluorescence, WET Labs ECO-AFL/FL [mg/m^3]
# name 8 = altM: Altimeter [m]
# name 9 = par: PAR/Irradiance, Biospherical/Licor
# name 10 = spar: SPAR/Surface Irradiance
# name 11 = CStarTr0: Beam Transmission, WET Labs C-Star [%]
# name 12 = sbeox0ML/L: Oxygen, SBE 43 [ml/l], WS = 2
# name 13 = sal00: Salinity, Practical [PSU]
# name 14 = sal11: Salinity, Practical, 2 [PSU]
# name 15 = sigma-t00: Density [sigma-t, Kg/m^3 ]
# name 16 = svCM: Sound Velocity [Chen-Millero, m/s]
# name 17 = avgsvCM: Average Sound Velocity [Chen-Millero, m/s], minP = 1, minS = 5
# name 18 = flag: flag
# span 0 =        392,       5702       
# span 1 =      2.000,    248.000       
# span 2 =     4.4024,    10.1463       
# span 3 =     4.4082,    10.1521       
# span 4 =   2.532123,   3.653196       
# span 5 =   2.534055,   3.654794       
# span 6 =     1.3491,     2.4651       
# span 7 =    -0.0555,     0.8013       
# span 8 =      11.17,      99.69       
# span 9 = 4.9452e-02, 2.1036e+01       
# span 10 = 4.9967e+01, 5.1965e+01      
# span 11 =    67.9212,    80.1638      
# span 12 =    2.85685,    7.46362      
# span 13 =    26.2044,    34.1571      
# span 14 =    26.2217,    34.1730      
# span 15 =    20.7640,    26.5522      
# span 16 =    1457.06,    1488.70      
# span 17 =    1457.06,    1484.05      
# span 18 = 0.0000e+00, 0.0000e+00      
# interval = decibars: 1                
# start_time = Feb 14 2022 08:22:41 [System UTC, header]
# bad_flag = -9.990e-29
*END*
[from data line 77]
       2144     79.000     8.4499     8.4484   3.578310   3.579671     1.4335 -9.990e-29      78.02 4.9505e-02 4.9967e+01    67.9928    3.14133    34.0638    34.0797    26.4711    1484.30    1480.70 0.0000e+00
       2165     80.000     8.4527     8.4510   3.578872   3.580244     1.4370 -9.990e-29      98.48 4.9505e-02 4.9967e+01    67.9626    3.16849    34.0666    34.0828    26.4729    1484.33    1480.75 0.0000e+00
       2186     81.000     8.4539     8.4523   3.579139   3.580497     1.4428 -9.990e-29      98.45 4.9518e-02 4.9967e+01    67.9716    3.20851    34.0678    34.0837    26.4736    1484.35    1480.79 0.0000e+00
       2207     82.000     8.4558     8.4540   3.579580   3.580898     1.4498 -9.990e-29      95.90 4.9492e-02 4.9967e+01    67.9715    3.23971    34.0702    34.0859    26.4752    1484.38    1480.84 0.0000e+00
       2228     83.000     8.4495     8.4483   3.579106   3.580470     1.4570 -9.990e-29      93.48 4.9525e-02 4.9967e+01    67.9628    3.25736    34.0708    34.0864    26.4766    1484.37    1480.88 0.0000e+00
       2249     84.000     8.4377     8.4361   3.578090   3.579380     1.4627 -9.990e-29      97.16 4.9505e-02 4.9967e+01    67.9574    3.26742    34.0709    34.0862    26.4786    1484.34    1480.92 0.0000e+00
       2270     85.000     8.4360     8.4342   3.578225   3.579590     1.4685 -9.990e-29      94.24 4.9499e-02 4.9967e+01    67.9565    3.28145    34.0735    34.0897    26.4809    1484.35    1480.96 0.0000e+00
       2292     86.000     8.4363     8.4347   3.578460   3.579822     1.4729    -0.0199      96.18 4.9471e-02 4.9967e+01    67.9797    3.28231    34.0753    34.0912    26.4822    1484.37    1481.00 0.0000e+00
       2313     87.000     8.4406     8.4388   3.579097   3.580450     1.4765    -0.0252      91.44 4.9508e-02 4.9967e+01    67.9969    3.28464    34.0774    34.0935    26.4832    1484.41    1481.04 0.0000e+00
       2335     88.000     8.4355     8.4346   3.578652   3.580018     1.4796    -0.0253      95.55 4.9499e-02 4.9967e+01    68.0341    3.29071    34.0771    34.0925    26.4838    1484.41    1481.08 0.0000e+00
       2356     89.000     8.4432     8.4408   3.579811   3.581188     1.4823    -0.0253      89.72 4.9496e-02 4.9967e+01    68.0514    3.29696    34.0815    34.0984    26.4860    1484.46    1481.12 0.0000e+00
       2378     90.000     8.4484     8.4466   3.580575   3.581919     1.4847    -0.0253      94.83 4.9533e-02 4.9967e+01    68.0707    3.30008    34.0841    34.1001    26.4873    1484.50    1481.15 0.0000e+00
       2400     91.000     8.4453     8.4442   3.580416   3.581783     1.4867    -0.0253      89.58 4.9479e-02 4.9967e+01    68.1005    3.30873    34.0849    34.1005    26.4884    1484.50    1481.19 0.0000e+00
       2421     92.000     8.4408     8.4393   3.580164   3.581527     1.4895 -9.990e-29      74.17 4.9538e-02 4.9967e+01    68.1524    3.32628    34.0861    34.1020    26.4900    1484.50    1481.23 0.0000e+00
       2442     93.000     8.4406     8.4392   3.580239   3.581610     1.4925 -9.990e-29      48.08 4.9498e-02 4.9967e+01    68.1855    3.33861    34.0866    34.1025    26.4905    1484.52    1481.26 0.0000e+00
       2463     94.000     8.4380     8.4367   3.580194   3.581550     1.4954 -9.990e-29      96.13 4.9552e-02 4.9967e+01    68.2118    3.34365    34.0882    34.1038    26.4921    1484.53    1481.30 0.0000e+00
       2484     95.000     8.4348     8.4334   3.580079   3.581433     1.4979 -9.990e-29      81.16 4.9511e-02 4.9967e+01    68.2751    3.34613    34.0896    34.1053    26.4937    1484.53    1481.33 0.0000e+00
       2505     96.000     8.4316     8.4304   3.579874   3.581250     1.4995    -0.0253      98.92 4.9478e-02 4.9967e+01    68.3130    3.34227    34.0901    34.1058    26.4945    1484.54    1481.36 0.0000e+00
       2527     97.000     8.4290     8.4272   3.579708   3.581032     1.5007    -0.0253      78.62 4.9490e-02 4.9967e+01    68.3689    3.34521    34.0904    34.1061    26.4951    1484.55    1481.40 0.0000e+00
       2548     98.000     8.4239     8.4228   3.579398   3.580786     1.5016    -0.0253      57.45 4.9511e-02 4.9967e+01    68.3998    3.34190    34.0915    34.1073    26.4968    1484.55    1481.43 0.0000e+00
       2569     99.000     8.4206     8.4195   3.579240   3.580612     1.5018    -0.0253      79.93 4.9512e-02 4.9967e+01    68.4550    3.33831    34.0926    34.1082    26.4982    1484.55    1481.46 0.0000e+00
       2590    100.000     8.4181     8.4163   3.579205   3.580529     1.5018    -0.0253      49.34 4.9512e-02 4.9967e+01    68.4919    3.33293    34.0942    34.1099    26.4998    1484.56    1481.49 0.0000e+00
       2611    101.000     8.4227     8.4211   3.579961   3.581361     1.5010    -0.0253      84.84 4.9512e-02 4.9967e+01    68.4971    3.31920    34.0972    34.1136    26.5015    1484.60    1481.52 0.0000e+00
       2632    102.000     8.4238     8.4223   3.580170   3.581519     1.4994    -0.0253      43.45 4.9505e-02 4.9967e+01    68.5224    3.30763    34.0979    34.1137    26.5019    1484.62    1481.55 0.0000e+00
       2653    103.000     8.4211     8.4198   3.579985   3.581343     1.4973    -0.0253      98.37 4.9534e-02 4.9967e+01    68.5825    3.30162    34.0981    34.1137    26.5024    1484.63    1481.58 0.0000e+00
       2674    104.000     8.4194     8.4180   3.579919   3.581280     1.4958    -0.0253      94.92 4.9487e-02 4.9967e+01    68.6129    3.30445    34.0986    34.1143    26.5031    1484.64    1481.61 0.0000e+00
       2695    105.000     8.4179     8.4167   3.579900   3.581268     1.4948    -0.0253      85.03 4.9505e-02 4.9968e+01    68.6738    3.30599    34.0993    34.1150    26.5039    1484.65    1481.64 0.0000e+00
       2717    106.000     8.4149     8.4136   3.579774   3.581143     1.4942 -9.990e-29      11.17 4.9531e-02 -9.990e-29    68.7303    3.30744    34.1004    34.1162    26.5052    1484.65    1481.67 0.0000e+00
       2738    107.000     8.4149     8.4133   3.579843   3.581208     1.4935 -9.990e-29      62.55 4.9493e-02 -9.990e-29    68.7919    3.30434    34.1007    34.1167    26.5054    1484.67    1481.70 0.0000e+00
       2758    108.000     8.4145     8.4130   3.579895   3.581249     1.4929 -9.990e-29      74.04 4.9529e-02 -9.990e-29    68.8166    3.29891    34.1012    34.1170    26.5058    1484.69    1481.72 0.0000e+00
       2779    109.000     8.4138     8.4123   3.579910   3.581275     1.4914 -9.990e-29      65.15 4.9505e-02 -9.990e-29    68.8368    3.29094    34.1015    34.1175    26.5062    1484.70    1481.75 0.0000e+00
       2800    110.000     8.4138     8.4123   3.579982   3.581345     1.4902    -0.0253      62.66 4.9452e-02 5.0564e+01    68.8685    3.28720    34.1018    34.1177    26.5065    1484.72    1481.78 0.0000e+00
       2821    111.000     8.4138     8.4123   3.580071   3.581422     1.4888    -0.0253      69.49 4.9531e-02 5.0627e+01    68.8546    3.28327    34.1023    34.1181    26.5068    1484.73    1481.80 0.0000e+00
       2842    112.000     8.4133     8.4118   3.580170   3.581531     1.4875    -0.0253      57.17 4.9480e-02 5.0262e+01    68.8849    3.28049    34.1034    34.1192    26.5077    1484.75    1481.83 0.0000e+00
       2863    113.000     8.4126     8.4109   3.580195   3.581533     1.4865    -0.0253      80.88 4.9488e-02 5.0694e+01    68.9061    3.27860    34.1038    34.1197    26.5082    1484.76    1481.86 0.0000e+00
       2883    114.000     8.4128     8.4115   3.580284   3.581677     1.4853    -0.0253      51.90 4.9539e-02 5.0608e+01    68.9666    3.27428    34.1041    34.1201    26.5084    1484.78    1481.88 0.0000e+00
       2904    115.000     8.4127     8.4113   3.580349   3.581709     1.4841    -0.0253      87.04 4.9538e-02 5.0445e+01    68.9987    3.27144    34.1044    34.1202    26.5087    1484.80    1481.91 0.0000e+00
       2926    116.000     8.4130     8.4113   3.580485   3.581833     1.4831    -0.0253      51.11 4.9464e-02 5.0689e+01    69.0676    3.26899    34.1051    34.1210    26.5091    1484.82    1481.93 0.0000e+00
       2947    117.000     8.4131     8.4119   3.580651   3.582025     1.4818    -0.0253      83.46 4.9537e-02 5.0699e+01    69.1027    3.26253    34.1063    34.1220    26.5101    1484.84    1481.96 0.0000e+00
       2968    118.000     8.4124     8.4104   3.580668   3.581988     1.4806    -0.0253      41.63 4.9499e-02 5.0972e+01    69.1434    3.26223    34.1067    34.1226    26.5105    1484.85    1481.98 0.0000e+00
       2989    119.000     8.4114     8.4099   3.580650   3.582007     1.4797    -0.0253      89.22 4.9499e-02 5.1183e+01    69.2277    3.26706    34.1070    34.1228    26.5109    1484.86    1482.01 0.0000e+00
       3010    120.000     8.4108     8.4092   3.580674   3.582021     1.4797    -0.0253      36.46 4.9518e-02 5.1225e+01    69.3116    3.26788    34.1073    34.1232    26.5112    1484.88    1482.03 0.0000e+00
       3031    121.000     8.4111     8.4096   3.580846   3.582206     1.4789    -0.0253      98.13 4.9551e-02 5.1460e+01    69.3536    3.26206    34.1084    34.1243    26.5120    1484.90    1482.05 0.0000e+00
       3052    122.000     8.4117     8.4101   3.581009   3.582373     1.4783    -0.0253      97.54 4.9538e-02 5.1684e+01    69.4328    3.26417    34.1091    34.1251    26.5125    1484.92    1482.08 0.0000e+00
       3073    123.000     8.4156     8.4140   3.581589   3.582967     1.4781    -0.0253      96.10 4.9505e-02 5.1396e+01    69.4975    3.26461    34.1110    34.1271    26.5134    1484.95    1482.10 0.0000e+00
       3094    124.000     8.4292     8.4269   3.583219   3.584609     1.4777    -0.0253      23.50 4.9529e-02 5.1725e+01    69.5330    3.26398    34.1146    34.1316    26.5141    1485.02    1482.12 0.0000e+00
       3114    125.000     8.4320     8.4304   3.583577   3.584939     1.4777    -0.0253      99.69 4.9525e-02 -9.990e-29    69.6172    3.26488    34.1152    34.1312    26.5142    1485.05    1482.15 0.0000e+00
       3135    126.000     8.4312     8.4297   3.583557   3.584924     1.4777    -0.0253      79.59 4.9465e-02 -9.990e-29    69.6822    3.26850    34.1153    34.1312    26.5144    1485.06    1482.17 0.0000e+00
       3156    127.000     8.4303     8.4287   3.583560   3.584913     1.4779    -0.0108      42.43 4.9479e-02 -9.990e-29    69.6907    3.27032    34.1157    34.1316    26.5149    1485.08    1482.19 0.0000e+00
       3177    128.000     8.4315     8.4299   3.583778   3.585137     1.4781    -0.0021      98.25 4.9557e-02 -9.990e-29    69.7582    3.27153    34.1164    34.1324    26.5152    1485.10    1482.22 0.0000e+00
       3197    129.000     8.4327     8.4311   3.584000   3.585357     1.4783    -0.0249      98.71 4.9496e-02 -9.990e-29    69.7885    3.27194    34.1171    34.1331    26.5156    1485.12    1482.24 0.0000e+00
       3218    130.000     8.4337     8.4321   3.584181   3.585534     1.4785 -9.990e-29      33.05 4.9499e-02 -9.990e-29    69.8597    3.27069    34.1176    34.1335    26.5158    1485.14    1482.26 0.0000e+00
       3238    131.000     8.4288     8.4280   3.583733   3.585123     1.4783 -9.990e-29      89.68 4.9495e-02 -9.990e-29    69.9064    3.26827    34.1171    34.1326    26.5162    1485.14    1482.28 0.0000e+00
       3259    132.000     8.4245     8.4234   3.583395   3.584804     1.4780 -9.990e-29      59.05 4.9492e-02 -9.990e-29    69.9381    3.26571    34.1173    34.1332    26.5169    1485.14    1482.30 0.0000e+00
       3280    133.000     8.4237     8.4227   3.583393   3.584789     1.4773 -9.990e-29      84.80 4.9474e-02 -9.990e-29    70.0104    3.26486    34.1175    34.1333    26.5173    1485.15    1482.32 0.0000e+00
       3300    134.000     8.4225     8.4212   3.583317   3.584693     1.4775 -9.990e-29      61.98 4.9485e-02 -9.990e-29    70.1043    3.26734    34.1174    34.1333    26.5174    1485.16    1482.35 0.0000e+00
       3321    135.000     8.4200     8.4186   3.583173   3.584539     1.4770 -9.990e-29      76.27 4.9499e-02 -9.990e-29    70.1988    3.26778    34.1178    34.1337    26.5181    1485.17    1482.37 0.0000e+00
       3342    136.000     8.4199     8.4184   3.583257   3.584612     1.4771 -9.990e-29      64.07 4.9523e-02 -9.990e-29    70.2794    3.27283    34.1184    34.1342    26.5185    1485.19    1482.39 0.0000e+00
       3362    137.000     8.4168     8.4166   3.583034   3.584485     1.4775 -9.990e-29      65.04 4.9479e-02 -9.990e-29    70.3784    3.27329    34.1185    34.1341    26.5191    1485.19    1482.41 0.0000e+00
       3383    138.000     8.4140     8.4127   3.582814   3.584178     1.4773 -9.990e-29      73.45 4.9488e-02 -9.990e-29    70.4598    3.27020    34.1184    34.1341    26.5195    1485.20    1482.43 0.0000e+00
       3403    139.000     8.4109     8.4093   3.582590   3.583897     1.4774    -0.0253      54.54 4.9460e-02 5.1965e+01    70.5349    3.27416    34.1186    34.1340    26.5201    1485.20    1482.45 0.0000e+00
       3423    140.000     8.4096     8.4085   3.582529   3.583925     1.4774    -0.0253      82.89 4.9551e-02 5.1965e+01    70.6146    3.27136    34.1187    34.1346    26.5204    1485.22    1482.47 0.0000e+00
       3443    141.000     8.4083     8.4070   3.582484   3.583859     1.4771    -0.0253      44.95 4.9536e-02 5.1965e+01    70.6832    3.26976    34.1190    34.1349    26.5208    1485.23    1482.49 0.0000e+00
       3464    142.000     8.4069     8.4053   3.582440   3.583800     1.4770    -0.0253      96.91 4.9571e-02 5.1965e+01    70.7716    3.26722    34.1195    34.1354    26.5213    1485.24    1482.51 0.0000e+00
       3484    143.000     8.4055     8.4042   3.582423   3.583808     1.4763    -0.0253      35.93 4.9473e-02 5.1965e+01    70.8153    3.26710    34.1202    34.1361    26.5221    1485.25    1482.53 0.0000e+00
       3504    144.000     8.4064     8.4048   3.582604   3.583969     1.4762    -0.0253      39.40 4.9518e-02 5.1965e+01    70.9436    3.27061    34.1207    34.1368    26.5224    1485.27    1482.54 0.0000e+00
       3524    145.000     8.4072     8.4059   3.582783   3.584177     1.4764    -0.0253      21.02 4.9522e-02 5.1965e+01    71.0005    3.27376    34.1214    34.1374    26.5228    1485.29    1482.56 0.0000e+00
       3544    146.000     8.4084     8.4072   3.583041   3.584451     1.4762    -0.0253      97.71 4.9550e-02 5.1965e+01    71.0667    3.26698    34.1225    34.1386    26.5235    1485.31    1482.58 0.0000e+00
       3564    147.000     8.4093     8.4077   3.583218   3.584578     1.4758    -0.0253      32.64 4.9550e-02 5.1965e+01    71.1222    3.26263    34.1230    34.1390    26.5238    1485.34    1482.60 0.0000e+00
       3585    148.000     8.4094     8.4081   3.583304   3.584664     1.4748    -0.0253      24.43 4.9543e-02 5.1965e+01    71.1996    3.25641    34.1234    34.1390    26.5240    1485.35    1482.62 0.0000e+00
       3605    149.000     8.4090     8.4075   3.583361   3.584706     1.4741    -0.0253      66.71 4.9492e-02 5.1965e+01    71.2709    3.25829    34.1239    34.1396    26.5245    1485.37    1482.64 0.0000e+00
       3626    150.000     8.4089     8.4074   3.583406   3.584762     1.4736    -0.0253      88.37 4.9509e-02 5.1965e+01    71.3399    3.25778    34.1240    34.1398    26.5246    1485.38    1482.66 0.0000e+00
       3646    151.000     8.4090     8.4074   3.583532   3.584903     1.4729    -0.0253      98.46 4.9525e-02 5.1965e+01    71.4228    3.25302    34.1248    34.1408    26.5252    1485.40    1482.67 0.0000e+00
       3667    152.000     8.4090     8.4076   3.583629   3.585012     1.4722    -0.0253      45.74 4.9550e-02 5.1965e+01    71.4967    3.25020    34.1253    34.1413    26.5256    1485.42    1482.69 0.0000e+00
       3687    153.000     8.4090     8.4074   3.583736   3.585091     1.4713    -0.0253      56.06 4.9525e-02 5.1965e+01    71.5730    3.24956    34.1260    34.1419    26.5261    1485.44    1482.71 0.0000e+00
