_data/ctd/2022603/sta0168.cnv
* Sea-Bird SBE 9 Data File:
* FileName = C:\Seabird\CTDData\sta0168.hex
* Software Version Seasave V 7.21f
* Temperature SN = 6264
* Conductivity SN = 4928
* Number of Bytes Per Scan = 40
* Number of Voltage Words = 5
* Number of Scans Averaged by the Deck Unit = 1
* NMEA Latitude = 60 51.98 N
* NMEA Longitude = 005 30.63 E
* NMEA UTC (Time) = Feb 12 2022 19:47:13
* NMEA baud rate = 4800
** Ship: R/V "Kristine Bonnevie"
** Station: 0168
** Echodepth: 183
** Log: 0501.170
** Wind-Dir/Force: 54 09
** Air-temp (dry): 6.6
** Weather Sky:
** Sea:
# nquan = 19                                
# nvalues = 171                         
# units = specified
# name 0 = scan: Scan Count
# name 1 = prDM: Pressure, Digiquartz [db]
# name 2 = t068C: Temperature [ITS-68, deg C]
# name 3 = t168C: Temperature, 2 [ITS-68, deg C]
# name 4 = c0S/m: Conductivity [S/m]
# name 5 = c1S/m: Conductivity, 2 [S/m]
# name 6 = sbeox0V: Oxygen raw, SBE 43 [V]
# name 7 = flECO-AFL: Fluorescence, WET Labs ECO-AFL/FL [mg/m^3]
# name 8 = altM: Altimeter [m]
# name 9 = par: PAR/Irradiance, Biospherical/Licor
# name 10 = spar: SPAR/Surface Irradiance
# name 11 = CStarTr0: Beam Transmission, WET Labs C-Star [%]
# name 12 = sbeox0ML/L: Oxygen, SBE 43 [ml/l], WS = 2
# name 13 = sal00: Salinity, Practical [PSU]
# name 14 = sal11: Salinity, Practical, 2 [PSU]
# name 15 = sigma-t00: Density [sigma-t, Kg/m^3 ]
# name 16 = svCM: Sound Velocity [Chen-Millero, m/s]
# name 17 = avgsvCM: Average Sound Velocity [Chen-Millero, m/s], minP = 1, minS = 5
# name 18 = flag: flag
# span 0 =         20,       3861       
# span 1 =      7.000,    177.000       
# span 2 =     7.8349,    10.3318       
# span 3 =     7.9796,    10.3294       
# span 4 =   3.235690,   3.733392       
# span 5 =   3.278758,   3.734796       
# span 6 =     1.5822,     2.3804       
# span 7 =    -0.0827,     0.2286       
# span 8 =      14.96,     106.50       
# span 9 = 4.9445e-02, 9.6077e-02       
# span 10 = 0.0000e+00, 0.0000e+00      
# span 11 =    80.9812,    82.2999      
# span 12 =    3.61180,    6.32615      
# span 13 =    31.0338,    34.9371      
# span 14 =    31.3616,    34.9520      
# span 15 =    24.1840,    27.1750      
# span 16 =    1477.04,    1490.03      
# span 17 =    1477.04,    1487.01      
# span 18 = 0.0000e+00, 0.0000e+00      
# interval = decibars: 1                
# start_time = Feb 12 2022 19:47:16 [System UTC, header]
# bad_flag = -9.990e-29
*END*
[from data line 153]
       3400    160.000     8.3272     8.3255   3.652782   3.654017     1.5834    -0.0567      34.04 4.9485e-02 0.0000e+00    81.3001    3.61599    34.9363    34.9512    27.1745    1486.25    1486.30 0.0000e+00
       3421    161.000     8.3271     8.3253   3.652831   3.654067     1.5829    -0.0695      33.36 4.9483e-02 0.0000e+00    81.2581    3.61472    34.9365    34.9514    27.1746    1486.26    1486.30 0.0000e+00
       3443    162.000     8.3271     8.3253   3.652878   3.654116     1.5822    -0.0697      32.06 4.9505e-02 0.0000e+00    81.2511    3.62038    34.9365    34.9515    27.1746    1486.28    1486.30 0.0000e+00
       3464    163.000     8.3271     8.3254   3.652931   3.654166     1.5827    -0.0582      31.26 4.9490e-02 0.0000e+00    81.2925    3.63628    34.9366    34.9514    27.1747    1486.30    1486.30 0.0000e+00
       3486    164.000     8.3272     8.3254   3.652981   3.654233     1.5845    -0.0529      30.05 4.9499e-02 0.0000e+00    81.3491    3.65358    34.9365    34.9517    27.1746    1486.31    1486.30 0.0000e+00
       3508    165.000     8.3272     8.3256   3.653035   3.654277     1.5866    -0.0582      29.16 4.9496e-02 0.0000e+00    81.3754    3.66256    34.9366    34.9515    27.1747    1486.33    1486.30 0.0000e+00
       3529    166.000     8.3273     8.3255   3.653089   3.654333     1.5889 -9.990e-29      28.13 4.9471e-02 0.0000e+00    81.3759    3.67570    34.9366    34.9517    27.1747    1486.35    1486.30 0.0000e+00
       3551    167.000     8.3273     8.3256   3.653145   3.654390     1.5917 -9.990e-29      26.87 4.9508e-02 0.0000e+00    81.3857    3.68404    34.9367    34.9517    27.1748    1486.36    1486.30 0.0000e+00
       3573    168.000     8.3274     8.3256   3.653196   3.654449     1.5939 -9.990e-29      25.58 4.9498e-02 0.0000e+00    81.3866    3.68333    34.9367    34.9518    27.1747    1486.38    1486.30 0.0000e+00
       3595    169.000     8.3275     8.3258   3.653252   3.654498     1.5954    -0.0661      24.82 4.9502e-02 0.0000e+00    81.3932    3.68349    34.9367    34.9517    27.1747    1486.40    1486.30 0.0000e+00
       3617    170.000     8.3274     8.3257   3.653305   3.654549     1.5965    -0.0678      24.01 4.9496e-02 0.0000e+00    81.3846    3.68378    34.9369    34.9518    27.1749    1486.41    1486.30 0.0000e+00
       3639    171.000     8.3275     8.3257   3.653350   3.654601     1.5975    -0.0688      22.96 4.9496e-02 0.0000e+00    81.3775    3.68834    34.9368    34.9519    27.1748    1486.43    1486.30 0.0000e+00
       3660    172.000     8.3275     8.3258   3.653413   3.654648     1.5985    -0.0531      21.93 4.9477e-02 0.0000e+00    81.3773    3.69218    34.9370    34.9518    27.1749    1486.45    1486.30 0.0000e+00
       3682    173.000     8.3276     8.3259   3.653461   3.654707     1.5995    -0.0517      20.93 4.9483e-02 0.0000e+00    81.3870    3.69761    34.9369    34.9519    27.1749    1486.46    1486.30 0.0000e+00
       3704    174.000     8.3276     8.3259   3.653521   3.654766     1.6011    -0.0631      20.01 4.9479e-02 0.0000e+00    81.3748    3.70504    34.9371    34.9520    27.1750    1486.48    1486.30 0.0000e+00
       3726    175.000     8.3277     8.3260   3.653575   3.654815     1.6023    -0.0642      19.01 4.9487e-02 0.0000e+00    81.3782    3.70715    34.9371    34.9520    27.1750    1486.50    1486.30 0.0000e+00
       3748    176.000     8.3278     8.3261   3.653631   3.654864     1.6032    -0.0688      17.96 4.9502e-02 0.0000e+00    81.3577    3.70972    34.9371    34.9519    27.1750    1486.51    1486.30 0.0000e+00
       3861    177.000     8.3279     8.3263   3.653674   3.654927     1.6057    -0.0700      16.73 4.9466e-02 0.0000e+00    81.3627    3.71725    34.9370    34.9519    27.1749    1486.53    1486.31 0.0000e+00
