_data/ctd/2022603/sta0191.cnv
* Sea-Bird SBE 9 Data File:
* FileName = C:\Seabird\CTDData\sta0191.hex
* Software Version Seasave V 7.21f
* Temperature SN = 6264
* Conductivity SN = 4928
* Number of Bytes Per Scan = 40
* Number of Voltage Words = 5
* Number of Scans Averaged by the Deck Unit = 1
* NMEA Latitude = 61 23.59 N
* NMEA Longitude = 006 44.83 E
* NMEA UTC (Time) = Feb 14 2022 17:34:02
* NMEA baud rate = 4800
** Ship: R/V "Kristine Bonnevie"
** Station: 0191
** Echodepth: 122
** Log: 0763.390
** Wind-Dir/Force: 06 01
** Air-temp (dry): 3.4
** Weather Sky:
** Sea:
** F03
# nquan = 19                                
# nvalues = 113                         
# units = specified
# name 0 = scan: Scan Count
# name 1 = prDM: Pressure, Digiquartz [db]
# name 2 = t068C: Temperature [ITS-68, deg C]
# name 3 = t168C: Temperature, 2 [ITS-68, deg C]
# name 4 = c0S/m: Conductivity [S/m]
# name 5 = c1S/m: Conductivity, 2 [S/m]
# name 6 = sbeox0V: Oxygen raw, SBE 43 [V]
# name 7 = flECO-AFL: Fluorescence, WET Labs ECO-AFL/FL [mg/m^3]
# name 8 = altM: Altimeter [m]
# name 9 = par: PAR/Irradiance, Biospherical/Licor
# name 10 = spar: SPAR/Surface Irradiance
# name 11 = CStarTr0: Beam Transmission, WET Labs C-Star [%]
# name 12 = sbeox0ML/L: Oxygen, SBE 43 [ml/l], WS = 2
# name 13 = sal00: Salinity, Practical [PSU]
# name 14 = sal11: Salinity, Practical, 2 [PSU]
# name 15 = sigma-t00: Density [sigma-t, Kg/m^3 ]
# name 16 = svCM: Sound Velocity [Chen-Millero, m/s]
# name 17 = avgsvCM: Average Sound Velocity [Chen-Millero, m/s], minP = 1, minS = 5
# name 18 = flag: flag
# span 0 =        330,       2833       
# span 1 =      2.000,    114.000       
# span 2 =     4.6158,    10.0148       
# span 3 =     4.6184,    10.0199       
# span 4 =   2.788960,   3.690256       
# span 5 =   2.789216,   3.691957       
# span 6 =     1.8299,     2.4765       
# span 7 =    -0.0648,     0.9169       
# span 8 =       7.29,     101.21       
# span 9 = 4.9452e-02, 7.6123e-01       
# span 10 = 0.0000e+00, 0.0000e+00      
# span 11 =    78.3405,    80.9922      
# span 12 =    4.42229,    7.30111      
# span 13 =    28.9423,    34.7124      
# span 14 =    28.9460,    34.7294      
# span 15 =    22.9130,    27.0092      
# span 16 =    1461.51,    1488.87      
# span 17 =    1461.51,    1481.89      
# span 18 = 0.0000e+00, 0.0000e+00      
# interval = decibars: 1                
# start_time = Feb 14 2022 17:34:05 [System UTC, header]
# bad_flag = -9.990e-29
*END*
        330      2.000     4.6299     4.6290   2.788960   2.789216     2.4514     0.9169     101.21 7.6123e-01 0.0000e+00    79.4956    7.30111    28.9423    28.9460    22.9130    1461.51    1461.51 0.0000e+00
        400      3.000     4.6158     4.6184   2.791154   2.793059     2.4506     0.8650      77.63 5.0769e-01 0.0000e+00    79.5353    7.28822    28.9792    28.9987    22.9436    1461.52    1461.51 0.0000e+00
        439      4.000     4.6268     4.6305   2.796840   2.798734     2.4503     0.8302      99.00 3.6474e-01 0.0000e+00    79.5117    7.29349    29.0342    29.0526    22.9861    1461.65    1461.55 0.0000e+00
        471      5.000     4.6351     4.6320   2.802682   2.802081     2.4506     0.7830      60.82 2.8646e-01 0.0000e+00    79.5293    7.29223    29.0933    29.0891    23.0321    1461.77    1461.59 0.0000e+00
        502      6.000     4.6553     4.6516   2.808797   2.809042     2.4514     0.7990      99.20 2.0401e-01 0.0000e+00    79.5846    7.29364    29.1450    29.1510    23.0711    1461.94    1461.65 0.0000e+00
        530      7.000     4.6923     4.6917   2.816199   2.817253     2.4517     0.7989      88.24 1.6316e-01 0.0000e+00    79.6042    7.28685    29.1965    29.2091    23.1084    1462.18    1461.73 0.0000e+00
        556      8.000     4.7918     4.8025   2.834496   2.839727     2.4530     0.8123      61.90 1.3048e-01 0.0000e+00    79.6600    7.27725    29.3172    29.3674    23.1942    1462.76    1461.85 0.0000e+00
        581      9.000     4.8641     4.8971   2.846002   2.850854     2.4549     0.8124      98.68 1.0357e-01 0.0000e+00    79.6557    7.28460    29.3839    29.4100    23.2398    1463.16    1462.00 0.0000e+00
        606     10.000     4.9560     4.9518   2.860630   2.862415     2.4578     0.7819      78.11 8.6384e-02 0.0000e+00    79.7030    7.25948    29.4685    29.4925    23.2976    1463.67    1462.17 0.0000e+00
        630     11.000     5.3063     5.3287   2.908955   2.915289     2.4583     0.7750      65.92 7.0641e-02 0.0000e+00    79.7948    7.19284    29.7044    29.7559    23.4478    1465.42    1462.46 0.0000e+00
        653     12.000     5.4756     5.4733   2.930962   2.932031     2.4626     0.7620      98.90 6.1244e-02 0.0000e+00    79.8018    7.21465    29.8012    29.8153    23.5061    1466.25    1462.78 0.0000e+00
        676     13.000     5.4914     5.4904   2.933924   2.934901     2.4682     0.8010      85.81 5.3592e-02 0.0000e+00    79.7857    7.19864    29.8200    29.8318    23.5192    1466.36    1463.05 0.0000e+00
        699     14.000     5.4959     5.4939   2.936285   2.937136     2.4681     0.7595      54.84 4.9505e-02 0.0000e+00    79.7684    7.13297    29.8420    29.8533    23.5361    1466.42    1463.29 0.0000e+00
        721     15.000     5.6727     5.6551   2.962677   2.963539     2.4648     0.7423      98.96 4.9493e-02 0.0000e+00    79.8217    7.06348    29.9799    30.0052    23.6255    1467.33    1463.56 0.0000e+00
        743     16.000     6.1854     6.1341   3.042271   3.042877     2.4623     0.7365      98.81 4.9464e-02 0.0000e+00    79.8396    6.98499    30.4061    30.4588    23.9030    1469.95    1463.96 0.0000e+00
        766     17.000     6.6863     6.6645   3.116225   3.117532     2.4648     0.7063      42.17 4.9457e-02 0.0000e+00    79.8141    6.96788    30.7689    30.8028    24.1277    1472.41    1464.45 0.0000e+00
        788     18.000     6.8275     6.8150   3.135926   3.136881     2.4737     0.6310      97.78 4.9489e-02 0.0000e+00    79.8532    6.97195    30.8565    30.8781    24.1788    1473.09    1464.93 0.0000e+00
        810     19.000     6.9138     6.9077   3.147445   3.148499     2.4765     0.5549      98.82 4.9499e-02 0.0000e+00    80.0853    6.88298    30.9037    30.9207    24.2050    1473.50    1465.38 0.0000e+00
        832     20.000     6.9765     6.9702   3.157521   3.158646     2.4733     0.5578      42.45 4.9483e-02 0.0000e+00    80.3532    6.80430    30.9563    30.9742    24.2383    1473.83    1465.80 0.0000e+00
        854     21.000     7.0354     7.0299   3.166169   3.167377     2.4674     0.5307      92.22 4.9477e-02 0.0000e+00    80.4778    6.75586    30.9967    31.0147    24.2624    1474.13    1466.19 0.0000e+00
        875     22.000     7.1097     7.1039   3.178280   3.179539     2.4613     0.4847      85.57 4.9492e-02 0.0000e+00    80.5265    6.72002    31.0605    31.0793    24.3028    1474.51    1466.57 0.0000e+00
        897     23.000     7.1958     7.1884   3.193456   3.194845     2.4555     0.4603      66.01 4.9477e-02 0.0000e+00    80.6438    6.69296    31.1464    31.1681    24.3591    1474.97    1466.93 0.0000e+00
        918     24.000     7.3572     7.3445   3.219172   3.220530     2.4507     0.4426      65.64 4.9477e-02 0.0000e+00    80.6651    6.66136    31.2776    31.3036    24.4407    1475.78    1467.30 0.0000e+00
        940     25.000     7.4808     7.4749   3.237298   3.238554     2.4477     0.3721      89.98 4.9485e-02 0.0000e+00    80.7112    6.64997    31.3602    31.3790    24.4890    1476.38    1467.66 0.0000e+00
        961     26.000     7.5219     7.5169   3.246158   3.247569     2.4462     0.2852      85.24 4.9499e-02 0.0000e+00    80.7623    6.63486    31.4177    31.4373    24.5285    1476.62    1468.00 0.0000e+00
        982     27.000     7.6478     7.6385   3.265736   3.267108     2.4429     0.2579      34.23 4.9471e-02 0.0000e+00    80.8806    6.58472    31.5129    31.5360    24.5860    1477.24    1468.34 0.0000e+00
       1004     28.000     7.7901     7.7774   3.286945   3.288203     2.4392     0.2235      98.43 4.9485e-02 0.0000e+00    80.9564    6.54777    31.6099    31.6349    24.6424    1477.92    1468.68 0.0000e+00
       1025     29.000     8.5392     8.4598   3.401758   3.405269     2.4361     0.1824      46.44 4.9472e-02 0.0000e+00    80.9922    6.42649    32.1428    32.2521    24.9518    1481.44    1469.12 0.0000e+00
       1046     30.000     9.9571     9.9107   3.634910   3.637502     2.4376     0.1466      42.50 4.9496e-02 0.0000e+00    80.9686    6.30938    33.2519    33.3211    25.5947    1488.03    1469.74 0.0000e+00
       1068     31.000    10.0148    10.0199   3.689974   3.691691     2.4589     0.0079      13.08 4.9479e-02 0.0000e+00    80.8139    6.39237    33.7585    33.7712    25.9805    1488.87    1470.35 0.0000e+00
       1089     32.000     9.8720     9.8774   3.690256   3.691957     2.4650    -0.0399      55.57 4.9472e-02 0.0000e+00    80.5735    6.14620    33.8948    33.9071    26.1109    1488.54    1470.91 0.0000e+00
       1110     33.000     9.7889     9.7900   3.687753   3.689453     2.4366    -0.0471      13.34 4.9479e-02 0.0000e+00    80.0441    5.77487    33.9470    33.9634    26.1655    1488.32    1471.43 0.0000e+00
       1131     34.000     9.7463     9.7456   3.686260   3.687922     2.3890 -9.990e-29      48.61 4.9479e-02 0.0000e+00    79.6377    5.51186    33.9714    33.9891    26.1917    1488.21    1471.92 0.0000e+00
       1152     35.000     9.7177     9.7166   3.685598   3.687285     2.3386 -9.990e-29      24.08 4.9479e-02 0.0000e+00    79.2846    5.37528    33.9912    34.0096    26.2119    1488.15    1472.38 0.0000e+00
       1173     36.000     9.6802     9.6792   3.684836   3.686506     2.2946 -9.990e-29      83.73 4.9479e-02 0.0000e+00    79.0384    5.31428    34.0184    34.0365    26.2394    1488.06    1472.81 0.0000e+00
       1194     37.000     9.6462     9.6462   3.684345   3.686020     2.2584 -9.990e-29      24.09 4.9472e-02 0.0000e+00    78.7819    5.28381    34.0451    34.0623    26.2659    1487.99    1473.22 0.0000e+00
       1215     38.000     9.6297     9.6277   3.684113   3.685766     2.2294 -9.990e-29      92.26 4.9492e-02 0.0000e+00    78.6691    5.26423    34.0579    34.0768    26.2786    1487.96    1473.60 0.0000e+00
       1236     39.000     9.6131     9.6135   3.682530   3.684276     2.2066 -9.990e-29      82.26 4.9485e-02 0.0000e+00    78.7296    5.25796    34.0569    34.0745    26.2806    1487.92    1473.97 0.0000e+00
       1257     40.000     9.5965     9.5946   3.682383   3.684145     2.1894 -9.990e-29      52.91 4.9485e-02 0.0000e+00    78.8489    5.25578    34.0707    34.0906    26.2941    1487.89    1474.31 0.0000e+00
       1278     41.000     9.5974     9.5951   3.682925   3.684557     2.1761 -9.990e-29      49.83 4.9479e-02 0.0000e+00    78.9738    5.25149    34.0749    34.0939    26.2973    1487.92    1474.64 0.0000e+00
       1299     42.000     9.5994     9.5970   3.684784   3.686440     2.1655 -9.990e-29      91.61 4.9516e-02 0.0000e+00    78.9465    5.24864    34.0917    34.1111    26.3101    1487.96    1474.95 0.0000e+00
       1319     43.000     9.5842     9.5835   3.685055   3.686709     2.1581 -9.990e-29      95.44 4.9478e-02 0.0000e+00    78.9250    5.25352    34.1085    34.1262    26.3257    1487.94    1475.25 0.0000e+00
       1340     44.000     9.5729     9.5710   3.684443   3.686110     2.1522 -9.990e-29      91.67 4.9459e-02 0.0000e+00    78.9608    5.25296    34.1125    34.1315    26.3307    1487.92    1475.54 0.0000e+00
       1361     45.000     9.5764     9.5735   3.685078   3.686703     2.1479 -9.990e-29      23.92 4.9486e-02 0.0000e+00    79.2017    5.25545    34.1152    34.1347    26.3323    1487.95    1475.81 0.0000e+00
       1382     46.000     9.5663     9.5662   3.684252   3.685892     2.1451 -9.990e-29      98.34 4.9519e-02 0.0000e+00    79.4752    5.26605    34.1159    34.1329    26.3344    1487.93    1476.07 0.0000e+00
       1403     47.000     9.5004     9.5021   3.679029   3.680675     2.1438    -0.0603      12.59 4.9472e-02 0.0000e+00    79.5828    5.27593    34.1242    34.1396    26.3518    1487.72    1476.32 0.0000e+00
       1424     48.000     9.4871     9.4852   3.678097   3.679722     2.1421    -0.0631      53.48 4.9492e-02 0.0000e+00    79.6978    5.27262    34.1268    34.1454    26.3560    1487.69    1476.55 0.0000e+00
       1445     49.000     9.4630     9.4628   3.675981   3.677610     2.1408    -0.0601      27.99 4.9519e-02 0.0000e+00    79.7105    5.26695    34.1274    34.1445    26.3605    1487.62    1476.78 0.0000e+00
       1466     50.000     9.4466     9.4454   3.675053   3.676675     2.1380    -0.0616     100.30 4.9478e-02 0.0000e+00    79.6876    5.24160    34.1330    34.1509    26.3675    1487.59    1476.99 0.0000e+00
       1487     51.000     9.4018     9.4034   3.672258   3.673847     2.1335    -0.0641      98.80 4.9459e-02 0.0000e+00    79.5784    5.22364    34.1464    34.1613    26.3853    1487.45    1477.20 0.0000e+00
       1509     52.000     9.3623     9.3615   3.669837   3.671418     2.1290    -0.0623      85.50 4.9490e-02 0.0000e+00    79.4411    5.20798    34.1585    34.1757    26.4012    1487.34    1477.39 0.0000e+00
       1530     53.000     9.3474     9.3458   3.668995   3.670588     2.1233 -9.990e-29      77.26 4.9466e-02 0.0000e+00    79.3425    5.18394    34.1636    34.1816    26.4076    1487.31    1477.58 0.0000e+00
       1551     54.000     9.3280     9.3272   3.667736   3.669334     2.1177 -9.990e-29      98.63 4.9479e-02 0.0000e+00    79.2050    5.16906    34.1686    34.1860    26.4147    1487.26    1477.75 0.0000e+00
       1572     55.000     9.2929     9.2929   3.666278   3.667811     2.1117 -9.990e-29      60.27 4.9479e-02 0.0000e+00    79.1157    5.15165    34.1866    34.2025    26.4345    1487.17    1477.93 0.0000e+00
       1593     56.000     9.2618     9.2609   3.664584   3.666133     2.1057 -9.990e-29      95.80 4.9483e-02 0.0000e+00    79.1127    5.13486    34.1983    34.2153    26.4487    1487.09    1478.09 0.0000e+00
       1615     57.000     9.2417     9.2402   3.663027   3.664598     2.0998 -9.990e-29      61.10 4.9481e-02 0.0000e+00    79.1293    5.12364    34.2009    34.2187    26.4540    1487.03    1478.24 0.0000e+00
       1636     58.000     9.2373     9.2357   3.662736   3.664323     2.0944 -9.990e-29      89.10 4.9499e-02 0.0000e+00    79.1340    5.11098    34.2017    34.2197    26.4553    1487.04    1478.39 0.0000e+00
       1657     59.000     9.1890     9.1916   3.659476   3.661061     2.0893 -9.990e-29      55.85 4.9496e-02 0.0000e+00    79.0964    5.10244    34.2136    34.2276    26.4724    1486.89    1478.54 0.0000e+00
       1678     60.000     9.1304     9.1308   3.657319   3.658881     2.0841 -9.990e-29      91.19 4.9472e-02 0.0000e+00    79.0316    5.08636    34.2470    34.2629    26.5079    1486.73    1478.67 0.0000e+00
       1699     61.000     9.1074     9.1063   3.657335   3.658897     2.0783 -9.990e-29      52.95 4.9511e-02 0.0000e+00    78.9928    5.06538    34.2688    34.2861    26.5287    1486.69    1478.80 0.0000e+00
       1720     62.000     9.0919     9.0914   3.656552   3.658095     2.0721 -9.990e-29      84.80 4.9472e-02 0.0000e+00    79.1201    5.04687    34.2751    34.2916    26.5361    1486.66    1478.93 0.0000e+00
       1741     63.000     9.0612     9.0619   3.654147   3.655756     2.0663 -9.990e-29      98.52 4.9492e-02 0.0000e+00    79.2896    5.04019    34.2790    34.2952    26.5441    1486.57    1479.05 0.0000e+00
       1762     64.000     9.0232     9.0229   3.651695   3.653220     2.0616 -9.990e-29      96.82 4.9452e-02 0.0000e+00    79.4844    5.04554    34.2896    34.3058    26.5585    1486.46    1479.17 0.0000e+00
       1783     65.000     8.9873     8.9873   3.649757   3.651295     2.0581 -9.990e-29      87.45 4.9502e-02 0.0000e+00    79.4869    5.03771    34.3035    34.3196    26.5751    1486.36    1479.28 0.0000e+00
       1805     66.000     8.9697     8.9688   3.648971   3.650504     2.0535    -0.0614      35.66 4.9486e-02 0.0000e+00    79.4433    5.01089    34.3118    34.3287    26.5844    1486.32    1479.38 0.0000e+00
       1825     67.000     8.9638     8.9618   3.649047   3.650597     2.0477    -0.0648      81.72 4.9492e-02 0.0000e+00    79.3863    4.98255    34.3178    34.3360    26.5900    1486.32    1479.49 0.0000e+00
       1847     68.000     8.9557     8.9550   3.649101   3.650637     2.0412    -0.0640      90.16 4.9472e-02 0.0000e+00    79.3781    4.95636    34.3257    34.3425    26.5975    1486.32    1479.59 0.0000e+00
       1868     69.000     8.9250     8.9246   3.647339   3.648869     2.0343    -0.0588      72.92 4.9479e-02 0.0000e+00    79.3977    4.93971    34.3365    34.3529    26.6108    1486.23    1479.68 0.0000e+00
       1889     70.000     8.9115     8.9106   3.646692   3.648219     2.0281    -0.0591      51.12 4.9492e-02 0.0000e+00    79.4852    4.93853    34.3423    34.3591    26.6175    1486.21    1479.77 0.0000e+00
       1910     71.000     8.8758     8.8767   3.644791   3.646310     2.0240    -0.0630      50.15 4.9479e-02 0.0000e+00    79.5289    4.93596    34.3564    34.3715    26.6342    1486.11    1479.86 0.0000e+00
       1931     72.000     8.8332     8.8334   3.642612   3.644122     2.0192    -0.0638      49.49 4.9492e-02 0.0000e+00    79.5349    4.91752    34.3743    34.3900    26.6550    1485.99    1479.95 0.0000e+00
       1952     73.000     8.8086     8.8075   3.641202   3.642684     2.0138    -0.0625      79.24 4.9512e-02 0.0000e+00    79.5548    4.89607    34.3829    34.3995    26.6656    1485.93    1480.03 0.0000e+00
       1973     74.000     8.7836     8.7832   3.640046   3.641549     2.0078    -0.0626      46.79 4.9492e-02 0.0000e+00    79.5146    4.87029    34.3945    34.4107    26.6786    1485.86    1480.11 0.0000e+00
       1994     75.000     8.7594     8.7587   3.639017   3.640512     2.0006    -0.0576      77.27 4.9471e-02 0.0000e+00    79.3383    4.83019    34.4067    34.4231    26.6920    1485.81    1480.18 0.0000e+00
       2016     76.000     8.7421     8.7410   3.638357   3.639856     1.9913 -9.990e-29      73.78 4.9511e-02 0.0000e+00    79.2394    4.78609    34.4161    34.4330    26.7021    1485.77    1480.26 0.0000e+00
       2037     77.000     8.7123     8.7126   3.637155   3.638646     1.9813 -9.990e-29      87.52 4.9499e-02 0.0000e+00    79.1281    4.74685    34.4320    34.4474    26.7191    1485.70    1480.33 0.0000e+00
