_data/ctd/2022603/sta0177.cnv
* Sea-Bird SBE 9 Data File:
* FileName = C:\Seabird\CTDData\sta0177.hex
* Software Version Seasave V 7.21f
* Temperature SN = 6264
* Conductivity SN = 4928
* Number of Bytes Per Scan = 40
* Number of Voltage Words = 5
* Number of Scans Averaged by the Deck Unit = 1
* NMEA Latitude = 60 51.53 N
* NMEA Longitude = 004 40.92 E
* NMEA UTC (Time) = Feb 13 2022 04:43:27
* NMEA baud rate = 4800
** Ship: R/V "Kristine Bonnevie"
** Station: 0177
** Echodepth: 437
** Log: 0537.952
** Wind-Dir/Force: 20 26
** Air-temp (dry): 7.2
** Weather Sky:
** Sea:
# nquan = 19                                
# nvalues = 434                         
# units = specified
# name 0 = scan: Scan Count
# name 1 = prDM: Pressure, Digiquartz [db]
# name 2 = t068C: Temperature [ITS-68, deg C]
# name 3 = t168C: Temperature, 2 [ITS-68, deg C]
# name 4 = c0S/m: Conductivity [S/m]
# name 5 = c1S/m: Conductivity, 2 [S/m]
# name 6 = sbeox0V: Oxygen raw, SBE 43 [V]
# name 7 = flECO-AFL: Fluorescence, WET Labs ECO-AFL/FL [mg/m^3]
# name 8 = altM: Altimeter [m]
# name 9 = par: PAR/Irradiance, Biospherical/Licor
# name 10 = spar: SPAR/Surface Irradiance
# name 11 = CStarTr0: Beam Transmission, WET Labs C-Star [%]
# name 12 = sbeox0ML/L: Oxygen, SBE 43 [ml/l], WS = 2
# name 13 = sal00: Salinity, Practical [PSU]
# name 14 = sal11: Salinity, Practical, 2 [PSU]
# name 15 = sigma-t00: Density [sigma-t, Kg/m^3 ]
# name 16 = svCM: Sound Velocity [Chen-Millero, m/s]
# name 17 = avgsvCM: Average Sound Velocity [Chen-Millero, m/s], minP = 1, minS = 5
# name 18 = flag: flag
# span 0 =          1,       9048       
# span 1 =      2.000,    435.000       
# span 2 =     6.7966,     8.2270       
# span 3 =     6.7940,     8.2250       
# span 4 =   3.231826,   3.650498       
# span 5 =   3.232804,   3.651868       
# span 6 =     2.1052,     2.5053       
# span 7 =    -0.1004,     0.3712       
# span 8 =       6.51,     100.52       
# span 9 = 4.9447e-02, 6.4164e-01       
# span 10 = 0.0000e+00, 0.0000e+00      
# span 11 =    80.0516,    81.6279      
# span 12 =    5.56853,    6.86394      
# span 13 =    31.9390,    35.0510      
# span 14 =    31.9522,    35.0672      
# span 15 =    25.0351,    27.3062      
# span 16 =    1474.06,    1489.90      
# span 17 =    1474.06,    1484.92      
# span 18 = 0.0000e+00, 0.0000e+00      
# interval = decibars: 1                
# start_time = Feb 13 2022 04:43:30 [System UTC, header]
# bad_flag = -9.990e-29
*END*
[from data line 305]
       6403    307.000     8.1159     8.1141   3.647689   3.649026     2.1751    -0.0604      89.41 4.9460e-02 0.0000e+00    81.3462    5.71435    35.0215    35.0376    27.2736    1487.98    1483.26 0.0000e+00
       6416    308.000     8.1166     8.1147   3.647821   3.649175     2.1744    -0.0711      98.78 4.9462e-02 0.0000e+00    81.3364    5.71248    35.0218    35.0381    27.2737    1488.00    1483.28 0.0000e+00
       6427    309.000     8.1169     8.1152   3.647994   3.649369     2.1742    -0.0888      98.80 4.9452e-02 0.0000e+00    81.3044    5.70910    35.0228    35.0392    27.2745    1488.02    1483.29 0.0000e+00
       6439    310.000     8.1170     8.1154   3.648166   3.649534     2.1732    -0.0888      91.85 4.9471e-02 0.0000e+00    81.2826    5.70619    35.0241    35.0403    27.2754    1488.04    1483.31 0.0000e+00
       6457    311.000     8.1166     8.1151   3.648177   3.649550     2.1720    -0.0933      94.16 4.9499e-02 0.0000e+00    81.3163    5.70240    35.0241    35.0403    27.2755    1488.05    1483.32 0.0000e+00
       6485    312.000     8.1161     8.1146   3.648199   3.649568     2.1709    -0.0574      70.63 4.9483e-02 0.0000e+00    81.3425    5.70709    35.0244    35.0405    27.2758    1488.07    1483.34 0.0000e+00
       6511    313.000     8.1162     8.1147   3.648289   3.649657     2.1699    -0.0730      50.25 4.9475e-02 0.0000e+00    81.3506    5.70183    35.0248    35.0409    27.2761    1488.08    1483.35 0.0000e+00
       6542    314.000     8.1164     8.1148   3.648363   3.649738     2.1688    -0.0711      57.38 4.9464e-02 0.0000e+00    81.3420    5.69950    35.0249    35.0412    27.2762    1488.10    1483.37 0.0000e+00
       6572    315.000     8.1156     8.1138   3.648396   3.649712     2.1677    -0.0929      72.44 4.9507e-02 0.0000e+00    81.3408    5.69991    35.0255    35.0414    27.2768    1488.12    1483.38 0.0000e+00
       6591    316.000     8.1154     8.1139   3.648426   3.649798     2.1675    -0.0911      70.59 4.9455e-02 0.0000e+00    81.3680    5.70171    35.0256    35.0418    27.2769    1488.13    1483.40 0.0000e+00
       6606    317.000     8.1154     8.1140   3.648488   3.649874     2.1671    -0.0775      98.42 4.9498e-02 0.0000e+00    81.3176    5.69695    35.0258    35.0420    27.2770    1488.15    1483.41 0.0000e+00
       6620    318.000     8.1158     8.1141   3.648583   3.649943     2.1663 -9.990e-29      70.12 4.9474e-02 0.0000e+00    81.3026    5.69365    35.0259    35.0421    27.2771    1488.17    1483.43 0.0000e+00
       6632    319.000     8.1157     8.1142   3.648618   3.649990     2.1660 -9.990e-29      64.43 4.9459e-02 0.0000e+00    81.2929    5.69565    35.0259    35.0421    27.2771    1488.18    1483.44 0.0000e+00
       6647    320.000     8.1152     8.1136   3.648639   3.650013     2.1656 -9.990e-29      97.55 4.9495e-02 0.0000e+00    81.2852    5.69139    35.0261    35.0424    27.2773    1488.20    1483.46 0.0000e+00
       6669    321.000     8.1132     8.1121   3.648497   3.649879     2.1645 -9.990e-29      69.38 4.9506e-02 0.0000e+00    81.3114    5.69125    35.0261    35.0420    27.2776    1488.21    1483.47 0.0000e+00
       6694    322.000     8.1105     8.1090   3.648374   3.649745     2.1640    -0.0576      90.45 4.9506e-02 0.0000e+00    81.3205    5.69637    35.0270    35.0432    27.2787    1488.21    1483.49 0.0000e+00
       6719    323.000     8.1088     8.1073   3.648345   3.649720     2.1636    -0.0622      20.89 4.9456e-02 0.0000e+00    81.3130    5.69546    35.0279    35.0441    27.2797    1488.22    1483.50 0.0000e+00
       6740    324.000     8.1081     8.1067   3.648354   3.649737     2.1635    -0.0964      94.83 4.9495e-02 0.0000e+00    81.3118    5.69943    35.0283    35.0444    27.2801    1488.24    1483.52 0.0000e+00
       6759    325.000     8.1080     8.1064   3.648411   3.649803     2.1634    -0.0760      52.23 4.9480e-02 0.0000e+00    81.2726    5.69590    35.0285    35.0450    27.2803    1488.26    1483.53 0.0000e+00
       6775    326.000     8.1079     8.1063   3.648477   3.649858     2.1629    -0.0617      22.59 4.9500e-02 0.0000e+00    81.2668    5.69008    35.0288    35.0452    27.2805    1488.27    1483.54 0.0000e+00
       6791    327.000     8.1078     8.1062   3.648517   3.649889     2.1623    -0.0560      92.93 4.9496e-02 0.0000e+00    81.2312    5.68773    35.0289    35.0451    27.2806    1488.29    1483.56 0.0000e+00
       6811    328.000     8.1072     8.1057   3.648513   3.649887     2.1616    -0.0597      53.87 4.9482e-02 0.0000e+00    81.2278    5.68261    35.0289    35.0451    27.2807    1488.30    1483.57 0.0000e+00
       6839    329.000     8.1057     8.1043   3.648422   3.649794     2.1600    -0.0653      89.74 4.9482e-02 0.0000e+00    81.2209    5.68360    35.0290    35.0451    27.2810    1488.31    1483.59 0.0000e+00
       6863    330.000     8.1015     8.1004   3.648111   3.649494     2.1598    -0.0681      67.17 4.9488e-02 0.0000e+00    81.2514    5.69146    35.0294    35.0453    27.2819    1488.31    1483.60 0.0000e+00
       6881    331.000     8.0987     8.0974   3.647964   3.649343     2.1596    -0.0684      66.38 4.9496e-02 0.0000e+00    81.2385    5.68866    35.0301    35.0461    27.2829    1488.32    1483.62 0.0000e+00
       6899    332.000     8.0951     8.0939   3.647784   3.649137     2.1592    -0.0609      86.98 4.9462e-02 0.0000e+00    81.0407    5.68547    35.0313    35.0470    27.2844    1488.33    1483.63 0.0000e+00
       6918    333.000     8.0919     8.0905   3.647658   3.649030     2.1587    -0.0765      33.69 4.9483e-02 0.0000e+00    80.9220    5.68036    35.0326    35.0487    27.2860    1488.33    1483.64 0.0000e+00
       6940    334.000     8.0908     8.0894   3.647653   3.649035     2.1573    -0.0854      99.49 4.9467e-02 0.0000e+00    81.1116    5.67330    35.0332    35.0494    27.2866    1488.34    1483.66 0.0000e+00
       6959    335.000     8.0895     8.0880   3.647656   3.649029     2.1564    -0.0630      98.18 4.9463e-02 0.0000e+00    81.1190    5.67482    35.0341    35.0502    27.2874    1488.36    1483.67 0.0000e+00
       6974    336.000     8.0889     8.0874   3.647721   3.649092     2.1560    -0.0606      85.10 4.9457e-02 0.0000e+00    81.1299    5.67101    35.0349    35.0510    27.2882    1488.37    1483.69 0.0000e+00
       6989    337.000     8.0890     8.0874   3.647832   3.649205     2.1549    -0.0618      98.72 4.9476e-02 0.0000e+00    81.0888    5.66363    35.0355    35.0518    27.2886    1488.39    1483.70 0.0000e+00
       7005    338.000     8.0885     8.0870   3.647895   3.649264     2.1538    -0.0577      98.80 4.9469e-02 0.0000e+00    81.0567    5.66014    35.0362    35.0523    27.2893    1488.41    1483.71 0.0000e+00
       7038    339.000     8.0886     8.0871   3.647956   3.649335     2.1517    -0.0695      47.70 4.9480e-02 0.0000e+00    81.0507    5.65846    35.0363    35.0525    27.2893    1488.42    1483.73 0.0000e+00
       7078    340.000     8.0890     8.0875   3.648120   3.649498     2.1500    -0.0990      67.48 4.9465e-02 0.0000e+00    81.0349    5.65721    35.0371    35.0534    27.2899    1488.44    1483.74 0.0000e+00
       7098    341.000     8.0883     8.0870   3.648173   3.649551     2.1494    -0.0915      61.67 4.9480e-02 0.0000e+00    81.0577    5.65854    35.0379    35.0540    27.2907    1488.46    1483.76 0.0000e+00
       7113    342.000     8.0840     8.0826   3.647955   3.649322     2.1487    -0.0924      99.19 4.9457e-02 0.0000e+00    80.9672    5.65602    35.0394    35.0554    27.2925    1488.46    1483.77 0.0000e+00
       7126    343.000     8.0837     8.0821   3.647975   3.649355     2.1484    -0.0939      19.84 4.9474e-02 0.0000e+00    81.0190    5.65283    35.0394    35.0558    27.2925    1488.47    1483.78 0.0000e+00
       7139    344.000     8.0835     8.0821   3.648029   3.649389     2.1479    -0.0862      51.27 4.9497e-02 0.0000e+00    81.0026    5.64948    35.0397    35.0557    27.2928    1488.49    1483.80 0.0000e+00
       7150    345.000     8.0836     8.0821   3.648067   3.649439     2.1469    -0.0871      97.62 4.9486e-02 0.0000e+00    80.9550    5.64485    35.0396    35.0557    27.2926    1488.51    1483.81 0.0000e+00
       7163    346.000     8.0835     8.0819   3.648093   3.649461     2.1463    -0.0992      61.95 4.9477e-02 0.0000e+00    80.9748    5.64334    35.0395    35.0557    27.2926    1488.52    1483.82 0.0000e+00
       7186    347.000     8.0833     8.0818   3.648116   3.649494     2.1449    -0.0662      68.63 4.9482e-02 0.0000e+00    80.9809    5.64182    35.0394    35.0557    27.2926    1488.54    1483.84 0.0000e+00
       7217    348.000     8.0829     8.0815   3.648148   3.649530     2.1438    -0.0898      38.24 4.9501e-02 0.0000e+00    81.0018    5.64800    35.0397    35.0559    27.2929    1488.55    1483.85 0.0000e+00
       7238    349.000     8.0826     8.0812   3.648198   3.649569     2.1434    -0.0602     100.52 4.9493e-02 0.0000e+00    80.9939    5.64319    35.0400    35.0561    27.2932    1488.57    1483.86 0.0000e+00
       7254    350.000     8.0826     8.0811   3.648232   3.649624     2.1427    -0.0699      35.03 4.9476e-02 0.0000e+00    81.0063    5.64068    35.0399    35.0563    27.2931    1488.59    1483.88 0.0000e+00
       7268    351.000     8.0823     8.0808   3.648265   3.649635     2.1421    -0.0883      49.18 4.9498e-02 0.0000e+00    80.9869    5.64117    35.0401    35.0563    27.2933    1488.60    1483.89 0.0000e+00
       7285    352.000     8.0790     8.0779   3.648179   3.649561     2.1417    -0.0773      93.96 4.9468e-02 0.0000e+00    80.9957    5.64006    35.0420    35.0579    27.2953    1488.61    1483.90 0.0000e+00
       7316    353.000     8.0780     8.0765   3.648174   3.649548     2.1408    -0.0642      94.60 4.9528e-02 0.0000e+00    80.9724    5.64141    35.0425    35.0587    27.2958    1488.62    1483.92 0.0000e+00
       7356    354.000     8.0777     8.0763   3.648211   3.649589     2.1406    -0.0885      62.93 4.9478e-02 0.0000e+00    80.9771    5.64451    35.0427    35.0588    27.2960    1488.64    1483.93 0.0000e+00
       7379    355.000     8.0780     8.0765   3.648300   3.649660     2.1398    -0.0857      86.59 4.9470e-02 0.0000e+00    80.9897    5.63436    35.0428    35.0589    27.2961    1488.65    1483.94 0.0000e+00
       7395    356.000     8.0783     8.0767   3.648365   3.649739     2.1393    -0.0563      67.37 4.9495e-02 0.0000e+00    80.9540    5.63457    35.0428    35.0591    27.2960    1488.67    1483.96 0.0000e+00
       7409    357.000     8.0781     8.0766   3.648416   3.649788     2.1388    -0.0630      99.86 4.9470e-02 0.0000e+00    80.9024    5.62804    35.0430    35.0592    27.2962    1488.69    1483.97 0.0000e+00
       7422    358.000     8.0770     8.0756   3.648391   3.649781     2.1382    -0.0605      91.04 4.9471e-02 0.0000e+00    80.8645    5.62497    35.0434    35.0597    27.2967    1488.70    1483.98 0.0000e+00
       7434    359.000     8.0738     8.0731   3.648239   3.649629     2.1367    -0.0634      61.09 4.9485e-02 0.0000e+00    80.8559    5.62468    35.0445    35.0600    27.2980    1488.71    1484.00 0.0000e+00
       7446    360.000     8.0696     8.0686   3.647945   3.649322     2.1370    -0.0860      95.50 4.9497e-02 0.0000e+00    80.8476    5.62872    35.0450    35.0608    27.2991    1488.71    1484.01 0.0000e+00
       7460    361.000     8.0662     8.0648   3.647780   3.649131     2.1362    -0.0823      98.72 4.9468e-02 0.0000e+00    80.8087    5.62483    35.0462    35.0620    27.3005    1488.71    1484.02 0.0000e+00
       7476    362.000     8.0606     8.0597   3.647349   3.648720     2.1352    -0.0579      70.35 4.9477e-02 0.0000e+00    80.8239    5.61879    35.0467    35.0622    27.3017    1488.71    1484.04 0.0000e+00
       7497    363.000     8.0576     8.0565   3.647124   3.648531     2.1341    -0.0806      67.27 4.9493e-02 0.0000e+00    80.8383    5.62126    35.0468    35.0629    27.3023    1488.71    1484.05 0.0000e+00
       7525    364.000     8.0579     8.0561   3.647189   3.648541     2.1327    -0.0906      74.55 4.9490e-02 0.0000e+00    80.8243    5.61411    35.0467    35.0630    27.3021    1488.73    1484.06 0.0000e+00
       7557    365.000     8.0578     8.0563   3.647226   3.648602     2.1309    -0.0630      78.22 4.9471e-02 0.0000e+00    80.7789    5.61018    35.0467    35.0629    27.3022    1488.75    1484.07 0.0000e+00
       7586    366.000     8.0573     8.0558   3.647248   3.648615     2.1297    -0.0880      99.11 4.9491e-02 0.0000e+00    80.7346    5.61167    35.0470    35.0631    27.3024    1488.76    1484.09 0.0000e+00
       7609    367.000     8.0585     8.0569   3.647404   3.648763     2.1290    -0.0863      49.55 4.9468e-02 0.0000e+00    80.7627    5.60873    35.0470    35.0631    27.3023    1488.78    1484.10 0.0000e+00
       7625    368.000     8.0582     8.0569   3.647416   3.648801     2.1282    -0.0654      73.32 4.9476e-02 0.0000e+00    80.7657    5.60742    35.0469    35.0630    27.3023    1488.80    1484.11 0.0000e+00
       7640    369.000     8.0581     8.0566   3.647444   3.648816     2.1279    -0.0602      98.84 4.9479e-02 0.0000e+00    80.7461    5.60914    35.0468    35.0630    27.3022    1488.82    1484.13 0.0000e+00
       7653    370.000     8.0578     8.0562   3.647473   3.648839     2.1276    -0.0840      98.77 4.9509e-02 0.0000e+00    80.6763    5.60215    35.0470    35.0632    27.3024    1488.83    1484.14 0.0000e+00
       7665    371.000     8.0572     8.0558   3.647470   3.648834     2.1269    -0.0889      24.13 4.9473e-02 0.0000e+00    80.6611    5.59894    35.0470    35.0631    27.3025    1488.85    1484.15 0.0000e+00
       7678    372.000     8.0566     8.0551   3.647458   3.648827     2.1258    -0.0680      63.75 4.9485e-02 0.0000e+00    80.6252    5.59705    35.0470    35.0632    27.3026    1488.86    1484.16 0.0000e+00
       7699    373.000     8.0563     8.0548   3.647472   3.648842     2.1252    -0.0754      65.23 4.9503e-02 0.0000e+00    80.6459    5.60108    35.0470    35.0632    27.3026    1488.87    1484.18 0.0000e+00
       7726    374.000     8.0566     8.0553   3.647562   3.648927     2.1244    -0.0758      73.82 4.9473e-02 0.0000e+00    80.6698    5.60304    35.0472    35.0631    27.3027    1488.89    1484.19 0.0000e+00
       7747    375.000     8.0561     8.0551   3.647597   3.648981     2.1239    -0.0664      55.73 4.9493e-02 0.0000e+00    80.6997    5.60471    35.0476    35.0634    27.3031    1488.91    1484.20 0.0000e+00
       7764    376.000     8.0551     8.0534   3.647581   3.648922     2.1241    -0.0893      64.09 4.9478e-02 0.0000e+00    80.6788    5.60780    35.0479    35.0640    27.3035    1488.92    1484.21 0.0000e+00
       7783    377.000     8.0534     8.0518   3.647533   3.648906     2.1238    -0.0879      77.06 4.9487e-02 0.0000e+00    80.6702    5.60627    35.0486    35.0649    27.3044    1488.93    1484.23 0.0000e+00
       7808    378.000     8.0524     8.0512   3.647544   3.648929     2.1234    -0.0722      57.24 4.9476e-02 0.0000e+00    80.6481    5.60159    35.0493    35.0653    27.3050    1488.95    1484.24 0.0000e+00
       7836    379.000     8.0526     8.0508   3.647611   3.648961     2.1228    -0.0773      40.96 4.9475e-02 0.0000e+00    80.6689    5.60201    35.0493    35.0656    27.3050    1488.96    1484.25 0.0000e+00
       7855    380.000     8.0522     8.0507   3.647649   3.649024     2.1223    -0.0805      81.13 4.9497e-02 0.0000e+00    80.6385    5.59762    35.0496    35.0659    27.3053    1488.98    1484.26 0.0000e+00
       7871    381.000     8.0516     8.0501   3.647687   3.649056     2.1218    -0.0625      85.58 4.9448e-02 0.0000e+00    80.5969    5.59341    35.0502    35.0663    27.3058    1488.99    1484.28 0.0000e+00
