_data/ctd/2022603/sta0206.cnv
* Sea-Bird SBE 9 Data File:
* FileName = C:\Seabird\CTDData\sta0206.hex
* Software Version Seasave V 7.21f
* Temperature SN = 6264
* Conductivity SN = 4928
* Number of Bytes Per Scan = 40
* Number of Voltage Words = 5
* Number of Scans Averaged by the Deck Unit = 1
* NMEA Latitude = 61 14.32 N
* NMEA Longitude = 004 53.96 E
* NMEA UTC (Time) = Feb 15 2022 18:29:24
* NMEA baud rate = 4800
** Ship: R/V "Kristine Bonnevie"
** Station: 0206
** Echodepth: 331
** Log: 0875.881
** Wind-Dir/Force: 15 08
** Air-temp (dry): 4.3
** Weather Sky:
** Sea:
# nquan = 19                                
# nvalues = 335                         
# units = specified
# name 0 = scan: Scan Count
# name 1 = prDM: Pressure, Digiquartz [db]
# name 2 = t068C: Temperature [ITS-68, deg C]
# name 3 = t168C: Temperature, 2 [ITS-68, deg C]
# name 4 = c0S/m: Conductivity [S/m]
# name 5 = c1S/m: Conductivity, 2 [S/m]
# name 6 = sbeox0V: Oxygen raw, SBE 43 [V]
# name 7 = flECO-AFL: Fluorescence, WET Labs ECO-AFL/FL [mg/m^3]
# name 8 = altM: Altimeter [m]
# name 9 = par: PAR/Irradiance, Biospherical/Licor
# name 10 = spar: SPAR/Surface Irradiance
# name 11 = CStarTr0: Beam Transmission, WET Labs C-Star [%]
# name 12 = sbeox0ML/L: Oxygen, SBE 43 [ml/l], WS = 2
# name 13 = sal00: Salinity, Practical [PSU]
# name 14 = sal11: Salinity, Practical, 2 [PSU]
# name 15 = sigma-t00: Density [sigma-t, Kg/m^3 ]
# name 16 = svCM: Sound Velocity [Chen-Millero, m/s]
# name 17 = avgsvCM: Average Sound Velocity [Chen-Millero, m/s], minP = 1, minS = 5
# name 18 = flag: flag
# span 0 =        278,       8550       
# span 1 =      2.000,    336.000       
# span 2 =     6.5175,     8.4706       
# span 3 =     6.5150,     8.4686       
# span 4 =   3.216746,   3.653678       
# span 5 =   3.217718,   3.655170       
# span 6 =     2.0393,     2.5052       
# span 7 =    -0.1075,     0.6444       
# span 8 =       4.98,     100.06       
# span 9 = 4.9430e-02, 7.8550e-01       
# span 10 = 0.0000e+00, 0.0000e+00      
# span 11 =     0.1674,    81.1099      
# span 12 =    5.31505,    6.91858      
# span 13 =    32.0298,    34.9746      
# span 14 =    32.0429,    34.9919      
# span 15 =    25.1420,    27.2789      
# span 16 =    1473.10,    1487.34      
# span 17 =    1473.10,    1484.12      
# span 18 = 0.0000e+00, 0.0000e+00      
# interval = decibars: 1                
# start_time = Feb 15 2022 18:29:27 [System UTC, header]
# bad_flag = -9.990e-29
*END*
[from data line 77]
       2103     79.000     7.8657     7.8635   3.542973   3.544349     2.3977    -0.0166      95.00 4.9471e-02 0.0000e+00    80.7842    6.30737    34.2556    34.2726    26.7093    1482.33    1477.83 0.0000e+00
       2125     80.000     7.8648     7.8641   3.543087   3.544680     2.3930    -0.0152      23.87 4.9472e-02 0.0000e+00    80.8022    6.29995    34.2572    34.2751    26.7108    1482.35    1477.89 0.0000e+00
       2146     81.000     7.8706     7.8689   3.544152   3.545664     2.3891    -0.0223      98.20 4.9459e-02 0.0000e+00    80.7979    6.29402    34.2625    34.2804    26.7140    1482.39    1477.94 0.0000e+00
       2168     82.000     7.9001     7.8949   3.549254   3.550417     2.3852    -0.0173      44.11 4.9475e-02 0.0000e+00    80.8040    6.28474    34.2879    34.3055    26.7297    1482.55    1478.00 0.0000e+00
       2191     83.000     7.9093     7.9075   3.550656   3.552112     2.3826    -0.0183      98.85 4.9475e-02 0.0000e+00    80.8214    6.28681    34.2935    34.3109    26.7327    1482.61    1478.05 0.0000e+00
       2214     84.000     7.9189     7.9161   3.552138   3.553513     2.3802    -0.0168      49.45 4.9474e-02 0.0000e+00    80.8231    6.27772    34.2995    34.3170    26.7360    1482.67    1478.11 0.0000e+00
       2237     85.000     7.9271     7.9247   3.553852   3.555345     2.3779    -0.0215      95.77 4.9464e-02 0.0000e+00    80.8622    6.26579    34.3094    34.3278    26.7425    1482.73    1478.16 0.0000e+00
       2259     86.000     7.9770     7.9734   3.563762   3.565477     2.3753    -0.0204      51.38 4.9472e-02 0.0000e+00    80.7865    6.25267    34.3662    34.3882    26.7798    1483.01    1478.22 0.0000e+00
       2281     87.000     7.9945     7.9941   3.566548   3.568152     2.3738    -0.0119      45.80 4.9483e-02 0.0000e+00    80.7930    6.25191    34.3784    34.3960    26.7868    1483.11    1478.28 0.0000e+00
       2303     88.000     8.0208     8.0163   3.570405   3.571829     2.3718    -0.0394      58.37 4.9487e-02 0.0000e+00    80.7922    6.23750    34.3935    34.4132    26.7947    1483.24    1478.33 0.0000e+00
       2326     89.000     8.1195     8.1145   3.584421   3.586032     2.3699    -0.0282      90.70 4.9493e-02 0.0000e+00    80.7785    6.21548    34.4460    34.4682    26.8212    1483.69    1478.39 0.0000e+00
       2349     90.000     8.1710     8.1663   3.590683   3.592045     2.3680    -0.0201      67.23 4.9487e-02 0.0000e+00    80.7557    6.20336    34.4619    34.4811    26.8258    1483.92    1478.45 0.0000e+00
       2371     91.000     8.2522     8.2476   3.600893   3.602735     2.3659    -0.0307      80.99 4.9490e-02 0.0000e+00    80.7901    6.16833    34.4906    34.5148    26.8361    1484.28    1478.52 0.0000e+00
       2394     92.000     8.3066     8.3038   3.609799   3.611266     2.3617    -0.0480      46.75 4.9493e-02 0.0000e+00    80.8391    6.12916    34.5316    34.5500    26.8600    1484.55    1478.58 0.0000e+00
       2417     93.000     8.3117     8.3093   3.611480   3.612974     2.3565 -9.990e-29      80.54 4.9487e-02 0.0000e+00    80.8949    6.09261    34.5440    34.5623    26.8690    1484.60    1478.65 0.0000e+00
       2439     94.000     8.3311     8.3266   3.614805   3.616209     2.3489 -9.990e-29      98.86 4.9464e-02 0.0000e+00    80.9312    6.04681    34.5599    34.5792    26.8784    1484.71    1478.71 0.0000e+00
       2461     95.000     8.3688     8.3660   3.620813   3.622322     2.3410 -9.990e-29      89.39 4.9486e-02 0.0000e+00    80.9815    6.01899    34.5863    34.6050    26.8934    1484.90    1478.78 0.0000e+00
       2482     96.000     8.3706     8.3682   3.621435   3.622863     2.3346 -9.990e-29      98.95 4.9465e-02 0.0000e+00    80.9992    6.00419    34.5906    34.6082    26.8965    1484.93    1478.84 0.0000e+00
       2504     97.000     8.3821     8.3800   3.623229   3.624823     2.3277    -0.0687      89.98 4.9496e-02 0.0000e+00    80.9910    5.98120    34.5979    34.6169    26.9005    1485.00    1478.90 0.0000e+00
       2526     98.000     8.3895     8.3874   3.624490   3.625982     2.3210    -0.0707      47.92 4.9462e-02 0.0000e+00    81.0220    5.96576    34.6036    34.6215    26.9038    1485.05    1478.97 0.0000e+00
       2550     99.000     8.3921     8.3901   3.624922   3.626414     2.3149    -0.0689      39.02 4.9493e-02 0.0000e+00    81.0232    5.95293    34.6051    34.6229    26.9046    1485.08    1479.03 0.0000e+00
       2573    100.000     8.3965     8.3943   3.625600   3.627059     2.3093    -0.0682      36.49 4.9493e-02 0.0000e+00    81.0213    5.94302    34.6075    34.6252    26.9058    1485.11    1479.09 0.0000e+00
       2596    101.000     8.3965     8.3946   3.625673   3.627157     2.3045    -0.0703      93.67 4.9463e-02 0.0000e+00    81.0218    5.93277    34.6078    34.6255    26.9060    1485.13    1479.15 0.0000e+00
       2618    102.000     8.3950     8.3928   3.625662   3.627107     2.3005    -0.0669      43.98 4.9458e-02 0.0000e+00    80.9784    5.93185    34.6087    34.6262    26.9070    1485.14    1479.21 0.0000e+00
       2640    103.000     8.3975     8.3955   3.626702   3.628207     2.2976    -0.0651      98.67 4.9458e-02 0.0000e+00    81.0075    5.93017    34.6168    34.6348    26.9129    1485.18    1479.26 0.0000e+00
       2663    104.000     8.4051     8.4026   3.628058   3.629541     2.2951    -0.0711      39.70 4.9477e-02 0.0000e+00    81.0227    5.92636    34.6233    34.6415    26.9168    1485.23    1479.32 0.0000e+00
       2685    105.000     8.4168     8.4140   3.630333   3.631823     2.2930    -0.0669      99.68 4.9464e-02 0.0000e+00    81.0271    5.92358    34.6355    34.6540    26.9246    1485.31    1479.38 0.0000e+00
       2707    106.000     8.4340     8.4312   3.633440   3.634926     2.2914    -0.0673      54.71 4.9469e-02 0.0000e+00    81.0169    5.91991    34.6511    34.6696    26.9342    1485.41    1479.43 0.0000e+00
       2729    107.000     8.4480     8.4457   3.635926   3.637441     2.2902    -0.0649      98.97 4.9485e-02 0.0000e+00    81.0086    5.91876    34.6632    34.6815    26.9416    1485.49    1479.49 0.0000e+00
       2751    108.000     8.4479     8.4462   3.636269   3.637738     2.2892    -0.0661      56.39 4.9451e-02 0.0000e+00    81.0113    5.91430    34.6665    34.6837    26.9441    1485.51    1479.55 0.0000e+00
       2773    109.000     8.4435     8.4416   3.636273   3.637764     2.2878    -0.0608      99.10 4.9464e-02 0.0000e+00    81.0359    5.89957    34.6704    34.6881    26.9479    1485.51    1479.60 0.0000e+00
       2795    110.000     8.4453     8.4438   3.637229   3.638732     2.2847    -0.0609      61.33 4.9484e-02 0.0000e+00    81.0153    5.87746    34.6783    34.6957    26.9538    1485.55    1479.65 0.0000e+00
       2817    111.000     8.4431     8.4412   3.637754   3.639262     2.2814    -0.0604      99.16 4.9483e-02 0.0000e+00    81.0317    5.87071    34.6855    34.7034    26.9598    1485.57    1479.71 0.0000e+00
       2838    112.000     8.4459     8.4439   3.638705   3.640216     2.2788    -0.0613      70.06 4.9483e-02 0.0000e+00    81.0470    5.86534    34.6924    34.7104    26.9648    1485.60    1479.76 0.0000e+00
       2860    113.000     8.4468     8.4449   3.638930   3.640460     2.2762    -0.0626      56.99 4.9472e-02 0.0000e+00    81.0688    5.85834    34.6934    34.7115    26.9654    1485.62    1479.81 0.0000e+00
       2881    114.000     8.4490     8.4469   3.639917   3.641375     2.2739    -0.0673      64.57 4.9483e-02 0.0000e+00    81.0525    5.85753    34.7012    34.7188    26.9712    1485.66    1479.86 0.0000e+00
       2904    115.000     8.4540     8.4513   3.641026   3.642509     2.2719    -0.0647      97.69 4.9462e-02 0.0000e+00    81.0609    5.85070    34.7076    34.7260    26.9755    1485.70    1479.91 0.0000e+00
       2928    116.000     8.4613     8.4591   3.641830   3.643301     2.2697    -0.0598      77.40 4.9487e-02 0.0000e+00    81.0577    5.84648    34.7085    34.7262    26.9750    1485.74    1479.96 0.0000e+00
       2951    117.000     8.4600     8.4583   3.641762   3.643264     2.2681    -0.0652      98.60 4.9451e-02 0.0000e+00    81.0527    5.84440    34.7086    34.7262    26.9753    1485.76    1480.01 0.0000e+00
       2974    118.000     8.4593     8.4575   3.641749   3.643276     2.2665    -0.0655      42.52 4.9490e-02 0.0000e+00    81.0546    5.83654    34.7086    34.7266    26.9754    1485.77    1480.06 0.0000e+00
       2996    119.000     8.4608     8.4583   3.641980   3.643494     2.2645    -0.0689      99.34 4.9483e-02 0.0000e+00    81.0483    5.83272    34.7091    34.7276    26.9756    1485.79    1480.11 0.0000e+00
       3017    120.000     8.4639     8.4619   3.642476   3.643966     2.2633    -0.0629      69.64 4.9459e-02 0.0000e+00    81.0520    5.83278    34.7109    34.7286    26.9765    1485.82    1480.16 0.0000e+00
       3039    121.000     8.4664     8.4643   3.643115   3.644647     2.2620    -0.0735      98.52 4.9464e-02 0.0000e+00    81.0644    5.82925    34.7147    34.7330    26.9791    1485.85    1480.20 0.0000e+00
       3060    122.000     8.4706     8.4686   3.645022   3.646600     2.2609    -0.0636      70.09 4.9478e-02 0.0000e+00    81.0990    5.82758    34.7303    34.7490    26.9907    1485.90    1480.25 0.0000e+00
       3080    123.000     8.4695     8.4682   3.646559   3.647985     2.2600    -0.0657      52.35 4.9488e-02 0.0000e+00    81.0784    5.82185    34.7472    34.7636    27.0041    1485.94    1480.30 0.0000e+00
       3101    124.000     8.4677     8.4660   3.646883   3.648371     2.2584    -0.0678      89.11 4.9479e-02 0.0000e+00    81.0863    5.81237    34.7520    34.7694    27.0081    1485.95    1480.34 0.0000e+00
       3123    125.000     8.4676     8.4659   3.646872   3.648387     2.2568    -0.0667      97.05 4.9487e-02 0.0000e+00    81.0937    5.80631    34.7515    34.7692    27.0078    1485.97    1480.39 0.0000e+00
       3146    126.000     8.4674     8.4656   3.646909   3.648355     2.2546    -0.0625      87.20 4.9451e-02 0.0000e+00    81.1006    5.79937    34.7516    34.7687    27.0079    1485.98    1480.43 0.0000e+00
       3169    127.000     8.4679     8.4660   3.647110   3.648594     2.2527    -0.0657      98.76 4.9462e-02 0.0000e+00    81.0818    5.79697    34.7527    34.7704    27.0087    1486.00    1480.47 0.0000e+00
       3193    128.000     8.4679     8.4661   3.647172   3.648669     2.2512    -0.0622      92.45 4.9464e-02 0.0000e+00    81.0886    5.79763    34.7529    34.7706    27.0089    1486.02    1480.52 0.0000e+00
       3215    129.000     8.4676     8.4658   3.647207   3.648707     2.2501    -0.0608      98.81 4.9452e-02 0.0000e+00    81.0583    5.79434    34.7531    34.7708    27.0090    1486.04    1480.56 0.0000e+00
       3236    130.000     8.4669     8.4649   3.647215   3.648704     2.2487    -0.0785      59.61 4.9464e-02 0.0000e+00    81.0405    5.79352    34.7534    34.7712    27.0094    1486.05    1480.60 0.0000e+00
       3259    131.000     8.4673     8.4653   3.647360   3.648845     2.2481    -0.0868      39.94 4.9458e-02 0.0000e+00    81.0524    5.79674    34.7541    34.7718    27.0098    1486.07    1480.64 0.0000e+00
       3281    132.000     8.4669     8.4649   3.647390   3.648887     2.2477    -0.0660      87.32 4.9471e-02 0.0000e+00    81.0617    5.79837    34.7543    34.7722    27.0101    1486.08    1480.68 0.0000e+00
       3301    133.000     8.4658     8.4638   3.647404   3.648882     2.2472    -0.0905      48.62 4.9474e-02 0.0000e+00    81.0479    5.79388    34.7551    34.7727    27.0109    1486.10    1480.72 0.0000e+00
       3321    134.000     8.4651     8.4633   3.647420   3.648908     2.2467    -0.0759      82.37 4.9474e-02 0.0000e+00    81.0338    5.79521    34.7554    34.7730    27.0113    1486.11    1480.76 0.0000e+00
       3341    135.000     8.4617     8.4612   3.647203   3.648798     2.2461    -0.0766      67.56 4.9446e-02 0.0000e+00    81.0482    5.79669    34.7560    34.7734    27.0122    1486.12    1480.80 0.0000e+00
       3362    136.000     8.4599     8.4587   3.647235   3.648744     2.2459    -0.0885      76.35 4.9470e-02 0.0000e+00    81.0370    5.80144    34.7576    34.7748    27.0138    1486.13    1480.84 0.0000e+00
       3385    137.000     8.4575     8.4554   3.647636   3.649026     2.2463    -0.0643      71.33 4.9469e-02 0.0000e+00    81.0440    5.80665    34.7638    34.7806    27.0190    1486.14    1480.88 0.0000e+00
       3409    138.000     8.4655     8.4628   3.649978   3.651385     2.2465    -0.0594      86.01 4.9500e-02 0.0000e+00    81.0304    5.80164    34.7803    34.7979    27.0307    1486.21    1480.92 0.0000e+00
       3433    139.000     8.4679     8.4666   3.651843   3.653346     2.2463    -0.0665      76.99 4.9487e-02 0.0000e+00    81.0084    5.80245    34.7972    34.8144    27.0436    1486.26    1480.96 0.0000e+00
       3456    140.000     8.4666     8.4649   3.652145   3.653655     2.2464    -0.0598      98.03 4.9490e-02 0.0000e+00    81.0061    5.79743    34.8012    34.8189    27.0469    1486.27    1481.00 0.0000e+00
       3476    141.000     8.4649     8.4634   3.652233   3.653712     2.2454    -0.0680      98.39 4.9495e-02 0.0000e+00    80.9894    5.78312    34.8034    34.8205    27.0489    1486.29    1481.03 0.0000e+00
       3496    142.000     8.4626     8.4608   3.652372   3.653881     2.2439    -0.0620      24.16 4.9468e-02 0.0000e+00    80.9721    5.77667    34.8066    34.8244    27.0518    1486.30    1481.07 0.0000e+00
       3517    143.000     8.4590     8.4575   3.652318   3.653828     2.2422    -0.0636      30.59 4.9471e-02 0.0000e+00    80.8609    5.77160    34.8091    34.8266    27.0543    1486.30    1481.11 0.0000e+00
       3538    144.000     8.4553     8.4535   3.652260   3.653758     2.2406     0.0334      67.16 4.9465e-02 0.0000e+00    17.1644    5.76782    34.8117    34.8294    27.0569    1486.31    1481.14 0.0000e+00
       3560    145.000     8.4535     8.4519   3.652345   3.653849     2.2390    -0.0092      94.01 4.9464e-02 0.0000e+00     0.1674    5.76235    34.8139    34.8314    27.0589    1486.32    1481.18 0.0000e+00
       3581    146.000     8.4520     8.4503   3.652444   3.653929     2.2369    -0.0322      78.60 4.9458e-02 0.0000e+00    41.2893    5.75154    34.8159    34.8334    27.0607    1486.34    1481.21 0.0000e+00
       3603    147.000     8.4489     8.4478   3.652517   3.654030     2.2346    -0.0121      96.57 4.9472e-02 0.0000e+00    33.6776    5.74270    34.8193    34.8364    27.0639    1486.34    1481.25 0.0000e+00
       3624    148.000     8.4412     8.4400   3.652751   3.654255     2.2324     0.0070      87.46 4.9459e-02 0.0000e+00     5.6982    5.73680    34.8289    34.8461    27.0726    1486.34    1481.28 0.0000e+00
       3645    149.000     8.4346     8.4331   3.653535   3.655007     2.2299    -0.0340      96.42 4.9471e-02 0.0000e+00    56.6552    5.73273    34.8433    34.8604    27.0849    1486.35    1481.32 0.0000e+00
       3667    150.000     8.4282     8.4267   3.653651   3.655140     2.2283    -0.0898      94.44 4.9492e-02 0.0000e+00    80.6292    5.73597    34.8503    34.8676    27.0914    1486.35    1481.35 0.0000e+00
       3689    151.000     8.4246     8.4232   3.653578   3.655062     2.2267    -0.0769      97.81 4.9463e-02 0.0000e+00    80.8511    5.72622    34.8527    34.8698    27.0938    1486.36    1481.38 0.0000e+00
       3711    152.000     8.4211     8.4197   3.653678   3.655170     2.2244    -0.0659      95.55 4.9477e-02 0.0000e+00    80.7314    5.71975    34.8567    34.8739    27.0975    1486.37    1481.42 0.0000e+00
       3733    153.000     8.4168     8.4153   3.653494   3.655008     2.2226    -0.0659      65.01 4.9479e-02 0.0000e+00    80.8523    5.71827    34.8585    34.8761    27.0996    1486.37    1481.45 0.0000e+00
