_data/ctd/2022603/sta0204.cnv
* Sea-Bird SBE 9 Data File:
* FileName = C:\Seabird\CTDData\sta0204.hex
* Software Version Seasave V 7.21f
* Temperature SN = 6264
* Conductivity SN = 4928
* Number of Bytes Per Scan = 40
* Number of Voltage Words = 5
* Number of Scans Averaged by the Deck Unit = 1
* NMEA Latitude = 61 02.85 N
* NMEA Longitude = 005 24.61 E
* NMEA UTC (Time) = Feb 15 2022 12:53:07
* NMEA baud rate = 4800
** Ship: R/V "Kristine Bonnevie"
** Station: 0204
** Echodepth: 1244
** Log: 0849.189
** Wind-Dir/Force: 21 03
** Air-temp (dry): 4.4
** Weather Sky:
** Sea:
# nquan = 19                                
# nvalues = 1249                        
# units = specified
# name 0 = scan: Scan Count
# name 1 = prDM: Pressure, Digiquartz [db]
# name 2 = t068C: Temperature [ITS-68, deg C]
# name 3 = t168C: Temperature, 2 [ITS-68, deg C]
# name 4 = c0S/m: Conductivity [S/m]
# name 5 = c1S/m: Conductivity, 2 [S/m]
# name 6 = sbeox0V: Oxygen raw, SBE 43 [V]
# name 7 = flECO-AFL: Fluorescence, WET Labs ECO-AFL/FL [mg/m^3]
# name 8 = altM: Altimeter [m]
# name 9 = par: PAR/Irradiance, Biospherical/Licor
# name 10 = spar: SPAR/Surface Irradiance
# name 11 = CStarTr0: Beam Transmission, WET Labs C-Star [%]
# name 12 = sbeox0ML/L: Oxygen, SBE 43 [ml/l], WS = 2
# name 13 = sal00: Salinity, Practical [PSU]
# name 14 = sal11: Salinity, Practical, 2 [PSU]
# name 15 = sigma-t00: Density [sigma-t, Kg/m^3 ]
# name 16 = svCM: Sound Velocity [Chen-Millero, m/s]
# name 17 = avgsvCM: Average Sound Velocity [Chen-Millero, m/s], minP = 1, minS = 5
# name 18 = flag: flag
# span 0 =         -5,      27634       
# span 1 =      3.000,   1251.000       
# span 2 =     6.2260,     9.3233       
# span 3 =     6.2244,     9.3220       
# span 4 =   3.117172,   3.678623       
# span 5 =   3.117617,   3.680047       
# span 6 =     1.5452,     2.4372       
# span 7 =    -0.0965,     0.5938       
# span 8 =       6.73,     100.27       
# span 9 = 4.9063e-02, 1.2186e+02       
# span 10 = 1.2791e+02, 3.4048e+02      
# span 11 =    77.6618,    81.5198      
# span 12 =    4.09426,    6.82298      
# span 13 =    31.1755,    35.0249      
# span 14 =    31.1855,    35.0410      
# span 15 =    24.5011,    27.3650      
# span 16 =    1470.99,    1501.39      
# span 17 =    1470.99,    1491.49      
# span 18 = 0.0000e+00, 0.0000e+00      
# interval = decibars: 1                
# start_time = Feb 15 2022 12:53:09 [System UTC, header]
# bad_flag = -9.990e-29
*END*
[from data line 458]
       9295    461.000     7.6772     7.6760   3.611815   3.613185     1.9873    -0.0577      98.09 4.9479e-02 1.4790e+02    81.4755    5.21793    35.0004    35.0164    27.3225    1488.83    1485.86 0.0000e+00
       9315    462.000     7.6760     7.6746   3.611752   3.613126     1.9855 -9.990e-29      98.79 4.9440e-02 1.4790e+02    81.4733    5.21067    35.0005    35.0167    27.3227    1488.84    1485.87 0.0000e+00
       9335    463.000     7.6759     7.6745   3.611789   3.613157     1.9836 -9.990e-29      97.18 4.9446e-02 1.4790e+02    81.4801    5.19967    35.0005    35.0167    27.3227    1488.86    1485.88 0.0000e+00
       9356    464.000     7.6760     7.6745   3.611837   3.613210     1.9810 -9.990e-29      62.56 4.9488e-02 1.4790e+02    81.4822    5.18610    35.0004    35.0168    27.3227    1488.88    1485.88 0.0000e+00
       9376    465.000     7.6740     7.6728   3.611718   3.613097     1.9784 -9.990e-29      99.22 4.9519e-02 1.4790e+02    81.4680    5.17951    35.0007    35.0168    27.3232    1488.88    1485.89 0.0000e+00
       9397    466.000     7.6722     7.6709   3.611615   3.612982     1.9761 -9.990e-29      62.28 4.9508e-02 1.4790e+02    81.4672    5.17674    35.0009    35.0170    27.3236    1488.89    1485.90 0.0000e+00
       9417    467.000     7.6719     7.6706   3.611631   3.613003     1.9739 -9.990e-29      98.49 4.9492e-02 1.4811e+02    81.4394    5.16779    35.0009    35.0170    27.3236    1488.91    1485.90 0.0000e+00
       9437    468.000     7.6699     7.6686   3.611489   3.612860     1.9715 -9.990e-29      57.70 4.9488e-02 1.4880e+02    81.4684    5.16461    35.0009    35.0170    27.3239    1488.92    1485.91 0.0000e+00
       9458    469.000     7.6670     7.6660   3.611280   3.612671     1.9700 -9.990e-29      99.13 4.9509e-02 1.4978e+02    81.4738    5.16642    35.0010    35.0171    27.3245    1488.92    1485.91 0.0000e+00
       9478    470.000     7.6660     7.6646   3.611232   3.612604     1.9683 -9.990e-29      62.82 4.9516e-02 1.4970e+02    81.4690    5.15646    35.0011    35.0173    27.3246    1488.94    1485.92 0.0000e+00
       9498    471.000     7.6654     7.6641   3.611226   3.612612     1.9662 -9.990e-29      92.08 4.9525e-02 1.4990e+02    81.4531    5.14947    35.0011    35.0174    27.3248    1488.95    1485.93 0.0000e+00
       9518    472.000     7.6636     7.6625   3.611117   3.612492     1.9644 -9.990e-29      65.58 4.9495e-02 1.4990e+02    81.4452    5.14572    35.0013    35.0172    27.3251    1488.96    1485.93 0.0000e+00
       9539    473.000     7.6611     7.6598   3.610936   3.612297     1.9626 -9.990e-29      84.37 4.9509e-02 1.4990e+02    81.1930    5.14106    35.0013    35.0173    27.3256    1488.97    1485.94 0.0000e+00
       9559    474.000     7.6577     7.6564   3.610667   3.612038     1.9608 -9.990e-29      68.06 4.9479e-02 1.4990e+02    81.4408    5.13167    35.0013    35.0175    27.3261    1488.97    1485.95 0.0000e+00
       9579    475.000     7.6559     7.6545   3.610551   3.611918     1.9587 -9.990e-29      74.05 4.9488e-02 1.4990e+02    81.4386    5.12547    35.0014    35.0176    27.3264    1488.98    1485.95 0.0000e+00
       9600    476.000     7.6545     7.6532   3.610481   3.611836     1.9566    -0.0558      78.27 4.9516e-02 1.4979e+02    81.4439    5.11503    35.0016    35.0175    27.3267    1488.99    1485.96 0.0000e+00
       9620    477.000     7.6516     7.6503   3.610262   3.611628     1.9542    -0.0835      63.73 4.9480e-02 1.4973e+02    81.3963    5.11124    35.0016    35.0177    27.3272    1489.00    1485.97 0.0000e+00
       9640    478.000     7.6504     7.6490   3.610206   3.611574     1.9526    -0.0725      90.12 4.9488e-02 1.4976e+02    81.3790    5.10557    35.0018    35.0179    27.3275    1489.01    1485.97 0.0000e+00
       9660    479.000     7.6492     7.6479   3.610140   3.611511     1.9501    -0.0636      37.99 4.9488e-02 1.4837e+02    81.3682    5.09065    35.0018    35.0179    27.3276    1489.02    1485.98 0.0000e+00
       9680    480.000     7.6485     7.6471   3.610137   3.611504     1.9475    -0.0956      82.31 4.9509e-02 1.4810e+02    81.3633    5.08166    35.0020    35.0181    27.3279    1489.04    1485.98 0.0000e+00
       9700    481.000     7.6479     7.6465   3.610118   3.611481     1.9451    -0.0641      84.66 4.9499e-02 1.4790e+02    81.3567    5.07822    35.0019    35.0180    27.3279    1489.05    1485.99 0.0000e+00
       9720    482.000     7.6473     7.6459   3.610115   3.611481     1.9428 -9.990e-29      87.18 4.9522e-02 1.4790e+02    81.3476    5.07217    35.0020    35.0181    27.3281    1489.07    1486.00 0.0000e+00
       9740    483.000     7.6466     7.6452   3.610091   3.611458     1.9407 -9.990e-29      80.23 4.9505e-02 1.4790e+02    81.3721    5.07034    35.0019    35.0181    27.3282    1489.08    1486.00 0.0000e+00
       9760    484.000     7.6432     7.6420   3.609837   3.611211     1.9391 -9.990e-29      94.51 4.9487e-02 1.4790e+02    81.3717    5.06833    35.0021    35.0182    27.3288    1489.08    1486.01 0.0000e+00
       9780    485.000     7.6393     7.6381   3.609545   3.610918     1.9374 -9.990e-29      69.59 4.9474e-02 1.4790e+02    81.3736    5.06360    35.0024    35.0184    27.3296    1489.08    1486.02 0.0000e+00
       9800    486.000     7.6352     7.6342   3.609238   3.610609     1.9358    -0.0592      98.97 4.9502e-02 1.4790e+02    81.3404    5.05994    35.0027    35.0185    27.3304    1489.09    1486.02 0.0000e+00
       9820    487.000     7.6336     7.6323   3.609146   3.610519     1.9340    -0.0573      62.02 4.9494e-02 1.4790e+02    81.3658    5.05192    35.0028    35.0190    27.3308    1489.10    1486.03 0.0000e+00
       9840    488.000     7.6322     7.6309   3.609059   3.610431     1.9322    -0.0634      99.04 4.9495e-02 1.4790e+02    81.3798    5.04169    35.0028    35.0189    27.3310    1489.11    1486.04 0.0000e+00
       9860    489.000     7.6283     7.6272   3.608752   3.610130     1.9299    -0.0653      61.02 4.9474e-02 1.4790e+02    81.3804    5.03132    35.0029    35.0189    27.3316    1489.11    1486.04 0.0000e+00
       9880    490.000     7.6219     7.6208   3.608278   3.609641     1.9276    -0.0585      98.64 4.9474e-02 1.4790e+02    81.3733    5.02370    35.0037    35.0196    27.3332    1489.10    1486.05 0.0000e+00
       9899    491.000     7.6206     7.6193   3.608204   3.609571     1.9250    -0.0663      74.19 4.9494e-02 1.4790e+02    81.3941    5.01105    35.0038    35.0198    27.3334    1489.11    1486.05 0.0000e+00
       9919    492.000     7.6200     7.6186   3.608189   3.609557     1.9224    -0.0639      91.79 4.9519e-02 1.4748e+02    81.3892    5.00256    35.0037    35.0199    27.3335    1489.13    1486.06 0.0000e+00
       9939    493.000     7.6176     7.6164   3.608030   3.609383     1.9198    -0.0894      90.03 4.9488e-02 1.4680e+02    81.4008    4.98805    35.0039    35.0198    27.3340    1489.14    1486.07 0.0000e+00
       9958    494.000     7.6143     7.6131   3.607793   3.609163     1.9165    -0.0717      89.74 4.9483e-02 1.4589e+02    81.3961    4.97630    35.0042    35.0202    27.3347    1489.14    1486.07 0.0000e+00
       9978    495.000     7.6130     7.6118   3.607722   3.609087     1.9136    -0.0587      92.38 4.9495e-02 1.4590e+02    81.3899    4.96630    35.0042    35.0202    27.3349    1489.15    1486.08 0.0000e+00
       9998    496.000     7.6092     7.6080   3.607438   3.608806     1.9102    -0.0619      78.73 4.9488e-02 1.4590e+02    81.3897    4.95728    35.0045    35.0205    27.3357    1489.15    1486.09 0.0000e+00
      10017    497.000     7.6067     7.6054   3.607282   3.608656     1.9075    -0.0599      96.05 4.9495e-02 1.4590e+02    81.4086    4.95225    35.0048    35.0210    27.3363    1489.16    1486.09 0.0000e+00
      10037    498.000     7.6057     7.6044   3.607240   3.608604     1.9045    -0.0608      62.28 4.9501e-02 1.4590e+02    81.3867    4.93855    35.0049    35.0210    27.3365    1489.17    1486.10 0.0000e+00
      10057    499.000     7.6027     7.6016   3.607044   3.608406     1.9015    -0.0619      98.32 4.9460e-02 1.4590e+02    81.4046    4.92827    35.0053    35.0212    27.3372    1489.18    1486.10 0.0000e+00
      10077    500.000     7.6014     7.6000   3.606985   3.608351     1.8984    -0.0634      57.09 4.9501e-02 1.4590e+02    81.4188    4.91879    35.0055    35.0217    27.3376    1489.19    1486.11 0.0000e+00
      10097    501.000     7.5999     7.5988   3.606896   3.608279     1.8952    -0.0862      98.66 4.9495e-02 1.4483e+02    81.4115    4.90723    35.0056    35.0216    27.3378    1489.20    1486.12 0.0000e+00
      10118    502.000     7.5967     7.5958   3.606698   3.608080     1.8921    -0.0634      48.79 4.9495e-02 1.4390e+02    81.3930    4.89817    35.0062    35.0220    27.3388    1489.21    1486.12 0.0000e+00
      10138    503.000     7.5959     7.5946   3.606670   3.608036     1.8890    -0.0588      94.78 4.9516e-02 1.4390e+02    81.4096    4.88989    35.0062    35.0223    27.3389    1489.22    1486.13 0.0000e+00
      10158    504.000     7.5942     7.5930   3.606579   3.607943     1.8862    -0.0688      79.69 4.9485e-02 1.4390e+02    81.4042    4.88098    35.0064    35.0224    27.3393    1489.23    1486.13 0.0000e+00
      10178    505.000     7.5919     7.5907   3.606442   3.607806     1.8831    -0.0889      35.77 4.9481e-02 1.4390e+02    81.3861    4.87225    35.0068    35.0227    27.3400    1489.24    1486.14 0.0000e+00
      10198    506.000     7.5908     7.5896   3.606387   3.607756     1.8804    -0.0614      93.15 4.9481e-02 1.4390e+02    81.3853    4.86643    35.0068    35.0228    27.3401    1489.25    1486.15 0.0000e+00
      10218    507.000     7.5891     7.5877   3.606280   3.607649     1.8778 -9.990e-29      69.59 4.9481e-02 1.4380e+02    81.3775    4.85903    35.0069    35.0231    27.3404    1489.26    1486.15 0.0000e+00
      10239    508.000     7.5881     7.5867   3.606247   3.607610     1.8750 -9.990e-29      50.37 4.9509e-02 1.4343e+02    81.3675    4.85163    35.0070    35.0232    27.3407    1489.27    1486.16 0.0000e+00
      10259    509.000     7.5876     7.5862   3.606255   3.607622     1.8729 -9.990e-29      99.34 4.9473e-02 1.4205e+02    81.3738    4.84382    35.0071    35.0233    27.3409    1489.29    1486.17 0.0000e+00
      10279    510.000     7.5874     7.5860   3.606287   3.607663     1.8702 -9.990e-29      78.94 4.9488e-02 1.4191e+02    81.3806    4.83562    35.0072    35.0235    27.3410    1489.31    1486.17 0.0000e+00
      10299    511.000     7.5868     7.5854   3.606294   3.607654     1.8676 -9.990e-29      39.42 4.9472e-02 1.4191e+02    81.3836    4.82518    35.0074    35.0235    27.3412    1489.32    1486.18 0.0000e+00
      10320    512.000     7.5864     7.5851   3.606317   3.607686     1.8649 -9.990e-29      96.74 4.9502e-02 1.4191e+02    81.4020    4.81563    35.0076    35.0237    27.3414    1489.33    1486.18 0.0000e+00
      10340    513.000     7.5854     7.5844   3.606268   3.607662     1.8622 -9.990e-29      91.72 4.9479e-02 1.4191e+02    81.3851    4.81403    35.0076    35.0236    27.3415    1489.35    1486.19 0.0000e+00
      10360    514.000     7.5820     7.5809   3.606017   3.607384     1.8606 -9.990e-29      88.65 4.9474e-02 1.4191e+02    81.3641    4.81150    35.0078    35.0237    27.3422    1489.35    1486.20 0.0000e+00
      10381    515.000     7.5798     7.5785   3.605882   3.607245     1.8581 -9.990e-29      94.08 4.9502e-02 1.4185e+02    81.3482    4.80259    35.0080    35.0241    27.3427    1489.36    1486.20 0.0000e+00
      10401    516.000     7.5790     7.5774   3.605847   3.607202     1.8564 -9.990e-29      81.60 4.9488e-02 1.3996e+02    81.3630    4.80868    35.0080    35.0243    27.3428    1489.37    1486.21 0.0000e+00
      10421    517.000     7.5771     7.5758   3.605742   3.607100     1.8552 -9.990e-29      96.50 4.9492e-02 1.3991e+02    81.3715    4.79951    35.0083    35.0243    27.3433    1489.38    1486.21 0.0000e+00
      10442    518.000     7.5752     7.5745   3.605623   3.607036     1.8530 -9.990e-29      74.17 4.9492e-02 1.3991e+02    81.3557    4.78802    35.0084    35.0244    27.3437    1489.39    1486.22 0.0000e+00
      10462    519.000     7.5727     7.5717   3.605456   3.606847     1.8510 -9.990e-29      98.49 4.9488e-02 1.3991e+02    81.3695    4.78505    35.0086    35.0247    27.3442    1489.40    1486.23 0.0000e+00
      10483    520.000     7.5745     7.5730   3.605662   3.607012     1.8492 -9.990e-29      71.26 4.9492e-02 1.3991e+02    81.3363    4.77496    35.0086    35.0247    27.3439    1489.42    1486.23 0.0000e+00
      10503    521.000     7.5736     7.5722   3.605611   3.606981     1.8470 -9.990e-29      98.33 4.9467e-02 1.3981e+02    81.3551    4.76999    35.0085    35.0247    27.3440    1489.44    1486.24 0.0000e+00
      10524    522.000     7.5729     7.5715   3.605609   3.606957     1.8453 -9.990e-29      48.52 4.9509e-02 -9.990e-29    81.3905    4.76316    35.0087    35.0246    27.3442    1489.45    1486.24 0.0000e+00
      10544    523.000     7.5721     7.5708   3.605579   3.606954     1.8428 -9.990e-29      99.12 4.9492e-02 -9.990e-29    81.3857    4.75479    35.0087    35.0248    27.3443    1489.46    1486.25 0.0000e+00
      10565    524.000     7.5722     7.5709   3.605639   3.607012     1.8410 -9.990e-29      98.73 4.9479e-02 -9.990e-29    81.3843    4.75382    35.0087    35.0249    27.3444    1489.48    1486.26 0.0000e+00
      10585    525.000     7.5725     7.5711   3.605701   3.607064     1.8392 -9.990e-29      37.26 4.9488e-02 -9.990e-29    81.3763    4.75047    35.0086    35.0248    27.3442    1489.50    1486.26 0.0000e+00
      10606    526.000     7.5724     7.5710   3.605744   3.607102     1.8379 -9.990e-29      82.51 4.9499e-02 1.3796e+02    81.3562    4.75099    35.0087    35.0248    27.3443    1489.51    1486.27 0.0000e+00
      10626    527.000     7.5724     7.5711   3.605793   3.607162     1.8366 -9.990e-29      89.10 4.9508e-02 1.3791e+02    81.4031    4.75090    35.0088    35.0249    27.3444    1489.53    1486.28 0.0000e+00
      10647    528.000     7.5718     7.5706   3.605774   3.607154     1.8358 -9.990e-29      77.70 4.9499e-02 1.3791e+02    81.3879    4.74972    35.0087    35.0248    27.3444    1489.54    1486.28 0.0000e+00
      10667    529.000     7.5680     7.5669   3.605524   3.606886     1.8346 -9.990e-29      30.78 4.9481e-02 1.3715e+02    81.4134    4.74591    35.0093    35.0251    27.3454    1489.55    1486.29 0.0000e+00
      10688    530.000     7.5664     7.5651   3.605440   3.606806     1.8339 -9.990e-29      88.52 4.9488e-02 1.3597e+02    81.4115    4.74532    35.0095    35.0256    27.3458    1489.56    1486.29 0.0000e+00
      10708    531.000     7.5650     7.5637   3.605368   3.606730     1.8327    -0.0630      98.52 4.9499e-02 1.3591e+02    81.3936    4.73970    35.0097    35.0257    27.3462    1489.57    1486.30 0.0000e+00
      10729    532.000     7.5641     7.5627   3.605332   3.606694     1.8318    -0.0594      62.14 4.9472e-02 1.3591e+02    81.4015    4.73377    35.0097    35.0258    27.3463    1489.58    1486.31 0.0000e+00
      10749    533.000     7.5625     7.5613   3.605256   3.606615     1.8300    -0.0665      58.77 4.9495e-02 1.3591e+02    81.4177    4.72485    35.0100    35.0259    27.3468    1489.59    1486.31 0.0000e+00
      10770    534.000     7.5618     7.5604   3.605240   3.606607     1.8288    -0.0623      85.11 4.9495e-02 1.3591e+02    81.4258    4.72014    35.0101    35.0262    27.3469    1489.61    1486.32 0.0000e+00
      10790    535.000     7.5617     7.5603   3.605277   3.606646     1.8268    -0.0631      64.35 4.9512e-02 1.3591e+02    81.3780    4.70767    35.0101    35.0263    27.3470    1489.62    1486.32 0.0000e+00
