_data/ctd/2022603/sta0184.cnv
* Sea-Bird SBE 9 Data File:
* FileName = C:\Seabird\CTDData\sta0184.hex
* Software Version Seasave V 7.21f
* Temperature SN = 6264
* Conductivity SN = 4928
* Number of Bytes Per Scan = 40
* Number of Voltage Words = 5
* Number of Scans Averaged by the Deck Unit = 1
* NMEA Latitude = 61 11.60 N
* NMEA Longitude = 007 02.49 E
* NMEA UTC (Time) = Feb 14 2022 08:48:34
* NMEA baud rate = 4800
** Ship: R/V "Kristine Bonnevie"
** Station: 0184
** Echodepth: 201
** Log: 0716.407
** Wind-Dir/Force: 07 09
** Air-temp (dry): 2.1
** Weather Sky:
** Sea:
# nquan = 19                                
# nvalues = 197                         
# units = specified
# name 0 = scan: Scan Count
# name 1 = prDM: Pressure, Digiquartz [db]
# name 2 = t068C: Temperature [ITS-68, deg C]
# name 3 = t168C: Temperature, 2 [ITS-68, deg C]
# name 4 = c0S/m: Conductivity [S/m]
# name 5 = c1S/m: Conductivity, 2 [S/m]
# name 6 = sbeox0V: Oxygen raw, SBE 43 [V]
# name 7 = flECO-AFL: Fluorescence, WET Labs ECO-AFL/FL [mg/m^3]
# name 8 = altM: Altimeter [m]
# name 9 = par: PAR/Irradiance, Biospherical/Licor
# name 10 = spar: SPAR/Surface Irradiance
# name 11 = CStarTr0: Beam Transmission, WET Labs C-Star [%]
# name 12 = sbeox0ML/L: Oxygen, SBE 43 [ml/l], WS = 2
# name 13 = sal00: Salinity, Practical [PSU]
# name 14 = sal11: Salinity, Practical, 2 [PSU]
# name 15 = sigma-t00: Density [sigma-t, Kg/m^3 ]
# name 16 = svCM: Sound Velocity [Chen-Millero, m/s]
# name 17 = avgsvCM: Average Sound Velocity [Chen-Millero, m/s], minP = 1, minS = 5
# name 18 = flag: flag
# span 0 =        380,       5266       
# span 1 =      1.000,    197.000       
# span 2 =     3.9529,     9.9801       
# span 3 =     4.0158,     9.9822       
# span 4 =   2.478425,   3.645239       
# span 5 =   2.500732,   3.646917       
# span 6 =     1.3992,     2.4692       
# span 7 =    -0.0570,     0.8391       
# span 8 =       8.50,      99.33       
# span 9 = 4.9464e-02, 3.4952e+01       
# span 10 = 8.3944e+01, 8.7947e+01      
# span 11 =    73.3626,    81.0777      
# span 12 =    3.03070,    7.58020      
# span 13 =    25.9478,    34.1463      
# span 14 =    26.1540,    34.1625      
# span 15 =    20.5976,    26.5435      
# span 16 =    1454.81,    1488.26      
# span 17 =    1454.81,    1483.39      
# span 18 = 0.0000e+00, 0.0000e+00      
# interval = decibars: 1                
# start_time = Feb 14 2022 08:48:36 [System UTC, header]
# bad_flag = -9.990e-29
*END*
[from data line 77]
       2190     78.000     8.4938     8.4917   3.582292   3.583688     1.4911 -9.990e-29      80.20 4.9499e-02 8.5943e+01    76.4628    3.29863    34.0640    34.0808    26.4646    1484.44    1480.53 0.0000e+00
       2211     79.000     8.4970     8.4948   3.582940   3.584350     1.4923    -0.0297      85.12 4.9519e-02 8.5943e+01    76.7285    3.30354    34.0673    34.0844    26.4667    1484.48    1480.58 0.0000e+00
       2233     80.000     8.4984     8.4963   3.583303   3.584720     1.4934    -0.0312      67.62 4.9491e-02 8.5943e+01    76.9819    3.31237    34.0694    34.0864    26.4680    1484.50    1480.63 0.0000e+00
       2254     81.000     8.4930     8.4919   3.583554   3.584955     1.4950    -0.0318      85.06 4.9483e-02 8.5943e+01    77.1992    3.32150    34.0768    34.0926    26.4747    1484.51    1480.68 0.0000e+00
       2275     82.000     8.4873     8.4854   3.583306   3.584712     1.4967    -0.0349      68.25 4.9492e-02 8.5943e+01    77.4570    3.32723    34.0792    34.0959    26.4774    1484.50    1480.72 0.0000e+00
       2296     83.000     8.4915     8.4891   3.584119   3.585527     1.4984    -0.0378      85.93 4.9485e-02 8.5943e+01    77.6698    3.33049    34.0832    34.1005    26.4800    1484.54    1480.77 0.0000e+00
       2318     84.000     8.4910     8.4892   3.584237   3.585620     1.4997    -0.0295      61.17 4.9509e-02 8.5943e+01    77.9145    3.33515    34.0845    34.1009    26.4811    1484.56    1480.81 0.0000e+00
       2339     85.000     8.4907     8.4887   3.584395   3.585802     1.5012    -0.0455      88.38 4.9483e-02 8.5943e+01    78.1194    3.33815    34.0860    34.1028    26.4823    1484.57    1480.86 0.0000e+00
       2361     86.000     8.4860     8.4843   3.584339   3.585743     1.5023    -0.0465      80.89 4.9489e-02 8.5943e+01    78.3173    3.33930    34.0895    34.1060    26.4857    1484.58    1480.90 0.0000e+00
       2383     87.000     8.4805     8.4788   3.583922   3.585291     1.5034    -0.0499      83.27 4.9492e-02 8.5943e+01    78.4715    3.34088    34.0899    34.1060    26.4869    1484.57    1480.94 0.0000e+00
       2404     88.000     8.4704     8.4689   3.583073   3.584455     1.5037    -0.0452      77.58 4.9490e-02 8.5943e+01    78.6207    3.33189    34.0902    34.1063    26.4887    1484.55    1480.98 0.0000e+00
       2426     89.000     8.4639     8.4621   3.582663   3.584050     1.5030    -0.0442      82.21 4.9502e-02 8.5943e+01    78.7712    3.32875    34.0917    34.1081    26.4908    1484.55    1481.02 0.0000e+00
       2448     90.000     8.4595     8.4577   3.582457   3.583854     1.5029    -0.0481      71.78 4.9466e-02 8.5943e+01    78.9443    3.33491    34.0933    34.1098    26.4928    1484.55    1481.06 0.0000e+00
       2469     91.000     8.4578     8.4559   3.582507   3.583899     1.5032    -0.0491      81.41 4.9489e-02 8.5943e+01    79.1171    3.33019    34.0950    34.1116    26.4944    1484.56    1481.10 0.0000e+00
       2491     92.000     8.4582     8.4562   3.582736   3.584127     1.5021    -0.0453      70.09 4.9492e-02 8.5943e+01    79.2983    3.32633    34.0965    34.1132    26.4955    1484.58    1481.14 0.0000e+00
       2512     93.000     8.4571     8.4554   3.582815   3.584195     1.5024    -0.0413      82.10 4.9499e-02 8.5943e+01    79.4622    3.33215    34.0980    34.1142    26.4968    1484.60    1481.18 0.0000e+00
       2533     94.000     8.4564     8.4543   3.582999   3.584384     1.5018    -0.0505      65.95 4.9472e-02 8.5943e+01    79.6354    3.32572    34.1001    34.1168    26.4986    1484.61    1481.21 0.0000e+00
       2554     95.000     8.4580     8.4559   3.583271   3.584656     1.5014    -0.0533      83.61 4.9512e-02 8.5943e+01    79.8330    3.32528    34.1010    34.1177    26.4990    1484.64    1481.25 0.0000e+00
       2575     96.000     8.4545     8.4529   3.583029   3.584435     1.5009    -0.0512      64.30 4.9464e-02 8.5943e+01    80.1295    3.32289    34.1013    34.1178    26.4999    1484.64    1481.28 0.0000e+00
       2597     97.000     8.4520     8.4502   3.582872   3.584263     1.5002    -0.0499      86.42 4.9511e-02 8.5943e+01    80.2840    3.31979    34.1016    34.1181    26.5005    1484.65    1481.32 0.0000e+00
       2618     98.000     8.4508     8.4489   3.582894   3.584277     1.4997    -0.0473      61.82 4.9485e-02 8.5943e+01    80.3368    3.31624    34.1025    34.1190    26.5014    1484.66    1481.35 0.0000e+00
       2639     99.000     8.4496     8.4477   3.582941   3.584330     1.4985    -0.0497      85.78 4.9488e-02 8.5943e+01    80.2138    3.31005    34.1037    34.1203    26.5025    1484.67    1481.39 0.0000e+00
       2660    100.000     8.4493     8.4475   3.583015   3.584406     1.4975    -0.0502      60.88 4.9477e-02 8.5943e+01    80.0867    3.30865    34.1043    34.1208    26.5030    1484.69    1481.42 0.0000e+00
       2680    101.000     8.4483     8.4465   3.583053   3.584446     1.4966    -0.0512      85.28 4.9494e-02 8.5943e+01    80.0510    3.30692    34.1052    34.1217    26.5039    1484.70    1481.45 0.0000e+00
       2701    102.000     8.4479     8.4460   3.583100   3.584484     1.4957    -0.0455      53.75 4.9472e-02 8.6003e+01    80.0161    3.30330    34.1056    34.1221    26.5042    1484.72    1481.48 0.0000e+00
       2722    103.000     8.4467     8.4449   3.583180   3.584568     1.4946    -0.0501      82.56 4.9512e-02 -9.990e-29    80.0317    3.30027    34.1072    34.1236    26.5056    1484.73    1481.52 0.0000e+00
       2743    104.000     8.4456     8.4437   3.583269   3.584666     1.4936    -0.0489      57.03 4.9492e-02 -9.990e-29    80.0782    3.29663    34.1087    34.1253    26.5070    1484.75    1481.55 0.0000e+00
       2764    105.000     8.4457     8.4438   3.583455   3.584827     1.4926    -0.0462      81.37 4.9515e-02 -9.990e-29    80.1037    3.29466    34.1101    34.1265    26.5081    1484.76    1481.58 0.0000e+00
       2785    106.000     8.4464     8.4444   3.583645   3.585016     1.4915    -0.0466      45.67 4.9502e-02 -9.990e-29    80.0740    3.29104    34.1110    34.1274    26.5087    1484.79    1481.61 0.0000e+00
       2806    107.000     8.4487     8.4465   3.583997   3.585372     1.4908    -0.0482      77.15 4.9492e-02 -9.990e-29    80.0262    3.28750    34.1120    34.1287    26.5091    1484.81    1481.64 0.0000e+00
       2827    108.000     8.4499     8.4480   3.584184   3.585580     1.4891    -0.0470      45.89 4.9485e-02 -9.990e-29    80.0471    3.27607    34.1124    34.1290    26.5092    1484.83    1481.67 0.0000e+00
       2848    109.000     8.4497     8.4479   3.584234   3.585621     1.4876    -0.0500      76.82 4.9485e-02 -9.990e-29    80.0530    3.26754    34.1126    34.1290    26.5094    1484.85    1481.70 0.0000e+00
       2869    110.000     8.4449     8.4434   3.583859   3.585265     1.4852    -0.0529      62.97 4.9492e-02 -9.990e-29    80.0661    3.25806    34.1128    34.1291    26.5103    1484.85    1481.72 0.0000e+00
       2890    111.000     8.4430     8.4412   3.583783   3.585170     1.4832    -0.0478      98.69 4.9515e-02 8.6762e+01    80.0726    3.25462    34.1134    34.1298    26.5110    1484.86    1481.75 0.0000e+00
       2911    112.000     8.4430     8.4411   3.583852   3.585240     1.4815    -0.0458      98.60 4.9515e-02 8.6207e+01    80.1429    3.25045    34.1136    34.1302    26.5112    1484.87    1481.78 0.0000e+00
       2933    113.000     8.4429     8.4411   3.583942   3.585329     1.4797    -0.0490      25.30 4.9483e-02 8.6855e+01    80.2367    3.25730    34.1142    34.1306    26.5117    1484.89    1481.81 0.0000e+00
       2954    114.000     8.4429     8.4410   3.583996   3.585388     1.4797    -0.0470      96.70 4.9485e-02 8.6894e+01    80.2953    3.26757    34.1143    34.1309    26.5118    1484.91    1481.83 0.0000e+00
       2975    115.000     8.4427     8.4409   3.584077   3.585463     1.4797    -0.0489      23.25 4.9512e-02 8.6763e+01    80.3565    3.26833    34.1149    34.1313    26.5123    1484.92    1481.86 0.0000e+00
       2996    116.000     8.4427     8.4409   3.584152   3.585538     1.4797    -0.0492      95.84 4.9502e-02 8.7148e+01    80.3768    3.26949    34.1152    34.1316    26.5125    1484.94    1481.89 0.0000e+00
       3016    117.000     8.4421     8.4404   3.584192   3.585583     1.4798    -0.0431      23.16 4.9492e-02 8.7398e+01    80.3937    3.26848    34.1157    34.1321    26.5130    1484.96    1481.91 0.0000e+00
       3037    118.000     8.4414     8.4396   3.584225   3.585601     1.4797    -0.0409      95.92 4.9485e-02 8.7245e+01    80.3859    3.26650    34.1163    34.1326    26.5136    1484.97    1481.94 0.0000e+00
       3058    119.000     8.4413     8.4394   3.584265   3.585654     1.4793    -0.0473      30.85 4.9492e-02 8.7280e+01    80.3749    3.26341    34.1163    34.1329    26.5136    1484.99    1481.97 0.0000e+00
       3079    120.000     8.4408     8.4389   3.584291   3.585670     1.4789    -0.0472      83.30 4.9479e-02 8.7250e+01    80.3631    3.26174    34.1166    34.1331    26.5139    1485.00    1481.99 0.0000e+00
       3100    121.000     8.4403     8.4385   3.584386   3.585770     1.4783    -0.0466      98.78 4.9515e-02 8.7442e+01    80.3233    3.26085    34.1176    34.1340    26.5148    1485.02    1482.02 0.0000e+00
       3120    122.000     8.4403     8.4384   3.584480   3.585866     1.4782    -0.0415      86.46 4.9512e-02 8.7947e+01    80.3281    3.26006    34.1182    34.1347    26.5152    1485.03    1482.04 0.0000e+00
       3141    123.000     8.4409     8.4391   3.584671   3.586059     1.4772    -0.0467      98.78 4.9492e-02 8.7941e+01    80.2812    3.25347    34.1191    34.1356    26.5159    1485.05    1482.06 0.0000e+00
       3162    124.000     8.4404     8.4386   3.584720   3.586105     1.4767    -0.0466      77.23 4.9523e-02 8.7941e+01    80.2819    3.25251    34.1197    34.1361    26.5164    1485.07    1482.09 0.0000e+00
       3182    125.000     8.4393     8.4375   3.584703   3.586096     1.4757    -0.0328      99.12 4.9498e-02 8.7941e+01    80.1733    3.24126    34.1201    34.1366    26.5169    1485.08    1482.11 0.0000e+00
       3203    126.000     8.4380     8.4362   3.584668   3.586056     1.4737    -0.0249      76.50 4.9472e-02 8.7941e+01    80.1014    3.22547    34.1205    34.1369    26.5174    1485.09    1482.14 0.0000e+00
       3224    127.000     8.4367     8.4349   3.584649   3.586040     1.4715    -0.0464      97.34 4.9485e-02 8.7941e+01    80.0386    3.22028    34.1211    34.1376    26.5181    1485.11    1482.16 0.0000e+00
       3244    128.000     8.4362     8.4345   3.584685   3.586069     1.4694    -0.0471      71.74 4.9481e-02 8.7941e+01    80.0379    3.21424    34.1215    34.1378    26.5185    1485.12    1482.18 0.0000e+00
       3265    129.000     8.4356     8.4339   3.584715   3.586102     1.4675    -0.0417      92.51 4.9512e-02 8.7941e+01    80.0733    3.21713    34.1219    34.1382    26.5189    1485.14    1482.21 0.0000e+00
       3285    130.000     8.4343     8.4325   3.584703   3.586087     1.4666    -0.0487      79.66 4.9488e-02 8.7941e+01    80.0878    3.21925    34.1226    34.1390    26.5196    1485.15    1482.23 0.0000e+00
       3306    131.000     8.4335     8.4317   3.584730   3.586118     1.4657    -0.0418      89.49 4.9505e-02 8.7941e+01    80.1263    3.21870    34.1232    34.1396    26.5202    1485.16    1482.25 0.0000e+00
       3326    132.000     8.4325     8.4307   3.584754   3.586136     1.4650    -0.0456      80.27 4.9508e-02 8.7941e+01    80.1767    3.21892    34.1239    34.1403    26.5209    1485.18    1482.27 0.0000e+00
       3346    133.000     8.4318     8.4301   3.584779   3.586169     1.4644    -0.0460      82.19 4.9495e-02 8.7941e+01    80.0870    3.21320    34.1244    34.1407    26.5214    1485.19    1482.29 0.0000e+00
       3367    134.000     8.4306     8.4290   3.584758   3.586148     1.4633    -0.0422      87.80 4.9509e-02 8.7941e+01    80.0433    3.20551    34.1248    34.1411    26.5219    1485.20    1482.32 0.0000e+00
       3387    135.000     8.4302     8.4284   3.584783   3.586174     1.4617    -0.0420      75.89 4.9509e-02 8.7941e+01    79.9767    3.20105    34.1250    34.1415    26.5222    1485.22    1482.34 0.0000e+00
       3407    136.000     8.4294     8.4277   3.584822   3.586199     1.4606    -0.0240      92.35 4.9532e-02 8.7941e+01    79.9985    3.19784    34.1257    34.1420    26.5228    1485.23    1482.36 0.0000e+00
       3427    137.000     8.4283     8.4266   3.584833   3.586221     1.4593    -0.0504      69.99 4.9495e-02 8.7941e+01    80.0073    3.19433    34.1265    34.1428    26.5236    1485.25    1482.38 0.0000e+00
       3447    138.000     8.4275     8.4256   3.584850   3.586227     1.4581    -0.0501      98.39 4.9543e-02 8.7941e+01    80.0175    3.19157    34.1269    34.1434    26.5241    1485.26    1482.40 0.0000e+00
       3468    139.000     8.4266     8.4247   3.584874   3.586260     1.4569    -0.0512      64.47 4.9467e-02 8.7941e+01    80.0241    3.19054    34.1276    34.1441    26.5247    1485.27    1482.42 0.0000e+00
       3488    140.000     8.4264     8.4246   3.584932   3.586307     1.4560    -0.0529      98.78 4.9499e-02 8.7941e+01    79.9642    3.18621    34.1279    34.1442    26.5250    1485.29    1482.44 0.0000e+00
       3508    141.000     8.4263     8.4245   3.584971   3.586362     1.4548    -0.0557      70.13 4.9481e-02 8.7941e+01    79.9628    3.17945    34.1280    34.1444    26.5251    1485.31    1482.46 0.0000e+00
       3528    142.000     8.4259     8.4242   3.585005   3.586400     1.4532 -9.990e-29      98.87 4.9515e-02 8.7941e+01    79.9421    3.17351    34.1282    34.1447    26.5253    1485.32    1482.48 0.0000e+00
       3549    143.000     8.4248     8.4231   3.585002   3.586387     1.4520 -9.990e-29      78.91 4.9481e-02 8.7941e+01    79.9240    3.17267    34.1288    34.1451    26.5259    1485.33    1482.50 0.0000e+00
       3569    144.000     8.4241     8.4224   3.585021   3.586402     1.4507 -9.990e-29      96.97 4.9523e-02 8.7941e+01    79.8811    3.17102    34.1292    34.1455    26.5264    1485.35    1482.52 0.0000e+00
       3589    145.000     8.4237     8.4219   3.585044   3.586423     1.4496 -9.990e-29      83.24 4.9478e-02 8.7941e+01    79.8534    3.16560    34.1294    34.1457    26.5266    1485.36    1482.54 0.0000e+00
       3609    146.000     8.4232     8.4214   3.585079   3.586449     1.4484    -0.0525      93.55 4.9495e-02 8.7941e+01    79.8493    3.16142    34.1298    34.1460    26.5269    1485.38    1482.56 0.0000e+00
       3630    147.000     8.4208     8.4188   3.584968   3.586292     1.4471    -0.0471      77.10 4.9538e-02 8.7941e+01    79.8797    3.16166    34.1304    34.1464    26.5278    1485.39    1482.58 0.0000e+00
       3650    148.000     8.4183     8.4165   3.584779   3.586165     1.4463    -0.0527      85.25 4.9516e-02 8.7941e+01    79.8756    3.16005    34.1304    34.1468    26.5282    1485.39    1482.60 0.0000e+00
       3671    149.000     8.4176     8.4158   3.584760   3.586125     1.4454    -0.0420      98.65 4.9508e-02 8.7941e+01    79.8585    3.15805    34.1304    34.1466    26.5283    1485.41    1482.62 0.0000e+00
       3691    150.000     8.4163     8.4145   3.584693   3.586072     1.4444    -0.0177      98.46 4.9537e-02 8.7941e+01    79.8904    3.15872    34.1305    34.1468    26.5285    1485.42    1482.64 0.0000e+00
       3711    151.000     8.4162     8.4144   3.584818   3.586193     1.4441    -0.0547      95.63 4.9492e-02 8.7941e+01    79.9636    3.16280    34.1314    34.1477    26.5293    1485.44    1482.66 0.0000e+00
       3731    152.000     8.4169     8.4152   3.584990   3.586375     1.4440    -0.0558      88.35 4.9495e-02 8.7941e+01    80.0330    3.16734    34.1321    34.1484    26.5297    1485.46    1482.67 0.0000e+00
