_data/ctd/2022603/sta0205.cnv
* Sea-Bird SBE 9 Data File:
* FileName = C:\Seabird\CTDData\sta0205.hex
* Software Version Seasave V 7.21f
* Temperature SN = 6264
* Conductivity SN = 4928
* Number of Bytes Per Scan = 40
* Number of Voltage Words = 5
* Number of Scans Averaged by the Deck Unit = 1
* NMEA Latitude = 61 05.29 N
* NMEA Longitude = 005 13.85 E
* NMEA UTC (Time) = Feb 15 2022 14:50:15
* NMEA baud rate = 4800
** Ship: R/V "Kristine Bonnevie"
** Station: 0205
** Echodepth: 1048
** Log: 0855.950
** Wind-Dir/Force: 21 09
** Air-temp (dry): 4.3
** Weather Sky:
** Sea:
# nquan = 19                                
# nvalues = 1061                        
# units = specified
# name 0 = scan: Scan Count
# name 1 = prDM: Pressure, Digiquartz [db]
# name 2 = t068C: Temperature [ITS-68, deg C]
# name 3 = t168C: Temperature, 2 [ITS-68, deg C]
# name 4 = c0S/m: Conductivity [S/m]
# name 5 = c1S/m: Conductivity, 2 [S/m]
# name 6 = sbeox0V: Oxygen raw, SBE 43 [V]
# name 7 = flECO-AFL: Fluorescence, WET Labs ECO-AFL/FL [mg/m^3]
# name 8 = altM: Altimeter [m]
# name 9 = par: PAR/Irradiance, Biospherical/Licor
# name 10 = spar: SPAR/Surface Irradiance
# name 11 = CStarTr0: Beam Transmission, WET Labs C-Star [%]
# name 12 = sbeox0ML/L: Oxygen, SBE 43 [ml/l], WS = 2
# name 13 = sal00: Salinity, Practical [PSU]
# name 14 = sal11: Salinity, Practical, 2 [PSU]
# name 15 = sigma-t00: Density [sigma-t, Kg/m^3 ]
# name 16 = svCM: Sound Velocity [Chen-Millero, m/s]
# name 17 = avgsvCM: Average Sound Velocity [Chen-Millero, m/s], minP = 1, minS = 5
# name 18 = flag: flag
# span 0 =        -11,      23843       
# span 1 =      2.000,   1062.000       
# span 2 =     6.0781,     8.8597       
# span 3 =     6.0751,     8.8432       
# span 4 =   3.101746,   3.651363       
# span 5 =   3.102814,   3.652799       
# span 6 =     1.5845,     2.4454       
# span 7 =    -0.1090,     0.6173       
# span 8 =       4.44,      99.64       
# span 9 = 4.9451e-02, 2.1381e+01       
# span 10 = 3.1979e+01, 5.5957e+01      
# span 11 =    80.0134,    81.8168      
# span 12 =    4.14596,    6.86766      
# span 13 =    31.1689,    35.0239      
# span 14 =    31.1836,    35.0400      
# span 15 =    24.5175,    27.3658      
# span 16 =    1470.25,    1498.19      
# span 17 =    1470.25,    1489.89      
# span 18 = 0.0000e+00, 0.0000e+00      
# interval = decibars: 1                
# start_time = Feb 15 2022 14:50:18 [System UTC, header]
# bad_flag = -9.990e-29
*END*
[from data line 305]
       6460    307.000     7.8131     7.8117   3.616223   3.617614     2.0729    -0.0778      33.00 4.9470e-02 -9.990e-29    81.5174    5.41851    34.9861    35.0025    27.2912    1486.79    1484.53 0.0000e+00
       6482    308.000     7.8121     7.8105   3.616184   3.617549     2.0732    -0.0682      97.72 4.9503e-02 -9.990e-29    81.5344    5.42260    34.9862    35.0025    27.2914    1486.80    1484.54 0.0000e+00
       6504    309.000     7.8105     7.8090   3.616155   3.617533     2.0730    -0.0785      73.45 4.9502e-02 5.1965e+01    81.5318    5.42105    34.9870    35.0034    27.2923    1486.82    1484.55 0.0000e+00
       6525    310.000     7.8113     7.8097   3.616321   3.617720     2.0732    -0.0689      68.97 4.9490e-02 5.1965e+01    81.5225    5.42366    34.9875    35.0042    27.2925    1486.84    1484.56 0.0000e+00
       6548    311.000     7.8112     7.8096   3.616352   3.617748     2.0732    -0.0755      97.21 4.9483e-02 5.1965e+01    81.5512    5.42434    34.9875    35.0041    27.2925    1486.85    1484.56 0.0000e+00
       6570    312.000     7.8115     7.8099   3.616433   3.617823     2.0733    -0.0776      91.46 4.9483e-02 5.1965e+01    81.5649    5.42180    34.9875    35.0041    27.2925    1486.87    1484.57 0.0000e+00
       6592    313.000     7.8135     7.8121   3.616780   3.618197     2.0732    -0.0748      48.71 4.9490e-02 5.1965e+01    81.5807    5.42465    34.9888    35.0055    27.2932    1486.90    1484.58 0.0000e+00
       6614    314.000     7.8146     7.8130   3.616966   3.618357     2.0732    -0.0891      96.43 4.9477e-02 5.1965e+01    81.5784    5.42555    34.9892    35.0058    27.2934    1486.92    1484.58 0.0000e+00
       6635    315.000     7.8171     7.8153   3.617399   3.618757     2.0733    -0.1090      71.24 4.9489e-02 5.1965e+01    81.5766    5.43477    34.9909    35.0073    27.2944    1486.95    1484.59 0.0000e+00
       6657    316.000     7.8190     7.8174   3.617727   3.619118     2.0748    -0.1026      98.82 4.9519e-02 5.1965e+01    81.6426    5.44903    34.9921    35.0086    27.2950    1486.97    1484.60 0.0000e+00
       6679    317.000     7.8191     7.8176   3.617800   3.619183     2.0760    -0.0998      94.34 4.9476e-02 5.1965e+01    81.6416    5.45858    34.9923    35.0087    27.2951    1486.99    1484.61 0.0000e+00
       6700    318.000     7.8191     7.8176   3.617846   3.619236     2.0785    -0.0784      34.14 4.9496e-02 5.1965e+01    81.6825    5.48348    34.9923    35.0087    27.2951    1487.00    1484.61 0.0000e+00
       6722    319.000     7.8188     7.8173   3.617872   3.619263     2.0820    -0.0955      98.77 4.9485e-02 5.1965e+01    81.7246    5.50144    34.9924    35.0089    27.2952    1487.02    1484.62 0.0000e+00
       6744    320.000     7.8183     7.8168   3.617886   3.619273     2.0851    -0.0866      68.31 4.9496e-02 5.1965e+01    81.7821    5.50883    34.9925    35.0090    27.2955    1487.03    1484.63 0.0000e+00
       6766    321.000     7.8174     7.8159   3.617844   3.619227     2.0883    -0.0740      99.21 4.9483e-02 5.1965e+01    81.7938    5.51974    34.9925    35.0089    27.2956    1487.05    1484.64 0.0000e+00
       6788    322.000     7.8161     7.8145   3.617782   3.619151     2.0910    -0.0726      88.76 4.9509e-02 5.1965e+01    81.8012    5.51866    34.9926    35.0090    27.2959    1487.06    1484.64 0.0000e+00
       6810    323.000     7.8150     7.8133   3.617732   3.619092     2.0925    -0.0970      57.20 4.9487e-02 5.1965e+01    81.7975    5.51240    34.9927    35.0091    27.2961    1487.07    1484.65 0.0000e+00
       6833    324.000     7.8141     7.8126   3.617703   3.619091     2.0935    -0.0968      83.14 4.9499e-02 5.1965e+01    81.8011    5.51356    34.9928    35.0093    27.2963    1487.08    1484.66 0.0000e+00
       6855    325.000     7.8136     7.8120   3.617698   3.619083     2.0945    -0.0771      83.32 4.9484e-02 5.1965e+01    81.7974    5.51983    34.9928    35.0093    27.2964    1487.10    1484.67 0.0000e+00
       6877    326.000     7.8130     7.8114   3.617694   3.619078     2.0959    -0.0674      56.39 4.9496e-02 5.1965e+01    81.8117    5.52404    34.9929    35.0094    27.2965    1487.11    1484.67 0.0000e+00
       6900    327.000     7.8122     7.8107   3.617686   3.619077     2.0965    -0.0706      91.69 4.9458e-02 5.1965e+01    81.8131    5.51939    34.9931    35.0096    27.2968    1487.13    1484.68 0.0000e+00
       6921    328.000     7.8117     7.8103   3.617681   3.619076     2.0967    -0.0725      78.75 4.9489e-02 5.1965e+01    81.7995    5.51888    34.9931    35.0095    27.2969    1487.14    1484.69 0.0000e+00
       6943    329.000     7.8114     7.8094   3.617708   3.619056     2.0971    -0.0902      98.40 4.9502e-02 5.1965e+01    81.8168    5.52349    34.9932    35.0097    27.2970    1487.16    1484.70 0.0000e+00
       6965    330.000     7.8111     7.8094   3.617721   3.619113     2.0975    -0.0946      98.58 4.9490e-02 5.1965e+01    81.8029    5.52234    34.9931    35.0098    27.2970    1487.17    1484.70 0.0000e+00
       6987    331.000     7.8100     7.8084   3.617672   3.619062     2.0976    -0.0767      45.17 4.9466e-02 5.1965e+01    81.8120    5.52394    34.9932    35.0098    27.2972    1487.18    1484.71 0.0000e+00
       7009    332.000     7.8088     7.8073   3.617638   3.619028     2.0978    -0.0728      99.24 4.9496e-02 5.2205e+01    81.7690    5.52467    34.9936    35.0101    27.2977    1487.20    1484.72 0.0000e+00
       7031    333.000     7.8081     7.8066   3.617657   3.619045     2.0980    -0.0690      77.09 4.9483e-02 -9.990e-29    81.7387    5.52684    34.9940    35.0105    27.2981    1487.21    1484.73 0.0000e+00
       7053    334.000     7.8078     7.8063   3.617694   3.619078     2.0982    -0.0704      98.90 4.9477e-02 -9.990e-29    81.7471    5.52613    34.9942    35.0106    27.2983    1487.23    1484.73 0.0000e+00
       7074    335.000     7.8054     7.8039   3.617557   3.618943     2.0981    -0.0960      98.61 4.9477e-02 -9.990e-29    81.7978    5.52272    34.9947    35.0111    27.2990    1487.23    1484.74 0.0000e+00
       7096    336.000     7.8019     7.8005   3.617316   3.618703     2.0978    -0.0921      53.39 4.9492e-02 5.3726e+01    81.7892    5.52362    34.9951    35.0114    27.2999    1487.24    1484.75 0.0000e+00
       7118    337.000     7.8008     7.7995   3.617267   3.618666     2.0976    -0.0903      90.30 4.9505e-02 5.3963e+01    81.7991    5.52236    34.9952    35.0115    27.3001    1487.25    1484.76 0.0000e+00
       7140    338.000     7.8001     7.7986   3.617253   3.618631     2.0973    -0.0970      79.66 4.9485e-02 5.3964e+01    81.7897    5.52328    34.9952    35.0116    27.3003    1487.26    1484.76 0.0000e+00
       7162    339.000     7.7996     7.7980   3.617245   3.618632     2.0973    -0.0780      96.11 4.9499e-02 5.3964e+01    81.7921    5.52457    34.9952    35.0117    27.3003    1487.28    1484.77 0.0000e+00
       7184    340.000     7.7985     7.7972   3.617203   3.618595     2.0968    -0.0692      93.15 4.9499e-02 5.3964e+01    81.8015    5.52003    34.9953    35.0116    27.3006    1487.29    1484.78 0.0000e+00
       7205    341.000     7.7969     7.7955   3.617116   3.618503     2.0963    -0.0913      68.37 4.9490e-02 5.3964e+01    81.7948    5.51900    34.9955    35.0119    27.3010    1487.30    1484.79 0.0000e+00
       7227    342.000     7.7963     7.7948   3.617109   3.618499     2.0959    -0.0892      71.37 4.9502e-02 5.3964e+01    81.7747    5.51621    34.9956    35.0120    27.3011    1487.32    1484.79 0.0000e+00
       7249    343.000     7.7953     7.7938   3.617067   3.618448     2.0952    -0.0995      80.72 4.9479e-02 5.3964e+01    81.7959    5.51351    34.9956    35.0120    27.3013    1487.33    1484.80 0.0000e+00
       7271    344.000     7.7948     7.7933   3.617076   3.618466     2.0944    -0.1016      80.31 4.9483e-02 5.3964e+01    81.7867    5.51652    34.9957    35.0122    27.3015    1487.34    1484.81 0.0000e+00
       7293    345.000     7.7947     7.7931   3.617128   3.618510     2.0944    -0.0861      95.88 4.9522e-02 5.3964e+01    81.7814    5.51883    34.9959    35.0124    27.3016    1487.36    1484.82 0.0000e+00
       7314    346.000     7.7936     7.7921   3.617108   3.618488     2.0939    -0.0812      86.19 4.9509e-02 5.3964e+01    81.7670    5.51070    34.9963    35.0127    27.3021    1487.37    1484.82 0.0000e+00
       7336    347.000     7.7918     7.7903   3.616985   3.618375     2.0929    -0.0728      45.15 4.9485e-02 5.3964e+01    81.7632    5.50919    34.9963    35.0128    27.3024    1487.38    1484.83 0.0000e+00
       7358    348.000     7.7884     7.7869   3.616723   3.618107     2.0924    -0.0795      99.16 4.9470e-02 5.3964e+01    81.7680    5.50718    34.9964    35.0128    27.3029    1487.39    1484.84 0.0000e+00
       7380    349.000     7.7866     7.7853   3.616606   3.617995     2.0913    -0.0919      52.63 4.9496e-02 5.3964e+01    81.7625    5.50394    34.9965    35.0127    27.3032    1487.40    1484.85 0.0000e+00
       7402    350.000     7.7829     7.7819   3.616312   3.617727     2.0908    -0.1048      92.44 4.9490e-02 5.3964e+01    81.7829    5.50752    34.9965    35.0128    27.3038    1487.40    1484.85 0.0000e+00
       7423    351.000     7.7769     7.7756   3.615840   3.617219     2.0902    -0.1014      76.37 4.9472e-02 5.3964e+01    81.7842    5.50548    34.9970    35.0131    27.3051    1487.39    1484.86 0.0000e+00
       7444    352.000     7.7750     7.7735   3.615728   3.617107     2.0895    -0.0923      95.09 4.9483e-02 5.3964e+01    81.7847    5.50225    34.9972    35.0135    27.3055    1487.40    1484.87 0.0000e+00
       7466    353.000     7.7737     7.7723   3.615648   3.617032     2.0887    -0.0796      98.70 4.9465e-02 5.3964e+01    81.7828    5.49876    34.9971    35.0134    27.3057    1487.41    1484.87 0.0000e+00
       7488    354.000     7.7731     7.7716   3.615639   3.617020     2.0876    -0.0763      76.43 4.9464e-02 5.3964e+01    81.7636    5.48762    34.9971    35.0135    27.3058    1487.43    1484.88 0.0000e+00
       7510    355.000     7.7713     7.7698   3.615516   3.616897     2.0859    -0.0766      74.37 4.9479e-02 5.3964e+01    81.7730    5.48293    34.9971    35.0135    27.3060    1487.44    1484.89 0.0000e+00
       7532    356.000     7.7690     7.7675   3.615369   3.616752     2.0845    -0.0793      98.16 4.9471e-02 5.3964e+01    81.7524    5.48027    34.9974    35.0138    27.3066    1487.45    1484.90 0.0000e+00
       7553    357.000     7.7676     7.7664   3.615292   3.616685     2.0831    -0.0859      65.02 4.9485e-02 5.3964e+01    81.7743    5.47299    34.9975    35.0137    27.3068    1487.46    1484.90 0.0000e+00
       7574    358.000     7.7651     7.7637   3.615114   3.616498     2.0813    -0.0992      77.12 4.9490e-02 5.3964e+01    81.7713    5.46811    34.9976    35.0139    27.3073    1487.46    1484.91 0.0000e+00
       7596    359.000     7.7643     7.7628   3.615095   3.616483     2.0798    -0.0750      98.79 4.9465e-02 5.3964e+01    81.7731    5.46471    34.9977    35.0141    27.3075    1487.48    1484.92 0.0000e+00
       7617    360.000     7.7623     7.7608   3.614951   3.616328     2.0783    -0.0757      94.84 4.9472e-02 5.3964e+01    81.7824    5.46324    34.9976    35.0140    27.3078    1487.49    1484.92 0.0000e+00
       7638    361.000     7.7600     7.7587   3.614771   3.616179     2.0771    -0.0753      60.79 4.9483e-02 5.3964e+01    81.7797    5.45802    34.9975    35.0140    27.3080    1487.49    1484.93 0.0000e+00
       7660    362.000     7.7583     7.7569   3.614642   3.616040     2.0755    -0.0846      97.90 4.9459e-02 5.3964e+01    81.7741    5.45455    34.9974    35.0138    27.3081    1487.50    1484.94 0.0000e+00
       7681    363.000     7.7571     7.7556   3.614581   3.615977     2.0743    -0.0906      88.90 4.9485e-02 5.3964e+01    81.7799    5.45022    34.9974    35.0140    27.3083    1487.52    1484.95 0.0000e+00
       7702    364.000     7.7565     7.7550   3.614580   3.615970     2.0728    -0.0701      48.44 4.9485e-02 5.3964e+01    81.7754    5.44901    34.9975    35.0140    27.3085    1487.53    1484.95 0.0000e+00
       7723    365.000     7.7559     7.7543   3.614560   3.615941     2.0716    -0.0968      93.76 4.9485e-02 5.3964e+01    81.7709    5.44463    34.9974    35.0139    27.3085    1487.54    1484.96 0.0000e+00
       7745    366.000     7.7553     7.7538   3.614557   3.615937     2.0703    -0.0776      75.04 4.9483e-02 5.3964e+01    81.7692    5.43898    34.9975    35.0139    27.3087    1487.56    1484.97 0.0000e+00
       7766    367.000     7.7549     7.7533   3.614560   3.615941     2.0688    -0.0722      95.39 4.9485e-02 5.3964e+01    81.7756    5.43779    34.9975    35.0140    27.3087    1487.57    1484.97 0.0000e+00
       7788    368.000     7.7536     7.7520   3.614494   3.615867     2.0676    -0.0809      60.11 4.9503e-02 5.3964e+01    81.7557    5.43735    34.9976    35.0140    27.3090    1487.59    1484.98 0.0000e+00
       7809    369.000     7.7536     7.7519   3.614544   3.615920     2.0669    -0.0974      51.74 4.9471e-02 5.3964e+01    81.7678    5.43700    34.9976    35.0142    27.3090    1487.60    1484.99 0.0000e+00
       7831    370.000     7.7520     7.7504   3.614456   3.615823     2.0660    -0.0939      88.25 4.9485e-02 5.3964e+01    81.7642    5.43845    34.9978    35.0141    27.3094    1487.61    1485.00 0.0000e+00
       7852    371.000     7.7505     7.7488   3.614364   3.615728     2.0656    -0.1005      80.38 4.9479e-02 5.3964e+01    81.7671    5.43420    34.9978    35.0142    27.3096    1487.62    1485.00 0.0000e+00
       7874    372.000     7.7493     7.7480   3.614308   3.615697     2.0641    -0.0984      38.64 4.9490e-02 5.3964e+01    81.7277    5.42630    34.9979    35.0142    27.3099    1487.64    1485.01 0.0000e+00
       7895    373.000     7.7475     7.7460   3.614208   3.615581     2.0633    -0.1011      97.61 4.9483e-02 5.3964e+01    81.7445    5.42823    34.9982    35.0145    27.3104    1487.65    1485.02 0.0000e+00
       7917    374.000     7.7463     7.7447   3.614151   3.615531     2.0623    -0.0864      51.03 4.9498e-02 5.3964e+01    81.7575    5.42269    34.9983    35.0148    27.3106    1487.66    1485.02 0.0000e+00
       7938    375.000     7.7460     7.7444   3.614172   3.615562     2.0613    -0.0717      88.90 4.9492e-02 5.3964e+01    81.7511    5.42091    34.9983    35.0149    27.3107    1487.67    1485.03 0.0000e+00
       7959    376.000     7.7455     7.7440   3.614170   3.615548     2.0603    -0.0953      98.27 4.9488e-02 5.3964e+01    81.7489    5.41868    34.9983    35.0147    27.3108    1487.69    1485.04 0.0000e+00
       7979    377.000     7.7445     7.7429   3.614136   3.615509     2.0593    -0.0965      56.64 4.9505e-02 5.3964e+01    81.7665    5.41484    34.9985    35.0149    27.3110    1487.70    1485.04 0.0000e+00
       8000    378.000     7.7437     7.7422   3.614102   3.615485     2.0581    -0.0963      64.39 4.9492e-02 5.3964e+01    81.7773    5.40739    34.9984    35.0149    27.3111    1487.71    1485.05 0.0000e+00
       8021    379.000     7.7433     7.7418   3.614106   3.615504     2.0568    -0.0918      54.95 4.9485e-02 5.3964e+01    81.7739    5.40276    34.9984    35.0150    27.3112    1487.73    1485.06 0.0000e+00
       8042    380.000     7.7406     7.7392   3.613886   3.615263     2.0553    -0.0764      84.61 4.9459e-02 5.3964e+01    81.7796    5.40074    34.9982    35.0145    27.3114    1487.73    1485.07 0.0000e+00
       8062    381.000     7.7341     7.7331   3.613339   3.614720     2.0543    -0.0671      58.55 4.9467e-02 5.3964e+01    81.7545    5.40057    34.9984    35.0143    27.3125    1487.73    1485.07 0.0000e+00
