_data/ctd/2022603/sta0153.cnv
* Sea-Bird SBE 9 Data File:
* FileName = C:\Seabird\CTDData\sta0153.hex
* Software Version Seasave V 7.21f
* Temperature SN = 6264
* Conductivity SN = 4928
* Number of Bytes Per Scan = 40
* Number of Voltage Words = 5
* Number of Scans Averaged by the Deck Unit = 1
* NMEA Latitude = 60 15.57 N
* NMEA Longitude = 006 11.41 E
* NMEA UTC (Time) = Feb 10 2022 08:45:59
* NMEA baud rate = 4800
** Ship: R/V "Kristine Bonnevie"
** Station: 0153
** Echodepth: 536
** Log: 0132.215
** Wind-Dir/Force: 19 10
** Air-temp (dry): 1.7
** Weather Sky:
** Sea:
** H3_2
# nquan = 19                                
# nvalues = 540                         
# units = specified
# name 0 = scan: Scan Count
# name 1 = prDM: Pressure, Digiquartz [db]
# name 2 = t068C: Temperature [ITS-68, deg C]
# name 3 = t168C: Temperature, 2 [ITS-68, deg C]
# name 4 = c0S/m: Conductivity [S/m]
# name 5 = c1S/m: Conductivity, 2 [S/m]
# name 6 = sbeox0V: Oxygen raw, SBE 43 [V]
# name 7 = flECO-AFL: Fluorescence, WET Labs ECO-AFL/FL [mg/m^3]
# name 8 = altM: Altimeter [m]
# name 9 = par: PAR/Irradiance, Biospherical/Licor
# name 10 = spar: SPAR/Surface Irradiance
# name 11 = CStarTr0: Beam Transmission, WET Labs C-Star [%]
# name 12 = sbeox0ML/L: Oxygen, SBE 43 [ml/l], WS = 2
# name 13 = sal00: Salinity, Practical [PSU]
# name 14 = sal11: Salinity, Practical, 2 [PSU]
# name 15 = sigma-t00: Density [sigma-t, Kg/m^3 ]
# name 16 = svCM: Sound Velocity [Chen-Millero, m/s]
# name 17 = avgsvCM: Average Sound Velocity [Chen-Millero, m/s], minP = 1, minS = 5
# name 18 = flag: flag
# span 0 =        296,      13826       
# span 1 =      2.000,    541.000       
# span 2 =     5.9799,    10.2216       
# span 3 =     5.9781,    10.2225       
# span 4 =   2.976087,   3.711808       
# span 5 =   2.976789,   3.713396       
# span 6 =     1.7469,     2.4523       
# span 7 =    -0.1014,     0.7967       
# span 8 =       9.99,      99.93       
# span 9 = 4.9445e-02, 4.5521e+00       
# span 10 = 3.9973e+00, 1.4163e+01      
# span 11 =    79.9107,    82.2758      
# span 12 =    4.43747,    6.94747      
# span 13 =    29.8625,    34.9854      
# span 14 =    29.8718,    35.0005      
# span 15 =    23.4981,    27.3198      
# span 16 =    1468.22,    1489.89      
# span 17 =    1468.24,    1486.09      
# span 18 = 0.0000e+00, 0.0000e+00      
# interval = decibars: 1                
# start_time = Feb 10 2022 08:46:02 [System UTC, header]
# bad_flag = -9.990e-29
*END*
[from data line 229]
       5867    231.000     7.8341     7.8336   3.610646   3.611948     1.9469    -0.0638      89.76 4.9482e-02 5.9960e+00    81.9908    4.91751    34.9418    34.9563    27.2532    1485.57    1484.00 0.0000e+00
       5890    232.000     7.8331     7.8317   3.610596   3.611885     1.9454    -0.0668      80.99 4.9481e-02 5.9960e+00    82.0076    4.91204    34.9418    34.9571    27.2534    1485.58    1484.00 0.0000e+00
       5913    233.000     7.8281     7.8277   3.610242   3.611585     1.9433    -0.0663      94.81 4.9493e-02 5.9960e+00    82.0195    4.89607    34.9425    34.9574    27.2547    1485.58    1484.01 0.0000e+00
       5936    234.000     7.8249     7.8238   3.610053   3.611358     1.9402    -0.0731      94.51 4.9512e-02 5.9960e+00    82.0152    4.87758    34.9432    34.9583    27.2557    1485.58    1484.02 0.0000e+00
       5959    235.000     7.8243     7.8231   3.610066   3.611362     1.9366    -0.0723      98.68 4.9497e-02 5.9960e+00    82.0394    4.86341    34.9434    34.9586    27.2560    1485.60    1484.02 0.0000e+00
       5983    236.000     7.8231     7.8219   3.609995   3.611292     1.9331    -0.0717      77.81 4.9493e-02 5.9960e+00    82.0370    4.85537    34.9434    34.9586    27.2561    1485.61    1484.03 0.0000e+00
       6006    237.000     7.8224     7.8212   3.609993   3.611288     1.9302    -0.0648      68.52 4.9493e-02 5.9960e+00    82.0641    4.85341    34.9436    34.9587    27.2564    1485.62    1484.04 0.0000e+00
       6029    238.000     7.8223     7.8209   3.610032   3.611320     1.9278    -0.0624      71.12 4.9499e-02 5.9960e+00    82.0469    4.85363    34.9436    34.9589    27.2564    1485.64    1484.04 0.0000e+00
       6052    239.000     7.8209     7.8196   3.609949   3.611240     1.9260    -0.0612      78.37 4.9481e-02 5.9960e+00    82.0550    4.84671    34.9436    34.9588    27.2566    1485.65    1484.05 0.0000e+00
       6075    240.000     7.8157     7.8140   3.609566   3.610797     1.9237    -0.0624      98.77 4.9518e-02 5.9960e+00    82.0469    4.84233    34.9442    34.9592    27.2579    1485.65    1484.06 0.0000e+00
       6098    241.000     7.8111     7.8098   3.609249   3.610521     1.9219    -0.0647      38.50 4.9480e-02 5.9960e+00    82.0409    4.83876    34.9449    34.9599    27.2591    1485.65    1484.06 0.0000e+00
       6122    242.000     7.8016     7.8009   3.608572   3.609849     1.9201    -0.0614      98.84 4.9509e-02 5.9960e+00    82.0527    4.83532    34.9466    34.9611    27.2618    1485.63    1484.07 0.0000e+00
       6144    243.000     7.7986     7.7975   3.608402   3.609700     1.9183    -0.0655      45.33 4.9499e-02 5.9960e+00    82.0398    4.82850    34.9473    34.9624    27.2628    1485.64    1484.08 0.0000e+00
       6167    244.000     7.7932     7.7919   3.608045   3.609308     1.9166    -0.0580      55.94 4.9518e-02 5.9960e+00    82.0546    4.82163    34.9484    34.9633    27.2645    1485.63    1484.08 0.0000e+00
       6190    245.000     7.7903     7.7889   3.607861   3.609139     1.9141    -0.0616      71.83 4.9493e-02 5.9960e+00    82.0649    4.80827    34.9488    34.9640    27.2652    1485.64    1484.09 0.0000e+00
       6214    246.000     7.7882     7.7867   3.607734   3.608974     1.9114    -0.0706      98.80 4.9497e-02 5.9960e+00    82.0842    4.79701    34.9490    34.9639    27.2657    1485.65    1484.09 0.0000e+00
       6237    247.000     7.7828     7.7818   3.607331   3.608638     1.9085    -0.0717      98.80 4.9487e-02 5.9960e+00    82.0767    4.79122    34.9496    34.9647    27.2670    1485.64    1484.10 0.0000e+00
       6260    248.000     7.7808     7.7797   3.607205   3.608500     1.9062    -0.0668      53.05 4.9517e-02 5.9960e+00    82.0700    4.78897    34.9498    34.9648    27.2674    1485.65    1484.11 0.0000e+00
       6283    249.000     7.7797     7.7781   3.607161   3.608430     1.9042    -0.0779      98.62 4.9481e-02 5.9960e+00    82.0833    4.78323    34.9499    34.9652    27.2677    1485.67    1484.11 0.0000e+00
       6305    250.000     7.7787     7.7775   3.607144   3.608433     1.9020    -0.0716      53.19 4.9490e-02 5.9960e+00    82.0729    4.77648    34.9502    34.9654    27.2681    1485.68    1484.12 0.0000e+00
       6328    251.000     7.7778     7.7764   3.607123   3.608393     1.9002    -0.0672      82.09 4.9511e-02 5.9960e+00    82.0896    4.77412    34.9504    34.9655    27.2684    1485.69    1484.13 0.0000e+00
       6351    252.000     7.7775     7.7760   3.607146   3.608416     1.8982    -0.0780      66.02 4.9490e-02 5.9960e+00    82.0545    4.76789    34.9505    34.9657    27.2685    1485.71    1484.13 0.0000e+00
       6373    253.000     7.7773     7.7756   3.607184   3.608431     1.8968    -0.0688      91.93 4.9524e-02 5.9960e+00    82.0480    4.77037    34.9506    34.9658    27.2686    1485.72    1484.14 0.0000e+00
       6395    254.000     7.7768     7.7756   3.607193   3.608481     1.8955    -0.0687      98.55 4.9503e-02 5.9960e+00    82.0539    4.76648    34.9507    34.9658    27.2687    1485.74    1484.14 0.0000e+00
       6417    255.000     7.7739     7.7729   3.606980   3.608276     1.8943    -0.0678      31.99 4.9483e-02 5.9960e+00    82.0641    4.76682    34.9509    34.9658    27.2693    1485.74    1484.15 0.0000e+00
       6440    256.000     7.7695     7.7682   3.606673   3.607955     1.8934    -0.0708      55.57 4.9493e-02 5.9960e+00    82.0714    4.76370    34.9515    34.9666    27.2704    1485.74    1484.16 0.0000e+00
       6462    257.000     7.7690     7.7676   3.606688   3.607963     1.8923    -0.0710      49.10 4.9483e-02 5.9960e+00    82.0603    4.75963    34.9516    34.9668    27.2706    1485.76    1484.16 0.0000e+00
       6485    258.000     7.7683     7.7670   3.606670   3.607961     1.8909    -0.0651      98.75 4.9518e-02 5.9960e+00    82.0539    4.75587    34.9517    34.9669    27.2707    1485.77    1484.17 0.0000e+00
       6508    259.000     7.7664     7.7653   3.606592   3.607878     1.8900    -0.0746      61.78 4.9488e-02 5.9960e+00    82.0945    4.75308    34.9522    34.9672    27.2715    1485.78    1484.18 0.0000e+00
       6530    260.000     7.7641     7.7629   3.606463   3.607752     1.8884    -0.0662      98.51 4.9477e-02 5.9960e+00    82.0939    4.74708    34.9527    34.9678    27.2721    1485.79    1484.18 0.0000e+00
       6553    261.000     7.7627     7.7613   3.606425   3.607711     1.8875    -0.0691      87.58 4.9518e-02 5.9960e+00    82.1317    4.74759    34.9532    34.9684    27.2727    1485.80    1484.19 0.0000e+00
       6576    262.000     7.7621     7.7606   3.606449   3.607715     1.8863    -0.0724      83.56 4.9477e-02 5.9960e+00    82.1041    4.74551    34.9535    34.9687    27.2731    1485.82    1484.19 0.0000e+00
       6598    263.000     7.7626     7.7613   3.606563   3.607865     1.8855    -0.0663      49.85 4.9500e-02 5.9960e+00    82.1123    4.74534    34.9538    34.9691    27.2732    1485.84    1484.20 0.0000e+00
       6621    264.000     7.7632     7.7622   3.606679   3.608020     1.8849    -0.0715      45.91 4.9489e-02 5.9960e+00    82.1301    4.74754    34.9539    34.9694    27.2733    1485.85    1484.21 0.0000e+00
       6643    265.000     7.7632     7.7615   3.606745   3.607983     1.8843    -0.0625      98.94 4.9487e-02 5.9960e+00    82.1286    4.74604    34.9542    34.9692    27.2735    1485.87    1484.21 0.0000e+00
       6666    266.000     7.7623     7.7609   3.606707   3.607973     1.8840    -0.0641      59.66 4.9509e-02 5.9960e+00    82.1302    4.75051    34.9542    34.9692    27.2736    1485.88    1484.22 0.0000e+00
       6688    267.000     7.7607     7.7595   3.606590   3.607896     1.8840    -0.0650      98.76 4.9499e-02 5.9960e+00    82.1368    4.75387    34.9540    34.9693    27.2737    1485.89    1484.23 0.0000e+00
       6711    268.000     7.7594     7.7585   3.606520   3.607836     1.8842    -0.0627      82.89 4.9483e-02 5.9960e+00    82.1325    4.75566    34.9541    34.9692    27.2740    1485.91    1484.23 0.0000e+00
       6733    269.000     7.7557     7.7548   3.606314   3.607616     1.8841    -0.0651      44.24 4.9487e-02 5.9960e+00    82.1405    4.75177    34.9551    34.9700    27.2753    1485.91    1484.24 0.0000e+00
       6756    270.000     7.7534     7.7523   3.606219   3.607523     1.8838    -0.0638      99.19 4.9496e-02 5.9960e+00    82.1337    4.74978    34.9559    34.9711    27.2762    1485.92    1484.24 0.0000e+00
       6778    271.000     7.7503     7.7491   3.606057   3.607332     1.8831    -0.0628      30.64 4.9499e-02 5.9960e+00    82.1522    4.74570    34.9567    34.9717    27.2774    1485.92    1484.25 0.0000e+00
       6801    272.000     7.7481     7.7466   3.605942   3.607211     1.8829    -0.0665      78.91 4.9487e-02 5.9960e+00    82.1512    4.75145    34.9572    34.9724    27.2781    1485.93    1484.26 0.0000e+00
       6824    273.000     7.7472     7.7460   3.605915   3.607199     1.8828    -0.0650      85.74 4.9493e-02 5.9960e+00    82.1738    4.75278    34.9574    34.9724    27.2783    1485.95    1484.26 0.0000e+00
       6847    274.000     7.7468     7.7455   3.605927   3.607204     1.8827    -0.0665      91.92 4.9499e-02 5.9960e+00    82.1722    4.75185    34.9574    34.9725    27.2784    1485.96    1484.27 0.0000e+00
       6870    275.000     7.7461     7.7448   3.605928   3.607209     1.8822    -0.0655      95.09 4.9505e-02 5.9960e+00    82.1849    4.74565    34.9576    34.9728    27.2787    1485.98    1484.27 0.0000e+00
       6893    276.000     7.7461     7.7447   3.606009   3.607284     1.8818    -0.0683      95.98 4.9499e-02 5.9960e+00    82.1921    4.74975    34.9580    34.9732    27.2790    1485.99    1484.28 0.0000e+00
       6916    277.000     7.7464     7.7451   3.606116   3.607404     1.8816    -0.0695      68.05 4.9505e-02 5.9960e+00    82.1737    4.74949    34.9584    34.9736    27.2792    1486.01    1484.29 0.0000e+00
       6939    278.000     7.7466     7.7453   3.606195   3.607492     1.8815    -0.0745      53.17 4.9499e-02 5.9960e+00    82.2040    4.75337    34.9585    34.9739    27.2793    1486.03    1484.29 0.0000e+00
       6962    279.000     7.7467     7.7454   3.606267   3.607541     1.8817    -0.0742      90.19 4.9512e-02 5.9960e+00    82.1859    4.75545    34.9587    34.9738    27.2795    1486.05    1484.30 0.0000e+00
       6985    280.000     7.7467     7.7454   3.606362   3.607643     1.8819    -0.0702      43.13 4.9497e-02 5.9960e+00    82.1977    4.75715    34.9593    34.9744    27.2799    1486.06    1484.31 0.0000e+00
       7009    281.000     7.7467     7.7453   3.606409   3.607706     1.8819    -0.0730      98.07 4.9511e-02 5.9960e+00    82.1939    4.75945    34.9593    34.9747    27.2799    1486.08    1484.31 0.0000e+00
       7032    282.000     7.7457     7.7444   3.606372   3.607653     1.8826    -0.0687      40.50 4.9475e-02 5.9960e+00    82.1855    4.76556    34.9594    34.9746    27.2802    1486.09    1484.32 0.0000e+00
       7055    283.000     7.7397     7.7394   3.605832   3.607197     1.8831    -0.0691      99.69 4.9463e-02 5.9960e+00    82.1759    4.76789    34.9591    34.9742    27.2808    1486.08    1484.33 0.0000e+00
       7078    284.000     7.7359     7.7349   3.605530   3.606818     1.8836    -0.0730      55.21 4.9512e-02 5.9960e+00    82.1931    4.77165    34.9592    34.9741    27.2814    1486.09    1484.33 0.0000e+00
       7101    285.000     7.7356     7.7344   3.605543   3.606836     1.8842    -0.0713      98.50 4.9512e-02 5.9960e+00    82.1900    4.76829    34.9591    34.9743    27.2814    1486.10    1484.34 0.0000e+00
       7124    286.000     7.7344     7.7332   3.605488   3.606774     1.8839    -0.0712      76.57 4.9512e-02 -9.990e-29    82.1946    4.76167    34.9593    34.9743    27.2817    1486.11    1484.34 0.0000e+00
       7147    287.000     7.7307     7.7293   3.605189   3.606453     1.8832    -0.0700      55.05 4.9506e-02 -9.990e-29    82.2120    4.75530    34.9592    34.9743    27.2822    1486.12    1484.35 0.0000e+00
       7170    288.000     7.7275     7.7263   3.605001   3.606294     1.8823    -0.0661      29.60 4.9511e-02 -9.990e-29    82.2040    4.74833    34.9599    34.9751    27.2832    1486.12    1484.36 0.0000e+00
       7193    289.000     7.7264     7.7251   3.604996   3.606274     1.8809    -0.0672      74.98 4.9493e-02 6.0008e+00    82.2118    4.74664    34.9605    34.9756    27.2839    1486.13    1484.36 0.0000e+00
       7216    290.000     7.7261     7.7249   3.605029   3.606313     1.8802    -0.0722      79.46 4.9481e-02 6.2653e+00    82.1911    4.74849    34.9607    34.9757    27.2840    1486.15    1484.37 0.0000e+00
       7240    291.000     7.7262     7.7249   3.605096   3.606371     1.8793    -0.0715      87.86 4.9485e-02 6.6003e+00    82.1977    4.74761    34.9608    34.9759    27.2841    1486.17    1484.37 0.0000e+00
       7263    292.000     7.7259     7.7245   3.605147   3.606407     1.8790    -0.0704      91.03 4.9493e-02 6.9210e+00    82.2180    4.75089    34.9612    34.9762    27.2845    1486.18    1484.38 0.0000e+00
       7286    293.000     7.7251     7.7237   3.605160   3.606437     1.8789    -0.0719      97.56 4.9520e-02 7.0242e+00    82.2077    4.75215    34.9616    34.9768    27.2849    1486.20    1484.39 0.0000e+00
       7310    294.000     7.7250     7.7237   3.605229   3.606503     1.8784    -0.0667      45.19 4.9512e-02 7.7111e+00    82.2044    4.74957    34.9620    34.9770    27.2852    1486.21    1484.39 0.0000e+00
       7334    295.000     7.7247     7.7234   3.605264   3.606538     1.8781    -0.0669      71.59 4.9462e-02 -9.990e-29    82.1981    4.75630    34.9622    34.9772    27.2854    1486.23    1484.40 0.0000e+00
       7357    296.000     7.7245     7.7232   3.605295   3.606577     1.8788    -0.0736      92.06 4.9497e-02 -9.990e-29    82.1780    4.75940    34.9622    34.9774    27.2855    1486.24    1484.41 0.0000e+00
       7381    297.000     7.7244     7.7231   3.605338   3.606615     1.8787    -0.0747      98.51 4.9499e-02 -9.990e-29    82.1755    4.75839    34.9623    34.9774    27.2856    1486.26    1484.41 0.0000e+00
       7404    298.000     7.7243     7.7231   3.605381   3.606661     1.8790    -0.0731      30.90 4.9487e-02 -9.990e-29    82.1905    4.76110    34.9624    34.9774    27.2857    1486.28    1484.42 0.0000e+00
       7427    299.000     7.7242     7.7229   3.605416   3.606697     1.8791    -0.0690      83.14 4.9524e-02 -9.990e-29    82.1851    4.75762    34.9624    34.9775    27.2857    1486.29    1484.42 0.0000e+00
       7451    300.000     7.7243     7.7229   3.605472   3.606750     1.8789    -0.0711      89.24 4.9508e-02 -9.990e-29    82.1463    4.76107    34.9624    34.9776    27.2857    1486.31    1484.43 0.0000e+00
       7474    301.000     7.7241     7.7227   3.605508   3.606795     1.8793    -0.0692      89.59 4.9488e-02 -9.990e-29    82.1512    4.76633    34.9625    34.9778    27.2858    1486.33    1484.44 0.0000e+00
       7497    302.000     7.7233     7.7220   3.605514   3.606809     1.8798    -0.0703      97.09 4.9530e-02 7.9923e+00    82.1699    4.76500    34.9629    34.9782    27.2862    1486.34    1484.44 0.0000e+00
       7520    303.000     7.7227     7.7214   3.605522   3.606801     1.8794    -0.0748      98.14 4.9497e-02 7.9947e+00    82.1261    4.76244    34.9631    34.9782    27.2864    1486.35    1484.45 0.0000e+00
       7544    304.000     7.7220     7.7207   3.605533   3.606810     1.8796    -0.0709      51.33 4.9475e-02 7.9947e+00    82.1612    4.76352    34.9634    34.9785    27.2868    1486.37    1484.46 0.0000e+00
       7567    305.000     7.7212     7.7199   3.605513   3.606804     1.8795    -0.0769      83.11 4.9497e-02 7.9947e+00    82.1372    4.76600    34.9635    34.9788    27.2870    1486.38    1484.46 0.0000e+00
