_data/ctd/2022603/sta0177.cnv
* Sea-Bird SBE 9 Data File:
* FileName = C:\Seabird\CTDData\sta0177.hex
* Software Version Seasave V 7.21f
* Temperature SN = 6264
* Conductivity SN = 4928
* Number of Bytes Per Scan = 40
* Number of Voltage Words = 5
* Number of Scans Averaged by the Deck Unit = 1
* NMEA Latitude = 60 51.53 N
* NMEA Longitude = 004 40.92 E
* NMEA UTC (Time) = Feb 13 2022 04:43:27
* NMEA baud rate = 4800
** Ship: R/V "Kristine Bonnevie"
** Station: 0177
** Echodepth: 437
** Log: 0537.952
** Wind-Dir/Force: 20 26
** Air-temp (dry): 7.2
** Weather Sky:
** Sea:
# nquan = 19                                
# nvalues = 434                         
# units = specified
# name 0 = scan: Scan Count
# name 1 = prDM: Pressure, Digiquartz [db]
# name 2 = t068C: Temperature [ITS-68, deg C]
# name 3 = t168C: Temperature, 2 [ITS-68, deg C]
# name 4 = c0S/m: Conductivity [S/m]
# name 5 = c1S/m: Conductivity, 2 [S/m]
# name 6 = sbeox0V: Oxygen raw, SBE 43 [V]
# name 7 = flECO-AFL: Fluorescence, WET Labs ECO-AFL/FL [mg/m^3]
# name 8 = altM: Altimeter [m]
# name 9 = par: PAR/Irradiance, Biospherical/Licor
# name 10 = spar: SPAR/Surface Irradiance
# name 11 = CStarTr0: Beam Transmission, WET Labs C-Star [%]
# name 12 = sbeox0ML/L: Oxygen, SBE 43 [ml/l], WS = 2
# name 13 = sal00: Salinity, Practical [PSU]
# name 14 = sal11: Salinity, Practical, 2 [PSU]
# name 15 = sigma-t00: Density [sigma-t, Kg/m^3 ]
# name 16 = svCM: Sound Velocity [Chen-Millero, m/s]
# name 17 = avgsvCM: Average Sound Velocity [Chen-Millero, m/s], minP = 1, minS = 5
# name 18 = flag: flag
# span 0 =          1,       9048       
# span 1 =      2.000,    435.000       
# span 2 =     6.7966,     8.2270       
# span 3 =     6.7940,     8.2250       
# span 4 =   3.231826,   3.650498       
# span 5 =   3.232804,   3.651868       
# span 6 =     2.1052,     2.5053       
# span 7 =    -0.1004,     0.3712       
# span 8 =       6.51,     100.52       
# span 9 = 4.9447e-02, 6.4164e-01       
# span 10 = 0.0000e+00, 0.0000e+00      
# span 11 =    80.0516,    81.6279      
# span 12 =    5.56853,    6.86394      
# span 13 =    31.9390,    35.0510      
# span 14 =    31.9522,    35.0672      
# span 15 =    25.0351,    27.3062      
# span 16 =    1474.06,    1489.90      
# span 17 =    1474.06,    1484.92      
# span 18 = 0.0000e+00, 0.0000e+00      
# interval = decibars: 1                
# start_time = Feb 13 2022 04:43:30 [System UTC, header]
# bad_flag = -9.990e-29
*END*
[from data line 153]
       3410    155.000     8.0581     8.0565   3.617099   3.618496     2.2647    -0.0674      94.00 4.9482e-02 0.0000e+00    81.3408    5.92869    34.8247    34.8413    27.1278    1485.02    1480.07 0.0000e+00
       3425    156.000     8.0565     8.0533   3.617380   3.618745     2.2643    -0.0666      98.79 4.9465e-02 0.0000e+00    81.3579    5.92368    34.8288    34.8467    27.1312    1485.03    1480.10 0.0000e+00
       3440    157.000     8.0538     8.0518   3.617471   3.618829     2.2638    -0.0609      98.81 4.9498e-02 0.0000e+00    81.3409    5.92028    34.8320    34.8486    27.1341    1485.04    1480.13 0.0000e+00
       3455    158.000     8.0501     8.0483   3.617226   3.618541     2.2633    -0.0658      98.81 4.9513e-02 0.0000e+00    81.3379    5.91666    34.8326    34.8485    27.1351    1485.05    1480.16 0.0000e+00
       3470    159.000     8.0461     8.0436   3.616979   3.618259     2.2623    -0.0660      37.74 4.9504e-02 0.0000e+00    81.3128    5.91302    34.8334    34.8496    27.1364    1485.05    1480.19 0.0000e+00
       3486    160.000     8.0335     8.0331   3.616142   3.617456     2.2615    -0.0665      85.75 4.9501e-02 0.0000e+00    81.3301    5.91018    34.8365    34.8510    27.1407    1485.02    1480.22 0.0000e+00
       3505    161.000     8.0122     8.0107   3.615168   3.616526     2.2599    -0.0699      68.05 4.9479e-02 0.0000e+00    81.3222    5.90654    34.8467    34.8628    27.1520    1484.97    1480.25 0.0000e+00
       3529    162.000     8.0121     8.0103   3.615606   3.616962     2.2583    -0.0680      78.15 4.9456e-02 0.0000e+00    81.2722    5.90167    34.8511    34.8674    27.1554    1484.99    1480.28 0.0000e+00
       3556    163.000     8.0119     8.0104   3.615824   3.617201     2.2565    -0.0656      67.70 4.9484e-02 0.0000e+00    81.2888    5.90502    34.8531    34.8694    27.1570    1485.01    1480.31 0.0000e+00
       3581    164.000     8.0109     8.0092   3.615915   3.617274     2.2559    -0.0600      99.31 4.9469e-02 0.0000e+00    81.2976    5.90148    34.8546    34.8709    27.1583    1485.02    1480.34 0.0000e+00
       3602    165.000     8.0108     8.0091   3.616245   3.617610     2.2542    -0.0665      89.16 4.9468e-02 0.0000e+00    81.2847    5.89535    34.8578    34.8741    27.1608    1485.04    1480.37 0.0000e+00
       3621    166.000     8.0120     8.0103   3.616553   3.617920     2.2538    -0.0655      98.73 4.9490e-02 0.0000e+00    81.2662    5.89378    34.8594    34.8758    27.1619    1485.07    1480.39 0.0000e+00
       3642    167.000     8.0126     8.0110   3.616775   3.618138     2.2522    -0.0626      92.36 4.9474e-02 0.0000e+00    81.2763    5.88993    34.8607    34.8769    27.1629    1485.09    1480.42 0.0000e+00
       3666    168.000     8.0124     8.0110   3.616887   3.618259     2.2514    -0.0631      41.14 4.9465e-02 0.0000e+00    81.2850    5.89216    34.8616    34.8777    27.1636    1485.10    1480.45 0.0000e+00
       3684    169.000     8.0142     8.0123   3.617244   3.618599     2.2505    -0.0661      76.64 4.9472e-02 0.0000e+00    81.2620    5.88394    34.8632    34.8796    27.1646    1485.13    1480.48 0.0000e+00
       3700    170.000     8.0168     8.0148   3.617706   3.619071     2.2495    -0.0608      82.68 4.9499e-02 0.0000e+00    81.2564    5.88059    34.8650    34.8817    27.1656    1485.16    1480.50 0.0000e+00
       3713    171.000     8.0183     8.0164   3.617971   3.619332     2.2488    -0.0730      91.28 4.9461e-02 0.0000e+00    81.2567    5.87803    34.8659    34.8824    27.1661    1485.18    1480.53 0.0000e+00
       3726    172.000     8.0197     8.0181   3.618409   3.619755     2.2480    -0.0638      29.87 4.9514e-02 0.0000e+00    81.2558    5.87670    34.8687    34.8848    27.1681    1485.21    1480.56 0.0000e+00
       3738    173.000     8.0181     8.0164   3.618565   3.619910     2.2470    -0.0668      38.95 4.9515e-02 0.0000e+00    81.2640    5.87082    34.8715    34.8876    27.1705    1485.22    1480.59 0.0000e+00
       3749    174.000     8.0184     8.0167   3.618692   3.620054     2.2466    -0.0686      96.03 4.9487e-02 0.0000e+00    81.2618    5.87157    34.8721    34.8884    27.1709    1485.24    1480.61 0.0000e+00
       3789    175.000     8.0184     8.0167   3.618646   3.620000     2.2444    -0.0638      89.00 4.9482e-02 0.0000e+00    81.2770    5.87316    34.8711    34.8873    27.1702    1485.25    1480.64 0.0000e+00
       3836    176.000     8.0210     8.0194   3.619343   3.620717     2.2435    -0.0683      42.65 4.9492e-02 0.0000e+00    81.2779    5.87849    34.8755    34.8919    27.1732    1485.29    1480.67 0.0000e+00
       3854    177.000     8.0224     8.0207   3.619819   3.621197     2.2434    -0.0667      61.51 4.9480e-02 0.0000e+00    81.2678    5.87531    34.8788    34.8952    27.1756    1485.31    1480.69 0.0000e+00
       3870    178.000     8.0233     8.0217   3.620096   3.621487     2.2430    -0.0699      98.99 4.9457e-02 0.0000e+00    81.2917    5.87356    34.8803    34.8969    27.1767    1485.33    1480.72 0.0000e+00
       3886    179.000     8.0241     8.0224   3.620506   3.621889     2.2426    -0.0654      77.86 4.9483e-02 0.0000e+00    81.3265    5.87181    34.8835    34.9000    27.1790    1485.36    1480.74 0.0000e+00
       3901    180.000     8.0293     8.0277   3.621522   3.622923     2.2424    -0.0679      88.84 4.9513e-02 0.0000e+00    81.3143    5.86828    34.8887    34.9053    27.1824    1485.40    1480.77 0.0000e+00
       3915    181.000     8.0309     8.0287   3.621920   3.623247     2.2416    -0.0636      98.78 4.9479e-02 0.0000e+00    81.3109    5.86138    34.8909    34.9073    27.1838    1485.42    1480.79 0.0000e+00
       3929    182.000     8.0312     8.0295   3.622284   3.623628     2.2409    -0.0620      98.81 4.9482e-02 0.0000e+00    81.2854    5.85595    34.8940    34.9101    27.1862    1485.45    1480.82 0.0000e+00
       3942    183.000     8.0279     8.0267   3.622181   3.623534     2.2400    -0.0629      98.80 4.9471e-02 0.0000e+00    81.3044    5.84929    34.8957    34.9114    27.1881    1485.45    1480.85 0.0000e+00
       3955    184.000     8.0328     8.0303   3.623017   3.624411     2.2387    -0.0656      69.09 4.9486e-02 0.0000e+00    81.3246    5.84257    34.8993    34.9168    27.1902    1485.49    1480.87 0.0000e+00
       3966    185.000     8.0349     8.0332   3.623387   3.624759     2.2378    -0.0649      50.32 4.9451e-02 0.0000e+00    81.3097    5.83724    34.9007    34.9171    27.1909    1485.52    1480.90 0.0000e+00
       3979    186.000     8.0324     8.0310   3.623326   3.624680     2.2363    -0.0740      77.01 4.9490e-02 0.0000e+00    81.3212    5.83498    34.9021    34.9180    27.1924    1485.53    1480.92 0.0000e+00
       4033    187.000     8.0306     8.0290   3.623272   3.624534     2.2331    -0.0712      77.85 4.9491e-02 0.0000e+00    81.3435    5.83827    34.9028    34.9179    27.1932    1485.54    1480.94 0.0000e+00
       4079    188.000     8.0310     8.0292   3.623770   3.625097     2.2317    -0.0667      98.68 4.9510e-02 0.0000e+00    81.3650    5.84306    34.9072    34.9233    27.1967    1485.56    1480.97 0.0000e+00
       4097    189.000     8.0324     8.0306   3.624109   3.625468     2.2313    -0.0636      36.88 4.9496e-02 0.0000e+00    81.3929    5.83952    34.9090    34.9254    27.1978    1485.58    1480.99 0.0000e+00
       4113    190.000     8.0324     8.0308   3.624251   3.625607     2.2309    -0.0708      99.42 4.9485e-02 0.0000e+00    81.3888    5.83787    34.9100    34.9262    27.1987    1485.60    1481.02 0.0000e+00
       4127    191.000     8.0342     8.0321   3.624609   3.625947     2.2308    -0.0682      98.12 4.9524e-02 0.0000e+00    81.4080    5.83547    34.9116    34.9281    27.1996    1485.63    1481.04 0.0000e+00
       4140    192.000     8.0435     8.0411   3.625839   3.627253     2.2299    -0.0668      81.12 4.9525e-02 0.0000e+00    81.3857    5.82573    34.9150    34.9326    27.2009    1485.68    1481.07 0.0000e+00
       4153    193.000     8.0552     8.0525   3.627372   3.628737     2.2294    -0.0565      96.85 4.9485e-02 0.0000e+00    81.3564    5.82386    34.9193    34.9367    27.2025    1485.75    1481.09 0.0000e+00
       4165    194.000     8.0531     8.0521   3.627266   3.628666     2.2284    -0.0617      23.14 4.9450e-02 0.0000e+00    81.3568    5.82368    34.9198    34.9358    27.2032    1485.76    1481.11 0.0000e+00
       4176    195.000     8.0509     8.0500   3.627130   3.628599     2.2282    -0.0604      51.63 4.9502e-02 0.0000e+00    81.3922    5.82622    34.9201    34.9367    27.2037    1485.77    1481.14 0.0000e+00
       4190    196.000     8.0594     8.0572   3.628232   3.629642     2.2276    -0.0561      96.71 4.9464e-02 0.0000e+00    81.3939    5.82566    34.9229    34.9402    27.2047    1485.82    1481.16 0.0000e+00
       4216    197.000     8.0707     8.0700   3.629621   3.631170     2.2270    -0.0614      81.89 4.9480e-02 0.0000e+00    81.4019    5.82564    34.9261    34.9434    27.2055    1485.88    1481.19 0.0000e+00
       4247    198.000     8.0886     8.0866   3.631960   3.633337     2.2263    -0.0661      36.47 4.9482e-02 0.0000e+00    81.4301    5.81582    34.9328    34.9496    27.2081    1485.97    1481.21 0.0000e+00
       4269    199.000     8.0861     8.0842   3.631843   3.633151     2.2252    -0.0622      83.79 4.9475e-02 0.0000e+00    81.4491    5.81549    34.9336    34.9495    27.2090    1485.98    1481.23 0.0000e+00
       4286    200.000     8.0749     8.0747   3.630832   3.632271     2.2248    -0.0625      54.16 4.9513e-02 0.0000e+00    81.4622    5.81652    34.9334    34.9490    27.2106    1485.96    1481.26 0.0000e+00
       4302    201.000     8.0644     8.0655   3.629772   3.631288     2.2244    -0.0690      98.68 4.9464e-02 0.0000e+00    81.4804    5.81400    34.9320    34.9472    27.2111    1485.93    1481.28 0.0000e+00
       4322    202.000     8.0483     8.0504   3.628188   3.629835     2.2233    -0.0725      86.61 4.9481e-02 0.0000e+00    81.4816    5.80975    34.9306    34.9462    27.2124    1485.88    1481.30 0.0000e+00
       4346    203.000     8.0466     8.0434   3.628032   3.629186     2.2217    -0.0886      97.56 4.9489e-02 0.0000e+00    81.4999    5.80821    34.9302    34.9457    27.2123    1485.89    1481.33 0.0000e+00
       4369    204.000     8.0387     8.0384   3.627237   3.628678     2.2212    -0.0709      93.38 4.9472e-02 0.0000e+00    81.4856    5.81347    34.9290    34.9448    27.2126    1485.88    1481.35 0.0000e+00
       4391    205.000     8.0370     8.0336   3.627216   3.628314     2.2204    -0.0678      61.78 4.9481e-02 0.0000e+00    81.4601    5.81144    34.9300    34.9452    27.2136    1485.89    1481.37 0.0000e+00
       4415    206.000     8.0419     8.0399   3.628015   3.629366     2.2198    -0.0676      44.62 4.9500e-02 0.0000e+00    81.4897    5.80940    34.9332    34.9497    27.2154    1485.93    1481.39 0.0000e+00
       4438    207.000     8.0436     8.0436   3.628369   3.630031     2.2191    -0.0622      72.96 4.9488e-02 0.0000e+00    81.4509    5.80869    34.9348    34.9526    27.2164    1485.95    1481.41 0.0000e+00
       4457    208.000     8.0494     8.0482   3.629237   3.630679     2.2186    -0.0660      80.71 4.9501e-02 0.0000e+00    81.4699    5.81099    34.9379    34.9545    27.2179    1486.00    1481.44 0.0000e+00
       4473    209.000     8.0677     8.0662   3.631606   3.633174     2.2189    -0.0706      33.13 4.9491e-02 0.0000e+00    81.4702    5.80807    34.9445    34.9628    27.2204    1486.09    1481.46 0.0000e+00
       4489    210.000     8.0677     8.0644   3.631704   3.632851     2.2183    -0.0660      60.43 4.9495e-02 0.0000e+00    81.4944    5.80325    34.9451    34.9607    27.2209    1486.11    1481.48 0.0000e+00
       4504    211.000     8.0643     8.0617   3.631374   3.632624     2.2179    -0.0633      99.10 4.9495e-02 0.0000e+00    81.4640    5.80092    34.9445    34.9605    27.2209    1486.11    1481.50 0.0000e+00
       4519    212.000     8.0625     8.0608   3.631246   3.632605     2.2172    -0.0602      61.09 4.9474e-02 0.0000e+00    81.4630    5.79720    34.9444    34.9607    27.2211    1486.12    1481.52 0.0000e+00
       4536    213.000     8.0628     8.0613   3.631322   3.632712     2.2164    -0.0647      85.11 4.9496e-02 0.0000e+00    81.4253    5.79409    34.9444    34.9608    27.2211    1486.14    1481.55 0.0000e+00
       4560    214.000     8.0621     8.0605   3.631296   3.632657     2.2153    -0.0627      79.67 4.9503e-02 0.0000e+00    81.4778    5.79276    34.9444    34.9606    27.2211    1486.15    1481.57 0.0000e+00
       4587    215.000     8.0666     8.0647   3.631929   3.633294     2.2142    -0.0789      98.35 4.9509e-02 0.0000e+00    81.4566    5.79332    34.9462    34.9627    27.2219    1486.19    1481.59 0.0000e+00
       4608    216.000     8.0799     8.0769   3.633641   3.634940     2.2137    -0.0853      97.25 7.8635e-02 0.0000e+00    81.4735    5.79350    34.9508    34.9677    27.2235    1486.26    1481.61 0.0000e+00
       4626    217.000     8.0887     8.0858   3.634782   3.636130     2.2135    -0.0650      44.27 5.1675e-02 0.0000e+00    81.4645    5.78791    34.9538    34.9711    27.2245    1486.31    1481.63 0.0000e+00
       4644    218.000     8.1118     8.1089   3.637755   3.639150     2.2127    -0.0603      38.38 4.9493e-02 0.0000e+00    81.4644    5.78433    34.9621    34.9799    27.2276    1486.43    1481.65 0.0000e+00
       4665    219.000     8.1108     8.1079   3.637982   3.639180     2.2125    -0.0650      94.36 4.9477e-02 0.0000e+00    81.4669    5.79376    34.9651    34.9808    27.2300    1486.44    1481.67 0.0000e+00
       4685    220.000     8.0983     8.0974   3.637113   3.638600     2.2130    -0.0675      48.51 4.9495e-02 0.0000e+00    81.4689    5.79482    34.9677    34.9846    27.2340    1486.41    1481.70 0.0000e+00
       4706    221.000     8.1086     8.1079   3.638422   3.639922     2.2123    -0.0608      98.84 4.9481e-02 0.0000e+00    81.4057    5.78228    34.9710    34.9878    27.2350    1486.47    1481.72 0.0000e+00
       4726    222.000     8.1109     8.1088   3.638764   3.640090     2.2115    -0.0652      63.03 4.9485e-02 0.0000e+00    81.4686    5.77441    34.9719    34.9882    27.2354    1486.50    1481.74 0.0000e+00
       4749    223.000     8.1119     8.1110   3.638950   3.640432     2.2100    -0.0631      98.25 4.9467e-02 0.0000e+00    81.4676    5.77331    34.9724    34.9892    27.2356    1486.52    1481.76 0.0000e+00
       4773    224.000     8.1125     8.1108   3.639053   3.640390     2.2091    -0.0627      84.08 4.9482e-02 0.0000e+00    81.4811    5.77222    34.9724    34.9884    27.2356    1486.54    1481.78 0.0000e+00
       4794    225.000     8.1097     8.1081   3.638849   3.640232     2.2084    -0.0609      55.41 4.9501e-02 0.0000e+00    81.5018    5.77191    34.9725    34.9889    27.2361    1486.55    1481.80 0.0000e+00
       4811    226.000     8.1152     8.1096   3.639541   3.640506     2.2076    -0.0557      99.81 4.9463e-02 0.0000e+00    81.4824    5.76846    34.9740    34.9899    27.2364    1486.59    1481.82 0.0000e+00
       4828    227.000     8.1211     8.1184   3.640188   3.641546     2.2070    -0.0558      68.49 4.9491e-02 0.0000e+00    81.4725    5.76674    34.9746    34.9918    27.2359    1486.62    1481.85 0.0000e+00
       4844    228.000     8.1166     8.1145   3.639773   3.641077     2.2064    -0.0558      78.61 4.9521e-02 0.0000e+00    81.5029    5.76798    34.9741    34.9902    27.2363    1486.62    1481.87 0.0000e+00
       4862    229.000     8.1236     8.1199   3.640687   3.641884     2.2060    -0.0558      98.99 4.9501e-02 0.0000e+00    81.4941    5.76585    34.9764    34.9929    27.2370    1486.67    1481.89 0.0000e+00
