_data/ctd/2022603/sta0167.cnv
* Sea-Bird SBE 9 Data File:
* FileName = C:\Seabird\CTDData\sta0167.hex
* Software Version Seasave V 7.21f
* Temperature SN = 6264
* Conductivity SN = 4928
* Number of Bytes Per Scan = 40
* Number of Voltage Words = 5
* Number of Scans Averaged by the Deck Unit = 1
* NMEA Latitude = 60 52.29 N
* NMEA Longitude = 005 32.76 E
* NMEA UTC (Time) = Feb 12 2022 19:09:38
* NMEA baud rate = 4800
** Ship: R/V "Kristine Bonnevie"
** Station: 0167
** Echodepth: 191
** Log: 0499.548
** Wind-Dir/Force: 34 02
** Air-temp (dry): 6.6
** Weather Sky:
** Sea:
# nquan = 19                                
# nvalues = 176                         
# units = specified
# name 0 = scan: Scan Count
# name 1 = prDM: Pressure, Digiquartz [db]
# name 2 = t068C: Temperature [ITS-68, deg C]
# name 3 = t168C: Temperature, 2 [ITS-68, deg C]
# name 4 = c0S/m: Conductivity [S/m]
# name 5 = c1S/m: Conductivity, 2 [S/m]
# name 6 = sbeox0V: Oxygen raw, SBE 43 [V]
# name 7 = flECO-AFL: Fluorescence, WET Labs ECO-AFL/FL [mg/m^3]
# name 8 = altM: Altimeter [m]
# name 9 = par: PAR/Irradiance, Biospherical/Licor
# name 10 = spar: SPAR/Surface Irradiance
# name 11 = CStarTr0: Beam Transmission, WET Labs C-Star [%]
# name 12 = sbeox0ML/L: Oxygen, SBE 43 [ml/l], WS = 2
# name 13 = sal00: Salinity, Practical [PSU]
# name 14 = sal11: Salinity, Practical, 2 [PSU]
# name 15 = sigma-t00: Density [sigma-t, Kg/m^3 ]
# name 16 = svCM: Sound Velocity [Chen-Millero, m/s]
# name 17 = avgsvCM: Average Sound Velocity [Chen-Millero, m/s], minP = 1, minS = 5
# name 18 = flag: flag
# span 0 =        243,       4507       
# span 1 =     10.000,    185.000       
# span 2 =     8.3277,    10.3676       
# span 3 =     8.3261,    10.3662       
# span 4 =   3.515651,   3.728951       
# span 5 =   3.512956,   3.730320       
# span 6 =     1.5518,     2.2522       
# span 7 =    -0.0830,    -0.0253       
# span 8 =       7.17,     109.46       
# span 9 = 4.9454e-02, 5.6131e-02       
# span 10 = 0.0000e+00, 0.0000e+00      
# span 11 =    80.4105,    82.2719      
# span 12 =    3.50361,    5.66596      
# span 13 =    32.5177,    34.9376      
# span 14 =    32.5232,    34.9527      
# span 15 =    25.1064,    27.1751      
# span 16 =    1484.91,    1490.04      
# span 17 =    1484.91,    1488.19      
# span 18 = 0.0000e+00, 0.0000e+00      
# interval = decibars: 1                
# start_time = Feb 12 2022 19:09:40 [System UTC, header]
# bad_flag = -9.990e-29
*END*
        243     10.000     9.4363     9.3997   3.515651   3.512956     2.2478 -9.990e-29     109.46 5.6131e-02 0.0000e+00    81.9481    5.66596    32.5177    32.5232    25.1064    1484.91    1484.91 0.0000e+00
        290     11.000     9.6960     9.6856   3.563730   3.564527     2.2501    -0.0253      62.68 4.9989e-02 0.0000e+00    81.9783    5.64910    32.7737    32.7913    25.2644    1486.19    1485.03 0.0000e+00
        325     12.000     9.8041     9.7973   3.589223   3.590711     2.2522    -0.0400      96.47 4.9490e-02 0.0000e+00    81.9579    5.61366    32.9348    32.9563    25.3725    1486.80    1485.18 0.0000e+00
        356     13.000     9.9219     9.9163   3.611594   3.612886     2.2495    -0.0537      93.92 4.9467e-02 0.0000e+00    81.9495    5.57496    33.0545    33.0728    25.4465    1487.39    1485.35 0.0000e+00
        385     14.000    10.0247    10.0193   3.630575   3.631906     2.2479    -0.0547      90.22 4.9454e-02 0.0000e+00    82.0189    5.54981    33.1528    33.1713    25.5061    1487.89    1485.53 0.0000e+00
        412     15.000    10.1220    10.1157   3.649325   3.650703     2.2439    -0.0558      97.67 4.9465e-02 0.0000e+00    82.0683    5.49888    33.2533    33.2731    25.5681    1488.38    1485.72 0.0000e+00
        439     16.000    10.2466    10.2397   3.673358   3.674479     2.2374 -9.990e-29      92.18 4.9460e-02 0.0000e+00    82.0701    5.44751    33.3816    33.3993    25.6471    1489.00    1485.92 0.0000e+00
        465     17.000    10.2589    10.2552   3.678919   3.680324     2.2303 -9.990e-29      92.73 4.9486e-02 0.0000e+00    82.0846    5.40181    33.4261    33.4437    25.6797    1489.12    1486.11 0.0000e+00
        492     18.000    10.2951    10.2923   3.688726   3.690226     2.2189    -0.0559      33.11 4.9466e-02 0.0000e+00    82.1031    5.33399    33.4914    33.5091    25.7244    1489.34    1486.29 0.0000e+00
        518     19.000    10.3292    10.3247   3.698355   3.699740     2.2063    -0.0711      75.50 4.9482e-02 0.0000e+00    82.0945    5.28644    33.5567    33.5749    25.7695    1489.56    1486.46 0.0000e+00
        543     20.000    10.3440    10.3430   3.704896   3.706251     2.1942    -0.0582      92.63 4.9455e-02 0.0000e+00    82.1018    5.25711    33.6087    33.6233    25.8075    1489.69    1486.62 0.0000e+00
        569     21.000    10.3470    10.3453   3.706988   3.708406     2.1841    -0.0665      72.82 4.9477e-02 0.0000e+00    82.1348    5.23364    33.6266    33.6425    25.8209    1489.74    1486.77 0.0000e+00
        594     22.000    10.3511    10.3490   3.711330   3.712755     2.1746    -0.0669      94.34 4.9478e-02 0.0000e+00    82.1312    5.21174    33.6662    33.6825    25.8511    1489.82    1486.91 0.0000e+00
        620     23.000    10.3676    10.3662   3.718868   3.720270     2.1669    -0.0570      67.14 4.9487e-02 0.0000e+00    82.1327    5.20204    33.7265    33.7420    25.8954    1489.97    1487.04 0.0000e+00
        644     24.000    10.3578    10.3566   3.721423   3.722809     2.1612    -0.0663      64.59 4.9474e-02 0.0000e+00    82.1306    5.18927    33.7610    33.7761    25.9239    1489.99    1487.16 0.0000e+00
        669     25.000    10.3430    10.3416   3.723353   3.724729     2.1545    -0.0676      43.83 4.9467e-02 0.0000e+00    82.0931    5.16038    33.7938    33.8090    25.9521    1489.99    1487.28 0.0000e+00
        694     26.000    10.3425    10.3412   3.725583   3.726971     2.1473    -0.0594      74.68 4.9478e-02 0.0000e+00    82.0975    5.13724    33.8164    33.8316    25.9697    1490.04    1487.38 0.0000e+00
        719     27.000    10.3185    10.3193   3.727180   3.728560     2.1403    -0.0620      65.18 4.9500e-02 0.0000e+00    82.1138    5.12228    33.8544    33.8677    26.0036    1490.01    1487.48 0.0000e+00
        744     28.000    10.2861    10.2860   3.727458   3.728791     2.1346    -0.0621      76.28 4.9479e-02 0.0000e+00    82.1075    5.11998    33.8870    33.9006    26.0346    1489.95    1487.57 0.0000e+00
        768     29.000    10.2828    10.2821   3.728951   3.730320     2.1301    -0.0700      62.42 4.9491e-02 0.0000e+00    82.0889    5.11524    33.9048    33.9193    26.0490    1489.98    1487.65 0.0000e+00
        792     30.000    10.2531    10.2538   3.727119   3.728525     2.1265    -0.0830      69.15 4.9455e-02 0.0000e+00    82.1151    5.11001    33.9136    33.9271    26.0609    1489.90    1487.73 0.0000e+00
        817     31.000    10.2169    10.2167   3.725690   3.727077     2.1226    -0.0643      49.56 4.9462e-02 0.0000e+00    82.1224    5.10095    33.9325    33.9467    26.0819    1489.81    1487.79 0.0000e+00
        841     32.000    10.1818    10.1820   3.725407   3.726795     2.1189    -0.0606      34.01 4.9478e-02 0.0000e+00    82.1206    5.09351    33.9621    33.9760    26.1110    1489.74    1487.85 0.0000e+00
        866     33.000    10.1506    10.1500   3.724907   3.726258     2.1147    -0.0635      39.73 4.9491e-02 0.0000e+00    82.1144    5.07490    33.9858    34.0001    26.1348    1489.67    1487.91 0.0000e+00
        890     34.000    10.0900    10.0911   3.723014   3.724354     2.1096    -0.0754      76.30 4.9489e-02 0.0000e+00    82.0908    5.06435    34.0230    34.0356    26.1742    1489.52    1487.96 0.0000e+00
        915     35.000    10.0547    10.0539   3.721721   3.723064     2.1050    -0.0777      85.33 4.9467e-02 0.0000e+00    82.0807    5.05378    34.0426    34.0571    26.1955    1489.43    1488.00 0.0000e+00
        939     36.000    10.0168    10.0185   3.720085   3.721445     2.1002    -0.0648      32.84 4.9479e-02 0.0000e+00    82.0816    5.04737    34.0612    34.0735    26.2165    1489.33    1488.04 0.0000e+00
        964     37.000     9.9350     9.9365   3.717028   3.718380     2.0960    -0.0622      61.43 4.9526e-02 0.0000e+00    82.1019    5.03887    34.1068    34.1192    26.2659    1489.11    1488.06 0.0000e+00
        988     38.000     9.9091     9.9084   3.716208   3.717556     2.0908    -0.0690      55.03 4.9479e-02 0.0000e+00    82.0758    5.02110    34.1225    34.1369    26.2825    1489.05    1488.09 0.0000e+00
       1012     39.000     9.8844     9.8837   3.715126   3.716465     2.0861    -0.0688      81.78 4.9484e-02 0.0000e+00    82.0760    5.01985    34.1343    34.1487    26.2959    1488.99    1488.11 0.0000e+00
       1036     40.000     9.8641     9.8630   3.714091   3.715434     2.0826    -0.0736      36.54 4.9480e-02 0.0000e+00    82.1117    5.01588    34.1425    34.1573    26.3057    1488.95    1488.13 0.0000e+00
       1060     41.000     9.8013     9.8035   3.710678   3.711986     2.0793    -0.0660      53.63 4.9468e-02 0.0000e+00    82.1081    5.01367    34.1666    34.1779    26.3350    1488.77    1488.15 0.0000e+00
       1084     42.000     9.7575     9.7573   3.708297   3.709639     2.0759    -0.0702      98.39 4.9485e-02 0.0000e+00    82.1178    5.00609    34.1833    34.1973    26.3554    1488.64    1488.16 0.0000e+00
       1108     43.000     9.7348     9.7339   3.707040   3.708388     2.0722    -0.0711      82.37 4.9468e-02 0.0000e+00    82.1202    4.99129    34.1915    34.2062    26.3656    1488.59    1488.17 0.0000e+00
       1132     44.000     9.7255     9.7255   3.706569   3.707919     2.0676    -0.0719      97.82 4.9480e-02 0.0000e+00    82.1080    4.97164    34.1951    34.2089    26.3699    1488.58    1488.18 0.0000e+00
       1157     45.000     9.6956     9.6955   3.705092   3.706423     2.0625    -0.0662      88.54 4.9456e-02 0.0000e+00    82.0805    4.95589    34.2079    34.2216    26.3849    1488.50    1488.19 0.0000e+00
       1181     46.000     9.6661     9.6670   3.703792   3.705136     2.0573    -0.0567      35.86 4.9486e-02 0.0000e+00    82.0926    4.94323    34.2221    34.2351    26.4010    1488.43    1488.19 0.0000e+00
       1205     47.000     9.5966     9.5973   3.700477   3.701757     2.0522    -0.0750      79.07 4.9485e-02 0.0000e+00    82.0916    4.93418    34.2538    34.2663    26.4372    1488.23    1488.19 0.0000e+00
       1229     48.000     9.5598     9.5590   3.699050   3.700358     2.0471    -0.0778      50.09 4.9472e-02 0.0000e+00    82.1170    4.92318    34.2738    34.2880    26.4589    1488.14    1488.19 0.0000e+00
       1253     49.000     9.5483     9.5458   3.698644   3.699877     2.0422    -0.0749      66.41 4.9474e-02 0.0000e+00    82.1124    4.91578    34.2801    34.2952    26.4658    1488.12    1488.19 0.0000e+00
       1278     50.000     9.4903     9.4916   3.695464   3.696729     2.0384    -0.0693      72.41 4.9483e-02 0.0000e+00    82.1491    4.91929    34.3023    34.3141    26.4927    1487.95    1488.19 0.0000e+00
       1302     51.000     9.4339     9.4339   3.692408   3.693637     2.0354    -0.0735      90.51 4.9474e-02 0.0000e+00    82.1812    4.92148    34.3242    34.3370    26.5191    1487.79    1488.18 0.0000e+00
       1327     52.000     9.4011     9.4003   3.690255   3.691563     2.0326    -0.0685      56.83 4.9474e-02 0.0000e+00    82.1904    4.91799    34.3329    34.3473    26.5313    1487.70    1488.17 0.0000e+00
       1351     53.000     9.3767     9.3764   3.688817   3.690091     2.0300    -0.0683      19.69 4.9489e-02 0.0000e+00    82.2209    4.90510    34.3410    34.3545    26.5416    1487.63    1488.16 0.0000e+00
       1375     54.000     9.3171     9.3197   3.685742   3.687054     2.0258    -0.0652      85.78 4.9485e-02 0.0000e+00    82.2114    4.88508    34.3659    34.3770    26.5708    1487.46    1488.15 0.0000e+00
       1400     55.000     9.2499     9.2532   3.682009   3.683397     2.0203    -0.0678      93.41 4.9491e-02 0.0000e+00    82.2009    4.85745    34.3914    34.4026    26.6016    1487.27    1488.13 0.0000e+00
       1424     56.000     9.2080     9.2081   3.679882   3.681178     2.0131    -0.0697      45.29 4.9474e-02 0.0000e+00    82.2044    4.83234    34.4091    34.4225    26.6224    1487.15    1488.11 0.0000e+00
       1448     57.000     9.1751     9.1752   3.678166   3.679417     2.0059    -0.0699      96.05 4.9485e-02 0.0000e+00    82.2045    4.80882    34.4226    34.4355    26.6382    1487.06    1488.09 0.0000e+00
       1472     58.000     9.1348     9.1360   3.676113   3.677401     1.9980    -0.0722      38.62 4.9497e-02 0.0000e+00    82.1927    4.78220    34.4396    34.4519    26.6580    1486.95    1488.07 0.0000e+00
       1496     59.000     9.0747     9.0755   3.673142   3.674355     1.9897    -0.0745      93.37 4.9491e-02 0.0000e+00    82.2200    4.76187    34.4663    34.4782    26.6886    1486.78    1488.05 0.0000e+00
       1520     60.000     9.0039     9.0046   3.669491   3.670729     1.9817    -0.0681      44.09 4.9478e-02 0.0000e+00    82.1811    4.74162    34.4963    34.5086    26.7234    1486.57    1488.03 0.0000e+00
       1544     61.000     8.9765     8.9755   3.668154   3.669404     1.9733    -0.0654      72.39 4.9475e-02 0.0000e+00    82.2013    4.71739    34.5084    34.5225    26.7373    1486.50    1488.00 0.0000e+00
       1568     62.000     8.9425     8.9418   3.666448   3.667686     1.9653    -0.0673      57.27 4.9491e-02 0.0000e+00    82.2173    4.69235    34.5231    34.5367    26.7542    1486.41    1487.98 0.0000e+00
       1592     63.000     8.9392     8.9375   3.666351   3.667593     1.9561    -0.0704      52.31 4.9484e-02 0.0000e+00    82.2190    4.65627    34.5248    34.5395    26.7561    1486.42    1487.95 0.0000e+00
       1616     64.000     8.9079     8.9065   3.665014   3.666202     1.9468    -0.0672      67.51 4.9485e-02 0.0000e+00    82.1914    4.63259    34.5407    34.5546    26.7735    1486.34    1487.93 0.0000e+00
       1641     65.000     8.8676     8.8680   3.663197   3.664464     1.9379    -0.0717      84.91 4.9483e-02 0.0000e+00    82.2183    4.61232    34.5604    34.5734    26.7953    1486.23    1487.90 0.0000e+00
       1665     66.000     8.8486     8.8477   3.662273   3.663504     1.9295    -0.0744      93.87 4.9480e-02 0.0000e+00    82.2089    4.59259    34.5688    34.5826    26.8049    1486.19    1487.88 0.0000e+00
       1690     67.000     8.8257     8.8257   3.661405   3.662674     1.9219    -0.0706      96.90 4.9474e-02 0.0000e+00    82.2160    4.58136    34.5815    34.5949    26.8185    1486.14    1487.85 0.0000e+00
       1714     68.000     8.8017     8.8013   3.660355   3.661609     1.9153    -0.0788      78.44 4.9489e-02 0.0000e+00    82.2224    4.56193    34.5934    34.6070    26.8316    1486.08    1487.82 0.0000e+00
       1738     69.000     8.7874     8.7864   3.659636   3.660892     1.9082    -0.0741      50.21 4.9480e-02 0.0000e+00    82.2300    4.54701    34.5993    34.6135    26.8385    1486.05    1487.80 0.0000e+00
       1763     70.000     8.7660     8.7671   3.658703   3.660016     1.9023    -0.0717      17.95 4.9495e-02 0.0000e+00    82.2393    4.53760    34.6099    34.6227    26.8502    1486.00    1487.77 0.0000e+00
       1788     71.000     8.7380     8.7377   3.657487   3.658732     1.8967    -0.0718      52.45 4.9473e-02 0.0000e+00    82.2311    4.51847    34.6240    34.6374    26.8656    1485.93    1487.75 0.0000e+00
       1812     72.000     8.7219     8.7211   3.656793   3.658038     1.8902    -0.0689      46.63 4.9472e-02 0.0000e+00    82.2361    4.49461    34.6320    34.6459    26.8744    1485.90    1487.72 0.0000e+00
       1836     73.000     8.7073     8.7068   3.656143   3.657417     1.8839    -0.0650      95.20 4.9497e-02 0.0000e+00    82.2338    4.47673    34.6389    34.6529    26.8822    1485.87    1487.69 0.0000e+00
       1861     74.000     8.6957     8.6947   3.655655   3.656908     1.8774    -0.0682      24.86 4.9485e-02 0.0000e+00    82.2451    4.45973    34.6447    34.6589    26.8885    1485.85    1487.67 0.0000e+00
       1885     75.000     8.6912     8.6896   3.655475   3.656706     1.8716    -0.0761      78.42 4.9491e-02 0.0000e+00    82.2515    4.44300    34.6467    34.6613    26.8908    1485.85    1487.65 0.0000e+00
       1909     76.000     8.6891     8.6878   3.655423   3.656670     1.8657    -0.0655      88.88 4.9509e-02 0.0000e+00    82.2360    4.42182    34.6477    34.6622    26.8919    1485.86    1487.62 0.0000e+00
       1933     77.000     8.6828     8.6819   3.655234   3.656485     1.8593    -0.0668      67.36 4.9468e-02 0.0000e+00    82.2325    4.40424    34.6514    34.6655    26.8958    1485.86    1487.60 0.0000e+00
       1956     78.000     8.6715     8.6713   3.654804   3.656074     1.8537    -0.0744      96.59 4.9468e-02 0.0000e+00    82.2280    4.39032    34.6575    34.6711    26.9023    1485.84    1487.58 0.0000e+00
       1980     79.000     8.6586     8.6570   3.654223   3.655443     1.8483    -0.0727      63.62 4.9502e-02 0.0000e+00    82.2219    4.38310    34.6635    34.6780    26.9091    1485.81    1487.55 0.0000e+00
       2004     80.000     8.6430     8.6435   3.653582   3.654857     1.8439    -0.0659      91.44 4.9503e-02 0.0000e+00    82.2257    4.37778    34.6716    34.6846    26.9178    1485.78    1487.53 0.0000e+00
       2028     81.000     8.6257     8.6242   3.652935   3.654164     1.8400    -0.0702      52.35 4.9486e-02 0.0000e+00    82.2321    4.36568    34.6812    34.6957    26.9281    1485.75    1487.51 0.0000e+00
       2052     82.000     8.6222     8.6210   3.652852   3.654100     1.8355    -0.0660      60.32 4.9485e-02 0.0000e+00    82.2280    4.34501    34.6833    34.6977    26.9303    1485.75    1487.49 0.0000e+00
       2077     83.000     8.6202     8.6186   3.652867   3.654107     1.8300    -0.0639      77.92 4.9479e-02 0.0000e+00    82.2350    4.32000    34.6850    34.6996    26.9319    1485.76    1487.47 0.0000e+00
       2101     84.000     8.6103     8.6091   3.652514   3.653751     1.8243    -0.0664      77.87 4.9483e-02 0.0000e+00    82.2315    4.30568    34.6905    34.7047    26.9377    1485.75    1487.45 0.0000e+00
       2126     85.000     8.5928     8.5919   3.651828   3.653061     1.8191    -0.0683      89.50 4.9505e-02 0.0000e+00    82.2434    4.29905    34.6999    34.7138    26.9479    1485.71    1487.43 0.0000e+00
