_data/ctd/2022603/sta0227.cnv
* Sea-Bird SBE 9 Data File:
* FileName = C:\Seabird\CTDData\sta0227.hex
* Software Version Seasave V 7.21f
* Temperature SN = 6264
* Conductivity SN = 4928
* Number of Bytes Per Scan = 40
* Number of Voltage Words = 5
* Number of Scans Averaged by the Deck Unit = 1
* NMEA Latitude = 61 00.68 N
* NMEA Longitude = 004 51.08 E
* NMEA UTC (Time) = Feb 18 2022 07:25:03
* NMEA baud rate = 4800
** Ship: R/V "Kristine Bonnevie"
** Station: 0227
** Echodepth: 431
** Log: 1245.957
** Wind-Dir/Force: 14 13
** Air-temp (dry): 3.2
** Weather Sky:
** Sea:
** S02
# nquan = 19                                
# nvalues = 427                         
# units = specified
# name 0 = scan: Scan Count
# name 1 = prDM: Pressure, Digiquartz [db]
# name 2 = t068C: Temperature [ITS-68, deg C]
# name 3 = t168C: Temperature, 2 [ITS-68, deg C]
# name 4 = c0S/m: Conductivity [S/m]
# name 5 = c1S/m: Conductivity, 2 [S/m]
# name 6 = sbeox0V: Oxygen raw, SBE 43 [V]
# name 7 = flECO-AFL: Fluorescence, WET Labs ECO-AFL/FL [mg/m^3]
# name 8 = altM: Altimeter [m]
# name 9 = par: PAR/Irradiance, Biospherical/Licor
# name 10 = spar: SPAR/Surface Irradiance
# name 11 = CStarTr0: Beam Transmission, WET Labs C-Star [%]
# name 12 = sbeox0ML/L: Oxygen, SBE 43 [ml/l], WS = 2
# name 13 = sal00: Salinity, Practical [PSU]
# name 14 = sal11: Salinity, Practical, 2 [PSU]
# name 15 = sigma-t00: Density [sigma-t, Kg/m^3 ]
# name 16 = svCM: Sound Velocity [Chen-Millero, m/s]
# name 17 = avgsvCM: Average Sound Velocity [Chen-Millero, m/s], minP = 1, minS = 5
# name 18 = flag: flag
# span 0 =        542,      10487       
# span 1 =      2.000,    428.000       
# span 2 =     5.9066,     8.2867       
# span 3 =     5.9038,     8.2847       
# span 4 =   3.088200,   3.660081       
# span 5 =   3.088835,   3.661568       
# span 6 =     2.1624,     2.4543       
# span 7 =    -0.1025,     0.6958       
# span 8 =       5.62,      99.52       
# span 9 = 4.9448e-02, 5.2817e+00       
# span 10 = 9.9933e+00, 1.9987e+01      
# span 11 =    79.7644,    81.0284      
# span 12 =    5.75102,    6.89294      
# span 13 =    31.1748,    34.9836      
# span 14 =    31.1846,    35.0009      
# span 15 =    24.5412,    27.2266      
# span 16 =    1469.60,    1490.35      
# span 17 =    1469.61,    1485.56      
# span 18 = 0.0000e+00, 0.0000e+00      
# interval = decibars: 1                
# start_time = Feb 18 2022 07:25:05 [System UTC, header]
# bad_flag = -9.990e-29
*END*
[from data line 153]
       4260    155.000     8.1979     8.1956   3.636447   3.637837     2.2503    -0.0665      98.75 4.9470e-02 1.3991e+01    80.9182    5.85549    34.8929    34.9100    27.1601    1485.63    1481.00 0.0000e+00
       4285    156.000     8.1994     8.1980   3.636733   3.638261     2.2499    -0.0735      96.40 4.9488e-02 1.3991e+01    80.9249    5.85726    34.8940    34.9117    27.1608    1485.65    1481.03 0.0000e+00
       4307    157.000     8.1988     8.1974   3.636678   3.638236     2.2497    -0.0720      97.02 4.9460e-02 1.3991e+01    80.9414    5.85626    34.8935    34.9115    27.1605    1485.66    1481.06 0.0000e+00
       4326    158.000     8.2019     8.2001   3.637209   3.638699     2.2493    -0.0915      98.82 4.9478e-02 1.3991e+01    80.9342    5.85633    34.8956    34.9133    27.1617    1485.69    1481.09 0.0000e+00
       4344    159.000     8.2049     8.2032   3.637632   3.639101     2.2494    -0.0948      98.80 4.9470e-02 1.3991e+01    80.9438    5.85601    34.8967    34.9140    27.1620    1485.72    1481.12 0.0000e+00
       4363    160.000     8.2063     8.2043   3.637846   3.639313     2.2487    -0.0716      90.36 4.9477e-02 1.3991e+01    80.9546    5.85372    34.8971    34.9147    27.1621    1485.75    1481.15 0.0000e+00
       4387    161.000     8.2081     8.2073   3.638131   3.639776     2.2487    -0.0653      98.51 4.9470e-02 1.3991e+01    80.9242    5.86018    34.8978    34.9162    27.1625    1485.77    1481.18 0.0000e+00
       4415    162.000     8.2078     8.2061   3.638114   3.639564     2.2490    -0.0713      98.80 4.9475e-02 1.3991e+01    80.9288    5.86171    34.8975    34.9147    27.1622    1485.79    1481.20 0.0000e+00
       4441    163.000     8.2092     8.2073   3.638322   3.639781     2.2489    -0.0675      91.58 4.9497e-02 1.3991e+01    80.9447    5.85718    34.8978    34.9153    27.1623    1485.81    1481.23 0.0000e+00
       4465    164.000     8.2115     8.2097   3.638911   3.640363     2.2484    -0.0688      98.96 4.9469e-02 1.3991e+01    80.9541    5.85413    34.9014    34.9186    27.1647    1485.84    1481.26 0.0000e+00
       4488    165.000     8.2178     8.2156   3.640049   3.641516     2.2481    -0.0649      98.80 4.9480e-02 1.3991e+01    80.9612    5.85156    34.9068    34.9246    27.1680    1485.88    1481.29 0.0000e+00
       4510    166.000     8.2193     8.2189   3.640255   3.641912     2.2473    -0.0710      91.86 4.9477e-02 1.3991e+01    80.9452    5.85093    34.9070    34.9251    27.1679    1485.91    1481.32 0.0000e+00
       4531    167.000     8.2173     8.2160   3.640027   3.641604     2.2472    -0.0692      98.38 4.9487e-02 1.3991e+01    80.9541    5.84919    34.9061    34.9242    27.1675    1485.91    1481.34 0.0000e+00
       4551    168.000     8.2196     8.2192   3.640433   3.642115     2.2463    -0.0675      98.78 4.9466e-02 1.3991e+01    80.9592    5.84260    34.9076    34.9260    27.1684    1485.94    1481.37 0.0000e+00
       4573    169.000     8.2235     8.2218   3.641008   3.642476     2.2454    -0.0707      98.58 4.9472e-02 1.3991e+01    80.9534    5.84257    34.9094    34.9268    27.1692    1485.97    1481.40 0.0000e+00
       4595    170.000     8.2244     8.2231   3.641185   3.642740     2.2450    -0.0714      98.62 4.9502e-02 1.3991e+01    80.9771    5.84584    34.9099    34.9278    27.1695    1485.99    1481.42 0.0000e+00
       4617    171.000     8.2262     8.2246   3.641465   3.642970     2.2445    -0.0861      98.81 4.9469e-02 1.3991e+01    80.9746    5.84380    34.9106    34.9283    27.1698    1486.02    1481.45 0.0000e+00
       4640    172.000     8.2282     8.2264   3.641808   3.643260     2.2442    -0.0802      98.80 4.9483e-02 1.3991e+01    80.9673    5.84324    34.9118    34.9291    27.1704    1486.04    1481.48 0.0000e+00
       4663    173.000     8.2285     8.2264   3.641907   3.643329     2.2436    -0.0691      98.81 4.9475e-02 1.3991e+01    80.9769    5.84016    34.9121    34.9294    27.1706    1486.06    1481.50 0.0000e+00
       4686    174.000     8.2318     8.2303   3.642492   3.644008     2.2433    -0.0736      98.81 4.9480e-02 1.3991e+01    80.9800    5.84398    34.9146    34.9323    27.1720    1486.09    1481.53 0.0000e+00
       4710    175.000     8.2358     8.2340   3.643184   3.644665     2.2429    -0.0612      97.96 4.9472e-02 1.3991e+01    80.9756    5.84358    34.9175    34.9351    27.1737    1486.13    1481.56 0.0000e+00
       4735    176.000     8.2372     8.2355   3.643455   3.644932     2.2429    -0.0667      95.07 4.9472e-02 1.3991e+01    80.9763    5.83834    34.9186    34.9360    27.1743    1486.15    1481.58 0.0000e+00
       4759    177.000     8.2354     8.2333   3.643316   3.644732     2.2418    -0.0597      98.81 4.9456e-02 1.3991e+01    80.9847    5.83412    34.9184    34.9356    27.1744    1486.16    1481.61 0.0000e+00
       4783    178.000     8.2345     8.2330   3.643301   3.644764     2.2410    -0.0644      98.80 4.9457e-02 1.3991e+01    81.0068    5.83201    34.9186    34.9357    27.1748    1486.17    1481.63 0.0000e+00
       4805    179.000     8.2347     8.2329   3.643389   3.644857     2.2405    -0.0650      98.80 4.9472e-02 1.3991e+01    80.9932    5.83218    34.9189    34.9363    27.1749    1486.19    1481.66 0.0000e+00
       4826    180.000     8.2369     8.2345   3.643739   3.645164     2.2397    -0.0633      98.80 4.9467e-02 1.3991e+01    80.9926    5.83230    34.9200    34.9376    27.1754    1486.22    1481.69 0.0000e+00
       4846    181.000     8.2407     8.2386   3.644367   3.645812     2.2395    -0.0646      98.80 4.9486e-02 1.3991e+01    80.9901    5.83352    34.9224    34.9399    27.1768    1486.25    1481.71 0.0000e+00
       4868    182.000     8.2406     8.2388   3.644533   3.646016     2.2392    -0.0679      95.34 4.9483e-02 1.3991e+01    80.9736    5.83408    34.9238    34.9414    27.1779    1486.27    1481.74 0.0000e+00
       4889    183.000     8.2421     8.2400   3.644934   3.646397     2.2391    -0.0679      98.74 4.9498e-02 1.3991e+01    80.9681    5.82946    34.9261    34.9438    27.1795    1486.29    1481.76 0.0000e+00
       4911    184.000     8.2522     8.2503   3.646494   3.648020     2.2381    -0.0900      98.33 4.9493e-02 1.3991e+01    80.9459    5.82690    34.9322    34.9504    27.1827    1486.36    1481.78 0.0000e+00
       4934    185.000     8.2549     8.2535   3.646929   3.648426     2.2380    -0.0888      98.16 4.9462e-02 1.3991e+01    80.9776    5.83327    34.9337    34.9511    27.1835    1486.39    1481.81 0.0000e+00
       4961    186.000     8.2573     8.2552   3.647315   3.648753     2.2380    -0.0673      98.20 4.9480e-02 1.3991e+01    80.9830    5.82770    34.9350    34.9524    27.1841    1486.41    1481.83 0.0000e+00
       4988    187.000     8.2583     8.2565   3.647542   3.648997     2.2372    -0.0677      98.35 4.9503e-02 1.3991e+01    80.9958    5.82379    34.9359    34.9532    27.1847    1486.43    1481.86 0.0000e+00
       5013    188.000     8.2592     8.2574   3.647794   3.649278     2.2364    -0.0653      98.35 4.9478e-02 1.3991e+01    81.0039    5.82166    34.9372    34.9548    27.1856    1486.46    1481.88 0.0000e+00
       5037    189.000     8.2629     8.2613   3.648324   3.649827     2.2358    -0.0651      98.80 4.9481e-02 1.3991e+01    81.0084    5.81809    34.9387    34.9563    27.1862    1486.49    1481.91 0.0000e+00
       5060    190.000     8.2640     8.2621   3.648519   3.649997     2.2350    -0.0645      98.80 4.9492e-02 1.3991e+01    81.0284    5.81790    34.9392    34.9569    27.1864    1486.51    1481.93 0.0000e+00
       5080    191.000     8.2660     8.2640   3.648847   3.650306     2.2346    -0.0665      98.80 4.9466e-02 1.3991e+01    80.9685    5.81703    34.9403    34.9578    27.1869    1486.53    1481.96 0.0000e+00
       5098    192.000     8.2687     8.2665   3.649243   3.650692     2.2340    -0.0724      98.75 4.9480e-02 1.3991e+01    80.9717    5.81133    34.9413    34.9590    27.1873    1486.56    1481.98 0.0000e+00
       5115    193.000     8.2689     8.2670   3.649322   3.650808     2.2330    -0.0698      98.53 4.9456e-02 1.3991e+01    80.9912    5.80934    34.9415    34.9592    27.1874    1486.58    1482.00 0.0000e+00
       5133    194.000     8.2701     8.2683   3.649553   3.651033     2.2326    -0.0617      98.49 4.9480e-02 1.3991e+01    80.9956    5.81226    34.9423    34.9598    27.1879    1486.60    1482.03 0.0000e+00
       5159    195.000     8.2703     8.2682   3.649654   3.651060     2.2318    -0.0616      98.67 4.9461e-02 1.3991e+01    80.9930    5.80708    34.9427    34.9597    27.1882    1486.62    1482.05 0.0000e+00
       5195    196.000     8.2711     8.2693   3.649846   3.651313     2.2307    -0.0682      98.73 4.9471e-02 1.3991e+01    80.9999    5.80902    34.9434    34.9609    27.1886    1486.64    1482.07 0.0000e+00
       5223    197.000     8.2722     8.2703   3.650074   3.651536     2.2303    -0.0906      98.81 4.9481e-02 1.3991e+01    80.8698    5.80972    34.9443    34.9618    27.1892    1486.66    1482.10 0.0000e+00
       5244    198.000     8.2723     8.2707   3.650217   3.651716     2.2301    -0.0743      98.80 4.9485e-02 1.3991e+01    80.9828    5.81036    34.9452    34.9628    27.1899    1486.68    1482.12 0.0000e+00
       5261    199.000     8.2735     8.2720   3.650421   3.651955     2.2298    -0.0677      98.80 4.9478e-02 1.3991e+01    80.9822    5.80467    34.9457    34.9636    27.1901    1486.70    1482.14 0.0000e+00
       5280    200.000     8.2766     8.2748   3.650891   3.652406     2.2291    -0.0702      98.80 4.9490e-02 1.3991e+01    80.9707    5.80277    34.9472    34.9651    27.1908    1486.73    1482.17 0.0000e+00
       5301    201.000     8.2764     8.2751   3.651053   3.652562     2.2285    -0.0975      98.80 4.9480e-02 1.3991e+01    80.9638    5.80286    34.9486    34.9660    27.1919    1486.75    1482.19 0.0000e+00
       5326    202.000     8.2749     8.2730   3.651009   3.652455     2.2281    -0.0817      98.80 4.9466e-02 -9.990e-29    80.9695    5.80387    34.9492    34.9665    27.1926    1486.76    1482.21 0.0000e+00
       5354    203.000     8.2762     8.2738   3.651234   3.652596     2.2275    -0.0933      98.81 4.9486e-02 -9.990e-29    80.9705    5.80031    34.9498    34.9667    27.1929    1486.78    1482.23 0.0000e+00
       5380    204.000     8.2779     8.2756   3.651480   3.652905     2.2267    -0.0716      98.80 4.9449e-02 -9.990e-29    80.9723    5.79927    34.9503    34.9677    27.1930    1486.80    1482.26 0.0000e+00
       5402    205.000     8.2804     8.2780   3.651843   3.653250     2.2264    -0.0886      98.80 4.9478e-02 -9.990e-29    80.9881    5.80003    34.9512    34.9686    27.1933    1486.83    1482.28 0.0000e+00
       5423    206.000     8.2807     8.2789   3.651920   3.653365     2.2259    -0.0914      98.80 4.9483e-02 -9.990e-29    81.0009    5.79719    34.9512    34.9684    27.1933    1486.85    1482.30 0.0000e+00
       5445    207.000     8.2820     8.2805   3.652103   3.653613     2.2253    -0.0871      98.80 4.9477e-02 -9.990e-29    80.9792    5.79672    34.9514    34.9690    27.1932    1486.87    1482.32 0.0000e+00
       5469    208.000     8.2867     8.2847   3.652792   3.654255     2.2250    -0.0673      98.80 4.9484e-02 -9.990e-29    80.9875    5.79459    34.9536    34.9712    27.1942    1486.91    1482.34 0.0000e+00
       5494    209.000     8.2860     8.2842   3.652800   3.654285     2.2242    -0.0783      98.80 4.9475e-02 1.4342e+01    80.9638    5.79680    34.9539    34.9715    27.1946    1486.92    1482.37 0.0000e+00
       5514    210.000     8.2851     8.2833   3.652815   3.654292     2.2243    -0.0966      98.81 4.9461e-02 1.4093e+01    80.9824    5.79696    34.9545    34.9720    27.1952    1486.94    1482.39 0.0000e+00
       5533    211.000     8.2844     8.2827   3.652832   3.654318     2.2240    -0.0698      98.80 4.9483e-02 1.4337e+01    80.9706    5.79325    34.9549    34.9724    27.1956    1486.95    1482.41 0.0000e+00
       5553    212.000     8.2839     8.2824   3.652877   3.654361     2.2233    -0.0695      98.81 4.9476e-02 1.4314e+01    80.9773    5.79422    34.9554    34.9727    27.1960    1486.96    1482.43 0.0000e+00
       5581    213.000     8.2843     8.2826   3.653400   3.654864     2.2229    -0.0642      98.81 4.9485e-02 1.4666e+01    80.9765    5.79413    34.9600    34.9773    27.1997    1486.99    1482.45 0.0000e+00
       5614    214.000     8.2816     8.2802   3.653746   3.655228     2.2229    -0.0702      98.81 4.9452e-02 1.5134e+01    80.9815    5.79904    34.9659    34.9831    27.2047    1487.00    1482.47 0.0000e+00
       5641    215.000     8.2795     8.2778   3.653834   3.655309     2.2226    -0.0668      98.81 4.9511e-02 1.5246e+01    80.9797    5.79382    34.9685    34.9859    27.2070    1487.01    1482.49 0.0000e+00
       5660    216.000     8.2793     8.2775   3.653889   3.655357     2.2222    -0.0882      98.80 4.9476e-02 1.4669e+01    80.9504    5.78948    34.9688    34.9862    27.2073    1487.03    1482.52 0.0000e+00
       5677    217.000     8.2780     8.2764   3.653908   3.655380     2.2215    -0.1025      98.80 4.9480e-02 1.4298e+01    80.9215    5.78601    34.9698    34.9871    27.2083    1487.04    1482.54 0.0000e+00
       5695    218.000     8.2758     8.2745   3.653885   3.655372     2.2207    -0.0920      98.80 4.9501e-02 1.4738e+01    80.9165    5.78044    34.9713    34.9884    27.2098    1487.05    1482.56 0.0000e+00
       5721    219.000     8.2731     8.2715   3.653835   3.655309     2.2194    -0.0687      98.80 4.9462e-02 -9.990e-29    80.9166    5.78353    34.9729    34.9902    27.2115    1487.06    1482.58 0.0000e+00
       5753    220.000     8.2708     8.2691   3.653806   3.655272     2.2186    -0.0899      98.80 4.9472e-02 -9.990e-29    80.9108    5.78071    34.9744    34.9918    27.2130    1487.07    1482.60 0.0000e+00
       5777    221.000     8.2699     8.2681   3.653829   3.655309     2.2177    -0.0912      98.80 4.9461e-02 -9.990e-29    80.9172    5.78136    34.9751    34.9927    27.2137    1487.09    1482.62 0.0000e+00
       5794    222.000     8.2696     8.2680   3.653887   3.655378     2.2176    -0.0878      98.81 4.9458e-02 -9.990e-29    80.8853    5.77804    34.9755    34.9930    27.2141    1487.10    1482.64 0.0000e+00
       5809    223.000     8.2694     8.2677   3.653918   3.655424     2.2165 -9.990e-29      98.80 4.9479e-02 -9.990e-29    80.8734    5.77440    34.9756    34.9933    27.2141    1487.12    1482.66 0.0000e+00
       5824    224.000     8.2691     8.2675   3.653944   3.655430     2.2162 -9.990e-29      98.80 4.9469e-02 -9.990e-29    80.8820    5.77554    34.9757    34.9931    27.2143    1487.13    1482.68 0.0000e+00
       5853    225.000     8.2691     8.2674   3.653985   3.655467     2.2152 -9.990e-29      98.80 4.9475e-02 -9.990e-29    80.8411    5.77647    34.9756    34.9931    27.2142    1487.15    1482.70 0.0000e+00
       5893    226.000     8.2691     8.2675   3.654056   3.655532     2.2144    -0.0690      98.81 4.9481e-02 -9.990e-29    80.8886    5.77370    34.9759    34.9932    27.2144    1487.17    1482.72 0.0000e+00
       5917    227.000     8.2696     8.2677   3.654160   3.655621     2.2140    -0.0743      98.80 4.9460e-02 -9.990e-29    80.9052    5.77449    34.9760    34.9935    27.2145    1487.18    1482.74 0.0000e+00
       5933    228.000     8.2703     8.2685   3.654266   3.655757     2.2135    -0.0931      98.80 4.9456e-02 -9.990e-29    80.8753    5.77287    34.9760    34.9937    27.2143    1487.20    1482.76 0.0000e+00
       5949    229.000     8.2708     8.2690   3.654375   3.655854     2.2133    -0.0914      98.81 4.9456e-02 -9.990e-29    80.8618    5.77404    34.9762    34.9937    27.2144    1487.22    1482.78 0.0000e+00
