_data/ctd/2022603/sta0171.cnv
* Sea-Bird SBE 9 Data File:
* FileName = C:\Seabird\CTDData\sta0171.hex
* Software Version Seasave V 7.21f
* Temperature SN = 6264
* Conductivity SN = 4928
* Number of Bytes Per Scan = 40
* Number of Voltage Words = 5
* Number of Scans Averaged by the Deck Unit = 1
* NMEA Latitude = 60 50.97 N
* NMEA Longitude = 005 20.89 E
* NMEA UTC (Time) = Feb 12 2022 23:39:52
* NMEA baud rate = 4800
** Ship: R/V "Kristine Bonnevie"
** Station: 0171
** Echodepth: 419.45
** Log: 0513.467
** Wind-Dir/Force: 20 16
** Air-temp (dry): 6.8
** Weather Sky:
** Sea:
# nquan = 19                                
# nvalues = 412                         
# units = specified
# name 0 = scan: Scan Count
# name 1 = prDM: Pressure, Digiquartz [db]
# name 2 = t068C: Temperature [ITS-68, deg C]
# name 3 = t168C: Temperature, 2 [ITS-68, deg C]
# name 4 = c0S/m: Conductivity [S/m]
# name 5 = c1S/m: Conductivity, 2 [S/m]
# name 6 = sbeox0V: Oxygen raw, SBE 43 [V]
# name 7 = flECO-AFL: Fluorescence, WET Labs ECO-AFL/FL [mg/m^3]
# name 8 = altM: Altimeter [m]
# name 9 = par: PAR/Irradiance, Biospherical/Licor
# name 10 = spar: SPAR/Surface Irradiance
# name 11 = CStarTr0: Beam Transmission, WET Labs C-Star [%]
# name 12 = sbeox0ML/L: Oxygen, SBE 43 [ml/l], WS = 2
# name 13 = sal00: Salinity, Practical [PSU]
# name 14 = sal11: Salinity, Practical, 2 [PSU]
# name 15 = sigma-t00: Density [sigma-t, Kg/m^3 ]
# name 16 = svCM: Sound Velocity [Chen-Millero, m/s]
# name 17 = avgsvCM: Average Sound Velocity [Chen-Millero, m/s], minP = 1, minS = 5
# name 18 = flag: flag
# span 0 =         -7,       8861       
# span 1 =      2.000,    413.000       
# span 2 =     2.5316,     9.2897       
# span 3 =     2.5364,     9.2916       
# span 4 =   1.165557,   3.670670       
# span 5 =   1.160208,   3.672039       
# span 6 =     1.6256,     2.5796       
# span 7 =    -0.0745,     0.3027       
# span 8 =      13.47,      99.89       
# span 9 = 4.9439e-02, 6.2389e-01       
# span 10 = 0.0000e+00, 0.0000e+00      
# span 11 =    42.6385,    82.8799      
# span 12 =    3.84804,    8.64384      
# span 13 =    11.9359,    34.9690      
# span 14 =    11.8750,    34.9846      
# span 15 =     9.5241,    27.1993      
# span 16 =    1430.46,    1490.48      
# span 17 =    1430.46,    1486.80      
# span 18 = 0.0000e+00, 0.0000e+00      
# interval = decibars: 1                
# start_time = Feb 12 2022 23:39:54 [System UTC, header]
# bad_flag = -9.990e-29
*END*
[from data line 153]
       3328    155.000     8.3252     8.3235   3.652144   3.653458     1.6592    -0.0661      42.27 4.9499e-02 0.0000e+00    82.0188    3.86220    34.9339    34.9496    27.1729    1486.16    1484.29 0.0000e+00
       3349    156.000     8.3253     8.3237   3.652209   3.653519     1.6583    -0.0701      74.58 4.9485e-02 0.0000e+00    82.0141    3.85556    34.9341    34.9496    27.1730    1486.17    1484.31 0.0000e+00
       3370    157.000     8.3253     8.3237   3.652273   3.653599     1.6567    -0.0695      74.83 4.9488e-02 0.0000e+00    81.9974    3.85626    34.9343    34.9500    27.1731    1486.19    1484.32 0.0000e+00
       3390    158.000     8.3253     8.3237   3.652359   3.653661     1.6565    -0.0588      97.88 4.9534e-02 0.0000e+00    82.0257    3.85847    34.9347    34.9501    27.1735    1486.21    1484.33 0.0000e+00
       3411    159.000     8.3252     8.3235   3.652429   3.653756     1.6555 -9.990e-29      74.00 4.9509e-02 0.0000e+00    81.9863    3.85563    34.9351    34.9509    27.1738    1486.22    1484.34 0.0000e+00
       3433    160.000     8.3250     8.3233   3.652513   3.653825     1.6552 -9.990e-29      98.81 4.9508e-02 0.0000e+00    82.0026    3.85643    34.9357    34.9513    27.1743    1486.24    1484.35 0.0000e+00
       3454    161.000     8.3246     8.3230   3.652572   3.653893     1.6544 -9.990e-29      77.44 4.9492e-02 0.0000e+00    82.0155    3.85668    34.9362    34.9519    27.1748    1486.25    1484.37 0.0000e+00
       3475    162.000     8.3246     8.3229   3.652634   3.653947     1.6545 -9.990e-29      98.48 4.9525e-02 0.0000e+00    81.9886    3.85372    34.9364    34.9521    27.1749    1486.27    1484.38 0.0000e+00
       3496    163.000     8.3244     8.3227   3.652673   3.653984     1.6533    -0.0558      39.39 4.9474e-02 0.0000e+00    81.9917    3.84804    34.9365    34.9522    27.1750    1486.29    1484.39 0.0000e+00
       3516    164.000     8.3242     8.3225   3.652723   3.654035     1.6527    -0.0499      99.89 4.9506e-02 0.0000e+00    81.9956    3.85253    34.9368    34.9524    27.1753    1486.30    1484.40 0.0000e+00
       3537    165.000     8.3242     8.3225   3.652772   3.654092     1.6526    -0.0603      88.50 4.9505e-02 0.0000e+00    81.9718    3.85831    34.9368    34.9526    27.1753    1486.32    1484.41 0.0000e+00
       3558    166.000     8.3242     8.3225   3.652826   3.654139     1.6531    -0.0642      99.00 4.9519e-02 0.0000e+00    81.9325    3.86801    34.9369    34.9526    27.1754    1486.34    1484.42 0.0000e+00
       3579    167.000     8.3241     8.3225   3.652880   3.654203     1.6540    -0.0640      91.80 4.9485e-02 0.0000e+00    81.9139    3.87792    34.9371    34.9528    27.1755    1486.35    1484.44 0.0000e+00
       3601    168.000     8.3240     8.3223   3.652945   3.654251     1.6557    -0.0702      98.78 4.9515e-02 0.0000e+00    81.8638    3.89445    34.9374    34.9530    27.1758    1486.37    1484.45 0.0000e+00
       3622    169.000     8.3239     8.3222   3.653002   3.654321     1.6580    -0.0665      98.78 4.9538e-02 0.0000e+00    81.8687    3.90255    34.9376    34.9534    27.1760    1486.39    1484.46 0.0000e+00
       3643    170.000     8.3236     8.3219   3.653060   3.654372     1.6599    -0.0618      73.39 4.9512e-02 0.0000e+00    81.8746    3.90390    34.9381    34.9537    27.1764    1486.40    1484.47 0.0000e+00
       3664    171.000     8.3233     8.3217   3.653103   3.654433     1.6616    -0.0658      76.01 4.9525e-02 0.0000e+00    81.8370    3.91292    34.9383    34.9541    27.1766    1486.42    1484.48 0.0000e+00
       3685    172.000     8.3232     8.3215   3.653166   3.654482     1.6634    -0.0603      98.48 4.9538e-02 0.0000e+00    81.8004    3.91899    34.9386    34.9543    27.1769    1486.43    1484.49 0.0000e+00
       3706    173.000     8.3232     8.3216   3.653228   3.654540     1.6653    -0.0688      56.53 4.9505e-02 0.0000e+00    81.7913    3.92674    34.9388    34.9544    27.1770    1486.45    1484.50 0.0000e+00
       3727    174.000     8.3232     8.3215   3.653276   3.654600     1.6673    -0.0587      69.15 4.9519e-02 0.0000e+00    81.7798    3.92933    34.9388    34.9546    27.1770    1486.47    1484.52 0.0000e+00
       3748    175.000     8.3232     8.3215   3.653332   3.654650     1.6682    -0.0499      67.06 4.9492e-02 0.0000e+00    81.7569    3.92579    34.9390    34.9547    27.1771    1486.48    1484.53 0.0000e+00
       3769    176.000     8.3233     8.3216   3.653387   3.654707     1.6693    -0.0645      69.23 4.9483e-02 0.0000e+00    81.7380    3.93263    34.9390    34.9547    27.1771    1486.50    1484.54 0.0000e+00
       3791    177.000     8.3233     8.3218   3.653454   3.654774     1.6705    -0.0660      70.04 4.9498e-02 0.0000e+00    81.7264    3.93771    34.9392    34.9547    27.1773    1486.52    1484.55 0.0000e+00
       3812    178.000     8.3233     8.3218   3.653520   3.654836     1.6717    -0.0710      51.89 4.9499e-02 0.0000e+00    81.7239    3.93989    34.9394    34.9549    27.1775    1486.53    1484.56 0.0000e+00
       3833    179.000     8.3233     8.3217   3.653569   3.654886     1.6727    -0.0615      69.41 4.9505e-02 0.0000e+00    81.7063    3.93971    34.9395    34.9551    27.1775    1486.55    1484.57 0.0000e+00
       3855    180.000     8.3234     8.3218   3.653630   3.654956     1.6732    -0.0745      70.21 4.9502e-02 0.0000e+00    81.6779    3.94170    34.9395    34.9552    27.1776    1486.57    1484.58 0.0000e+00
       3876    181.000     8.3235     8.3219   3.653705   3.655024     1.6742    -0.0673      51.62 4.9485e-02 0.0000e+00    81.6585    3.94840    34.9398    34.9554    27.1777    1486.58    1484.59 0.0000e+00
       3898    182.000     8.3235     8.3220   3.653773   3.655082     1.6750    -0.0697      98.14 4.9471e-02 0.0000e+00    81.6264    3.94796    34.9400    34.9554    27.1779    1486.60    1484.60 0.0000e+00
       3919    183.000     8.3235     8.3220   3.653826   3.655150     1.6753    -0.0645      70.80 4.9489e-02 0.0000e+00    81.6085    3.94914    34.9401    34.9557    27.1780    1486.62    1484.62 0.0000e+00
       3941    184.000     8.3235     8.3219   3.653892   3.655203     1.6765    -0.0651      98.54 4.9512e-02 0.0000e+00    81.5836    3.95923    34.9403    34.9559    27.1781    1486.63    1484.63 0.0000e+00
       3963    185.000     8.3234     8.3218   3.653941   3.655259     1.6774    -0.0672      64.70 4.9483e-02 0.0000e+00    81.5552    3.96146    34.9404    34.9561    27.1783    1486.65    1484.64 0.0000e+00
       3984    186.000     8.3233     8.3218   3.653997   3.655318     1.6784    -0.0661      23.60 4.9479e-02 0.0000e+00    81.5438    3.96520    34.9407    34.9562    27.1785    1486.67    1484.65 0.0000e+00
       4006    187.000     8.3232     8.3215   3.654044   3.655363     1.6793    -0.0598      99.68 4.9528e-02 0.0000e+00    81.5451    3.96344    34.9408    34.9565    27.1786    1486.68    1484.66 0.0000e+00
       4027    188.000     8.3231     8.3214   3.654104   3.655426     1.6796    -0.0660      44.54 4.9499e-02 0.0000e+00    81.5190    3.96172    34.9410    34.9568    27.1788    1486.70    1484.67 0.0000e+00
       4048    189.000     8.3232     8.3215   3.654164   3.655486     1.6798    -0.0700      98.18 4.9508e-02 0.0000e+00    81.5215    3.96078    34.9411    34.9569    27.1788    1486.72    1484.68 0.0000e+00
       4070    190.000     8.3232     8.3216   3.654239   3.655560     1.6798    -0.0671      57.23 4.9479e-02 0.0000e+00    81.5072    3.95881    34.9414    34.9571    27.1791    1486.73    1484.69 0.0000e+00
       4091    191.000     8.3233     8.3216   3.654296   3.655613     1.6796    -0.0679      63.45 4.9499e-02 0.0000e+00    81.5089    3.95871    34.9414    34.9572    27.1791    1486.75    1484.70 0.0000e+00
       4113    192.000     8.3232     8.3216   3.654348   3.655667     1.6796    -0.0622      70.17 4.9490e-02 0.0000e+00    81.5156    3.96008    34.9416    34.9572    27.1792    1486.77    1484.71 0.0000e+00
       4134    193.000     8.3231     8.3215   3.654398   3.655719     1.6796    -0.0573      69.87 4.9485e-02 0.0000e+00    81.4677    3.96258    34.9418    34.9574    27.1794    1486.78    1484.72 0.0000e+00
       4155    194.000     8.3228     8.3211   3.654487   3.655804     1.6797    -0.0515      74.60 4.9505e-02 0.0000e+00    81.4672    3.96366    34.9425    34.9582    27.1800    1486.80    1484.73 0.0000e+00
       4177    195.000     8.3227     8.3212   3.654535   3.655856     1.6800    -0.0651      53.17 4.9471e-02 0.0000e+00    81.4809    3.96750    34.9427    34.9582    27.1801    1486.81    1484.74 0.0000e+00
       4198    196.000     8.3228     8.3212   3.654596   3.655919     1.6803    -0.0675      98.20 4.9518e-02 0.0000e+00    81.4726    3.96578    34.9427    34.9584    27.1802    1486.83    1484.76 0.0000e+00
       4219    197.000     8.3228     8.3212   3.654659   3.655977     1.6801 -9.990e-29      23.69 4.9498e-02 0.0000e+00    81.4491    3.96472    34.9429    34.9585    27.1803    1486.85    1484.77 0.0000e+00
       4241    198.000     8.3228     8.3212   3.654705   3.656034     1.6804 -9.990e-29      65.70 4.9483e-02 0.0000e+00    81.4425    3.96958    34.9429    34.9587    27.1803    1486.86    1484.78 0.0000e+00
       4262    199.000     8.3228     8.3212   3.654772   3.656088     1.6806 -9.990e-29      38.29 4.9483e-02 0.0000e+00    81.4447    3.96978    34.9432    34.9588    27.1805    1486.88    1484.79 0.0000e+00
       4284    200.000     8.3228     8.3211   3.654836   3.656144     1.6808 -9.990e-29      98.57 4.9518e-02 0.0000e+00    81.4068    3.97030    34.9434    34.9590    27.1807    1486.90    1484.80 0.0000e+00
       4305    201.000     8.3227     8.3210   3.654876   3.656197     1.6808 -9.990e-29      52.41 4.9502e-02 0.0000e+00    81.3996    3.96721    34.9434    34.9592    27.1807    1486.91    1484.81 0.0000e+00
       4327    202.000     8.3226     8.3210   3.654932   3.656249     1.6806 -9.990e-29      98.45 4.9508e-02 0.0000e+00    81.4007    3.96592    34.9436    34.9592    27.1809    1486.93    1484.82 0.0000e+00
       4349    203.000     8.3228     8.3212   3.654998   3.656317     1.6803 -9.990e-29      49.24 4.9492e-02 0.0000e+00    81.3898    3.96813    34.9437    34.9593    27.1809    1486.95    1484.83 0.0000e+00
       4371    204.000     8.3228     8.3213   3.655048   3.656369     1.6806 -9.990e-29      99.14 4.9477e-02 0.0000e+00    81.4016    3.96929    34.9437    34.9593    27.1809    1486.96    1484.84 0.0000e+00
       4393    205.000     8.3229     8.3212   3.655099   3.656422     1.6801    -0.0589      98.78 4.9534e-02 0.0000e+00    81.4015    3.96623    34.9437    34.9594    27.1809    1486.98    1484.85 0.0000e+00
       4415    206.000     8.3229     8.3213   3.655152   3.656480     1.6801    -0.0512      98.72 4.9470e-02 0.0000e+00    81.3813    3.96859    34.9438    34.9595    27.1809    1487.00    1484.86 0.0000e+00
       4436    207.000     8.3230     8.3213   3.655211   3.656525     1.6800    -0.0576      52.86 4.9496e-02 0.0000e+00    81.3974    3.96779    34.9438    34.9595    27.1810    1487.01    1484.87 0.0000e+00
       4458    208.000     8.3229     8.3213   3.655285   3.656601     1.6798    -0.0572      74.80 4.9515e-02 0.0000e+00    81.3812    3.96926    34.9442    34.9598    27.1813    1487.03    1484.88 0.0000e+00
       4480    209.000     8.3229     8.3212   3.655348   3.656664     1.6800    -0.0416      59.08 4.9485e-02 0.0000e+00    81.3510    3.96885    34.9444    34.9601    27.1815    1487.05    1484.89 0.0000e+00
       4502    210.000     8.3230     8.3213   3.655394   3.656719     1.6797    -0.0462      77.42 4.9502e-02 0.0000e+00    81.3911    3.96952    34.9443    34.9601    27.1814    1487.06    1484.90 0.0000e+00
       4523    211.000     8.3230     8.3214   3.655454   3.656771     1.6799 -9.990e-29      59.55 4.9540e-02 0.0000e+00    81.3820    3.97369    34.9445    34.9601    27.1815    1487.08    1484.91 0.0000e+00
       4545    212.000     8.3230     8.3214   3.655508   3.656839     1.6801 -9.990e-29      79.42 4.9506e-02 0.0000e+00    81.3684    3.97279    34.9446    34.9603    27.1816    1487.10    1484.92 0.0000e+00
       4566    213.000     8.3229     8.3213   3.655573   3.656887     1.6800 -9.990e-29      69.87 4.9518e-02 0.0000e+00    81.3697    3.97060    34.9449    34.9605    27.1818    1487.11    1484.93 0.0000e+00
       4588    214.000     8.3230     8.3213   3.655629   3.656953     1.6799 -9.990e-29      74.07 4.9521e-02 0.0000e+00    81.3916    3.97408    34.9449    34.9607    27.1818    1487.13    1484.94 0.0000e+00
       4609    215.000     8.3230     8.3214   3.655683   3.657006     1.6801    -0.0621      40.83 4.9486e-02 0.0000e+00    81.3804    3.97454    34.9450    34.9607    27.1819    1487.15    1484.95 0.0000e+00
       4630    216.000     8.3230     8.3214   3.655744   3.657062     1.6800    -0.0613      78.50 4.9483e-02 0.0000e+00    81.3715    3.96795    34.9452    34.9608    27.1820    1487.16    1484.96 0.0000e+00
       4652    217.000     8.3230     8.3213   3.655796   3.657124     1.6793    -0.0691      63.85 4.9505e-02 0.0000e+00    81.3492    3.97157    34.9452    34.9611    27.1821    1487.18    1484.97 0.0000e+00
       4673    218.000     8.3231     8.3215   3.655847   3.657179     1.6797    -0.0720      33.70 4.9471e-02 0.0000e+00    81.3700    3.97482    34.9452    34.9610    27.1821    1487.20    1484.98 0.0000e+00
       4695    219.000     8.3231     8.3215   3.655904   3.657234     1.6796    -0.0654      96.29 4.9518e-02 0.0000e+00    81.3715    3.97192    34.9453    34.9611    27.1822    1487.21    1484.99 0.0000e+00
       4716    220.000     8.3231     8.3215   3.655965   3.657282     1.6793 -9.990e-29      30.79 4.9471e-02 0.0000e+00    81.3552    3.97526    34.9455    34.9611    27.1823    1487.23    1485.00 0.0000e+00
       4738    221.000     8.3231     8.3215   3.656020   3.657347     1.6797 -9.990e-29      98.55 4.9492e-02 0.0000e+00    81.3588    3.97735    34.9456    34.9613    27.1824    1487.25    1485.01 0.0000e+00
       4759    222.000     8.3231     8.3215   3.656074   3.657404     1.6798 -9.990e-29      39.36 4.9505e-02 0.0000e+00    81.4032    3.97882    34.9457    34.9614    27.1824    1487.26    1485.02 0.0000e+00
       4781    223.000     8.3231     8.3215   3.656136   3.657459     1.6800 -9.990e-29      99.33 4.9502e-02 0.0000e+00    81.3945    3.97670    34.9459    34.9616    27.1826    1487.28    1485.03 0.0000e+00
       4802    224.000     8.3231     8.3215   3.656177   3.657517     1.6797 -9.990e-29      33.44 4.9496e-02 0.0000e+00    81.3988    3.97311    34.9458    34.9617    27.1826    1487.30    1485.04 0.0000e+00
       4824    225.000     8.3232     8.3216   3.656240   3.657564     1.6793 -9.990e-29      76.10 4.9512e-02 0.0000e+00    81.3936    3.97654    34.9459    34.9616    27.1826    1487.31    1485.05 0.0000e+00
       4845    226.000     8.3232     8.3217   3.656299   3.657613     1.6796 -9.990e-29      44.12 4.9490e-02 0.0000e+00    81.3889    3.97815    34.9461    34.9616    27.1827    1487.33    1485.06 0.0000e+00
       4867    227.000     8.3233     8.3218   3.656350   3.657677     1.6797 -9.990e-29      98.20 4.9498e-02 0.0000e+00    81.2356    3.98127    34.9460    34.9617    27.1827    1487.35    1485.07 0.0000e+00
       4888    228.000     8.3233     8.3218   3.656404   3.657727     1.6799 -9.990e-29      40.17 4.9485e-02 0.0000e+00    81.4172    3.98012    34.9461    34.9617    27.1828    1487.36    1485.08 0.0000e+00
       4910    229.000     8.3233     8.3218   3.656455   3.657782     1.6798    -0.0650      99.04 4.9502e-02 0.0000e+00    81.4182    3.97914    34.9462    34.9618    27.1828    1487.38    1485.09 0.0000e+00
