_data/ctd/2022603/sta0181.cnv
* Sea-Bird SBE 9 Data File:
* FileName = C:\Seabird\CTDData\sta0181.hex
* Software Version Seasave V 7.21f
* Temperature SN = 6264
* Conductivity SN = 4928
* Number of Bytes Per Scan = 40
* Number of Voltage Words = 5
* Number of Scans Averaged by the Deck Unit = 1
* NMEA Latitude = 61 01.87 N
* NMEA Longitude = 005 00.84 E
* NMEA UTC (Time) = Feb 13 2022 18:56:09
* NMEA baud rate = 4800
** Ship: R/V "Kristine Bonnevie"
** Station: 0181
** Echodepth: 254
** Log: 0618.943
** Wind-Dir/Force: 17 12
** Air-temp (dry): 6.7
** Weather Sky:
** Sea:
# nquan = 19                                
# nvalues = 246                         
# units = specified
# name 0 = scan: Scan Count
# name 1 = prDM: Pressure, Digiquartz [db]
# name 2 = t068C: Temperature [ITS-68, deg C]
# name 3 = t168C: Temperature, 2 [ITS-68, deg C]
# name 4 = c0S/m: Conductivity [S/m]
# name 5 = c1S/m: Conductivity, 2 [S/m]
# name 6 = sbeox0V: Oxygen raw, SBE 43 [V]
# name 7 = flECO-AFL: Fluorescence, WET Labs ECO-AFL/FL [mg/m^3]
# name 8 = altM: Altimeter [m]
# name 9 = par: PAR/Irradiance, Biospherical/Licor
# name 10 = spar: SPAR/Surface Irradiance
# name 11 = CStarTr0: Beam Transmission, WET Labs C-Star [%]
# name 12 = sbeox0ML/L: Oxygen, SBE 43 [ml/l], WS = 2
# name 13 = sal00: Salinity, Practical [PSU]
# name 14 = sal11: Salinity, Practical, 2 [PSU]
# name 15 = sigma-t00: Density [sigma-t, Kg/m^3 ]
# name 16 = svCM: Sound Velocity [Chen-Millero, m/s]
# name 17 = avgsvCM: Average Sound Velocity [Chen-Millero, m/s], minP = 1, minS = 5
# name 18 = flag: flag
# span 0 =        111,       5387       
# span 1 =      4.000,    249.000       
# span 2 =     6.0660,     8.5347       
# span 3 =     6.0686,     8.5331       
# span 4 =   3.080116,   3.660374       
# span 5 =   3.083027,   3.661613       
# span 6 =     2.1879,     2.4947       
# span 7 =    -0.0877,     0.4800       
# span 8 =       6.32,      99.48       
# span 9 = 4.8964e-02, 3.7755e-01       
# span 10 = 0.0000e+00, 0.0000e+00      
# span 11 =    45.7506,    80.6668      
# span 12 =    5.63554,    7.05746      
# span 13 =    30.9388,    34.9663      
# span 14 =    30.9687,    34.9807      
# span 15 =    24.3373,    27.1968      
# span 16 =    1469.94,    1487.78      
# span 17 =    1469.94,    1483.76      
# span 18 = 0.0000e+00, 0.0000e+00      
# interval = decibars: 1                
# start_time = Feb 13 2022 18:56:12 [System UTC, header]
# bad_flag = -9.990e-29
*END*
[from data line 153]
       3405    157.000     8.3421     8.3408   3.652373   3.653571     2.1927    -0.0558      85.34 4.9499e-02 0.0000e+00    79.4112    5.64409    34.9187    34.9327    27.1583    1486.23    1481.86 0.0000e+00
       3427    158.000     8.3421     8.3407   3.652464   3.653663     2.1921    -0.0613      21.57 4.9502e-02 0.0000e+00    79.3869    5.64181    34.9191    34.9333    27.1587    1486.25    1481.88 0.0000e+00
       3449    159.000     8.3422     8.3407   3.652528   3.653740     2.1917    -0.0865      78.69 4.9523e-02 0.0000e+00    79.3589    5.64256    34.9192    34.9336    27.1587    1486.27    1481.91 0.0000e+00
       3469    160.000     8.3423     8.3409   3.652586   3.653808     2.1912    -0.0615      60.46 4.9485e-02 0.0000e+00    79.3655    5.63799    34.9193    34.9337    27.1588    1486.28    1481.94 0.0000e+00
       3489    161.000     8.3424     8.3409   3.652681   3.653899     2.1904    -0.0558      24.13 4.9495e-02 0.0000e+00    79.2823    5.63554    34.9197    34.9342    27.1591    1486.30    1481.96 0.0000e+00
       3510    162.000     8.3423     8.3408   3.652809   3.654024     2.1896    -0.0674      68.90 4.9499e-02 0.0000e+00    79.2992    5.63555    34.9207    34.9351    27.1599    1486.32    1481.99 0.0000e+00
       3531    163.000     8.3414     8.3400   3.653273   3.654434     2.1893    -0.0834      66.72 4.9512e-02 0.0000e+00    79.3569    5.63800    34.9260    34.9398    27.1642    1486.34    1482.02 0.0000e+00
       3552    164.000     8.3409     8.3393   3.653594   3.654827     2.1889    -0.0559      98.18 4.9499e-02 0.0000e+00    79.3658    5.63875    34.9295    34.9442    27.1670    1486.36    1482.04 0.0000e+00
       3572    165.000     8.3398     8.3384   3.654027   3.655220     2.1888    -0.0558      98.80 4.9495e-02 0.0000e+00    79.3186    5.63823    34.9347    34.9488    27.1712    1486.38    1482.07 0.0000e+00
       3593    166.000     8.3396     8.3380   3.654176   3.655401     2.1883    -0.0704      75.99 4.9515e-02 0.0000e+00    79.2898    5.63787    34.9360    34.9506    27.1723    1486.39    1482.10 0.0000e+00
       3615    167.000     8.3395     8.3379   3.654285   3.655502     2.1883 -9.990e-29      26.76 4.9502e-02 0.0000e+00    79.2651    5.63959    34.9368    34.9513    27.1729    1486.41    1482.12 0.0000e+00
       3638    168.000     8.3394     8.3379   3.654390   3.655611     2.1880 -9.990e-29      99.48 4.9509e-02 0.0000e+00    79.2107    5.63976    34.9375    34.9520    27.1735    1486.43    1482.15 0.0000e+00
       3660    169.000     8.3393     8.3377   3.654529   3.655775     2.1879 -9.990e-29      41.63 4.9512e-02 0.0000e+00    79.2008    5.64325    34.9386    34.9535    27.1744    1486.44    1482.17 0.0000e+00
       3682    170.000     8.3388     8.3374   3.654770   3.655959     2.1882 -9.990e-29      66.51 4.9496e-02 0.0000e+00    79.1615    5.64555    34.9412    34.9552    27.1765    1486.46    1482.20 0.0000e+00
       3704    171.000     8.3376     8.3361   3.655215   3.656461     2.1882 -9.990e-29      54.10 4.9505e-02 0.0000e+00    79.1177    5.64944    34.9466    34.9614    27.1810    1486.48    1482.22 0.0000e+00
       3725    172.000     8.3367     8.3352   3.655549   3.656768     2.1892 -9.990e-29      97.94 4.9525e-02 0.0000e+00    79.1451    5.65476    34.9506    34.9651    27.1842    1486.50    1482.25 0.0000e+00
       3746    173.000     8.3365     8.3349   3.655653   3.656870     2.1893 -9.990e-29      62.57 4.9486e-02 0.0000e+00    79.1005    5.65510    34.9514    34.9660    27.1849    1486.52    1482.27 0.0000e+00
       3767    174.000     8.3366     8.3351   3.655702   3.656930     2.1900 -9.990e-29      60.80 4.9492e-02 0.0000e+00    79.0660    5.66186    34.9514    34.9659    27.1848    1486.53    1482.30 0.0000e+00
       3789    175.000     8.3365     8.3350   3.655801   3.657017     2.1907 -9.990e-29      68.99 4.9483e-02 0.0000e+00    79.0776    5.66569    34.9521    34.9665    27.1854    1486.55    1482.32 0.0000e+00
       3810    176.000     8.3364     8.3349   3.655875   3.657095     2.1919    -0.0563      65.62 4.9502e-02 0.0000e+00    79.0812    5.67414    34.9525    34.9669    27.1857    1486.57    1482.35 0.0000e+00
       3832    177.000     8.3363     8.3348   3.655955   3.657170     2.1930    -0.0788      65.02 4.9485e-02 0.0000e+00    79.0824    5.67252    34.9529    34.9674    27.1861    1486.58    1482.37 0.0000e+00
       3854    178.000     8.3363     8.3348   3.656055   3.657264     2.1933    -0.0710      61.62 4.9496e-02 0.0000e+00    79.0982    5.67288    34.9535    34.9679    27.1865    1486.60    1482.39 0.0000e+00
       3876    179.000     8.3358     8.3343   3.656172   3.657389     2.1941    -0.0571      67.69 4.9489e-02 0.0000e+00    79.0565    5.67781    34.9548    34.9692    27.1876    1486.62    1482.42 0.0000e+00
       3897    180.000     8.3357     8.3343   3.656246   3.657454     2.1945    -0.0587      66.76 4.9465e-02 0.0000e+00    79.1030    5.67715    34.9552    34.9694    27.1880    1486.63    1482.44 0.0000e+00
       3918    181.000     8.3346     8.3333   3.656471   3.657673     2.1951    -0.0867      74.92 4.9492e-02 0.0000e+00    79.0579    5.68070    34.9582    34.9723    27.1905    1486.65    1482.46 0.0000e+00
       3939    182.000     8.3345     8.3329   3.656542   3.657767     2.1954    -0.0605      66.43 4.9498e-02 0.0000e+00    79.1029    5.67742    34.9586    34.9732    27.1908    1486.66    1482.49 0.0000e+00
       3960    183.000     8.3345     8.3329   3.656611   3.657832     2.1954    -0.0559      85.58 4.9486e-02 0.0000e+00    79.0870    5.67926    34.9588    34.9734    27.1910    1486.68    1482.51 0.0000e+00
       3981    184.000     8.3341     8.3326   3.656733   3.657936     2.1957    -0.0673      72.63 4.9498e-02 0.0000e+00    79.1277    5.68548    34.9600    34.9743    27.1920    1486.70    1482.53 0.0000e+00
       4003    185.000     8.3339     8.3324   3.656821   3.658054     2.1966    -0.0852      87.90 4.9477e-02 0.0000e+00    79.1091    5.69454    34.9607    34.9753    27.1925    1486.71    1482.55 0.0000e+00
       4025    186.000     8.3342     8.3326   3.656891   3.658116     2.1978 -9.990e-29      74.10 4.9509e-02 0.0000e+00    79.1165    5.69636    34.9607    34.9753    27.1925    1486.73    1482.58 0.0000e+00
       4047    187.000     8.3345     8.3331   3.656936   3.658154     2.1980 -9.990e-29      86.71 4.9481e-02 0.0000e+00    79.0943    5.69499    34.9604    34.9747    27.1922    1486.75    1482.60 0.0000e+00
       4070    188.000     8.3346     8.3331   3.657001   3.658217     2.1990 -9.990e-29      81.42 4.9487e-02 0.0000e+00    79.1334    5.69861    34.9605    34.9749    27.1923    1486.77    1482.62 0.0000e+00
       4092    189.000     8.3342     8.3327   3.657097   3.658317     2.1990 -9.990e-29      84.36 4.9496e-02 0.0000e+00    79.1467    5.69718    34.9614    34.9759    27.1931    1486.78    1482.64 0.0000e+00
       4114    190.000     8.3341     8.3324   3.657156   3.658364     2.1997 -9.990e-29      19.16 4.9472e-02 0.0000e+00    79.1479    5.70310    34.9617    34.9762    27.1933    1486.80    1482.66 0.0000e+00
       4135    191.000     8.3345     8.3329   3.657206   3.658427     2.2000 -9.990e-29      77.11 4.9492e-02 0.0000e+00    79.1766    5.69925    34.9613    34.9759    27.1929    1486.82    1482.69 0.0000e+00
       4156    192.000     8.3346     8.3329   3.657259   3.658482     2.2000 -9.990e-29      63.55 4.9505e-02 0.0000e+00    79.1720    5.69794    34.9613    34.9760    27.1929    1486.83    1482.71 0.0000e+00
       4177    193.000     8.3341     8.3325   3.657346   3.658558     2.2000 -9.990e-29      24.78 4.9465e-02 0.0000e+00    79.1966    5.69937    34.9622    34.9767    27.1937    1486.85    1482.73 0.0000e+00
       4198    194.000     8.3330     8.3316   3.657425   3.658645     2.1999    -0.0570      66.54 4.9490e-02 0.0000e+00    79.2121    5.69636    34.9637    34.9781    27.1950    1486.86    1482.75 0.0000e+00
       4220    195.000     8.3331     8.3317   3.657480   3.658698     2.1993    -0.0558      74.74 4.9492e-02 0.0000e+00    79.1800    5.69613    34.9637    34.9781    27.1950    1486.88    1482.77 0.0000e+00
       4241    196.000     8.3330     8.3315   3.657537   3.658760     2.1995    -0.0645      68.68 4.9485e-02 0.0000e+00    79.2317    5.70051    34.9639    34.9784    27.1952    1486.90    1482.79 0.0000e+00
       4263    197.000     8.3331     8.3316   3.657579   3.658797     2.1995    -0.0840      70.82 4.9470e-02 0.0000e+00    79.2441    5.70427    34.9638    34.9783    27.1951    1486.91    1482.81 0.0000e+00
       4285    198.000     8.3332     8.3318   3.657637   3.658850     2.2000    -0.0580      74.32 4.9512e-02 0.0000e+00    79.3166    5.70906    34.9638    34.9781    27.1951    1486.93    1482.83 0.0000e+00
       4308    199.000     8.3333     8.3318   3.657690   3.658912     2.2003    -0.0558      65.58 4.9491e-02 0.0000e+00    79.3948    5.70935    34.9638    34.9783    27.1951    1486.95    1482.85 0.0000e+00
       4331    200.000     8.3334     8.3319   3.657757   3.658970     2.2009    -0.0558      35.80 4.9496e-02 0.0000e+00    79.3763    5.71173    34.9639    34.9784    27.1952    1486.96    1482.87 0.0000e+00
       4353    201.000     8.3335     8.3321   3.657804   3.659025     2.2012    -0.0761      80.03 4.9472e-02 0.0000e+00    79.4282    5.71302    34.9639    34.9783    27.1951    1486.98    1482.90 0.0000e+00
       4374    202.000     8.3336     8.3321   3.657864   3.659073     2.2013    -0.0761      53.49 4.9479e-02 0.0000e+00    79.4953    5.71128    34.9639    34.9783    27.1951    1487.00    1482.92 0.0000e+00
       4395    203.000     8.3338     8.3324   3.657916   3.659129     2.2014    -0.0562      28.91 4.9485e-02 0.0000e+00    79.4693    5.71342    34.9638    34.9781    27.1950    1487.01    1482.94 0.0000e+00
       4416    204.000     8.3336     8.3322   3.657964   3.659182     2.2015    -0.0572      79.80 4.9505e-02 0.0000e+00    79.4924    5.71028    34.9640    34.9784    27.1952    1487.03    1482.96 0.0000e+00
       4437    205.000     8.3336     8.3321   3.658020   3.659250     2.2011    -0.0843      87.69 4.9471e-02 0.0000e+00    79.4973    5.71145    34.9642    34.9787    27.1953    1487.05    1482.98 0.0000e+00
       4460    206.000     8.3338     8.3322   3.658076   3.659300     2.2014    -0.0863      53.66 4.9493e-02 0.0000e+00    79.4865    5.71380    34.9641    34.9787    27.1952    1487.06    1483.00 0.0000e+00
       4483    207.000     8.3338     8.3323   3.658132   3.659348     2.2011    -0.0695      44.09 4.9477e-02 0.0000e+00    79.4789    5.70969    34.9642    34.9786    27.1953    1487.08    1483.01 0.0000e+00
       4505    208.000     8.3340     8.3325   3.658182   3.659407     2.2009    -0.0573      46.99 4.9509e-02 0.0000e+00    79.5279    5.71444    34.9640    34.9786    27.1952    1487.10    1483.03 0.0000e+00
       4526    209.000     8.3341     8.3327   3.658236   3.659461     2.2013 -9.990e-29      67.06 4.9485e-02 0.0000e+00    79.5587    5.71963    34.9640    34.9785    27.1951    1487.11    1483.05 0.0000e+00
       4547    210.000     8.3343     8.3329   3.658304   3.659522     2.2014 -9.990e-29      57.24 4.9485e-02 0.0000e+00    79.5688    5.71313    34.9641    34.9784    27.1951    1487.13    1483.07 0.0000e+00
       4569    211.000     8.3343     8.3328   3.658355   3.659582     2.2008 -9.990e-29      75.63 4.9509e-02 0.0000e+00    79.5128    5.70811    34.9641    34.9787    27.1952    1487.15    1483.09 0.0000e+00
       4591    212.000     8.3342     8.3327   3.658411   3.659633     2.2002    -0.0810      43.17 4.9487e-02 0.0000e+00    79.5697    5.71128    34.9644    34.9789    27.1954    1487.16    1483.11 0.0000e+00
       4614    213.000     8.3342     8.3326   3.658470   3.659695     2.2004    -0.0863      67.29 4.9490e-02 0.0000e+00    79.5579    5.71447    34.9645    34.9791    27.1955    1487.18    1483.13 0.0000e+00
       4636    214.000     8.3343     8.3327   3.658527   3.659754     2.2000    -0.0752      49.23 4.9509e-02 0.0000e+00    79.5726    5.70911    34.9645    34.9792    27.1955    1487.20    1483.15 0.0000e+00
       4657    215.000     8.3344     8.3328   3.658576   3.659805     2.1996    -0.0560      40.42 4.9486e-02 0.0000e+00    79.6224    5.70883    34.9645    34.9792    27.1954    1487.21    1483.17 0.0000e+00
       4678    216.000     8.3343     8.3327   3.658620   3.659842     2.1992    -0.0558      39.62 4.9492e-02 0.0000e+00    79.5722    5.70939    34.9646    34.9792    27.1955    1487.23    1483.19 0.0000e+00
       4700    217.000     8.3339     8.3321   3.658671   3.659893     2.1989    -0.0558      54.98 4.9509e-02 0.0000e+00    79.5869    5.71065    34.9650    34.9798    27.1960    1487.25    1483.21 0.0000e+00
       4722    218.000     8.3341     8.3326   3.658734   3.659952     2.1988    -0.0798      36.48 4.9508e-02 0.0000e+00    79.6252    5.71436    34.9650    34.9795    27.1959    1487.26    1483.22 0.0000e+00
       4743    219.000     8.3347     8.3332   3.658790   3.660007     2.1988    -0.0697      36.57 4.9502e-02 0.0000e+00    79.6115    5.71269    34.9645    34.9790    27.1954    1487.28    1483.24 0.0000e+00
       4765    220.000     8.3340     8.3325   3.658842   3.660059     2.1986    -0.0675      35.96 4.9492e-02 0.0000e+00    79.6245    5.71036    34.9653    34.9798    27.1962    1487.30    1483.26 0.0000e+00
       4786    221.000     8.3338     8.3324   3.658901   3.660125     2.1983    -0.0848      34.63 4.9479e-02 0.0000e+00    79.6022    5.71159    34.9657    34.9801    27.1965    1487.31    1483.28 0.0000e+00
       4808    222.000     8.3337     8.3322   3.658945   3.660170     2.1981    -0.0555      33.54 4.9477e-02 0.0000e+00    79.6125    5.71230    34.9657    34.9803    27.1965    1487.33    1483.30 0.0000e+00
       4830    223.000     8.3339     8.3323   3.659001   3.660219     2.1980    -0.0838      32.59 4.9477e-02 0.0000e+00    79.6455    5.71282    34.9657    34.9802    27.1965    1487.35    1483.32 0.0000e+00
       4852    224.000     8.3341     8.3326   3.659060   3.660280     2.1979    -0.0863      31.30 4.9451e-02 0.0000e+00    79.6812    5.71452    34.9656    34.9801    27.1964    1487.36    1483.33 0.0000e+00
       4874    225.000     8.3342     8.3326   3.659105   3.660329     2.1978    -0.0709      30.23 4.9484e-02 0.0000e+00    79.6819    5.71687    34.9655    34.9801    27.1963    1487.38    1483.35 0.0000e+00
       4896    226.000     8.3342     8.3327   3.659162   3.660386     2.1981    -0.0557      29.50 4.9483e-02 0.0000e+00    79.7019    5.72002    34.9656    34.9802    27.1964    1487.40    1483.37 0.0000e+00
       4917    227.000     8.3343     8.3328   3.659223   3.660442     2.1982    -0.0558      28.37 4.9472e-02 0.0000e+00    79.6677    5.71660    34.9657    34.9802    27.1964    1487.41    1483.39 0.0000e+00
       4939    228.000     8.3345     8.3328   3.659278   3.660499     2.1980    -0.0558      27.34 4.9471e-02 0.0000e+00    79.6594    5.71628    34.9656    34.9803    27.1963    1487.43    1483.41 0.0000e+00
       4960    229.000     8.3345     8.3330   3.659332   3.660556     2.1978    -0.0558      26.34 4.9498e-02 0.0000e+00    79.6718    5.71719    34.9657    34.9802    27.1964    1487.45    1483.42 0.0000e+00
       4981    230.000     8.3348     8.3333   3.659392   3.660621     2.1978    -0.0558      25.27 4.9483e-02 0.0000e+00    79.6904    5.71820    34.9656    34.9802    27.1962    1487.46    1483.44 0.0000e+00
       5003    231.000     8.3353     8.3338   3.659465   3.660679     2.1977    -0.0700      24.28 4.9524e-02 0.0000e+00    79.6816    5.71880    34.9654    34.9798    27.1960    1487.48    1483.46 0.0000e+00
