_data/ctd/2022603/sta0179.cnv
* Sea-Bird SBE 9 Data File:
* FileName = C:\Seabird\CTDData\sta0179.hex
* Software Version Seasave V 7.21f
* Temperature SN = 6264
* Conductivity SN = 4928
* Number of Bytes Per Scan = 40
* Number of Voltage Words = 5
* Number of Scans Averaged by the Deck Unit = 1
* NMEA Latitude = 60 55.96 N
* NMEA Longitude = 004 39.88 E
* NMEA UTC (Time) = Feb 13 2022 06:04:17
* NMEA baud rate = 4800
** Ship: R/V "Kristine Bonnevie"
** Station: 0179
** Echodepth: 529
** Log: 0542.999
** Wind-Dir/Force: 20 25
** Air-temp (dry): 7.3
** Weather Sky:
** Sea:
** S01
# nquan = 19                                
# nvalues = 521                         
# units = specified
# name 0 = scan: Scan Count
# name 1 = prDM: Pressure, Digiquartz [db]
# name 2 = t068C: Temperature [ITS-68, deg C]
# name 3 = t168C: Temperature, 2 [ITS-68, deg C]
# name 4 = c0S/m: Conductivity [S/m]
# name 5 = c1S/m: Conductivity, 2 [S/m]
# name 6 = sbeox0V: Oxygen raw, SBE 43 [V]
# name 7 = flECO-AFL: Fluorescence, WET Labs ECO-AFL/FL [mg/m^3]
# name 8 = altM: Altimeter [m]
# name 9 = par: PAR/Irradiance, Biospherical/Licor
# name 10 = spar: SPAR/Surface Irradiance
# name 11 = CStarTr0: Beam Transmission, WET Labs C-Star [%]
# name 12 = sbeox0ML/L: Oxygen, SBE 43 [ml/l], WS = 2
# name 13 = sal00: Salinity, Practical [PSU]
# name 14 = sal11: Salinity, Practical, 2 [PSU]
# name 15 = sigma-t00: Density [sigma-t, Kg/m^3 ]
# name 16 = svCM: Sound Velocity [Chen-Millero, m/s]
# name 17 = avgsvCM: Average Sound Velocity [Chen-Millero, m/s], minP = 1, minS = 5
# name 18 = flag: flag
# span 0 =        -52,      11971       
# span 1 =      3.000,    523.000       
# span 2 =     6.6407,     8.2411       
# span 3 =     6.6410,     8.2392       
# span 4 =   3.272433,   3.656478       
# span 5 =   3.273285,   3.657851       
# span 6 =     2.1242,     2.5449       
# span 7 =    -0.1092,     0.3105       
# span 8 =     -28.80,     101.36       
# span 9 = 4.9438e-02, 5.5009e-01       
# span 10 = 0.0000e+00, 0.0000e+00      
# span 11 =    80.2109,    81.8604      
# span 12 =    5.69739,    7.00094      
# span 13 =    32.4550,    35.0064      
# span 14 =    32.4665,    35.0224      
# span 15 =    25.4514,    27.2597      
# span 16 =    1474.43,    1491.55      
# span 17 =    1474.43,    1486.07      
# span 18 = 0.0000e+00, 0.0000e+00      
# interval = decibars: 1                
# start_time = Feb 13 2022 06:04:20 [System UTC, header]
# bad_flag = -9.990e-29
*END*
[from data line 153]
       4009    156.000     8.2169     8.2152   3.633533   3.634904     2.2650    -0.0696      87.17 4.9463e-02 0.0000e+00    81.8459    5.89992    34.8424    34.8587    27.1176    1485.65    1480.08 0.0000e+00
       4025    157.000     8.2178     8.2158   3.633958   3.635330     2.2647    -0.0749      96.67 4.9476e-02 0.0000e+00    81.8200    5.89923    34.8456    34.8622    27.1200    1485.68    1480.12 0.0000e+00
       4040    158.000     8.2171     8.2156   3.634119   3.635485     2.2639    -0.0709      48.39 4.9499e-02 0.0000e+00    81.8174    5.89486    34.8475    34.8636    27.1216    1485.69    1480.16 0.0000e+00
       4052    159.000     8.2139     8.2124   3.633905   3.635266     2.2633    -0.0613      93.08 4.9497e-02 0.0000e+00    81.8086    5.89119    34.8479    34.8639    27.1224    1485.70    1480.19 0.0000e+00
       4064    160.000     8.2079     8.2072   3.633902   3.635259     2.2626    -0.0666      98.82 4.9477e-02 0.0000e+00    81.7954    5.88906    34.8534    34.8685    27.1276    1485.70    1480.22 0.0000e+00
       4076    161.000     8.2047     8.2031   3.634045   3.635383     2.2616    -0.0640      74.69 4.9479e-02 0.0000e+00    81.7594    5.88542    34.8576    34.8735    27.1314    1485.71    1480.26 0.0000e+00
       4094    162.000     8.2066     8.2046   3.634981   3.636369     2.2604    -0.0635      85.04 4.9485e-02 0.0000e+00    81.7183    5.88163    34.8652    34.8820    27.1371    1485.74    1480.29 0.0000e+00
       4139    163.000     8.2084     8.2068   3.635382   3.636796     2.2588    -0.0655      92.19 4.9494e-02 0.0000e+00    81.7337    5.88995    34.8672    34.8839    27.1384    1485.77    1480.33 0.0000e+00
       4189    164.000     8.2128     8.2110   3.636253   3.637675     2.2582    -0.0650      54.91 4.9485e-02 0.0000e+00    81.7572    5.89063    34.8717    34.8886    27.1412    1485.80    1480.36 0.0000e+00
       4215    165.000     8.2161     8.2144   3.636798   3.638173     2.2576    -0.0630      88.05 4.9471e-02 0.0000e+00    81.7295    5.88506    34.8737    34.8901    27.1423    1485.84    1480.39 0.0000e+00
       4236    166.000     8.2174     8.2157   3.637019   3.638392     2.2574    -0.0689      35.29 4.9452e-02 0.0000e+00    81.7656    5.88431    34.8743    34.8907    27.1426    1485.86    1480.42 0.0000e+00
       4258    167.000     8.2210     8.2192   3.637644   3.639010     2.2566    -0.0717      86.28 4.9481e-02 0.0000e+00    81.7686    5.88138    34.8769    34.8933    27.1441    1485.89    1480.46 0.0000e+00
       4281    168.000     8.2202     8.2191   3.638297   3.639673     2.2561    -0.0625      48.46 4.9475e-02 0.0000e+00    81.7637    5.88057    34.8842    34.9000    27.1499    1485.91    1480.49 0.0000e+00
       4303    169.000     8.2171     8.2157   3.638185   3.639582     2.2554    -0.0587      97.71 4.9466e-02 0.0000e+00    81.7787    5.87499    34.8856    34.9019    27.1515    1485.92    1480.52 0.0000e+00
       4323    170.000     8.2151     8.2141   3.638060   3.639476     2.2544    -0.0988      98.35 4.9490e-02 0.0000e+00    81.7673    5.87134    34.8858    34.9019    27.1519    1485.93    1480.55 0.0000e+00
       4342    171.000     8.2139     8.2122   3.638076   3.639447     2.2535    -0.0740      33.69 4.9468e-02 0.0000e+00    81.7658    5.87393    34.8867    34.9030    27.1528    1485.94    1480.58 0.0000e+00
       4360    172.000     8.2144     8.2126   3.638456   3.639813     2.2531    -0.0710      80.50 4.9488e-02 0.0000e+00    81.7601    5.87143    34.8898    34.9060    27.1552    1485.96    1480.62 0.0000e+00
       4376    173.000     8.2158     8.2135   3.638929   3.640186     2.2526    -0.0923      81.53 4.9491e-02 0.0000e+00    81.7277    5.86491    34.8929    34.9086    27.1574    1485.99    1480.65 0.0000e+00
       4392    174.000     8.2174     8.2153   3.639264   3.640562     2.2512    -0.0749      29.15 4.9465e-02 0.0000e+00    81.7312    5.86025    34.8944    34.9104    27.1584    1486.01    1480.68 0.0000e+00
       4410    175.000     8.2172     8.2150   3.639527   3.640832     2.2505    -0.0670      97.99 4.9501e-02 0.0000e+00    81.7366    5.86226    34.8970    34.9131    27.1604    1486.03    1480.71 0.0000e+00
       4438    176.000     8.2202     8.2180   3.640127   3.641442     2.2495    -0.0668      64.74 4.9484e-02 0.0000e+00    81.7307    5.86261    34.8999    34.9161    27.1623    1486.07    1480.74 0.0000e+00
       4483    177.000     8.2215     8.2199   3.640370   3.641763     2.2482    -0.0704      75.29 4.9479e-02 0.0000e+00    81.7250    5.85953    34.9007    34.9172    27.1627    1486.09    1480.77 0.0000e+00
       4512    178.000     8.2233     8.2214   3.640668   3.642027     2.2476    -0.0714      89.53 4.9475e-02 0.0000e+00    81.7683    5.86188    34.9016    34.9180    27.1631    1486.11    1480.80 0.0000e+00
       4533    179.000     8.2243     8.2229   3.640850   3.642232     2.2473    -0.0915      35.06 4.9492e-02 0.0000e+00    81.7302    5.86121    34.9021    34.9183    27.1634    1486.13    1480.83 0.0000e+00
       4555    180.000     8.2222     8.2208   3.640715   3.642091     2.2470    -0.0693      86.09 4.9487e-02 0.0000e+00    81.7331    5.85934    34.9023    34.9184    27.1638    1486.14    1480.86 0.0000e+00
       4577    181.000     8.2224     8.2207   3.640795   3.642186     2.2464    -0.0711      34.75 4.9481e-02 0.0000e+00    81.7680    5.85879    34.9025    34.9190    27.1639    1486.16    1480.89 0.0000e+00
       4595    182.000     8.2241     8.2224   3.641104   3.642505     2.2461    -0.0639      99.06 4.9448e-02 0.0000e+00    81.7375    5.85634    34.9036    34.9202    27.1645    1486.18    1480.92 0.0000e+00
       4610    183.000     8.2247     8.2230   3.641405   3.642753     2.2456    -0.0737      41.71 4.9477e-02 0.0000e+00    81.7551    5.85158    34.9057    34.9218    27.1661    1486.20    1480.94 0.0000e+00
       4625    184.000     8.2249     8.2230   3.641584   3.642952     2.2450    -0.0638      63.59 4.9509e-02 0.0000e+00    81.7363    5.85183    34.9069    34.9234    27.1671    1486.22    1480.97 0.0000e+00
       4639    185.000     8.2244     8.2225   3.641625   3.643002     2.2447    -0.0700      99.20 4.9494e-02 0.0000e+00    81.7423    5.85427    34.9074    34.9240    27.1675    1486.24    1481.00 0.0000e+00
       4657    186.000     8.2238     8.2220   3.641671   3.643035     2.2443    -0.0755      49.11 4.9478e-02 0.0000e+00    81.7435    5.85447    34.9080    34.9244    27.1681    1486.25    1481.03 0.0000e+00
       4691    187.000     8.2237     8.2220   3.641720   3.643079     2.2436    -0.0885      75.98 4.9479e-02 0.0000e+00    81.7334    5.85363    34.9081    34.9243    27.1682    1486.27    1481.06 0.0000e+00
       4729    188.000     8.2239     8.2223   3.641822   3.643207     2.2432    -0.0719      76.20 4.9473e-02 0.0000e+00    81.7494    5.85674    34.9086    34.9249    27.1685    1486.29    1481.08 0.0000e+00
       4751    189.000     8.2243     8.2227   3.641968   3.643353     2.2431    -0.0699      38.54 4.9478e-02 0.0000e+00    81.7693    5.85546    34.9092    34.9256    27.1689    1486.31    1481.11 0.0000e+00
       4767    190.000     8.2252     8.2234   3.642126   3.643485     2.2429    -0.0715      80.26 4.9476e-02 0.0000e+00    81.7346    5.85272    34.9095    34.9258    27.1691    1486.33    1481.14 0.0000e+00
       4782    191.000     8.2261     8.2243   3.642326   3.643727     2.2424    -0.0738      98.87 4.9479e-02 0.0000e+00    81.7246    5.85011    34.9103    34.9271    27.1695    1486.35    1481.17 0.0000e+00
       4795    192.000     8.2281     8.2263   3.642817   3.644168     2.2423    -0.0711      33.26 4.9498e-02 0.0000e+00    81.7328    5.85079    34.9131    34.9293    27.1714    1486.37    1481.19 0.0000e+00
       4809    193.000     8.2275     8.2257   3.642887   3.644239     2.2419    -0.0726      78.09 4.9489e-02 0.0000e+00    81.7036    5.85041    34.9139    34.9302    27.1722    1486.39    1481.22 0.0000e+00
       4824    194.000     8.2276     8.2257   3.643147   3.644513     2.2415    -0.0730      98.17 4.9468e-02 0.0000e+00    81.7305    5.84523    34.9161    34.9326    27.1739    1486.41    1481.25 0.0000e+00
       4840    195.000     8.2283     8.2265   3.643682   3.645033     2.2405    -0.0907      44.76 4.9508e-02 0.0000e+00    81.7118    5.84102    34.9207    34.9369    27.1773    1486.43    1481.27 0.0000e+00
       4861    196.000     8.2273     8.2257   3.644153   3.645517     2.2399    -0.0837      97.29 4.9458e-02 0.0000e+00    81.7228    5.84302    34.9262    34.9424    27.1818    1486.45    1481.30 0.0000e+00
       4885    197.000     8.2269     8.2251   3.644323   3.645710     2.2392    -0.0683      66.49 4.9480e-02 0.0000e+00    81.7178    5.84454    34.9279    34.9445    27.1832    1486.47    1481.33 0.0000e+00
       4914    198.000     8.2268     8.2251   3.644456   3.645833     2.2388    -0.0721      81.22 4.9470e-02 0.0000e+00    81.7254    5.84315    34.9290    34.9454    27.1841    1486.49    1481.35 0.0000e+00
       4949    199.000     8.2278     8.2261   3.645117   3.646457     2.2377    -0.0714      92.15 4.9483e-02 0.0000e+00    81.7285    5.83786    34.9346    34.9506    27.1883    1486.51    1481.38 0.0000e+00
       4975    200.000     8.2282     8.2266   3.645611   3.646972     2.2368    -0.0773      59.42 4.9481e-02 0.0000e+00    81.7269    5.83500    34.9390    34.9551    27.1917    1486.54    1481.40 0.0000e+00
       4992    201.000     8.2289     8.2272   3.645812   3.647177     2.2366    -0.0699      99.61 4.9491e-02 0.0000e+00    81.6694    5.83633    34.9399    34.9562    27.1923    1486.56    1481.43 0.0000e+00
       5007    202.000     8.2293     8.2274   3.645901   3.647240     2.2359    -0.0650      73.19 4.9469e-02 0.0000e+00    81.6489    5.82997    34.9400    34.9562    27.1923    1486.58    1481.45 0.0000e+00
       5020    203.000     8.2294     8.2275   3.645929   3.647277     2.2354    -0.0924      65.34 4.9493e-02 0.0000e+00    81.6606    5.82663    34.9397    34.9560    27.1921    1486.59    1481.48 0.0000e+00
       5033    204.000     8.2294     8.2274   3.645962   3.647274     2.2344    -0.0926      99.28 4.9471e-02 0.0000e+00    81.6474    5.82311    34.9396    34.9556    27.1920    1486.61    1481.50 0.0000e+00
       5046    205.000     8.2306     8.2290   3.646206   3.647663     2.2339    -0.0748      90.87 4.9450e-02 0.0000e+00    81.6492    5.82480    34.9405    34.9577    27.1925    1486.63    1481.53 0.0000e+00
       5058    206.000     8.2340     8.2317   3.646751   3.648071     2.2334    -0.0625      49.87 4.9485e-02 0.0000e+00    81.6389    5.82081    34.9425    34.9588    27.1936    1486.66    1481.55 0.0000e+00
       5069    207.000     8.2350     8.2332   3.646924   3.648297     2.2325    -0.0672      89.70 4.9482e-02 0.0000e+00    81.6657    5.81700    34.9428    34.9593    27.1937    1486.68    1481.58 0.0000e+00
       5097    208.000     8.2339     8.2322   3.646890   3.648270     2.2313    -0.0673      93.62 4.9482e-02 0.0000e+00    81.6769    5.81969    34.9431    34.9595    27.1941    1486.70    1481.60 0.0000e+00
       5155    209.000     8.2329     8.2313   3.646919   3.648285     2.2301    -0.0947      89.19 4.9482e-02 0.0000e+00    81.6810    5.82355    34.9439    34.9601    27.1949    1486.71    1481.63 0.0000e+00
       5174    210.000     8.2351     8.2331   3.647441   3.648783     2.2300    -0.0960      19.50 4.9488e-02 0.0000e+00    81.6804    5.82539    34.9468    34.9631    27.1968    1486.74    1481.65 0.0000e+00
       5190    211.000     8.2393     8.2373   3.648045   3.649389     2.2300    -0.0979     100.23 4.9504e-02 0.0000e+00    81.6862    5.82310    34.9486    34.9649    27.1976    1486.77    1481.68 0.0000e+00
       5204    212.000     8.2397     8.2380   3.648177   3.649540     2.2295    -0.0843      78.07 4.9471e-02 0.0000e+00    81.6807    5.81767    34.9491    34.9654    27.1979    1486.79    1481.70 0.0000e+00
       5217    213.000     8.2398     8.2381   3.648281   3.649633     2.2293    -0.0668      21.43 4.9471e-02 0.0000e+00    81.7072    5.81645    34.9497    34.9658    27.1983    1486.81    1481.72 0.0000e+00
       5230    214.000     8.2403     8.2385   3.648444   3.649824     2.2284    -0.0875      67.61 4.9471e-02 0.0000e+00    81.7166    5.81469    34.9504    34.9669    27.1988    1486.83    1481.75 0.0000e+00
       5243    215.000     8.2411     8.2392   3.648647   3.650018     2.2283    -0.0881      71.61 4.9471e-02 0.0000e+00    81.7022    5.81738    34.9513    34.9678    27.1994    1486.85    1481.77 0.0000e+00
       5256    216.000     8.2409     8.2392   3.648754   3.650116     2.2281    -0.0971      72.80 4.9498e-02 0.0000e+00    81.6880    5.81670    34.9522    34.9684    27.2001    1486.87    1481.80 0.0000e+00
       5273    217.000     8.2404     8.2387   3.648777   3.650140     2.2273    -0.0927      97.54 4.9468e-02 0.0000e+00    81.7150    5.81436    34.9524    34.9687    27.2004    1486.88    1481.82 0.0000e+00
       5303    218.000     8.2391     8.2379   3.648667   3.650093     2.2268    -0.0681      84.81 4.9498e-02 0.0000e+00    81.7214    5.81642    34.9521    34.9685    27.2003    1486.89    1481.84 0.0000e+00
       5338    219.000     8.2371     8.2355   3.648521   3.649895     2.2262    -0.0689      83.67 4.9485e-02 0.0000e+00    81.7263    5.81403    34.9520    34.9683    27.2006    1486.90    1481.86 0.0000e+00
       5360    220.000     8.2363     8.2348   3.648535   3.649908     2.2254    -0.0804      36.17 4.9462e-02 0.0000e+00    81.7620    5.80725    34.9525    34.9686    27.2011    1486.91    1481.89 0.0000e+00
       5377    221.000     8.2358     8.2342   3.648542   3.649923     2.2248    -0.1008      99.08 4.9456e-02 0.0000e+00    81.7481    5.80614    34.9526    34.9689    27.2012    1486.93    1481.91 0.0000e+00
       5393    222.000     8.2351     8.2335   3.648604   3.649964     2.2239    -0.0949      53.94 4.9480e-02 0.0000e+00    81.7298    5.80694    34.9535    34.9696    27.2020    1486.94    1481.93 0.0000e+00
       5409    223.000     8.2347     8.2331   3.648676   3.650048     2.2237    -0.0848      78.94 4.9480e-02 0.0000e+00    81.7410    5.81038    34.9541    34.9704    27.2026    1486.96    1481.96 0.0000e+00
       5429    224.000     8.2347     8.2330   3.648732   3.650101     2.2234    -0.0786      76.85 4.9495e-02 0.0000e+00    81.7485    5.81055    34.9543    34.9706    27.2027    1486.98    1481.98 0.0000e+00
       5454    225.000     8.2351     8.2333   3.648863   3.650244     2.2231    -0.0974      77.26 4.9484e-02 0.0000e+00    81.7012    5.81322    34.9548    34.9713    27.2031    1487.00    1482.00 0.0000e+00
       5482    226.000     8.2345     8.2329   3.648935   3.650309     2.2229    -0.0891      69.01 4.9482e-02 0.0000e+00    81.7606    5.81295    34.9557    34.9719    27.2038    1487.01    1482.02 0.0000e+00
       5504    227.000     8.2315     8.2304   3.648902   3.650278     2.2231    -0.0733      62.20 4.9494e-02 0.0000e+00    81.7653    5.82331    34.9578    34.9736    27.2060    1487.02    1482.04 0.0000e+00
       5521    228.000     8.2313     8.2296   3.649311   3.650677     2.2236    -0.0692      99.25 4.9447e-02 0.0000e+00    81.7141    5.81911    34.9619    34.9782    27.2092    1487.04    1482.07 0.0000e+00
       5535    229.000     8.2298     8.2283   3.649330   3.650702     2.2230    -0.0723      28.01 4.9493e-02 0.0000e+00    81.7366    5.80827    34.9631    34.9792    27.2104    1487.05    1482.09 0.0000e+00
       5548    230.000     8.2295     8.2279   3.649410   3.650791     2.2229    -0.0958      76.41 4.9503e-02 0.0000e+00    81.7300    5.80933    34.9638    34.9801    27.2110    1487.07    1482.11 0.0000e+00
