_data/ctd/2022603/sta0171.cnv
* Sea-Bird SBE 9 Data File:
* FileName = C:\Seabird\CTDData\sta0171.hex
* Software Version Seasave V 7.21f
* Temperature SN = 6264
* Conductivity SN = 4928
* Number of Bytes Per Scan = 40
* Number of Voltage Words = 5
* Number of Scans Averaged by the Deck Unit = 1
* NMEA Latitude = 60 50.97 N
* NMEA Longitude = 005 20.89 E
* NMEA UTC (Time) = Feb 12 2022 23:39:52
* NMEA baud rate = 4800
** Ship: R/V "Kristine Bonnevie"
** Station: 0171
** Echodepth: 419.45
** Log: 0513.467
** Wind-Dir/Force: 20 16
** Air-temp (dry): 6.8
** Weather Sky:
** Sea:
# nquan = 19                                
# nvalues = 412                         
# units = specified
# name 0 = scan: Scan Count
# name 1 = prDM: Pressure, Digiquartz [db]
# name 2 = t068C: Temperature [ITS-68, deg C]
# name 3 = t168C: Temperature, 2 [ITS-68, deg C]
# name 4 = c0S/m: Conductivity [S/m]
# name 5 = c1S/m: Conductivity, 2 [S/m]
# name 6 = sbeox0V: Oxygen raw, SBE 43 [V]
# name 7 = flECO-AFL: Fluorescence, WET Labs ECO-AFL/FL [mg/m^3]
# name 8 = altM: Altimeter [m]
# name 9 = par: PAR/Irradiance, Biospherical/Licor
# name 10 = spar: SPAR/Surface Irradiance
# name 11 = CStarTr0: Beam Transmission, WET Labs C-Star [%]
# name 12 = sbeox0ML/L: Oxygen, SBE 43 [ml/l], WS = 2
# name 13 = sal00: Salinity, Practical [PSU]
# name 14 = sal11: Salinity, Practical, 2 [PSU]
# name 15 = sigma-t00: Density [sigma-t, Kg/m^3 ]
# name 16 = svCM: Sound Velocity [Chen-Millero, m/s]
# name 17 = avgsvCM: Average Sound Velocity [Chen-Millero, m/s], minP = 1, minS = 5
# name 18 = flag: flag
# span 0 =         -7,       8861       
# span 1 =      2.000,    413.000       
# span 2 =     2.5316,     9.2897       
# span 3 =     2.5364,     9.2916       
# span 4 =   1.165557,   3.670670       
# span 5 =   1.160208,   3.672039       
# span 6 =     1.6256,     2.5796       
# span 7 =    -0.0745,     0.3027       
# span 8 =      13.47,      99.89       
# span 9 = 4.9439e-02, 6.2389e-01       
# span 10 = 0.0000e+00, 0.0000e+00      
# span 11 =    42.6385,    82.8799      
# span 12 =    3.84804,    8.64384      
# span 13 =    11.9359,    34.9690      
# span 14 =    11.8750,    34.9846      
# span 15 =     9.5241,    27.1993      
# span 16 =    1430.46,    1490.48      
# span 17 =    1430.46,    1486.80      
# span 18 = 0.0000e+00, 0.0000e+00      
# interval = decibars: 1                
# start_time = Feb 12 2022 23:39:54 [System UTC, header]
# bad_flag = -9.990e-29
*END*
         -7      2.000     2.5316     2.5364   1.165557   1.160208     2.4860     0.2783      98.82 6.2389e-01 0.0000e+00    82.8799    8.64384    11.9359    11.8750     9.5241    1430.46    1430.46 0.0000e+00
         33      3.000     6.0039     5.8087   2.584230   2.557532     2.4966     0.3027      98.82 4.8682e-01 0.0000e+00    72.8916    7.57456    25.5441    25.4004    20.0904    1462.89    1441.11 0.0000e+00
         66      4.000     7.0493     7.0706   3.104732   3.106411     2.5494     0.2806      98.82 2.5683e-01 0.0000e+00    42.6385    7.60208    30.3273    30.3267    23.7341    1473.07    1448.97 0.0000e+00
         98      5.000     7.1486     7.1491   3.144856   3.148001     2.5796     0.2237      98.82 2.0787e-01 0.0000e+00    42.6966    7.19904    30.6723    30.7057    23.9925    1473.90    1453.89 0.0000e+00
        130      6.000     7.2352     7.2303   3.185235   3.186007     2.5579     0.2199      98.82 1.6684e-01 0.0000e+00    66.7443    6.82268    31.0300    31.0427    24.2624    1474.70    1457.31 0.0000e+00
        160      7.000     7.4368     7.4206   3.225144   3.225478     2.5252     0.1584      98.82 1.3287e-01 0.0000e+00    78.8494    6.67612    31.2777    31.2959    24.4300    1475.81    1459.93 0.0000e+00
        184      8.000     7.8069     7.7659   3.292151   3.291153     2.5050     0.1074      98.82 9.7154e-02 0.0000e+00    79.5230    6.60845    31.6593    31.6858    24.6788    1477.72    1462.13 0.0000e+00
        207      9.000     8.0882     8.0738   3.347371   3.347986     2.4923     0.0704      98.82 8.9921e-02 0.0000e+00    80.7565    6.58947    31.9896    32.0093    24.8980    1479.22    1464.01 0.0000e+00
        230     10.000     8.3488     8.3384   3.391063   3.392493     2.4862     0.0390      98.82 6.8938e-02 0.0000e+00    81.0151    6.53471    32.2127    32.2373    25.0349    1480.50    1465.64 0.0000e+00
        252     11.000     8.4339     8.4237   3.411102   3.412610     2.4774     0.0082      98.82 5.8347e-02 0.0000e+00    81.1761    6.45653    32.3453    32.3705    25.1262    1481.00    1467.02 0.0000e+00
        275     12.000     8.4436     8.4419   3.420856   3.422029     2.4653     0.0081      98.82 5.2242e-02 0.0000e+00    81.3235    6.36222    32.4386    32.4525    25.1979    1481.17    1468.19 0.0000e+00
        297     13.000     8.3105     8.3207   3.415629   3.416960     2.4482    -0.0152      98.81 4.9455e-02 0.0000e+00    81.4419    6.28137    32.5058    32.5104    25.2704    1480.76    1469.15 0.0000e+00
        320     14.000     8.1855     8.1888   3.409138   3.410374     2.4285 -9.990e-29      98.82 4.9463e-02 0.0000e+00    81.4828    6.22372    32.5524    32.5624    25.3253    1480.37    1469.95 0.0000e+00
        342     15.000     8.2931     8.2740   3.429699   3.430790     2.4102 -9.990e-29      98.81 4.9477e-02 0.0000e+00    81.4881    6.17676    32.6697    32.6990    25.4015    1480.93    1470.67 0.0000e+00
        365     16.000     8.3983     8.3927   3.448552   3.449591     2.3964 -9.990e-29      98.82 4.9477e-02 0.0000e+00    81.5120    6.18864    32.7705    32.7867    25.4649    1481.47    1471.34 0.0000e+00
        387     17.000     8.3302     8.3342   3.446454   3.447656     2.3911 -9.990e-29      98.81 4.9464e-02 0.0000e+00    81.5129    6.23081    32.8114    32.8204    25.5070    1481.28    1471.93 0.0000e+00
        409     18.000     8.4995     8.4829   3.471335   3.473032     2.3860    -0.0231      98.81 4.9477e-02 0.0000e+00    81.5084    6.17820    32.9155    32.9489    25.5633    1482.06    1472.48 0.0000e+00
        431     19.000     8.7604     8.7480   3.506135   3.507508     2.3807    -0.0230      98.82 4.9471e-02 0.0000e+00    81.5123    6.14670    33.0370    33.0629    25.6187    1483.20    1473.04 0.0000e+00
        453     20.000     8.5891     8.6080   3.493338   3.494505     2.3800    -0.0533      98.82 4.9483e-02 0.0000e+00    81.5115    6.18338    33.0623    33.0569    25.6648    1482.61    1473.52 0.0000e+00
        475     21.000     8.5168     8.5076   3.494168   3.495632     2.3760    -0.0489      98.81 4.9471e-02 0.0000e+00    81.4753    6.10013    33.1384    33.1625    25.7354    1482.45    1473.94 0.0000e+00
        496     22.000     8.6818     8.6749   3.516625   3.518170     2.3639    -0.0539      86.33 4.9452e-02 0.0000e+00    81.4452    6.02334    33.2191    33.2419    25.7735    1483.18    1474.36 0.0000e+00
        518     23.000     8.6969     8.6925   3.520289   3.521614     2.3576 -9.990e-29      78.20 4.9496e-02 0.0000e+00    81.3793    6.05538    33.2430    33.2610    25.7898    1483.29    1474.75 0.0000e+00
        539     24.000     8.8856     8.8705   3.548456   3.550065     2.3539 -9.990e-29      98.72 4.9472e-02 0.0000e+00    81.3672    6.02434    33.3601    33.3911    25.8524    1484.15    1475.14 0.0000e+00
        560     25.000     9.0501     9.0398   3.570931   3.572336     2.3508 -9.990e-29      98.81 4.9452e-02 0.0000e+00    81.3158    6.00439    33.4395    33.4638    25.8887    1484.87    1475.52 0.0000e+00
        582     26.000     9.0613     9.0613   3.573252   3.574769     2.3491 -9.990e-29      98.82 4.9452e-02 0.0000e+00    81.2602    5.99070    33.4527    33.4685    25.8972    1484.94    1475.88 0.0000e+00
        603     27.000     9.0802     9.0774   3.577983   3.579580     2.3448    -0.0488      98.80 4.9465e-02 0.0000e+00    81.2269    5.93111    33.4837    33.5029    25.9185    1485.07    1476.22 0.0000e+00
        624     28.000     9.1508     9.1435   3.588857   3.590250     2.3360    -0.0533      98.81 4.9472e-02 0.0000e+00    81.1450    5.86355    33.5299    33.5512    25.9434    1485.40    1476.55 0.0000e+00
        645     29.000     9.2304     9.2250   3.602625   3.604045     2.3266    -0.0525      98.81 4.9459e-02 0.0000e+00    81.0646    5.83005    33.5974    33.6172    25.9836    1485.79    1476.86 0.0000e+00
        666     30.000     9.1595     9.1620   3.599738   3.601016     2.3194    -0.0448      66.13 4.9496e-02 0.0000e+00    80.9717    5.82118    33.6338    33.6447    26.0234    1485.59    1477.15 0.0000e+00
        688     31.000     9.1572     9.1542   3.602123   3.603596     2.3106    -0.0484      58.35 4.9466e-02 0.0000e+00    80.8378    5.77342    33.6603    33.6785    26.0445    1485.63    1477.43 0.0000e+00
        709     32.000     9.2248     9.2169   3.610993   3.612592     2.3004    -0.0558      59.64 4.9485e-02 0.0000e+00    80.6837    5.74009    33.6881    33.7122    26.0555    1485.93    1477.69 0.0000e+00
        730     33.000     9.2897     9.2916   3.622987   3.624493     2.2931    -0.0558      98.58 4.9458e-02 0.0000e+00    80.4930    5.74050    33.7508    33.7646    26.0940    1486.26    1477.95 0.0000e+00
        752     34.000     9.1780     9.1824   3.614971   3.616594     2.2888    -0.0558      81.94 4.9479e-02 0.0000e+00    80.3068    5.74791    33.7728    33.7855    26.1292    1485.90    1478.18 0.0000e+00
        773     35.000     9.1560     9.1551   3.613967   3.615350     2.2825    -0.0558      93.50 4.9459e-02 0.0000e+00    80.0979    5.71087    33.7827    33.7980    26.1405    1485.85    1478.40 0.0000e+00
        794     36.000     9.1588     9.1566   3.614995   3.616375     2.2753    -0.0558      82.53 4.9477e-02 0.0000e+00    79.9136    5.69616    33.7903    33.8068    26.1460    1485.88    1478.61 0.0000e+00
        816     37.000     9.1627     9.1603   3.617068   3.618458     2.2703    -0.0414      92.86 4.9466e-02 0.0000e+00    79.6997    5.70017    33.8077    33.8244    26.1590    1485.93    1478.80 0.0000e+00
        837     38.000     9.1793     9.1767   3.622430   3.623765     2.2666    -0.0384      56.98 4.9472e-02 0.0000e+00    79.5521    5.70339    33.8473    33.8636    26.1873    1486.06    1478.99 0.0000e+00
        858     39.000     9.1106     9.1126   3.617580   3.618919     2.2650    -0.0370      81.05 4.9479e-02 0.0000e+00    79.3907    5.71860    33.8616    33.8736    26.2095    1485.84    1479.17 0.0000e+00
        879     40.000     9.0885     9.0886   3.618372   3.619616     2.2631    -0.0383      60.73 4.9465e-02 0.0000e+00    79.2749    5.70890    33.8904    33.9033    26.2355    1485.81    1479.33 0.0000e+00
        901     41.000     8.9576     8.9606   3.610688   3.611818     2.2609    -0.0572      77.04 4.9490e-02 0.0000e+00    79.1603    5.71346    33.9346    33.9435    26.2909    1485.40    1479.48 0.0000e+00
        922     42.000     8.9418     8.9389   3.612939   3.614150     2.2576    -0.0558      58.13 4.9459e-02 0.0000e+00    79.0711    5.70609    33.9727    33.9882    26.3233    1485.40    1479.62 0.0000e+00
        943     43.000     8.9258     8.9236   3.611801   3.613111     2.2561    -0.0558      74.51 4.9477e-02 0.0000e+00    78.9840    5.72293    33.9757    33.9915    26.3281    1485.37    1479.75 0.0000e+00
        965     44.000     8.9284     8.9238   3.615029   3.616191     2.2562    -0.0558      52.97 4.9472e-02 0.0000e+00    78.9128    5.73766    34.0065    34.0231    26.3518    1485.43    1479.88 0.0000e+00
        986     45.000     8.9971     8.9925   3.627640   3.629021     2.2572    -0.0558      69.32 4.9471e-02 0.0000e+00    78.8792    5.74188    34.0721    34.0910    26.3923    1485.78    1480.01 0.0000e+00
       1008     46.000     9.0300     9.0228   3.633887   3.635259     2.2596    -0.0557      98.48 4.9466e-02 0.0000e+00    78.8806    5.74416    34.1054    34.1266    26.4131    1485.96    1480.14 0.0000e+00
       1029     47.000     9.0830     9.0817   3.642223   3.643639     2.2603    -0.0357      91.00 4.9489e-02 0.0000e+00    78.8460    5.71862    34.1411    34.1571    26.4327    1486.21    1480.27 0.0000e+00
       1051     48.000     9.0742     9.0721   3.641845   3.643257     2.2591    -0.0567      98.78 4.9452e-02 0.0000e+00    78.8895    5.68614    34.1451    34.1619    26.4372    1486.20    1480.39 0.0000e+00
       1073     49.000     9.0952     9.0895   3.645190   3.646307     2.2542    -0.0599      78.40 4.9464e-02 0.0000e+00    78.9445    5.63107    34.1594    34.1765    26.4450    1486.31    1480.51 0.0000e+00
       1094     50.000     9.1441     9.1391   3.652112   3.653434     2.2469    -0.0578      98.89 4.9472e-02 0.0000e+00    78.9860    5.59403    34.1842    34.2028    26.4566    1486.54    1480.63 0.0000e+00
       1116     51.000     9.1613     9.1606   3.658413   3.659825     2.2404 -9.990e-29      68.35 4.9458e-02 0.0000e+00    79.0235    5.57574    34.2329    34.2482    26.4919    1486.68    1480.75 0.0000e+00
       1137     52.000     9.1270     9.1264   3.658013   3.659385     2.2341 -9.990e-29      98.49 4.9452e-02 0.0000e+00    79.1025    5.55092    34.2612    34.2761    26.5196    1486.61    1480.86 0.0000e+00
       1159     53.000     9.1320     9.1293   3.659373   3.660718     2.2260 -9.990e-29      57.73 4.9479e-02 0.0000e+00    79.1555    5.50705    34.2701    34.2867    26.5258    1486.65    1480.97 0.0000e+00
       1181     54.000     9.1655     9.1619   3.664978   3.666552     2.2169 -9.990e-29      97.95 4.9483e-02 0.0000e+00    79.2071    5.47069    34.2958    34.3157    26.5405    1486.82    1481.08 0.0000e+00
       1202     55.000     9.1491     9.1474   3.666254   3.667577     2.2082 -9.990e-29      98.71 4.9459e-02 0.0000e+00    79.2485    5.44838    34.3244    34.3399    26.5656    1486.81    1481.18 0.0000e+00
       1223     56.000     9.1390     9.1375   3.666947   3.668033     2.2000 -9.990e-29      98.80 4.9478e-02 0.0000e+00    79.3244    5.42306    34.3409    34.3537    26.5801    1486.81    1481.28 0.0000e+00
       1244     57.000     9.0985     9.0981   3.667485   3.668905     2.1911 -9.990e-29      72.64 4.9452e-02 0.0000e+00    79.4189    5.39344    34.3851    34.4003    26.6212    1486.74    1481.38 0.0000e+00
       1266     58.000     9.0666     9.0661   3.668330   3.669850     2.1820 -9.990e-29      59.55 4.9446e-02 0.0000e+00    79.4749    5.36151    34.4243    34.4407    26.6570    1486.68    1481.47 0.0000e+00
       1287     59.000     9.0577     9.0561   3.669593   3.670968     2.1721 -9.990e-29      99.22 4.9479e-02 0.0000e+00    79.5446    5.32524    34.4457    34.4616    26.6751    1486.69    1481.56 0.0000e+00
       1308     60.000     9.0428     9.0418   3.670670   3.672039     2.1624 -9.990e-29      94.42 4.9485e-02 0.0000e+00    79.6225    5.29729    34.4709    34.4862    26.6973    1486.68    1481.64 0.0000e+00
       1330     61.000     9.0012     9.0016   3.670620   3.671922     2.1526 -9.990e-29      96.95 4.9451e-02 0.0000e+00    79.6395    5.26960    34.5102    34.5235    26.7348    1486.60    1481.72 0.0000e+00
       1351     62.000     8.9741     8.9725   3.669642   3.671013     2.1427 -9.990e-29      83.77 4.9472e-02 0.0000e+00    79.7216    5.23793    34.5258    34.5418    26.7513    1486.53    1481.80 0.0000e+00
       1372     63.000     8.9691     8.9674   3.669469   3.670846     2.1327 -9.990e-29      92.31 4.9471e-02 0.0000e+00    79.8158    5.20239    34.5284    34.5445    26.7541    1486.53    1481.88 0.0000e+00
       1394     64.000     8.9562     8.9556   3.668955   3.670327     2.1219 -9.990e-29      84.28 4.9465e-02 0.0000e+00    79.8534    5.16716    34.5351    34.5501    26.7614    1486.51    1481.95 0.0000e+00
       1415     65.000     8.9322     8.9312   3.668075   3.669430     2.1113 -9.990e-29      98.47 4.9458e-02 0.0000e+00    79.9745    5.14435    34.5487    34.5639    26.7759    1486.46    1482.02 0.0000e+00
       1437     66.000     8.9180     8.9162   3.667560   3.668917     2.1024 -9.990e-29      84.37 4.9477e-02 0.0000e+00    80.0500    5.13352    34.5567    34.5727    26.7844    1486.43    1482.08 0.0000e+00
       1459     67.000     8.9112     8.9103   3.667402   3.668793     2.0944 -9.990e-29      38.47 4.9479e-02 0.0000e+00    80.1415    5.12638    34.5612    34.5767    26.7890    1486.43    1482.15 0.0000e+00
       1481     68.000     8.8936     8.8930   3.666759   3.668113     2.0885 -9.990e-29      97.60 4.9464e-02 0.0000e+00    80.2266    5.12271    34.5711    34.5859    26.7996    1486.39    1482.21 0.0000e+00
       1502     69.000     8.8731     8.8717   3.666106   3.667465     2.0830    -0.0582      94.12 4.9465e-02 0.0000e+00    80.3231    5.11781    34.5837    34.5994    26.8127    1486.35    1482.27 0.0000e+00
       1524     70.000     8.8693     8.8679   3.666064   3.667426     2.0789    -0.0637      94.32 4.9458e-02 0.0000e+00    80.4252    5.11324    34.5865    34.6022    26.8155    1486.35    1482.33 0.0000e+00
       1545     71.000     8.8574     8.8564   3.665636   3.666993     2.0749    -0.0713      91.04 4.9458e-02 0.0000e+00    80.5230    5.10900    34.5932    34.6084    26.8226    1486.33    1482.39 0.0000e+00
       1567     72.000     8.8313     8.8303   3.664719   3.666059     2.0720    -0.0590      92.32 4.9472e-02 0.0000e+00    80.6534    5.10515    34.6085    34.6236    26.8388    1486.27    1482.44 0.0000e+00
       1588     73.000     8.8224     8.8213   3.664316   3.665678     2.0684    -0.0674      85.12 4.9479e-02 0.0000e+00    80.7872    5.09103    34.6125    34.6279    26.8433    1486.26    1482.49 0.0000e+00
       1610     74.000     8.7920     8.7920   3.662979   3.664348     2.0649    -0.0641      85.49 4.9464e-02 0.0000e+00    80.9241    5.08964    34.6277    34.6421    26.8600    1486.18    1482.54 0.0000e+00
       1631     75.000     8.7851     8.7835   3.662752   3.664100     2.0623    -0.0600      81.57 4.9483e-02 0.0000e+00    81.0594    5.08522    34.6315    34.6473    26.8641    1486.18    1482.59 0.0000e+00
       1653     76.000     8.7743     8.7731   3.662366   3.663710     2.0595    -0.0654      84.67 4.9465e-02 0.0000e+00    81.2062    5.07910    34.6375    34.6529    26.8705    1486.16    1482.64 0.0000e+00
       1675     77.000     8.7630     8.7615   3.661964   3.663312     2.0566    -0.0645      96.42 4.9452e-02 0.0000e+00    81.2975    5.06516    34.6439    34.6596    26.8773    1486.14    1482.68 0.0000e+00
