_data/ctd/2022603/sta0151.cnv
* Sea-Bird SBE 9 Data File:
* FileName = C:\Seabird\CTDData\sta0151.hex
* Software Version Seasave V 7.21f
* Temperature SN = 6264
* Conductivity SN = 4928
* Number of Bytes Per Scan = 40
* Number of Voltage Words = 5
* Number of Scans Averaged by the Deck Unit = 1
* NMEA Latitude = 60 26.78 N
* NMEA Longitude = 006 34.34 E
* NMEA UTC (Time) = Feb 10 2022 05:16:49
* NMEA baud rate = 4800
** Ship: R/V "Kristine Bonnevie"
** Station: 0151
** Echodepth: 790
** Log: 0114.880
** Wind-Dir/Force: 27 29
** Air-temp (dry): 3.5
** Weather Sky:
** Sea:
# nquan = 19                                
# nvalues = 787                         
# units = specified
# name 0 = scan: Scan Count
# name 1 = prDM: Pressure, Digiquartz [db]
# name 2 = t068C: Temperature [ITS-68, deg C]
# name 3 = t168C: Temperature, 2 [ITS-68, deg C]
# name 4 = c0S/m: Conductivity [S/m]
# name 5 = c1S/m: Conductivity, 2 [S/m]
# name 6 = sbeox0V: Oxygen raw, SBE 43 [V]
# name 7 = flECO-AFL: Fluorescence, WET Labs ECO-AFL/FL [mg/m^3]
# name 8 = altM: Altimeter [m]
# name 9 = par: PAR/Irradiance, Biospherical/Licor
# name 10 = spar: SPAR/Surface Irradiance
# name 11 = CStarTr0: Beam Transmission, WET Labs C-Star [%]
# name 12 = sbeox0ML/L: Oxygen, SBE 43 [ml/l], WS = 2
# name 13 = sal00: Salinity, Practical [PSU]
# name 14 = sal11: Salinity, Practical, 2 [PSU]
# name 15 = sigma-t00: Density [sigma-t, Kg/m^3 ]
# name 16 = svCM: Sound Velocity [Chen-Millero, m/s]
# name 17 = avgsvCM: Average Sound Velocity [Chen-Millero, m/s], minP = 1, minS = 5
# name 18 = flag: flag
# span 0 =        585,      18030       
# span 1 =      2.000,    788.000       
# span 2 =     5.5214,    10.2049       
# span 3 =     5.5145,    10.2013       
# span 4 =   2.861223,   3.694139       
# span 5 =   2.861060,   3.695756       
# span 6 =     1.5309,     2.5008       
# span 7 =    -0.1036,     0.7563       
# span 8 =       5.36,      99.81       
# span 9 = 4.9452e-02, 7.6041e-01       
# span 10 = 0.0000e+00, 0.0000e+00      
# span 11 =    79.0626,    82.4722      
# span 12 =    3.80159,    7.11231      
# span 13 =    28.9832,    35.0067      
# span 14 =    28.9864,    35.0220      
# span 15 =    22.8547,    27.3519      
# span 16 =    1465.29,    1493.60      
# span 17 =    1465.29,    1487.47      
# span 18 = 0.0000e+00, 0.0000e+00      
# interval = decibars: 1                
# start_time = Feb 10 2022 05:16:51 [System UTC, header]
# bad_flag = -9.990e-29
*END*
        585      2.000     5.5290     5.5286   2.862823   2.863726     2.4482     0.7443       5.65 7.6041e-01 0.0000e+00    79.7642    7.11219    28.9963    29.0067    22.8643    1465.29    1465.29 0.0000e+00
        657      3.000     5.5262     5.5232   2.863089   2.863546     2.4478     0.7563       5.44 5.4974e-01 0.0000e+00    79.8080    7.10846    29.0012    29.0089    22.8685    1465.30    1465.29 0.0000e+00
        717      4.000     5.5431     5.5397   2.865776   2.865930     2.4485     0.7106       5.36 3.8551e-01 0.0000e+00    79.8569    7.11231    29.0162    29.0208    22.8785    1465.40    1465.32 0.0000e+00
        760      5.000     5.5317     5.5308   2.863432   2.863862     2.4482     0.6910       5.48 2.5948e-01 0.0000e+00    79.8766    7.10895    28.9994    29.0050    22.8664    1465.35    1465.33 0.0000e+00
        797      6.000     5.5214     5.5212   2.861223   2.861951     2.4476     0.6827      36.53 2.1578e-01 0.0000e+00    79.8707    7.10092    28.9832    28.9915    22.8547    1465.31    1465.32 0.0000e+00
        830      7.000     5.5257     5.5250   2.862149   2.862805     2.4466     0.6975      91.85 1.8277e-01 0.0000e+00    79.8095    7.10421    28.9893    28.9973    22.8591    1465.35    1465.33 0.0000e+00
        861      8.000     5.5218     5.5145   2.861506   2.861060     2.4461     0.6701      98.92 1.3206e-01 0.0000e+00    79.8599    7.10562    28.9851    28.9864    22.8562    1465.34    1465.33 0.0000e+00
        890      9.000     5.5260     5.5235   2.862253   2.862672     2.4457     0.6631      37.57 1.0734e-01 0.0000e+00    79.8795    7.10628    28.9893    28.9962    22.8591    1465.38    1465.33 0.0000e+00
        917     10.000     5.5310     5.5239   2.863251   2.862908     2.4460     0.6918      98.34 7.3525e-02 0.0000e+00    79.9083    7.10924    28.9957    28.9980    22.8636    1465.43    1465.34 0.0000e+00
        944     11.000     5.6006     5.5838   2.877521   2.876213     2.4459     0.6764      98.82 6.4489e-02 0.0000e+00    79.9061    7.09550    29.0944    29.0944    22.9341    1465.85    1465.39 0.0000e+00
        969     12.000     5.7223     5.7086   2.899240   2.898513     2.4468     0.6752      98.83 5.2248e-02 0.0000e+00    79.9102    7.09224    29.2305    29.2343    23.0283    1466.53    1465.48 0.0000e+00
        994     13.000     5.7316     5.7293   2.901314   2.901798     2.4498     0.6720      98.82 5.0949e-02 0.0000e+00    79.9784    7.10039    29.2451    29.2525    23.0387    1466.61    1465.57 0.0000e+00
       1018     14.000     5.7444     5.7409   2.903768   2.904180     2.4503     0.6424      98.82 4.9489e-02 0.0000e+00    80.0161    7.06699    29.2608    29.2684    23.0497    1466.69    1465.65 0.0000e+00
       1042     15.000     5.7746     5.7693   2.909189   2.909420     2.4488     0.6242      98.82 4.9469e-02 0.0000e+00    80.0312    7.04496    29.2944    29.3016    23.0729    1466.88    1465.73 0.0000e+00
       1065     16.000     5.8246     5.8135   2.916089   2.915865     2.4475     0.6270      98.83 4.9483e-02 0.0000e+00    80.0410    7.03198    29.3272    29.3343    23.0932    1467.14    1465.82 0.0000e+00
       1087     17.000     5.8595     5.8530   2.920829   2.921004     2.4463     0.6623      98.83 4.9496e-02 0.0000e+00    80.0467    7.02604    29.3490    29.3566    23.1065    1467.32    1465.91 0.0000e+00
       1108     18.000     5.8774     5.8749   2.924336   2.924976     2.4456     0.6636      98.82 4.9485e-02 0.0000e+00    80.0633    7.01899    29.3719    29.3812    23.1226    1467.44    1465.99 0.0000e+00
       1130     19.000     5.8736     5.8725   2.925571   2.926221     2.4445     0.6522      98.82 4.9483e-02 0.0000e+00    80.0856    7.01203    29.3884    29.3966    23.1361    1467.46    1466.07 0.0000e+00
       1152     20.000     5.8694     5.8679   2.926064   2.926651     2.4430     0.6739      98.83 4.9470e-02 0.0000e+00    80.0693    7.00336    29.3971    29.4049    23.1434    1467.47    1466.14 0.0000e+00
       1173     21.000     5.8699     5.8682   2.927359   2.927969     2.4414     0.6723      98.82 4.9489e-02 0.0000e+00    80.0817    6.99555    29.4106    29.4188    23.1540    1467.51    1466.21 0.0000e+00
       1195     22.000     5.8736     5.8716   2.928540   2.929091     2.4396     0.6684      98.83 4.9499e-02 0.0000e+00    80.0593    6.99225    29.4200    29.4279    23.1610    1467.55    1466.27 0.0000e+00
       1216     23.000     5.8843     5.8824   2.930672   2.931561     2.4385     0.6770      98.83 4.9478e-02 0.0000e+00    80.0511    6.99584    29.4339    29.4454    23.1707    1467.63    1466.33 0.0000e+00
       1237     24.000     5.9224     5.9202   2.936913   2.937742     2.4380     0.6768      98.83 4.9488e-02 0.0000e+00    80.0474    6.98954    29.4694    29.4805    23.1945    1467.84    1466.39 0.0000e+00
       1258     25.000     5.9435     5.9406   2.940458   2.941032     2.4374     0.6768      98.83 4.9490e-02 0.0000e+00    80.0529    6.98789    29.4898    29.4987    23.2082    1467.97    1466.45 0.0000e+00
       1279     26.000     6.0081     5.9950   2.952291   2.952642     2.4373     0.6768      98.83 4.9466e-02 0.0000e+00    80.0455    6.97539    29.5640    29.5793    23.2593    1468.34    1466.52 0.0000e+00
       1300     27.000     6.3361     6.3112   3.003932   3.004693     2.4372     0.6763      92.03 4.9502e-02 0.0000e+00    80.0714    6.92651    29.8457    29.8758    23.4431    1470.02    1466.65 0.0000e+00
       1320     28.000     7.3724     7.2995   3.166032   3.165083     2.4405     0.6589      69.92 4.9496e-02 0.0000e+00    80.0580    6.79970    30.6913    30.7457    23.9779    1475.17    1466.96 0.0000e+00
       1343     29.000     8.7631     8.6609   3.403203   3.403185     2.4540     0.5656      94.91 4.9483e-02 0.0000e+00    79.9550    6.68499    31.9550    32.0472    24.7711    1482.05    1467.47 0.0000e+00
       1365     30.000     9.9407     9.9117   3.612836   3.614204     2.4777     0.3569      63.72 4.9483e-02 0.0000e+00    79.0626    6.57901    33.0424    33.0829    25.4339    1487.72    1468.14 0.0000e+00
       1386     31.000    10.1553    10.1457   3.666593   3.668280     2.5008     0.1284      92.95 4.9483e-02 0.0000e+00    79.1797    6.43628    33.3906    33.4166    25.6696    1488.93    1468.80 0.0000e+00
       1408     32.000    10.2049    10.2013   3.684590   3.686002     2.4910    -0.0114      47.50 4.9485e-02 0.0000e+00    80.4362    6.04855    33.5267    33.5443    25.7673    1489.29    1469.43 0.0000e+00
       1429     33.000    10.1746    10.1759   3.694139   3.695756     2.4494    -0.0395      90.14 4.9490e-02 0.0000e+00    81.1502    5.69055    33.6511    33.6663    25.8695    1489.35    1470.03 0.0000e+00
       1451     34.000    10.0473    10.0537   3.689651   3.691204     2.3963    -0.0583      47.68 4.9479e-02 0.0000e+00    81.5288    5.48062    33.7235    33.7334    25.9477    1489.00    1470.58 0.0000e+00
       1472     35.000     9.9771     9.9777   3.686186   3.687787     2.3442    -0.0588      88.56 4.9466e-02 0.0000e+00    81.7344    5.35893    33.7534    33.7691    25.9828    1488.80    1471.09 0.0000e+00
       1492     36.000     9.9111     9.9149   3.685913   3.687439     2.2994    -0.0607      50.20 4.9467e-02 0.0000e+00    81.9223    5.29858    33.8119    33.8239    26.0396    1488.65    1471.57 0.0000e+00
       1513     37.000     9.8116     9.8146   3.680173   3.681659     2.2630    -0.0650      79.32 4.9495e-02 0.0000e+00    82.0195    5.26792    33.8462    33.8585    26.0830    1488.35    1472.02 0.0000e+00
       1533     38.000     9.6727     9.6846   3.671403   3.673064     2.2328    -0.0622      56.90 4.9472e-02 0.0000e+00    82.0757    5.24418    33.8865    33.8924    26.1376    1487.91    1472.44 0.0000e+00
       1553     39.000     9.5562     9.5598   3.665381   3.666910     2.2069    -0.0609      67.65 4.9515e-02 0.0000e+00    82.0658    5.21521    33.9341    33.9465    26.1940    1487.56    1472.82 0.0000e+00
       1574     40.000     9.4475     9.4511   3.660178   3.661668     2.1840    -0.0691      74.02 4.9459e-02 0.0000e+00    82.1017    5.18685    33.9830    33.9950    26.2500    1487.24    1473.18 0.0000e+00
       1594     41.000     9.4205     9.4192   3.658557   3.660039     2.1638    -0.0604      62.97 4.9496e-02 0.0000e+00    82.0458    5.14772    33.9914    34.0080    26.2610    1487.17    1473.51 0.0000e+00
       1616     42.000     9.3807     9.3833   3.656882   3.658419     2.1446    -0.0644      76.95 4.9479e-02 0.0000e+00    82.0440    5.10872    34.0114    34.0249    26.2832    1487.06    1473.83 0.0000e+00
       1637     43.000     9.3105     9.3129   3.654165   3.655658     2.1271    -0.0660      62.38 4.9479e-02 0.0000e+00    82.0146    5.07612    34.0497    34.0629    26.3245    1486.87    1474.13 0.0000e+00
       1658     44.000     9.2508     9.2537   3.652137   3.653626     2.1109    -0.0695      78.54 4.9477e-02 0.0000e+00    81.9136    5.04187    34.0851    34.0978    26.3619    1486.71    1474.42 0.0000e+00
       1680     45.000     9.2005     9.2032   3.650199   3.651730     2.0949    -0.0575      63.53 4.9489e-02 0.0000e+00    81.7502    5.00423    34.1126    34.1259    26.3915    1486.58    1474.69 0.0000e+00
       1703     46.000     9.1346     9.1354   3.647700   3.649115     2.0796    -0.0592      75.28 4.9458e-02 0.0000e+00    81.5139    4.96955    34.1492    34.1632    26.4307    1486.40    1474.94 0.0000e+00
       1725     47.000     9.1085     9.1084   3.647235   3.648684     2.0650 -9.990e-29      66.35 4.9481e-02 0.0000e+00    81.2463    4.92969    34.1689    34.1841    26.4503    1486.34    1475.18 0.0000e+00
       1747     48.000     9.0735     9.0752   3.646037   3.647515     2.0506 -9.990e-29      72.18 4.9465e-02 0.0000e+00    80.9331    4.89339    34.1896    34.2033    26.4721    1486.25    1475.41 0.0000e+00
       1770     49.000     9.0136     9.0163   3.643766   3.645218     2.0372 -9.990e-29      73.21 4.9471e-02 0.0000e+00    80.6446    4.86976    34.2230    34.2355    26.5078    1486.09    1475.63 0.0000e+00
       1792     50.000     8.9467     8.9486   3.641294   3.642773     2.0253 -9.990e-29      68.93 4.9490e-02 0.0000e+00    80.3590    4.84955    34.2611    34.2747    26.5483    1485.91    1475.83 0.0000e+00
       1813     51.000     8.9086     8.9088   3.639805   3.641292     2.0145 -9.990e-29      75.12 4.9483e-02 0.0000e+00    80.1319    4.82418    34.2818    34.2972    26.5706    1485.81    1476.02 0.0000e+00
       1835     52.000     8.9007     8.8995   3.640795   3.642230     2.0040 -9.990e-29      78.02 4.9479e-02 0.0000e+00    79.9269    4.78412    34.2993    34.3155    26.5856    1485.82    1476.21 0.0000e+00
       1856     53.000     8.8790     8.8784   3.640875   3.642324     1.9927 -9.990e-29      80.20 4.9505e-02 0.0000e+00    79.7352    4.74056    34.3207    34.3365    26.6057    1485.78    1476.39 0.0000e+00
       1876     54.000     8.8645     8.8639   3.640487   3.641945     1.9807 -9.990e-29      98.69 4.9488e-02 0.0000e+00    79.5903    4.70856    34.3302    34.3461    26.6154    1485.76    1476.56 0.0000e+00
       1897     55.000     8.8498     8.8495   3.639998   3.641466     1.9706 -9.990e-29      28.02 4.9479e-02 0.0000e+00    79.4773    4.70457    34.3388    34.3545    26.6245    1485.73    1476.73 0.0000e+00
       1918     56.000     8.8327     8.8321   3.639628   3.641082     1.9634 -9.990e-29      99.19 4.9488e-02 0.0000e+00    79.3870    4.70929    34.3510    34.3669    26.6368    1485.70    1476.89 0.0000e+00
       1938     57.000     8.8178     8.8172   3.639703   3.641137     1.9574 -9.990e-29      35.89 4.9499e-02 0.0000e+00    79.3240    4.70369    34.3658    34.3814    26.6507    1485.68    1477.04 0.0000e+00
       1959     58.000     8.7934     8.7938   3.639247   3.640685     1.9525 -9.990e-29      97.17 4.9492e-02 0.0000e+00    79.3052    4.70012    34.3842    34.3989    26.6690    1485.62    1477.19 0.0000e+00
       1980     59.000     8.7614     8.7617   3.638429   3.639875     1.9479 -9.990e-29      40.87 4.9492e-02 0.0000e+00    79.2699    4.69128    34.4062    34.4211    26.6912    1485.55    1477.33 0.0000e+00
       2001     60.000     8.7433     8.7433   3.637474   3.638958     1.9436 -9.990e-29      92.51 4.9472e-02 0.0000e+00    79.2617    4.68500    34.4132    34.4289    26.6996    1485.51    1477.46 0.0000e+00
       2023     61.000     8.7277     8.7269   3.636733   3.638148     1.9397 -9.990e-29      47.51 4.9490e-02 0.0000e+00    79.2985    4.67248    34.4201    34.4358    26.7074    1485.47    1477.59 0.0000e+00
       2045     62.000     8.7188     8.7176   3.636963   3.638396     1.9352 -9.990e-29      92.15 4.9477e-02 0.0000e+00    79.3194    4.64831    34.4307    34.4470    26.7172    1485.47    1477.72 0.0000e+00
       2066     63.000     8.7060     8.7055   3.636986   3.638416     1.9289 -9.990e-29      45.62 4.9483e-02 0.0000e+00    79.3325    4.61241    34.4429    34.4585    26.7287    1485.46    1477.84 0.0000e+00
       2089     64.000     8.6810     8.6814   3.636803   3.638226     1.9216 -9.990e-29      94.52 4.9499e-02 0.0000e+00    79.3712    4.58545    34.4649    34.4795    26.7499    1485.41    1477.96 0.0000e+00
       2111     65.000     8.6626     8.6614   3.636878   3.638299     1.9143 -9.990e-29      49.84 4.9483e-02 0.0000e+00    79.4135    4.57767    34.4831    34.4993    26.7670    1485.38    1478.07 0.0000e+00
       2133     66.000     8.6539     8.6535   3.636714   3.638171     1.9092 -9.990e-29      98.10 4.9471e-02 0.0000e+00    79.4571    4.57899    34.4894    34.5052    26.7733    1485.37    1478.18 0.0000e+00
       2155     67.000     8.6416     8.6405   3.636293   3.637700     1.9051 -9.990e-29      64.49 4.9502e-02 0.0000e+00    79.5387    4.57724    34.4965    34.5124    26.7808    1485.35    1478.29 0.0000e+00
       2177     68.000     8.6373     8.6357   3.636261   3.637689     1.9018 -9.990e-29      99.05 4.9485e-02 0.0000e+00    79.5903    4.57278    34.4999    34.5165    26.7841    1485.35    1478.39 0.0000e+00
       2198     69.000     8.6387     8.6369   3.636981   3.638398     1.8987 -9.990e-29      65.27 4.9485e-02 0.0000e+00    79.6477    4.56314    34.5057    34.5224    26.7884    1485.38    1478.49 0.0000e+00
       2220     70.000     8.6352     8.6344   3.637358   3.638785     1.8957 -9.990e-29      98.83 4.9490e-02 0.0000e+00    79.7132    4.54942    34.5126    34.5284    26.7944    1485.39    1478.59 0.0000e+00
       2241     71.000     8.6179     8.6170   3.637517   3.638987     1.8919 -9.990e-29      68.34 4.9472e-02 0.0000e+00    79.7985    4.54345    34.5307    34.5471    26.8113    1485.37    1478.69 0.0000e+00
       2261     72.000     8.6129     8.6114   3.638260   3.639702     1.8897 -9.990e-29      97.60 4.9479e-02 0.0000e+00    79.8574    4.55611    34.5429    34.5596    26.8217    1485.38    1478.78 0.0000e+00
       2283     73.000     8.6017     8.6011   3.638410   3.639821     1.8891 -9.990e-29      67.58 4.9479e-02 0.0000e+00    79.9197    4.57493    34.5550    34.5705    26.8329    1485.37    1478.87 0.0000e+00
       2304     74.000     8.5951     8.5934   3.638361   3.639790     1.8900    -0.0558      96.17 4.9492e-02 0.0000e+00    79.9887    4.58962    34.5605    34.5772    26.8382    1485.37    1478.96 0.0000e+00
       2325     75.000     8.5896     8.5888   3.638283   3.639697     1.8917    -0.0603      71.59 4.9471e-02 0.0000e+00    80.0605    4.61032    34.5645    34.5803    26.8422    1485.37    1479.04 0.0000e+00
       2347     76.000     8.5677     8.5670   3.637187   3.638574     1.8948    -0.0597      95.87 4.9492e-02 0.0000e+00    80.1493    4.63271    34.5739    34.5893    26.8530    1485.32    1479.13 0.0000e+00
       2369     77.000     8.5562     8.5548   3.636672   3.638062     1.8982    -0.0589      74.10 4.9493e-02 0.0000e+00    80.2276    4.64017    34.5793    34.5953    26.8590    1485.30    1479.20 0.0000e+00
