_data/ctd/2022603/sta0200.cnv
* Sea-Bird SBE 9 Data File:
* FileName = C:\Seabird\CTDData\sta0200.hex
* Software Version Seasave V 7.21f
* Temperature SN = 6264
* Conductivity SN = 4928
* Number of Bytes Per Scan = 40
* Number of Voltage Words = 5
* Number of Scans Averaged by the Deck Unit = 1
* NMEA Latitude = 61 07.62 N
* NMEA Longitude = 006 05.38 E
* NMEA UTC (Time) = Feb 15 2022 02:08:20
* NMEA baud rate = 4800
** Ship: R/V "Kristine Bonnevie"
** Station: 0200
** Echodepth: 1247
** Log: 0796.288
** Wind-Dir/Force: 10 25
** Air-temp (dry): 3.8
** Weather Sky:
** Sea:
# nquan = 19                                
# nvalues = 1254                        
# units = specified
# name 0 = scan: Scan Count
# name 1 = prDM: Pressure, Digiquartz [db]
# name 2 = t068C: Temperature [ITS-68, deg C]
# name 3 = t168C: Temperature, 2 [ITS-68, deg C]
# name 4 = c0S/m: Conductivity [S/m]
# name 5 = c1S/m: Conductivity, 2 [S/m]
# name 6 = sbeox0V: Oxygen raw, SBE 43 [V]
# name 7 = flECO-AFL: Fluorescence, WET Labs ECO-AFL/FL [mg/m^3]
# name 8 = altM: Altimeter [m]
# name 9 = par: PAR/Irradiance, Biospherical/Licor
# name 10 = spar: SPAR/Surface Irradiance
# name 11 = CStarTr0: Beam Transmission, WET Labs C-Star [%]
# name 12 = sbeox0ML/L: Oxygen, SBE 43 [ml/l], WS = 2
# name 13 = sal00: Salinity, Practical [PSU]
# name 14 = sal11: Salinity, Practical, 2 [PSU]
# name 15 = sigma-t00: Density [sigma-t, Kg/m^3 ]
# name 16 = svCM: Sound Velocity [Chen-Millero, m/s]
# name 17 = avgsvCM: Average Sound Velocity [Chen-Millero, m/s], minP = 1, minS = 5
# name 18 = flag: flag
# span 0 =        268,      28364       
# span 1 =      2.000,   1255.000       
# span 2 =     6.2331,     9.8354       
# span 3 =     6.2310,     9.8345       
# span 4 =   3.116411,   3.703531       
# span 5 =   3.117156,   3.705046       
# span 6 =     1.5410,     2.4342       
# span 7 =    -0.0973,     0.6541       
# span 8 =       7.70,     100.38       
# span 9 = 4.9283e-02, 8.6075e-01       
# span 10 = 0.0000e+00, 0.0000e+00      
# span 11 =    79.9550,    81.9234      
# span 12 =    4.07349,    6.82260      
# span 13 =    31.1888,    35.0242      
# span 14 =    31.1990,    35.0403      
# span 15 =    24.5142,    27.3646      
# span 16 =    1470.91,    1501.45      
# span 17 =    1470.91,    1491.49      
# span 18 = 0.0000e+00, 0.0000e+00      
# interval = decibars: 1                
# start_time = Feb 15 2022 02:08:22 [System UTC, header]
# bad_flag = -9.990e-29
*END*
[from data line 153]
       3739    155.000     8.2661     8.2645   3.641830   3.643219     2.1557    -0.0673      49.65 4.9498e-02 0.0000e+00    81.1735    5.54358    34.8826    34.8990    27.1417    1485.87    1483.75 0.0000e+00
       3760    156.000     8.2644     8.2629   3.641718   3.643102     2.1559    -0.0833      89.69 4.9492e-02 0.0000e+00    81.1622    5.53806    34.8827    34.8989    27.1420    1485.88    1483.76 0.0000e+00
       3781    157.000     8.2629     8.2613   3.641614   3.642995     2.1557    -0.0575      59.20 4.9472e-02 0.0000e+00    81.1562    5.53493    34.8826    34.8989    27.1421    1485.89    1483.77 0.0000e+00
       3802    158.000     8.2616     8.2600   3.641533   3.642906     2.1552    -0.0831      86.91 4.9472e-02 0.0000e+00    81.1571    5.53223    34.8825    34.8987    27.1423    1485.90    1483.79 0.0000e+00
       3823    159.000     8.2600     8.2585   3.641466   3.642857     2.1549    -0.0863      79.13 4.9499e-02 0.0000e+00    81.1646    5.53134    34.8829    34.8992    27.1428    1485.91    1483.80 0.0000e+00
       3844    160.000     8.2568     8.2554   3.641332   3.642713     2.1542    -0.0739      29.04 4.9483e-02 0.0000e+00    81.1629    5.52775    34.8841    34.9003    27.1443    1485.92    1483.81 0.0000e+00
       3866    161.000     8.2548     8.2532   3.641238   3.642615     2.1535    -0.0574      89.48 4.9492e-02 0.0000e+00    81.1692    5.52339    34.8846    34.9009    27.1450    1485.93    1483.83 0.0000e+00
       3888    162.000     8.2532     8.2516   3.641168   3.642546     2.1525    -0.0558      52.41 4.9515e-02 0.0000e+00    81.1596    5.52211    34.8850    34.9013    27.1455    1485.94    1483.84 0.0000e+00
       3909    163.000     8.2530     8.2513   3.641303   3.642694     2.1517    -0.0560      91.03 4.9490e-02 0.0000e+00    81.1280    5.52434    34.8862    34.9027    27.1465    1485.96    1483.85 0.0000e+00
       3931    164.000     8.2535     8.2519   3.641471   3.642840     2.1516 -9.990e-29      72.54 4.9492e-02 0.0000e+00    81.1474    5.52634    34.8870    34.9032    27.1470    1485.98    1483.87 0.0000e+00
       3953    165.000     8.2513     8.2498   3.641318   3.642691     2.1511 -9.990e-29      94.28 4.9475e-02 0.0000e+00    81.1481    5.52297    34.8870    34.9032    27.1474    1485.98    1483.88 0.0000e+00
       3975    166.000     8.2492     8.2477   3.641167   3.642571     2.1503 -9.990e-29      82.11 4.9499e-02 0.0000e+00    81.1406    5.52208    34.8870    34.9035    27.1477    1485.99    1483.89 0.0000e+00
       3997    167.000     8.2556     8.2534   3.642066   3.643438     2.1501    -0.0775      96.86 4.9470e-02 0.0000e+00    81.1377    5.52495    34.8898    34.9066    27.1489    1486.04    1483.90 0.0000e+00
       4018    168.000     8.2586     8.2569   3.642549   3.643950     2.1496    -0.0863      93.30 4.9477e-02 0.0000e+00    81.1429    5.51698    34.8915    34.9081    27.1498    1486.07    1483.92 0.0000e+00
       4040    169.000     8.2575     8.2560   3.642518   3.643899     2.1489    -0.0892      63.87 4.9485e-02 0.0000e+00    81.1313    5.51682    34.8918    34.9080    27.1502    1486.08    1483.93 0.0000e+00
       4061    170.000     8.2491     8.2482   3.641697   3.643068     2.1484    -0.0697      64.39 4.9490e-02 0.0000e+00    81.1221    5.51949    34.8909    34.9064    27.1507    1486.06    1483.94 0.0000e+00
       4083    171.000     8.2418     8.2402   3.641194   3.642589     2.1481    -0.0578      74.47 4.9492e-02 0.0000e+00    81.1225    5.52008    34.8923    34.9087    27.1530    1486.05    1483.95 0.0000e+00
       4104    172.000     8.2431     8.2414   3.641489   3.642863     2.1476    -0.0719      71.24 4.9477e-02 0.0000e+00    81.1290    5.52199    34.8936    34.9100    27.1538    1486.08    1483.97 0.0000e+00
       4126    173.000     8.2444     8.2427   3.641746   3.643125     2.1476    -0.0847      86.87 4.9492e-02 0.0000e+00    81.1300    5.52093    34.8946    34.9110    27.1544    1486.10    1483.98 0.0000e+00
       4147    174.000     8.2436     8.2421   3.641792   3.643159     2.1470    -0.0562      82.75 4.9496e-02 0.0000e+00    81.1281    5.51584    34.8954    34.9115    27.1552    1486.11    1483.99 0.0000e+00
       4169    175.000     8.2377     8.2365   3.641243   3.642621     2.1465    -0.0894      90.60 4.9492e-02 0.0000e+00    81.1301    5.51844    34.8949    34.9108    27.1557    1486.11    1484.00 0.0000e+00
       4191    176.000     8.2315     8.2304   3.640730   3.642115     2.1461    -0.0932      86.12 4.9496e-02 0.0000e+00    81.1118    5.51683    34.8951    34.9110    27.1568    1486.10    1484.02 0.0000e+00
       4213    177.000     8.2291     8.2274   3.640684   3.642072     2.1456    -0.0919      98.87 4.9490e-02 0.0000e+00    81.1163    5.51737    34.8965    34.9130    27.1582    1486.11    1484.03 0.0000e+00
       4235    178.000     8.2376     8.2353   3.641904   3.643257     2.1451    -0.0826      94.02 4.9496e-02 0.0000e+00    81.1017    5.51217    34.9006    34.9174    27.1602    1486.16    1484.04 0.0000e+00
       4257    179.000     8.2383     8.2367   3.642096   3.643478     2.1442    -0.0646      44.40 4.9451e-02 0.0000e+00    81.1236    5.51078    34.9015    34.9179    27.1607    1486.18    1484.05 0.0000e+00
       4279    180.000     8.2380     8.2365   3.642098   3.643509     2.1439    -0.0590      32.78 4.9522e-02 0.0000e+00    81.1373    5.51265    34.9014    34.9179    27.1607    1486.20    1484.06 0.0000e+00
       4301    181.000     8.2366     8.2351   3.642013   3.641464     2.1434    -0.0891      97.74 4.9483e-02 0.0000e+00    81.1253    5.51669    34.9014    34.8970    27.1609    1486.21    1484.07 0.0000e+00
       4322    182.000     8.2330     8.2317   3.641693   3.643026     2.1437    -0.0657      59.56 4.9515e-02 0.0000e+00    81.1175    5.51792    34.9010    34.9165    27.1612    1486.21    1484.09 0.0000e+00
       4344    183.000     8.2288     8.2272   3.641381   3.642748     2.1434    -0.0641      94.41 4.9459e-02 0.0000e+00    81.1236    5.51973    34.9014    34.9176    27.1621    1486.21    1484.10 0.0000e+00
       4366    184.000     8.2313     8.2294   3.641816   3.643204     2.1438    -0.0741      88.23 4.9452e-02 0.0000e+00    81.1073    5.52125    34.9031    34.9198    27.1630    1486.24    1484.11 0.0000e+00
       4388    185.000     8.2330     8.2312   3.642079   3.643467     2.1434    -0.0886      23.84 4.9491e-02 0.0000e+00    81.0580    5.51549    34.9037    34.9203    27.1633    1486.27    1484.12 0.0000e+00
       4409    186.000     8.2323     8.2306   3.642077   3.643475     2.1430    -0.0891      97.83 4.9496e-02 0.0000e+00    81.0476    5.51419    34.9039    34.9205    27.1635    1486.28    1484.13 0.0000e+00
       4431    187.000     8.2314     8.2298   3.642047   3.643438     2.1425    -0.0693      42.50 4.9485e-02 0.0000e+00    81.0976    5.51052    34.9040    34.9204    27.1637    1486.29    1484.14 0.0000e+00
       4453    188.000     8.2296     8.2280   3.641925   3.643313     2.1418    -0.0609      98.87 4.9464e-02 0.0000e+00    81.0991    5.51412    34.9040    34.9204    27.1640    1486.30    1484.16 0.0000e+00
       4474    189.000     8.2230     8.2218   3.641415   3.642827     2.1420    -0.0650      64.20 4.9505e-02 0.0000e+00    81.1019    5.52020    34.9046    34.9209    27.1655    1486.30    1484.17 0.0000e+00
       4496    190.000     8.2059     8.2059   3.639770   3.641195     2.1418    -0.0637      98.93 4.9451e-02 0.0000e+00    81.1036    5.51938    34.9036    34.9188    27.1673    1486.25    1484.18 0.0000e+00
       4517    191.000     8.1726     8.1726   3.636619   3.638019     2.1417    -0.0697      94.82 4.9452e-02 0.0000e+00    81.0937    5.51908    34.9025    34.9175    27.1715    1486.14    1484.19 0.0000e+00
       4539    192.000     8.1246     8.1266   3.631854   3.633313     2.1403    -0.0888      44.65 4.9452e-02 0.0000e+00    81.1332    5.50729    34.8988    34.9124    27.1759    1485.97    1484.20 0.0000e+00
       4561    193.000     8.0931     8.0926   3.628866   3.630259     2.1381    -0.0918      93.23 4.9502e-02 0.0000e+00    81.1446    5.48826    34.8976    34.9130    27.1797    1485.86    1484.21 0.0000e+00
       4583    194.000     8.0735     8.0732   3.626971   3.628388     2.1339    -0.0673      53.28 4.9521e-02 0.0000e+00    81.1806    5.44829    34.8963    34.9118    27.1817    1485.81    1484.21 0.0000e+00
       4605    195.000     8.0550     8.0542   3.625499   3.626898     2.1267    -0.0614      95.20 4.9465e-02 0.0000e+00    81.2329    5.39510    34.8985    34.9143    27.1862    1485.75    1484.22 0.0000e+00
       4627    196.000     8.0487     8.0472   3.625122   3.626507     2.1175    -0.0700      70.03 4.9502e-02 0.0000e+00    81.2609    5.34830    34.9002    34.9166    27.1885    1485.75    1484.23 0.0000e+00
       4649    197.000     8.0478     8.0462   3.625121   3.626500     2.1076    -0.0884      95.94 4.9502e-02 0.0000e+00    81.3273    5.31286    34.9007    34.9170    27.1890    1485.76    1484.24 0.0000e+00
       4671    198.000     8.0476     8.0459   3.625171   3.626543     2.0979    -0.0921      80.57 4.9492e-02 0.0000e+00    81.3619    5.28378    34.9009    34.9173    27.1892    1485.78    1484.25 0.0000e+00
       4693    199.000     8.0434     8.0425   3.624802   3.626192     2.0885    -0.0748      84.71 4.9470e-02 0.0000e+00    81.3949    5.26532    34.9006    34.9164    27.1896    1485.78    1484.25 0.0000e+00
       4715    200.000     8.0264     8.0257   3.623389   3.624776     2.0808 -9.990e-29      45.41 4.9496e-02 0.0000e+00    81.3947    5.26116    34.9019    34.9175    27.1932    1485.73    1484.26 0.0000e+00
       4737    201.000     8.0142     8.0130   3.622439   3.623823     2.0744 -9.990e-29      38.45 4.9483e-02 0.0000e+00    81.4119    5.25680    34.9034    34.9195    27.1962    1485.71    1484.27 0.0000e+00
       4759    202.000     8.0096     8.0080   3.622119   3.623477     2.0690 -9.990e-29      99.13 4.9490e-02 0.0000e+00    81.4529    5.24558    34.9041    34.9202    27.1974    1485.71    1484.28 0.0000e+00
       4780    203.000     8.0047     8.0031   3.621787   3.623153     2.0638 -9.990e-29      25.61 4.9483e-02 0.0000e+00    81.4516    5.23279    34.9049    34.9212    27.1988    1485.70    1484.28 0.0000e+00
       4802    204.000     8.0026     8.0011   3.621692   3.623080     2.0587 -9.990e-29      98.65 4.9471e-02 0.0000e+00    81.4846    5.21893    34.9055    34.9219    27.1996    1485.71    1484.29 0.0000e+00
       4825    205.000     7.9996     7.9982   3.621604   3.622977     2.0541 -9.990e-29      67.16 4.9490e-02 0.0000e+00    81.5076    5.21173    34.9071    34.9232    27.2012    1485.72    1484.30 0.0000e+00
       4847    206.000     7.9977     7.9963   3.621699   3.623096     2.0499 -9.990e-29      41.15 4.9496e-02 0.0000e+00    81.4817    5.20107    34.9095    34.9259    27.2034    1485.73    1484.30 0.0000e+00
       4869    207.000     7.9955     7.9942   3.621796   3.623172     2.0462 -9.990e-29      78.91 4.9493e-02 0.0000e+00    81.5316    5.19617    34.9122    34.9283    27.2059    1485.74    1484.31 0.0000e+00
       4892    208.000     7.9860     7.9851   3.621020   3.622429     2.0428 -9.990e-29      31.93 4.9487e-02 0.0000e+00    81.5099    5.19304    34.9129    34.9289    27.2079    1485.73    1484.32 0.0000e+00
       4914    209.000     7.9813     7.9799   3.620688   3.622070     2.0401 -9.990e-29      54.27 4.9483e-02 0.0000e+00    81.5128    5.19915    34.9135    34.9298    27.2091    1485.73    1484.32 0.0000e+00
       4936    210.000     7.9775     7.9763   3.620441   3.621834     2.0391 -9.990e-29      20.63 4.9502e-02 0.0000e+00    81.5328    5.20780    34.9142    34.9303    27.2102    1485.73    1484.33 0.0000e+00
       4958    211.000     7.9699     7.9685   3.619792   3.621163     2.0381 -9.990e-29      98.18 4.9496e-02 0.0000e+00    81.5408    5.19850    34.9143    34.9304    27.2114    1485.72    1484.34 0.0000e+00
       4981    212.000     7.9690     7.9673   3.619811   3.621170     2.0362 -9.990e-29      57.51 4.9515e-02 0.0000e+00    81.5454    5.18633    34.9149    34.9312    27.2120    1485.73    1484.34 0.0000e+00
       5003    213.000     7.9664     7.9652   3.619916   3.621301     2.0338    -0.0660      48.52 4.9477e-02 0.0000e+00    81.5521    5.17573    34.9182    34.9342    27.2149    1485.74    1484.35 0.0000e+00
       5024    214.000     7.9553     7.9542   3.619187   3.620572     2.0316    -0.0665      82.50 4.9502e-02 0.0000e+00    81.5710    5.17226    34.9209    34.9369    27.2188    1485.72    1484.36 0.0000e+00
       5046    215.000     7.9490     7.9478   3.618740   3.620128     2.0296    -0.0792      98.72 4.9508e-02 0.0000e+00    81.5570    5.16968    34.9219    34.9380    27.2205    1485.71    1484.36 0.0000e+00
       5068    216.000     7.9384     7.9375   3.618020   3.619400     2.0278    -0.0846      31.49 4.9471e-02 0.0000e+00    81.5655    5.17401    34.9243    34.9400    27.2239    1485.69    1484.37 0.0000e+00
       5090    217.000     7.9245     7.9236   3.616820   3.618186     2.0270    -0.0693      58.36 4.9489e-02 0.0000e+00    81.5797    5.17674    34.9248    34.9403    27.2264    1485.66    1484.37 0.0000e+00
       5112    218.000     7.9085     7.9080   3.615399   3.616817     2.0258    -0.0886      83.49 4.9512e-02 0.0000e+00    81.5803    5.16933    34.9250    34.9407    27.2289    1485.61    1484.38 0.0000e+00
       5134    219.000     7.9026     7.9014   3.615013   3.616395     2.0242    -0.0667      49.27 4.9496e-02 0.0000e+00    81.5952    5.15918    34.9262    34.9423    27.2308    1485.61    1484.39 0.0000e+00
       5156    220.000     7.8944     7.8931   3.614472   3.615847     2.0216    -0.0640      80.77 4.9490e-02 0.0000e+00    81.6226    5.13153    34.9281    34.9442    27.2335    1485.60    1484.39 0.0000e+00
       5178    221.000     7.8910     7.8896   3.614249   3.615617     2.0170    -0.0675      79.40 4.9490e-02 0.0000e+00    81.6394    5.09810    34.9286    34.9447    27.2344    1485.60    1484.40 0.0000e+00
       5199    222.000     7.8877     7.8863   3.614039   3.615420     2.0115    -0.0747      67.41 4.9477e-02 0.0000e+00    81.6585    5.07391    34.9292    34.9454    27.2353    1485.60    1484.40 0.0000e+00
       5221    223.000     7.8844     7.8830   3.613888   3.615262     2.0060    -0.0943      47.07 4.9533e-02 0.0000e+00    81.6927    5.05739    34.9303    34.9465    27.2368    1485.61    1484.41 0.0000e+00
       5243    224.000     7.8825     7.8810   3.613805   3.615168     2.0000    -0.0905      94.67 4.9515e-02 0.0000e+00    81.6905    5.03966    34.9309    34.9470    27.2374    1485.62    1484.41 0.0000e+00
       5265    225.000     7.8821     7.8805   3.613827   3.615190     1.9952    -0.0648      98.76 4.9473e-02 0.0000e+00    81.7113    5.03663    34.9310    34.9473    27.2376    1485.64    1484.42 0.0000e+00
       5286    226.000     7.8798     7.8781   3.613705   3.615052     1.9912    -0.0590      23.98 4.9527e-02 0.0000e+00    81.7072    5.03038    34.9315    34.9477    27.2384    1485.64    1484.42 0.0000e+00
       5308    227.000     7.8781     7.8765   3.613632   3.614993     1.9877    -0.0709      61.18 4.9505e-02 0.0000e+00    81.7234    5.02805    34.9319    34.9482    27.2389    1485.65    1484.43 0.0000e+00
       5330    228.000     7.8777     7.8760   3.613673   3.615030     1.9848    -0.0593      98.98 4.9483e-02 0.0000e+00    81.7274    5.02476    34.9323    34.9486    27.2393    1485.67    1484.43 0.0000e+00
       5352    229.000     7.8773     7.8757   3.613736   3.615102     1.9824    -0.0628      28.91 4.9496e-02 0.0000e+00    81.7320    5.02234    34.9329    34.9492    27.2398    1485.69    1484.44 0.0000e+00
