_data/ctd/2022603/sta0217.cnv
* Sea-Bird SBE 9 Data File:
* FileName = C:\Seabird\CTDData\sta0217.hex
* Software Version Seasave V 7.21f
* Temperature SN = 6264
* Conductivity SN = 4928
* Number of Bytes Per Scan = 40
* Number of Voltage Words = 5
* Number of Scans Averaged by the Deck Unit = 1
* NMEA Latitude = 61 29.43 N
* NMEA Longitude = 005 12.84 E
* NMEA UTC (Time) = Feb 16 2022 09:53:17
* NMEA baud rate = 4800
** Ship: R/V "Kristine Bonnevie"
** Station: 0217
** Echodepth: 259
** Log: 0947.872
** Wind-Dir/Force: 11  10
** Air-temp (dry): 4.6
** Weather Sky:
** Sea:
** FOFJ10
# nquan = 19                                
# nvalues = 261                         
# units = specified
# name 0 = scan: Scan Count
# name 1 = prDM: Pressure, Digiquartz [db]
# name 2 = t068C: Temperature [ITS-68, deg C]
# name 3 = t168C: Temperature, 2 [ITS-68, deg C]
# name 4 = c0S/m: Conductivity [S/m]
# name 5 = c1S/m: Conductivity, 2 [S/m]
# name 6 = sbeox0V: Oxygen raw, SBE 43 [V]
# name 7 = flECO-AFL: Fluorescence, WET Labs ECO-AFL/FL [mg/m^3]
# name 8 = altM: Altimeter [m]
# name 9 = par: PAR/Irradiance, Biospherical/Licor
# name 10 = spar: SPAR/Surface Irradiance
# name 11 = CStarTr0: Beam Transmission, WET Labs C-Star [%]
# name 12 = sbeox0ML/L: Oxygen, SBE 43 [ml/l], WS = 2
# name 13 = sal00: Salinity, Practical [PSU]
# name 14 = sal11: Salinity, Practical, 2 [PSU]
# name 15 = sigma-t00: Density [sigma-t, Kg/m^3 ]
# name 16 = svCM: Sound Velocity [Chen-Millero, m/s]
# name 17 = avgsvCM: Average Sound Velocity [Chen-Millero, m/s], minP = 1, minS = 5
# name 18 = flag: flag
# span 0 =        331,       6872       
# span 1 =      2.000,    262.000       
# span 2 =     5.8550,     9.1158       
# span 3 =     5.8573,     9.1139       
# span 4 =   3.024650,   3.661030       
# span 5 =   3.032081,   3.662503       
# span 6 =     2.0067,     2.4928       
# span 7 =    -0.0979,     0.2541       
# span 8 =       8.04,      99.94       
# span 9 = 4.9439e-02, 3.8759e+01       
# span 10 = 9.3936e+01, 9.9933e+01      
# span 11 =    79.1009,    81.0547      
# span 12 =    5.13669,    6.96817      
# span 13 =    30.5141,    35.0053      
# span 14 =    30.5948,    35.0222      
# span 15 =    24.0267,    27.2788      
# span 16 =    1468.53,    1487.01      
# span 17 =    1468.53,    1485.34      
# span 18 = 0.0000e+00, 0.0000e+00      
# interval = decibars: 1                
# start_time = Feb 16 2022 09:53:20 [System UTC, header]
# bad_flag = -9.990e-29
*END*
[from data line 77]
       2277     79.000     8.8881     8.8866   3.660834   3.662302     2.2395    -0.0678      98.80 4.9471e-02 9.5936e+01    80.9398    5.66875    34.5091    34.5259    26.7518    1486.47    1482.59 0.0000e+00
       2298     80.000     8.8765     8.8755   3.660801   3.662275     2.2373    -0.0732      98.80 4.9471e-02 9.5936e+01    80.9040    5.66493    34.5195    34.5360    26.7619    1486.46    1482.64 0.0000e+00
       2321     81.000     8.8482     8.8485   3.660339   3.661832     2.2361    -0.0901      98.80 4.9457e-02 9.5936e+01    80.9251    5.66871    34.5417    34.5571    26.7838    1486.40    1482.68 0.0000e+00
       2344     82.000     8.8227     8.8222   3.660106   3.661574     2.2345    -0.0654      98.80 4.9445e-02 9.5936e+01    80.9246    5.66376    34.5637    34.5796    26.8050    1486.35    1482.73 0.0000e+00
       2367     83.000     8.8003     8.8000   3.660344   3.661829     2.2328    -0.0664      98.80 4.9475e-02 9.5936e+01    80.9388    5.66276    34.5875    34.6035    26.8272    1486.31    1482.77 0.0000e+00
       2390     84.000     8.7768     8.7761   3.659806   3.661273     2.2314    -0.0685      98.80 4.9463e-02 9.5936e+01    80.9639    5.66127    34.6044    34.6205    26.8441    1486.26    1482.81 0.0000e+00
       2413     85.000     8.7684     8.7670   3.659643   3.661102     2.2294    -0.0878      98.80 4.9463e-02 9.5936e+01    80.9291    5.64104    34.6104    34.6271    26.8502    1486.25    1482.85 0.0000e+00
       2436     86.000     8.7613     8.7602   3.659617   3.661071     2.2258    -0.0757      98.80 4.9475e-02 9.5936e+01    80.9284    5.62395    34.6166    34.6329    26.8561    1486.25    1482.89 0.0000e+00
       2459     87.000     8.7520     8.7511   3.659536   3.661007     2.2225    -0.0626      98.80 4.9452e-02 9.5936e+01    80.9541    5.62045    34.6243    34.6407    26.8637    1486.24    1482.93 0.0000e+00
       2481     88.000     8.7420     8.7409   3.659364   3.660822     2.2196    -0.0660      58.77 4.9481e-02 9.5936e+01    80.9524    5.61641    34.6318    34.6483    26.8711    1486.23    1482.97 0.0000e+00
       2504     89.000     8.7402     8.7385   3.659383   3.660848     2.2172    -0.0618      67.44 4.9483e-02 9.5936e+01    80.9460    5.61568    34.6333    34.6504    26.8726    1486.24    1483.00 0.0000e+00
       2526     90.000     8.7368     8.7348   3.659367   3.660807     2.2154    -0.0688      98.94 4.9469e-02 9.5936e+01    80.9500    5.61323    34.6360    34.6531    26.8752    1486.25    1483.04 0.0000e+00
       2549     91.000     8.7324     8.7311   3.659329   3.660786     2.2135    -0.0649      98.80 4.9469e-02 9.5936e+01    80.9717    5.60678    34.6394    34.6560    26.8786    1486.26    1483.08 0.0000e+00
       2572     92.000     8.7129     8.7122   3.658896   3.660361     2.2114    -0.0639      98.80 4.9463e-02 9.5936e+01    80.9578    5.60518    34.6535    34.6696    26.8927    1486.22    1483.11 0.0000e+00
       2594     93.000     8.6999     8.6989   3.658617   3.660066     2.2100    -0.0658      98.80 4.9464e-02 9.5936e+01    80.9348    5.60617    34.6628    34.6790    26.9020    1486.20    1483.14 0.0000e+00
       2617     94.000     8.6870     8.6856   3.658348   3.659809     2.2083    -0.0718      98.80 4.9475e-02 9.5936e+01    80.9536    5.60141    34.6721    34.6889    26.9113    1486.18    1483.18 0.0000e+00
       2640     95.000     8.6850     8.6834   3.658357   3.659815     2.2068    -0.0677      98.80 4.9463e-02 9.5936e+01    80.9527    5.59492    34.6737    34.6906    26.9129    1486.19    1483.21 0.0000e+00
       2663     96.000     8.6811     8.6799   3.658331   3.659775     2.2047    -0.0660      98.80 4.9451e-02 9.5936e+01    80.9332    5.59229    34.6767    34.6932    26.9159    1486.19    1483.24 0.0000e+00
       2687     97.000     8.6671     8.6662   3.658036   3.659503     2.2038    -0.0559      98.80 4.9499e-02 9.5936e+01    80.9446    5.59547    34.6869    34.7033    26.9260    1486.17    1483.27 0.0000e+00
       2710     98.000     8.6568     8.6556   3.657812   3.659271     2.2022    -0.0571      98.80 4.9457e-02 9.5936e+01    80.9514    5.58734    34.6941    34.7107    26.9334    1486.16    1483.30 0.0000e+00
       2733     99.000     8.6515     8.6498   3.657736   3.659186     2.2005    -0.0571      31.73 4.9518e-02 9.5936e+01    80.9490    5.58197    34.6981    34.7150    26.9373    1486.16    1483.33 0.0000e+00
       2756    100.000     8.6496     8.6480   3.657750   3.659203     2.1988    -0.0629      98.48 4.9518e-02 9.5936e+01    80.9417    5.57598    34.6996    34.7165    26.9388    1486.17    1483.35 0.0000e+00
       2778    101.000     8.6496     8.6479   3.657801   3.659264     2.1970    -0.0623      98.80 4.9477e-02 9.5936e+01    80.9279    5.57434    34.6997    34.7168    26.9388    1486.19    1483.38 0.0000e+00
       2800    102.000     8.6487     8.6471   3.657843   3.659305     2.1959    -0.0709      98.80 4.9452e-02 9.5936e+01    80.9135    5.57827    34.7005    34.7175    26.9396    1486.20    1483.41 0.0000e+00
       2823    103.000     8.6455     8.6442   3.657813   3.659281     2.1953    -0.0637      98.80 4.9463e-02 9.5936e+01    80.9368    5.57652    34.7029    34.7196    26.9420    1486.21    1483.44 0.0000e+00
       2846    104.000     8.6418     8.6402   3.657762   3.659217     2.1942    -0.0717      98.80 4.9451e-02 9.5936e+01    80.9263    5.57582    34.7055    34.7224    26.9446    1486.21    1483.46 0.0000e+00
       2869    105.000     8.6394     8.6375   3.657757   3.659191     2.1936    -0.0597      98.80 4.9475e-02 9.5936e+01    80.9224    5.57742    34.7073    34.7243    26.9464    1486.22    1483.49 0.0000e+00
       2891    106.000     8.6385     8.6367   3.657791   3.659247     2.1931    -0.0728      98.80 4.9439e-02 9.5987e+01    80.9079    5.57760    34.7081    34.7252    26.9471    1486.24    1483.52 0.0000e+00
       2914    107.000     8.6334     8.6326   3.657705   3.659166     2.1927    -0.0918      98.80 4.9488e-02 -9.990e-29    80.9147    5.57348    34.7117    34.7279    26.9508    1486.24    1483.54 0.0000e+00
       2938    108.000     8.6272     8.6258   3.657511   3.658960     2.1913    -0.0714      98.80 4.9497e-02 -9.990e-29    80.9252    5.56723    34.7152    34.7319    26.9545    1486.24    1483.57 0.0000e+00
       2961    109.000     8.6229     8.6215   3.657450   3.658908     2.1907    -0.0596      98.80 4.9483e-02 -9.990e-29    80.9146    5.57006    34.7184    34.7351    26.9576    1486.24    1483.59 0.0000e+00
       2983    110.000     8.6174     8.6161   3.657312   3.658769     2.1898    -0.0731      98.80 4.9470e-02 -9.990e-29    80.9153    5.56752    34.7218    34.7385    26.9612    1486.24    1483.61 0.0000e+00
       3005    111.000     8.6112     8.6101   3.657158   3.658604     2.1891    -0.0716      78.13 4.9458e-02 9.7887e+01    80.8897    5.56858    34.7258    34.7422    26.9653    1486.24    1483.64 0.0000e+00
       3027    112.000     8.6051     8.6035   3.657248   3.658696     2.1886    -0.0603      45.33 4.9490e-02 9.7936e+01    80.8955    5.57015    34.7323    34.7492    26.9713    1486.24    1483.66 0.0000e+00
       3049    113.000     8.5960     8.5949   3.657092   3.658532     2.1882    -0.0586      98.69 4.9499e-02 9.7935e+01    80.8804    5.57029    34.7391    34.7554    26.9781    1486.23    1483.68 0.0000e+00
       3072    114.000     8.5917     8.5900   3.657060   3.658511     2.1877    -0.0904      98.59 4.9483e-02 9.7935e+01    80.8816    5.56894    34.7425    34.7595    26.9814    1486.24    1483.71 0.0000e+00
       3094    115.000     8.5871     8.5857   3.657061   3.658516     2.1869    -0.0673      28.52 4.9506e-02 9.7935e+01    80.8791    5.56846    34.7466    34.7633    26.9853    1486.24    1483.73 0.0000e+00
       3117    116.000     8.5821     8.5806   3.656933   3.658376     2.1868    -0.0699      99.94 4.9462e-02 9.7935e+01    80.9000    5.57676    34.7496    34.7664    26.9885    1486.24    1483.75 0.0000e+00
       3140    117.000     8.5793     8.5778   3.656867   3.658315     2.1873    -0.0607      98.80 4.9475e-02 9.7935e+01    80.9131    5.58288    34.7512    34.7680    26.9902    1486.25    1483.77 0.0000e+00
       3162    118.000     8.5766     8.5751   3.656788   3.658237     2.1878    -0.0732      28.44 4.9502e-02 9.7935e+01    80.9193    5.58455    34.7526    34.7694    26.9917    1486.26    1483.79 0.0000e+00
       3185    119.000     8.5693     8.5680   3.656768   3.658214     2.1880    -0.0875      98.07 4.9488e-02 9.7935e+01    80.9064    5.58282    34.7591    34.7756    26.9979    1486.26    1483.81 0.0000e+00
       3207    120.000     8.5630     8.5616   3.656609   3.658041     2.1880    -0.0622      98.80 4.9477e-02 9.7935e+01    80.8963    5.58176    34.7631    34.7796    27.0021    1486.26    1483.83 0.0000e+00
       3229    121.000     8.5584     8.5569   3.656558   3.658004     2.1876    -0.0610      49.77 4.9483e-02 9.7935e+01    80.8972    5.57810    34.7666    34.7834    27.0055    1486.26    1483.85 0.0000e+00
       3251    122.000     8.5568     8.5552   3.656577   3.658018     2.1871    -0.0827      84.30 4.9485e-02 9.7935e+01    80.8860    5.57923    34.7679    34.7847    27.0068    1486.27    1483.87 0.0000e+00
       3273    123.000     8.5531     8.5516   3.656556   3.658002     2.1871    -0.0755      98.93 4.9490e-02 9.7935e+01    80.8876    5.58492    34.7709    34.7876    27.0097    1486.28    1483.89 0.0000e+00
       3295    124.000     8.5510     8.5493   3.656577   3.658024     2.1872    -0.0648      69.89 4.9487e-02 9.7935e+01    80.8963    5.58325    34.7727    34.7897    27.0114    1486.29    1483.91 0.0000e+00
       3318    125.000     8.5476     8.5462   3.656624   3.658071     2.1869    -0.0672      62.07 4.9487e-02 9.7935e+01    80.8948    5.58581    34.7760    34.7927    27.0146    1486.30    1483.93 0.0000e+00
       3341    126.000     8.5390     8.5377   3.656257   3.657710     2.1872    -0.0678      98.65 4.9475e-02 9.7935e+01    80.8980    5.58845    34.7801    34.7968    27.0192    1486.29    1483.95 0.0000e+00
       3364    127.000     8.5359     8.5345   3.656359   3.657807     2.1871    -0.0647      81.36 4.9475e-02 9.7935e+01    80.8482    5.58912    34.7838    34.8005    27.0225    1486.30    1483.97 0.0000e+00
       3387    128.000     8.5348     8.5332   3.656387   3.657846     2.1874    -0.0667      50.50 4.9493e-02 9.7935e+01    80.9020    5.59048    34.7847    34.8017    27.0234    1486.31    1483.99 0.0000e+00
       3410    129.000     8.5337     8.5320   3.656401   3.657856     2.1870    -0.0660      99.38 4.9477e-02 9.7935e+01    80.8930    5.58698    34.7855    34.8025    27.0242    1486.32    1484.00 0.0000e+00
       3432    130.000     8.5321     8.5306   3.656383   3.657843     2.1870    -0.0659      98.80 4.9471e-02 9.7935e+01    80.8914    5.58432    34.7864    34.8033    27.0251    1486.33    1484.02 0.0000e+00
       3453    131.000     8.5290     8.5278   3.656143   3.657602     2.1860    -0.0705      27.40 4.9485e-02 9.7935e+01    80.8720    5.57940    34.7864    34.8030    27.0256    1486.34    1484.04 0.0000e+00
       3475    132.000     8.5195     8.5185   3.655333   3.656788     2.1854    -0.0702      99.12 4.9493e-02 9.7935e+01    80.9002    5.58145    34.7867    34.8031    27.0273    1486.32    1484.06 0.0000e+00
       3497    133.000     8.5168     8.5151   3.655400   3.656833     2.1847    -0.0661      98.80 4.9465e-02 9.7935e+01    80.8869    5.57434    34.7896    34.8065    27.0300    1486.33    1484.07 0.0000e+00
       3520    134.000     8.5150     8.5136   3.655460   3.656913     2.1833    -0.0649      38.47 4.9490e-02 9.7935e+01    80.8858    5.56429    34.7915    34.8083    27.0318    1486.34    1484.09 0.0000e+00
       3542    135.000     8.5136     8.5120   3.655482   3.656944     2.1812    -0.0598      93.11 4.9493e-02 9.7935e+01    80.8733    5.55318    34.7927    34.8097    27.0329    1486.36    1484.11 0.0000e+00
       3565    136.000     8.5122     8.5107   3.655772   3.657224     2.1792    -0.0624      98.80 4.9483e-02 9.7935e+01    80.8721    5.55267    34.7966    34.8135    27.0363    1486.37    1484.12 0.0000e+00
       3587    137.000     8.5095     8.5080   3.655806   3.657261     2.1777    -0.0624      57.17 4.9493e-02 9.7935e+01    80.8528    5.55407    34.7992    34.8161    27.0387    1486.38    1484.14 0.0000e+00
       3609    138.000     8.5075     8.5059   3.655860   3.657307     2.1769    -0.0631      76.86 4.9483e-02 9.7935e+01    80.8516    5.55804    34.8012    34.8182    27.0406    1486.39    1484.16 0.0000e+00
       3631    139.000     8.5042     8.5026   3.655751   3.657194     2.1764    -0.0770      98.53 4.9472e-02 9.7935e+01    80.8394    5.55997    34.8029    34.8197    27.0424    1486.40    1484.17 0.0000e+00
       3652    140.000     8.5001     8.4987   3.655501   3.656955     2.1761    -0.0875      82.61 4.9502e-02 9.7935e+01    80.8274    5.56239    34.8038    34.8206    27.0438    1486.40    1484.19 0.0000e+00
       3674    141.000     8.4937     8.4921   3.655090   3.656515     2.1759    -0.0643      51.34 4.9490e-02 9.7935e+01    80.8404    5.56581    34.8053    34.8219    27.0459    1486.40    1484.21 0.0000e+00
       3697    142.000     8.4909     8.4897   3.654916   3.656397     2.1761    -0.0638      99.24 4.9463e-02 9.7935e+01    80.8383    5.56668    34.8057    34.8226    27.0467    1486.40    1484.22 0.0000e+00
       3719    143.000     8.4869     8.4855   3.654642   3.656089     2.1755    -0.0655      98.80 4.9464e-02 -9.990e-29    80.8438    5.55976    34.8063    34.8230    27.0477    1486.40    1484.24 0.0000e+00
       3741    144.000     8.4801     8.4793   3.654187   3.655661     2.1749    -0.0701      35.85 4.9508e-02 -9.990e-29    80.8573    5.55660    34.8077    34.8241    27.0499    1486.40    1484.25 0.0000e+00
       3763    145.000     8.4722     8.4710   3.653914   3.655365     2.1737    -0.0682      98.76 4.9490e-02 -9.990e-29    80.8421    5.54709    34.8121    34.8287    27.0546    1486.39    1484.27 0.0000e+00
       3785    146.000     8.4693     8.4681   3.654097   3.655520     2.1721    -0.0693      98.80 4.9459e-02 -9.990e-29    80.8414    5.53921    34.8164    34.8327    27.0584    1486.40    1484.28 0.0000e+00
       3807    147.000     8.4682     8.4666   3.654284   3.655732     2.1698    -0.0650      45.88 4.9503e-02 9.8959e+01    80.8333    5.52576    34.8190    34.8359    27.0606    1486.42    1484.29 0.0000e+00
       3829    148.000     8.4660     8.4648   3.654390   3.655836     2.1676    -0.0668      89.31 4.9469e-02 9.9181e+01    80.8329    5.52275    34.8218    34.8383    27.0632    1486.43    1484.31 0.0000e+00
       3851    149.000     8.4587     8.4576   3.654043   3.655489     2.1658    -0.0689      98.77 4.9483e-02 9.9473e+01    80.8341    5.52390    34.8249    34.8413    27.0667    1486.42    1484.32 0.0000e+00
       3874    150.000     8.4508     8.4498   3.653694   3.655150     2.1643    -0.0810      63.92 4.9481e-02 9.9851e+01    80.8466    5.52490    34.8285    34.8449    27.0708    1486.41    1484.34 0.0000e+00
       3897    151.000     8.4398     8.4390   3.653225   3.654669     2.1633    -0.0802      74.74 4.9496e-02 9.9926e+01    80.8278    5.52978    34.8339    34.8500    27.0767    1486.39    1484.35 0.0000e+00
       3918    152.000     8.4335     8.4322   3.653042   3.654485     2.1628    -0.0678      99.20 4.9492e-02 -9.990e-29    80.8240    5.52958    34.8377    34.8543    27.0807    1486.39    1484.36 0.0000e+00
       3939    153.000     8.4277     8.4265   3.652870   3.654323     2.1621    -0.0679      90.75 4.9479e-02 -9.990e-29    80.8043    5.52162    34.8411    34.8577    27.0843    1486.39    1484.38 0.0000e+00
