_data/ctd/2022603/sta0154.cnv
* Sea-Bird SBE 9 Data File:
* FileName = C:\Seabird\CTDData\sta0154.hex
* Software Version Seasave V 7.21f
* Temperature SN = 6264
* Conductivity SN = 4928
* Number of Bytes Per Scan = 40
* Number of Voltage Words = 5
* Number of Scans Averaged by the Deck Unit = 1
* NMEA Latitude = 60 09.08 N
* NMEA Longitude = 006 04.75 E
* NMEA UTC (Time) = Feb 10 2022 10:12:03
* NMEA baud rate = 4800
** Ship: R/V "Kristine Bonnevie"
** Station: 0154
** Echodepth: 668
** Log: 0140.707
** Wind-Dir/Force: 19 13
** Air-temp (dry): 2.5
** Weather Sky:
** Sea:
** H4_2
# nquan = 19                                
# nvalues = 658                         
# units = specified
# name 0 = scan: Scan Count
# name 1 = prDM: Pressure, Digiquartz [db]
# name 2 = t068C: Temperature [ITS-68, deg C]
# name 3 = t168C: Temperature, 2 [ITS-68, deg C]
# name 4 = c0S/m: Conductivity [S/m]
# name 5 = c1S/m: Conductivity, 2 [S/m]
# name 6 = sbeox0V: Oxygen raw, SBE 43 [V]
# name 7 = flECO-AFL: Fluorescence, WET Labs ECO-AFL/FL [mg/m^3]
# name 8 = altM: Altimeter [m]
# name 9 = par: PAR/Irradiance, Biospherical/Licor
# name 10 = spar: SPAR/Surface Irradiance
# name 11 = CStarTr0: Beam Transmission, WET Labs C-Star [%]
# name 12 = sbeox0ML/L: Oxygen, SBE 43 [ml/l], WS = 2
# name 13 = sal00: Salinity, Practical [PSU]
# name 14 = sal11: Salinity, Practical, 2 [PSU]
# name 15 = sigma-t00: Density [sigma-t, Kg/m^3 ]
# name 16 = svCM: Sound Velocity [Chen-Millero, m/s]
# name 17 = avgsvCM: Average Sound Velocity [Chen-Millero, m/s], minP = 1, minS = 5
# name 18 = flag: flag
# span 0 =        378,      15199       
# span 1 =      2.000,    659.000       
# span 2 =     6.1613,    10.1472       
# span 3 =     6.1568,    10.1451       
# span 4 =   3.032548,   3.703434       
# span 5 =   3.031843,   3.704895       
# span 6 =     1.7414,     2.4368       
# span 7 =    -0.1053,     0.7482       
# span 8 =      11.22,     100.04       
# span 9 = 4.9445e-02, 4.9465e+01       
# span 10 = 9.3937e+01, 1.0993e+02      
# span 11 =    79.2082,    82.2308      
# span 12 =    4.48990,    6.89626      
# span 13 =    30.3267,    34.9805      
# span 14 =    30.3229,    34.9954      
# span 15 =    23.8431,    27.3109      
# span 16 =    1469.52,    1491.95      
# span 17 =    1469.52,    1487.18      
# span 18 = 0.0000e+00, 0.0000e+00      
# interval = decibars: 1                
# start_time = Feb 10 2022 10:12:06 [System UTC, header]
# bad_flag = -9.990e-29
*END*
[from data line 381]
       8752    383.000     7.7148     7.7133   3.609576   3.610833     1.9186    -0.0621      97.80 4.9498e-02 1.0393e+02    81.9503    4.91637    34.9761    34.9912    27.2978    1487.66    1485.33 0.0000e+00
       8773    384.000     7.7145     7.7131   3.609610   3.610863     1.9167    -0.0905      98.69 4.9464e-02 1.0393e+02    81.9461    4.91582    34.9763    34.9912    27.2980    1487.67    1485.34 0.0000e+00
       8795    385.000     7.7136     7.7122   3.609584   3.610839     1.9147    -0.0823      94.35 4.9512e-02 1.0393e+02    81.9369    4.91522    34.9764    34.9914    27.2983    1487.69    1485.34 0.0000e+00
       8816    386.000     7.7131     7.7117   3.609592   3.610851     1.9133    -0.0768      69.61 4.9492e-02 1.0393e+02    81.9404    4.91560    34.9766    34.9915    27.2984    1487.70    1485.35 0.0000e+00
       8838    387.000     7.7131     7.7117   3.609632   3.610895     1.9123    -0.0907      52.57 4.9512e-02 1.0393e+02    81.9475    4.91582    34.9765    34.9915    27.2984    1487.72    1485.36 0.0000e+00
       8860    388.000     7.7123     7.7110   3.609608   3.610874     1.9113    -0.0945      97.59 4.9490e-02 1.0432e+02    81.9309    4.91683    34.9766    34.9915    27.2986    1487.73    1485.36 0.0000e+00
       8882    389.000     7.7116     7.7103   3.609600   3.610860     1.9105    -0.0677      92.04 4.9508e-02 1.0525e+02    81.9279    4.91272    34.9767    34.9916    27.2988    1487.75    1485.37 0.0000e+00
       8905    390.000     7.7104     7.7091   3.609551   3.610812     1.9097    -0.0641      98.04 4.9471e-02 1.0593e+02    81.9433    4.91460    34.9769    34.9918    27.2991    1487.76    1485.38 0.0000e+00
       8927    391.000     7.7095     7.7083   3.609535   3.610800     1.9090    -0.0650      90.35 4.9483e-02 -9.990e-29    81.9262    4.91045    34.9771    34.9920    27.2994    1487.77    1485.38 0.0000e+00
       8949    392.000     7.7096     7.7082   3.609590   3.610851     1.9083    -0.0652      98.43 4.9483e-02 -9.990e-29    81.9396    4.91145    34.9771    34.9922    27.2994    1487.79    1485.39 0.0000e+00
       8971    393.000     7.7093     7.7079   3.609610   3.610861     1.9077    -0.0690      83.17 4.9481e-02 -9.990e-29    81.9075    4.91024    34.9772    34.9921    27.2995    1487.80    1485.39 0.0000e+00
       8993    394.000     7.7088     7.7074   3.609607   3.610861     1.9072    -0.0673      98.66 4.9477e-02 1.0593e+02    81.9038    4.90988    34.9772    34.9921    27.2995    1487.82    1485.40 0.0000e+00
       9015    395.000     7.7074     7.7061   3.609535   3.610793     1.9065    -0.0683      98.56 4.9489e-02 1.0593e+02    81.9173    4.90809    34.9773    34.9922    27.2999    1487.83    1485.41 0.0000e+00
       9037    396.000     7.7053     7.7040   3.609399   3.610654     1.9062    -0.0646      31.62 4.9492e-02 1.0593e+02    81.8863    4.91215    34.9775    34.9923    27.3003    1487.84    1485.41 0.0000e+00
       9059    397.000     7.7043     7.7031   3.609361   3.610616     1.9060    -0.0668      99.43 4.9490e-02 1.0593e+02    81.9037    4.90851    34.9776    34.9923    27.3005    1487.85    1485.42 0.0000e+00
       9081    398.000     7.7026     7.7014   3.609234   3.610505     1.9052    -0.0684      97.52 4.9471e-02 1.0593e+02    81.8848    4.90420    34.9774    34.9923    27.3007    1487.86    1485.42 0.0000e+00
       9103    399.000     7.7014     7.7001   3.609194   3.610452     1.9047    -0.0654      96.04 4.9496e-02 1.0593e+02    81.9073    4.90317    34.9777    34.9926    27.3011    1487.87    1485.43 0.0000e+00
       9125    400.000     7.6994     7.6983   3.609060   3.610328     1.9038    -0.0669      98.82 4.9487e-02 1.0593e+02    81.9063    4.89830    34.9778    34.9926    27.3014    1487.88    1485.44 0.0000e+00
       9148    401.000     7.6976     7.6965   3.608958   3.610213     1.9029    -0.0720      58.53 4.9496e-02 1.0593e+02    81.8878    4.89517    34.9780    34.9927    27.3019    1487.89    1485.44 0.0000e+00
       9170    402.000     7.6966     7.6953   3.608918   3.610175     1.9018    -0.0651      81.11 4.9475e-02 1.0593e+02    81.8635    4.88733    34.9781    34.9930    27.3021    1487.90    1485.45 0.0000e+00
       9193    403.000     7.6964     7.6950   3.608958   3.610211     1.9003    -0.0664      54.62 4.9490e-02 1.0593e+02    81.8790    4.88353    34.9782    34.9932    27.3022    1487.92    1485.45 0.0000e+00
       9215    404.000     7.6961     7.6947   3.608992   3.610235     1.8992    -0.0748      87.54 4.9493e-02 1.0593e+02    81.8814    4.88005    34.9784    34.9932    27.3024    1487.94    1485.46 0.0000e+00
       9237    405.000     7.6955     7.6943   3.608992   3.610256     1.8977    -0.0742      43.70 4.9477e-02 1.0593e+02    81.8430    4.87691    34.9785    34.9934    27.3026    1487.95    1485.47 0.0000e+00
       9260    406.000     7.6954     7.6940   3.609039   3.610300     1.8970    -0.0726      92.59 4.9487e-02 1.0593e+02    81.8534    4.88605    34.9787    34.9937    27.3027    1487.97    1485.47 0.0000e+00
       9282    407.000     7.6954     7.6940   3.609085   3.610333     1.8968    -0.0710      33.02 4.9521e-02 1.0593e+02    81.8681    4.88492    34.9787    34.9936    27.3027    1487.98    1485.48 0.0000e+00
       9305    408.000     7.6938     7.6926   3.608985   3.610242     1.8964    -0.0679      98.25 4.9489e-02 1.0593e+02    81.8402    4.89042    34.9787    34.9935    27.3030    1487.99    1485.49 0.0000e+00
       9327    409.000     7.6923     7.6910   3.608890   3.610150     1.8967    -0.0616      29.74 4.9483e-02 1.0593e+02    81.8133    4.89818    34.9787    34.9936    27.3032    1488.00    1485.49 0.0000e+00
       9349    410.000     7.6917     7.6904   3.608881   3.610132     1.8973    -0.0697     100.02 4.9490e-02 1.0593e+02    81.8047    4.89808    34.9787    34.9936    27.3033    1488.02    1485.50 0.0000e+00
       9371    411.000     7.6913     7.6900   3.608891   3.610148     1.8973    -0.0814      30.94 4.9515e-02 1.0593e+02    81.7511    4.89024    34.9788    34.9936    27.3034    1488.03    1485.50 0.0000e+00
       9393    412.000     7.6913     7.6898   3.608930   3.610176     1.8966    -0.0793      98.80 4.9481e-02 1.0593e+02    81.7275    4.87810    34.9787    34.9937    27.3033    1488.05    1485.51 0.0000e+00
       9415    413.000     7.6912     7.6899   3.608984   3.610234     1.8949    -0.0631      30.36 4.9492e-02 1.0593e+02    81.7078    4.86218    34.9789    34.9937    27.3035    1488.07    1485.52 0.0000e+00
       9437    414.000     7.6911     7.6897   3.609010   3.610264     1.8927    -0.0652      99.45 4.9490e-02 1.0593e+02    81.7164    4.85291    34.9788    34.9938    27.3034    1488.08    1485.52 0.0000e+00
       9459    415.000     7.6911     7.6896   3.609057   3.610296     1.8909    -0.0652      11.22 4.9481e-02 1.0593e+02    81.7186    4.85176    34.9788    34.9937    27.3035    1488.10    1485.53 0.0000e+00
       9481    416.000     7.6911     7.6896   3.609101   3.610343     1.8891    -0.0686      54.31 4.9483e-02 1.0593e+02    81.7303    4.84821    34.9788    34.9937    27.3035    1488.12    1485.53 0.0000e+00
       9503    417.000     7.6911     7.6897   3.609148   3.610398     1.8878    -0.0627      26.60 4.9502e-02 1.0593e+02    81.7117    4.84991    34.9789    34.9938    27.3035    1488.13    1485.54 0.0000e+00
       9526    418.000     7.6912     7.6898   3.609202   3.610454     1.8866    -0.0781      95.78 4.9487e-02 1.0593e+02    81.6975    4.84880    34.9789    34.9938    27.3035    1488.15    1485.55 0.0000e+00
       9549    419.000     7.6912     7.6898   3.609250   3.610496     1.8856    -0.0791      92.05 4.9487e-02 1.0593e+02    81.6933    4.84581    34.9789    34.9938    27.3035    1488.16    1485.55 0.0000e+00
       9571    420.000     7.6912     7.6898   3.609291   3.610545     1.8846    -0.0583      93.17 4.9496e-02 1.0593e+02    81.7053    4.84806    34.9789    34.9938    27.3035    1488.18    1485.56 0.0000e+00
       9594    421.000     7.6913     7.6899   3.609349   3.610608     1.8841    -0.0639      85.05 4.9481e-02 1.0593e+02    81.7515    4.84629    34.9789    34.9939    27.3035    1488.20    1485.57 0.0000e+00
       9617    422.000     7.6913     7.6901   3.609386   3.610662     1.8834    -0.0689      92.41 4.9493e-02 1.0593e+02    81.6885    4.84483    34.9788    34.9938    27.3034    1488.21    1485.57 0.0000e+00
       9639    423.000     7.6914     7.6901   3.609446   3.610705     1.8827    -0.0628      81.47 4.9471e-02 1.0593e+02    81.7221    4.84327    34.9789    34.9938    27.3035    1488.23    1485.58 0.0000e+00
       9662    424.000     7.6916     7.6903   3.609512   3.610769     1.8822    -0.0628      94.73 4.9512e-02 1.0593e+02    81.7033    4.84466    34.9789    34.9938    27.3035    1488.25    1485.58 0.0000e+00
       9685    425.000     7.6916     7.6903   3.609557   3.610784     1.8818    -0.0651      70.38 4.9483e-02 1.0593e+02    81.7003    4.84535    34.9789    34.9935    27.3035    1488.27    1485.59 0.0000e+00
       9707    426.000     7.6916     7.6903   3.609605   3.610854     1.8816    -0.0663      96.32 4.9493e-02 1.0593e+02    81.7280    4.84669    34.9790    34.9938    27.3035    1488.28    1485.60 0.0000e+00
       9729    427.000     7.6915     7.6903   3.609642   3.610896     1.8812    -0.0628      69.73 4.9490e-02 1.0593e+02    81.7070    4.84299    34.9790    34.9937    27.3035    1488.30    1485.60 0.0000e+00
       9751    428.000     7.6912     7.6899   3.609653   3.610909     1.8809    -0.0655      98.71 4.9496e-02 1.0593e+02    81.7343    4.84503    34.9789    34.9938    27.3035    1488.31    1485.61 0.0000e+00
       9774    429.000     7.6911     7.6897   3.609693   3.610942     1.8807    -0.0608      98.80 4.9487e-02 1.0593e+02    81.7205    4.84673    34.9790    34.9939    27.3036    1488.33    1485.62 0.0000e+00
       9797    430.000     7.6911     7.6897   3.609725   3.610991     1.8807    -0.0649      98.80 4.9483e-02 1.0593e+02    81.7246    4.84674    34.9788    34.9939    27.3035    1488.35    1485.62 0.0000e+00
       9819    431.000     7.6912     7.6898   3.609780   3.611048     1.8802    -0.0644      75.73 4.9493e-02 1.0593e+02    81.6991    4.84209    34.9789    34.9939    27.3035    1488.36    1485.63 0.0000e+00
       9842    432.000     7.6913     7.6899   3.609845   3.611096     1.8799    -0.0655      62.93 4.9481e-02 1.0593e+02    81.7149    4.84151    34.9790    34.9939    27.3035    1488.38    1485.64 0.0000e+00
       9865    433.000     7.6914     7.6900   3.609892   3.611145     1.8793    -0.0638      60.26 4.9493e-02 1.0593e+02    81.7117    4.84374    34.9789    34.9938    27.3035    1488.40    1485.64 0.0000e+00
       9888    434.000     7.6906     7.6894   3.609870   3.611132     1.8795    -0.0611      60.24 4.9511e-02 1.0593e+02    81.7501    4.84399    34.9790    34.9938    27.3037    1488.41    1485.65 0.0000e+00
       9911    435.000     7.6894     7.6882   3.609813   3.611073     1.8788    -0.0634      98.95 4.9493e-02 1.0593e+02    81.7454    4.83781    34.9791    34.9939    27.3039    1488.42    1485.65 0.0000e+00
       9934    436.000     7.6890     7.6876   3.609814   3.611070     1.8784    -0.0645      88.12 4.9500e-02 1.0593e+02    81.7300    4.84082    34.9790    34.9940    27.3039    1488.44    1485.66 0.0000e+00
       9957    437.000     7.6890     7.6876   3.609861   3.611116     1.8781    -0.0652      98.83 4.9505e-02 1.0593e+02    81.7696    4.84051    34.9791    34.9940    27.3039    1488.45    1485.67 0.0000e+00
       9980    438.000     7.6891     7.6875   3.609919   3.611154     1.8778    -0.0634      88.25 4.9499e-02 1.0593e+02    81.7997    4.84274    34.9791    34.9940    27.3040    1488.47    1485.67 0.0000e+00
      10003    439.000     7.6886     7.6873   3.609913   3.611171     1.8778    -0.0573      50.74 4.9475e-02 1.0593e+02    81.8024    4.84569    34.9791    34.9939    27.3040    1488.48    1485.68 0.0000e+00
      10026    440.000     7.6877     7.6864   3.609884   3.611140     1.8780    -0.0558      59.46 4.9515e-02 1.0593e+02    81.8316    4.84149    34.9792    34.9940    27.3042    1488.50    1485.69 0.0000e+00
      10048    441.000     7.6864     7.6851   3.609814   3.611065     1.8771    -0.0558      57.73 4.9499e-02 1.0593e+02    81.8055    4.83649    34.9792    34.9940    27.3045    1488.51    1485.69 0.0000e+00
      10071    442.000     7.6859     7.6846   3.609817   3.611068     1.8770    -0.0558      19.25 4.9502e-02 1.0593e+02    81.7946    4.84085    34.9793    34.9941    27.3046    1488.52    1485.70 0.0000e+00
      10093    443.000     7.6857     7.6844   3.609844   3.611104     1.8765    -0.0574      18.47 4.9499e-02 1.0593e+02    81.8102    4.83550    34.9793    34.9942    27.3046    1488.54    1485.71 0.0000e+00
      10116    444.000     7.6856     7.6843   3.609873   3.611137     1.8759    -0.0623      67.74 4.9502e-02 1.0593e+02    81.8014    4.83616    34.9792    34.9942    27.3046    1488.56    1485.71 0.0000e+00
      10138    445.000     7.6848     7.6836   3.609851   3.611102     1.8756    -0.0616      55.51 4.9487e-02 1.0593e+02    81.8053    4.83335    34.9793    34.9940    27.3048    1488.57    1485.72 0.0000e+00
      10161    446.000     7.6844     7.6831   3.609868   3.611113     1.8747    -0.0693      32.14 4.9477e-02 1.0593e+02    81.7901    4.83065    34.9794    34.9942    27.3049    1488.58    1485.72 0.0000e+00
      10183    447.000     7.6843     7.6829   3.609900   3.611152     1.8744    -0.0680      98.52 4.9487e-02 1.0593e+02    81.8310    4.82634    34.9794    34.9943    27.3049    1488.60    1485.73 0.0000e+00
      10206    448.000     7.6833     7.6820   3.609849   3.611109     1.8730    -0.0691      98.80 4.9487e-02 1.0593e+02    81.7919    4.82133    34.9793    34.9943    27.3050    1488.61    1485.74 0.0000e+00
      10229    449.000     7.6810     7.6798   3.609701   3.610953     1.8722    -0.0673      57.74 4.9490e-02 1.0593e+02    81.8181    4.81849    34.9796    34.9943    27.3055    1488.62    1485.74 0.0000e+00
      10251    450.000     7.6798     7.6785   3.609645   3.610896     1.8711    -0.0620      84.55 4.9487e-02 1.0593e+02    81.8218    4.81668    34.9797    34.9945    27.3058    1488.63    1485.75 0.0000e+00
      10274    451.000     7.6795     7.6782   3.609662   3.610913     1.8701    -0.0664      47.39 4.9487e-02 1.0593e+02    81.7894    4.81159    34.9797    34.9945    27.3058    1488.65    1485.76 0.0000e+00
      10297    452.000     7.6788     7.6775   3.609639   3.610902     1.8689    -0.0611      93.23 4.9469e-02 1.0593e+02    81.8088    4.80649    34.9797    34.9946    27.3059    1488.66    1485.76 0.0000e+00
      10320    453.000     7.6789     7.6775   3.609697   3.610950     1.8677    -0.0636      39.99 4.9505e-02 1.0593e+02    81.8041    4.80375    34.9797    34.9946    27.3059    1488.68    1485.77 0.0000e+00
      10343    454.000     7.6774     7.6762   3.609612   3.610861     1.8666    -0.0587      60.33 4.9482e-02 1.0593e+02    81.7790    4.80457    34.9798    34.9945    27.3062    1488.69    1485.78 0.0000e+00
      10365    455.000     7.6766     7.6753   3.609582   3.610847     1.8656    -0.0672      29.71 4.9496e-02 1.0593e+02    81.7432    4.79540    34.9798    34.9948    27.3064    1488.70    1485.78 0.0000e+00
      10388    456.000     7.6763     7.6751   3.609614   3.610869     1.8641    -0.0611      99.41 4.9493e-02 1.0593e+02    81.7536    4.78974    34.9800    34.9947    27.3065    1488.72    1485.79 0.0000e+00
      10411    457.000     7.6763     7.6749   3.609654   3.610906     1.8628    -0.0739      21.37 4.9493e-02 1.0593e+02    81.7268    4.78863    34.9799    34.9949    27.3065    1488.74    1485.80 0.0000e+00
      10433    458.000     7.6759     7.6746   3.609667   3.610922     1.8616    -0.0873      60.52 4.9502e-02 1.0593e+02    81.7207    4.78712    34.9800    34.9948    27.3066    1488.75    1485.80 0.0000e+00
