_data/ctd/2022603/sta0161.cnv
* Sea-Bird SBE 9 Data File:
* FileName = C:\Seabird\CTDData\sta0161.hex
* Software Version Seasave V 7.21f
* Temperature SN = 6264
* Conductivity SN = 4928
* Number of Bytes Per Scan = 40
* Number of Voltage Words = 5
* Number of Scans Averaged by the Deck Unit = 1
* NMEA Latitude = 59 39.50 N
* NMEA Longitude = 005 53.01 E
* NMEA UTC (Time) = Feb 11 2022 17:04:38
* NMEA baud rate = 4800
** Ship: R/V "Kristine Bonnevie"
** Station: 0161
** Echodepth: 187
** Log: 0326.492
** Wind-Dir/Force: 20 10
** Air-temp (dry): -0.4
** Weather Sky:
** Sea:
# nquan = 19                                
# nvalues = 178                         
# units = specified
# name 0 = scan: Scan Count
# name 1 = prDM: Pressure, Digiquartz [db]
# name 2 = t068C: Temperature [ITS-68, deg C]
# name 3 = t168C: Temperature, 2 [ITS-68, deg C]
# name 4 = c0S/m: Conductivity [S/m]
# name 5 = c1S/m: Conductivity, 2 [S/m]
# name 6 = sbeox0V: Oxygen raw, SBE 43 [V]
# name 7 = flECO-AFL: Fluorescence, WET Labs ECO-AFL/FL [mg/m^3]
# name 8 = altM: Altimeter [m]
# name 9 = par: PAR/Irradiance, Biospherical/Licor
# name 10 = spar: SPAR/Surface Irradiance
# name 11 = CStarTr0: Beam Transmission, WET Labs C-Star [%]
# name 12 = sbeox0ML/L: Oxygen, SBE 43 [ml/l], WS = 2
# name 13 = sal00: Salinity, Practical [PSU]
# name 14 = sal11: Salinity, Practical, 2 [PSU]
# name 15 = sigma-t00: Density [sigma-t, Kg/m^3 ]
# name 16 = svCM: Sound Velocity [Chen-Millero, m/s]
# name 17 = avgsvCM: Average Sound Velocity [Chen-Millero, m/s], minP = 1, minS = 5
# name 18 = flag: flag
# span 0 =        314,       4847       
# span 1 =      2.000,    179.000       
# span 2 =     6.3352,     9.5163       
# span 3 =     6.3318,     9.5084       
# span 4 =   2.940940,   3.664181       
# span 5 =   2.935374,   3.665646       
# span 6 =     1.4426,     2.4428       
# span 7 =    -0.0645,     0.9969       
# span 8 =       8.64,      99.26       
# span 9 = 4.9402e-02, 8.3270e-01       
# span 10 = 0.0000e+00, 0.0000e+00      
# span 11 =    78.0819,    81.2133      
# span 12 =    3.15277,    6.88760      
# span 13 =    29.1672,    34.8540      
# span 14 =    29.1092,    34.8699      
# span 15 =    22.9086,    27.1239      
# span 16 =    1468.76,    1487.10      
# span 17 =    1468.76,    1484.73      
# span 18 = 0.0000e+00, 0.0000e+00      
# interval = decibars: 1                
# start_time = Feb 11 2022 17:04:40 [System UTC, header]
# bad_flag = -9.990e-29
*END*
        314      2.000     6.3352     6.3318   2.940940   2.935374     2.4308     0.9969      98.83 8.3270e-01 0.0000e+00    78.0819    6.88760    29.1672    29.1092    22.9086    1468.76    1468.76 0.0000e+00
        396      3.000     6.4804     6.4732   2.995980   2.998875     2.4309     0.8490      98.82 5.0286e-01 0.0000e+00    78.1396    6.85087    29.6435    29.6814    23.2666    1469.95    1469.16 0.0000e+00
        441      4.000     7.0165     7.0112   3.129773   3.132706     2.4352     0.8284      69.84 3.1077e-01 0.0000e+00    78.3097    6.79287    30.6271    30.6636    23.9741    1473.31    1470.19 0.0000e+00
        476      5.000     7.0540     7.0436   3.149660   3.149177     2.4428     0.6392      90.62 2.2828e-01 0.0000e+00    78.7127    6.72815    30.8085    30.8125    24.1119    1473.70    1470.89 0.0000e+00
        509      6.000     7.2149     7.2071   3.200551   3.200523     2.4346     0.6172      81.43 1.7389e-01 0.0000e+00    79.0463    6.59002    31.2136    31.2203    24.4094    1474.85    1471.55 0.0000e+00
        538      7.000     7.3270     7.3118   3.236705   3.236987     2.4268     0.5975      68.68 1.3497e-01 0.0000e+00    79.2533    6.53073    31.5015    31.5184    24.6208    1475.66    1472.14 0.0000e+00
        567      8.000     7.4801     7.4704   3.256305   3.256814     2.4188     0.5217      98.95 1.0581e-01 0.0000e+00    79.5563    6.48732    31.5727    31.5870    24.6560    1476.36    1472.66 0.0000e+00
        594      9.000     7.6220     7.6086   3.280695   3.281173     2.4118     0.4299      98.82 8.4939e-02 0.0000e+00    79.8439    6.43322    31.7046    31.7219    24.7401    1477.09    1473.15 0.0000e+00
        621     10.000     7.8729     7.8600   3.324515   3.325035     2.4046     0.3528      98.82 6.6108e-02 0.0000e+00    80.0553    6.36986    31.9431    31.9604    24.8922    1478.36    1473.67 0.0000e+00
        647     11.000     7.9972     7.9913   3.348459   3.349378     2.3995     0.2688      98.83 5.3864e-02 0.0000e+00    80.2816    6.33596    32.0835    32.0987    24.9848    1479.02    1474.16 0.0000e+00
        672     12.000     8.0455     8.0412   3.359875   3.360816     2.3931     0.2127      98.82 4.9666e-02 0.0000e+00    80.4904    6.28131    32.1600    32.1739    25.0378    1479.32    1474.59 0.0000e+00
        697     13.000     8.1405     8.1326   3.376493   3.377423     2.3846     0.1727      98.82 4.9479e-02 0.0000e+00    80.6358    6.22206    32.2485    32.2656    25.0935    1479.80    1474.99 0.0000e+00
        721     14.000     8.2828     8.2687   3.398586   3.399509     2.3763     0.1591      98.82 4.9474e-02 0.0000e+00    80.7201    6.18061    32.3509    32.3736    25.1530    1480.49    1475.38 0.0000e+00
        745     15.000     8.4618     8.4533   3.425482   3.426589     2.3690     0.1440      98.82 4.9485e-02 0.0000e+00    80.7624    6.13459    32.4691    32.4886    25.2191    1481.32    1475.77 0.0000e+00
        769     16.000     8.6596     8.6441   3.455600   3.456696     2.3629     0.1146      98.82 4.9475e-02 0.0000e+00    80.8018    6.08788    32.6026    32.6284    25.2939    1482.24    1476.18 0.0000e+00
        791     17.000     8.8645     8.8495   3.488318   3.489595     2.3573     0.0721      98.82 4.9483e-02 0.0000e+00    80.8712    6.03622    32.7551    32.7823    25.3820    1483.21    1476.59 0.0000e+00
        814     18.000     9.1075     9.0922   3.527876   3.528877     2.3512     0.0105      31.61 4.9475e-02 0.0000e+00    80.9355    5.97296    32.9416    32.9662    25.4901    1484.36    1477.02 0.0000e+00
        836     19.000     9.2975     9.2861   3.560699   3.562016     2.3454     0.0096      98.05 4.9472e-02 0.0000e+00    80.9742    5.91014    33.1052    33.1294    25.5879    1485.27    1477.45 0.0000e+00
        857     20.000     9.3658     9.3616   3.575653   3.576978     2.3370    -0.0181      98.82 4.9472e-02 0.0000e+00    80.9950    5.83032    33.1958    33.2134    25.6478    1485.65    1477.86 0.0000e+00
        878     21.000     9.3826     9.3819   3.580587   3.582078     2.3241    -0.0211      98.81 4.9464e-02 0.0000e+00    81.0413    5.73470    33.2307    33.2467    25.6724    1485.77    1478.23 0.0000e+00
        899     22.000     9.1708     9.1777   3.565313   3.566564     2.3067    -0.0222      98.81 4.9467e-02 0.0000e+00    81.0156    5.66338    33.2694    33.2760    25.7365    1485.06    1478.54 0.0000e+00
        920     23.000     9.4098     9.3860   3.601705   3.602947     2.2872    -0.0238      98.81 4.9479e-02 0.0000e+00    81.0445    5.56134    33.4224    33.4575    25.8178    1486.14    1478.87 0.0000e+00
        940     24.000     9.4608     9.4651   3.616056   3.617569     2.2700    -0.0222      98.80 4.9494e-02 0.0000e+00    81.0416    5.56536    33.5223    33.5339    25.8877    1486.46    1479.18 0.0000e+00
        960     25.000     9.3026     9.3105   3.608071   3.609385     2.2615    -0.0436      98.80 4.9446e-02 0.0000e+00    81.0362    5.57871    33.5878    33.5939    25.9644    1485.98    1479.45 0.0000e+00
        981     26.000     9.2766     9.2727   3.613145   3.614551     2.2487    -0.0538      98.81 4.9467e-02 0.0000e+00    81.0838    5.49307    33.6643    33.6826    26.0285    1486.00    1479.71 0.0000e+00
       1001     27.000     9.3924     9.3827   3.631815   3.633264     2.2328    -0.0454      84.87 4.9517e-02 0.0000e+00    81.0916    5.42825    33.7479    33.7721    26.0752    1486.54    1479.96 0.0000e+00
       1021     28.000     9.5163     9.5084   3.649892   3.651549     2.2204    -0.0468      65.32 4.9487e-02 0.0000e+00    81.1718    5.41800    33.8172    33.8418    26.1092    1487.09    1480.21 0.0000e+00
       1041     29.000     9.4505     9.4541   3.645005   3.646488     2.2125    -0.0451      99.00 4.9453e-02 0.0000e+00    81.2126    5.42175    33.8285    33.8404    26.1287    1486.88    1480.44 0.0000e+00
       1061     30.000     9.4111     9.4149   3.644632   3.646160     2.2037    -0.0486      73.59 4.9492e-02 0.0000e+00    81.1675    5.36829    33.8614    33.8736    26.1609    1486.79    1480.65 0.0000e+00
       1082     31.000     9.3924     9.3910   3.648993   3.650427     2.1900    -0.0488      98.41 4.9496e-02 0.0000e+00    81.1488    5.29837    33.9238    33.9399    26.2127    1486.82    1480.85 0.0000e+00
       1104     32.000     9.4164     9.4117   3.656783   3.658202     2.1756    -0.0516      93.82 4.9496e-02 0.0000e+00    81.1531    5.26268    33.9811    34.0002    26.2536    1486.99    1481.04 0.0000e+00
       1127     33.000     9.4245     9.4247   3.662639   3.664113     2.1637 -9.990e-29      32.97 4.9457e-02 0.0000e+00    81.1504    5.24978    34.0335    34.0486    26.2933    1487.10    1481.22 0.0000e+00
       1149     34.000     9.3841     9.3838   3.662670   3.664146     2.1537 -9.990e-29      96.25 4.9496e-02 0.0000e+00    81.1267    5.21981    34.0718    34.0874    26.3299    1487.02    1481.39 0.0000e+00
       1172     35.000     9.3701     9.3693   3.664181   3.665646     2.1419 -9.990e-29      44.34 4.9481e-02 0.0000e+00    81.1009    5.16959    34.1004    34.1163    26.3545    1487.02    1481.55 0.0000e+00
       1195     36.000     9.3189     9.3217   3.661985   3.663402     2.1296    -0.0558      97.80 4.9469e-02 0.0000e+00    81.0276    5.14098    34.1260    34.1380    26.3828    1486.88    1481.70 0.0000e+00
       1217     37.000     9.2318     9.2337   3.657857   3.659280     2.1184    -0.0640      56.06 4.9452e-02 0.0000e+00    80.9420    5.11413    34.1660    34.1789    26.4282    1486.63    1481.83 0.0000e+00
       1240     38.000     9.1841     9.1831   3.657068   3.658522     2.1061    -0.0584      99.26 4.9476e-02 0.0000e+00    80.9234    5.08432    34.2030    34.2191    26.4649    1486.51    1481.96 0.0000e+00
       1263     39.000     9.1802     9.1798   3.658819   3.660254     2.0962    -0.0637      76.27 4.9445e-02 0.0000e+00    80.9771    5.08956    34.2245    34.2399    26.4824    1486.54    1482.07 0.0000e+00
       1286     40.000     9.1549     9.1536   3.658312   3.659711     2.0907    -0.0645      92.74 4.9458e-02 0.0000e+00    81.0264    5.10964    34.2431    34.2589    26.5010    1486.49    1482.18 0.0000e+00
       1308     41.000     9.1405     9.1400   3.657635   3.659007     2.0870    -0.0612      94.81 4.9476e-02 0.0000e+00    81.0282    5.10312    34.2494    34.2642    26.5082    1486.46    1482.29 0.0000e+00
       1331     42.000     9.0906     9.0915   3.655185   3.656600     2.0826 -9.990e-29      35.84 4.9463e-02 0.0000e+00    81.0514    5.08434    34.2714    34.2853    26.5334    1486.32    1482.38 0.0000e+00
       1354     43.000     9.0683     9.0673   3.655105   3.656528     2.0771 -9.990e-29      98.33 4.9493e-02 0.0000e+00    81.0542    5.06426    34.2916    34.3074    26.5528    1486.28    1482.47 0.0000e+00
       1377     44.000     9.0499     9.0495   3.654509   3.655930     2.0721 -9.990e-29      55.56 4.9493e-02 0.0000e+00    81.0519    5.06958    34.3026    34.3178    26.5644    1486.24    1482.56 0.0000e+00
       1400     45.000     9.0300     9.0288   3.653697   3.655097     2.0694 -9.990e-29      96.76 4.9470e-02 0.0000e+00    81.0496    5.06785    34.3128    34.3286    26.5756    1486.20    1482.64 0.0000e+00
       1423     46.000     9.0118     9.0113   3.653387   3.654799     2.0653 -9.990e-29      60.65 4.9481e-02 0.0000e+00    81.0314    5.04346    34.3267    34.3420    26.5893    1486.16    1482.72 0.0000e+00
       1446     47.000     8.9826     8.9824   3.652401   3.653792     2.0608 -9.990e-29      96.09 4.9475e-02 0.0000e+00    81.0373    5.04079    34.3441    34.3589    26.6076    1486.09    1482.79 0.0000e+00
       1468     48.000     8.9546     8.9544   3.651348   3.652757     2.0578 -9.990e-29      85.45 4.9483e-02 0.0000e+00    81.1350    5.05196    34.3597    34.3747    26.6243    1486.03    1482.85 0.0000e+00
       1491     49.000     8.9327     8.9321   3.650363   3.651750     2.0571    -0.0558      94.88 4.9487e-02 0.0000e+00    81.1706    5.07919    34.3701    34.3852    26.6359    1485.97    1482.92 0.0000e+00
       1514     50.000     8.9125     8.9121   3.649528   3.650936     2.0584    -0.0558      85.82 4.9469e-02 0.0000e+00    81.2070    5.08275    34.3804    34.3956    26.6472    1485.93    1482.98 0.0000e+00
       1537     51.000     8.8973     8.8964   3.649046   3.650449     2.0573    -0.0558      26.79 4.9483e-02 0.0000e+00    81.1958    5.06255    34.3896    34.4052    26.6568    1485.90    1483.04 0.0000e+00
       1559     52.000     8.8944     8.8929   3.649124   3.650534     2.0556    -0.0558      94.58 4.9475e-02 0.0000e+00    81.2133    5.06328    34.3928    34.4090    26.6598    1485.91    1483.09 0.0000e+00
       1582     53.000     8.8793     8.8793   3.648669   3.650075     2.0552    -0.0558      49.94 4.9457e-02 0.0000e+00    81.1950    5.06935    34.4022    34.4169    26.6695    1485.88    1483.14 0.0000e+00
       1605     54.000     8.8522     8.8519   3.647541   3.648944     2.0541    -0.0545      90.74 4.9469e-02 0.0000e+00    81.1854    5.05815    34.4162    34.4312    26.6848    1485.82    1483.19 0.0000e+00
       1628     55.000     8.8372     8.8364   3.647038   3.648429     2.0520 -9.990e-29      71.50 4.9469e-02 0.0000e+00    81.1132    5.05032    34.4250    34.4404    26.6940    1485.79    1483.24 0.0000e+00
       1651     56.000     8.8209     8.8206   3.646340   3.647725     2.0505 -9.990e-29      29.08 4.9487e-02 0.0000e+00    81.1060    5.04628    34.4330    34.4478    26.7029    1485.75    1483.28 0.0000e+00
       1674     57.000     8.7921     8.7919   3.645434   3.646815     2.0474 -9.990e-29      92.00 4.9463e-02 0.0000e+00    81.1543    5.01918    34.4510    34.4657    26.7215    1485.69    1483.33 0.0000e+00
       1697     58.000     8.7820     8.7810   3.645177   3.646561     2.0427 -9.990e-29      98.47 4.9479e-02 0.0000e+00    81.1715    5.00106    34.4576    34.4732    26.7283    1485.67    1483.37 0.0000e+00
       1720     59.000     8.7738     8.7727   3.645072   3.646452     2.0388 -9.990e-29      83.96 4.9471e-02 0.0000e+00    81.1621    5.01057    34.4640    34.4796    26.7346    1485.67    1483.41 0.0000e+00
       1743     60.000     8.7598     8.7590   3.644673   3.646058     2.0378 -9.990e-29      57.55 4.9469e-02 0.0000e+00    81.1693    5.03507    34.4730    34.4883    26.7438    1485.64    1483.44 0.0000e+00
       1766     61.000     8.7422     8.7418   3.644159   3.645531     2.0386 -9.990e-29      77.14 4.9469e-02 0.0000e+00    81.1650    5.05435    34.4842    34.4991    26.7554    1485.61    1483.48 0.0000e+00
       1789     62.000     8.7305     8.7296   3.643693   3.645075     2.0402 -9.990e-29      68.82 4.9457e-02 0.0000e+00    81.1529    5.05810    34.4902    34.5057    26.7620    1485.59    1483.51 0.0000e+00
       1812     63.000     8.7187     8.7177   3.643357   3.644719     2.0406 -9.990e-29      83.39 4.9490e-02 0.0000e+00    81.1464    5.03994    34.4977    34.5131    26.7697    1485.57    1483.55 0.0000e+00
       1834     64.000     8.7124     8.7111   3.643253   3.644618     2.0382 -9.990e-29      83.73 4.9481e-02 0.0000e+00    81.1185    5.00718    34.5023    34.5180    26.7743    1485.57    1483.58 0.0000e+00
       1857     65.000     8.7059     8.7046   3.643397   3.644763     2.0340 -9.990e-29      98.70 4.9475e-02 0.0000e+00    81.1294    4.97541    34.5097    34.5254    26.7811    1485.57    1483.61 0.0000e+00
       1879     66.000     8.6961     8.6948   3.643180   3.644544     2.0279 -9.990e-29      86.43 4.9458e-02 0.0000e+00    81.1186    4.94996    34.5165    34.5321    26.7879    1485.56    1483.64 0.0000e+00
       1902     67.000     8.6894     8.6879   3.643161   3.644517     2.0226 -9.990e-29      66.61 4.9481e-02 0.0000e+00    81.0833    4.94919    34.5223    34.5381    26.7936    1485.56    1483.67 0.0000e+00
       1925     68.000     8.6797     8.6784   3.642858   3.644202     2.0194 -9.990e-29      84.15 4.9469e-02 0.0000e+00    81.0974    4.97033    34.5281    34.5436    26.7996    1485.54    1483.69 0.0000e+00
       1947     69.000     8.6719     8.6706   3.642598   3.643973     2.0192 -9.990e-29      78.27 4.9477e-02 0.0000e+00    81.1116    4.99080    34.5325    34.5483    26.8043    1485.54    1483.72 0.0000e+00
       1970     70.000     8.6655     8.6642   3.642353   3.643708     2.0196 -9.990e-29      88.19 4.9463e-02 0.0000e+00    81.0773    4.99303    34.5357    34.5513    26.8078    1485.53    1483.75 0.0000e+00
       1993     71.000     8.6606     8.6591   3.642242   3.643602     2.0196 -9.990e-29      88.91 4.9481e-02 0.0000e+00    81.0783    4.98512    34.5389    34.5547    26.8110    1485.54    1483.77 0.0000e+00
       2016     72.000     8.6527     8.6515   3.642072   3.643442     2.0180 -9.990e-29      96.43 4.9475e-02 0.0000e+00    81.0690    4.96566    34.5443    34.5600    26.8165    1485.53    1483.80 0.0000e+00
       2039     73.000     8.6461     8.6448   3.642004   3.643369     2.0152 -9.990e-29      97.69 4.9475e-02 0.0000e+00    81.0649    4.94643    34.5496    34.5653    26.8217    1485.53    1483.82 0.0000e+00
       2061     74.000     8.6370     8.6360   3.641811   3.643167     2.0122 -9.990e-29      98.75 4.9471e-02 0.0000e+00    81.0731    4.94060    34.5559    34.5713    26.8281    1485.52    1483.84 0.0000e+00
       2084     75.000     8.6254     8.6243   3.641387   3.642732     2.0091 -9.990e-29      78.25 4.9500e-02 0.0000e+00    81.0676    4.93512    34.5623    34.5776    26.8349    1485.50    1483.86 0.0000e+00
       2107     76.000     8.6032     8.6028   3.640399   3.641756     2.0070 -9.990e-29      76.04 4.9487e-02 0.0000e+00    81.0950    4.94074    34.5731    34.5879    26.8469    1485.45    1483.88 0.0000e+00
       2130     77.000     8.5889     8.5879   3.639922   3.641284     2.0053 -9.990e-29      83.95 4.9475e-02 0.0000e+00    81.0966    4.93045    34.5816    34.5970    26.8557    1485.42    1483.90 0.0000e+00
