_data/ctd/2022603/sta0157.cnv
* Sea-Bird SBE 9 Data File:
* FileName = C:\Seabird\CTDData\sta0157.hex
* Software Version Seasave V 7.21f
* Temperature SN = 6264
* Conductivity SN = 4928
* Number of Bytes Per Scan = 40
* Number of Voltage Words = 5
* Number of Scans Averaged by the Deck Unit = 1
* NMEA Latitude = 59 44.42 N
* NMEA Longitude = 005 30.42 E
* NMEA UTC (Time) = Feb 10 2022 17:26:23
* NMEA baud rate = 4800
** Ship: R/V "Kristine Bonnevie"
** Station: 0157
** Echodepth: 345
** Log: 0181.911
** Wind-Dir/Force: 32 05
** Air-temp (dry): 2.8
** Weather Sky:
** Sea:
# nquan = 19                                
# nvalues = 335                         
# units = specified
# name 0 = scan: Scan Count
# name 1 = prDM: Pressure, Digiquartz [db]
# name 2 = t068C: Temperature [ITS-68, deg C]
# name 3 = t168C: Temperature, 2 [ITS-68, deg C]
# name 4 = c0S/m: Conductivity [S/m]
# name 5 = c1S/m: Conductivity, 2 [S/m]
# name 6 = sbeox0V: Oxygen raw, SBE 43 [V]
# name 7 = flECO-AFL: Fluorescence, WET Labs ECO-AFL/FL [mg/m^3]
# name 8 = altM: Altimeter [m]
# name 9 = par: PAR/Irradiance, Biospherical/Licor
# name 10 = spar: SPAR/Surface Irradiance
# name 11 = CStarTr0: Beam Transmission, WET Labs C-Star [%]
# name 12 = sbeox0ML/L: Oxygen, SBE 43 [ml/l], WS = 2
# name 13 = sal00: Salinity, Practical [PSU]
# name 14 = sal11: Salinity, Practical, 2 [PSU]
# name 15 = sigma-t00: Density [sigma-t, Kg/m^3 ]
# name 16 = svCM: Sound Velocity [Chen-Millero, m/s]
# name 17 = avgsvCM: Average Sound Velocity [Chen-Millero, m/s], minP = 1, minS = 5
# name 18 = flag: flag
# span 0 =        744,       8155       
# span 1 =      2.000,    336.000       
# span 2 =     7.1165,     8.9518       
# span 3 =     7.1162,     8.9514       
# span 4 =   3.326899,   3.630545       
# span 5 =   3.328149,   3.631921       
# span 6 =     2.0937,     2.4255       
# span 7 =    -0.0924,     0.8255       
# span 8 =      10.46,      99.64       
# span 9 = 4.9438e-02, 1.6976e+00       
# span 10 = 0.0000e+00, 0.0000e+00      
# span 11 =    79.4294,    81.5925      
# span 12 =    5.49169,    6.57302      
# span 13 =    32.6686,    35.0223      
# span 14 =    32.6845,    35.0377      
# span 15 =    25.5661,    27.3141      
# span 16 =    1476.28,    1487.42      
# span 17 =    1476.36,    1484.79      
# span 18 = 0.0000e+00, 0.0000e+00      
# interval = decibars: 1                
# start_time = Feb 10 2022 17:26:25 [System UTC, header]
# bad_flag = -9.990e-29
*END*
[from data line 153]
       4171    155.000     8.0992     8.0973   3.624918   3.626202     2.1684    -0.0620      92.45 4.9472e-02 0.0000e+00    80.9559    5.60014    34.8676    34.8833    27.1553    1485.22    1483.08 0.0000e+00
       4192    156.000     8.0963     8.0944   3.624932   3.626214     2.1685    -0.0665      50.25 4.9499e-02 0.0000e+00    80.9548    5.59864    34.8702    34.8858    27.1577    1485.23    1483.09 0.0000e+00
       4214    157.000     8.0904     8.0888   3.624906   3.626204     2.1675    -0.0628      42.63 4.9477e-02 0.0000e+00    80.9343    5.58825    34.8753    34.8908    27.1626    1485.23    1483.11 0.0000e+00
       4235    158.000     8.0898     8.0879   3.624943   3.626237     2.1666    -0.0640      86.04 4.9518e-02 0.0000e+00    80.9945    5.58872    34.8758    34.8916    27.1631    1485.25    1483.12 0.0000e+00
       4257    159.000     8.0885     8.0872   3.624976   3.626275     2.1660    -0.0633      37.50 4.9496e-02 0.0000e+00    80.9784    5.59543    34.8770    34.8922    27.1642    1485.26    1483.13 0.0000e+00
       4278    160.000     8.0869     8.0852   3.625013   3.626308     2.1660    -0.0677      84.79 4.9485e-02 0.0000e+00    80.9332    5.59969    34.8785    34.8940    27.1656    1485.27    1483.15 0.0000e+00
       4299    161.000     8.0837     8.0821   3.625027   3.626313     2.1662    -0.0610      41.70 4.9492e-02 0.0000e+00    80.9622    5.59978    34.8813    34.8967    27.1684    1485.28    1483.16 0.0000e+00
       4320    162.000     8.0824     8.0806   3.625050   3.626356     2.1660 -9.990e-29      74.48 4.9505e-02 0.0000e+00    80.9424    5.59391    34.8824    34.8982    27.1694    1485.29    1483.17 0.0000e+00
       4341    163.000     8.0810     8.0796   3.625091   3.626388     2.1652 -9.990e-29      98.87 4.9479e-02 0.0000e+00    80.9592    5.59320    34.8837    34.8990    27.1707    1485.31    1483.19 0.0000e+00
       4362    164.000     8.0807     8.0791   3.625144   3.626443     2.1650 -9.990e-29      98.80 4.9472e-02 0.0000e+00    80.9189    5.59528    34.8841    34.8996    27.1710    1485.32    1483.20 0.0000e+00
       4384    165.000     8.0799     8.0785   3.625194   3.626491     2.1648 -9.990e-29      54.64 4.9477e-02 0.0000e+00    80.9764    5.59595    34.8850    34.9003    27.1718    1485.34    1483.21 0.0000e+00
       4405    166.000     8.0785     8.0773   3.625251   3.626551     2.1647    -0.0597      77.55 4.9464e-02 0.0000e+00    80.9342    5.60191    34.8865    34.9016    27.1732    1485.35    1483.22 0.0000e+00
       4427    167.000     8.0768     8.0756   3.625312   3.626607     2.1651    -0.0627      52.16 4.9489e-02 0.0000e+00    80.9724    5.59968    34.8883    34.9034    27.1749    1485.36    1483.24 0.0000e+00
       4449    168.000     8.0757     8.0739   3.625356   3.626677     2.1645    -0.0646      79.63 4.9485e-02 0.0000e+00    80.9828    5.59356    34.8894    34.9054    27.1759    1485.38    1483.25 0.0000e+00
       4470    169.000     8.0743     8.0727   3.625421   3.626717     2.1640    -0.0669      53.72 4.9492e-02 0.0000e+00    80.9804    5.59623    34.8910    34.9065    27.1774    1485.39    1483.26 0.0000e+00
       4491    170.000     8.0734     8.0719   3.625454   3.626762     2.1640    -0.0649      76.51 4.9519e-02 0.0000e+00    80.9509    5.59871    34.8918    34.9073    27.1781    1485.40    1483.27 0.0000e+00
       4512    171.000     8.0726     8.0710   3.625515   3.626825     2.1638    -0.0645      57.89 4.9479e-02 0.0000e+00    80.9502    5.59898    34.8928    34.9084    27.1790    1485.42    1483.29 0.0000e+00
       4533    172.000     8.0704     8.0689   3.625522   3.626807     2.1636    -0.0689      67.28 4.9479e-02 0.0000e+00    80.9966    5.59511    34.8945    34.9098    27.1808    1485.43    1483.30 0.0000e+00
       4554    173.000     8.0703     8.0686   3.625545   3.626855     2.1631    -0.0601      98.60 4.9485e-02 0.0000e+00    80.9447    5.59221    34.8944    34.9101    27.1807    1485.45    1483.31 0.0000e+00
       4576    174.000     8.0704     8.0688   3.625601   3.626897     2.1623    -0.0599      98.35 4.9483e-02 0.0000e+00    80.9927    5.59383    34.8944    34.9099    27.1807    1485.46    1483.32 0.0000e+00
       4598    175.000     8.0705     8.0689   3.625662   3.626966     2.1625    -0.0604      39.63 4.9490e-02 0.0000e+00    80.9727    5.59935    34.8945    34.9101    27.1807    1485.48    1483.34 0.0000e+00
       4619    176.000     8.0704     8.0688   3.625696   3.626986     2.1624 -9.990e-29      99.64 4.9465e-02 0.0000e+00    80.9353    5.59983    34.8945    34.9099    27.1807    1485.50    1483.35 0.0000e+00
       4641    177.000     8.0704     8.0689   3.625727   3.627024     2.1624 -9.990e-29      37.30 4.9471e-02 0.0000e+00    80.9633    5.59642    34.8943    34.9097    27.1806    1485.51    1483.36 0.0000e+00
       4663    178.000     8.0705     8.0688   3.625785   3.627078     2.1619 -9.990e-29      98.17 4.9483e-02 0.0000e+00    80.9668    5.59477    34.8944    34.9099    27.1806    1485.53    1483.37 0.0000e+00
       4684    179.000     8.0703     8.0688   3.625829   3.627129     2.1615 -9.990e-29      98.47 4.9499e-02 0.0000e+00    80.9605    5.59437    34.8945    34.9100    27.1808    1485.54    1483.39 0.0000e+00
       4706    180.000     8.0697     8.0677   3.625855   3.627141     2.1614 -9.990e-29      79.56 4.9521e-02 0.0000e+00    80.9807    5.59721    34.8949    34.9107    27.1812    1485.56    1483.40 0.0000e+00
       4728    181.000     8.0625     8.0606   3.625752   3.627031     2.1613 -9.990e-29      71.45 4.9475e-02 0.0000e+00    80.9825    5.59757    34.9005    34.9161    27.1866    1485.56    1483.41 0.0000e+00
       4750    182.000     8.0593     8.0575   3.625724   3.627017     2.1609 -9.990e-29      66.02 4.9485e-02 0.0000e+00    80.9893    5.59631    34.9029    34.9186    27.1890    1485.56    1483.42 0.0000e+00
       4772    183.000     8.0574     8.0558   3.625740   3.627034     2.1606 -9.990e-29      62.20 4.9490e-02 0.0000e+00    80.9900    5.59482    34.9045    34.9200    27.1905    1485.57    1483.43 0.0000e+00
       4793    184.000     8.0563     8.0549   3.625773   3.627073     2.1601    -0.0783      65.20 4.9471e-02 0.0000e+00    81.0106    5.59504    34.9055    34.9208    27.1915    1485.59    1483.44 0.0000e+00
       4815    185.000     8.0549     8.0533   3.625810   3.627110     2.1600    -0.0632      63.88 4.9472e-02 0.0000e+00    81.0186    5.59937    34.9068    34.9223    27.1927    1485.60    1483.46 0.0000e+00
       4836    186.000     8.0533     8.0521   3.625855   3.627165     2.1601    -0.0621      98.36 4.9485e-02 0.0000e+00    81.0439    5.60127    34.9084    34.9236    27.1942    1485.61    1483.47 0.0000e+00
       4858    187.000     8.0512     8.0497   3.625891   3.627209     2.1600    -0.0859      91.57 4.9483e-02 0.0000e+00    80.9925    5.60054    34.9104    34.9260    27.1961    1485.62    1483.48 0.0000e+00
       4880    188.000     8.0513     8.0497   3.625949   3.627252     2.1601    -0.0643      97.75 4.9496e-02 0.0000e+00    81.0309    5.60091    34.9104    34.9260    27.1961    1485.64    1483.49 0.0000e+00
       4902    189.000     8.0507     8.0487   3.626007   3.627279     2.1598    -0.0608      88.29 4.9477e-02 0.0000e+00    81.0692    5.60092    34.9111    34.9268    27.1967    1485.66    1483.50 0.0000e+00
       4924    190.000     8.0477     8.0455   3.625984   3.627247     2.1598    -0.0600      97.95 4.9490e-02 0.0000e+00    81.0345    5.60329    34.9134    34.9291    27.1990    1485.66    1483.51 0.0000e+00
       4945    191.000     8.0446     8.0430   3.625945   3.627248     2.1598    -0.0655      86.19 4.9508e-02 0.0000e+00    80.9882    5.60007    34.9156    34.9311    27.2012    1485.67    1483.52 0.0000e+00
       4967    192.000     8.0451     8.0430   3.626027   3.627307     2.1591    -0.0870      98.34 4.9483e-02 0.0000e+00    81.0011    5.59717    34.9155    34.9313    27.2010    1485.69    1483.54 0.0000e+00
       4989    193.000     8.0371     8.0360   3.625968   3.627254     2.1589    -0.0578      85.35 4.9496e-02 0.0000e+00    81.0173    5.59980    34.9223    34.9372    27.2076    1485.68    1483.55 0.0000e+00
       5011    194.000     8.0256     8.0246   3.625832   3.627129     2.1586 -9.990e-29      98.81 4.9492e-02 0.0000e+00    81.0055    5.59622    34.9318    34.9468    27.2168    1485.67    1483.56 0.0000e+00
       5032    195.000     8.0164     8.0151   3.625800   3.627099     2.1576 -9.990e-29      78.24 4.9479e-02 0.0000e+00    80.9997    5.59436    34.9402    34.9554    27.2247    1485.66    1483.57 0.0000e+00
       5054    196.000     8.0093     8.0085   3.625716   3.627017     2.1574 -9.990e-29      98.02 4.9477e-02 0.0000e+00    80.9871    5.59781    34.9459    34.9606    27.2303    1485.66    1483.58 0.0000e+00
       5076    197.000     8.0032     8.0018   3.625660   3.626955     2.1567 -9.990e-29      71.78 4.9515e-02 0.0000e+00    81.0320    5.59664    34.9509    34.9662    27.2351    1485.66    1483.59 0.0000e+00
       5098    198.000     8.0005     7.9993   3.625661   3.626963     2.1565    -0.0598      98.57 4.9489e-02 0.0000e+00    80.9968    5.60168    34.9531    34.9683    27.2373    1485.67    1483.60 0.0000e+00
       5120    199.000     7.9982     7.9965   3.625673   3.626968     2.1564    -0.0610      59.57 4.9469e-02 0.0000e+00    80.9879    5.60614    34.9550    34.9706    27.2391    1485.68    1483.61 0.0000e+00
       5142    200.000     7.9951     7.9936   3.625654   3.626948     2.1568    -0.0627      98.53 4.9477e-02 0.0000e+00    81.0600    5.60494    34.9575    34.9728    27.2415    1485.68    1483.62 0.0000e+00
       5164    201.000     7.9839     7.9831   3.625350   3.626639     2.1565    -0.0660      57.04 4.9498e-02 0.0000e+00    81.0642    5.60525    34.9649    34.9795    27.2490    1485.67    1483.63 0.0000e+00
       5186    202.000     7.9756     7.9743   3.625109   3.626407     2.1566    -0.0637      98.95 4.9458e-02 0.0000e+00    81.0502    5.60568    34.9701    34.9853    27.2544    1485.66    1483.64 0.0000e+00
       5207    203.000     7.9731     7.9719   3.625130   3.626430     2.1558    -0.0645      43.08 4.9483e-02 0.0000e+00    81.0502    5.59824    34.9723    34.9875    27.2565    1485.67    1483.65 0.0000e+00
       5229    204.000     7.9688     7.9676   3.625046   3.626360     2.1554    -0.0573      98.15 4.9518e-02 0.0000e+00    81.0629    5.60135    34.9752    34.9906    27.2594    1485.67    1483.66 0.0000e+00
       5251    205.000     7.9651     7.9636   3.624956   3.626248     2.1549    -0.0605      37.48 4.9476e-02 0.0000e+00    81.0236    5.60153    34.9775    34.9929    27.2617    1485.68    1483.67 0.0000e+00
       5273    206.000     7.9648     7.9632   3.624990   3.626287     2.1544    -0.0859      99.06 4.9469e-02 0.0000e+00    81.0282    5.59972    34.9777    34.9932    27.2619    1485.69    1483.68 0.0000e+00
       5295    207.000     7.9647     7.9633   3.625032   3.626322     2.1541    -0.0877      25.01 4.9521e-02 0.0000e+00    81.0279    5.59784    34.9777    34.9930    27.2620    1485.71    1483.69 0.0000e+00
       5318    208.000     7.9649     7.9634   3.625070   3.626377     2.1534    -0.0863      96.11 4.9505e-02 0.0000e+00    81.0188    5.59564    34.9775    34.9930    27.2617    1485.73    1483.70 0.0000e+00
       5341    209.000     7.9640     7.9622   3.625150   3.626450     2.1528    -0.0784      98.35 4.9481e-02 0.0000e+00    81.0708    5.59548    34.9787    34.9945    27.2629    1485.74    1483.71 0.0000e+00
       5363    210.000     7.9627     7.9612   3.625208   3.626497     2.1522    -0.0664      58.31 4.9479e-02 0.0000e+00    81.0620    5.59572    34.9802    34.9955    27.2642    1485.75    1483.72 0.0000e+00
       5384    211.000     7.9601     7.9586   3.625127   3.626408     2.1519    -0.0611      77.27 4.9505e-02 0.0000e+00    81.0607    5.59785    34.9814    34.9967    27.2656    1485.76    1483.73 0.0000e+00
       5405    212.000     7.9565     7.9551   3.625028   3.626332     2.1517    -0.0584      60.80 4.9499e-02 0.0000e+00    81.0597    5.59248    34.9835    34.9989    27.2677    1485.77    1483.74 0.0000e+00
       5426    213.000     7.9553     7.9542   3.625025   3.626330     2.1507    -0.0696      71.33 4.9479e-02 0.0000e+00    81.0921    5.59193    34.9841    34.9993    27.2684    1485.78    1483.75 0.0000e+00
       5448    214.000     7.9488     7.9476   3.624743   3.626036     2.1504    -0.0590      57.92 4.9470e-02 0.0000e+00    81.0669    5.59566    34.9871    35.0022    27.2718    1485.78    1483.76 0.0000e+00
       5470    215.000     7.9461     7.9447   3.624674   3.625958     2.1501    -0.0681      68.90 4.9487e-02 0.0000e+00    81.0794    5.59475    34.9886    35.0038    27.2733    1485.78    1483.77 0.0000e+00
       5492    216.000     7.9452     7.9439   3.624661   3.625959     2.1496    -0.0874      98.33 4.9477e-02 0.0000e+00    81.0747    5.58996    34.9889    35.0041    27.2737    1485.80    1483.78 0.0000e+00
       5514    217.000     7.9426     7.9419   3.624527   3.625860     2.1488    -0.0631      93.91 4.9489e-02 0.0000e+00    81.0460    5.59119    34.9895    35.0046    27.2746    1485.81    1483.79 0.0000e+00
       5536    218.000     7.9400     7.9388   3.624419   3.625710     2.1486    -0.0898      50.42 4.9472e-02 0.0000e+00    80.9815    5.59054    34.9905    35.0056    27.2757    1485.81    1483.80 0.0000e+00
       5558    219.000     7.9387     7.9375   3.624371   3.625689     2.1477    -0.0717      74.55 4.9490e-02 0.0000e+00    81.0303    5.58264    34.9908    35.0062    27.2761    1485.83    1483.80 0.0000e+00
       5580    220.000     7.9382     7.9366   3.624368   3.625664     2.1467    -0.0668      98.85 4.9464e-02 0.0000e+00    80.9954    5.58368    34.9908    35.0063    27.2762    1485.84    1483.81 0.0000e+00
       5601    221.000     7.9351     7.9338   3.624248   3.625537     2.1463    -0.0747      82.43 4.9499e-02 0.0000e+00    81.0229    5.58281    34.9921    35.0073    27.2777    1485.85    1483.82 0.0000e+00
       5623    222.000     7.9332     7.9318   3.624202   3.625496     2.1454    -0.0920      98.98 4.9477e-02 0.0000e+00    81.0354    5.58040    34.9930    35.0083    27.2787    1485.86    1483.83 0.0000e+00
       5644    223.000     7.9329     7.9316   3.624239   3.625541     2.1445    -0.0612      80.66 4.9496e-02 0.0000e+00    81.0095    5.57992    34.9932    35.0085    27.2789    1485.87    1483.84 0.0000e+00
       5666    224.000     7.9323     7.9310   3.624264   3.625565     2.1443    -0.0921      98.75 4.9477e-02 0.0000e+00    80.9880    5.58329    34.9936    35.0089    27.2793    1485.89    1483.85 0.0000e+00
       5688    225.000     7.9320     7.9305   3.624298   3.625587     2.1436    -0.0754      67.39 4.9489e-02 0.0000e+00    80.9577    5.57748    34.9938    35.0092    27.2795    1485.90    1483.86 0.0000e+00
       5710    226.000     7.9313     7.9299   3.624296   3.625598     2.1430    -0.0650      98.86 4.9472e-02 0.0000e+00    81.0049    5.57817    34.9940    35.0094    27.2798    1485.92    1483.87 0.0000e+00
       5732    227.000     7.9299     7.9285   3.624293   3.625580     2.1425    -0.0713      70.55 4.9487e-02 0.0000e+00    80.9840    5.57816    34.9949    35.0101    27.2807    1485.93    1483.88 0.0000e+00
       5754    228.000     7.9288     7.9276   3.624315   3.625617     2.1420    -0.0847      98.33 4.9496e-02 0.0000e+00    81.0062    5.57784    34.9957    35.0109    27.2815    1485.94    1483.89 0.0000e+00
       5776    229.000     7.9275     7.9262   3.624334   3.625632     2.1416    -0.0587      59.28 4.9505e-02 0.0000e+00    80.9828    5.57652    34.9967    35.0120    27.2825    1485.95    1483.90 0.0000e+00
