_data/ctd/2022603/sta0181.cnv
* Sea-Bird SBE 9 Data File:
* FileName = C:\Seabird\CTDData\sta0181.hex
* Software Version Seasave V 7.21f
* Temperature SN = 6264
* Conductivity SN = 4928
* Number of Bytes Per Scan = 40
* Number of Voltage Words = 5
* Number of Scans Averaged by the Deck Unit = 1
* NMEA Latitude = 61 01.87 N
* NMEA Longitude = 005 00.84 E
* NMEA UTC (Time) = Feb 13 2022 18:56:09
* NMEA baud rate = 4800
** Ship: R/V "Kristine Bonnevie"
** Station: 0181
** Echodepth: 254
** Log: 0618.943
** Wind-Dir/Force: 17 12
** Air-temp (dry): 6.7
** Weather Sky:
** Sea:
# nquan = 19                                
# nvalues = 246                         
# units = specified
# name 0 = scan: Scan Count
# name 1 = prDM: Pressure, Digiquartz [db]
# name 2 = t068C: Temperature [ITS-68, deg C]
# name 3 = t168C: Temperature, 2 [ITS-68, deg C]
# name 4 = c0S/m: Conductivity [S/m]
# name 5 = c1S/m: Conductivity, 2 [S/m]
# name 6 = sbeox0V: Oxygen raw, SBE 43 [V]
# name 7 = flECO-AFL: Fluorescence, WET Labs ECO-AFL/FL [mg/m^3]
# name 8 = altM: Altimeter [m]
# name 9 = par: PAR/Irradiance, Biospherical/Licor
# name 10 = spar: SPAR/Surface Irradiance
# name 11 = CStarTr0: Beam Transmission, WET Labs C-Star [%]
# name 12 = sbeox0ML/L: Oxygen, SBE 43 [ml/l], WS = 2
# name 13 = sal00: Salinity, Practical [PSU]
# name 14 = sal11: Salinity, Practical, 2 [PSU]
# name 15 = sigma-t00: Density [sigma-t, Kg/m^3 ]
# name 16 = svCM: Sound Velocity [Chen-Millero, m/s]
# name 17 = avgsvCM: Average Sound Velocity [Chen-Millero, m/s], minP = 1, minS = 5
# name 18 = flag: flag
# span 0 =        111,       5387       
# span 1 =      4.000,    249.000       
# span 2 =     6.0660,     8.5347       
# span 3 =     6.0686,     8.5331       
# span 4 =   3.080116,   3.660374       
# span 5 =   3.083027,   3.661613       
# span 6 =     2.1879,     2.4947       
# span 7 =    -0.0877,     0.4800       
# span 8 =       6.32,      99.48       
# span 9 = 4.8964e-02, 3.7755e-01       
# span 10 = 0.0000e+00, 0.0000e+00      
# span 11 =    45.7506,    80.6668      
# span 12 =    5.63554,    7.05746      
# span 13 =    30.9388,    34.9663      
# span 14 =    30.9687,    34.9807      
# span 15 =    24.3373,    27.1968      
# span 16 =    1469.94,    1487.78      
# span 17 =    1469.94,    1483.76      
# span 18 = 0.0000e+00, 0.0000e+00      
# interval = decibars: 1                
# start_time = Feb 13 2022 18:56:12 [System UTC, header]
# bad_flag = -9.990e-29
*END*
        111      4.000     6.0660     6.0686   3.080116   3.083027     2.4871     0.4800      98.83 3.7755e-01 0.0000e+00    79.3446    7.05746    30.9388    30.9687    24.3373    1469.94    1469.94 0.0000e+00
        141      5.000     6.1170     6.1325   3.106979   3.118447     2.4863     0.4186      98.83 2.6989e-01 0.0000e+00    79.4579    7.03419    31.1899    31.3030    24.5294    1470.48    1470.05 0.0000e+00
        174      6.000     6.2649     6.2621   3.181773   3.182667     2.4874     0.4521      98.83 2.3166e-01 0.0000e+00    79.3481    7.01042    31.8822    31.8948    25.0576    1471.96    1470.37 0.0000e+00
        204      7.000     6.3037     6.3017   3.203418   3.203919     2.4908     0.4185      98.83 1.5833e-01 0.0000e+00    79.4584    7.00731    32.0854    32.0928    25.2131    1472.38    1470.65 0.0000e+00
        231      8.000     6.3118     6.3102   3.208486   3.209227     2.4927     0.3729      98.83 1.1161e-01 0.0000e+00    79.4980    6.99621    32.1335    32.1432    25.2500    1472.49    1470.88 0.0000e+00
        257      9.000     6.3245     6.3222   3.215583   3.216182     2.4930     0.3727      98.83 1.0695e-01 0.0000e+00    79.6025    6.98368    32.1997    32.2085    25.3007    1472.64    1471.08 0.0000e+00
        283     10.000     6.3460     6.3437   3.223447   3.224133     2.4934     0.3716      98.83 7.7040e-02 0.0000e+00    79.6506    6.98192    32.2661    32.2759    25.3503    1472.83    1471.25 0.0000e+00
        308     11.000     6.3546     6.3530   3.228215   3.228993     2.4941     0.3716      98.83 6.1657e-02 0.0000e+00    79.7257    6.98391    32.3103    32.3205    25.3842    1472.93    1471.41 0.0000e+00
        331     12.000     6.3614     6.3600   3.231072   3.231821     2.4947     0.3430      98.83 5.1532e-02 0.0000e+00    79.7713    6.97962    32.3351    32.3447    25.4028    1473.01    1471.54 0.0000e+00
        353     13.000     6.3640     6.3627   3.232233   3.232987     2.4947     0.3396      98.83 5.2174e-02 0.0000e+00    79.8161    6.97683    32.3450    32.3546    25.4103    1473.05    1471.66 0.0000e+00
        375     14.000     6.3661     6.3649   3.232864   3.233654     2.4945     0.3108      98.83 4.9570e-02 0.0000e+00    79.8469    6.97043    32.3495    32.3594    25.4136    1473.08    1471.76 0.0000e+00
        397     15.000     6.3673     6.3662   3.233118   3.233873     2.4938     0.3160      98.83 4.9509e-02 0.0000e+00    79.8953    6.96248    32.3507    32.3601    25.4144    1473.10    1471.85 0.0000e+00
        419     16.000     6.3679     6.3668   3.233187   3.233950     2.4929     0.3655      98.83 4.9490e-02 0.0000e+00    79.8981    6.96166    32.3504    32.3599    25.4141    1473.12    1471.93 0.0000e+00
        441     17.000     6.3683     6.3671   3.233306   3.234066     2.4921     0.3351      98.83 4.9499e-02 0.0000e+00    79.8772    6.95970    32.3509    32.3605    25.4144    1473.14    1472.00 0.0000e+00
        462     18.000     6.3679     6.3667   3.233568   3.234327     2.4914     0.2888      98.82 4.9492e-02 0.0000e+00    79.9171    6.95917    32.3537    32.3632    25.4167    1473.15    1472.06 0.0000e+00
        482     19.000     6.3682     6.3668   3.233968   3.234713     2.4909     0.2895      98.83 4.9483e-02 0.0000e+00    79.9266    6.95693    32.3574    32.3670    25.4195    1473.18    1472.12 0.0000e+00
        501     20.000     6.3689     6.3674   3.234158   3.234935     2.4900     0.2740      98.83 4.9502e-02 0.0000e+00    79.9501    6.95440    32.3583    32.3684    25.4202    1473.20    1472.17 0.0000e+00
        521     21.000     6.3743     6.3723   3.236046   3.236839     2.4893     0.2503      98.83 4.9522e-02 0.0000e+00    79.9558    6.95125    32.3736    32.3843    25.4316    1473.25    1472.22 0.0000e+00
        541     22.000     6.3913     6.3893   3.240265   3.241074     2.4887     0.2892      98.83 4.9534e-02 0.0000e+00    79.9467    6.95170    32.4038    32.4146    25.4532    1473.37    1472.28 0.0000e+00
        560     23.000     6.4042     6.4011   3.243750   3.244460     2.4888     0.2847      98.83 4.9516e-02 0.0000e+00    79.9459    6.95296    32.4296    32.4404    25.4720    1473.47    1472.33 0.0000e+00
        578     24.000     6.4834     6.4733   3.260196   3.260739     2.4885     0.2831      98.83 4.9497e-02 0.0000e+00    79.9430    6.93559    32.5358    32.5514    25.5456    1473.94    1472.40 0.0000e+00
        596     25.000     6.5332     6.5304   3.268115   3.269013     2.4889     0.2494      98.82 4.9480e-02 0.0000e+00    79.9844    6.93338    32.5753    32.5879    25.5705    1474.20    1472.47 0.0000e+00
        613     26.000     6.5424     6.5431   3.269472   3.270648     2.4893     0.2210      98.83 4.9496e-02 0.0000e+00    80.0203    6.93533    32.5811    32.5934    25.5738    1474.26    1472.54 0.0000e+00
        630     27.000     6.5557     6.5551   3.271580   3.272752     2.4899     0.2184      98.83 4.9529e-02 0.0000e+00    80.0759    6.92444    32.5912    32.6047    25.5801    1474.34    1472.60 0.0000e+00
        648     28.000     6.5940     6.5870   3.278393   3.278982     2.4890     0.2491      98.83 4.9491e-02 0.0000e+00    80.1024    6.89264    32.6294    32.6426    25.6053    1474.56    1472.67 0.0000e+00
        667     29.000     6.7436     6.7293   3.304744   3.305300     2.4867     0.2231      98.82 4.9488e-02 0.0000e+00    80.1389    6.85628    32.7763    32.7961    25.7016    1475.34    1472.76 0.0000e+00
        688     30.000     6.8457     6.8365   3.322385   3.323102     2.4862     0.2118      98.83 4.9531e-02 0.0000e+00    80.1628    6.85233    32.8719    32.8886    25.7635    1475.88    1472.87 0.0000e+00
        708     31.000     6.9170     6.9129   3.334153   3.334987     2.4864     0.1990      98.83 4.9505e-02 0.0000e+00    80.1963    6.83829    32.9322    32.9453    25.8015    1476.25    1472.98 0.0000e+00
        727     32.000     6.9857     6.9791   3.345068   3.346218     2.4859     0.1272      13.36 4.9498e-02 0.0000e+00    80.2606    6.80740    32.9854    33.0043    25.8341    1476.60    1473.09 0.0000e+00
        745     33.000     7.0531     7.0473   3.355132   3.356158     2.4840     0.1274      97.51 4.9485e-02 0.0000e+00    80.3213    6.77654    33.0303    33.0471    25.8604    1476.93    1473.21 0.0000e+00
        764     34.000     7.0791     7.0759   3.358912   3.359733     2.4818     0.1162      89.68 4.9512e-02 0.0000e+00    80.3607    6.75413    33.0462    33.0582    25.8694    1477.07    1473.32 0.0000e+00
        783     35.000     7.1024     7.0965   3.363451   3.364120     2.4782     0.0968      14.09 4.9495e-02 0.0000e+00    80.4104    6.72452    33.0729    33.0858    25.8873    1477.21    1473.43 0.0000e+00
        803     36.000     7.1315     7.1256   3.370311   3.371081     2.4743     0.0968      97.71 4.9483e-02 0.0000e+00    80.4351    6.70101    33.1193    33.1334    25.9198    1477.40    1473.54 0.0000e+00
        822     37.000     7.2005     7.1958   3.379544   3.380508     2.4701     0.1160      64.55 4.9490e-02 0.0000e+00    80.4888    6.67924    33.1532    33.1682    25.9371    1477.72    1473.65 0.0000e+00
        840     38.000     7.2140     7.2119   3.381217   3.382195     2.4669     0.1206      26.08 6.1720e-02 0.0000e+00    80.4466    6.67617    33.1580    33.1706    25.9390    1477.80    1473.76 0.0000e+00
        859     39.000     7.2243     7.2215   3.382768   3.383755     2.4643     0.0967      79.04 4.9502e-02 0.0000e+00    80.4799    6.66864    33.1645    33.1779    25.9427    1477.86    1473.87 0.0000e+00
        878     40.000     7.2410     7.2388   3.385166   3.386149     2.4612     0.0968      79.13 4.9505e-02 0.0000e+00    80.5109    6.65219    33.1741    33.1869    25.9479    1477.96    1473.97 0.0000e+00
        898     41.000     7.2601     7.2568   3.387836   3.388788     2.4576     0.0968      41.56 4.9495e-02 0.0000e+00    80.5326    6.63640    33.1843    33.1978    25.9533    1478.06    1474.07 0.0000e+00
        918     42.000     7.2844     7.2802   3.390926   3.391794     2.4546     0.0904      86.32 4.9476e-02 0.0000e+00    80.5002    6.63049    33.1941    33.2075    25.9577    1478.18    1474.17 0.0000e+00
        937     43.000     7.3311     7.3254   3.397441   3.398337     2.4522     0.0664      87.65 4.9483e-02 0.0000e+00    80.5027    6.62214    33.2195    33.2347    25.9712    1478.41    1474.26 0.0000e+00
        956     44.000     7.3586     7.3552   3.401535   3.402440     2.4504     0.0903      31.99 4.9515e-02 0.0000e+00    80.5221    6.61523    33.2371    33.2502    25.9812    1478.55    1474.36 0.0000e+00
        976     45.000     7.3805     7.3770   3.404794   3.405733     2.4485     0.0797      98.52 4.9498e-02 0.0000e+00    80.5218    6.60363    33.2509    33.2645    25.9891    1478.67    1474.46 0.0000e+00
        996     46.000     7.4054     7.4006   3.409050   3.409876     2.4461     0.0646      98.83 4.9502e-02 0.0000e+00    80.5056    6.58904    33.2727    33.2862    26.0027    1478.81    1474.55 0.0000e+00
       1018     47.000     7.5297     7.5168   3.427375   3.428203     2.4439     0.0630      59.76 4.9512e-02 0.0000e+00    80.5171    6.56391    33.3511    33.3725    26.0469    1479.40    1474.65 0.0000e+00
       1039     48.000     7.6167     7.6122   3.439068   3.440141     2.4421     0.0652      81.62 4.9480e-02 0.0000e+00    80.5524    6.55674    33.3933    33.4092    26.0678    1479.80    1474.76 0.0000e+00
       1060     49.000     7.6946     7.6854   3.450339   3.451280     2.4419     0.0663      81.18 4.9496e-02 0.0000e+00    80.5416    6.54354    33.4395    33.4584    26.0929    1480.18    1474.87 0.0000e+00
       1082     50.000     7.8100     7.8026   3.466243   3.467323     2.4404     0.0440      87.80 4.9517e-02 0.0000e+00    80.5847    6.50730    33.4991    33.5178    26.1232    1480.71    1474.99 0.0000e+00
       1106     51.000     7.8804     7.8758   3.477169   3.478204     2.4381     0.0316      94.24 4.9520e-02 0.0000e+00    80.6053    6.47324    33.5483    33.5638    26.1515    1481.05    1475.11 0.0000e+00
       1128     52.000     7.8940     7.8924   3.480360   3.481542     2.4342     0.0279      70.26 4.9490e-02 0.0000e+00    80.5939    6.43534    33.5689    33.5831    26.1658    1481.15    1475.22 0.0000e+00
       1150     53.000     7.8937     7.8938   3.481459   3.482649     2.4281     0.0282      62.38 4.9502e-02 0.0000e+00    80.6256    6.39031    33.5805    33.5932    26.1749    1481.17    1475.33 0.0000e+00
       1170     54.000     7.9206     7.9159   3.487294   3.488529     2.4212     0.0344      86.83 4.9492e-02 0.0000e+00    80.6528    6.36104    33.6167    33.6344    26.1994    1481.34    1475.44 0.0000e+00
       1191     55.000     8.0236     8.0180   3.502780   3.504293     2.4149     0.0245      71.12 4.9508e-02 0.0000e+00    80.6468    6.33961    33.6828    33.7044    26.2362    1481.83    1475.56 0.0000e+00
       1214     56.000     8.1475     8.1414   3.520384   3.521685     2.4102     0.0233      90.52 4.9475e-02 0.0000e+00    80.6345    6.33511    33.7510    33.7707    26.2713    1482.40    1475.68 0.0000e+00
       1238     57.000     8.2154     8.2114   3.530926   3.532088     2.4083     0.0113      85.78 4.9503e-02 0.0000e+00    80.6403    6.32278    33.7974    33.8136    26.2976    1482.73    1475.80 0.0000e+00
       1261     58.000     8.2580     8.2540   3.537681   3.539145     2.4045    -0.0031      98.84 4.9496e-02 0.0000e+00    80.6212    6.27181    33.8278    33.8472    26.3151    1482.94    1475.93 0.0000e+00
       1283     59.000     8.3360     8.3309   3.550022   3.551328     2.3979    -0.0156      88.92 7.6541e-02 0.0000e+00    80.6500    6.21531    33.8833    33.9021    26.3469    1483.32    1476.05 0.0000e+00
       1304     60.000     8.3689     8.3661   3.555562   3.556725     2.3905    -0.0359      55.19 4.9688e-02 0.0000e+00    80.6668    6.17646    33.9099    33.9249    26.3627    1483.49    1476.17 0.0000e+00
       1326     61.000     8.3779     8.3761   3.557465   3.558650     2.3822    -0.0383      98.41 4.9499e-02 0.0000e+00    80.6566    6.13506    33.9209    33.9352    26.3700    1483.55    1476.30 0.0000e+00
       1348     62.000     8.3760     8.3745   3.557840   3.559026     2.3725    -0.0403      44.74 4.9505e-02 0.0000e+00    80.6335    6.09619    33.9263    33.9403    26.3745    1483.57    1476.41 0.0000e+00
       1370     63.000     8.4229     8.4158   3.565958   3.566799     2.3627    -0.0338      96.07 4.9527e-02 0.0000e+00    80.6219    6.06272    33.9666    33.9824    26.3990    1483.81    1476.53 0.0000e+00
       1392     64.000     8.4448     8.4420   3.569288   3.570428     2.3543    -0.0351      70.76 4.9525e-02 0.0000e+00    80.6114    6.05328    33.9803    33.9951    26.4064    1483.93    1476.64 0.0000e+00
       1414     65.000     8.4560     8.4535   3.571167   3.572294     2.3482    -0.0358      58.64 4.9483e-02 0.0000e+00    80.5672    6.05296    33.9889    34.0033    26.4115    1484.00    1476.76 0.0000e+00
       1435     66.000     8.4638     8.4620   3.572586   3.573836     2.3430    -0.0296      80.67 4.9485e-02 0.0000e+00    80.5475    6.03703    33.9960    34.0109    26.4158    1484.05    1476.87 0.0000e+00
       1456     67.000     8.4746     8.4718   3.575113   3.576225     2.3379    -0.0311      66.44 4.9499e-02 0.0000e+00    80.5228    6.02188    34.0118    34.0263    26.4266    1484.13    1476.97 0.0000e+00
       1477     68.000     8.4868     8.4848   3.577561   3.578747     2.3335    -0.0292      90.71 4.9505e-02 0.0000e+00    80.4670    6.01216    34.0255    34.0400    26.4354    1484.21    1477.08 0.0000e+00
       1499     69.000     8.4900     8.4880   3.578724   3.579910     2.3292    -0.0426      76.91 4.9493e-02 0.0000e+00    80.4380    5.99845    34.0342    34.0487    26.4418    1484.25    1477.18 0.0000e+00
       1522     70.000     8.5010     8.4983   3.581370   3.582474     2.3243    -0.0480      98.21 4.9503e-02 0.0000e+00    80.3289    5.98370    34.0511    34.0654    26.4533    1484.32    1477.28 0.0000e+00
       1546     71.000     8.5110     8.5116   3.583616   3.585001     2.3202    -0.0305      86.14 4.9474e-02 0.0000e+00    80.2051    5.98256    34.0647    34.0788    26.4625    1484.39    1477.38 0.0000e+00
       1571     72.000     8.4940     8.4935   3.582647   3.583832     2.3176    -0.0287      60.24 4.9515e-02 0.0000e+00    80.0860    5.98136    34.0704    34.0835    26.4696    1484.35    1477.48 0.0000e+00
       1593     73.000     8.4812     8.4800   3.582481   3.583634     2.3147    -0.0305      89.50 4.9472e-02 0.0000e+00    79.9872    5.97261    34.0806    34.0939    26.4795    1484.34    1477.57 0.0000e+00
       1614     74.000     8.4761     8.4744   3.584585   3.585823     2.3120    -0.0368      78.01 4.9485e-02 0.0000e+00    79.8192    5.96559    34.1073    34.1221    26.5012    1484.37    1477.67 0.0000e+00
       1635     75.000     8.4977     8.4946   3.593008   3.594340     2.3098    -0.0279      98.60 4.9499e-02 0.0000e+00    79.6369    5.96248    34.1751    34.1922    26.5510    1484.55    1477.76 0.0000e+00
       1657     76.000     8.5296     8.5265   3.604194   3.605286     2.3088    -0.0434      98.23 4.9502e-02 0.0000e+00    79.4858    5.96523    34.2620    34.2766    26.6143    1484.79    1477.85 0.0000e+00
       1678     77.000     8.5345     8.5330   3.611982   3.612675     2.3082    -0.0488      33.86 4.9471e-02 0.0000e+00    79.3028    5.95751    34.3392    34.3479    26.6740    1484.92    1477.94 0.0000e+00
       1700     78.000     8.5347     8.5331   3.613275   3.614335     2.3070    -0.0284      99.02 4.9488e-02 0.0000e+00    79.1370    5.93825    34.3522    34.3649    26.6842    1484.95    1478.03 0.0000e+00
       1720     79.000     8.5335     8.5320   3.614806   3.616089     2.3041    -0.0556      57.67 4.9492e-02 0.0000e+00    78.9728    5.91161    34.3691    34.3841    26.6976    1484.99    1478.12 0.0000e+00
