_data/ctd/2022603/sta0166.cnv
* Sea-Bird SBE 9 Data File:
* FileName = C:\Seabird\CTDData\sta0166.hex
* Software Version Seasave V 7.21f
* Temperature SN = 6264
* Conductivity SN = 4928
* Number of Bytes Per Scan = 40
* Number of Voltage Words = 5
* Number of Scans Averaged by the Deck Unit = 1
* NMEA Latitude = 60 52.91 N
* NMEA Longitude = 005 28.38 E
* NMEA UTC (Time) = Feb 12 2022 18:15:52
* NMEA baud rate = 4800
** Ship: R/V "Kristine Bonnevie"
** Station: 0166
** Echodepth: 275
** Log: 0496.753
** Wind-Dir/Force: 22 13
** Air-temp (dry): 6.9
** Weather Sky:
** Sea:
** M 04
# nquan = 19                                
# nvalues = 262                         
# units = specified
# name 0 = scan: Scan Count
# name 1 = prDM: Pressure, Digiquartz [db]
# name 2 = t068C: Temperature [ITS-68, deg C]
# name 3 = t168C: Temperature, 2 [ITS-68, deg C]
# name 4 = c0S/m: Conductivity [S/m]
# name 5 = c1S/m: Conductivity, 2 [S/m]
# name 6 = sbeox0V: Oxygen raw, SBE 43 [V]
# name 7 = flECO-AFL: Fluorescence, WET Labs ECO-AFL/FL [mg/m^3]
# name 8 = altM: Altimeter [m]
# name 9 = par: PAR/Irradiance, Biospherical/Licor
# name 10 = spar: SPAR/Surface Irradiance
# name 11 = CStarTr0: Beam Transmission, WET Labs C-Star [%]
# name 12 = sbeox0ML/L: Oxygen, SBE 43 [ml/l], WS = 2
# name 13 = sal00: Salinity, Practical [PSU]
# name 14 = sal11: Salinity, Practical, 2 [PSU]
# name 15 = sigma-t00: Density [sigma-t, Kg/m^3 ]
# name 16 = svCM: Sound Velocity [Chen-Millero, m/s]
# name 17 = avgsvCM: Average Sound Velocity [Chen-Millero, m/s], minP = 1, minS = 5
# name 18 = flag: flag
# span 0 =        475,       6269       
# span 1 =      3.000,    264.000       
# span 2 =     6.5280,    10.2589       
# span 3 =     6.5510,    10.2538       
# span 4 =   2.870326,   3.736919       
# span 5 =   2.898301,   3.738381       
# span 6 =     1.6341,     2.4382       
# span 7 =    -0.0804,     0.3372       
# span 8 =      13.52,      99.80       
# span 9 = 4.9446e-02, 3.4948e-01       
# span 10 = 0.0000e+00, 0.0000e+00      
# span 11 =    80.7586,    82.5314      
# span 12 =    3.79133,    6.87368      
# span 13 =    28.2353,    34.9532      
# span 14 =    28.5197,    34.9685      
# span 15 =    22.1520,    27.1882      
# span 16 =    1468.38,    1490.10      
# span 17 =    1468.38,    1486.37      
# span 18 = 0.0000e+00, 0.0000e+00      
# interval = decibars: 1                
# start_time = Feb 12 2022 18:15:54 [System UTC, header]
# bad_flag = -9.990e-29
*END*
[from data line 77]
       2323     80.000     8.7036     8.7026   3.658222   3.659514     1.9657    -0.0708      63.33 4.9485e-02 0.0000e+00    82.2151    4.79238    34.6612    34.6758    26.9002    1485.99    1485.95 0.0000e+00
       2344     81.000     8.6856     8.6849   3.657583   3.658856     1.9641    -0.0750      61.85 4.9459e-02 0.0000e+00    82.2174    4.78058    34.6716    34.6857    26.9112    1485.96    1485.95 0.0000e+00
       2365     82.000     8.6709     8.6697   3.657180   3.658464     1.9608    -0.0771      70.14 4.9485e-02 0.0000e+00    82.2256    4.75326    34.6813    34.6960    26.9210    1485.93    1485.95 0.0000e+00
       2386     83.000     8.6609     8.6598   3.656919   3.658203     1.9557    -0.0765      58.17 4.9472e-02 0.0000e+00    82.2325    4.72960    34.6878    34.7025    26.9278    1485.92    1485.95 0.0000e+00
       2408     84.000     8.6496     8.6484   3.656803   3.658092     1.9513    -0.0790      70.99 4.9464e-02 0.0000e+00    82.2395    4.72187    34.6972    34.7120    26.9369    1485.90    1485.95 0.0000e+00
       2429     85.000     8.6442     8.6427   3.656929   3.658218     1.9470    -0.0748      55.98 4.9499e-02 0.0000e+00    82.2514    4.71642    34.7034    34.7185    26.9426    1485.91    1485.95 0.0000e+00
       2451     86.000     8.6388     8.6375   3.656808   3.658093     1.9437    -0.0753      74.97 4.9483e-02 0.0000e+00    82.2469    4.72294    34.7069    34.7218    26.9462    1485.91    1485.95 0.0000e+00
       2473     87.000     8.6228     8.6221   3.655828   3.657124     1.9421    -0.0783      60.19 4.9509e-02 0.0000e+00    82.2279    4.73744    34.7118    34.7262    26.9525    1485.87    1485.95 0.0000e+00
       2494     88.000     8.6093     8.6082   3.655170   3.656451     1.9421    -0.0718      77.35 4.9465e-02 0.0000e+00    82.2287    4.74921    34.7176    34.7323    26.9592    1485.85    1485.94 0.0000e+00
       2516     89.000     8.6014     8.6000   3.654982   3.656268     1.9420    -0.0710      63.07 4.9477e-02 0.0000e+00    82.2385    4.74298    34.7229    34.7379    26.9646    1485.84    1485.94 0.0000e+00
       2537     90.000     8.5946     8.5932   3.654654   3.655934     1.9407    -0.0757      74.70 4.9459e-02 0.0000e+00    82.2252    4.72315    34.7257    34.7406    26.9678    1485.83    1485.94 0.0000e+00
       2559     91.000     8.5891     8.5876   3.654387   3.655669     1.9378    -0.0756      58.04 4.9464e-02 0.0000e+00    82.2107    4.69714    34.7278    34.7428    26.9703    1485.83    1485.94 0.0000e+00
       2581     92.000     8.5843     8.5828   3.654237   3.655514     1.9337    -0.0804      79.68 4.9483e-02 0.0000e+00    82.2190    4.67861    34.7304    34.7454    26.9731    1485.83    1485.94 0.0000e+00
       2602     93.000     8.5787     8.5774   3.654061   3.655343     1.9293    -0.0746      66.92 4.9465e-02 0.0000e+00    82.2173    4.65973    34.7336    34.7484    26.9765    1485.83    1485.94 0.0000e+00
       2623     94.000     8.5705     8.5689   3.653723   3.654999     1.9245    -0.0793      79.02 4.9471e-02 0.0000e+00    82.2173    4.63824    34.7376    34.7527    26.9809    1485.82    1485.94 0.0000e+00
       2645     95.000     8.5584     8.5587   3.652944   3.654277     1.9192    -0.0762      65.27 4.9485e-02 0.0000e+00    82.2347    4.62534    34.7408    34.7546    26.9853    1485.80    1485.94 0.0000e+00
       2666     96.000     8.5432     8.5418   3.651982   3.653251     1.9145    -0.0728      88.18 4.9472e-02 0.0000e+00    82.2319    4.61214    34.7451    34.7599    26.9910    1485.77    1485.93 0.0000e+00
       2687     97.000     8.5393     8.5382   3.652468   3.653743     1.9095    -0.0711      71.00 4.9506e-02 0.0000e+00    82.2450    4.59931    34.7536    34.7682    26.9983    1485.78    1485.93 0.0000e+00
       2708     98.000     8.5252     8.5245   3.651819   3.653116     1.9048    -0.0645      92.14 4.9465e-02 0.0000e+00    82.2415    4.56852    34.7601    34.7745    27.0056    1485.75    1485.93 0.0000e+00
       2729     99.000     8.5056     8.5047   3.650367   3.651640     1.8976    -0.0733      72.21 4.9483e-02 0.0000e+00    82.2471    4.53851    34.7635    34.7779    27.0113    1485.70    1485.93 0.0000e+00
       2751    100.000     8.5011     8.4994   3.650152   3.651427     1.8910    -0.0665      95.55 4.9485e-02 0.0000e+00    82.2424    4.52444    34.7652    34.7804    27.0134    1485.70    1485.93 0.0000e+00
       2772    101.000     8.5010     8.4996   3.650421   3.651708     1.8850    -0.0738      81.33 4.9472e-02 0.0000e+00    82.2448    4.49938    34.7677    34.7827    27.0153    1485.72    1485.92 0.0000e+00
       2794    102.000     8.4900     8.4887   3.649943   3.651219     1.8772    -0.0665      97.04 4.9515e-02 0.0000e+00    82.2951    4.45812    34.7730    34.7878    27.0212    1485.70    1485.92 0.0000e+00
       2815    103.000     8.4856     8.4842   3.649815   3.651089     1.8686    -0.0783      85.90 4.9473e-02 0.0000e+00    82.2841    4.42841    34.7755    34.7904    27.0238    1485.70    1485.92 0.0000e+00
       2836    104.000     8.4849     8.4831   3.650219   3.651515     1.8603    -0.0705      98.85 4.9485e-02 0.0000e+00    82.2999    4.41288    34.7800    34.7955    27.0274    1485.72    1485.92 0.0000e+00
       2857    105.000     8.4820     8.4806   3.650558   3.651833     1.8536    -0.0756      98.23 4.9472e-02 0.0000e+00    82.3275    4.39787    34.7860    34.8009    27.0326    1485.74    1485.92 0.0000e+00
       2878    106.000     8.4742     8.4736   3.650251   3.651551     1.8466    -0.0753      32.04 4.9483e-02 0.0000e+00    82.3060    4.38822    34.7899    34.8043    27.0369    1485.73    1485.91 0.0000e+00
       2900    107.000     8.4525     8.4523   3.648874   3.650188     1.8420    -0.0676      96.58 4.9498e-02 0.0000e+00    82.3022    4.40548    34.7962    34.8104    27.0452    1485.67    1485.91 0.0000e+00
       2920    108.000     8.4368     8.4362   3.647716   3.648999     1.8399    -0.0682      40.34 4.9479e-02 0.0000e+00    82.2945    4.41746    34.7990    34.8132    27.0498    1485.63    1485.91 0.0000e+00
       2941    109.000     8.4204     8.4200   3.646857   3.648129     1.8381    -0.0761      92.68 4.9488e-02 0.0000e+00    82.2927    4.40631    34.8055    34.8195    27.0575    1485.60    1485.91 0.0000e+00
       2962    110.000     8.4089     8.4078   3.646432   3.647710     1.8347    -0.0693      52.99 4.9479e-02 0.0000e+00    82.3075    4.37230    34.8119    34.8266    27.0642    1485.58    1485.90 0.0000e+00
       2983    111.000     8.3964     8.3955   3.645861   3.647139     1.8290    -0.0780      86.28 4.9505e-02 0.0000e+00    82.3253    4.33049    34.8177    34.8322    27.0707    1485.55    1485.90 0.0000e+00
       3004    112.000     8.4006     8.3983   3.647309   3.648579     1.8215    -0.0728      85.38 4.9492e-02 0.0000e+00    82.3702    4.28939    34.8285    34.8443    27.0785    1485.60    1485.90 0.0000e+00
       3025    113.000     8.3931     8.3924   3.646933   3.648202     1.8132    -0.0723      35.22 4.9492e-02 0.0000e+00    82.3751    4.26088    34.8314    34.8456    27.0820    1485.59    1485.89 0.0000e+00
       3046    114.000     8.3792     8.3783   3.646004   3.647283     1.8054    -0.0728      93.12 4.9492e-02 0.0000e+00    82.4051    4.23941    34.8348    34.8493    27.0868    1485.56    1485.89 0.0000e+00
       3067    115.000     8.3726     8.3710   3.646034   3.647322     1.7977    -0.0782      38.24 4.9481e-02 0.0000e+00    82.4069    4.22689    34.8412    34.8565    27.0928    1485.56    1485.89 0.0000e+00
       3087    116.000     8.3661     8.3649   3.646134   3.647415     1.7915    -0.0734      99.80 4.9492e-02 0.0000e+00    82.4191    4.20729    34.8482    34.8630    27.0993    1485.56    1485.89 0.0000e+00
       3108    117.000     8.3612     8.3597   3.646357   3.647630     1.7840    -0.0679      32.87 4.9479e-02 0.0000e+00    82.4758    4.17249    34.8549    34.8700    27.1054    1485.57    1485.88 0.0000e+00
       3129    118.000     8.3601     8.3585   3.646758   3.648027     1.7759    -0.0683      82.31 4.9492e-02 0.0000e+00    82.4911    4.13615    34.8598    34.8749    27.1093    1485.59    1485.88 0.0000e+00
       3150    119.000     8.3566     8.3552   3.646990   3.648258     1.7670    -0.0713      53.64 4.9485e-02 0.0000e+00    82.4953    4.11093    34.8653    34.8801    27.1142    1485.60    1485.88 0.0000e+00
       3170    120.000     8.3498     8.3484   3.647250   3.648523     1.7593    -0.0651      85.44 4.9501e-02 0.0000e+00    82.5161    4.09015    34.8743    34.8892    27.1223    1485.60    1485.88 0.0000e+00
       3191    121.000     8.3480     8.3464   3.647347   3.648616     1.7513    -0.0640      82.02 4.9499e-02 0.0000e+00    82.5029    4.06490    34.8766    34.8917    27.1244    1485.61    1485.87 0.0000e+00
       3212    122.000     8.3457     8.3442   3.647559   3.648824     1.7437    -0.0665      95.75 4.9509e-02 0.0000e+00    82.4965    4.04341    34.8807    34.8956    27.1279    1485.62    1485.87 0.0000e+00
       3232    123.000     8.3404     8.3390   3.647918   3.649195     1.7361    -0.0668      61.60 4.9478e-02 0.0000e+00    82.5146    4.02493    34.8893    34.9043    27.1355    1485.63    1485.87 0.0000e+00
       3253    124.000     8.3382     8.3366   3.648693   3.649976     1.7295    -0.0650      94.74 4.9523e-02 0.0000e+00    82.5158    4.01618    34.8992    34.9145    27.1436    1485.65    1485.87 0.0000e+00
       3273    125.000     8.3409     8.3392   3.649598   3.650870     1.7240    -0.0601      76.37 4.9525e-02 0.0000e+00    82.5314    4.00562    34.9057    34.9209    27.1483    1485.69    1485.87 0.0000e+00
       3294    126.000     8.3385     8.3370   3.649570   3.650831     1.7186    -0.0660      89.61 4.9525e-02 0.0000e+00    82.5286    3.99053    34.9073    34.9222    27.1499    1485.70    1485.87 0.0000e+00
       3315    127.000     8.3382     8.3365   3.649907   3.651175     1.7133    -0.0649      98.19 4.9508e-02 0.0000e+00    82.5000    3.95881    34.9107    34.9259    27.1527    1485.71    1485.86 0.0000e+00
       3335    128.000     8.3371     8.3355   3.650087   3.651364     1.7058    -0.0674      98.79 4.9505e-02 0.0000e+00    82.4701    3.92031    34.9132    34.9284    27.1548    1485.73    1485.86 0.0000e+00
       3356    129.000     8.3358     8.3341   3.650336   3.651619     1.6979    -0.0680      95.00 4.9505e-02 0.0000e+00    82.4519    3.89782    34.9167    34.9320    27.1577    1485.75    1485.86 0.0000e+00
       3377    130.000     8.3352     8.3336   3.650418   3.651688     1.6910    -0.0760      87.48 4.9544e-02 0.0000e+00    82.3987    3.88109    34.9177    34.9328    27.1586    1485.76    1485.86 0.0000e+00
       3397    131.000     8.3349     8.3333   3.650496   3.651777     1.6841    -0.0762      83.88 4.9495e-02 0.0000e+00    82.3719    3.86575    34.9183    34.9336    27.1591    1485.78    1485.86 0.0000e+00
       3418    132.000     8.3345     8.3328   3.650605   3.651881     1.6783    -0.0665      50.63 4.9518e-02 0.0000e+00    82.3278    3.85379    34.9194    34.9347    27.1601    1485.79    1485.86 0.0000e+00
       3439    133.000     8.3335     8.3319   3.650677   3.651954     1.6728    -0.0650      98.98 4.9495e-02 0.0000e+00    82.3108    3.84874    34.9207    34.9359    27.1612    1485.81    1485.86 0.0000e+00
       3459    134.000     8.3319     8.3304   3.650824   3.652103     1.6685    -0.0760      63.57 4.9472e-02 0.0000e+00    82.2920    3.84515    34.9233    34.9385    27.1636    1485.82    1485.86 0.0000e+00
       3480    135.000     8.3311     8.3294   3.650950   3.652225     1.6651    -0.0772      87.19 4.9481e-02 0.0000e+00    82.2962    3.84303    34.9250    34.9403    27.1650    1485.84    1485.86 0.0000e+00
       3500    136.000     8.3305     8.3290   3.651024   3.652294     1.6620    -0.0616      55.74 4.9472e-02 0.0000e+00    82.2785    3.84005    34.9259    34.9409    27.1658    1485.85    1485.86 0.0000e+00
       3521    137.000     8.3302     8.3286   3.651135   3.652401     1.6596    -0.0588      90.90 4.9509e-02 0.0000e+00    82.2498    3.83333    34.9269    34.9420    27.1666    1485.87    1485.86 0.0000e+00
       3541    138.000     8.3297     8.3280   3.651231   3.652518     1.6568    -0.0743      77.74 4.9512e-02 0.0000e+00    82.2592    3.82658    34.9279    34.9433    27.1675    1485.89    1485.86 0.0000e+00
       3562    139.000     8.3292     8.3275   3.651319   3.652594     1.6548    -0.0699      87.17 4.9515e-02 0.0000e+00    82.2437    3.82457    34.9289    34.9442    27.1683    1485.90    1485.86 0.0000e+00
       3582    140.000     8.3291     8.3274   3.651381   3.652654     1.6525    -0.0674      84.12 4.9472e-02 0.0000e+00    82.2081    3.81917    34.9292    34.9444    27.1685    1485.92    1485.86 0.0000e+00
       3602    141.000     8.3291     8.3274   3.651445   3.652717     1.6508    -0.0730      83.92 4.9522e-02 0.0000e+00    82.1842    3.81552    34.9294    34.9446    27.1687    1485.93    1485.86 0.0000e+00
       3623    142.000     8.3292     8.3276   3.651513   3.652793     1.6489    -0.0691      91.88 4.9488e-02 0.0000e+00    82.1717    3.81024    34.9295    34.9447    27.1688    1485.95    1485.86 0.0000e+00
       3643    143.000     8.3292     8.3275   3.651572   3.652849     1.6472    -0.0556      72.23 4.9481e-02 0.0000e+00    82.1755    3.81075    34.9297    34.9450    27.1689    1485.97    1485.86 0.0000e+00
       3663    144.000     8.3289     8.3273   3.651645   3.652924     1.6462    -0.0544      93.28 4.9479e-02 0.0000e+00    82.1459    3.81116    34.9303    34.9455    27.1694    1485.98    1485.86 0.0000e+00
       3683    145.000     8.3289     8.3272   3.651699   3.652976     1.6450    -0.0727      98.71 4.9494e-02 0.0000e+00    82.1541    3.80923    34.9303    34.9456    27.1695    1486.00    1485.86 0.0000e+00
       3703    146.000     8.3287     8.3271   3.651767   3.653035     1.6443    -0.0631      35.76 4.9515e-02 0.0000e+00    82.1192    3.80792    34.9308    34.9459    27.1699    1486.02    1485.87 0.0000e+00
       3724    147.000     8.3287     8.3270   3.651819   3.653098     1.6431    -0.0755      90.67 4.9494e-02 0.0000e+00    82.1266    3.80329    34.9309    34.9462    27.1699    1486.03    1485.87 0.0000e+00
       3744    148.000     8.3287     8.3269   3.651880   3.653168     1.6423    -0.0577      98.78 4.9485e-02 0.0000e+00    82.1043    3.80477    34.9310    34.9465    27.1701    1486.05    1485.87 0.0000e+00
       3764    149.000     8.3283     8.3267   3.651950   3.653228     1.6418    -0.0604      86.72 4.9515e-02 0.0000e+00    82.1124    3.80521    34.9317    34.9469    27.1707    1486.07    1485.87 0.0000e+00
       3784    150.000     8.3279     8.3263   3.652026   3.653301     1.6410    -0.0679      98.78 4.9488e-02 0.0000e+00    82.1293    3.80364    34.9324    34.9476    27.1713    1486.08    1485.87 0.0000e+00
       3804    151.000     8.3276     8.3259   3.652098   3.653382     1.6406    -0.0751      81.04 4.9460e-02 0.0000e+00    82.1102    3.80209    34.9330    34.9484    27.1718    1486.10    1485.87 0.0000e+00
       3824    152.000     8.3274     8.3258   3.652156   3.653442     1.6398    -0.0706      96.34 4.9501e-02 0.0000e+00    82.0999    3.80046    34.9333    34.9486    27.1721    1486.11    1485.87 0.0000e+00
       3844    153.000     8.3274     8.3257   3.652221   3.653499     1.6395    -0.0736      98.28 4.9474e-02 0.0000e+00    82.1070    3.80495    34.9335    34.9488    27.1722    1486.13    1485.88 0.0000e+00
       3865    154.000     8.3269     8.3252   3.652300   3.653579     1.6395    -0.0603      37.88 4.9516e-02 0.0000e+00    82.1159    3.80815    34.9344    34.9497    27.1730    1486.15    1485.88 0.0000e+00
