_data/ctd/2022603/sta0226.cnv
* Sea-Bird SBE 9 Data File:
* FileName = C:\Seabird\CTDData\sta0226.hex
* Software Version Seasave V 7.21f
* Temperature SN = 6264
* Conductivity SN = 4928
* Number of Bytes Per Scan = 40
* Number of Voltage Words = 5
* Number of Scans Averaged by the Deck Unit = 1
* NMEA Latitude = 61 05.08 N
* NMEA Longitude = 005 02.96 E
* NMEA UTC (Time) = Feb 18 2022 06:24:45
* NMEA baud rate = 4800
** Ship: R/V "Kristine Bonnevie"
** Station: 0226
** Echodepth: 177
** Log: 1238.615
** Wind-Dir/Force: 29 18
** Air-temp (dry): 3.8
** Weather Sky:
** Sea:
** S03
# nquan = 19                                
# nvalues = 173                         
# units = specified
# name 0 = scan: Scan Count
# name 1 = prDM: Pressure, Digiquartz [db]
# name 2 = t068C: Temperature [ITS-68, deg C]
# name 3 = t168C: Temperature, 2 [ITS-68, deg C]
# name 4 = c0S/m: Conductivity [S/m]
# name 5 = c1S/m: Conductivity, 2 [S/m]
# name 6 = sbeox0V: Oxygen raw, SBE 43 [V]
# name 7 = flECO-AFL: Fluorescence, WET Labs ECO-AFL/FL [mg/m^3]
# name 8 = altM: Altimeter [m]
# name 9 = par: PAR/Irradiance, Biospherical/Licor
# name 10 = spar: SPAR/Surface Irradiance
# name 11 = CStarTr0: Beam Transmission, WET Labs C-Star [%]
# name 12 = sbeox0ML/L: Oxygen, SBE 43 [ml/l], WS = 2
# name 13 = sal00: Salinity, Practical [PSU]
# name 14 = sal11: Salinity, Practical, 2 [PSU]
# name 15 = sigma-t00: Density [sigma-t, Kg/m^3 ]
# name 16 = svCM: Sound Velocity [Chen-Millero, m/s]
# name 17 = avgsvCM: Average Sound Velocity [Chen-Millero, m/s], minP = 1, minS = 5
# name 18 = flag: flag
# span 0 =        431,       4302       
# span 1 =      3.000,    175.000       
# span 2 =     5.9067,     8.5556       
# span 3 =     5.9234,     8.5530       
# span 4 =   3.079464,   3.646696       
# span 5 =   3.083266,   3.648158       
# span 6 =     2.2187,     2.4458       
# span 7 =    -0.0877,     0.6713       
# span 8 =       6.33,      99.34       
# span 9 = 4.9169e-02, 5.9465e-01       
# span 10 = 0.0000e+00, 0.0000e+00      
# span 11 =    77.6168,    80.4467      
# span 12 =    5.75219,    6.88265      
# span 13 =    31.0774,    34.9114      
# span 14 =    31.1044,    34.9285      
# span 15 =    24.4655,    27.1622      
# span 16 =    1469.48,    1486.29      
# span 17 =    1469.85,    1482.68      
# span 18 = 0.0000e+00, 0.0000e+00      
# interval = decibars: 1                
# start_time = Feb 18 2022 06:24:47 [System UTC, header]
# bad_flag = -9.990e-29
*END*
[from data line 153]
       3836    156.000     8.2749     8.2732   3.645215   3.646664     2.2238    -0.0661      25.51 1.1167e-01 0.0000e+00    80.2122    5.75659    34.9095    34.9267    27.1614    1485.95    1482.26 0.0000e+00
       3857    157.000     8.2748     8.2733   3.645240   3.646684     2.2235    -0.0848      24.52 4.9708e-02 0.0000e+00    80.2270    5.75467    34.9094    34.9263    27.1614    1485.97    1482.28 0.0000e+00
       3879    158.000     8.2735     8.2721   3.645114   3.646569     2.2228    -0.0589      23.50 4.9479e-02 0.0000e+00    80.2261    5.75309    34.9089    34.9258    27.1612    1485.98    1482.31 0.0000e+00
       3900    159.000     8.2748     8.2731   3.645362   3.646779     2.2223    -0.0568      22.53 4.9492e-02 0.0000e+00    80.1871    5.75338    34.9098    34.9266    27.1616    1486.00    1482.33 0.0000e+00
       3921    160.000     8.2762     8.2746   3.645570   3.646989     2.2218 -9.990e-29      21.53 4.9496e-02 0.0000e+00    80.1925    5.75219    34.9101    34.9268    27.1617    1486.02    1482.35 0.0000e+00
       3943    161.000     8.2770     8.2746   3.645694   3.647020     2.2213 -9.990e-29      20.54 4.9499e-02 0.0000e+00    80.2055    5.75290    34.9101    34.9267    27.1616    1486.04    1482.38 0.0000e+00
       3964    162.000     8.2765     8.2748   3.645670   3.647083     2.2211 -9.990e-29      19.57 4.9486e-02 0.0000e+00    80.2097    5.75279    34.9099    34.9267    27.1615    1486.06    1482.40 0.0000e+00
       3985    163.000     8.2771     8.2750   3.645796   3.647174     2.2208 -9.990e-29      18.58 4.9498e-02 0.0000e+00    80.1969    5.75553    34.9102    34.9270    27.1616    1486.08    1482.42 0.0000e+00
       4006    164.000     8.2768     8.2756   3.645803   3.647279     2.2209    -0.0875      17.58 4.9499e-02 0.0000e+00    80.2124    5.76072    34.9101    34.9270    27.1616    1486.09    1482.44 0.0000e+00
       4026    165.000     8.2777     8.2765   3.645961   3.647435     2.2212    -0.0679      16.61 4.9492e-02 0.0000e+00    80.2234    5.75894    34.9104    34.9273    27.1617    1486.11    1482.47 0.0000e+00
       4048    166.000     8.2783     8.2766   3.646097   3.647523     2.2208    -0.0558      15.60 4.9481e-02 0.0000e+00    80.1952    5.75704    34.9107    34.9276    27.1619    1486.13    1482.49 0.0000e+00
       4068    167.000     8.2787     8.2769   3.646218   3.647643     2.2209    -0.0603      14.61 4.9499e-02 0.0000e+00    80.2186    5.75614    34.9112    34.9281    27.1621    1486.15    1482.51 0.0000e+00
       4089    168.000     8.2789     8.2772   3.646297   3.647745     2.2201    -0.0877      13.64 4.9472e-02 0.0000e+00    80.2118    5.75241    34.9113    34.9285    27.1622    1486.17    1482.53 0.0000e+00
       4110    169.000     8.2798     8.2776   3.646423   3.647804     2.2200    -0.0877      12.63 4.9496e-02 0.0000e+00    80.2233    5.75596    34.9113    34.9282    27.1621    1486.19    1482.55 0.0000e+00
       4133    170.000     8.2794     8.2776   3.646433   3.647846     2.2199    -0.0689      11.61 4.9480e-02 0.0000e+00    80.2441    5.75660    34.9113    34.9282    27.1622    1486.20    1482.57 0.0000e+00
       4158    171.000     8.2793     8.2777   3.646476   3.647910     2.2196    -0.0560      10.57 4.9482e-02 0.0000e+00    80.2399    5.75567    34.9114    34.9283    27.1622    1486.22    1482.60 0.0000e+00
       4183    172.000     8.2795     8.2776   3.646526   3.647936     2.2194    -0.0571       9.57 4.9456e-02 0.0000e+00    80.2835    5.75364    34.9112    34.9282    27.1621    1486.24    1482.62 0.0000e+00
       4207    173.000     8.2799     8.2782   3.646613   3.648040     2.2189    -0.0598       8.60 4.9475e-02 0.0000e+00    80.2376    5.75406    34.9113    34.9282    27.1621    1486.25    1482.64 0.0000e+00
       4229    174.000     8.2802     8.2785   3.646684   3.648115     2.2187    -0.0557       7.65 4.9479e-02 0.0000e+00    80.2563    5.75619    34.9113    34.9282    27.1620    1486.27    1482.66 0.0000e+00
       4302    175.000     8.2801     8.2786   3.646696   3.648158     2.2187    -0.0779       6.33 4.9482e-02 0.0000e+00    80.2489    5.75935    34.9110    34.9281    27.1618    1486.29    1482.68 0.0000e+00
