_data/ctd/2022603/sta0205.cnv
* Sea-Bird SBE 9 Data File:
* FileName = C:\Seabird\CTDData\sta0205.hex
* Software Version Seasave V 7.21f
* Temperature SN = 6264
* Conductivity SN = 4928
* Number of Bytes Per Scan = 40
* Number of Voltage Words = 5
* Number of Scans Averaged by the Deck Unit = 1
* NMEA Latitude = 61 05.29 N
* NMEA Longitude = 005 13.85 E
* NMEA UTC (Time) = Feb 15 2022 14:50:15
* NMEA baud rate = 4800
** Ship: R/V "Kristine Bonnevie"
** Station: 0205
** Echodepth: 1048
** Log: 0855.950
** Wind-Dir/Force: 21 09
** Air-temp (dry): 4.3
** Weather Sky:
** Sea:
# nquan = 19                                
# nvalues = 1061                        
# units = specified
# name 0 = scan: Scan Count
# name 1 = prDM: Pressure, Digiquartz [db]
# name 2 = t068C: Temperature [ITS-68, deg C]
# name 3 = t168C: Temperature, 2 [ITS-68, deg C]
# name 4 = c0S/m: Conductivity [S/m]
# name 5 = c1S/m: Conductivity, 2 [S/m]
# name 6 = sbeox0V: Oxygen raw, SBE 43 [V]
# name 7 = flECO-AFL: Fluorescence, WET Labs ECO-AFL/FL [mg/m^3]
# name 8 = altM: Altimeter [m]
# name 9 = par: PAR/Irradiance, Biospherical/Licor
# name 10 = spar: SPAR/Surface Irradiance
# name 11 = CStarTr0: Beam Transmission, WET Labs C-Star [%]
# name 12 = sbeox0ML/L: Oxygen, SBE 43 [ml/l], WS = 2
# name 13 = sal00: Salinity, Practical [PSU]
# name 14 = sal11: Salinity, Practical, 2 [PSU]
# name 15 = sigma-t00: Density [sigma-t, Kg/m^3 ]
# name 16 = svCM: Sound Velocity [Chen-Millero, m/s]
# name 17 = avgsvCM: Average Sound Velocity [Chen-Millero, m/s], minP = 1, minS = 5
# name 18 = flag: flag
# span 0 =        -11,      23843       
# span 1 =      2.000,   1062.000       
# span 2 =     6.0781,     8.8597       
# span 3 =     6.0751,     8.8432       
# span 4 =   3.101746,   3.651363       
# span 5 =   3.102814,   3.652799       
# span 6 =     1.5845,     2.4454       
# span 7 =    -0.1090,     0.6173       
# span 8 =       4.44,      99.64       
# span 9 = 4.9451e-02, 2.1381e+01       
# span 10 = 3.1979e+01, 5.5957e+01      
# span 11 =    80.0134,    81.8168      
# span 12 =    4.14596,    6.86766      
# span 13 =    31.1689,    35.0239      
# span 14 =    31.1836,    35.0400      
# span 15 =    24.5175,    27.3658      
# span 16 =    1470.25,    1498.19      
# span 17 =    1470.25,    1489.89      
# span 18 = 0.0000e+00, 0.0000e+00      
# interval = decibars: 1                
# start_time = Feb 15 2022 14:50:18 [System UTC, header]
# bad_flag = -9.990e-29
*END*
[from data line 686]
      14815    688.000     7.5057     7.5044   3.607681   3.609044     1.6923    -0.0682      75.22 4.9469e-02 5.3964e+01    81.5051    4.34747    35.0194    35.0354    27.3624    1491.95    1487.11 0.0000e+00
      14837    689.000     7.5057     7.5041   3.607724   3.609059     1.6920    -0.0670      55.76 4.9485e-02 5.3964e+01    81.4866    4.34382    35.0194    35.0354    27.3624    1491.96    1487.12 0.0000e+00
      14859    690.000     7.5054     7.5042   3.607729   3.609114     1.6917    -0.0651      78.38 4.9481e-02 5.3964e+01    81.5009    4.34234    35.0193    35.0354    27.3624    1491.98    1487.12 0.0000e+00
      14882    691.000     7.5054     7.5041   3.607781   3.609152     1.6913    -0.0694      98.75 4.9530e-02 5.3964e+01    81.4894    4.34400    35.0193    35.0355    27.3624    1491.99    1487.13 0.0000e+00
      14905    692.000     7.5047     7.5036   3.607756   3.609144     1.6910    -0.0726      95.08 4.9530e-02 5.3964e+01    81.5025    4.34243    35.0193    35.0354    27.3625    1492.01    1487.14 0.0000e+00
      14927    693.000     7.5052     7.5039   3.607852   3.609233     1.6908    -0.0626      98.73 4.9559e-02 5.3964e+01    81.5189    4.33997    35.0194    35.0356    27.3625    1492.03    1487.15 0.0000e+00
      14949    694.000     7.5054     7.5041   3.607913   3.609282     1.6902    -0.0756      92.87 4.9477e-02 5.3964e+01    81.5206    4.34549    35.0193    35.0355    27.3624    1492.04    1487.15 0.0000e+00
      14972    695.000     7.5048     7.5033   3.607889   3.609253     1.6907    -0.0724      98.65 4.9534e-02 5.3964e+01    81.5325    4.34421    35.0192    35.0355    27.3624    1492.06    1487.16 0.0000e+00
      14994    696.000     7.5032     7.5019   3.607798   3.609172     1.6899    -0.0770      87.22 4.9499e-02 5.3964e+01    81.5335    4.33575    35.0194    35.0355    27.3628    1492.07    1487.17 0.0000e+00
      15016    697.000     7.5031     7.5018   3.607833   3.609210     1.6893    -0.0646      96.76 4.9508e-02 5.3964e+01    81.5155    4.33589    35.0194    35.0356    27.3628    1492.09    1487.17 0.0000e+00
      15038    698.000     7.5027     7.5015   3.607846   3.609226     1.6890    -0.0597      85.83 4.9496e-02 5.3964e+01    81.5283    4.33933    35.0194    35.0356    27.3629    1492.10    1487.18 0.0000e+00
      15060    699.000     7.5025     7.5011   3.607875   3.609235     1.6888    -0.0623      95.67 4.9508e-02 5.3964e+01    81.5609    4.33738    35.0195    35.0356    27.3630    1492.12    1487.19 0.0000e+00
      15083    700.000     7.5024     7.5011   3.607906   3.609286     1.6884    -0.0655      85.01 4.9489e-02 5.3964e+01    81.5361    4.33880    35.0194    35.0357    27.3629    1492.13    1487.19 0.0000e+00
      15104    701.000     7.5025     7.5012   3.607968   3.609351     1.6881    -0.0665      95.09 4.9512e-02 5.3964e+01    81.5490    4.33570    35.0195    35.0358    27.3630    1492.15    1487.20 0.0000e+00
      15126    702.000     7.5026     7.5012   3.608025   3.609403     1.6877    -0.0701      82.15 4.9477e-02 5.3964e+01    81.5877    4.33252    35.0196    35.0359    27.3630    1492.17    1487.21 0.0000e+00
      15148    703.000     7.5023     7.5010   3.608062   3.609443     1.6871    -0.0644      98.33 4.9512e-02 5.3964e+01    81.5681    4.33396    35.0198    35.0361    27.3632    1492.18    1487.22 0.0000e+00
      15170    704.000     7.5018     7.5006   3.608073   3.609455     1.6868    -0.0686      98.74 4.9496e-02 5.3964e+01    81.5519    4.33246    35.0200    35.0361    27.3634    1492.20    1487.22 0.0000e+00
      15192    705.000     7.5018     7.5005   3.608109   3.609490     1.6865    -0.0629      83.70 4.9533e-02 5.3964e+01    81.5403    4.33448    35.0199    35.0361    27.3634    1492.21    1487.23 0.0000e+00
      15214    706.000     7.5011     7.4998   3.608105   3.609466     1.6862    -0.0682      98.30 4.9492e-02 5.3964e+01    81.5312    4.32616    35.0201    35.0361    27.3636    1492.23    1487.24 0.0000e+00
      15236    707.000     7.5011     7.5000   3.608146   3.609533     1.6851    -0.0632      79.62 4.9511e-02 5.3964e+01    81.5298    4.31923    35.0200    35.0361    27.3636    1492.24    1487.24 0.0000e+00
      15258    708.000     7.5014     7.5002   3.608219   3.609604     1.6842    -0.0646      98.77 4.9492e-02 5.3964e+01    81.5331    4.31984    35.0200    35.0362    27.3636    1492.26    1487.25 0.0000e+00
      15280    709.000     7.5014     7.5000   3.608255   3.609621     1.6836    -0.0708      66.86 4.9502e-02 5.3964e+01    81.5326    4.31969    35.0200    35.0361    27.3635    1492.28    1487.26 0.0000e+00
      15302    710.000     7.5012     7.4998   3.608291   3.609648     1.6828    -0.0696      98.82 4.9515e-02 5.3964e+01    81.5163    4.31794    35.0201    35.0362    27.3636    1492.29    1487.27 0.0000e+00
      15324    711.000     7.5008     7.4993   3.608299   3.609642     1.6824    -0.0626      64.40 4.9500e-02 5.3964e+01    81.5228    4.31569    35.0201    35.0361    27.3637    1492.31    1487.27 0.0000e+00
      15346    712.000     7.5009     7.4994   3.608348   3.609705     1.6814    -0.0640      98.13 4.9508e-02 5.3964e+01    81.5050    4.31415    35.0200    35.0362    27.3636    1492.33    1487.28 0.0000e+00
      15368    713.000     7.5011     7.4997   3.608406   3.609780     1.6810    -0.0650      57.02 4.9512e-02 5.3964e+01    81.4836    4.31219    35.0200    35.0363    27.3636    1492.34    1487.29 0.0000e+00
      15389    714.000     7.5008     7.4996   3.608418   3.609811     1.6803    -0.0636      99.14 4.9512e-02 5.3964e+01    81.5176    4.31387    35.0200    35.0362    27.3636    1492.36    1487.29 0.0000e+00
      15411    715.000     7.5012     7.4998   3.608516   3.609878     1.6801    -0.0618      57.94 4.9508e-02 5.3964e+01    81.5390    4.31666    35.0201    35.0363    27.3637    1492.38    1487.30 0.0000e+00
      15433    716.000     7.5011     7.4997   3.608539   3.609889     1.6797    -0.0648      98.89 4.9505e-02 5.3964e+01    81.5542    4.31463    35.0200    35.0360    27.3636    1492.39    1487.31 0.0000e+00
      15455    717.000     7.5006     7.4993   3.608538   3.609907     1.6795    -0.0712      54.87 4.9499e-02 5.3964e+01    81.5316    4.31833    35.0200    35.0362    27.3637    1492.41    1487.31 0.0000e+00
      15477    718.000     7.5004     7.4992   3.608560   3.609934     1.6796    -0.0595      99.52 4.9499e-02 5.3964e+01    81.4964    4.31482    35.0200    35.0361    27.3637    1492.42    1487.32 0.0000e+00
      15498    719.000     7.5005     7.4992   3.608607   3.609986     1.6788    -0.0697      57.25 4.9515e-02 5.3964e+01    81.5572    4.30493    35.0199    35.0362    27.3636    1492.44    1487.33 0.0000e+00
      15519    720.000     7.5007     7.4993   3.608676   3.610042     1.6779    -0.0696      65.41 4.9509e-02 5.3964e+01    81.5631    4.30824    35.0200    35.0362    27.3636    1492.46    1487.34 0.0000e+00
      15541    721.000     7.5006     7.4993   3.608712   3.610082     1.6779    -0.0616      98.85 4.9518e-02 5.3964e+01    81.5509    4.31368    35.0200    35.0362    27.3637    1492.47    1487.34 0.0000e+00
      15563    722.000     7.5003     7.4990   3.608735   3.610097     1.6778    -0.0600      86.11 4.9495e-02 5.3964e+01    81.5671    4.31576    35.0201    35.0361    27.3638    1492.49    1487.35 0.0000e+00
      15585    723.000     7.5003     7.4990   3.608769   3.610143     1.6779    -0.0665      98.83 4.9509e-02 5.3964e+01    81.5784    4.31712    35.0200    35.0362    27.3637    1492.51    1487.36 0.0000e+00
      15606    724.000     7.5003     7.4989   3.608814   3.610182     1.6776    -0.0687      86.67 4.9509e-02 5.3692e+01    81.5605    4.31380    35.0200    35.0362    27.3637    1492.52    1487.36 0.0000e+00
      15628    725.000     7.5003     7.4989   3.608854   3.610238     1.6777    -0.0646      98.70 4.9515e-02 5.3538e+01    81.5700    4.31507    35.0200    35.0364    27.3637    1492.54    1487.37 0.0000e+00
      15651    726.000     7.5003     7.4990   3.608903   3.610279     1.6774    -0.0679      82.26 4.9508e-02 5.3579e+01    81.5788    4.31495    35.0200    35.0362    27.3637    1492.55    1487.38 0.0000e+00
      15673    727.000     7.5003     7.4989   3.608955   3.610327     1.6776    -0.0668      99.05 4.9508e-02 5.3292e+01    81.5942    4.31642    35.0201    35.0364    27.3638    1492.57    1487.39 0.0000e+00
      15695    728.000     7.4995     7.4983   3.608926   3.610315     1.6770    -0.0690      80.63 4.9500e-02 5.3097e+01    81.5919    4.31301    35.0201    35.0364    27.3639    1492.58    1487.39 0.0000e+00
      15717    729.000     7.4992     7.4979   3.608957   3.610329     1.6772    -0.0670      98.46 4.9521e-02 5.3287e+01    81.5642    4.31345    35.0203    35.0364    27.3641    1492.60    1487.40 0.0000e+00
      15740    730.000     7.4992     7.4978   3.609005   3.610385     1.6764    -0.0660      71.61 4.9494e-02 5.3218e+01    81.5938    4.30478    35.0203    35.0367    27.3641    1492.62    1487.41 0.0000e+00
      15762    731.000     7.4993     7.4980   3.609068   3.610440     1.6757    -0.0688      98.57 4.9502e-02 5.2988e+01    81.5848    4.30504    35.0205    35.0366    27.3642    1492.63    1487.41 0.0000e+00
      15785    732.000     7.4994     7.4981   3.609127   3.610498     1.6754    -0.0678      66.35 4.9496e-02 5.2508e+01    81.5853    4.30430    35.0205    35.0367    27.3642    1492.65    1487.42 0.0000e+00
      15807    733.000     7.4997     7.4984   3.609192   3.610566     1.6746    -0.0678      96.83 4.9502e-02 5.2519e+01    81.5960    4.29951    35.0205    35.0366    27.3641    1492.67    1487.43 0.0000e+00
      15829    734.000     7.4998     7.4985   3.609243   3.610622     1.6740    -0.0687      59.64 4.9505e-02 5.2591e+01    81.5893    4.30044    35.0204    35.0367    27.3641    1492.69    1487.44 0.0000e+00
      15852    735.000     7.4998     7.4986   3.609303   3.610682     1.6732    -0.0625      88.87 4.9517e-02 5.2635e+01    81.5650    4.29460    35.0206    35.0367    27.3642    1492.70    1487.44 0.0000e+00
      15875    736.000     7.4999     7.4985   3.609347   3.610726     1.6728    -0.0660      65.45 4.9496e-02 5.2700e+01    81.5609    4.29696    35.0205    35.0368    27.3642    1492.72    1487.45 0.0000e+00
      15897    737.000     7.4998     7.4985   3.609384   3.610760     1.6719    -0.0700      97.89 4.9517e-02 5.2493e+01    81.5297    4.29590    35.0205    35.0367    27.3642    1492.74    1487.46 0.0000e+00
      15919    738.000     7.4996     7.4979   3.609414   3.610762     1.6719    -0.0682      25.98 4.9496e-02 -9.990e-29    81.5398    4.29996    35.0206    35.0369    27.3643    1492.75    1487.46 0.0000e+00
      15942    739.000     7.4992     7.4979   3.609429   3.610803     1.6715    -0.0639      94.81 4.9517e-02 -9.990e-29    81.5360    4.29408    35.0207    35.0369    27.3644    1492.77    1487.47 0.0000e+00
      15965    740.000     7.4990     7.4977   3.609444   3.610827     1.6708    -0.0721      97.44 4.9512e-02 -9.990e-29    81.5367    4.29176    35.0206    35.0368    27.3643    1492.78    1487.48 0.0000e+00
      15987    741.000     7.4987     7.4974   3.609465   3.610842     1.6704    -0.0642      95.88 4.9515e-02 -9.990e-29    81.5381    4.29264    35.0206    35.0368    27.3644    1492.80    1487.49 0.0000e+00
      16010    742.000     7.4986     7.4973   3.609502   3.610881     1.6699    -0.0743      94.51 4.9515e-02 -9.990e-29    81.5565    4.29016    35.0207    35.0369    27.3645    1492.81    1487.49 0.0000e+00
      16032    743.000     7.4985     7.4972   3.609537   3.610917     1.6693    -0.0715      92.00 4.9508e-02 -9.990e-29    81.5209    4.28845    35.0207    35.0369    27.3645    1492.83    1487.50 0.0000e+00
      16054    744.000     7.4986     7.4973   3.609598   3.610962     1.6688    -0.0738      91.54 4.9493e-02 -9.990e-29    81.5403    4.29435    35.0208    35.0368    27.3645    1492.85    1487.51 0.0000e+00
      16077    745.000     7.4986     7.4974   3.609638   3.611027     1.6689    -0.0631      91.57 4.9502e-02 -9.990e-29    81.5531    4.28925    35.0207    35.0369    27.3645    1492.86    1487.51 0.0000e+00
      16099    746.000     7.4987     7.4975   3.609696   3.611072     1.6681    -0.0614      98.95 4.9489e-02 5.1965e+01    81.5559    4.28546    35.0208    35.0369    27.3645    1492.88    1487.52 0.0000e+00
      16121    747.000     7.4988     7.4975   3.609749   3.611122     1.6678    -0.0638      80.04 4.9524e-02 5.1965e+01    81.5625    4.28780    35.0208    35.0369    27.3645    1492.90    1487.53 0.0000e+00
      16144    748.000     7.4989     7.4976   3.609807   3.611177     1.6673    -0.0612      48.64 4.9496e-02 5.1965e+01    81.5521    4.28629    35.0208    35.0369    27.3645    1492.91    1487.54 0.0000e+00
      16166    749.000     7.4991     7.4978   3.609864   3.611246     1.6671    -0.0629      99.00 4.9506e-02 5.1965e+01    81.5665    4.28975    35.0208    35.0370    27.3645    1492.93    1487.54 0.0000e+00
      16189    750.000     7.4993     7.4979   3.609926   3.611289     1.6671    -0.0671      90.51 4.9499e-02 5.1965e+01    81.5393    4.28872    35.0208    35.0369    27.3644    1492.95    1487.55 0.0000e+00
      16212    751.000     7.4994     7.4980   3.609971   3.611343     1.6665    -0.0694      97.56 4.9512e-02 5.1965e+01    81.5730    4.28582    35.0207    35.0369    27.3644    1492.97    1487.56 0.0000e+00
      16235    752.000     7.4995     7.4982   3.610023   3.611402     1.6663    -0.0673      89.30 4.9482e-02 5.1965e+01    81.5525    4.28701    35.0207    35.0369    27.3643    1492.98    1487.56 0.0000e+00
      16258    753.000     7.4993     7.4980   3.610062   3.611430     1.6662    -0.0678      98.81 4.9536e-02 5.1965e+01    81.5262    4.28837    35.0208    35.0369    27.3645    1493.00    1487.57 0.0000e+00
      16281    754.000     7.4994     7.4981   3.610112   3.611489     1.6660    -0.0658      82.51 4.9487e-02 5.1965e+01    81.5590    4.28996    35.0208    35.0370    27.3644    1493.01    1487.58 0.0000e+00
      16304    755.000     7.4996     7.4983   3.610172   3.611545     1.6661    -0.0647      98.61 4.9511e-02 5.1965e+01    81.5610    4.29013    35.0208    35.0369    27.3644    1493.03    1487.59 0.0000e+00
      16326    756.000     7.4995     7.4982   3.610214   3.611592     1.6660    -0.0697      82.35 4.9496e-02 5.1965e+01    81.5616    4.28694    35.0209    35.0371    27.3645    1493.05    1487.59 0.0000e+00
      16349    757.000     7.4995     7.4981   3.610251   3.611636     1.6653    -0.0668      98.32 4.9505e-02 5.1965e+01    81.5442    4.28371    35.0208    35.0372    27.3644    1493.06    1487.60 0.0000e+00
      16371    758.000     7.4991     7.4977   3.610267   3.611639     1.6654    -0.0669      76.50 4.9496e-02 5.1965e+01    81.5343    4.29276    35.0209    35.0371    27.3646    1493.08    1487.61 0.0000e+00
      16394    759.000     7.4990     7.4976   3.610315   3.611681     1.6655    -0.0634      50.69 4.9487e-02 5.1965e+01    81.5453    4.29017    35.0210    35.0372    27.3647    1493.10    1487.61 0.0000e+00
      16416    760.000     7.4991     7.4977   3.610369   3.611741     1.6652    -0.0693      70.21 4.9502e-02 5.1965e+01    81.5333    4.28371    35.0210    35.0373    27.3647    1493.11    1487.62 0.0000e+00
      16439    761.000     7.4991     7.4978   3.610413   3.611790     1.6647    -0.0650      56.12 4.9509e-02 5.1965e+01    81.5264    4.28403    35.0211    35.0372    27.3647    1493.13    1487.63 0.0000e+00
      16461    762.000     7.4992     7.4979   3.610462   3.611845     1.6645    -0.0731      98.38 4.9520e-02 5.1965e+01    81.5189    4.28469    35.0210    35.0373    27.3646    1493.15    1487.64 0.0000e+00
