_data/ctd/2022603/sta0190.cnv
* Sea-Bird SBE 9 Data File:
* FileName = C:\Seabird\CTDData\sta0190.hex
* Software Version Seasave V 7.21f
* Temperature SN = 6264
* Conductivity SN = 4928
* Number of Bytes Per Scan = 40
* Number of Voltage Words = 5
* Number of Scans Averaged by the Deck Unit = 1
* NMEA Latitude = 61 24.27 N
* NMEA Longitude = 006 45.05 E
* NMEA UTC (Time) = Feb 14 2022 17:09:14
* NMEA baud rate = 4800
** Ship: R/V "Kristine Bonnevie"
** Station: 0190
** Echodepth: 112
** Log: 0762.703
** Wind-Dir/Force: 24 04
** Air-temp (dry): 3.1
** Weather Sky:
** Sea:
** F02
# nquan = 19                                
# nvalues = 99                          
# units = specified
# name 0 = scan: Scan Count
# name 1 = prDM: Pressure, Digiquartz [db]
# name 2 = t068C: Temperature [ITS-68, deg C]
# name 3 = t168C: Temperature, 2 [ITS-68, deg C]
# name 4 = c0S/m: Conductivity [S/m]
# name 5 = c1S/m: Conductivity, 2 [S/m]
# name 6 = sbeox0V: Oxygen raw, SBE 43 [V]
# name 7 = flECO-AFL: Fluorescence, WET Labs ECO-AFL/FL [mg/m^3]
# name 8 = altM: Altimeter [m]
# name 9 = par: PAR/Irradiance, Biospherical/Licor
# name 10 = spar: SPAR/Surface Irradiance
# name 11 = CStarTr0: Beam Transmission, WET Labs C-Star [%]
# name 12 = sbeox0ML/L: Oxygen, SBE 43 [ml/l], WS = 2
# name 13 = sal00: Salinity, Practical [PSU]
# name 14 = sal11: Salinity, Practical, 2 [PSU]
# name 15 = sigma-t00: Density [sigma-t, Kg/m^3 ]
# name 16 = svCM: Sound Velocity [Chen-Millero, m/s]
# name 17 = avgsvCM: Average Sound Velocity [Chen-Millero, m/s], minP = 1, minS = 5
# name 18 = flag: flag
# span 0 =        355,       2452       
# span 1 =      2.000,    100.000       
# span 2 =     4.7155,    10.0511       
# span 3 =     4.7118,    10.0561       
# span 4 =   2.797852,   3.691567       
# span 5 =   2.798596,   3.693267       
# span 6 =     1.8305,     2.4775       
# span 7 =    -0.0644,     0.9515       
# span 8 =       9.03,     100.91       
# span 9 = 4.9453e-02, 5.5300e-01       
# span 10 = 0.0000e+00, 0.0000e+00      
# span 11 =    76.9101,    80.9138      
# span 12 =    4.38176,    7.30197      
# span 13 =    28.9690,    34.6517      
# span 14 =    28.9808,    34.6690      
# span 15 =    22.9259,    26.9472      
# span 16 =    1461.90,    1488.98      
# span 17 =    1461.90,    1481.45      
# span 18 = 0.0000e+00, 0.0000e+00      
# interval = decibars: 1                
# start_time = Feb 14 2022 17:09:17 [System UTC, header]
# bad_flag = -9.990e-29
*END*
        355      2.000     4.7155     4.7118   2.797852   2.798596     2.4561     0.9515      68.00 5.5300e-01 0.0000e+00    76.9101    7.30197    28.9690    28.9808    22.9259    1461.90    1461.90 0.0000e+00
        399      3.000     4.7235     4.7171   2.801311   2.801476     2.4560     0.8469     100.91 4.9743e-01 0.0000e+00    78.3095    7.29282    29.0010    29.0085    22.9505    1461.99    1461.93 0.0000e+00
        428      4.000     4.8049     4.7835   2.817417   2.815040     2.4558     0.8266      63.19 2.9763e-01 0.0000e+00    79.1964    7.27117    29.1129    29.1046    23.0311    1462.49    1462.07 0.0000e+00
        455      5.000     4.8404     4.8322   2.826591   2.824717     2.4565     0.8308      99.22 2.3146e-01 0.0000e+00    79.2781    7.28071    29.1857    29.1716    23.0852    1462.75    1462.21 0.0000e+00
        480      6.000     4.8199     4.8168   2.831496   2.831194     2.4575     0.8928      98.82 1.5426e-01 0.0000e+00    79.3777    7.27319    29.2591    29.2584    23.1454    1462.77    1462.30 0.0000e+00
        503      7.000     4.8192     4.8017   2.830294   2.828674     2.4569     0.8693      52.44 1.2667e-01 0.0000e+00    79.4306    7.25897    29.2456    29.2426    23.1348    1462.77    1462.37 0.0000e+00
        526      8.000     4.8239     4.8218   2.830345   2.830572     2.4561     0.8333      99.05 1.0279e-01 0.0000e+00    79.4542    7.25438    29.2416    29.2460    23.1311    1462.80    1462.42 0.0000e+00
        548      9.000     4.8260     4.8245   2.832537   2.833023     2.4552     0.8394      98.82 8.3249e-02 0.0000e+00    79.5043    7.25185    29.2642    29.2711    23.1488    1462.85    1462.47 0.0000e+00
        569     10.000     4.8439     4.8347   2.839135   2.838571     2.4546     0.8395      50.65 6.6017e-02 0.0000e+00    79.4959    7.25200    29.3231    29.3248    23.1937    1463.02    1462.52 0.0000e+00
        590     11.000     4.9681     4.9456   2.861076   2.860564     2.4546     0.8321      95.17 5.8090e-02 0.0000e+00    79.4682    7.22913    29.4624    29.4765    23.2915    1463.72    1462.63 0.0000e+00
        613     12.000     5.1571     5.1520   2.888914   2.889875     2.4552     0.8486      98.86 5.0588e-02 0.0000e+00    79.4705    7.22153    29.6101    29.6254    23.3888    1464.71    1462.80 0.0000e+00
        634     13.000     5.2345     5.2261   2.900621   2.901969     2.4595     0.8274      71.45 4.9493e-02 0.0000e+00    79.5594    7.23771    29.6732    29.6959    23.4307    1465.12    1462.98 0.0000e+00
        655     14.000     5.4934     5.4818   2.932937   2.933733     2.4619     0.7744      70.26 4.9453e-02 0.0000e+00    79.6979    7.17928    29.8067    29.8259    23.5085    1466.36    1463.22 0.0000e+00
        675     15.000     5.8444     5.8173   2.989278   2.990456     2.4651     0.7596      99.10 4.9466e-02 0.0000e+00    79.6965    7.12398    30.1236    30.1609    23.7197    1468.20    1463.55 0.0000e+00
        696     16.000     6.0598     6.0418   3.024857   3.026141     2.4692     0.7540      98.83 4.9485e-02 0.0000e+00    79.7082    7.10090    30.3259    30.3562    23.8544    1469.34    1463.91 0.0000e+00
        717     17.000     6.3932     6.3791   3.074993   3.076438     2.4737     0.7375      42.59 4.9479e-02 0.0000e+00    79.8329    7.03478    30.5801    30.6087    24.0152    1471.01    1464.33 0.0000e+00
        738     18.000     6.5424     6.5348   3.096848   3.098937     2.4769     0.7081      98.39 4.9505e-02 0.0000e+00    79.9697    6.99131    30.6857    30.7154    24.0801    1471.75    1464.74 0.0000e+00
        758     19.000     6.8129     6.8008   3.133786   3.134730     2.4775     0.6454      98.82 4.9488e-02 0.0000e+00    80.0787    6.90342    30.8458    30.8670    24.1723    1473.03    1465.17 0.0000e+00
        779     20.000     6.8981     6.8909   3.145725   3.146656     2.4760     0.5792      66.10 4.9466e-02 0.0000e+00    80.2976    6.86250    30.8987    30.9153    24.2030    1473.45    1465.59 0.0000e+00
        799     21.000     7.0926     7.0756   3.176330   3.177134     2.4731     0.5245      72.23 4.9467e-02 0.0000e+00    80.4310    6.79268    31.0552    31.0792    24.3010    1474.42    1466.00 0.0000e+00
        820     22.000     7.1882     7.1819   3.192657   3.193773     2.4691     0.5241      98.70 4.9485e-02 0.0000e+00    80.4955    6.75657    31.1451    31.1629    24.3591    1474.92    1466.41 0.0000e+00
        840     23.000     7.2509     7.2447   3.203561   3.204736     2.4655     0.4253      98.82 4.9460e-02 0.0000e+00    80.5557    6.73157    31.2058    31.2241    24.3985    1475.26    1466.79 0.0000e+00
        861     24.000     7.4220     7.4113   3.228466   3.229857     2.4614     0.3860      45.05 4.9485e-02 0.0000e+00    80.6504    6.67049    31.3190    31.3436    24.4645    1476.08    1467.18 0.0000e+00
        882     25.000     7.5211     7.5159   3.241759   3.243162     2.4558     0.3405      99.48 4.9467e-02 0.0000e+00    80.7291    6.64098    31.3717    31.3914    24.4925    1476.55    1467.55 0.0000e+00
        902     26.000     7.6238     7.6153   3.257925   3.259200     2.4525     0.2782      90.25 4.9472e-02 0.0000e+00    80.7543    6.61613    31.4515    31.4728    24.5411    1477.06    1467.91 0.0000e+00
        922     27.000     7.6753     7.6726   3.268366   3.269545     2.4480     0.2451      65.33 4.9467e-02 0.0000e+00    80.8236    6.58362    31.5161    31.5311    24.5847    1477.35    1468.26 0.0000e+00
        943     28.000     7.8543     7.8312   3.296493   3.297946     2.4435     0.2031      66.54 4.9474e-02 0.0000e+00    80.9138    6.52839    31.6534    31.6899    24.6675    1478.22    1468.61 0.0000e+00
        963     29.000     9.0132     8.9147   3.475969   3.477019     2.4381     0.1801      99.06 4.9485e-02 0.0000e+00    80.8853    6.34686    32.4847    32.5858    25.1473    1483.63    1469.12 0.0000e+00
        983     30.000     9.9847     9.9466   3.646309   3.648303     2.4418     0.1300      98.82 4.9481e-02 0.0000e+00    80.7788    6.32541    33.3425    33.3980    25.6608    1488.24    1469.75 0.0000e+00
       1003     31.000    10.0511    10.0561   3.691289   3.693146     2.4605     0.0157      32.86 4.9481e-02 0.0000e+00    80.3383    6.35766    33.7380    33.7522    25.9583    1488.98    1470.37 0.0000e+00
       1023     32.000     9.9118     9.9165   3.691567   3.693267     2.4633    -0.0352      75.90 4.9487e-02 0.0000e+00    79.8591    6.12403    33.8708    33.8838    26.0855    1488.66    1470.93 0.0000e+00
       1043     33.000     9.8469     9.8499   3.689405   3.691170     2.4367    -0.0519      98.28 4.9474e-02 0.0000e+00    79.5550    5.77851    33.9093    33.9245    26.1264    1488.49    1471.46 0.0000e+00
       1063     34.000     9.7905     9.7911   3.687890   3.689558     2.3926    -0.0558      58.81 4.9483e-02 0.0000e+00    79.2639    5.52597    33.9464    33.9629    26.1648    1488.34    1471.95 0.0000e+00
       1082     35.000     9.7707     9.7691   3.687199   3.688895     2.3459    -0.0558      42.47 4.9508e-02 0.0000e+00    79.0314    5.39032    33.9576    33.9765    26.1768    1488.30    1472.41 0.0000e+00
       1102     36.000     9.7625     9.7616   3.686960   3.688639     2.3037    -0.0558      58.08 4.9495e-02 0.0000e+00    78.8891    5.32932    33.9624    33.9805    26.1820    1488.29    1472.85 0.0000e+00
       1122     37.000     9.7146     9.7170   3.684891   3.686584     2.2688 -9.990e-29       9.03 4.9481e-02 0.0000e+00    78.8297    5.30514    33.9859    34.0011    26.2084    1488.17    1473.26 0.0000e+00
       1143     38.000     9.6443     9.6478   3.681765   3.683474     2.2401 -9.990e-29      97.33 4.9481e-02 0.0000e+00    78.7562    5.29041    34.0199    34.0341    26.2465    1487.97    1473.64 0.0000e+00
       1163     39.000     9.5983     9.5982   3.680658   3.682368     2.2170 -9.990e-29      98.81 4.9481e-02 0.0000e+00    78.6534    5.27422    34.0516    34.0693    26.2790    1487.86    1474.00 0.0000e+00
       1183     40.000     9.5868     9.5852   3.680348   3.682052     2.1983 -9.990e-29      72.36 4.9479e-02 0.0000e+00    78.5739    5.26076    34.0589    34.0780    26.2865    1487.84    1474.34 0.0000e+00
       1203     41.000     9.5809     9.5798   3.680040   3.681702     2.1829 -9.990e-29      13.37 4.9467e-02 0.0000e+00    78.6288    5.25077    34.0609    34.0790    26.2890    1487.84    1474.67 0.0000e+00
       1223     42.000     9.5612     9.5606   3.679251   3.680963     2.1707 -9.990e-29      26.91 4.9508e-02 0.0000e+00    78.6404    5.24563    34.0710    34.0892    26.3002    1487.80    1474.98 0.0000e+00
       1244     43.000     9.5447     9.5428   3.678326   3.679930     2.1609 -9.990e-29      82.20 4.9488e-02 0.0000e+00    78.6716    5.23717    34.0767    34.0950    26.3073    1487.76    1475.27 0.0000e+00
       1264     44.000     9.5365     9.5355   3.677970   3.679629     2.1526 -9.990e-29      89.73 4.9474e-02 0.0000e+00    78.7121    5.23044    34.0803    34.0984    26.3116    1487.75    1475.56 0.0000e+00
       1284     45.000     9.5289     9.5278   3.677615   3.679250     2.1458 -9.990e-29      34.27 4.9472e-02 0.0000e+00    78.6923    5.22365    34.0834    34.1013    26.3152    1487.74    1475.82 0.0000e+00
       1304     46.000     9.5045     9.5040   3.677036   3.678673     2.1401 -9.990e-29      67.70 4.9481e-02 0.0000e+00    78.6787    5.22032    34.1002    34.1176    26.3324    1487.69    1476.08 0.0000e+00
       1324     47.000     9.5004     9.4986   3.677048   3.678728     2.1354 -9.990e-29      58.30 4.9474e-02 0.0000e+00    78.6690    5.21418    34.1038    34.1228    26.3358    1487.70    1476.33 0.0000e+00
       1344     48.000     9.4787     9.4796   3.675274   3.676863     2.1312 -9.990e-29      98.18 4.9460e-02 0.0000e+00    78.7457    5.21240    34.1056    34.1212    26.3408    1487.64    1476.56 0.0000e+00
       1364     49.000     9.4393     9.4389   3.672224   3.673827     2.1276 -9.990e-29      64.66 4.9494e-02 0.0000e+00    78.7794    5.20890    34.1112    34.1281    26.3516    1487.52    1476.78 0.0000e+00
       1385     50.000     9.4264     9.4249   3.672250   3.673870     2.1243 -9.990e-29       9.94 4.9481e-02 0.0000e+00    78.7908    5.20399    34.1233    34.1415    26.3632    1487.50    1476.99 0.0000e+00
       1405     51.000     9.4073     9.4066   3.671756   3.673352     2.1211 -9.990e-29      48.19 4.9488e-02 0.0000e+00    78.6963    5.19137    34.1359    34.1531    26.3762    1487.46    1477.20 0.0000e+00
       1425     52.000     9.3877     9.3869   3.670905   3.672498     2.1171 -9.990e-29      56.58 4.9495e-02 0.0000e+00    78.6229    5.17472    34.1454    34.1626    26.3868    1487.42    1477.39 0.0000e+00
       1445     53.000     9.3428     9.3452   3.667225   3.668883     2.1129 -9.990e-29      96.53 4.9472e-02 0.0000e+00    78.6850    5.16831    34.1496    34.1645    26.3974    1487.28    1477.58 0.0000e+00
       1465     54.000     9.3003     9.3008   3.664343   3.665921     2.1089 -9.990e-29      32.93 4.9460e-02 0.0000e+00    78.8830    5.15978    34.1599    34.1758    26.4124    1487.15    1477.75 0.0000e+00
       1486     55.000     9.2689     9.2680   3.662768   3.664339     2.1046 -9.990e-29      76.86 4.9485e-02 0.0000e+00    78.9562    5.14643    34.1731    34.1903    26.4278    1487.07    1477.92 0.0000e+00
       1507     56.000     9.2482     9.2475   3.661655   3.663216     2.0997 -9.990e-29      42.85 4.9492e-02 0.0000e+00    78.9220    5.12230    34.1809    34.1978    26.4373    1487.02    1478.08 0.0000e+00
       1527     57.000     9.2268     9.2263   3.660388   3.661947     2.0938 -9.990e-29      78.51 4.9488e-02 0.0000e+00    78.8148    5.09813    34.1878    34.2045    26.4461    1486.96    1478.24 0.0000e+00
       1548     58.000     9.2040     9.2034   3.659163   3.660717     2.0873 -9.990e-29      51.10 4.9459e-02 0.0000e+00    78.7422    5.07604    34.1964    34.2132    26.4565    1486.91    1478.39 0.0000e+00
       1569     59.000     9.1815     9.1802   3.658048   3.659582     2.0806 -9.990e-29      62.39 4.9478e-02 0.0000e+00    78.6878    5.05302    34.2059    34.2232    26.4676    1486.85    1478.53 0.0000e+00
       1590     60.000     9.1659     9.1650   3.657447   3.658982     2.0735 -9.990e-29      51.79 4.9474e-02 0.0000e+00    78.5882    5.03360    34.2142    34.2310    26.4766    1486.82    1478.67 0.0000e+00
       1610     61.000     9.1252     9.1264   3.655648   3.657179     2.0670 -9.990e-29      85.32 4.9472e-02 0.0000e+00    78.3961    5.01773    34.2341    34.2489    26.4987    1486.71    1478.80 0.0000e+00
       1630     62.000     9.0930     9.0917   3.654271   3.655801     2.0602 -9.990e-29      50.48 4.9488e-02 0.0000e+00    78.2032    4.99735    34.2502    34.2674    26.5165    1486.63    1478.92 0.0000e+00
       1651     63.000     9.0748     9.0744   3.653335   3.654883     2.0533 -9.990e-29      27.53 4.9466e-02 0.0000e+00    78.1728    4.98335    34.2575    34.2740    26.5251    1486.59    1479.05 0.0000e+00
       1671     64.000     9.0547     9.0541   3.652439   3.653970     2.0475 -9.990e-29      99.67 4.9459e-02 0.0000e+00    78.1897    4.97788    34.2670    34.2836    26.5357    1486.54    1479.16 0.0000e+00
       1692     65.000     9.0281     9.0279   3.651204   3.652727     2.0425 -9.990e-29      63.52 4.9495e-02 0.0000e+00    78.1512    4.96749    34.2793    34.2954    26.5496    1486.48    1479.27 0.0000e+00
       1712     66.000     8.9994     8.9996   3.649787   3.651325     2.0371 -9.990e-29      46.06 4.9492e-02 0.0000e+00    78.1871    4.95674    34.2916    34.3075    26.5639    1486.40    1479.38 0.0000e+00
       1732     67.000     8.9748     8.9741   3.648591   3.650098     2.0326 -9.990e-29      45.47 4.9495e-02 0.0000e+00    78.3379    4.95276    34.3024    34.3188    26.5762    1486.34    1479.49 0.0000e+00
       1753     68.000     8.9563     8.9551   3.647669   3.649159     2.0287 -9.990e-29      44.72 4.9474e-02 0.0000e+00    78.4842    4.94387    34.3101    34.3269    26.5852    1486.30    1479.58 0.0000e+00
       1773     69.000     8.9364     8.9353   3.646597   3.648096     2.0244 -9.990e-29      43.73 4.9492e-02 0.0000e+00    78.4692    4.92537    34.3177    34.3344    26.5943    1486.25    1479.68 0.0000e+00
       1793     70.000     8.9130     8.9134   3.645578   3.647085     2.0191 -9.990e-29      42.52 4.9481e-02 0.0000e+00    78.3534    4.89632    34.3291    34.3445    26.6070    1486.20    1479.77 0.0000e+00
       1814     71.000     8.8847     8.8840   3.644348   3.645833     2.0126 -9.990e-29      41.48 4.9495e-02 0.0000e+00    78.3147    4.86913    34.3431    34.3594    26.6224    1486.13    1479.86 0.0000e+00
       1834     72.000     8.8643     8.8638   3.643439   3.644936     2.0056 -9.990e-29      40.42 4.9485e-02 0.0000e+00    78.4429    4.84522    34.3529    34.3691    26.6333    1486.08    1479.95 0.0000e+00
       1855     73.000     8.8358     8.8355   3.642159   3.643662     1.9981 -9.990e-29      39.42 4.9485e-02 0.0000e+00    78.4588    4.82028    34.3666    34.3827    26.6485    1486.01    1480.03 0.0000e+00
       1875     74.000     8.8075     8.8077   3.640977   3.642467     1.9907 -9.990e-29      38.55 4.9495e-02 0.0000e+00    78.4047    4.79415    34.3811    34.3966    26.6644    1485.94    1480.11 0.0000e+00
       1896     75.000     8.7695     8.7688   3.639479   3.640944     1.9825 -9.990e-29      37.44 4.9492e-02 0.0000e+00    78.3807    4.77487    34.4018    34.4179    26.6865    1485.84    1480.19 0.0000e+00
       1917     76.000     8.7594     8.7583   3.639090   3.640584     1.9753 -9.990e-29      36.10 4.9499e-02 0.0000e+00    78.4374    4.75951    34.4070    34.4238    26.6922    1485.82    1480.26 0.0000e+00
       1938     77.000     8.7412     8.7405   3.638349   3.639835     1.9683 -9.990e-29      35.30 4.9505e-02 0.0000e+00    78.5475    4.73589    34.4164    34.4328    26.7024    1485.78    1480.33 0.0000e+00
