_data/ctd/2022603/sta0225.cnv
* Sea-Bird SBE 9 Data File:
* FileName = C:\Seabird\CTDData\sta0225.hex
* Software Version Seasave V 7.21f
* Temperature SN = 6264
* Conductivity SN = 4928
* Number of Bytes Per Scan = 40
* Number of Voltage Words = 5
* Number of Scans Averaged by the Deck Unit = 1
* NMEA Latitude = 61 14.70 N
* NMEA Longitude = 004 54.40 E
* NMEA UTC (Time) = Feb 18 2022 00:14:38
* NMEA baud rate = 4800
** Ship: R/V "Kristine Bonnevie"
** Station: 0225
** Echodepth: 324
** Log: 1208.894
** Wind-Dir/Force: 28 17
** Air-temp (dry): 4.3
** Weather Sky:
** Sea:
# nquan = 19                                
# nvalues = 319                         
# units = specified
# name 0 = scan: Scan Count
# name 1 = prDM: Pressure, Digiquartz [db]
# name 2 = t068C: Temperature [ITS-68, deg C]
# name 3 = t168C: Temperature, 2 [ITS-68, deg C]
# name 4 = c0S/m: Conductivity [S/m]
# name 5 = c1S/m: Conductivity, 2 [S/m]
# name 6 = sbeox0V: Oxygen raw, SBE 43 [V]
# name 7 = flECO-AFL: Fluorescence, WET Labs ECO-AFL/FL [mg/m^3]
# name 8 = altM: Altimeter [m]
# name 9 = par: PAR/Irradiance, Biospherical/Licor
# name 10 = spar: SPAR/Surface Irradiance
# name 11 = CStarTr0: Beam Transmission, WET Labs C-Star [%]
# name 12 = sbeox0ML/L: Oxygen, SBE 43 [ml/l], WS = 2
# name 13 = sal00: Salinity, Practical [PSU]
# name 14 = sal11: Salinity, Practical, 2 [PSU]
# name 15 = sigma-t00: Density [sigma-t, Kg/m^3 ]
# name 16 = svCM: Sound Velocity [Chen-Millero, m/s]
# name 17 = avgsvCM: Average Sound Velocity [Chen-Millero, m/s], minP = 1, minS = 5
# name 18 = flag: flag
# span 0 =          8,       7873       
# span 1 =      2.000,    320.000       
# span 2 =     6.2065,     8.4778       
# span 3 =     6.2162,     8.4759       
# span 4 =   3.155189,   3.653770       
# span 5 =   3.158107,   3.655225       
# span 6 =     2.0460,     2.5104       
# span 7 =    -0.0980,     0.6737       
# span 8 =       8.68,      99.56       
# span 9 = 4.9445e-02, 6.6651e-01       
# span 10 = 0.0000e+00, 0.0000e+00      
# span 11 =    78.6404,    80.9660      
# span 12 =    5.33170,    6.92657      
# span 13 =    31.6423,    34.9753      
# span 14 =    31.6656,    34.9918      
# span 15 =    24.8755,    27.2793      
# span 16 =    1471.41,    1487.08      
# span 17 =    1471.45,    1483.75      
# span 18 = 0.0000e+00, 0.0000e+00      
# interval = decibars: 1                
# start_time = Feb 18 2022 00:14:41 [System UTC, header]
# bad_flag = -9.990e-29
*END*
[from data line 305]
       7130    307.000     7.8376     7.8361   3.617437   3.618830     2.0518 -9.990e-29      22.17 4.9469e-02 0.0000e+00    79.4115    5.33679    34.9747    34.9912    27.2786    1486.87    1483.61 0.0000e+00
       7152    308.000     7.8377     7.8361   3.617484   3.618883     2.0514 -9.990e-29      21.16 4.9495e-02 0.0000e+00    79.3548    5.33833    34.9746    34.9913    27.2785    1486.89    1483.62 0.0000e+00
       7172    309.000     7.8374     7.8358   3.617493   3.618896     2.0510 -9.990e-29      20.29 4.9502e-02 0.0000e+00    79.3191    5.33650    34.9745    34.9912    27.2785    1486.90    1483.63 0.0000e+00
       7192    310.000     7.8373     7.8357   3.617538   3.618942     2.0505    -0.0611      19.29 4.9505e-02 0.0000e+00    79.3051    5.33502    34.9746    34.9913    27.2785    1486.92    1483.64 0.0000e+00
       7213    311.000     7.8368     7.8356   3.617567   3.618986     2.0502    -0.0688      18.29 4.9466e-02 0.0000e+00    79.2497    5.33547    34.9749    34.9914    27.2789    1486.93    1483.66 0.0000e+00
       7235    312.000     7.8369     7.8353   3.617619   3.619019     2.0495    -0.0787      17.32 4.9478e-02 0.0000e+00    79.2995    5.33170    34.9749    34.9916    27.2788    1486.95    1483.67 0.0000e+00
       7265    313.000     7.8372     7.8356   3.617671   3.619064     2.0490    -0.0578      15.81 4.9500e-02 0.0000e+00    79.0531    5.33464    34.9747    34.9913    27.2786    1486.97    1483.68 0.0000e+00
       7297    314.000     7.8373     7.8358   3.617735   3.619122     2.0485    -0.0768      14.86 4.9501e-02 0.0000e+00    79.1377    5.33589    34.9748    34.9912    27.2787    1486.99    1483.69 0.0000e+00
       7322    315.000     7.8373     7.8357   3.617784   3.619177     2.0489    -0.0723      13.98 4.9496e-02 0.0000e+00    79.1406    5.34302    34.9748    34.9914    27.2787    1487.00    1483.70 0.0000e+00
       7341    316.000     7.8366     7.8350   3.617780   3.619168     2.0489    -0.0557      13.18 4.9483e-02 0.0000e+00    79.1037    5.34009    34.9750    34.9916    27.2790    1487.02    1483.71 0.0000e+00
       7359    317.000     7.8362     7.8345   3.617786   3.619170     2.0488    -0.0558      12.32 4.9508e-02 0.0000e+00    79.0147    5.33899    34.9750    34.9916    27.2790    1487.03    1483.72 0.0000e+00
       7378    318.000     7.8358     7.8343   3.617816   3.619202     2.0488    -0.0558      11.34 4.9486e-02 0.0000e+00    78.8979    5.33753    34.9752    34.9917    27.2793    1487.05    1483.73 0.0000e+00
       7404    319.000     7.8358     7.8343   3.617862   3.619259     2.0483    -0.0578      10.23 4.9499e-02 0.0000e+00    78.7573    5.33546    34.9753    34.9918    27.2793    1487.06    1483.74 0.0000e+00
       7873    320.000     7.8365     7.8349   3.617943   3.619353     2.0460    -0.0607       8.68 4.9491e-02 0.0000e+00    78.6404    5.33170    34.9749    34.9917    27.2789    1487.08    1483.75 0.0000e+00
