_data/ctd/2022603/sta0200.cnv
* Sea-Bird SBE 9 Data File:
* FileName = C:\Seabird\CTDData\sta0200.hex
* Software Version Seasave V 7.21f
* Temperature SN = 6264
* Conductivity SN = 4928
* Number of Bytes Per Scan = 40
* Number of Voltage Words = 5
* Number of Scans Averaged by the Deck Unit = 1
* NMEA Latitude = 61 07.62 N
* NMEA Longitude = 006 05.38 E
* NMEA UTC (Time) = Feb 15 2022 02:08:20
* NMEA baud rate = 4800
** Ship: R/V "Kristine Bonnevie"
** Station: 0200
** Echodepth: 1247
** Log: 0796.288
** Wind-Dir/Force: 10 25
** Air-temp (dry): 3.8
** Weather Sky:
** Sea:
# nquan = 19                                
# nvalues = 1254                        
# units = specified
# name 0 = scan: Scan Count
# name 1 = prDM: Pressure, Digiquartz [db]
# name 2 = t068C: Temperature [ITS-68, deg C]
# name 3 = t168C: Temperature, 2 [ITS-68, deg C]
# name 4 = c0S/m: Conductivity [S/m]
# name 5 = c1S/m: Conductivity, 2 [S/m]
# name 6 = sbeox0V: Oxygen raw, SBE 43 [V]
# name 7 = flECO-AFL: Fluorescence, WET Labs ECO-AFL/FL [mg/m^3]
# name 8 = altM: Altimeter [m]
# name 9 = par: PAR/Irradiance, Biospherical/Licor
# name 10 = spar: SPAR/Surface Irradiance
# name 11 = CStarTr0: Beam Transmission, WET Labs C-Star [%]
# name 12 = sbeox0ML/L: Oxygen, SBE 43 [ml/l], WS = 2
# name 13 = sal00: Salinity, Practical [PSU]
# name 14 = sal11: Salinity, Practical, 2 [PSU]
# name 15 = sigma-t00: Density [sigma-t, Kg/m^3 ]
# name 16 = svCM: Sound Velocity [Chen-Millero, m/s]
# name 17 = avgsvCM: Average Sound Velocity [Chen-Millero, m/s], minP = 1, minS = 5
# name 18 = flag: flag
# span 0 =        268,      28364       
# span 1 =      2.000,   1255.000       
# span 2 =     6.2331,     9.8354       
# span 3 =     6.2310,     9.8345       
# span 4 =   3.116411,   3.703531       
# span 5 =   3.117156,   3.705046       
# span 6 =     1.5410,     2.4342       
# span 7 =    -0.0973,     0.6541       
# span 8 =       7.70,     100.38       
# span 9 = 4.9283e-02, 8.6075e-01       
# span 10 = 0.0000e+00, 0.0000e+00      
# span 11 =    79.9550,    81.9234      
# span 12 =    4.07349,    6.82260      
# span 13 =    31.1888,    35.0242      
# span 14 =    31.1990,    35.0403      
# span 15 =    24.5142,    27.3646      
# span 16 =    1470.91,    1501.45      
# span 17 =    1470.91,    1491.49      
# span 18 = 0.0000e+00, 0.0000e+00      
# interval = decibars: 1                
# start_time = Feb 15 2022 02:08:22 [System UTC, header]
# bad_flag = -9.990e-29
*END*
[from data line 991]
      22289    993.000     7.5072     7.5060   3.621320   3.622690     1.6006    -0.0624      77.82 4.9494e-02 0.0000e+00    81.7706    4.16606    35.0225    35.0384    27.3646    1497.00    1489.46 0.0000e+00
      22312    994.000     7.5073     7.5061   3.621369   3.622746     1.6003    -0.0637      94.34 4.9518e-02 0.0000e+00    81.7822    4.17187    35.0224    35.0385    27.3646    1497.02    1489.47 0.0000e+00
      22335    995.000     7.5075     7.5062   3.621437   3.622812     1.6002    -0.0598      95.50 4.9511e-02 0.0000e+00    81.7883    4.17145    35.0225    35.0386    27.3646    1497.04    1489.48 0.0000e+00
      22359    996.000     7.5075     7.5061   3.621473   3.622845     1.5998    -0.0609      71.83 4.9485e-02 0.0000e+00    81.7890    4.16930    35.0224    35.0386    27.3645    1497.05    1489.49 0.0000e+00
      22382    997.000     7.5074     7.5061   3.621504   3.622887     1.5995    -0.0651      87.15 4.9511e-02 0.0000e+00    81.7940    4.17139    35.0224    35.0386    27.3645    1497.07    1489.49 0.0000e+00
      22405    998.000     7.5075     7.5063   3.621559   3.622938     1.5994    -0.0597      91.06 4.9493e-02 0.0000e+00    81.7834    4.17016    35.0224    35.0385    27.3645    1497.09    1489.50 0.0000e+00
      22429    999.000     7.5077     7.5064   3.621623   3.622999     1.5990    -0.0647      63.84 4.9474e-02 0.0000e+00    81.7768    4.17023    35.0224    35.0386    27.3645    1497.10    1489.51 0.0000e+00
      22452   1000.000     7.5078     7.5065   3.621687   3.623062     1.5989    -0.0638      75.35 4.9523e-02 0.0000e+00    81.7740    4.16897    35.0226    35.0387    27.3646    1497.12    1489.52 0.0000e+00
      22475   1001.000     7.5079     7.5066   3.621739   3.623111     1.5988    -0.0637      83.97 4.9505e-02 0.0000e+00    81.7791    4.17491    35.0226    35.0387    27.3646    1497.14    1489.52 0.0000e+00
      22498   1002.000     7.5080     7.5067   3.621781   3.623163     1.5987    -0.0612      93.63 4.9518e-02 0.0000e+00    81.7940    4.17296    35.0225    35.0387    27.3645    1497.15    1489.53 0.0000e+00
      22521   1003.000     7.5081     7.5068   3.621841   3.623213     1.5991    -0.0677      98.82 4.9511e-02 0.0000e+00    81.7700    4.17821    35.0225    35.0386    27.3646    1497.17    1489.54 0.0000e+00
      22544   1004.000     7.5082     7.5069   3.621893   3.623270     1.5989    -0.0610      73.58 4.9499e-02 0.0000e+00    81.7739    4.17536    35.0225    35.0387    27.3645    1497.19    1489.55 0.0000e+00
      22567   1005.000     7.5083     7.5070   3.621936   3.623322     1.5992    -0.0585      98.92 4.9542e-02 0.0000e+00    81.7712    4.17940    35.0224    35.0387    27.3645    1497.21    1489.55 0.0000e+00
      22590   1006.000     7.5083     7.5070   3.621988   3.623361     1.5992    -0.0677      98.78 4.9517e-02 0.0000e+00    81.7967    4.17643    35.0225    35.0387    27.3645    1497.22    1489.56 0.0000e+00
      22614   1007.000     7.5084     7.5071   3.622040   3.623411     1.5991    -0.0613      57.70 4.9514e-02 0.0000e+00    81.7805    4.17935    35.0225    35.0386    27.3645    1497.24    1489.57 0.0000e+00
      22636   1008.000     7.5085     7.5073   3.622104   3.623464     1.5994    -0.0672      97.83 4.9500e-02 0.0000e+00    81.7786    4.17843    35.0227    35.0385    27.3646    1497.26    1489.58 0.0000e+00
      22659   1009.000     7.5086     7.5073   3.622147   3.623527     1.5988    -0.0643      96.67 4.9505e-02 0.0000e+00    81.7744    4.17012    35.0226    35.0388    27.3645    1497.27    1489.58 0.0000e+00
      22682   1010.000     7.5087     7.5074   3.622196   3.623565     1.5987    -0.0651      50.39 4.9477e-02 0.0000e+00    81.7629    4.17305    35.0225    35.0386    27.3645    1497.29    1489.59 0.0000e+00
      22706   1011.000     7.5087     7.5074   3.622236   3.623617     1.5981    -0.0655      95.68 4.9526e-02 0.0000e+00    81.7528    4.17060    35.0225    35.0387    27.3644    1497.31    1489.60 0.0000e+00
      22729   1012.000     7.5087     7.5074   3.622290   3.623668     1.5979    -0.0668      80.84 4.9512e-02 0.0000e+00    81.7738    4.17233    35.0226    35.0388    27.3645    1497.32    1489.61 0.0000e+00
      22752   1013.000     7.5089     7.5075   3.622346   3.623714     1.5977    -0.0611      31.46 4.9482e-02 0.0000e+00    81.7751    4.17189    35.0226    35.0387    27.3645    1497.34    1489.62 0.0000e+00
      22775   1014.000     7.5089     7.5075   3.622332   3.623771     1.5975    -0.0626      98.10 4.9523e-02 0.0000e+00    81.7859    4.17002    35.0220    35.0389    27.3640    1497.36    1489.62 0.0000e+00
      22798   1015.000     7.5089     7.5076   3.622442   3.623820     1.5971    -0.0702      71.37 4.9512e-02 0.0000e+00    81.7705    4.16819    35.0227    35.0388    27.3646    1497.37    1489.63 0.0000e+00
      22821   1016.000     7.5091     7.5078   3.622501   3.623867     1.5967    -0.0691      98.13 4.9529e-02 0.0000e+00    81.7717    4.16913    35.0227    35.0387    27.3645    1497.39    1489.64 0.0000e+00
      22844   1017.000     7.5092     7.5079   3.622547   3.623921     1.5966    -0.0681      95.40 4.9506e-02 0.0000e+00    81.7738    4.17008    35.0226    35.0387    27.3644    1497.41    1489.65 0.0000e+00
      22866   1018.000     7.5093     7.5080   3.622611   3.623975     1.5962    -0.0641      58.25 4.9490e-02 0.0000e+00    81.7771    4.16421    35.0227    35.0387    27.3645    1497.43    1489.65 0.0000e+00
      22889   1019.000     7.5094     7.5080   3.622642   3.624024     1.5957    -0.0634      98.86 4.9506e-02 0.0000e+00    81.7765    4.16686    35.0225    35.0388    27.3643    1497.44    1489.66 0.0000e+00
      22912   1020.000     7.5094     7.5082   3.622704   3.624080     1.5957    -0.0648      89.21 4.9530e-02 0.0000e+00    81.7579    4.17131    35.0227    35.0387    27.3645    1497.46    1489.67 0.0000e+00
      22936   1021.000     7.5095     7.5083   3.622761   3.624131     1.5957    -0.0637      60.73 4.9508e-02 0.0000e+00    81.7426    4.16993    35.0228    35.0387    27.3645    1497.48    1489.68 0.0000e+00
      22959   1022.000     7.5096     7.5084   3.622812   3.624183     1.5953    -0.0690      97.94 4.9529e-02 0.0000e+00    81.7751    4.16524    35.0227    35.0387    27.3645    1497.49    1489.68 0.0000e+00
      22982   1023.000     7.5097     7.5085   3.622851   3.624235     1.5950    -0.0639      71.21 4.9500e-02 0.0000e+00    81.7690    4.16646    35.0226    35.0387    27.3644    1497.51    1489.69 0.0000e+00
      23004   1024.000     7.5097     7.5085   3.622900   3.624278     1.5948    -0.0723      82.29 4.9521e-02 0.0000e+00    81.7739    4.16822    35.0227    35.0387    27.3644    1497.53    1489.70 0.0000e+00
      23027   1025.000     7.5098     7.5085   3.622954   3.624332     1.5947    -0.0691      88.83 4.9494e-02 0.0000e+00    81.7714    4.16727    35.0227    35.0389    27.3644    1497.54    1489.71 0.0000e+00
      23049   1026.000     7.5099     7.5087   3.623004   3.624380     1.5945    -0.0696      69.57 4.9502e-02 0.0000e+00    81.7502    4.16665    35.0227    35.0387    27.3644    1497.56    1489.71 0.0000e+00
      23073   1027.000     7.5100     7.5087   3.623055   3.624427     1.5942    -0.0593      58.79 4.9491e-02 0.0000e+00    81.7532    4.16460    35.0227    35.0388    27.3644    1497.58    1489.72 0.0000e+00
      23095   1028.000     7.5101     7.5088   3.623114   3.624490     1.5938    -0.0669      80.73 4.9515e-02 0.0000e+00    81.7616    4.16199    35.0227    35.0389    27.3644    1497.59    1489.73 0.0000e+00
      23118   1029.000     7.5102     7.5089   3.623163   3.624544     1.5935    -0.0642      81.06 4.9518e-02 0.0000e+00    81.7711    4.16311    35.0227    35.0389    27.3644    1497.61    1489.74 0.0000e+00
      23141   1030.000     7.5103     7.5091   3.623225   3.624592     1.5932    -0.0730      98.77 4.9524e-02 0.0000e+00    81.7700    4.16475    35.0228    35.0388    27.3645    1497.63    1489.74 0.0000e+00
      23163   1031.000     7.5104     7.5092   3.623274   3.624651     1.5933    -0.0655      90.27 4.9515e-02 0.0000e+00    81.7823    4.16231    35.0228    35.0388    27.3644    1497.64    1489.75 0.0000e+00
      23186   1032.000     7.5105     7.5092   3.623328   3.624709     1.5924    -0.0570      72.78 4.9505e-02 0.0000e+00    81.7740    4.15738    35.0228    35.0390    27.3644    1497.66    1489.76 0.0000e+00
      23209   1033.000     7.5105     7.5092   3.623368   3.624748     1.5922    -0.0635      97.73 4.9530e-02 0.0000e+00    81.7722    4.16367    35.0228    35.0390    27.3644    1497.68    1489.77 0.0000e+00
      23232   1034.000     7.5106     7.5094   3.623422   3.624797     1.5923    -0.0589      95.75 4.9502e-02 0.0000e+00    81.7552    4.16290    35.0228    35.0388    27.3644    1497.70    1489.77 0.0000e+00
      23254   1035.000     7.5107     7.5094   3.623468   3.624846     1.5917    -0.0608      56.91 4.9530e-02 0.0000e+00    81.7473    4.15614    35.0227    35.0389    27.3643    1497.71    1489.78 0.0000e+00
      23276   1036.000     7.5108     7.5095   3.623525   3.624898     1.5916    -0.0671      97.15 4.9502e-02 0.0000e+00    81.7499    4.16710    35.0228    35.0389    27.3644    1497.73    1489.79 0.0000e+00
      23299   1037.000     7.5109     7.5096   3.623580   3.624951     1.5918    -0.0635      77.70 4.9457e-02 0.0000e+00    81.7741    4.16034    35.0228    35.0389    27.3644    1497.75    1489.80 0.0000e+00
      23321   1038.000     7.5110     7.5097   3.623643   3.625009     1.5910 -9.990e-29      30.39 4.9487e-02 0.0000e+00    81.7563    4.15743    35.0229    35.0390    27.3644    1497.76    1489.81 0.0000e+00
      23343   1039.000     7.5110     7.5096   3.623670   3.625049     1.5910 -9.990e-29      97.43 4.9483e-02 0.0000e+00    81.7777    4.16167    35.0228    35.0390    27.3643    1497.78    1489.81 0.0000e+00
      23365   1040.000     7.5111     7.5097   3.623720   3.625094     1.5908 -9.990e-29      65.05 4.9477e-02 0.0000e+00    81.7518    4.15930    35.0227    35.0390    27.3643    1497.80    1489.82 0.0000e+00
      23387   1041.000     7.5112     7.5098   3.623776   3.625150     1.5906 -9.990e-29      58.26 4.9471e-02 0.0000e+00    81.7558    4.16368    35.0228    35.0390    27.3643    1497.81    1489.83 0.0000e+00
      23410   1042.000     7.5113     7.5100   3.623833   3.625195     1.5908    -0.0589      94.32 4.9490e-02 0.0000e+00    81.7676    4.15994    35.0228    35.0388    27.3643    1497.83    1489.84 0.0000e+00
      23432   1043.000     7.5114     7.5101   3.623873   3.625252     1.5901    -0.0594      59.43 4.9535e-02 0.0000e+00    81.7492    4.15289    35.0227    35.0389    27.3642    1497.85    1489.84 0.0000e+00
      23454   1044.000     7.5115     7.5102   3.623932   3.625307     1.5896    -0.0596      91.36 4.9490e-02 0.0000e+00    81.7552    4.15599    35.0228    35.0389    27.3643    1497.86    1489.85 0.0000e+00
      23477   1045.000     7.5117     7.5104   3.623997   3.625369     1.5896    -0.0737      98.40 4.9517e-02 0.0000e+00    81.7406    4.16011    35.0228    35.0389    27.3643    1497.88    1489.86 0.0000e+00
      23500   1046.000     7.5117     7.5104   3.624050   3.625418     1.5892    -0.0695      51.94 4.9515e-02 0.0000e+00    81.7417    4.15118    35.0229    35.0390    27.3643    1497.90    1489.87 0.0000e+00
      23522   1047.000     7.5118     7.5106   3.624098   3.625479     1.5885 -9.990e-29      99.04 4.9499e-02 0.0000e+00    81.7309    4.14923    35.0229    35.0390    27.3643    1497.92    1489.87 0.0000e+00
      23545   1048.000     7.5120     7.5107   3.624150   3.625530     1.5881 -9.990e-29      85.87 4.9469e-02 0.0000e+00    81.7588    4.15685    35.0228    35.0390    27.3642    1497.93    1489.88 0.0000e+00
      23568   1049.000     7.5120     7.5108   3.624210   3.625585     1.5884 -9.990e-29      37.85 4.9452e-02 0.0000e+00    81.7378    4.15517    35.0230    35.0390    27.3643    1497.95    1489.89 0.0000e+00
      23590   1050.000     7.5119     7.5107   3.624242   3.625610     1.5877 -9.990e-29      92.59 4.9463e-02 0.0000e+00    81.7474    4.15293    35.0230    35.0389    27.3643    1497.97    1489.90 0.0000e+00
      23613   1051.000     7.5121     7.5108   3.624288   3.625667     1.5878 -9.990e-29      74.89 4.9518e-02 0.0000e+00    81.7554    4.15570    35.0228    35.0390    27.3642    1497.98    1489.90 0.0000e+00
      23636   1052.000     7.5121     7.5108   3.624345   3.625723     1.5875 -9.990e-29      73.18 4.9506e-02 0.0000e+00    81.7461    4.15047    35.0230    35.0391    27.3643    1498.00    1489.91 0.0000e+00
      23658   1053.000     7.5122     7.5109   3.624392   3.625771     1.5870 -9.990e-29      85.85 4.9502e-02 0.0000e+00    81.7378    4.15217    35.0229    35.0391    27.3642    1498.02    1489.92 0.0000e+00
      23681   1054.000     7.5124     7.5110   3.624452   3.625827     1.5870 -9.990e-29      69.39 4.9517e-02 0.0000e+00    81.7445    4.15116    35.0229    35.0391    27.3642    1498.03    1489.93 0.0000e+00
      23703   1055.000     7.5125     7.5112   3.624503   3.625881     1.5865 -9.990e-29      44.76 4.9490e-02 0.0000e+00    81.7411    4.14995    35.0229    35.0390    27.3642    1498.05    1489.93 0.0000e+00
      23726   1056.000     7.5126     7.5113   3.624556   3.625940     1.5861 -9.990e-29      90.88 4.9493e-02 0.0000e+00    81.7163    4.14697    35.0229    35.0391    27.3642    1498.07    1489.94 0.0000e+00
      23749   1057.000     7.5127     7.5114   3.624612   3.625985     1.5859 -9.990e-29      81.45 4.9517e-02 0.0000e+00    81.7490    4.14724    35.0229    35.0390    27.3642    1498.08    1489.95 0.0000e+00
      23771   1058.000     7.5128     7.5115   3.624659   3.626035     1.5851 -9.990e-29      96.95 4.9521e-02 0.0000e+00    81.7471    4.14077    35.0229    35.0390    27.3641    1498.10    1489.96 0.0000e+00
      23794   1059.000     7.5129     7.5117   3.624714   3.626092     1.5846    -0.0577      91.77 4.9530e-02 0.0000e+00    81.7230    4.14142    35.0229    35.0390    27.3642    1498.12    1489.97 0.0000e+00
      23818   1060.000     7.5130     7.5118   3.624775   3.626145     1.5842    -0.0682      58.73 4.9514e-02 0.0000e+00    81.7431    4.15012    35.0230    35.0390    27.3642    1498.14    1489.97 0.0000e+00
      23840   1061.000     7.5131     7.5118   3.624818   3.626196     1.5845    -0.0605      96.98 4.9483e-02 0.0000e+00    81.7303    4.14879    35.0229    35.0391    27.3641    1498.15    1489.98 0.0000e+00
      23864   1062.000     7.5131     7.5119   3.624863   3.626239     1.5842    -0.0646      90.67 4.9509e-02 0.0000e+00    81.7176    4.15064    35.0229    35.0390    27.3641    1498.17    1489.99 0.0000e+00
      23887   1063.000     7.5132     7.5120   3.624914   3.626289     1.5846    -0.0627      37.76 4.9512e-02 0.0000e+00    81.7235    4.15456    35.0229    35.0389    27.3641    1498.19    1490.00 0.0000e+00
      23911   1064.000     7.5133     7.5121   3.624970   3.626346     1.5843    -0.0605      92.61 4.9520e-02 0.0000e+00    81.7125    4.14765    35.0230    35.0390    27.3641    1498.20    1490.00 0.0000e+00
      23934   1065.000     7.5135     7.5122   3.625032   3.626408     1.5842    -0.0599      69.61 4.9499e-02 0.0000e+00    81.7406    4.15086    35.0230    35.0391    27.3641    1498.22    1490.01 0.0000e+00
      23957   1066.000     7.5136     7.5123   3.625084   3.626462     1.5843    -0.0652      95.46 4.9530e-02 0.0000e+00    81.7384    4.14702    35.0230    35.0391    27.3641    1498.24    1490.02 0.0000e+00
      23980   1067.000     7.5137     7.5124   3.625133   3.626503     1.5835    -0.0637      86.03 4.9481e-02 0.0000e+00    81.7445    4.14405    35.0230    35.0390    27.3641    1498.25    1490.03 0.0000e+00
