_data/ctd/2022603/sta0171.cnv
* Sea-Bird SBE 9 Data File:
* FileName = C:\Seabird\CTDData\sta0171.hex
* Software Version Seasave V 7.21f
* Temperature SN = 6264
* Conductivity SN = 4928
* Number of Bytes Per Scan = 40
* Number of Voltage Words = 5
* Number of Scans Averaged by the Deck Unit = 1
* NMEA Latitude = 60 50.97 N
* NMEA Longitude = 005 20.89 E
* NMEA UTC (Time) = Feb 12 2022 23:39:52
* NMEA baud rate = 4800
** Ship: R/V "Kristine Bonnevie"
** Station: 0171
** Echodepth: 419.45
** Log: 0513.467
** Wind-Dir/Force: 20 16
** Air-temp (dry): 6.8
** Weather Sky:
** Sea:
# nquan = 19                                
# nvalues = 412                         
# units = specified
# name 0 = scan: Scan Count
# name 1 = prDM: Pressure, Digiquartz [db]
# name 2 = t068C: Temperature [ITS-68, deg C]
# name 3 = t168C: Temperature, 2 [ITS-68, deg C]
# name 4 = c0S/m: Conductivity [S/m]
# name 5 = c1S/m: Conductivity, 2 [S/m]
# name 6 = sbeox0V: Oxygen raw, SBE 43 [V]
# name 7 = flECO-AFL: Fluorescence, WET Labs ECO-AFL/FL [mg/m^3]
# name 8 = altM: Altimeter [m]
# name 9 = par: PAR/Irradiance, Biospherical/Licor
# name 10 = spar: SPAR/Surface Irradiance
# name 11 = CStarTr0: Beam Transmission, WET Labs C-Star [%]
# name 12 = sbeox0ML/L: Oxygen, SBE 43 [ml/l], WS = 2
# name 13 = sal00: Salinity, Practical [PSU]
# name 14 = sal11: Salinity, Practical, 2 [PSU]
# name 15 = sigma-t00: Density [sigma-t, Kg/m^3 ]
# name 16 = svCM: Sound Velocity [Chen-Millero, m/s]
# name 17 = avgsvCM: Average Sound Velocity [Chen-Millero, m/s], minP = 1, minS = 5
# name 18 = flag: flag
# span 0 =         -7,       8861       
# span 1 =      2.000,    413.000       
# span 2 =     2.5316,     9.2897       
# span 3 =     2.5364,     9.2916       
# span 4 =   1.165557,   3.670670       
# span 5 =   1.160208,   3.672039       
# span 6 =     1.6256,     2.5796       
# span 7 =    -0.0745,     0.3027       
# span 8 =      13.47,      99.89       
# span 9 = 4.9439e-02, 6.2389e-01       
# span 10 = 0.0000e+00, 0.0000e+00      
# span 11 =    42.6385,    82.8799      
# span 12 =    3.84804,    8.64384      
# span 13 =    11.9359,    34.9690      
# span 14 =    11.8750,    34.9846      
# span 15 =     9.5241,    27.1993      
# span 16 =    1430.46,    1490.48      
# span 17 =    1430.46,    1486.80      
# span 18 = 0.0000e+00, 0.0000e+00      
# interval = decibars: 1                
# start_time = Feb 12 2022 23:39:54 [System UTC, header]
# bad_flag = -9.990e-29
*END*
[from data line 77]
       1718     79.000     8.7340     8.7322   3.661302   3.662591     2.0498 -9.990e-29      82.33 4.9472e-02 0.0000e+00    81.4454    5.04644    34.6643    34.6797    26.8979    1486.09    1482.77 0.0000e+00
       1739     80.000     8.7224     8.7206   3.660760   3.662079     2.0467 -9.990e-29      90.24 4.9477e-02 0.0000e+00    81.4527    5.04548    34.6695    34.6852    26.9038    1486.07    1482.81 0.0000e+00
       1761     81.000     8.7158     8.7142   3.660589   3.661922     2.0447 -9.990e-29      63.89 4.9472e-02 0.0000e+00    81.4695    5.05988    34.6737    34.6893    26.9081    1486.07    1482.85 0.0000e+00
       1782     82.000     8.7041     8.7028   3.659889   3.661225     2.0448 -9.990e-29      71.03 4.9464e-02 0.0000e+00    81.4784    5.07065    34.6773    34.6927    26.9127    1486.05    1482.89 0.0000e+00
       1804     83.000     8.6935     8.6925   3.659278   3.660627     2.0443    -0.0639      64.32 4.9472e-02 0.0000e+00    81.3785    5.06266    34.6808    34.6960    26.9171    1486.03    1482.93 0.0000e+00
       1826     84.000     8.6857     8.6845   3.659698   3.661038     2.0432    -0.0585      70.19 4.9483e-02 0.0000e+00    81.4792    5.04552    34.6924    34.7077    26.9274    1486.03    1482.96 0.0000e+00
       1847     85.000     8.6688     8.6679   3.659350   3.660676     2.0397    -0.0655      57.98 4.9477e-02 0.0000e+00    81.5073    5.00497    34.7048    34.7197    26.9398    1486.00    1483.00 0.0000e+00
       1870     86.000     8.6552     8.6538   3.658880   3.660201     2.0335    -0.0659      70.08 4.9477e-02 0.0000e+00    81.5110    4.98662    34.7127    34.7280    26.9482    1485.98    1483.03 0.0000e+00
       1892     87.000     8.6496     8.6480   3.658628   3.659958     2.0301    -0.0665      53.42 4.9490e-02 0.0000e+00    81.4929    5.01381    34.7151    34.7307    26.9509    1485.98    1483.07 0.0000e+00
       1913     88.000     8.6413     8.6400   3.658276   3.659594     2.0300    -0.0724      68.49 4.9483e-02 0.0000e+00    81.4896    5.03669    34.7190    34.7342    26.9553    1485.97    1483.10 0.0000e+00
       1935     89.000     8.6283     8.6271   3.657464   3.658784     2.0304    -0.0614      98.68 4.9471e-02 0.0000e+00    81.5042    5.03953    34.7227    34.7379    26.9602    1485.94    1483.13 0.0000e+00
       1957     90.000     8.6201     8.6186   3.657232   3.658554     2.0305    -0.0659      88.91 4.9521e-02 0.0000e+00    81.4970    5.02849    34.7279    34.7433    26.9655    1485.93    1483.16 0.0000e+00
       1979     91.000     8.6106     8.6093   3.657020   3.658341     2.0283    -0.0597      88.41 4.9490e-02 0.0000e+00    81.5125    4.98814    34.7345    34.7497    26.9722    1485.92    1483.19 0.0000e+00
       2001     92.000     8.5989     8.5975   3.656639   3.657958     2.0227    -0.0560      84.84 4.9479e-02 0.0000e+00    81.5333    4.93888    34.7415    34.7568    26.9795    1485.90    1483.22 0.0000e+00
       2023     93.000     8.5965     8.5947   3.657011   3.658342     2.0148 -9.990e-29      98.87 4.9439e-02 0.0000e+00    81.5587    4.90563    34.7473    34.7631    26.9845    1485.92    1483.25 0.0000e+00
       2044     94.000     8.5945     8.5930   3.657211   3.658544     2.0079 -9.990e-29      82.25 4.9492e-02 0.0000e+00    81.5588    4.88906    34.7509    34.7665    26.9876    1485.93    1483.28 0.0000e+00
       2066     95.000     8.5852     8.5839   3.656758   3.658088     2.0009 -9.990e-29      98.94 4.9490e-02 0.0000e+00    81.5847    4.88200    34.7548    34.7701    26.9921    1485.92    1483.31 0.0000e+00
       2087     96.000     8.5749     8.5737   3.655977   3.657304     1.9966 -9.990e-29      91.01 4.9519e-02 0.0000e+00    81.5753    4.90090    34.7562    34.7714    26.9948    1485.90    1483.33 0.0000e+00
       2108     97.000     8.5690     8.5675   3.655899   3.657227     1.9950 -9.990e-29      98.81 4.9458e-02 0.0000e+00    81.5968    4.92368    34.7607    34.7762    26.9992    1485.90    1483.36 0.0000e+00
       2130     98.000     8.5677     8.5659   3.656158   3.657493     1.9946 -9.990e-29      73.45 4.9492e-02 0.0000e+00    81.6017    4.90621    34.7642    34.7801    27.0022    1485.91    1483.39 0.0000e+00
       2152     99.000     8.5711     8.5693   3.656811   3.658142     1.9907 -9.990e-29      87.05 4.9483e-02 0.0000e+00    81.5941    4.85889    34.7673    34.7832    27.0041    1485.95    1483.41 0.0000e+00
       2173    100.000     8.5649     8.5641   3.656384   3.657731     1.9848 -9.990e-29      21.62 4.9452e-02 0.0000e+00    81.6207    4.83930    34.7684    34.7835    27.0059    1485.94    1483.44 0.0000e+00
       2194    101.000     8.5563     8.5545   3.656059   3.657386     1.9803 -9.990e-29      98.77 4.9489e-02 0.0000e+00    81.6096    4.85323    34.7730    34.7888    27.0108    1485.93    1483.46 0.0000e+00
       2216    102.000     8.5524     8.5512   3.656459   3.657780     1.9791 -9.990e-29      56.21 4.9499e-02 0.0000e+00    81.5925    4.87787    34.7806    34.7957    27.0174    1485.94    1483.49 0.0000e+00
       2237    103.000     8.5387     8.5376   3.656040   3.657362     1.9790 -9.990e-29      99.20 4.9479e-02 0.0000e+00    81.5870    4.87800    34.7891    34.8042    27.0263    1485.92    1483.51 0.0000e+00
       2259    104.000     8.5203     8.5192   3.655149   3.656470     1.9777 -9.990e-29      55.55 4.9477e-02 0.0000e+00    81.6143    4.87547    34.7974    34.8124    27.0356    1485.88    1483.53 0.0000e+00
       2280    105.000     8.5123     8.5110   3.654892   3.656204     1.9776 -9.990e-29      98.47 4.9498e-02 0.0000e+00    81.6214    4.87799    34.8020    34.8172    27.0405    1485.87    1483.56 0.0000e+00
       2301    106.000     8.5001     8.4989   3.654457   3.655773     1.9764 -9.990e-29      41.36 4.9502e-02 0.0000e+00    81.6086    4.85399    34.8090    34.8241    27.0478    1485.85    1483.58 0.0000e+00
       2323    107.000     8.4913     8.4899   3.654299   3.655606     1.9726 -9.990e-29      61.06 4.9519e-02 0.0000e+00    81.6325    4.80928    34.8155    34.8308    27.0543    1485.84    1483.60 0.0000e+00
       2345    108.000     8.4825     8.4809   3.654163   3.655482     1.9659 -9.990e-29      22.86 4.9464e-02 0.0000e+00    81.6091    4.76865    34.8223    34.8379    27.0610    1485.83    1483.62 0.0000e+00
       2366    109.000     8.4785     8.4770   3.654178   3.655502     1.9585 -9.990e-29      97.62 4.9483e-02 0.0000e+00    81.6083    4.73376    34.8259    34.8414    27.0645    1485.84    1483.64 0.0000e+00
       2388    110.000     8.4747     8.4732   3.654110   3.655436     1.9499 -9.990e-29      39.24 4.9511e-02 0.0000e+00    81.6114    4.70280    34.8285    34.8440    27.0671    1485.84    1483.66 0.0000e+00
       2409    111.000     8.4653     8.4648   3.653444   3.654786     1.9421    -0.0633      97.83 4.9499e-02 0.0000e+00    81.6109    4.68510    34.8302    34.8449    27.0699    1485.83    1483.68 0.0000e+00
       2430    112.000     8.4332     8.4340   3.650873   3.652237     1.9348    -0.0664      39.83 4.9499e-02 0.0000e+00    81.5943    4.67327    34.8341    34.8478    27.0779    1485.73    1483.70 0.0000e+00
       2452    113.000     8.4236     8.4220   3.650887   3.652175     1.9279    -0.0614      90.02 4.9490e-02 0.0000e+00    81.5924    4.64906    34.8433    34.8586    27.0866    1485.72    1483.71 0.0000e+00
       2473    114.000     8.4209     8.4197   3.651073   3.652386     1.9201    -0.0620      31.93 4.9492e-02 0.0000e+00    81.6346    4.58960    34.8475    34.8626    27.0903    1485.73    1483.73 0.0000e+00
       2494    115.000     8.4107     8.4088   3.650643   3.651889     1.9076    -0.0570      34.14 4.9492e-02 0.0000e+00    81.6665    4.49986    34.8525    34.8676    27.0958    1485.72    1483.75 0.0000e+00
       2515    116.000     8.4058     8.4040   3.650821   3.652127     1.8922 -9.990e-29      35.09 4.9512e-02 0.0000e+00    81.6870    4.43753    34.8588    34.8744    27.1015    1485.72    1483.77 0.0000e+00
       2536    117.000     8.4008     8.3999   3.651066   3.652361     1.8776 -9.990e-29      86.92 4.9478e-02 0.0000e+00    81.6897    4.40580    34.8658    34.8805    27.1078    1485.73    1483.78 0.0000e+00
       2558    118.000     8.3925     8.3907   3.650999   3.652268     1.8641 -9.990e-29      39.76 4.9479e-02 0.0000e+00    81.6836    4.37519    34.8728    34.8881    27.1146    1485.72    1483.80 0.0000e+00
       2578    119.000     8.3903     8.3883   3.651034   3.652327     1.8523 -9.990e-29      79.11 4.9483e-02 0.0000e+00    81.6795    4.35235    34.8749    34.8907    27.1166    1485.73    1483.82 0.0000e+00
       2600    120.000     8.3877     8.3859   3.651001   3.652311     1.8411    -0.0649      98.48 4.9485e-02 0.0000e+00    81.6977    4.32466    34.8767    34.8924    27.1183    1485.74    1483.83 0.0000e+00
       2621    121.000     8.3738     8.3729   3.649788   3.651044     1.8305    -0.0645      87.52 4.9472e-02 0.0000e+00    81.7060    4.30275    34.8770    34.8913    27.1208    1485.71    1483.85 0.0000e+00
       2642    122.000     8.3524     8.3512   3.648471   3.649775     1.8212    -0.0607      50.46 4.9499e-02 0.0000e+00    81.7008    4.28326    34.8837    34.8988    27.1293    1485.65    1483.86 0.0000e+00
       2663    123.000     8.3482     8.3469   3.648873   3.650199     1.8124    -0.0623      60.29 4.9483e-02 0.0000e+00    81.7456    4.25489    34.8917    34.9071    27.1362    1485.66    1483.88 0.0000e+00
       2684    124.000     8.3445     8.3430   3.649243   3.650542     1.8026    -0.0620      98.72 4.9502e-02 0.0000e+00    81.8042    4.20892    34.8988    34.9142    27.1424    1485.67    1483.89 0.0000e+00
       2705    125.000     8.3371     8.3356   3.648852   3.650155     1.7921    -0.0556      68.92 4.9465e-02 0.0000e+00    81.8746    4.16015    34.9015    34.9169    27.1456    1485.67    1483.91 0.0000e+00
       2727    126.000     8.3368     8.3351   3.648923   3.650240     1.7798 -9.990e-29      98.60 4.9496e-02 0.0000e+00    81.8847    4.11588    34.9021    34.9178    27.1461    1485.68    1483.92 0.0000e+00
       2748    127.000     8.3369     8.3352   3.649187   3.650492     1.7680 -9.990e-29      64.51 4.9474e-02 0.0000e+00    81.9212    4.08191    34.9043    34.9199    27.1479    1485.70    1483.93 0.0000e+00
       2768    128.000     8.3368     8.3353   3.649665   3.650982     1.7574 -9.990e-29      94.35 4.9479e-02 0.0000e+00    81.9469    4.05822    34.9090    34.9246    27.1516    1485.72    1483.95 0.0000e+00
       2789    129.000     8.3360     8.3340   3.649857   3.651136     1.7471 -9.990e-29      59.99 4.9485e-02 0.0000e+00    81.9597    4.03410    34.9114    34.9270    27.1535    1485.74    1483.96 0.0000e+00
       2810    130.000     8.3382     8.3365   3.650299   3.651613     1.7382 -9.990e-29      32.39 4.9499e-02 0.0000e+00    81.9697    4.02752    34.9134    34.9291    27.1548    1485.77    1483.98 0.0000e+00
       2831    131.000     8.3372     8.3357   3.650596   3.651906     1.7313 -9.990e-29      61.99 4.9465e-02 0.0000e+00    81.9421    4.02226    34.9171    34.9326    27.1578    1485.78    1483.99 0.0000e+00
       2852    132.000     8.3306     8.3294   3.650321   3.651647     1.7255 -9.990e-29      88.52 4.9505e-02 0.0000e+00    81.9357    4.02030    34.9202    34.9356    27.1613    1485.78    1484.00 0.0000e+00
       2873    133.000     8.3270     8.3254   3.650291   3.651590     1.7212 -9.990e-29      62.80 4.9492e-02 0.0000e+00    81.8782    4.02214    34.9230    34.9384    27.1640    1485.79    1484.02 0.0000e+00
       2894    134.000     8.3266     8.3249   3.650468   3.651788     1.7179 -9.990e-29      83.48 4.9488e-02 0.0000e+00    81.4533    4.01617    34.9248    34.9406    27.1655    1485.80    1484.03 0.0000e+00
       2914    135.000     8.3261     8.3244   3.650533   3.651855     1.7142 -9.990e-29      70.03 4.9492e-02 0.0000e+00    81.9048    3.98798    34.9255    34.9413    27.1661    1485.82    1484.04 0.0000e+00
       2935    136.000     8.3260     8.3243   3.650654   3.651965     1.7084 -9.990e-29      73.90 4.9479e-02 0.0000e+00    81.9654    3.95366    34.9264    34.9421    27.1669    1485.84    1484.06 0.0000e+00
       2956    137.000     8.3257     8.3241   3.650754   3.652065     1.7021 -9.990e-29      95.64 4.9509e-02 0.0000e+00    81.9931    3.93274    34.9273    34.9429    27.1676    1485.85    1484.07 0.0000e+00
       2976    138.000     8.3257     8.3241   3.650836   3.652138     1.6964 -9.990e-29      96.23 4.9525e-02 0.0000e+00    82.0126    3.92160    34.9277    34.9432    27.1679    1485.87    1484.08 0.0000e+00
       2997    139.000     8.3257     8.3240   3.650908   3.652216     1.6912 -9.990e-29      87.47 4.9471e-02 0.0000e+00    82.0291    3.91137    34.9280    34.9436    27.1681    1485.89    1484.10 0.0000e+00
       3018    140.000     8.3258     8.3241   3.650969   3.652281     1.6864 -9.990e-29      35.11 4.9499e-02 0.0000e+00    82.0471    3.90297    34.9281    34.9437    27.1682    1485.90    1484.11 0.0000e+00
       3039    141.000     8.3256     8.3240   3.651075   3.652387     1.6823 -9.990e-29      89.05 4.9505e-02 0.0000e+00    82.0425    3.89798    34.9289    34.9445    27.1689    1485.92    1484.12 0.0000e+00
       3060    142.000     8.3256     8.3239   3.651154   3.652469     1.6790 -9.990e-29      98.19 4.9505e-02 0.0000e+00    82.0358    3.89437    34.9293    34.9450    27.1692    1485.94    1484.13 0.0000e+00
       3081    143.000     8.3256     8.3240   3.651223   3.652537     1.6760 -9.990e-29      84.24 4.9481e-02 0.0000e+00    82.0419    3.89121    34.9295    34.9451    27.1694    1485.95    1484.15 0.0000e+00
       3101    144.000     8.3255     8.3238   3.651317   3.652626     1.6737    -0.0511      99.04 4.9519e-02 0.0000e+00    82.0319    3.89055    34.9301    34.9458    27.1699    1485.97    1484.16 0.0000e+00
       3122    145.000     8.3256     8.3238   3.651391   3.652699     1.6718    -0.0712      80.81 4.9505e-02 0.0000e+00    82.0454    3.88890    34.9303    34.9461    27.1700    1485.99    1484.17 0.0000e+00
       3142    146.000     8.3255     8.3238   3.651456   3.652773     1.6702    -0.0621      98.09 4.9495e-02 0.0000e+00    82.0646    3.88484    34.9307    34.9464    27.1703    1486.00    1484.18 0.0000e+00
       3162    147.000     8.3254     8.3238   3.651538   3.652847     1.6684    -0.0634      85.48 4.9502e-02 0.0000e+00    82.0460    3.87969    34.9311    34.9467    27.1707    1486.02    1484.20 0.0000e+00
       3183    148.000     8.3254     8.3237   3.651611   3.652924     1.6667    -0.0601      22.85 4.9505e-02 0.0000e+00    82.0474    3.87736    34.9314    34.9471    27.1709    1486.04    1484.21 0.0000e+00
       3204    149.000     8.3254     8.3237   3.651686   3.653003     1.6656    -0.0615      73.66 4.9505e-02 0.0000e+00    82.0465    3.87686    34.9318    34.9475    27.1711    1486.05    1484.22 0.0000e+00
       3224    150.000     8.3253     8.3236   3.651771   3.653087     1.6643    -0.0659      70.85 4.9495e-02 0.0000e+00    82.0362    3.87355    34.9323    34.9480    27.1716    1486.07    1484.23 0.0000e+00
       3245    151.000     8.3254     8.3237   3.651843   3.653152     1.6632    -0.0696      47.78 4.9509e-02 0.0000e+00    82.0328    3.87441    34.9325    34.9481    27.1717    1486.09    1484.25 0.0000e+00
       3265    152.000     8.3255     8.3238   3.651908   3.653236     1.6626    -0.0592      98.32 4.9512e-02 0.0000e+00    82.0328    3.87300    34.9326    34.9484    27.1718    1486.11    1484.26 0.0000e+00
       3286    153.000     8.3253     8.3236   3.652007   3.653319     1.6614    -0.0650      27.90 4.9472e-02 0.0000e+00    82.0281    3.86577    34.9333    34.9490    27.1724    1486.12    1484.27 0.0000e+00
