_data/ctd/2022603/sta0211.cnv
* Sea-Bird SBE 9 Data File:
* FileName = C:\Seabird\CTDData\sta0211.hex
* Software Version Seasave V 7.21f
* Temperature SN = 6264
* Conductivity SN = 4928
* Number of Bytes Per Scan = 40
* Number of Voltage Words = 5
* Number of Scans Averaged by the Deck Unit = 1
* NMEA Latitude = 61 29.96 N
* NMEA Longitude = 005 43.05 E
* NMEA UTC (Time) = Feb 16 2022 03:20:46
* NMEA baud rate = 4800
** Ship: R/V "Kristine Bonnevie"
** Station: 0211
** Echodepth: 260
** Log: 0916.353
** Wind-Dir/Force: 35 08
** Air-temp (dry): 1.3
** Weather Sky:
** Sea:
** FOFJ002
# nquan = 19                                
# nvalues = 257                         
# units = specified
# name 0 = scan: Scan Count
# name 1 = prDM: Pressure, Digiquartz [db]
# name 2 = t068C: Temperature [ITS-68, deg C]
# name 3 = t168C: Temperature, 2 [ITS-68, deg C]
# name 4 = c0S/m: Conductivity [S/m]
# name 5 = c1S/m: Conductivity, 2 [S/m]
# name 6 = sbeox0V: Oxygen raw, SBE 43 [V]
# name 7 = flECO-AFL: Fluorescence, WET Labs ECO-AFL/FL [mg/m^3]
# name 8 = altM: Altimeter [m]
# name 9 = par: PAR/Irradiance, Biospherical/Licor
# name 10 = spar: SPAR/Surface Irradiance
# name 11 = CStarTr0: Beam Transmission, WET Labs C-Star [%]
# name 12 = sbeox0ML/L: Oxygen, SBE 43 [ml/l], WS = 2
# name 13 = sal00: Salinity, Practical [PSU]
# name 14 = sal11: Salinity, Practical, 2 [PSU]
# name 15 = sigma-t00: Density [sigma-t, Kg/m^3 ]
# name 16 = svCM: Sound Velocity [Chen-Millero, m/s]
# name 17 = avgsvCM: Average Sound Velocity [Chen-Millero, m/s], minP = 1, minS = 5
# name 18 = flag: flag
# span 0 =        469,       6709       
# span 1 =      2.000,    258.000       
# span 2 =     6.2949,    10.6216       
# span 3 =     6.2458,    10.6130       
# span 4 =   2.786283,   3.711583       
# span 5 =   2.783658,   3.713207       
# span 6 =     1.6225,     2.4459       
# span 7 =    -0.0702,     0.2548       
# span 8 =       4.93,      99.53       
# span 9 = 4.9440e-02, 5.7644e-01       
# span 10 = 0.0000e+00, 0.0000e+00      
# span 11 =    75.6236,    81.0834      
# span 12 =    3.71465,    6.96685      
# span 13 =    27.5133,    34.7266      
# span 14 =    27.5244,    34.7432      
# span 15 =    21.6103,    27.0096      
# span 16 =    1466.52,    1490.23      
# span 17 =    1466.52,    1487.12      
# span 18 = 0.0000e+00, 0.0000e+00      
# interval = decibars: 1                
# start_time = Feb 16 2022 03:20:49 [System UTC, header]
# bad_flag = -9.990e-29
*END*
[from data line 229]
       5597    231.000     8.3241     8.3225   3.635875   3.637289     1.6854    -0.0178      32.15 4.9496e-02 0.0000e+00    78.7385    4.00046    34.7255    34.7421    27.0094    1487.14    1486.46 0.0000e+00
       5618    232.000     8.3243     8.3226   3.635923   3.637343     1.6851    -0.0102      31.31 4.9505e-02 0.0000e+00    78.7416    4.00123    34.7253    34.7421    27.0093    1487.16    1486.46 0.0000e+00
       5639    233.000     8.3246     8.3229   3.636004   3.637416     1.6848    -0.0321      30.34 4.9496e-02 0.0000e+00    78.7136    4.00052    34.7254    34.7421    27.0093    1487.18    1486.47 0.0000e+00
       5661    234.000     8.3246     8.3230   3.636049   3.637465     1.6845    -0.0333      29.17 4.9496e-02 0.0000e+00    78.6910    3.99735    34.7254    34.7420    27.0093    1487.19    1486.47 0.0000e+00
       5683    235.000     8.3247     8.3231   3.636102   3.637529     1.6837    -0.0325      28.09 4.9525e-02 0.0000e+00    78.6961    3.99630    34.7254    34.7421    27.0093    1487.21    1486.47 0.0000e+00
       5705    236.000     8.3249     8.3232   3.636167   3.637574     1.6836    -0.0297      27.19 4.9502e-02 0.0000e+00    78.7239    4.00224    34.7254    34.7420    27.0093    1487.23    1486.47 0.0000e+00
       5726    237.000     8.3250     8.3234   3.636211   3.637630     1.6837 -9.990e-29      26.24 4.9515e-02 0.0000e+00    78.7231    4.00225    34.7253    34.7420    27.0092    1487.25    1486.48 0.0000e+00
       5748    238.000     8.3251     8.3234   3.636277   3.637690     1.6837 -9.990e-29      25.24 4.9505e-02 0.0000e+00    78.7329    4.00086    34.7254    34.7421    27.0093    1487.26    1486.48 0.0000e+00
       5770    239.000     8.3252     8.3236   3.636342   3.637756     1.6832 -9.990e-29      24.12 4.9515e-02 0.0000e+00    78.7185    3.99502    34.7255    34.7421    27.0093    1487.28    1486.48 0.0000e+00
       5791    240.000     8.3253     8.3237   3.636390   3.637817     1.6827    -0.0396      23.13 4.9515e-02 0.0000e+00    78.7030    3.99618    34.7255    34.7422    27.0093    1487.30    1486.49 0.0000e+00
       5813    241.000     8.3252     8.3237   3.636446   3.637860     1.6824    -0.0379      22.17 4.9498e-02 0.0000e+00    78.7211    3.99910    34.7257    34.7422    27.0095    1487.31    1486.49 0.0000e+00
       5834    242.000     8.3253     8.3236   3.636487   3.637901     1.6824    -0.0332      21.17 4.9490e-02 0.0000e+00    78.7398    4.00104    34.7255    34.7423    27.0093    1487.33    1486.49 0.0000e+00
       5856    243.000     8.3254     8.3237   3.636543   3.637952     1.6826    -0.0405      20.19 4.9466e-02 0.0000e+00    78.7175    4.00076    34.7256    34.7422    27.0093    1487.35    1486.50 0.0000e+00
       5878    244.000     8.3254     8.3238   3.636595   3.638021     1.6821    -0.0422      19.19 4.9477e-02 0.0000e+00    78.6950    3.99844    34.7256    34.7424    27.0094    1487.36    1486.50 0.0000e+00
       5899    245.000     8.3273     8.3256   3.636860   3.638284     1.6821    -0.0296      18.20 4.9487e-02 0.0000e+00    78.6535    3.99704    34.7261    34.7429    27.0095    1487.39    1486.51 0.0000e+00
       5931    246.000     8.3278     8.3261   3.636944   3.638367     1.6812    -0.0116      16.99 4.9487e-02 0.0000e+00    78.4198    3.99006    34.7260    34.7429    27.0093    1487.40    1486.51 0.0000e+00
       5994    247.000     8.3279     8.3264   3.637003   3.638440     1.6796    -0.0305      15.86 4.9500e-02 0.0000e+00    78.1099    3.98439    34.7261    34.7429    27.0094    1487.42    1486.51 0.0000e+00
       6216    248.000     8.3274     8.3258   3.636959   3.638389     1.6774    -0.0236      14.62 4.9500e-02 0.0000e+00    78.2860    3.98742    34.7256    34.7424    27.0091    1487.44    1486.52 0.0000e+00
       6305    249.000     8.3280     8.3263   3.637082   3.638510     1.6767    -0.0303      13.65 4.9500e-02 0.0000e+00    78.0636    3.98168    34.7259    34.7427    27.0092    1487.45    1486.52 0.0000e+00
       6365    250.000     8.3284     8.3268   3.637199   3.638628     1.6753    -0.0222      12.71 4.9496e-02 0.0000e+00    77.6285    3.96783    34.7263    34.7430    27.0094    1487.47    1486.52 0.0000e+00
       6412    251.000     8.3284     8.3268   3.637259   3.638672     1.6715     0.0047      11.78 4.9490e-02 0.0000e+00    77.2700    3.93741    34.7264    34.7430    27.0095    1487.49    1486.53 0.0000e+00
       6455    252.000     8.3283     8.3267   3.637299   3.638720     1.6659    -0.0147      10.83 4.9486e-02 0.0000e+00    77.0199    3.91541    34.7265    34.7432    27.0096    1487.51    1486.53 0.0000e+00
       6500    253.000     8.3284     8.3268   3.637351   3.638764     1.6594     0.0053       9.84 4.9521e-02 0.0000e+00    76.7627    3.88468    34.7265    34.7431    27.0096    1487.52    1486.54 0.0000e+00
       6543    254.000     8.3284     8.3266   3.637395   3.638797     1.6525     0.0039       8.81 4.9497e-02 0.0000e+00    76.3054    3.86823    34.7264    34.7431    27.0096    1487.54    1486.54 0.0000e+00
       6585    255.000     8.3286     8.3270   3.637466   3.638887     1.6467    -0.0171       7.83 4.9505e-02 0.0000e+00    75.9888    3.84845    34.7265    34.7432    27.0096    1487.56    1486.54 0.0000e+00
       6627    256.000     8.3290     8.3275   3.637549   3.638973     1.6412 -9.990e-29       6.86 4.9497e-02 0.0000e+00    75.8231    3.83926    34.7265    34.7432    27.0095    1487.57    1486.55 0.0000e+00
       6668    257.000     8.3292     8.3276   3.637615   3.639022     1.6374 -9.990e-29       5.91 4.9493e-02 0.0000e+00    75.7291    3.83779    34.7266    34.7431    27.0095    1487.59    1486.55 0.0000e+00
       6709    258.000     8.3288     8.3273   3.637613   3.639034     1.6353 -9.990e-29       4.93 4.9518e-02 0.0000e+00    75.6236    3.83751    34.7265    34.7431    27.0095    1487.61    1486.56 0.0000e+00
