_data/ctd/2022603/sta0224.cnv
* Sea-Bird SBE 9 Data File:
* FileName = C:\Seabird\CTDData\sta0224.hex
* Software Version Seasave V 7.21f
* Temperature SN = 6264
* Conductivity SN = 4928
* Number of Bytes Per Scan = 40
* Number of Voltage Words = 5
* Number of Scans Averaged by the Deck Unit = 1
* NMEA Latitude = 61 10.64 N
* NMEA Longitude = 004 48.85 E
* NMEA UTC (Time) = Feb 17 2022 23:07:48
* NMEA baud rate = 4800
** Ship: R/V "Kristine Bonnevie"
** Station: 0224
** Echodepth: 396
** Log: 1201.641
** Wind-Dir/Force: 30 21
** Air-temp (dry): 4.2
** Weather Sky:
** Sea:
# nquan = 19                                
# nvalues = 388                         
# units = specified
# name 0 = scan: Scan Count
# name 1 = prDM: Pressure, Digiquartz [db]
# name 2 = t068C: Temperature [ITS-68, deg C]
# name 3 = t168C: Temperature, 2 [ITS-68, deg C]
# name 4 = c0S/m: Conductivity [S/m]
# name 5 = c1S/m: Conductivity, 2 [S/m]
# name 6 = sbeox0V: Oxygen raw, SBE 43 [V]
# name 7 = flECO-AFL: Fluorescence, WET Labs ECO-AFL/FL [mg/m^3]
# name 8 = altM: Altimeter [m]
# name 9 = par: PAR/Irradiance, Biospherical/Licor
# name 10 = spar: SPAR/Surface Irradiance
# name 11 = CStarTr0: Beam Transmission, WET Labs C-Star [%]
# name 12 = sbeox0ML/L: Oxygen, SBE 43 [ml/l], WS = 2
# name 13 = sal00: Salinity, Practical [PSU]
# name 14 = sal11: Salinity, Practical, 2 [PSU]
# name 15 = sigma-t00: Density [sigma-t, Kg/m^3 ]
# name 16 = svCM: Sound Velocity [Chen-Millero, m/s]
# name 17 = avgsvCM: Average Sound Velocity [Chen-Millero, m/s], minP = 1, minS = 5
# name 18 = flag: flag
# span 0 =         -7,       8355       
# span 1 =      6.000,    393.000       
# span 2 =     6.1718,     8.5447       
# span 3 =     6.1702,     8.5428       
# span 4 =   3.219377,   3.674169       
# span 5 =   3.220285,   3.675687       
# span 6 =     2.0005,     2.5070       
# span 7 =    -0.0950,     0.7209       
# span 8 =       4.16,      99.52       
# span 9 = 4.9356e-02, 2.7600e-01       
# span 10 = 0.0000e+00, 0.0000e+00      
# span 11 =    78.3032,    81.1199      
# span 12 =    5.22360,    6.95932      
# span 13 =    32.3844,    35.0462      
# span 14 =    32.3954,    35.0632      
# span 15 =    25.4648,    27.3461      
# span 16 =    1472.24,    1488.09      
# span 17 =    1472.24,    1484.42      
# span 18 = 0.0000e+00, 0.0000e+00      
# interval = decibars: 1                
# start_time = Feb 17 2022 23:07:50 [System UTC, header]
# bad_flag = -9.990e-29
*END*
[from data line 153]
       3287    159.000     8.5329     8.5311   3.669868   3.671400     2.2408    -0.0823      98.81 4.9467e-02 0.0000e+00    80.9911    5.76870    34.9146    34.9326    27.1256    1486.97    1480.43 0.0000e+00
       3303    160.000     8.5334     8.5316   3.670093   3.671611     2.2397    -0.0898      98.26 4.9480e-02 0.0000e+00    80.9853    5.76542    34.9160    34.9339    27.1266    1486.99    1480.47 0.0000e+00
       3320    161.000     8.5350     8.5332   3.670440   3.671959     2.2386    -0.0606      98.72 4.9490e-02 0.0000e+00    80.9881    5.76381    34.9176    34.9355    27.1276    1487.02    1480.51 0.0000e+00
       3342    162.000     8.5345     8.5331   3.670738   3.672290     2.2375    -0.0808      98.60 4.9463e-02 0.0000e+00    80.9693    5.75916    34.9208    34.9386    27.1302    1487.04    1480.55 0.0000e+00
       3369    163.000     8.5397     8.5378   3.671511   3.673049     2.2355    -0.0915      98.65 4.9480e-02 0.0000e+00    80.9790    5.75128    34.9234    34.9415    27.1314    1487.07    1480.59 0.0000e+00
       3398    164.000     8.5434     8.5418   3.672210   3.673752     2.2334    -0.0657      98.81 4.9454e-02 0.0000e+00    80.9713    5.74421    34.9266    34.9446    27.1334    1487.11    1480.63 0.0000e+00
       3422    165.000     8.5443     8.5427   3.672628   3.674145     2.2318    -0.0613      98.81 4.9471e-02 0.0000e+00    80.9972    5.74472    34.9297    34.9474    27.1356    1487.13    1480.67 0.0000e+00
       3442    166.000     8.5447     8.5428   3.672760   3.674288     2.2310    -0.0642      98.73 4.9498e-02 0.0000e+00    81.0208    5.74652    34.9302    34.9483    27.1360    1487.15    1480.71 0.0000e+00
       3460    167.000     8.5445     8.5427   3.672956   3.674478     2.2307    -0.0656      98.75 4.9478e-02 0.0000e+00    81.0315    5.74582    34.9320    34.9499    27.1374    1487.17    1480.75 0.0000e+00
       3478    168.000     8.5445     8.5427   3.673148   3.674665     2.2297    -0.0939      98.81 4.9472e-02 0.0000e+00    80.9650    5.74191    34.9336    34.9514    27.1387    1487.19    1480.79 0.0000e+00
       3497    169.000     8.5444     8.5426   3.673322   3.674829     2.2291    -0.0918      98.70 4.9498e-02 0.0000e+00    80.9975    5.73690    34.9350    34.9528    27.1398    1487.21    1480.83 0.0000e+00
       3519    170.000     8.5439     8.5423   3.673522   3.675038     2.2275    -0.0834      98.80 4.9476e-02 0.0000e+00    80.9911    5.73141    34.9372    34.9548    27.1416    1487.22    1480.86 0.0000e+00
       3542    171.000     8.5432     8.5417   3.673661   3.675177     2.2265    -0.0683      98.80 4.9487e-02 0.0000e+00    80.9978    5.72815    34.9389    34.9564    27.1430    1487.24    1480.90 0.0000e+00
       3565    172.000     8.5412     8.5398   3.673735   3.675242     2.2246    -0.0861      98.81 4.9475e-02 0.0000e+00    80.9867    5.72110    34.9411    34.9585    27.1451    1487.25    1480.94 0.0000e+00
       3587    173.000     8.5401     8.5384   3.673818   3.675322     2.2234    -0.0616      98.81 4.9472e-02 0.0000e+00    80.9858    5.72081    34.9426    34.9603    27.1464    1487.26    1480.97 0.0000e+00
       3609    174.000     8.5399     8.5381   3.673871   3.675393     2.2220    -0.0865      98.80 4.9464e-02 0.0000e+00    80.9609    5.71684    34.9429    34.9608    27.1467    1487.28    1481.01 0.0000e+00
       3630    175.000     8.5399     8.5382   3.674000   3.675496     2.2209    -0.0676      98.81 4.9492e-02 0.0000e+00    80.9203    5.71389    34.9438    34.9613    27.1474    1487.30    1481.04 0.0000e+00
       3651    176.000     8.5389     8.5374   3.674101   3.675606     2.2195    -0.0760      98.80 4.9499e-02 0.0000e+00    80.8998    5.71339    34.9454    34.9628    27.1488    1487.31    1481.08 0.0000e+00
       3672    177.000     8.5363     8.5348   3.674169   3.675687     2.2190    -0.0806      98.80 4.9485e-02 0.0000e+00    80.8803    5.71449    34.9482    34.9658    27.1514    1487.32    1481.12 0.0000e+00
       3693    178.000     8.5337     8.5320   3.674105   3.675608     2.2181    -0.0632      98.81 4.9472e-02 0.0000e+00    80.8985    5.70929    34.9496    34.9672    27.1529    1487.33    1481.15 0.0000e+00
       3714    179.000     8.5271     8.5261   3.673468   3.674971     2.2169    -0.0922      98.80 4.9472e-02 0.0000e+00    80.8759    5.70785    34.9489    34.9658    27.1534    1487.32    1481.18 0.0000e+00
       3734    180.000     8.5190     8.5174   3.672853   3.674365     2.2162    -0.0765      98.80 4.9476e-02 0.0000e+00    80.8597    5.71239    34.9499    34.9676    27.1555    1487.31    1481.22 0.0000e+00
       3754    181.000     8.5209     8.5196   3.673295   3.674827     2.2156    -0.0611      98.80 4.9490e-02 0.0000e+00    80.8544    5.70883    34.9523    34.9698    27.1570    1487.34    1481.25 0.0000e+00
       3777    182.000     8.5106     8.5096   3.672526   3.674030     2.2149    -0.0583      98.81 4.9462e-02 0.0000e+00    80.8563    5.71442    34.9538    34.9708    27.1598    1487.32    1481.29 0.0000e+00
       3803    183.000     8.5014     8.5000   3.671877   3.673367     2.2147    -0.0727      98.80 4.9472e-02 0.0000e+00    80.8667    5.71190    34.9556    34.9728    27.1626    1487.30    1481.32 0.0000e+00
       3827    184.000     8.4966     8.4951   3.671568   3.673086     2.2138    -0.0880      98.81 4.9496e-02 0.0000e+00    80.8865    5.71045    34.9566    34.9742    27.1642    1487.30    1481.35 0.0000e+00
       3848    185.000     8.4914     8.4905   3.671177   3.672714     2.2134    -0.0877      98.80 4.9472e-02 0.0000e+00    80.8787    5.70955    34.9571    34.9743    27.1654    1487.30    1481.38 0.0000e+00
       3869    186.000     8.4843     8.4831   3.670583   3.672080     2.2127    -0.0680      98.80 4.9474e-02 0.0000e+00    80.8240    5.70934    34.9573    34.9744    27.1667    1487.29    1481.41 0.0000e+00
       3889    187.000     8.4805     8.4794   3.670285   3.671852     2.2122    -0.0634      98.80 4.9495e-02 0.0000e+00    80.8397    5.70780    34.9575    34.9752    27.1674    1487.29    1481.45 0.0000e+00
       3909    188.000     8.4771     8.4759   3.670053   3.671576     2.2116    -0.0748      98.80 4.9479e-02 0.0000e+00    80.8494    5.70804    34.9579    34.9752    27.1682    1487.30    1481.48 0.0000e+00
       3930    189.000     8.4695     8.4686   3.669615   3.671129     2.2111    -0.0925      98.80 4.9481e-02 0.0000e+00    80.8035    5.71480    34.9603    34.9773    27.1713    1487.29    1481.51 0.0000e+00
       3949    190.000     8.4660     8.4644   3.669438   3.670959     2.2113    -0.0879      98.80 4.9476e-02 0.0000e+00    80.7816    5.71751    34.9614    34.9791    27.1727    1487.29    1481.54 0.0000e+00
       3968    191.000     8.4666     8.4648   3.669665   3.671172     2.2113    -0.0690      98.80 4.9468e-02 0.0000e+00    80.8091    5.71390    34.9627    34.9805    27.1737    1487.31    1481.57 0.0000e+00
       3989    192.000     8.4711     8.4690   3.670293   3.671761     2.2108    -0.0621      98.80 4.9475e-02 0.0000e+00    80.7911    5.71449    34.9645    34.9821    27.1743    1487.35    1481.60 0.0000e+00
       4012    193.000     8.4736     8.4717   3.670634   3.672099     2.2108    -0.0695      98.80 4.9469e-02 0.0000e+00    80.8001    5.71522    34.9651    34.9826    27.1745    1487.37    1481.63 0.0000e+00
       4035    194.000     8.4742     8.4727   3.670849   3.672355     2.2108    -0.0917      98.80 4.9463e-02 0.0000e+00    80.7829    5.71807    34.9663    34.9838    27.1753    1487.39    1481.66 0.0000e+00
       4058    195.000     8.4667     8.4661   3.670295   3.671852     2.2107    -0.0887      98.80 4.9488e-02 0.0000e+00    80.7812    5.71043    34.9674    34.9845    27.1773    1487.38    1481.69 0.0000e+00
       4086    196.000     8.4630     8.4614   3.670089   3.671566     2.2093    -0.0611      98.80 4.9479e-02 0.0000e+00    80.8004    5.70218    34.9684    34.9857    27.1787    1487.39    1481.71 0.0000e+00
       4111    197.000     8.4589     8.4567   3.669738   3.671185     2.2080    -0.0632      98.80 4.9483e-02 0.0000e+00    80.8084    5.70170    34.9683    34.9858    27.1792    1487.39    1481.74 0.0000e+00
       4131    198.000     8.4580     8.4559   3.669999   3.671423     2.2077    -0.0604      98.80 4.9477e-02 0.0000e+00    80.7738    5.70205    34.9715    34.9887    27.1818    1487.41    1481.77 0.0000e+00
       4148    199.000     8.4573     8.4555   3.670141   3.671640     2.2067    -0.0748      98.80 4.9491e-02 0.0000e+00    80.7413    5.69953    34.9732    34.9909    27.1833    1487.42    1481.80 0.0000e+00
       4164    200.000     8.4559     8.4544   3.670127   3.671624     2.2063    -0.0862      98.80 4.9496e-02 0.0000e+00    80.7521    5.69853    34.9739    34.9913    27.1841    1487.43    1481.83 0.0000e+00
       4183    201.000     8.4521     8.4505   3.669866   3.671365     2.2054    -0.0892      98.80 4.9479e-02 0.0000e+00    80.7505    5.69423    34.9745    34.9920    27.1851    1487.44    1481.86 0.0000e+00
       4205    202.000     8.4521     8.4505   3.669920   3.671428     2.2042    -0.0888      98.81 4.9485e-02 0.0000e+00    80.7619    5.68904    34.9746    34.9922    27.1852    1487.45    1481.88 0.0000e+00
       4230    203.000     8.4514     8.4497   3.669968   3.671469     2.2029    -0.0911      98.80 4.9473e-02 0.0000e+00    80.7329    5.69099    34.9753    34.9929    27.1859    1487.47    1481.91 0.0000e+00
       4254    204.000     8.4494     8.4480   3.669986   3.671489     2.2025    -0.0893      98.80 4.9456e-02 0.0000e+00    80.7561    5.69460    34.9770    34.9943    27.1875    1487.48    1481.94 0.0000e+00
       4278    205.000     8.4450     8.4437   3.669864   3.671364     2.2019    -0.0747      98.80 4.9471e-02 0.0000e+00    80.7330    5.69106    34.9796    34.9968    27.1902    1487.48    1481.97 0.0000e+00
       4299    206.000     8.4324     8.4313   3.669074   3.670559     2.2012    -0.0599      98.80 4.9492e-02 0.0000e+00    80.7299    5.68433    34.9832    35.0001    27.1950    1487.46    1481.99 0.0000e+00
       4320    207.000     8.4239     8.4224   3.668471   3.669953     2.1995    -0.0646      98.80 4.9508e-02 0.0000e+00    80.7420    5.67183    34.9847    35.0020    27.1975    1487.44    1482.02 0.0000e+00
       4344    208.000     8.4151     8.4135   3.667859   3.669330     2.1973    -0.0921      98.80 4.9473e-02 0.0000e+00    80.7139    5.66318    34.9865    35.0037    27.2003    1487.43    1482.04 0.0000e+00
       4368    209.000     8.4126     8.4107   3.667732   3.669207     2.1944    -0.0903      98.80 4.9493e-02 0.0000e+00    80.7191    5.65276    34.9871    35.0047    27.2012    1487.44    1482.07 0.0000e+00
       4390    210.000     8.4117     8.4101   3.667732   3.669233     2.1925    -0.0657      98.80 4.9499e-02 0.0000e+00    80.7088    5.65420    34.9876    35.0051    27.2016    1487.45    1482.10 0.0000e+00
       4411    211.000     8.4119     8.4103   3.667795   3.669308     2.1909    -0.0558      98.80 4.9472e-02 0.0000e+00    80.7018    5.65031    34.9875    35.0052    27.2016    1487.47    1482.12 0.0000e+00
       4432    212.000     8.3953     8.3945   3.666385   3.667819     2.1893    -0.0592      98.80 4.9459e-02 0.0000e+00    80.6706    5.64982    34.9885    35.0046    27.2049    1487.42    1482.15 0.0000e+00
       4454    213.000     8.3809     8.3796   3.665240   3.666719     2.1877    -0.0651      98.80 4.9484e-02 0.0000e+00    80.6840    5.64619    34.9902    35.0072    27.2085    1487.39    1482.17 0.0000e+00
       4476    214.000     8.3705     8.3696   3.664345   3.665825     2.1861    -0.0883      98.80 4.9479e-02 0.0000e+00    80.6408    5.64289    34.9905    35.0072    27.2103    1487.37    1482.19 0.0000e+00
       4496    215.000     8.3516     8.3513   3.662730   3.664221     2.1846    -0.0642      98.80 4.9485e-02 0.0000e+00    80.6051    5.64099    34.9916    35.0078    27.2141    1487.31    1482.22 0.0000e+00
       4516    216.000     8.3352     8.3345   3.661368   3.662870     2.1830    -0.0752      98.80 4.9483e-02 0.0000e+00    80.5333    5.63274    34.9929    35.0096    27.2177    1487.27    1482.24 0.0000e+00
       4536    217.000     8.3301     8.3286   3.660996   3.662491     2.1809    -0.0924      98.80 4.9453e-02 0.0000e+00    80.5222    5.62493    34.9936    35.0110    27.2189    1487.27    1482.26 0.0000e+00
       4555    218.000     8.3294     8.3279   3.660979   3.662468     2.1791    -0.0891      98.80 4.9483e-02 0.0000e+00    80.5310    5.62034    34.9936    35.0109    27.2191    1487.28    1482.29 0.0000e+00
       4576    219.000     8.3242     8.3231   3.660549   3.662049     2.1768    -0.0643      98.80 4.9475e-02 0.0000e+00    80.4956    5.61133    34.9937    35.0108    27.2199    1487.28    1482.31 0.0000e+00
       4600    220.000     8.3110     8.3103   3.659493   3.660984     2.1740    -0.0745      98.80 4.9482e-02 0.0000e+00    80.4852    5.60890    34.9951    35.0117    27.2231    1487.25    1482.33 0.0000e+00
       4627    221.000     8.2957     8.2941   3.658215   3.659632     2.1718 -9.990e-29      98.80 4.9480e-02 0.0000e+00    80.4596    5.60514    34.9962    35.0129    27.2263    1487.21    1482.35 0.0000e+00
       4652    222.000     8.2814     8.2807   3.656986   3.658472     2.1695 -9.990e-29      98.80 4.9483e-02 0.0000e+00    80.4566    5.60385    34.9968    35.0134    27.2290    1487.17    1482.38 0.0000e+00
       4673    223.000     8.2730     8.2722   3.656326   3.657833     2.1681 -9.990e-29      98.80 4.9472e-02 0.0000e+00    80.4647    5.60058    34.9977    35.0145    27.2309    1487.16    1482.40 0.0000e+00
       4694    224.000     8.2644     8.2634   3.655618   3.657101     2.1660    -0.0926      98.80 4.9489e-02 0.0000e+00    80.4171    5.59025    34.9982    35.0150    27.2327    1487.14    1482.42 0.0000e+00
       4716    225.000     8.2574     8.2565   3.655043   3.656531     2.1641    -0.0837      98.81 4.9483e-02 0.0000e+00    80.3882    5.58616    34.9985    35.0153    27.2340    1487.13    1482.44 0.0000e+00
       4738    226.000     8.2481     8.2474   3.654204   3.655700     2.1618    -0.0579      98.80 4.9466e-02 0.0000e+00    80.3558    5.57824    34.9984    35.0150    27.2353    1487.11    1482.46 0.0000e+00
       4758    227.000     8.2361     8.2353   3.653132   3.654600     2.1598    -0.0570      98.80 4.9486e-02 0.0000e+00    80.3178    5.57650    34.9984    35.0148    27.2371    1487.09    1482.48 0.0000e+00
       4775    228.000     8.2385     8.2366   3.653532   3.655006     2.1583    -0.0594      98.80 4.9480e-02 0.0000e+00    80.2880    5.57397    34.9998    35.0174    27.2379    1487.11    1482.50 0.0000e+00
       4793    229.000     8.2340     8.2328   3.653153   3.654627     2.1568    -0.0575      98.80 4.9454e-02 0.0000e+00    80.2487    5.57084    34.9997    35.0167    27.2385    1487.11    1482.52 0.0000e+00
       4811    230.000     8.2235     8.2227   3.652307   3.653786     2.1553    -0.0588      98.80 4.9473e-02 0.0000e+00    80.2229    5.56847    35.0007    35.0173    27.2409    1487.09    1482.54 0.0000e+00
       4833    231.000     8.2158     8.2147   3.651683   3.653165     2.1536    -0.0583      98.80 4.9468e-02 0.0000e+00    80.2151    5.56626    35.0012    35.0181    27.2424    1487.08    1482.56 0.0000e+00
       4859    232.000     8.2004     8.2002   3.650292   3.651791     2.1520    -0.0605      98.80 4.9471e-02 0.0000e+00    80.2081    5.56813    35.0012    35.0174    27.2448    1487.04    1482.58 0.0000e+00
       4884    233.000     8.1860     8.1851   3.649045   3.650522     2.1504    -0.0844      98.80 4.9456e-02 0.0000e+00    80.1984    5.56097    35.0017    35.0184    27.2474    1487.00    1482.60 0.0000e+00
