_data/ctd/2022603/sta0180.cnv
* Sea-Bird SBE 9 Data File:
* FileName = C:\Seabird\CTDData\sta0180.hex
* Software Version Seasave V 7.21f
* Temperature SN = 6264
* Conductivity SN = 4928
* Number of Bytes Per Scan = 40
* Number of Voltage Words = 5
* Number of Scans Averaged by the Deck Unit = 1
* NMEA Latitude = 60 54.53 N
* NMEA Longitude = 004 41.43 E
* NMEA UTC (Time) = Feb 13 2022 08:45:00
* NMEA baud rate = 4800
** Ship: R/V "Kristine Bonnevie"
** Station: 0180
** Echodepth: 301
** Log: 0554.533
** Wind-Dir/Force: 22 29
** Air-temp (dry): 6.5
** Weather Sky:
** Sea:
# nquan = 19                                
# nvalues = 290                         
# units = specified
# name 0 = scan: Scan Count
# name 1 = prDM: Pressure, Digiquartz [db]
# name 2 = t068C: Temperature [ITS-68, deg C]
# name 3 = t168C: Temperature, 2 [ITS-68, deg C]
# name 4 = c0S/m: Conductivity [S/m]
# name 5 = c1S/m: Conductivity, 2 [S/m]
# name 6 = sbeox0V: Oxygen raw, SBE 43 [V]
# name 7 = flECO-AFL: Fluorescence, WET Labs ECO-AFL/FL [mg/m^3]
# name 8 = altM: Altimeter [m]
# name 9 = par: PAR/Irradiance, Biospherical/Licor
# name 10 = spar: SPAR/Surface Irradiance
# name 11 = CStarTr0: Beam Transmission, WET Labs C-Star [%]
# name 12 = sbeox0ML/L: Oxygen, SBE 43 [ml/l], WS = 2
# name 13 = sal00: Salinity, Practical [PSU]
# name 14 = sal11: Salinity, Practical, 2 [PSU]
# name 15 = sigma-t00: Density [sigma-t, Kg/m^3 ]
# name 16 = svCM: Sound Velocity [Chen-Millero, m/s]
# name 17 = avgsvCM: Average Sound Velocity [Chen-Millero, m/s], minP = 1, minS = 5
# name 18 = flag: flag
# span 0 =        201,       7066       
# span 1 =      5.000,    294.000       
# span 2 =     6.5802,     8.2501       
# span 3 =     6.5785,     8.2486       
# span 4 =   3.244773,   3.646477       
# span 5 =   3.245851,   3.647872       
# span 6 =     2.1901,     2.5422       
# span 7 =    -0.0915,     0.2597       
# span 8 =       0.28,     102.87       
# span 9 = 4.9406e-02, 1.1821e+01       
# span 10 = 4.2494e+01, 5.6732e+01      
# span 11 =    80.0675,    81.4414      
# span 12 =    5.75933,    7.00317      
# span 13 =    32.2540,    34.9872      
# span 14 =    32.2669,    35.0035      
# span 15 =    25.3074,    27.2434      
# span 16 =    1473.79,    1487.80      
# span 17 =    1473.79,    1483.61      
# span 18 = 0.0000e+00, 0.0000e+00      
# interval = decibars: 1                
# start_time = Feb 13 2022 08:45:03 [System UTC, header]
# bad_flag = -9.990e-29
*END*
[from data line 153]
       3732    158.000     8.2465     8.2448   3.639058   3.640437     2.2579 -9.990e-29      42.61 4.9483e-02 5.3744e+01    81.2527    5.87317    34.8711    34.8875    27.1356    1485.83    1480.83 0.0000e+00
       3751    159.000     8.2477     8.2461   3.639370   3.640733     2.2572 -9.990e-29      76.40 4.9494e-02 5.3667e+01    81.3133    5.87049    34.8727    34.8889    27.1367    1485.85    1480.86 0.0000e+00
       3775    160.000     8.2479     8.2458   3.639800   3.641174     2.2564 -9.990e-29      75.66 4.9516e-02 5.3742e+01    81.3032    5.87275    34.8766    34.8934    27.1398    1485.88    1480.90 0.0000e+00
       3801    161.000     8.2450     8.2434   3.639872   3.641244     2.2558 -9.990e-29      27.23 4.9499e-02 5.3971e+01    81.3178    5.86867    34.8798    34.8960    27.1427    1485.89    1480.93 0.0000e+00
       3820    162.000     8.2435     8.2421   3.639980   3.641345     2.2551 -9.990e-29      89.09 4.9496e-02 5.3964e+01    81.2910    5.86731    34.8820    34.8979    27.1446    1485.90    1480.96 0.0000e+00
       3836    163.000     8.2411     8.2395   3.640030   3.641399     2.2546 -9.990e-29      75.54 4.9522e-02 5.3964e+01    81.2713    5.86522    34.8844    34.9006    27.1469    1485.91    1480.99 0.0000e+00
       3851    164.000     8.2409     8.2390   3.640398   3.641742     2.2538 -9.990e-29      87.31 4.9475e-02 5.3964e+01    81.2822    5.86103    34.8880    34.9043    27.1498    1485.93    1481.02 0.0000e+00
       3868    165.000     8.2426     8.2409   3.641102   3.642462     2.2530 -9.990e-29      33.01 4.9500e-02 5.3964e+01    81.2941    5.85940    34.8934    34.9096    27.1537    1485.96    1481.05 0.0000e+00
       3888    166.000     8.2436     8.2419   3.641302   3.642662     2.2522 -9.990e-29      80.73 4.9486e-02 5.3964e+01    81.3043    5.85880    34.8940    34.9102    27.1541    1485.98    1481.08 0.0000e+00
       3910    167.000     8.2432     8.2416   3.641281   3.642642     2.2514 -9.990e-29      61.51 4.9481e-02 5.3964e+01    81.3157    5.86021    34.8937    34.9098    27.1539    1486.00    1481.11 0.0000e+00
       3934    168.000     8.2438     8.2422   3.641416   3.642797     2.2509 -9.990e-29      95.32 4.9495e-02 5.3964e+01    81.2706    5.85929    34.8941    34.9104    27.1541    1486.01    1481.14 0.0000e+00
       3965    169.000     8.2446     8.2430   3.641572   3.642927     2.2501 -9.990e-29      96.27 4.9495e-02 5.3964e+01    81.2642    5.85987    34.8945    34.9105    27.1543    1486.03    1481.16 0.0000e+00
       3993    170.000     8.2446     8.2429   3.641598   3.642946     2.2497 -9.990e-29      64.49 4.9473e-02 5.3964e+01    81.2321    5.85865    34.8943    34.9104    27.1541    1486.05    1481.19 0.0000e+00
       4014    171.000     8.2450     8.2433   3.641701   3.643053     2.2492 -9.990e-29      99.34 4.9483e-02 5.3964e+01    81.2361    5.85442    34.8945    34.9106    27.1542    1486.07    1481.22 0.0000e+00
       4033    172.000     8.2447     8.2429   3.641699   3.643074     2.2485 -9.990e-29      87.66 4.9467e-02 5.3964e+01    81.2038    5.85360    34.8943    34.9108    27.1541    1486.08    1481.25 0.0000e+00
       4057    173.000     8.2470     8.2454   3.642097   3.643493     2.2480 -9.990e-29      49.60 4.9497e-02 5.3964e+01    81.2101    5.85370    34.8958    34.9123    27.1549    1486.11    1481.28 0.0000e+00
       4087    174.000     8.2475     8.2460   3.642269   3.643648     2.2475 -9.990e-29      95.09 4.9487e-02 5.3964e+01    81.2071    5.85809    34.8966    34.9128    27.1555    1486.13    1481.30 0.0000e+00
       4112    175.000     8.2476     8.2460   3.642382   3.643749     2.2476    -0.0559      84.78 4.9502e-02 5.3964e+01    81.1439    5.85656    34.8973    34.9134    27.1560    1486.15    1481.33 0.0000e+00
       4132    176.000     8.2480     8.2464   3.642539   3.643920     2.2471    -0.0590      21.31 4.9476e-02 5.3964e+01    81.1544    5.85339    34.8981    34.9144    27.1566    1486.17    1481.36 0.0000e+00
       4151    177.000     8.2483     8.2470   3.642698   3.644198     2.2467    -0.0779      97.35 4.9476e-02 5.3964e+01    81.1458    5.85271    34.8990    34.9163    27.1572    1486.19    1481.39 0.0000e+00
       4170    178.000     8.2491     8.2479   3.643108   3.644607     2.2463    -0.0802      66.80 4.9501e-02 5.3964e+01    81.1438    5.85331    34.9021    34.9193    27.1595    1486.21    1481.41 0.0000e+00
       4192    179.000     8.2491     8.2477   3.643439   3.644778     2.2461    -0.0558      78.57 4.9481e-02 5.3964e+01    81.1606    5.85246    34.9051    34.9208    27.1619    1486.23    1481.44 0.0000e+00
       4216    180.000     8.2499     8.2486   3.643972   3.645374     2.2455 -9.990e-29      98.88 4.9474e-02 5.3964e+01    81.1447    5.84958    34.9095    34.9258    27.1653    1486.25    1481.47 0.0000e+00
       4241    181.000     8.2487     8.2471   3.644016   3.645376     2.2450 -9.990e-29      65.33 4.9455e-02 5.3964e+01    81.0715    5.84804    34.9107    34.9268    27.1664    1486.27    1481.49 0.0000e+00
       4269    182.000     8.2476     8.2462   3.644157   3.645515     2.2438 -9.990e-29      98.67 4.9492e-02 5.3964e+01    81.0808    5.83923    34.9128    34.9287    27.1682    1486.28    1481.52 0.0000e+00
       4295    183.000     8.2361     8.2353   3.643877   3.645257     2.2427    -0.0573      98.81 4.9475e-02 5.3964e+01    81.0581    5.83958    34.9208    34.9363    27.1762    1486.27    1481.55 0.0000e+00
       4316    184.000     8.2331     8.2322   3.643932   3.645369     2.2418    -0.0570      41.41 4.9462e-02 5.3964e+01    81.0835    5.84173    34.9239    34.9401    27.1791    1486.27    1481.57 0.0000e+00
       4333    185.000     8.2323     8.2306   3.644188   3.645550     2.2418    -0.0754      77.55 4.9480e-02 5.3964e+01    81.0822    5.84340    34.9269    34.9431    27.1816    1486.29    1481.60 0.0000e+00
       4350    186.000     8.2304     8.2289   3.644284   3.645659     2.2412    -0.0860      97.74 4.9504e-02 5.3964e+01    81.0558    5.83756    34.9293    34.9455    27.1838    1486.30    1481.62 0.0000e+00
       4369    187.000     8.2266     8.2254   3.644346   3.645717     2.2403    -0.0574      75.93 4.9485e-02 5.3964e+01    81.0561    5.83400    34.9333    34.9491    27.1875    1486.31    1481.65 0.0000e+00
       4392    188.000     8.2235     8.2224   3.644415   3.645782     2.2394    -0.0849      74.01 4.9467e-02 5.3964e+01    81.0756    5.83563    34.9366    34.9523    27.1906    1486.32    1481.67 0.0000e+00
       4418    189.000     8.2211     8.2198   3.644502   3.645869     2.2385    -0.0651      82.08 4.9470e-02 5.3964e+01    81.0742    5.83411    34.9395    34.9554    27.1932    1486.33    1481.70 0.0000e+00
       4452    190.000     8.2199     8.2183   3.644601   3.645972     2.2377    -0.0588      97.76 4.9479e-02 5.3964e+01    81.0821    5.83128    34.9412    34.9575    27.1947    1486.35    1481.72 0.0000e+00
       4495    191.000     8.2183     8.2175   3.644620   3.646056     2.2364    -0.0781      70.67 4.9478e-02 5.3964e+01    81.0794    5.83170    34.9425    34.9587    27.1960    1486.36    1481.75 0.0000e+00
       4519    192.000     8.2179     8.2173   3.644731   3.646191     2.2358    -0.0872      92.16 4.9468e-02 5.3964e+01    81.1119    5.83527    34.9436    34.9598    27.1969    1486.37    1481.77 0.0000e+00
       4535    193.000     8.2178     8.2164   3.644820   3.646207     2.2365    -0.0836      88.45 4.9505e-02 5.3964e+01    81.1037    5.84114    34.9442    34.9604    27.1974    1486.39    1481.79 0.0000e+00
       4550    194.000     8.2167     8.2151   3.644825   3.646182     2.2362    -0.0554      96.27 4.9498e-02 5.3964e+01    81.0727    5.83212    34.9449    34.9610    27.1981    1486.40    1481.82 0.0000e+00
       4564    195.000     8.2149     8.2135   3.644788   3.646154     2.2356    -0.0558      46.58 4.9495e-02 5.3964e+01    81.0821    5.82555    34.9458    34.9618    27.1991    1486.41    1481.84 0.0000e+00
       4581    196.000     8.2138     8.2124   3.644770   3.646141     2.2348    -0.0585      79.29 4.9502e-02 5.3964e+01    81.0774    5.82279    34.9462    34.9622    27.1996    1486.43    1481.86 0.0000e+00
       4611    197.000     8.2133     8.2118   3.644790   3.646171     2.2335    -0.0801      83.12 4.9504e-02 5.3964e+01    81.0808    5.82360    34.9464    34.9627    27.1998    1486.44    1481.89 0.0000e+00
       4642    198.000     8.2131     8.2117   3.644851   3.646226     2.2328    -0.0609      46.06 4.9483e-02 5.3964e+01    81.1014    5.82772    34.9468    34.9629    27.2002    1486.46    1481.91 0.0000e+00
       4666    199.000     8.2130     8.2116   3.644910   3.646286     2.2328    -0.0682     100.72 4.9473e-02 5.3964e+01    81.1256    5.83072    34.9471    34.9631    27.2004    1486.47    1481.93 0.0000e+00
       4685    200.000     8.2138     8.2121   3.645061   3.646404     2.2327    -0.0868      61.17 4.9505e-02 5.3964e+01    81.1222    5.82535    34.9474    34.9634    27.2005    1486.49    1481.96 0.0000e+00
       4700    201.000     8.2144     8.2124   3.645207   3.646550     2.2322    -0.0749      49.29 4.9457e-02 5.3964e+01    81.1082    5.82379    34.9479    34.9642    27.2008    1486.51    1481.98 0.0000e+00
       4715    202.000     8.2141     8.2124   3.645251   3.646615     2.2318 -9.990e-29      99.15 4.9523e-02 5.3964e+01    81.1071    5.82440    34.9482    34.9644    27.2011    1486.53    1482.00 0.0000e+00
       4732    203.000     8.2137     8.2123   3.645268   3.646662     2.2315 -9.990e-29      89.89 4.9498e-02 5.3964e+01    81.0770    5.82341    34.9483    34.9645    27.2012    1486.54    1482.02 0.0000e+00
       4816    204.000     8.2133     8.2118   3.645265   3.646626     2.2306    -0.0882      63.42 4.9492e-02 5.3964e+01    81.0973    5.82293    34.9481    34.9642    27.2012    1486.56    1482.04 0.0000e+00
       4843    205.000     8.2118     8.2106   3.645303   3.646669     2.2303    -0.0880      53.25 4.9485e-02 5.4157e+01    81.1230    5.82439    34.9496    34.9653    27.2025    1486.57    1482.07 0.0000e+00
       4859    206.000     8.2119     8.2102   3.645351   3.646721     2.2302    -0.0643      98.38 4.9479e-02 5.5591e+01    81.1351    5.82273    34.9495    34.9658    27.2024    1486.59    1482.09 0.0000e+00
       4873    207.000     8.2137     8.2116   3.645668   3.647009     2.2297    -0.0554      88.86 4.9482e-02 5.5826e+01    81.1225    5.81676    34.9506    34.9670    27.2030    1486.61    1482.11 0.0000e+00
       4885    208.000     8.2177     8.2162   3.646255   3.647658     2.2291    -0.0558      77.32 4.9493e-02 5.5608e+01    81.1028    5.81413    34.9524    34.9689    27.2039    1486.65    1482.13 0.0000e+00
       4898    209.000     8.2172     8.2156   3.646319   3.647646     2.2286    -0.0566      28.84 4.9460e-02 5.4733e+01    81.1112    5.81285    34.9531    34.9689    27.2045    1486.66    1482.15 0.0000e+00
       4914    210.000     8.2126     8.2113   3.645951   3.647331     2.2282    -0.0859      41.94 4.9506e-02 5.3999e+01    81.1044    5.81681    34.9533    34.9693    27.2053    1486.66    1482.18 0.0000e+00
       4934    211.000     8.2126     8.2109   3.646100   3.647454     2.2277    -0.0730      85.35 4.9499e-02 5.3964e+01    81.0718    5.81564    34.9544    34.9705    27.2062    1486.68    1482.20 0.0000e+00
       4954    212.000     8.2144     8.2128   3.646462   3.647836     2.2270    -0.0593      82.29 4.9468e-02 5.3964e+01    81.1077    5.81322    34.9560    34.9722    27.2072    1486.71    1482.22 0.0000e+00
       4973    213.000     8.2139     8.2123   3.646462   3.647832     2.2267    -0.0569      15.08 4.9520e-02 5.3964e+01    81.1251    5.81868    34.9560    34.9722    27.2072    1486.72    1482.24 0.0000e+00
       4996    214.000     8.2137     8.2121   3.646477   3.647872     2.2268    -0.0588      64.11 4.9498e-02 5.3964e+01    81.0939    5.82067    34.9559    34.9724    27.2072    1486.74    1482.26 0.0000e+00
       5052    215.000     8.2130     8.2117   3.646458   3.647840     2.2259    -0.0590      67.57 4.9473e-02 5.3964e+01    80.9083    5.81728    34.9559    34.9719    27.2073    1486.75    1482.28 0.0000e+00
       5109    216.000     8.2075     8.2060   3.646093   3.647431     2.2259    -0.0560      95.69 4.9482e-02 5.3964e+01    81.1335    5.82168    34.9570    34.9728    27.2090    1486.75    1482.30 0.0000e+00
       5127    217.000     8.2041     8.2027   3.646001   3.647369     2.2257    -0.0605      86.95 4.9491e-02 5.3964e+01    81.0972    5.81461    34.9589    34.9749    27.2110    1486.75    1482.32 0.0000e+00
       5142    218.000     8.2032     8.2018   3.646042   3.647400     2.2251    -0.0605      95.35 4.9495e-02 5.3964e+01    81.0979    5.81149    34.9597    34.9756    27.2118    1486.77    1482.34 0.0000e+00
       5156    219.000     8.2008     8.1994   3.646123   3.647480     2.2247    -0.0582      34.52 4.9493e-02 5.3964e+01    81.0587    5.81217    34.9625    34.9784    27.2144    1486.78    1482.36 0.0000e+00
       5169    220.000     8.1999     8.1983   3.646154   3.647508     2.2242    -0.0743      69.49 4.9482e-02 5.3964e+01    81.0211    5.80766    34.9633    34.9793    27.2151    1486.79    1482.38 0.0000e+00
       5182    221.000     8.1992     8.1976   3.646208   3.647572     2.2240    -0.0864      93.15 4.9509e-02 5.3964e+01    81.0011    5.80517    34.9641    34.9802    27.2158    1486.81    1482.40 0.0000e+00
       5194    222.000     8.1978     8.1962   3.646189   3.647541     2.2229    -0.0776      63.49 4.9489e-02 5.3964e+01    80.9662    5.79691    34.9648    34.9808    27.2166    1486.82    1482.42 0.0000e+00
       5204    223.000     8.1980     8.1962   3.646229   3.647574     2.2224    -0.0558      33.14 4.9462e-02 5.3964e+01    80.9704    5.79795    34.9645    34.9807    27.2164    1486.84    1482.44 0.0000e+00
       5224    224.000     8.1980     8.1960   3.646269   3.647618     2.2212 -9.990e-29      50.97 4.9488e-02 5.3964e+01    80.9692    5.80184    34.9645    34.9809    27.2163    1486.85    1482.46 0.0000e+00
       5276    225.000     8.1964     8.1946   3.646299   3.647657     2.2200 -9.990e-29      75.23 4.9487e-02 5.3964e+01    81.0311    5.80672    34.9659    34.9822    27.2177    1486.86    1482.48 0.0000e+00
       5324    226.000     8.1943     8.1927   3.646322   3.647691     2.2200 -9.990e-29      87.94 4.9497e-02 5.3964e+01    81.0476    5.80987    34.9677    34.9840    27.2195    1486.87    1482.50 0.0000e+00
       5359    227.000     8.1919     8.1909   3.646340   3.647716     2.2199 -9.990e-29      73.02 4.9488e-02 5.3964e+01    81.0597    5.80918    34.9698    34.9855    27.2215    1486.88    1482.52 0.0000e+00
       5378    228.000     8.1889     8.1874   3.646323   3.647700     2.2196 -9.990e-29      95.88 4.9496e-02 5.3964e+01    81.0336    5.80541    34.9722    34.9884    27.2237    1486.89    1482.54 0.0000e+00
       5395    229.000     8.1875     8.1861   3.646363   3.647724     2.2193    -0.0558      89.16 4.9456e-02 5.3964e+01    81.0210    5.80264    34.9735    34.9894    27.2250    1486.91    1482.56 0.0000e+00
       5408    230.000     8.1869     8.1852   3.646385   3.647751     2.2188    -0.0558      67.57 4.9515e-02 5.3964e+01    80.9712    5.79903    34.9739    34.9901    27.2254    1486.92    1482.58 0.0000e+00
       5421    231.000     8.1860     8.1844   3.646404   3.647760     2.2184    -0.0558      28.62 4.9474e-02 5.3964e+01    80.9245    5.79620    34.9745    34.9906    27.2260    1486.93    1482.60 0.0000e+00
       5432    232.000     8.1857     8.1840   3.646442   3.647816     2.2174    -0.0844     101.66 4.9477e-02 5.3964e+01    80.9158    5.79497    34.9747    34.9911    27.2262    1486.95    1482.61 0.0000e+00
