_data/ctd/2022603/sta0225.cnv
* Sea-Bird SBE 9 Data File:
* FileName = C:\Seabird\CTDData\sta0225.hex
* Software Version Seasave V 7.21f
* Temperature SN = 6264
* Conductivity SN = 4928
* Number of Bytes Per Scan = 40
* Number of Voltage Words = 5
* Number of Scans Averaged by the Deck Unit = 1
* NMEA Latitude = 61 14.70 N
* NMEA Longitude = 004 54.40 E
* NMEA UTC (Time) = Feb 18 2022 00:14:38
* NMEA baud rate = 4800
** Ship: R/V "Kristine Bonnevie"
** Station: 0225
** Echodepth: 324
** Log: 1208.894
** Wind-Dir/Force: 28 17
** Air-temp (dry): 4.3
** Weather Sky:
** Sea:
# nquan = 19                                
# nvalues = 319                         
# units = specified
# name 0 = scan: Scan Count
# name 1 = prDM: Pressure, Digiquartz [db]
# name 2 = t068C: Temperature [ITS-68, deg C]
# name 3 = t168C: Temperature, 2 [ITS-68, deg C]
# name 4 = c0S/m: Conductivity [S/m]
# name 5 = c1S/m: Conductivity, 2 [S/m]
# name 6 = sbeox0V: Oxygen raw, SBE 43 [V]
# name 7 = flECO-AFL: Fluorescence, WET Labs ECO-AFL/FL [mg/m^3]
# name 8 = altM: Altimeter [m]
# name 9 = par: PAR/Irradiance, Biospherical/Licor
# name 10 = spar: SPAR/Surface Irradiance
# name 11 = CStarTr0: Beam Transmission, WET Labs C-Star [%]
# name 12 = sbeox0ML/L: Oxygen, SBE 43 [ml/l], WS = 2
# name 13 = sal00: Salinity, Practical [PSU]
# name 14 = sal11: Salinity, Practical, 2 [PSU]
# name 15 = sigma-t00: Density [sigma-t, Kg/m^3 ]
# name 16 = svCM: Sound Velocity [Chen-Millero, m/s]
# name 17 = avgsvCM: Average Sound Velocity [Chen-Millero, m/s], minP = 1, minS = 5
# name 18 = flag: flag
# span 0 =          8,       7873       
# span 1 =      2.000,    320.000       
# span 2 =     6.2065,     8.4778       
# span 3 =     6.2162,     8.4759       
# span 4 =   3.155189,   3.653770       
# span 5 =   3.158107,   3.655225       
# span 6 =     2.0460,     2.5104       
# span 7 =    -0.0980,     0.6737       
# span 8 =       8.68,      99.56       
# span 9 = 4.9445e-02, 6.6651e-01       
# span 10 = 0.0000e+00, 0.0000e+00      
# span 11 =    78.6404,    80.9660      
# span 12 =    5.33170,    6.92657      
# span 13 =    31.6423,    34.9753      
# span 14 =    31.6656,    34.9918      
# span 15 =    24.8755,    27.2793      
# span 16 =    1471.41,    1487.08      
# span 17 =    1471.45,    1483.75      
# span 18 = 0.0000e+00, 0.0000e+00      
# interval = decibars: 1                
# start_time = Feb 18 2022 00:14:41 [System UTC, header]
# bad_flag = -9.990e-29
*END*
[from data line 153]
       3534    155.000     8.3504     8.3488   3.650390   3.651820     2.2060    -0.0670      98.80 4.9471e-02 0.0000e+00    80.8162    5.67433    34.8903    34.9071    27.1347    1486.20    1481.07 0.0000e+00
       3558    156.000     8.3491     8.3477   3.650353   3.651794     2.2046    -0.0664      98.80 4.9483e-02 0.0000e+00    80.8263    5.67377    34.8907    34.9074    27.1353    1486.21    1481.11 0.0000e+00
       3585    157.000     8.3475     8.3458   3.650305   3.651731     2.2031    -0.0657      98.81 4.9499e-02 0.0000e+00    80.8195    5.67134    34.8913    34.9081    27.1360    1486.22    1481.14 0.0000e+00
       3612    158.000     8.3466     8.3451   3.650307   3.651740     2.2020    -0.0666      98.80 4.9487e-02 0.0000e+00    80.8160    5.66767    34.8917    34.9085    27.1365    1486.23    1481.17 0.0000e+00
       3636    159.000     8.3439     8.3423   3.650178   3.651606     2.2001    -0.0849      98.81 4.9477e-02 0.0000e+00    80.8346    5.65738    34.8925    34.9093    27.1375    1486.24    1481.20 0.0000e+00
       3657    160.000     8.3422     8.3408   3.650117   3.651544     2.1988    -0.0936      98.80 4.9479e-02 0.0000e+00    80.8188    5.65942    34.8931    34.9097    27.1382    1486.25    1481.23 0.0000e+00
       3678    161.000     8.3375     8.3357   3.649851   3.651259     2.1979    -0.0980      98.80 4.9465e-02 0.0000e+00    80.8194    5.65950    34.8944    34.9112    27.1400    1486.25    1481.27 0.0000e+00
       3700    162.000     8.3317     8.3299   3.649483   3.650882     2.1968    -0.0952      98.81 4.9487e-02 0.0000e+00    80.7984    5.65750    34.8958    34.9125    27.1420    1486.25    1481.30 0.0000e+00
       3722    163.000     8.3285     8.3268   3.649298   3.650712     2.1959    -0.0698      98.80 4.9458e-02 0.0000e+00    80.8072    5.65445    34.8965    34.9133    27.1430    1486.25    1481.33 0.0000e+00
       3744    164.000     8.3208     8.3202   3.648770   3.650211     2.1948    -0.0605      98.80 4.9489e-02 0.0000e+00    80.8155    5.65170    34.8980    34.9140    27.1454    1486.24    1481.36 0.0000e+00
       3767    165.000     8.3038     8.3043   3.647616   3.649142     2.1935    -0.0611      98.80 4.9487e-02 0.0000e+00    80.8296    5.64836    34.9021    34.9179    27.1512    1486.20    1481.39 0.0000e+00
       3791    166.000     8.2962     8.2937   3.647100   3.648398     2.1921    -0.0759      98.80 4.9487e-02 0.0000e+00    80.8480    5.64801    34.9037    34.9200    27.1536    1486.19    1481.41 0.0000e+00
       3818    167.000     8.2800     8.2786   3.645979   3.647393     2.1909    -0.0916      98.80 4.9460e-02 0.0000e+00    80.8360    5.64587    34.9073    34.9238    27.1589    1486.15    1481.44 0.0000e+00
       3844    168.000     8.2762     8.2745   3.645750   3.647156     2.1892    -0.0876      98.80 4.9450e-02 0.0000e+00    80.8041    5.63703    34.9082    34.9249    27.1602    1486.15    1481.47 0.0000e+00
       3867    169.000     8.2731     8.2715   3.645564   3.646981     2.1876    -0.0781      98.80 4.9496e-02 0.0000e+00    80.8232    5.63351    34.9088    34.9255    27.1611    1486.16    1481.50 0.0000e+00
       3890    170.000     8.2633     8.2619   3.644885   3.646274     2.1861    -0.0625      98.80 4.9457e-02 0.0000e+00    80.8778    5.62784    34.9108    34.9270    27.1642    1486.14    1481.53 0.0000e+00
       3911    171.000     8.2555     8.2540   3.644348   3.645765     2.1843    -0.0669      98.80 4.9477e-02 0.0000e+00    80.8578    5.62557    34.9123    34.9289    27.1666    1486.13    1481.55 0.0000e+00
       3934    172.000     8.2417     8.2413   3.643366   3.644818     2.1829    -0.0647      98.80 4.9469e-02 0.0000e+00    80.8709    5.62217    34.9151    34.9310    27.1709    1486.10    1481.58 0.0000e+00
       3958    173.000     8.2277     8.2267   3.642360   3.643786     2.1808    -0.0643      98.80 4.9487e-02 0.0000e+00    80.8675    5.61255    34.9177    34.9340    27.1751    1486.07    1481.60 0.0000e+00
       3984    174.000     8.2228     8.2213   3.642037   3.643445     2.1786    -0.0976      98.80 4.9471e-02 0.0000e+00    80.8869    5.61143    34.9187    34.9352    27.1766    1486.07    1481.63 0.0000e+00
       4009    175.000     8.2154     8.2144   3.641509   3.642933     2.1766    -0.0695      98.80 4.9503e-02 0.0000e+00    80.8860    5.60260    34.9199    34.9361    27.1787    1486.06    1481.66 0.0000e+00
       4033    176.000     8.2111     8.2095   3.641217   3.642626     2.1743    -0.0729      98.80 4.9464e-02 0.0000e+00    80.8954    5.59265    34.9206    34.9372    27.1799    1486.06    1481.68 0.0000e+00
       4054    177.000     8.2059     8.2051   3.640843   3.642291     2.1722    -0.0845      98.80 4.9486e-02 0.0000e+00    80.9060    5.58787    34.9213    34.9375    27.1812    1486.05    1481.71 0.0000e+00
       4076    178.000     8.2011     8.1994   3.640540   3.641946     2.1703    -0.0802      98.80 4.9464e-02 0.0000e+00    80.8995    5.58923    34.9223    34.9390    27.1828    1486.05    1481.73 0.0000e+00
       4098    179.000     8.1989     8.1982   3.640443   3.641933     2.1685    -0.0593      98.80 4.9487e-02 0.0000e+00    80.9088    5.58094    34.9230    34.9396    27.1836    1486.06    1481.75 0.0000e+00
       4120    180.000     8.1920     8.1917   3.640005   3.641482     2.1664    -0.0613      98.80 4.9458e-02 0.0000e+00    80.9026    5.57541    34.9247    34.9408    27.1860    1486.06    1481.78 0.0000e+00
       4144    181.000     8.1889     8.1870   3.639825   3.641232     2.1648    -0.0648      98.80 4.9450e-02 0.0000e+00    80.9080    5.57615    34.9254    34.9423    27.1870    1486.06    1481.80 0.0000e+00
       4171    182.000     8.1880     8.1861   3.639809   3.641186     2.1630    -0.0930      98.80 4.9491e-02 0.0000e+00    80.9180    5.57119    34.9256    34.9422    27.1873    1486.07    1481.82 0.0000e+00
       4200    183.000     8.1779     8.1762   3.639141   3.640529     2.1610    -0.0584      98.80 4.9499e-02 0.0000e+00    80.8617    5.56849    34.9280    34.9446    27.1908    1486.06    1481.85 0.0000e+00
       4227    184.000     8.1756     8.1741   3.639019   3.640445     2.1596    -0.0606      98.80 4.9449e-02 0.0000e+00    80.8836    5.56631    34.9285    34.9453    27.1915    1486.06    1481.87 0.0000e+00
       4249    185.000     8.1736     8.1722   3.638900   3.640322     2.1584    -0.0579      98.80 4.9472e-02 0.0000e+00    80.8782    5.55589    34.9288    34.9454    27.1920    1486.07    1481.89 0.0000e+00
       4269    186.000     8.1663     8.1647   3.638401   3.639795     2.1562    -0.0916      98.80 4.9468e-02 0.0000e+00    80.8448    5.54659    34.9302    34.9467    27.1942    1486.06    1481.92 0.0000e+00
       4288    187.000     8.1611     8.1599   3.638038   3.639437     2.1547    -0.0715      98.80 4.9480e-02 0.0000e+00    80.8567    5.54816    34.9310    34.9472    27.1957    1486.06    1481.94 0.0000e+00
       4309    188.000     8.1553     8.1539   3.637610   3.639016     2.1532    -0.0670      98.80 4.9483e-02 0.0000e+00    80.8142    5.54698    34.9317    34.9482    27.1971    1486.06    1481.96 0.0000e+00
       4333    189.000     8.1525     8.1511   3.637424   3.638826     2.1516    -0.0921      98.80 4.9467e-02 0.0000e+00    80.8271    5.54192    34.9321    34.9484    27.1978    1486.06    1481.98 0.0000e+00
       4359    190.000     8.1426     8.1420   3.636672   3.638118     2.1499    -0.0828      98.80 4.9466e-02 0.0000e+00    80.8342    5.54061    34.9334    34.9494    27.2003    1486.05    1482.00 0.0000e+00
       4384    191.000     8.1352     8.1339   3.636156   3.637575     2.1484    -0.0635      98.80 4.9461e-02 0.0000e+00    80.8160    5.53450    34.9347    34.9512    27.2025    1486.04    1482.02 0.0000e+00
       4408    192.000     8.1339     8.1323   3.636092   3.637502     2.1465    -0.0727      98.80 4.9494e-02 0.0000e+00    80.8355    5.52908    34.9349    34.9515    27.2028    1486.05    1482.04 0.0000e+00
       4431    193.000     8.1300     8.1294   3.635832   3.637290     2.1452    -0.0950      98.80 4.9445e-02 0.0000e+00    80.7763    5.53056    34.9355    34.9517    27.2039    1486.05    1482.07 0.0000e+00
       4455    194.000     8.1218     8.1208   3.635212   3.636641     2.1441    -0.0653      98.80 4.9468e-02 0.0000e+00    80.7978    5.52687    34.9365    34.9528    27.2060    1486.04    1482.09 0.0000e+00
       4481    195.000     8.1195     8.1179   3.635081   3.636489     2.1423    -0.0634      98.80 4.9460e-02 0.0000e+00    80.8225    5.52019    34.9369    34.9536    27.2066    1486.05    1482.11 0.0000e+00
       4507    196.000     8.1192     8.1176   3.635105   3.636520     2.1406    -0.0616      98.80 4.9483e-02 0.0000e+00    80.8145    5.51505    34.9370    34.9537    27.2067    1486.06    1482.13 0.0000e+00
       4531    197.000     8.1186     8.1169   3.635110   3.636531     2.1390    -0.0696      98.80 4.9481e-02 0.0000e+00    80.8011    5.51294    34.9372    34.9541    27.2069    1486.07    1482.15 0.0000e+00
       4553    198.000     8.1185     8.1168   3.635158   3.636573     2.1380    -0.0675      98.80 4.9479e-02 0.0000e+00    80.8181    5.51484    34.9373    34.9541    27.2071    1486.09    1482.17 0.0000e+00
       4575    199.000     8.1178     8.1162   3.635142   3.636557     2.1374    -0.0778      98.80 4.9475e-02 0.0000e+00    80.8046    5.51506    34.9373    34.9541    27.2072    1486.11    1482.19 0.0000e+00
       4597    200.000     8.1150     8.1137   3.634957   3.636375     2.1366    -0.0852      98.80 4.9469e-02 0.0000e+00    80.7930    5.51101    34.9377    34.9541    27.2079    1486.11    1482.20 0.0000e+00
       4621    201.000     8.1068     8.1058   3.634336   3.635761     2.1355    -0.0786      98.80 4.9480e-02 0.0000e+00    80.8004    5.51293    34.9387    34.9550    27.2099    1486.10    1482.22 0.0000e+00
       4646    202.000     8.0962     8.0946   3.633505   3.634849     2.1349    -0.0863      98.80 4.9483e-02 0.0000e+00    80.8279    5.51136    34.9399    34.9559    27.2125    1486.08    1482.24 0.0000e+00
       4670    203.000     8.0922     8.0904   3.633215   3.634614     2.1342    -0.0651      98.80 4.9481e-02 0.0000e+00    80.8194    5.50997    34.9403    34.9570    27.2134    1486.08    1482.26 0.0000e+00
       4694    204.000     8.0916     8.0901   3.633209   3.634612     2.1330    -0.0936      98.80 4.9467e-02 0.0000e+00    80.8295    5.50204    34.9403    34.9568    27.2135    1486.09    1482.28 0.0000e+00
       4718    205.000     8.0898     8.0891   3.633098   3.634577     2.1318    -0.0586      98.80 4.9479e-02 0.0000e+00    80.8425    5.50136    34.9404    34.9570    27.2139    1486.10    1482.30 0.0000e+00
       4743    206.000     8.0896     8.0880   3.633123   3.634535     2.1306    -0.0618      98.80 4.9474e-02 0.0000e+00    80.8191    5.49626    34.9404    34.9571    27.2139    1486.12    1482.32 0.0000e+00
       4767    207.000     8.0873     8.0866   3.632976   3.634458     2.1295    -0.0902      98.80 4.9467e-02 0.0000e+00    80.8263    5.49389    34.9407    34.9572    27.2144    1486.13    1482.34 0.0000e+00
       4792    208.000     8.0827     8.0817   3.632619   3.634055     2.1284    -0.0694      98.80 4.9478e-02 0.0000e+00    80.8332    5.49483    34.9409    34.9573    27.2153    1486.13    1482.35 0.0000e+00
       4816    209.000     8.0799     8.0783   3.632432   3.633853     2.1275    -0.0617      98.80 4.9480e-02 0.0000e+00    80.8383    5.49499    34.9412    34.9581    27.2160    1486.13    1482.37 0.0000e+00
       4842    210.000     8.0818     8.0805   3.632618   3.634053     2.1271    -0.0695      98.80 4.9466e-02 0.0000e+00    80.8407    5.49451    34.9409    34.9575    27.2154    1486.15    1482.39 0.0000e+00
       4867    211.000     8.0804     8.0765   3.632523   3.633694     2.1261    -0.0646      98.80 4.9468e-02 0.0000e+00    80.8225    5.49131    34.9407    34.9572    27.2155    1486.17    1482.41 0.0000e+00
       4890    212.000     8.0572     8.0559   3.630693   3.632039     2.1256    -0.0864      98.80 4.9452e-02 0.0000e+00    80.8122    5.49274    34.9438    34.9595    27.2214    1486.10    1482.43 0.0000e+00
       4910    213.000     8.0490     8.0479   3.630092   3.631519     2.1248    -0.0958      98.80 4.9460e-02 0.0000e+00    80.8216    5.48862    34.9450    34.9614    27.2236    1486.09    1482.44 0.0000e+00
       4931    214.000     8.0469     8.0454   3.629968   3.631366     2.1237    -0.0882      98.80 4.9479e-02 0.0000e+00    80.7788    5.48231    34.9453    34.9618    27.2242    1486.09    1482.46 0.0000e+00
       4953    215.000     8.0432     8.0417   3.629718   3.631114     2.1226    -0.0642      98.80 4.9481e-02 0.0000e+00    80.7862    5.47846    34.9458    34.9623    27.2251    1486.10    1482.48 0.0000e+00
       4978    216.000     8.0393     8.0379   3.629428   3.630838     2.1209    -0.0616      98.80 4.9455e-02 0.0000e+00    80.7693    5.47265    34.9461    34.9626    27.2259    1486.10    1482.49 0.0000e+00
       5007    217.000     8.0355     8.0343   3.629165   3.630591     2.1189    -0.0636      98.80 4.9471e-02 0.0000e+00    80.7574    5.47015    34.9466    34.9631    27.2269    1486.10    1482.51 0.0000e+00
       5037    218.000     8.0329     8.0316   3.629014   3.630433     2.1176    -0.0678      98.80 4.9484e-02 0.0000e+00    80.7484    5.46905    34.9471    34.9636    27.2277    1486.11    1482.53 0.0000e+00
       5062    219.000     8.0290     8.0281   3.628747   3.630171     2.1165    -0.0932      93.24 4.9469e-02 0.0000e+00    80.7639    5.46751    34.9476    34.9638    27.2287    1486.11    1482.54 0.0000e+00
       5084    220.000     8.0201     8.0188   3.628056   3.629449     2.1157    -0.0921      97.30 4.9466e-02 0.0000e+00    80.6834    5.46612    34.9486    34.9649    27.2308    1486.10    1482.56 0.0000e+00
       5105    221.000     8.0144     8.0130   3.627645   3.629057     2.1144    -0.0893      98.79 4.9498e-02 0.0000e+00    80.7180    5.46311    34.9494    34.9659    27.2323    1486.09    1482.57 0.0000e+00
       5127    222.000     8.0086     8.0084   3.627189   3.628682     2.1137    -0.0690      98.80 4.9481e-02 0.0000e+00    80.7249    5.45864    34.9498    34.9660    27.2335    1486.09    1482.59 0.0000e+00
       5151    223.000     7.9993     7.9987   3.626486   3.627916     2.1120    -0.0748      98.80 4.9480e-02 0.0000e+00    80.7216    5.45265    34.9511    34.9670    27.2358    1486.07    1482.61 0.0000e+00
       5174    224.000     7.9944     7.9938   3.626116   3.627545     2.1106    -0.0783      98.80 4.9469e-02 0.0000e+00    80.6889    5.45448    34.9515    34.9674    27.2369    1486.07    1482.62 0.0000e+00
       5197    225.000     7.9788     7.9794   3.624907   3.626445     2.1097    -0.0683      98.80 4.9471e-02 0.0000e+00    80.6760    5.45114    34.9536    34.9695    27.2409    1486.03    1482.64 0.0000e+00
       5218    226.000     7.9776     7.9760   3.624848   3.626229     2.1081    -0.0869      98.80 4.9452e-02 0.0000e+00    80.6278    5.44168    34.9537    34.9701    27.2412    1486.04    1482.65 0.0000e+00
       5241    227.000     7.9706     7.9713   3.624307   3.625853     2.1065    -0.0617      98.80 4.9472e-02 0.0000e+00    80.5826    5.43618    34.9544    34.9703    27.2427    1486.03    1482.67 0.0000e+00
       5268    228.000     7.9581     7.9576   3.623343   3.624781     2.1040    -0.0579      98.80 4.9458e-02 0.0000e+00    80.5955    5.42976    34.9560    34.9720    27.2459    1486.00    1482.68 0.0000e+00
       5297    229.000     7.9548     7.9534   3.623121   3.624524     2.1021    -0.0667      98.80 4.9454e-02 0.0000e+00    80.5917    5.42919    34.9564    34.9729    27.2467    1486.01    1482.70 0.0000e+00
