_data/ctd/2022603/sta0170.cnv
* Sea-Bird SBE 9 Data File:
* FileName = C:\Seabird\CTDData\sta0170.hex
* Software Version Seasave V 7.21f
* Temperature SN = 6264
* Conductivity SN = 4928
* Number of Bytes Per Scan = 40
* Number of Voltage Words = 5
* Number of Scans Averaged by the Deck Unit = 1
* NMEA Latitude = 60 52.19 N
* NMEA Longitude = 005 22.03 E
* NMEA UTC (Time) = Feb 12 2022 23:06:40
* NMEA baud rate = 4800
** Ship: R/V "Kristine Bonnevie"
** Station: 0170
** Echodepth: 464
** Log: 0512.060
** Wind-Dir/Force: 25 09
** Air-temp (dry): 5.9
** Weather Sky:
** Sea:
# nquan = 19                                
# nvalues = 461                         
# units = specified
# name 0 = scan: Scan Count
# name 1 = prDM: Pressure, Digiquartz [db]
# name 2 = t068C: Temperature [ITS-68, deg C]
# name 3 = t168C: Temperature, 2 [ITS-68, deg C]
# name 4 = c0S/m: Conductivity [S/m]
# name 5 = c1S/m: Conductivity, 2 [S/m]
# name 6 = sbeox0V: Oxygen raw, SBE 43 [V]
# name 7 = flECO-AFL: Fluorescence, WET Labs ECO-AFL/FL [mg/m^3]
# name 8 = altM: Altimeter [m]
# name 9 = par: PAR/Irradiance, Biospherical/Licor
# name 10 = spar: SPAR/Surface Irradiance
# name 11 = CStarTr0: Beam Transmission, WET Labs C-Star [%]
# name 12 = sbeox0ML/L: Oxygen, SBE 43 [ml/l], WS = 2
# name 13 = sal00: Salinity, Practical [PSU]
# name 14 = sal11: Salinity, Practical, 2 [PSU]
# name 15 = sigma-t00: Density [sigma-t, Kg/m^3 ]
# name 16 = svCM: Sound Velocity [Chen-Millero, m/s]
# name 17 = avgsvCM: Average Sound Velocity [Chen-Millero, m/s], minP = 1, minS = 5
# name 18 = flag: flag
# span 0 =         14,      10313       
# span 1 =      3.000,    463.000       
# span 2 =     2.9724,     9.4637       
# span 3 =     2.9825,     9.4666       
# span 4 =   1.232692,   3.677694       
# span 5 =   1.271329,   3.679068       
# span 6 =     1.6030,     2.6028       
# span 7 =    -0.0805,     0.2601       
# span 8 =      12.76,      99.69       
# span 9 = 4.9452e-02, 5.7360e-01       
# span 10 = 0.0000e+00, 0.0000e+00      
# span 11 =    23.9851,    81.8288      
# span 12 =    3.82578,    8.69613      
# span 13 =    12.5067,    34.9702      
# span 14 =    12.9270,    34.9857      
# span 15 =     9.9697,    27.1995      
# span 16 =    1433.23,    1491.32      
# span 17 =    1433.23,    1487.26      
# span 18 = 0.0000e+00, 0.0000e+00      
# interval = decibars: 1                
# start_time = Feb 12 2022 23:06:42 [System UTC, header]
# bad_flag = -9.990e-29
*END*
[from data line 305]
       6884    308.000     8.3237     8.3223   3.661561   3.662888     1.6677 -9.990e-29      98.51 4.9496e-02 0.0000e+00    81.4392    3.97285    34.9624    34.9779    27.1955    1488.70    1485.88 0.0000e+00
       6907    309.000     8.3237     8.3222   3.661622   3.662951     1.6679 -9.990e-29      76.26 4.9496e-02 0.0000e+00    81.4146    3.97893    34.9626    34.9782    27.1956    1488.72    1485.89 0.0000e+00
       6929    310.000     8.3234     8.3220   3.661678   3.663015     1.6676 -9.990e-29      47.25 4.9475e-02 0.0000e+00    81.4052    3.97634    34.9630    34.9786    27.1960    1488.74    1485.90 0.0000e+00
       6951    311.000     8.3232     8.3218   3.661749   3.663085     1.6673 -9.990e-29      97.23 4.9489e-02 0.0000e+00    81.3788    3.97741    34.9635    34.9791    27.1964    1488.75    1485.91 0.0000e+00
       6973    312.000     8.3235     8.3221   3.661871   3.663205     1.6673 -9.990e-29      98.63 4.9496e-02 0.0000e+00    81.4084    3.97399    34.9640    34.9796    27.1968    1488.77    1485.91 0.0000e+00
       6995    313.000     8.3235     8.3221   3.661949   3.663289     1.6666    -0.0558      98.72 4.9514e-02 0.0000e+00    81.4045    3.97047    34.9644    34.9800    27.1970    1488.79    1485.92 0.0000e+00
       7017    314.000     8.3235     8.3221   3.662019   3.663365     1.6659    -0.0558      95.15 4.9490e-02 0.0000e+00    81.3758    3.96538    34.9646    34.9803    27.1972    1488.80    1485.93 0.0000e+00
       7039    315.000     8.3235     8.3221   3.662086   3.663417     1.6651    -0.0562      97.84 4.9508e-02 0.0000e+00    81.2984    3.96539    34.9649    34.9804    27.1974    1488.82    1485.94 0.0000e+00
       7061    316.000     8.3236     8.3222   3.662150   3.663478     1.6648    -0.0524      88.10 4.9485e-02 0.0000e+00    81.2263    3.96795    34.9650    34.9805    27.1975    1488.84    1485.95 0.0000e+00
       7083    317.000     8.3237     8.3223   3.662206   3.663541     1.6641    -0.0363      97.39 4.9499e-02 0.0000e+00    81.1767    3.96278    34.9650    34.9806    27.1975    1488.85    1485.96 0.0000e+00
       7105    318.000     8.3237     8.3224   3.662266   3.663601     1.6635    -0.0354      57.44 4.9502e-02 0.0000e+00    81.1343    3.96109    34.9652    34.9807    27.1976    1488.87    1485.97 0.0000e+00
       7127    319.000     8.3238     8.3224   3.662343   3.663676     1.6627 -9.990e-29      79.37 4.9496e-02 0.0000e+00    81.0700    3.95759    34.9654    34.9810    27.1978    1488.89    1485.98 0.0000e+00
       7150    320.000     8.3238     8.3224   3.662411   3.663742     1.6619 -9.990e-29      85.98 4.9487e-02 0.0000e+00    81.0240    3.95523    34.9657    34.9812    27.1980    1488.91    1485.99 0.0000e+00
       7173    321.000     8.3238     8.3225   3.662477   3.663804     1.6611 -9.990e-29      89.70 4.9523e-02 0.0000e+00    81.0365    3.95405    34.9659    34.9813    27.1982    1488.92    1486.00 0.0000e+00
       7196    322.000     8.3240     8.3226   3.662524   3.663853     1.6604    -0.0287      85.33 4.9500e-02 0.0000e+00    81.0045    3.95109    34.9657    34.9812    27.1980    1488.94    1486.01 0.0000e+00
       7218    323.000     8.3240     8.3226   3.662580   3.663916     1.6595    -0.0529      81.72 4.9515e-02 0.0000e+00    80.9740    3.94507    34.9658    34.9814    27.1981    1488.96    1486.02 0.0000e+00
       7241    324.000     8.3241     8.3228   3.662640   3.663974     1.6583    -0.0572      84.20 4.9499e-02 0.0000e+00    80.9402    3.94986    34.9659    34.9814    27.1981    1488.97    1486.02 0.0000e+00
       7264    325.000     8.3243     8.3228   3.662699   3.664030     1.6583    -0.0523      61.54 4.9505e-02 0.0000e+00    80.9135    3.94918    34.9658    34.9815    27.1981    1488.99    1486.03 0.0000e+00
       7286    326.000     8.3243     8.3229   3.662759   3.664086     1.6575    -0.0362      83.27 4.9496e-02 0.0000e+00    80.8863    3.95068    34.9660    34.9815    27.1982    1489.01    1486.04 0.0000e+00
       7309    327.000     8.3243     8.3229   3.662816   3.664140     1.6579    -0.0559      90.45 4.9502e-02 0.0000e+00    80.8877    3.95234    34.9661    34.9816    27.1983    1489.02    1486.05 0.0000e+00
       7331    328.000     8.3244     8.3229   3.662873   3.664216     1.6572    -0.0376      95.91 4.9502e-02 0.0000e+00    80.8588    3.95001    34.9662    34.9819    27.1983    1489.04    1486.06 0.0000e+00
       7353    329.000     8.3245     8.3230   3.662930   3.664262     1.6572    -0.0504      85.80 4.9496e-02 0.0000e+00    80.8793    3.95121    34.9662    34.9819    27.1983    1489.06    1486.07 0.0000e+00
       7375    330.000     8.3246     8.3231   3.662992   3.664320     1.6569    -0.0513      95.47 4.9528e-02 0.0000e+00    80.8659    3.95136    34.9663    34.9819    27.1984    1489.07    1486.08 0.0000e+00
       7396    331.000     8.3246     8.3232   3.663046   3.664376     1.6569    -0.0396      85.41 4.9521e-02 0.0000e+00    80.8769    3.95196    34.9664    34.9819    27.1984    1489.09    1486.09 0.0000e+00
       7418    332.000     8.3247     8.3233   3.663108   3.664454     1.6568    -0.0547      72.66 4.9509e-02 0.0000e+00    80.8176    3.95095    34.9665    34.9822    27.1985    1489.11    1486.10 0.0000e+00
       7441    333.000     8.3248     8.3234   3.663179   3.664512     1.6563    -0.0296      51.83 4.9483e-02 0.0000e+00    80.8022    3.94579    34.9666    34.9822    27.1986    1489.12    1486.11 0.0000e+00
       7462    334.000     8.3249     8.3235   3.663242   3.664572     1.6558    -0.0554      96.45 4.9508e-02 0.0000e+00    80.7509    3.94368    34.9667    34.9823    27.1987    1489.14    1486.12 0.0000e+00
       7485    335.000     8.3250     8.3236   3.663293   3.664628     1.6552    -0.0464      98.65 4.9515e-02 0.0000e+00    80.6928    3.94198    34.9667    34.9823    27.1986    1489.16    1486.12 0.0000e+00
       7507    336.000     8.3251     8.3236   3.663354   3.664689     1.6544    -0.0420      96.37 4.9534e-02 0.0000e+00    80.6835    3.93521    34.9668    34.9825    27.1987    1489.18    1486.13 0.0000e+00
       7529    337.000     8.3252     8.3238   3.663411   3.664746     1.6532 -9.990e-29      52.05 4.9505e-02 0.0000e+00    80.6300    3.93546    34.9668    34.9824    27.1987    1489.19    1486.14 0.0000e+00
       7551    338.000     8.3253     8.3239   3.663456   3.664798     1.6530 -9.990e-29      83.54 4.9508e-02 0.0000e+00    80.6083    3.93906    34.9667    34.9824    27.1986    1489.21    1486.15 0.0000e+00
       7574    339.000     8.3254     8.3240   3.663527   3.664847     1.6524 -9.990e-29      90.68 4.9521e-02 0.0000e+00    80.5662    3.93457    34.9669    34.9823    27.1987    1489.23    1486.16 0.0000e+00
       7596    340.000     8.3255     8.3240   3.663573   3.664912     1.6516    -0.0556      59.86 4.9493e-02 0.0000e+00    80.5417    3.93209    34.9668    34.9825    27.1986    1489.24    1486.17 0.0000e+00
       7618    341.000     8.3255     8.3242   3.663634   3.664970     1.6514    -0.0558      97.17 4.9534e-02 0.0000e+00    80.5305    3.93424    34.9670    34.9825    27.1988    1489.26    1486.18 0.0000e+00
       7641    342.000     8.3256     8.3242   3.663694   3.665026     1.6507    -0.0558      45.94 4.9508e-02 0.0000e+00    80.5326    3.93454    34.9671    34.9826    27.1988    1489.28    1486.19 0.0000e+00
       7663    343.000     8.3256     8.3242   3.663752   3.665082     1.6508    -0.0558      99.59 4.9502e-02 0.0000e+00    80.5430    3.93749    34.9672    34.9827    27.1989    1489.29    1486.20 0.0000e+00
       7685    344.000     8.3257     8.3244   3.663798   3.665145     1.6505    -0.0558      36.45 4.9509e-02 0.0000e+00    80.5392    3.93532    34.9671    34.9827    27.1989    1489.31    1486.21 0.0000e+00
       7707    345.000     8.3258     8.3244   3.663864   3.665193     1.6503    -0.0558      88.63 4.9499e-02 0.0000e+00    80.5543    3.93163    34.9672    34.9828    27.1989    1489.33    1486.21 0.0000e+00
       7729    346.000     8.3260     8.3245   3.663920   3.665258     1.6496 -9.990e-29      97.27 4.9531e-02 0.0000e+00    80.5530    3.92985    34.9672    34.9829    27.1988    1489.34    1486.22 0.0000e+00
       7750    347.000     8.3260     8.3245   3.663973   3.665312     1.6493 -9.990e-29      52.28 4.9490e-02 0.0000e+00    80.5263    3.93376    34.9673    34.9830    27.1989    1489.36    1486.23 0.0000e+00
       7772    348.000     8.3261     8.3247   3.664029   3.665368     1.6492 -9.990e-29      98.90 4.9519e-02 0.0000e+00    80.5227    3.93083    34.9673    34.9829    27.1989    1489.38    1486.24 0.0000e+00
       7794    349.000     8.3262     8.3248   3.664089   3.665422     1.6487    -0.0558      83.08 4.9489e-02 0.0000e+00    80.5422    3.92999    34.9673    34.9829    27.1989    1489.39    1486.25 0.0000e+00
       7815    350.000     8.3263     8.3249   3.664143   3.665479     1.6484    -0.0562      97.78 4.9527e-02 0.0000e+00    80.5167    3.92897    34.9673    34.9829    27.1989    1489.41    1486.26 0.0000e+00
       7837    351.000     8.3263     8.3250   3.664197   3.665540     1.6480    -0.0403      66.24 4.9485e-02 0.0000e+00    80.4936    3.92574    34.9674    34.9830    27.1990    1489.43    1486.27 0.0000e+00
       7859    352.000     8.3265     8.3251   3.664267   3.665602     1.6472    -0.0365      98.89 4.9535e-02 0.0000e+00    80.5009    3.92508    34.9675    34.9831    27.1990    1489.45    1486.28 0.0000e+00
       7881    353.000     8.3265     8.3251   3.664316   3.665650     1.6470    -0.0563      69.77 4.9521e-02 0.0000e+00    80.4961    3.92678    34.9676    34.9831    27.1991    1489.46    1486.29 0.0000e+00
       7902    354.000     8.3266     8.3251   3.664368   3.665704     1.6466    -0.0396      61.34 4.9496e-02 0.0000e+00    80.4803    3.92668    34.9675    34.9832    27.1990    1489.48    1486.30 0.0000e+00
       7924    355.000     8.3267     8.3253   3.664426   3.665762     1.6464    -0.0484      66.53 4.9527e-02 0.0000e+00    80.4637    3.92550    34.9676    34.9832    27.1991    1489.50    1486.30 0.0000e+00
       7946    356.000     8.3268     8.3253   3.664484   3.665815     1.6461    -0.0520      93.97 4.9521e-02 0.0000e+00    80.4395    3.92715    34.9676    34.9833    27.1991    1489.51    1486.31 0.0000e+00
       7968    357.000     8.3269     8.3255   3.664541   3.665877     1.6460    -0.0376      66.96 4.9496e-02 0.0000e+00    80.4223    3.92793    34.9677    34.9832    27.1991    1489.53    1486.32 0.0000e+00
       7990    358.000     8.3271     8.3256   3.664594   3.665931     1.6461    -0.0406      91.84 4.9508e-02 0.0000e+00    80.4685    3.93034    34.9675    34.9832    27.1990    1489.55    1486.33 0.0000e+00
       8012    359.000     8.3271     8.3258   3.664644   3.665980     1.6460    -0.0556      67.07 4.9490e-02 0.0000e+00    80.4627    3.92938    34.9676    34.9831    27.1990    1489.56    1486.34 0.0000e+00
       8034    360.000     8.3273     8.3258   3.664700   3.666043     1.6458    -0.0558      87.58 4.9521e-02 0.0000e+00    80.4458    3.92500    34.9675    34.9833    27.1989    1489.58    1486.35 0.0000e+00
       8056    361.000     8.3274     8.3259   3.664761   3.666103     1.6453    -0.0413      37.49 4.9499e-02 0.0000e+00    80.4254    3.92439    34.9676    34.9834    27.1990    1489.60    1486.36 0.0000e+00
       8077    362.000     8.3275     8.3260   3.664828   3.666161     1.6451    -0.0373      71.14 4.9508e-02 0.0000e+00    80.4584    3.92701    34.9677    34.9834    27.1991    1489.61    1486.37 0.0000e+00
       8099    363.000     8.3276     8.3261   3.664880   3.666217     1.6449    -0.0313      59.33 4.9499e-02 0.0000e+00    80.4261    3.92397    34.9677    34.9834    27.1990    1489.63    1486.38 0.0000e+00
       8121    364.000     8.3277     8.3262   3.664940   3.666274     1.6447 -9.990e-29      85.41 4.9490e-02 0.0000e+00    80.4261    3.92772    34.9678    34.9835    27.1991    1489.65    1486.39 0.0000e+00
       8142    365.000     8.3278     8.3263   3.664997   3.666326     1.6447 -9.990e-29      52.58 4.9525e-02 0.0000e+00    80.4241    3.92862    34.9678    34.9834    27.1991    1489.66    1486.39 0.0000e+00
       8164    366.000     8.3278     8.3264   3.665044   3.666381     1.6447 -9.990e-29      97.80 4.9508e-02 0.0000e+00    80.3965    3.92571    34.9678    34.9834    27.1991    1489.68    1486.40 0.0000e+00
       8185    367.000     8.3280     8.3265   3.665100   3.666440     1.6441 -9.990e-29      90.35 4.9509e-02 0.0000e+00    80.4219    3.92348    34.9678    34.9835    27.1990    1489.70    1486.41 0.0000e+00
       8207    368.000     8.3281     8.3267   3.665164   3.666497     1.6441    -0.0343      91.26 4.9512e-02 0.0000e+00    80.4268    3.92880    34.9679    34.9834    27.1991    1489.72    1486.42 0.0000e+00
       8228    369.000     8.3282     8.3268   3.665216   3.666551     1.6441    -0.0401      43.13 4.9477e-02 0.0000e+00    80.4097    3.92677    34.9678    34.9834    27.1990    1489.73    1486.43 0.0000e+00
       8250    370.000     8.3283     8.3269   3.665271   3.666609     1.6438    -0.0382      95.91 4.9502e-02 0.0000e+00    80.4272    3.92607    34.9679    34.9835    27.1990    1489.75    1486.44 0.0000e+00
       8272    371.000     8.3284     8.3269   3.665333   3.666658     1.6439    -0.0558      52.76 4.9505e-02 0.0000e+00    80.4204    3.92993    34.9679    34.9835    27.1991    1489.77    1486.45 0.0000e+00
       8293    372.000     8.3286     8.3271   3.665379   3.666724     1.6438    -0.0587      95.87 4.9525e-02 0.0000e+00    80.4370    3.92789    34.9678    34.9836    27.1989    1489.78    1486.46 0.0000e+00
       8315    373.000     8.3286     8.3272   3.665431   3.666777     1.6436    -0.0512      43.08 4.9508e-02 0.0000e+00    80.4311    3.92721    34.9678    34.9835    27.1990    1489.80    1486.47 0.0000e+00
       8336    374.000     8.3287     8.3273   3.665488   3.666831     1.6437    -0.0403      93.75 4.9525e-02 0.0000e+00    80.4298    3.92974    34.9679    34.9835    27.1990    1489.82    1486.47 0.0000e+00
       8357    375.000     8.3288     8.3274   3.665549   3.666885     1.6436    -0.0368      37.55 4.9490e-02 0.0000e+00    80.4493    3.92787    34.9680    34.9835    27.1990    1489.83    1486.48 0.0000e+00
       8379    376.000     8.3289     8.3275   3.665602   3.666944     1.6432    -0.0566      88.87 4.9505e-02 0.0000e+00    80.4474    3.92652    34.9679    34.9836    27.1990    1489.85    1486.49 0.0000e+00
       8400    377.000     8.3290     8.3276   3.665661   3.667004     1.6432    -0.0503      98.73 4.9515e-02 0.0000e+00    80.4303    3.92601    34.9680    34.9837    27.1990    1489.87    1486.50 0.0000e+00
       8422    378.000     8.3291     8.3277   3.665723   3.667051     1.6429    -0.0514      80.81 4.9479e-02 0.0000e+00    80.4319    3.92648    34.9681    34.9836    27.1991    1489.88    1486.51 0.0000e+00
       8443    379.000     8.3293     8.3278   3.665779   3.667114     1.6427    -0.0587      78.18 4.9498e-02 0.0000e+00    80.4322    3.92602    34.9680    34.9837    27.1990    1489.90    1486.52 0.0000e+00
       8464    380.000     8.3293     8.3279   3.665826   3.667176     1.6425    -0.0557      90.84 4.9485e-02 0.0000e+00    80.4135    3.92443    34.9680    34.9838    27.1990    1489.92    1486.53 0.0000e+00
       8486    381.000     8.3295     8.3279   3.665887   3.667225     1.6421    -0.0351      98.81 4.9528e-02 0.0000e+00    80.4173    3.92398    34.9680    34.9838    27.1990    1489.93    1486.54 0.0000e+00
       8507    382.000     8.3296     8.3281   3.665942   3.667278     1.6419    -0.0422      92.04 4.9479e-02 0.0000e+00    80.3709    3.92633    34.9680    34.9837    27.1990    1489.95    1486.55 0.0000e+00
