_data/ctd/2022603/sta0214.cnv
* Sea-Bird SBE 9 Data File:
* FileName = C:\Seabird\CTDData\sta0214.hex
* Software Version Seasave V 7.21f
* Temperature SN = 6264
* Conductivity SN = 4928
* Number of Bytes Per Scan = 40
* Number of Voltage Words = 5
* Number of Scans Averaged by the Deck Unit = 1
* NMEA Latitude = 61 28.34 N
* NMEA Longitude = 005 26.13 E
* NMEA UTC (Time) = Feb 16 2022 05:49:16
* NMEA baud rate = 4800
** Ship: R/V "Kristine Bonnevie"
** Station: 0214
** Echodepth: 254
** Log: 0931.208
** Wind-Dir/Force: 16 11
** Air-temp (dry): 3.3
** Weather Sky:
** Sea:
** FOFJ07
# nquan = 19                                
# nvalues = 249                         
# units = specified
# name 0 = scan: Scan Count
# name 1 = prDM: Pressure, Digiquartz [db]
# name 2 = t068C: Temperature [ITS-68, deg C]
# name 3 = t168C: Temperature, 2 [ITS-68, deg C]
# name 4 = c0S/m: Conductivity [S/m]
# name 5 = c1S/m: Conductivity, 2 [S/m]
# name 6 = sbeox0V: Oxygen raw, SBE 43 [V]
# name 7 = flECO-AFL: Fluorescence, WET Labs ECO-AFL/FL [mg/m^3]
# name 8 = altM: Altimeter [m]
# name 9 = par: PAR/Irradiance, Biospherical/Licor
# name 10 = spar: SPAR/Surface Irradiance
# name 11 = CStarTr0: Beam Transmission, WET Labs C-Star [%]
# name 12 = sbeox0ML/L: Oxygen, SBE 43 [ml/l], WS = 2
# name 13 = sal00: Salinity, Practical [PSU]
# name 14 = sal11: Salinity, Practical, 2 [PSU]
# name 15 = sigma-t00: Density [sigma-t, Kg/m^3 ]
# name 16 = svCM: Sound Velocity [Chen-Millero, m/s]
# name 17 = avgsvCM: Average Sound Velocity [Chen-Millero, m/s], minP = 1, minS = 5
# name 18 = flag: flag
# span 0 =        392,       6422       
# span 1 =      2.000,    250.000       
# span 2 =     6.9242,     9.1828       
# span 3 =     6.9359,     9.1810       
# span 4 =   3.098227,   3.662766       
# span 5 =   3.107082,   3.664255       
# span 6 =     2.0136,     2.4207       
# span 7 =    -0.1048,     0.1168       
# span 8 =       4.95,     100.07       
# span 9 = 4.9445e-02, 4.9744e-01       
# span 10 = 0.0000e+00, 0.0000e+00      
# span 11 =    79.3479,    81.1847      
# span 12 =    5.14468,    6.69895      
# span 13 =    30.3681,    34.9998      
# span 14 =    30.4537,    35.0169      
# span 15 =    23.7821,    27.2745      
# span 16 =    1472.60,    1486.75      
# span 17 =    1472.60,    1485.60      
# span 18 = 0.0000e+00, 0.0000e+00      
# interval = decibars: 1                
# start_time = Feb 16 2022 05:49:19 [System UTC, header]
# bad_flag = -9.990e-29
*END*
        392      2.000     6.9242     6.9359   3.098227   3.107082     2.4118     0.1168      98.82 4.9744e-01 0.0000e+00    79.9349    6.69895    30.3681    30.4537    23.7821    1472.60    1472.60 0.0000e+00
        445      3.000     7.2062     7.2518   3.217528   3.242345     2.4196     0.0884      98.82 3.4393e-01 0.0000e+00    79.3479    6.63213    31.4062    31.6329    24.5620    1475.01    1473.40 0.0000e+00
        484      4.000     7.3172     7.3167   3.263803   3.265366     2.4207     0.0597      98.82 2.5055e-01 0.0000e+00    79.8285    6.56185    31.8042    31.8215    24.8601    1475.95    1474.04 0.0000e+00
        514      5.000     7.3584     7.3552   3.271115   3.272344     2.4174     0.0589      98.81 2.1526e-01 0.0000e+00    80.2082    6.51701    31.8448    31.8610    24.8864    1476.18    1474.47 0.0000e+00
        544      6.000     7.5668     7.5572   3.307352   3.308709     2.4126     0.0575      98.81 1.3999e-01 0.0000e+00    80.4824    6.46823    32.0424    32.0659    25.0132    1477.24    1474.93 0.0000e+00
        572      7.000     7.6504     7.6473   3.322636   3.324172     2.4113     0.0145      98.81 1.2930e-01 0.0000e+00    80.5181    6.46512    32.1288    32.1482    25.0694    1477.69    1475.32 0.0000e+00
        599      8.000     7.7398     7.7360   3.338621   3.340067     2.4085     0.0074      98.81 8.9152e-02 0.0000e+00    80.5628    6.41581    32.2170    32.2360    25.1261    1478.16    1475.68 0.0000e+00
        625      9.000     7.7849     7.7803   3.348008   3.349075     2.4045     0.0077      98.81 7.4229e-02 0.0000e+00    80.6445    6.38480    32.2752    32.2909    25.1655    1478.42    1475.98 0.0000e+00
        650     10.000     8.0783     8.0594   3.403691   3.405023     2.3997     0.0078      98.82 6.7047e-02 0.0000e+00    80.7097    6.31391    32.5960    32.6278    25.3752    1479.95    1476.38 0.0000e+00
        674     11.000     8.2788     8.2703   3.439897   3.441139     2.3975    -0.0187      98.81 6.0825e-02 0.0000e+00    80.6754    6.30053    32.7927    32.8138    25.5001    1480.97    1476.79 0.0000e+00
        698     12.000     8.3728     8.3677   3.459070   3.460367     2.3967    -0.0252      98.81 5.0783e-02 0.0000e+00    80.6609    6.26064    32.9072    32.9257    25.5758    1481.48    1477.18 0.0000e+00
        721     13.000     8.4142     8.4077   3.473326   3.474748     2.3919    -0.0421      98.82 4.9476e-02 0.0000e+00    80.7343    6.18276    33.0186    33.0397    25.6569    1481.79    1477.53 0.0000e+00
        743     14.000     8.5089     8.5031   3.492210   3.493467     2.3826    -0.0392      98.81 4.9483e-02 0.0000e+00    80.8264    6.10834    33.1284    33.1471    25.7288    1482.29    1477.87 0.0000e+00
        764     15.000     8.5690     8.5634   3.504819   3.506174     2.3731    -0.0290      98.81 4.9485e-02 0.0000e+00    80.8869    6.07063    33.2043    33.2238    25.7791    1482.63    1478.19 0.0000e+00
        785     16.000     8.6446     8.6387   3.516729   3.518109     2.3649    -0.0522      98.81 4.9472e-02 0.0000e+00    80.9192    6.03824    33.2580    33.2780    25.8096    1482.99    1478.49 0.0000e+00
        806     17.000     8.7116     8.7087   3.527125   3.529365     2.3568    -0.0540      98.81 4.9471e-02 0.0000e+00    80.9577    6.00476    33.3036    33.3299    25.8351    1483.32    1478.77 0.0000e+00
        828     18.000     8.8349     8.8285   3.551223   3.552699     2.3489 -9.990e-29      98.81 4.9466e-02 0.0000e+00    80.9914    5.96721    33.4396    33.4611    25.9225    1483.96    1479.06 0.0000e+00
        849     19.000     8.8186     8.8190   3.550967   3.552491     2.3424 -9.990e-29      98.81 4.9479e-02 0.0000e+00    81.0067    5.95210    33.4518    33.4674    25.9346    1483.93    1479.31 0.0000e+00
        870     20.000     8.8041     8.7981   3.551284   3.552300     2.3348 -9.990e-29      98.81 4.9464e-02 0.0000e+00    81.0243    5.91086    33.4684    33.4847    25.9498    1483.91    1479.54 0.0000e+00
        892     21.000     8.8404     8.8346   3.556661   3.557740     2.3255 -9.990e-29      98.81 4.9465e-02 0.0000e+00    81.0386    5.87332    33.4899    33.5067    25.9611    1484.09    1479.76 0.0000e+00
        913     22.000     8.8233     8.8238   3.556930   3.558352     2.3175 -9.990e-29      98.80 4.9445e-02 0.0000e+00    81.0589    5.86992    33.5084    33.5229    25.9782    1484.07    1479.96 0.0000e+00
        934     23.000     8.7835     8.7819   3.554501   3.555865     2.3116 -9.990e-29      98.81 4.9464e-02 0.0000e+00    81.0335    5.86810    33.5202    33.5360    25.9936    1483.95    1480.13 0.0000e+00
        956     24.000     8.8040     8.8006   3.558457   3.560042     2.3060 -9.990e-29      98.80 4.9465e-02 0.0000e+00    81.0180    5.85465    33.5418    33.5616    26.0073    1484.07    1480.29 0.0000e+00
        977     25.000     8.8705     8.8667   3.571800   3.573326     2.3016 -9.990e-29      98.81 4.9459e-02 0.0000e+00    81.0461    5.85602    33.6181    33.6376    26.0567    1484.43    1480.46 0.0000e+00
        998     26.000     8.9314     8.9243   3.584128   3.585528     2.3005    -0.0455      98.81 4.9485e-02 0.0000e+00    81.0295    5.87254    33.6888    33.7102    26.1026    1484.75    1480.62 0.0000e+00
       1019     27.000     8.9833     8.9801   3.592392   3.593892     2.3011    -0.0528      98.81 4.9453e-02 0.0000e+00    81.0403    5.87609    33.7254    33.7441    26.1231    1485.01    1480.78 0.0000e+00
       1040     28.000     8.9912     8.9887   3.593631   3.595067     2.3022    -0.0557      98.80 4.9459e-02 0.0000e+00    81.0438    5.87507    33.7304    33.7478    26.1257    1485.06    1480.94 0.0000e+00
       1060     29.000     9.0017     8.9999   3.595087   3.596672     2.3018    -0.0670      98.80 4.9467e-02 0.0000e+00    81.0769    5.85806    33.7352    33.7534    26.1278    1485.12    1481.08 0.0000e+00
       1081     30.000     9.0212     9.0168   3.598139   3.599519     2.3003    -0.0698      98.81 4.9446e-02 0.0000e+00    81.0779    5.84324    33.7480    33.7666    26.1348    1485.22    1481.22 0.0000e+00
       1102     31.000     9.0639     9.0598   3.605429   3.606965     2.2987    -0.0660      98.80 4.9459e-02 0.0000e+00    81.0964    5.83039    33.7831    33.8030    26.1554    1485.44    1481.35 0.0000e+00
       1122     32.000     9.1000     9.0968   3.611329   3.612835     2.2971    -0.0830      98.81 4.9467e-02 0.0000e+00    81.0895    5.82021    33.8098    33.8285    26.1706    1485.62    1481.49 0.0000e+00
       1143     33.000     9.1089     9.1068   3.613002   3.614484     2.2955    -0.0740      98.81 4.9460e-02 0.0000e+00    81.0758    5.80822    33.8183    33.8357    26.1759    1485.68    1481.61 0.0000e+00
       1163     34.000     9.1137     9.1110   3.614828   3.616330     2.2925    -0.0641      98.80 4.9472e-02 0.0000e+00    81.0968    5.78509    33.8323    33.8505    26.1860    1485.73    1481.73 0.0000e+00
       1184     35.000     9.1383     9.1355   3.619853   3.621464     2.2890    -0.0700      98.80 4.9488e-02 0.0000e+00    81.0900    5.76850    33.8608    33.8802    26.2044    1485.88    1481.85 0.0000e+00
       1204     36.000     9.1576     9.1552   3.624771   3.626311     2.2857    -0.0545      98.80 4.9479e-02 0.0000e+00    81.1030    5.75442    33.8931    33.9114    26.2266    1486.00    1481.97 0.0000e+00
       1225     37.000     9.1602     9.1582   3.625606   3.627096     2.2818    -0.0517      98.81 4.9489e-02 0.0000e+00    81.1075    5.73164    33.8989    33.9163    26.2307    1486.04    1482.08 0.0000e+00
       1248     38.000     9.1613     9.1595   3.626126   3.627645     2.2763    -0.0719      98.81 4.9475e-02 0.0000e+00    81.0893    5.70476    33.9028    33.9203    26.2336    1486.06    1482.18 0.0000e+00
       1271     39.000     9.1616     9.1597   3.626820   3.628303     2.2701    -0.0730      98.80 4.9481e-02 0.0000e+00    81.0860    5.68742    33.9093    33.9265    26.2386    1486.09    1482.28 0.0000e+00
       1295     40.000     9.1652     9.1632   3.628686   3.630184     2.2652    -0.0685      98.80 4.9462e-02 0.0000e+00    81.0860    5.68133    33.9248    33.9423    26.2502    1486.14    1482.38 0.0000e+00
       1319     41.000     9.1723     9.1702   3.632042   3.633652     2.2609    -0.0735      98.80 4.9462e-02 0.0000e+00    81.0957    5.68320    33.9525    33.9712    26.2707    1486.21    1482.47 0.0000e+00
       1342     42.000     9.1790     9.1773   3.636676   3.638258     2.2588    -0.0673      98.80 4.9493e-02 0.0000e+00    81.0869    5.68176    33.9938    34.0119    26.3020    1486.30    1482.56 0.0000e+00
       1365     43.000     9.1800     9.1782   3.639054   3.640637     2.2563    -0.0642      98.80 4.9457e-02 0.0000e+00    81.0843    5.66839    34.0172    34.0353    26.3201    1486.35    1482.65 0.0000e+00
       1388     44.000     9.1811     9.1793   3.640366   3.641960     2.2533    -0.0647      98.80 4.9456e-02 0.0000e+00    81.0808    5.65740    34.0293    34.0476    26.3294    1486.39    1482.73 0.0000e+00
       1412     45.000     9.1816     9.1802   3.640887   3.642608     2.2504    -0.0704      98.80 4.9457e-02 0.0000e+00    81.1088    5.64626    34.0338    34.0530    26.3328    1486.41    1482.82 0.0000e+00
       1435     46.000     9.1825     9.1807   3.641452   3.642916     2.2471    -0.0704      98.80 4.9457e-02 0.0000e+00    81.1084    5.63864    34.0383    34.0553    26.3363    1486.44    1482.89 0.0000e+00
       1458     47.000     9.1827     9.1809   3.641797   3.643277     2.2446    -0.0702      98.80 4.9463e-02 0.0000e+00    81.1145    5.63227    34.0413    34.0584    26.3385    1486.46    1482.97 0.0000e+00
       1481     48.000     9.1828     9.1810   3.642154   3.643606     2.2418    -0.0665      98.81 4.9481e-02 0.0000e+00    81.1033    5.62437    34.0444    34.0612    26.3410    1486.48    1483.04 0.0000e+00
       1504     49.000     9.1824     9.1805   3.643563   3.645075     2.2390    -0.0646      98.80 4.9481e-02 0.0000e+00    81.1116    5.61865    34.0590    34.0765    26.3525    1486.51    1483.11 0.0000e+00
       1527     50.000     9.1794     9.1777   3.646429   3.647935     2.2369    -0.0656      98.80 4.9463e-02 0.0000e+00    81.0959    5.61470    34.0912    34.1085    26.3781    1486.56    1483.18 0.0000e+00
       1550     51.000     9.1760     9.1744   3.647548   3.649045     2.2349    -0.0687      98.80 4.9475e-02 0.0000e+00    81.0822    5.60700    34.1056    34.1228    26.3900    1486.58    1483.25 0.0000e+00
       1573     52.000     9.1601     9.1589   3.650967   3.652490     2.2322    -0.0682      98.80 4.9445e-02 0.0000e+00    81.0980    5.59246    34.1560    34.1730    26.4320    1486.60    1483.31 0.0000e+00
       1596     53.000     9.1544     9.1530   3.651905   3.653353     2.2290    -0.0773      98.80 4.9451e-02 0.0000e+00    81.0984    5.57780    34.1708    34.1872    26.4444    1486.61    1483.38 0.0000e+00
       1620     54.000     9.1503     9.1488   3.652576   3.654085     2.2254    -0.0691      98.80 4.9469e-02 0.0000e+00    81.1160    5.56779    34.1812    34.1984    26.4533    1486.63    1483.44 0.0000e+00
       1643     55.000     9.1423     9.1407   3.653517   3.655013     2.2221    -0.0667      98.80 4.9463e-02 0.0000e+00    81.1085    5.56378    34.1982    34.2154    26.4679    1486.63    1483.49 0.0000e+00
       1667     56.000     9.1410     9.1392   3.653705   3.655201     2.2194    -0.0707      98.80 4.9468e-02 0.0000e+00    81.1097    5.55819    34.2010    34.2183    26.4702    1486.65    1483.55 0.0000e+00
       1690     57.000     9.1375     9.1359   3.654152   3.655646     2.2169    -0.0717      98.80 4.9469e-02 0.0000e+00    81.1201    5.55162    34.2085    34.2256    26.4767    1486.66    1483.60 0.0000e+00
       1713     58.000     9.1266     9.1251   3.655139   3.656650     2.2143    -0.0748      98.80 4.9474e-02 0.0000e+00    81.1118    5.54643    34.2288    34.2460    26.4943    1486.66    1483.66 0.0000e+00
       1736     59.000     9.1196     9.1182   3.655770   3.657253     2.2122    -0.0679      98.80 4.9464e-02 0.0000e+00    81.1026    5.54549    34.2417    34.2585    26.5055    1486.67    1483.71 0.0000e+00
       1760     60.000     9.1145     9.1128   3.656157   3.657659     2.2102    -0.0715      98.80 4.9468e-02 0.0000e+00    81.1002    5.53883    34.2501    34.2674    26.5130    1486.68    1483.76 0.0000e+00
       1783     61.000     9.1087     9.1071   3.657043   3.658521     2.2085    -0.0664      98.80 4.9457e-02 0.0000e+00    81.1005    5.53930    34.2645    34.2814    26.5251    1486.69    1483.80 0.0000e+00
       1806     62.000     9.1078     9.1059   3.657400   3.658903     2.2070    -0.0651      98.80 4.9469e-02 0.0000e+00    81.1027    5.53618    34.2686    34.2861    26.5285    1486.71    1483.85 0.0000e+00
       1829     63.000     9.1073     9.1055   3.657667   3.659164     2.2055    -0.0646      98.80 4.9463e-02 0.0000e+00    81.1239    5.53107    34.2714    34.2887    26.5308    1486.73    1483.90 0.0000e+00
       1852     64.000     9.1033     9.1016   3.658059   3.659547     2.2039    -0.0664      98.80 4.9463e-02 0.0000e+00    81.1420    5.51954    34.2789    34.2960    26.5373    1486.74    1483.94 0.0000e+00
       1875     65.000     9.1002     9.0986   3.658699   3.660200     2.2012    -0.0717      98.80 4.9463e-02 0.0000e+00    81.1301    5.50556    34.2881    34.3053    26.5449    1486.75    1483.98 0.0000e+00
       1898     66.000     9.0879     9.0867   3.659051   3.660551     2.1982    -0.0638      98.80 4.9457e-02 0.0000e+00    81.1111    5.49606    34.3031    34.3199    26.5587    1486.74    1484.03 0.0000e+00
       1921     67.000     9.0760     9.0746   3.659575   3.661084     2.1954    -0.0679      98.80 4.9474e-02 0.0000e+00    81.1704    5.49112    34.3196    34.3367    26.5735    1486.74    1484.07 0.0000e+00
       1945     68.000     9.0557     9.0557   3.660942   3.662423     2.1930    -0.0674      98.80 4.9463e-02 0.0000e+00    81.1567    5.49002    34.3530    34.3685    26.6029    1486.72    1484.11 0.0000e+00
       1968     69.000     9.0230     9.0226   3.661659   3.663164     2.1902    -0.0684      98.80 4.9479e-02 0.0000e+00    81.1847    5.47388    34.3916    34.4077    26.6384    1486.66    1484.14 0.0000e+00
       1992     70.000     8.9886     8.9882   3.661914   3.663400     2.1868    -0.0688      98.80 4.9475e-02 0.0000e+00    81.1777    5.46643    34.4271    34.4430    26.6717    1486.60    1484.18 0.0000e+00
       2015     71.000     8.9767     8.9760   3.662095   3.663580     2.1834    -0.0704      98.80 4.9475e-02 0.0000e+00    81.1839    5.46438    34.4400    34.4563    26.6837    1486.58    1484.21 0.0000e+00
       2038     72.000     8.9624     8.9610   3.662203   3.663685     2.1817    -0.0690      98.80 4.9463e-02 0.0000e+00    81.1669    5.47586    34.4546    34.4715    26.6974    1486.57    1484.24 0.0000e+00
       2061     73.000     8.9606     8.9589   3.662359   3.663849     2.1809    -0.0655      98.80 4.9457e-02 0.0000e+00    81.1479    5.48004    34.4575    34.4747    26.6999    1486.58    1484.28 0.0000e+00
       2084     74.000     8.9579     8.9561   3.662491   3.663992     2.1805    -0.0664      98.80 4.9463e-02 0.0000e+00    81.1377    5.48013    34.4610    34.4785    26.7031    1486.59    1484.31 0.0000e+00
       2107     75.000     8.9547     8.9532   3.662637   3.664128     2.1798    -0.0665      98.80 4.9488e-02 0.0000e+00    81.1426    5.47325    34.4652    34.4822    26.7069    1486.60    1484.34 0.0000e+00
       2130     76.000     8.9491     8.9475   3.662748   3.664239     2.1783    -0.0735      98.80 4.9469e-02 0.0000e+00    81.1351    5.46569    34.4713    34.4885    26.7126    1486.60    1484.37 0.0000e+00
       2154     77.000     8.9421     8.9405   3.662766   3.664255     2.1770    -0.0708      98.80 4.9468e-02 0.0000e+00    81.1468    5.46074    34.4778    34.4950    26.7188    1486.60    1484.40 0.0000e+00
