_data/ctd/2022603/sta0213.cnv
* Sea-Bird SBE 9 Data File:
* FileName = C:\Seabird\CTDData\sta0213.hex
* Software Version Seasave V 7.21f
* Temperature SN = 6264
* Conductivity SN = 4928
* Number of Bytes Per Scan = 40
* Number of Voltage Words = 5
* Number of Scans Averaged by the Deck Unit = 1
* NMEA Latitude = 61 27.73 N
* NMEA Longitude = 005 26.27 E
* NMEA UTC (Time) = Feb 16 2022 05:28:40
* NMEA baud rate = 4800
** Ship: R/V "Kristine Bonnevie"
** Station: 0213
** Echodepth: 72
** Log: 0930.600
** Wind-Dir/Force: 13 10
** Air-temp (dry): 3.1
** Weather Sky:
** Sea:
** FOFJ06
# nquan = 19                                
# nvalues = 70                          
# units = specified
# name 0 = scan: Scan Count
# name 1 = prDM: Pressure, Digiquartz [db]
# name 2 = t068C: Temperature [ITS-68, deg C]
# name 3 = t168C: Temperature, 2 [ITS-68, deg C]
# name 4 = c0S/m: Conductivity [S/m]
# name 5 = c1S/m: Conductivity, 2 [S/m]
# name 6 = sbeox0V: Oxygen raw, SBE 43 [V]
# name 7 = flECO-AFL: Fluorescence, WET Labs ECO-AFL/FL [mg/m^3]
# name 8 = altM: Altimeter [m]
# name 9 = par: PAR/Irradiance, Biospherical/Licor
# name 10 = spar: SPAR/Surface Irradiance
# name 11 = CStarTr0: Beam Transmission, WET Labs C-Star [%]
# name 12 = sbeox0ML/L: Oxygen, SBE 43 [ml/l], WS = 2
# name 13 = sal00: Salinity, Practical [PSU]
# name 14 = sal11: Salinity, Practical, 2 [PSU]
# name 15 = sigma-t00: Density [sigma-t, Kg/m^3 ]
# name 16 = svCM: Sound Velocity [Chen-Millero, m/s]
# name 17 = avgsvCM: Average Sound Velocity [Chen-Millero, m/s], minP = 1, minS = 5
# name 18 = flag: flag
# span 0 =        410,       3011       
# span 1 =      1.000,     70.000       
# span 2 =     3.7414,     9.1937       
# span 3 =     2.9580,     9.1911       
# span 4 =   1.562216,   3.651708       
# span 5 =   1.159045,   3.654658       
# span 6 =     2.2077,     2.4956       
# span 7 =    -0.0710,     0.3062       
# span 8 =      -7.37,      70.33       
# span 9 = 4.9447e-02, 4.9174e-01       
# span 10 = 0.0000e+00, 0.0000e+00      
# span 11 =    54.1502,    80.9534      
# span 12 =    5.55027,    8.26695      
# span 13 =    15.7861,    34.1537      
# span 14 =    11.7070,    34.1933      
# span 15 =    12.5486,    26.4299      
# span 16 =    1440.87,    1486.90      
# span 17 =    1440.87,    1482.64      
# span 18 = 0.0000e+00, 0.0000e+00      
# interval = decibars: 1                
# start_time = Feb 16 2022 05:28:42 [System UTC, header]
# bad_flag = -9.990e-29
*END*
        410      1.000     3.7414     2.9580   1.562216   1.159045     2.4637     0.3062      -7.37 4.0407e-01 0.0000e+00    54.1502    8.26695    15.7861    11.7070    12.5486    1440.87    1440.87 0.0000e+00
        463      2.000     5.2147     5.1704   2.325978   2.341383     2.4810     0.2534      12.18 4.9174e-01 0.0000e+00    67.6753    7.69247    23.2978    23.4979    18.3941    1456.78    1448.78 0.0000e+00
        527      3.000     5.7314     5.7432   2.665684   2.676810     2.4956     0.2153      70.33 3.0952e-01 0.0000e+00    72.9110    7.33211    26.6443    26.7573    20.9861    1463.16    1453.54 0.0000e+00
        574      4.000     6.0285     6.0520   2.813351   2.846884     2.4833     0.2124      69.24 2.2912e-01 0.0000e+00    73.8369    7.09087    28.0259    28.3746    22.0439    1466.12    1456.67 0.0000e+00
        611      5.000     6.8108     6.7853   3.064640   3.063617     2.4761     0.2059      68.02 1.5369e-01 0.0000e+00    77.0589    6.95654    30.1022    30.1135    23.5872    1471.87    1459.68 0.0000e+00
        644      6.000     7.0033     6.9914   3.126099   3.122780     2.4812     0.1327      66.90 1.0856e-01 0.0000e+00    77.0914    6.87839    30.5982    30.5728    23.9530    1473.26    1461.93 0.0000e+00
        673      7.000     7.2628     7.2421   3.196454   3.197168     2.4728     0.0959      65.79 7.7772e-02 0.0000e+00    79.0455    6.68533    31.1257    31.1521    24.3340    1474.95    1463.77 0.0000e+00
        702      8.000     7.4694     7.4682   3.251768   3.254800     2.4611     0.0696      64.97 6.6024e-02 0.0000e+00    79.5048    6.60587    31.5337    31.5673    24.6268    1476.27    1465.32 0.0000e+00
        729      9.000     7.6609     7.6499   3.302905   3.303788     2.4512     0.0222      63.91 5.8957e-02 0.0000e+00    79.9657    6.51736    31.9069    31.9264    24.8936    1477.49    1466.67 0.0000e+00
        755     10.000     7.9769     8.0437   3.376145   3.398559     2.4402     0.0182      63.03 5.0911e-02 0.0000e+00    80.0884    6.41511    32.3972    32.5737    25.2338    1479.32    1467.92 0.0000e+00
        781     11.000     8.1879     8.1956   3.423141   3.426237     2.4315    -0.0113      61.82 4.9481e-02 0.0000e+00    79.8721    6.36978    32.7000    32.7256    25.4407    1480.51    1469.06 0.0000e+00
        806     12.000     8.1908     8.1689   3.427700   3.424485     2.4248    -0.0199      60.89 4.9485e-02 0.0000e+00    80.3690    6.30952    32.7452    32.7315    25.4757    1480.59    1470.01 0.0000e+00
        830     13.000     8.4550     8.4217   3.480765   3.479942     2.4108    -0.0244      59.85 4.9474e-02 0.0000e+00    80.5420    6.17823    33.0588    33.0814    25.6824    1481.99    1470.93 0.0000e+00
        853     14.000     8.6161     8.6209   3.502274   3.504517     2.3992    -0.0217      59.03 4.9483e-02 0.0000e+00    80.5198    6.14965    33.1338    33.1528    25.7167    1482.70    1471.76 0.0000e+00
        875     15.000     8.6818     8.6846   3.510064   3.512599     2.3908    -0.0363      58.12 4.9493e-02 0.0000e+00    80.5645    6.10954    33.1535    33.1775    25.7221    1482.99    1472.50 0.0000e+00
        897     16.000     8.7643     8.7686   3.520892   3.523884     2.3795    -0.0516      56.99 4.9465e-02 0.0000e+00    80.5479    6.03388    33.1893    33.2166    25.7374    1483.36    1473.18 0.0000e+00
        918     17.000     8.7865     8.7835   3.526553   3.528484     2.3671 -9.990e-29      56.08 4.9508e-02 0.0000e+00    80.4346    5.97852    33.2273    33.2503    25.7637    1483.50    1473.78 0.0000e+00
        940     18.000     8.7119     8.7157   3.524784   3.526331     2.3543 -9.990e-29      55.22 4.9473e-02 0.0000e+00    80.2722    5.94413    33.2783    33.2910    25.8152    1483.30    1474.31 0.0000e+00
        961     19.000     8.6267     8.6384   3.517529   3.521005     2.3418 -9.990e-29      54.28 4.9467e-02 0.0000e+00    80.0192    5.91215    33.2819    33.3074    25.8311    1483.01    1474.76 0.0000e+00
        981     20.000     8.6893     8.6952   3.535920   3.540263     2.3291 -9.990e-29      53.35 4.9474e-02 0.0000e+00    79.7002    5.87390    33.4156    33.4557    25.9263    1483.42    1475.19 0.0000e+00
       1001     21.000     8.7851     8.7839   3.552386   3.554289     2.3200    -0.0530      52.59 4.9485e-02 0.0000e+00    79.3591    5.88640    33.4974    33.5185    25.9755    1483.89    1475.60 0.0000e+00
       1022     22.000     8.7889     8.7889   3.553158   3.555017     2.3168    -0.0458      51.58 4.9466e-02 0.0000e+00    78.9536    5.92489    33.5014    33.5209    25.9781    1483.93    1475.98 0.0000e+00
       1043     23.000     8.8315     8.8273   3.560527   3.562242     2.3152    -0.0586      50.56 4.9472e-02 0.0000e+00    78.5873    5.91501    33.5379    33.5598    26.0000    1484.15    1476.33 0.0000e+00
       1064     24.000     8.8458     8.8433   3.562666   3.564031     2.3126    -0.0436      49.73 4.9479e-02 0.0000e+00    78.2405    5.89816    33.5463    33.5630    26.0044    1484.23    1476.66 0.0000e+00
       1085     25.000     8.8413     8.8419   3.561649   3.563411     2.3100    -0.0402      48.58 4.9465e-02 0.0000e+00    77.9143    5.88682    33.5394    33.5573    25.9997    1484.22    1476.96 0.0000e+00
       1106     26.000     8.8330     8.8285   3.560116   3.561202     2.3064    -0.0373      47.70 4.9486e-02 0.0000e+00    77.6522    5.86821    33.5308    33.5464    25.9942    1484.20    1477.24 0.0000e+00
       1127     27.000     8.8602     8.8573   3.565291   3.567091     2.3023    -0.0393      46.66 4.9479e-02 0.0000e+00    77.4089    5.84836    33.5588    33.5803    26.0119    1484.35    1477.50 0.0000e+00
       1148     28.000     8.8917     8.8867   3.570301   3.571669     2.2983    -0.0359      45.62 4.9492e-02 0.0000e+00    77.2150    5.84393    33.5809    33.5999    26.0243    1484.51    1477.75 0.0000e+00
       1169     29.000     8.9044     8.9012   3.572339   3.573706     2.2965    -0.0526      44.74 4.9485e-02 0.0000e+00    77.0471    5.85057    33.5897    33.6071    26.0292    1484.58    1477.98 0.0000e+00
       1190     30.000     8.9066     8.9038   3.572801   3.574234     2.2948    -0.0428      43.71 4.9479e-02 0.0000e+00    76.9012    5.84300    33.5920    33.6097    26.0307    1484.61    1478.20 0.0000e+00
       1211     31.000     8.9263     8.9258   3.576075   3.578106     2.2928    -0.0370      42.85 4.9498e-02 0.0000e+00    76.7935    5.83127    33.6071    33.6288    26.0394    1484.72    1478.41 0.0000e+00
       1231     32.000     8.9429     8.9408   3.578987   3.580500     2.2906    -0.0572      41.81 4.9502e-02 0.0000e+00    76.7034    5.81983    33.6214    33.6392    26.0480    1484.81    1478.61 0.0000e+00
       1252     33.000     8.9453     8.9433   3.579323   3.580809     2.2884    -0.0272      40.88 4.9505e-02 0.0000e+00    76.6000    5.81541    33.6222    33.6396    26.0482    1484.84    1478.80 0.0000e+00
       1272     34.000     8.9446     8.9444   3.579276   3.581071     2.2861    -0.0283      40.05 4.9495e-02 0.0000e+00    76.5112    5.80316    33.6219    33.6408    26.0481    1484.85    1478.98 0.0000e+00
       1293     35.000     8.9453     8.9436   3.579394   3.580880     2.2833    -0.0398      39.00 4.9505e-02 0.0000e+00    76.4117    5.78979    33.6220    33.6391    26.0481    1484.87    1479.15 0.0000e+00
       1313     36.000     8.9408     8.9355   3.579063   3.579852     2.2803    -0.0524      38.11 4.9495e-02 0.0000e+00    76.3355    5.78378    33.6223    33.6356    26.0490    1484.87    1479.30 0.0000e+00
       1333     37.000     8.9412     8.9386   3.579189   3.580584     2.2777    -0.0253      37.36 4.9495e-02 0.0000e+00    76.2500    5.78090    33.6228    33.6398    26.0494    1484.89    1479.45 0.0000e+00
       1354     38.000     8.9478     8.9492   3.580595   3.583162     2.2756    -0.0286      36.23 4.9479e-02 0.0000e+00    76.1543    5.77995    33.6308    33.6563    26.0546    1484.94    1479.60 0.0000e+00
       1374     39.000     8.9860     8.9872   3.587886   3.590347     2.2741    -0.0305      35.35 4.9494e-02 0.0000e+00    76.0662    5.77556    33.6703    33.6948    26.0795    1485.15    1479.74 0.0000e+00
       1394     40.000     9.0082     9.0088   3.592200   3.594193     2.2731    -0.0349      34.29 4.9488e-02 0.0000e+00    75.9681    5.77879    33.6938    33.7140    26.0944    1485.27    1479.88 0.0000e+00
       1415     41.000     9.0087     9.0096   3.592144   3.594040     2.2731    -0.0561      33.32 4.9481e-02 0.0000e+00    75.8834    5.77735    33.6923    33.7112    26.0931    1485.29    1480.01 0.0000e+00
       1435     42.000     9.0069     9.0013   3.591729   3.592444     2.2719    -0.0558      32.40 4.9492e-02 0.0000e+00    75.7951    5.76259    33.6892    33.7020    26.0910    1485.30    1480.13 0.0000e+00
       1456     43.000     9.0338     9.0301   3.596898   3.598360     2.2697    -0.0355      31.35 4.9492e-02 0.0000e+00    75.7204    5.74726    33.7171    33.7359    26.1086    1485.45    1480.26 0.0000e+00
       1477     44.000     9.0354     9.0319   3.597030   3.598270     2.2680    -0.0426      30.49 4.9505e-02 0.0000e+00    75.6325    5.74520    33.7165    33.7328    26.1079    1485.47    1480.38 0.0000e+00
       1497     45.000     9.0427     9.0404   3.598142   3.599602     2.2661    -0.0557      29.45 4.9488e-02 0.0000e+00    75.5283    5.73757    33.7208    33.7382    26.1100    1485.52    1480.49 0.0000e+00
       1517     46.000     9.0542     9.0491   3.600246   3.601316     2.2642 -9.990e-29      28.48 4.9481e-02 0.0000e+00    75.4400    5.73067    33.7313    33.7473    26.1165    1485.59    1480.60 0.0000e+00
       1538     47.000     9.0960     9.0825   3.607846   3.607760     2.2626 -9.990e-29      27.64 4.9498e-02 0.0000e+00    75.3921    5.72351    33.7704    33.7823    26.1404    1485.81    1480.71 0.0000e+00
       1559     48.000     9.1126     9.1074   3.610551   3.611603     2.2614 -9.990e-29      26.60 4.9485e-02 0.0000e+00    75.3243    5.72033    33.7824    33.7982    26.1471    1485.90    1480.82 0.0000e+00
       1580     49.000     9.1139     9.1109   3.610716   3.612083     2.2599 -9.990e-29      25.69 4.9479e-02 0.0000e+00    75.2557    5.71151    33.7824    33.7995    26.1469    1485.92    1480.92 0.0000e+00
       1601     50.000     9.1400     9.1371   3.615945   3.617782     2.2579 -9.990e-29      24.69 4.9485e-02 0.0000e+00    75.1951    5.69234    33.8116    33.8334    26.1656    1486.07    1481.02 0.0000e+00
       1622     51.000     9.1937     9.1911   3.625897   3.627482     2.2552 -9.990e-29      23.72 4.9479e-02 0.0000e+00    75.1658    5.67703    33.8636    33.8826    26.1978    1486.35    1481.13 0.0000e+00
       1642     52.000     9.1807     9.1813   3.629310   3.630706     2.2536 -9.990e-29      22.90 4.9488e-02 0.0000e+00    75.1323    5.67882    33.9110    33.9249    26.2369    1486.37    1481.23 0.0000e+00
       1663     53.000     9.1836     9.1814   3.634891   3.636503     2.2516 -9.990e-29      21.88 4.9472e-02 0.0000e+00    75.0973    5.65837    33.9658    33.9847    26.2793    1486.47    1481.33 0.0000e+00
       1684     54.000     9.1859     9.1840   3.637337   3.638903     2.2480 -9.990e-29      21.02 4.9472e-02 0.0000e+00    75.0503    5.64462    33.9886    34.0067    26.2968    1486.52    1481.42 0.0000e+00
       1704     55.000     9.1863     9.1847   3.637437   3.639329     2.2460    -0.0558      20.10 4.9474e-02 0.0000e+00    75.0478    5.65242    33.9888    34.0100    26.2969    1486.54    1481.52 0.0000e+00
       1725     56.000     9.1861     9.1843   3.637033   3.638705     2.2444    -0.0558      19.13 4.9489e-02 0.0000e+00    74.9677    5.65340    33.9843    34.0034    26.2934    1486.55    1481.61 0.0000e+00
       1747     57.000     9.1870     9.1849   3.637813   3.639153     2.2432    -0.0558      18.33 4.9496e-02 0.0000e+00    75.0075    5.64914    33.9911    34.0070    26.2986    1486.58    1481.69 0.0000e+00
       1770     58.000     9.1879     9.1861   3.638911   3.640337     2.2417    -0.0558      17.35 4.9476e-02 0.0000e+00    75.0296    5.64518    34.0012    34.0177    26.3063    1486.61    1481.78 0.0000e+00
       1793     59.000     9.1877     9.1863   3.642710   3.642616     2.2401    -0.0558      16.48 4.9468e-02 0.0000e+00    74.9945    5.63470    34.0404    34.0408    26.3371    1486.67    1481.86 0.0000e+00
       1819     60.000     9.1871     9.1853   3.644411   3.645567     2.2379    -0.0558      15.50 4.9449e-02 0.0000e+00    75.0224    5.62295    34.0582    34.0720    26.3511    1486.71    1481.94 0.0000e+00
       1847     61.000     9.1869     9.1852   3.644612   3.645779     2.2345    -0.0558      14.62 4.9496e-02 0.0000e+00    75.0751    5.60539    34.0600    34.0738    26.3526    1486.73    1482.02 0.0000e+00
       1876     62.000     9.1844     9.1837   3.646537   3.647443     2.2308    -0.0558      13.63 4.9481e-02 0.0000e+00    75.1269    5.59968    34.0820    34.0921    26.3701    1486.76    1482.09 0.0000e+00
       1940     63.000     9.1840     9.1807   3.647058   3.648694     2.2277    -0.0558      12.71 4.9479e-02 0.0000e+00    75.4231    5.60353    34.0873    34.1075    26.3744    1486.78    1482.17 0.0000e+00
       2730     64.000     9.1711     9.1693   3.649409   3.650967     2.2077 -9.990e-29      11.61 4.9497e-02 0.0000e+00    80.3299    5.55027    34.1237    34.1416    26.4049    1486.80    1482.24 0.0000e+00
       2662     65.000     9.1719     9.1685   3.649155   3.651676     2.2112    -0.0663      10.38 4.9490e-02 0.0000e+00    80.0977    5.56480    34.1198    34.1493    26.4017    1486.81    1482.31 0.0000e+00
       2747     66.000     9.1696     9.1672   3.649400   3.651994     2.2113    -0.0644       9.55 4.9480e-02 0.0000e+00    80.7667    5.56522    34.1241    34.1534    26.4054    1486.82    1482.38 0.0000e+00
       2819     67.000     9.1688     9.1682   3.650253   3.651928     2.2114    -0.0656       8.97 4.9495e-02 0.0000e+00    80.9430    5.56529    34.1333    34.1513    26.4128    1486.85    1482.45 0.0000e+00
       2880     68.000     9.1667     9.1648   3.650907   3.652558     2.2110    -0.0669       8.10 4.9465e-02 0.0000e+00    80.9477    5.56322    34.1416    34.1606    26.4196    1486.87    1482.51 0.0000e+00
       2943     69.000     9.1646     9.1593   3.651214   3.653637     2.2110    -0.0662       7.07 4.9474e-02 0.0000e+00    80.9534    5.56669    34.1464    34.1767    26.4237    1486.88    1482.57 0.0000e+00
       3011     70.000     9.1618     9.1526   3.651708   3.654658     2.2107    -0.0710       6.12 4.9447e-02 0.0000e+00    80.9517    5.56553    34.1537    34.1933    26.4299    1486.90    1482.64 0.0000e+00
