_data/ctd/2022603/sta0205.cnv
* Sea-Bird SBE 9 Data File:
* FileName = C:\Seabird\CTDData\sta0205.hex
* Software Version Seasave V 7.21f
* Temperature SN = 6264
* Conductivity SN = 4928
* Number of Bytes Per Scan = 40
* Number of Voltage Words = 5
* Number of Scans Averaged by the Deck Unit = 1
* NMEA Latitude = 61 05.29 N
* NMEA Longitude = 005 13.85 E
* NMEA UTC (Time) = Feb 15 2022 14:50:15
* NMEA baud rate = 4800
** Ship: R/V "Kristine Bonnevie"
** Station: 0205
** Echodepth: 1048
** Log: 0855.950
** Wind-Dir/Force: 21 09
** Air-temp (dry): 4.3
** Weather Sky:
** Sea:
# nquan = 19                                
# nvalues = 1061                        
# units = specified
# name 0 = scan: Scan Count
# name 1 = prDM: Pressure, Digiquartz [db]
# name 2 = t068C: Temperature [ITS-68, deg C]
# name 3 = t168C: Temperature, 2 [ITS-68, deg C]
# name 4 = c0S/m: Conductivity [S/m]
# name 5 = c1S/m: Conductivity, 2 [S/m]
# name 6 = sbeox0V: Oxygen raw, SBE 43 [V]
# name 7 = flECO-AFL: Fluorescence, WET Labs ECO-AFL/FL [mg/m^3]
# name 8 = altM: Altimeter [m]
# name 9 = par: PAR/Irradiance, Biospherical/Licor
# name 10 = spar: SPAR/Surface Irradiance
# name 11 = CStarTr0: Beam Transmission, WET Labs C-Star [%]
# name 12 = sbeox0ML/L: Oxygen, SBE 43 [ml/l], WS = 2
# name 13 = sal00: Salinity, Practical [PSU]
# name 14 = sal11: Salinity, Practical, 2 [PSU]
# name 15 = sigma-t00: Density [sigma-t, Kg/m^3 ]
# name 16 = svCM: Sound Velocity [Chen-Millero, m/s]
# name 17 = avgsvCM: Average Sound Velocity [Chen-Millero, m/s], minP = 1, minS = 5
# name 18 = flag: flag
# span 0 =        -11,      23843       
# span 1 =      2.000,   1062.000       
# span 2 =     6.0781,     8.8597       
# span 3 =     6.0751,     8.8432       
# span 4 =   3.101746,   3.651363       
# span 5 =   3.102814,   3.652799       
# span 6 =     1.5845,     2.4454       
# span 7 =    -0.1090,     0.6173       
# span 8 =       4.44,      99.64       
# span 9 = 4.9451e-02, 2.1381e+01       
# span 10 = 3.1979e+01, 5.5957e+01      
# span 11 =    80.0134,    81.8168      
# span 12 =    4.14596,    6.86766      
# span 13 =    31.1689,    35.0239      
# span 14 =    31.1836,    35.0400      
# span 15 =    24.5175,    27.3658      
# span 16 =    1470.25,    1498.19      
# span 17 =    1470.25,    1489.89      
# span 18 = 0.0000e+00, 0.0000e+00      
# interval = decibars: 1                
# start_time = Feb 15 2022 14:50:18 [System UTC, header]
# bad_flag = -9.990e-29
*END*
[from data line 77]
       1575     79.000     8.6759     8.6743   3.650966   3.652406     2.2513    -0.0748      71.20 4.9490e-02 3.9973e+01    81.4301    5.73489    34.6122    34.6290    26.8661    1485.82    1479.92 0.0000e+00
       1597     80.000     8.6750     8.6730   3.651299   3.652758     2.2496    -0.0724      81.69 4.9477e-02 3.9973e+01    81.4920    5.72874    34.6161    34.6335    26.8693    1485.83    1479.99 0.0000e+00
       1619     81.000     8.6665     8.6649   3.651363   3.652799     2.2481    -0.0833      79.02 4.9512e-02 3.9973e+01    81.4854    5.72156    34.6246    34.6414    26.8773    1485.83    1480.06 0.0000e+00
       1641     82.000     8.6490     8.6484   3.650620   3.652056     2.2457    -0.0939      98.70 4.9464e-02 3.9973e+01    81.4988    5.71450    34.6334    34.6492    26.8870    1485.79    1480.13 0.0000e+00
       1662     83.000     8.6211     8.6204   3.649468   3.650907     2.2437    -0.0900      92.58 4.9483e-02 3.9973e+01    81.4979    5.71090    34.6481    34.6640    26.9029    1485.72    1480.20 0.0000e+00
       1684     84.000     8.6123     8.6109   3.649172   3.650595     2.2412    -0.0659      37.18 4.9479e-02 3.9973e+01    81.4963    5.70975    34.6532    34.6696    26.9082    1485.71    1480.26 0.0000e+00
       1705     85.000     8.5994     8.5981   3.648687   3.650105     2.2402    -0.0694      99.06 4.9479e-02 3.9978e+01    81.4831    5.72193    34.6602    34.6765    26.9157    1485.69    1480.33 0.0000e+00
       1727     86.000     8.5800     8.5798   3.648242   3.649668     2.2401    -0.0716      53.18 4.9483e-02 4.0060e+01    81.4832    5.73184    34.6741    34.6894    26.9296    1485.65    1480.39 0.0000e+00
       1749     87.000     8.5573     8.5566   3.647840   3.649254     2.2402    -0.0831      83.78 4.9463e-02 4.0233e+01    81.4760    5.73541    34.6916    34.7073    26.9469    1485.60    1480.45 0.0000e+00
       1771     88.000     8.5438     8.5422   3.647568   3.648993     2.2402    -0.0876      80.40 4.9477e-02 4.1073e+01    81.4775    5.73904    34.7015    34.7182    26.9568    1485.58    1480.51 0.0000e+00
       1793     89.000     8.5403     8.5385   3.647532   3.648955     2.2405    -0.0686      52.23 4.9479e-02 4.0432e+01    81.4384    5.74539    34.7041    34.7210    26.9594    1485.59    1480.56 0.0000e+00
       1815     90.000     8.5383     8.5367   3.647556   3.648977     2.2413    -0.0965      93.03 4.9470e-02 4.0609e+01    81.4503    5.75145    34.7059    34.7225    26.9610    1485.60    1480.62 0.0000e+00
       1837     91.000     8.5365     8.5346   3.647593   3.649009     2.2421    -0.0792      76.50 4.9499e-02 4.1190e+01    81.4511    5.75808    34.7075    34.7244    26.9626    1485.61    1480.68 0.0000e+00
       1859     92.000     8.5356     8.5337   3.647682   3.649108     2.2435    -0.0693      95.57 4.9471e-02 4.0469e+01    81.4454    5.76633    34.7089    34.7259    26.9638    1485.63    1480.73 0.0000e+00
       1881     93.000     8.5349     8.5332   3.647743   3.649174     2.2445    -0.0688      91.75 4.9464e-02 4.1300e+01    81.4259    5.76330    34.7098    34.7266    26.9646    1485.64    1480.78 0.0000e+00
       1903     94.000     8.5340     8.5320   3.647815   3.649236     2.2447    -0.0659      43.42 4.9464e-02 4.1721e+01    81.4298    5.76037    34.7109    34.7279    26.9657    1485.66    1480.83 0.0000e+00
       1925     95.000     8.5337     8.5318   3.647889   3.649313     2.2452    -0.0696      98.58 4.9489e-02 -9.990e-29    81.4420    5.76295    34.7115    34.7285    26.9662    1485.67    1480.88 0.0000e+00
       1948     96.000     8.5316     8.5285   3.648033   3.649454     2.2452    -0.0672      72.58 4.9477e-02 -9.990e-29    81.4421    5.76030    34.7146    34.7327    26.9690    1485.68    1480.93 0.0000e+00
       1970     97.000     8.5224     8.5208   3.648042   3.649462     2.2451    -0.0680      99.13 4.9451e-02 -9.990e-29    81.4260    5.75806    34.7233    34.7399    26.9772    1485.68    1480.98 0.0000e+00
       1992     98.000     8.5131     8.5112   3.647972   3.649404     2.2446    -0.0742      98.50 4.9490e-02 4.1963e+01    81.4488    5.75597    34.7312    34.7483    26.9848    1485.67    1481.03 0.0000e+00
       2013     99.000     8.5005     8.4996   3.647884   3.649308     2.2440    -0.0642      53.62 4.9505e-02 4.1972e+01    81.4270    5.75556    34.7422    34.7582    26.9954    1485.65    1481.08 0.0000e+00
       2034    100.000     8.4931     8.4917   3.647838   3.649264     2.2434    -0.0807      94.32 4.9471e-02 4.1972e+01    81.4153    5.75415    34.7486    34.7651    27.0015    1485.65    1481.12 0.0000e+00
       2056    101.000     8.4890     8.4873   3.647837   3.649256     2.2427    -0.0940      75.87 4.9495e-02 4.1972e+01    81.4097    5.75042    34.7521    34.7688    27.0049    1485.65    1481.17 0.0000e+00
       2078    102.000     8.4864     8.4847   3.647825   3.649248     2.2417    -0.0651      97.63 4.9479e-02 4.1972e+01    81.3889    5.74945    34.7541    34.7708    27.0069    1485.66    1481.21 0.0000e+00
       2100    103.000     8.4827     8.4812   3.647840   3.649258     2.2411    -0.0684      80.80 4.9496e-02 4.1972e+01    81.3884    5.75050    34.7574    34.7739    27.0101    1485.67    1481.25 0.0000e+00
       2121    104.000     8.4737     8.4725   3.647836   3.649264     2.2407    -0.0859      84.85 4.9479e-02 4.1972e+01    81.3993    5.75490    34.7657    34.7821    27.0180    1485.66    1481.30 0.0000e+00
       2143    105.000     8.4656     8.4639   3.647918   3.649326     2.2404    -0.0837      97.72 4.9475e-02 4.1972e+01    81.4085    5.75489    34.7741    34.7907    27.0258    1485.66    1481.34 0.0000e+00
       2165    106.000     8.4629     8.4610   3.647952   3.649376     2.2402    -0.0677      96.45 4.9479e-02 4.1972e+01    81.3984    5.75384    34.7767    34.7937    27.0283    1485.67    1481.38 0.0000e+00
       2187    107.000     8.4614     8.4594   3.648022   3.649431     2.2396    -0.0729      43.40 4.9490e-02 4.1972e+01    81.4048    5.75024    34.7784    34.7953    27.0299    1485.68    1481.42 0.0000e+00
       2208    108.000     8.4606     8.4586   3.648067   3.649479     2.2390    -0.0932      98.99 4.9465e-02 4.1972e+01    81.3873    5.75293    34.7792    34.7962    27.0306    1485.70    1481.46 0.0000e+00
       2230    109.000     8.4584     8.4567   3.648113   3.649528     2.2390    -0.0705      74.78 4.9502e-02 4.1972e+01    81.4009    5.75363    34.7814    34.7981    27.0326    1485.71    1481.50 0.0000e+00
       2251    110.000     8.4572     8.4553   3.648188   3.649603     2.2384    -0.0706      98.66 4.9483e-02 4.1972e+01    81.3805    5.75041    34.7829    34.7998    27.0340    1485.72    1481.54 0.0000e+00
       2273    111.000     8.4566     8.4547   3.648259   3.649683     2.2380    -0.0650      98.80 4.9459e-02 4.1972e+01    81.3899    5.75251    34.7837    34.8007    27.0348    1485.74    1481.57 0.0000e+00
       2294    112.000     8.4554     8.4536   3.648307   3.649720     2.2379    -0.0646      56.69 4.9489e-02 4.1972e+01    81.3875    5.75390    34.7849    34.8017    27.0359    1485.75    1481.61 0.0000e+00
       2316    113.000     8.4532     8.4513   3.648357   3.649768     2.2375    -0.0635      89.55 4.9479e-02 4.1972e+01    81.3797    5.74654    34.7872    34.8040    27.0380    1485.76    1481.65 0.0000e+00
       2337    114.000     8.4487     8.4469   3.648390   3.649807     2.2364    -0.0702      77.21 4.9485e-02 4.1972e+01    81.3770    5.74292    34.7915    34.8083    27.0421    1485.77    1481.68 0.0000e+00
       2358    115.000     8.4468     8.4450   3.648443   3.649855     2.2358    -0.0629      91.65 4.9483e-02 4.1972e+01    81.3933    5.74699    34.7934    34.8102    27.0439    1485.78    1481.72 0.0000e+00
       2380    116.000     8.4454     8.4435   3.648493   3.649902     2.2356    -0.0828      98.55 4.9485e-02 4.1972e+01    81.3898    5.74696    34.7949    34.8117    27.0452    1485.79    1481.75 0.0000e+00
       2402    117.000     8.4446     8.4428   3.648560   3.649981     2.2348    -0.0839      80.13 4.9483e-02 4.1972e+01    81.3675    5.74278    34.7959    34.8128    27.0462    1485.81    1481.79 0.0000e+00
       2423    118.000     8.4440     8.4421   3.648635   3.650044     2.2343    -0.0666      61.24 4.9472e-02 4.1972e+01    81.3770    5.74462    34.7968    34.8136    27.0470    1485.82    1481.82 0.0000e+00
       2444    119.000     8.4400     8.4387   3.648689   3.650092     2.2338    -0.0659      92.28 4.9459e-02 4.1972e+01    81.3913    5.74270    34.8008    34.8170    27.0508    1485.83    1481.86 0.0000e+00
       2466    120.000     8.4363     8.4348   3.648678   3.650090     2.2332    -0.0631      75.80 4.9458e-02 4.1972e+01    81.3345    5.74360    34.8039    34.8204    27.0537    1485.83    1481.89 0.0000e+00
       2488    121.000     8.4339     8.4321   3.648728   3.650140     2.2331    -0.0823      98.80 4.9483e-02 4.1972e+01    81.3432    5.74569    34.8063    34.8231    27.0560    1485.84    1481.92 0.0000e+00
       2509    122.000     8.4330     8.4312   3.648808   3.650216     2.2326    -0.0804      98.45 4.9471e-02 4.1972e+01    81.3630    5.74615    34.8076    34.8243    27.0571    1485.86    1481.95 0.0000e+00
       2531    123.000     8.4310     8.4294   3.648847   3.650260     2.2327    -0.0608      51.17 4.9492e-02 4.1972e+01    81.3697    5.74776    34.8095    34.8261    27.0589    1485.87    1481.99 0.0000e+00
       2552    124.000     8.4256     8.4239   3.648809   3.650218     2.2322    -0.0675      99.14 4.9459e-02 4.1972e+01    81.3645    5.74427    34.8139    34.8306    27.0633    1485.87    1482.02 0.0000e+00
       2574    125.000     8.4220     8.4202   3.648787   3.650204     2.2320    -0.0901      75.76 4.9477e-02 4.1972e+01    81.3682    5.74447    34.8168    34.8336    27.0661    1485.88    1482.05 0.0000e+00
       2595    126.000     8.4177     8.4160   3.648792   3.650203     2.2314    -0.0665      45.63 4.9479e-02 4.1972e+01    81.3659    5.74181    34.8206    34.8373    27.0697    1485.88    1482.08 0.0000e+00
       2616    127.000     8.4118     8.4100   3.648764   3.650165     2.2308    -0.0710      76.73 4.9483e-02 4.1972e+01    81.3600    5.74076    34.8257    34.8423    27.0746    1485.88    1482.11 0.0000e+00
       2638    128.000     8.4001     8.3982   3.648602   3.650004     2.2300    -0.0801      59.69 4.9492e-02 4.1972e+01    81.3810    5.73949    34.8350    34.8518    27.0837    1485.87    1482.14 0.0000e+00
       2659    129.000     8.3979     8.3957   3.648620   3.650021     2.2297    -0.0881      79.74 4.9479e-02 4.1972e+01    81.3600    5.74606    34.8369    34.8540    27.0856    1485.88    1482.17 0.0000e+00
       2680    130.000     8.3949     8.3930   3.648645   3.650057     2.2297    -0.0619      80.03 4.9472e-02 4.1972e+01    81.3388    5.74867    34.8397    34.8566    27.0882    1485.89    1482.19 0.0000e+00
       2701    131.000     8.3919     8.3901   3.648671   3.650084     2.2296    -0.0651      85.78 4.9489e-02 4.1972e+01    81.3594    5.74413    34.8424    34.8592    27.0908    1485.90    1482.22 0.0000e+00
       2723    132.000     8.3903     8.3885   3.648687   3.650098     2.2290    -0.0618      89.13 4.9472e-02 4.1972e+01    81.3311    5.74256    34.8437    34.8605    27.0921    1485.91    1482.25 0.0000e+00
       2744    133.000     8.3900     8.3882   3.648731   3.650140     2.2287    -0.0640      79.62 4.9485e-02 4.1972e+01    81.3551    5.74154    34.8440    34.8608    27.0923    1485.92    1482.28 0.0000e+00
       2765    134.000     8.3891     8.3873   3.648769   3.650178     2.2279    -0.0631      34.83 4.9492e-02 4.1972e+01    81.3199    5.73861    34.8448    34.8616    27.0931    1485.94    1482.31 0.0000e+00
       2786    135.000     8.3878     8.3863   3.648743   3.650171     2.2274    -0.0679      98.36 4.9478e-02 4.1972e+01    81.3315    5.74043    34.8453    34.8620    27.0937    1485.95    1482.33 0.0000e+00
       2807    136.000     8.3871     8.3852   3.648747   3.650152     2.2271    -0.0674      48.88 4.9492e-02 4.1972e+01    81.3453    5.74507    34.8456    34.8624    27.0940    1485.96    1482.36 0.0000e+00
       2828    137.000     8.3866     8.3847   3.648751   3.650163     2.2274    -0.0660      99.34 4.9485e-02 4.1972e+01    81.3307    5.74371    34.8456    34.8625    27.0942    1485.98    1482.38 0.0000e+00
       2850    138.000     8.3825     8.3809   3.648696   3.650100     2.2267    -0.0780      91.27 4.9490e-02 4.1972e+01    81.3281    5.74054    34.8486    34.8652    27.0971    1485.98    1482.41 0.0000e+00
       2870    139.000     8.3773     8.3758   3.648648   3.650060     2.2264    -0.0803      40.32 4.9495e-02 4.1972e+01    81.3180    5.74117    34.8528    34.8693    27.1012    1485.99    1482.44 0.0000e+00
       2891    140.000     8.3738     8.3721   3.648660   3.650070     2.2258    -0.0683      82.75 4.9479e-02 4.1972e+01    81.3295    5.73914    34.8559    34.8726    27.1042    1485.99    1482.46 0.0000e+00
       2912    141.000     8.3683     8.3671   3.648621   3.650031     2.2254    -0.0654      68.15 4.9524e-02 4.1972e+01    81.3054    5.73972    34.8604    34.8766    27.1086    1486.00    1482.49 0.0000e+00
       2933    142.000     8.3640     8.3618   3.648576   3.649959     2.2250    -0.0646      84.33 4.9486e-02 4.1972e+01    81.3177    5.73932    34.8637    34.8806    27.1118    1486.00    1482.51 0.0000e+00
       2954    143.000     8.3551     8.3533   3.648377   3.649764     2.2246    -0.0694      90.30 4.9479e-02 4.1972e+01    81.3363    5.73777    34.8700    34.8865    27.1181    1485.99    1482.54 0.0000e+00
       2974    144.000     8.3519     8.3504   3.648333   3.649749     2.2236    -0.0675      83.51 4.9494e-02 4.1972e+01    81.3265    5.73235    34.8722    34.8887    27.1203    1486.00    1482.56 0.0000e+00
       2995    145.000     8.3512     8.3493   3.648372   3.649782     2.2228    -0.0713      36.21 4.9485e-02 4.1972e+01    81.3167    5.73276    34.8728    34.8897    27.1209    1486.01    1482.58 0.0000e+00
       3016    146.000     8.3510     8.3493   3.648414   3.649835     2.2223    -0.0945      97.61 4.9479e-02 4.1972e+01    81.3165    5.73340    34.8730    34.8898    27.1211    1486.03    1482.61 0.0000e+00
       3037    147.000     8.3498     8.3483   3.648441   3.649864     2.2215    -0.0775      61.41 4.9472e-02 4.1972e+01    81.2914    5.72961    34.8740    34.8906    27.1220    1486.04    1482.63 0.0000e+00
       3057    148.000     8.3489     8.3470   3.648481   3.649883     2.2209    -0.0908      98.74 4.9481e-02 4.1972e+01    81.2984    5.72643    34.8748    34.8916    27.1228    1486.06    1482.65 0.0000e+00
       3078    149.000     8.3480     8.3461   3.648502   3.649919     2.2198    -0.0915      91.11 4.9479e-02 4.1972e+01    81.2921    5.72165    34.8754    34.8924    27.1235    1486.07    1482.68 0.0000e+00
       3099    150.000     8.3470     8.3458   3.648528   3.649955     2.2187    -0.0778      53.54 4.9472e-02 4.1972e+01    81.2876    5.71953    34.8762    34.8926    27.1242    1486.08    1482.70 0.0000e+00
       3120    151.000     8.3461     8.3446   3.648544   3.649978     2.2178    -0.0743      77.46 4.9498e-02 4.1972e+01    81.3032    5.71698    34.8768    34.8936    27.1248    1486.10    1482.72 0.0000e+00
       3141    152.000     8.3457     8.3440   3.648593   3.650008     2.2166    -0.0907      84.89 4.9499e-02 4.1972e+01    81.2900    5.71058    34.8772    34.8940    27.1252    1486.11    1482.74 0.0000e+00
       3162    153.000     8.3453     8.3435   3.648621   3.650040     2.2153    -0.1044      88.16 4.9481e-02 4.1972e+01    81.2854    5.70994    34.8775    34.8943    27.1255    1486.13    1482.77 0.0000e+00
