_data/ctd/2022603/sta0164.cnv
* Sea-Bird SBE 9 Data File:
* FileName = C:\Seabird\CTDData\sta0164.hex
* Software Version Seasave V 7.21f
* Temperature SN = 6264
* Conductivity SN = 4928
* Number of Bytes Per Scan = 40
* Number of Voltage Words = 5
* Number of Scans Averaged by the Deck Unit = 1
* NMEA Latitude = 60 52.30 N
* NMEA Longitude = 005 24.95 E
* NMEA UTC (Time) = Feb 12 2022 14:43:30
* NMEA baud rate = 4800
** Ship: R/V "Kristine Bonnevie"
** Station: 0164
** Echodepth: 483
** Log: 0488.443
** Wind-Dir/Force: 52 14
** Air-temp (dry): 4.6
** Weather Sky:
** Sea:
# nquan = 19                                
# nvalues = 476                         
# units = specified
# name 0 = scan: Scan Count
# name 1 = prDM: Pressure, Digiquartz [db]
# name 2 = t068C: Temperature [ITS-68, deg C]
# name 3 = t168C: Temperature, 2 [ITS-68, deg C]
# name 4 = c0S/m: Conductivity [S/m]
# name 5 = c1S/m: Conductivity, 2 [S/m]
# name 6 = sbeox0V: Oxygen raw, SBE 43 [V]
# name 7 = flECO-AFL: Fluorescence, WET Labs ECO-AFL/FL [mg/m^3]
# name 8 = altM: Altimeter [m]
# name 9 = par: PAR/Irradiance, Biospherical/Licor
# name 10 = spar: SPAR/Surface Irradiance
# name 11 = CStarTr0: Beam Transmission, WET Labs C-Star [%]
# name 12 = sbeox0ML/L: Oxygen, SBE 43 [ml/l], WS = 2
# name 13 = sal00: Salinity, Practical [PSU]
# name 14 = sal11: Salinity, Practical, 2 [PSU]
# name 15 = sigma-t00: Density [sigma-t, Kg/m^3 ]
# name 16 = svCM: Sound Velocity [Chen-Millero, m/s]
# name 17 = avgsvCM: Average Sound Velocity [Chen-Millero, m/s], minP = 1, minS = 5
# name 18 = flag: flag
# span 0 =         80,      11392       
# span 1 =      6.000,    481.000       
# span 2 =     7.2970,     9.9748       
# span 3 =     7.2902,     9.9709       
# span 4 =   3.154798,   3.725803       
# span 5 =   3.155371,   3.727251       
# span 6 =     1.6053,     2.4350       
# span 7 =    -0.0778,     0.2865       
# span 8 =       5.09,      99.35       
# span 9 = 4.9361e-02, 3.7856e+00       
# span 10 = 2.3984e+01, 3.3977e+01      
# span 11 =    70.9353,    82.1429      
# span 12 =    3.81938,    6.64279      
# span 13 =    30.6472,    34.9710      
# span 14 =    30.6594,    34.9862      
# span 15 =    23.9533,    27.2002      
# span 16 =    1474.47,    1491.62      
# span 17 =    1474.47,    1487.82      
# span 18 = 0.0000e+00, 0.0000e+00      
# interval = decibars: 1                
# start_time = Feb 12 2022 14:43:32 [System UTC, header]
# bad_flag = -9.990e-29
*END*
[from data line 77]
       1748     83.000     8.6589     8.6580   3.657041   3.658342     1.9836    -0.0558      80.92 4.9479e-02 2.7981e+01    72.4919    4.83557    34.6911    34.7057    26.9306    1485.92    1485.42 0.0000e+00
       1769     84.000     8.6486     8.6475   3.656601   3.657896     1.9795    -0.0558      69.32 4.9466e-02 2.7981e+01    72.6172    4.81690    34.6961    34.7108    26.9361    1485.90    1485.42 0.0000e+00
       1790     85.000     8.6381     8.6370   3.656167   3.657457     1.9753    -0.0558      90.76 4.9472e-02 2.7981e+01    72.7205    4.79645    34.7013    34.7160    26.9419    1485.88    1485.43 0.0000e+00
       1811     86.000     8.6286     8.6273   3.655726   3.657018     1.9697    -0.0558      78.41 4.9483e-02 2.7981e+01    72.8420    4.76974    34.7055    34.7204    26.9467    1485.87    1485.43 0.0000e+00
       1833     87.000     8.6256     8.6241   3.655876   3.657167     1.9638    -0.0558      98.71 4.9492e-02 2.7981e+01    72.9650    4.75053    34.7096    34.7247    26.9503    1485.88    1485.44 0.0000e+00
       1854     88.000     8.6151     8.6141   3.655510   3.656795     1.9579    -0.0558      58.15 4.9485e-02 2.7981e+01    73.0719    4.73264    34.7155    34.7301    26.9566    1485.86    1485.44 0.0000e+00
       1876     89.000     8.6039     8.6027   3.655047   3.656338     1.9522    -0.0558      23.68 4.9477e-02 2.7981e+01    73.1902    4.72333    34.7212    34.7360    26.9628    1485.85    1485.45 0.0000e+00
       1897     90.000     8.5982     8.5968   3.654840   3.656135     1.9477    -0.0558      98.31 4.9492e-02 2.7939e+01    73.3021    4.71811    34.7241    34.7392    26.9660    1485.85    1485.45 0.0000e+00
       1918     91.000     8.5916     8.5906   3.654576   3.655868     1.9433    -0.0558      69.28 4.9505e-02 -9.990e-29    73.4272    4.70812    34.7273    34.7420    26.9695    1485.84    1485.46 0.0000e+00
       1939     92.000     8.5738     8.5731   3.653759   3.655045     1.9395    -0.0558      67.34 4.9472e-02 -9.990e-29    73.5315    4.69513    34.7357    34.7500    26.9789    1485.80    1485.46 0.0000e+00
       1960     93.000     8.5701     8.5685   3.653744   3.655029     1.9344    -0.0558      27.54 4.9472e-02 -9.990e-29    73.6572    4.67616    34.7387    34.7539    26.9818    1485.81    1485.46 0.0000e+00
       1981     94.000     8.5668     8.5654   3.653620   3.654915     1.9304    -0.0558      73.84 4.9465e-02 -9.990e-29    73.7935    4.66744    34.7401    34.7552    26.9835    1485.81    1485.47 0.0000e+00
       2002     95.000     8.5615     8.5601   3.653496   3.654788     1.9258    -0.0558      94.83 4.9459e-02 2.7198e+01    73.9197    4.64650    34.7436    34.7586    26.9870    1485.82    1485.47 0.0000e+00
       2023     96.000     8.5551     8.5539   3.653205   3.654495     1.9208 -9.990e-29      88.81 4.9459e-02 2.7028e+01    74.0765    4.63525    34.7463    34.7611    26.9901    1485.81    1485.48 0.0000e+00
       2044     97.000     8.5492     8.5479   3.653158   3.654449     1.9166 -9.990e-29      98.70 4.9472e-02 2.6107e+01    74.2010    4.62662    34.7511    34.7661    26.9948    1485.81    1485.48 0.0000e+00
       2065     98.000     8.5437     8.5422   3.653115   3.654408     1.9125 -9.990e-29      98.33 4.9492e-02 2.6332e+01    74.3699    4.61171    34.7556    34.7708    26.9992    1485.81    1485.48 0.0000e+00
       2086     99.000     8.5425     8.5412   3.653364   3.654649     1.9079 -9.990e-29      40.34 4.9472e-02 2.5982e+01    74.5134    4.60348    34.7590    34.7738    27.0020    1485.83    1485.49 0.0000e+00
       2107    100.000     8.5299     8.5290   3.652559   3.653812     1.9047    -0.0558      56.57 4.9459e-02 2.5983e+01    74.6568    4.60044    34.7624    34.7765    27.0066    1485.80    1485.49 0.0000e+00
       2128    101.000     8.5090     8.5088   3.650933   3.652220     1.9012    -0.0558      66.51 4.9472e-02 -9.990e-29    74.8090    4.59307    34.7652    34.7791    27.0121    1485.75    1485.49 0.0000e+00
       2149    102.000     8.4906     8.4899   3.649534   3.650829     1.8982    -0.0558      98.28 4.9485e-02 -9.990e-29    74.9516    4.58860    34.7681    34.7825    27.0172    1485.70    1485.49 0.0000e+00
       2170    103.000     8.4775     8.4766   3.649007   3.650281     1.8950    -0.0558      84.94 4.9498e-02 -9.990e-29    75.1339    4.56360    34.7749    34.7893    27.0246    1485.67    1485.50 0.0000e+00
       2190    104.000     8.4696     8.4682   3.648775   3.650075     1.8894    -0.0558      97.70 4.9474e-02 -9.990e-29    75.2900    4.51362    34.7797    34.7949    27.0296    1485.67    1485.50 0.0000e+00
       2211    105.000     8.4716     8.4699   3.649476   3.650754     1.8809    -0.0558      98.80 4.9479e-02 2.5983e+01    75.4752    4.46062    34.7847    34.8000    27.0332    1485.70    1485.50 0.0000e+00
       2232    106.000     8.4584     8.4577   3.648454   3.649710     1.8714    -0.0558      79.15 4.9492e-02 2.5983e+01    75.6719    4.42483    34.7864    34.8005    27.0366    1485.66    1485.50 0.0000e+00
       2252    107.000     8.4521     8.4505   3.648782   3.650081     1.8620    -0.0558      58.16 4.9467e-02 2.5983e+01    75.8385    4.40448    34.7956    34.8110    27.0448    1485.67    1485.50 0.0000e+00
       2273    108.000     8.4351     8.4347   3.647658   3.648936     1.8537    -0.0558      99.25 4.9465e-02 2.5983e+01    75.9980    4.39678    34.8000    34.8140    27.0509    1485.63    1485.50 0.0000e+00
       2294    109.000     8.4229     8.4218   3.646893   3.648162     1.8468    -0.0558      28.19 4.9479e-02 2.5983e+01    76.1881    4.37909    34.8035    34.8180    27.0555    1485.60    1485.50 0.0000e+00
       2315    110.000     8.4290     8.4265   3.648239   3.649540     1.8396 -9.990e-29      53.76 4.9505e-02 2.5983e+01    76.3797    4.35502    34.8113    34.8275    27.0606    1485.65    1485.51 0.0000e+00
       2336    111.000     8.4251     8.4248   3.648115   3.649414     1.8326 -9.990e-29      85.94 4.9481e-02 2.5983e+01    76.5684    4.32888    34.8133    34.8274    27.0628    1485.66    1485.51 0.0000e+00
       2356    112.000     8.4062     8.4054   3.646480   3.647769     1.8249 -9.990e-29      46.47 4.9479e-02 2.5983e+01    76.7650    4.30314    34.8141    34.8286    27.0664    1485.60    1485.51 0.0000e+00
       2377    113.000     8.3996     8.3985   3.646269   3.647542     1.8174 -9.990e-29      96.04 4.9479e-02 2.5983e+01    76.9645    4.29024    34.8179    34.8325    27.0704    1485.60    1485.51 0.0000e+00
       2398    114.000     8.3918     8.3905   3.646002   3.647280     1.8114    -0.0558      62.15 4.9485e-02 2.5983e+01    77.1527    4.27621    34.8223    34.8372    27.0751    1485.59    1485.51 0.0000e+00
       2419    115.000     8.3888     8.3873   3.646108   3.647375     1.8046    -0.0558      98.91 4.9488e-02 2.5983e+01    77.3851    4.24349    34.8259    34.8409    27.0783    1485.60    1485.51 0.0000e+00
       2439    116.000     8.3841     8.3828   3.646211   3.647489     1.7968    -0.0558      49.81 4.9505e-02 2.5983e+01    77.6109    4.20411    34.8312    34.8461    27.0832    1485.61    1485.51 0.0000e+00
       2460    117.000     8.3764     8.3753   3.646244   3.647519     1.7880    -0.0558      98.48 4.9485e-02 2.5983e+01    77.8404    4.17369    34.8387    34.8533    27.0903    1485.60    1485.51 0.0000e+00
       2481    118.000     8.3702     8.3689   3.646276   3.647551     1.7798    -0.0558      79.97 4.9474e-02 2.5983e+01    78.0488    4.16549    34.8447    34.8595    27.0959    1485.60    1485.51 0.0000e+00
       2501    119.000     8.3643     8.3631   3.646769   3.648049     1.7736    -0.0567      99.08 4.9481e-02 2.5983e+01    78.2810    4.16461    34.8553    34.8701    27.1052    1485.61    1485.51 0.0000e+00
       2521    120.000     8.3593     8.3580   3.646739   3.648016     1.7688 -9.990e-29      78.69 4.9485e-02 2.5983e+01    78.4660    4.15741    34.8594    34.8743    27.1092    1485.62    1485.51 0.0000e+00
       2542    121.000     8.3547     8.3532   3.646748   3.648023     1.7640 -9.990e-29      98.15 4.9474e-02 2.5983e+01    78.6769    4.15308    34.8636    34.8787    27.1132    1485.62    1485.52 0.0000e+00
       2562    122.000     8.3512     8.3498   3.646997   3.648272     1.7605 -9.990e-29      90.75 4.9505e-02 2.5983e+01    78.8818    4.14370    34.8692    34.8842    27.1181    1485.63    1485.52 0.0000e+00
       2583    123.000     8.3488     8.3475   3.647524   3.648805     1.7561 -9.990e-29      32.27 4.9481e-02 2.5983e+01    79.0751    4.12210    34.8767    34.8917    27.1244    1485.65    1485.52 0.0000e+00
       2603    124.000     8.3436     8.3422   3.648228   3.649513     1.7514 -9.990e-29      93.14 4.9519e-02 2.5983e+01    79.2719    4.10285    34.8889    34.9040    27.1347    1485.66    1485.52 0.0000e+00
       2624    125.000     8.3403     8.3388   3.648474   3.649752     1.7463 -9.990e-29      98.66 4.9508e-02 2.5983e+01    79.4517    4.08336    34.8943    34.9094    27.1395    1485.67    1485.52 0.0000e+00
       2644    126.000     8.3397     8.3379   3.648692   3.649977     1.7413 -9.990e-29      98.54 4.9495e-02 2.5983e+01    79.6437    4.05667    34.8968    34.9122    27.1415    1485.69    1485.52 0.0000e+00
       2664    127.000     8.3396     8.3382   3.649089   3.650375     1.7346 -9.990e-29      94.57 4.9485e-02 2.5983e+01    79.7982    4.01527    34.9006    34.9157    27.1445    1485.71    1485.52 0.0000e+00
       2685    128.000     8.3345     8.3332   3.649069   3.650354     1.7258 -9.990e-29      36.67 4.9472e-02 2.5983e+01    79.9874    3.98006    34.9050    34.9199    27.1487    1485.71    1485.52 0.0000e+00
       2707    129.000     8.3332     8.3317   3.649219   3.650498     1.7174 -9.990e-29      94.04 4.9493e-02 2.5983e+01    80.1631    3.95260    34.9074    34.9225    27.1508    1485.72    1485.53 0.0000e+00
       2730    130.000     8.3310     8.3294   3.649416   3.650699     1.7081 -9.990e-29      53.05 4.9474e-02 2.5983e+01    80.3558    3.93558    34.9112    34.9264    27.1541    1485.74    1485.53 0.0000e+00
       2755    131.000     8.3300     8.3285   3.649502   3.650793     1.7010 -9.990e-29      82.92 4.9491e-02 2.5983e+01    80.5647    3.93451    34.9126    34.9278    27.1554    1485.75    1485.53 0.0000e+00
       2779    132.000     8.3297     8.3281   3.649695   3.650973     1.6955 -9.990e-29      58.48 4.9520e-02 2.5983e+01    80.7606    3.93295    34.9145    34.9297    27.1569    1485.77    1485.53 0.0000e+00
       2803    133.000     8.3293     8.3279   3.649778   3.651080     1.6914    -0.0674      88.17 4.9483e-02 2.5983e+01    80.9454    3.92999    34.9153    34.9305    27.1576    1485.79    1485.53 0.0000e+00
       2827    134.000     8.3293     8.3277   3.649838   3.651125     1.6881    -0.0656      47.52 4.9497e-02 2.5983e+01    81.1624    3.92934    34.9154    34.9307    27.1577    1485.80    1485.53 0.0000e+00
       2851    135.000     8.3290     8.3275   3.650060   3.651339     1.6855    -0.0622      74.00 4.9514e-02 2.5983e+01    81.3788    3.92413    34.9176    34.9327    27.1595    1485.82    1485.54 0.0000e+00
       2875    136.000     8.3288     8.3272   3.650281   3.651570     1.6831    -0.0625      67.89 4.9491e-02 2.5983e+01    81.5610    3.92237    34.9197    34.9350    27.1611    1485.84    1485.54 0.0000e+00
       2900    137.000     8.3288     8.3272   3.650533   3.651808     1.6813    -0.0643      60.38 4.9509e-02 2.5983e+01    81.7741    3.91916    34.9219    34.9371    27.1629    1485.86    1485.54 0.0000e+00
       2924    138.000     8.3283     8.3269   3.650685   3.651970     1.6793    -0.0625      84.60 4.9508e-02 2.5983e+01    81.9075    3.90774    34.9235    34.9386    27.1642    1485.87    1485.54 0.0000e+00
       2947    139.000     8.3288     8.3272   3.650935   3.652226     1.6768    -0.0663      63.43 4.9491e-02 2.5983e+01    82.0117    3.89476    34.9252    34.9405    27.1655    1485.89    1485.55 0.0000e+00
       2972    140.000     8.3280     8.3265   3.650975   3.652264     1.6739    -0.0666      62.31 4.9479e-02 2.5983e+01    82.0393    3.88562    34.9259    34.9412    27.1662    1485.91    1485.55 0.0000e+00
       2996    141.000     8.3283     8.3266   3.651147   3.652427     1.6712    -0.0711      73.38 4.9474e-02 2.5983e+01    82.0227    3.87572    34.9270    34.9423    27.1670    1485.93    1485.55 0.0000e+00
       3019    142.000     8.3287     8.3271   3.651306   3.652604     1.6682    -0.0704      98.16 4.9514e-02 2.5983e+01    82.0027    3.86478    34.9278    34.9432    27.1675    1485.95    1485.55 0.0000e+00
       3043    143.000     8.3284     8.3268   3.651415   3.652704     1.6652    -0.0687      89.65 4.9524e-02 2.5983e+01    81.9975    3.85597    34.9288    34.9441    27.1684    1485.96    1485.56 0.0000e+00
       3066    144.000     8.3280     8.3264   3.651510   3.652800     1.6625    -0.0648      95.55 4.9514e-02 2.5983e+01    81.9469    3.85136    34.9297    34.9450    27.1691    1485.98    1485.56 0.0000e+00
       3090    145.000     8.3273     8.3258   3.651564   3.652850     1.6599    -0.0585      90.57 4.9499e-02 2.5983e+01    81.9149    3.83978    34.9305    34.9457    27.1699    1485.99    1485.56 0.0000e+00
       3114    146.000     8.3269     8.3253   3.651659   3.652940     1.6567    -0.0547      52.81 4.9509e-02 2.5983e+01    81.9011    3.83025    34.9314    34.9467    27.1707    1486.01    1485.57 0.0000e+00
       3137    147.000     8.3268     8.3252   3.651733   3.653014     1.6544    -0.0680      76.25 4.9480e-02 2.5983e+01    81.8878    3.83376    34.9318    34.9471    27.1710    1486.03    1485.57 0.0000e+00
       3161    148.000     8.3268     8.3252   3.651825   3.653116     1.6529    -0.0673      62.17 4.9512e-02 2.5983e+01    81.8890    3.83296    34.9323    34.9477    27.1714    1486.04    1485.57 0.0000e+00
       3185    149.000     8.3263     8.3247   3.651927   3.653226     1.6512    -0.0701      98.61 4.9473e-02 2.5983e+01    81.8764    3.82886    34.9334    34.9489    27.1723    1486.06    1485.58 0.0000e+00
       3209    150.000     8.3259     8.3244   3.652007   3.653301     1.6501    -0.0570      35.76 4.9491e-02 2.5983e+01    81.8678    3.82849    34.9342    34.9495    27.1730    1486.08    1485.58 0.0000e+00
       3233    151.000     8.3254     8.3238   3.652040   3.653332     1.6488    -0.0609      85.73 4.9503e-02 2.5983e+01    81.8185    3.82568    34.9346    34.9499    27.1734    1486.09    1485.58 0.0000e+00
       3256    152.000     8.3254     8.3239   3.652095   3.653381     1.6481    -0.0685      60.20 4.9514e-02 2.5983e+01    81.8073    3.82809    34.9347    34.9499    27.1734    1486.11    1485.59 0.0000e+00
       3280    153.000     8.3255     8.3240   3.652160   3.653450     1.6474    -0.0610      71.77 4.9509e-02 2.5983e+01    81.8280    3.82614    34.9348    34.9500    27.1735    1486.12    1485.59 0.0000e+00
       3304    154.000     8.3256     8.3240   3.652251   3.653542     1.6468    -0.0623      75.81 4.9485e-02 2.5983e+01    81.8495    3.82914    34.9352    34.9505    27.1738    1486.14    1485.59 0.0000e+00
       3328    155.000     8.3256     8.3241   3.652320   3.653608     1.6466 -9.990e-29      76.95 4.9508e-02 2.5983e+01    81.8696    3.82798    34.9354    34.9506    27.1740    1486.16    1485.60 0.0000e+00
       3352    156.000     8.3254     8.3240   3.652378   3.653670     1.6465 -9.990e-29      58.97 4.9508e-02 2.5983e+01    81.8446    3.83322    34.9358    34.9509    27.1743    1486.17    1485.60 0.0000e+00
       3377    157.000     8.3254     8.3239   3.652443   3.653731     1.6463 -9.990e-29      75.46 4.9514e-02 2.5983e+01    81.8110    3.82906    34.9360    34.9512    27.1745    1486.19    1485.60 0.0000e+00
