_data/ctd/2022603/sta0207.cnv
* Sea-Bird SBE 9 Data File:
* FileName = C:\Seabird\CTDData\sta0207.hex
* Software Version Seasave V 7.21f
* Temperature SN = 6264
* Conductivity SN = 4928
* Number of Bytes Per Scan = 40
* Number of Voltage Words = 5
* Number of Scans Averaged by the Deck Unit = 1
* NMEA Latitude = 61 29.03 N
* NMEA Longitude = 005 22.77 E
* NMEA UTC (Time) = Feb 15 2022 22:46:48
* NMEA baud rate = 4800
** Ship: R/V "Kristine Bonnevie"
** Station: 0207
** Echodepth: 340
** Log: 0904.715
** Wind-Dir/Force: 12 10
** Air-temp (dry): 3.8
** Weather Sky:
** Sea:
# nquan = 19                                
# nvalues = 334                         
# units = specified
# name 0 = scan: Scan Count
# name 1 = prDM: Pressure, Digiquartz [db]
# name 2 = t068C: Temperature [ITS-68, deg C]
# name 3 = t168C: Temperature, 2 [ITS-68, deg C]
# name 4 = c0S/m: Conductivity [S/m]
# name 5 = c1S/m: Conductivity, 2 [S/m]
# name 6 = sbeox0V: Oxygen raw, SBE 43 [V]
# name 7 = flECO-AFL: Fluorescence, WET Labs ECO-AFL/FL [mg/m^3]
# name 8 = altM: Altimeter [m]
# name 9 = par: PAR/Irradiance, Biospherical/Licor
# name 10 = spar: SPAR/Surface Irradiance
# name 11 = CStarTr0: Beam Transmission, WET Labs C-Star [%]
# name 12 = sbeox0ML/L: Oxygen, SBE 43 [ml/l], WS = 2
# name 13 = sal00: Salinity, Practical [PSU]
# name 14 = sal11: Salinity, Practical, 2 [PSU]
# name 15 = sigma-t00: Density [sigma-t, Kg/m^3 ]
# name 16 = svCM: Sound Velocity [Chen-Millero, m/s]
# name 17 = avgsvCM: Average Sound Velocity [Chen-Millero, m/s], minP = 1, minS = 5
# name 18 = flag: flag
# span 0 =         26,       7992       
# span 1 =      1.000,    334.000       
# span 2 =     6.8880,     9.1791       
# span 3 =     6.9550,     9.1769       
# span 4 =   3.139744,   3.662783       
# span 5 =   3.147071,   3.664272       
# span 6 =     1.9878,     2.4040       
# span 7 =    -0.0885,     0.1310       
# span 8 =       8.26,      99.84       
# span 9 = 4.9313e-02, 1.0914e+00       
# span 10 = 0.0000e+00, 0.0000e+00      
# span 11 =    79.1318,    80.9876      
# span 12 =    5.11411,    6.60037      
# span 13 =    30.8514,    35.0138      
# span 14 =    30.8709,    35.0309      
# span 15 =    24.1671,    27.2877      
# span 16 =    1473.04,    1487.91      
# span 17 =    1473.04,    1485.92      
# span 18 = 0.0000e+00, 0.0000e+00      
# interval = decibars: 1                
# start_time = Feb 15 2022 22:46:50 [System UTC, header]
# bad_flag = -9.990e-29
*END*
[from data line 77]
       1955     78.000     8.9173     8.9162   3.662643   3.664138     2.1974    -0.0558      98.84 4.9485e-02 0.0000e+00    80.7805    5.54102    34.5001    34.5169    26.7402    1486.55    1484.03 0.0000e+00
       1979     79.000     8.9051     8.9043   3.662640   3.664142     2.1971    -0.0788      98.76 4.9495e-02 0.0000e+00    80.7730    5.55006    34.5115    34.5280    26.7510    1486.54    1484.06 0.0000e+00
       2003     80.000     8.8953     8.8943   3.662622   3.664116     2.1974    -0.0850      98.09 4.9499e-02 0.0000e+00    80.7485    5.55085    34.5204    34.5370    26.7595    1486.53    1484.09 0.0000e+00
       2027     81.000     8.8877     8.8865   3.662441   3.663939     2.1974 -9.990e-29      52.57 4.9503e-02 0.0000e+00    80.7597    5.55072    34.5254    34.5423    26.7647    1486.53    1484.12 0.0000e+00
       2051     82.000     8.8850     8.8836   3.662392   3.663882     2.1969 -9.990e-29      81.12 4.9506e-02 0.0000e+00    80.7520    5.54647    34.5270    34.5440    26.7664    1486.53    1484.15 0.0000e+00
       2075     83.000     8.8821     8.8804   3.662377   3.663863     2.1961 -9.990e-29      37.17 4.9499e-02 0.0000e+00    80.7618    5.53222    34.5292    34.5465    26.7686    1486.54    1484.18 0.0000e+00
       2099     84.000     8.8703     8.8696   3.662261   3.663760     2.1937    -0.0569      98.08 4.9479e-02 0.0000e+00    80.7458    5.52235    34.5390    34.5554    26.7781    1486.53    1484.21 0.0000e+00
       2122     85.000     8.8601     8.8589   3.662097   3.663584     2.1917    -0.0598      36.83 4.9493e-02 0.0000e+00    80.7048    5.51509    34.5467    34.5635    26.7858    1486.52    1484.23 0.0000e+00
       2146     86.000     8.8574     8.8559   3.662073   3.663563     2.1890    -0.0875      94.96 4.9491e-02 0.0000e+00    80.6566    5.50184    34.5486    34.5658    26.7877    1486.52    1484.26 0.0000e+00
       2169     87.000     8.8547     8.8535   3.662141   3.663638     2.1859    -0.0589      46.72 4.9493e-02 0.0000e+00    80.5838    5.48898    34.5515    34.5684    26.7904    1486.53    1484.29 0.0000e+00
       2192     88.000     8.8362     8.8368   3.661848   3.663366     2.1828    -0.0571      86.32 4.9500e-02 0.0000e+00    80.5787    5.48011    34.5660    34.5814    26.8047    1486.50    1484.31 0.0000e+00
       2216     89.000     8.8023     8.8024   3.661075   3.662543     2.1791    -0.0558      58.62 4.9485e-02 0.0000e+00    80.6010    5.47673    34.5904    34.6058    26.8292    1486.42    1484.33 0.0000e+00
       2239     90.000     8.7597     8.7617   3.659779   3.661311     2.1772    -0.0558      77.06 4.9485e-02 0.0000e+00    80.6476    5.49643    34.6179    34.6321    26.8575    1486.31    1484.36 0.0000e+00
       2263     91.000     8.7470     8.7455   3.659277   3.660736     2.1769    -0.0558      78.08 4.9485e-02 0.0000e+00    80.7000    5.49335    34.6246    34.6414    26.8647    1486.29    1484.38 0.0000e+00
       2288     92.000     8.7337     8.7333   3.658808   3.660298     2.1745    -0.0558      63.73 4.9485e-02 0.0000e+00    80.7048    5.47355    34.6322    34.6483    26.8727    1486.27    1484.40 0.0000e+00
       2312     93.000     8.7169     8.7155   3.658333   3.659803     2.1711    -0.0558      64.02 4.9472e-02 0.0000e+00    80.7630    5.45697    34.6431    34.6600    26.8839    1486.24    1484.42 0.0000e+00
       2337     94.000     8.7132     8.7119   3.658298   3.659775     2.1676 -9.990e-29      57.97 4.9494e-02 0.0000e+00    80.7575    5.44693    34.6459    34.6628    26.8867    1486.24    1484.44 0.0000e+00
       2361     95.000     8.7039     8.7030   3.658006   3.659468     2.1641 -9.990e-29      60.84 4.9491e-02 0.0000e+00    80.7532    5.43876    34.6515    34.6678    26.8925    1486.23    1484.46 0.0000e+00
       2386     96.000     8.6862     8.6854   3.657388   3.658878     2.1608 -9.990e-29      17.80 4.9489e-02 0.0000e+00    80.7762    5.43673    34.6618    34.6783    26.9034    1486.19    1484.47 0.0000e+00
       2410     97.000     8.6691     8.6686   3.656782   3.658264     2.1586 -9.990e-29      76.94 4.9497e-02 0.0000e+00    80.7670    5.43795    34.6717    34.6878    26.9138    1486.16    1484.49 0.0000e+00
       2435     98.000     8.6577     8.6564   3.656299   3.657773     2.1563 -9.990e-29      80.25 4.9474e-02 0.0000e+00    80.7839    5.43191    34.6773    34.6941    26.9200    1486.14    1484.51 0.0000e+00
       2458     99.000     8.6531     8.6520   3.656172   3.657667     2.1543 -9.990e-29      75.63 4.9468e-02 0.0000e+00    80.7544    5.42983    34.6800    34.6968    26.9228    1486.14    1484.52 0.0000e+00
       2482    100.000     8.6390     8.6388   3.655657   3.657143     2.1527 -9.990e-29      87.66 4.9463e-02 0.0000e+00    80.7589    5.42902    34.6879    34.7038    26.9312    1486.12    1484.54 0.0000e+00
       2506    101.000     8.6117     8.6109   3.654259   3.655729     2.1509 -9.990e-29      78.25 4.9485e-02 0.0000e+00    80.7389    5.42523    34.6994    34.7158    26.9446    1486.05    1484.56 0.0000e+00
       2529    102.000     8.6065     8.6053   3.654175   3.655646     2.1493 -9.990e-29      96.70 4.9493e-02 0.0000e+00    80.7540    5.41876    34.7032    34.7199    26.9483    1486.05    1484.57 0.0000e+00
       2552    103.000     8.5972     8.5961   3.653859   3.655329     2.1468 -9.990e-29      85.47 4.9480e-02 0.0000e+00    80.7574    5.40750    34.7085    34.7251    26.9539    1486.04    1484.58 0.0000e+00
       2576    104.000     8.5902     8.5891   3.653570   3.655047     2.1443 -9.990e-29      98.83 4.9475e-02 0.0000e+00    80.7707    5.39405    34.7118    34.7285    26.9576    1486.03    1484.60 0.0000e+00
       2600    105.000     8.5789     8.5780   3.653108   3.654590     2.1411 -9.990e-29      88.32 4.9497e-02 0.0000e+00    80.7606    5.39318    34.7176    34.7341    26.9639    1486.01    1484.61 0.0000e+00
       2623    106.000     8.5731     8.5717   3.652918   3.654380     2.1394 -9.990e-29      97.42 4.9474e-02 0.0000e+00    80.8019    5.39562    34.7208    34.7376    26.9673    1486.01    1484.62 0.0000e+00
       2647    107.000     8.5692     8.5680   3.652856   3.654340     2.1375 -9.990e-29      90.55 4.9456e-02 0.0000e+00    80.7584    5.39299    34.7235    34.7404    26.9700    1486.02    1484.64 0.0000e+00
       2671    108.000     8.5654     8.5641   3.652912   3.654382     2.1365 -9.990e-29      97.39 4.9485e-02 0.0000e+00    80.7768    5.39504    34.7273    34.7442    26.9737    1486.02    1484.65 0.0000e+00
       2695    109.000     8.5556     8.5547   3.652430   3.653913     2.1353    -0.0626      97.01 4.9487e-02 0.0000e+00    80.7811    5.39244    34.7314    34.7480    26.9784    1486.01    1484.66 0.0000e+00
       2719    110.000     8.5456     8.5445   3.651870   3.653350     2.1344    -0.0862      93.62 4.9479e-02 0.0000e+00    80.7773    5.39720    34.7348    34.7516    26.9826    1485.99    1484.68 0.0000e+00
       2743    111.000     8.5399     8.5387   3.651574   3.653051     2.1341    -0.0596      65.03 4.9474e-02 0.0000e+00    80.7549    5.40075    34.7368    34.7536    26.9851    1485.99    1484.69 0.0000e+00
       2766    112.000     8.5321     8.5309   3.651262   3.652738     2.1340    -0.0571      61.49 4.9479e-02 0.0000e+00    80.7802    5.39909    34.7407    34.7575    26.9893    1485.98    1484.70 0.0000e+00
       2790    113.000     8.5286     8.5272   3.651174   3.652642     2.1329    -0.0577      52.68 4.9481e-02 0.0000e+00    80.7508    5.38789    34.7427    34.7597    26.9915    1485.99    1484.71 0.0000e+00
       2813    114.000     8.5266     8.5253   3.651105   3.652572     2.1315 -9.990e-29      78.74 4.9497e-02 0.0000e+00    80.7876    5.38366    34.7435    34.7603    26.9924    1486.00    1484.72 0.0000e+00
       2837    115.000     8.5173     8.5166   3.650663   3.652134     2.1301 -9.990e-29      50.09 4.9512e-02 0.0000e+00    80.7816    5.38329    34.7475    34.7638    26.9969    1485.98    1484.73 0.0000e+00
       2861    116.000     8.4998     8.4992   3.649778   3.651252     2.1292 -9.990e-29      94.63 4.9479e-02 0.0000e+00    80.7636    5.38376    34.7549    34.7711    27.0054    1485.94    1484.74 0.0000e+00
       2884    117.000     8.4873     8.4863   3.649119   3.650597     2.1279 -9.990e-29      47.46 4.9497e-02 0.0000e+00    80.7673    5.37630    34.7597    34.7764    27.0112    1485.92    1484.75 0.0000e+00
       2908    118.000     8.4819     8.4806   3.648907   3.650372     2.1262 -9.990e-29      98.08 4.9482e-02 0.0000e+00    80.7751    5.37166    34.7623    34.7791    27.0141    1485.92    1484.76 0.0000e+00
       2931    119.000     8.4721     8.4713   3.648284   3.649747     2.1248 -9.990e-29      82.14 4.9505e-02 0.0000e+00    80.7784    5.37075    34.7649    34.7812    27.0176    1485.90    1484.77 0.0000e+00
       2954    120.000     8.4577     8.4563   3.647449   3.648883     2.1234 -9.990e-29      96.31 4.9482e-02 0.0000e+00    80.7763    5.36602    34.7697    34.7863    27.0236    1485.87    1484.78 0.0000e+00
       2977    121.000     8.4536     8.4522   3.647197   3.648660     2.1216 -9.990e-29      75.76 4.9499e-02 0.0000e+00    80.7781    5.35989    34.7706    34.7875    27.0250    1485.87    1484.79 0.0000e+00
       3000    122.000     8.4502     8.4488   3.647118   3.648572     2.1199 -9.990e-29      91.71 4.9463e-02 0.0000e+00    80.8064    5.35424    34.7727    34.7895    27.0271    1485.88    1484.80 0.0000e+00
       3023    123.000     8.4443     8.4430   3.646952   3.648419     2.1179 -9.990e-29      79.67 4.9475e-02 0.0000e+00    80.8060    5.35040    34.7762    34.7931    27.0308    1485.88    1484.81 0.0000e+00
       3047    124.000     8.4385     8.4372   3.646670   3.648131     2.1163 -9.990e-29      84.87 4.9491e-02 0.0000e+00    80.8217    5.34738    34.7785    34.7953    27.0335    1485.88    1484.82 0.0000e+00
       3070    125.000     8.4304     8.4292   3.646309   3.647777     2.1149 -9.990e-29      85.19 4.9481e-02 0.0000e+00    80.8242    5.34853    34.7822    34.7989    27.0376    1485.87    1484.82 0.0000e+00
       3094    126.000     8.4195     8.4184   3.645489   3.646943     2.1136    -0.0841      79.21 4.9462e-02 0.0000e+00    80.7672    5.34538    34.7837    34.8003    27.0405    1485.85    1484.83 0.0000e+00
       3117    127.000     8.4140     8.4127   3.645097   3.646556     2.1124    -0.0823      92.19 4.9463e-02 0.0000e+00    80.8278    5.34435    34.7845    34.8013    27.0420    1485.84    1484.84 0.0000e+00
       3141    128.000     8.4129     8.4113   3.645145   3.646596     2.1111    -0.0556      74.56 4.9491e-02 0.0000e+00    80.8058    5.33892    34.7856    34.8026    27.0430    1485.86    1484.85 0.0000e+00
       3164    129.000     8.4095     8.4081   3.645027   3.646479     2.1097    -0.0571      98.70 4.9487e-02 0.0000e+00    80.8004    5.33633    34.7873    34.8041    27.0448    1485.86    1484.86 0.0000e+00
       3187    130.000     8.4039     8.4024   3.644874   3.646325     2.1085    -0.0558      61.09 4.9485e-02 0.0000e+00    80.7914    5.33242    34.7907    34.8076    27.0484    1485.86    1484.86 0.0000e+00
       3211    131.000     8.3955     8.3945   3.644640   3.646109     2.1071    -0.0558      98.36 4.9499e-02 0.0000e+00    80.8407    5.32816    34.7960    34.8126    27.0538    1485.85    1484.87 0.0000e+00
       3234    132.000     8.3892     8.3879   3.644328   3.645783     2.1056 -9.990e-29      58.98 4.9487e-02 0.0000e+00    80.8324    5.32588    34.7984    34.8152    27.0567    1485.85    1484.88 0.0000e+00
       3258    133.000     8.3864     8.3850   3.644230   3.645698     2.1042 -9.990e-29      95.34 4.9474e-02 0.0000e+00    80.8187    5.32121    34.7997    34.8167    27.0581    1485.86    1484.89 0.0000e+00
       3281    134.000     8.3847     8.3833   3.644235   3.645716     2.1029 -9.990e-29      81.36 4.9493e-02 0.0000e+00    80.8214    5.32385    34.8009    34.8181    27.0594    1485.87    1484.89 0.0000e+00
       3304    135.000     8.3798     8.3787   3.644083   3.645560     2.1025 -9.990e-29      98.11 4.9481e-02 0.0000e+00    80.8148    5.32870    34.8037    34.8205    27.0623    1485.87    1484.90 0.0000e+00
       3327    136.000     8.3702     8.3692   3.643505   3.644988     2.1018 -9.990e-29      98.79 4.9487e-02 0.0000e+00    80.8021    5.32447    34.8065    34.8233    27.0660    1485.85    1484.91 0.0000e+00
       3350    137.000     8.3667     8.3653   3.643446   3.644926     2.1011 -9.990e-29      85.64 4.9499e-02 0.0000e+00    80.8119    5.32652    34.8089    34.8260    27.0684    1485.86    1484.92 0.0000e+00
       3373    138.000     8.3647     8.3632   3.643410   3.644856     2.1006 -9.990e-29      98.88 4.9463e-02 0.0000e+00    80.8012    5.32435    34.8100    34.8269    27.0696    1485.87    1484.92 0.0000e+00
       3396    139.000     8.3621     8.3608   3.643277   3.644763     2.1001 -9.990e-29      85.40 4.9519e-02 0.0000e+00    80.7945    5.32595    34.8107    34.8278    27.0705    1485.88    1484.93 0.0000e+00
       3420    140.000     8.3565     8.3555   3.642947   3.644434     2.0998 -9.990e-29      96.52 4.9468e-02 0.0000e+00    80.7747    5.32285    34.8122    34.8290    27.0726    1485.88    1484.94 0.0000e+00
       3443    141.000     8.3432     8.3422   3.642332   3.643788     2.0986 -9.990e-29      77.30 4.9475e-02 0.0000e+00    80.7387    5.31692    34.8184    34.8348    27.0794    1485.85    1484.94 0.0000e+00
       3466    142.000     8.3396     8.3381   3.642175   3.643646     2.0978 -9.990e-29      93.55 4.9500e-02 0.0000e+00    80.7443    5.31873    34.8198    34.8369    27.0811    1485.85    1484.95 0.0000e+00
       3489    143.000     8.3395     8.3379   3.642220   3.643681     2.0970 -9.990e-29      84.75 4.9475e-02 0.0000e+00    80.8050    5.31708    34.8199    34.8370    27.0812    1485.87    1484.96 0.0000e+00
       3512    144.000     8.3371     8.3357   3.642167   3.643638     2.0964 -9.990e-29      84.62 4.9487e-02 0.0000e+00    80.8306    5.31950    34.8212    34.8382    27.0826    1485.88    1484.96 0.0000e+00
       3535    145.000     8.3350     8.3336   3.642124   3.643582     2.0962 -9.990e-29      74.23 4.9487e-02 0.0000e+00    80.8520    5.31866    34.8223    34.8392    27.0838    1485.89    1484.97 0.0000e+00
       3558    146.000     8.3312     8.3295   3.641998   3.643438     2.0953 -9.990e-29      89.14 4.9502e-02 0.0000e+00    80.8636    5.31465    34.8243    34.8413    27.0859    1485.89    1484.97 0.0000e+00
       3580    147.000     8.3286     8.3271   3.641914   3.643364     2.0948 -9.990e-29      98.87 4.9493e-02 0.0000e+00    80.8848    5.31586    34.8255    34.8424    27.0872    1485.90    1484.98 0.0000e+00
       3603    148.000     8.3261     8.3247   3.641817   3.643275     2.0944 -9.990e-29      53.03 4.9515e-02 0.0000e+00    80.8849    5.31590    34.8264    34.8433    27.0884    1485.91    1484.99 0.0000e+00
       3625    149.000     8.3219     8.3208   3.641638   3.643101     2.0937 -9.990e-29      88.54 4.9488e-02 0.0000e+00    80.8677    5.31342    34.8282    34.8449    27.0904    1485.91    1484.99 0.0000e+00
       3647    150.000     8.3204     8.3190   3.641602   3.643060     2.0932 -9.990e-29      59.93 4.9471e-02 0.0000e+00    80.8756    5.31487    34.8288    34.8457    27.0911    1485.92    1485.00 0.0000e+00
       3670    151.000     8.3197     8.3183   3.641614   3.643085     2.0929 -9.990e-29      90.34 4.9463e-02 0.0000e+00    80.8729    5.31459    34.8292    34.8462    27.0915    1485.94    1485.01 0.0000e+00
       3692    152.000     8.3184     8.3170   3.641587   3.643061     2.0925 -9.990e-29      46.41 4.9464e-02 0.0000e+00    80.8686    5.31602    34.8297    34.8468    27.0921    1485.95    1485.01 0.0000e+00
