_data/ctd/2022603/sta0176.cnv
* Sea-Bird SBE 9 Data File:
* FileName = C:\Seabird\CTDData\sta0176.hex
* Software Version Seasave V 7.21f
* Temperature SN = 6264
* Conductivity SN = 4928
* Number of Bytes Per Scan = 40
* Number of Voltage Words = 5
* Number of Scans Averaged by the Deck Unit = 1
* NMEA Latitude = 60 49.82 N
* NMEA Longitude = 005 03.32 E
* NMEA UTC (Time) = Feb 13 2022 03:11:31
* NMEA baud rate = 4800
** Ship: R/V "Kristine Bonnevie"
** Station: 0176
** Echodepth: 546
** Log: 0526.863
** Wind-Dir/Force: 19 24
** Air-temp (dry): 7.1
** Weather Sky:
** Sea:
# nquan = 19                                
# nvalues = 540                         
# units = specified
# name 0 = scan: Scan Count
# name 1 = prDM: Pressure, Digiquartz [db]
# name 2 = t068C: Temperature [ITS-68, deg C]
# name 3 = t168C: Temperature, 2 [ITS-68, deg C]
# name 4 = c0S/m: Conductivity [S/m]
# name 5 = c1S/m: Conductivity, 2 [S/m]
# name 6 = sbeox0V: Oxygen raw, SBE 43 [V]
# name 7 = flECO-AFL: Fluorescence, WET Labs ECO-AFL/FL [mg/m^3]
# name 8 = altM: Altimeter [m]
# name 9 = par: PAR/Irradiance, Biospherical/Licor
# name 10 = spar: SPAR/Surface Irradiance
# name 11 = CStarTr0: Beam Transmission, WET Labs C-Star [%]
# name 12 = sbeox0ML/L: Oxygen, SBE 43 [ml/l], WS = 2
# name 13 = sal00: Salinity, Practical [PSU]
# name 14 = sal11: Salinity, Practical, 2 [PSU]
# name 15 = sigma-t00: Density [sigma-t, Kg/m^3 ]
# name 16 = svCM: Sound Velocity [Chen-Millero, m/s]
# name 17 = avgsvCM: Average Sound Velocity [Chen-Millero, m/s], minP = 1, minS = 5
# name 18 = flag: flag
# span 0 =        484,      12440       
# span 1 =      2.000,    541.000       
# span 2 =     5.7876,     8.6835       
# span 3 =     5.7852,     8.6821       
# span 4 =   2.940376,   3.668131       
# span 5 =   2.940473,   3.669492       
# span 6 =     2.0374,     2.4831       
# span 7 =    -0.1030,     0.4330       
# span 8 =       8.76,     100.05       
# span 9 = 4.9445e-02, 5.8714e-01       
# span 10 = 0.0000e+00, 0.0000e+00      
# span 11 =    79.8275,    81.7026      
# span 12 =    5.45596,    7.03362      
# span 13 =    29.6303,    35.0866      
# span 14 =    29.6385,    35.1022      
# span 15 =    23.3360,    27.3793      
# span 16 =    1467.16,    1490.54      
# span 17 =    1467.16,    1486.72      
# span 18 = 0.0000e+00, 0.0000e+00      
# interval = decibars: 1                
# start_time = Feb 13 2022 03:11:33 [System UTC, header]
# bad_flag = -9.990e-29
*END*
[from data line 381]
       8926    383.000     7.9949     7.9938   3.643463   3.644789     2.0928    -0.0776      78.95 4.9487e-02 0.0000e+00    80.9554    5.48911    35.0606    35.0759    27.3225    1488.82    1485.61 0.0000e+00
       8951    384.000     7.9754     7.9750   3.641802   3.643106     2.0906    -0.0730      74.74 4.9506e-02 0.0000e+00    81.0112    5.48777    35.0618    35.0761    27.3264    1488.77    1485.61 0.0000e+00
       8974    385.000     7.9616     7.9605   3.640698   3.642042     2.0891    -0.0777      99.29 4.9485e-02 0.0000e+00    80.9737    5.48465    35.0632    35.0787    27.3296    1488.74    1485.62 0.0000e+00
       8994    386.000     7.9570     7.9558   3.640366   3.641695     2.0874    -0.0570      62.80 4.9481e-02 0.0000e+00    81.0121    5.48090    35.0638    35.0792    27.3308    1488.73    1485.63 0.0000e+00
       9014    387.000     7.9541     7.9527   3.640175   3.641490     2.0859    -0.0631      99.09 4.9467e-02 0.0000e+00    80.9802    5.47451    35.0642    35.0797    27.3315    1488.74    1485.64 0.0000e+00
       9034    388.000     7.9504     7.9489   3.639928   3.641233     2.0843    -0.0700      90.07 4.9453e-02 0.0000e+00    80.9392    5.47336    35.0647    35.0802    27.3325    1488.74    1485.65 0.0000e+00
       9054    389.000     7.9477     7.9464   3.639747   3.641078     2.0829    -0.0613      60.78 4.9496e-02 0.0000e+00    80.9339    5.47051    35.0650    35.0806    27.3331    1488.75    1485.65 0.0000e+00
       9076    390.000     7.9468     7.9454   3.639714   3.641053     2.0813    -0.0625      70.64 4.9493e-02 0.0000e+00    80.9030    5.46800    35.0651    35.0808    27.3333    1488.76    1485.66 0.0000e+00
       9100    391.000     7.9456     7.9446   3.639661   3.641012     2.0802    -0.0700      83.87 4.9503e-02 0.0000e+00    80.9184    5.47006    35.0652    35.0807    27.3336    1488.78    1485.67 0.0000e+00
       9124    392.000     7.9428     7.9416   3.639490   3.640826     2.0792    -0.0962      93.98 4.9469e-02 0.0000e+00    80.9224    5.46956    35.0657    35.0812    27.3344    1488.78    1485.68 0.0000e+00
       9146    393.000     7.9420     7.9407   3.639474   3.640812     2.0785    -0.0914      98.31 4.9481e-02 0.0000e+00    80.9123    5.46877    35.0658    35.0815    27.3346    1488.80    1485.69 0.0000e+00
       9165    394.000     7.9418     7.9402   3.639517   3.640831     2.0779    -0.0894      84.95 4.9495e-02 0.0000e+00    80.9512    5.46565    35.0660    35.0817    27.3348    1488.81    1485.69 0.0000e+00
       9185    395.000     7.9418     7.9402   3.639553   3.640885     2.0770    -0.0953      55.32 4.9481e-02 0.0000e+00    80.9302    5.46589    35.0659    35.0818    27.3347    1488.83    1485.70 0.0000e+00
       9207    396.000     7.9416     7.9401   3.639587   3.640920     2.0766    -0.0921      92.86 4.9458e-02 0.0000e+00    80.8949    5.46748    35.0660    35.0818    27.3348    1488.84    1485.71 0.0000e+00
       9231    397.000     7.9415     7.9401   3.639643   3.640965     2.0759    -0.0911      76.19 4.9497e-02 0.0000e+00    80.8779    5.46659    35.0662    35.0818    27.3350    1488.86    1485.72 0.0000e+00
       9255    398.000     7.9408     7.9394   3.639626   3.640952     2.0756    -0.0694      94.96 4.9497e-02 0.0000e+00    80.8849    5.47015    35.0663    35.0819    27.3352    1488.87    1485.73 0.0000e+00
       9278    399.000     7.9352     7.9348   3.639203   3.640567     2.0757    -0.0964      87.34 4.9470e-02 0.0000e+00    80.8831    5.47230    35.0669    35.0819    27.3364    1488.87    1485.73 0.0000e+00
       9300    400.000     7.9197     7.9189   3.637973   3.639290     2.0751    -0.0702      50.89 4.9481e-02 0.0000e+00    80.8968    5.46514    35.0687    35.0836    27.3402    1488.83    1485.74 0.0000e+00
       9323    401.000     7.9164     7.9150   3.637756   3.639076     2.0745    -0.0836      96.27 4.9458e-02 0.0000e+00    80.9183    5.46627    35.0692    35.0847    27.3411    1488.84    1485.75 0.0000e+00
       9345    402.000     7.9152     7.9138   3.637713   3.639034     2.0740    -0.0751      81.33 4.9477e-02 0.0000e+00    80.9631    5.46606    35.0694    35.0850    27.3415    1488.85    1485.76 0.0000e+00
       9366    403.000     7.9113     7.9101   3.637431   3.638754     2.0735    -0.0635      98.71 4.9479e-02 0.0000e+00    80.9847    5.47113    35.0698    35.0852    27.3423    1488.85    1485.76 0.0000e+00
       9387    404.000     7.9035     7.9026   3.636817   3.638137     2.0738    -0.0630      98.80 4.9474e-02 0.0000e+00    80.9859    5.47317    35.0705    35.0856    27.3441    1488.84    1485.77 0.0000e+00
       9407    405.000     7.8952     7.8947   3.636164   3.637543     2.0734    -0.0586      58.82 4.9508e-02 0.0000e+00    80.9885    5.47596    35.0714    35.0867    27.3460    1488.82    1485.78 0.0000e+00
       9430    406.000     7.8932     7.8918   3.636033   3.637351     2.0738    -0.0859      85.78 4.9500e-02 0.0000e+00    80.9224    5.47843    35.0715    35.0870    27.3463    1488.83    1485.79 0.0000e+00
       9452    407.000     7.8907     7.8896   3.635878   3.637226     2.0735    -0.0877      98.59 4.9508e-02 0.0000e+00    80.9584    5.47437    35.0718    35.0874    27.3470    1488.84    1485.79 0.0000e+00
       9475    408.000     7.8871     7.8861   3.635601   3.636929     2.0735    -0.0732      78.34 4.9489e-02 0.0000e+00    80.9337    5.47909    35.0720    35.0872    27.3476    1488.84    1485.80 0.0000e+00
       9497    409.000     7.8805     7.8795   3.635096   3.636426     2.0734    -0.0631      57.19 4.9509e-02 0.0000e+00    80.9310    5.47851    35.0727    35.0880    27.3492    1488.84    1485.81 0.0000e+00
       9519    410.000     7.8759     7.8748   3.634769   3.636101     2.0733    -0.0693      94.26 4.9487e-02 0.0000e+00    80.7497    5.47515    35.0733    35.0887    27.3503    1488.84    1485.82 0.0000e+00
       9541    411.000     7.8719     7.8709   3.634473   3.635803     2.0727    -0.0869      76.85 4.9502e-02 0.0000e+00    80.8060    5.47339    35.0736    35.0889    27.3512    1488.84    1485.82 0.0000e+00
       9563    412.000     7.8630     7.8622   3.633782   3.635116     2.0721    -0.0617      98.72 4.9479e-02 0.0000e+00    80.8292    5.47345    35.0746    35.0898    27.3533    1488.82    1485.83 0.0000e+00
       9585    413.000     7.8563     7.8551   3.633268   3.634571     2.0718    -0.0868      98.80 4.9487e-02 0.0000e+00    80.8151    5.47288    35.0753    35.0905    27.3549    1488.81    1485.84 0.0000e+00
       9608    414.000     7.8526     7.8514   3.632994   3.634315     2.0711    -0.0734      52.31 4.9502e-02 0.0000e+00    80.8250    5.47480    35.0756    35.0910    27.3556    1488.82    1485.85 0.0000e+00
       9633    415.000     7.8492     7.8481   3.632769   3.634089     2.0710    -0.0606      87.98 4.9493e-02 0.0000e+00    80.7808    5.47731    35.0761    35.0914    27.3565    1488.82    1485.85 0.0000e+00
       9659    416.000     7.8463     7.8454   3.632570   3.633903     2.0709    -0.0816      62.70 4.9495e-02 0.0000e+00    80.8174    5.47701    35.0764    35.0916    27.3572    1488.83    1485.86 0.0000e+00
       9682    417.000     7.8413     7.8398   3.632204   3.633505     2.0702    -0.0799      72.67 4.9488e-02 0.0000e+00    80.7630    5.47151    35.0770    35.0925    27.3584    1488.82    1485.87 0.0000e+00
       9702    418.000     7.8379     7.8367   3.631963   3.633295     2.0698    -0.0623      98.47 4.9474e-02 0.0000e+00    80.7965    5.47548    35.0773    35.0928    27.3592    1488.83    1485.87 0.0000e+00
       9721    419.000     7.8329     7.8319   3.631584   3.632907     2.0697 -9.990e-29      34.15 4.9490e-02 0.0000e+00    80.7366    5.47870    35.0778    35.0930    27.3603    1488.83    1485.88 0.0000e+00
       9741    420.000     7.8306     7.8294   3.631454   3.632785     2.0696 -9.990e-29      96.75 4.9459e-02 0.0000e+00    80.7562    5.47511    35.0782    35.0937    27.3609    1488.83    1485.89 0.0000e+00
       9763    421.000     7.8293     7.8281   3.631381   3.632707     2.0689 -9.990e-29      74.48 4.9479e-02 0.0000e+00    80.6826    5.47128    35.0782    35.0937    27.3612    1488.85    1485.90 0.0000e+00
       9787    422.000     7.8270     7.8257   3.631239   3.632558     2.0683 -9.990e-29      95.98 4.9463e-02 0.0000e+00    80.6343    5.47326    35.0785    35.0940    27.3617    1488.85    1485.90 0.0000e+00
       9809    423.000     7.8245     7.8234   3.631070   3.632398     2.0681    -0.0686      75.00 4.9486e-02 0.0000e+00    80.6279    5.47594    35.0787    35.0941    27.3623    1488.86    1485.91 0.0000e+00
       9830    424.000     7.8223     7.8209   3.630942   3.632240     2.0679    -0.0858      21.21 4.9479e-02 0.0000e+00    80.6527    5.47407    35.0791    35.0944    27.3629    1488.87    1485.92 0.0000e+00
       9852    425.000     7.8210     7.8196   3.630876   3.632185     2.0674    -0.0592      82.81 4.9480e-02 0.0000e+00    80.5790    5.47511    35.0792    35.0947    27.3632    1488.88    1485.92 0.0000e+00
       9878    426.000     7.8182     7.8168   3.630672   3.631985     2.0674    -0.0901      98.20 4.9475e-02 0.0000e+00    80.5902    5.47726    35.0793    35.0948    27.3637    1488.89    1485.93 0.0000e+00
       9904    427.000     7.8150     7.8138   3.630460   3.631779     2.0673    -0.0908      53.50 4.9484e-02 0.0000e+00    80.5853    5.48027    35.0797    35.0951    27.3645    1488.89    1485.94 0.0000e+00
       9927    428.000     7.8122     7.8109   3.630283   3.631603     2.0673    -0.0937      30.40 4.9485e-02 0.0000e+00    80.6094    5.47755    35.0802    35.0957    27.3652    1488.90    1485.94 0.0000e+00
       9948    429.000     7.8112     7.8099   3.630245   3.631573     2.0669    -0.0964      72.94 4.9488e-02 0.0000e+00    80.5523    5.47224    35.0803    35.0959    27.3655    1488.91    1485.95 0.0000e+00
       9968    430.000     7.8108     7.8094   3.630250   3.631575     2.0663    -0.0926      99.02 4.9485e-02 0.0000e+00    80.5590    5.47118    35.0803    35.0959    27.3655    1488.93    1485.96 0.0000e+00
       9989    431.000     7.8100     7.8086   3.630243   3.631546     2.0658    -0.0848      97.98 4.9472e-02 0.0000e+00    80.5107    5.47303    35.0805    35.0959    27.3658    1488.94    1485.96 0.0000e+00
      10011    432.000     7.8094     7.8079   3.630223   3.631533     2.0654    -0.0597      38.53 4.9490e-02 0.0000e+00    80.5025    5.47412    35.0804    35.0960    27.3658    1488.95    1485.97 0.0000e+00
      10034    433.000     7.8079     7.8066   3.630144   3.631460     2.0653    -0.0596      91.34 4.9503e-02 0.0000e+00    80.4772    5.47566    35.0806    35.0960    27.3662    1488.97    1485.98 0.0000e+00
      10057    434.000     7.8078     7.8063   3.630182   3.631498     2.0652    -0.0865      72.64 4.9469e-02 0.0000e+00    80.4758    5.47725    35.0806    35.0963    27.3662    1488.98    1485.99 0.0000e+00
      10081    435.000     7.8075     7.8062   3.630207   3.631527     2.0650    -0.0737      77.21 4.9483e-02 0.0000e+00    80.4482    5.47652    35.0807    35.0962    27.3664    1489.00    1485.99 0.0000e+00
      10105    436.000     7.8073     7.8060   3.630237   3.631557     2.0647    -0.0792      93.09 4.9489e-02 0.0000e+00    80.4537    5.47532    35.0807    35.0963    27.3664    1489.01    1486.00 0.0000e+00
      10131    437.000     7.8064     7.8050   3.630198   3.631505     2.0648    -0.0868      59.32 4.9474e-02 0.0000e+00    80.4467    5.47719    35.0807    35.0962    27.3666    1489.03    1486.01 0.0000e+00
      10154    438.000     7.8046     7.8033   3.630101   3.631428     2.0643    -0.0771      65.43 4.9496e-02 0.0000e+00    80.4339    5.47367    35.0810    35.0966    27.3670    1489.04    1486.01 0.0000e+00
      10174    439.000     7.8042     7.8027   3.630115   3.631440     2.0641    -0.0663      55.27 4.9490e-02 0.0000e+00    80.4471    5.47658    35.0811    35.0969    27.3672    1489.05    1486.02 0.0000e+00
      10194    440.000     7.8036     7.8023   3.630115   3.631443     2.0642    -0.0661      99.60 4.9466e-02 0.0000e+00    80.4251    5.48050    35.0812    35.0968    27.3673    1489.07    1486.03 0.0000e+00
      10214    441.000     7.8033     7.8020   3.630135   3.631467     2.0642    -0.0878      60.97 4.9505e-02 0.0000e+00    80.4106    5.47943    35.0812    35.0969    27.3674    1489.08    1486.03 0.0000e+00
      10236    442.000     7.8017     7.8006   3.630041   3.631368     2.0640    -0.0735      98.48 4.9456e-02 0.0000e+00    80.4015    5.47610    35.0814    35.0968    27.3677    1489.09    1486.04 0.0000e+00
      10261    443.000     7.7989     7.7975   3.629855   3.631160     2.0635    -0.0638      80.14 4.9462e-02 0.0000e+00    80.3840    5.47751    35.0817    35.0971    27.3684    1489.10    1486.05 0.0000e+00
      10285    444.000     7.7974     7.7960   3.629765   3.631081     2.0635    -0.0619      18.11 4.9485e-02 0.0000e+00    80.3529    5.47899    35.0817    35.0973    27.3687    1489.11    1486.05 0.0000e+00
      10308    445.000     7.7956     7.7941   3.629666   3.630974     2.0634    -0.0650      61.45 4.9471e-02 0.0000e+00    80.3029    5.47978    35.0820    35.0976    27.3691    1489.12    1486.06 0.0000e+00
      10331    446.000     7.7951     7.7936   3.629661   3.630986     2.0631    -0.0651      54.78 4.9509e-02 0.0000e+00    80.3917    5.47702    35.0820    35.0977    27.3692    1489.13    1486.07 0.0000e+00
      10355    447.000     7.7936     7.7923   3.629590   3.630906     2.0628    -0.0865      98.69 4.9497e-02 0.0000e+00    80.3931    5.47559    35.0822    35.0977    27.3696    1489.14    1486.07 0.0000e+00
      10379    448.000     7.7915     7.7902   3.629452   3.630776     2.0623    -0.0590      71.28 4.9479e-02 0.0000e+00    80.3422    5.47792    35.0824    35.0979    27.3700    1489.15    1486.08 0.0000e+00
      10401    449.000     7.7904     7.7891   3.629399   3.630734     2.0624    -0.0587      22.07 4.9505e-02 0.0000e+00    80.3314    5.48092    35.0824    35.0981    27.3702    1489.17    1486.09 0.0000e+00
      10421    450.000     7.7888     7.7875   3.629327   3.630641     2.0623    -0.0590      93.76 4.9483e-02 0.0000e+00    80.3498    5.48195    35.0828    35.0982    27.3708    1489.18    1486.10 0.0000e+00
      10441    451.000     7.7876     7.7862   3.629265   3.630577     2.0623    -0.0601      49.35 4.9505e-02 0.0000e+00    80.3690    5.48172    35.0828    35.0984    27.3710    1489.19    1486.10 0.0000e+00
      10464    452.000     7.7862     7.7849   3.629180   3.630407     2.0622    -0.0622      54.04 4.9474e-02 0.0000e+00    80.3287    5.47871    35.0828    35.0973    27.3712    1489.20    1486.11 0.0000e+00
      10488    453.000     7.7853     7.7840   3.629153   3.630470     2.0615    -0.0672      69.76 4.9491e-02 0.0000e+00    80.3388    5.47525    35.0830    35.0984    27.3714    1489.21    1486.12 0.0000e+00
      10511    454.000     7.7827     7.7815   3.628984   3.630290     2.0613    -0.0865      23.48 4.9481e-02 0.0000e+00    80.3545    5.48071    35.0833    35.0985    27.3721    1489.22    1486.12 0.0000e+00
      10533    455.000     7.7813     7.7800   3.628901   3.630219     2.0612    -0.0878      96.91 4.9485e-02 0.0000e+00    80.3416    5.47989    35.0833    35.0988    27.3723    1489.23    1486.13 0.0000e+00
      10554    456.000     7.7792     7.7778   3.628775   3.630089     2.0609    -0.0627      55.80 4.9465e-02 0.0000e+00    80.3481    5.47593    35.0836    35.0991    27.3728    1489.24    1486.14 0.0000e+00
      10576    457.000     7.7788     7.7774   3.628780   3.630103     2.0603    -0.0617      34.30 4.9483e-02 0.0000e+00    80.3572    5.47500    35.0835    35.0992    27.3728    1489.25    1486.14 0.0000e+00
      10598    458.000     7.7782     7.7770   3.628779   3.630115     2.0601    -0.0567      99.38 4.9475e-02 0.0000e+00    80.3010    5.47969    35.0836    35.0992    27.3730    1489.27    1486.15 0.0000e+00
