_data/ctd/2022603/sta0197.cnv
* Sea-Bird SBE 9 Data File:
* FileName = C:\Seabird\CTDData\sta0197.hex
* Software Version Seasave V 7.21f
* Temperature SN = 6264
* Conductivity SN = 4928
* Number of Bytes Per Scan = 40
* Number of Voltage Words = 5
* Number of Scans Averaged by the Deck Unit = 1
* NMEA Latitude = 61 10.81 N
* NMEA Longitude = 006 34.22 E
* NMEA UTC (Time) = Feb 14 2022 20:52:52
* NMEA baud rate = 4800
** Ship: R/V "Kristine Bonnevie"
** Station: 0197
** Echodepth: 807
** Log: 0777.926
** Wind-Dir/Force: 59 10
** Air-temp (dry): 4.4
** Weather Sky:
** Sea:
# nquan = 19                                
# nvalues = 820                         
# units = specified
# name 0 = scan: Scan Count
# name 1 = prDM: Pressure, Digiquartz [db]
# name 2 = t068C: Temperature [ITS-68, deg C]
# name 3 = t168C: Temperature, 2 [ITS-68, deg C]
# name 4 = c0S/m: Conductivity [S/m]
# name 5 = c1S/m: Conductivity, 2 [S/m]
# name 6 = sbeox0V: Oxygen raw, SBE 43 [V]
# name 7 = flECO-AFL: Fluorescence, WET Labs ECO-AFL/FL [mg/m^3]
# name 8 = altM: Altimeter [m]
# name 9 = par: PAR/Irradiance, Biospherical/Licor
# name 10 = spar: SPAR/Surface Irradiance
# name 11 = CStarTr0: Beam Transmission, WET Labs C-Star [%]
# name 12 = sbeox0ML/L: Oxygen, SBE 43 [ml/l], WS = 2
# name 13 = sal00: Salinity, Practical [PSU]
# name 14 = sal11: Salinity, Practical, 2 [PSU]
# name 15 = sigma-t00: Density [sigma-t, Kg/m^3 ]
# name 16 = svCM: Sound Velocity [Chen-Millero, m/s]
# name 17 = avgsvCM: Average Sound Velocity [Chen-Millero, m/s], minP = 1, minS = 5
# name 18 = flag: flag
# span 0 =         14,      17933       
# span 1 =      2.000,    821.000       
# span 2 =     5.0809,    10.0519       
# span 3 =     5.0767,    10.0496       
# span 4 =   2.843675,   3.711921       
# span 5 =   2.843263,   3.713514       
# span 6 =     1.5959,     2.4766       
# span 7 =    -0.1026,     0.8418       
# span 8 =      16.42,     106.36       
# span 9 = 4.9445e-02, 7.0179e-01       
# span 10 = 0.0000e+00, 0.0000e+00      
# span 11 =    79.5483,    82.0546      
# span 12 =    4.06069,    7.21205      
# span 13 =    29.1627,    35.0181      
# span 14 =    29.1683,    35.0341      
# span 15 =    23.0400,    27.3625      
# span 16 =    1463.70,    1494.11      
# span 17 =    1463.74,    1488.04      
# span 18 = 0.0000e+00, 0.0000e+00      
# interval = decibars: 1                
# start_time = Feb 14 2022 20:52:54 [System UTC, header]
# bad_flag = -9.990e-29
*END*
[from data line 762]
      16256    764.000     7.4975     7.4962   3.609948   3.611327     1.6090    -0.0637      98.27 4.9508e-02 0.0000e+00    81.7632    4.08378    35.0162    35.0324    27.3611    1493.17    1487.63 0.0000e+00
      16278    765.000     7.4977     7.4964   3.610008   3.611383     1.6090    -0.0650      42.10 4.9515e-02 0.0000e+00    81.7680    4.08615    35.0162    35.0324    27.3611    1493.18    1487.63 0.0000e+00
      16301    766.000     7.4977     7.4965   3.610055   3.611435     1.6089    -0.0694      98.54 4.9524e-02 0.0000e+00    81.7733    4.08156    35.0162    35.0324    27.3611    1493.20    1487.64 0.0000e+00
      16323    767.000     7.4978     7.4965   3.610109   3.611482     1.6083    -0.0697      45.06 4.9527e-02 0.0000e+00    81.7680    4.08140    35.0162    35.0324    27.3611    1493.22    1487.65 0.0000e+00
      16345    768.000     7.4977     7.4964   3.610150   3.611527     1.6081    -0.0723      98.24 4.9509e-02 0.0000e+00    81.7777    4.08471    35.0163    35.0325    27.3612    1493.23    1487.66 0.0000e+00
      16368    769.000     7.4977     7.4964   3.610195   3.611571     1.6082    -0.0626      43.68 4.9505e-02 0.0000e+00    81.7775    4.08550    35.0163    35.0325    27.3612    1493.25    1487.66 0.0000e+00
      16391    770.000     7.4979     7.4967   3.610256   3.611634     1.6079    -0.0627      97.29 4.9502e-02 0.0000e+00    81.7803    4.08515    35.0163    35.0324    27.3611    1493.27    1487.67 0.0000e+00
      16413    771.000     7.4977     7.4965   3.610292   3.611668     1.6081    -0.0673      43.43 4.9483e-02 0.0000e+00    81.7662    4.08430    35.0164    35.0325    27.3613    1493.28    1487.68 0.0000e+00
      16673    772.000     7.4977     7.4964   3.610323   3.611703     1.6071    -0.0680      79.21 4.9531e-02 0.0000e+00    81.7593    4.08101    35.0163    35.0325    27.3612    1493.30    1487.69 0.0000e+00
      16740    773.000     7.4979     7.4967   3.610389   3.611764     1.6072    -0.0641      87.72 4.9491e-02 0.0000e+00    81.7730    4.08785    35.0163    35.0324    27.3612    1493.32    1487.69 0.0000e+00
      16768    774.000     7.4975     7.4964   3.610411   3.611788     1.6070    -0.0692      81.55 4.9499e-02 0.0000e+00    81.7636    4.08063    35.0165    35.0325    27.3614    1493.33    1487.70 0.0000e+00
      16794    775.000     7.4975     7.4961   3.610458   3.611828     1.6068    -0.0806      74.10 4.9500e-02 0.0000e+00    81.7682    4.08082    35.0166    35.0328    27.3614    1493.35    1487.71 0.0000e+00
      16818    776.000     7.4976     7.4963   3.610506   3.611885     1.6062    -0.0756      98.71 4.9528e-02 0.0000e+00    81.7835    4.07665    35.0165    35.0327    27.3613    1493.37    1487.71 0.0000e+00
      16839    777.000     7.4977     7.4964   3.610571   3.611940     1.6063    -0.0795      68.53 4.9498e-02 0.0000e+00    81.7574    4.08375    35.0166    35.0327    27.3614    1493.38    1487.72 0.0000e+00
      16860    778.000     7.4978     7.4965   3.610618   3.611995     1.6060    -0.0771      98.77 4.9472e-02 0.0000e+00    81.7596    4.08104    35.0166    35.0328    27.3614    1493.40    1487.73 0.0000e+00
      16881    779.000     7.4979     7.4966   3.610665   3.612045     1.6061    -0.0732      70.19 4.9553e-02 0.0000e+00    81.7640    4.08444    35.0165    35.0327    27.3613    1493.42    1487.74 0.0000e+00
      16901    780.000     7.4980     7.4966   3.610725   3.612098     1.6059    -0.0788      95.90 4.9526e-02 0.0000e+00    81.7676    4.07687    35.0166    35.0328    27.3613    1493.43    1487.74 0.0000e+00
      16921    781.000     7.4981     7.4967   3.610780   3.612151     1.6053    -0.0659      77.82 4.9501e-02 0.0000e+00    81.7464    4.07137    35.0166    35.0328    27.3613    1493.45    1487.75 0.0000e+00
      16940    782.000     7.4982     7.4968   3.610835   3.612212     1.6048    -0.0556      86.13 4.9505e-02 0.0000e+00    81.7578    4.07758    35.0166    35.0329    27.3613    1493.47    1487.76 0.0000e+00
      16958    783.000     7.4983     7.4969   3.610890   3.612261     1.6048    -0.0597      89.99 4.9554e-02 0.0000e+00    81.7672    4.07691    35.0167    35.0329    27.3613    1493.49    1487.77 0.0000e+00
      16977    784.000     7.4984     7.4970   3.610940   3.612314     1.6043    -0.0622      72.71 4.9534e-02 0.0000e+00    81.7769    4.07366    35.0166    35.0329    27.3613    1493.50    1487.77 0.0000e+00
      16996    785.000     7.4984     7.4971   3.610987   3.612356     1.6043    -0.0635      98.10 4.9557e-02 0.0000e+00    81.7681    4.07819    35.0167    35.0328    27.3613    1493.52    1487.78 0.0000e+00
      17017    786.000     7.4985     7.4972   3.611029   3.612408     1.6038    -0.0601      70.40 4.9532e-02 0.0000e+00    81.7598    4.07329    35.0165    35.0328    27.3612    1493.54    1487.79 0.0000e+00
      17039    787.000     7.4983     7.4971   3.611078   3.612445     1.6036    -0.0575      98.42 4.9530e-02 0.0000e+00    81.7772    4.07696    35.0168    35.0328    27.3615    1493.55    1487.79 0.0000e+00
      17061    788.000     7.4982     7.4972   3.611113   3.612510     1.6036    -0.0801      68.08 4.9478e-02 0.0000e+00    81.7599    4.08036    35.0168    35.0329    27.3615    1493.57    1487.80 0.0000e+00
      17083    789.000     7.4980     7.4968   3.611143   3.612529     1.6037    -0.0659      98.09 4.9537e-02 0.0000e+00    81.7685    4.07935    35.0169    35.0331    27.3616    1493.58    1487.81 0.0000e+00
      17108    790.000     7.4983     7.4970   3.611205   3.612584     1.6033    -0.0746      98.66 4.9504e-02 0.0000e+00    81.7273    4.07514    35.0168    35.0330    27.3614    1493.60    1487.82 0.0000e+00
      17135    791.000     7.4983     7.4970   3.611252   3.612626     1.6031    -0.0739      91.55 4.9501e-02 0.0000e+00    81.7329    4.07393    35.0168    35.0330    27.3615    1493.62    1487.82 0.0000e+00
      17162    792.000     7.4984     7.4971   3.611307   3.612681     1.6025    -0.0761      37.92 4.9490e-02 0.0000e+00    81.7420    4.07446    35.0168    35.0330    27.3615    1493.63    1487.83 0.0000e+00
      17189    793.000     7.4984     7.4972   3.611358   3.612729     1.6023    -0.0718      97.93 4.9513e-02 0.0000e+00    81.7524    4.07335    35.0169    35.0329    27.3615    1493.65    1487.84 0.0000e+00
      17218    794.000     7.4985     7.4972   3.611401   3.612780     1.6021    -0.0693      98.59 4.9518e-02 0.0000e+00    81.7368    4.07368    35.0168    35.0330    27.3614    1493.67    1487.85 0.0000e+00
      17244    795.000     7.4986     7.4974   3.611457   3.612835     1.6017    -0.0764      40.14 4.9489e-02 0.0000e+00    81.7356    4.07256    35.0168    35.0329    27.3615    1493.68    1487.85 0.0000e+00
      17269    796.000     7.4986     7.4974   3.611510   3.612892     1.6014    -0.0661      71.67 4.9522e-02 0.0000e+00    81.7480    4.07009    35.0169    35.0331    27.3615    1493.70    1487.86 0.0000e+00
      17294    797.000     7.4985     7.4973   3.611555   3.612929     1.6010    -0.0703      97.82 4.9514e-02 0.0000e+00    81.6874    4.07031    35.0171    35.0331    27.3616    1493.72    1487.87 0.0000e+00
      17320    798.000     7.4980     7.4970   3.611567   3.612949     1.6006    -0.0680      72.51 4.9495e-02 0.0000e+00    81.7302    4.07023    35.0172    35.0332    27.3618    1493.73    1487.87 0.0000e+00
      17346    799.000     7.4975     7.4963   3.611585   3.612966     1.6005    -0.0646      88.56 4.9525e-02 0.0000e+00    81.7245    4.06845    35.0175    35.0336    27.3621    1493.75    1487.88 0.0000e+00
      17371    800.000     7.4975     7.4963   3.611625   3.613004     1.5999    -0.0653      81.46 4.9534e-02 0.0000e+00    81.7487    4.06761    35.0174    35.0335    27.3621    1493.76    1487.89 0.0000e+00
      17396    801.000     7.4976     7.4963   3.611670   3.613049     1.5998    -0.0649      74.84 4.9509e-02 0.0000e+00    81.7333    4.06937    35.0173    35.0335    27.3620    1493.78    1487.90 0.0000e+00
      17422    802.000     7.4976     7.4963   3.611729   3.613100     1.5994    -0.0647      95.18 4.9534e-02 0.0000e+00    81.7427    4.06983    35.0175    35.0336    27.3621    1493.80    1487.90 0.0000e+00
      17448    803.000     7.4977     7.4964   3.611777   3.613158     1.5995    -0.0724      72.77 4.9521e-02 0.0000e+00    81.7260    4.07163    35.0174    35.0337    27.3621    1493.81    1487.91 0.0000e+00
      17475    804.000     7.4975     7.4962   3.611808   3.613186     1.5993    -0.0640      88.87 4.9533e-02 0.0000e+00    81.7325    4.07129    35.0175    35.0337    27.3621    1493.83    1487.92 0.0000e+00
      17504    805.000     7.4974     7.4963   3.611840   3.613228     1.5992    -0.0674      88.00 4.9516e-02 0.0000e+00    81.7357    4.06879    35.0175    35.0336    27.3621    1493.85    1487.93 0.0000e+00
      17533    806.000     7.4975     7.4963   3.611903   3.613280     1.5989    -0.0733      78.59 4.9508e-02 0.0000e+00    81.7352    4.07167    35.0176    35.0337    27.3622    1493.86    1487.93 0.0000e+00
      17560    807.000     7.4975     7.4963   3.611962   3.613327     1.5990    -0.0706      98.47 4.9503e-02 0.0000e+00    81.7442    4.06857    35.0178    35.0337    27.3623    1493.88    1487.94 0.0000e+00
      17586    808.000     7.4975     7.4963   3.612003   3.613381     1.5985    -0.0674      51.21 4.9513e-02 0.0000e+00    81.7488    4.06608    35.0177    35.0338    27.3623    1493.90    1487.95 0.0000e+00
      17614    809.000     7.4975     7.4963   3.612044   3.613428     1.5981    -0.0759      87.94 4.9513e-02 0.0000e+00    81.7401    4.06677    35.0177    35.0339    27.3623    1493.91    1487.95 0.0000e+00
      17642    810.000     7.4976     7.4963   3.612092   3.613469     1.5978    -0.0708      45.56 4.9479e-02 0.0000e+00    81.7474    4.06638    35.0177    35.0339    27.3622    1493.93    1487.96 0.0000e+00
      17671    811.000     7.4975     7.4963   3.612140   3.613519     1.5974    -0.0642      57.22 4.9502e-02 0.0000e+00    81.7439    4.06289    35.0178    35.0339    27.3624    1493.95    1487.97 0.0000e+00
      17699    812.000     7.4977     7.4964   3.612200   3.613572     1.5972    -0.0681      83.21 4.9494e-02 0.0000e+00    81.7192    4.06948    35.0178    35.0339    27.3623    1493.96    1487.98 0.0000e+00
      17727    813.000     7.4976     7.4963   3.612240   3.613616     1.5973    -0.0646      47.70 4.9489e-02 0.0000e+00    81.7450    4.07052    35.0179    35.0340    27.3624    1493.98    1487.98 0.0000e+00
      17755    814.000     7.4977     7.4965   3.612299   3.613675     1.5974    -0.0757      71.46 4.9530e-02 0.0000e+00    81.7324    4.06973    35.0179    35.0340    27.3624    1494.00    1487.99 0.0000e+00
      17781    815.000     7.4977     7.4965   3.612345   3.613718     1.5971    -0.0757      69.37 4.9503e-02 0.0000e+00    81.7232    4.06469    35.0180    35.0340    27.3625    1494.01    1488.00 0.0000e+00
      17807    816.000     7.4977     7.4964   3.612387   3.613760     1.5966    -0.0683      46.08 4.9498e-02 0.0000e+00    81.7090    4.06569    35.0179    35.0341    27.3624    1494.03    1488.01 0.0000e+00
      17832    817.000     7.4978     7.4965   3.612438   3.613818     1.5967    -0.0708      98.02 4.9517e-02 0.0000e+00    81.7445    4.06625    35.0179    35.0341    27.3624    1494.05    1488.01 0.0000e+00
      17857    818.000     7.4978     7.4966   3.612496   3.613861     1.5960    -0.0724      45.20 4.9487e-02 0.0000e+00    81.7131    4.06069    35.0181    35.0340    27.3625    1494.06    1488.02 0.0000e+00
      17883    819.000     7.4981     7.4968   3.612561   3.613927     1.5959    -0.0748      79.25 4.9503e-02 0.0000e+00    81.6956    4.06737    35.0180    35.0341    27.3624    1494.08    1488.03 0.0000e+00
      17907    820.000     7.4982     7.4971   3.612609   3.613984     1.5959    -0.0701      59.58 4.9500e-02 0.0000e+00    81.7138    4.06678    35.0180    35.0339    27.3624    1494.10    1488.04 0.0000e+00
      17933    821.000     7.4980     7.4968   3.612615   3.614007     1.5960    -0.0633     101.45 4.9511e-02 0.0000e+00    81.7062    4.06598    35.0178    35.0340    27.3623    1494.11    1488.04 0.0000e+00
