_data/ctd/2022603/sta0150.cnv
* Sea-Bird SBE 9 Data File:
* FileName = C:\Seabird\CTDData\sta0150.hex
* Software Version Seasave V 7.21f
* Temperature SN = 6264
* Conductivity SN = 4928
* Number of Bytes Per Scan = 40
* Number of Voltage Words = 5
* Number of Scans Averaged by the Deck Unit = 1
* NMEA Latitude = 60 30.23 N
* NMEA Longitude = 006 54.91 E
* NMEA UTC (Time) = Feb 10 2022 01:17:48
* NMEA baud rate = 4800
** Ship: R/V "Kristine Bonnevie"
** Station: 0150
** Echodepth: 297
** Log: 0092.181
** Wind-Dir/Force: 32 08
** Air-temp (dry): 2.6
** Weather Sky:
** Sea:
# nquan = 19                                
# nvalues = 287                         
# units = specified
# name 0 = scan: Scan Count
# name 1 = prDM: Pressure, Digiquartz [db]
# name 2 = t068C: Temperature [ITS-68, deg C]
# name 3 = t168C: Temperature, 2 [ITS-68, deg C]
# name 4 = c0S/m: Conductivity [S/m]
# name 5 = c1S/m: Conductivity, 2 [S/m]
# name 6 = sbeox0V: Oxygen raw, SBE 43 [V]
# name 7 = flECO-AFL: Fluorescence, WET Labs ECO-AFL/FL [mg/m^3]
# name 8 = altM: Altimeter [m]
# name 9 = par: PAR/Irradiance, Biospherical/Licor
# name 10 = spar: SPAR/Surface Irradiance
# name 11 = CStarTr0: Beam Transmission, WET Labs C-Star [%]
# name 12 = sbeox0ML/L: Oxygen, SBE 43 [ml/l], WS = 2
# name 13 = sal00: Salinity, Practical [PSU]
# name 14 = sal11: Salinity, Practical, 2 [PSU]
# name 15 = sigma-t00: Density [sigma-t, Kg/m^3 ]
# name 16 = svCM: Sound Velocity [Chen-Millero, m/s]
# name 17 = avgsvCM: Average Sound Velocity [Chen-Millero, m/s], minP = 1, minS = 5
# name 18 = flag: flag
# span 0 =         14,       6665       
# span 1 =      3.000,    289.000       
# span 2 =     3.9065,    10.1638       
# span 3 =     3.9122,    10.1615       
# span 4 =   2.390260,   3.679255       
# span 5 =   2.392467,   3.680833       
# span 6 =     1.5935,     2.4848       
# span 7 =    -0.0718,     0.8518       
# span 8 =       8.37,     100.08       
# span 9 = 4.9119e-02, 5.8763e-01       
# span 10 = 0.0000e+00, 0.0000e+00      
# span 11 =    75.2569,    81.9256      
# span 12 =    3.65838,    7.68998      
# span 13 =    24.9718,    34.9469      
# span 14 =    24.9927,    34.9621      
# span 15 =    19.8266,    27.2822      
# span 16 =    1453.39,    1489.05      
# span 17 =    1453.39,    1483.02      
# span 18 = 0.0000e+00, 0.0000e+00      
# interval = decibars: 1                
# start_time = Feb 10 2022 01:17:50 [System UTC, header]
# bad_flag = -9.990e-29
*END*
         14      3.000     3.9065     3.9122   2.390260   2.392467     2.4622     0.8498      73.36 5.8763e-01 0.0000e+00    78.3098    7.68998    24.9718    24.9927    19.8266    1453.39    1453.39 0.0000e+00
         44      4.000     3.9959     4.0261   2.408937   2.416351     2.4634     0.8069      98.72 3.6085e-01 0.0000e+00    78.3182    7.68875    25.1167    25.1783    19.9347    1453.97    1453.54 0.0000e+00
         73      5.000     4.1040     4.1510   2.433522   2.444564     2.4654     0.8012      98.83 2.4628e-01 0.0000e+00    78.3434    7.66309    25.3140    25.4036    20.0827    1454.71    1453.77 0.0000e+00
        101      6.000     4.2520     4.2549   2.464719   2.466222     2.4672     0.8281      98.83 2.0036e-01 0.0000e+00    78.2150    7.64496    25.5544    25.5693    20.2615    1455.66    1454.08 0.0000e+00
        128      7.000     4.2719     4.2843   2.470515   2.472618     2.4705     0.8257      98.83 1.4237e-01 0.0000e+00    78.2707    7.63632    25.6045    25.6187    20.2995    1455.82    1454.33 0.0000e+00
        153      8.000     4.3654     4.3677   2.496354   2.498120     2.4704     0.8003      98.83 1.0425e-01 0.0000e+00    78.2422    7.57911    25.8247    25.8430    20.4663    1456.52    1454.60 0.0000e+00
        178      9.000     4.4872     4.4830   2.525625   2.524716     2.4704     0.8028      98.82 7.8019e-02 0.0000e+00    78.2013    7.55149    26.0606    26.0536    20.6428    1457.35    1454.91 0.0000e+00
        202     10.000     4.5895     4.5815   2.539707   2.539331     2.4707     0.8518      98.83 5.7955e-02 0.0000e+00    78.2473    7.53552    26.1388    26.1409    20.6958    1457.90    1455.21 0.0000e+00
        225     11.000     4.6575     4.6513   2.555282   2.554872     2.4718     0.8308      98.83 5.2143e-02 0.0000e+00    78.2674    7.51935    26.2605    26.2608    20.7862    1458.35    1455.49 0.0000e+00
        249     12.000     4.7226     4.7177   2.572198   2.571663     2.4718     0.7879      98.83 4.9533e-02 0.0000e+00    78.3325    7.48536    26.3993    26.3971    20.8902    1458.82    1455.77 0.0000e+00
        271     13.000     4.7776     4.7703   2.589723   2.589792     2.4713     0.7351      98.83 4.9518e-02 0.0000e+00    78.4103    7.45492    26.5525    26.5591    21.0065    1459.26    1456.04 0.0000e+00
        293     14.000     4.8000     4.8017   2.596928   2.597195     2.4696     0.7072      98.83 4.9512e-02 0.0000e+00    78.4377    7.43294    26.6153    26.6170    21.0542    1459.45    1456.28 0.0000e+00
        315     15.000     4.7424     4.7385   2.604985   2.605209     2.4680     0.7127      98.83 4.9499e-02 0.0000e+00    78.5318    7.42300    26.7520    26.7577    21.1677    1459.40    1456.49 0.0000e+00
        338     16.000     4.9176     4.9106   2.646931   2.647505     2.4646     0.7352      98.83 4.9497e-02 0.0000e+00    78.5989    7.35696    27.0824    27.0946    21.4129    1460.57    1456.74 0.0000e+00
        362     17.000     5.0627     5.0542   2.673569   2.674178     2.4638     0.7365      98.83 4.9491e-02 0.0000e+00    78.5727    7.35901    27.2630    27.2767    21.5418    1461.42    1457.02 0.0000e+00
        386     18.000     5.4643     5.4413   2.735074   2.735314     2.4648     0.7077      98.83 4.9499e-02 0.0000e+00    78.6186    7.29902    27.6203    27.6418    21.7841    1463.54    1457.38 0.0000e+00
        410     19.000     5.6456     5.6364   2.766804   2.766488     2.4694     0.6632      98.83 4.9520e-02 0.0000e+00    78.7304    7.30472    27.8225    27.8266    21.9249    1464.56    1457.75 0.0000e+00
        433     20.000     5.8151     5.7932   2.799275   2.799832     2.4740     0.5762      98.83 4.9505e-02 0.0000e+00    78.8836    7.23525    28.0408    28.0651    22.0791    1465.54    1458.14 0.0000e+00
        456     21.000     6.5215     6.4940   2.939439   2.940761     2.4733     0.5144      98.83 4.9487e-02 0.0000e+00    79.0834    7.06065    28.9838    29.0215    22.7421    1469.58    1458.68 0.0000e+00
        480     22.000     6.8075     6.7935   2.993843   2.994351     2.4794     0.4759      98.83 4.9503e-02 0.0000e+00    79.0200    7.07383    29.3303    29.3477    22.9802    1471.17    1459.25 0.0000e+00
        503     23.000     7.0102     7.0004   3.030237   3.031251     2.4848     0.4240      98.83 4.9488e-02 0.0000e+00    79.3860    6.98389    29.5493    29.5686    23.1272    1472.25    1459.81 0.0000e+00
        525     24.000     7.2874     7.2696   3.082830   3.083879     2.4826     0.3405      98.83 4.9502e-02 0.0000e+00    79.7236    6.83675    29.8754    29.9020    23.3480    1473.76    1460.38 0.0000e+00
        548     25.000     7.5448     7.5249   3.127320   3.128502     2.4756     0.2538      98.83 4.9512e-02 0.0000e+00    79.8899    6.72966    30.1277    30.1575    23.5122    1475.09    1460.96 0.0000e+00
        571     26.000     8.2163     8.1845   3.253613   3.255897     2.4677     0.2861      98.83 4.9493e-02 0.0000e+00    80.0284    6.57594    30.8777    30.9297    24.0077    1478.61    1461.64 0.0000e+00
        594     27.000     8.5921     8.5758   3.322517   3.324004     2.4640     0.1688      98.82 4.9517e-02 0.0000e+00    80.1668    6.53591    31.2675    31.2974    24.2584    1480.53    1462.33 0.0000e+00
        617     28.000     8.9088     8.8917   3.385662   3.387846     2.4617     0.0800      98.83 4.9482e-02 0.0000e+00    80.2421    6.42264    31.6426    31.6805    24.5044    1482.19    1463.03 0.0000e+00
        640     29.000     9.5490     9.5091   3.517788   3.518900     2.4515     0.0642      98.83 4.9487e-02 0.0000e+00    80.5950    6.21753    32.4291    32.4766    25.0191    1485.53    1463.79 0.0000e+00
        663     30.000    10.0060     9.9905   3.615283   3.617077     2.4407     0.0639      98.83 4.9490e-02 0.0000e+00    80.7917    6.10408    33.0076    33.0400    25.3958    1487.91    1464.58 0.0000e+00
        685     31.000    10.1345    10.1291   3.652386   3.654082     2.4300     0.0361      98.83 4.9506e-02 0.0000e+00    80.6839    5.97799    33.2658    33.2879    25.5757    1488.71    1465.35 0.0000e+00
        708     32.000    10.1638    10.1615   3.672952   3.674484     2.4055    -0.0173      72.14 4.9493e-02 0.0000e+00    80.9323    5.75600    33.4468    33.4644    25.7120    1489.05    1466.08 0.0000e+00
        731     33.000    10.1331    10.1328   3.677833   3.679436     2.3688    -0.0360      86.82 4.9493e-02 0.0000e+00    81.2894    5.57590    33.5242    33.5407    25.7776    1489.05    1466.76 0.0000e+00
        754     34.000    10.0931    10.0935   3.679229   3.680833     2.3311    -0.0407      71.56 4.9496e-02 0.0000e+00    81.4224    5.46057    33.5750    33.5909    25.8240    1488.98    1467.41 0.0000e+00
        776     35.000    10.0388    10.0419   3.679255   3.680820     2.2945    -0.0570      80.72 4.9469e-02 0.0000e+00    81.4244    5.38195    33.6253    33.6383    25.8724    1488.86    1468.01 0.0000e+00
        799     36.000     9.8915     9.8964   3.674989   3.676555     2.2626    -0.0587      50.43 4.9488e-02 0.0000e+00    81.4543    5.33893    33.7187    33.7301    25.9701    1488.46    1468.57 0.0000e+00
        822     37.000     9.8550     9.8557   3.673690   3.675209     2.2351 -9.990e-29      84.38 4.9499e-02 0.0000e+00    81.4491    5.29297    33.7391    33.7540    25.9922    1488.37    1469.10 0.0000e+00
        845     38.000     9.7631     9.7685   3.670302   3.671841     2.2114 -9.990e-29      46.44 4.9475e-02 0.0000e+00    81.4146    5.26955    33.7902    33.8009    26.0473    1488.12    1469.59 0.0000e+00
        869     39.000     9.6518     9.6541   3.664835   3.666361     2.1911 -9.990e-29      95.31 4.9491e-02 0.0000e+00    81.2453    5.24612    33.8383    33.8518    26.1034    1487.79    1470.06 0.0000e+00
        892     40.000     9.5555     9.5620   3.660177   3.661691     2.1735 -9.990e-29      34.53 4.9502e-02 0.0000e+00    80.9744    5.21372    33.8807    33.8902    26.1524    1487.51    1470.49 0.0000e+00
        914     41.000     9.4047     9.4070   3.653532   3.654999     2.1571 -9.990e-29      99.69 4.9487e-02 0.0000e+00    80.5432    5.17565    33.9544    33.9674    26.2347    1487.07    1470.89 0.0000e+00
        937     42.000     9.3390     9.3419   3.650717   3.652177     2.1395 -9.990e-29      45.66 4.9487e-02 0.0000e+00    79.9329    5.12095    33.9873    33.9996    26.2710    1486.88    1471.26 0.0000e+00
        960     43.000     9.2402     9.2458   3.646871   3.648392     2.1216 -9.990e-29      96.37 4.9500e-02 0.0000e+00    79.3391    5.05572    34.0410    34.0514    26.3291    1486.60    1471.62 0.0000e+00
        983     44.000     9.1454     9.1477   3.643390   3.644858     2.1011 -9.990e-29      47.29 4.9505e-02 0.0000e+00    78.7059    4.97419    34.0949    34.1080    26.3865    1486.34    1471.95 0.0000e+00
       1006     45.000     9.1086     9.1091   3.642133   3.643611     2.0788    -0.0558      85.01 4.9469e-02 0.0000e+00    78.2461    4.89823    34.1166    34.1315    26.4093    1486.25    1472.26 0.0000e+00
       1029     46.000     9.0681     9.0700   3.641045   3.642535     2.0566    -0.0558      53.87 4.9487e-02 0.0000e+00    77.8561    4.83698    34.1436    34.1573    26.4370    1486.15    1472.56 0.0000e+00
       1052     47.000     9.0241     9.0244   3.639922   3.641368     2.0353    -0.0558      71.45 4.9493e-02 0.0000e+00    77.5387    4.77956    34.1736    34.1884    26.4675    1486.04    1472.85 0.0000e+00
       1075     48.000     8.9915     8.9920   3.639216   3.640682     2.0147    -0.0558      59.40 4.9505e-02 0.0000e+00    77.3131    4.72546    34.1971    34.2120    26.4911    1485.96    1473.12 0.0000e+00
       1098     49.000     8.9418     8.9433   3.637969   3.639405     1.9953    -0.0558      98.47 4.9499e-02 0.0000e+00    77.1659    4.68561    34.2315    34.2451    26.5259    1485.84    1473.37 0.0000e+00
       1121     50.000     8.8941     8.8943   3.636758   3.638205     1.9781    -0.0558      91.82 4.9499e-02 0.0000e+00    77.0222    4.65030    34.2643    34.2793    26.5592    1485.72    1473.62 0.0000e+00
       1144     51.000     8.8703     8.8699   3.636281   3.637721     1.9617    -0.0558      98.78 4.9493e-02 0.0000e+00    76.9154    4.60054    34.2818    34.2973    26.5767    1485.67    1473.85 0.0000e+00
       1167     52.000     8.8501     8.8496   3.635902   3.637353     1.9442    -0.0558      90.58 4.9474e-02 0.0000e+00    76.8313    4.53560    34.2969    34.3126    26.5917    1485.63    1474.08 0.0000e+00
       1190     53.000     8.8301     8.8305   3.635622   3.637042     1.9261    -0.0558      33.07 4.9464e-02 0.0000e+00    76.7291    4.47997    34.3129    34.3274    26.6073    1485.59    1474.29 0.0000e+00
       1214     54.000     8.7771     8.7777   3.634606   3.636018     1.9091 -9.990e-29      89.56 4.9480e-02 0.0000e+00    76.6165    4.44414    34.3531    34.3673    26.6471    1485.46    1474.50 0.0000e+00
       1237     55.000     8.7394     8.7392   3.633882   3.635317     1.8936 -9.990e-29      32.57 4.9487e-02 0.0000e+00    76.5229    4.40866    34.3816    34.3969    26.6754    1485.37    1474.70 0.0000e+00
       1260     56.000     8.7171     8.7169   3.633371   3.634801     1.8786 -9.990e-29     100.08 4.9493e-02 0.0000e+00    76.3977    4.35571    34.3974    34.4126    26.6913    1485.33    1474.88 0.0000e+00
       1284     57.000     8.6997     8.6987   3.633020   3.634438     1.8622 -9.990e-29      39.00 4.9474e-02 0.0000e+00    76.2738    4.29014    34.4101    34.4260    26.7040    1485.29    1475.06 0.0000e+00
       1307     58.000     8.6892     8.6881   3.632873   3.634289     1.8446    -0.0558      89.55 4.9499e-02 0.0000e+00    76.1634    4.23090    34.4183    34.4343    26.7121    1485.28    1475.24 0.0000e+00
       1330     59.000     8.6856     8.6846   3.632901   3.634322     1.8277    -0.0558      45.94 4.9506e-02 0.0000e+00    76.0847    4.18563    34.4216    34.4376    26.7152    1485.29    1475.41 0.0000e+00
       1353     60.000     8.6748     8.6740   3.632734   3.634124     1.8122    -0.0558      78.52 4.9493e-02 0.0000e+00    75.9819    4.15677    34.4299    34.4453    26.7234    1485.27    1475.57 0.0000e+00
       1376     61.000     8.6322     8.6333   3.631751   3.633136     1.7993    -0.0558      57.11 4.9480e-02 0.0000e+00    75.8935    4.14496    34.4606    34.4741    26.7541    1485.17    1475.73 0.0000e+00
       1399     62.000     8.5925     8.5923   3.630765   3.632156     1.7884    -0.0558      65.26 4.9490e-02 0.0000e+00    75.8164    4.12633    34.4884    34.5033    26.7821    1485.07    1475.88 0.0000e+00
       1422     63.000     8.5660     8.5658   3.630097   3.631484     1.7783    -0.0558      56.93 4.9487e-02 0.0000e+00    75.7431    4.09697    34.5068    34.5216    26.8006    1485.01    1476.02 0.0000e+00
       1445     64.000     8.5480     8.5473   3.629629   3.631016     1.7674    -0.0558      53.30 4.9497e-02 0.0000e+00    75.6624    4.05208    34.5189    34.5343    26.8129    1484.98    1476.16 0.0000e+00
       1469     65.000     8.5366     8.5357   3.629324   3.630717     1.7555    -0.0558      78.48 4.9499e-02 0.0000e+00    75.5633    4.00707    34.5264    34.5420    26.8205    1484.96    1476.30 0.0000e+00
       1491     66.000     8.5257     8.5248   3.629037   3.630427     1.7432    -0.0558      98.77 4.9515e-02 0.0000e+00    75.5290    3.96296    34.5335    34.5491    26.8278    1484.95    1476.43 0.0000e+00
       1514     67.000     8.5188     8.5176   3.628947   3.630323     1.7311    -0.0558      94.99 4.9491e-02 0.0000e+00    75.4971    3.93934    34.5388    34.5546    26.8331    1484.94    1476.55 0.0000e+00
       1538     68.000     8.5088     8.5082   3.628749   3.630123     1.7210    -0.0558      98.72 4.9499e-02 0.0000e+00    75.4197    3.93395    34.5461    34.5612    26.8403    1484.93    1476.68 0.0000e+00
       1561     69.000     8.4801     8.4803   3.627950   3.629324     1.7136    -0.0558      98.79 4.9541e-02 0.0000e+00    75.3786    3.93377    34.5652    34.5796    26.8598    1484.86    1476.79 0.0000e+00
       1584     70.000     8.4596     8.4589   3.627301   3.628673     1.7076    -0.0558      97.77 4.9518e-02 0.0000e+00    75.3392    3.92879    34.5780    34.5932    26.8729    1484.82    1476.91 0.0000e+00
       1607     71.000     8.4527     8.4516   3.627156   3.628531     1.7024    -0.0558      93.99 4.9505e-02 0.0000e+00    75.3099    3.91760    34.5827    34.5984    26.8777    1484.82    1477.02 0.0000e+00
       1630     72.000     8.4489     8.4477   3.627115   3.628481     1.6973    -0.0558      32.57 4.9505e-02 0.0000e+00    75.2939    3.89407    34.5856    34.6012    26.8805    1484.82    1477.13 0.0000e+00
       1654     73.000     8.4467     8.4456   3.627150   3.628518     1.6911    -0.0558      86.19 4.9549e-02 0.0000e+00    75.2569    3.86972    34.5876    34.6032    26.8825    1484.83    1477.23 0.0000e+00
       1677     74.000     8.4426     8.4418   3.627129   3.628515     1.6849    -0.0558      52.80 4.9493e-02 0.0000e+00    75.2852    3.85769    34.5909    34.6064    26.8857    1484.84    1477.33 0.0000e+00
       1700     75.000     8.4415     8.4401   3.627193   3.628561     1.6802    -0.0558      81.49 4.9518e-02 0.0000e+00    75.2880    3.86324    34.5922    34.6081    26.8869    1484.85    1477.43 0.0000e+00
       1724     76.000     8.4321     8.4314   3.626934   3.628296     1.6777    -0.0558      70.26 4.9514e-02 0.0000e+00    75.3298    3.87314    34.5982    34.6134    26.8930    1484.84    1477.53 0.0000e+00
       1747     77.000     8.4246     8.4232   3.626803   3.628161     1.6764    -0.0558      71.94 4.9503e-02 0.0000e+00    75.3465    3.88153    34.6037    34.6195    26.8985    1484.84    1477.62 0.0000e+00
       1771     78.000     8.4211     8.4199   3.627005   3.628378     1.6756    -0.0558      83.81 4.9505e-02 0.0000e+00    75.4218    3.88131    34.6088    34.6246    26.9030    1484.85    1477.72 0.0000e+00
