_data/ctd/2022603/sta0187.cnv
* Sea-Bird SBE 9 Data File:
* FileName = C:\Seabird\CTDData\sta0187.hex
* Software Version Seasave V 7.21f
* Temperature SN = 6264
* Conductivity SN = 4928
* Number of Bytes Per Scan = 40
* Number of Voltage Words = 5
* Number of Scans Averaged by the Deck Unit = 1
* NMEA Latitude = 61 15.36 N
* NMEA Longitude = 006 35.96 E
* NMEA UTC (Time) = Feb 14 2022 13:49:53
* NMEA baud rate = 4800
** Ship: R/V "Kristine Bonnevie"
** Station: 0187
** Echodepth: 239
** Log: 0746.370
** Wind-Dir/Force: 31 01
** Air-temp (dry): 3.3
** Weather Sky:
** Sea:
# nquan = 19                                
# nvalues = 234                         
# units = specified
# name 0 = scan: Scan Count
# name 1 = prDM: Pressure, Digiquartz [db]
# name 2 = t068C: Temperature [ITS-68, deg C]
# name 3 = t168C: Temperature, 2 [ITS-68, deg C]
# name 4 = c0S/m: Conductivity [S/m]
# name 5 = c1S/m: Conductivity, 2 [S/m]
# name 6 = sbeox0V: Oxygen raw, SBE 43 [V]
# name 7 = flECO-AFL: Fluorescence, WET Labs ECO-AFL/FL [mg/m^3]
# name 8 = altM: Altimeter [m]
# name 9 = par: PAR/Irradiance, Biospherical/Licor
# name 10 = spar: SPAR/Surface Irradiance
# name 11 = CStarTr0: Beam Transmission, WET Labs C-Star [%]
# name 12 = sbeox0ML/L: Oxygen, SBE 43 [ml/l], WS = 2
# name 13 = sal00: Salinity, Practical [PSU]
# name 14 = sal11: Salinity, Practical, 2 [PSU]
# name 15 = sigma-t00: Density [sigma-t, Kg/m^3 ]
# name 16 = svCM: Sound Velocity [Chen-Millero, m/s]
# name 17 = avgsvCM: Average Sound Velocity [Chen-Millero, m/s], minP = 1, minS = 5
# name 18 = flag: flag
# span 0 =        207,       5849       
# span 1 =      1.000,    234.000       
# span 2 =     4.4177,    10.0866       
# span 3 =     4.3787,    10.0847       
# span 4 =   2.713509,   3.712290       
# span 5 =   2.701865,   3.713895       
# span 6 =     1.8733,     2.5010       
# span 7 =    -0.1072,     0.9236       
# span 8 =       7.88,      99.48       
# span 9 = 4.9456e-02, 5.7823e+01       
# span 10 = 7.3586e+01, 9.1939e+01      
# span 11 =    77.2341,    81.8836      
# span 12 =    4.64836,    7.42891      
# span 13 =    28.2625,    34.9577      
# span 14 =    28.1624,    34.9741      
# span 15 =    22.3941,    27.2765      
# span 16 =    1459.74,    1489.27      
# span 17 =    1459.74,    1484.08      
# span 18 = 0.0000e+00, 0.0000e+00      
# interval = decibars: 1                
# start_time = Feb 14 2022 13:49:55 [System UTC, header]
# bad_flag = -9.990e-29
*END*
[from data line 153]
       3813    154.000     8.1155     8.1140   3.622351   3.623742     1.9639    -0.0772      62.96 4.9462e-02 7.9947e+01    81.6790    4.86604    34.8244    34.8408    27.1189    1485.22    1483.42 0.0000e+00
       3837    155.000     8.1029     8.1022   3.621526   3.622919     1.9599    -0.0748      85.32 4.9491e-02 7.9947e+01    81.6812    4.85845    34.8276    34.8433    27.1233    1485.19    1483.43 0.0000e+00
       3860    156.000     8.0928     8.0915   3.621031   3.622416     1.9557    -0.0744      68.24 4.9493e-02 7.9947e+01    81.6640    4.84482    34.8319    34.8480    27.1282    1485.17    1483.44 0.0000e+00
       3883    157.000     8.0892     8.0875   3.620995   3.622374     1.9514    -0.0701      96.52 4.9493e-02 7.9947e+01    81.6247    4.82389    34.8346    34.8511    27.1308    1485.18    1483.45 0.0000e+00
       3906    158.000     8.0871     8.0858   3.620966   3.622366     1.9463    -0.0930      72.75 4.9493e-02 7.9829e+01    81.5732    4.79798    34.8359    34.8522    27.1322    1485.19    1483.47 0.0000e+00
       3929    159.000     8.0809     8.0796   3.620578   3.621970     1.9405    -0.0747      98.48 4.9470e-02 -9.990e-29    81.5443    4.78374    34.8374    34.8536    27.1343    1485.18    1483.48 0.0000e+00
       3952    160.000     8.0788     8.0772   3.620513   3.621899     1.9355    -0.0769      86.82 4.9493e-02 -9.990e-29    81.5224    4.77808    34.8383    34.8548    27.1353    1485.19    1483.49 0.0000e+00
       3975    161.000     8.0746     8.0734   3.620295   3.621682     1.9319    -0.0722      98.64 4.9476e-02 -9.990e-29    81.4817    4.77610    34.8397    34.8557    27.1370    1485.20    1483.50 0.0000e+00
       3998    162.000     8.0708     8.0690   3.620125   3.621514     1.9280    -0.0730      86.70 4.9505e-02 -9.990e-29    81.4251    4.76331    34.8411    34.8578    27.1388    1485.20    1483.51 0.0000e+00
       4021    163.000     8.0666     8.0651   3.619849   3.621218     1.9247    -0.0753      98.75 4.9463e-02 -9.990e-29    81.3832    4.75484    34.8419    34.8580    27.1400    1485.20    1483.52 0.0000e+00
       4044    164.000     8.0587     8.0575   3.619300   3.620699     1.9209    -0.0699      98.60 4.9491e-02 -9.990e-29    81.3429    4.74509    34.8434    34.8596    27.1423    1485.19    1483.53 0.0000e+00
       4068    165.000     8.0578     8.0562   3.619472   3.620857     1.9176    -0.1040      31.94 4.9469e-02 -9.990e-29    81.2745    4.73328    34.8456    34.8621    27.1442    1485.21    1483.54 0.0000e+00
       4091    166.000     8.0518     8.0508   3.619193   3.620598     1.9139    -0.0729      90.03 4.9500e-02 7.8296e+01    81.2260    4.71520    34.8481    34.8642    27.1471    1485.20    1483.55 0.0000e+00
       4115    167.000     8.0437     8.0425   3.618840   3.620227     1.9092    -0.0740      46.27 4.9491e-02 7.7948e+01    81.2578    4.70029    34.8519    34.8680    27.1513    1485.19    1483.56 0.0000e+00
       4138    168.000     8.0424     8.0407   3.618903   3.620293     1.9056    -0.0650      82.96 4.9493e-02 7.7948e+01    81.2833    4.70078    34.8534    34.8700    27.1526    1485.21    1483.57 0.0000e+00
       4162    169.000     8.0394     8.0377   3.618816   3.620187     1.9027    -0.0690      68.01 4.9491e-02 7.7948e+01    81.2293    4.69867    34.8549    34.8713    27.1543    1485.21    1483.58 0.0000e+00
       4185    170.000     8.0346     8.0332   3.618577   3.619964     1.9006    -0.0713      97.48 4.9499e-02 7.7948e+01    81.2015    4.70114    34.8567    34.8729    27.1564    1485.21    1483.59 0.0000e+00
       4209    171.000     8.0338     8.0323   3.618587   3.619988     1.8990    -0.0761      39.61 4.9515e-02 7.7948e+01    81.2617    4.70455    34.8571    34.8736    27.1568    1485.23    1483.60 0.0000e+00
       4232    172.000     8.0299     8.0286   3.618379   3.619757     1.8983    -0.0757      83.75 4.9486e-02 7.7948e+01    81.2559    4.70828    34.8583    34.8743    27.1584    1485.23    1483.61 0.0000e+00
       4256    173.000     8.0232     8.0219   3.617982   3.619363     1.8978    -0.0736      60.59 4.9475e-02 7.7948e+01    81.2449    4.70912    34.8602    34.8763    27.1609    1485.23    1483.62 0.0000e+00
       4279    174.000     8.0177     8.0161   3.617713   3.619088     1.8971    -0.0799      73.57 4.9514e-02 7.7948e+01    81.2107    4.70165    34.8623    34.8786    27.1633    1485.22    1483.63 0.0000e+00
       4303    175.000     8.0166     8.0149   3.617702   3.619090     1.8955    -0.1009      73.07 4.9512e-02 7.7948e+01    81.1847    4.68780    34.8628    34.8794    27.1639    1485.24    1483.63 0.0000e+00
       4326    176.000     8.0152     8.0137   3.617689   3.619076     1.8934    -0.0777      88.14 4.9526e-02 7.7948e+01    81.1797    4.68002    34.8635    34.8799    27.1647    1485.25    1483.64 0.0000e+00
       4350    177.000     8.0129     8.0114   3.617579   3.618965     1.8913    -0.0757      48.74 4.9493e-02 7.7948e+01    81.1694    4.67124    34.8642    34.8805    27.1656    1485.26    1483.65 0.0000e+00
       4374    178.000     8.0097     8.0083   3.617442   3.618829     1.8891    -0.0750      72.35 4.9478e-02 7.7948e+01    81.1624    4.66840    34.8654    34.8817    27.1670    1485.26    1483.66 0.0000e+00
       4398    179.000     8.0083     8.0067   3.617412   3.618804     1.8871    -0.0721      65.08 4.9481e-02 7.7948e+01    81.1462    4.66256    34.8660    34.8825    27.1677    1485.27    1483.67 0.0000e+00
       4422    180.000     8.0063     8.0049   3.617351   3.618747     1.8853    -0.0710      70.05 4.9480e-02 7.7948e+01    81.1062    4.65877    34.8668    34.8832    27.1686    1485.28    1483.68 0.0000e+00
       4446    181.000     8.0056     8.0039   3.617365   3.618741     1.8834    -0.0643      84.28 4.9514e-02 7.7948e+01    81.0912    4.65527    34.8672    34.8837    27.1690    1485.30    1483.69 0.0000e+00
       4469    182.000     8.0046     8.0030   3.617360   3.618738     1.8820    -0.0613      73.65 4.9514e-02 7.7948e+01    80.9527    4.65502    34.8677    34.8840    27.1695    1485.31    1483.70 0.0000e+00
       4493    183.000     8.0002     7.9989   3.617180   3.618574     1.8809    -0.0673      59.88 4.9505e-02 7.7948e+01    81.0575    4.65397    34.8696    34.8859    27.1717    1485.31    1483.71 0.0000e+00
       4517    184.000     7.9971     7.9956   3.617072   3.618462     1.8795    -0.0720      69.21 4.9485e-02 7.7948e+01    81.0474    4.64836    34.8711    34.8875    27.1733    1485.32    1483.72 0.0000e+00
       4540    185.000     7.9954     7.9939   3.617046   3.618432     1.8785    -0.0702      63.39 4.9491e-02 7.7617e+01    81.0485    4.64944    34.8720    34.8884    27.1743    1485.33    1483.72 0.0000e+00
       4564    186.000     7.9939     7.9924   3.617009   3.618399     1.8777    -0.0986      56.97 4.9520e-02 7.6680e+01    81.0122    4.65154    34.8726    34.8890    27.1750    1485.34    1483.73 0.0000e+00
       4588    187.000     7.9923     7.9907   3.616975   3.618363     1.8772    -0.0706      93.89 4.9524e-02 7.6500e+01    81.0280    4.65357    34.8734    34.8899    27.1759    1485.36    1483.74 0.0000e+00
       4612    188.000     7.9898     7.9883   3.616903   3.618299     1.8770    -0.0704      64.65 4.9514e-02 7.5942e+01    81.0221    4.65633    34.8746    34.8911    27.1772    1485.36    1483.75 0.0000e+00
       4636    189.000     7.9842     7.9831   3.616668   3.618062     1.8769    -0.0675      72.48 4.9479e-02 7.5949e+01    80.9964    4.65450    34.8772    34.8932    27.1801    1485.36    1483.76 0.0000e+00
       4659    190.000     7.9758     7.9746   3.616242   3.617629     1.8765    -0.0673      52.96 4.9491e-02 7.5949e+01    81.0034    4.65560    34.8805    34.8966    27.1839    1485.35    1483.77 0.0000e+00
       4683    191.000     7.9725     7.9709   3.616109   3.617494     1.8763    -0.0743      89.79 4.9491e-02 7.5949e+01    80.9909    4.65861    34.8818    34.8983    27.1855    1485.36    1483.78 0.0000e+00
       4707    192.000     7.9693     7.9680   3.616004   3.617392     1.8765    -0.0706      43.83 4.9508e-02 7.5949e+01    80.8529    4.66185    34.8834    34.8996    27.1872    1485.36    1483.78 0.0000e+00
       4731    193.000     7.9666     7.9650   3.615877   3.617259     1.8766    -0.0673      64.09 4.9491e-02 7.5949e+01    80.7737    4.65982    34.8843    34.9007    27.1883    1485.37    1483.79 0.0000e+00
       4755    194.000     7.9665     7.9648   3.615919   3.617306     1.8761    -0.0723      54.51 4.9497e-02 7.5949e+01    80.7266    4.65893    34.8843    34.9009    27.1883    1485.39    1483.80 0.0000e+00
       4779    195.000     7.9659     7.9645   3.615939   3.617339     1.8762    -0.0669      89.42 4.9485e-02 7.5949e+01    80.5156    4.66247    34.8847    34.9011    27.1887    1485.40    1483.81 0.0000e+00
       4803    196.000     7.9643     7.9626   3.615900   3.617272     1.8762    -0.0675      69.54 4.9474e-02 7.5949e+01    80.3480    4.65700    34.8854    34.9018    27.1895    1485.41    1483.82 0.0000e+00
       4828    197.000     7.9630     7.9614   3.615869   3.617263     1.8756    -0.0647      81.78 4.9497e-02 7.5949e+01    80.1933    4.65356    34.8858    34.9024    27.1900    1485.42    1483.82 0.0000e+00
       4851    198.000     7.9622     7.9604   3.615900   3.617287     1.8748    -0.0643      45.83 4.9497e-02 7.5949e+01    80.1048    4.65224    34.8865    34.9032    27.1907    1485.44    1483.83 0.0000e+00
       4875    199.000     7.9606     7.9591   3.615884   3.617266     1.8743    -0.0635      47.34 4.9508e-02 7.5949e+01    80.2692    4.65079    34.8874    34.9038    27.1916    1485.45    1483.84 0.0000e+00
       4899    200.000     7.9563     7.9549   3.615706   3.617091     1.8736    -0.0673      92.66 4.9491e-02 7.5949e+01    80.4914    4.65066    34.8893    34.9056    27.1938    1485.45    1483.85 0.0000e+00
       4923    201.000     7.9501     7.9487   3.615395   3.616778     1.8733    -0.0910      60.60 4.9491e-02 7.5949e+01    80.7430    4.65801    34.8917    34.9079    27.1965    1485.45    1483.86 0.0000e+00
       4947    202.000     7.9478     7.9462   3.615308   3.616695     1.8738    -0.0734      67.13 4.9512e-02 7.5949e+01    80.8514    4.66412    34.8925    34.9090    27.1976    1485.46    1483.86 0.0000e+00
       4971    203.000     7.9462     7.9446   3.615266   3.616649     1.8743    -0.0637      40.02 4.9495e-02 7.5949e+01    80.7264    4.67218    34.8932    34.9096    27.1983    1485.47    1483.87 0.0000e+00
       4995    204.000     7.9434     7.9419   3.615167   3.616545     1.8754    -0.0662      78.94 4.9491e-02 7.5949e+01    80.6064    4.67336    34.8944    34.9107    27.1997    1485.48    1483.88 0.0000e+00
       5019    205.000     7.9418     7.9403   3.615134   3.616518     1.8756    -0.0636      60.88 4.9480e-02 7.5949e+01    80.5648    4.67216    34.8952    34.9116    27.2006    1485.49    1483.89 0.0000e+00
       5043    206.000     7.9412     7.9398   3.615158   3.616555     1.8763    -0.0658      29.11 4.9491e-02 7.5949e+01    80.6105    4.67783    34.8956    34.9120    27.2009    1485.50    1483.90 0.0000e+00
       5068    207.000     7.9404     7.9389   3.615159   3.616553     1.8767    -0.0638      35.36 4.9479e-02 7.5949e+01    80.6448    4.67731    34.8959    34.9124    27.2013    1485.52    1483.90 0.0000e+00
       5092    208.000     7.9404     7.9389   3.615214   3.616612     1.8770    -0.0604      34.84 4.9491e-02 7.5949e+01    80.6704    4.68121    34.8960    34.9125    27.2014    1485.53    1483.91 0.0000e+00
       5116    209.000     7.9385     7.9362   3.615145   3.616484     1.8780    -0.0597      33.87 4.9497e-02 7.5949e+01    80.6873    4.68532    34.8967    34.9133    27.2022    1485.54    1483.92 0.0000e+00
       5139    210.000     7.9320     7.9308   3.614855   3.616251     1.8784    -0.0613      32.95 4.9520e-02 7.5949e+01    80.7009    4.68798    34.8995    34.9157    27.2054    1485.54    1483.93 0.0000e+00
       5163    211.000     7.9275     7.9261   3.614641   3.616039     1.8790    -0.0660      31.99 4.9499e-02 7.5949e+01    80.6884    4.68817    34.9012    34.9177    27.2075    1485.54    1483.93 0.0000e+00
       5186    212.000     7.9253     7.9238   3.614572   3.615954     1.8791    -0.0621      30.89 4.9493e-02 7.5949e+01    80.7721    4.68753    34.9022    34.9186    27.2085    1485.55    1483.94 0.0000e+00
       5210    213.000     7.9231     7.9216   3.614493   3.615884     1.8795    -0.0638      29.85 4.9520e-02 7.5196e+01    80.8260    4.69484    34.9031    34.9195    27.2096    1485.56    1483.95 0.0000e+00
       5233    214.000     7.9217     7.9203   3.614455   3.615849     1.8801    -0.0624      28.93 4.9506e-02 7.4336e+01    80.8256    4.69933    34.9036    34.9200    27.2102    1485.57    1483.96 0.0000e+00
       5256    215.000     7.9178     7.9163   3.614281   3.615670     1.8812    -0.0613      27.86 4.9503e-02 7.4503e+01    80.8451    4.70637    34.9051    34.9215    27.2119    1485.57    1483.97 0.0000e+00
       5280    216.000     7.9171     7.9155   3.614293   3.615673     1.8820    -0.0633      26.83 4.9493e-02 7.3957e+01    80.8689    4.70750    34.9055    34.9219    27.2123    1485.59    1483.97 0.0000e+00
       5303    217.000     7.9153     7.9140   3.614230   3.615622     1.8827    -0.0574      25.85 4.9497e-02 7.3951e+01    80.8803    4.70740    34.9061    34.9224    27.2131    1485.60    1483.98 0.0000e+00
       5327    218.000     7.9123     7.9108   3.614093   3.615477     1.8830    -0.0558      24.86 4.9469e-02 7.3951e+01    80.8678    4.70882    34.9071    34.9235    27.2143    1485.60    1483.99 0.0000e+00
       5351    219.000     7.9035     7.9029   3.613599   3.615008     1.8837    -0.0558      23.76 4.9509e-02 7.3951e+01    80.9075    4.71295    34.9101    34.9259    27.2180    1485.59    1483.99 0.0000e+00
       5374    220.000     7.8965     7.8954   3.613222   3.614611     1.8839    -0.0558      22.26 4.9505e-02 7.3951e+01    80.9258    4.70987    34.9126    34.9286    27.2210    1485.58    1484.00 0.0000e+00
       5398    221.000     7.8781     7.8781   3.612140   3.613547     1.8838    -0.0559      21.53 4.9485e-02 7.3951e+01    80.9556    4.71325    34.9188    34.9339    27.2286    1485.54    1484.01 0.0000e+00
       5421    222.000     7.8606     7.8603   3.611107   3.612505     1.8841    -0.0654      20.58 4.9503e-02 7.3951e+01    80.9257    4.72020    34.9247    34.9400    27.2358    1485.50    1484.02 0.0000e+00
       5445    223.000     7.8370     7.8372   3.609694   3.611086     1.8847    -0.0634      19.64 4.9493e-02 7.3951e+01    80.9405    4.72478    34.9325    34.9473    27.2455    1485.43    1484.02 0.0000e+00
       5469    224.000     7.8161     7.8156   3.608450   3.609841     1.8849    -0.0604      18.60 4.9491e-02 7.3951e+01    80.9657    4.72913    34.9395    34.9550    27.2541    1485.38    1484.03 0.0000e+00
       5492    225.000     7.8030     7.8021   3.607660   3.609032     1.8857    -0.0598      17.59 4.9505e-02 7.3951e+01    80.9072    4.74316    34.9436    34.9593    27.2593    1485.35    1484.03 0.0000e+00
       5515    226.000     7.7911     7.7905   3.606948   3.608347     1.8873    -0.0641      16.72 4.9512e-02 7.3951e+01    80.8081    4.75581    34.9474    34.9631    27.2640    1485.33    1484.04 0.0000e+00
       5539    227.000     7.7793     7.7787   3.606243   3.607649     1.8890    -0.0606      15.60 4.9508e-02 7.3951e+01    80.8289    4.76525    34.9511    34.9669    27.2687    1485.30    1484.05 0.0000e+00
       5562    228.000     7.7681     7.7673   3.605585   3.606968     1.8912    -0.0686      14.62 4.9499e-02 7.3951e+01    80.8580    4.78271    34.9547    34.9705    27.2732    1485.28    1484.05 0.0000e+00
