_data/ctd/2022603/sta0163.cnv
* Sea-Bird SBE 9 Data File:
* FileName = C:\Seabird\CTDData\sta0163.hex
* Software Version Seasave V 7.21f
* Temperature SN = 6264
* Conductivity SN = 4928
* Number of Bytes Per Scan = 40
* Number of Voltage Words = 5
* Number of Scans Averaged by the Deck Unit = 1
* NMEA Latitude = 60 04.43 N
* NMEA Longitude = 005 08.05 E
* NMEA UTC (Time) = Feb 12 2022 07:17:50
* NMEA baud rate = 4800
** Ship: R/V "Kristine Bonnevie"
** Station: 0163
** Echodepth: 132
** Log: 0411.554
** Wind-Dir/Force: 19 31
** Air-temp (dry): 5.5
** Weather Sky:
** Sea:
# nquan = 19                                
# nvalues = 135                         
# units = specified
# name 0 = scan: Scan Count
# name 1 = prDM: Pressure, Digiquartz [db]
# name 2 = t068C: Temperature [ITS-68, deg C]
# name 3 = t168C: Temperature, 2 [ITS-68, deg C]
# name 4 = c0S/m: Conductivity [S/m]
# name 5 = c1S/m: Conductivity, 2 [S/m]
# name 6 = sbeox0V: Oxygen raw, SBE 43 [V]
# name 7 = flECO-AFL: Fluorescence, WET Labs ECO-AFL/FL [mg/m^3]
# name 8 = altM: Altimeter [m]
# name 9 = par: PAR/Irradiance, Biospherical/Licor
# name 10 = spar: SPAR/Surface Irradiance
# name 11 = CStarTr0: Beam Transmission, WET Labs C-Star [%]
# name 12 = sbeox0ML/L: Oxygen, SBE 43 [ml/l], WS = 2
# name 13 = sal00: Salinity, Practical [PSU]
# name 14 = sal11: Salinity, Practical, 2 [PSU]
# name 15 = sigma-t00: Density [sigma-t, Kg/m^3 ]
# name 16 = svCM: Sound Velocity [Chen-Millero, m/s]
# name 17 = avgsvCM: Average Sound Velocity [Chen-Millero, m/s], minP = 1, minS = 5
# name 18 = flag: flag
# span 0 =         99,       4382       
# span 1 =      2.000,    136.000       
# span 2 =     6.5415,     8.3212       
# span 3 =     6.5399,     8.3200       
# span 4 =   3.316759,   3.637295       
# span 5 =   3.317754,   3.638699       
# span 6 =     2.1909,     2.5427       
# span 7 =    -0.0764,     0.5505       
# span 8 =      11.81,     100.58       
# span 9 = 4.9464e-02, 1.0885e+00       
# span 10 = 0.0000e+00, 0.0000e+00      
# span 11 =    76.8322,    80.2022      
# span 12 =    5.64947,    7.00387      
# span 13 =    33.1134,    34.9565      
# span 14 =    33.1262,    34.9727      
# span 15 =    25.9929,    27.2199      
# span 16 =    1474.55,    1485.20      
# span 17 =    1474.58,    1481.15      
# span 18 = 0.0000e+00, 0.0000e+00      
# interval = decibars: 1                
# start_time = Feb 12 2022 07:17:53 [System UTC, header]
# bad_flag = -9.990e-29
*END*
         99      2.000     6.5559     6.5439   3.318241   3.318136     2.4887     0.5228     100.58 1.0885e+00 0.0000e+00    79.7490    6.88411    33.1190    33.1295    25.9962    1474.60    1474.60 0.0000e+00
        511      3.000     6.5415     6.5403   3.316810   3.317794     2.4926     0.5078      94.99 8.0404e-01 0.0000e+00    79.4937    6.89208    33.1167    33.1287    25.9962    1474.55    1474.58 0.0000e+00
        592      4.000     6.5416     6.5399   3.316759   3.317754     2.4920     0.5505      93.23 5.9840e-01 0.0000e+00    79.6350    6.89281    33.1155    33.1282    25.9953    1474.57    1474.58 0.0000e+00
        652      5.000     6.5438     6.5417   3.317051   3.318055     2.4915     0.5255      90.74 4.6687e-01 0.0000e+00    79.8502    6.89007    33.1161    33.1293    25.9955    1474.59    1474.58 0.0000e+00
        688      6.000     6.5415     6.5406   3.317106   3.318129     2.4913     0.5455      98.69 3.3705e-01 0.0000e+00    79.8470    6.88833    33.1185    33.1307    25.9976    1474.60    1474.58 0.0000e+00
        721      7.000     6.5446     6.5431   3.317181   3.318216     2.4910     0.5049      84.92 2.7591e-01 0.0000e+00    79.9710    6.88789    33.1158    33.1287    25.9951    1474.63    1474.59 0.0000e+00
        751      8.000     6.5473     6.5463   3.317241   3.318312     2.4908     0.5254      98.87 2.2276e-01 0.0000e+00    79.9230    6.88408    33.1134    33.1262    25.9929    1474.65    1474.60 0.0000e+00
        779      9.000     6.5469     6.5459   3.317275   3.318334     2.4896     0.5262      85.52 1.8478e-01 0.0000e+00    79.8995    6.88274    33.1136    33.1263    25.9931    1474.67    1474.61 0.0000e+00
        810     10.000     6.5461     6.5448   3.317281   3.318330     2.4896     0.5022      97.97 1.4412e-01 0.0000e+00    79.9596    6.89356    33.1140    33.1269    25.9935    1474.68    1474.61 0.0000e+00
        840     11.000     6.5475     6.5460   3.317416   3.318448     2.4905     0.5247      98.48 1.1660e-01 0.0000e+00    79.9561    6.89616    33.1136    33.1265    25.9931    1474.70    1474.62 0.0000e+00
        865     12.000     6.5467     6.5466   3.317466   3.318607     2.4905     0.5254      79.06 1.0342e-01 0.0000e+00    79.9697    6.89433    33.1145    33.1272    25.9938    1474.72    1474.63 0.0000e+00
        889     13.000     6.5459     6.5442   3.317569   3.318573     2.4903     0.4998      99.05 8.1260e-02 0.0000e+00    79.8980    6.88592    33.1159    33.1287    25.9951    1474.73    1474.64 0.0000e+00
        913     14.000     6.5425     6.5405   3.317418   3.318336     2.4895     0.4937      96.02 7.1205e-02 0.0000e+00    79.9857    6.88873    33.1170    33.1291    25.9964    1474.74    1474.64 0.0000e+00
        940     15.000     6.5422     6.5405   3.317799   3.318756     2.4892     0.4937      82.83 6.0599e-02 0.0000e+00    79.9851    6.88801    33.1211    33.1333    25.9996    1474.76    1474.65 0.0000e+00
        967     16.000     6.5442     6.5425   3.318640   3.319629     2.4890     0.4937      98.85 5.4767e-02 0.0000e+00    79.9992    6.88793    33.1279    33.1405    26.0048    1474.79    1474.66 0.0000e+00
        991     17.000     6.5504     6.5497   3.319537   3.320766     2.4883     0.4937      90.04 4.9705e-02 0.0000e+00    79.9790    6.88500    33.1314    33.1457    26.0067    1474.83    1474.67 0.0000e+00
       1013     18.000     6.5594     6.5579   3.320737   3.321788     2.4885     0.5105      82.37 4.9780e-02 0.0000e+00    80.0071    6.89323    33.1354    33.1485    26.0087    1474.89    1474.68 0.0000e+00
       1034     19.000     6.5644     6.5621   3.321458   3.322371     2.4890     0.5256      98.72 4.9500e-02 0.0000e+00    79.9726    6.89759    33.1381    33.1504    26.0101    1474.93    1474.70 0.0000e+00
       1057     20.000     6.5666     6.5653   3.321808   3.322962     2.4896     0.5191      98.11 4.9491e-02 0.0000e+00    79.9827    6.89252    33.1393    33.1534    26.0108    1474.96    1474.71 0.0000e+00
       1082     21.000     6.5715     6.5677   3.322828   3.323495     2.4890     0.4936      77.03 4.9501e-02 0.0000e+00    80.0127    6.88723    33.1454    33.1564    26.0150    1475.00    1474.72 0.0000e+00
       1110     22.000     6.6226     6.6207   3.331749   3.333282     2.4888     0.5022      99.06 4.9501e-02 0.0000e+00    79.9810    6.88158    33.1940    33.2127    26.0466    1475.28    1474.75 0.0000e+00
       1137     23.000     6.6441     6.6405   3.335238   3.336200     2.4893     0.5194      85.03 4.9515e-02 0.0000e+00    79.9867    6.88615    33.2112    33.2253    26.0573    1475.40    1474.78 0.0000e+00
       1160     24.000     6.7673     6.7554   3.359977   3.361044     2.4903     0.4910      85.57 4.9491e-02 0.0000e+00    79.9941    6.86416    33.3639    33.3872    26.1615    1476.09    1474.83 0.0000e+00
       1180     25.000     6.8514     6.8467   3.376284   3.377709     2.4908     0.4633      98.87 4.9499e-02 0.0000e+00    80.0221    6.85735    33.4610    33.4813    26.2268    1476.56    1474.90 0.0000e+00
       1201     26.000     6.8653     6.8643   3.378444   3.379665     2.4933     0.4339      98.57 4.9490e-02 0.0000e+00    80.0072    6.87661    33.4707    33.4851    26.2326    1476.64    1474.97 0.0000e+00
       1224     27.000     6.8922     6.8870   3.383219   3.384213     2.4959     0.3909      98.52 4.9487e-02 0.0000e+00    80.0517    6.88137    33.4965    33.5125    26.2493    1476.79    1475.03 0.0000e+00
       1248     28.000     6.9256     6.9251   3.389176   3.390832     2.4991     0.3716      98.63 4.9508e-02 0.0000e+00    80.0653    6.89437    33.5289    33.5476    26.2703    1476.98    1475.10 0.0000e+00
       1273     29.000     6.9411     6.9384   3.392589   3.393474     2.5033     0.3563      98.72 4.9485e-02 0.0000e+00    80.0730    6.91007    33.5508    33.5631    26.2854    1477.08    1475.17 0.0000e+00
       1298     30.000     6.9560     6.9513   3.396051   3.396814     2.5070     0.3395      55.85 4.9497e-02 0.0000e+00    80.0579    6.91549    33.5737    33.5867    26.3015    1477.19    1475.24 0.0000e+00
       1321     31.000     6.9693     6.9678   3.398766   3.399882     2.5105     0.3257      70.80 4.9487e-02 0.0000e+00    80.0933    6.92862    33.5900    33.6038    26.3125    1477.28    1475.31 0.0000e+00
       1343     32.000     6.9703     6.9687   3.399023   3.400185     2.5141     0.2954      90.58 4.9492e-02 0.0000e+00    80.1139    6.93778    33.5914    33.6057    26.3135    1477.30    1475.37 0.0000e+00
       1364     33.000     6.9779     6.9756   3.399950   3.401109     2.5171     0.2917      61.55 4.9499e-02 0.0000e+00    80.0913    6.94815    33.5937    33.6086    26.3142    1477.35    1475.43 0.0000e+00
       1385     34.000     6.9801     6.9791   3.400994   3.402185     2.5202     0.2983      86.98 4.9495e-02 0.0000e+00    80.0505    6.95790    33.6025    33.6165    26.3209    1477.38    1475.48 0.0000e+00
       1406     35.000     6.9852     6.9839   3.402000   3.403288     2.5231     0.3162      91.87 4.9499e-02 0.0000e+00    80.0070    6.96230    33.6080    33.6234    26.3245    1477.43    1475.54 0.0000e+00
       1429     36.000     6.9966     6.9950   3.403642   3.404793     2.5259     0.3156      72.47 4.9505e-02 0.0000e+00    80.0719    6.96411    33.6144    33.6286    26.3280    1477.49    1475.59 0.0000e+00
       1452     37.000     6.9956     6.9943   3.403643   3.404869     2.5280     0.2933      92.14 4.9505e-02 0.0000e+00    80.0466    6.96735    33.6149    33.6296    26.3286    1477.51    1475.65 0.0000e+00
       1475     38.000     6.9954     6.9951   3.404384   3.405650     2.5297     0.2851      94.70 4.9497e-02 0.0000e+00    80.0093    6.96832    33.6228    33.6369    26.3348    1477.53    1475.70 0.0000e+00
       1499     39.000     6.9932     6.9914   3.406070   3.407275     2.5310     0.2502      56.81 4.9511e-02 0.0000e+00    80.0320    6.96655    33.6429    33.6579    26.3509    1477.57    1475.74 0.0000e+00
       1522     40.000     7.0277     7.0255   3.412175   3.413348     2.5316     0.2495      80.30 4.9503e-02 0.0000e+00    80.0434    6.95888    33.6756    33.6906    26.3720    1477.76    1475.79 0.0000e+00
       1547     41.000     7.0264     7.0278   3.413064   3.414387     2.5327     0.2495      47.19 4.9497e-02 0.0000e+00    80.0451    6.96960    33.6861    33.6993    26.3804    1477.78    1475.84 0.0000e+00
       1568     42.000     7.0081     7.0025   3.412989   3.413765     2.5340     0.2206      79.19 4.9481e-02 0.0000e+00    80.0283    6.97324    33.7027    33.7167    26.3960    1477.75    1475.89 0.0000e+00
       1588     43.000     7.0942     7.0852   3.423462   3.424090     2.5344     0.2139      46.47 4.9488e-02 0.0000e+00    80.0043    6.96593    33.7327    33.7484    26.4078    1478.14    1475.94 0.0000e+00
       1610     44.000     7.1600     7.1432   3.431631   3.431553     2.5368     0.1951      89.34 4.9487e-02 0.0000e+00    80.0169    6.98865    33.7572    33.7727    26.4180    1478.44    1476.00 0.0000e+00
       1634     45.000     7.1290     7.1277   3.429789   3.431013     2.5416 -9.990e-29      66.67 4.9514e-02 0.0000e+00    80.0181    7.00387    33.7669    33.7815    26.4299    1478.35    1476.05 0.0000e+00
       1661     46.000     7.1589     7.1563   3.434868   3.436247     2.5427 -9.990e-29      67.10 4.9519e-02 0.0000e+00    80.0354    6.95158    33.7926    33.8102    26.4461    1478.51    1476.10 0.0000e+00
       1685     47.000     7.2440     7.2396   3.446751   3.447870     2.5401 -9.990e-29      80.70 4.9482e-02 0.0000e+00    80.0186    6.91855    33.8385    33.8550    26.4704    1478.91    1476.16 0.0000e+00
       1706     48.000     7.2627     7.2577   3.451334   3.452521     2.5391     0.2127      47.24 4.9488e-02 0.0000e+00    80.0302    6.92222    33.8697    33.8875    26.4923    1479.04    1476.22 0.0000e+00
       1726     49.000     7.3380     7.3285   3.460152   3.460956     2.5380     0.1400      92.70 4.9512e-02 0.0000e+00    80.0560    6.89060    33.8915    33.9096    26.4989    1479.37    1476.29 0.0000e+00
       1748     50.000     7.3084     7.3090   3.457355   3.458654     2.5349     0.1274      57.81 4.9485e-02 0.0000e+00    80.0619    6.86697    33.8896    33.9031    26.5016    1479.27    1476.34 0.0000e+00
       1774     51.000     7.3183     7.3184   3.459585   3.461195     2.5293     0.1274      50.11 4.9478e-02 0.0000e+00    80.0850    6.81872    33.9037    33.9211    26.5113    1479.34    1476.40 0.0000e+00
       1798     52.000     7.3271     7.3244   3.460708   3.461822     2.5222     0.1528      81.06 4.9506e-02 0.0000e+00    80.0780    6.78913    33.9068    33.9215    26.5125    1479.40    1476.46 0.0000e+00
       1820     53.000     7.3305     7.3273   3.461153   3.462251     2.5160     0.1584      83.74 4.9483e-02 0.0000e+00    80.1201    6.78055    33.9078    33.9229    26.5128    1479.43    1476.52 0.0000e+00
       1842     54.000     7.3658     7.3625   3.465991   3.467369     2.5113     0.1266      44.08 4.9490e-02 0.0000e+00    80.1196    6.77620    33.9254    33.9436    26.5217    1479.60    1476.57 0.0000e+00
       1864     55.000     7.4232     7.4153   3.473632   3.474566     2.5078     0.1274      92.77 4.9496e-02 0.0000e+00    80.1279    6.76626    33.9517    33.9696    26.5343    1479.87    1476.63 0.0000e+00
       1886     56.000     7.4581     7.4570   3.478161   3.479558     2.5053     0.1274      93.99 4.9464e-02 0.0000e+00    80.1153    6.75542    33.9662    33.9824    26.5407    1480.04    1476.69 0.0000e+00
       1908     57.000     7.4882     7.4846   3.482800   3.484240     2.5021     0.1037      71.42 4.9505e-02 0.0000e+00    80.1180    6.72655    33.9866    34.0057    26.5525    1480.20    1476.76 0.0000e+00
       1931     58.000     7.5485     7.5465   3.490408   3.491813     2.4974     0.1166      60.49 4.9482e-02 0.0000e+00    80.1105    6.68512    34.0095    34.0266    26.5619    1480.47    1476.82 0.0000e+00
       1955     59.000     7.5110     7.5125   3.487826   3.488774     2.4912     0.1121      60.31 4.9485e-02 0.0000e+00    80.0988    6.65764    34.0177    34.0265    26.5738    1480.36    1476.88 0.0000e+00
       1979     60.000     7.5395     7.5262   3.492834   3.493458     2.4831     0.0967      68.21 4.9478e-02 0.0000e+00    80.0678    6.59915    34.0436    34.0634    26.5900    1480.52    1476.94 0.0000e+00
       2004     61.000     7.6885     7.6807   3.512475   3.513940     2.4730     0.0968      87.93 4.9523e-02 0.0000e+00    80.0826    6.56190    34.1095    34.1329    26.6204    1481.18    1477.01 0.0000e+00
       2028     62.000     7.8117     7.8025   3.529489   3.531034     2.4688     0.0756      60.65 4.9493e-02 0.0000e+00    80.1063    6.57548    34.1717    34.1973    26.6513    1481.75    1477.09 0.0000e+00
       2049     63.000     7.9365     7.9308   3.546652   3.548136     2.4669     0.0340      71.37 4.9495e-02 0.0000e+00    80.1396    6.54301    34.2334    34.2550    26.6815    1482.31    1477.17 0.0000e+00
       2069     64.000     7.9959     7.9938   3.554790   3.556200     2.4636     0.0272      56.71 4.9508e-02 0.0000e+00    80.1418    6.49411    34.2621    34.2793    26.6952    1482.59    1477.25 0.0000e+00
       2091     65.000     8.0000     7.9874   3.557021   3.557358     2.4564     0.0053      95.42 4.9505e-02 0.0000e+00    80.2022    6.41298    34.2815    34.2975    26.7098    1482.64    1477.34 0.0000e+00
       2116     66.000     8.0485     8.0447   3.562639   3.563993     2.4415    -0.0058      73.97 4.9503e-02 0.0000e+00    80.1918    6.30199    34.2937    34.3119    26.7122    1482.86    1477.42 0.0000e+00
       2141     67.000     8.0441     8.0422   3.562330   3.563607     2.4238     0.0141      20.04 4.9485e-02 0.0000e+00    80.1367    6.23651    34.2942    34.3097    26.7132    1482.86    1477.50 0.0000e+00
       2164     68.000     8.1303     8.1210   3.574846   3.576271     2.4077    -0.0064      73.49 4.9477e-02 0.0000e+00    80.1459    6.18636    34.3432    34.3675    26.7388    1483.26    1477.58 0.0000e+00
       2186     69.000     8.2152     8.2110   3.588496   3.589926     2.3956    -0.0339      75.36 4.9490e-02 0.0000e+00    80.1534    6.17487    34.4053    34.4246    26.7747    1483.67    1477.67 0.0000e+00
       2207     70.000     8.2076     8.2068   3.589490   3.590763     2.3873    -0.0311      74.77 4.9492e-02 0.0000e+00    80.1785    6.16700    34.4228    34.4372    26.7897    1483.68    1477.76 0.0000e+00
       2228     71.000     8.1901     8.1866   3.589158   3.590474     2.3784    -0.0350      54.28 4.9479e-02 0.0000e+00    80.1442    6.12039    34.4360    34.4535    26.8026    1483.65    1477.84 0.0000e+00
       2250     72.000     8.2151     8.2114   3.592849   3.593983     2.3667    -0.0333      84.94 4.9481e-02 0.0000e+00    80.1442    6.06679    34.4504    34.4661    26.8101    1483.78    1477.92 0.0000e+00
       2274     73.000     8.2164     8.2149   3.593179   3.594572     2.3552    -0.0371      55.96 4.9497e-02 0.0000e+00    80.0707    6.05107    34.4521    34.4685    26.8113    1483.80    1478.00 0.0000e+00
       2300     74.000     8.2040     8.2019   3.592174   3.593495     2.3453    -0.0329      38.85 4.9489e-02 0.0000e+00    79.9931    6.04241    34.4531    34.4693    26.8140    1483.77    1478.08 0.0000e+00
       2326     75.000     8.2276     8.2237   3.595618   3.596966     2.3367    -0.0355      69.02 4.9482e-02 0.0000e+00    79.9400    6.02703    34.4662    34.4844    26.8207    1483.89    1478.16 0.0000e+00
       2351     76.000     8.2627     8.2608   3.600477   3.601896     2.3307    -0.0286      68.40 4.9490e-02 0.0000e+00    79.8414    6.02892    34.4831    34.5001    26.8286    1484.06    1478.23 0.0000e+00
       2372     77.000     8.2698     8.2681   3.602317   3.603727     2.3280    -0.0436      67.68 4.9474e-02 0.0000e+00    79.6976    6.03058    34.4952    34.5119    26.8371    1484.12    1478.31 0.0000e+00
