_data/ctd/2022603/sta0177.cnv
* Sea-Bird SBE 9 Data File:
* FileName = C:\Seabird\CTDData\sta0177.hex
* Software Version Seasave V 7.21f
* Temperature SN = 6264
* Conductivity SN = 4928
* Number of Bytes Per Scan = 40
* Number of Voltage Words = 5
* Number of Scans Averaged by the Deck Unit = 1
* NMEA Latitude = 60 51.53 N
* NMEA Longitude = 004 40.92 E
* NMEA UTC (Time) = Feb 13 2022 04:43:27
* NMEA baud rate = 4800
** Ship: R/V "Kristine Bonnevie"
** Station: 0177
** Echodepth: 437
** Log: 0537.952
** Wind-Dir/Force: 20 26
** Air-temp (dry): 7.2
** Weather Sky:
** Sea:
# nquan = 19                                
# nvalues = 434                         
# units = specified
# name 0 = scan: Scan Count
# name 1 = prDM: Pressure, Digiquartz [db]
# name 2 = t068C: Temperature [ITS-68, deg C]
# name 3 = t168C: Temperature, 2 [ITS-68, deg C]
# name 4 = c0S/m: Conductivity [S/m]
# name 5 = c1S/m: Conductivity, 2 [S/m]
# name 6 = sbeox0V: Oxygen raw, SBE 43 [V]
# name 7 = flECO-AFL: Fluorescence, WET Labs ECO-AFL/FL [mg/m^3]
# name 8 = altM: Altimeter [m]
# name 9 = par: PAR/Irradiance, Biospherical/Licor
# name 10 = spar: SPAR/Surface Irradiance
# name 11 = CStarTr0: Beam Transmission, WET Labs C-Star [%]
# name 12 = sbeox0ML/L: Oxygen, SBE 43 [ml/l], WS = 2
# name 13 = sal00: Salinity, Practical [PSU]
# name 14 = sal11: Salinity, Practical, 2 [PSU]
# name 15 = sigma-t00: Density [sigma-t, Kg/m^3 ]
# name 16 = svCM: Sound Velocity [Chen-Millero, m/s]
# name 17 = avgsvCM: Average Sound Velocity [Chen-Millero, m/s], minP = 1, minS = 5
# name 18 = flag: flag
# span 0 =          1,       9048       
# span 1 =      2.000,    435.000       
# span 2 =     6.7966,     8.2270       
# span 3 =     6.7940,     8.2250       
# span 4 =   3.231826,   3.650498       
# span 5 =   3.232804,   3.651868       
# span 6 =     2.1052,     2.5053       
# span 7 =    -0.1004,     0.3712       
# span 8 =       6.51,     100.52       
# span 9 = 4.9447e-02, 6.4164e-01       
# span 10 = 0.0000e+00, 0.0000e+00      
# span 11 =    80.0516,    81.6279      
# span 12 =    5.56853,    6.86394      
# span 13 =    31.9390,    35.0510      
# span 14 =    31.9522,    35.0672      
# span 15 =    25.0351,    27.3062      
# span 16 =    1474.06,    1489.90      
# span 17 =    1474.06,    1484.92      
# span 18 = 0.0000e+00, 0.0000e+00      
# interval = decibars: 1                
# start_time = Feb 13 2022 04:43:30 [System UTC, header]
# bad_flag = -9.990e-29
*END*
          1      2.000     6.7966     6.7940   3.231826   3.232804     2.4381     0.1934      98.83 6.4164e-01 0.0000e+00    80.1902    6.71691    31.9390    31.9522    25.0351    1474.06    1474.06 0.0000e+00
        173      3.000     6.7988     6.8020   3.232853   3.237328     2.4380     0.2152      98.83 6.2934e-01 0.0000e+00    80.2160    6.71122    31.9478    31.9938    25.0417    1474.10    1474.07 0.0000e+00
        383      4.000     6.8132     6.8117   3.242310   3.243968     2.4379     0.2212      98.83 3.7781e-01 0.0000e+00    80.2329    6.70757    32.0374    32.0569    25.1104    1474.28    1474.12 0.0000e+00
        413      5.000     6.8208     6.8224   3.246813   3.250796     2.4378     0.2157      98.83 3.2392e-01 0.0000e+00    80.2444    6.71058    32.0791    32.1212    25.1423    1474.38    1474.18 0.0000e+00
        452      6.000     6.8622     6.8594   3.272235   3.274158     2.4389     0.1992      98.83 2.2301e-01 0.0000e+00    80.2347    6.69262    32.3181    32.3418    25.3251    1474.86    1474.29 0.0000e+00
        472      7.000     6.9045     6.9013   3.299592   3.299752     2.4387     0.2011      98.83 1.8358e-01 0.0000e+00    80.2034    6.68246    32.5771    32.5819    25.5235    1475.36    1474.44 0.0000e+00
        488      8.000     6.9240     6.9202   3.315875   3.316292     2.4397     0.2041      98.82 1.3212e-01 0.0000e+00    80.2360    6.68111    32.7364    32.7445    25.6463    1475.65    1474.59 0.0000e+00
        505      9.000     6.9335     6.9310   3.327268   3.328135     2.4403     0.2042      98.83 1.2074e-01 0.0000e+00    80.2453    6.68026    32.8516    32.8634    25.7358    1475.85    1474.73 0.0000e+00
        537     10.000     6.9404     6.9461   3.332872   3.340895     2.4430     0.2298      98.82 9.1481e-02 0.0000e+00    80.2740    6.70031    32.9058    32.9883    25.7776    1475.96    1474.86 0.0000e+00
        573     11.000     6.9597     6.9617   3.350734   3.355841     2.4482     0.2071      98.83 6.7856e-02 0.0000e+00    80.2948    6.72709    33.0825    33.1365    25.9141    1476.28    1474.99 0.0000e+00
        597     12.000     6.9741     6.9721   3.363617   3.364742     2.4529     0.2490      98.83 5.3173e-02 0.0000e+00    80.3081    6.73950    33.2092    33.2235    26.0120    1476.51    1475.11 0.0000e+00
        617     13.000     6.9756     6.9741   3.369272   3.370526     2.4564     0.2182      98.83 4.9488e-02 0.0000e+00    80.3201    6.74614    33.2693    33.2845    26.0591    1476.60    1475.23 0.0000e+00
        638     14.000     6.9734     6.9719   3.371329   3.372443     2.4602     0.2021      98.83 4.9495e-02 0.0000e+00    80.3346    6.76080    33.2935    33.3071    26.0784    1476.64    1475.33 0.0000e+00
        658     15.000     6.9747     6.9731   3.376367   3.377444     2.4638     0.1996      98.82 4.9523e-02 0.0000e+00    80.3075    6.76592    33.3469    33.3603    26.1203    1476.73    1475.42 0.0000e+00
        675     16.000     6.9768     6.9752   3.382503   3.383453     2.4665     0.1960      98.83 4.9509e-02 0.0000e+00    80.3132    6.77442    33.4117    33.4236    26.1710    1476.84    1475.51 0.0000e+00
        691     17.000     6.9808     6.9788   3.387849   3.388812     2.4694     0.2082      98.83 4.9504e-02 0.0000e+00    80.2856    6.78569    33.4659    33.4784    26.2132    1476.94    1475.59 0.0000e+00
        706     18.000     6.9850     6.9832   3.394023   3.395154     2.4722     0.1979      98.83 4.9499e-02 0.0000e+00    80.2994    6.78908    33.5290    33.5432    26.2624    1477.05    1475.67 0.0000e+00
        719     19.000     6.9920     6.9899   3.397071   3.398259     2.4742     0.2117      98.82 4.9503e-02 0.0000e+00    80.3135    6.79417    33.5552    33.5702    26.2820    1477.12    1475.75 0.0000e+00
        734     20.000     7.0000     6.9982   3.399814   3.400787     2.4768     0.2094      98.83 4.9501e-02 0.0000e+00    80.3042    6.80305    33.5769    33.5894    26.2980    1477.20    1475.82 0.0000e+00
        756     21.000     7.0020     6.9998   3.403686   3.404733     2.4808     0.2473      98.83 4.9503e-02 0.0000e+00    80.2973    6.81872    33.6170    33.6306    26.3293    1477.27    1475.89 0.0000e+00
        788     22.000     7.0046     7.0030   3.408546   3.410183     2.4873     0.2495      98.83 4.9506e-02 0.0000e+00    80.3090    6.84623    33.6672    33.6867    26.3685    1477.36    1475.96 0.0000e+00
        811     23.000     7.0040     7.0025   3.411352   3.412418     2.4920     0.2495      98.83 4.9509e-02 0.0000e+00    80.3032    6.85422    33.6981    33.7113    26.3929    1477.41    1476.02 0.0000e+00
        830     24.000     7.0032     7.0020   3.412481   3.413538     2.4954     0.2495      98.83 4.9524e-02 0.0000e+00    80.2900    6.85977    33.7108    33.7235    26.4030    1477.44    1476.08 0.0000e+00
        848     25.000     6.9996     6.9984   3.415607   3.416787     2.4979     0.2251      98.83 4.9505e-02 0.0000e+00    80.2902    6.85911    33.7481    33.7622    26.4329    1477.49    1476.14 0.0000e+00
        867     26.000     6.9975     6.9960   3.416856   3.418010     2.5001     0.2037      98.83 4.9515e-02 0.0000e+00    80.2762    6.85921    33.7634    33.7775    26.4452    1477.52    1476.19 0.0000e+00
        886     27.000     6.9953     6.9945   3.418836   3.419471     2.5018     0.2008      98.83 4.9509e-02 0.0000e+00    80.2727    6.85927    33.7868    33.7945    26.4640    1477.56    1476.24 0.0000e+00
        904     28.000     6.9940     6.9928   3.420797   3.421930     2.5030     0.2134      98.83 4.9471e-02 0.0000e+00    80.2461    6.86294    33.8091    33.8227    26.4817    1477.60    1476.29 0.0000e+00
        921     29.000     6.9928     6.9912   3.423677   3.424853     2.5043 -9.990e-29      98.83 4.9491e-02 0.0000e+00    80.2631    6.86394    33.8414    33.8559    26.5073    1477.65    1476.34 0.0000e+00
        936     30.000     6.9929     6.9913   3.424072   3.425137     2.5053 -9.990e-29      98.83 4.9509e-02 0.0000e+00    80.2434    6.85792    33.8451    33.8584    26.5102    1477.67    1476.38 0.0000e+00
        950     31.000     6.9930     6.9913   3.424552   3.425779     2.5053 -9.990e-29      98.83 4.9485e-02 0.0000e+00    80.2389    6.84701    33.8498    33.8650    26.5139    1477.69    1476.42 0.0000e+00
        966     32.000     6.9929     6.9912   3.426587   3.427855     2.5046 -9.990e-29      98.83 4.9464e-02 0.0000e+00    80.2260    6.84003    33.8718    33.8874    26.5312    1477.74    1476.46 0.0000e+00
        988     33.000     6.9929     6.9913   3.426897   3.427826     2.5041     0.2405      98.83 4.9465e-02 0.0000e+00    80.2036    6.83907    33.8747    33.8865    26.5335    1477.76    1476.50 0.0000e+00
       1018     34.000     6.9927     6.9911   3.427757   3.428959     2.5030     0.2782      98.83 4.9491e-02 0.0000e+00    80.1649    6.83665    33.8838    33.8986    26.5407    1477.78    1476.54 0.0000e+00
       1043     35.000     6.9932     6.9917   3.428230   3.429371     2.5026     0.2482      98.83 4.9450e-02 0.0000e+00    80.1845    6.83729    33.8880    33.9020    26.5440    1477.81    1476.58 0.0000e+00
       1061     36.000     6.9942     6.9925   3.428511   3.429675     2.5021     0.2477      98.83 4.9522e-02 0.0000e+00    80.1735    6.83389    33.8896    33.9041    26.5451    1477.83    1476.61 0.0000e+00
       1077     37.000     6.9929     6.9909   3.428576   3.429726     2.5014     0.2495      98.83 4.9500e-02 0.0000e+00    80.1853    6.82948    33.8911    33.9057    26.5465    1477.84    1476.64 0.0000e+00
       1093     38.000     6.9927     6.9909   3.428571   3.429730     2.5007     0.2495      98.83 4.9488e-02 0.0000e+00    80.1666    6.83421    33.8908    33.9053    26.5462    1477.86    1476.68 0.0000e+00
       1112     39.000     6.9926     6.9910   3.428687   3.429843     2.5008     0.2495      49.52 4.9474e-02 0.0000e+00    80.1797    6.83760    33.8917    33.9059    26.5469    1477.87    1476.71 0.0000e+00
       1134     40.000     6.9948     6.9924   3.429809   3.430945     2.5001     0.2615      97.94 4.9499e-02 0.0000e+00    80.1776    6.83133    33.9013    33.9162    26.5542    1477.91    1476.74 0.0000e+00
       1152     41.000     7.0172     7.0145   3.433666   3.434909     2.5000     0.2801      37.73 4.9488e-02 0.0000e+00    80.1901    6.82542    33.9211    33.9374    26.5668    1478.04    1476.77 0.0000e+00
       1168     42.000     7.0316     7.0287   3.435715   3.436844     2.4991     0.1992      63.02 4.9476e-02 0.0000e+00    80.1741    6.81794    33.9289    33.9442    26.5709    1478.12    1476.80 0.0000e+00
       1182     43.000     7.0312     7.0290   3.435759   3.436811     2.4986     0.1981      98.32 4.9461e-02 0.0000e+00    80.1832    6.81636    33.9293    33.9430    26.5713    1478.14    1476.83 0.0000e+00
       1195     44.000     7.0278     7.0276   3.435513   3.436950     2.4979     0.2467      36.89 4.9493e-02 0.0000e+00    80.1495    6.81335    33.9295    33.9454    26.5719    1478.14    1476.86 0.0000e+00
       1214     45.000     7.0354     7.0357   3.436478   3.437843     2.4970     0.2494      72.25 4.9471e-02 0.0000e+00    80.1745    6.81302    33.9321    33.9467    26.5729    1478.19    1476.89 0.0000e+00
       1245     46.000     7.0123     7.0080   3.434294   3.435030     2.4957     0.2495      58.19 4.9484e-02 0.0000e+00    80.1883    6.80782    33.9304    33.9427    26.5747    1478.11    1476.92 0.0000e+00
       1279     47.000     6.9967     6.9952   3.432824   3.433987     2.4932     0.2823      57.11 4.9497e-02 0.0000e+00    80.1872    6.80329    33.9291    33.9434    26.5759    1478.07    1476.94 0.0000e+00
       1303     48.000     7.0032     7.0044   3.433630   3.435176     2.4924     0.2493      79.10 4.9473e-02 0.0000e+00    80.1617    6.81121    33.9311    33.9469    26.5765    1478.11    1476.97 0.0000e+00
       1321     49.000     7.0125     7.0108   3.434644   3.435861     2.4920     0.2165      99.11 4.9491e-02 0.0000e+00    80.1808    6.81571    33.9325    33.9476    26.5764    1478.17    1476.99 0.0000e+00
       1336     50.000     7.0232     7.0212   3.435812   3.437042     2.4925     0.2019      92.35 4.9523e-02 0.0000e+00    80.1763    6.81803    33.9343    33.9498    26.5763    1478.23    1477.02 0.0000e+00
       1350     51.000     7.0247     7.0250   3.436062   3.437405     2.4928     0.2020      81.47 4.9485e-02 0.0000e+00    80.1711    6.81601    33.9351    33.9495    26.5767    1478.25    1477.04 0.0000e+00
       1362     52.000     7.0302     7.0279   3.436714   3.437961     2.4923     0.2002      95.92 4.9482e-02 0.0000e+00    80.1779    6.81235    33.9363    33.9523    26.5770    1478.29    1477.06 0.0000e+00
       1376     53.000     7.0810     7.0748   3.444338   3.445417     2.4923     0.1962      71.57 4.9482e-02 0.0000e+00    80.1798    6.80054    33.9694    33.9873    26.5960    1478.54    1477.09 0.0000e+00
       1401     54.000     7.1064     7.1057   3.449162   3.450625     2.4921     0.1961      87.90 4.9484e-02 0.0000e+00    80.1826    6.80115    33.9967    34.0134    26.6140    1478.69    1477.12 0.0000e+00
       1438     55.000     7.1132     7.1128   3.451567   3.452882     2.4919     0.2471      78.32 4.9522e-02 0.0000e+00    80.2350    6.78652    34.0158    34.0306    26.6281    1478.76    1477.15 0.0000e+00
       1460     56.000     7.1116     7.1102   3.451815   3.452991     2.4904     0.1986      95.03 4.9497e-02 0.0000e+00    80.2517    6.77283    34.0196    34.0339    26.6313    1478.77    1477.18 0.0000e+00
       1477     57.000     7.1083     7.1065   3.451758   3.452931     2.4889     0.1940      60.58 4.9485e-02 0.0000e+00    80.2608    6.76046    34.0217    34.0364    26.6335    1478.78    1477.21 0.0000e+00
       1491     58.000     7.1087     7.1058   3.451947   3.453007     2.4871     0.1971      98.58 4.9508e-02 0.0000e+00    80.2356    6.74778    34.0229    34.0374    26.6344    1478.80    1477.24 0.0000e+00
       1505     59.000     7.1123     7.1101   3.452382   3.453575     2.4850     0.1960      94.19 4.9482e-02 0.0000e+00    80.2314    6.74080    34.0237    34.0389    26.6344    1478.83    1477.26 0.0000e+00
       1520     60.000     7.1142     7.1123   3.452610   3.453787     2.4832     0.1949      49.23 4.9488e-02 0.0000e+00    80.2447    6.73658    34.0238    34.0385    26.6343    1478.86    1477.29 0.0000e+00
       1541     61.000     7.1132     7.1114   3.452597   3.453781     2.4804     0.2469      91.11 4.9490e-02 0.0000e+00    80.2239    6.73384    34.0241    34.0389    26.6347    1478.87    1477.32 0.0000e+00
       1568     62.000     7.1124     7.1112   3.452682   3.453875     2.4781     0.2478      55.21 4.9503e-02 0.0000e+00    80.2298    6.73611    34.0254    34.0396    26.6358    1478.88    1477.34 0.0000e+00
       1590     63.000     7.1087     7.1042   3.452724   3.453569     2.4764     0.2014      86.08 4.9494e-02 0.0000e+00    80.2219    6.73207    34.0290    34.0427    26.6391    1478.89    1477.37 0.0000e+00
       1610     64.000     7.0803     7.0876   3.450151   3.452176     2.4750     0.1965      44.08 4.9467e-02 0.0000e+00    80.2281    6.73567    34.0283    34.0433    26.6425    1478.80    1477.39 0.0000e+00
       1629     65.000     7.0721     7.0740   3.449486   3.450885     2.4737     0.1950      95.24 4.9497e-02 0.0000e+00    80.2196    6.73329    34.0287    34.0421    26.6439    1478.78    1477.41 0.0000e+00
       1649     66.000     7.0682     7.0688   3.449032   3.450313     2.4725     0.2039      46.98 4.9502e-02 0.0000e+00    80.2030    6.73580    34.0270    34.0405    26.6432    1478.78    1477.43 0.0000e+00
       1668     67.000     7.0555     7.0552   3.447933   3.449194     2.4720     0.2491      99.23 4.9512e-02 0.0000e+00    80.1889    6.73730    34.0270    34.0412    26.6449    1478.75    1477.45 0.0000e+00
       1687     68.000     7.0585     7.0566   3.448216   3.449360     2.4706     0.2495      63.11 4.9483e-02 0.0000e+00    80.2047    6.73288    34.0267    34.0411    26.6442    1478.77    1477.47 0.0000e+00
       1706     69.000     7.0551     7.0536   3.447982   3.449136     2.4701     0.2495      90.69 4.9488e-02 0.0000e+00    80.1379    6.73965    34.0270    34.0411    26.6449    1478.78    1477.49 0.0000e+00
       1727     70.000     7.0508     7.0502   3.447629   3.448869     2.4699 -9.990e-29      77.56 4.9490e-02 0.0000e+00    80.1571    6.74586    34.0269    34.0411    26.6454    1478.78    1477.51 0.0000e+00
       1750     71.000     7.0481     7.0459   3.447461   3.448581     2.4698 -9.990e-29      91.65 4.9487e-02 0.0000e+00    80.1373    6.74112    34.0272    34.0417    26.6461    1478.78    1477.52 0.0000e+00
       1773     72.000     7.0494     7.0473   3.447639   3.448785     2.4692 -9.990e-29      71.05 4.9487e-02 0.0000e+00    80.1579    6.74177    34.0274    34.0420    26.6460    1478.81    1477.54 0.0000e+00
       1797     73.000     7.0476     7.0460   3.447570   3.448721     2.4690     0.2495      96.31 4.9487e-02 0.0000e+00    80.1470    6.74056    34.0279    34.0421    26.6467    1478.82    1477.56 0.0000e+00
       1823     74.000     7.0470     7.0455   3.447574   3.448746     2.4679     0.2742      80.16 4.9478e-02 0.0000e+00    80.1668    6.73739    34.0281    34.0424    26.6469    1478.83    1477.58 0.0000e+00
       1845     75.000     7.0469     7.0456   3.447633   3.448847     2.4680     0.2593      95.41 4.9454e-02 0.0000e+00    80.1467    6.74020    34.0283    34.0429    26.6471    1478.85    1477.59 0.0000e+00
       1862     76.000     7.0471     7.0456   3.447676   3.448876     2.4674     0.2448      94.71 4.9456e-02 0.0000e+00    80.1201    6.73155    34.0281    34.0427    26.6469    1478.86    1477.61 0.0000e+00
       1877     77.000     7.0472     7.0457   3.447745   3.448922     2.4665     0.2035      98.91 4.9479e-02 0.0000e+00    80.1348    6.72756    34.0283    34.0427    26.6470    1478.88    1477.63 0.0000e+00
