_data/ctd/2022603/sta0194.cnv
* Sea-Bird SBE 9 Data File:
* FileName = C:\Seabird\CTDData\sta0194.hex
* Software Version Seasave V 7.21f
* Temperature SN = 6264
* Conductivity SN = 4928
* Number of Bytes Per Scan = 40
* Number of Voltage Words = 5
* Number of Scans Averaged by the Deck Unit = 1
* NMEA Latitude = 61 19.79 N
* NMEA Longitude = 006 41.97 E
* NMEA UTC (Time) = Feb 14 2022 18:53:27
* NMEA baud rate = 4800
** Ship: R/V "Kristine Bonnevie"
** Station: 0194
** Echodepth: 192
** Log: 0767.496
** Wind-Dir/Force: 02 09
** Air-temp (dry): 5.8
** Weather Sky:
** Sea:
** F06
# nquan = 19                                
# nvalues = 180                         
# units = specified
# name 0 = scan: Scan Count
# name 1 = prDM: Pressure, Digiquartz [db]
# name 2 = t068C: Temperature [ITS-68, deg C]
# name 3 = t168C: Temperature, 2 [ITS-68, deg C]
# name 4 = c0S/m: Conductivity [S/m]
# name 5 = c1S/m: Conductivity, 2 [S/m]
# name 6 = sbeox0V: Oxygen raw, SBE 43 [V]
# name 7 = flECO-AFL: Fluorescence, WET Labs ECO-AFL/FL [mg/m^3]
# name 8 = altM: Altimeter [m]
# name 9 = par: PAR/Irradiance, Biospherical/Licor
# name 10 = spar: SPAR/Surface Irradiance
# name 11 = CStarTr0: Beam Transmission, WET Labs C-Star [%]
# name 12 = sbeox0ML/L: Oxygen, SBE 43 [ml/l], WS = 2
# name 13 = sal00: Salinity, Practical [PSU]
# name 14 = sal11: Salinity, Practical, 2 [PSU]
# name 15 = sigma-t00: Density [sigma-t, Kg/m^3 ]
# name 16 = svCM: Sound Velocity [Chen-Millero, m/s]
# name 17 = avgsvCM: Average Sound Velocity [Chen-Millero, m/s], minP = 1, minS = 5
# name 18 = flag: flag
# span 0 =        366,       4510       
# span 1 =      2.000,    181.000       
# span 2 =     4.3783,    10.1323       
# span 3 =     4.3771,    10.1309       
# span 4 =   2.757319,   3.700889       
# span 5 =   2.758245,   3.702545       
# span 6 =     1.8314,     2.4932       
# span 7 =    -0.0959,     0.8225       
# span 8 =       0.39,      99.87       
# span 9 = 4.9439e-02, 6.5527e-01       
# span 10 = 0.0000e+00, 0.0000e+00      
# span 11 =    78.4445,    81.2944      
# span 12 =    4.47226,    7.40003      
# span 13 =    28.7992,    34.8672      
# span 14 =    28.8109,    34.8843      
# span 15 =    22.8233,    27.1702      
# span 16 =    1460.28,    1489.10      
# span 17 =    1460.28,    1483.41      
# span 18 = 0.0000e+00, 0.0000e+00      
# interval = decibars: 1                
# start_time = Feb 14 2022 18:53:29 [System UTC, header]
# bad_flag = -9.990e-29
*END*
        366      2.000     4.3783     4.3771   2.757319   2.758245     2.4607     0.7758      35.14 6.5527e-01 0.0000e+00    79.1531    7.40003    28.7992    28.8109    22.8233    1460.28    1460.28 0.0000e+00
        569      3.000     4.4894     4.4987   2.778892   2.782218     2.4624     0.8225       3.71 4.0465e-01 0.0000e+00    79.6182    7.36530    28.9494    28.9795    22.9320    1460.95    1460.50 0.0000e+00
        693      4.000     4.5393     4.5282   2.788522   2.786790     2.4633     0.7869       1.35 2.7937e-01 0.0000e+00    79.8085    7.36056    29.0157    29.0056    22.9798    1461.26    1460.69 0.0000e+00
        731      5.000     4.5264     4.5534   2.786444   2.793119     2.4629     0.7995      53.79 1.9303e-01 0.0000e+00    79.8410    7.34301    29.0027    29.0555    22.9707    1461.20    1460.79 0.0000e+00
        751      6.000     4.6045     4.6194   2.802002   2.807735     2.4618     0.7900       0.39 1.6566e-01 0.0000e+00    79.8482    7.32356    29.1119    29.1644    23.0498    1461.69    1460.94 0.0000e+00
        772      7.000     4.6529     4.6750   2.812661   2.818531     2.4615     0.7323      84.60 1.4348e-01 0.0000e+00    79.8522    7.31984    29.1908    29.2384    23.1077    1462.01    1461.09 0.0000e+00
        792      8.000     4.8178     4.8174   2.844708   2.846855     2.4614     0.7364      98.83 1.1697e-01 0.0000e+00    79.8764    7.29467    29.4106    29.4354    23.2656    1462.99    1461.33 0.0000e+00
        813      9.000     4.8226     4.8395   2.846103   2.851088     2.4635     0.7919      98.81 9.6683e-02 0.0000e+00    79.8858    7.31641    29.4218    29.4636    23.2740    1463.04    1461.52 0.0000e+00
        835     10.000     4.9119     4.9514   2.865502   2.877909     2.4649     0.8090      98.81 8.2580e-02 0.0000e+00    79.9113    7.28146    29.5630    29.6690    23.3768    1463.60    1461.73 0.0000e+00
        856     11.000     5.5002     5.5096   2.963770   2.970830     2.4653     0.7796      98.81 6.6393e-02 0.0000e+00    79.9252    7.15835    30.1481    30.2189    23.7775    1466.77    1462.18 0.0000e+00
        877     12.000     6.0222     5.9936   3.031599   3.033031     2.4696     0.8009      98.82 6.1232e-02 0.0000e+00    79.9268    7.14997    30.4361    30.4777    23.9458    1469.26    1462.77 0.0000e+00
        899     13.000     6.3795     6.3615   3.079050   3.079610     2.4806     0.7109      98.82 5.1747e-02 0.0000e+00    79.9669    7.14840    30.6389    30.6613    24.0632    1470.96    1463.40 0.0000e+00
        920     14.000     6.5511     6.5415   3.102560   3.103602     2.4908     0.6726      98.82 4.9487e-02 0.0000e+00    80.0716    7.09244    30.7423    30.7624    24.1236    1471.79    1464.00 0.0000e+00
        941     15.000     6.6171     6.6119   3.115096   3.116104     2.4932     0.6357      98.82 4.9472e-02 0.0000e+00    80.2298    6.97985    30.8197    30.8355    24.1764    1472.16    1464.54 0.0000e+00
        963     16.000     6.6157     6.6115   3.120198   3.121101     2.4883     0.5934      60.23 4.9464e-02 0.0000e+00    80.3290    6.88569    30.8764    30.8901    24.2212    1472.25    1465.02 0.0000e+00
        984     17.000     6.7120     6.7059   3.134447   3.135589     2.4792     0.5245      69.31 4.9472e-02 0.0000e+00    80.4658    6.80907    30.9448    30.9628    24.2630    1472.73    1465.47 0.0000e+00
       1005     18.000     6.7836     6.7779   3.148390   3.149635     2.4706     0.5252      98.76 4.9477e-02 0.0000e+00    80.5826    6.77814    31.0318    31.0506    24.3224    1473.14    1465.89 0.0000e+00
       1027     19.000     6.7782     6.7782   3.151244   3.152396     2.4633     0.5242      90.99 4.9453e-02 0.0000e+00    80.6277    6.76680    31.0674    31.0800    24.3511    1473.17    1466.27 0.0000e+00
       1048     20.000     6.9350     6.9142   3.170541   3.171336     2.4568     0.4634      35.09 4.9472e-02 0.0000e+00    80.7027    6.72003    31.1351    31.1626    24.3843    1473.89    1466.65 0.0000e+00
       1069     21.000     7.1909     7.1818   3.199279   3.200764     2.4505     0.3986      99.40 4.9459e-02 0.0000e+00    80.7784    6.69041    31.2147    31.2389    24.4134    1475.01    1467.05 0.0000e+00
       1090     22.000     7.2986     7.2947   3.212649   3.214139     2.4493     0.3679      98.81 4.9452e-02 0.0000e+00    80.8754    6.69668    31.2612    31.2807    24.4357    1475.50    1467.43 0.0000e+00
       1111     23.000     7.3614     7.3551   3.226041   3.227315     2.4473     0.3210      38.20 4.9459e-02 0.0000e+00    80.9009    6.66030    31.3481    31.3675    24.4956    1475.87    1467.79 0.0000e+00
       1132     24.000     7.3351     7.3367   3.228171   3.229265     2.4438     0.2881      85.04 4.9459e-02 0.0000e+00    80.9140    6.63336    31.3944    31.4048    24.5355    1475.84    1468.13 0.0000e+00
       1153     25.000     7.3164     7.3164   3.230559   3.231566     2.4393     0.2613      98.71 4.9472e-02 0.0000e+00    80.9767    6.59861    31.4367    31.4475    24.5713    1475.84    1468.43 0.0000e+00
       1173     26.000     7.3456     7.3352   3.238823   3.239990     2.4327     0.2496      80.41 4.9453e-02 0.0000e+00    81.0115    6.55681    31.4987    31.5208    24.6161    1476.04    1468.73 0.0000e+00
       1194     27.000     7.4910     7.4692   3.263505   3.265075     2.4263     0.2462      41.34 4.9465e-02 0.0000e+00    81.0498    6.52854    31.6314    31.6681    24.7006    1476.79    1469.02 0.0000e+00
       1214     28.000     8.8876     8.8063   3.458159   3.460844     2.4228     0.1920      98.75 4.9460e-02 0.0000e+00    81.0896    6.35174    32.4147    32.5171    25.1120    1483.06    1469.52 0.0000e+00
       1235     29.000     9.8161     9.7631   3.620465   3.622990     2.4310     0.1092      98.81 4.9479e-02 0.0000e+00    81.0706    6.36431    33.2351    33.3099    25.6050    1487.49    1470.13 0.0000e+00
       1255     30.000    10.0992    10.0873   3.671496   3.673538     2.4532     0.0331      98.81 4.9460e-02 0.0000e+00    80.8466    6.37601    33.4926    33.5244    25.7587    1488.84    1470.75 0.0000e+00
       1276     31.000    10.1323    10.1309   3.684781   3.686540     2.4600    -0.0336      73.34 4.9485e-02 0.0000e+00    80.8396    6.15032    33.5963    33.6155    25.8340    1489.10    1471.33 0.0000e+00
       1296     32.000    10.0791    10.0802   3.690406   3.692164     2.4397    -0.0724      25.90 4.9474e-02 0.0000e+00    80.5972    5.85323    33.7025    33.7193    25.9259    1489.05    1471.88 0.0000e+00
       1317     33.000    10.0187    10.0193   3.695389   3.697032     2.4030    -0.0521      82.59 4.9474e-02 0.0000e+00    80.2774    5.63320    33.8091    33.8253    26.0193    1488.98    1472.39 0.0000e+00
       1337     34.000     9.9798     9.9797   3.698531   3.700242     2.3626    -0.0572      85.95 4.9485e-02 0.0000e+00    80.1765    5.50530    33.8771    33.8947    26.0790    1488.94    1472.87 0.0000e+00
       1358     35.000     9.9569     9.9555   3.698380   3.700059     2.3250    -0.0612      86.00 4.9459e-02 0.0000e+00    80.1737    5.43671    33.8966    33.9151    26.0981    1488.90    1473.33 0.0000e+00
       1379     36.000     9.9105     9.9106   3.696562   3.698207     2.2930    -0.0650      98.60 4.9459e-02 0.0000e+00    80.2352    5.40409    33.9212    33.9380    26.1251    1488.78    1473.75 0.0000e+00
       1399     37.000     9.8823     9.8812   3.695162   3.696802     2.2667    -0.0695      82.49 4.9439e-02 0.0000e+00    80.4316    5.38357    33.9330    33.9508    26.1390    1488.71    1474.15 0.0000e+00
       1420     38.000     9.8746     9.8721   3.696172   3.697862     2.2458    -0.0631      82.19 4.9466e-02 0.0000e+00    80.4635    5.36585    33.9501    33.9698    26.1537    1488.72    1474.53 0.0000e+00
       1441     39.000     9.8567     9.8554   3.697220   3.698864     2.2289    -0.0711      99.03 4.9467e-02 0.0000e+00    80.4266    5.35571    33.9773    33.9953    26.1779    1488.70    1474.89 0.0000e+00
       1461     40.000     9.8064     9.8073   3.696450   3.698119     2.2156    -0.0649      79.20 4.9492e-02 0.0000e+00    80.4047    5.35165    34.0164    34.0326    26.2168    1488.58    1475.23 0.0000e+00
       1482     41.000     9.7772     9.7762   3.696387   3.698026     2.2049    -0.0717      51.20 4.9452e-02 0.0000e+00    80.4213    5.34800    34.0429    34.0606    26.2424    1488.53    1475.55 0.0000e+00
       1503     42.000     9.7607     9.7596   3.697145   3.698813     2.1964    -0.0614       9.96 4.9452e-02 0.0000e+00    80.4708    5.34528    34.0658    34.0840    26.2631    1488.51    1475.86 0.0000e+00
       1523     43.000     9.7531     9.7511   3.697272   3.698928     2.1900    -0.0623      75.48 4.9501e-02 0.0000e+00    80.5022    5.34674    34.0739    34.0928    26.2706    1488.51    1476.15 0.0000e+00
       1544     44.000     9.7566     9.7542   3.699645   3.701343     2.1854    -0.0689      73.89 4.9466e-02 0.0000e+00    80.5230    5.34870    34.0944    34.1141    26.2861    1488.57    1476.43 0.0000e+00
       1564     45.000     9.7546     9.7527   3.700889   3.702545     2.1819    -0.0797      91.34 4.9465e-02 0.0000e+00    80.6102    5.35119    34.1086    34.1274    26.2976    1488.59    1476.70 0.0000e+00
       1586     46.000     9.7230     9.7237   3.699580   3.701214     2.1795    -0.0726      84.29 4.9460e-02 0.0000e+00    80.6645    5.35595    34.1247    34.1408    26.3154    1488.51    1476.95 0.0000e+00
       1607     47.000     9.6805     9.6801   3.696691   3.698320     2.1777    -0.0584      20.76 4.9486e-02 0.0000e+00    80.7307    5.36489    34.1349    34.1521    26.3304    1488.39    1477.19 0.0000e+00
       1627     48.000     9.6663     9.6649   3.696432   3.698059     2.1771    -0.0573      99.38 4.9452e-02 0.0000e+00    80.8713    5.37121    34.1453    34.1634    26.3409    1488.37    1477.43 0.0000e+00
       1648     49.000     9.6498     9.6488   3.695744   3.697376     2.1765    -0.0601      53.35 4.9479e-02 0.0000e+00    80.8918    5.37294    34.1534    34.1712    26.3500    1488.33    1477.65 0.0000e+00
       1669     50.000     9.6229     9.6220   3.694363   3.695976     2.1759    -0.0691      99.87 4.9472e-02 0.0000e+00    80.8800    5.37240    34.1644    34.1818    26.3630    1488.27    1477.86 0.0000e+00
       1690     51.000     9.6035     9.6024   3.693209   3.694840     2.1749    -0.0777      98.80 4.9459e-02 0.0000e+00    80.8514    5.36978    34.1705    34.1883    26.3710    1488.22    1478.06 0.0000e+00
       1711     52.000     9.5936     9.5918   3.693203   3.694828     2.1739    -0.0697      60.72 4.9471e-02 0.0000e+00    80.8166    5.36318    34.1794    34.1978    26.3796    1488.21    1478.25 0.0000e+00
       1733     53.000     9.5597     9.5608   3.691243   3.692824     2.1721    -0.0685      98.49 4.9505e-02 0.0000e+00    80.7799    5.35701    34.1910    34.2063    26.3943    1488.12    1478.44 0.0000e+00
       1754     54.000     9.5085     9.5092   3.687805   3.689400     2.1702    -0.0717      77.68 4.9479e-02 0.0000e+00    80.7751    5.35555    34.2039    34.2197    26.4128    1487.96    1478.61 0.0000e+00
       1775     55.000     9.4528     9.4530   3.684677   3.686283     2.1679    -0.0694      53.44 4.9492e-02 0.0000e+00    80.7611    5.34808    34.2243    34.2407    26.4379    1487.80    1478.78 0.0000e+00
       1797     56.000     9.4152     9.4159   3.682724   3.684287     2.1649    -0.0747      72.04 4.9496e-02 0.0000e+00    80.7161    5.33844    34.2396    34.2551    26.4560    1487.70    1478.94 0.0000e+00
       1817     57.000     9.3793     9.3787   3.680690   3.682295     2.1616    -0.0956      69.97 4.9467e-02 0.0000e+00    80.6989    5.32475    34.2524    34.2696    26.4719    1487.60    1479.09 0.0000e+00
       1838     58.000     9.3581     9.3580   3.679432   3.681014     2.1574    -0.0671      74.14 4.9465e-02 0.0000e+00    80.7143    5.31241    34.2592    34.2757    26.4807    1487.55    1479.23 0.0000e+00
       1859     59.000     9.3267     9.3279   3.677060   3.678655     2.1537    -0.0627      87.41 4.9465e-02 0.0000e+00    80.7527    5.30359    34.2643    34.2797    26.4897    1487.46    1479.37 0.0000e+00
       1880     60.000     9.2573     9.2584   3.671619   3.673200     2.1492    -0.0663      82.73 4.9486e-02 0.0000e+00    80.7911    5.29341    34.2739    34.2893    26.5085    1487.23    1479.50 0.0000e+00
       1901     61.000     9.2545     9.2530   3.672190   3.673761     2.1447    -0.0701      98.94 4.9465e-02 0.0000e+00    80.8146    5.27508    34.2820    34.2998    26.5154    1487.25    1479.63 0.0000e+00
       1922     62.000     9.2213     9.2216   3.670385   3.671930     2.1397    -0.0957      98.56 4.9472e-02 0.0000e+00    80.8262    5.26252    34.2947    34.3105    26.5306    1487.16    1479.75 0.0000e+00
       1943     63.000     9.1761     9.1768   3.667137   3.668697     2.1347    -0.0699      31.42 4.9452e-02 0.0000e+00    80.8765    5.24892    34.3039    34.3195    26.5451    1487.02    1479.86 0.0000e+00
       1965     64.000     9.1637     9.1620   3.667042   3.668588     2.1294    -0.0705      98.87 4.9490e-02 0.0000e+00    80.9025    5.23109    34.3144    34.3321    26.5553    1487.00    1479.98 0.0000e+00
       1986     65.000     9.1573     9.1555   3.667186   3.668740     2.1238    -0.0709      63.42 4.9466e-02 0.0000e+00    80.9590    5.21679    34.3216    34.3395    26.5620    1487.00    1480.08 0.0000e+00
       2007     66.000     9.1215     9.1221   3.665110   3.666637     2.1189    -0.0665      74.04 4.9479e-02 0.0000e+00    80.9980    5.21047    34.3340    34.3493    26.5775    1486.90    1480.19 0.0000e+00
       2028     67.000     9.1100     9.1080   3.665450   3.667023     2.1143    -0.0755      84.25 4.9466e-02 0.0000e+00    81.0291    5.20089    34.3481    34.3665    26.5904    1486.90    1480.29 0.0000e+00
       2049     68.000     9.1029     9.1012   3.665925   3.667466     2.1105    -0.0737      83.50 4.9472e-02 0.0000e+00    81.0813    5.20322    34.3595    34.3772    26.6004    1486.90    1480.38 0.0000e+00
       2070     69.000     9.0564     9.0591   3.662570   3.664054     2.1077    -0.0658      98.47 4.9485e-02 0.0000e+00    81.0943    5.20216    34.3688    34.3817    26.6152    1486.76    1480.47 0.0000e+00
       2091     70.000     9.0352     9.0315   3.662769   3.664143     2.1044    -0.0631      35.79 4.9472e-02 0.0000e+00    81.1566    5.19063    34.3909    34.4089    26.6359    1486.72    1480.56 0.0000e+00
       2111     71.000     9.0365     9.0342   3.663353   3.664844     2.1014    -0.0691      40.55 4.9472e-02 0.0000e+00    81.1643    5.18839    34.3953    34.4131    26.6391    1486.75    1480.65 0.0000e+00
       2132     72.000     9.0196     9.0183   3.662036   3.663554     2.0990    -0.0642      98.50 4.9439e-02 0.0000e+00    81.2016    5.18404    34.3974    34.4146    26.6435    1486.71    1480.73 0.0000e+00
       2153     73.000     9.0016     9.0003   3.660401   3.661794     2.0961    -0.0644      56.89 4.9486e-02 0.0000e+00    81.2438    5.17944    34.3973    34.4131    26.6462    1486.66    1480.81 0.0000e+00
       2174     74.000     8.9608     8.9606   3.656792   3.658334     2.0943    -0.0592      43.87 4.9492e-02 0.0000e+00    81.2590    5.18280    34.3985    34.4148    26.6537    1486.52    1480.89 0.0000e+00
       2196     75.000     8.9281     8.9300   3.654411   3.655890     2.0918    -0.0668      98.27 4.9483e-02 0.0000e+00    81.2944    5.17383    34.4048    34.4184    26.6638    1486.43    1480.96 0.0000e+00
       2217     76.000     8.8687     8.8688   3.649555   3.651056     2.0891    -0.0646      66.40 4.9472e-02 0.0000e+00    81.2766    5.16038    34.4109    34.4266    26.6780    1486.23    1481.03 0.0000e+00
       2238     77.000     8.8372     8.8386   3.647493   3.648982     2.0846    -0.0677      15.22 4.9479e-02 0.0000e+00    81.2389    5.13753    34.4194    34.4336    26.6896    1486.14    1481.10 0.0000e+00
