_data/ctd/2022603/sta0148.cnv
* Sea-Bird SBE 9 Data File:
* FileName = C:\Seabird\CTDData\sta0148.hex
* Software Version Seasave V 7.21f
* Temperature SN = 6264
* Conductivity SN = 4928
* Number of Bytes Per Scan = 40
* Number of Voltage Words = 5
* Number of Scans Averaged by the Deck Unit = 1
* NMEA Latitude = 60 00.70 N
* NMEA Longitude = 005 55.02 E
* NMEA UTC (Time) = Feb 09 2022 15:39:46
* NMEA baud rate = 4800
** Ship: R/V "Kristine Bonnevie"
** Station: 0148
** Echodepth: 660
** Log: 0022.310
** Wind-Dir/Force: 26 23
** Air-temp (dry): 4.8
** Weather Sky:
** Sea:
# nquan = 19                                
# nvalues = 657                         
# units = specified
# name 0 = scan: Scan Count
# name 1 = prDM: Pressure, Digiquartz [db]
# name 2 = t068C: Temperature [ITS-68, deg C]
# name 3 = t168C: Temperature, 2 [ITS-68, deg C]
# name 4 = c0S/m: Conductivity [S/m]
# name 5 = c1S/m: Conductivity, 2 [S/m]
# name 6 = sbeox0V: Oxygen raw, SBE 43 [V]
# name 7 = flECO-AFL: Fluorescence, WET Labs ECO-AFL/FL [mg/m^3]
# name 8 = altM: Altimeter [m]
# name 9 = par: PAR/Irradiance, Biospherical/Licor
# name 10 = spar: SPAR/Surface Irradiance
# name 11 = CStarTr0: Beam Transmission, WET Labs C-Star [%]
# name 12 = sbeox0ML/L: Oxygen, SBE 43 [ml/l], WS = 2
# name 13 = sal00: Salinity, Practical [PSU]
# name 14 = sal11: Salinity, Practical, 2 [PSU]
# name 15 = sigma-t00: Density [sigma-t, Kg/m^3 ]
# name 16 = svCM: Sound Velocity [Chen-Millero, m/s]
# name 17 = avgsvCM: Average Sound Velocity [Chen-Millero, m/s], minP = 1, minS = 5
# name 18 = flag: flag
# span 0 =        401,      15505       
# span 1 =      2.000,    658.000       
# span 2 =     7.5153,    10.0974       
# span 3 =     7.5127,    10.0938       
# span 4 =   3.231342,   3.707500       
# span 5 =   3.231352,   3.708092       
# span 6 =     1.7366,     2.3883       
# span 7 =    -0.0911,     0.5789       
# span 8 =       6.70,      99.63       
# span 9 = 4.9451e-02, 8.4333e+00       
# span 10 = 7.9947e+00, 1.3991e+01      
# span 11 =    80.0098,    82.0980      
# span 12 =    4.47396,    6.46105      
# span 13 =    31.2744,    34.9879      
# span 14 =    31.2781,    34.9944      
# span 15 =    24.4167,    27.3180      
# span 16 =    1476.03,    1491.88      
# span 17 =    1476.03,    1487.35      
# span 18 = 0.0000e+00, 0.0000e+00      
# interval = decibars: 1                
# start_time = Feb 09 2022 15:39:48 [System UTC, header]
# bad_flag = -9.990e-29
*END*
[from data line 77]
       2197     79.000     8.4234     8.4223   3.630720   3.631181     2.2302 -9.990e-29      74.43 4.9499e-02 1.3728e+01    81.8089    5.71657    34.6455    34.6515    26.9315    1484.92    1484.57 0.0000e+00
       2220     80.000     8.4194     8.4183   3.630717   3.631177     2.2300 -9.990e-29      90.64 4.9481e-02 1.3413e+01    81.7978    5.71051    34.6490    34.6549    26.9348    1484.92    1484.57 0.0000e+00
       2242     81.000     8.4168     8.4156   3.630912   3.631386     2.2293 -9.990e-29      65.54 4.9508e-02 1.3668e+01    81.8004    5.70561    34.6531    34.6593    26.9384    1484.93    1484.58 0.0000e+00
       2265     82.000     8.4114     8.4105   3.631212   3.631674     2.2282 -9.990e-29      93.52 4.9481e-02 1.2804e+01    81.7894    5.69573    34.6611    34.6669    26.9456    1484.94    1484.58 0.0000e+00
       2288     83.000     8.4033     8.4020   3.631489   3.631953     2.2262 -9.990e-29      44.79 4.9490e-02 1.2617e+01    81.7856    5.68539    34.6716    34.6778    26.9550    1484.94    1484.59 0.0000e+00
       2310     84.000     8.3984     8.3969   3.631601   3.632056     2.2241    -0.0578      97.42 4.9475e-02 1.3045e+01    81.7879    5.67919    34.6771    34.6834    26.9601    1484.94    1484.59 0.0000e+00
       2333     85.000     8.3907     8.3894   3.631576   3.632028     2.2222    -0.0836      39.22 4.9481e-02 1.2168e+01    81.7459    5.67387    34.6839    34.6900    26.9666    1484.94    1484.59 0.0000e+00
       2356     86.000     8.3788     8.3780   3.631434   3.631893     2.2201    -0.0863      87.31 4.9487e-02 1.2248e+01    81.7371    5.67046    34.6937    34.6993    26.9761    1484.92    1484.60 0.0000e+00
       2378     87.000     8.3644     8.3636   3.631519   3.631987     2.2180    -0.0754      97.37 4.9496e-02 1.2263e+01    81.7423    5.65896    34.7083    34.7141    26.9898    1484.90    1484.60 0.0000e+00
       2401     88.000     8.3589     8.3578   3.631694   3.632165     2.2152    -0.0638      95.79 4.9481e-02 1.1994e+01    81.7415    5.65165    34.7151    34.7212    26.9960    1484.91    1484.61 0.0000e+00
       2423     89.000     8.3571     8.3558   3.631777   3.632235     2.2130 -9.990e-29      93.96 4.9483e-02 -9.990e-29    81.7066    5.64305    34.7173    34.7234    26.9980    1484.92    1484.61 0.0000e+00
       2446     90.000     8.3552     8.3540   3.631882   3.632341     2.2097 -9.990e-29      92.42 4.9502e-02 -9.990e-29    81.6639    5.62720    34.7198    34.7259    27.0002    1484.93    1484.61 0.0000e+00
       2468     91.000     8.3548     8.3535   3.631947   3.632408     2.2069 -9.990e-29      88.35 4.9481e-02 -9.990e-29    81.6570    5.62172    34.7204    34.7266    27.0008    1484.95    1484.62 0.0000e+00
       2491     92.000     8.3540     8.3522   3.632488   3.632941     2.2037 -9.990e-29      71.82 4.9483e-02 1.1992e+01    81.6590    5.61339    34.7265    34.7331    27.0056    1484.97    1484.62 0.0000e+00
       2513     93.000     8.3650     8.3629   3.634759   3.635232     2.2017 -9.990e-29      86.15 4.9496e-02 1.1992e+01    81.6537    5.61623    34.7393    34.7464    27.0140    1485.04    1484.62 0.0000e+00
       2535     94.000     8.3726     8.3709   3.636306   3.636769     2.2001 -9.990e-29      90.90 4.9502e-02 1.1992e+01    81.6628    5.61592    34.7478    34.7544    27.0195    1485.10    1484.63 0.0000e+00
       2557     95.000     8.3760     8.3747   3.637220   3.637683     2.1988 -9.990e-29      70.98 4.9506e-02 1.1992e+01    81.6582    5.60755    34.7537    34.7599    27.0236    1485.14    1484.63 0.0000e+00
       2579     96.000     8.3561     8.3572   3.635775   3.636282     2.1967 -9.990e-29      88.88 4.9490e-02 1.1992e+01    81.6072    5.59267    34.7574    34.7618    27.0296    1485.08    1484.64 0.0000e+00
       2601     97.000     8.3295     8.3290   3.633662   3.634140     2.1936    -0.0561      67.81 4.9464e-02 1.1992e+01    81.6029    5.57355    34.7607    34.7663    27.0363    1485.00    1484.64 0.0000e+00
       2624     98.000     8.3223     8.3212   3.632980   3.633452     2.1893    -0.0847      86.57 4.9511e-02 1.1992e+01    81.5833    5.56457    34.7601    34.7662    27.0369    1484.99    1484.65 0.0000e+00
       2646     99.000     8.3186     8.3178   3.632773   3.633244     2.1867    -0.0863      40.07 4.9490e-02 1.1992e+01    81.5831    5.57524    34.7611    34.7669    27.0382    1485.00    1484.65 0.0000e+00
       2669    100.000     8.3084     8.3075   3.631941   3.632402     2.1855    -0.0720      93.59 4.9477e-02 1.1992e+01    81.5885    5.58889    34.7618    34.7676    27.0404    1484.97    1484.65 0.0000e+00
       2691    101.000     8.3040     8.3028   3.631789   3.632249     2.1855    -0.0577      37.86 4.9505e-02 1.1992e+01    81.6085    5.59761    34.7641    34.7702    27.0428    1484.98    1484.66 0.0000e+00
       2713    102.000     8.3011     8.2999   3.631876   3.632335     2.1856 -9.990e-29      97.73 4.9502e-02 1.1992e+01    81.6109    5.60271    34.7674    34.7735    27.0459    1484.99    1484.66 0.0000e+00
       2735    103.000     8.2980     8.2968   3.631850   3.632312     2.1866 -9.990e-29      98.80 4.9490e-02 1.1992e+01    81.6016    5.61170    34.7697    34.7758    27.0482    1485.00    1484.66 0.0000e+00
       2758    104.000     8.2950     8.2938   3.631814   3.632277     2.1873 -9.990e-29      76.98 4.9475e-02 1.1992e+01    81.6218    5.61368    34.7718    34.7779    27.0503    1485.00    1484.67 0.0000e+00
       2781    105.000     8.2922     8.2910   3.631835   3.632293     2.1880 -9.990e-29      68.12 4.9496e-02 1.1992e+01    81.6435    5.61436    34.7743    34.7804    27.0527    1485.01    1484.67 0.0000e+00
       2803    106.000     8.2902     8.2892   3.631866   3.632329     2.1884 -9.990e-29      70.77 4.9496e-02 1.1992e+01    81.6151    5.61655    34.7761    34.7821    27.0544    1485.02    1484.67 0.0000e+00
       2825    107.000     8.2855     8.2843   3.631856   3.632322     2.1889 -9.990e-29      57.55 1.0537e-01 1.1992e+01    81.6396    5.61842    34.7802    34.7863    27.0583    1485.03    1484.68 0.0000e+00
       2847    108.000     8.2827     8.2814   3.631858   3.632332     2.1893 -9.990e-29      70.14 5.0175e-02 1.1992e+01    81.6408    5.61775    34.7825    34.7888    27.0605    1485.04    1484.68 0.0000e+00
       2869    109.000     8.2810     8.2798   3.631885   3.632350     2.1892 -9.990e-29      78.18 4.9502e-02 1.1992e+01    81.6183    5.61649    34.7840    34.7901    27.0620    1485.05    1484.68 0.0000e+00
       2892    110.000     8.2786     8.2774   3.631863   3.632323     2.1895 -9.990e-29      64.62 4.9502e-02 1.1992e+01    81.6269    5.61996    34.7856    34.7917    27.0636    1485.06    1484.69 0.0000e+00
       2914    111.000     8.2780     8.2767   3.631906   3.632373     2.1893 -9.990e-29      79.47 1.0285e-01 1.1992e+01    81.6168    5.61455    34.7862    34.7925    27.0642    1485.07    1484.69 0.0000e+00
       2936    112.000     8.2763     8.2751   3.631930   3.632383     2.1888 -9.990e-29      60.02 5.0734e-02 1.1992e+01    81.6191    5.61238    34.7877    34.7937    27.0656    1485.08    1484.69 0.0000e+00
       2958    113.000     8.2744     8.2731   3.631935   3.632403     2.1884 -9.990e-29      84.18 4.9482e-02 1.1992e+01    81.6230    5.61328    34.7891    34.7954    27.0670    1485.10    1484.70 0.0000e+00
       2980    114.000     8.2738     8.2724   3.631985   3.632447     2.1882 -9.990e-29      81.21 4.9477e-02 1.1992e+01    81.6101    5.61498    34.7898    34.7961    27.0676    1485.11    1484.70 0.0000e+00
       3002    115.000     8.2730     8.2716   3.632013   3.632493     2.1877    -0.0558      44.45 4.9489e-02 1.1992e+01    81.6000    5.61162    34.7904    34.7969    27.0682    1485.12    1484.70 0.0000e+00
       3024    116.000     8.2722     8.2709   3.632059   3.632529     2.1875    -0.0612      78.90 4.9459e-02 1.1992e+01    81.6262    5.61506    34.7912    34.7975    27.0690    1485.14    1484.71 0.0000e+00
       3046    117.000     8.2713     8.2699   3.632106   3.632578     2.1875    -0.0861      10.91 4.9508e-02 1.1992e+01    81.6304    5.61799    34.7921    34.7985    27.0698    1485.15    1484.71 0.0000e+00
       3068    118.000     8.2687     8.2674   3.632113   3.632585     2.1875    -0.0573      65.19 4.9492e-02 1.1992e+01    81.6288    5.61757    34.7943    34.8006    27.0719    1485.16    1484.72 0.0000e+00
       3090    119.000     8.2678     8.2666   3.632146   3.632620     2.1872    -0.0613      96.52 4.9490e-02 1.1992e+01    81.6189    5.61115    34.7950    34.8013    27.0726    1485.18    1484.72 0.0000e+00
       3112    120.000     8.2671     8.2659   3.632178   3.632662     2.1864    -0.0759      98.34 4.9506e-02 1.1992e+01    81.6242    5.61057    34.7956    34.8019    27.0732    1485.19    1484.72 0.0000e+00
       3134    121.000     8.2648     8.2636   3.632202   3.632681     2.1861    -0.0793      70.69 4.9521e-02 1.1992e+01    81.6330    5.61276    34.7976    34.8039    27.0751    1485.20    1484.73 0.0000e+00
       3156    122.000     8.2619     8.2608   3.632202   3.632679     2.1857    -0.0624      72.57 4.9490e-02 1.1992e+01    81.6098    5.61494    34.8000    34.8062    27.0775    1485.21    1484.73 0.0000e+00
       3179    123.000     8.2559     8.2550   3.632115   3.632588     2.1858    -0.0563      81.26 4.9483e-02 1.1992e+01    81.6145    5.61658    34.8045    34.8105    27.0819    1485.21    1484.74 0.0000e+00
       3201    124.000     8.2495     8.2486   3.631971   3.632445     2.1857    -0.0627      84.04 4.9483e-02 1.1992e+01    81.6049    5.61828    34.8089    34.8148    27.0863    1485.21    1484.74 0.0000e+00
       3223    125.000     8.2450     8.2439   3.631891   3.632356     2.1855    -0.0646      89.42 4.9470e-02 1.1992e+01    81.6237    5.61977    34.8120    34.8180    27.0894    1485.21    1484.74 0.0000e+00
       3245    126.000     8.2432     8.2421   3.631903   3.632370     2.1859    -0.0821      90.29 4.9481e-02 1.1992e+01    81.6367    5.62532    34.8134    34.8195    27.0908    1485.22    1484.75 0.0000e+00
       3267    127.000     8.2398     8.2388   3.631899   3.632370     2.1861    -0.0765      89.81 4.9464e-02 1.1992e+01    81.6178    5.63082    34.8163    34.8223    27.0936    1485.23    1484.75 0.0000e+00
       3289    128.000     8.2350     8.2339   3.631840   3.632324     2.1869    -0.0576      80.80 4.9502e-02 1.1992e+01    81.6015    5.63266    34.8199    34.8262    27.0972    1485.23    1484.75 0.0000e+00
       3311    129.000     8.2313     8.2301   3.631779   3.632248     2.1872 -9.990e-29      60.14 4.9508e-02 1.1992e+01    81.5746    5.63439    34.8224    34.8286    27.0997    1485.24    1484.76 0.0000e+00
       3333    130.000     8.2255     8.2246   3.631650   3.632132     2.1877 -9.990e-29      88.49 4.9483e-02 1.1992e+01    81.5657    5.63676    34.8263    34.8324    27.1037    1485.24    1484.76 0.0000e+00
       3355    131.000     8.2184     8.2175   3.631567   3.632051     2.1879 -9.990e-29      77.86 4.9508e-02 1.1992e+01    81.5766    5.63775    34.8320    34.8381    27.1092    1485.23    1484.77 0.0000e+00
       3377    132.000     8.2084     8.2075   3.631404   3.631882     2.1881 -9.990e-29      98.43 4.9499e-02 1.1992e+01    81.6013    5.63697    34.8397    34.8457    27.1168    1485.22    1484.77 0.0000e+00
       3399    133.000     8.2047     8.2035   3.631393   3.631870     2.1879 -9.990e-29      59.49 5.6712e-02 1.1992e+01    81.5989    5.63373    34.8428    34.8490    27.1197    1485.23    1484.77 0.0000e+00
       3421    134.000     8.2022     8.2008   3.631335   3.631818     2.1875 -9.990e-29      70.11 1.0527e-01 1.1992e+01    81.6041    5.63162    34.8441    34.8507    27.1212    1485.24    1484.78 0.0000e+00
       3443    135.000     8.2011     8.1998   3.631348   3.631809     2.1871 -9.990e-29      95.33 4.9656e-02 1.1992e+01    81.6405    5.62585    34.8449    34.8511    27.1220    1485.25    1484.78 0.0000e+00
       3465    136.000     8.1980     8.1968   3.631279   3.631754     2.1856 -9.990e-29      43.19 4.9490e-02 1.1992e+01    81.6450    5.61911    34.8467    34.8530    27.1239    1485.26    1484.78 0.0000e+00
       3487    137.000     8.1923     8.1916   3.631138   3.631613     2.1847 -9.990e-29      97.79 4.9472e-02 1.1992e+01    81.6375    5.62357    34.8504    34.8562    27.1276    1485.26    1484.79 0.0000e+00
       3509    138.000     8.1867     8.1857   3.630990   3.631477     2.1841    -0.0859      56.39 4.9471e-02 1.1992e+01    81.6207    5.61874    34.8539    34.8601    27.1312    1485.26    1484.79 0.0000e+00
       3530    139.000     8.1839     8.1826   3.630965   3.631447     2.1831    -0.0753      98.36 4.9477e-02 1.1992e+01    81.6111    5.62270    34.8559    34.8624    27.1332    1485.27    1484.79 0.0000e+00
       3552    140.000     8.1817     8.1806   3.630922   3.631409     2.1828    -0.0613      87.05 4.9459e-02 1.1992e+01    81.6198    5.62212    34.8572    34.8635    27.1346    1485.28    1484.80 0.0000e+00
       3573    141.000     8.1755     8.1746   3.630758   3.631246     2.1823    -0.0577      52.87 4.9502e-02 1.1992e+01    81.6213    5.61819    34.8611    34.8672    27.1386    1485.27    1484.80 0.0000e+00
       3595    142.000     8.1689     8.1682   3.630570   3.631043     2.1811    -0.0595      90.22 4.9518e-02 1.1992e+01    81.6064    5.61744    34.8651    34.8709    27.1428    1485.27    1484.80 0.0000e+00
       3617    143.000     8.1579     8.1572   3.630159   3.630638     2.1810 -9.990e-29      71.38 4.9476e-02 1.1992e+01    81.6046    5.62246    34.8712    34.8770    27.1492    1485.25    1484.81 0.0000e+00
       3638    144.000     8.1496     8.1488   3.629847   3.630316     2.1804 -9.990e-29      49.78 4.9472e-02 1.1992e+01    81.6037    5.61929    34.8756    34.8814    27.1539    1485.24    1484.81 0.0000e+00
       3659    145.000     8.1426     8.1416   3.629588   3.630069     2.1796 -9.990e-29      81.21 4.9514e-02 1.1992e+01    81.6003    5.61557    34.8793    34.8855    27.1579    1485.24    1484.81 0.0000e+00
       3681    146.000     8.1401     8.1389   3.629620   3.630090     2.1789 -9.990e-29      67.37 4.9509e-02 1.1992e+01    81.6113    5.61895    34.8817    34.8879    27.1601    1485.25    1484.82 0.0000e+00
       3703    147.000     8.1376     8.1365   3.629616   3.630097     2.1784    -0.0582      90.69 4.9499e-02 1.1992e+01    81.5989    5.61080    34.8836    34.8899    27.1620    1485.26    1484.82 0.0000e+00
       3724    148.000     8.1347     8.1335   3.629652   3.630124     2.1770    -0.0573      77.67 4.9499e-02 1.1992e+01    81.5886    5.60467    34.8864    34.8927    27.1646    1485.27    1484.82 0.0000e+00
       3746    149.000     8.1324     8.1312   3.629608   3.630084     2.1760    -0.0586      98.82 4.9502e-02 1.1992e+01    81.6208    5.60906    34.8877    34.8940    27.1660    1485.28    1484.82 0.0000e+00
       3768    150.000     8.1296     8.1284   3.629522   3.629999     2.1755    -0.0757      98.71 4.9499e-02 1.1992e+01    81.5838    5.61609    34.8891    34.8954    27.1676    1485.28    1484.83 0.0000e+00
       3790    151.000     8.1291     8.1278   3.629560   3.630041     2.1759    -0.0733      24.76 4.9496e-02 1.1992e+01    81.5793    5.62188    34.8895    34.8960    27.1680    1485.30    1484.83 0.0000e+00
       3812    152.000     8.1284     8.1271   3.629554   3.630029     2.1760 -9.990e-29      92.28 4.9485e-02 -9.990e-29    81.5639    5.62227    34.8897    34.8961    27.1682    1485.31    1484.83 0.0000e+00
       3833    153.000     8.1260     8.1251   3.629429   3.629920     2.1763 -9.990e-29      78.81 4.9483e-02 -9.990e-29    81.5594    5.62473    34.8903    34.8964    27.1690    1485.32    1484.84 0.0000e+00
