_data/ctd/2022603/sta0200.cnv
* Sea-Bird SBE 9 Data File:
* FileName = C:\Seabird\CTDData\sta0200.hex
* Software Version Seasave V 7.21f
* Temperature SN = 6264
* Conductivity SN = 4928
* Number of Bytes Per Scan = 40
* Number of Voltage Words = 5
* Number of Scans Averaged by the Deck Unit = 1
* NMEA Latitude = 61 07.62 N
* NMEA Longitude = 006 05.38 E
* NMEA UTC (Time) = Feb 15 2022 02:08:20
* NMEA baud rate = 4800
** Ship: R/V "Kristine Bonnevie"
** Station: 0200
** Echodepth: 1247
** Log: 0796.288
** Wind-Dir/Force: 10 25
** Air-temp (dry): 3.8
** Weather Sky:
** Sea:
# nquan = 19                                
# nvalues = 1254                        
# units = specified
# name 0 = scan: Scan Count
# name 1 = prDM: Pressure, Digiquartz [db]
# name 2 = t068C: Temperature [ITS-68, deg C]
# name 3 = t168C: Temperature, 2 [ITS-68, deg C]
# name 4 = c0S/m: Conductivity [S/m]
# name 5 = c1S/m: Conductivity, 2 [S/m]
# name 6 = sbeox0V: Oxygen raw, SBE 43 [V]
# name 7 = flECO-AFL: Fluorescence, WET Labs ECO-AFL/FL [mg/m^3]
# name 8 = altM: Altimeter [m]
# name 9 = par: PAR/Irradiance, Biospherical/Licor
# name 10 = spar: SPAR/Surface Irradiance
# name 11 = CStarTr0: Beam Transmission, WET Labs C-Star [%]
# name 12 = sbeox0ML/L: Oxygen, SBE 43 [ml/l], WS = 2
# name 13 = sal00: Salinity, Practical [PSU]
# name 14 = sal11: Salinity, Practical, 2 [PSU]
# name 15 = sigma-t00: Density [sigma-t, Kg/m^3 ]
# name 16 = svCM: Sound Velocity [Chen-Millero, m/s]
# name 17 = avgsvCM: Average Sound Velocity [Chen-Millero, m/s], minP = 1, minS = 5
# name 18 = flag: flag
# span 0 =        268,      28364       
# span 1 =      2.000,   1255.000       
# span 2 =     6.2331,     9.8354       
# span 3 =     6.2310,     9.8345       
# span 4 =   3.116411,   3.703531       
# span 5 =   3.117156,   3.705046       
# span 6 =     1.5410,     2.4342       
# span 7 =    -0.0973,     0.6541       
# span 8 =       7.70,     100.38       
# span 9 = 4.9283e-02, 8.6075e-01       
# span 10 = 0.0000e+00, 0.0000e+00      
# span 11 =    79.9550,    81.9234      
# span 12 =    4.07349,    6.82260      
# span 13 =    31.1888,    35.0242      
# span 14 =    31.1990,    35.0403      
# span 15 =    24.5142,    27.3646      
# span 16 =    1470.91,    1501.45      
# span 17 =    1470.91,    1491.49      
# span 18 = 0.0000e+00, 0.0000e+00      
# interval = decibars: 1                
# start_time = Feb 15 2022 02:08:22 [System UTC, header]
# bad_flag = -9.990e-29
*END*
[from data line 305]
       7026    307.000     7.7850     7.7834   3.612674   3.614047     2.0047    -0.0634      73.95 4.9485e-02 0.0000e+00    81.8262    5.18754    34.9760    34.9924    27.2874    1486.67    1484.86 0.0000e+00
       7048    308.000     7.7859     7.7842   3.612852   3.614217     2.0047    -0.0600      52.61 1.0885e-01 0.0000e+00    81.8346    5.19516    34.9765    34.9929    27.2877    1486.69    1484.87 0.0000e+00
       7070    309.000     7.7875     7.7856   3.613104   3.614442     2.0055    -0.0888      65.21 4.9283e-02 0.0000e+00    81.8195    5.20102    34.9771    34.9935    27.2879    1486.72    1484.88 0.0000e+00
       7091    310.000     7.7905     7.7887   3.613517   3.614867     2.0061    -0.0771      53.95 4.9496e-02 0.0000e+00    81.8288    5.20234    34.9781    34.9945    27.2882    1486.75    1484.88 0.0000e+00
       7113    311.000     7.7909     7.7891   3.613621   3.614976     2.0067    -0.0779      98.36 4.9471e-02 0.0000e+00    81.8334    5.21166    34.9783    34.9947    27.2884    1486.76    1484.89 0.0000e+00
       7135    312.000     7.7910     7.7894   3.613722   3.615102     2.0084    -0.0903      70.30 4.9489e-02 0.0000e+00    81.8324    5.22589    34.9788    34.9953    27.2887    1486.78    1484.89 0.0000e+00
       7157    313.000     7.7907     7.7891   3.613814   3.615180     2.0101    -0.0886      98.34 4.9490e-02 0.0000e+00    81.8369    5.23679    34.9797    34.9960    27.2894    1486.80    1484.90 0.0000e+00
       7179    314.000     7.7912     7.7896   3.613952   3.615329     2.0124    -0.0632      80.75 4.9490e-02 0.0000e+00    81.8370    5.24205    34.9802    34.9966    27.2897    1486.82    1484.91 0.0000e+00
       7201    315.000     7.7906     7.7889   3.613981   3.615343     2.0140    -0.0618      98.54 4.9477e-02 0.0000e+00    81.8365    5.24781    34.9806    34.9970    27.2902    1486.83    1484.91 0.0000e+00
       7223    316.000     7.7887     7.7872   3.613890   3.615256     2.0158    -0.0822      98.80 4.9483e-02 0.0000e+00    81.8401    5.25466    34.9810    34.9973    27.2908    1486.84    1484.92 0.0000e+00
       7245    317.000     7.7884     7.7868   3.613940   3.615310     2.0175    -0.0831      46.30 4.9483e-02 0.0000e+00    81.8186    5.26217    34.9814    34.9977    27.2911    1486.86    1484.92 0.0000e+00
       7267    318.000     7.7895     7.7878   3.614127   3.615497     2.0195    -0.0646      97.43 4.9490e-02 0.0000e+00    81.8212    5.27124    34.9818    34.9983    27.2913    1486.88    1484.93 0.0000e+00
       7290    319.000     7.7905     7.7889   3.614326   3.615686     2.0215    -0.0596      61.76 4.9481e-02 0.0000e+00    81.8222    5.27174    34.9825    34.9987    27.2917    1486.90    1484.94 0.0000e+00
       7312    320.000     7.7903     7.7887   3.614365   3.615731     2.0225    -0.0623      98.84 4.9483e-02 0.0000e+00    81.8283    5.27330    34.9826    34.9989    27.2918    1486.92    1484.94 0.0000e+00
       7335    321.000     7.7899     7.7884   3.614374   3.615740     2.0240    -0.0875      78.59 4.9487e-02 0.0000e+00    81.8408    5.28219    34.9826    34.9989    27.2919    1486.93    1484.95 0.0000e+00
       7358    322.000     7.7896     7.7880   3.614380   3.615743     2.0254    -0.0713      98.60 4.9481e-02 0.0000e+00    81.8364    5.28411    34.9825    34.9988    27.2918    1486.95    1484.95 0.0000e+00
       7380    323.000     7.7894     7.7878   3.614406   3.615789     2.0265    -0.0720      92.03 4.9483e-02 0.0000e+00    81.8272    5.28296    34.9825    34.9990    27.2919    1486.96    1484.96 0.0000e+00
       7402    324.000     7.7901     7.7883   3.614582   3.615938     2.0268    -0.0811      38.55 4.9490e-02 0.0000e+00    81.8306    5.28197    34.9832    34.9996    27.2923    1486.98    1484.97 0.0000e+00
       7424    325.000     7.7914     7.7896   3.614797   3.616146     2.0276    -0.0914      92.07 4.9490e-02 0.0000e+00    81.6599    5.28489    34.9837    35.0001    27.2925    1487.00    1484.97 0.0000e+00
       7446    326.000     7.7946     7.7927   3.615242   3.616605     2.0279    -0.0858      47.29 4.9508e-02 0.0000e+00    81.8306    5.28956    34.9849    35.0015    27.2929    1487.03    1484.98 0.0000e+00
       7468    327.000     7.7941     7.7926   3.615281   3.616651     2.0291    -0.0591      95.65 4.9483e-02 0.0000e+00    81.8180    5.29529    34.9853    35.0016    27.2934    1487.05    1484.99 0.0000e+00
       7490    328.000     7.7939     7.7921   3.615339   3.616694     2.0296    -0.0558      64.20 4.9471e-02 0.0000e+00    81.8229    5.30104    34.9856    35.0020    27.2937    1487.06    1484.99 0.0000e+00
       7512    329.000     7.7957     7.7939   3.615658   3.617023     2.0313    -0.0609      97.84 4.9527e-02 0.0000e+00    81.8322    5.30994    34.9868    35.0033    27.2943    1487.09    1485.00 0.0000e+00
       7534    330.000     7.7963     7.7946   3.615810   3.617186     2.0321    -0.0636      81.77 4.9484e-02 0.0000e+00    81.8171    5.30942    34.9873    35.0039    27.2946    1487.11    1485.00 0.0000e+00
       7556    331.000     7.7965     7.7949   3.615890   3.617261     2.0334    -0.0654      98.53 4.9471e-02 0.0000e+00    81.8307    5.32070    34.9875    35.0039    27.2948    1487.13    1485.01 0.0000e+00
       7578    332.000     7.7965     7.7948   3.615939   3.617310     2.0350    -0.0696      93.70 4.9512e-02 0.0000e+00    81.8360    5.32824    34.9876    35.0041    27.2948    1487.14    1485.02 0.0000e+00
       7600    333.000     7.7963     7.7947   3.615973   3.617355     2.0365    -0.0918      60.14 4.9493e-02 0.0000e+00    81.8310    5.33510    34.9877    35.0042    27.2949    1487.16    1485.02 0.0000e+00
       7622    334.000     7.7959     7.7944   3.616008   3.617384     2.0384    -0.0910      79.54 4.9490e-02 0.0000e+00    81.8294    5.34335    34.9880    35.0043    27.2952    1487.17    1485.03 0.0000e+00
       7644    335.000     7.7954     7.7938   3.616016   3.617387     2.0399    -0.0720      62.55 4.9471e-02 0.0000e+00    81.8520    5.34478    34.9881    35.0044    27.2953    1487.19    1485.04 0.0000e+00
       7667    336.000     7.7952     7.7935   3.616048   3.617418     2.0413    -0.0600      84.98 5.9119e-02 0.0000e+00    81.8462    5.34526    34.9881    35.0046    27.2954    1487.20    1485.04 0.0000e+00
       7688    337.000     7.7947     7.7931   3.616071   3.617441     2.0419    -0.0779      75.80 4.9805e-02 0.0000e+00    81.8308    5.34501    34.9884    35.0048    27.2957    1487.22    1485.05 0.0000e+00
       7711    338.000     7.7943     7.7927   3.616089   3.617469     2.0428    -0.0919      91.57 4.9490e-02 0.0000e+00    81.8486    5.35002    34.9885    35.0050    27.2958    1487.23    1485.06 0.0000e+00
       7732    339.000     7.7941     7.7925   3.616130   3.617506     2.0435    -0.0928      84.78 4.9502e-02 0.0000e+00    81.8444    5.34970    34.9887    35.0051    27.2960    1487.25    1485.06 0.0000e+00
       7754    340.000     7.7936     7.7921   3.616175   3.617553     2.0440    -0.0965      63.33 4.9502e-02 0.0000e+00    81.8430    5.34953    34.9892    35.0055    27.2965    1487.27    1485.07 0.0000e+00
       7776    341.000     7.7935     7.7920   3.616235   3.617610     2.0444    -0.0736      57.36 4.9508e-02 0.0000e+00    81.8399    5.35203    34.9894    35.0057    27.2967    1487.28    1485.08 0.0000e+00
       7798    342.000     7.7932     7.7916   3.616275   3.617642     2.0448    -0.0634      76.93 4.9492e-02 0.0000e+00    81.8448    5.35070    34.9897    35.0060    27.2969    1487.30    1485.08 0.0000e+00
       7819    343.000     7.7930     7.7914   3.616322   3.617702     2.0447    -0.0682      67.08 4.9490e-02 0.0000e+00    81.8351    5.35229    34.9899    35.0064    27.2971    1487.31    1485.09 0.0000e+00
       7841    344.000     7.7928     7.7912   3.616381   3.617754     2.0451    -0.0719      87.39 4.9472e-02 0.0000e+00    81.8371    5.35536    34.9903    35.0066    27.2974    1487.33    1485.10 0.0000e+00
       7863    345.000     7.7919     7.7904   3.616372   3.617746     2.0454    -0.0904      78.74 4.9496e-02 0.0000e+00    81.8364    5.35600    34.9906    35.0069    27.2978    1487.34    1485.10 0.0000e+00
       7884    346.000     7.7909     7.7893   3.616359   3.617735     2.0456    -0.0615      94.71 4.9499e-02 0.0000e+00    81.8396    5.35521    34.9910    35.0074    27.2983    1487.36    1485.11 0.0000e+00
       7906    347.000     7.7906     7.7891   3.616443   3.617828     2.0455    -0.0865      88.54 4.9489e-02 0.0000e+00    81.8292    5.35597    34.9917    35.0081    27.2989    1487.37    1485.11 0.0000e+00
       7928    348.000     7.7905     7.7889   3.616506   3.617888     2.0456    -0.0920      27.32 4.9471e-02 0.0000e+00    81.8407    5.35931    34.9920    35.0085    27.2991    1487.39    1485.12 0.0000e+00
       7949    349.000     7.7903     7.7888   3.616554   3.617935     2.0461    -0.0832      97.30 4.9477e-02 0.0000e+00    81.8415    5.36337    34.9922    35.0086    27.2993    1487.40    1485.13 0.0000e+00
       7971    350.000     7.7902     7.7885   3.616598   3.617973     2.0464    -0.0650      45.45 4.9499e-02 0.0000e+00    81.8378    5.36591    34.9923    35.0088    27.2994    1487.42    1485.13 0.0000e+00
       7993    351.000     7.7898     7.7882   3.616648   3.618028     2.0469    -0.0925      98.18 4.9493e-02 0.0000e+00    81.8272    5.36700    34.9928    35.0092    27.2999    1487.44    1485.14 0.0000e+00
       8015    352.000     7.7895     7.7879   3.616699   3.618069     2.0472    -0.0921      65.22 4.9479e-02 0.0000e+00    81.4625    5.36842    34.9931    35.0095    27.3002    1487.45    1485.15 0.0000e+00
       8037    353.000     7.7891     7.7876   3.616715   3.618098     2.0474    -0.0710      99.40 4.9458e-02 0.0000e+00    81.8112    5.36814    34.9932    35.0096    27.3003    1487.47    1485.15 0.0000e+00
       8059    354.000     7.7890     7.7874   3.616752   3.618135     2.0477    -0.0626      82.71 4.9490e-02 0.0000e+00    81.8397    5.36943    34.9932    35.0097    27.3003    1487.48    1485.16 0.0000e+00
       8080    355.000     7.7890     7.7874   3.616810   3.618175     2.0476    -0.0600      32.78 4.9483e-02 0.0000e+00    81.8393    5.37037    34.9934    35.0097    27.3005    1487.50    1485.17 0.0000e+00
       8102    356.000     7.7885     7.7869   3.616808   3.618179     2.0480    -0.0626      95.54 4.9496e-02 0.0000e+00    81.8405    5.37162    34.9934    35.0097    27.3005    1487.51    1485.17 0.0000e+00
       8124    357.000     7.7871     7.7856   3.616707   3.618090     2.0481    -0.0642      71.04 4.9483e-02 0.0000e+00    81.8559    5.37100    34.9932    35.0096    27.3006    1487.53    1485.18 0.0000e+00
       8146    358.000     7.7857     7.7842   3.616625   3.618002     2.0479    -0.0583      98.30 4.9485e-02 0.0000e+00    81.8523    5.37065    34.9932    35.0096    27.3008    1487.54    1485.19 0.0000e+00
       8167    359.000     7.7851     7.7835   3.616659   3.618034     2.0479    -0.0627      83.71 4.9502e-02 0.0000e+00    81.8379    5.37280    34.9937    35.0101    27.3013    1487.55    1485.19 0.0000e+00
       8189    360.000     7.7843     7.7828   3.616642   3.618018     2.0479    -0.0793      98.38 4.9466e-02 0.0000e+00    81.8493    5.37076    34.9939    35.0102    27.3015    1487.57    1485.20 0.0000e+00
       8210    361.000     7.7831     7.7816   3.616584   3.617968     2.0477    -0.0878      84.48 4.9492e-02 0.0000e+00    81.8513    5.36775    34.9939    35.0104    27.3018    1487.58    1485.21 0.0000e+00
       8231    362.000     7.7828     7.7811   3.616606   3.617985     2.0472    -0.0887      97.50 4.9471e-02 0.0000e+00    81.8490    5.37435    34.9940    35.0106    27.3019    1487.59    1485.21 0.0000e+00
       8253    363.000     7.7825     7.7805   3.616622   3.617964     2.0478    -0.0915      98.06 4.9479e-02 0.0000e+00    81.8560    5.37483    34.9940    35.0105    27.3019    1487.61    1485.22 0.0000e+00
       8274    364.000     7.7809     7.7790   3.616534   3.617863     2.0473    -0.0666      98.73 4.9465e-02 0.0000e+00    81.8465    5.37077    34.9942    35.0104    27.3023    1487.62    1485.23 0.0000e+00
       8295    365.000     7.7797     7.7781   3.616439   3.617830     2.0473    -0.0671      93.48 4.9506e-02 0.0000e+00    81.8715    5.36856    34.9939    35.0105    27.3022    1487.63    1485.23 0.0000e+00
       8317    366.000     7.7786     7.7771   3.616392   3.617768     2.0464    -0.0604      68.71 4.9496e-02 0.0000e+00    81.8736    5.36259    34.9940    35.0103    27.3025    1487.64    1485.24 0.0000e+00
       8338    367.000     7.7779     7.7764   3.616378   3.617758     2.0458    -0.0722      62.64 4.9540e-02 0.0000e+00    81.8703    5.36106    34.9940    35.0104    27.3026    1487.66    1485.25 0.0000e+00
       8360    368.000     7.7782     7.7767   3.616479   3.617871     2.0451    -0.0917      70.84 4.9512e-02 0.0000e+00    81.8702    5.35959    34.9943    35.0109    27.3028    1487.67    1485.25 0.0000e+00
       8381    369.000     7.7792     7.7776   3.616642   3.618027     2.0443    -0.0924      61.51 4.9499e-02 0.0000e+00    81.8509    5.35924    34.9946    35.0112    27.3029    1487.70    1485.26 0.0000e+00
       8403    370.000     7.7784     7.7768   3.616621   3.617998     2.0437    -0.0960      77.00 4.9496e-02 0.0000e+00    81.8644    5.35469    34.9947    35.0112    27.3031    1487.71    1485.27 0.0000e+00
       8424    371.000     7.7786     7.7771   3.616724   3.618096     2.0428    -0.0907      65.05 4.9499e-02 0.0000e+00    81.8636    5.35968    34.9951    35.0114    27.3034    1487.73    1485.27 0.0000e+00
       8445    372.000     7.7788     7.7772   3.616788   3.618158     2.0429    -0.0907      91.33 4.9459e-02 0.0000e+00    81.8571    5.36282    34.9952    35.0115    27.3034    1487.74    1485.28 0.0000e+00
       8467    373.000     7.7786     7.7771   3.616815   3.618193     2.0427    -0.0890      80.23 4.9477e-02 0.0000e+00    81.8492    5.35825    34.9952    35.0115    27.3034    1487.76    1485.29 0.0000e+00
       8488    374.000     7.7795     7.7779   3.616982   3.618359     2.0420    -0.0648      98.33 4.9492e-02 0.0000e+00    81.8716    5.35901    34.9956    35.0120    27.3036    1487.78    1485.29 0.0000e+00
       8509    375.000     7.7811     7.7795   3.617205   3.618597     2.0420    -0.0893      66.01 4.9472e-02 0.0000e+00    81.8678    5.35968    34.9959    35.0125    27.3036    1487.80    1485.30 0.0000e+00
       8530    376.000     7.7814     7.7799   3.617309   3.618701     2.0416    -0.0715      56.97 4.9499e-02 0.0000e+00    81.8503    5.36235    34.9962    35.0127    27.3038    1487.82    1485.31 0.0000e+00
       8551    377.000     7.7809     7.7793   3.617342   3.618704     2.0420    -0.0630      71.16 4.9499e-02 0.0000e+00    81.8407    5.36471    34.9966    35.0129    27.3042    1487.84    1485.31 0.0000e+00
       8572    378.000     7.7805     7.7789   3.617379   3.618745     2.0416    -0.0670      52.63 4.9479e-02 0.0000e+00    81.8561    5.36316    34.9969    35.0133    27.3045    1487.85    1485.32 0.0000e+00
       8593    379.000     7.7810     7.7794   3.617501   3.618875     2.0419    -0.0916      75.92 4.9472e-02 0.0000e+00    81.8656    5.36684    34.9973    35.0137    27.3047    1487.87    1485.33 0.0000e+00
       8614    380.000     7.7813     7.7797   3.617594   3.618970     2.0419    -0.0656      49.34 4.9466e-02 0.0000e+00    81.8579    5.37089    34.9975    35.0139    27.3048    1487.89    1485.33 0.0000e+00
       8634    381.000     7.7808     7.7793   3.617594   3.618970     2.0426    -0.0801      85.35 4.9485e-02 0.0000e+00    81.8446    5.37718    34.9975    35.0138    27.3049    1487.90    1485.34 0.0000e+00
