_data/ctd/2022603/sta0199.cnv
* Sea-Bird SBE 9 Data File:
* FileName = C:\Seabird\CTDData\sta0199.hex
* Software Version Seasave V 7.21f
* Temperature SN = 6264
* Conductivity SN = 4928
* Number of Bytes Per Scan = 40
* Number of Voltage Words = 5
* Number of Scans Averaged by the Deck Unit = 1
* NMEA Latitude = 61 06.83 N
* NMEA Longitude = 006 17.41 E
* NMEA UTC (Time) = Feb 15 2022 00:07:09
* NMEA baud rate = 4800
** Ship: R/V "Kristine Bonnevie"
** Station: 0199
** Echodepth: 1225
** Log: 0790.171
** Wind-Dir/Force: 96 12
** Air-temp (dry): 3.9
** Weather Sky:
** Sea:
# nquan = 19                                
# nvalues = 1234                        
# units = specified
# name 0 = scan: Scan Count
# name 1 = prDM: Pressure, Digiquartz [db]
# name 2 = t068C: Temperature [ITS-68, deg C]
# name 3 = t168C: Temperature, 2 [ITS-68, deg C]
# name 4 = c0S/m: Conductivity [S/m]
# name 5 = c1S/m: Conductivity, 2 [S/m]
# name 6 = sbeox0V: Oxygen raw, SBE 43 [V]
# name 7 = flECO-AFL: Fluorescence, WET Labs ECO-AFL/FL [mg/m^3]
# name 8 = altM: Altimeter [m]
# name 9 = par: PAR/Irradiance, Biospherical/Licor
# name 10 = spar: SPAR/Surface Irradiance
# name 11 = CStarTr0: Beam Transmission, WET Labs C-Star [%]
# name 12 = sbeox0ML/L: Oxygen, SBE 43 [ml/l], WS = 2
# name 13 = sal00: Salinity, Practical [PSU]
# name 14 = sal11: Salinity, Practical, 2 [PSU]
# name 15 = sigma-t00: Density [sigma-t, Kg/m^3 ]
# name 16 = svCM: Sound Velocity [Chen-Millero, m/s]
# name 17 = avgsvCM: Average Sound Velocity [Chen-Millero, m/s], minP = 1, minS = 5
# name 18 = flag: flag
# span 0 =          2,      25352       
# span 1 =      3.000,   1236.000       
# span 2 =     5.4339,     9.8155       
# span 3 =     5.4366,     9.8120       
# span 4 =   2.940210,   3.708920       
# span 5 =   2.941564,   3.710485       
# span 6 =     1.5436,     2.4554       
# span 7 =    -0.1007,     0.8205       
# span 8 =       4.18,     100.53       
# span 9 = 4.8800e-02, 6.1080e-01       
# span 10 = 0.0000e+00, 0.0000e+00      
# span 11 =    79.7991,    81.9877      
# span 12 =    4.07640,    7.07189      
# span 13 =    29.9464,    35.0236      
# span 14 =    29.9592,    35.0240      
# span 15 =    23.6254,    27.3645      
# span 16 =    1466.12,    1501.13      
# span 17 =    1466.12,    1491.27      
# span 18 = 0.0000e+00, 0.0000e+00      
# interval = decibars: 1                
# start_time = Feb 15 2022 00:07:12 [System UTC, header]
# bad_flag = -9.990e-29
*END*
[from data line 686]
      13810    689.000     7.4943     7.4928   3.606232   3.601526     1.6809    -0.0650      68.17 4.9486e-02 0.0000e+00    81.9361    4.30025    35.0147    34.9652    27.3603    1491.91    1487.15 0.0000e+00
      13831    690.000     7.4943     7.4927   3.606279   3.601556     1.6804    -0.0701      92.59 4.9492e-02 0.0000e+00    81.9320    4.29520    35.0147    34.9652    27.3604    1491.93    1487.16 0.0000e+00
      13851    691.000     7.4942     7.4927   3.606320   3.601582     1.6793    -0.0647      80.03 4.9488e-02 0.0000e+00    81.9436    4.29020    35.0148    34.9650    27.3604    1491.95    1487.17 0.0000e+00
      13872    692.000     7.4942     7.4927   3.606360   3.601622     1.6784    -0.0684      98.87 4.9523e-02 0.0000e+00    81.9261    4.29102    35.0147    34.9649    27.3604    1491.96    1487.18 0.0000e+00
      13892    693.000     7.4941     7.4926   3.606403   3.601639     1.6780    -0.0666      93.73 4.9512e-02 0.0000e+00    81.9239    4.29149    35.0148    34.9648    27.3605    1491.98    1487.18 0.0000e+00
      13913    694.000     7.4942     7.4926   3.606455   3.601689     1.6772    -0.0696      34.72 4.9494e-02 0.0000e+00    81.9298    4.28786    35.0148    34.9648    27.3605    1492.00    1487.19 0.0000e+00
      13933    695.000     7.4941     7.4926   3.606498   3.601713     1.6764    -0.0679      87.78 4.9512e-02 0.0000e+00    81.9109    4.28306    35.0149    34.9646    27.3606    1492.01    1487.20 0.0000e+00
      13954    696.000     7.4942     7.4927   3.606553   3.601767     1.6755    -0.0674      57.93 4.9499e-02 0.0000e+00    81.9147    4.27968    35.0149    34.9646    27.3606    1492.03    1487.20 0.0000e+00
      13974    697.000     7.4944     7.4929   3.606612   3.601818     1.6747    -0.0654      85.27 4.9495e-02 0.0000e+00    81.9384    4.27913    35.0149    34.9645    27.3605    1492.05    1487.21 0.0000e+00
      13995    698.000     7.4945     7.4930   3.606671   3.601840     1.6740    -0.0661      96.97 4.9509e-02 0.0000e+00    81.9303    4.27825    35.0149    34.9642    27.3605    1492.06    1487.22 0.0000e+00
      14015    699.000     7.4945     7.4930   3.606713   3.601883     1.6734    -0.0675      32.98 4.9505e-02 0.0000e+00    81.9293    4.27672    35.0149    34.9642    27.3605    1492.08    1487.22 0.0000e+00
      14036    700.000     7.4940     7.4926   3.606725   3.601893     1.6726    -0.0680      99.32 4.9495e-02 0.0000e+00    81.9367    4.27410    35.0151    34.9642    27.3607    1492.09    1487.23 0.0000e+00
      14056    701.000     7.4937     7.4921   3.606743   3.601900     1.6718    -0.0618      59.49 4.9488e-02 0.0000e+00    81.9201    4.27210    35.0151    34.9643    27.3608    1492.11    1487.24 0.0000e+00
      14076    702.000     7.4937     7.4922   3.606797   3.601927     1.6713    -0.0718      98.94 4.9492e-02 0.0000e+00    81.9124    4.27177    35.0152    34.9640    27.3609    1492.13    1487.24 0.0000e+00
      14096    703.000     7.4934     7.4919   3.606817   3.601953     1.6706    -0.0675      63.73 4.9481e-02 0.0000e+00    81.9178    4.27038    35.0153    34.9641    27.3610    1492.14    1487.25 0.0000e+00
      14117    704.000     7.4933     7.4918   3.606871   3.601993     1.6700    -0.0659      96.39 4.9502e-02 0.0000e+00    81.9375    4.26592    35.0155    34.9642    27.3611    1492.16    1487.26 0.0000e+00
      14137    705.000     7.4932     7.4918   3.606919   3.602018     1.6690    -0.0674      89.70 4.9479e-02 0.0000e+00    81.9099    4.25470    35.0156    34.9640    27.3613    1492.17    1487.27 0.0000e+00
      14157    706.000     7.4933     7.4918   3.606953   3.602045     1.6676    -0.0634      95.97 4.9460e-02 0.0000e+00    81.9269    4.25401    35.0154    34.9638    27.3611    1492.19    1487.27 0.0000e+00
      14177    707.000     7.4934     7.4918   3.607012   3.602091     1.6668    -0.0604      94.52 4.9501e-02 0.0000e+00    81.9198    4.25423    35.0155    34.9638    27.3611    1492.21    1487.28 0.0000e+00
      14197    708.000     7.4935     7.4919   3.607056   3.602122     1.6659    -0.0645      88.36 4.9474e-02 0.0000e+00    81.9232    4.24768    35.0154    34.9636    27.3610    1492.23    1487.29 0.0000e+00
      14217    709.000     7.4934     7.4919   3.607105   3.602177     1.6646 -9.990e-29      34.43 4.9494e-02 0.0000e+00    81.9360    4.24397    35.0155    34.9637    27.3612    1492.24    1487.29 0.0000e+00
      14237    710.000     7.4935     7.4919   3.607157   3.602205     1.6639 -9.990e-29      97.55 4.9508e-02 0.0000e+00    81.9357    4.24406    35.0155    34.9635    27.3611    1492.26    1487.30 0.0000e+00
      14257    711.000     7.4936     7.4920   3.607207   3.602255     1.6628 -9.990e-29      32.79 4.9515e-02 0.0000e+00    81.9332    4.24121    35.0155    34.9635    27.3611    1492.28    1487.31 0.0000e+00
      14277    712.000     7.4935     7.4919   3.607240   3.602292     1.6622 -9.990e-29      41.71 4.9505e-02 0.0000e+00    81.9232    4.24321    35.0155    34.9635    27.3611    1492.29    1487.31 0.0000e+00
      14296    713.000     7.4935     7.4918   3.607295   3.602331     1.6614    -0.0624      88.34 4.9488e-02 0.0000e+00    81.9297    4.24166    35.0156    34.9636    27.3612    1492.31    1487.32 0.0000e+00
      14316    714.000     7.4934     7.4918   3.607338   3.602369     1.6610    -0.0600      70.23 4.9501e-02 0.0000e+00    81.9290    4.24529    35.0157    34.9635    27.3613    1492.32    1487.33 0.0000e+00
      14336    715.000     7.4934     7.4918   3.607386   3.602406     1.6607    -0.0604      45.42 4.9515e-02 0.0000e+00    81.9206    4.24537    35.0157    34.9635    27.3613    1492.34    1487.33 0.0000e+00
      14356    716.000     7.4935     7.4919   3.607443   3.602438     1.6603    -0.0674      93.81 4.9509e-02 0.0000e+00    81.9000    4.24165    35.0158    34.9632    27.3614    1492.36    1487.34 0.0000e+00
      14376    717.000     7.4936     7.4919   3.607485   3.602493     1.6598    -0.0610      52.74 4.9502e-02 0.0000e+00    81.9185    4.23966    35.0157    34.9634    27.3612    1492.37    1487.35 0.0000e+00
      14396    718.000     7.4936     7.4921   3.607535   3.602528     1.6593    -0.0619      98.47 4.9515e-02 0.0000e+00    81.9150    4.24178    35.0157    34.9631    27.3613    1492.39    1487.36 0.0000e+00
      14416    719.000     7.4936     7.4921   3.607590   3.602570     1.6591    -0.0654      70.74 4.9481e-02 0.0000e+00    81.9024    4.23868    35.0158    34.9630    27.3614    1492.41    1487.36 0.0000e+00
      14436    720.000     7.4937     7.4921   3.607631   3.602600     1.6584    -0.0604      98.67 4.9495e-02 0.0000e+00    81.9111    4.23742    35.0157    34.9629    27.3613    1492.42    1487.37 0.0000e+00
      14457    721.000     7.4936     7.4921   3.607684   3.602651     1.6581    -0.0599      90.10 4.9502e-02 0.0000e+00    81.9151    4.23977    35.0159    34.9630    27.3615    1492.44    1487.38 0.0000e+00
      14477    722.000     7.4937     7.4922   3.607730   3.602690     1.6579    -0.0635      65.24 4.9509e-02 0.0000e+00    81.9173    4.23600    35.0158    34.9628    27.3614    1492.46    1487.38 0.0000e+00
      14497    723.000     7.4937     7.4922   3.607781   3.602702     1.6571    -0.0650      53.90 4.9501e-02 0.0000e+00    81.9243    4.23514    35.0159    34.9625    27.3614    1492.47    1487.39 0.0000e+00
      14517    724.000     7.4937     7.4922   3.607825   3.602748     1.6571    -0.0693      83.58 4.9519e-02 0.0000e+00    81.9147    4.23625    35.0159    34.9625    27.3614    1492.49    1487.40 0.0000e+00
      14537    725.000     7.4937     7.4922   3.607873   3.602781     1.6565    -0.0635      54.83 7.8403e-02 0.0000e+00    81.9239    4.23319    35.0160    34.9624    27.3615    1492.51    1487.40 0.0000e+00
      14557    726.000     7.4938     7.4923   3.607929   3.602813     1.6561    -0.0611      98.50 4.9585e-02 0.0000e+00    81.8853    4.23538    35.0160    34.9622    27.3615    1492.52    1487.41 0.0000e+00
      14578    727.000     7.4939     7.4924   3.607982   3.602853     1.6560    -0.0616      43.92 4.9485e-02 0.0000e+00    81.9053    4.23388    35.0160    34.9620    27.3615    1492.54    1487.42 0.0000e+00
      14598    728.000     7.4939     7.4924   3.608034   3.602888     1.6554    -0.0628      81.08 4.9508e-02 0.0000e+00    81.9122    4.23137    35.0161    34.9619    27.3615    1492.56    1487.43 0.0000e+00
      14619    729.000     7.4939     7.4925   3.608082   3.602929     1.6552    -0.0599      72.51 4.9509e-02 0.0000e+00    81.9253    4.23528    35.0161    34.9618    27.3616    1492.57    1487.43 0.0000e+00
      14639    730.000     7.4940     7.4925   3.608129   3.602967     1.6551    -0.0588      78.77 4.9519e-02 0.0000e+00    81.9102    4.23725    35.0161    34.9617    27.3615    1492.59    1487.44 0.0000e+00
      14660    731.000     7.4940     7.4925   3.608179   3.603006     1.6550    -0.0658      90.21 4.9525e-02 0.0000e+00    81.9199    4.23431    35.0162    34.9617    27.3616    1492.61    1487.45 0.0000e+00
      14680    732.000     7.4940     7.4925   3.608232   3.603034     1.6546    -0.0694      87.66 4.9502e-02 0.0000e+00    81.9219    4.23400    35.0163    34.9615    27.3617    1492.62    1487.45 0.0000e+00
      14701    733.000     7.4941     7.4925   3.608275   3.603072     1.6546    -0.0581      98.83 4.9505e-02 0.0000e+00    81.9171    4.23552    35.0161    34.9615    27.3616    1492.64    1487.46 0.0000e+00
      14722    734.000     7.4941     7.4926   3.608332   3.603111     1.6543 -9.990e-29      98.73 5.9371e-02 0.0000e+00    81.9079    4.23020    35.0163    34.9613    27.3617    1492.66    1487.47 0.0000e+00
      14742    735.000     7.4940     7.4925   3.608370   3.603145     1.6538 -9.990e-29      35.98 4.9895e-02 0.0000e+00    81.9169    4.23111    35.0163    34.9613    27.3617    1492.67    1487.47 0.0000e+00
      14763    736.000     7.4940     7.4925   3.608410   3.603176     1.6538 -9.990e-29      98.19 4.9507e-02 0.0000e+00    81.9067    4.23277    35.0163    34.9612    27.3617    1492.69    1487.48 0.0000e+00
      14784    737.000     7.4938     7.4922   3.608444   3.603193     1.6533 -9.990e-29      90.48 4.9488e-02 0.0000e+00    81.9032    4.23105    35.0164    34.9612    27.3618    1492.71    1487.49 0.0000e+00
      14804    738.000     7.4934     7.4919   3.608464   3.603211     1.6531    -0.0571      79.22 4.9492e-02 0.0000e+00    81.9200    4.23112    35.0165    34.9612    27.3620    1492.72    1487.50 0.0000e+00
      14825    739.000     7.4933     7.4918   3.608505   3.603237     1.6527    -0.0641      97.27 4.9505e-02 0.0000e+00    81.9033    4.22970    35.0166    34.9611    27.3620    1492.74    1487.50 0.0000e+00
      14846    740.000     7.4933     7.4918   3.608556   3.603275     1.6526    -0.0632      98.35 4.9512e-02 0.0000e+00    81.9223    4.22552    35.0167    34.9611    27.3621    1492.76    1487.51 0.0000e+00
      14866    741.000     7.4933     7.4918   3.608601   3.603304     1.6517    -0.0677      46.46 4.9474e-02 0.0000e+00    81.8965    4.21942    35.0167    34.9609    27.3621    1492.77    1487.52 0.0000e+00
      14887    742.000     7.4931     7.4917   3.608643   3.603322     1.6511    -0.0608      98.24 4.9505e-02 0.0000e+00    81.8874    4.21771    35.0169    34.9607    27.3623    1492.79    1487.52 0.0000e+00
      14907    743.000     7.4930     7.4916   3.608677   3.603357     1.6502    -0.0625      76.88 4.9495e-02 0.0000e+00    81.8995    4.21263    35.0169    34.9607    27.3623    1492.80    1487.53 0.0000e+00
      14928    744.000     7.4931     7.4917   3.608733   3.603401     1.6492    -0.0621      96.60 4.9512e-02 0.0000e+00    81.9038    4.21043    35.0169    34.9606    27.3623    1492.82    1487.54 0.0000e+00
      14949    745.000     7.4931     7.4917   3.608780   3.603445     1.6486    -0.0639      98.78 4.9529e-02 0.0000e+00    81.9141    4.21451    35.0169    34.9606    27.3623    1492.84    1487.55 0.0000e+00
      14969    746.000     7.4932     7.4917   3.608840   3.603487     1.6482    -0.0631      85.68 4.9512e-02 0.0000e+00    81.8841    4.21733    35.0170    34.9606    27.3624    1492.85    1487.55 0.0000e+00
      14990    747.000     7.4932     7.4918   3.608886   3.603531     1.6478    -0.0674      66.96 4.9512e-02 0.0000e+00    81.8900    4.21501    35.0170    34.9605    27.3624    1492.87    1487.56 0.0000e+00
      15011    748.000     7.4933     7.4918   3.608936   3.603577     1.6476    -0.0641      94.00 4.9499e-02 0.0000e+00    81.8889    4.21117    35.0170    34.9606    27.3624    1492.89    1487.57 0.0000e+00
      15032    749.000     7.4935     7.4920   3.608995   3.603628     1.6470    -0.0619      76.57 4.9495e-02 0.0000e+00    81.9040    4.21490    35.0170    34.9604    27.3623    1492.90    1487.57 0.0000e+00
      15053    750.000     7.4936     7.4920   3.609049   3.603662     1.6469    -0.0641      99.00 4.9509e-02 0.0000e+00    81.8956    4.22106    35.0170    34.9603    27.3623    1492.92    1487.58 0.0000e+00
      15074    751.000     7.4936     7.4921   3.609101   3.603708     1.6473    -0.0573      98.78 4.9499e-02 0.0000e+00    81.9056    4.22600    35.0171    34.9603    27.3624    1492.94    1487.59 0.0000e+00
      15095    752.000     7.4937     7.4922   3.609139   3.603752     1.6476    -0.0672      72.21 4.9525e-02 0.0000e+00    81.9060    4.22720    35.0169    34.9602    27.3622    1492.96    1487.60 0.0000e+00
      15116    753.000     7.4937     7.4923   3.609198   3.603797     1.6480    -0.0636      96.94 4.9519e-02 0.0000e+00    81.9066    4.22993    35.0171    34.9601    27.3624    1492.97    1487.60 0.0000e+00
      15137    754.000     7.4938     7.4924   3.609253   3.603839     1.6481    -0.0604      98.21 4.9494e-02 0.0000e+00    81.9003    4.22805    35.0171    34.9600    27.3624    1492.99    1487.61 0.0000e+00
      15157    755.000     7.4940     7.4925   3.609312   3.603896     1.6483    -0.0641      78.30 4.9512e-02 0.0000e+00    81.8878    4.22853    35.0171    34.9600    27.3623    1493.01    1487.62 0.0000e+00
      15178    756.000     7.4941     7.4926   3.609358   3.603937     1.6484    -0.0613      62.35 4.9505e-02 0.0000e+00    81.8995    4.22925    35.0170    34.9599    27.3622    1493.02    1487.62 0.0000e+00
      15199    757.000     7.4942     7.4927   3.609420   3.603977     1.6484    -0.0649      91.29 4.9525e-02 0.0000e+00    81.9036    4.22346    35.0171    34.9597    27.3623    1493.04    1487.63 0.0000e+00
      15220    758.000     7.4943     7.4929   3.609472   3.604036     1.6480    -0.0644      75.26 4.9479e-02 0.0000e+00    81.8767    4.22134    35.0171    34.9597    27.3623    1493.06    1487.64 0.0000e+00
      15241    759.000     7.4944     7.4930   3.609525   3.604061     1.6476    -0.0675      97.77 4.9505e-02 0.0000e+00    81.9100    4.22165    35.0171    34.9594    27.3623    1493.07    1487.65 0.0000e+00
      15261    760.000     7.4945     7.4930   3.609580   3.604118     1.6475    -0.0649      92.40 4.9502e-02 0.0000e+00    81.9039    4.22483    35.0171    34.9596    27.3623    1493.09    1487.65 0.0000e+00
      15282    761.000     7.4945     7.4930   3.609624   3.604169     1.6472    -0.0645      41.22 4.9485e-02 0.0000e+00    81.9192    4.22553    35.0171    34.9596    27.3623    1493.11    1487.66 0.0000e+00
      15303    762.000     7.4946     7.4931   3.609689   3.604222     1.6477    -0.0684      95.06 4.9492e-02 0.0000e+00    81.9082    4.23468    35.0173    34.9596    27.3624    1493.12    1487.67 0.0000e+00
      15324    763.000     7.4946     7.4932   3.609721   3.604257     1.6479    -0.0664      73.12 4.9498e-02 0.0000e+00    81.9024    4.23096    35.0171    34.9595    27.3623    1493.14    1487.67 0.0000e+00
