_data/ctd/2022603/sta0190.cnv
* Sea-Bird SBE 9 Data File:
* FileName = C:\Seabird\CTDData\sta0190.hex
* Software Version Seasave V 7.21f
* Temperature SN = 6264
* Conductivity SN = 4928
* Number of Bytes Per Scan = 40
* Number of Voltage Words = 5
* Number of Scans Averaged by the Deck Unit = 1
* NMEA Latitude = 61 24.27 N
* NMEA Longitude = 006 45.05 E
* NMEA UTC (Time) = Feb 14 2022 17:09:14
* NMEA baud rate = 4800
** Ship: R/V "Kristine Bonnevie"
** Station: 0190
** Echodepth: 112
** Log: 0762.703
** Wind-Dir/Force: 24 04
** Air-temp (dry): 3.1
** Weather Sky:
** Sea:
** F02
# nquan = 19                                
# nvalues = 99                          
# units = specified
# name 0 = scan: Scan Count
# name 1 = prDM: Pressure, Digiquartz [db]
# name 2 = t068C: Temperature [ITS-68, deg C]
# name 3 = t168C: Temperature, 2 [ITS-68, deg C]
# name 4 = c0S/m: Conductivity [S/m]
# name 5 = c1S/m: Conductivity, 2 [S/m]
# name 6 = sbeox0V: Oxygen raw, SBE 43 [V]
# name 7 = flECO-AFL: Fluorescence, WET Labs ECO-AFL/FL [mg/m^3]
# name 8 = altM: Altimeter [m]
# name 9 = par: PAR/Irradiance, Biospherical/Licor
# name 10 = spar: SPAR/Surface Irradiance
# name 11 = CStarTr0: Beam Transmission, WET Labs C-Star [%]
# name 12 = sbeox0ML/L: Oxygen, SBE 43 [ml/l], WS = 2
# name 13 = sal00: Salinity, Practical [PSU]
# name 14 = sal11: Salinity, Practical, 2 [PSU]
# name 15 = sigma-t00: Density [sigma-t, Kg/m^3 ]
# name 16 = svCM: Sound Velocity [Chen-Millero, m/s]
# name 17 = avgsvCM: Average Sound Velocity [Chen-Millero, m/s], minP = 1, minS = 5
# name 18 = flag: flag
# span 0 =        355,       2452       
# span 1 =      2.000,    100.000       
# span 2 =     4.7155,    10.0511       
# span 3 =     4.7118,    10.0561       
# span 4 =   2.797852,   3.691567       
# span 5 =   2.798596,   3.693267       
# span 6 =     1.8305,     2.4775       
# span 7 =    -0.0644,     0.9515       
# span 8 =       9.03,     100.91       
# span 9 = 4.9453e-02, 5.5300e-01       
# span 10 = 0.0000e+00, 0.0000e+00      
# span 11 =    76.9101,    80.9138      
# span 12 =    4.38176,    7.30197      
# span 13 =    28.9690,    34.6517      
# span 14 =    28.9808,    34.6690      
# span 15 =    22.9259,    26.9472      
# span 16 =    1461.90,    1488.98      
# span 17 =    1461.90,    1481.45      
# span 18 = 0.0000e+00, 0.0000e+00      
# interval = decibars: 1                
# start_time = Feb 14 2022 17:09:17 [System UTC, header]
# bad_flag = -9.990e-29
*END*
[from data line 77]
       1979     79.000     8.6543     8.6551   3.635021   3.636492     1.9536 -9.990e-29      33.44 4.9512e-02 0.0000e+00    78.6059    4.69671    34.4650    34.4797    26.7541    1485.55    1480.47 0.0000e+00
       1999     80.000     8.6321     8.6310   3.634267   3.635732     1.9459 -9.990e-29      32.53 4.9474e-02 0.0000e+00    78.5937    4.66800    34.4782    34.4947    26.7679    1485.50    1480.53 0.0000e+00
       2020     81.000     8.6023     8.6021   3.633177   3.634617     1.9381 -9.990e-29      31.55 4.9492e-02 0.0000e+00    78.5817    4.64369    34.4953    34.5107    26.7860    1485.43    1480.59 0.0000e+00
       2040     82.000     8.5905     8.5890   3.632858   3.634310     1.9300 -9.990e-29      30.41 4.9508e-02 0.0000e+00    78.4643    4.61334    34.5030    34.5198    26.7938    1485.41    1480.65 0.0000e+00
       2061     83.000     8.5770     8.5762   3.632508   3.633980     1.9215 -9.990e-29      29.50 4.9492e-02 0.0000e+00    78.3386    4.58221    34.5120    34.5283    26.8030    1485.39    1480.70 0.0000e+00
       2081     84.000     8.5516     8.5517   3.631630   3.633099     1.9126 -9.990e-29      28.38 4.9488e-02 0.0000e+00    78.2815    4.55802    34.5271    34.5425    26.8187    1485.33    1480.76 0.0000e+00
       2101     85.000     8.5253     8.5245   3.630669   3.632123     1.9044 -9.990e-29      27.42 4.9495e-02 0.0000e+00    78.2279    4.53704    34.5421    34.5583    26.8346    1485.27    1480.81 0.0000e+00
       2122     86.000     8.5073     8.5066   3.630198   3.631654     1.8963 -9.990e-29      26.45 4.9518e-02 0.0000e+00    78.1271    4.51904    34.5543    34.5704    26.8470    1485.23    1480.86 0.0000e+00
       2143     87.000     8.4888     8.4879   3.629687   3.631125     1.8888 -9.990e-29      25.43 4.9492e-02 0.0000e+00    78.0081    4.50524    34.5665    34.5827    26.8594    1485.19    1480.91 0.0000e+00
       2164     88.000     8.4688     8.4680   3.629017   3.630467     1.8819 -9.990e-29      24.44 4.9518e-02 0.0000e+00    78.0631    4.49267    34.5786    34.5947    26.8719    1485.15    1480.96 0.0000e+00
       2185     89.000     8.4591     8.4577   3.628710   3.630155     1.8754 -9.990e-29      23.36 4.9485e-02 0.0000e+00    77.9184    4.47391    34.5843    34.6010    26.8780    1485.14    1481.01 0.0000e+00
       2206     90.000     8.4487     8.4474   3.628435   3.629887     1.8689 -9.990e-29      22.35 4.9472e-02 0.0000e+00    77.6921    4.45431    34.5911    34.6078    26.8849    1485.12    1481.05 0.0000e+00
       2227     91.000     8.4378     8.4365   3.628057   3.629497     1.8625 -9.990e-29      21.34 4.9499e-02 0.0000e+00    77.4327    4.43751    34.5974    34.6139    26.8915    1485.11    1481.10 0.0000e+00
       2248     92.000     8.4254     8.4243   3.627640   3.629080     1.8567 -9.990e-29      20.44 4.9483e-02 0.0000e+00    77.3944    4.42977    34.6046    34.6210    26.8991    1485.09    1481.14 0.0000e+00
       2270     93.000     8.4142     8.4129   3.627331   3.628783     1.8517 -9.990e-29      19.37 4.9479e-02 0.0000e+00    77.4160    4.42539    34.6119    34.6286    26.9065    1485.07    1481.18 0.0000e+00
       2291     94.000     8.4053     8.4045   3.627109   3.628570     1.8475 -9.990e-29      18.38 4.9465e-02 0.0000e+00    77.5605    4.42511    34.6178    34.6341    26.9125    1485.06    1481.22 0.0000e+00
       2314     95.000     8.3918     8.3905   3.626699   3.628144     1.8444 -9.990e-29      17.31 4.9479e-02 0.0000e+00    77.6794    4.42723    34.6262    34.6429    26.9212    1485.04    1481.26 0.0000e+00
       2340     96.000     8.3845     8.3834   3.626515   3.627972     1.8418 -9.990e-29      16.09 4.9460e-02 0.0000e+00    77.7395    4.42519    34.6310    34.6475    26.9260    1485.03    1481.30 0.0000e+00
       2365     97.000     8.3732     8.3718   3.626284   3.627735     1.8390 -9.990e-29      15.14 4.9484e-02 0.0000e+00    77.7850    4.41681    34.6391    34.6559    26.9342    1485.02    1481.34 0.0000e+00
       2391     98.000     8.3654     8.3640   3.626057   3.627502     1.8368    -0.0558      14.21 4.9482e-02 0.0000e+00    77.7672    4.41778    34.6439    34.6607    26.9391    1485.01    1481.38 0.0000e+00
       2416     99.000     8.3587     8.3573   3.625864   3.627307     1.8347    -0.0558      13.24 4.9489e-02 0.0000e+00    77.6414    4.40356    34.6480    34.6647    26.9434    1485.01    1481.42 0.0000e+00
       2452    100.000     8.3526     8.3516   3.625697   3.627229     1.8305    -0.0644      12.00 4.9555e-02 0.0000e+00    77.0283    4.38176    34.6517    34.6690    26.9472    1485.00    1481.45 0.0000e+00
