_data/ctd/2022603/sta0191.cnv
* Sea-Bird SBE 9 Data File:
* FileName = C:\Seabird\CTDData\sta0191.hex
* Software Version Seasave V 7.21f
* Temperature SN = 6264
* Conductivity SN = 4928
* Number of Bytes Per Scan = 40
* Number of Voltage Words = 5
* Number of Scans Averaged by the Deck Unit = 1
* NMEA Latitude = 61 23.59 N
* NMEA Longitude = 006 44.83 E
* NMEA UTC (Time) = Feb 14 2022 17:34:02
* NMEA baud rate = 4800
** Ship: R/V "Kristine Bonnevie"
** Station: 0191
** Echodepth: 122
** Log: 0763.390
** Wind-Dir/Force: 06 01
** Air-temp (dry): 3.4
** Weather Sky:
** Sea:
** F03
# nquan = 19                                
# nvalues = 113                         
# units = specified
# name 0 = scan: Scan Count
# name 1 = prDM: Pressure, Digiquartz [db]
# name 2 = t068C: Temperature [ITS-68, deg C]
# name 3 = t168C: Temperature, 2 [ITS-68, deg C]
# name 4 = c0S/m: Conductivity [S/m]
# name 5 = c1S/m: Conductivity, 2 [S/m]
# name 6 = sbeox0V: Oxygen raw, SBE 43 [V]
# name 7 = flECO-AFL: Fluorescence, WET Labs ECO-AFL/FL [mg/m^3]
# name 8 = altM: Altimeter [m]
# name 9 = par: PAR/Irradiance, Biospherical/Licor
# name 10 = spar: SPAR/Surface Irradiance
# name 11 = CStarTr0: Beam Transmission, WET Labs C-Star [%]
# name 12 = sbeox0ML/L: Oxygen, SBE 43 [ml/l], WS = 2
# name 13 = sal00: Salinity, Practical [PSU]
# name 14 = sal11: Salinity, Practical, 2 [PSU]
# name 15 = sigma-t00: Density [sigma-t, Kg/m^3 ]
# name 16 = svCM: Sound Velocity [Chen-Millero, m/s]
# name 17 = avgsvCM: Average Sound Velocity [Chen-Millero, m/s], minP = 1, minS = 5
# name 18 = flag: flag
# span 0 =        330,       2833       
# span 1 =      2.000,    114.000       
# span 2 =     4.6158,    10.0148       
# span 3 =     4.6184,    10.0199       
# span 4 =   2.788960,   3.690256       
# span 5 =   2.789216,   3.691957       
# span 6 =     1.8299,     2.4765       
# span 7 =    -0.0648,     0.9169       
# span 8 =       7.29,     101.21       
# span 9 = 4.9452e-02, 7.6123e-01       
# span 10 = 0.0000e+00, 0.0000e+00      
# span 11 =    78.3405,    80.9922      
# span 12 =    4.42229,    7.30111      
# span 13 =    28.9423,    34.7124      
# span 14 =    28.9460,    34.7294      
# span 15 =    22.9130,    27.0092      
# span 16 =    1461.51,    1488.87      
# span 17 =    1461.51,    1481.89      
# span 18 = 0.0000e+00, 0.0000e+00      
# interval = decibars: 1                
# start_time = Feb 14 2022 17:34:05 [System UTC, header]
# bad_flag = -9.990e-29
*END*
[from data line 77]
       2079     79.000     8.6681     8.6680   3.635528   3.637015     1.9610 -9.990e-29      43.54 4.9492e-02 0.0000e+00    78.9526    4.69476    34.4569    34.4727    26.7456    1485.59    1480.46 0.0000e+00
       2100     80.000     8.6404     8.6399   3.634542   3.636031     1.9516 -9.990e-29      42.38 4.9492e-02 0.0000e+00    78.9082    4.67024    34.4730    34.4892    26.7626    1485.53    1480.52 0.0000e+00
       2121     81.000     8.6268     8.6253   3.634067   3.635549     1.9424 -9.990e-29      40.98 4.9485e-02 0.0000e+00    78.8264    4.64311    34.4808    34.4979    26.7708    1485.50    1480.58 0.0000e+00
       2142     82.000     8.6184     8.6172   3.633796   3.635286     1.9332 -9.990e-29      39.62 4.9498e-02 0.0000e+00    78.6142    4.61308    34.4856    34.5026    26.7759    1485.49    1480.64 0.0000e+00
       2163     83.000     8.6114     8.6100   3.633615   3.635104     1.9237 -9.990e-29      38.46 4.9465e-02 0.0000e+00    78.4234    4.58823    34.4901    34.5072    26.7805    1485.49    1480.70 0.0000e+00
       2184     84.000     8.5989     8.5978   3.633236   3.634712     1.9155 -9.990e-29      37.57 4.9477e-02 0.0000e+00    78.3453    4.57705    34.4978    34.5145    26.7885    1485.47    1480.76 0.0000e+00
       2206     85.000     8.5661     8.5657   3.632060   3.633522     1.9081 -9.990e-29      36.54 4.9472e-02 0.0000e+00    78.3405    4.56925    34.5169    34.5328    26.8086    1485.39    1480.81 0.0000e+00
       2227     86.000     8.5402     8.5395   3.631209   3.632668     1.9022 -9.990e-29      35.37 4.9502e-02 0.0000e+00    78.4027    4.56258    34.5328    34.5489    26.8250    1485.33    1480.87 0.0000e+00
       2249     87.000     8.5244     8.5233   3.630653   3.632111     1.8962 -9.990e-29      34.35 4.9496e-02 0.0000e+00    78.4913    4.54591    34.5419    34.5584    26.8346    1485.30    1480.92 0.0000e+00
       2271     88.000     8.5026     8.5015   3.629973   3.631437     1.8906 -9.990e-29      33.48 4.9472e-02 0.0000e+00    78.5800    4.53255    34.5556    34.5722    26.8487    1485.25    1480.97 0.0000e+00
       2293     89.000     8.4898     8.4885   3.629567   3.631035     1.8851 -9.990e-29      32.51 4.9477e-02 0.0000e+00    78.6642    4.52181    34.5633    34.5802    26.8568    1485.23    1481.01 0.0000e+00
       2315     90.000     8.4677     8.4671   3.628870   3.630327     1.8805 -9.990e-29      31.43 4.9502e-02 0.0000e+00    78.6916    4.51525    34.5771    34.5932    26.8710    1485.18    1481.06 0.0000e+00
       2336     91.000     8.4543     8.4534   3.628426   3.629895     1.8760 -9.990e-29      30.46 4.9485e-02 0.0000e+00    78.6473    4.50390    34.5851    34.6015    26.8793    1485.15    1481.10 0.0000e+00
       2357     92.000     8.4305     8.4300   3.627723   3.629182     1.8718 -9.990e-29      29.46 4.9471e-02 0.0000e+00    78.7389    4.49195    34.6005    34.6165    26.8951    1485.10    1481.15 0.0000e+00
       2379     93.000     8.4166     8.4154   3.627301   3.628766     1.8673 -9.990e-29      28.50 4.9485e-02 0.0000e+00    78.8039    4.47871    34.6092    34.6259    26.9040    1485.08    1481.19 0.0000e+00
       2400     94.000     8.4080     8.4068   3.627066   3.628522     1.8632 -9.990e-29      27.42 4.9499e-02 0.0000e+00    78.8166    4.47566    34.6147    34.6313    26.9096    1485.07    1481.23 0.0000e+00
       2421     95.000     8.3881     8.3873   3.626440   3.627897     1.8601 -9.990e-29      26.49 4.9512e-02 0.0000e+00    78.8165    4.47076    34.6271    34.6434    26.9225    1485.02    1481.27 0.0000e+00
       2442     96.000     8.3808     8.3792   3.626256   3.627715     1.8566 -9.990e-29      25.41 4.9492e-02 0.0000e+00    78.7834    4.46077    34.6318    34.6489    26.9273    1485.02    1481.31 0.0000e+00
       2463     97.000     8.3668     8.3663   3.625856   3.627325     1.8535 -9.990e-29      24.51 4.9505e-02 0.0000e+00    78.7543    4.45071    34.6409    34.6570    26.9365    1484.99    1481.35 0.0000e+00
       2484     98.000     8.3565     8.3551   3.625603   3.627057     1.8499 -9.990e-29      23.44 4.9492e-02 0.0000e+00    78.7189    4.44358    34.6479    34.6647    26.9436    1484.98    1481.38 0.0000e+00
       2505     99.000     8.3533     8.3516   3.625547   3.626995     1.8472 -9.990e-29      22.54 4.9505e-02 0.0000e+00    78.6933    4.44154    34.6499    34.6670    26.9457    1484.99    1481.42 0.0000e+00
       2526    100.000     8.3464     8.3449   3.625369   3.626830     1.8448 -9.990e-29      21.43 4.9499e-02 0.0000e+00    78.6902    4.43777    34.6543    34.6714    26.9502    1484.98    1481.46 0.0000e+00
       2547    101.000     8.3326     8.3316   3.625008   3.626448     1.8426 -9.990e-29      20.54 4.9485e-02 0.0000e+00    78.6436    4.43676    34.6636    34.6799    26.9596    1484.96    1481.49 0.0000e+00
       2568    102.000     8.3220     8.3205   3.624701   3.626150     1.8407 -9.990e-29      19.42 4.9505e-02 0.0000e+00    78.5544    4.43545    34.6703    34.6872    26.9665    1484.95    1481.52 0.0000e+00
       2589    103.000     8.3163     8.3148   3.624558   3.625995     1.8393 -9.990e-29      18.40 4.9485e-02 0.0000e+00    78.4632    4.43256    34.6739    34.6907    26.9702    1484.95    1481.56 0.0000e+00
       2610    104.000     8.3142     8.3124   3.624503   3.625964     1.8374 -9.990e-29      17.38 4.9499e-02 0.0000e+00    78.5722    4.42725    34.6749    34.6923    26.9713    1484.95    1481.59 0.0000e+00
       2631    105.000     8.3106     8.3091   3.624457   3.625912     1.8361 -9.990e-29      16.41 4.9505e-02 0.0000e+00    78.6211    4.42704    34.6775    34.6945    26.9739    1484.96    1481.62 0.0000e+00
       2652    106.000     8.3053     8.3039   3.624341   3.625790     1.8346 -9.990e-29      15.39 4.9525e-02 0.0000e+00    78.7648    4.42390    34.6810    34.6978    26.9775    1484.96    1481.65 0.0000e+00
       2673    107.000     8.2929     8.2919   3.624058   3.625507     1.8337 -9.990e-29      14.41 4.9478e-02 0.0000e+00    78.8411    4.42427    34.6898    34.7062    26.9862    1484.94    1481.68 0.0000e+00
       2694    108.000     8.2869     8.2855   3.623917   3.625375     1.8323 -9.990e-29      13.41 4.9489e-02 0.0000e+00    78.8699    4.42229    34.6937    34.7106    26.9902    1484.94    1481.71 0.0000e+00
       2716    109.000     8.2825     8.2808   3.623834   3.625284     1.8316 -9.990e-29      12.42 4.9479e-02 0.0000e+00    78.8293    4.42349    34.6967    34.7138    26.9932    1484.95    1481.74 0.0000e+00
       2736    110.000     8.2809     8.2790   3.623845   3.625297     1.8308 -9.990e-29      11.44 4.9481e-02 0.0000e+00    78.7688    4.42284    34.6979    34.7152    26.9944    1484.96    1481.77 0.0000e+00
       2757    111.000     8.2796     8.2781   3.623856   3.625303     1.8303 -9.990e-29      10.45 4.9485e-02 0.0000e+00    78.7763    4.42719    34.6988    34.7157    26.9953    1484.97    1481.80 0.0000e+00
       2778    112.000     8.2753     8.2745   3.623773   3.625234     1.8302 -9.990e-29       9.44 4.9479e-02 0.0000e+00    78.8250    4.43049    34.7017    34.7181    26.9983    1484.97    1481.83 0.0000e+00
       2802    113.000     8.2646     8.2633   3.623493   3.624943     1.8303 -9.990e-29       8.41 4.9488e-02 0.0000e+00    78.8323    4.43117    34.7088    34.7255    27.0055    1484.96    1481.86 0.0000e+00
       2833    114.000     8.2590     8.2575   3.623361   3.624815     1.8299 -9.990e-29       7.29 4.9502e-02 0.0000e+00    78.7978    4.43086    34.7124    34.7294    27.0092    1484.96    1481.89 0.0000e+00
