_data/ctd/2022603/sta0195.cnv
* Sea-Bird SBE 9 Data File:
* FileName = C:\Seabird\CTDData\sta0195.hex
* Software Version Seasave V 7.21f
* Temperature SN = 6264
* Conductivity SN = 4928
* Number of Bytes Per Scan = 40
* Number of Voltage Words = 5
* Number of Scans Averaged by the Deck Unit = 1
* NMEA Latitude = 61 18.30 N
* NMEA Longitude = 006 40.57 E
* NMEA UTC (Time) = Feb 14 2022 19:19:39
* NMEA baud rate = 4800
** Ship: R/V "Kristine Bonnevie"
** Station: 0195
** Echodepth: 219
** Log: 0769.124
** Wind-Dir/Force: 52 11
** Air-temp (dry): 5.6
** Weather Sky:
** Sea:
# nquan = 19                                
# nvalues = 215                         
# units = specified
# name 0 = scan: Scan Count
# name 1 = prDM: Pressure, Digiquartz [db]
# name 2 = t068C: Temperature [ITS-68, deg C]
# name 3 = t168C: Temperature, 2 [ITS-68, deg C]
# name 4 = c0S/m: Conductivity [S/m]
# name 5 = c1S/m: Conductivity, 2 [S/m]
# name 6 = sbeox0V: Oxygen raw, SBE 43 [V]
# name 7 = flECO-AFL: Fluorescence, WET Labs ECO-AFL/FL [mg/m^3]
# name 8 = altM: Altimeter [m]
# name 9 = par: PAR/Irradiance, Biospherical/Licor
# name 10 = spar: SPAR/Surface Irradiance
# name 11 = CStarTr0: Beam Transmission, WET Labs C-Star [%]
# name 12 = sbeox0ML/L: Oxygen, SBE 43 [ml/l], WS = 2
# name 13 = sal00: Salinity, Practical [PSU]
# name 14 = sal11: Salinity, Practical, 2 [PSU]
# name 15 = sigma-t00: Density [sigma-t, Kg/m^3 ]
# name 16 = svCM: Sound Velocity [Chen-Millero, m/s]
# name 17 = avgsvCM: Average Sound Velocity [Chen-Millero, m/s], minP = 1, minS = 5
# name 18 = flag: flag
# span 0 =         81,       4562       
# span 1 =      2.000,    216.000       
# span 2 =     4.3195,    10.0691       
# span 3 =     4.2981,    10.0658       
# span 4 =   2.742681,   3.707427       
# span 5 =   2.739831,   3.709003       
# span 6 =     1.8422,     2.4853       
# span 7 =    -0.1046,     0.8761       
# span 8 =       4.04,     100.33       
# span 9 = 4.9445e-02, 6.7597e-01       
# span 10 = 0.0000e+00, 0.0000e+00      
# span 11 =    79.3731,    81.7104      
# span 12 =    4.52265,    7.40811      
# span 13 =    28.6821,    34.8942      
# span 14 =    28.6679,    34.9108      
# span 15 =    22.7358,    27.1994      
# span 16 =    1459.88,    1489.09      
# span 17 =    1459.88,    1483.76      
# span 18 = 0.0000e+00, 0.0000e+00      
# interval = decibars: 1                
# start_time = Feb 14 2022 19:19:41 [System UTC, header]
# bad_flag = -9.990e-29
*END*
[from data line 77]
       1746     79.000     8.6954     8.6947   3.640005   3.641397     2.0717    -0.0644      48.65 4.9488e-02 0.0000e+00    81.2374    5.07820    34.4775    34.4929    26.7575    1485.72    1481.20 0.0000e+00
       1767     80.000     8.6793     8.6780   3.638957   3.640431     2.0638    -0.0629      68.13 4.9481e-02 0.0000e+00    81.2311    5.04262    34.4817    34.4985    26.7633    1485.68    1481.26 0.0000e+00
       1787     81.000     8.6649     8.6649   3.638661   3.640075     2.0549    -0.0733      64.50 4.9472e-02 0.0000e+00    81.2521    5.00069    34.4921    34.5070    26.7737    1485.66    1481.31 0.0000e+00
       1808     82.000     8.6458     8.6443   3.637584   3.639006     2.0447    -0.0775      64.84 4.9472e-02 0.0000e+00    81.2453    4.96380    34.4989    34.5154    26.7820    1485.61    1481.37 0.0000e+00
       1829     83.000     8.6382     8.6366   3.637415   3.638834     2.0346    -0.0800      74.63 4.9472e-02 0.0000e+00    81.2339    4.93944    34.5041    34.5206    26.7872    1485.61    1481.42 0.0000e+00
       1850     84.000     8.6258     8.6248   3.636823   3.638194     2.0253    -0.0795      65.51 4.9479e-02 0.0000e+00    81.2292    4.91609    34.5094    34.5249    26.7934    1485.58    1481.47 0.0000e+00
       1871     85.000     8.5845     8.5832   3.633928   3.635151     2.0163    -0.0757      80.90 4.9459e-02 0.0000e+00    81.2151    4.90272    34.5187    34.5329    26.8071    1485.46    1481.51 0.0000e+00
       1892     86.000     8.5638     8.5622   3.632642   3.634042     2.0087    -0.0819      64.01 4.9472e-02 0.0000e+00    81.2070    4.89525    34.5249    34.5413    26.8151    1485.41    1481.56 0.0000e+00
       1913     87.000     8.5518     8.5507   3.632171   3.633567     2.0021    -0.0781      88.57 4.9458e-02 0.0000e+00    81.2123    4.87331    34.5312    34.5470    26.8219    1485.39    1481.60 0.0000e+00
       1935     88.000     8.5308     8.5295   3.631692   3.633092     1.9938    -0.0775      74.13 4.9452e-02 0.0000e+00    81.1641    4.83037    34.5462    34.5623    26.8369    1485.34    1481.65 0.0000e+00
       1956     89.000     8.5113     8.5105   3.631185   3.632578     1.9848    -0.0772      92.30 4.9479e-02 0.0000e+00    81.1115    4.79902    34.5594    34.5749    26.8504    1485.30    1481.69 0.0000e+00
       1977     90.000     8.4944     8.4932   3.630644   3.632027     1.9755    -0.0717      74.28 4.9492e-02 0.0000e+00    81.1426    4.77593    34.5698    34.5856    26.8611    1485.27    1481.73 0.0000e+00
       1998     91.000     8.4798     8.4787   3.630014   3.631393     1.9677    -0.0693      94.39 4.9479e-02 0.0000e+00    81.1291    4.76792    34.5769    34.5926    26.8690    1485.24    1481.76 0.0000e+00
       2019     92.000     8.4707     8.4690   3.629564   3.630952     1.9611    -0.0665      71.10 4.9472e-02 0.0000e+00    81.1598    4.76395    34.5806    34.5970    26.8732    1485.23    1481.80 0.0000e+00
       2039     93.000     8.4639     8.4622   3.629537   3.630944     1.9560    -0.0675      98.51 4.9474e-02 0.0000e+00    81.1452    4.75676    34.5865    34.6031    26.8789    1485.22    1481.84 0.0000e+00
       2060     94.000     8.4577     8.4568   3.630200   3.631584     1.9511    -0.0718      68.90 4.9485e-02 0.0000e+00    81.0764    4.74419    34.5991    34.6147    26.8898    1485.23    1481.88 0.0000e+00
       2080     95.000     8.4368     8.4359   3.628816   3.630200     1.9464    -0.0722      98.74 4.9481e-02 0.0000e+00    81.0626    4.73407    34.6045    34.6201    26.8972    1485.18    1481.91 0.0000e+00
       2101     96.000     8.4217     8.4209   3.628030   3.629403     1.9420    -0.0702      91.73 4.9479e-02 0.0000e+00    81.1033    4.73587    34.6105    34.6259    26.9043    1485.15    1481.94 0.0000e+00
       2121     97.000     8.4047     8.4031   3.627803   3.629203     1.9395    -0.0731      48.56 4.9488e-02 0.0000e+00    81.1440    4.74336    34.6243    34.6408    26.9177    1485.12    1481.98 0.0000e+00
       2142     98.000     8.4074     8.4055   3.628662   3.630060     1.9373    -0.0718      74.34 4.9479e-02 0.0000e+00    81.1671    4.73282    34.6303    34.6470    26.9220    1485.15    1482.01 0.0000e+00
       2162     99.000     8.3970     8.3962   3.627979   3.629358     1.9339    -0.0699      58.72 4.9474e-02 0.0000e+00    81.1649    4.72088    34.6328    34.6482    26.9255    1485.13    1482.04 0.0000e+00
       2183    100.000     8.3835     8.3817   3.627491   3.628893     1.9320    -0.0737      64.12 4.9488e-02 0.0000e+00    81.2341    4.73560    34.6404    34.6571    26.9336    1485.11    1482.07 0.0000e+00
       2203    101.000     8.3856     8.3838   3.628483   3.629889     1.9314    -0.0763      70.44 4.9465e-02 0.0000e+00    81.3036    4.75594    34.6484    34.6651    26.9395    1485.14    1482.10 0.0000e+00
       2224    102.000     8.3733     8.3723   3.627832   3.629231     1.9330    -0.0772      56.98 4.9485e-02 0.0000e+00    81.3889    4.76975    34.6531    34.6690    26.9451    1485.12    1482.13 0.0000e+00
       2245    103.000     8.3647     8.3632   3.627674   3.629060     1.9338    -0.0733      78.47 4.9498e-02 0.0000e+00    81.4422    4.78047    34.6594    34.6756    26.9514    1485.11    1482.16 0.0000e+00
       2265    104.000     8.3604     8.3586   3.627881   3.629268     1.9363    -0.0689      55.46 4.9474e-02 0.0000e+00    81.4562    4.80860    34.6654    34.6819    26.9567    1485.12    1482.19 0.0000e+00
       2286    105.000     8.3530     8.3516   3.627474   3.628860     1.9400    -0.0630      99.06 4.9453e-02 0.0000e+00    81.4916    4.82302    34.6678    34.6840    26.9598    1485.11    1482.22 0.0000e+00
       2306    106.000     8.3405     8.3395   3.626755   3.628147     1.9428    -0.0678      98.80 4.9459e-02 0.0000e+00    81.5013    4.82532    34.6720    34.6878    26.9650    1485.08    1482.24 0.0000e+00
       2326    107.000     8.3322     8.3307   3.626618   3.628008     1.9448    -0.0858      67.07 4.9488e-02 0.0000e+00    81.5025    4.82430    34.6783    34.6945    26.9712    1485.08    1482.27 0.0000e+00
       2347    108.000     8.3235     8.3221   3.626377   3.627764     1.9464    -0.0863      47.27 4.9492e-02 0.0000e+00    81.5201    4.81459    34.6838    34.7000    26.9768    1485.07    1482.29 0.0000e+00
       2367    109.000     8.3071     8.3062   3.625746   3.627128     1.9457    -0.0742      98.73 4.9488e-02 0.0000e+00    81.5140    4.79991    34.6928    34.7084    26.9864    1485.03    1482.32 0.0000e+00
       2388    110.000     8.3011     8.2994   3.625793   3.627168     1.9450    -0.0710      64.97 4.9495e-02 0.0000e+00    81.4998    4.79599    34.6987    34.7150    26.9920    1485.03    1482.34 0.0000e+00
       2408    111.000     8.3030     8.3006   3.626434   3.627817     1.9439    -0.0736      65.73 4.9492e-02 0.0000e+00    81.4864    4.78775    34.7032    34.7203    26.9952    1485.06    1482.37 0.0000e+00
       2428    112.000     8.2973     8.2961   3.626591   3.627956     1.9422    -0.0767      74.77 4.9467e-02 0.0000e+00    81.4910    4.78006    34.7100    34.7257    27.0014    1485.07    1482.39 0.0000e+00
       2448    113.000     8.2945     8.2921   3.626808   3.628183     1.9410    -0.0787      56.23 4.9488e-02 0.0000e+00    81.5369    4.78433    34.7146    34.7316    27.0055    1485.08    1482.42 0.0000e+00
       2469    114.000     8.2986     8.2966   3.627392   3.628758     1.9402    -0.0739      95.13 4.9481e-02 0.0000e+00    81.5802    4.80112    34.7163    34.7328    27.0062    1485.11    1482.44 0.0000e+00
       2489    115.000     8.2847     8.2834   3.626227   3.627590     1.9422    -0.0734      66.46 4.9479e-02 0.0000e+00    81.6416    4.83094    34.7171    34.7329    27.0089    1485.08    1482.46 0.0000e+00
       2509    116.000     8.2785     8.2768   3.626026   3.627411     1.9447    -0.0684      98.73 4.9453e-02 0.0000e+00    81.6820    4.84739    34.7206    34.7371    27.0126    1485.07    1482.49 0.0000e+00
       2530    117.000     8.2772     8.2752   3.626125   3.627509     1.9477    -0.0726      70.13 4.9474e-02 0.0000e+00    81.6960    4.85877    34.7225    34.7392    27.0143    1485.09    1482.51 0.0000e+00
       2550    118.000     8.2749     8.2734   3.626518   3.627906     1.9503    -0.0679      99.25 4.9452e-02 0.0000e+00    81.7028    4.85628    34.7285    34.7447    27.0193    1485.10    1482.53 0.0000e+00
       2571    119.000     8.2665     8.2651   3.626440   3.627822     1.9515    -0.0701      69.26 4.9460e-02 0.0000e+00    81.6966    4.84514    34.7354    34.7516    27.0261    1485.10    1482.55 0.0000e+00
       2591    120.000     8.2438     8.2435   3.624747   3.626108     1.9516    -0.0728      98.99 4.9479e-02 0.0000e+00    81.7020    4.84747    34.7393    34.7542    27.0326    1485.03    1482.57 0.0000e+00
       2612    121.000     8.2337     8.2320   3.624177   3.625561     1.9525    -0.0659      65.89 4.9474e-02 0.0000e+00    81.7104    4.85479    34.7428    34.7592    27.0368    1485.02    1482.59 0.0000e+00
       2632    122.000     8.2315     8.2296   3.624300   3.625681     1.9531    -0.0787      31.77 4.9485e-02 0.0000e+00    81.6764    4.85108    34.7458    34.7624    27.0395    1485.03    1482.61 0.0000e+00
       2652    123.000     8.2307     8.2289   3.624496   3.625875     1.9528    -0.0920      91.69 4.9501e-02 0.0000e+00    81.6354    4.82336    34.7482    34.7647    27.0415    1485.04    1482.63 0.0000e+00
       2673    124.000     8.2255     8.2239   3.624245   3.625629     1.9492    -0.0704      70.70 4.9474e-02 0.0000e+00    81.6134    4.79077    34.7502    34.7665    27.0439    1485.04    1482.65 0.0000e+00
       2693    125.000     8.2225     8.2208   3.624199   3.625591     1.9455    -0.0664      10.29 4.9488e-02 0.0000e+00    81.6006    4.78410    34.7522    34.7687    27.0459    1485.05    1482.67 0.0000e+00
       2713    126.000     8.2190     8.2173   3.624056   3.625439     1.9428    -0.0738      63.63 4.9481e-02 0.0000e+00    81.6050    4.78705    34.7536    34.7701    27.0476    1485.06    1482.69 0.0000e+00
       2733    127.000     8.2150     8.2133   3.623865   3.625242     1.9407    -0.0679      32.85 4.9488e-02 0.0000e+00    81.6224    4.78879    34.7550    34.7714    27.0493    1485.06    1482.71 0.0000e+00
       2753    128.000     8.2058     8.2044   3.623612   3.625000     1.9391    -0.0661     100.33 4.9473e-02 0.0000e+00    81.6487    4.78572    34.7610    34.7772    27.0554    1485.05    1482.73 0.0000e+00
       2773    129.000     8.2013     8.1999   3.623585   3.624968     1.9372    -0.0731      19.31 4.9488e-02 0.0000e+00    81.6528    4.77806    34.7646    34.7808    27.0589    1485.05    1482.74 0.0000e+00
       2793    130.000     8.1927     8.1913   3.623215   3.624604     1.9353    -0.0878      99.73 4.9467e-02 0.0000e+00    81.6079    4.77348    34.7687    34.7850    27.0634    1485.04    1482.76 0.0000e+00
       2813    131.000     8.1836     8.1823   3.622757   3.624137     1.9336    -0.0911      54.11 4.9488e-02 0.0000e+00    81.6456    4.77186    34.7724    34.7884    27.0677    1485.03    1482.78 0.0000e+00
       2833    132.000     8.1791     8.1772   3.622588   3.623961     1.9316    -0.0750      62.83 4.9481e-02 0.0000e+00    81.6198    4.76406    34.7745    34.7911    27.0701    1485.03    1482.80 0.0000e+00
       2853    133.000     8.1737     8.1723   3.622429   3.623809     1.9300    -0.1023      29.16 4.9467e-02 0.0000e+00    81.6004    4.76180    34.7777    34.7938    27.0734    1485.03    1482.81 0.0000e+00
       2873    134.000     8.1694     8.1677   3.622414   3.623797     1.9280    -0.0893      86.94 4.9502e-02 0.0000e+00    81.5833    4.74951    34.7813    34.7978    27.0769    1485.04    1482.83 0.0000e+00
       2893    135.000     8.1677     8.1660   3.622516   3.623904     1.9255    -0.0792      78.84 4.9492e-02 0.0000e+00    81.5743    4.73266    34.7836    34.8001    27.0789    1485.05    1482.85 0.0000e+00
       2913    136.000     8.1643     8.1627   3.622553   3.623945     1.9222    -0.0921      19.43 4.9476e-02 0.0000e+00    81.5410    4.72228    34.7869    34.8034    27.0820    1485.06    1482.86 0.0000e+00
       2933    137.000     8.1578     8.1565   3.622283   3.623656     1.9194    -0.0805      83.27 4.9488e-02 0.0000e+00    81.5472    4.71995    34.7900    34.8059    27.0854    1485.05    1482.88 0.0000e+00
       2953    138.000     8.1500     8.1486   3.621827   3.623211     1.9172    -0.0802      81.02 4.9509e-02 0.0000e+00    81.5501    4.72669    34.7923    34.8085    27.0885    1485.04    1482.89 0.0000e+00
       2972    139.000     8.1455     8.1438   3.621652   3.623048     1.9164    -0.0712      85.74 4.9495e-02 0.0000e+00    81.5587    4.73563    34.7944    34.8111    27.0908    1485.05    1482.91 0.0000e+00
       2992    140.000     8.1446     8.1429   3.621804   3.623207     1.9159    -0.0684      38.51 4.9508e-02 0.0000e+00    81.5300    4.73385    34.7965    34.8132    27.0925    1485.06    1482.92 0.0000e+00
       3012    141.000     8.1480     8.1458   3.622491   3.623878     1.9148    -0.0697      98.37 4.9483e-02 0.0000e+00    81.4209    4.71877    34.8000    34.8170    27.0948    1485.09    1482.94 0.0000e+00
       3031    142.000     8.1467     8.1451   3.622617   3.623999     1.9125    -0.0656      98.41 4.9467e-02 0.0000e+00    81.3172    4.70294    34.8021    34.8185    27.0966    1485.11    1482.95 0.0000e+00
       3051    143.000     8.1378     8.1364   3.622196   3.623569     1.9103    -0.0716      53.57 4.9494e-02 0.0000e+00    81.3663    4.70915    34.8060    34.8221    27.1010    1485.10    1482.97 0.0000e+00
       3071    144.000     8.1333     8.1315   3.622027   3.623410     1.9098    -0.0701      64.44 4.9505e-02 0.0000e+00    81.4882    4.73458    34.8081    34.8247    27.1034    1485.10    1482.98 0.0000e+00
       3090    145.000     8.1297     8.1280   3.621919   3.623305     1.9114    -0.0640      79.01 4.9515e-02 0.0000e+00    81.5624    4.75905    34.8101    34.8266    27.1055    1485.10    1483.00 0.0000e+00
       3110    146.000     8.1278     8.1260   3.622016   3.623408     1.9136    -0.0681      54.98 4.9498e-02 0.0000e+00    81.5829    4.76967    34.8125    34.8292    27.1077    1485.12    1483.01 0.0000e+00
       3129    147.000     8.1265     8.1248   3.622171   3.623534     1.9154    -0.0718      97.83 4.9502e-02 0.0000e+00    81.5902    4.76921    34.8150    34.8313    27.1098    1485.13    1483.03 0.0000e+00
       3149    148.000     8.1223     8.1208   3.622096   3.623479     1.9168    -0.0703      44.27 4.9469e-02 0.0000e+00    81.5993    4.77198    34.8179    34.8342    27.1127    1485.13    1483.04 0.0000e+00
       3168    149.000     8.1115     8.1103   3.621214   3.622607     1.9183    -0.0748      66.03 4.9491e-02 0.0000e+00    81.6193    4.77801    34.8187    34.8348    27.1150    1485.11    1483.06 0.0000e+00
       3188    150.000     8.1097     8.1078   3.621115   3.622501     1.9192    -0.0694      69.72 4.9488e-02 0.0000e+00    81.6344    4.78150    34.8189    34.8356    27.1154    1485.12    1483.07 0.0000e+00
       3207    151.000     8.1093     8.1074   3.621178   3.622560     1.9209    -0.0697      34.18 4.9495e-02 0.0000e+00    81.6245    4.78659    34.8195    34.8362    27.1159    1485.14    1483.08 0.0000e+00
       3227    152.000     8.1073     8.1056   3.621138   3.622531     1.9216    -0.0782      70.27 4.9481e-02 0.0000e+00    81.5863    4.77159    34.8206    34.8372    27.1171    1485.15    1483.10 0.0000e+00
       3247    153.000     8.1028     8.1013   3.620902   3.622294     1.9204    -0.0713      67.95 4.9501e-02 0.0000e+00    81.5303    4.75081    34.8220    34.8384    27.1189    1485.15    1483.11 0.0000e+00
