_data/ctd/2022603/sta0210.cnv
* Sea-Bird SBE 9 Data File:
* FileName = C:\Seabird\CTDData\sta0210.hex
* Software Version Seasave V 7.21f
* Temperature SN = 6264
* Conductivity SN = 4928
* Number of Bytes Per Scan = 40
* Number of Voltage Words = 5
* Number of Scans Averaged by the Deck Unit = 1
* NMEA Latitude = 61 28.27 N
* NMEA Longitude = 005 38.62 E
* NMEA UTC (Time) = Feb 16 2022 01:35:18
* NMEA baud rate = 4800
** Ship: R/V "Kristine Bonnevie"
** Station: 0210
** Echodepth: 319
** Log: 0913.563
** Wind-Dir/Force: 20 08
** Air-temp (dry): 1.9
** Weather Sky:
** Sea:
# nquan = 19                                
# nvalues = 314                         
# units = specified
# name 0 = scan: Scan Count
# name 1 = prDM: Pressure, Digiquartz [db]
# name 2 = t068C: Temperature [ITS-68, deg C]
# name 3 = t168C: Temperature, 2 [ITS-68, deg C]
# name 4 = c0S/m: Conductivity [S/m]
# name 5 = c1S/m: Conductivity, 2 [S/m]
# name 6 = sbeox0V: Oxygen raw, SBE 43 [V]
# name 7 = flECO-AFL: Fluorescence, WET Labs ECO-AFL/FL [mg/m^3]
# name 8 = altM: Altimeter [m]
# name 9 = par: PAR/Irradiance, Biospherical/Licor
# name 10 = spar: SPAR/Surface Irradiance
# name 11 = CStarTr0: Beam Transmission, WET Labs C-Star [%]
# name 12 = sbeox0ML/L: Oxygen, SBE 43 [ml/l], WS = 2
# name 13 = sal00: Salinity, Practical [PSU]
# name 14 = sal11: Salinity, Practical, 2 [PSU]
# name 15 = sigma-t00: Density [sigma-t, Kg/m^3 ]
# name 16 = svCM: Sound Velocity [Chen-Millero, m/s]
# name 17 = avgsvCM: Average Sound Velocity [Chen-Millero, m/s], minP = 1, minS = 5
# name 18 = flag: flag
# span 0 =         -7,       7249       
# span 1 =      1.000,    314.000       
# span 2 =     5.7422,    10.0425       
# span 3 =     5.6934,    10.0404       
# span 4 =   2.665725,   3.702766       
# span 5 =   2.681870,   3.704300       
# span 6 =     1.6981,     2.4598       
# span 7 =    -0.0770,     0.2902       
# span 8 =       7.20,      99.38       
# span 9 = 4.9445e-02, 1.0564e+00       
# span 10 = 0.0000e+00, 0.0000e+00      
# span 11 =    77.8399,    81.3925      
# span 12 =    3.96466,    7.09763      
# span 13 =    26.6370,    34.7468      
# span 14 =    26.8534,    34.7635      
# span 15 =    20.9792,    27.0207      
# span 16 =    1463.16,    1489.10      
# span 17 =    1463.16,    1486.60      
# span 18 = 0.0000e+00, 0.0000e+00      
# interval = decibars: 1                
# start_time = Feb 16 2022 01:35:20 [System UTC, header]
# bad_flag = -9.990e-29
*END*
[from data line 153]
       3609    154.000     8.3256     8.3239   3.632001   3.633377     1.7478    -0.0514      98.78 4.9534e-02 0.0000e+00    80.7473    4.18175    34.7195    34.7359    27.0046    1485.87    1485.92 0.0000e+00
       3632    155.000     8.3256     8.3240   3.632074   3.633453     1.7482 -9.990e-29      98.79 4.9508e-02 0.0000e+00    80.7059    4.17687    34.7198    34.7361    27.0048    1485.89    1485.92 0.0000e+00
       3654    156.000     8.3257     8.3241   3.632166   3.633540     1.7481 -9.990e-29      98.78 4.9512e-02 0.0000e+00    80.6611    4.17702    34.7202    34.7364    27.0051    1485.91    1485.92 0.0000e+00
       3676    157.000     8.3259     8.3241   3.632239   3.633615     1.7483 -9.990e-29      98.78 4.9527e-02 0.0000e+00    80.7039    4.17806    34.7203    34.7368    27.0052    1485.93    1485.92 0.0000e+00
       3699    158.000     8.3259     8.3242   3.632302   3.633691     1.7482 -9.990e-29      98.78 4.9534e-02 0.0000e+00    80.7017    4.17887    34.7205    34.7370    27.0053    1485.94    1485.92 0.0000e+00
       3721    159.000     8.3261     8.3243   3.632388   3.633771     1.7488 -9.990e-29      98.78 4.9511e-02 0.0000e+00    80.6832    4.18797    34.7208    34.7373    27.0055    1485.96    1485.92 0.0000e+00
       3743    160.000     8.3261     8.3244   3.632455   3.633848     1.7493 -9.990e-29      98.78 4.9521e-02 0.0000e+00    80.6856    4.18722    34.7210    34.7375    27.0056    1485.98    1485.92 0.0000e+00
       3766    161.000     8.3261     8.3244   3.632539   3.633933     1.7497 -9.990e-29      98.79 4.9505e-02 0.0000e+00    80.7170    4.18765    34.7214    34.7379    27.0060    1485.99    1485.92 0.0000e+00
       3788    162.000     8.3261     8.3244   3.632611   3.634005     1.7499 -9.990e-29      98.78 4.9496e-02 0.0000e+00    80.7041    4.18848    34.7217    34.7382    27.0062    1486.01    1485.92 0.0000e+00
       3811    163.000     8.3262     8.3245   3.632671   3.634057     1.7502    -0.0476      98.78 4.9511e-02 0.0000e+00    80.6811    4.18682    34.7218    34.7382    27.0062    1486.03    1485.92 0.0000e+00
       3833    164.000     8.3263     8.3246   3.632719   3.634121     1.7500    -0.0502      98.78 4.9502e-02 0.0000e+00    80.6460    4.18589    34.7217    34.7383    27.0062    1486.04    1485.92 0.0000e+00
       3856    165.000     8.3265     8.3248   3.632798   3.634189     1.7501    -0.0519      98.78 4.9505e-02 0.0000e+00    80.6619    4.19013    34.7219    34.7383    27.0063    1486.06    1485.92 0.0000e+00
       3878    166.000     8.3266     8.3250   3.632846   3.634246     1.7504    -0.0506      98.78 4.9496e-02 0.0000e+00    80.6478    4.19257    34.7218    34.7383    27.0062    1486.08    1485.92 0.0000e+00
       3901    167.000     8.3267     8.3251   3.632915   3.634296     1.7507    -0.0488      98.78 4.9518e-02 0.0000e+00    80.6461    4.19236    34.7220    34.7382    27.0063    1486.10    1485.92 0.0000e+00
       3924    168.000     8.3269     8.3252   3.632965   3.634369     1.7507    -0.0491      98.79 4.9482e-02 0.0000e+00    80.6529    4.19065    34.7218    34.7384    27.0062    1486.11    1485.92 0.0000e+00
       3947    169.000     8.3268     8.3251   3.633048   3.634444     1.7507    -0.0463      98.78 4.9509e-02 0.0000e+00    80.6394    4.19203    34.7223    34.7389    27.0066    1486.13    1485.93 0.0000e+00
       3969    170.000     8.3269     8.3252   3.633118   3.634511     1.7507    -0.0504      98.78 4.9512e-02 0.0000e+00    80.6219    4.19304    34.7225    34.7390    27.0067    1486.15    1485.93 0.0000e+00
       3992    171.000     8.3270     8.3253   3.633201   3.634588     1.7508    -0.0486      98.78 4.9499e-02 0.0000e+00    80.6080    4.19304    34.7228    34.7392    27.0069    1486.16    1485.93 0.0000e+00
       4015    172.000     8.3271     8.3253   3.633314   3.634713     1.7507 -9.990e-29      98.78 4.9517e-02 0.0000e+00    80.6134    4.18973    34.7234    34.7401    27.0074    1486.18    1485.93 0.0000e+00
       4037    173.000     8.3271     8.3254   3.633389   3.634776     1.7503 -9.990e-29      98.78 4.9527e-02 0.0000e+00    80.5727    4.18835    34.7237    34.7402    27.0076    1486.20    1485.93 0.0000e+00
       4060    174.000     8.3272     8.3255   3.633435   3.634828     1.7498 -9.990e-29      98.79 4.9506e-02 0.0000e+00    80.5706    4.19148    34.7236    34.7401    27.0076    1486.21    1485.93 0.0000e+00
       4083    175.000     8.3272     8.3256   3.633499   3.634888     1.7505 -9.990e-29      98.78 4.9521e-02 0.0000e+00    80.5534    4.19907    34.7239    34.7402    27.0077    1486.23    1485.93 0.0000e+00
       4105    176.000     8.3275     8.3259   3.633572   3.634957     1.7507    -0.0550      98.78 4.9505e-02 0.0000e+00    80.5563    4.19744    34.7239    34.7402    27.0077    1486.25    1485.94 0.0000e+00
       4128    177.000     8.3277     8.3261   3.633643   3.635030     1.7508    -0.0558      98.78 4.9536e-02 0.0000e+00    80.5209    4.19740    34.7239    34.7403    27.0077    1486.27    1485.94 0.0000e+00
       4151    178.000     8.3278     8.3261   3.633705   3.635087     1.7509    -0.0558      98.78 4.9517e-02 0.0000e+00    80.5133    4.19551    34.7240    34.7404    27.0077    1486.28    1485.94 0.0000e+00
       4174    179.000     8.3280     8.3263   3.633755   3.635139     1.7506    -0.0558      98.78 4.9512e-02 0.0000e+00    80.5393    4.19928    34.7239    34.7403    27.0076    1486.30    1485.94 0.0000e+00
       4197    180.000     8.3280     8.3262   3.633840   3.635231     1.7512    -0.0558      98.79 4.9506e-02 0.0000e+00    80.5556    4.19958    34.7243    34.7409    27.0079    1486.32    1485.94 0.0000e+00
       4220    181.000     8.3281     8.3265   3.633910   3.635294     1.7510    -0.0558      98.78 4.9509e-02 0.0000e+00    80.5398    4.19855    34.7245    34.7408    27.0081    1486.33    1485.95 0.0000e+00
       4242    182.000     8.3282     8.3266   3.634005   3.635388     1.7512    -0.0558      98.78 4.9505e-02 0.0000e+00    80.5234    4.20337    34.7249    34.7412    27.0084    1486.35    1485.95 0.0000e+00
       4265    183.000     8.3284     8.3268   3.634089   3.635466     1.7514    -0.0558      98.78 4.9542e-02 0.0000e+00    80.5029    4.20432    34.7251    34.7414    27.0085    1486.37    1485.95 0.0000e+00
       4288    184.000     8.3287     8.3270   3.634167   3.635564     1.7518    -0.0558      98.78 4.9518e-02 0.0000e+00    80.4829    4.20618    34.7252    34.7417    27.0085    1486.39    1485.95 0.0000e+00
       4311    185.000     8.3291     8.3275   3.634277   3.635662     1.7520    -0.0558      98.78 4.9494e-02 0.0000e+00    80.4833    4.20813    34.7255    34.7418    27.0087    1486.41    1485.96 0.0000e+00
       4334    186.000     8.3293     8.3276   3.634359   3.635742     1.7524 -9.990e-29      98.79 4.9490e-02 0.0000e+00    80.4765    4.21175    34.7257    34.7421    27.0088    1486.42    1485.96 0.0000e+00
       4356    187.000     8.3294     8.3277   3.634419   3.635811     1.7531 -9.990e-29      98.79 4.9493e-02 0.0000e+00    80.5016    4.21621    34.7257    34.7422    27.0089    1486.44    1485.96 0.0000e+00
       4379    188.000     8.3296     8.3278   3.634476   3.635859     1.7537 -9.990e-29      98.78 4.9512e-02 0.0000e+00    80.5454    4.22065    34.7257    34.7422    27.0088    1486.46    1485.96 0.0000e+00
       4402    189.000     8.3294     8.3277   3.634498   3.635888     1.7548 -9.990e-29      98.79 4.9512e-02 0.0000e+00    80.5401    4.23036    34.7256    34.7421    27.0088    1486.47    1485.97 0.0000e+00
       4424    190.000     8.3297     8.3280   3.634592   3.635987     1.7560 -9.990e-29      98.78 4.9509e-02 0.0000e+00    80.5363    4.23063    34.7258    34.7424    27.0089    1486.49    1485.97 0.0000e+00
       4447    191.000     8.3298     8.3281   3.634654   3.636030     1.7566 -9.990e-29      98.79 4.9481e-02 0.0000e+00    80.5429    4.22955    34.7259    34.7422    27.0089    1486.51    1485.97 0.0000e+00
       4470    192.000     8.3298     8.3281   3.634704   3.636096     1.7571 -9.990e-29      98.79 4.9493e-02 0.0000e+00    80.5125    4.22629    34.7260    34.7425    27.0090    1486.52    1485.97 0.0000e+00
       4493    193.000     8.3300     8.3283   3.634777   3.636159     1.7570 -9.990e-29      98.78 4.9524e-02 0.0000e+00    80.5212    4.22481    34.7261    34.7425    27.0090    1486.54    1485.98 0.0000e+00
       4516    194.000     8.3300     8.3284   3.634807   3.636223     1.7571 -9.990e-29      98.79 4.9500e-02 0.0000e+00    80.5112    4.22918    34.7259    34.7426    27.0089    1486.56    1485.98 0.0000e+00
       4539    195.000     8.3303     8.3286   3.634890   3.636276     1.7573 -9.990e-29      98.79 4.9511e-02 0.0000e+00    80.5072    4.22438    34.7260    34.7425    27.0090    1486.57    1485.98 0.0000e+00
       4562    196.000     8.3304     8.3287   3.634954   3.636336     1.7568 -9.990e-29      89.58 4.9505e-02 0.0000e+00    80.4849    4.22312    34.7261    34.7425    27.0090    1486.59    1485.99 0.0000e+00
       4585    197.000     8.3305     8.3289   3.635014   3.636413     1.7567 -9.990e-29      73.80 4.9493e-02 0.0000e+00    80.4973    4.22774    34.7262    34.7427    27.0091    1486.61    1485.99 0.0000e+00
       4608    198.000     8.3307     8.3290   3.635108   3.636491     1.7571    -0.0526      98.82 4.9505e-02 0.0000e+00    80.5258    4.23024    34.7265    34.7429    27.0093    1486.63    1485.99 0.0000e+00
       4631    199.000     8.3308     8.3292   3.635158   3.636553     1.7571    -0.0415      98.78 4.9542e-02 0.0000e+00    80.5294    4.23122    34.7265    34.7429    27.0092    1486.64    1486.00 0.0000e+00
       4654    200.000     8.3309     8.3292   3.635211   3.636599     1.7575    -0.0516      98.79 4.9505e-02 0.0000e+00    80.4793    4.23493    34.7265    34.7429    27.0092    1486.66    1486.00 0.0000e+00
       4677    201.000     8.3310     8.3294   3.635257   3.636652     1.7578    -0.0514      98.79 4.9493e-02 0.0000e+00    80.4826    4.23115    34.7264    34.7428    27.0091    1486.68    1486.00 0.0000e+00
       4700    202.000     8.3312     8.3295   3.635334   3.636725     1.7575    -0.0489      98.78 4.9561e-02 0.0000e+00    80.5097    4.23091    34.7265    34.7430    27.0092    1486.69    1486.01 0.0000e+00
       4723    203.000     8.3313     8.3296   3.635391   3.636794     1.7576    -0.0559      98.78 4.9517e-02 0.0000e+00    80.4913    4.23041    34.7266    34.7432    27.0092    1486.71    1486.01 0.0000e+00
       4747    204.000     8.3314     8.3298   3.635468   3.636858     1.7573    -0.0558      98.79 4.9511e-02 0.0000e+00    80.4804    4.22917    34.7268    34.7432    27.0094    1486.73    1486.01 0.0000e+00
       4769    205.000     8.3316     8.3299   3.635535   3.636924     1.7571    -0.0558      98.79 4.9505e-02 0.0000e+00    80.4817    4.23090    34.7268    34.7433    27.0094    1486.75    1486.02 0.0000e+00
       4793    206.000     8.3316     8.3299   3.635586   3.636985     1.7572    -0.0531      98.79 4.9514e-02 0.0000e+00    80.4700    4.23536    34.7269    34.7435    27.0094    1486.76    1486.02 0.0000e+00
       4816    207.000     8.3314     8.3298   3.635624   3.637019     1.7574    -0.0504      98.79 4.9506e-02 0.0000e+00    80.4690    4.23427    34.7270    34.7434    27.0096    1486.78    1486.02 0.0000e+00
       4839    208.000     8.3320     8.3303   3.635756   3.637150     1.7574    -0.0520      98.78 4.9514e-02 0.0000e+00    80.4865    4.23326    34.7274    34.7439    27.0097    1486.80    1486.03 0.0000e+00
       4863    209.000     8.3323     8.3307   3.635859   3.637247     1.7571    -0.0496      98.79 4.9523e-02 0.0000e+00    80.4249    4.23128    34.7277    34.7440    27.0099    1486.81    1486.03 0.0000e+00
       4886    210.000     8.3325     8.3309   3.635924   3.637333     1.7571    -0.0462      98.79 4.9511e-02 0.0000e+00    80.4078    4.23492    34.7277    34.7443    27.0099    1486.83    1486.04 0.0000e+00
       4909    211.000     8.3326     8.3310   3.635991   3.637388     1.7570    -0.0517      98.79 4.9512e-02 0.0000e+00    80.4198    4.23433    34.7278    34.7443    27.0100    1486.85    1486.04 0.0000e+00
       4932    212.000     8.3327     8.3311   3.636056   3.637448     1.7572    -0.0462      54.42 4.9497e-02 0.0000e+00    80.4454    4.24141    34.7280    34.7443    27.0101    1486.87    1486.04 0.0000e+00
       4956    213.000     8.3329     8.3313   3.636107   3.637514     1.7579    -0.0509      95.89 4.9482e-02 0.0000e+00    80.4280    4.24455    34.7278    34.7444    27.0100    1486.88    1486.05 0.0000e+00
       4979    214.000     8.3331     8.3314   3.636197   3.637583     1.7583    -0.0483      98.75 4.9493e-02 0.0000e+00    80.4243    4.24713    34.7281    34.7445    27.0102    1486.90    1486.05 0.0000e+00
       5002    215.000     8.3332     8.3316   3.636262   3.637652     1.7591    -0.0468      98.78 4.9487e-02 0.0000e+00    80.4298    4.25260    34.7282    34.7446    27.0102    1486.92    1486.05 0.0000e+00
       5025    216.000     8.3333     8.3316   3.636315   3.637714     1.7598    -0.0487      98.79 4.9523e-02 0.0000e+00    80.4205    4.25010    34.7282    34.7448    27.0102    1486.93    1486.06 0.0000e+00
       5048    217.000     8.3335     8.3319   3.636375   3.637780     1.7597    -0.0504      98.79 4.9506e-02 0.0000e+00    80.4125    4.24774    34.7282    34.7447    27.0101    1486.95    1486.06 0.0000e+00
       5071    218.000     8.3335     8.3320   3.636435   3.637830     1.7599    -0.0502      98.79 4.9512e-02 0.0000e+00    80.4026    4.24945    34.7283    34.7447    27.0103    1486.97    1486.07 0.0000e+00
       5094    219.000     8.3337     8.3321   3.636495   3.637887     1.7600    -0.0477      98.79 4.9499e-02 0.0000e+00    80.3960    4.24891    34.7283    34.7447    27.0102    1486.99    1486.07 0.0000e+00
       5117    220.000     8.3338     8.3322   3.636545   3.637948     1.7599 -9.990e-29      98.78 4.9524e-02 0.0000e+00    80.3997    4.25052    34.7283    34.7448    27.0102    1487.00    1486.08 0.0000e+00
       5140    221.000     8.3340     8.3323   3.636610   3.637997     1.7602 -9.990e-29      76.39 4.9499e-02 0.0000e+00    80.3718    4.25639    34.7283    34.7447    27.0101    1487.02    1486.08 0.0000e+00
       5163    222.000     8.3341     8.3325   3.636669   3.638067     1.7608 -9.990e-29      68.87 4.9537e-02 0.0000e+00    80.4025    4.25502    34.7283    34.7448    27.0102    1487.04    1486.08 0.0000e+00
       5187    223.000     8.3342     8.3326   3.636732   3.638122     1.7606 -9.990e-29      98.90 4.9527e-02 0.0000e+00    80.3965    4.25304    34.7284    34.7448    27.0102    1487.05    1486.09 0.0000e+00
       5209    224.000     8.3343     8.3327   3.636791   3.638180     1.7608 -9.990e-29      98.78 4.9491e-02 0.0000e+00    80.3893    4.25546    34.7285    34.7448    27.0103    1487.07    1486.09 0.0000e+00
       5233    225.000     8.3345     8.3329   3.636867   3.638262     1.7607 -9.990e-29      98.78 4.9523e-02 0.0000e+00    80.3596    4.25480    34.7286    34.7450    27.0103    1487.09    1486.10 0.0000e+00
       5255    226.000     8.3346     8.3330   3.636932   3.638327     1.7610 -9.990e-29      98.48 4.9490e-02 0.0000e+00    80.3663    4.26077    34.7287    34.7451    27.0104    1487.10    1486.10 0.0000e+00
       5278    227.000     8.3348     8.3332   3.637002   3.638391     1.7616 -9.990e-29      98.78 4.9499e-02 0.0000e+00    80.3990    4.26279    34.7288    34.7452    27.0104    1487.12    1486.11 0.0000e+00
       5301    228.000     8.3350     8.3333   3.637073   3.638477     1.7617    -0.0558      98.79 4.9502e-02 0.0000e+00    80.3908    4.26103    34.7289    34.7455    27.0105    1487.14    1486.11 0.0000e+00
