_data/ctd/2022603/sta0224.cnv
* Sea-Bird SBE 9 Data File:
* FileName = C:\Seabird\CTDData\sta0224.hex
* Software Version Seasave V 7.21f
* Temperature SN = 6264
* Conductivity SN = 4928
* Number of Bytes Per Scan = 40
* Number of Voltage Words = 5
* Number of Scans Averaged by the Deck Unit = 1
* NMEA Latitude = 61 10.64 N
* NMEA Longitude = 004 48.85 E
* NMEA UTC (Time) = Feb 17 2022 23:07:48
* NMEA baud rate = 4800
** Ship: R/V "Kristine Bonnevie"
** Station: 0224
** Echodepth: 396
** Log: 1201.641
** Wind-Dir/Force: 30 21
** Air-temp (dry): 4.2
** Weather Sky:
** Sea:
# nquan = 19                                
# nvalues = 388                         
# units = specified
# name 0 = scan: Scan Count
# name 1 = prDM: Pressure, Digiquartz [db]
# name 2 = t068C: Temperature [ITS-68, deg C]
# name 3 = t168C: Temperature, 2 [ITS-68, deg C]
# name 4 = c0S/m: Conductivity [S/m]
# name 5 = c1S/m: Conductivity, 2 [S/m]
# name 6 = sbeox0V: Oxygen raw, SBE 43 [V]
# name 7 = flECO-AFL: Fluorescence, WET Labs ECO-AFL/FL [mg/m^3]
# name 8 = altM: Altimeter [m]
# name 9 = par: PAR/Irradiance, Biospherical/Licor
# name 10 = spar: SPAR/Surface Irradiance
# name 11 = CStarTr0: Beam Transmission, WET Labs C-Star [%]
# name 12 = sbeox0ML/L: Oxygen, SBE 43 [ml/l], WS = 2
# name 13 = sal00: Salinity, Practical [PSU]
# name 14 = sal11: Salinity, Practical, 2 [PSU]
# name 15 = sigma-t00: Density [sigma-t, Kg/m^3 ]
# name 16 = svCM: Sound Velocity [Chen-Millero, m/s]
# name 17 = avgsvCM: Average Sound Velocity [Chen-Millero, m/s], minP = 1, minS = 5
# name 18 = flag: flag
# span 0 =         -7,       8355       
# span 1 =      6.000,    393.000       
# span 2 =     6.1718,     8.5447       
# span 3 =     6.1702,     8.5428       
# span 4 =   3.219377,   3.674169       
# span 5 =   3.220285,   3.675687       
# span 6 =     2.0005,     2.5070       
# span 7 =    -0.0950,     0.7209       
# span 8 =       4.16,      99.52       
# span 9 = 4.9356e-02, 2.7600e-01       
# span 10 = 0.0000e+00, 0.0000e+00      
# span 11 =    78.3032,    81.1199      
# span 12 =    5.22360,    6.95932      
# span 13 =    32.3844,    35.0462      
# span 14 =    32.3954,    35.0632      
# span 15 =    25.4648,    27.3461      
# span 16 =    1472.24,    1488.09      
# span 17 =    1472.24,    1484.42      
# span 18 = 0.0000e+00, 0.0000e+00      
# interval = decibars: 1                
# start_time = Feb 17 2022 23:07:50 [System UTC, header]
# bad_flag = -9.990e-29
*END*
[from data line 229]
       4929    235.000     8.1675     8.1662   3.647633   3.649098     2.1469    -0.0607      98.80 4.9493e-02 0.0000e+00    80.1143    5.55034    35.0041    35.0211    27.2521    1486.97    1482.63 0.0000e+00
       4951    236.000     8.1624     8.1617   3.647202   3.648699     2.1453    -0.0609      98.80 4.9498e-02 0.0000e+00    80.1008    5.54579    35.0041    35.0208    27.2529    1486.96    1482.65 0.0000e+00
       4972    237.000     8.1538     8.1519   3.646479   3.647861     2.1431    -0.0612      98.80 4.9485e-02 0.0000e+00    80.0676    5.53680    35.0045    35.0211    27.2544    1486.95    1482.67 0.0000e+00
       4994    238.000     8.1387     8.1384   3.645147   3.646647     2.1411    -0.0613      98.80 4.9483e-02 0.0000e+00    80.0698    5.53799    35.0048    35.0211    27.2570    1486.91    1482.69 0.0000e+00
       5015    239.000     8.1295     8.1287   3.644360   3.645836     2.1398    -0.0557      98.80 4.9495e-02 0.0000e+00    80.0460    5.54105    35.0050    35.0216    27.2586    1486.89    1482.71 0.0000e+00
       5035    240.000     8.1214     8.1203   3.643696   3.645161     2.1388    -0.0727      98.80 4.9481e-02 0.0000e+00    79.9991    5.53491    35.0055    35.0223    27.2602    1486.88    1482.72 0.0000e+00
       5054    241.000     8.1121     8.1118   3.642948   3.644449     2.1368    -0.0903      98.80 4.9501e-02 0.0000e+00    79.9539    5.52647    35.0063    35.0227    27.2622    1486.86    1482.74 0.0000e+00
       5075    242.000     8.0946     8.0946   3.641436   3.642924     2.1352    -0.0622      98.80 4.9466e-02 0.0000e+00    79.8569    5.52608    35.0071    35.0230    27.2655    1486.81    1482.76 0.0000e+00
       5097    243.000     8.0807     8.0793   3.640264   3.641706     2.1335    -0.0825      98.80 4.9481e-02 0.0000e+00    79.8627    5.52228    35.0079    35.0248    27.2682    1486.78    1482.77 0.0000e+00
       5119    244.000     8.0804     8.0786   3.640264   3.641709     2.1314    -0.0670      98.80 4.9477e-02 0.0000e+00    79.8361    5.51315    35.0077    35.0250    27.2682    1486.79    1482.79 0.0000e+00
       5140    245.000     8.0755     8.0747   3.639857   3.641314     2.1297    -0.0590      98.80 4.9476e-02 0.0000e+00    79.7178    5.51014    35.0078    35.0242    27.2689    1486.79    1482.81 0.0000e+00
       5159    246.000     8.0656     8.0644   3.639076   3.640546     2.1279    -0.0623      98.80 4.9483e-02 0.0000e+00    79.6341    5.50445    35.0088    35.0258    27.2712    1486.77    1482.82 0.0000e+00
       5178    247.000     8.0626     8.0617   3.638914   3.640377     2.1261    -0.0872      98.80 4.9488e-02 0.0000e+00    79.5333    5.49833    35.0096    35.0262    27.2723    1486.78    1482.84 0.0000e+00
       5199    248.000     8.0463     8.0459   3.637488   3.638961     2.1242    -0.0731      98.80 4.9471e-02 0.0000e+00    79.4630    5.49731    35.0101    35.0263    27.2751    1486.73    1482.85 0.0000e+00
       5222    249.000     8.0393     8.0384   3.636899   3.638397     2.1224 -9.990e-29      98.80 4.9462e-02 0.0000e+00    79.4946    5.49678    35.0103    35.0272    27.2764    1486.72    1482.87 0.0000e+00
       5248    250.000     8.0353     8.0337   3.636590   3.638005     2.1205 -9.990e-29      98.80 4.9498e-02 0.0000e+00    79.5908    5.49124    35.0105    35.0273    27.2771    1486.72    1482.89 0.0000e+00
       5277    251.000     8.0288     8.0272   3.636067   3.637489     2.1185 -9.990e-29      98.80 4.9468e-02 0.0000e+00    79.5845    5.49286    35.0109    35.0277    27.2784    1486.72    1482.90 0.0000e+00
       5302    252.000     8.0182     8.0182   3.635202   3.636713     2.1176    -0.0873      98.80 4.9500e-02 0.0000e+00    79.6208    5.48989    35.0117    35.0279    27.2806    1486.69    1482.92 0.0000e+00
       5320    253.000     8.0109     8.0097   3.634630   3.636076     2.1162    -0.0808      98.80 4.9479e-02 0.0000e+00    79.5168    5.48799    35.0124    35.0291    27.2823    1486.68    1482.93 0.0000e+00
       5336    254.000     8.0027     8.0022   3.633979   3.635433     2.1159    -0.0597      98.80 4.9476e-02 0.0000e+00    79.4242    5.48904    35.0131    35.0292    27.2841    1486.67    1482.95 0.0000e+00
       5350    255.000     7.9929     7.9924   3.633169   3.634623     2.1148    -0.0560      98.80 4.9492e-02 0.0000e+00    79.3998    5.48159    35.0137    35.0298    27.2860    1486.65    1482.96 0.0000e+00
       5363    256.000     7.9800     7.9791   3.632105   3.633500     2.1138    -0.0577      98.80 4.9486e-02 0.0000e+00    79.3365    5.47894    35.0147    35.0306    27.2887    1486.62    1482.97 0.0000e+00
       5386    257.000     7.9722     7.9706   3.631481   3.632919     2.1120    -0.0588      98.80 4.9462e-02 0.0000e+00    79.3692    5.47419    35.0153    35.0323    27.2904    1486.61    1482.99 0.0000e+00
       5421    258.000     7.9686     7.9671   3.631253   3.632674     2.1095 -9.990e-29      98.80 4.9480e-02 0.0000e+00    79.4761    5.47118    35.0160    35.0327    27.2915    1486.61    1483.00 0.0000e+00
       5447    259.000     7.9645     7.9631   3.630986   3.632416     2.1079 -9.990e-29      98.80 4.9486e-02 0.0000e+00    79.5038    5.47133    35.0167    35.0335    27.2927    1486.61    1483.02 0.0000e+00
       5466    260.000     7.9615     7.9601   3.630770   3.632197     2.1073 -9.990e-29      98.80 4.9478e-02 0.0000e+00    79.5728    5.46925    35.0169    35.0336    27.2933    1486.62    1483.03 0.0000e+00
       5483    261.000     7.9551     7.9538   3.630274   3.631719     2.1063 -9.990e-29      98.80 4.9474e-02 0.0000e+00    79.5980    5.46452    35.0175    35.0343    27.2947    1486.61    1483.04 0.0000e+00
       5500    262.000     7.9439     7.9429   3.629354   3.630750     2.1053 -9.990e-29      98.80 4.9483e-02 0.0000e+00    79.6022    5.46175    35.0183    35.0343    27.2970    1486.59    1483.06 0.0000e+00
       5519    263.000     7.9295     7.9286   3.628253   3.629681     2.1038 -9.990e-29      98.80 4.9467e-02 0.0000e+00    79.6077    5.45857    35.0204    35.0367    27.3008    1486.55    1483.07 0.0000e+00
       5540    264.000     7.9206     7.9192   3.627586   3.629032     2.1025 -9.990e-29      98.80 4.9465e-02 0.0000e+00    79.6294    5.46151    35.0217    35.0386    27.3031    1486.54    1483.08 0.0000e+00
       5560    265.000     7.9191     7.9176   3.627530   3.628975     2.1018 -9.990e-29      98.80 4.9475e-02 0.0000e+00    79.6214    5.45842    35.0221    35.0391    27.3037    1486.55    1483.10 0.0000e+00
       5578    266.000     7.9172     7.9157   3.627447   3.628885     2.1005 -9.990e-29      98.80 4.9478e-02 0.0000e+00    79.6696    5.45150    35.0226    35.0396    27.3044    1486.56    1483.11 0.0000e+00
       5598    267.000     7.9149     7.9140   3.627314   3.628781     2.0992    -0.0598      98.80 4.9470e-02 0.0000e+00    79.6108    5.44876    35.0230    35.0397    27.3050    1486.57    1483.12 0.0000e+00
       5628    268.000     7.9058     7.9050   3.626599   3.628074     2.0972    -0.0625      98.80 4.9467e-02 0.0000e+00    79.5939    5.44099    35.0239    35.0406    27.3071    1486.55    1483.13 0.0000e+00
       5659    269.000     7.9003     7.8990   3.626208   3.627659     2.0951    -0.0848      98.80 4.9486e-02 0.0000e+00    79.5868    5.43808    35.0247    35.0416    27.3086    1486.54    1483.15 0.0000e+00
       5679    270.000     7.9000     7.8985   3.626246   3.627694     2.0936    -0.0587      98.80 4.9480e-02 0.0000e+00    79.5611    5.43632    35.0250    35.0420    27.3088    1486.56    1483.16 0.0000e+00
       5694    271.000     7.8968     7.8958   3.626009   3.627456     2.0932    -0.0782      98.80 4.9467e-02 0.0000e+00    79.5457    5.43261    35.0251    35.0417    27.3094    1486.57    1483.17 0.0000e+00
       5709    272.000     7.8891     7.8878   3.625383   3.626807     2.0917    -0.0878      98.80 4.9485e-02 0.0000e+00    79.5329    5.42590    35.0256    35.0422    27.3109    1486.55    1483.19 0.0000e+00
       5725    273.000     7.8842     7.8826   3.624980   3.626370     2.0906    -0.0590      98.80 4.9476e-02 0.0000e+00    79.5237    5.42583    35.0257    35.0423    27.3117    1486.55    1483.20 0.0000e+00
       5748    274.000     7.8782     7.8772   3.624485   3.625958     2.0890    -0.0570      98.80 4.9461e-02 0.0000e+00    79.5181    5.41948    35.0259    35.0427    27.3128    1486.55    1483.21 0.0000e+00
       5773    275.000     7.8703     7.8698   3.623787   3.625267     2.0870    -0.0591      98.80 4.9490e-02 0.0000e+00    79.5431    5.41825    35.0258    35.0422    27.3139    1486.53    1483.22 0.0000e+00
       5797    276.000     7.8666     7.8652   3.623560   3.624983     2.0857    -0.0564      98.80 4.9481e-02 0.0000e+00    79.5401    5.42077    35.0266    35.0433    27.3150    1486.53    1483.23 0.0000e+00
       5819    277.000     7.8647     7.8636   3.623460   3.624925     2.0850 -9.990e-29      98.80 4.9477e-02 0.0000e+00    79.5330    5.42269    35.0269    35.0438    27.3156    1486.54    1483.25 0.0000e+00
       5842    278.000     7.8611     7.8598   3.623193   3.624633     2.0845 -9.990e-29      98.80 4.9496e-02 0.0000e+00    79.5598    5.42523    35.0272    35.0440    27.3163    1486.55    1483.26 0.0000e+00
       5862    279.000     7.8581     7.8566   3.622992   3.624420     2.0840 -9.990e-29      98.80 4.9490e-02 0.0000e+00    79.5778    5.42554    35.0275    35.0444    27.3170    1486.55    1483.27 0.0000e+00
       5880    280.000     7.8547     7.8535   3.622769   3.624227     2.0839 -9.990e-29      98.80 4.9474e-02 0.0000e+00    79.5715    5.42379    35.0280    35.0449    27.3180    1486.56    1483.28 0.0000e+00
       5896    281.000     7.8525     7.8509   3.622623   3.624082     2.0831    -0.0558      98.80 4.9509e-02 0.0000e+00    79.5638    5.42122    35.0282    35.0455    27.3184    1486.57    1483.29 0.0000e+00
       5912    282.000     7.8480     7.8470   3.622273   3.623705     2.0829    -0.0558      98.80 4.9488e-02 0.0000e+00    79.5547    5.42609    35.0284    35.0449    27.3193    1486.57    1483.30 0.0000e+00
       5932    283.000     7.8401     7.8389   3.621672   3.623118     2.0826    -0.0804      98.80 4.9493e-02 0.0000e+00    79.5469    5.42522    35.0294    35.0462    27.3212    1486.55    1483.32 0.0000e+00
       5963    284.000     7.8390     7.8375   3.621625   3.623070     2.0818    -0.0646      98.80 4.9507e-02 0.0000e+00    79.5331    5.41980    35.0295    35.0466    27.3214    1486.57    1483.33 0.0000e+00
       5999    285.000     7.8390     7.8374   3.621682   3.623115     2.0808    -0.0555      98.80 4.9480e-02 0.0000e+00    79.5784    5.41808    35.0296    35.0467    27.3215    1486.58    1483.34 0.0000e+00
       6024    286.000     7.8394     7.8378   3.621786   3.623221     2.0799    -0.0558      98.80 4.9477e-02 0.0000e+00    79.5744    5.41546    35.0299    35.0469    27.3217    1486.60    1483.35 0.0000e+00
       6043    287.000     7.8392     7.8376   3.621842   3.623262     2.0795    -0.0558      98.80 4.9496e-02 0.0000e+00    79.5661    5.41468    35.0302    35.0471    27.3219    1486.62    1483.36 0.0000e+00
       6059    288.000     7.8337     7.8326   3.621446   3.622862     2.0790    -0.0558      98.80 4.9485e-02 0.0000e+00    79.5347    5.41400    35.0309    35.0473    27.3234    1486.61    1483.37 0.0000e+00
       6073    289.000     7.8271     7.8259   3.620986   3.622404     2.0787    -0.0558      98.80 4.9518e-02 0.0000e+00    79.5326    5.41405    35.0321    35.0486    27.3253    1486.61    1483.38 0.0000e+00
       6087    290.000     7.8259     7.8244   3.620933   3.622367     2.0780    -0.0558      98.80 4.9462e-02 0.0000e+00    79.4674    5.40925    35.0323    35.0492    27.3256    1486.62    1483.39 0.0000e+00
       6102    291.000     7.8252     7.8236   3.620916   3.622347     2.0773    -0.0558      98.80 4.9529e-02 0.0000e+00    79.4874    5.40377    35.0323    35.0493    27.3257    1486.63    1483.41 0.0000e+00
       6128    292.000     7.8225     7.8211   3.620724   3.622180     2.0757    -0.0677      98.80 4.9493e-02 0.0000e+00    79.4828    5.39852    35.0324    35.0495    27.3262    1486.64    1483.42 0.0000e+00
       6169    293.000     7.8196     7.8183   3.620541   3.621983     2.0732    -0.0670      98.80 4.9491e-02 0.0000e+00    79.4854    5.39311    35.0329    35.0497    27.3270    1486.64    1483.43 0.0000e+00
       6196    294.000     7.8184     7.8170   3.620494   3.621934     2.0720    -0.0554      98.80 4.9471e-02 0.0000e+00    79.5200    5.39153    35.0331    35.0500    27.3273    1486.66    1483.44 0.0000e+00
       6214    295.000     7.8184     7.8168   3.620535   3.621967     2.0711 -9.990e-29      98.80 4.9447e-02 0.0000e+00    79.4828    5.39041    35.0331    35.0501    27.3273    1486.67    1483.45 0.0000e+00
       6230    296.000     7.8181     7.8165   3.620559   3.621983     2.0706 -9.990e-29      98.80 4.9500e-02 0.0000e+00    79.4833    5.39080    35.0331    35.0501    27.3274    1486.69    1483.46 0.0000e+00
       6246    297.000     7.8177     7.8161   3.620561   3.622000     2.0700 -9.990e-29      98.80 4.9495e-02 0.0000e+00    79.4611    5.38803    35.0331    35.0502    27.3274    1486.70    1483.47 0.0000e+00
       6262    298.000     7.8170     7.8155   3.620547   3.621974     2.0692 -9.990e-29      98.80 4.9488e-02 0.0000e+00    79.4878    5.38607    35.0331    35.0500    27.3276    1486.72    1483.48 0.0000e+00
       6280    299.000     7.8163     7.8148   3.620531   3.621974     2.0686 -9.990e-29      98.80 4.9498e-02 0.0000e+00    79.5023    5.38754    35.0332    35.0502    27.3277    1486.73    1483.49 0.0000e+00
       6304    300.000     7.8148     7.8135   3.620454   3.621902     2.0679 -9.990e-29      98.80 4.9478e-02 0.0000e+00    79.4960    5.38630    35.0334    35.0503    27.3281    1486.74    1483.50 0.0000e+00
       6330    301.000     7.8116     7.8102   3.620249   3.621688     2.0671 -9.990e-29      98.80 4.9487e-02 0.0000e+00    79.4836    5.38721    35.0339    35.0508    27.3290    1486.75    1483.51 0.0000e+00
       6355    302.000     7.8101     7.8087   3.620194   3.621629     2.0668 -9.990e-29      98.80 4.9482e-02 0.0000e+00    79.4903    5.38914    35.0343    35.0512    27.3295    1486.76    1483.53 0.0000e+00
       6380    303.000     7.8096     7.8082   3.620209   3.621647     2.0662 -9.990e-29      98.80 4.9480e-02 0.0000e+00    79.4926    5.38402    35.0345    35.0514    27.3297    1486.77    1483.54 0.0000e+00
       6403    304.000     7.8087     7.8073   3.620170   3.621622     2.0656 -9.990e-29      98.80 4.9479e-02 0.0000e+00    79.4674    5.38251    35.0345    35.0516    27.3299    1486.79    1483.55 0.0000e+00
       6424    305.000     7.8076     7.8061   3.620134   3.621574     2.0650 -9.990e-29      98.80 4.9474e-02 0.0000e+00    79.4695    5.38474    35.0347    35.0518    27.3302    1486.80    1483.56 0.0000e+00
       6443    306.000     7.8059     7.8045   3.620063   3.621507     2.0649 -9.990e-29      98.80 4.9483e-02 0.0000e+00    79.4635    5.38745    35.0352    35.0522    27.3308    1486.81    1483.57 0.0000e+00
       6461    307.000     7.8046     7.8032   3.620012   3.621462     2.0646 -9.990e-29      98.80 4.9478e-02 0.0000e+00    79.4591    5.38208    35.0354    35.0525    27.3312    1486.82    1483.58 0.0000e+00
       6479    308.000     7.8014     7.8000   3.619829   3.621272     2.0640 -9.990e-29      98.80 4.9464e-02 0.0000e+00    79.4329    5.37676    35.0362    35.0532    27.3323    1486.83    1483.59 0.0000e+00
       6496    309.000     7.7999     7.7983   3.619779   3.621229     2.0630 -9.990e-29      98.80 4.9462e-02 0.0000e+00    79.3811    5.37676    35.0367    35.0539    27.3329    1486.84    1483.60 0.0000e+00
