_data/ctd/2022603/sta0215.cnv
* Sea-Bird SBE 9 Data File:
* FileName = C:\Seabird\CTDData\sta0215.hex
* Software Version Seasave V 7.21f
* Temperature SN = 6264
* Conductivity SN = 4928
* Number of Bytes Per Scan = 40
* Number of Voltage Words = 5
* Number of Scans Averaged by the Deck Unit = 1
* NMEA Latitude = 61 29.02 N
* NMEA Longitude = 005 25.60 E
* NMEA UTC (Time) = Feb 16 2022 08:24:16
* NMEA baud rate = 4800
** Ship: R/V "Kristine Bonnevie"
** Station: 0215
** Echodepth: 316
** Log: 0941.731
** Wind-Dir/Force: 19 01
** Air-temp (dry): 3.4
** Weather Sky:
** Sea:
# nquan = 19                                
# nvalues = 309                         
# units = specified
# name 0 = scan: Scan Count
# name 1 = prDM: Pressure, Digiquartz [db]
# name 2 = t068C: Temperature [ITS-68, deg C]
# name 3 = t168C: Temperature, 2 [ITS-68, deg C]
# name 4 = c0S/m: Conductivity [S/m]
# name 5 = c1S/m: Conductivity, 2 [S/m]
# name 6 = sbeox0V: Oxygen raw, SBE 43 [V]
# name 7 = flECO-AFL: Fluorescence, WET Labs ECO-AFL/FL [mg/m^3]
# name 8 = altM: Altimeter [m]
# name 9 = par: PAR/Irradiance, Biospherical/Licor
# name 10 = spar: SPAR/Surface Irradiance
# name 11 = CStarTr0: Beam Transmission, WET Labs C-Star [%]
# name 12 = sbeox0ML/L: Oxygen, SBE 43 [ml/l], WS = 2
# name 13 = sal00: Salinity, Practical [PSU]
# name 14 = sal11: Salinity, Practical, 2 [PSU]
# name 15 = sigma-t00: Density [sigma-t, Kg/m^3 ]
# name 16 = svCM: Sound Velocity [Chen-Millero, m/s]
# name 17 = avgsvCM: Average Sound Velocity [Chen-Millero, m/s], minP = 1, minS = 5
# name 18 = flag: flag
# span 0 =        325,       7109       
# span 1 =      2.000,    310.000       
# span 2 =     6.0622,     9.1946       
# span 3 =     6.0565,     9.1930       
# span 4 =   2.522653,   3.662891       
# span 5 =   2.543514,   3.664371       
# span 6 =     1.9954,     2.4411       
# span 7 =    -0.0946,     0.2306       
# span 8 =       8.25,      99.69       
# span 9 = 4.9452e-02, 2.3112e+01       
# span 10 = 6.7955e+01, 7.3908e+01      
# span 11 =    17.2383,    80.8537      
# span 12 =    5.11823,    7.04713      
# span 13 =    24.8341,    35.0124      
# span 14 =    25.0639,    35.0292      
# span 15 =    19.5249,    27.2865      
# span 16 =    1462.22,    1487.52      
# span 17 =    1462.22,    1485.91      
# span 18 = 0.0000e+00, 0.0000e+00      
# interval = decibars: 1                
# start_time = Feb 16 2022 08:24:18 [System UTC, header]
# bad_flag = -9.990e-29
*END*
[from data line 153]
       3766    155.000     8.3072     8.3057   3.640907   3.642354     2.0855    -0.0630      90.77 4.9472e-02 6.9953e+01    80.7751    5.29855    34.8321    34.8490    27.0957    1485.96    1485.29 0.0000e+00
       3787    156.000     8.3041     8.3029   3.640881   3.642314     2.0854    -0.0631      81.54 4.9472e-02 6.9953e+01    80.8039    5.29652    34.8344    34.8508    27.0980    1485.97    1485.30 0.0000e+00
       3808    157.000     8.2996     8.2980   3.640702   3.642134     2.0852    -0.0588      76.24 4.9499e-02 6.9953e+01    80.7733    5.29383    34.8365    34.8533    27.1003    1485.97    1485.30 0.0000e+00
       3829    158.000     8.2986     8.2970   3.640637   3.642075     2.0843 -9.990e-29      99.17 4.9458e-02 6.9953e+01    80.7899    5.29544    34.8363    34.8532    27.1003    1485.98    1485.31 0.0000e+00
       3850    159.000     8.2952     8.2938   3.640469   3.641899     2.0846 -9.990e-29      69.14 4.9483e-02 6.9953e+01    80.7805    5.29997    34.8374    34.8540    27.1017    1485.99    1485.31 0.0000e+00
       3872    160.000     8.2926     8.2911   3.640390   3.641830     2.0844 -9.990e-29      82.98 4.9479e-02 6.9953e+01    80.7901    5.29593    34.8386    34.8555    27.1031    1486.00    1485.31 0.0000e+00
       3894    161.000     8.2927     8.2910   3.640497   3.641934     2.0840 -9.990e-29      90.83 4.9490e-02 6.9953e+01    80.7863    5.29464    34.8392    34.8562    27.1035    1486.01    1485.32 0.0000e+00
       3916    162.000     8.2901     8.2886   3.640431   3.641887     2.0837 -9.990e-29      78.10 4.9490e-02 6.9953e+01    80.7643    5.29505    34.8406    34.8576    27.1050    1486.02    1485.32 0.0000e+00
       3937    163.000     8.2843     8.2829   3.640207   3.641642     2.0832 -9.990e-29      84.82 4.9505e-02 6.9953e+01    80.7713    5.29825    34.8434    34.8601    27.1081    1486.02    1485.33 0.0000e+00
       3959    164.000     8.2801     8.2786   3.640070   3.641508     2.0835 -9.990e-29      79.12 4.9458e-02 6.9953e+01    80.7706    5.29645    34.8457    34.8625    27.1105    1486.03    1485.33 0.0000e+00
       3980    165.000     8.2784     8.2770   3.640027   3.641456     2.0827 -9.990e-29      93.23 4.9512e-02 6.9953e+01    80.7552    5.29061    34.8464    34.8630    27.1114    1486.04    1485.34 0.0000e+00
       4001    166.000     8.2750     8.2737   3.639829   3.641263     2.0819    -0.0602      68.18 4.9483e-02 6.9953e+01    80.7348    5.29179    34.8472    34.8638    27.1125    1486.04    1485.34 0.0000e+00
       4023    167.000     8.2676     8.2663   3.639357   3.640781     2.0815    -0.0763      98.32 4.9471e-02 6.9953e+01    80.7461    5.29224    34.8490    34.8655    27.1151    1486.03    1485.34 0.0000e+00
       4045    168.000     8.2650     8.2634   3.639255   3.640677     2.0811    -0.0834      76.87 4.9492e-02 6.9953e+01    80.7349    5.29211    34.8500    34.8668    27.1162    1486.04    1485.35 0.0000e+00
       4066    169.000     8.2609     8.2596   3.639146   3.640578     2.0806    -0.0572      98.75 4.9464e-02 6.9953e+01    80.7359    5.29135    34.8524    34.8690    27.1188    1486.04    1485.35 0.0000e+00
       4088    170.000     8.2522     8.2509   3.638755   3.640191     2.0801    -0.0599      98.80 4.9483e-02 6.9953e+01    80.7515    5.29143    34.8564    34.8730    27.1232    1486.03    1485.36 0.0000e+00
       4110    171.000     8.2494     8.2479   3.638708   3.640155     2.0797    -0.0558      75.58 4.9505e-02 6.9953e+01    80.7516    5.29060    34.8582    34.8751    27.1251    1486.04    1485.36 0.0000e+00
       4131    172.000     8.2491     8.2475   3.638884   3.640323     2.0790 -9.990e-29      84.15 4.9505e-02 6.9953e+01    80.7302    5.28572    34.8599    34.8768    27.1264    1486.06    1485.36 0.0000e+00
       4153    173.000     8.2470     8.2456   3.638826   3.640268     2.0783 -9.990e-29      79.64 4.9502e-02 6.9953e+01    80.7420    5.28788    34.8609    34.8777    27.1275    1486.07    1485.37 0.0000e+00
       4174    174.000     8.2450     8.2434   3.639055   3.640492     2.0780 -9.990e-29      90.50 4.9485e-02 6.9953e+01    80.7485    5.28794    34.8648    34.8817    27.1309    1486.08    1485.37 0.0000e+00
       4196    175.000     8.2395     8.2381   3.638766   3.640194     2.0775    -0.0612      81.17 4.9496e-02 6.9953e+01    80.6932    5.28755    34.8667    34.8833    27.1332    1486.08    1485.38 0.0000e+00
       4217    176.000     8.2344     8.2330   3.638541   3.639965     2.0769    -0.0861      98.71 4.9477e-02 6.9953e+01    80.6993    5.28726    34.8689    34.8855    27.1357    1486.08    1485.38 0.0000e+00
       4239    177.000     8.2313     8.2299   3.638431   3.639867     2.0769    -0.0641      98.80 4.9477e-02 6.9953e+01    80.6788    5.29235    34.8703    34.8870    27.1373    1486.09    1485.38 0.0000e+00
       4261    178.000     8.2305     8.2289   3.638503   3.639973     2.0766    -0.0600      74.16 4.9483e-02 6.9953e+01    80.6732    5.29013    34.8714    34.8887    27.1383    1486.10    1485.39 0.0000e+00
       4283    179.000     8.2323     8.2310   3.638924   3.640380     2.0763    -0.0572      74.97 4.9496e-02 6.9953e+01    80.7164    5.28762    34.8736    34.8904    27.1398    1486.13    1485.39 0.0000e+00
       4305    180.000     8.2273     8.2259   3.638567   3.640047     2.0760    -0.0577      96.17 4.9485e-02 6.9953e+01    80.7145    5.28934    34.8743    34.8915    27.1411    1486.13    1485.40 0.0000e+00
       4327    181.000     8.2300     8.2285   3.639116   3.640598     2.0756    -0.0610      77.12 4.9496e-02 6.9953e+01    80.7052    5.29015    34.8770    34.8943    27.1428    1486.16    1485.40 0.0000e+00
       4349    182.000     8.2324     8.2310   3.639530   3.640981     2.0758    -0.0600      80.48 4.9490e-02 6.9953e+01    80.6834    5.29324    34.8785    34.8954    27.1436    1486.18    1485.41 0.0000e+00
       4370    183.000     8.2260     8.2248   3.639010   3.640426     2.0758    -0.0895      79.88 4.9485e-02 6.9953e+01    80.6789    5.29442    34.8789    34.8952    27.1448    1486.18    1485.41 0.0000e+00
       4392    184.000     8.2151     8.2140   3.638271   3.639711     2.0758    -0.0710      88.78 4.9502e-02 6.9953e+01    80.6734    5.29460    34.8813    34.8978    27.1484    1486.15    1485.41 0.0000e+00
       4413    185.000     8.2098     8.2084   3.637909   3.639335     2.0756 -9.990e-29      85.16 4.9499e-02 6.9953e+01    80.6814    5.29620    34.8822    34.8988    27.1499    1486.15    1485.42 0.0000e+00
       4435    186.000     8.2088     8.2071   3.638012   3.639463     2.0756 -9.990e-29      98.87 4.9477e-02 6.9953e+01    80.6598    5.29651    34.8838    34.9010    27.1514    1486.17    1485.42 0.0000e+00
       4456    187.000     8.2103     8.2087   3.638387   3.639822     2.0756 -9.990e-29      98.80 4.9485e-02 6.9953e+01    80.6776    5.29244    34.8859    34.9028    27.1527    1486.19    1485.43 0.0000e+00
       4478    188.000     8.2095     8.2080   3.638436   3.639872     2.0746 -9.990e-29      76.24 4.9502e-02 6.9953e+01    80.6824    5.28233    34.8867    34.9035    27.1535    1486.21    1485.43 0.0000e+00
       4499    189.000     8.2037     8.2026   3.637987   3.639430     2.0735    -0.0588      98.74 4.9483e-02 6.9953e+01    80.6780    5.28066    34.8872    34.9037    27.1548    1486.20    1485.43 0.0000e+00
       4521    190.000     8.1947     8.1938   3.637251   3.638679     2.0727    -0.0763      98.80 4.9492e-02 6.9953e+01    80.6713    5.28420    34.8878    34.9039    27.1566    1486.18    1485.44 0.0000e+00
       4543    191.000     8.1866     8.1853   3.636625   3.638052     2.0722    -0.0821      85.11 4.9470e-02 6.9953e+01    80.6461    5.28666    34.8887    34.9052    27.1585    1486.17    1485.44 0.0000e+00
       4564    192.000     8.1830     8.1814   3.636373   3.637789     2.0718    -0.0702      78.66 4.9496e-02 6.9953e+01    80.6452    5.28479    34.8891    34.9058    27.1594    1486.18    1485.45 0.0000e+00
       4586    193.000     8.1806     8.1790   3.636350   3.637777     2.0709    -0.0943      76.94 4.9492e-02 6.9953e+01    80.6611    5.27624    34.8907    34.9075    27.1611    1486.18    1485.45 0.0000e+00
       4607    194.000     8.1803     8.1788   3.636431   3.637858     2.0696    -0.0946      90.07 4.9490e-02 6.9953e+01    80.6829    5.26710    34.8914    34.9081    27.1616    1486.20    1485.45 0.0000e+00
       4629    195.000     8.1737     8.1727   3.635997   3.637434     2.0681    -0.0710      86.00 4.9483e-02 6.9953e+01    80.6759    5.26475    34.8928    34.9092    27.1638    1486.19    1485.46 0.0000e+00
       4651    196.000     8.1687     8.1672   3.635877   3.637312     2.0663    -0.0630      57.72 4.9472e-02 6.9953e+01    80.6651    5.25865    34.8960    34.9129    27.1670    1486.20    1485.46 0.0000e+00
       4673    197.000     8.1688     8.1673   3.636097   3.637546     2.0650    -0.0625      98.27 4.9481e-02 6.9953e+01    80.6939    5.26070    34.8978    34.9148    27.1684    1486.21    1485.46 0.0000e+00
       4695    198.000     8.1656     8.1641   3.636049   3.637487     2.0640    -0.0621      80.07 4.9508e-02 6.9953e+01    80.6653    5.25514    34.9000    34.9168    27.1706    1486.22    1485.47 0.0000e+00
       4717    199.000     8.1577     8.1567   3.635485   3.636906     2.0625 -9.990e-29      56.03 4.9485e-02 -9.990e-29    80.6519    5.25040    34.9013    34.9175    27.1729    1486.21    1485.47 0.0000e+00
       4739    200.000     8.1485     8.1473   3.634980   3.636418     2.0610 -9.990e-29      97.57 4.9490e-02 -9.990e-29    80.6495    5.24956    34.9046    34.9212    27.1768    1486.20    1485.48 0.0000e+00
       4760    201.000     8.1426     8.1414   3.634747   3.636190     2.0602 -9.990e-29      79.96 4.9521e-02 -9.990e-29    80.6760    5.25190    34.9075    34.9241    27.1800    1486.19    1485.48 0.0000e+00
       4782    202.000     8.1293     8.1287   3.633600   3.635011     2.0591 -9.990e-29      76.45 4.9471e-02 -9.990e-29    80.6739    5.24529    34.9080    34.9236    27.1824    1486.16    1485.48 0.0000e+00
       4804    203.000     8.1129     8.1121   3.632210   3.633641     2.0573 -9.990e-29      82.56 4.9525e-02 -9.990e-29    80.6347    5.24058    34.9089    34.9250    27.1856    1486.12    1485.49 0.0000e+00
       4826    204.000     8.1007     8.0999   3.631386   3.632818     2.0562 -9.990e-29      89.08 4.9508e-02 -9.990e-29    80.6478    5.24107    34.9117    34.9279    27.1897    1486.09    1485.49 0.0000e+00
       4848    205.000     8.0944     8.0930   3.631142   3.632580     2.0546 -9.990e-29      90.88 4.9483e-02 -9.990e-29    80.6964    5.22834    34.9149    34.9317    27.1931    1486.09    1485.49 0.0000e+00
       4870    206.000     8.0911     8.0897   3.631107   3.632531     2.0522 -9.990e-29      98.86 4.9496e-02 -9.990e-29    80.7312    5.21237    34.9173    34.9340    27.1955    1486.09    1485.49 0.0000e+00
       4892    207.000     8.0877     8.0865   3.631109   3.632534     2.0490    -0.0708      96.13 4.9477e-02 -9.990e-29    80.7660    5.19778    34.9203    34.9367    27.1983    1486.10    1485.50 0.0000e+00
       4914    208.000     8.0860     8.0844   3.631140   3.632569     2.0459    -0.0682      84.20 4.9483e-02 -9.990e-29    80.7582    5.19009    34.9218    34.9387    27.1998    1486.11    1485.50 0.0000e+00
       4936    209.000     8.0850     8.0837   3.631148   3.632573     2.0429    -0.0599      49.90 4.9477e-02 -9.990e-29    80.7592    5.18757    34.9224    34.9390    27.2004    1486.13    1485.50 0.0000e+00
       4958    210.000     8.0808     8.0794   3.631103   3.632535     2.0411    -0.0615      99.38 4.9494e-02 -9.990e-29    80.7553    5.19437    34.9256    34.9424    27.2036    1486.13    1485.51 0.0000e+00
       4981    211.000     8.0787     8.0773   3.631127   3.632569     2.0399    -0.0582      82.40 4.9470e-02 -9.990e-29    80.7741    5.19179    34.9275    34.9443    27.2054    1486.14    1485.51 0.0000e+00
       5003    212.000     8.0755     8.0741   3.631153   3.632583     2.0383    -0.0572      57.01 4.9477e-02 7.0468e+01    80.7935    5.18261    34.9305    34.9472    27.2082    1486.15    1485.51 0.0000e+00
       5025    213.000     8.0677     8.0667   3.631064   3.632493     2.0362    -0.0571      91.38 4.9471e-02 7.0933e+01    80.7942    5.18430    34.9368    34.9531    27.2143    1486.15    1485.52 0.0000e+00
       5047    214.000     8.0645     8.0631   3.631075   3.632505     2.0358    -0.0586      84.95 4.9496e-02 7.1344e+01    80.7858    5.18675    34.9396    34.9563    27.2170    1486.15    1485.52 0.0000e+00
       5069    215.000     8.0626     8.0612   3.631066   3.632494     2.0343    -0.0627      75.97 4.9496e-02 7.1284e+01    80.8020    5.17966    34.9409    34.9576    27.2184    1486.16    1485.52 0.0000e+00
       5090    216.000     8.0589     8.0577   3.631014   3.632445     2.0333    -0.0709      75.15 4.9496e-02 7.1041e+01    80.7826    5.17904    34.9436    34.9601    27.2210    1486.17    1485.52 0.0000e+00
       5112    217.000     8.0557     8.0544   3.631085   3.632516     2.0321    -0.0865      91.53 4.9471e-02 7.1227e+01    80.7832    5.17757    34.9471    34.9637    27.2242    1486.18    1485.53 0.0000e+00
       5134    218.000     8.0535     8.0522   3.631166   3.632606     2.0316    -0.0601      85.19 4.9477e-02 7.1289e+01    80.7900    5.18128    34.9496    34.9664    27.2266    1486.19    1485.53 0.0000e+00
       5156    219.000     8.0506     8.0494   3.631158   3.632597     2.0308    -0.0586      52.75 4.9514e-02 7.1636e+01    80.7822    5.17526    34.9520    34.9686    27.2288    1486.20    1485.53 0.0000e+00
       5178    220.000     8.0472     8.0459   3.631055   3.632483     2.0299    -0.0635      98.40 4.9492e-02 7.1236e+01    80.7559    5.17629    34.9538    34.9704    27.2308    1486.21    1485.54 0.0000e+00
       5199    221.000     8.0453     8.0438   3.631088   3.632520     2.0295    -0.0664      85.19 4.9508e-02 7.1658e+01    80.7468    5.18059    34.9555    34.9724    27.2324    1486.22    1485.54 0.0000e+00
       5221    222.000     8.0455     8.0439   3.631244   3.632674     2.0293    -0.0642      44.12 4.9490e-02 -9.990e-29    80.7421    5.18095    34.9565    34.9734    27.2332    1486.23    1485.54 0.0000e+00
       5243    223.000     8.0446     8.0432   3.631334   3.632761     2.0291    -0.0630      99.05 4.9499e-02 -9.990e-29    80.7671    5.17891    34.9579    34.9746    27.2344    1486.25    1485.55 0.0000e+00
       5265    224.000     8.0349     8.0338   3.631211   3.632639     2.0283    -0.0617      85.82 4.9470e-02 -9.990e-29    80.7326    5.17373    34.9658    34.9822    27.2420    1486.24    1485.55 0.0000e+00
       5287    225.000     8.0327     8.0312   3.631250   3.632686     2.0278    -0.0610      68.63 4.9502e-02 -9.990e-29    80.7218    5.17570    34.9679    34.9848    27.2440    1486.25    1485.55 0.0000e+00
       5309    226.000     8.0323     8.0308   3.631320   3.632746     2.0274    -0.0645      78.49 4.9496e-02 7.1952e+01    80.7363    5.17680    34.9686    34.9853    27.2446    1486.27    1485.56 0.0000e+00
       5331    227.000     8.0297     8.0284   3.631341   3.632783     2.0270    -0.0614      91.59 4.9477e-02 7.1952e+01    80.7392    5.17658    34.9709    34.9877    27.2469    1486.28    1485.56 0.0000e+00
       5352    228.000     8.0282     8.0268   3.631383   3.632811     2.0267    -0.0641      82.21 4.9485e-02 7.1952e+01    80.6997    5.17550    34.9724    34.9891    27.2482    1486.29    1485.56 0.0000e+00
       5374    229.000     8.0263     8.0249   3.631488   3.632920     2.0262    -0.0596      50.32 4.9483e-02 7.1952e+01    80.6770    5.17726    34.9749    34.9916    27.2505    1486.30    1485.57 0.0000e+00
