_data/ctd/2022603/sta0209.cnv
* Sea-Bird SBE 9 Data File:
* FileName = C:\Seabird\CTDData\sta0209.hex
* Software Version Seasave V 7.21f
* Temperature SN = 6264
* Conductivity SN = 4928
* Number of Bytes Per Scan = 40
* Number of Voltage Words = 5
* Number of Scans Averaged by the Deck Unit = 1
* NMEA Latitude = 61 27.11 N
* NMEA Longitude = 005 32.49 E
* NMEA UTC (Time) = Feb 16 2022 00:11:49
* NMEA baud rate = 4800
** Ship: R/V "Kristine Bonnevie"
** Station: 0209
** Echodepth: 412
** Log: 0910.373
** Wind-Dir/Force: 91 13
** Air-temp (dry): 3.7
** Weather Sky:
** Sea:
# nquan = 19                                
# nvalues = 409                         
# units = specified
# name 0 = scan: Scan Count
# name 1 = prDM: Pressure, Digiquartz [db]
# name 2 = t068C: Temperature [ITS-68, deg C]
# name 3 = t168C: Temperature, 2 [ITS-68, deg C]
# name 4 = c0S/m: Conductivity [S/m]
# name 5 = c1S/m: Conductivity, 2 [S/m]
# name 6 = sbeox0V: Oxygen raw, SBE 43 [V]
# name 7 = flECO-AFL: Fluorescence, WET Labs ECO-AFL/FL [mg/m^3]
# name 8 = altM: Altimeter [m]
# name 9 = par: PAR/Irradiance, Biospherical/Licor
# name 10 = spar: SPAR/Surface Irradiance
# name 11 = CStarTr0: Beam Transmission, WET Labs C-Star [%]
# name 12 = sbeox0ML/L: Oxygen, SBE 43 [ml/l], WS = 2
# name 13 = sal00: Salinity, Practical [PSU]
# name 14 = sal11: Salinity, Practical, 2 [PSU]
# name 15 = sigma-t00: Density [sigma-t, Kg/m^3 ]
# name 16 = svCM: Sound Velocity [Chen-Millero, m/s]
# name 17 = avgsvCM: Average Sound Velocity [Chen-Millero, m/s], minP = 1, minS = 5
# name 18 = flag: flag
# span 0 =        192,       8841       
# span 1 =      1.000,    409.000       
# span 2 =     4.4827,     9.6445       
# span 3 =     4.4202,     9.6312       
# span 4 =   2.002573,   3.669521       
# span 5 =   1.981860,   3.671017       
# span 6 =     1.7250,     2.4980       
# span 7 =    -0.0765,     0.3032       
# span 8 =       6.04,      98.82       
# span 9 = 4.9439e-02, 7.5667e-01       
# span 10 = 0.0000e+00, 0.0000e+00      
# span 11 =    64.7000,    81.4237      
# span 12 =    4.04489,    7.79538      
# span 13 =    20.2214,    34.7501      
# span 14 =    20.0313,    34.7668      
# span 15 =    16.0199,    27.0210      
# span 16 =    1449.76,    1490.30      
# span 17 =    1449.76,    1486.91      
# span 18 = 0.0000e+00, 0.0000e+00      
# interval = decibars: 1                
# start_time = Feb 16 2022 00:11:51 [System UTC, header]
# bad_flag = -9.990e-29
*END*
[from data line 153]
       3564    154.000     8.3209     8.3190   3.631486   3.632875     1.7624 -9.990e-29      98.78 4.9501e-02 0.0000e+00    81.2623    4.23183    34.7187    34.7354    27.0046    1485.86    1484.97 0.0000e+00
       3584    155.000     8.3211     8.3193   3.631575   3.632978     1.7628 -9.990e-29      98.78 4.9516e-02 0.0000e+00    81.2335    4.22948    34.7190    34.7357    27.0048    1485.87    1484.97 0.0000e+00
       3604    156.000     8.3211     8.3193   3.631663   3.633059     1.7631 -9.990e-29      98.78 4.9492e-02 0.0000e+00    81.2441    4.23148    34.7194    34.7361    27.0052    1485.89    1484.98 0.0000e+00
       3624    157.000     8.3222     8.3203   3.631854   3.633249     1.7636 -9.990e-29      98.78 4.9536e-02 0.0000e+00    81.2370    4.23649    34.7199    34.7366    27.0054    1485.91    1484.99 0.0000e+00
       3645    158.000     8.3221     8.3203   3.631910   3.633304     1.7642 -9.990e-29      98.78 4.9515e-02 0.0000e+00    81.2326    4.23590    34.7201    34.7367    27.0056    1485.93    1484.99 0.0000e+00
       3665    159.000     8.3224     8.3206   3.632016   3.633409     1.7645 -9.990e-29      98.78 4.9518e-02 0.0000e+00    81.2382    4.23939    34.7205    34.7371    27.0058    1485.95    1485.00 0.0000e+00
       3685    160.000     8.3224     8.3206   3.632090   3.633488     1.7652 -9.990e-29      98.78 4.9488e-02 0.0000e+00    81.2104    4.24102    34.7208    34.7374    27.0060    1485.96    1485.00 0.0000e+00
       3706    161.000     8.3219     8.3202   3.632102   3.633502     1.7655 -9.990e-29      98.78 4.9473e-02 0.0000e+00    81.1983    4.24119    34.7209    34.7375    27.0062    1485.98    1485.01 0.0000e+00
       3726    162.000     8.3220     8.3202   3.632165   3.633567     1.7658 -9.990e-29      98.78 4.9492e-02 0.0000e+00    81.1886    4.24506    34.7210    34.7377    27.0063    1485.99    1485.02 0.0000e+00
       3747    163.000     8.3220     8.3202   3.632210   3.633599     1.7664 -9.990e-29      98.78 4.9512e-02 0.0000e+00    81.1881    4.24685    34.7210    34.7376    27.0063    1486.01    1485.02 0.0000e+00
       3768    164.000     8.3218     8.3200   3.632239   3.633639     1.7667 -9.990e-29      98.78 4.9508e-02 0.0000e+00    81.2086    4.24784    34.7210    34.7377    27.0063    1486.03    1485.03 0.0000e+00
       3788    165.000     8.3216     8.3198   3.632294   3.633698     1.7672 -9.990e-29      98.78 4.9485e-02 0.0000e+00    81.2016    4.25313    34.7213    34.7381    27.0066    1486.04    1485.03 0.0000e+00
       3809    166.000     8.3221     8.3203   3.632405   3.633805     1.7679    -0.0564      98.78 4.9516e-02 0.0000e+00    81.1813    4.25538    34.7215    34.7382    27.0067    1486.06    1485.04 0.0000e+00
       3829    167.000     8.3225     8.3207   3.632485   3.633890     1.7684    -0.0558      98.78 4.9505e-02 0.0000e+00    81.2247    4.25723    34.7215    34.7383    27.0066    1486.08    1485.05 0.0000e+00
       3850    168.000     8.3229     8.3211   3.632572   3.633976     1.7691    -0.0558      98.78 4.9499e-02 0.0000e+00    81.2474    4.25641    34.7216    34.7383    27.0066    1486.10    1485.05 0.0000e+00
       3870    169.000     8.3231     8.3213   3.632665   3.634071     1.7691    -0.0558      98.78 4.9502e-02 0.0000e+00    81.2457    4.25512    34.7219    34.7386    27.0068    1486.12    1485.06 0.0000e+00
       3891    170.000     8.3235     8.3217   3.632785   3.634197     1.7692    -0.0558      98.78 4.9531e-02 0.0000e+00    81.2170    4.25582    34.7223    34.7391    27.0071    1486.13    1485.06 0.0000e+00
       3911    171.000     8.3244     8.3224   3.632954   3.634360     1.7693 -9.990e-29      98.78 4.9495e-02 0.0000e+00    81.2084    4.25795    34.7227    34.7397    27.0073    1486.15    1485.07 0.0000e+00
       3932    172.000     8.3245     8.3228   3.633041   3.634446     1.7698 -9.990e-29      98.78 4.9525e-02 0.0000e+00    81.2145    4.26334    34.7231    34.7397    27.0075    1486.17    1485.08 0.0000e+00
       3953    173.000     8.3247     8.3230   3.633125   3.634529     1.7702 -9.990e-29      98.78 4.9501e-02 0.0000e+00    81.1939    4.26188    34.7233    34.7399    27.0077    1486.19    1485.08 0.0000e+00
       3973    174.000     8.3254     8.3235   3.633257   3.634642     1.7702 -9.990e-29      98.78 4.9505e-02 0.0000e+00    81.1750    4.26223    34.7235    34.7401    27.0077    1486.21    1485.09 0.0000e+00
       3994    175.000     8.3256     8.3238   3.633327   3.634731     1.7707 -9.990e-29      98.78 4.9530e-02 0.0000e+00    81.1714    4.26480    34.7236    34.7403    27.0078    1486.23    1485.10 0.0000e+00
       4014    176.000     8.3255     8.3239   3.633371   3.634782     1.7707 -9.990e-29      98.78 4.9518e-02 0.0000e+00    81.1610    4.26492    34.7237    34.7403    27.0078    1486.24    1485.10 0.0000e+00
       4035    177.000     8.3251     8.3233   3.633371   3.634762     1.7710 -9.990e-29      98.78 4.9518e-02 0.0000e+00    81.1306    4.26924    34.7236    34.7402    27.0078    1486.26    1485.11 0.0000e+00
       4056    178.000     8.3245     8.3228   3.633372   3.634784     1.7714 -9.990e-29      98.78 4.9538e-02 0.0000e+00    81.1023    4.26881    34.7237    34.7404    27.0080    1486.27    1485.12 0.0000e+00
       4077    179.000     8.3250     8.3232   3.633476   3.634885     1.7717 -9.990e-29      98.78 4.9508e-02 0.0000e+00    81.1405    4.26958    34.7239    34.7406    27.0081    1486.29    1485.12 0.0000e+00
       4097    180.000     8.3251     8.3232   3.633548   3.634954     1.7718 -9.990e-29      98.78 4.9512e-02 0.0000e+00    81.1510    4.27242    34.7241    34.7409    27.0082    1486.31    1485.13 0.0000e+00
       4118    181.000     8.3252     8.3234   3.633614   3.635022     1.7723 -9.990e-29      98.78 4.9505e-02 0.0000e+00    81.1522    4.27493    34.7242    34.7409    27.0083    1486.32    1485.14 0.0000e+00
       4139    182.000     8.3254     8.3236   3.633691   3.635094     1.7725 -9.990e-29      98.79 4.9518e-02 0.0000e+00    81.1603    4.27503    34.7243    34.7410    27.0084    1486.34    1485.14 0.0000e+00
       4160    183.000     8.3256     8.3239   3.633775   3.635180     1.7729 -9.990e-29      98.78 4.9505e-02 0.0000e+00    81.1776    4.27832    34.7245    34.7412    27.0085    1486.36    1485.15 0.0000e+00
       4181    184.000     8.3258     8.3241   3.633855   3.635261     1.7733 -9.990e-29      98.78 4.9492e-02 0.0000e+00    81.1699    4.28004    34.7247    34.7414    27.0086    1486.38    1485.16 0.0000e+00
       4201    185.000     8.3261     8.3243   3.633945   3.635347     1.7736    -0.0531      98.78 4.9515e-02 0.0000e+00    81.1702    4.27935    34.7249    34.7416    27.0087    1486.39    1485.16 0.0000e+00
       4222    186.000     8.3264     8.3246   3.634023   3.635439     1.7736    -0.0749      98.79 4.9505e-02 0.0000e+00    81.1601    4.27694    34.7250    34.7418    27.0087    1486.41    1485.17 0.0000e+00
       4243    187.000     8.3266     8.3248   3.634105   3.635513     1.7738    -0.0557      98.78 4.9485e-02 0.0000e+00    81.1729    4.28171    34.7252    34.7419    27.0088    1486.43    1485.18 0.0000e+00
       4264    188.000     8.3268     8.3250   3.634182   3.635586     1.7739    -0.0515      98.78 4.9505e-02 0.0000e+00    81.1468    4.28118    34.7253    34.7420    27.0089    1486.45    1485.18 0.0000e+00
       4285    189.000     8.3269     8.3251   3.634249   3.635660     1.7742    -0.0563      98.78 4.9509e-02 0.0000e+00    81.1405    4.28616    34.7254    34.7422    27.0090    1486.46    1485.19 0.0000e+00
       4305    190.000     8.3271     8.3253   3.634316   3.635722     1.7748    -0.0641      98.78 4.9512e-02 0.0000e+00    81.1498    4.29057    34.7255    34.7422    27.0090    1486.48    1485.20 0.0000e+00
       4326    191.000     8.3272     8.3254   3.634383   3.635792     1.7751 -9.990e-29      98.78 4.9505e-02 0.0000e+00    81.1330    4.28899    34.7256    34.7424    27.0091    1486.50    1485.20 0.0000e+00
       4346    192.000     8.3272     8.3255   3.634432   3.635839     1.7756 -9.990e-29      98.78 4.9515e-02 0.0000e+00    81.1396    4.28884    34.7257    34.7423    27.0091    1486.51    1485.21 0.0000e+00
       4367    193.000     8.3273     8.3256   3.634500   3.635907     1.7754 -9.990e-29      98.78 4.9492e-02 0.0000e+00    81.1305    4.28622    34.7258    34.7424    27.0092    1486.53    1485.22 0.0000e+00
       4388    194.000     8.3275     8.3258   3.634576   3.635988     1.7754 -9.990e-29      98.78 4.9479e-02 0.0000e+00    81.1344    4.28697    34.7259    34.7426    27.0093    1486.55    1485.22 0.0000e+00
       4409    195.000     8.3276     8.3259   3.634645   3.636057     1.7753 -9.990e-29      98.78 4.9512e-02 0.0000e+00    81.1345    4.28742    34.7261    34.7428    27.0094    1486.56    1485.23 0.0000e+00
       4430    196.000     8.3277     8.3259   3.634711   3.636118     1.7753 -9.990e-29      98.78 4.9473e-02 0.0000e+00    81.1149    4.28875    34.7262    34.7430    27.0095    1486.58    1485.24 0.0000e+00
       4451    197.000     8.3278     8.3260   3.634769   3.636180     1.7754 -9.990e-29      98.78 4.9492e-02 0.0000e+00    81.1166    4.29028    34.7263    34.7430    27.0095    1486.60    1485.24 0.0000e+00
       4472    198.000     8.3279     8.3262   3.634835   3.636252     1.7754 -9.990e-29      98.78 4.9545e-02 0.0000e+00    81.1180    4.29229    34.7264    34.7431    27.0096    1486.62    1485.25 0.0000e+00
       4493    199.000     8.3281     8.3263   3.634915   3.636326     1.7760 -9.990e-29      98.78 4.9518e-02 0.0000e+00    81.1108    4.29721    34.7266    34.7433    27.0097    1486.63    1485.26 0.0000e+00
       4514    200.000     8.3282     8.3265   3.634980   3.636388     1.7761 -9.990e-29      98.79 4.9483e-02 0.0000e+00    81.1217    4.29726    34.7267    34.7433    27.0098    1486.65    1485.27 0.0000e+00
       4536    201.000     8.3284     8.3267   3.635048   3.636464     1.7766 -9.990e-29      98.78 4.9518e-02 0.0000e+00    81.1147    4.30009    34.7267    34.7435    27.0098    1486.67    1485.27 0.0000e+00
       4557    202.000     8.3285     8.3268   3.635119   3.636530     1.7769 -9.990e-29      98.78 4.9505e-02 0.0000e+00    81.1218    4.30006    34.7269    34.7436    27.0099    1486.68    1485.28 0.0000e+00
       4578    203.000     8.3288     8.3270   3.635196   3.636596     1.7771 -9.990e-29      98.78 4.9545e-02 0.0000e+00    81.1054    4.30210    34.7270    34.7436    27.0099    1486.70    1485.29 0.0000e+00
       4599    204.000     8.3289     8.3272   3.635276   3.636685     1.7777 -9.990e-29      98.78 4.9532e-02 0.0000e+00    81.1084    4.30450    34.7272    34.7439    27.0101    1486.72    1485.29 0.0000e+00
       4620    205.000     8.3292     8.3274   3.635352   3.636759     1.7777 -9.990e-29      98.78 4.9512e-02 0.0000e+00    81.1105    4.30217    34.7273    34.7440    27.0101    1486.74    1485.30 0.0000e+00
       4641    206.000     8.3293     8.3276   3.635423   3.636831     1.7777 -9.990e-29      98.78 4.9518e-02 0.0000e+00    81.0943    4.30064    34.7274    34.7441    27.0102    1486.75    1485.31 0.0000e+00
       4662    207.000     8.3294     8.3276   3.635492   3.636896     1.7777 -9.990e-29      98.78 4.9492e-02 0.0000e+00    81.1098    4.30509    34.7276    34.7443    27.0103    1486.77    1485.31 0.0000e+00
       4683    208.000     8.3295     8.3278   3.635540   3.636948     1.7780 -9.990e-29      98.78 4.9499e-02 0.0000e+00    81.0924    4.31036    34.7275    34.7442    27.0102    1486.79    1485.32 0.0000e+00
       4704    209.000     8.3297     8.3279   3.635613   3.637030     1.7787    -0.0536      98.78 4.9492e-02 0.0000e+00    81.1003    4.31076    34.7276    34.7445    27.0103    1486.81    1485.33 0.0000e+00
       4725    210.000     8.3299     8.3281   3.635688   3.637097     1.7788    -0.0558      98.78 4.9505e-02 0.0000e+00    81.1005    4.31068    34.7278    34.7445    27.0104    1486.82    1485.34 0.0000e+00
       4746    211.000     8.3301     8.3283   3.635771   3.637177     1.7790    -0.0765      98.78 4.9490e-02 0.0000e+00    81.0843    4.31004    34.7280    34.7447    27.0105    1486.84    1485.34 0.0000e+00
       4768    212.000     8.3304     8.3286   3.635855   3.637268     1.7792    -0.0541      98.78 4.9518e-02 0.0000e+00    81.0650    4.31038    34.7281    34.7449    27.0105    1486.86    1485.35 0.0000e+00
       4789    213.000     8.3304     8.3287   3.635910   3.637323     1.7790    -0.0533      98.78 4.9485e-02 0.0000e+00    81.0738    4.31059    34.7282    34.7449    27.0106    1486.87    1485.36 0.0000e+00
       4810    214.000     8.3306     8.3288   3.635980   3.637396     1.7793    -0.0558      98.78 4.9512e-02 0.0000e+00    81.0695    4.31270    34.7283    34.7451    27.0107    1486.89    1485.36 0.0000e+00
       4832    215.000     8.3308     8.3290   3.636043   3.637458     1.7793 -9.990e-29      98.78 4.9496e-02 0.0000e+00    81.0729    4.30917    34.7283    34.7451    27.0106    1486.91    1485.37 0.0000e+00
       4853    216.000     8.3309     8.3292   3.636122   3.637530     1.7791 -9.990e-29      98.78 4.9499e-02 0.0000e+00    81.0765    4.31535    34.7285    34.7452    27.0108    1486.93    1485.38 0.0000e+00
       4874    217.000     8.3310     8.3293   3.636184   3.637595     1.7796 -9.990e-29      98.78 4.9525e-02 0.0000e+00    81.0831    4.32045    34.7286    34.7453    27.0109    1486.94    1485.39 0.0000e+00
       4895    218.000     8.3312     8.3294   3.636246   3.637661     1.7802 -9.990e-29      98.78 4.9499e-02 0.0000e+00    81.0628    4.31888    34.7286    34.7454    27.0108    1486.96    1485.39 0.0000e+00
       4916    219.000     8.3313     8.3295   3.636311   3.637718     1.7799 -9.990e-29      98.78 4.9499e-02 0.0000e+00    81.0527    4.31496    34.7287    34.7455    27.0109    1486.98    1485.40 0.0000e+00
       4937    220.000     8.3313     8.3296   3.636369   3.637779     1.7802 -9.990e-29      98.78 4.9512e-02 0.0000e+00    81.0672    4.31953    34.7289    34.7455    27.0110    1486.99    1485.41 0.0000e+00
       4957    221.000     8.3316     8.3298   3.636457   3.637860     1.7801 -9.990e-29      98.78 4.9502e-02 0.0000e+00    81.0482    4.31902    34.7290    34.7457    27.0111    1487.01    1485.41 0.0000e+00
       4978    222.000     8.3318     8.3300   3.636524   3.637938     1.7804 -9.990e-29      98.78 4.9512e-02 0.0000e+00    81.0593    4.32240    34.7291    34.7459    27.0111    1487.03    1485.42 0.0000e+00
       4999    223.000     8.3320     8.3302   3.636607   3.638012     1.7806 -9.990e-29      98.78 4.9498e-02 0.0000e+00    81.0488    4.32122    34.7293    34.7460    27.0112    1487.05    1485.43 0.0000e+00
       5020    224.000     8.3322     8.3305   3.636687   3.638097     1.7807 -9.990e-29      98.78 4.9492e-02 0.0000e+00    81.0551    4.32498    34.7294    34.7461    27.0113    1487.06    1485.44 0.0000e+00
       5041    225.000     8.3322     8.3305   3.636744   3.638154     1.7810 -9.990e-29      98.78 4.9512e-02 0.0000e+00    81.0537    4.32717    34.7296    34.7462    27.0114    1487.08    1485.44 0.0000e+00
       5062    226.000     8.3324     8.3306   3.636796   3.638218     1.7814 -9.990e-29      98.78 4.9494e-02 0.0000e+00    81.0669    4.32864    34.7295    34.7464    27.0113    1487.10    1485.45 0.0000e+00
       5082    227.000     8.3324     8.3307   3.636866   3.638271     1.7817 -9.990e-29      98.78 4.9525e-02 0.0000e+00    81.0499    4.33187    34.7297    34.7463    27.0115    1487.11    1485.46 0.0000e+00
       5103    228.000     8.3326     8.3309   3.636935   3.638344     1.7822    -0.0464      98.78 4.9479e-02 0.0000e+00    81.0584    4.33218    34.7298    34.7464    27.0115    1487.13    1485.47 0.0000e+00
