_data/ctd/2022603/sta0215.cnv
* Sea-Bird SBE 9 Data File:
* FileName = C:\Seabird\CTDData\sta0215.hex
* Software Version Seasave V 7.21f
* Temperature SN = 6264
* Conductivity SN = 4928
* Number of Bytes Per Scan = 40
* Number of Voltage Words = 5
* Number of Scans Averaged by the Deck Unit = 1
* NMEA Latitude = 61 29.02 N
* NMEA Longitude = 005 25.60 E
* NMEA UTC (Time) = Feb 16 2022 08:24:16
* NMEA baud rate = 4800
** Ship: R/V "Kristine Bonnevie"
** Station: 0215
** Echodepth: 316
** Log: 0941.731
** Wind-Dir/Force: 19 01
** Air-temp (dry): 3.4
** Weather Sky:
** Sea:
# nquan = 19                                
# nvalues = 309                         
# units = specified
# name 0 = scan: Scan Count
# name 1 = prDM: Pressure, Digiquartz [db]
# name 2 = t068C: Temperature [ITS-68, deg C]
# name 3 = t168C: Temperature, 2 [ITS-68, deg C]
# name 4 = c0S/m: Conductivity [S/m]
# name 5 = c1S/m: Conductivity, 2 [S/m]
# name 6 = sbeox0V: Oxygen raw, SBE 43 [V]
# name 7 = flECO-AFL: Fluorescence, WET Labs ECO-AFL/FL [mg/m^3]
# name 8 = altM: Altimeter [m]
# name 9 = par: PAR/Irradiance, Biospherical/Licor
# name 10 = spar: SPAR/Surface Irradiance
# name 11 = CStarTr0: Beam Transmission, WET Labs C-Star [%]
# name 12 = sbeox0ML/L: Oxygen, SBE 43 [ml/l], WS = 2
# name 13 = sal00: Salinity, Practical [PSU]
# name 14 = sal11: Salinity, Practical, 2 [PSU]
# name 15 = sigma-t00: Density [sigma-t, Kg/m^3 ]
# name 16 = svCM: Sound Velocity [Chen-Millero, m/s]
# name 17 = avgsvCM: Average Sound Velocity [Chen-Millero, m/s], minP = 1, minS = 5
# name 18 = flag: flag
# span 0 =        325,       7109       
# span 1 =      2.000,    310.000       
# span 2 =     6.0622,     9.1946       
# span 3 =     6.0565,     9.1930       
# span 4 =   2.522653,   3.662891       
# span 5 =   2.543514,   3.664371       
# span 6 =     1.9954,     2.4411       
# span 7 =    -0.0946,     0.2306       
# span 8 =       8.25,      99.69       
# span 9 = 4.9452e-02, 2.3112e+01       
# span 10 = 6.7955e+01, 7.3908e+01      
# span 11 =    17.2383,    80.8537      
# span 12 =    5.11823,    7.04713      
# span 13 =    24.8341,    35.0124      
# span 14 =    25.0639,    35.0292      
# span 15 =    19.5249,    27.2865      
# span 16 =    1462.22,    1487.52      
# span 17 =    1462.22,    1485.91      
# span 18 = 0.0000e+00, 0.0000e+00      
# interval = decibars: 1                
# start_time = Feb 16 2022 08:24:18 [System UTC, header]
# bad_flag = -9.990e-29
*END*
[from data line 229]
       5417    231.000     8.0246     8.0231   3.631924   3.633360     2.0257 -9.990e-29      88.70 4.9508e-02 7.1952e+01    80.6362    5.17559    34.9803    34.9972    27.2550    1486.33    1485.57 0.0000e+00
       5439    232.000     8.0239     8.0224   3.631986   3.633418     2.0254 -9.990e-29      34.47 4.9499e-02 7.1952e+01    80.5793    5.17819    34.9812    34.9980    27.2558    1486.35    1485.58 0.0000e+00
       5460    233.000     8.0234     8.0218   3.632037   3.633469     2.0253 -9.990e-29      98.93 4.9471e-02 7.1952e+01    80.4793    5.17707    34.9817    34.9987    27.2563    1486.36    1485.58 0.0000e+00
       5482    234.000     8.0229     8.0214   3.632065   3.633502     2.0252 -9.990e-29      87.61 4.9518e-02 7.1952e+01    80.3805    5.17682    34.9821    34.9990    27.2566    1486.38    1485.58 0.0000e+00
       5504    235.000     8.0221     8.0206   3.632108   3.633542     2.0249 -9.990e-29      57.05 4.9489e-02 7.1952e+01    80.2850    5.17513    34.9828    34.9997    27.2574    1486.39    1485.59 0.0000e+00
       5525    236.000     8.0202     8.0188   3.632067   3.633492     2.0244 -9.990e-29      76.79 4.9472e-02 7.1952e+01    80.2755    5.17375    34.9838    35.0005    27.2584    1486.40    1485.59 0.0000e+00
       5547    237.000     8.0185     8.0170   3.631989   3.633417     2.0241 -9.990e-29      96.61 4.9471e-02 7.1952e+01    80.2320    5.17266    34.9842    35.0010    27.2590    1486.41    1485.59 0.0000e+00
       5569    238.000     8.0165     8.0151   3.631996   3.633429     2.0235 -9.990e-29      81.02 4.9509e-02 7.1952e+01    80.2028    5.16852    34.9858    35.0025    27.2605    1486.43    1485.60 0.0000e+00
       5590    239.000     8.0158     8.0143   3.632005   3.633432     2.0226 -9.990e-29      48.48 4.9478e-02 7.1952e+01    80.1869    5.16857    34.9861    35.0029    27.2609    1486.44    1485.60 0.0000e+00
       5612    240.000     8.0151     8.0135   3.632018   3.633448     2.0224    -0.0573      97.98 4.9477e-02 7.1952e+01    80.1727    5.17076    34.9864    35.0034    27.2613    1486.45    1485.60 0.0000e+00
       5633    241.000     8.0144     8.0129   3.632056   3.633488     2.0219    -0.0600      90.83 4.9496e-02 7.1952e+01    80.1878    5.16904    34.9871    35.0039    27.2619    1486.47    1485.61 0.0000e+00
       5655    242.000     8.0135     8.0120   3.632085   3.633525     2.0216    -0.0587      29.90 4.9492e-02 7.1952e+01    80.1828    5.17033    34.9878    35.0047    27.2626    1486.48    1485.61 0.0000e+00
       5676    243.000     8.0122     8.0107   3.632129   3.633568     2.0215    -0.0817      98.37 4.9466e-02 7.1952e+01    80.1788    5.17153    34.9891    35.0060    27.2638    1486.50    1485.61 0.0000e+00
       5697    244.000     8.0116     8.0101   3.632186   3.633619     2.0210    -0.0718      90.14 4.9465e-02 7.1952e+01    80.1718    5.16882    34.9898    35.0067    27.2644    1486.51    1485.62 0.0000e+00
       5719    245.000     8.0106     8.0091   3.632235   3.633667     2.0206    -0.0637      56.86 4.9483e-02 7.1952e+01    80.1790    5.16433    34.9908    35.0077    27.2654    1486.52    1485.62 0.0000e+00
       5740    246.000     8.0083     8.0070   3.632140   3.633583     2.0199    -0.0649      71.59 4.9483e-02 7.1952e+01    79.9790    5.16485    34.9916    35.0084    27.2664    1486.53    1485.62 0.0000e+00
       5762    247.000     8.0072     8.0056   3.632138   3.633568     2.0196    -0.0640      95.07 4.9465e-02 7.1952e+01    80.1453    5.16592    34.9922    35.0092    27.2670    1486.55    1485.63 0.0000e+00
       5784    248.000     8.0058     8.0043   3.632133   3.633566     2.0189    -0.0615      95.39 4.9483e-02 7.1952e+01    80.1737    5.16441    34.9931    35.0100    27.2679    1486.56    1485.63 0.0000e+00
       5805    249.000     8.0047     8.0033   3.632154   3.633589     2.0187    -0.0609      98.42 4.9483e-02 7.1952e+01    80.1914    5.16235    34.9939    35.0107    27.2687    1486.57    1485.64 0.0000e+00
       5827    250.000     8.0041     8.0026   3.632185   3.633611     2.0179 -9.990e-29      98.53 4.9518e-02 7.1952e+01    80.1825    5.16028    34.9944    35.0112    27.2692    1486.59    1485.64 0.0000e+00
       5849    251.000     8.0033     8.0018   3.632200   3.633628     2.0174 -9.990e-29      27.07 4.9483e-02 7.1952e+01    80.2377    5.16196    34.9949    35.0117    27.2697    1486.60    1485.64 0.0000e+00
       5870    252.000     8.0030     8.0014   3.632242   3.633683     2.0172 -9.990e-29      98.39 4.9466e-02 7.1952e+01    80.2505    5.16524    34.9951    35.0122    27.2699    1486.62    1485.65 0.0000e+00
       5891    253.000     8.0017     8.0002   3.632262   3.633704     2.0172    -0.0632      92.56 4.9485e-02 7.1952e+01    80.2591    5.16828    34.9962    35.0131    27.2709    1486.63    1485.65 0.0000e+00
       5912    254.000     8.0011     7.9995   3.632296   3.633735     2.0173    -0.0656      47.20 4.9492e-02 7.1952e+01    80.2793    5.16840    34.9966    35.0137    27.2714    1486.64    1485.66 0.0000e+00
       5933    255.000     8.0010     7.9994   3.632356   3.633781     2.0172    -0.0616      72.95 4.9485e-02 7.1952e+01    80.2736    5.16931    34.9969    35.0138    27.2716    1486.66    1485.66 0.0000e+00
       5954    256.000     8.0008     7.9993   3.632407   3.633839     2.0173    -0.0588      96.21 4.9479e-02 7.1952e+01    80.2653    5.16897    34.9972    35.0140    27.2718    1486.68    1485.66 0.0000e+00
       5975    257.000     8.0011     7.9996   3.632512   3.633952     2.0170    -0.0631      96.26 4.9485e-02 7.1952e+01    80.2603    5.16759    34.9975    35.0145    27.2721    1486.69    1485.67 0.0000e+00
       5996    258.000     8.0013     7.9997   3.632595   3.634023     2.0171    -0.0598      98.83 4.9472e-02 7.1952e+01    80.2384    5.16854    34.9977    35.0146    27.2722    1486.71    1485.67 0.0000e+00
       6017    259.000     8.0009     7.9994   3.632631   3.634066     2.0166 -9.990e-29      98.80 4.9465e-02 7.1952e+01    80.2126    5.16366    34.9980    35.0149    27.2725    1486.73    1485.68 0.0000e+00
       6039    260.000     8.0005     7.9989   3.632664   3.634093     2.0162 -9.990e-29      80.67 4.9490e-02 7.1952e+01    80.1651    5.16275    34.9983    35.0152    27.2728    1486.74    1485.68 0.0000e+00
       6060    261.000     8.0003     7.9989   3.632710   3.634155     2.0157 -9.990e-29      22.56 4.9505e-02 7.1952e+01    80.0792    5.15937    34.9985    35.0154    27.2730    1486.76    1485.68 0.0000e+00
       6081    262.000     7.9998     7.9983   3.632743   3.634179     2.0150 -9.990e-29      53.64 4.9479e-02 7.1952e+01    80.0599    5.15963    34.9989    35.0158    27.2733    1486.77    1485.69 0.0000e+00
       6102    263.000     7.9989     7.9974   3.632745   3.634184     2.0146 -9.990e-29      54.90 4.9498e-02 7.1952e+01    80.0426    5.15886    34.9993    35.0162    27.2738    1486.79    1485.69 0.0000e+00
       6122    264.000     7.9972     7.9958   3.632672   3.634111     2.0140 -9.990e-29      59.98 4.9488e-02 7.1952e+01    80.0430    5.15622    34.9997    35.0166    27.2744    1486.80    1485.70 0.0000e+00
       6143    265.000     7.9964     7.9950   3.632651   3.634092     2.0135 -9.990e-29      99.69 4.9492e-02 7.1952e+01    80.0107    5.15658    34.9998    35.0167    27.2746    1486.81    1485.70 0.0000e+00
       6165    266.000     7.9959     7.9944   3.632700   3.634134     2.0128 -9.990e-29      59.36 4.9483e-02 7.1952e+01    80.0388    5.15476    35.0004    35.0173    27.2751    1486.83    1485.70 0.0000e+00
       6186    267.000     7.9958     7.9943   3.632786   3.634213     2.0125 -9.990e-29      51.07 4.9505e-02 7.1952e+01    80.0323    5.15872    35.0009    35.0177    27.2755    1486.84    1485.71 0.0000e+00
       6207    268.000     7.9957     7.9941   3.632853   3.634280     2.0124 -9.990e-29      50.28 4.9505e-02 7.1952e+01    80.0211    5.16035    35.0012    35.0182    27.2758    1486.86    1485.71 0.0000e+00
       6228    269.000     7.9956     7.9940   3.632899   3.634334     2.0122 -9.990e-29      49.21 4.9479e-02 7.1952e+01    79.9920    5.15613    35.0014    35.0184    27.2759    1486.88    1485.72 0.0000e+00
       6249    270.000     7.9953     7.9938   3.632933   3.634373     2.0116 -9.990e-29      71.24 4.9485e-02 7.1952e+01    79.9903    5.15383    35.0015    35.0185    27.2761    1486.89    1485.72 0.0000e+00
       6270    271.000     7.9950     7.9934   3.632973   3.634417     2.0111 -9.990e-29      90.38 4.9465e-02 7.1952e+01    79.9808    5.15396    35.0018    35.0189    27.2763    1486.91    1485.73 0.0000e+00
       6291    272.000     7.9945     7.9930   3.633017   3.634477     2.0108 -9.990e-29      44.82 4.9479e-02 7.1952e+01    79.9847    5.15610    35.0023    35.0194    27.2768    1486.92    1485.73 0.0000e+00
       6312    273.000     7.9936     7.9922   3.633051   3.634481     2.0107 -9.990e-29      45.19 4.9499e-02 7.1952e+01    79.9638    5.15578    35.0031    35.0198    27.2776    1486.94    1485.73 0.0000e+00
       6333    274.000     7.9926     7.9912   3.633038   3.634475     2.0102 -9.990e-29      44.47 4.9499e-02 7.1952e+01    79.9474    5.15346    35.0034    35.0203    27.2780    1486.95    1485.74 0.0000e+00
       6354    275.000     7.9922     7.9907   3.633095   3.634529     2.0101 -9.990e-29      43.46 4.9490e-02 7.1952e+01    79.9214    5.15644    35.0040    35.0208    27.2785    1486.97    1485.74 0.0000e+00
       6376    276.000     7.9910     7.9897   3.633080   3.634533     2.0096 -9.990e-29      42.17 4.9485e-02 7.1952e+01    79.8784    5.15124    35.0045    35.0214    27.2791    1486.98    1485.75 0.0000e+00
       6397    277.000     7.9907     7.9893   3.633134   3.634570     2.0091 -9.990e-29      41.40 4.9479e-02 7.1952e+01    79.8539    5.14815    35.0049    35.0217    27.2794    1486.99    1485.75 0.0000e+00
       6418    278.000     7.9906     7.9891   3.633193   3.634628     2.0085 -9.990e-29      40.41 4.9492e-02 7.1952e+01    79.8233    5.14991    35.0052    35.0221    27.2797    1487.01    1485.76 0.0000e+00
       6440    279.000     7.9905     7.9890   3.633241   3.634675     2.0081 -9.990e-29      39.16 4.9496e-02 7.1952e+01    79.7934    5.14710    35.0053    35.0222    27.2798    1487.03    1485.76 0.0000e+00
       6461    280.000     7.9899     7.9884   3.633276   3.634710     2.0074 -9.990e-29      38.04 4.9492e-02 7.1952e+01    79.7005    5.14413    35.0058    35.0227    27.2803    1487.04    1485.77 0.0000e+00
       6482    281.000     7.9893     7.9878   3.633293   3.634733     2.0065 -9.990e-29      37.01 4.9477e-02 7.1952e+01    79.7367    5.14005    35.0061    35.0230    27.2806    1487.06    1485.77 0.0000e+00
       6504    282.000     7.9890     7.9875   3.633335   3.634764     2.0058 -9.990e-29      36.09 4.9471e-02 7.1952e+01    79.7158    5.14390    35.0064    35.0232    27.2808    1487.07    1485.78 0.0000e+00
       6526    283.000     7.9888     7.9873   3.633380   3.634814     2.0055 -9.990e-29      35.04 4.9499e-02 7.1952e+01    79.6754    5.14416    35.0066    35.0234    27.2810    1487.09    1485.78 0.0000e+00
       6548    284.000     7.9887     7.9872   3.633431   3.634868     2.0052 -9.990e-29      33.97 4.9483e-02 7.1952e+01    79.6576    5.14280    35.0067    35.0236    27.2812    1487.10    1485.78 0.0000e+00
       6570    285.000     7.9888     7.9873   3.633476   3.634917     2.0046 -9.990e-29      32.99 4.9477e-02 7.1952e+01    79.6488    5.14335    35.0066    35.0236    27.2811    1487.12    1485.79 0.0000e+00
       6591    286.000     7.9886     7.9871   3.633517   3.634945     2.0045 -9.990e-29      32.00 4.9485e-02 7.1952e+01    79.6730    5.14596    35.0068    35.0236    27.2812    1487.14    1485.79 0.0000e+00
       6612    287.000     7.9883     7.9869   3.633560   3.634993     2.0044 -9.990e-29      31.08 4.9477e-02 7.1952e+01    79.6790    5.14499    35.0071    35.0238    27.2815    1487.15    1485.80 0.0000e+00
       6634    288.000     7.9877     7.9862   3.633576   3.635006     2.0042 -9.990e-29      30.02 4.9489e-02 7.1952e+01    79.7612    5.14847    35.0073    35.0242    27.2818    1487.17    1485.80 0.0000e+00
       6656    289.000     7.9876     7.9861   3.633623   3.635052     2.0046 -9.990e-29      29.00 4.9485e-02 7.1952e+01    79.8216    5.15175    35.0075    35.0243    27.2819    1487.18    1485.81 0.0000e+00
       6677    290.000     7.9870     7.9855   3.633655   3.635084     2.0042 -9.990e-29      28.03 4.9508e-02 7.1952e+01    79.8521    5.14313    35.0079    35.0248    27.2824    1487.20    1485.81 0.0000e+00
       6699    291.000     7.9865     7.9850   3.633687   3.635121     2.0040 -9.990e-29      27.04 4.9505e-02 7.1952e+01    79.8950    5.14869    35.0083    35.0252    27.2827    1487.21    1485.82 0.0000e+00
       6721    292.000     7.9860     7.9846   3.633720   3.635150     2.0039 -9.990e-29      26.06 4.9496e-02 7.1952e+01    79.9028    5.15206    35.0087    35.0254    27.2831    1487.23    1485.82 0.0000e+00
       6742    293.000     7.9857     7.9843   3.633755   3.635185     2.0044 -9.990e-29      25.05 4.9479e-02 7.1952e+01    79.9345    5.15290    35.0089    35.0256    27.2833    1487.24    1485.83 0.0000e+00
       6764    294.000     7.9856     7.9841   3.633796   3.635231     2.0040 -9.990e-29      24.05 4.9515e-02 7.1952e+01    79.9086    5.14788    35.0089    35.0258    27.2834    1487.26    1485.83 0.0000e+00
       6786    295.000     7.9849     7.9835   3.633821   3.635259     2.0041 -9.990e-29      23.05 4.9483e-02 7.1952e+01    79.9054    5.15354    35.0094    35.0262    27.2838    1487.27    1485.84 0.0000e+00
       6807    296.000     7.9846     7.9831   3.633867   3.635302     2.0039 -9.990e-29      22.05 4.9502e-02 7.1957e+01    79.8724    5.15068    35.0097    35.0266    27.2841    1487.29    1485.84 0.0000e+00
       6829    297.000     7.9842     7.9827   3.633898   3.635333     2.0039 -9.990e-29      21.07 4.9512e-02 -9.990e-29    79.8226    5.15225    35.0100    35.0269    27.2844    1487.30    1485.85 0.0000e+00
       6851    298.000     7.9842     7.9827   3.633953   3.635375     2.0039 -9.990e-29      20.09 4.9481e-02 -9.990e-29    79.7801    5.15023    35.0101    35.0268    27.2845    1487.32    1485.85 0.0000e+00
       6873    299.000     7.9842     7.9827   3.634003   3.635433     2.0032 -9.990e-29      19.09 4.9489e-02 -9.990e-29    79.7774    5.14496    35.0101    35.0270    27.2845    1487.34    1485.86 0.0000e+00
       6895    300.000     7.9839     7.9825   3.634049   3.635483     2.0028 -9.990e-29      18.09 4.9490e-02 7.2600e+01    79.7778    5.14267    35.0104    35.0272    27.2848    1487.35    1485.86 0.0000e+00
       6917    301.000     7.9838     7.9823   3.634086   3.635532     2.0018 -9.990e-29      17.11 4.9485e-02 7.2461e+01    79.7896    5.14108    35.0105    35.0275    27.2848    1487.37    1485.87 0.0000e+00
       6938    302.000     7.9834     7.9819   3.634150   3.635573     2.0015 -9.990e-29      16.13 4.9489e-02 7.2587e+01    79.7886    5.13975    35.0111    35.0278    27.2854    1487.39    1485.87 0.0000e+00
       6960    303.000     7.9832     7.9818   3.634190   3.635635     2.0006 -9.990e-29      15.15 4.9485e-02 7.3090e+01    79.7378    5.14022    35.0112    35.0281    27.2855    1487.40    1485.88 0.0000e+00
       6982    304.000     7.9833     7.9817   3.634254   3.635691     2.0007 -9.990e-29      14.14 4.9470e-02 7.2737e+01    79.6727    5.14527    35.0113    35.0283    27.2856    1487.42    1485.88 0.0000e+00
       7003    305.000     7.9833     7.9817   3.634302   3.635744     2.0003 -9.990e-29      13.16 4.9502e-02 7.2856e+01    79.5788    5.13866    35.0113    35.0284    27.2856    1487.43    1485.89 0.0000e+00
