_data/ctd/2022603/sta0208.cnv
* Sea-Bird SBE 9 Data File:
* FileName = C:\Seabird\CTDData\sta0208.hex
* Software Version Seasave V 7.21f
* Temperature SN = 6264
* Conductivity SN = 4928
* Number of Bytes Per Scan = 40
* Number of Voltage Words = 5
* Number of Scans Averaged by the Deck Unit = 1
* NMEA Latitude = 61 27.54 N
* NMEA Longitude = 005 27.69 E
* NMEA UTC (Time) = Feb 15 2022 23:35:45
* NMEA baud rate = 4800
** Ship: R/V "Kristine Bonnevie"
** Station: 0208
** Echodepth: 287
** Log: 0907.956
** Wind-Dir/Force: 14 05
** Air-temp (dry): 3.0
** Weather Sky:
** Sea:
# nquan = 19                                
# nvalues = 280                         
# units = specified
# name 0 = scan: Scan Count
# name 1 = prDM: Pressure, Digiquartz [db]
# name 2 = t068C: Temperature [ITS-68, deg C]
# name 3 = t168C: Temperature, 2 [ITS-68, deg C]
# name 4 = c0S/m: Conductivity [S/m]
# name 5 = c1S/m: Conductivity, 2 [S/m]
# name 6 = sbeox0V: Oxygen raw, SBE 43 [V]
# name 7 = flECO-AFL: Fluorescence, WET Labs ECO-AFL/FL [mg/m^3]
# name 8 = altM: Altimeter [m]
# name 9 = par: PAR/Irradiance, Biospherical/Licor
# name 10 = spar: SPAR/Surface Irradiance
# name 11 = CStarTr0: Beam Transmission, WET Labs C-Star [%]
# name 12 = sbeox0ML/L: Oxygen, SBE 43 [ml/l], WS = 2
# name 13 = sal00: Salinity, Practical [PSU]
# name 14 = sal11: Salinity, Practical, 2 [PSU]
# name 15 = sigma-t00: Density [sigma-t, Kg/m^3 ]
# name 16 = svCM: Sound Velocity [Chen-Millero, m/s]
# name 17 = avgsvCM: Average Sound Velocity [Chen-Millero, m/s], minP = 1, minS = 5
# name 18 = flag: flag
# span 0 =        647,       6596       
# span 1 =      8.000,    287.000       
# span 2 =     7.6681,     9.6043       
# span 3 =     7.6719,     9.6104       
# span 4 =   3.285216,   3.647294       
# span 5 =   3.289256,   3.648771       
# span 6 =     1.7824,     2.3794       
# span 7 =    -0.0794,     0.0095       
# span 8 =       8.13,     105.30       
# span 9 = 4.9439e-02, 6.9868e-02       
# span 10 = 0.0000e+00, 0.0000e+00      
# span 11 =    79.9589,    81.4204      
# span 12 =    4.27195,    6.38282      
# span 13 =    31.7114,    34.7435      
# span 14 =    31.7512,    34.7604      
# span 15 =    24.7391,    27.0188      
# span 16 =    1477.26,    1488.21      
# span 17 =    1477.26,    1485.83      
# span 18 = 0.0000e+00, 0.0000e+00      
# interval = decibars: 1                
# start_time = Feb 15 2022 23:35:47 [System UTC, header]
# bad_flag = -9.990e-29
*END*
[from data line 77]
       2309     85.000     8.8619     8.8594   3.647100   3.648531     2.0976    -0.0663      71.83 4.9472e-02 0.0000e+00    81.3175    5.13725    34.3875    34.4050    26.6608    1486.33    1484.16 0.0000e+00
       2329     86.000     8.8494     8.8485   3.646871   3.648292     2.0893    -0.0677      67.75 4.9487e-02 0.0000e+00    81.3552    5.10974    34.3968    34.4126    26.6700    1486.31    1484.18 0.0000e+00
       2350     87.000     8.8280     8.8269   3.646380   3.647823     2.0805    -0.0767      84.55 4.9466e-02 0.0000e+00    81.3378    5.08570    34.4119    34.4281    26.6852    1486.26    1484.21 0.0000e+00
       2370     88.000     8.8143     8.8130   3.646098   3.647535     2.0724    -0.0708      61.82 4.9499e-02 0.0000e+00    81.3554    5.06734    34.4218    34.4381    26.6951    1486.24    1484.23 0.0000e+00
       2391     89.000     8.7571     8.7601   3.645469   3.646923     2.0647    -0.0756      83.77 4.9473e-02 0.0000e+00    81.3559    5.04940    34.4703    34.4826    26.7421    1486.11    1484.25 0.0000e+00
       2411     90.000     8.7365     8.7344   3.645131   3.646516     2.0568    -0.0700      45.65 4.9488e-02 0.0000e+00    81.3369    5.02380    34.4863    34.5029    26.7579    1486.07    1484.27 0.0000e+00
       2432     91.000     8.7241     8.7223   3.644726   3.646151     2.0488    -0.0630      92.48 4.9479e-02 0.0000e+00    81.3451    4.99095    34.4936    34.5104    26.7656    1486.05    1484.29 0.0000e+00
       2453     92.000     8.7027     8.7015   3.644408   3.645838     2.0390    -0.0559      36.80 4.9452e-02 0.0000e+00    81.3449    4.94256    34.5107    34.5269    26.7823    1486.00    1484.31 0.0000e+00
       2474     93.000     8.6689     8.6694   3.643784   3.645240     2.0282    -0.0505      98.31 4.9465e-02 0.0000e+00    81.3601    4.90366    34.5366    34.5515    26.8079    1485.93    1484.33 0.0000e+00
       2495     94.000     8.6326     8.6328   3.642768   3.644171     2.0169    -0.0629      98.73 4.9472e-02 0.0000e+00    81.3329    4.86618    34.5608    34.5755    26.8326    1485.84    1484.34 0.0000e+00
       2516     95.000     8.6133     8.6116   3.642024   3.643424     2.0052 -9.990e-29      98.65 4.9479e-02 0.0000e+00    81.3551    4.82644    34.5714    34.5878    26.8439    1485.80    1484.36 0.0000e+00
       2537     96.000     8.5861     8.5853   3.640724   3.642039     1.9936 -9.990e-29      35.74 4.9472e-02 0.0000e+00    81.3448    4.78688    34.5838    34.5985    26.8579    1485.73    1484.37 0.0000e+00
       2558     97.000     8.5197     8.5211   3.637556   3.638909     1.9813 -9.990e-29      99.23 4.9474e-02 0.0000e+00    81.3385    4.74682    34.6148    34.6278    26.8925    1485.53    1484.38 0.0000e+00
       2578     98.000     8.4514     8.4522   3.634185   3.635605     1.9690 -9.990e-29      27.26 4.9492e-02 0.0000e+00    81.3387    4.70598    34.6457    34.6600    26.9273    1485.33    1484.39 0.0000e+00
       2598     99.000     8.4386     8.4374   3.633552   3.634972     1.9554 -9.990e-29      98.67 4.9474e-02 0.0000e+00    81.3587    4.64905    34.6511    34.6673    26.9335    1485.31    1484.40 0.0000e+00
       2619    100.000     8.4415     8.4375   3.633747   3.635061     1.9411 -9.990e-29      31.65 4.9467e-02 0.0000e+00    81.3412    4.58077    34.6498    34.6677    26.9321    1485.33    1484.41 0.0000e+00
       2639    101.000     8.4365     8.4370   3.633545   3.635058     1.9243 -9.990e-29      89.60 4.9492e-02 0.0000e+00    81.3870    4.50641    34.6521    34.6677    26.9346    1485.33    1484.42 0.0000e+00
       2659    102.000     8.4323     8.4301   3.633375   3.634769     1.9067 -9.990e-29      58.14 4.9474e-02 0.0000e+00    81.3859    4.45369    34.6540    34.6709    26.9367    1485.34    1484.43 0.0000e+00
       2680    103.000     8.4276     8.4261   3.633199   3.634620     1.8906 -9.990e-29      84.31 4.9481e-02 0.0000e+00    81.3598    4.42417    34.6562    34.6728    26.9392    1485.34    1484.44 0.0000e+00
       2700    104.000     8.4270     8.4251   3.633216   3.634613     1.8767 -9.990e-29      68.69 4.9474e-02 0.0000e+00    81.3858    4.40834    34.6565    34.6732    26.9396    1485.35    1484.45 0.0000e+00
       2720    105.000     8.4163     8.4149   3.632729   3.634142     1.8655 -9.990e-29      74.56 4.9459e-02 0.0000e+00    81.3581    4.39837    34.6614    34.6778    26.9450    1485.34    1484.46 0.0000e+00
       2740    106.000     8.4154     8.4139   3.632733   3.634153     1.8559 -9.990e-29      74.42 4.9501e-02 0.0000e+00    81.4092    4.38768    34.6618    34.6784    26.9455    1485.35    1484.47 0.0000e+00
       2760    107.000     8.4126     8.4118   3.632646   3.634094     1.8477 -9.990e-29      63.90 4.9481e-02 0.0000e+00    81.3867    4.37722    34.6632    34.6794    26.9470    1485.36    1484.47 0.0000e+00
       2781    108.000     8.4103     8.4086   3.632573   3.633973     1.8406 -9.990e-29      82.93 4.9502e-02 0.0000e+00    81.3661    4.36971    34.6642    34.6808    26.9482    1485.37    1484.48 0.0000e+00
       2801    109.000     8.4035     8.4017   3.632269   3.633660     1.8349 -9.990e-29      45.30 4.9466e-02 0.0000e+00    81.4019    4.36324    34.6672    34.6837    26.9515    1485.36    1484.49 0.0000e+00
       2821    110.000     8.3997     8.3976   3.632123   3.633511     1.8296 -9.990e-29      94.51 4.9479e-02 0.0000e+00    81.3764    4.35556    34.6689    34.6857    26.9535    1485.37    1484.50 0.0000e+00
       2841    111.000     8.3996     8.3973   3.632169   3.633552     1.8253 -9.990e-29      47.00 4.9501e-02 0.0000e+00    81.3758    4.35097    34.6690    34.6860    26.9536    1485.38    1484.51 0.0000e+00
       2861    112.000     8.3911     8.3910   3.631788   3.633217     1.8215 -9.990e-29      98.16 4.9474e-02 0.0000e+00    81.3674    4.34102    34.6728    34.6881    26.9579    1485.37    1484.51 0.0000e+00
       2882    113.000     8.3656     8.3647   3.630745   3.632148     1.8175 -9.990e-29      31.03 4.9495e-02 0.0000e+00    81.3688    4.33343    34.6864    34.7022    26.9724    1485.31    1484.52 0.0000e+00
       2902    114.000     8.3625     8.3608   3.630664   3.632050     1.8140    -0.0604      99.53 4.9502e-02 0.0000e+00    81.3892    4.32365    34.6881    34.7045    26.9742    1485.32    1484.53 0.0000e+00
       2922    115.000     8.3573     8.3559   3.630401   3.631804     1.8102    -0.0738      32.88 4.9472e-02 0.0000e+00    81.3810    4.31537    34.6900    34.7063    26.9765    1485.32    1484.53 0.0000e+00
       2942    116.000     8.3514     8.3498   3.630181   3.631586     1.8074    -0.0706      93.23 4.9481e-02 0.0000e+00    81.4204    4.31135    34.6929    34.7095    26.9797    1485.31    1484.54 0.0000e+00
       2962    117.000     8.3499     8.3484   3.630160   3.631572     1.8041    -0.0598      98.76 4.9481e-02 0.0000e+00    81.3995    4.29777    34.6937    34.7102    26.9806    1485.33    1484.55 0.0000e+00
       2983    118.000     8.3443     8.3428   3.630044   3.631458     1.8008    -0.0539      98.16 4.9502e-02 0.0000e+00    81.3967    4.29055    34.6975    34.7141    26.9844    1485.33    1484.55 0.0000e+00
       3003    119.000     8.3413     8.3396   3.630041   3.631452     1.7980    -0.0556      98.79 4.9509e-02 0.0000e+00    81.3888    4.28428    34.7000    34.7167    26.9868    1485.33    1484.56 0.0000e+00
       3022    120.000     8.3389     8.3373   3.630047   3.631441     1.7950 -9.990e-29      86.55 4.9509e-02 0.0000e+00    81.3786    4.27486    34.7019    34.7183    26.9887    1485.34    1484.57 0.0000e+00
       3042    121.000     8.3365     8.3349   3.630111   3.631526     1.7923 -9.990e-29      97.36 4.9488e-02 0.0000e+00    81.3560    4.27237    34.7045    34.7211    26.9911    1485.35    1484.57 0.0000e+00
       3062    122.000     8.3353     8.3335   3.630126   3.631533     1.7901 -9.990e-29      87.96 4.9481e-02 0.0000e+00    81.3808    4.27195    34.7054    34.7221    26.9920    1485.37    1484.58 0.0000e+00
       3082    123.000     8.3339     8.3321   3.630130   3.631530     1.7884 -9.990e-29      93.57 4.9490e-02 0.0000e+00    81.3574    4.27452    34.7063    34.7230    26.9929    1485.38    1484.59 0.0000e+00
       3102    124.000     8.3328     8.3310   3.630170   3.631577     1.7875 -9.990e-29      98.59 4.9505e-02 0.0000e+00    81.3822    4.28070    34.7073    34.7241    26.9939    1485.39    1484.59 0.0000e+00
       3122    125.000     8.3325     8.3306   3.630251   3.631666     1.7870 -9.990e-29      53.52 4.9495e-02 0.0000e+00    81.3878    4.27937    34.7080    34.7249    26.9945    1485.41    1484.60 0.0000e+00
       3142    126.000     8.3322     8.3305   3.630318   3.631720     1.7861 -9.990e-29      66.28 4.9481e-02 0.0000e+00    81.3873    4.28010    34.7085    34.7251    26.9949    1485.43    1484.61 0.0000e+00
       3162    127.000     8.3313     8.3295   3.630306   3.631714     1.7860 -9.990e-29      70.28 4.9488e-02 0.0000e+00    81.3606    4.28369    34.7088    34.7256    26.9953    1485.44    1484.61 0.0000e+00
       3182    128.000     8.3309     8.3292   3.630356   3.631771     1.7857 -9.990e-29      55.55 4.9488e-02 0.0000e+00    81.3474    4.28217    34.7093    34.7260    26.9957    1485.45    1484.62 0.0000e+00
       3202    129.000     8.3307     8.3290   3.630429   3.631834     1.7854 -9.990e-29      55.94 4.9488e-02 0.0000e+00    81.3654    4.28081    34.7098    34.7264    26.9961    1485.47    1484.63 0.0000e+00
       3222    130.000     8.3306     8.3288   3.630474   3.631892     1.7849 -9.990e-29      38.81 4.9481e-02 0.0000e+00    81.3463    4.27857    34.7099    34.7267    26.9962    1485.49    1484.63 0.0000e+00
       3242    131.000     8.3304     8.3286   3.630519   3.631930     1.7845 -9.990e-29      96.87 4.9495e-02 0.0000e+00    81.3497    4.27718    34.7101    34.7268    26.9964    1485.50    1484.64 0.0000e+00
       3262    132.000     8.3304     8.3286   3.630567   3.631978     1.7838 -9.990e-29      89.79 4.9502e-02 0.0000e+00    81.3430    4.27625    34.7101    34.7269    26.9964    1485.52    1484.65 0.0000e+00
       3282    133.000     8.3301     8.3283   3.630675   3.632079     1.7838 -9.990e-29      59.21 4.9495e-02 0.0000e+00    81.3461    4.28112    34.7111    34.7278    26.9972    1485.54    1484.65 0.0000e+00
       3302    134.000     8.3301     8.3283   3.630745   3.632144     1.7835 -9.990e-29      96.65 4.9495e-02 0.0000e+00    81.3252    4.28102    34.7113    34.7280    26.9974    1485.55    1484.66 0.0000e+00
       3322    135.000     8.3292     8.3275   3.630845   3.632265     1.7837 -9.990e-29      95.71 4.9483e-02 0.0000e+00    81.3565    4.28267    34.7128    34.7296    26.9987    1485.57    1484.67 0.0000e+00
       3342    136.000     8.3281     8.3262   3.630889   3.632291     1.7833 -9.990e-29      81.87 4.9502e-02 0.0000e+00    81.3321    4.27899    34.7139    34.7307    26.9997    1485.58    1484.67 0.0000e+00
       3362    137.000     8.3273     8.3256   3.630971   3.632378     1.7832 -9.990e-29      37.99 4.9488e-02 0.0000e+00    81.3465    4.27998    34.7150    34.7317    27.0008    1485.60    1484.68 0.0000e+00
       3381    138.000     8.3261     8.3243   3.631064   3.632478     1.7830 -9.990e-29      97.48 4.9522e-02 0.0000e+00    81.3452    4.28189    34.7167    34.7336    27.0023    1485.61    1484.69 0.0000e+00
       3401    139.000     8.3255     8.3238   3.631112   3.632525     1.7830 -9.990e-29      25.92 4.9483e-02 0.0000e+00    81.3067    4.28659    34.7174    34.7341    27.0029    1485.63    1484.69 0.0000e+00
       3421    140.000     8.3251     8.3233   3.631190   3.632603     1.7834 -9.990e-29      98.99 4.9509e-02 0.0000e+00    81.2905    4.28852    34.7181    34.7349    27.0035    1485.64    1484.70 0.0000e+00
       3440    141.000     8.3251     8.3233   3.631239   3.632653     1.7837 -9.990e-29      48.51 4.9509e-02 0.0000e+00    81.2881    4.29266    34.7181    34.7350    27.0036    1485.66    1484.71 0.0000e+00
       3460    142.000     8.3252     8.3234   3.631308   3.632714     1.7842 -9.990e-29      93.49 4.9490e-02 0.0000e+00    81.2856    4.29237    34.7183    34.7351    27.0037    1485.67    1484.71 0.0000e+00
       3479    143.000     8.3252     8.3233   3.631355   3.632773     1.7842 -9.990e-29      87.38 4.9495e-02 0.0000e+00    81.2765    4.29312    34.7183    34.7353    27.0037    1485.69    1484.72 0.0000e+00
       3499    144.000     8.3252     8.3233   3.631428   3.632830     1.7846 -9.990e-29      25.44 4.9469e-02 0.0000e+00    81.2924    4.29585    34.7186    34.7354    27.0039    1485.71    1484.73 0.0000e+00
       3518    145.000     8.3251     8.3234   3.631468   3.632890     1.7851 -9.990e-29      99.46 4.9498e-02 0.0000e+00    81.2776    4.29613    34.7187    34.7355    27.0040    1485.72    1484.73 0.0000e+00
       3538    146.000     8.3251     8.3233   3.631516   3.632941     1.7849 -9.990e-29      30.73 4.9502e-02 0.0000e+00    81.2714    4.29189    34.7187    34.7356    27.0040    1485.74    1484.74 0.0000e+00
       3557    147.000     8.3252     8.3235   3.631574   3.633002     1.7849 -9.990e-29      97.21 4.9508e-02 0.0000e+00    81.2657    4.29545    34.7187    34.7356    27.0040    1485.76    1484.75 0.0000e+00
       3577    148.000     8.3253     8.3236   3.631631   3.633042     1.7851 -9.990e-29      49.90 4.9490e-02 0.0000e+00    81.2784    4.29632    34.7188    34.7355    27.0040    1485.77    1484.75 0.0000e+00
       3596    149.000     8.3253     8.3236   3.631700   3.633107     1.7851 -9.990e-29      82.08 4.9481e-02 0.0000e+00    81.2587    4.29417    34.7190    34.7357    27.0042    1485.79    1484.76 0.0000e+00
       3616    150.000     8.3253     8.3235   3.631783   3.633185     1.7849 -9.990e-29      71.89 4.9519e-02 0.0000e+00    81.2681    4.29517    34.7194    34.7361    27.0045    1485.81    1484.77 0.0000e+00
       3635    151.000     8.3251     8.3235   3.631850   3.633265     1.7850 -9.990e-29      49.04 4.9467e-02 0.0000e+00    81.2732    4.29512    34.7199    34.7365    27.0049    1485.82    1484.78 0.0000e+00
       3655    152.000     8.3252     8.3235   3.631910   3.633327     1.7847 -9.990e-29      82.71 4.9502e-02 0.0000e+00    81.2616    4.29216    34.7199    34.7367    27.0049    1485.84    1484.78 0.0000e+00
       3674    153.000     8.3252     8.3235   3.631960   3.633382     1.7844 -9.990e-29      65.23 4.9495e-02 0.0000e+00    81.2337    4.29388    34.7200    34.7368    27.0050    1485.86    1484.79 0.0000e+00
       3694    154.000     8.3254     8.3237   3.632042   3.633456     1.7844    -0.0558      98.79 4.9505e-02 0.0000e+00    81.2595    4.29621    34.7202    34.7369    27.0051    1485.87    1484.80 0.0000e+00
       3713    155.000     8.3255     8.3238   3.632095   3.633518     1.7844    -0.0558      62.68 4.9488e-02 0.0000e+00    81.2432    4.29725    34.7202    34.7370    27.0051    1485.89    1484.80 0.0000e+00
       3733    156.000     8.3255     8.3237   3.632182   3.633595     1.7846    -0.0558      98.18 4.9522e-02 0.0000e+00    81.2253    4.29938    34.7206    34.7374    27.0054    1485.91    1484.81 0.0000e+00
       3753    157.000     8.3256     8.3238   3.632251   3.633669     1.7846    -0.0558      65.13 4.9476e-02 0.0000e+00    81.2032    4.29717    34.7208    34.7376    27.0055    1485.93    1484.82 0.0000e+00
       3772    158.000     8.3256     8.3238   3.632326   3.633744     1.7845    -0.0558      83.16 4.9488e-02 0.0000e+00    81.2503    4.30115    34.7211    34.7380    27.0058    1485.94    1484.82 0.0000e+00
       3792    159.000     8.3256     8.3238   3.632385   3.633807     1.7849    -0.0558      55.48 4.9474e-02 0.0000e+00    81.2326    4.30332    34.7212    34.7381    27.0059    1485.96    1484.83 0.0000e+00
