_data/ctd/2022603/sta0192.cnv
* Sea-Bird SBE 9 Data File:
* FileName = C:\Seabird\CTDData\sta0192.hex
* Software Version Seasave V 7.21f
* Temperature SN = 6264
* Conductivity SN = 4928
* Number of Bytes Per Scan = 40
* Number of Voltage Words = 5
* Number of Scans Averaged by the Deck Unit = 1
* NMEA Latitude = 61 22.48 N
* NMEA Longitude = 006 44.43 E
* NMEA UTC (Time) = Feb 14 2022 17:58:46
* NMEA baud rate = 4800
** Ship: R/V "Kristine Bonnevie"
** Station: 0192
** Echodepth: 165
** Log: 0764.545
** Wind-Dir/Force: 04 06
** Air-temp (dry): 6.1
** Weather Sky:
** Sea:
** F04
# nquan = 19                                
# nvalues = 154                         
# units = specified
# name 0 = scan: Scan Count
# name 1 = prDM: Pressure, Digiquartz [db]
# name 2 = t068C: Temperature [ITS-68, deg C]
# name 3 = t168C: Temperature, 2 [ITS-68, deg C]
# name 4 = c0S/m: Conductivity [S/m]
# name 5 = c1S/m: Conductivity, 2 [S/m]
# name 6 = sbeox0V: Oxygen raw, SBE 43 [V]
# name 7 = flECO-AFL: Fluorescence, WET Labs ECO-AFL/FL [mg/m^3]
# name 8 = altM: Altimeter [m]
# name 9 = par: PAR/Irradiance, Biospherical/Licor
# name 10 = spar: SPAR/Surface Irradiance
# name 11 = CStarTr0: Beam Transmission, WET Labs C-Star [%]
# name 12 = sbeox0ML/L: Oxygen, SBE 43 [ml/l], WS = 2
# name 13 = sal00: Salinity, Practical [PSU]
# name 14 = sal11: Salinity, Practical, 2 [PSU]
# name 15 = sigma-t00: Density [sigma-t, Kg/m^3 ]
# name 16 = svCM: Sound Velocity [Chen-Millero, m/s]
# name 17 = avgsvCM: Average Sound Velocity [Chen-Millero, m/s], minP = 1, minS = 5
# name 18 = flag: flag
# span 0 =        391,       4079       
# span 1 =      2.000,    155.000       
# span 2 =     4.4103,    10.1041       
# span 3 =     4.4081,    10.1018       
# span 4 =   2.763335,   3.694261       
# span 5 =   2.763773,   3.696008       
# span 6 =     1.8207,     2.4720       
# span 7 =    -0.0731,     0.9647       
# span 8 =       6.54,      98.89       
# span 9 = 4.9445e-02, 6.7788e-01       
# span 10 = 0.0000e+00, 0.0000e+00      
# span 11 =    77.9227,    80.9948      
# span 12 =    4.38952,    7.38411      
# span 13 =    28.8400,    34.8265      
# span 14 =    28.8470,    34.8436      
# span 15 =    22.8527,    27.1268      
# span 16 =    1460.48,    1489.10      
# span 17 =    1460.56,    1482.79      
# span 18 = 0.0000e+00, 0.0000e+00      
# interval = decibars: 1                
# start_time = Feb 14 2022 17:58:48 [System UTC, header]
# bad_flag = -9.990e-29
*END*
[from data line 77]
       2341     79.000     8.7377     8.7376   3.638608   3.640088     1.9903 -9.990e-29      98.55 4.9469e-02 0.0000e+00    79.5552    4.81655    34.4216    34.4373    26.7071    1485.81    1480.59 0.0000e+00
       2363     80.000     8.7061     8.7060   3.637214   3.638685     1.9831 -9.990e-29      84.86 4.9483e-02 0.0000e+00    79.5493    4.79257    34.4372    34.4528    26.7242    1485.73    1480.66 0.0000e+00
       2386     81.000     8.6767     8.6761   3.635970   3.637454     1.9751 -9.990e-29      87.96 4.9477e-02 0.0000e+00    79.5865    4.76547    34.4522    34.4685    26.7406    1485.65    1480.72 0.0000e+00
       2408     82.000     8.6580     8.6575   3.635174   3.636637     1.9670 -9.990e-29      84.75 4.9493e-02 0.0000e+00    79.6644    4.73364    34.4616    34.4775    26.7508    1485.61    1480.78 0.0000e+00
       2431     83.000     8.6334     8.6332   3.634131   3.635618     1.9578 -9.990e-29      96.46 4.9471e-02 0.0000e+00    79.6632    4.70253    34.4741    34.4900    26.7645    1485.55    1480.83 0.0000e+00
       2453     84.000     8.6133     8.6123   3.633466   3.634944     1.9488 -9.990e-29      76.83 4.9488e-02 0.0000e+00    79.6333    4.68041    34.4862    34.5028    26.7771    1485.51    1480.89 0.0000e+00
       2476     85.000     8.6053     8.6041   3.633225   3.634707     1.9403 -9.990e-29      95.06 4.9475e-02 0.0000e+00    79.6811    4.65898    34.4910    34.5078    26.7821    1485.50    1480.94 0.0000e+00
       2499     86.000     8.5910     8.5902   3.632709   3.634173     1.9323    -0.0612      91.01 4.9481e-02 0.0000e+00    79.7053    4.63672    34.4990    34.5153    26.7906    1485.48    1481.00 0.0000e+00
       2522     87.000     8.5720     8.5711   3.632085   3.633550     1.9241    -0.0628      86.60 4.9487e-02 0.0000e+00    79.6550    4.61908    34.5105    34.5269    26.8026    1485.43    1481.05 0.0000e+00
       2545     88.000     8.5383     8.5382   3.630945   3.632403     1.9174    -0.0621      98.60 4.9481e-02 0.0000e+00    79.7187    4.60815    34.5309    34.5464    26.8238    1485.35    1481.10 0.0000e+00
       2568     89.000     8.5106     8.5100   3.630006   3.631472     1.9106    -0.0667      84.14 4.9457e-02 0.0000e+00    79.7200    4.59083    34.5476    34.5637    26.8412    1485.28    1481.14 0.0000e+00
       2591     90.000     8.4840     8.4840   3.629205   3.630667     1.9041    -0.0603      89.78 4.9481e-02 0.0000e+00    79.6840    4.57781    34.5647    34.5802    26.8587    1485.22    1481.19 0.0000e+00
       2614     91.000     8.4569     8.4561   3.628338   3.629789     1.8984    -0.0606      84.56 4.9475e-02 0.0000e+00    79.6824    4.56167    34.5816    34.5978    26.8762    1485.16    1481.23 0.0000e+00
       2636     92.000     8.4462     8.4449   3.628019   3.629465     1.8922    -0.0627      97.01 4.9464e-02 0.0000e+00    79.6608    4.54371    34.5882    34.6049    26.8830    1485.14    1481.27 0.0000e+00
       2659     93.000     8.4375     8.4360   3.627826   3.629280     1.8865    -0.0624      84.66 4.9469e-02 0.0000e+00    79.6601    4.53076    34.5942    34.6111    26.8891    1485.14    1481.32 0.0000e+00
       2682     94.000     8.4247     8.4236   3.627488   3.628932     1.8813    -0.0655      90.07 4.9483e-02 0.0000e+00    79.6125    4.51645    34.6027    34.6192    26.8977    1485.11    1481.36 0.0000e+00
       2704     95.000     8.4085     8.4072   3.627040   3.628494     1.8759    -0.0609      75.40 4.9475e-02 0.0000e+00    79.5438    4.50658    34.6134    34.6301    26.9086    1485.08    1481.40 0.0000e+00
       2727     96.000     8.3986     8.3975   3.626728   3.628185     1.8713 -9.990e-29      69.30 4.9509e-02 0.0000e+00    79.4732    4.49347    34.6194    34.6359    26.9148    1485.07    1481.43 0.0000e+00
       2749     97.000     8.3894     8.3884   3.626418   3.627873     1.8664 -9.990e-29      77.86 4.9496e-02 0.0000e+00    79.3900    4.47894    34.6246    34.6411    26.9203    1485.06    1481.47 0.0000e+00
       2771     98.000     8.3717     8.3705   3.626007   3.627446     1.8621 -9.990e-29      98.89 4.9469e-02 0.0000e+00    79.4130    4.47264    34.6372    34.6537    26.9329    1485.02    1481.51 0.0000e+00
       2794     99.000     8.3596     8.3586   3.625654   3.627089     1.8580 -9.990e-29      30.00 4.9521e-02 0.0000e+00    79.5541    4.46548    34.6449    34.6611    26.9408    1485.01    1481.54 0.0000e+00
       2816    100.000     8.3498     8.3484   3.625419   3.626862     1.8547 -9.990e-29      36.10 4.9483e-02 0.0000e+00    79.6070    4.46472    34.6515    34.6683    26.9475    1484.99    1481.58 0.0000e+00
       2838    101.000     8.3447     8.3432   3.625303   3.626750     1.8520 -9.990e-29      87.24 4.9475e-02 0.0000e+00    79.6315    4.46520    34.6548    34.6717    26.9509    1484.99    1481.61 0.0000e+00
       2860    102.000     8.3335     8.3324   3.625009   3.626455     1.8501 -9.990e-29      87.11 4.9502e-02 0.0000e+00    79.6745    4.46335    34.6623    34.6787    26.9584    1484.98    1481.64 0.0000e+00
       2883    103.000     8.3189     8.3179   3.624654   3.626099     1.8481 -9.990e-29       6.54 4.9489e-02 0.0000e+00    79.6902    4.46463    34.6724    34.6888    26.9686    1484.95    1481.68 0.0000e+00
       2905    104.000     8.3109     8.3093   3.624418   3.625860     1.8472 -9.990e-29      52.03 4.9475e-02 0.0000e+00    79.6807    4.46813    34.6773    34.6942    26.9737    1484.95    1481.71 0.0000e+00
       2927    105.000     8.3052     8.3037   3.624325   3.625755     1.8461 -9.990e-29      41.17 4.9477e-02 0.0000e+00    79.5698    4.46309    34.6814    34.6981    26.9778    1484.95    1481.74 0.0000e+00
       2949    106.000     8.2989     8.2970   3.624215   3.625652     1.8445 -9.990e-29      78.04 4.9490e-02 0.0000e+00    79.4305    4.44683    34.6860    34.7032    26.9823    1484.94    1481.77 0.0000e+00
       2971    107.000     8.2992     8.2973   3.624270   3.625716     1.8418 -9.990e-29      43.65 4.9464e-02 0.0000e+00    79.2584    4.43360    34.6858    34.7031    26.9821    1484.96    1481.80 0.0000e+00
       2993    108.000     8.2969     8.2947   3.624265   3.625681     1.8392 -9.990e-29      95.74 4.9471e-02 0.0000e+00    79.0608    4.42803    34.6875    34.7048    26.9838    1484.97    1481.83 0.0000e+00
       3015    109.000     8.2933     8.2918   3.624215   3.625670     1.8369 -9.990e-29      90.96 4.9489e-02 0.0000e+00    78.9246    4.42310    34.6901    34.7071    26.9864    1484.98    1481.86 0.0000e+00
       3037    110.000     8.2865     8.2852   3.624070   3.625519     1.8347 -9.990e-29      27.35 4.9490e-02 0.0000e+00    78.7486    4.42026    34.6948    34.7115    26.9911    1484.97    1481.88 0.0000e+00
       3059    111.000     8.2795     8.2779   3.623904   3.625348     1.8329 -9.990e-29      97.58 4.9483e-02 0.0000e+00    78.4805    4.41174    34.6994    34.7164    26.9958    1484.97    1481.91 0.0000e+00
       3081    112.000     8.2747     8.2734   3.623801   3.625239     1.8300 -9.990e-29      31.73 4.9477e-02 0.0000e+00    78.2181    4.39705    34.7026    34.7192    26.9990    1484.97    1481.94 0.0000e+00
       3103    113.000     8.2697     8.2675   3.623706   3.625125     1.8273 -9.990e-29      95.29 4.9490e-02 0.0000e+00    78.0121    4.39341    34.7060    34.7233    27.0025    1484.97    1481.97 0.0000e+00
       3126    114.000     8.2663     8.2645   3.623664   3.625091     1.8248 -9.990e-29      98.51 4.9515e-02 0.0000e+00    77.9227    4.38952    34.7084    34.7254    27.0049    1484.98    1481.99 0.0000e+00
       3148    115.000     8.2633     8.2618   3.623609   3.625057     1.8231 -9.990e-29      48.63 4.9487e-02 0.0000e+00    78.0192    4.39615    34.7103    34.7273    27.0069    1484.99    1482.02 0.0000e+00
       3170    116.000     8.2626     8.2611   3.623627   3.625071     1.8223 -9.990e-29      11.48 4.9496e-02 0.0000e+00    78.0002    4.39768    34.7107    34.7276    27.0073    1485.00    1482.04 0.0000e+00
       3192    117.000     8.2553     8.2543   3.623449   3.624885     1.8214 -9.990e-29      53.74 4.9477e-02 0.0000e+00    77.9875    4.39645    34.7156    34.7319    27.0122    1485.00    1482.07 0.0000e+00
       3214    118.000     8.2400     8.2386   3.622997   3.624399     1.8207 -9.990e-29      75.96 4.9496e-02 0.0000e+00    78.1627    4.40311    34.7254    34.7417    27.0222    1484.97    1482.09 0.0000e+00
       3236    119.000     8.2266     8.2251   3.622600   3.624034     1.8210 -9.990e-29      51.94 4.9477e-02 0.0000e+00    78.4007    4.41407    34.7339    34.7507    27.0310    1484.95    1482.12 0.0000e+00
       3258    120.000     8.2229     8.2212   3.622517   3.623944     1.8219 -9.990e-29      43.06 4.9505e-02 0.0000e+00    78.7046    4.42604    34.7362    34.7531    27.0333    1484.95    1482.14 0.0000e+00
       3280    121.000     8.2139     8.2124   3.622268   3.623700     1.8230 -9.990e-29      56.67 4.9476e-02 0.0000e+00    78.9015    4.43420    34.7420    34.7587    27.0392    1484.94    1482.16 0.0000e+00
       3302    122.000     8.2108     8.2091   3.622207   3.623642     1.8248    -0.0603      26.94 4.9464e-02 0.0000e+00    78.9980    4.43914    34.7439    34.7609    27.0412    1484.95    1482.19 0.0000e+00
       3324    123.000     8.2096     8.2078   3.622208   3.623651     1.8256    -0.0645      92.59 4.9483e-02 0.0000e+00    78.9840    4.43704    34.7446    34.7618    27.0420    1484.96    1482.21 0.0000e+00
       3345    124.000     8.2055     8.2041   3.622132   3.623572     1.8261    -0.0637      96.35 4.9483e-02 0.0000e+00    79.0174    4.43093    34.7474    34.7641    27.0447    1484.97    1482.23 0.0000e+00
       3367    125.000     8.2019     8.2004   3.622074   3.623513     1.8261    -0.0689      40.44 4.9485e-02 0.0000e+00    79.0610    4.43179    34.7498    34.7667    27.0472    1484.97    1482.25 0.0000e+00
       3389    126.000     8.1986     8.1971   3.622003   3.623439     1.8261    -0.0692      36.54 4.9496e-02 0.0000e+00    79.1287    4.43417    34.7519    34.7687    27.0493    1484.98    1482.27 0.0000e+00
       3410    127.000     8.1958     8.1942   3.621952   3.623389     1.8264    -0.0634      60.45 4.9515e-02 0.0000e+00    79.1778    4.43479    34.7536    34.7705    27.0511    1484.99    1482.30 0.0000e+00
       3432    128.000     8.1909     8.1895   3.621837   3.623276     1.8266 -9.990e-29      65.60 4.9505e-02 0.0000e+00    79.1580    4.43769    34.7568    34.7735    27.0543    1484.99    1482.32 0.0000e+00
       3453    129.000     8.1862     8.1847   3.621711   3.623154     1.8267 -9.990e-29      33.07 4.9477e-02 0.0000e+00    79.2340    4.43683    34.7596    34.7765    27.0573    1484.99    1482.34 0.0000e+00
       3475    130.000     8.1805     8.1791   3.621575   3.623014     1.8267 -9.990e-29      30.95 4.9499e-02 0.0000e+00    79.2809    4.43723    34.7633    34.7801    27.0610    1484.99    1482.36 0.0000e+00
       3497    131.000     8.1772     8.1756   3.621508   3.622943     1.8266    -0.0604      32.39 4.9457e-02 0.0000e+00    79.3840    4.43883    34.7654    34.7823    27.0632    1485.00    1482.38 0.0000e+00
       3518    132.000     8.1683     8.1667   3.621248   3.622672     1.8268    -0.0655      32.36 4.9483e-02 0.0000e+00    79.4773    4.43975    34.7709    34.7877    27.0689    1484.99    1482.40 0.0000e+00
       3540    133.000     8.1590     8.1576   3.620985   3.622423     1.8266    -0.0623      31.89 4.9483e-02 0.0000e+00    79.4563    4.44126    34.7768    34.7936    27.0749    1484.98    1482.42 0.0000e+00
       3562    134.000     8.1534     8.1519   3.620813   3.622253     1.8267    -0.0646      60.01 4.9492e-02 0.0000e+00    79.5434    4.44351    34.7801    34.7969    27.0783    1484.97    1482.44 0.0000e+00
       3583    135.000     8.1485     8.1469   3.620688   3.622119     1.8269    -0.0603      39.69 4.9477e-02 0.0000e+00    79.5700    4.44567    34.7831    34.8000    27.0814    1484.98    1482.46 0.0000e+00
       3605    136.000     8.1458     8.1443   3.620638   3.622087     1.8270    -0.0689      28.48 4.9472e-02 0.0000e+00    79.6039    4.44609    34.7848    34.8017    27.0831    1484.98    1482.47 0.0000e+00
       3626    137.000     8.1408     8.1395   3.620510   3.621945     1.8269    -0.0619      27.84 4.9477e-02 0.0000e+00    79.6719    4.44449    34.7879    34.8045    27.0863    1484.99    1482.49 0.0000e+00
       3648    138.000     8.1329     8.1314   3.620275   3.621712     1.8270    -0.0688      27.18 4.9498e-02 0.0000e+00    79.7045    4.44406    34.7927    34.8096    27.0913    1484.98    1482.51 0.0000e+00
       3669    139.000     8.1317     8.1299   3.620288   3.621732     1.8263    -0.0642      26.09 4.9485e-02 0.0000e+00    79.6740    4.44070    34.7935    34.8108    27.0922    1484.99    1482.53 0.0000e+00
       3690    140.000     8.1299     8.1285   3.620275   3.621722     1.8261    -0.0656      25.25 4.9485e-02 0.0000e+00    79.6299    4.44351    34.7947    34.8116    27.0934    1485.00    1482.55 0.0000e+00
       3711    141.000     8.1233     8.1219   3.620082   3.621531     1.8260    -0.0688      23.54 4.9499e-02 0.0000e+00    79.6944    4.44534    34.7987    34.8156    27.0975    1485.00    1482.56 0.0000e+00
       3732    142.000     8.1183     8.1169   3.619936   3.621375     1.8259    -0.0673      22.95 4.9496e-02 0.0000e+00    79.8277    4.44922    34.8016    34.8184    27.1005    1485.00    1482.58 0.0000e+00
       3754    143.000     8.1150     8.1133   3.619820   3.621252     1.8264    -0.0646      21.86 4.9499e-02 0.0000e+00    79.9633    4.45552    34.8032    34.8202    27.1023    1485.01    1482.60 0.0000e+00
       3775    144.000     8.1091     8.1077   3.619634   3.621060     1.8267    -0.0660      20.99 4.9492e-02 0.0000e+00    79.9955    4.46155    34.8065    34.8232    27.1058    1485.01    1482.61 0.0000e+00
       3796    145.000     8.1037     8.1022   3.619474   3.620911     1.8280    -0.0665      19.92 4.9492e-02 0.0000e+00    79.9352    4.46736    34.8097    34.8266    27.1091    1485.01    1482.63 0.0000e+00
       3817    146.000     8.1018     8.1001   3.619443   3.620875     1.8282    -0.0678      18.89 4.9477e-02 0.0000e+00    79.7873    4.45555    34.8108    34.8278    27.1102    1485.02    1482.65 0.0000e+00
       3839    147.000     8.0987     8.0972   3.619355   3.620788     1.8276    -0.0661      17.87 4.9492e-02 0.0000e+00    79.6994    4.44779    34.8124    34.8293    27.1120    1485.02    1482.66 0.0000e+00
       3860    148.000     8.0943     8.0929   3.619261   3.620703     1.8265    -0.0658      16.78 4.9479e-02 0.0000e+00    79.6510    4.44481    34.8153    34.8321    27.1149    1485.03    1482.68 0.0000e+00
       3881    149.000     8.0914     8.0899   3.619187   3.620633     1.8259    -0.0559      15.84 4.9479e-02 0.0000e+00    79.5759    4.44265    34.8169    34.8339    27.1166    1485.03    1482.69 0.0000e+00
       3902    150.000     8.0885     8.0870   3.619100   3.620545     1.8248    -0.0593      14.99 4.9471e-02 0.0000e+00    79.6178    4.44134    34.8184    34.8353    27.1182    1485.04    1482.71 0.0000e+00
       3924    151.000     8.0844     8.0832   3.618994   3.620439     1.8244 -9.990e-29      13.95 4.9464e-02 0.0000e+00    79.7993    4.45066    34.8208    34.8375    27.1208    1485.05    1482.73 0.0000e+00
       3948    152.000     8.0786     8.0771   3.618798   3.620230     1.8248 -9.990e-29      12.99 4.9489e-02 0.0000e+00    79.7745    4.45415    34.8240    34.8408    27.1241    1485.04    1482.74 0.0000e+00
       3983    153.000     8.0767     8.0751   3.618753   3.620188     1.8250 -9.990e-29      11.68 4.9491e-02 0.0000e+00    79.9272    4.46144    34.8249    34.8419    27.1251    1485.05    1482.76 0.0000e+00
