_data/ctd/2022603/sta0160.cnv
* Sea-Bird SBE 9 Data File:
* FileName = C:\Seabird\CTDData\sta0160.hex
* Software Version Seasave V 7.21f
* Temperature SN = 6264
* Conductivity SN = 4928
* Number of Bytes Per Scan = 40
* Number of Voltage Words = 5
* Number of Scans Averaged by the Deck Unit = 1
* NMEA Latitude = 59 35.60 N
* NMEA Longitude = 005 15.64 E
* NMEA UTC (Time) = Feb 11 2022 13:20:18
* NMEA baud rate = 4800
** Ship: R/V "Kristine Bonnevie"
** Station: 0160
** Echodepth: 383
** Log: 0295.892
** Wind-Dir/Force: 17 14
** Air-temp (dry): 1.8
** Weather Sky:
** Sea:
# nquan = 19                                
# nvalues = 378                         
# units = specified
# name 0 = scan: Scan Count
# name 1 = prDM: Pressure, Digiquartz [db]
# name 2 = t068C: Temperature [ITS-68, deg C]
# name 3 = t168C: Temperature, 2 [ITS-68, deg C]
# name 4 = c0S/m: Conductivity [S/m]
# name 5 = c1S/m: Conductivity, 2 [S/m]
# name 6 = sbeox0V: Oxygen raw, SBE 43 [V]
# name 7 = flECO-AFL: Fluorescence, WET Labs ECO-AFL/FL [mg/m^3]
# name 8 = altM: Altimeter [m]
# name 9 = par: PAR/Irradiance, Biospherical/Licor
# name 10 = spar: SPAR/Surface Irradiance
# name 11 = CStarTr0: Beam Transmission, WET Labs C-Star [%]
# name 12 = sbeox0ML/L: Oxygen, SBE 43 [ml/l], WS = 2
# name 13 = sal00: Salinity, Practical [PSU]
# name 14 = sal11: Salinity, Practical, 2 [PSU]
# name 15 = sigma-t00: Density [sigma-t, Kg/m^3 ]
# name 16 = svCM: Sound Velocity [Chen-Millero, m/s]
# name 17 = avgsvCM: Average Sound Velocity [Chen-Millero, m/s], minP = 1, minS = 5
# name 18 = flag: flag
# span 0 =         22,       8614       
# span 1 =      2.000,    379.000       
# span 2 =     7.0770,     8.2476       
# span 3 =     7.0870,     8.2461       
# span 4 =   3.353463,   3.628501       
# span 5 =   3.355551,   3.629592       
# span 6 =     2.1041,     2.5308       
# span 7 =    -0.0887,     0.5578       
# span 8 =       6.51,     100.31       
# span 9 = 4.9444e-02, 3.1622e+01       
# span 10 = 5.9960e+01, 6.7209e+01      
# span 11 =    76.8183,    80.8989      
# span 12 =    5.54766,    6.89506      
# span 13 =    33.0041,    34.9142      
# span 14 =    33.0173,    34.9273      
# span 15 =    25.8365,    27.2095      
# span 16 =    1476.49,    1488.53      
# span 17 =    1476.49,    1485.02      
# span 18 = 0.0000e+00, 0.0000e+00      
# interval = decibars: 1                
# start_time = Feb 11 2022 13:20:20 [System UTC, header]
# bad_flag = -9.990e-29
*END*
         22      2.000     7.0770     7.0870   3.353463   3.355551     2.4371     0.5553      62.33 3.1622e+01 5.9960e+01    79.7399    6.61739    33.0041    33.0173    25.8365    1476.49    1476.49 0.0000e+00
         55      3.000     7.1465     7.1600   3.372448   3.378353     2.4366     0.5574      47.48 2.5727e+01 5.9960e+01    79.8139    6.60025    33.1441    33.1955    25.9373    1476.95    1476.64 0.0000e+00
         88      4.000     7.2157     7.2057   3.389972   3.389184     2.4373     0.5578     100.31 2.0689e+01 5.9960e+01    79.8952    6.59408    33.2680    33.2691    26.0253    1477.39    1476.83 0.0000e+00
        117      5.000     7.2584     7.2468   3.403695   3.402134     2.4391     0.4997      98.82 1.7069e+01 5.9960e+01    79.9284    6.60333    33.3758    33.3700    26.1042    1477.70    1477.00 0.0000e+00
        143      6.000     7.2809     7.2736   3.417016   3.416565     2.4413     0.4596      98.82 1.4116e+01 5.9960e+01    79.9437    6.60802    33.4985    33.5007    26.1977    1477.96    1477.16 0.0000e+00
        169      7.000     7.2821     7.2798   3.421840   3.422273     2.4448     0.4337      98.82 1.1767e+01 5.9960e+01    79.9446    6.62938    33.5494    33.5563    26.2376    1478.04    1477.29 0.0000e+00
        196      8.000     7.2912     7.2888   3.427512   3.428135     2.4496     0.4104      98.82 1.0113e+01 5.9960e+01    79.9002    6.66461    33.6018    33.6109    26.2775    1478.16    1477.40 0.0000e+00
        221      9.000     7.2981     7.2960   3.431366   3.432055     2.4563     0.3891      98.83 8.7698e+00 5.9960e+01    79.9058    6.69723    33.6366    33.6461    26.3039    1478.25    1477.49 0.0000e+00
        244     10.000     7.3016     7.3003   3.434720   3.435504     2.4627     0.3715      98.82 7.5216e+00 5.9960e+01    79.8889    6.71680    33.6692    33.6790    26.3291    1478.32    1477.57 0.0000e+00
        265     11.000     7.2979     7.2978   3.437317   3.438197     2.4682     0.3716      98.82 6.6230e+00 5.9960e+01    79.8543    6.73070    33.7006    33.7103    26.3543    1478.36    1477.64 0.0000e+00
        286     12.000     7.2916     7.2905   3.438076   3.438977     2.4735     0.3716      98.82 5.8528e+00 5.9960e+01    79.8558    6.74582    33.7145    33.7254    26.3662    1478.37    1477.70 0.0000e+00
        308     13.000     7.2901     7.2888   3.438257   3.439152     2.4785     0.3716      98.82 5.1255e+00 5.9960e+01    79.8329    6.76724    33.7174    33.7285    26.3687    1478.38    1477.76 0.0000e+00
        331     14.000     7.2880     7.2870   3.438257   3.439161     2.4846     0.3716      98.83 4.5501e+00 5.9960e+01    79.7998    6.79446    33.7190    33.7298    26.3702    1478.39    1477.80 0.0000e+00
        353     15.000     7.2862     7.2851   3.438388   3.439301     2.4904     0.3716      98.82 4.0235e+00 5.9960e+01    79.7936    6.81102    33.7217    33.7327    26.3726    1478.40    1477.84 0.0000e+00
        372     16.000     7.3006     7.2935   3.440772   3.441316     2.4955     0.3716      98.83 3.5258e+00 5.9960e+01    79.7972    6.82259    33.7331    33.7460    26.3796    1478.49    1477.88 0.0000e+00
        392     17.000     7.3447     7.3418   3.446792   3.447689     2.5000     0.3716      98.83 3.1378e+00 5.9960e+01    79.8139    6.82422    33.7551    33.7677    26.3907    1478.70    1477.93 0.0000e+00
        413     18.000     7.3417     7.3410   3.446719   3.447642     2.5043     0.3716      98.83 2.7945e+00 5.9960e+01    79.8688    6.83371    33.7568    33.7675    26.3924    1478.71    1477.97 0.0000e+00
        434     19.000     7.3374     7.3365   3.446773   3.447618     2.5080     0.3502      98.83 2.5070e+00 5.9960e+01    79.9316    6.82524    33.7611    33.7712    26.3964    1478.72    1478.01 0.0000e+00
        455     20.000     7.3342     7.3331   3.447106   3.448033     2.5090     0.3370      98.83 2.2449e+00 5.9960e+01    79.9564    6.80527    33.7674    33.7785    26.4018    1478.73    1478.05 0.0000e+00
        477     21.000     7.3397     7.3357   3.449240   3.450012     2.5090     0.3390      98.83 2.0195e+00 5.9960e+01    79.9325    6.79788    33.7847    33.7970    26.4147    1478.79    1478.08 0.0000e+00
        497     22.000     7.3960     7.3910   3.458565   3.459490     2.5088     0.3393      98.83 1.8111e+00 5.9960e+01    79.9733    6.78572    33.8306    33.8456    26.4429    1479.08    1478.13 0.0000e+00
        517     23.000     7.3758     7.3777   3.458496   3.459505     2.5088     0.2902      98.83 1.6248e+00 5.9960e+01    79.9722    6.79099    33.8491    33.8583    26.4603    1479.04    1478.17 0.0000e+00
        538     24.000     7.3414     7.3437   3.456392   3.457361     2.5088     0.2907      98.83 1.4609e+00 5.9960e+01    79.9952    6.78669    33.8594    33.8677    26.4732    1478.94    1478.20 0.0000e+00
        558     25.000     7.3052     7.3046   3.453372   3.454245     2.5071     0.2726      98.83 1.3204e+00 5.9960e+01    80.0052    6.77566    33.8615    33.8716    26.4799    1478.82    1478.22 0.0000e+00
        579     26.000     7.2920     7.2918   3.452348   3.453282     2.5053     0.2551      98.83 1.1947e+00 5.9960e+01    79.9837    6.78189    33.8628    33.8731    26.4828    1478.78    1478.25 0.0000e+00
        601     27.000     7.2850     7.2826   3.452859   3.453738     2.5050     0.2874      98.83 1.0801e+00 5.9960e+01    79.9822    6.80402    33.8747    33.8866    26.4932    1478.79    1478.27 0.0000e+00
        621     28.000     7.2930     7.2927   3.454673   3.455637     2.5065     0.3335      98.83 9.7154e-01 5.9960e+01    79.9797    6.82129    33.8861    33.8969    26.5010    1478.85    1478.29 0.0000e+00
        640     29.000     7.2647     7.2662   3.453054   3.454072     2.5081     0.3130      98.83 8.7530e-01 5.9960e+01    79.9907    6.83638    33.8958    33.9054    26.5126    1478.77    1478.30 0.0000e+00
        660     30.000     7.2578     7.2564   3.452536   3.453444     2.5101     0.2849      98.83 7.9202e-01 5.9960e+01    79.9564    6.84092    33.8964    33.9077    26.5140    1478.76    1478.32 0.0000e+00
        681     31.000     7.2558     7.2542   3.452429   3.453342     2.5115     0.2810      98.83 7.1661e-01 5.9960e+01    79.9699    6.84991    33.8967    33.9082    26.5145    1478.77    1478.33 0.0000e+00
        701     32.000     7.2528     7.2521   3.452252   3.453211     2.5138     0.2502      98.83 6.4894e-01 5.9960e+01    79.9822    6.86905    33.8972    33.9084    26.5154    1478.77    1478.35 0.0000e+00
        721     33.000     7.2498     7.2486   3.452083   3.453019     2.5167     0.2703      98.83 5.8796e-01 5.9960e+01    79.9768    6.88068    33.8978    33.9092    26.5163    1478.78    1478.36 0.0000e+00
        740     34.000     7.2472     7.2462   3.451938   3.452870     2.5189     0.2693      98.42 5.3088e-01 5.9960e+01    79.9821    6.88541    33.8983    33.9095    26.5170    1478.79    1478.37 0.0000e+00
        760     35.000     7.2445     7.2433   3.451822   3.452762     2.5210     0.2504      98.82 4.8111e-01 5.9960e+01    79.9978    6.88770    33.8992    33.9106    26.5181    1478.79    1478.38 0.0000e+00
        780     36.000     7.2442     7.2428   3.451950   3.452889     2.5226     0.2834      94.44 4.3854e-01 5.9960e+01    79.9988    6.89005    33.9004    33.9120    26.5191    1478.81    1478.40 0.0000e+00
        802     37.000     7.2737     7.2685   3.455906   3.456643     2.5244     0.2590      71.49 4.0024e-01 5.9960e+01    80.0267    6.89314    33.9141    33.9273    26.5258    1478.96    1478.41 0.0000e+00
        824     38.000     7.3378     7.3284   3.464799   3.465334     2.5264     0.2731      75.42 3.6252e-01 5.9960e+01    80.0538    6.89406    33.9476    33.9627    26.5431    1479.26    1478.43 0.0000e+00
        846     39.000     7.3786     7.3729   3.470175   3.470838     2.5290     0.2684      85.79 3.2633e-01 5.9960e+01    80.0869    6.89506    33.9656    33.9784    26.5515    1479.46    1478.46 0.0000e+00
        867     40.000     7.4501     7.4455   3.479159   3.480597     2.5306     0.2439      85.91 2.9678e-01 5.9960e+01    80.1033    6.87161    33.9926    34.0128    26.5627    1479.78    1478.49 0.0000e+00
        889     41.000     7.6013     7.5912   3.497755   3.498912     2.5308     0.2081      98.79 2.6963e-01 5.9960e+01    80.1316    6.83182    34.0455    34.0679    26.5827    1480.44    1478.54 0.0000e+00
        914     42.000     7.9160     7.8717   3.536769   3.536025     2.5301     0.2097      86.77 2.4589e-01 5.9960e+01    80.1478    6.76704    34.1575    34.1929    26.6249    1481.80    1478.62 0.0000e+00
        939     43.000     8.1556     8.1512   3.566757   3.567850     2.5292     0.1282      78.87 2.2527e-01 5.9960e+01    80.2199    6.71010    34.2440    34.2600    26.6571    1482.82    1478.72 0.0000e+00
        961     44.000     8.1123     8.1134   3.563496   3.564556     2.5252     0.0296      95.08 2.0340e-01 5.9960e+01    80.3474    6.57818    34.2510    34.2613    26.6691    1482.69    1478.81 0.0000e+00
        982     45.000     8.0932     8.0912   3.563546   3.564592     2.5048     0.0129      88.90 1.8802e-01 5.9960e+01    80.5355    6.33496    34.2697    34.2829    26.6867    1482.65    1478.89 0.0000e+00
       1003     46.000     8.0959     8.0949   3.568261   3.569528     2.4725     0.0198      35.62 1.7512e-01 5.9960e+01    80.5728    6.15420    34.3171    34.3316    26.7234    1482.74    1478.97 0.0000e+00
       1024     47.000     8.1415     8.1377   3.577197   3.578523     2.4399     0.0053      98.51 1.6250e-01 5.9988e+01    80.5625    6.07742    34.3674    34.3853    26.7561    1482.99    1479.06 0.0000e+00
       1045     48.000     8.2188     8.2128   3.592332   3.593386     2.4133    -0.0435      66.28 1.4903e-01 6.0898e+01    80.5897    6.04822    34.4528    34.4699    26.8115    1483.40    1479.15 0.0000e+00
       1066     49.000     8.2205     8.2188   3.594958   3.596161     2.3923    -0.0389      98.65 1.3438e-01 6.1547e+01    80.6550    6.03131    34.4786    34.4931    26.8315    1483.46    1479.24 0.0000e+00
       1088     50.000     8.2197     8.2178   3.595363   3.596403     2.3732    -0.0384      98.82 1.2132e-01 6.1783e+01    80.7193    5.98253    34.4833    34.4962    26.8353    1483.48    1479.32 0.0000e+00
       1110     51.000     8.2187     8.2180   3.595244   3.596454     2.3538    -0.0432      59.46 1.1328e-01 6.1957e+01    80.7769    5.92734    34.4825    34.4961    26.8348    1483.49    1479.40 0.0000e+00
       1134     52.000     8.2195     8.2179   3.595505   3.596652     2.3349    -0.0454      93.71 1.0736e-01 6.1959e+01    80.8017    5.88893    34.4840    34.4978    26.8359    1483.51    1479.48 0.0000e+00
       1158     53.000     8.2195     8.2180   3.595883   3.596997     2.3185    -0.0485      92.75 1.0026e-01 6.1959e+01    80.8055    5.87016    34.4876    34.5009    26.8387    1483.53    1479.56 0.0000e+00
       1182     54.000     8.2195     8.2181   3.596051   3.597155     2.3056    -0.0562      48.18 9.1978e-02 6.1959e+01    80.7979    5.86559    34.4889    34.5020    26.8397    1483.55    1479.63 0.0000e+00
       1204     55.000     8.2235     8.2215   3.596899   3.597919     2.2972    -0.0451      91.76 8.4305e-02 6.1959e+01    80.8058    5.86508    34.4935    34.5064    26.8427    1483.58    1479.70 0.0000e+00
       1225     56.000     8.2371     8.2319   3.599937   3.600517     2.2903    -0.0586      83.87 7.7635e-02 6.1959e+01    80.8284    5.85505    34.5121    34.5234    26.8552    1483.68    1479.77 0.0000e+00
       1247     57.000     8.2446     8.2416   3.601824   3.602718     2.2849    -0.0586      60.29 6.9293e-02 6.1959e+01    80.8342    5.85174    34.5243    34.5368    26.8637    1483.74    1479.84 0.0000e+00
       1269     58.000     8.2476     8.2461   3.604111   3.605145     2.2803    -0.0497      88.02 6.4789e-02 6.1959e+01    80.8322    5.84527    34.5453    34.5578    26.8797    1483.79    1479.91 0.0000e+00
       1292     59.000     8.2340     8.2330   3.604159   3.605232     2.2758    -0.0537      76.08 6.0861e-02 6.1959e+01    80.8354    5.83259    34.5587    34.5712    26.8923    1483.77    1479.98 0.0000e+00
       1316     60.000     8.2311     8.2306   3.604572   3.605821     2.2714 -9.990e-29      94.18 5.9280e-02 6.1959e+01    80.8761    5.81908    34.5655    34.5793    26.8981    1483.78    1480.04 0.0000e+00
       1338     61.000     8.2319     8.2311   3.605051   3.606185     2.2670 -9.990e-29      94.34 5.5241e-02 6.1959e+01    80.8859    5.80873    34.5693    34.5822    26.9010    1483.81    1480.10 0.0000e+00
       1360     62.000     8.2187     8.2193   3.604736   3.605889     2.2636 -9.990e-29      98.85 5.1700e-02 6.1959e+01    80.8989    5.80376    34.5785    34.5902    26.9102    1483.79    1480.16 0.0000e+00
       1381     63.000     8.1910     8.1916   3.602860   3.603978     2.2601 -9.990e-29      95.78 4.9477e-02 6.1959e+01    80.8635    5.79859    34.5853    34.5966    26.9197    1483.71    1480.22 0.0000e+00
       1401     64.000     8.1749     8.1740   3.602476   3.603471     2.2572 -9.990e-29      53.17 4.9481e-02 6.1959e+01    80.8701    5.79617    34.5966    34.6081    26.9310    1483.68    1480.27 0.0000e+00
       1421     65.000     8.1433     8.1427   3.600212   3.601267     2.2548 -9.990e-29      98.30 4.9494e-02 6.1959e+01    80.8434    5.79614    34.6031    34.6149    26.9409    1483.58    1480.32 0.0000e+00
       1443     66.000     8.1484     8.1452   3.602568   3.603683     2.2522 -9.990e-29      63.55 4.9481e-02 6.1959e+01    80.8402    5.79513    34.6227    34.6378    26.9555    1483.64    1480.37 0.0000e+00
       1467     67.000     8.1585     8.1565   3.605677   3.606644     2.2508 -9.990e-29      98.77 4.9503e-02 6.1959e+01    80.8241    5.80752    34.6455    34.6578    26.9719    1483.73    1480.42 0.0000e+00
       1491     68.000     8.1364     8.1356   3.603739   3.604821     2.2513 -9.990e-29      92.77 4.9509e-02 6.2043e+01    80.8355    5.81768    34.6461    34.6585    26.9757    1483.66    1480.47 0.0000e+00
       1515     69.000     8.1231     8.1225   3.602704   3.603792     2.2506 -9.990e-29      36.89 4.9497e-02 6.2356e+01    80.8193    5.80621    34.6477    34.6600    26.9790    1483.63    1480.51 0.0000e+00
       1538     70.000     8.1140     8.1128   3.602107   3.603177     2.2491 -9.990e-29      95.32 4.9468e-02 6.3390e+01    80.8107    5.79508    34.6499    34.6625    26.9820    1483.61    1480.56 0.0000e+00
       1562     71.000     8.1021     8.1026   3.601065   3.602242     2.2473 -9.990e-29      66.17 4.9474e-02 6.3873e+01    80.7939    5.79644    34.6500    34.6621    26.9839    1483.59    1480.60 0.0000e+00
       1585     72.000     8.0918     8.0903   3.600308   3.601381     2.2465 -9.990e-29      97.05 4.9472e-02 6.3958e+01    80.7973    5.80580    34.6516    34.6646    26.9867    1483.56    1480.64 0.0000e+00
       1606     73.000     8.0870     8.0856   3.600362   3.601407     2.2463 -9.990e-29      86.45 4.9492e-02 6.3957e+01    80.7653    5.80636    34.6564    34.6690    26.9912    1483.57    1480.68 0.0000e+00
       1626     74.000     8.0879     8.0858   3.601747   3.602691     2.2459 -9.990e-29      27.15 4.9515e-02 6.3957e+01    80.7437    5.81092    34.6699    34.6821    27.0017    1483.61    1480.72 0.0000e+00
       1648     75.000     8.0905     8.0887   3.602677   3.603721     2.2463 -9.990e-29      97.11 4.9489e-02 6.3957e+01    80.7198    5.81481    34.6768    34.6898    27.0067    1483.64    1480.76 0.0000e+00
       1671     76.000     8.0934     8.0913   3.603642   3.604630     2.2466 -9.990e-29      65.16 4.9474e-02 6.3957e+01    80.6852    5.81441    34.6838    34.6964    27.0118    1483.68    1480.80 0.0000e+00
       1694     77.000     8.1033     8.1000   3.606318   3.607404     2.2468 -9.990e-29      98.87 4.9487e-02 6.3957e+01    80.6667    5.81285    34.7021    34.7170    27.0247    1483.75    1480.84 0.0000e+00
