_data/ctd/2022603/sta0177.cnv
* Sea-Bird SBE 9 Data File:
* FileName = C:\Seabird\CTDData\sta0177.hex
* Software Version Seasave V 7.21f
* Temperature SN = 6264
* Conductivity SN = 4928
* Number of Bytes Per Scan = 40
* Number of Voltage Words = 5
* Number of Scans Averaged by the Deck Unit = 1
* NMEA Latitude = 60 51.53 N
* NMEA Longitude = 004 40.92 E
* NMEA UTC (Time) = Feb 13 2022 04:43:27
* NMEA baud rate = 4800
** Ship: R/V "Kristine Bonnevie"
** Station: 0177
** Echodepth: 437
** Log: 0537.952
** Wind-Dir/Force: 20 26
** Air-temp (dry): 7.2
** Weather Sky:
** Sea:
# nquan = 19                                
# nvalues = 434                         
# units = specified
# name 0 = scan: Scan Count
# name 1 = prDM: Pressure, Digiquartz [db]
# name 2 = t068C: Temperature [ITS-68, deg C]
# name 3 = t168C: Temperature, 2 [ITS-68, deg C]
# name 4 = c0S/m: Conductivity [S/m]
# name 5 = c1S/m: Conductivity, 2 [S/m]
# name 6 = sbeox0V: Oxygen raw, SBE 43 [V]
# name 7 = flECO-AFL: Fluorescence, WET Labs ECO-AFL/FL [mg/m^3]
# name 8 = altM: Altimeter [m]
# name 9 = par: PAR/Irradiance, Biospherical/Licor
# name 10 = spar: SPAR/Surface Irradiance
# name 11 = CStarTr0: Beam Transmission, WET Labs C-Star [%]
# name 12 = sbeox0ML/L: Oxygen, SBE 43 [ml/l], WS = 2
# name 13 = sal00: Salinity, Practical [PSU]
# name 14 = sal11: Salinity, Practical, 2 [PSU]
# name 15 = sigma-t00: Density [sigma-t, Kg/m^3 ]
# name 16 = svCM: Sound Velocity [Chen-Millero, m/s]
# name 17 = avgsvCM: Average Sound Velocity [Chen-Millero, m/s], minP = 1, minS = 5
# name 18 = flag: flag
# span 0 =          1,       9048       
# span 1 =      2.000,    435.000       
# span 2 =     6.7966,     8.2270       
# span 3 =     6.7940,     8.2250       
# span 4 =   3.231826,   3.650498       
# span 5 =   3.232804,   3.651868       
# span 6 =     2.1052,     2.5053       
# span 7 =    -0.1004,     0.3712       
# span 8 =       6.51,     100.52       
# span 9 = 4.9447e-02, 6.4164e-01       
# span 10 = 0.0000e+00, 0.0000e+00      
# span 11 =    80.0516,    81.6279      
# span 12 =    5.56853,    6.86394      
# span 13 =    31.9390,    35.0510      
# span 14 =    31.9522,    35.0672      
# span 15 =    25.0351,    27.3062      
# span 16 =    1474.06,    1489.90      
# span 17 =    1474.06,    1484.92      
# span 18 = 0.0000e+00, 0.0000e+00      
# interval = decibars: 1                
# start_time = Feb 13 2022 04:43:30 [System UTC, header]
# bad_flag = -9.990e-29
*END*
[from data line 77]
       1905     79.000     7.0436     7.0421   3.447590   3.448749     2.4651     0.2824      95.22 4.9467e-02 0.0000e+00    80.1300    6.72360    34.0291    34.0433    26.6482    1478.90    1477.66 0.0000e+00
       1921     80.000     7.0419     7.0402   3.447501   3.448663     2.4644     0.2674      98.71 4.9495e-02 0.0000e+00    80.1152    6.72725    34.0294    34.0438    26.6486    1478.91    1477.67 0.0000e+00
       1938     81.000     7.0415     7.0400   3.447519   3.448710     2.4638     0.2497      94.86 4.9447e-02 0.0000e+00    80.1173    6.73162    34.0295    34.0440    26.6488    1478.93    1477.69 0.0000e+00
       1961     82.000     7.0410     7.0395   3.447517   3.448702     2.4635     0.2550      80.57 4.9489e-02 0.0000e+00    80.1288    6.72816    34.0294    34.0439    26.6488    1478.94    1477.71 0.0000e+00
       2003     83.000     7.0406     7.0391   3.447522   3.448712     2.4629     0.3123      32.56 4.9487e-02 0.0000e+00    80.1307    6.74028    34.0294    34.0439    26.6488    1478.95    1477.72 0.0000e+00
       2033     84.000     7.0393     7.0379   3.447484   3.448675     2.4637     0.2606      99.94 4.9472e-02 0.0000e+00    80.1262    6.74145    34.0298    34.0442    26.6493    1478.97    1477.73 0.0000e+00
       2050     85.000     7.0390     7.0377   3.447496   3.448709     2.4636     0.2273      58.88 4.9482e-02 0.0000e+00    80.1517    6.73771    34.0297    34.0443    26.6493    1478.98    1477.75 0.0000e+00
       2066     86.000     7.0387     7.0369   3.447512   3.448684     2.4635     0.2030      73.80 4.9509e-02 0.0000e+00    80.0899    6.73513    34.0297    34.0443    26.6493    1479.00    1477.76 0.0000e+00
       2079     87.000     7.0384     7.0366   3.447686   3.448850     2.4629     0.2298      98.98 4.9449e-02 0.0000e+00    80.1457    6.73085    34.0314    34.0460    26.6507    1479.01    1477.78 0.0000e+00
       2091     88.000     7.0377     7.0362   3.447734   3.448889     2.4630     0.2491      98.68 4.9481e-02 0.0000e+00    80.1153    6.72954    34.0321    34.0463    26.6514    1479.03    1477.79 0.0000e+00
       2106     89.000     7.0349     7.0337   3.447881   3.449061     2.4619     0.2495      35.89 4.9462e-02 0.0000e+00    80.1134    6.72763    34.0360    34.0502    26.6548    1479.04    1477.81 0.0000e+00
       2138     90.000     7.0351     7.0334   3.448445   3.449618     2.4613     0.2502      76.48 4.9484e-02 0.0000e+00    80.1282    6.73139    34.0415    34.0561    26.6591    1479.06    1477.82 0.0000e+00
       2168     91.000     7.0396     7.0386   3.450773   3.452280     2.4607     0.3314      72.78 4.9456e-02 0.0000e+00    80.1232    6.72982    34.0621    34.0796    26.6747    1479.12    1477.83 0.0000e+00
       2187     92.000     7.0407     7.0391   3.451341   3.452523     2.4604     0.2665      93.80 4.9491e-02 0.0000e+00    80.1303    6.72742    34.0668    34.0813    26.6782    1479.15    1477.85 0.0000e+00
       2202     93.000     7.0391     7.0373   3.451438   3.452593     2.4605     0.2525      23.84 4.9489e-02 0.0000e+00    80.1185    6.72598    34.0689    34.0834    26.6802    1479.16    1477.86 0.0000e+00
       2216     94.000     7.0326     7.0318   3.450982   3.452199     2.4595 -9.990e-29      64.82 4.9449e-02 0.0000e+00    80.1115    6.71824    34.0699    34.0840    26.6818    1479.16    1477.88 0.0000e+00
       2230     95.000     7.0310     7.0294   3.450896   3.452077     2.4589 -9.990e-29      85.96 4.9481e-02 0.0000e+00    80.0869    6.71323    34.0700    34.0845    26.6821    1479.17    1477.89 0.0000e+00
       2252     96.000     7.0303     7.0289   3.450880   3.452070     2.4571 -9.990e-29      96.72 4.9481e-02 0.0000e+00    80.0713    6.70621    34.0700    34.0845    26.6822    1479.18    1477.90 0.0000e+00
       2285     97.000     7.0259     7.0254   3.450561   3.451798     2.4547 -9.990e-29      74.13 4.9481e-02 0.0000e+00    80.0943    6.70376    34.0704    34.0845    26.6831    1479.18    1477.92 0.0000e+00
       2308     98.000     7.0442     7.0379   3.453413   3.454377     2.4538     0.3093      47.33 4.9501e-02 0.0000e+00    80.0962    6.69775    34.0831    34.0999    26.6906    1479.28    1477.93 0.0000e+00
       2324     99.000     7.1110     7.1046   3.461811   3.463267     2.4525     0.3712      98.52 4.9495e-02 0.0000e+00    80.0516    6.68251    34.1086    34.1308    26.7015    1479.59    1477.95 0.0000e+00
       2338    100.000     7.2142     7.2088   3.474452   3.476883     2.4518     0.3122      52.18 4.9498e-02 0.0000e+00    80.0828    6.67622    34.1443    34.1762    26.7153    1480.05    1477.97 0.0000e+00
       2353    101.000     7.3630     7.3490   3.492557   3.493534     2.4524     0.2527      70.11 4.9535e-02 0.0000e+00    80.1375    6.66751    34.1943    34.2187    26.7336    1480.70    1478.00 0.0000e+00
       2374    102.000     7.5807     7.5550   3.520324   3.520111     2.4540     0.2495      97.46 4.9486e-02 0.0000e+00    80.2408    6.64865    34.2804    34.3035    26.7703    1481.66    1478.03 0.0000e+00
       2402    103.000     7.6843     7.6690   3.534687   3.534344     2.4572     0.2495      43.30 4.9469e-02 0.0000e+00    80.3744    6.61751    34.3331    34.3445    26.7968    1482.13    1478.07 0.0000e+00
       2425    104.000     7.7436     7.7361   3.543680   3.544945     2.4546     0.1407      91.59 4.9491e-02 0.0000e+00    80.5127    6.52232    34.3712    34.3923    26.8181    1482.42    1478.11 0.0000e+00
       2442    105.000     7.7911     7.7887   3.551851   3.553111     2.4478     0.0791      29.99 4.9480e-02 0.0000e+00    80.6916    6.45167    34.4120    34.4280    26.8432    1482.67    1478.16 0.0000e+00
       2459    106.000     7.7790     7.7773   3.551628   3.552965     2.4401     0.0127      97.17 4.9488e-02 0.0000e+00    80.8402    6.41281    34.4211    34.4372    26.8521    1482.65    1478.20 0.0000e+00
       2477    107.000     7.7771     7.7802   3.551447   3.553058     2.4305     0.0535      49.86 4.9492e-02 0.0000e+00    80.9205    6.36609    34.4205    34.4348    26.8519    1482.66    1478.24 0.0000e+00
       2501    108.000     7.7434     7.7433   3.548134   3.549413     2.4174     0.0369      71.76 4.9497e-02 0.0000e+00    80.9748    6.32471    34.4176    34.4315    26.8545    1482.55    1478.28 0.0000e+00
       2523    109.000     7.7413     7.7383   3.547882   3.549035     2.4055 -9.990e-29      85.87 4.9483e-02 0.0000e+00    80.6192    6.29218    34.4164    34.4318    26.8540    1482.55    1478.32 0.0000e+00
       2540    110.000     7.7421     7.7403   3.547913   3.549217     2.3965 -9.990e-29      99.16 4.9465e-02 0.0000e+00    80.9197    6.28492    34.4155    34.4313    26.8531    1482.57    1478.36 0.0000e+00
       2556    111.000     7.7292     7.7302   3.546766   3.548184     2.3906 -9.990e-29      87.23 4.9482e-02 0.0000e+00    80.9126    6.29369    34.4154    34.4297    26.8549    1482.54    1478.40 0.0000e+00
       2571    112.000     7.7314     7.7292   3.547618   3.548883     2.3860 -9.990e-29      93.10 4.9491e-02 0.0000e+00    80.8900    6.29325    34.4219    34.4377    26.8597    1482.57    1478.43 0.0000e+00
       2589    113.000     7.7372     7.7357   3.549656   3.551141     2.3811 -9.990e-29      27.52 4.9460e-02 0.0000e+00    80.9012    6.29265    34.4377    34.4552    26.8713    1482.63    1478.47 0.0000e+00
       2613    114.000     7.7703     7.7674   3.557711   3.559059     2.3768     0.0143      45.53 4.9483e-02 0.0000e+00    80.8708    6.29154    34.4914    34.5088    26.9086    1482.84    1478.51 0.0000e+00
       2636    115.000     7.7817     7.7794   3.561993   3.563349     2.3740     0.0095      41.38 4.9505e-02 0.0000e+00    80.8974    6.29249    34.5258    34.5427    26.9340    1482.94    1478.55 0.0000e+00
       2655    116.000     7.7979     7.7954   3.565664   3.567083     2.3722     0.0166      98.61 4.9485e-02 0.0000e+00    80.8916    6.27775    34.5488    34.5666    26.9497    1483.05    1478.58 0.0000e+00
       2675    117.000     7.8093     7.8074   3.568202   3.569617     2.3690     0.0131      52.40 4.9479e-02 0.0000e+00    80.8569    6.25500    34.5644    34.5816    26.9603    1483.13    1478.62 0.0000e+00
       2698    118.000     7.8176     7.8154   3.570118   3.571426     2.3650     0.0041      43.80 4.9476e-02 0.0000e+00    80.8882    6.23245    34.5764    34.5926    26.9685    1483.19    1478.66 0.0000e+00
       2724    119.000     7.8261     7.8234   3.571667   3.572919     2.3594    -0.0137      95.78 4.9462e-02 0.0000e+00    80.9079    6.20600    34.5841    34.6003    26.9733    1483.25    1478.70 0.0000e+00
       2745    120.000     7.8394     7.8370   3.573556   3.574991     2.3543    -0.0173      31.54 4.9470e-02 0.0000e+00    80.8964    6.19073    34.5908    34.6087    26.9766    1483.32    1478.74 0.0000e+00
       2761    121.000     7.8637     7.8605   3.577468   3.578873     2.3514    -0.0165      83.61 4.9495e-02 0.0000e+00    80.9106    6.18335    34.6084    34.6267    26.9868    1483.45    1478.78 0.0000e+00
       2776    122.000     7.8838     7.8794   3.581040   3.582344     2.3486    -0.0187      18.80 4.9447e-02 0.0000e+00    80.9185    6.17377    34.6264    34.6448    26.9980    1483.57    1478.82 0.0000e+00
       2790    123.000     7.8977     7.8951   3.583647   3.585009     2.3461    -0.0209      22.22 4.9459e-02 0.0000e+00    80.9419    6.16703    34.6402    34.6574    27.0068    1483.66    1478.86 0.0000e+00
       2803    124.000     7.9005     7.8984   3.584249   3.585532     2.3442    -0.0138      83.66 4.9513e-02 0.0000e+00    80.9581    6.16097    34.6434    34.6593    27.0089    1483.69    1478.89 0.0000e+00
       2817    125.000     7.9005     7.8981   3.584333   3.585558     2.3419    -0.0157      98.28 4.9500e-02 0.0000e+00    80.9766    6.15058    34.6438    34.6594    27.0092    1483.70    1478.93 0.0000e+00
       2837    126.000     7.9035     7.9015   3.584831   3.586137     2.3379    -0.0166      69.44 4.9490e-02 0.0000e+00    80.9926    6.13103    34.6457    34.6618    27.0103    1483.73    1478.97 0.0000e+00
       2866    127.000     7.9047     7.9031   3.585027   3.586365     2.3318    -0.0161      78.41 4.9461e-02 0.0000e+00    80.9973    6.11245    34.6462    34.6622    27.0104    1483.76    1479.01 0.0000e+00
       2895    128.000     7.9028     7.9017   3.584818   3.586197     2.3267    -0.0210      31.36 4.9488e-02 0.0000e+00    81.0094    6.10912    34.6453    34.6613    27.0101    1483.76    1479.05 0.0000e+00
       2918    129.000     7.9268     7.9254   3.587829   3.589771     2.3238    -0.0402      99.92 4.9499e-02 0.0000e+00    81.0189    6.09989    34.6534    34.6757    27.0129    1483.88    1479.08 0.0000e+00
       2937    130.000     7.9875     7.9825   3.594906   3.596003     2.3210    -0.0396      69.32 4.9464e-02 0.0000e+00    81.0260    6.08983    34.6688    34.6855    27.0159    1484.15    1479.12 0.0000e+00
       2953    131.000     8.0299     8.0199   3.600602   3.601757     2.3199    -0.0195      27.55 4.9476e-02 0.0000e+00    81.0411    6.09317    34.6874    34.7097    27.0242    1484.35    1479.16 0.0000e+00
       2968    132.000     8.0559     8.0540   3.604189   3.605551     2.3195    -0.0370      97.54 4.9474e-02 0.0000e+00    81.0726    6.08728    34.6997    34.7161    27.0299    1484.48    1479.20 0.0000e+00
       2984    133.000     8.0708     8.0668   3.606495   3.607990     2.3180    -0.0516      65.54 4.9476e-02 0.0000e+00    81.1332    6.07329    34.7091    34.7291    27.0351    1484.56    1479.24 0.0000e+00
       3000    134.000     8.1201     8.1184   3.612258   3.614188     2.3166    -0.0534      63.59 4.9480e-02 0.0000e+00    81.2008    6.05310    34.7215    34.7439    27.0374    1484.78    1479.28 0.0000e+00
       3017    135.000     8.1667     8.1615   3.618163   3.619508     2.3141    -0.0485      97.17 4.9497e-02 0.0000e+00    81.1964    6.03147    34.7381    34.7576    27.0433    1484.99    1479.32 0.0000e+00
       3040    136.000     8.1956     8.1925   3.621957   3.623310     2.3110    -0.0478      42.58 4.9489e-02 0.0000e+00    81.2697    6.01896    34.7495    34.7670    27.0479    1485.13    1479.37 0.0000e+00
       3065    137.000     8.2102     8.2075   3.623920   3.625286     2.3069    -0.0538      97.39 4.9467e-02 0.0000e+00    81.3103    5.98961    34.7556    34.7728    27.0505    1485.21    1479.41 0.0000e+00
       3087    138.000     8.2270     8.2243   3.626211   3.627585     2.3022    -0.0653      41.85 4.9467e-02 0.0000e+00    81.3282    5.95977    34.7629    34.7803    27.0537    1485.30    1479.45 0.0000e+00
       3105    139.000     8.2258     8.2238   3.626331   3.627706     2.2973    -0.0611      80.47 4.9497e-02 0.0000e+00    81.4115    5.94222    34.7649    34.7816    27.0554    1485.31    1479.49 0.0000e+00
       3121    140.000     8.2266     8.2250   3.627001   3.628365     2.2936    -0.0661      99.07 4.9495e-02 0.0000e+00    81.4468    5.93647    34.7708    34.7869    27.0599    1485.34    1479.54 0.0000e+00
       3136    141.000     8.2055     8.2055   3.626282   3.627631     2.2905    -0.0698      35.19 4.9504e-02 0.0000e+00    81.4826    5.92865    34.7835    34.7979    27.0731    1485.29    1479.58 0.0000e+00
       3150    142.000     8.1719     8.1745   3.623699   3.625114     2.2872    -0.0604      63.58 4.9489e-02 0.0000e+00    81.4464    5.92187    34.7887    34.8013    27.0823    1485.19    1479.62 0.0000e+00
       3165    143.000     8.1456     8.1451   3.621716   3.623035     2.2835    -0.0603      98.64 4.9482e-02 0.0000e+00    81.4364    5.91924    34.7931    34.8077    27.0897    1485.11    1479.65 0.0000e+00
       3183    144.000     8.1225     8.1216   3.620701   3.622019     2.2803    -0.0702      41.32 4.9474e-02 0.0000e+00    81.4525    5.91613    34.8047    34.8197    27.1023    1485.05    1479.69 0.0000e+00
       3207    145.000     8.1212     8.1196   3.620910   3.622278     2.2758    -0.0654      60.61 4.9501e-02 0.0000e+00    81.4175    5.91570    34.8077    34.8239    27.1049    1485.07    1479.73 0.0000e+00
       3237    146.000     8.1191     8.1185   3.621023   3.622476     2.2725    -0.0668      71.68 4.9478e-02 0.0000e+00    81.3939    5.91867    34.8105    34.8267    27.1074    1485.08    1479.76 0.0000e+00
       3260    147.000     8.1096     8.1108   3.620090   3.621667     2.2707    -0.0692      85.51 4.9478e-02 0.0000e+00    81.3990    5.92377    34.8095    34.8252    27.1080    1485.06    1479.80 0.0000e+00
       3276    148.000     8.0990     8.0983   3.618995   3.620279     2.2703    -0.0701      67.50 4.9522e-02 0.0000e+00    81.4033    5.92459    34.8078    34.8222    27.1083    1485.03    1479.84 0.0000e+00
       3290    149.000     8.0781     8.0733   3.616823   3.617642     2.2691    -0.0698      98.79 4.9492e-02 0.0000e+00    81.3705    5.91944    34.8048    34.8183    27.1091    1484.97    1479.87 0.0000e+00
       3304    150.000     8.0679     8.0664   3.615828   3.617134     2.2679    -0.0582      85.84 4.9486e-02 0.0000e+00    81.3746    5.91489    34.8038    34.8193    27.1098    1484.95    1479.90 0.0000e+00
       3321    151.000     8.0588     8.0562   3.615010   3.616141     2.2665    -0.0501      78.06 4.9494e-02 0.0000e+00    81.3581    5.91716    34.8036    34.8183    27.1110    1484.93    1479.94 0.0000e+00
       3347    152.000     8.0443     8.0417   3.613731   3.614981     2.2654    -0.0651      71.00 4.9471e-02 0.0000e+00    81.3508    5.92834    34.8038    34.8198    27.1134    1484.89    1479.97 0.0000e+00
       3373    153.000     8.0468     8.0439   3.614497   3.615753     2.2649    -0.0726      87.64 4.9496e-02 0.0000e+00    81.3299    5.92853    34.8090    34.8254    27.1171    1484.92    1480.00 0.0000e+00
