_data/ctd/2022603/sta0209.cnv
* Sea-Bird SBE 9 Data File:
* FileName = C:\Seabird\CTDData\sta0209.hex
* Software Version Seasave V 7.21f
* Temperature SN = 6264
* Conductivity SN = 4928
* Number of Bytes Per Scan = 40
* Number of Voltage Words = 5
* Number of Scans Averaged by the Deck Unit = 1
* NMEA Latitude = 61 27.11 N
* NMEA Longitude = 005 32.49 E
* NMEA UTC (Time) = Feb 16 2022 00:11:49
* NMEA baud rate = 4800
** Ship: R/V "Kristine Bonnevie"
** Station: 0209
** Echodepth: 412
** Log: 0910.373
** Wind-Dir/Force: 91 13
** Air-temp (dry): 3.7
** Weather Sky:
** Sea:
# nquan = 19                                
# nvalues = 409                         
# units = specified
# name 0 = scan: Scan Count
# name 1 = prDM: Pressure, Digiquartz [db]
# name 2 = t068C: Temperature [ITS-68, deg C]
# name 3 = t168C: Temperature, 2 [ITS-68, deg C]
# name 4 = c0S/m: Conductivity [S/m]
# name 5 = c1S/m: Conductivity, 2 [S/m]
# name 6 = sbeox0V: Oxygen raw, SBE 43 [V]
# name 7 = flECO-AFL: Fluorescence, WET Labs ECO-AFL/FL [mg/m^3]
# name 8 = altM: Altimeter [m]
# name 9 = par: PAR/Irradiance, Biospherical/Licor
# name 10 = spar: SPAR/Surface Irradiance
# name 11 = CStarTr0: Beam Transmission, WET Labs C-Star [%]
# name 12 = sbeox0ML/L: Oxygen, SBE 43 [ml/l], WS = 2
# name 13 = sal00: Salinity, Practical [PSU]
# name 14 = sal11: Salinity, Practical, 2 [PSU]
# name 15 = sigma-t00: Density [sigma-t, Kg/m^3 ]
# name 16 = svCM: Sound Velocity [Chen-Millero, m/s]
# name 17 = avgsvCM: Average Sound Velocity [Chen-Millero, m/s], minP = 1, minS = 5
# name 18 = flag: flag
# span 0 =        192,       8841       
# span 1 =      1.000,    409.000       
# span 2 =     4.4827,     9.6445       
# span 3 =     4.4202,     9.6312       
# span 4 =   2.002573,   3.669521       
# span 5 =   1.981860,   3.671017       
# span 6 =     1.7250,     2.4980       
# span 7 =    -0.0765,     0.3032       
# span 8 =       6.04,      98.82       
# span 9 = 4.9439e-02, 7.5667e-01       
# span 10 = 0.0000e+00, 0.0000e+00      
# span 11 =    64.7000,    81.4237      
# span 12 =    4.04489,    7.79538      
# span 13 =    20.2214,    34.7501      
# span 14 =    20.0313,    34.7668      
# span 15 =    16.0199,    27.0210      
# span 16 =    1449.76,    1490.30      
# span 17 =    1449.76,    1486.91      
# span 18 = 0.0000e+00, 0.0000e+00      
# interval = decibars: 1                
# start_time = Feb 16 2022 00:11:51 [System UTC, header]
# bad_flag = -9.990e-29
*END*
[from data line 77]
       1970     78.000     9.1504     9.1500   3.662055   3.663519     2.1362    -0.0633      98.80 4.9464e-02 0.0000e+00    81.2646    5.29032    34.2687    34.2843    26.5217    1487.13    1484.17 0.0000e+00
       1992     79.000     9.1240     9.1235   3.660688   3.662127     2.1329    -0.0644      98.80 4.9472e-02 0.0000e+00    81.2558    5.28000    34.2794    34.2949    26.5343    1487.06    1484.21 0.0000e+00
       2013     80.000     9.1140     9.1123   3.661245   3.662706     2.1292    -0.0645      98.80 4.9479e-02 0.0000e+00    81.2518    5.26539    34.2943    34.3112    26.5476    1487.06    1484.24 0.0000e+00
       2034     81.000     9.0911     9.0911   3.661067   3.662497     2.1254    -0.0704      98.80 4.9472e-02 0.0000e+00    81.2621    5.26234    34.3141    34.3290    26.5668    1487.02    1484.28 0.0000e+00
       2055     82.000     9.0619     9.0620   3.660526   3.661981     2.1224    -0.0659      98.80 4.9458e-02 0.0000e+00    81.2586    5.26112    34.3361    34.3512    26.5887    1486.95    1484.31 0.0000e+00
       2077     83.000     9.0398     9.0387   3.659930   3.661363     2.1196    -0.0703      98.80 4.9459e-02 0.0000e+00    81.2668    5.24546    34.3507    34.3668    26.6037    1486.90    1484.34 0.0000e+00
       2098     84.000     9.0176     9.0175   3.659130   3.660569     2.1150    -0.0718      98.80 4.9479e-02 0.0000e+00    81.2753    5.21963    34.3634    34.3785    26.6171    1486.85    1484.37 0.0000e+00
       2119     85.000     9.0020     9.0017   3.658714   3.660154     2.1097    -0.0753      98.80 4.9458e-02 0.0000e+00    81.2869    5.19555    34.3736    34.3890    26.6276    1486.83    1484.40 0.0000e+00
       2141     86.000     8.9688     8.9689   3.657768   3.659206     2.1036    -0.0705      98.80 4.9464e-02 0.0000e+00    81.2693    5.17298    34.3953    34.4103    26.6500    1486.75    1484.43 0.0000e+00
       2162     87.000     8.9379     8.9382   3.656714   3.658161     2.0974    -0.0743      98.80 4.9479e-02 0.0000e+00    81.2655    5.15635    34.4138    34.4286    26.6693    1486.67    1484.45 0.0000e+00
       2184     88.000     8.9028     8.9013   3.655389   3.656765     2.0909    -0.0710      98.80 4.9477e-02 0.0000e+00    81.2800    5.13865    34.4334    34.4493    26.6903    1486.58    1484.48 0.0000e+00
       2205     89.000     8.8823     8.8803   3.654677   3.656085     2.0846    -0.0704      98.80 4.9466e-02 0.0000e+00    81.2730    5.10734    34.4454    34.4621    26.7029    1486.54    1484.50 0.0000e+00
       2227     90.000     8.8661     8.8654   3.654056   3.655466     2.0760    -0.0711      98.80 4.9464e-02 0.0000e+00    81.2408    5.07591    34.4541    34.4696    26.7123    1486.51    1484.52 0.0000e+00
       2248     91.000     8.8336     8.8334   3.652669   3.654104     2.0680    -0.0673      98.80 4.9458e-02 0.0000e+00    81.2982    5.05004    34.4706    34.4859    26.7304    1486.42    1484.54 0.0000e+00
       2270     92.000     8.8098     8.8091   3.651624   3.653029     2.0592    -0.0684      98.80 4.9466e-02 0.0000e+00    81.2770    5.02134    34.4823    34.4978    26.7433    1486.37    1484.56 0.0000e+00
       2292     93.000     8.7687     8.7692   3.649769   3.651193     2.0504    -0.0730      98.80 4.9451e-02 0.0000e+00    81.2841    4.99001    34.5023    34.5168    26.7654    1486.25    1484.58 0.0000e+00
       2314     94.000     8.7487     8.7476   3.648858   3.650260     2.0403    -0.0724      98.80 4.9471e-02 0.0000e+00    81.2785    4.94606    34.5118    34.5276    26.7760    1486.21    1484.60 0.0000e+00
       2335     95.000     8.7363     8.7352   3.648321   3.649753     2.0294    -0.0566      98.80 4.9465e-02 0.0000e+00    81.2892    4.89395    34.5177    34.5339    26.7826    1486.19    1484.62 0.0000e+00
       2357     96.000     8.7276     8.7260   3.647989   3.649389     2.0164    -0.0544      98.80 4.9490e-02 0.0000e+00    81.3145    4.84289    34.5222    34.5385    26.7875    1486.18    1484.63 0.0000e+00
       2378     97.000     8.7053     8.7057   3.646967   3.648395     2.0035    -0.0636      98.80 4.9458e-02 0.0000e+00    81.3050    4.80283    34.5327    34.5474    26.7992    1486.12    1484.65 0.0000e+00
       2400     98.000     8.6628     8.6641   3.644852   3.646260     1.9909    -0.0678      98.80 4.9478e-02 0.0000e+00    81.3215    4.77907    34.5514    34.5650    26.8205    1486.00    1484.66 0.0000e+00
       2421     99.000     8.6164     8.6162   3.642352   3.643769     1.9800    -0.0714      98.80 4.9492e-02 0.0000e+00    81.3100    4.75940    34.5699    34.5851    26.8423    1485.87    1484.67 0.0000e+00
       2442    100.000     8.6094     8.6076   3.642203   3.643578     1.9693    -0.0752      98.80 4.9485e-02 0.0000e+00    81.3005    4.72359    34.5747    34.5910    26.8471    1485.87    1484.69 0.0000e+00
       2463    101.000     8.5803     8.5805   3.640254   3.641629     1.9583    -0.0751      98.80 4.9458e-02 0.0000e+00    81.2908    4.67333    34.5821    34.5965    26.8575    1485.78    1484.70 0.0000e+00
       2485    102.000     8.5504     8.5497   3.638353   3.639767     1.9450    -0.0744      98.80 4.9464e-02 0.0000e+00    81.2861    4.61870    34.5908    34.6065    26.8689    1485.70    1484.71 0.0000e+00
       2506    103.000     8.5178     8.5181   3.636902   3.638278     1.9311    -0.0677      98.80 4.9465e-02 0.0000e+00    81.2796    4.57041    34.6069    34.6212    26.8866    1485.62    1484.71 0.0000e+00
       2528    104.000     8.4935     8.4923   3.635738   3.637140     1.9165 -9.990e-29      98.80 4.9490e-02 0.0000e+00    81.2826    4.50606    34.6179    34.6340    26.8990    1485.55    1484.72 0.0000e+00
       2549    105.000     8.4852     8.4847   3.635068   3.636509     1.9000 -9.990e-29      98.80 4.9492e-02 0.0000e+00    81.2948    4.44353    34.6185    34.6343    26.9008    1485.54    1484.73 0.0000e+00
       2570    106.000     8.4622     8.4617   3.633028   3.634411     1.8839 -9.990e-29      98.80 4.9485e-02 0.0000e+00    81.3046    4.40375    34.6190    34.6341    26.9047    1485.47    1484.74 0.0000e+00
       2591    107.000     8.4262     8.4276   3.630479   3.631887     1.8691 -9.990e-29      98.79 4.9492e-02 0.0000e+00    81.3157    4.36288    34.6268    34.6404    26.9164    1485.36    1484.74 0.0000e+00
       2612    108.000     8.3917     8.3914   3.628814   3.630196     1.8539 -9.990e-29      98.79 4.9485e-02 0.0000e+00    81.3046    4.31051    34.6426    34.6575    26.9340    1485.27    1484.75 0.0000e+00
       2633    109.000     8.3817     8.3805   3.628375   3.629760     1.8377 -9.990e-29      98.79 4.9492e-02 0.0000e+00    81.3348    4.22907    34.6473    34.6632    26.9392    1485.26    1484.75 0.0000e+00
       2654    110.000     8.3740     8.3728   3.628035   3.629432     1.8181 -9.990e-29      98.79 4.9512e-02 0.0000e+00    81.3030    4.14064    34.6507    34.6668    26.9432    1485.25    1484.76 0.0000e+00
       2675    111.000     8.3679     8.3668   3.627847   3.629241     1.7981 -9.990e-29      98.79 4.9519e-02 0.0000e+00    81.3201    4.08674    34.6543    34.6702    26.9469    1485.25    1484.76 0.0000e+00
       2696    112.000     8.3581     8.3569   3.627759   3.629138     1.7803 -9.990e-29      98.78 4.9498e-02 0.0000e+00    81.3150    4.05693    34.6625    34.6783    26.9548    1485.24    1484.77 0.0000e+00
       2717    113.000     8.3523     8.3509   3.627623   3.629005     1.7651 -9.990e-29      98.78 4.9502e-02 0.0000e+00    81.3214    4.04489    34.6663    34.6824    26.9587    1485.23    1484.77 0.0000e+00
       2738    114.000     8.3439     8.3424   3.627230   3.628607     1.7531 -9.990e-29      98.78 4.9522e-02 0.0000e+00    81.3513    4.04513    34.6699    34.6860    26.9628    1485.22    1484.77 0.0000e+00
       2759    115.000     8.3413     8.3396   3.627222   3.628598     1.7448 -9.990e-29      98.78 4.9496e-02 0.0000e+00    81.3690    4.05851    34.6719    34.6882    26.9648    1485.23    1484.78 0.0000e+00
       2780    116.000     8.3396     8.3379   3.627297   3.628676     1.7390 -9.990e-29      98.78 4.9495e-02 0.0000e+00    81.3687    4.06720    34.6739    34.6902    26.9666    1485.25    1484.78 0.0000e+00
       2801    117.000     8.3365     8.3349   3.627293   3.628671     1.7351 -9.990e-29      98.78 4.9492e-02 0.0000e+00    81.3600    4.06476    34.6764    34.6927    26.9691    1485.25    1484.79 0.0000e+00
       2822    118.000     8.3333     8.3318   3.627264   3.628649     1.7315 -9.990e-29      98.78 4.9512e-02 0.0000e+00    81.3689    4.06346    34.6788    34.6950    26.9714    1485.26    1484.79 0.0000e+00
       2843    119.000     8.3272     8.3256   3.627090   3.628465     1.7287 -9.990e-29      98.78 4.9505e-02 0.0000e+00    81.3827    4.06182    34.6825    34.6987    26.9752    1485.26    1484.79 0.0000e+00
       2864    120.000     8.3243     8.3226   3.627146   3.628526     1.7267 -9.990e-29      98.78 4.9499e-02 0.0000e+00    81.3700    4.06493    34.6854    34.7018    26.9780    1485.27    1484.80 0.0000e+00
       2885    121.000     8.3239     8.3221   3.627328   3.628705     1.7250 -9.990e-29      98.78 4.9538e-02 0.0000e+00    81.3876    4.07137    34.6873    34.7037    26.9795    1485.29    1484.80 0.0000e+00
       2906    122.000     8.3234     8.3216   3.627640   3.629022     1.7251 -9.990e-29      98.78 4.9519e-02 0.0000e+00    81.4019    4.09048    34.6906    34.7071    26.9822    1485.30    1484.81 0.0000e+00
       2926    123.000     8.3222     8.3204   3.627893   3.629273     1.7262 -9.990e-29      98.78 4.9522e-02 0.0000e+00    81.4181    4.10459    34.6940    34.7105    26.9851    1485.32    1484.81 0.0000e+00
       2947    124.000     8.3203     8.3187   3.627952   3.629341     1.7277 -9.990e-29      98.78 4.9518e-02 0.0000e+00    81.4044    4.11200    34.6960    34.7124    26.9869    1485.33    1484.81 0.0000e+00
       2969    125.000     8.3184     8.3165   3.627949   3.629321     1.7294 -9.990e-29      98.78 4.9496e-02 0.0000e+00    81.4049    4.11657    34.6974    34.7139    26.9883    1485.34    1484.82 0.0000e+00
       2989    126.000     8.3172     8.3154   3.628006   3.629386     1.7307 -9.990e-29      98.78 4.9515e-02 0.0000e+00    81.4185    4.11863    34.6987    34.7152    26.9895    1485.36    1484.82 0.0000e+00
       3010    127.000     8.3166     8.3148   3.628146   3.629543     1.7319 -9.990e-29      98.78 4.9492e-02 0.0000e+00    81.4164    4.12760    34.7003    34.7170    26.9909    1485.37    1484.83 0.0000e+00
       3031    128.000     8.3173     8.3154   3.628543   3.629934     1.7338 -9.990e-29      98.78 4.9492e-02 0.0000e+00    81.4154    4.13910    34.7034    34.7201    26.9932    1485.40    1484.83 0.0000e+00
       3052    129.000     8.3174     8.3155   3.628776   3.630163     1.7358 -9.990e-29      98.78 4.9518e-02 0.0000e+00    81.4237    4.14765    34.7053    34.7219    26.9946    1485.42    1484.84 0.0000e+00
       3072    130.000     8.3174     8.3155   3.628866   3.630247     1.7379 -9.990e-29      98.78 4.9515e-02 0.0000e+00    81.4237    4.15692    34.7058    34.7223    26.9950    1485.43    1484.84 0.0000e+00
       3093    131.000     8.3172     8.3154   3.628933   3.630332     1.7402 -9.990e-29      98.78 4.9539e-02 0.0000e+00    81.4100    4.16582    34.7062    34.7229    26.9954    1485.45    1484.85 0.0000e+00
       3114    132.000     8.3177     8.3158   3.629109   3.630499     1.7424 -9.990e-29      98.78 4.9512e-02 0.0000e+00    81.3910    4.17102    34.7071    34.7238    26.9960    1485.47    1484.85 0.0000e+00
       3135    133.000     8.3174     8.3156   3.629148   3.630538     1.7443 -9.990e-29      98.30 4.9522e-02 0.0000e+00    81.3793    4.17566    34.7073    34.7239    26.9962    1485.48    1484.86 0.0000e+00
       3155    134.000     8.3173     8.3155   3.629215   3.630604     1.7459 -9.990e-29      98.67 4.9491e-02 0.0000e+00    81.3717    4.17811    34.7077    34.7242    26.9965    1485.50    1484.86 0.0000e+00
       3176    135.000     8.3176     8.3158   3.629340   3.630725     1.7478 -9.990e-29      98.78 4.9499e-02 0.0000e+00    81.3779    4.18025    34.7082    34.7247    26.9969    1485.52    1484.86 0.0000e+00
       3197    136.000     8.3179     8.3161   3.629504   3.630894     1.7485 -9.990e-29      98.71 4.9499e-02 0.0000e+00    81.3501    4.17906    34.7092    34.7258    26.9976    1485.54    1484.87 0.0000e+00
       3218    137.000     8.3175     8.3157   3.629649   3.631053     1.7494 -9.990e-29      98.40 4.9488e-02 0.0000e+00    81.3568    4.18371    34.7106    34.7274    26.9988    1485.55    1484.87 0.0000e+00
       3238    138.000     8.3174     8.3156   3.629781   3.631179     1.7505 -9.990e-29      98.78 4.9499e-02 0.0000e+00    81.3404    4.18463    34.7117    34.7283    26.9996    1485.57    1484.88 0.0000e+00
       3259    139.000     8.3181     8.3162   3.629963   3.631339     1.7509 -9.990e-29      98.78 4.9495e-02 0.0000e+00    81.3403    4.18659    34.7124    34.7290    27.0001    1485.59    1484.88 0.0000e+00
       3279    140.000     8.3182     8.3164   3.630046   3.631438     1.7519 -9.990e-29      98.41 4.9505e-02 0.0000e+00    81.3372    4.19294    34.7127    34.7293    27.0004    1485.61    1484.89 0.0000e+00
       3300    141.000     8.3185     8.3167   3.630183   3.631566     1.7528 -9.990e-29      98.72 4.9499e-02 0.0000e+00    81.3459    4.19628    34.7134    34.7299    27.0009    1485.63    1484.90 0.0000e+00
       3320    142.000     8.3189     8.3171   3.630346   3.631738     1.7538 -9.990e-29      98.78 4.9508e-02 0.0000e+00    81.3240    4.20168    34.7143    34.7309    27.0015    1485.65    1484.90 0.0000e+00
       3341    143.000     8.3191     8.3172   3.630461   3.631861     1.7550 -9.990e-29      98.78 4.9487e-02 0.0000e+00    81.3129    4.20534    34.7148    34.7316    27.0019    1485.66    1484.91 0.0000e+00
       3361    144.000     8.3189     8.3170   3.630535   3.631925     1.7556 -9.990e-29      98.69 4.9505e-02 0.0000e+00    81.3195    4.20510    34.7153    34.7320    27.0023    1485.68    1484.91 0.0000e+00
       3382    145.000     8.3191     8.3173   3.630635   3.632062     1.7566 -9.990e-29      98.78 4.9502e-02 0.0000e+00    81.2995    4.21049    34.7157    34.7327    27.0026    1485.70    1484.92 0.0000e+00
       3402    146.000     8.3195     8.3177   3.630758   3.632156     1.7574 -9.990e-29      98.78 4.9518e-02 0.0000e+00    81.2980    4.21403    34.7162    34.7328    27.0029    1485.72    1484.92 0.0000e+00
       3422    147.000     8.3197     8.3179   3.630868   3.632271     1.7584 -9.990e-29      98.78 4.9509e-02 0.0000e+00    81.2844    4.21642    34.7167    34.7334    27.0032    1485.73    1484.93 0.0000e+00
       3443    148.000     8.3198     8.3180   3.630943   3.632321     1.7590 -9.990e-29      98.78 4.9494e-02 0.0000e+00    81.2733    4.21563    34.7169    34.7333    27.0034    1485.75    1484.93 0.0000e+00
       3463    149.000     8.3197     8.3179   3.630989   3.632383     1.7595 -9.990e-29      98.78 4.9485e-02 0.0000e+00    81.2463    4.21663    34.7170    34.7336    27.0035    1485.77    1484.94 0.0000e+00
       3483    150.000     8.3202     8.3183   3.631108   3.632490     1.7598 -9.990e-29      98.78 4.9515e-02 0.0000e+00    81.2537    4.21878    34.7173    34.7339    27.0036    1485.79    1484.94 0.0000e+00
       3503    151.000     8.3200     8.3181   3.631170   3.632554     1.7603 -9.990e-29      98.78 4.9509e-02 0.0000e+00    81.2413    4.22177    34.7177    34.7343    27.0039    1485.80    1484.95 0.0000e+00
       3523    152.000     8.3202     8.3184   3.631246   3.632640     1.7611 -9.990e-29      98.78 4.9522e-02 0.0000e+00    81.2464    4.22553    34.7178    34.7344    27.0040    1485.82    1484.96 0.0000e+00
