_data/ctd/2022603/sta0175.cnv
* Sea-Bird SBE 9 Data File:
* FileName = C:\Seabird\CTDData\sta0175.hex
* Software Version Seasave V 7.21f
* Temperature SN = 6264
* Conductivity SN = 4928
* Number of Bytes Per Scan = 40
* Number of Voltage Words = 5
* Number of Scans Averaged by the Deck Unit = 1
* NMEA Latitude = 60 46.47 N
* NMEA Longitude = 005 12.05 E
* NMEA UTC (Time) = Feb 13 2022 02:01:18
* NMEA baud rate = 4800
** Ship: R/V "Kristine Bonnevie"
** Station: 0175
** Echodepth: 469
** Log: 0469.55
** Wind-Dir/Force: 19 19
** Air-temp (dry): 7.4
** Weather Sky:
** Sea:
# nquan = 19                                
# nvalues = 484                         
# units = specified
# name 0 = scan: Scan Count
# name 1 = prDM: Pressure, Digiquartz [db]
# name 2 = t068C: Temperature [ITS-68, deg C]
# name 3 = t168C: Temperature, 2 [ITS-68, deg C]
# name 4 = c0S/m: Conductivity [S/m]
# name 5 = c1S/m: Conductivity, 2 [S/m]
# name 6 = sbeox0V: Oxygen raw, SBE 43 [V]
# name 7 = flECO-AFL: Fluorescence, WET Labs ECO-AFL/FL [mg/m^3]
# name 8 = altM: Altimeter [m]
# name 9 = par: PAR/Irradiance, Biospherical/Licor
# name 10 = spar: SPAR/Surface Irradiance
# name 11 = CStarTr0: Beam Transmission, WET Labs C-Star [%]
# name 12 = sbeox0ML/L: Oxygen, SBE 43 [ml/l], WS = 2
# name 13 = sal00: Salinity, Practical [PSU]
# name 14 = sal11: Salinity, Practical, 2 [PSU]
# name 15 = sigma-t00: Density [sigma-t, Kg/m^3 ]
# name 16 = svCM: Sound Velocity [Chen-Millero, m/s]
# name 17 = avgsvCM: Average Sound Velocity [Chen-Millero, m/s], minP = 1, minS = 5
# name 18 = flag: flag
# span 0 =        140,      13124       
# span 1 =      2.000,    485.000       
# span 2 =     6.4263,     8.7384       
# span 3 =     6.4235,     8.7413       
# span 4 =   3.050650,   3.667144       
# span 5 =   3.050782,   3.668582       
# span 6 =     2.0529,     2.4482       
# span 7 =    -0.0969,     0.2772       
# span 8 =       7.50,      99.79       
# span 9 = 4.9418e-02, 6.3056e-01       
# span 10 = 0.0000e+00, 0.0000e+00      
# span 11 =    80.1202,    81.7777      
# span 12 =    5.19142,    6.83213      
# span 13 =    30.2901,    35.0819      
# span 14 =    30.2940,    35.0980      
# span 15 =    23.7826,    27.3692      
# span 16 =    1470.53,    1489.78      
# span 17 =    1470.53,    1486.62      
# span 18 = 0.0000e+00, 0.0000e+00      
# interval = decibars: 1                
# start_time = Feb 13 2022 02:01:20 [System UTC, header]
# bad_flag = -9.990e-29
*END*
[from data line 381]
       8997    383.000     7.9855     7.9845   3.642109   3.643459     2.0670    -0.0862      57.12 4.9491e-02 0.0000e+00    81.5874    5.42968    35.0554    35.0709    27.3199    1488.78    1485.95 0.0000e+00
       9021    384.000     7.9819     7.9807   3.641850   3.643190     2.0670 -9.990e-29      98.10 4.9499e-02 0.0000e+00    81.5980    5.43047    35.0558    35.0714    27.3207    1488.79    1485.95 0.0000e+00
       9044    385.000     7.9758     7.9748   3.641341   3.642698     2.0674 -9.990e-29      29.58 4.9477e-02 0.0000e+00    81.5930    5.42378    35.0559    35.0715    27.3218    1488.78    1485.96 0.0000e+00
       9066    386.000     7.9658     7.9647   3.640518   3.641870     2.0660 -9.990e-29      82.93 4.9512e-02 0.0000e+00    81.5695    5.41610    35.0566    35.0722    27.3238    1488.76    1485.97 0.0000e+00
       9089    387.000     7.9604     7.9592   3.640140   3.641489     2.0656 -9.990e-29      28.70 4.9505e-02 0.0000e+00    81.5796    5.41445    35.0575    35.0732    27.3253    1488.76    1485.98 0.0000e+00
       9113    388.000     7.9572     7.9559   3.639929   3.641294     2.0640    -0.0669      70.03 4.9514e-02 0.0000e+00    81.6057    5.40539    35.0579    35.0739    27.3261    1488.76    1485.98 0.0000e+00
       9136    389.000     7.9555     7.9542   3.639822   3.641190     2.0627    -0.0867      81.72 4.9487e-02 0.0000e+00    81.6159    5.40257    35.0580    35.0740    27.3264    1488.77    1485.99 0.0000e+00
       9159    390.000     7.9506     7.9496   3.639453   3.640826     2.0611    -0.0935      65.21 4.9463e-02 0.0000e+00    81.6084    5.39218    35.0585    35.0742    27.3275    1488.77    1486.00 0.0000e+00
       9182    391.000     7.9453     7.9440   3.639094   3.640450     2.0591    -0.0916      88.23 4.9481e-02 0.0000e+00    81.6428    5.39055    35.0594    35.0753    27.3291    1488.77    1486.00 0.0000e+00
       9205    392.000     7.9444     7.9429   3.639072   3.640425     2.0579    -0.0900      62.55 4.9475e-02 0.0000e+00    81.6428    5.38962    35.0596    35.0756    27.3294    1488.78    1486.01 0.0000e+00
       9228    393.000     7.9443     7.9428   3.639111   3.640454     2.0568    -0.0903      95.89 4.9475e-02 0.0000e+00    81.6063    5.39456    35.0597    35.0756    27.3294    1488.80    1486.02 0.0000e+00
       9251    394.000     7.9431     7.9417   3.639068   3.640414     2.0562    -0.0647      48.03 4.9480e-02 0.0000e+00    81.5922    5.39586    35.0599    35.0758    27.3298    1488.81    1486.02 0.0000e+00
       9275    395.000     7.9418     7.9407   3.639007   3.640385     2.0558    -0.0641      98.20 4.9493e-02 0.0000e+00    81.5506    5.39552    35.0601    35.0760    27.3301    1488.82    1486.03 0.0000e+00
       9298    396.000     7.9375     7.9368   3.638746   3.640130     2.0552    -0.0635      59.61 4.9499e-02 0.0000e+00    81.5911    5.39570    35.0611    35.0767    27.3316    1488.82    1486.04 0.0000e+00
       9322    397.000     7.9351     7.9336   3.638630   3.639981     2.0551    -0.0862      62.92 4.9491e-02 0.0000e+00    81.5703    5.40042    35.0618    35.0778    27.3325    1488.83    1486.05 0.0000e+00
       9345    398.000     7.9336     7.9322   3.638552   3.639892     2.0549    -0.0960      78.14 4.9468e-02 0.0000e+00    81.5832    5.39509    35.0620    35.0777    27.3328    1488.84    1486.05 0.0000e+00
       9369    399.000     7.9278     7.9265   3.638185   3.639538     2.0543    -0.0709      86.73 4.9499e-02 0.0000e+00    81.5663    5.39641    35.0633    35.0792    27.3348    1488.84    1486.06 0.0000e+00
       9393    400.000     7.9234     7.9217   3.637896   3.639217     2.0541    -0.0800      96.93 4.9456e-02 0.0000e+00    81.5317    5.39843    35.0641    35.0800    27.3361    1488.84    1486.07 0.0000e+00
       9416    401.000     7.9215     7.9198   3.637796   3.639118     2.0537    -0.0774      94.69 4.9485e-02 0.0000e+00    81.5669    5.39610    35.0645    35.0804    27.3366    1488.85    1486.07 0.0000e+00
       9440    402.000     7.9206     7.9192   3.637770   3.639122     2.0535    -0.0649      95.06 4.9485e-02 0.0000e+00    81.5623    5.39890    35.0646    35.0806    27.3369    1488.86    1486.08 0.0000e+00
       9464    403.000     7.9202     7.9187   3.637796   3.639146     2.0533    -0.0612      37.23 4.9506e-02 0.0000e+00    81.5641    5.40280    35.0648    35.0808    27.3371    1488.88    1486.09 0.0000e+00
       9488    404.000     7.9179     7.9164   3.637669   3.639013     2.0537    -0.0672      94.71 4.9468e-02 0.0000e+00    81.5367    5.40781    35.0653    35.0812    27.3378    1488.89    1486.09 0.0000e+00
       9510    405.000     7.9161     7.9147   3.637583   3.638944     2.0541    -0.0894      98.79 4.9471e-02 0.0000e+00    81.5273    5.40842    35.0657    35.0817    27.3384    1488.90    1486.10 0.0000e+00
       9533    406.000     7.9123     7.9115   3.637335   3.638715     2.0543    -0.0886      98.80 4.9488e-02 0.0000e+00    81.5473    5.40785    35.0663    35.0820    27.3395    1488.90    1486.11 0.0000e+00
       9556    407.000     7.9079     7.9067   3.637050   3.638403     2.0540    -0.0916      79.95 4.9493e-02 0.0000e+00    81.5577    5.40527    35.0672    35.0829    27.3408    1488.90    1486.12 0.0000e+00
       9580    408.000     7.9047     7.9035   3.636844   3.638203     2.0539    -0.0747      50.98 4.9503e-02 0.0000e+00    81.5505    5.40584    35.0677    35.0835    27.3417    1488.90    1486.12 0.0000e+00
       9604    409.000     7.9019     7.9006   3.636677   3.638033     2.0537    -0.0777      63.35 4.9506e-02 0.0000e+00    81.5325    5.40979    35.0682    35.0841    27.3425    1488.91    1486.13 0.0000e+00
       9629    410.000     7.8985     7.8972   3.636456   3.637804     2.0539    -0.0889      72.34 4.9509e-02 0.0000e+00    81.5296    5.41208    35.0688    35.0846    27.3434    1488.92    1486.14 0.0000e+00
       9652    411.000     7.8965     7.8951   3.636351   3.637702     2.0540    -0.0788      95.68 4.9462e-02 0.0000e+00    81.4969    5.41675    35.0692    35.0851    27.3441    1488.92    1486.14 0.0000e+00
       9676    412.000     7.8941     7.8928   3.636212   3.637581     2.0547    -0.0651      72.01 4.9469e-02 0.0000e+00    81.4833    5.41880    35.0696    35.0856    27.3448    1488.93    1486.15 0.0000e+00
       9699    413.000     7.8936     7.8922   3.636217   3.637581     2.0546    -0.0718      88.23 4.9468e-02 0.0000e+00    81.5040    5.41940    35.0697    35.0857    27.3449    1488.95    1486.16 0.0000e+00
       9723    414.000     7.8926     7.8913   3.636188   3.637554     2.0551    -0.0904      40.49 4.9491e-02 0.0000e+00    81.4767    5.42195    35.0699    35.0859    27.3452    1488.96    1486.16 0.0000e+00
       9748    415.000     7.8908     7.8895   3.636089   3.637460     2.0555    -0.0694      78.55 4.9479e-02 0.0000e+00    81.4922    5.42654    35.0702    35.0862    27.3457    1488.97    1486.17 0.0000e+00
       9772    416.000     7.8888     7.8872   3.635977   3.637294     2.0559    -0.0932      88.93 4.9485e-02 0.0000e+00    81.4962    5.42624    35.0705    35.0862    27.3462    1488.98    1486.18 0.0000e+00
       9796    417.000     7.8836     7.8821   3.635588   3.636909     2.0563    -0.0910      98.56 4.9491e-02 0.0000e+00    81.4894    5.42933    35.0710    35.0867    27.3474    1488.98    1486.18 0.0000e+00
       9820    418.000     7.8738     7.8727   3.634862   3.636206     2.0563    -0.0918      24.37 4.9497e-02 0.0000e+00    81.4654    5.43061    35.0725    35.0881    27.3501    1488.96    1486.19 0.0000e+00
       9844    419.000     7.8704     7.8690   3.634634   3.635984     2.0567    -0.0714      67.85 4.9503e-02 0.0000e+00    81.4726    5.43264    35.0730    35.0889    27.3510    1488.96    1486.20 0.0000e+00
       9867    420.000     7.8703     7.8688   3.634662   3.636023     2.0570    -0.0814      52.43 4.9511e-02 0.0000e+00    81.4632    5.43866    35.0729    35.0891    27.3509    1488.98    1486.20 0.0000e+00
       9890    421.000     7.8698     7.8677   3.634673   3.635952     2.0576    -0.0892      95.46 4.9486e-02 0.0000e+00    81.4336    5.44025    35.0731    35.0889    27.3511    1488.99    1486.21 0.0000e+00
       9914    422.000     7.8654     7.8636   3.634356   3.635681     2.0578    -0.0783      86.99 4.9487e-02 0.0000e+00    81.4086    5.43641    35.0736    35.0896    27.3522    1488.99    1486.22 0.0000e+00
       9938    423.000     7.8629     7.8615   3.634208   3.635536     2.0578    -0.0571      96.35 4.9485e-02 0.0000e+00    81.3966    5.43823    35.0740    35.0897    27.3529    1489.00    1486.22 0.0000e+00
       9962    424.000     7.8593     7.8578   3.633950   3.635277     2.0579    -0.0699      83.81 4.9485e-02 0.0000e+00    81.3753    5.44205    35.0744    35.0901    27.3537    1489.00    1486.23 0.0000e+00
       9986    425.000     7.8571     7.8569   3.633817   3.635257     2.0581    -0.0929      63.42 4.9485e-02 0.0000e+00    81.3683    5.44524    35.0747    35.0904    27.3542    1489.01    1486.24 0.0000e+00
      10010    426.000     7.8549     7.8539   3.633671   3.635038     2.0587    -0.0923      54.43 4.9478e-02 0.0000e+00    81.3454    5.44834    35.0748    35.0905    27.3547    1489.02    1486.24 0.0000e+00
      10035    427.000     7.8539     7.8524   3.633643   3.634978     2.0589    -0.0667      75.15 4.9467e-02 0.0000e+00    81.3353    5.44839    35.0750    35.0909    27.3550    1489.03    1486.25 0.0000e+00
      10059    428.000     7.8524     7.8509   3.633555   3.634901     2.0592    -0.0905      86.72 4.9493e-02 0.0000e+00    81.3034    5.44804    35.0751    35.0911    27.3553    1489.05    1486.26 0.0000e+00
      10082    429.000     7.8505     7.8491   3.633456   3.634794     2.0590    -0.0915      88.27 4.9475e-02 0.0000e+00    81.2703    5.44659    35.0755    35.0913    27.3559    1489.06    1486.26 0.0000e+00
      10105    430.000     7.8503     7.8489   3.633477   3.634834     2.0589    -0.0637      18.81 4.9514e-02 0.0000e+00    81.2210    5.44730    35.0754    35.0914    27.3558    1489.07    1486.27 0.0000e+00
      10130    431.000     7.8500     7.8483   3.633488   3.634821     2.0589    -0.0631      84.24 4.9495e-02 0.0000e+00    81.1859    5.44907    35.0754    35.0914    27.3558    1489.09    1486.27 0.0000e+00
      10155    432.000     7.8463     7.8443   3.633245   3.634514     2.0590    -0.0787      97.71 4.9485e-02 0.0000e+00    81.2369    5.44970    35.0760    35.0916    27.3569    1489.09    1486.28 0.0000e+00
      10179    433.000     7.8431     7.8416   3.633033   3.634388     2.0588    -0.0925      87.44 4.9456e-02 0.0000e+00    81.2000    5.44836    35.0764    35.0925    27.3577    1489.09    1486.29 0.0000e+00
      10203    434.000     7.8436     7.8421   3.633120   3.634471     2.0585    -0.0853      39.32 4.9456e-02 0.0000e+00    81.1515    5.44765    35.0764    35.0924    27.3576    1489.11    1486.29 0.0000e+00
      10227    435.000     7.8447     7.8439   3.633263   3.634668     2.0587 -9.990e-29      96.23 4.9474e-02 0.0000e+00    81.1584    5.45150    35.0763    35.0922    27.3574    1489.13    1486.30 0.0000e+00
      10251    436.000     7.8467     7.8457   3.633467   3.634850     2.0584 -9.990e-29      62.29 4.9469e-02 0.0000e+00    81.1516    5.44966    35.0760    35.0919    27.3569    1489.16    1486.31 0.0000e+00
      10275    437.000     7.8437     7.8427   3.633258   3.634631     2.0584 -9.990e-29      55.31 4.9468e-02 0.0000e+00    81.1333    5.45109    35.0763    35.0921    27.3575    1489.16    1486.31 0.0000e+00
      10298    438.000     7.8410     7.8416   3.633078   3.634592     2.0582    -0.0714      67.13 4.9481e-02 0.0000e+00    81.1587    5.44804    35.0766    35.0923    27.3582    1489.17    1486.32 0.0000e+00
      10322    439.000     7.8380     7.8371   3.632898   3.634271     2.0579    -0.0883      98.79 4.9461e-02 0.0000e+00    81.1298    5.45125    35.0772    35.0929    27.3591    1489.17    1486.33 0.0000e+00
      10347    440.000     7.8377     7.8363   3.632916   3.634263     2.0578    -0.0719      95.32 4.9472e-02 0.0000e+00    81.1498    5.45255    35.0772    35.0931    27.3591    1489.19    1486.33 0.0000e+00
      10371    441.000     7.8377     7.8363   3.632962   3.634311     2.0578    -0.0935      93.31 4.9468e-02 0.0000e+00    81.1590    5.45403    35.0772    35.0931    27.3591    1489.21    1486.34 0.0000e+00
      10395    442.000     7.8377     7.8363   3.633004   3.634355     2.0579    -0.0712      22.11 4.9479e-02 0.0000e+00    81.1643    5.45510    35.0772    35.0931    27.3591    1489.22    1486.35 0.0000e+00
      10419    443.000     7.8376     7.8363   3.633046   3.634398     2.0580    -0.0655      81.02 4.9493e-02 0.0000e+00    81.1296    5.45576    35.0773    35.0931    27.3592    1489.24    1486.35 0.0000e+00
      10443    444.000     7.8373     7.8359   3.633058   3.634418     2.0578    -0.0835      51.23 4.9479e-02 0.0000e+00    81.1265    5.45504    35.0772    35.0933    27.3592    1489.25    1486.36 0.0000e+00
      10466    445.000     7.8350     7.8337   3.632922   3.634258     2.0579    -0.0904      93.28 4.9481e-02 0.0000e+00    81.1460    5.45564    35.0776    35.0933    27.3598    1489.26    1486.37 0.0000e+00
      10490    446.000     7.8327     7.8314   3.632792   3.634133     2.0577    -0.0746      43.12 4.9515e-02 0.0000e+00    81.0961    5.45408    35.0780    35.0937    27.3605    1489.27    1486.37 0.0000e+00
      10514    447.000     7.8322     7.8309   3.632775   3.634137     2.0573    -0.0698      68.67 4.9474e-02 0.0000e+00    81.1541    5.45384    35.0778    35.0938    27.3604    1489.29    1486.38 0.0000e+00
      10538    448.000     7.8318     7.8305   3.632804   3.634153     2.0571    -0.0904      18.50 4.9468e-02 0.0000e+00    81.0733    5.45428    35.0781    35.0939    27.3607    1489.30    1486.39 0.0000e+00
      10562    449.000     7.8313     7.8302   3.632809   3.634176     2.0571    -0.0824      58.83 4.9497e-02 0.0000e+00    81.1255    5.45739    35.0782    35.0940    27.3608    1489.32    1486.39 0.0000e+00
      10585    450.000     7.8304     7.8293   3.632780   3.634152     2.0571    -0.0586      59.78 4.9468e-02 0.0000e+00    81.1522    5.46134    35.0783    35.0941    27.3610    1489.33    1486.40 0.0000e+00
      10609    451.000     7.8285     7.8274   3.632665   3.634019     2.0575    -0.0588      71.37 4.9481e-02 0.0000e+00    81.1270    5.46345    35.0784    35.0941    27.3615    1489.34    1486.40 0.0000e+00
      10633    452.000     7.8253     7.8240   3.632441   3.633787     2.0575    -0.0641      72.22 4.9511e-02 0.0000e+00    81.1375    5.46350    35.0788    35.0945    27.3622    1489.34    1486.41 0.0000e+00
      10657    453.000     7.8241     7.8226   3.632386   3.633718     2.0576    -0.0871      54.72 4.9474e-02 0.0000e+00    81.1369    5.46126    35.0789    35.0947    27.3625    1489.36    1486.42 0.0000e+00
      10681    454.000     7.8234     7.8218   3.632371   3.633700     2.0574    -0.0889      58.26 4.9493e-02 0.0000e+00    80.3570    5.46163    35.0790    35.0949    27.3626    1489.37    1486.42 0.0000e+00
      10705    455.000     7.8208     7.8194   3.632206   3.633543     2.0574    -0.0887      37.98 4.9484e-02 0.0000e+00    81.0719    5.46474    35.0793    35.0951    27.3633    1489.38    1486.43 0.0000e+00
      10729    456.000     7.8185     7.8170   3.632060   3.633383     2.0574    -0.0902      98.03 4.9480e-02 0.0000e+00    81.0949    5.46049    35.0796    35.0953    27.3638    1489.38    1486.44 0.0000e+00
      10753    457.000     7.8153     7.8139   3.631845   3.633185     2.0569    -0.0782      61.10 4.9481e-02 0.0000e+00    81.0639    5.46298    35.0800    35.0958    27.3646    1489.39    1486.44 0.0000e+00
      10777    458.000     7.8144     7.8131   3.631814   3.633158     2.0571    -0.0633      97.55 4.9474e-02 0.0000e+00    81.0452    5.46770    35.0801    35.0958    27.3648    1489.40    1486.45 0.0000e+00
