_data/ctd/2022603/sta0173.cnv
* Sea-Bird SBE 9 Data File:
* FileName = C:\Seabird\CTDData\sta0173.hex
* Software Version Seasave V 7.21f
* Temperature SN = 6264
* Conductivity SN = 4928
* Number of Bytes Per Scan = 40
* Number of Voltage Words = 5
* Number of Scans Averaged by the Deck Unit = 1
* NMEA Latitude = 60 48.42 N
* NMEA Longitude = 005 19.12 E
* NMEA UTC (Time) = Feb 13 2022 00:36:49
* NMEA baud rate = 4800
** Ship: R/V "Kristine Bonnevie"
** Station: 0173
** Echodepth: 115
** Log: 0516.330
** Wind-Dir/Force: 19 16
** Air-temp (dry): 7.6
** Weather Sky:
** Sea:
# nquan = 19                                
# nvalues = 105                         
# units = specified
# name 0 = scan: Scan Count
# name 1 = prDM: Pressure, Digiquartz [db]
# name 2 = t068C: Temperature [ITS-68, deg C]
# name 3 = t168C: Temperature, 2 [ITS-68, deg C]
# name 4 = c0S/m: Conductivity [S/m]
# name 5 = c1S/m: Conductivity, 2 [S/m]
# name 6 = sbeox0V: Oxygen raw, SBE 43 [V]
# name 7 = flECO-AFL: Fluorescence, WET Labs ECO-AFL/FL [mg/m^3]
# name 8 = altM: Altimeter [m]
# name 9 = par: PAR/Irradiance, Biospherical/Licor
# name 10 = spar: SPAR/Surface Irradiance
# name 11 = CStarTr0: Beam Transmission, WET Labs C-Star [%]
# name 12 = sbeox0ML/L: Oxygen, SBE 43 [ml/l], WS = 2
# name 13 = sal00: Salinity, Practical [PSU]
# name 14 = sal11: Salinity, Practical, 2 [PSU]
# name 15 = sigma-t00: Density [sigma-t, Kg/m^3 ]
# name 16 = svCM: Sound Velocity [Chen-Millero, m/s]
# name 17 = avgsvCM: Average Sound Velocity [Chen-Millero, m/s], minP = 1, minS = 5
# name 18 = flag: flag
# span 0 =         10,       2779       
# span 1 =      4.000,    108.000       
# span 2 =     6.4050,     9.1043       
# span 3 =     6.4193,     9.1030       
# span 4 =   2.984198,   3.667370       
# span 5 =   2.993869,   3.668754       
# span 6 =     1.9754,     2.5314       
# span 7 =    -0.0761,     0.3938       
# span 8 =       9.46,      98.82       
# span 9 = 4.9450e-02, 3.0768e-01       
# span 10 = 0.0000e+00, 0.0000e+00      
# span 11 =    59.3480,    81.5820      
# span 12 =    4.85148,    7.22440      
# span 13 =    29.5796,    34.8094      
# span 14 =    29.6731,    34.8251      
# span 15 =    23.2253,    27.0463      
# span 16 =    1469.59,    1486.68      
# span 17 =    1469.59,    1483.90      
# span 18 = 0.0000e+00, 0.0000e+00      
# interval = decibars: 1                
# start_time = Feb 13 2022 00:36:52 [System UTC, header]
# bad_flag = -9.990e-29
*END*
         10      4.000     6.4050     6.4193   2.984198   2.993869     2.5314     0.3938      81.14 3.0768e-01 0.0000e+00    59.3480    7.22440    29.5796    29.6731    23.2253    1469.59    1469.59 0.0000e+00
         39      5.000     6.8780     6.7751   3.113611   3.093982     2.5292     0.3786      68.66 2.3269e-01 0.0000e+00    71.2120    7.03774    30.5746    30.4526    23.9505    1472.72    1470.21 0.0000e+00
         67      6.000     6.7792     6.7855   3.084727   3.089431     2.5227     0.2225      82.33 1.3223e-01 0.0000e+00    77.2717    6.96741    30.3479    30.3934    23.7845    1472.07    1470.52 0.0000e+00
         95      7.000     7.0490     7.0135   3.146940   3.138857     2.5055     0.2024      65.45 9.8457e-02 0.0000e+00    80.2779    6.78667    30.7826    30.7268    24.0922    1473.68    1470.97 0.0000e+00
        121      8.000     7.4465     7.4330   3.241753   3.241832     2.4917     0.2004      86.64 8.5048e-02 0.0000e+00    80.2842    6.71296    31.4468    31.4599    24.5617    1476.07    1471.61 0.0000e+00
        149      9.000     7.6853     7.6426   3.295915   3.291119     2.4848     0.1565      56.40 6.9695e-02 0.0000e+00    80.1829    6.68193    31.8097    31.7974    24.8139    1477.46    1472.26 0.0000e+00
        175     10.000     7.8479     7.8553   3.344198   3.347713     2.4784     0.0562      89.07 5.8843e-02 0.0000e+00    80.3796    6.59077    32.1759    32.2065    25.0785    1478.55    1472.88 0.0000e+00
        202     11.000     8.0173     7.9994   3.385244   3.385758     2.4679     0.0508      98.76 6.0484e-02 0.0000e+00    80.5215    6.48404    32.4561    32.4782    25.2742    1479.56    1473.49 0.0000e+00
        229     12.000     8.0462     8.0446   3.395115   3.396062     2.4551     0.0091      98.82 5.0601e-02 0.0000e+00    80.8187    6.42797    32.5338    32.5453    25.3310    1479.78    1474.01 0.0000e+00
        256     13.000     8.0151     8.0113   3.400161   3.400910     2.4409     0.0028      98.82 4.9510e-02 0.0000e+00    81.2402    6.35869    32.6160    32.6275    25.4000    1479.78    1474.45 0.0000e+00
        284     14.000     8.1779     8.1651   3.430190   3.431270     2.4246    -0.0239      94.01 4.9465e-02 0.0000e+00    81.2679    6.29015    32.7827    32.8061    25.5071    1480.62    1474.89 0.0000e+00
        311     15.000     8.4305     8.4167   3.476497   3.477735     2.4142    -0.0290      46.04 4.9475e-02 0.0000e+00    81.2883    6.26714    33.0358    33.0619    25.6680    1481.90    1475.36 0.0000e+00
        338     16.000     8.5010     8.4946   3.490115   3.491422     2.4089 -9.990e-29      98.55 4.9475e-02 0.0000e+00    81.3433    6.25153    33.1129    33.1326    25.7178    1482.28    1475.79 0.0000e+00
        365     17.000     8.6774     8.6660   3.513042   3.514079     2.4010 -9.990e-29      98.81 4.9480e-02 0.0000e+00    81.4140    6.16718    33.1880    33.2096    25.7498    1483.05    1476.21 0.0000e+00
        392     18.000     8.7766     8.7700   3.525822   3.527027     2.3916 -9.990e-29      98.76 4.9460e-02 0.0000e+00    81.4931    6.11701    33.2284    33.2473    25.7662    1483.48    1476.62 0.0000e+00
        418     19.000     8.7843     8.7829   3.527892   3.529167     2.3810 -9.990e-29      43.43 4.9480e-02 0.0000e+00    81.5017    6.05804    33.2424    33.2571    25.7760    1483.54    1476.98 0.0000e+00
        444     20.000     8.7601     8.7612   3.527085   3.528569     2.3675 -9.990e-29      96.81 4.9487e-02 0.0000e+00    81.5154    5.99998    33.2562    33.2708    25.7905    1483.49    1477.30 0.0000e+00
        470     21.000     8.7572     8.7566   3.527318   3.528560     2.3542 -9.990e-29      96.46 4.9472e-02 0.0000e+00    81.5328    5.97226    33.2609    33.2745    25.7946    1483.50    1477.60 0.0000e+00
        495     22.000     8.7389     8.7342   3.531370   3.532323     2.3438 -9.990e-29      94.38 4.9506e-02 0.0000e+00    81.5318    5.96903    33.3202    33.3346    25.8439    1483.52    1477.86 0.0000e+00
        520     23.000     8.7598     8.7573   3.538820   3.540153     2.3364 -9.990e-29      93.96 4.9466e-02 0.0000e+00    81.4865    5.96546    33.3781    33.3945    25.8860    1483.69    1478.12 0.0000e+00
        546     24.000     8.7655     8.7640   3.542052   3.543342     2.3316 -9.990e-29      93.24 4.9450e-02 0.0000e+00    81.5011    5.96890    33.4062    33.4211    25.9071    1483.76    1478.35 0.0000e+00
        571     25.000     8.7633     8.7610   3.544546   3.546008     2.3282 -9.990e-29      92.03 4.9461e-02 0.0000e+00    81.4862    5.96914    33.4339    33.4515    25.9292    1483.80    1478.57 0.0000e+00
        596     26.000     8.8098     8.8064   3.556579   3.558335     2.3257 -9.990e-29      90.60 4.9498e-02 0.0000e+00    81.4615    5.96023    33.5157    33.5373    25.9860    1484.09    1478.78 0.0000e+00
        622     27.000     8.8564     8.8536   3.566455   3.567856     2.3245 -9.990e-29      89.62 4.9482e-02 0.0000e+00    81.4345    5.96059    33.5745    33.5919    26.0248    1484.35    1478.99 0.0000e+00
        649     28.000     8.8665     8.8650   3.569072   3.570401     2.3237 -9.990e-29      88.65 4.9482e-02 0.0000e+00    81.4335    5.94775    33.5919    33.6072    26.0369    1484.43    1479.18 0.0000e+00
        675     29.000     8.7912     8.7994   3.563687   3.565360     2.3211 -9.990e-29      48.06 4.9491e-02 0.0000e+00    81.4201    5.93332    33.6064    33.6162    26.0600    1484.18    1479.35 0.0000e+00
        701     30.000     8.7404     8.7360   3.565105   3.566129     2.3167 -9.990e-29      68.24 4.9503e-02 0.0000e+00    81.4178    5.90857    33.6691    33.6840    26.1169    1484.09    1479.51 0.0000e+00
        728     31.000     8.5887     8.6078   3.554311   3.556232     2.3116 -9.990e-29      69.69 4.9471e-02 0.0000e+00    81.3961    5.92818    33.6995    33.7016    26.1643    1483.58    1479.64 0.0000e+00
        753     32.000     8.6138     8.5954   3.561483   3.561762     2.3090 -9.990e-29      83.60 4.9476e-02 0.0000e+00    81.3536    5.92577    33.7507    33.7712    26.2005    1483.75    1479.77 0.0000e+00
        779     33.000     8.7269     8.7095   3.574325   3.574298     2.3084 -9.990e-29      83.52 4.9467e-02 0.0000e+00    81.3522    5.96244    33.7774    33.7937    26.2039    1484.22    1479.90 0.0000e+00
        804     34.000     8.7598     8.7553   3.580122   3.581579     2.3147 -9.990e-29      82.77 4.9461e-02 0.0000e+00    81.3238    5.99637    33.8064    33.8260    26.2215    1484.39    1480.03 0.0000e+00
        828     35.000     8.7433     8.7574   3.581206   3.583868     2.3183 -9.990e-29      61.39 4.9502e-02 0.0000e+00    81.3142    5.97121    33.8331    33.8476    26.2450    1484.38    1480.16 0.0000e+00
        853     36.000     8.6004     8.6236   3.566546   3.569592     2.3171 -9.990e-29      47.36 4.9485e-02 0.0000e+00    81.3266    5.94438    33.8150    33.8249    26.2530    1483.84    1480.26 0.0000e+00
        877     37.000     8.3981     8.3926   3.544776   3.544718     2.3121 -9.990e-29      78.28 4.9503e-02 0.0000e+00    81.3509    5.92831    33.7783    33.7830    26.2551    1483.06    1480.34 0.0000e+00
        901     38.000     8.3556     8.3544   3.542205   3.543864     2.3053 -9.990e-29      78.07 4.9495e-02 0.0000e+00    81.3400    5.92378    33.7914    33.8102    26.2718    1482.93    1480.40 0.0000e+00
        926     39.000     8.4094     8.4136   3.550891   3.553122     2.3033 -9.990e-29      71.85 4.9500e-02 0.0000e+00    81.3077    5.98387    33.8313    33.8509    26.2950    1483.20    1480.47 0.0000e+00
        951     40.000     8.4025     8.4033   3.550921   3.552332     2.3098 -9.990e-29      71.08 4.9506e-02 0.0000e+00    81.2774    6.06217    33.8378    33.8520    26.3011    1483.20    1480.54 0.0000e+00
        976     41.000     8.3953     8.3923   3.550265   3.551368     2.3181 -9.990e-29      74.13 4.9472e-02 0.0000e+00    81.3120    6.08059    33.8373    33.8519    26.3018    1483.19    1480.61 0.0000e+00
       1002     42.000     8.3994     8.3972   3.551179   3.552601     2.3239 -9.990e-29      73.69 4.9477e-02 0.0000e+00    81.3385    6.07993    33.8426    33.8598    26.3053    1483.23    1480.67 0.0000e+00
       1028     43.000     8.5326     8.5261   3.568110   3.569571     2.3281 -9.990e-29      72.54 4.9454e-02 0.0000e+00    81.3473    6.06537    33.8932    33.9149    26.3247    1483.80    1480.74 0.0000e+00
       1055     44.000     8.5750     8.5715   3.573650   3.574864     2.3330 -9.990e-29      71.99 4.9470e-02 0.0000e+00    81.3622    6.07454    33.9105    33.9267    26.3318    1484.00    1480.82 0.0000e+00
       1081     45.000     8.5950     8.5915   3.576466   3.577692     2.3355 -9.990e-29      71.21 4.9482e-02 0.0000e+00    81.3824    6.03893    33.9206    33.9369    26.3365    1484.10    1480.89 0.0000e+00
       1108     46.000     8.6567     8.6490   3.585016   3.586020     2.3331 -9.990e-29      70.28 4.9496e-02 0.0000e+00    81.4289    5.99067    33.9510    33.9690    26.3508    1484.39    1480.96 0.0000e+00
       1134     47.000     8.7756     8.7717   3.601130   3.603280     2.3293 -9.990e-29      69.00 4.9508e-02 0.0000e+00    81.4558    5.96185    34.0059    34.0322    26.3753    1484.91    1481.05 0.0000e+00
       1160     48.000     8.8961     8.8915   3.618108   3.619189     2.3261 -9.990e-29      68.25 4.9503e-02 0.0000e+00    81.4687    5.93334    34.0679    34.0836    26.4050    1485.45    1481.14 0.0000e+00
       1186     49.000     8.9907     8.9786   3.634216   3.634790     2.3223 -9.990e-29      67.36 4.9478e-02 0.0000e+00    81.5027    5.88111    34.1451    34.1628    26.4505    1485.91    1481.24 0.0000e+00
       1212     50.000     9.0392     9.0361   3.642877   3.644251     2.3146    -0.0671      66.29 4.9487e-02 0.0000e+00    81.5244    5.81696    34.1886    34.2059    26.4768    1486.16    1481.34 0.0000e+00
       1237     51.000     9.0520     9.0493   3.645175   3.646512     2.3036    -0.0592      65.15 4.9495e-02 0.0000e+00    81.5556    5.73986    34.1998    34.2164    26.4836    1486.24    1481.43 0.0000e+00
       1262     52.000     9.0606     9.0580   3.646876   3.648127     2.2881    -0.0626      64.30 4.9474e-02 0.0000e+00    81.5659    5.65769    34.2088    34.2244    26.4893    1486.30    1481.52 0.0000e+00
       1286     53.000     9.0663     9.0649   3.648411   3.650028     2.2715    -0.0628      62.98 4.9489e-02 0.0000e+00    81.5650    5.59917    34.2189    34.2371    26.4962    1486.35    1481.61 0.0000e+00
       1311     54.000     9.0820     9.0788   3.653782   3.654980     2.2550    -0.0616      62.26 4.9467e-02 0.0000e+00    81.5590    5.56279    34.2594    34.2750    26.5254    1486.47    1481.70 0.0000e+00
       1336     55.000     9.1040     9.1012   3.661604   3.663158     2.2415    -0.0729      61.10 4.9495e-02 0.0000e+00    81.5820    5.54010    34.3194    34.3383    26.5689    1486.64    1481.79 0.0000e+00
       1361     56.000     9.1043     9.1030   3.663483   3.664817     2.2303    -0.0668      60.25 4.9487e-02 0.0000e+00    81.5719    5.51319    34.3382    34.3534    26.5836    1486.68    1481.88 0.0000e+00
       1387     57.000     9.0852     9.0855   3.663677   3.664998     2.2183    -0.0619      59.06 4.9472e-02 0.0000e+00    81.5553    5.46746    34.3582    34.3717    26.6023    1486.65    1481.96 0.0000e+00
       1413     58.000     9.0474     9.0488   3.665859   3.667237     2.2053    -0.0666      58.32 4.9503e-02 0.0000e+00    81.5656    5.42346    34.4171    34.4301    26.6544    1486.60    1482.04 0.0000e+00
       1438     59.000     8.9812     8.9814   3.667370   3.668754     2.1923    -0.0622      57.19 4.9503e-02 0.0000e+00    81.5753    5.39255    34.4966    34.5109    26.7272    1486.47    1482.12 0.0000e+00
       1464     60.000     8.9692     8.9685   3.667211   3.668601     2.1797    -0.0619      56.28 4.9493e-02 0.0000e+00    81.5357    5.34785    34.5061    34.5213    26.7366    1486.46    1482.19 0.0000e+00
       1490     61.000     8.9533     8.9521   3.667043   3.668431     2.1662    -0.0628      55.14 4.9467e-02 0.0000e+00    81.5321    5.30193    34.5193    34.5350    26.7495    1486.43    1482.26 0.0000e+00
       1515     62.000     8.9356     8.9362   3.666740   3.668138     2.1528    -0.0663      54.28 4.9508e-02 0.0000e+00    81.5390    5.26824    34.5329    34.5469    26.7629    1486.40    1482.33 0.0000e+00
       1541     63.000     8.9167     8.9137   3.666340   3.667643     2.1411    -0.0687      53.13 4.9495e-02 0.0000e+00    81.5145    5.24621    34.5466    34.5632    26.7767    1486.36    1482.39 0.0000e+00
       1566     64.000     8.9041     8.9027   3.666043   3.667412     2.1308    -0.0722      52.30 4.9489e-02 0.0000e+00    81.5130    5.23077    34.5552    34.5710    26.7855    1486.34    1482.45 0.0000e+00
       1591     65.000     8.9015     8.8992   3.666000   3.667345     2.1221    -0.0707      51.19 4.9478e-02 0.0000e+00    81.4737    5.21356    34.5569    34.5732    26.7872    1486.35    1482.51 0.0000e+00
       1616     66.000     8.8860     8.8846   3.665610   3.666951     2.1144    -0.0681      49.62 4.9483e-02 0.0000e+00    81.4541    5.20626    34.5674    34.5828    26.7979    1486.32    1482.57 0.0000e+00
       1641     67.000     8.8528     8.8518   3.664778   3.666135     2.1085    -0.0706      48.98 4.9492e-02 0.0000e+00    81.4847    5.20133    34.5905    34.6058    26.8213    1486.25    1482.62 0.0000e+00
       1667     68.000     8.8357     8.8345   3.664293   3.665646     2.1032    -0.0645      48.29 4.9478e-02 0.0000e+00    81.4760    5.19216    34.6016    34.6170    26.8327    1486.21    1482.68 0.0000e+00
       1692     69.000     8.8237     8.8226   3.663955   3.665319     2.0983    -0.0659      47.28 4.9478e-02 0.0000e+00    81.4684    5.18266    34.6093    34.6247    26.8406    1486.19    1482.73 0.0000e+00
       1717     70.000     8.8188     8.8170   3.663843   3.665195     2.0941    -0.0674      46.26 4.9476e-02 0.0000e+00    81.4595    5.17687    34.6125    34.6284    26.8438    1486.20    1482.78 0.0000e+00
       1743     71.000     8.8156     8.8138   3.663795   3.665158     2.0908    -0.0652      45.43 4.9472e-02 0.0000e+00    81.4627    5.17457    34.6146    34.6307    26.8460    1486.20    1482.83 0.0000e+00
       1768     72.000     8.8133     8.8115   3.663793   3.665143     2.0879    -0.0648      44.67 4.9500e-02 0.0000e+00    81.4556    5.16677    34.6164    34.6323    26.8478    1486.21    1482.87 0.0000e+00
       1794     73.000     8.7987     8.7983   3.663418   3.664788     2.0846    -0.0710      43.57 4.9509e-02 0.0000e+00    81.4782    5.15904    34.6262    34.6410    26.8578    1486.19    1482.92 0.0000e+00
       1819     74.000     8.7865     8.7851   3.663102   3.664452     2.0824    -0.0650      42.38 4.9487e-02 0.0000e+00    81.4286    5.15841    34.6343    34.6499    26.8661    1486.17    1482.96 0.0000e+00
       1845     75.000     8.7777     8.7760   3.662877   3.664224     2.0797    -0.0632      41.36 4.9477e-02 0.0000e+00    81.4648    5.15280    34.6401    34.6559    26.8720    1486.16    1483.00 0.0000e+00
       1871     76.000     8.7690     8.7679   3.662622   3.663965     2.0778    -0.0675      40.46 4.9498e-02 0.0000e+00    81.4629    5.15521    34.6454    34.6607    26.8775    1486.15    1483.05 0.0000e+00
       1898     77.000     8.7457     8.7454   3.661914   3.663270     2.0764    -0.0626      39.50 4.9490e-02 0.0000e+00    81.4677    5.15064    34.6603    34.6749    26.8929    1486.10    1483.09 0.0000e+00
       1924     78.000     8.7154     8.7162   3.660985   3.662348     2.0740    -0.0652      38.57 4.9477e-02 0.0000e+00    81.4651    5.13905    34.6797    34.6933    26.9128    1486.03    1483.12 0.0000e+00
       1950     79.000     8.6738     8.6733   3.659609   3.660955     2.0711    -0.0644      37.57 4.9482e-02 0.0000e+00    81.4752    5.12271    34.7055    34.7202    26.9396    1485.92    1483.16 0.0000e+00
