_data/ctd/2022603/sta0222.cnv
* Sea-Bird SBE 9 Data File:
* FileName = C:\Seabird\CTDData\sta0222.hex
* Software Version Seasave V 7.21f
* Temperature SN = 6264
* Conductivity SN = 4928
* Number of Bytes Per Scan = 40
* Number of Voltage Words = 5
* Number of Scans Averaged by the Deck Unit = 1
* NMEA Latitude = 61 19.14 N
* NMEA Longitude = 004 51.98 E
* NMEA UTC (Time) = Feb 17 2022 18:15:18
* NMEA baud rate = 4800
** Ship: R/V "Kristine Bonnevie"
** Station: 0222
** Echodepth: 226
** Log: 1176.930
** Wind-Dir/Force: 26 08
** Air-temp (dry): 4.4
** Weather Sky:
** Sea:
# nquan = 19                                
# nvalues = 217                         
# units = specified
# name 0 = scan: Scan Count
# name 1 = prDM: Pressure, Digiquartz [db]
# name 2 = t068C: Temperature [ITS-68, deg C]
# name 3 = t168C: Temperature, 2 [ITS-68, deg C]
# name 4 = c0S/m: Conductivity [S/m]
# name 5 = c1S/m: Conductivity, 2 [S/m]
# name 6 = sbeox0V: Oxygen raw, SBE 43 [V]
# name 7 = flECO-AFL: Fluorescence, WET Labs ECO-AFL/FL [mg/m^3]
# name 8 = altM: Altimeter [m]
# name 9 = par: PAR/Irradiance, Biospherical/Licor
# name 10 = spar: SPAR/Surface Irradiance
# name 11 = CStarTr0: Beam Transmission, WET Labs C-Star [%]
# name 12 = sbeox0ML/L: Oxygen, SBE 43 [ml/l], WS = 2
# name 13 = sal00: Salinity, Practical [PSU]
# name 14 = sal11: Salinity, Practical, 2 [PSU]
# name 15 = sigma-t00: Density [sigma-t, Kg/m^3 ]
# name 16 = svCM: Sound Velocity [Chen-Millero, m/s]
# name 17 = avgsvCM: Average Sound Velocity [Chen-Millero, m/s], minP = 1, minS = 5
# name 18 = flag: flag
# span 0 =        583,       5306       
# span 1 =      2.000,    218.000       
# span 2 =     6.4162,     8.5842       
# span 3 =     6.4162,     8.5824       
# span 4 =   3.200370,   3.668539       
# span 5 =   3.201440,   3.670008       
# span 6 =     2.2104,     2.4924       
# span 7 =    -0.0887,     0.7083       
# span 8 =       8.39,     100.12       
# span 9 = 4.9398e-02, 5.4701e-01       
# span 10 = 0.0000e+00, 0.0000e+00      
# span 11 =    74.9302,    80.2718      
# span 12 =    5.69791,    6.87803      
# span 13 =    31.9483,    34.9470      
# span 14 =    31.9601,    34.9648      
# span 15 =    25.0909,    27.1627      
# span 16 =    1472.57,    1487.70      
# span 17 =    1472.57,    1483.31      
# span 18 = 0.0000e+00, 0.0000e+00      
# interval = decibars: 1                
# start_time = Feb 17 2022 18:15:21 [System UTC, header]
# bad_flag = -9.990e-29
*END*
        583      2.000     6.4162     6.4162   3.200370   3.201440     2.4479     0.6657      98.80 3.9007e-01 0.0000e+00    79.4494    6.81228    31.9483    31.9601    25.0909    1472.57    1472.57 0.0000e+00
        624      3.000     6.4205     6.4203   3.201362   3.202574     2.4496     0.6588      98.83 5.4701e-01 0.0000e+00    79.4836    6.81458    31.9548    31.9683    25.0955    1472.62    1472.59 0.0000e+00
        674      4.000     6.4313     6.4261   3.204895   3.205017     2.4489     0.6625      98.83 3.9864e-01 0.0000e+00    79.4996    6.80558    31.9832    31.9894    25.1165    1472.71    1472.62 0.0000e+00
        720      5.000     6.4568     6.4528   3.214040   3.214210     2.4485     0.7083      98.83 2.9757e-01 0.0000e+00    79.4618    6.81199    32.0598    32.0655    25.1738    1472.92    1472.68 0.0000e+00
        758      6.000     6.4698     6.4647   3.222466   3.222415     2.4495     0.6637      85.08 2.4817e-01 0.0000e+00    79.6020    6.80607    32.1402    32.1445    25.2355    1473.09    1472.75 0.0000e+00
        790      7.000     6.4924     6.4893   3.228182   3.229011     2.4498     0.6208      89.82 1.7240e-01 0.0000e+00    79.6611    6.80860    32.1816    32.1937    25.2652    1473.25    1472.82 0.0000e+00
        823      8.000     6.5046     6.5029   3.230252   3.231360     2.4510     0.5803      98.78 1.3414e-01 0.0000e+00    79.7249    6.81084    32.1925    32.2063    25.2723    1473.33    1472.88 0.0000e+00
        857      9.000     6.5251     6.5217   3.233612   3.234431     2.4518     0.5937      98.83 1.0587e-01 0.0000e+00    79.7394    6.80582    32.2097    32.2220    25.2833    1473.45    1472.95 0.0000e+00
        884     10.000     6.5396     6.5371   3.235843   3.236755     2.4522     0.5579      98.83 8.6227e-02 0.0000e+00    79.7890    6.80337    32.2202    32.2326    25.2897    1473.53    1473.00 0.0000e+00
        909     11.000     6.5752     6.5729   3.243985   3.244919     2.4523     0.5563      98.83 8.3112e-02 0.0000e+00    79.7982    6.79618    32.2759    32.2884    25.3291    1473.76    1473.07 0.0000e+00
        933     12.000     6.5728     6.5717   3.250176   3.251136     2.4525     0.5330      98.83 5.6358e-02 0.0000e+00    79.8350    6.79122    32.3460    32.3576    25.3846    1473.85    1473.14 0.0000e+00
        957     13.000     6.5890     6.5852   3.261650   3.262493     2.4521     0.5010      98.83 5.4040e-02 0.0000e+00    79.8455    6.77893    32.4567    32.4696    25.4698    1474.07    1473.21 0.0000e+00
        983     14.000     6.6274     6.6244   3.271996   3.272982     2.4520     0.4938      67.91 5.0170e-02 0.0000e+00    79.8372    6.78150    32.5338    32.5475    25.5256    1474.34    1473.29 0.0000e+00
       1007     15.000     6.6481     6.6443   3.276367   3.277165     2.4531     0.4422      96.21 4.9527e-02 0.0000e+00    79.9301    6.78698    32.5617    32.5742    25.5450    1474.47    1473.37 0.0000e+00
       1028     16.000     6.6752     6.6726   3.282570   3.283673     2.4539     0.3972      98.85 4.9529e-02 0.0000e+00    79.9579    6.78452    32.6038    32.6184    25.5746    1474.65    1473.45 0.0000e+00
       1048     17.000     6.6886     6.6861   3.285490   3.286451     2.4551     0.3671      98.83 4.9498e-02 0.0000e+00    79.9713    6.79018    32.6227    32.6357    25.5877    1474.74    1473.52 0.0000e+00
       1070     18.000     6.6947     6.6925   3.286599   3.287642     2.4563     0.3407      98.83 4.9528e-02 0.0000e+00    80.0205    6.78844    32.6286    32.6422    25.5916    1474.79    1473.59 0.0000e+00
       1091     19.000     6.7129     6.7104   3.290762   3.291843     2.4568     0.3380      98.83 4.9505e-02 0.0000e+00    80.0646    6.77815    32.6566    32.6709    25.6113    1474.91    1473.66 0.0000e+00
       1110     20.000     6.7537     6.7484   3.299551   3.300693     2.4569     0.3045      98.83 4.9478e-02 0.0000e+00    80.0768    6.77170    32.7139    32.7315    25.6511    1475.16    1473.74 0.0000e+00
       1128     21.000     6.8684     6.8563   3.320749   3.321962     2.4574     0.2817      58.62 4.9500e-02 0.0000e+00    80.1077    6.75328    32.8366    32.8615    25.7326    1475.78    1473.84 0.0000e+00
       1146     22.000     6.9779     6.9688   3.341535   3.342796     2.4581     0.2502      88.30 4.9531e-02 0.0000e+00    80.1200    6.74635    32.9590    32.9815    25.8144    1476.37    1473.95 0.0000e+00
       1165     23.000     7.1065     7.0944   3.364094   3.365221     2.4603     0.1576      98.69 4.9505e-02 0.0000e+00    80.1199    6.74195    33.0817    33.1056    25.8937    1477.04    1474.08 0.0000e+00
       1184     24.000     7.2213     7.2145   3.383645   3.384811     2.4631     0.1161      98.82 4.9483e-02 0.0000e+00    80.1671    6.72790    33.1841    33.2033    25.9585    1477.63    1474.23 0.0000e+00
       1204     25.000     7.2582     7.2553   3.389987   3.391127     2.4654     0.0936      49.92 4.9495e-02 0.0000e+00    80.2249    6.72615    33.2172    33.2324    25.9795    1477.83    1474.38 0.0000e+00
       1223     26.000     7.2361     7.2351   3.390498   3.391793     2.4676     0.0665      98.65 4.9474e-02 0.0000e+00    80.2390    6.71559    33.2435    33.2586    26.0032    1477.79    1474.51 0.0000e+00
       1243     27.000     7.3153     7.3076   3.401484   3.402709     2.4674     0.0395      98.83 4.9511e-02 0.0000e+00    80.2477    6.68302    33.2863    33.3070    26.0259    1478.17    1474.64 0.0000e+00
       1262     28.000     7.3807     7.3770   3.410124   3.411388     2.4668     0.0438      98.83 4.9490e-02 0.0000e+00    80.2718    6.67515    33.3167    33.3339    26.0408    1478.48    1474.78 0.0000e+00
       1281     29.000     7.3952     7.3928   3.413104   3.414331     2.4672     0.0660      98.83 4.9505e-02 0.0000e+00    80.2300    6.67729    33.3346    33.3502    26.0528    1478.57    1474.91 0.0000e+00
       1300     30.000     7.4145     7.4126   3.416911   3.418137     2.4669     0.0314      98.83 4.9497e-02 0.0000e+00    80.2320    6.65762    33.3568    33.3719    26.0676    1478.69    1475.03 0.0000e+00
       1320     31.000     7.3929     7.3937   3.417036   3.418250     2.4653     0.0251      98.83 4.9509e-02 0.0000e+00    80.2105    6.64384    33.3784    33.3908    26.0876    1478.65    1475.15 0.0000e+00
       1341     32.000     7.3582     7.3600   3.415686   3.416964     2.4630     0.0318      98.83 4.9489e-02 0.0000e+00    80.2002    6.62970    33.3968    33.4089    26.1069    1478.55    1475.26 0.0000e+00
       1363     33.000     7.1709     7.1907   3.398299   3.399904     2.4594     0.0330      98.83 4.9509e-02 0.0000e+00    80.1917    6.63852    33.3880    33.3864    26.1260    1477.84    1475.34 0.0000e+00
       1384     34.000     6.9324     6.9427   3.375503   3.376838     2.4554     0.0344      98.83 4.9509e-02 0.0000e+00    80.1636    6.64892    33.3693    33.3739    26.1436    1476.91    1475.38 0.0000e+00
       1403     35.000     6.8558     6.8574   3.368498   3.369610     2.4498     0.0634      98.83 4.9505e-02 0.0000e+00    80.1234    6.64382    33.3662    33.3769    26.1515    1476.62    1475.42 0.0000e+00
       1423     36.000     6.8366     6.8317   3.368180   3.369009     2.4464     0.0786      98.83 4.9488e-02 0.0000e+00    80.0852    6.68923    33.3809    33.3948    26.1657    1476.58    1475.45 0.0000e+00
       1443     37.000     7.0209     6.9914   3.390521   3.390237     2.4485     0.0966      98.83 4.9518e-02 0.0000e+00    80.0707    6.74256    33.4465    33.4721    26.1925    1477.39    1475.50 0.0000e+00
       1464     38.000     7.1821     7.1770   3.408622   3.409740     2.4568     0.0952      98.82 4.9512e-02 0.0000e+00    80.0493    6.81488    33.4874    33.5045    26.2026    1478.09    1475.57 0.0000e+00
       1485     39.000     7.0853     7.0944   3.399493   3.400845     2.4697     0.0661      98.83 4.9512e-02 0.0000e+00    80.0470    6.87803    33.4811    33.4871    26.2110    1477.72    1475.62 0.0000e+00
       1506     40.000     7.0035     7.0058   3.392439   3.393694     2.4777     0.0386      98.83 4.9505e-02 0.0000e+00    80.0389    6.83700    33.4830    33.4945    26.2236    1477.42    1475.67 0.0000e+00
       1526     41.000     6.9878     6.9868   3.391472   3.392666     2.4787     0.0469      98.83 4.9495e-02 0.0000e+00    80.0084    6.78638    33.4871    33.5012    26.2290    1477.38    1475.71 0.0000e+00
       1547     42.000     6.9870     6.9857   3.391639   3.392843     2.4779     0.0663      94.23 4.9485e-02 0.0000e+00    79.9819    6.78053    33.4893    33.5037    26.2308    1477.40    1475.75 0.0000e+00
       1567     43.000     6.9897     6.9881   3.392570   3.393779     2.4782     0.0663      45.14 4.9481e-02 0.0000e+00    79.9609    6.79670    33.4964    33.5112    26.2360    1477.43    1475.79 0.0000e+00
       1588     44.000     6.9931     6.9918   3.393966   3.395160     2.4797     0.0663      98.19 4.9505e-02 0.0000e+00    79.9568    6.81313    33.5079    33.5222    26.2446    1477.48    1475.83 0.0000e+00
       1609     45.000     6.9530     6.9551   3.391086   3.392311     2.4816     0.0663      98.82 4.9505e-02 0.0000e+00    79.9535    6.82713    33.5149    33.5262    26.2555    1477.35    1475.86 0.0000e+00
       1630     46.000     6.9416     6.9352   3.393414   3.394477     2.4831     0.0792      98.83 4.9492e-02 0.0000e+00    79.9618    6.82544    33.5510    33.5689    26.2856    1477.37    1475.89 0.0000e+00
       1651     47.000     7.0330     7.0276   3.404402   3.405462     2.4839     0.0894      98.83 4.9505e-02 0.0000e+00    79.9599    6.82118    33.5819    33.5987    26.2974    1477.78    1475.93 0.0000e+00
       1671     48.000     7.0446     7.0422   3.406028   3.407192     2.4868     0.0665      98.83 4.9502e-02 0.0000e+00    79.9705    6.84880    33.5879    33.6030    26.3006    1477.84    1475.97 0.0000e+00
       1691     49.000     7.0552     7.0525   3.409686   3.410902     2.4901     0.0663      98.83 4.9476e-02 0.0000e+00    79.9906    6.84923    33.6171    33.6331    26.3221    1477.94    1476.01 0.0000e+00
       1711     50.000     7.0870     7.0842   3.414674   3.415926     2.4918     0.0663      98.83 4.9512e-02 0.0000e+00    79.9947    6.83044    33.6402    33.6566    26.3360    1478.11    1476.06 0.0000e+00
       1733     51.000     7.0752     7.0745   3.414288   3.415672     2.4924     0.0783      98.83 4.9493e-02 0.0000e+00    79.9978    6.82051    33.6470    33.6628    26.3429    1478.09    1476.10 0.0000e+00
       1756     52.000     7.2019     7.1931   3.430902   3.432243     2.4917     0.0970      98.83 4.9509e-02 0.0000e+00    80.0248    6.78128    33.7044    33.7276    26.3707    1478.66    1476.15 0.0000e+00
       1777     53.000     7.2200     7.2182   3.436029   3.437306     2.4909     0.0963      98.83 4.9498e-02 0.0000e+00    80.0137    6.78863    33.7421    33.7578    26.3979    1478.80    1476.20 0.0000e+00
       1797     54.000     7.2824     7.2757   3.445170   3.446496     2.4915     0.0663      98.82 4.9461e-02 0.0000e+00    80.0018    6.77150    33.7803    33.8013    26.4193    1479.10    1476.25 0.0000e+00
       1817     55.000     7.3038     7.3033   3.448034   3.449303     2.4900 -9.990e-29      98.83 4.9502e-02 0.0000e+00    80.0214    6.74671    33.7901    33.8044    26.4240    1479.21    1476.30 0.0000e+00
       1837     56.000     7.2829     7.2806   3.447426   3.448756     2.4879 -9.990e-29      98.83 4.9492e-02 0.0000e+00    80.0369    6.72750    33.8035    33.8202    26.4374    1479.17    1476.35 0.0000e+00
       1859     57.000     7.4684     7.4596   3.471063   3.472956     2.4839 -9.990e-29      98.83 4.9509e-02 0.0000e+00    80.0309    6.67739    33.8786    33.9078    26.4704    1479.99    1476.42 0.0000e+00
       1881     58.000     7.4481     7.4547   3.471431   3.472678     2.4812 -9.990e-29      98.82 4.9496e-02 0.0000e+00    80.0581    6.69272    33.9020    33.9091    26.4916    1479.96    1476.48 0.0000e+00
       1902     59.000     7.3858     7.3751   3.467464   3.468453     2.4802     0.0292      98.82 4.9445e-02 0.0000e+00    80.0529    6.67432    33.9194    33.9406    26.5141    1479.76    1476.53 0.0000e+00
       1922     60.000     7.7003     7.6829   3.504645   3.506458     2.4742     0.0510      98.83 4.9481e-02 0.0000e+00    80.0786    6.57599    34.0139    34.0505    26.5435    1481.09    1476.61 0.0000e+00
       1941     61.000     7.7209     7.7224   3.507951   3.509549     2.4702     0.0526      98.83 4.9481e-02 0.0000e+00    80.0790    6.60168    34.0290    34.0447    26.5524    1481.21    1476.68 0.0000e+00
       1961     62.000     7.6938     7.6957   3.508409   3.509660     2.4695     0.0267      98.82 4.9488e-02 0.0000e+00    80.0909    6.59535    34.0599    34.0715    26.5806    1481.16    1476.76 0.0000e+00
       1983     63.000     7.6457     7.6355   3.505979   3.506525     2.4644     0.0289      79.65 4.9528e-02 0.0000e+00    80.1301    6.52407    34.0803    34.0962    26.6036    1481.02    1476.82 0.0000e+00
       2004     64.000     7.7778     7.7707   3.521038   3.522358     2.4538     0.0608      57.30 4.9498e-02 0.0000e+00    80.1334    6.44495    34.1129    34.1341    26.6101    1481.58    1476.90 0.0000e+00
       2025     65.000     7.7530     7.7505   3.519472   3.520575     2.4454     0.0456      98.44 4.9483e-02 0.0000e+00    80.0992    6.44781    34.1198    34.1342    26.6191    1481.51    1476.97 0.0000e+00
       2047     66.000     7.7555     7.7502   3.520754   3.521989     2.4386     0.0346      98.83 4.9505e-02 0.0000e+00    80.1047    6.42976    34.1307    34.1492    26.6273    1481.55    1477.04 0.0000e+00
       2068     67.000     7.8169     7.8133   3.528185   3.529550     2.4311     0.0343      98.82 4.9485e-02 0.0000e+00    80.0888    6.40112    34.1501    34.1684    26.6336    1481.82    1477.11 0.0000e+00
       2089     68.000     7.8535     7.8490   3.533488   3.534823     2.4254     0.0316      98.82 4.9490e-02 0.0000e+00    80.0868    6.39505    34.1709    34.1896    26.6446    1482.00    1477.18 0.0000e+00
       2111     69.000     7.8863     7.8833   3.538165   3.539600     2.4206 -9.990e-29      98.83 4.9505e-02 0.0000e+00    80.0883    6.37926    34.1886    34.2069    26.6536    1482.16    1477.25 0.0000e+00
       2131     70.000     7.9175     7.9138   3.543778   3.545365     2.4162 -9.990e-29      98.83 4.9490e-02 0.0000e+00    80.0933    6.35952    34.2178    34.2385    26.6720    1482.34    1477.32 0.0000e+00
       2151     71.000     7.9032     7.9026   3.545864   3.547207     2.4118 -9.990e-29      98.82 4.9509e-02 0.0000e+00    80.0955    6.34249    34.2538    34.2688    26.7024    1482.34    1477.40 0.0000e+00
       2170     72.000     7.8907     7.8896   3.545547   3.546998     2.4068 -9.990e-29      72.55 4.9515e-02 0.0000e+00    80.0726    6.31763    34.2621    34.2788    26.7108    1482.32    1477.46 0.0000e+00
       2191     73.000     7.9128     7.9070   3.548374   3.549422     2.4008     0.0356      50.75 4.9496e-02 0.0000e+00    80.0574    6.29443    34.2703    34.2873    26.7140    1482.43    1477.53 0.0000e+00
       2214     74.000     7.9367     7.9359   3.551307   3.552932     2.3951    -0.0005      31.65 4.9493e-02 0.0000e+00    80.0695    6.28802    34.2779    34.2962    26.7164    1482.55    1477.60 0.0000e+00
       2237     75.000     7.9575     7.9546   3.553895   3.555417     2.3908    -0.0006      99.15 4.9496e-02 0.0000e+00    80.0863    6.28369    34.2848    34.3040    26.7187    1482.65    1477.67 0.0000e+00
       2258     76.000     7.9955     7.9895   3.559046   3.560126     2.3875    -0.0025      98.82 4.9523e-02 0.0000e+00    80.0752    6.27267    34.3023    34.3198    26.7268    1482.83    1477.73 0.0000e+00
       2278     77.000     8.0128     8.0118   3.563544   3.564829     2.3849    -0.0075      98.82 4.9502e-02 0.0000e+00    80.0781    6.26807    34.3331    34.3478    26.7484    1482.95    1477.80 0.0000e+00
