_data/ctd/2022603/sta0223.cnv
* Sea-Bird SBE 9 Data File:
* FileName = C:\Seabird\CTDData\sta0223.hex
* Software Version Seasave V 7.21f
* Temperature SN = 6264
* Conductivity SN = 4928
* Number of Bytes Per Scan = 40
* Number of Voltage Words = 5
* Number of Scans Averaged by the Deck Unit = 1
* NMEA Latitude = 61 15.19 N
* NMEA Longitude = 004 41.45 E
* NMEA UTC (Time) = Feb 17 2022 20:33:04
* NMEA baud rate = 4800
** Ship: R/V "Kristine Bonnevie"
** Station: 0223
** Echodepth: 341
** Log: 1189.187
** Wind-Dir/Force: 27 12
** Air-temp (dry): 4.7
** Weather Sky:
** Sea:
# nquan = 19                                
# nvalues = 340                         
# units = specified
# name 0 = scan: Scan Count
# name 1 = prDM: Pressure, Digiquartz [db]
# name 2 = t068C: Temperature [ITS-68, deg C]
# name 3 = t168C: Temperature, 2 [ITS-68, deg C]
# name 4 = c0S/m: Conductivity [S/m]
# name 5 = c1S/m: Conductivity, 2 [S/m]
# name 6 = sbeox0V: Oxygen raw, SBE 43 [V]
# name 7 = flECO-AFL: Fluorescence, WET Labs ECO-AFL/FL [mg/m^3]
# name 8 = altM: Altimeter [m]
# name 9 = par: PAR/Irradiance, Biospherical/Licor
# name 10 = spar: SPAR/Surface Irradiance
# name 11 = CStarTr0: Beam Transmission, WET Labs C-Star [%]
# name 12 = sbeox0ML/L: Oxygen, SBE 43 [ml/l], WS = 2
# name 13 = sal00: Salinity, Practical [PSU]
# name 14 = sal11: Salinity, Practical, 2 [PSU]
# name 15 = sigma-t00: Density [sigma-t, Kg/m^3 ]
# name 16 = svCM: Sound Velocity [Chen-Millero, m/s]
# name 17 = avgsvCM: Average Sound Velocity [Chen-Millero, m/s], minP = 1, minS = 5
# name 18 = flag: flag
# span 0 =         -9,       7567       
# span 1 =      2.000,    341.000       
# span 2 =     6.4300,     8.4661       
# span 3 =     6.4294,     8.4643       
# span 4 =   3.259683,   3.669843       
# span 5 =   3.260579,   3.671289       
# span 6 =     2.2013,     2.5162       
# span 7 =    -0.0944,     0.5931       
# span 8 =       1.93,     100.81       
# span 9 = 4.9443e-02, 6.9435e-01       
# span 10 = 0.0000e+00, 0.0000e+00      
# span 11 =    73.0106,    80.9472      
# span 12 =    5.78642,    6.95749      
# span 13 =    32.5909,    34.9740      
# span 14 =    32.6021,    34.9910      
# span 15 =    25.5948,    27.1971      
# span 16 =    1473.44,    1489.45      
# span 17 =    1473.44,    1484.73      
# span 18 = 0.0000e+00, 0.0000e+00      
# interval = decibars: 1                
# start_time = Feb 17 2022 20:33:06 [System UTC, header]
# bad_flag = -9.990e-29
*END*
[from data line 305]
       6458    307.000     8.3770     8.3755   3.667453   3.668920     2.2152 -9.990e-29      35.95 4.9508e-02 0.0000e+00    80.8062    5.81655    34.9727    34.9898    27.1953    1488.90    1484.24 0.0000e+00
       6478    308.000     8.3769     8.3754   3.667493   3.668957     2.2140 -9.990e-29      34.96 4.9466e-02 0.0000e+00    80.7830    5.81493    34.9727    34.9898    27.1954    1488.92    1484.26 0.0000e+00
       6507    309.000     8.3768     8.3754   3.667514   3.668988     2.2136    -0.0741      33.57 4.9458e-02 0.0000e+00    80.7644    5.81939    34.9726    34.9896    27.1953    1488.93    1484.27 0.0000e+00
       6543    310.000     8.3774     8.3760   3.667632   3.669096     2.2129    -0.0602      32.37 4.9471e-02 0.0000e+00    80.7703    5.82234    34.9728    34.9897    27.1953    1488.95    1484.29 0.0000e+00
       6568    311.000     8.3776     8.3760   3.667685   3.669153     2.2132    -0.0604      31.59 4.9495e-02 0.0000e+00    80.7754    5.82370    34.9727    34.9899    27.1952    1488.97    1484.30 0.0000e+00
       6586    312.000     8.3781     8.3764   3.667806   3.669254     2.2128    -0.0610      30.73 4.9491e-02 0.0000e+00    80.7768    5.81839    34.9730    34.9901    27.1954    1488.99    1484.32 0.0000e+00
       6601    313.000     8.3770     8.3753   3.667727   3.669167     2.2126    -0.0584      29.91 4.9495e-02 0.0000e+00    80.7233    5.81798    34.9728    34.9897    27.1954    1489.00    1484.33 0.0000e+00
       6614    314.000     8.3756     8.3743   3.667638   3.669123     2.2123    -0.0634      29.28 4.9508e-02 0.0000e+00    80.7229    5.81544    34.9727    34.9898    27.1956    1489.01    1484.35 0.0000e+00
       6626    315.000     8.3749     8.3734   3.667609   3.669058     2.2117    -0.0859      28.33 4.9486e-02 0.0000e+00    80.6915    5.81278    34.9726    34.9895    27.1956    1489.02    1484.36 0.0000e+00
       6639    316.000     8.3746     8.3730   3.667633   3.669093     2.2113    -0.0877      27.24 4.9494e-02 0.0000e+00    80.6412    5.80937    34.9727    34.9898    27.1957    1489.04    1484.38 0.0000e+00
       6663    317.000     8.3745     8.3728   3.667654   3.669112     2.2103    -0.0896      25.78 4.9492e-02 0.0000e+00    80.6345    5.81204    34.9726    34.9897    27.1956    1489.05    1484.39 0.0000e+00
       6705    318.000     8.3744     8.3729   3.667688   3.669140     2.2095    -0.0686      24.37 4.9489e-02 0.0000e+00    80.7313    5.81321    34.9725    34.9895    27.1956    1489.07    1484.41 0.0000e+00
       6732    319.000     8.3745     8.3729   3.667738   3.669203     2.2093    -0.0566      23.55 4.9478e-02 0.0000e+00    80.7557    5.81787    34.9725    34.9897    27.1956    1489.09    1484.42 0.0000e+00
       6750    320.000     8.3742     8.3726   3.667768   3.669226     2.2093    -0.0558      22.74 4.9500e-02 0.0000e+00    80.7431    5.81731    34.9726    34.9897    27.1957    1489.10    1484.44 0.0000e+00
       6765    321.000     8.3746     8.3729   3.667870   3.669323     2.2092    -0.0620      21.87 4.9457e-02 0.0000e+00    80.7223    5.81488    34.9729    34.9900    27.1958    1489.12    1484.45 0.0000e+00
       6780    322.000     8.3751     8.3736   3.667978   3.669462     2.2087    -0.0862      20.94 4.9467e-02 0.0000e+00    80.7270    5.80956    34.9730    34.9903    27.1959    1489.14    1484.47 0.0000e+00
       6797    323.000     8.3756     8.3740   3.668094   3.669551     2.2083    -0.0879      19.96 4.9518e-02 0.0000e+00    80.6933    5.80839    34.9733    34.9904    27.1960    1489.16    1484.48 0.0000e+00
       6819    324.000     8.3755     8.3739   3.668126   3.669578     2.2077    -0.0928      18.81 4.9498e-02 0.0000e+00    80.6614    5.81162    34.9733    34.9903    27.1960    1489.17    1484.49 0.0000e+00
       6849    325.000     8.3753     8.3739   3.668142   3.669607     2.2074    -0.0912      17.61 4.9498e-02 0.0000e+00    80.6939    5.81412    34.9731    34.9901    27.1959    1489.19    1484.51 0.0000e+00
       6879    326.000     8.3757     8.3742   3.668248   3.669696     2.2075    -0.0755      16.60 4.9498e-02 0.0000e+00    80.5581    5.81666    34.9734    34.9903    27.1961    1489.21    1484.52 0.0000e+00
       6902    327.000     8.3758     8.3742   3.668294   3.669762     2.2075    -0.0647      15.68 4.9495e-02 0.0000e+00    80.6189    5.81673    34.9733    34.9905    27.1960    1489.22    1484.54 0.0000e+00
       6920    328.000     8.3758     8.3742   3.668349   3.669802     2.2074    -0.0866      14.80 4.9488e-02 0.0000e+00    80.6500    5.81171    34.9734    34.9904    27.1961    1489.24    1484.55 0.0000e+00
       6937    329.000     8.3754     8.3740   3.668366   3.669827     2.2066    -0.0629      13.90 4.9480e-02 0.0000e+00    80.5564    5.80925    34.9735    34.9904    27.1962    1489.26    1484.57 0.0000e+00
       6954    330.000     8.3745     8.3728   3.668327   3.669790     2.2066    -0.0630      12.95 4.9504e-02 0.0000e+00    80.5794    5.81143    34.9735    34.9908    27.1964    1489.27    1484.58 0.0000e+00
       6971    331.000     8.3740     8.3725   3.668331   3.669800     2.2061    -0.0861      11.95 4.9456e-02 0.0000e+00    80.5627    5.80929    34.9736    34.9907    27.1965    1489.28    1484.59 0.0000e+00
       6988    332.000     8.3734     8.3718   3.668332   3.669781     2.2056    -0.0863      10.96 4.9485e-02 0.0000e+00    80.5130    5.81191    34.9737    34.9907    27.1967    1489.30    1484.61 0.0000e+00
       7007    333.000     8.3728     8.3712   3.668328   3.669789     2.2057    -0.0772       9.93 4.9488e-02 0.0000e+00    80.4451    5.81194    34.9738    34.9909    27.1968    1489.31    1484.62 0.0000e+00
       7028    334.000     8.3722     8.3707   3.668333   3.669788     2.2051    -0.0617       8.90 4.9471e-02 0.0000e+00    80.3518    5.80951    34.9740    34.9909    27.1971    1489.33    1484.64 0.0000e+00
       7053    335.000     8.3720     8.3708   3.668352   3.669831     2.2046    -0.0837       7.82 4.9480e-02 0.0000e+00    80.2294    5.80485    34.9739    34.9908    27.1970    1489.34    1484.65 0.0000e+00
       7080    336.000     8.3720     8.3706   3.668403   3.669852     2.2037    -0.0601       6.77 4.9501e-02 0.0000e+00    80.1694    5.80459    34.9740    34.9907    27.1971    1489.36    1484.66 0.0000e+00
       7104    337.000     8.3722     8.3708   3.668472   3.669929     2.2029    -0.0574       5.83 4.9509e-02 0.0000e+00    80.1427    5.80100    34.9740    34.9909    27.1971    1489.38    1484.68 0.0000e+00
       7122    338.000     8.3725     8.3710   3.668529   3.669981     2.2026    -0.0858       4.98 4.9488e-02 0.0000e+00    79.9440    5.80349    34.9739    34.9908    27.1969    1489.39    1484.69 0.0000e+00
       7138    339.000     8.3727     8.3710   3.668583   3.670046     2.2022    -0.0788       4.08 4.9517e-02 0.0000e+00    78.8814    5.80150    34.9738    34.9910    27.1968    1489.41    1484.71 0.0000e+00
       7327    340.000     8.3731     8.3714   3.668675   3.670115     2.2015    -0.0563       3.12 4.9488e-02 0.0000e+00    75.3352    5.80177    34.9739    34.9909    27.1969    1489.43    1484.72 0.0000e+00
       7567    341.000     8.3733     8.3715   3.668720   3.670147     2.2013 -9.990e-29       1.93 4.9464e-02 0.0000e+00    73.0106    5.79940    34.9737    34.9906    27.1967    1489.45    1484.73 0.0000e+00
