_data/ctd/2022603/sta0193.cnv
* Sea-Bird SBE 9 Data File:
* FileName = C:\Seabird\CTDData\sta0193.hex
* Software Version Seasave V 7.21f
* Temperature SN = 6264
* Conductivity SN = 4928
* Number of Bytes Per Scan = 40
* Number of Voltage Words = 5
* Number of Scans Averaged by the Deck Unit = 1
* NMEA Latitude = 61 21.25 N
* NMEA Longitude = 006 43.94 E
* NMEA UTC (Time) = Feb 14 2022 18:23:23
* NMEA baud rate = 4800
** Ship: R/V "Kristine Bonnevie"
** Station: 0193
** Echodepth: 169
** Log: 0765.766
** Wind-Dir/Force: 01 11
** Air-temp (dry): 6.1
** Weather Sky:
** Sea:
** F05
# nquan = 19                                
# nvalues = 166                         
# units = specified
# name 0 = scan: Scan Count
# name 1 = prDM: Pressure, Digiquartz [db]
# name 2 = t068C: Temperature [ITS-68, deg C]
# name 3 = t168C: Temperature, 2 [ITS-68, deg C]
# name 4 = c0S/m: Conductivity [S/m]
# name 5 = c1S/m: Conductivity, 2 [S/m]
# name 6 = sbeox0V: Oxygen raw, SBE 43 [V]
# name 7 = flECO-AFL: Fluorescence, WET Labs ECO-AFL/FL [mg/m^3]
# name 8 = altM: Altimeter [m]
# name 9 = par: PAR/Irradiance, Biospherical/Licor
# name 10 = spar: SPAR/Surface Irradiance
# name 11 = CStarTr0: Beam Transmission, WET Labs C-Star [%]
# name 12 = sbeox0ML/L: Oxygen, SBE 43 [ml/l], WS = 2
# name 13 = sal00: Salinity, Practical [PSU]
# name 14 = sal11: Salinity, Practical, 2 [PSU]
# name 15 = sigma-t00: Density [sigma-t, Kg/m^3 ]
# name 16 = svCM: Sound Velocity [Chen-Millero, m/s]
# name 17 = avgsvCM: Average Sound Velocity [Chen-Millero, m/s], minP = 1, minS = 5
# name 18 = flag: flag
# span 0 =        310,       4727       
# span 1 =      2.000,    167.000       
# span 2 =     4.2425,    10.0969       
# span 3 =     4.2529,    10.0991       
# span 4 =   2.745113,   3.695233       
# span 5 =   2.738261,   3.696913       
# span 6 =     1.8206,     2.4751       
# span 7 =    -0.0979,     1.0476       
# span 8 =       8.41,      99.66       
# span 9 = 4.9376e-02, 8.7776e-01       
# span 10 = 0.0000e+00, 0.0000e+00      
# span 11 =    79.1215,    81.0988      
# span 12 =    4.43448,    7.38402      
# span 13 =    28.7280,    34.8392      
# span 14 =    28.6891,    34.8563      
# span 15 =    22.7741,    27.1403      
# span 16 =    1459.75,    1489.06      
# span 17 =    1459.85,    1483.07      
# span 18 = 0.0000e+00, 0.0000e+00      
# interval = decibars: 1                
# start_time = Feb 14 2022 18:23:26 [System UTC, header]
# bad_flag = -9.990e-29
*END*
[from data line 153]
       3936    155.000     8.0888     8.0871   3.619426   3.620858     1.8343 -9.990e-29      21.22 4.9532e-02 0.0000e+00    80.3281    4.48309    34.8192    34.8362    27.1188    1485.13    1482.91 0.0000e+00
       4077    156.000     8.0922     8.0902   3.619597   3.621032     1.8352    -0.0641      19.95 4.9493e-02 0.0000e+00    80.3395    4.48774    34.8171    34.8345    27.1167    1485.15    1482.92 0.0000e+00
       4236    157.000     8.0967     8.0957   3.619852   3.621316     1.8355    -0.0676      18.81 4.9477e-02 0.0000e+00    80.2992    4.48632    34.8149    34.8316    27.1142    1485.18    1482.93 0.0000e+00
       4310    158.000     8.0845     8.0828   3.619360   3.620782     1.8352    -0.0648      17.90 4.9487e-02 0.0000e+00    80.2803    4.48994    34.8213    34.8382    27.1211    1485.16    1482.95 0.0000e+00
       4367    159.000     8.0778     8.0760   3.619094   3.620537     1.8339    -0.0660      16.98 4.9501e-02 0.0000e+00    80.1363    4.47671    34.8246    34.8418    27.1247    1485.16    1482.96 0.0000e+00
       4419    160.000     8.0745     8.0728   3.618992   3.620433     1.8313    -0.0686      15.90 4.9483e-02 0.0000e+00    79.9675    4.46575    34.8263    34.8434    27.1265    1485.16    1482.98 0.0000e+00
       4467    161.000     8.0697     8.0680   3.618838   3.620270     1.8287 -9.990e-29      15.09 4.9482e-02 0.0000e+00    79.9399    4.45742    34.8289    34.8460    27.1293    1485.16    1482.99 0.0000e+00
       4509    162.000     8.0658     8.0641   3.618731   3.620156     1.8260 -9.990e-29      13.98 4.9508e-02 0.0000e+00    79.6302    4.44367    34.8312    34.8481    27.1317    1485.17    1483.00 0.0000e+00
       4552    163.000     8.0586     8.0569   3.618467   3.619897     1.8230 -9.990e-29      13.10 4.9483e-02 0.0000e+00    79.4613    4.44119    34.8350    34.8520    27.1358    1485.16    1483.02 0.0000e+00
       4596    164.000     8.0537     8.0520   3.618296   3.619723     1.8216    -0.0558      11.98 4.9494e-02 0.0000e+00    79.4056    4.45008    34.8376    34.8546    27.1385    1485.16    1483.03 0.0000e+00
       4640    165.000     8.0516     8.0499   3.618250   3.619691     1.8227    -0.0558      11.06 4.9493e-02 0.0000e+00    79.4716    4.46381    34.8387    34.8558    27.1397    1485.17    1483.04 0.0000e+00
       4684    166.000     8.0509     8.0492   3.618269   3.619713     1.8228    -0.0558       9.99 4.9509e-02 0.0000e+00    79.4095    4.45011    34.8391    34.8563    27.1401    1485.19    1483.05 0.0000e+00
       4727    167.000     8.0503     8.0490   3.618272   3.619739     1.8206 -9.990e-29       8.41 4.9376e-02 0.0000e+00    79.1215    4.43448    34.8392    34.8563    27.1403    1485.20    1483.07 0.0000e+00
