_data/ctd/2022603/sta0195.cnv
* Sea-Bird SBE 9 Data File:
* FileName = C:\Seabird\CTDData\sta0195.hex
* Software Version Seasave V 7.21f
* Temperature SN = 6264
* Conductivity SN = 4928
* Number of Bytes Per Scan = 40
* Number of Voltage Words = 5
* Number of Scans Averaged by the Deck Unit = 1
* NMEA Latitude = 61 18.30 N
* NMEA Longitude = 006 40.57 E
* NMEA UTC (Time) = Feb 14 2022 19:19:39
* NMEA baud rate = 4800
** Ship: R/V "Kristine Bonnevie"
** Station: 0195
** Echodepth: 219
** Log: 0769.124
** Wind-Dir/Force: 52 11
** Air-temp (dry): 5.6
** Weather Sky:
** Sea:
# nquan = 19                                
# nvalues = 215                         
# units = specified
# name 0 = scan: Scan Count
# name 1 = prDM: Pressure, Digiquartz [db]
# name 2 = t068C: Temperature [ITS-68, deg C]
# name 3 = t168C: Temperature, 2 [ITS-68, deg C]
# name 4 = c0S/m: Conductivity [S/m]
# name 5 = c1S/m: Conductivity, 2 [S/m]
# name 6 = sbeox0V: Oxygen raw, SBE 43 [V]
# name 7 = flECO-AFL: Fluorescence, WET Labs ECO-AFL/FL [mg/m^3]
# name 8 = altM: Altimeter [m]
# name 9 = par: PAR/Irradiance, Biospherical/Licor
# name 10 = spar: SPAR/Surface Irradiance
# name 11 = CStarTr0: Beam Transmission, WET Labs C-Star [%]
# name 12 = sbeox0ML/L: Oxygen, SBE 43 [ml/l], WS = 2
# name 13 = sal00: Salinity, Practical [PSU]
# name 14 = sal11: Salinity, Practical, 2 [PSU]
# name 15 = sigma-t00: Density [sigma-t, Kg/m^3 ]
# name 16 = svCM: Sound Velocity [Chen-Millero, m/s]
# name 17 = avgsvCM: Average Sound Velocity [Chen-Millero, m/s], minP = 1, minS = 5
# name 18 = flag: flag
# span 0 =         81,       4562       
# span 1 =      2.000,    216.000       
# span 2 =     4.3195,    10.0691       
# span 3 =     4.2981,    10.0658       
# span 4 =   2.742681,   3.707427       
# span 5 =   2.739831,   3.709003       
# span 6 =     1.8422,     2.4853       
# span 7 =    -0.1046,     0.8761       
# span 8 =       4.04,     100.33       
# span 9 = 4.9445e-02, 6.7597e-01       
# span 10 = 0.0000e+00, 0.0000e+00      
# span 11 =    79.3731,    81.7104      
# span 12 =    4.52265,    7.40811      
# span 13 =    28.6821,    34.8942      
# span 14 =    28.6679,    34.9108      
# span 15 =    22.7358,    27.1994      
# span 16 =    1459.88,    1489.09      
# span 17 =    1459.88,    1483.76      
# span 18 = 0.0000e+00, 0.0000e+00      
# interval = decibars: 1                
# start_time = Feb 14 2022 19:19:41 [System UTC, header]
# bad_flag = -9.990e-29
*END*
[from data line 153]
       3287    155.000     8.0852     8.0836   3.620144   3.621530     1.9161    -0.0740      64.53 4.9467e-02 0.0000e+00    81.4886    4.72995    34.8304    34.8469    27.1282    1485.13    1483.14 0.0000e+00
       3307    156.000     8.0834     8.0816   3.620105   3.621485     1.9140    -0.0787      31.96 4.9474e-02 0.0000e+00    81.4698    4.72057    34.8313    34.8479    27.1291    1485.14    1483.15 0.0000e+00
       3327    157.000     8.0819     8.0801   3.620069   3.621444     1.9112    -0.0737      98.42 4.9453e-02 0.0000e+00    81.4378    4.70949    34.8319    34.8485    27.1298    1485.15    1483.16 0.0000e+00
       3347    158.000     8.0793     8.0775   3.619969   3.621337     1.9085    -0.0711      31.50 4.9487e-02 0.0000e+00    81.4096    4.70294    34.8330    34.8494    27.1310    1485.16    1483.17 0.0000e+00
       3367    159.000     8.0770     8.0753   3.619885   3.621268     1.9062    -0.0734      97.35 4.9494e-02 0.0000e+00    81.3992    4.69986    34.8339    34.8504    27.1321    1485.17    1483.19 0.0000e+00
       3387    160.000     8.0721     8.0707   3.619678   3.621065     1.9038    -0.0790      54.35 4.9483e-02 0.0000e+00    81.3948    4.69319    34.8360    34.8523    27.1345    1485.17    1483.20 0.0000e+00
       3407    161.000     8.0661     8.0645   3.619382   3.620766     1.9019    -0.1007      66.99 4.9499e-02 0.0000e+00    81.3466    4.68903    34.8383    34.8548    27.1373    1485.16    1483.21 0.0000e+00
       3427    162.000     8.0619     8.0605   3.619100   3.620495     1.8996    -0.0761      25.87 4.9495e-02 0.0000e+00    81.3422    4.68485    34.8390    34.8554    27.1384    1485.16    1483.22 0.0000e+00
       3447    163.000     8.0548     8.0534   3.618565   3.619938     1.8977    -0.0730      78.56 4.9481e-02 0.0000e+00    81.3364    4.67941    34.8398    34.8560    27.1401    1485.15    1483.24 0.0000e+00
       3467    164.000     8.0517     8.0501   3.618410   3.619787     1.8956    -0.0857      72.86 4.9494e-02 0.0000e+00    81.3084    4.66980    34.8408    34.8571    27.1413    1485.16    1483.25 0.0000e+00
       3488    165.000     8.0471     8.0456   3.618233   3.619617     1.8932    -0.1046      15.50 4.9474e-02 0.0000e+00    81.1592    4.64323    34.8430    34.8593    27.1438    1485.16    1483.26 0.0000e+00
       3508    166.000     8.0429     8.0414   3.618149   3.619539     1.8879    -0.0711      54.34 4.9474e-02 0.0000e+00    80.9826    4.60112    34.8458    34.8622    27.1466    1485.17    1483.27 0.0000e+00
       3528    167.000     8.0377     8.0361   3.617957   3.619340     1.8817    -0.0602      21.28 4.9467e-02 0.0000e+00    80.8057    4.56486    34.8484    34.8648    27.1494    1485.17    1483.28 0.0000e+00
       3548    168.000     8.0354     8.0336   3.617893   3.619276     1.8743    -0.0678      62.15 4.9479e-02 0.0000e+00    80.6559    4.54796    34.8495    34.8661    27.1507    1485.18    1483.29 0.0000e+00
       3569    169.000     8.0318     8.0302   3.617784   3.619157     1.8685    -0.0737      55.46 4.9453e-02 0.0000e+00    80.5696    4.54845    34.8514    34.8678    27.1527    1485.18    1483.30 0.0000e+00
       3589    170.000     8.0294     8.0276   3.617723   3.619108     1.8643    -0.0704      61.14 4.9485e-02 0.0000e+00    80.4841    4.55148    34.8527    34.8693    27.1541    1485.19    1483.32 0.0000e+00
       3609    171.000     8.0274     8.0258   3.617678   3.619057     1.8611    -0.0699      48.82 4.9494e-02 0.0000e+00    80.4547    4.54996    34.8537    34.8701    27.1552    1485.20    1483.33 0.0000e+00
       3629    172.000     8.0231     8.0216   3.617505   3.618883     1.8580    -0.0687      48.32 4.9495e-02 0.0000e+00    80.4381    4.54745    34.8557    34.8719    27.1573    1485.20    1483.34 0.0000e+00
       3649    173.000     8.0175     8.0161   3.617253   3.618632     1.8560    -0.0679      47.46 4.9488e-02 0.0000e+00    80.3929    4.55026    34.8580    34.8742    27.1600    1485.20    1483.35 0.0000e+00
       3670    174.000     8.0149     8.0131   3.617221   3.618590     1.8541    -0.0665      47.59 4.9485e-02 0.0000e+00    80.2702    4.54641    34.8598    34.8763    27.1618    1485.21    1483.36 0.0000e+00
       3690    175.000     8.0121     8.0105   3.617091   3.618466     1.8523    -0.0705      53.03 4.9495e-02 0.0000e+00    80.1334    4.54264    34.8607    34.8771    27.1629    1485.22    1483.37 0.0000e+00
       3711    176.000     8.0090     8.0073   3.616959   3.618349     1.8507    -0.0700      90.74 4.9474e-02 0.0000e+00    80.0274    4.53826    34.8619    34.8785    27.1643    1485.22    1483.38 0.0000e+00
       3731    177.000     8.0065     8.0049   3.616902   3.618278     1.8489    -0.0703      53.53 4.9498e-02 0.0000e+00    79.9126    4.53376    34.8633    34.8796    27.1658    1485.23    1483.39 0.0000e+00
       3751    178.000     8.0037     8.0021   3.616824   3.618207     1.8475    -0.0681      41.84 4.9495e-02 0.0000e+00    79.7964    4.53310    34.8647    34.8812    27.1674    1485.24    1483.40 0.0000e+00
       3772    179.000     8.0009     7.9993   3.616742   3.618125     1.8461    -0.0684      41.18 4.9472e-02 0.0000e+00    79.5708    4.52729    34.8662    34.8826    27.1689    1485.25    1483.41 0.0000e+00
       3792    180.000     8.0001     7.9982   3.616755   3.618129     1.8445    -0.0593      40.22 4.9481e-02 0.0000e+00    79.5012    4.52265    34.8666    34.8833    27.1694    1485.26    1483.42 0.0000e+00
       3813    181.000     7.9968     7.9952   3.616678   3.618058     1.8429    -0.0588      39.45 4.9474e-02 0.0000e+00    79.5240    4.52269    34.8686    34.8850    27.1714    1485.27    1483.43 0.0000e+00
       3833    182.000     7.9936     7.9920   3.616554   3.617953     1.8423    -0.0617      38.32 4.9492e-02 0.0000e+00    79.6321    4.53233    34.8700    34.8866    27.1730    1485.27    1483.44 0.0000e+00
       3854    183.000     7.9927     7.9909   3.616580   3.617959     1.8422    -0.0640      37.36 4.9495e-02 0.0000e+00    79.8758    4.53940    34.8707    34.8873    27.1737    1485.29    1483.45 0.0000e+00
       3874    184.000     7.9900     7.9884   3.616485   3.617877     1.8427    -0.0906      35.49 4.9499e-02 0.0000e+00    80.0214    4.54823    34.8718    34.8884    27.1750    1485.30    1483.46 0.0000e+00
       3895    185.000     7.9866     7.9851   3.616422   3.617819     1.8433    -0.0722      34.93 4.9481e-02 0.0000e+00    80.1041    4.55691    34.8741    34.8906    27.1773    1485.30    1483.47 0.0000e+00
       3915    186.000     7.9848     7.9831   3.616447   3.617835     1.8451    -0.0607      34.08 4.9453e-02 0.0000e+00    80.1484    4.56407    34.8756    34.8922    27.1788    1485.31    1483.48 0.0000e+00
       3935    187.000     7.9819     7.9803   3.616374   3.617761     1.8455    -0.0706      32.81 4.9494e-02 0.0000e+00    80.1546    4.55593    34.8773    34.8938    27.1805    1485.32    1483.49 0.0000e+00
       3956    188.000     7.9800     7.9783   3.616323   3.617712     1.8458    -0.0653      31.65 4.9488e-02 0.0000e+00    80.2189    4.57094    34.8781    34.8947    27.1814    1485.33    1483.50 0.0000e+00
       3976    189.000     7.9792     7.9774   3.616334   3.617719     1.8482    -0.0679      30.88 4.9472e-02 0.0000e+00    80.3933    4.59769    34.8786    34.8952    27.1819    1485.35    1483.51 0.0000e+00
       3996    190.000     7.9774     7.9758   3.616279   3.617671     1.8512    -0.0685      30.03 4.9481e-02 0.0000e+00    80.5468    4.62029    34.8793    34.8958    27.1827    1485.36    1483.52 0.0000e+00
       4017    191.000     7.9749     7.9733   3.616186   3.617575     1.8553    -0.0665      29.04 4.9481e-02 0.0000e+00    80.6008    4.63544    34.8803    34.8968    27.1839    1485.36    1483.53 0.0000e+00
       4037    192.000     7.9728     7.9712   3.616140   3.617511     1.8584    -0.0698      27.81 4.9485e-02 0.0000e+00    80.6300    4.63651    34.8814    34.8977    27.1851    1485.37    1483.54 0.0000e+00
       4058    193.000     7.9722     7.9704   3.616156   3.617531     1.8612    -0.0751      26.30 4.9485e-02 0.0000e+00    80.6320    4.63718    34.8817    34.8982    27.1854    1485.39    1483.55 0.0000e+00
       4078    194.000     7.9715     7.9700   3.616164   3.617558     1.8627    -0.0686      25.70 4.9508e-02 0.0000e+00    80.5776    4.63118    34.8820    34.8984    27.1857    1485.40    1483.56 0.0000e+00
       4099    195.000     7.9703     7.9687   3.616146   3.617535     1.8637    -0.0659      24.97 4.9502e-02 0.0000e+00    80.5819    4.62852    34.8825    34.8990    27.1863    1485.42    1483.57 0.0000e+00
       4119    196.000     7.9697     7.9679   3.616176   3.617546     1.8641    -0.0669      23.95 4.9478e-02 0.0000e+00    80.5803    4.62535    34.8829    34.8994    27.1868    1485.43    1483.58 0.0000e+00
       4140    197.000     7.9696     7.9678   3.616211   3.617593     1.8645    -0.0636      22.97 4.9498e-02 0.0000e+00    80.5359    4.62828    34.8829    34.8996    27.1868    1485.45    1483.59 0.0000e+00
       4160    198.000     7.9700     7.9682   3.616284   3.617672     1.8648    -0.0653      21.97 4.9488e-02 0.0000e+00    80.4517    4.62300    34.8828    34.8995    27.1866    1485.46    1483.60 0.0000e+00
       4181    199.000     7.9700     7.9681   3.616329   3.617715     1.8644    -0.0640      20.91 4.9479e-02 0.0000e+00    80.3608    4.61777    34.8828    34.8996    27.1866    1485.48    1483.61 0.0000e+00
       4201    200.000     7.9692     7.9675   3.616340   3.617721     1.8638    -0.0660      19.88 4.9495e-02 0.0000e+00    80.3115    4.61953    34.8833    34.8998    27.1871    1485.49    1483.62 0.0000e+00
       4222    201.000     7.9678     7.9663   3.616315   3.617719     1.8641    -0.0664      18.89 4.9499e-02 0.0000e+00    80.3490    4.62067    34.8839    34.9005    27.1878    1485.51    1483.62 0.0000e+00
       4243    202.000     7.9654     7.9638   3.616236   3.617629     1.8633    -0.0632      17.88 4.9499e-02 0.0000e+00    80.4253    4.61871    34.8850    34.9015    27.1890    1485.51    1483.63 0.0000e+00
       4264    203.000     7.9644     7.9626   3.616225   3.617612     1.8635    -0.0620      16.90 4.9467e-02 0.0000e+00    80.3967    4.62297    34.8854    34.9020    27.1895    1485.53    1483.64 0.0000e+00
       4284    204.000     7.9638     7.9620   3.616242   3.617625     1.8632    -0.0644      15.91 4.9506e-02 0.0000e+00    80.2536    4.61794    34.8856    34.9023    27.1898    1485.54    1483.65 0.0000e+00
       4305    205.000     7.9614     7.9597   3.616170   3.617556     1.8628    -0.0660      14.91 4.9485e-02 0.0000e+00    80.1013    4.61588    34.8868    34.9034    27.1910    1485.55    1483.66 0.0000e+00
       4326    206.000     7.9593     7.9576   3.616109   3.617496     1.8622    -0.0615      13.91 4.9474e-02 0.0000e+00    79.9099    4.61333    34.8877    34.9043    27.1921    1485.56    1483.67 0.0000e+00
       4346    207.000     7.9589     7.9572   3.616128   3.617520     1.8616    -0.0629      12.92 4.9499e-02 0.0000e+00    79.8549    4.61334    34.8879    34.9045    27.1922    1485.58    1483.68 0.0000e+00
       4367    208.000     7.9581     7.9565   3.616133   3.617529     1.8611    -0.0621      11.91 4.9505e-02 0.0000e+00    79.8234    4.61524    34.8882    34.9048    27.1927    1485.59    1483.69 0.0000e+00
       4388    209.000     7.9568     7.9551   3.616108   3.617490     1.8610    -0.0602      10.90 4.9492e-02 0.0000e+00    79.8121    4.61501    34.8888    34.9053    27.1933    1485.60    1483.70 0.0000e+00
       4408    210.000     7.9543     7.9525   3.616014   3.617392     1.8605    -0.0659       9.94 4.9460e-02 0.0000e+00    79.7736    4.61271    34.8898    34.9064    27.1944    1485.61    1483.71 0.0000e+00
       4429    211.000     7.9521     7.9503   3.615962   3.617344     1.8602    -0.0581       8.93 4.9481e-02 0.0000e+00    79.7371    4.60896    34.8909    34.9076    27.1957    1485.62    1483.72 0.0000e+00
       4449    212.000     7.9521     7.9503   3.616006   3.617391     1.8591    -0.0641       7.92 4.9505e-02 0.0000e+00    79.5945    4.60340    34.8909    34.9076    27.1957    1485.64    1483.73 0.0000e+00
       4469    213.000     7.9510     7.9492   3.616010   3.617391     1.8583    -0.0802       6.93 4.9495e-02 0.0000e+00    79.4823    4.59779    34.8916    34.9082    27.1963    1485.65    1483.73 0.0000e+00
       4490    214.000     7.9492     7.9477   3.615962   3.617342     1.8568    -0.0790       5.97 4.9479e-02 0.0000e+00    79.4257    4.59423    34.8924    34.9087    27.1972    1485.66    1483.74 0.0000e+00
       4510    215.000     7.9453     7.9437   3.615789   3.617168     1.8561    -0.0578       5.04 4.9488e-02 0.0000e+00    79.4211    4.59855    34.8939    34.9103    27.1990    1485.66    1483.75 0.0000e+00
       4562    216.000     7.9444     7.9429   3.615782   3.617188     1.8550    -0.0646       4.04 4.9465e-02 0.0000e+00    79.3731    4.60179    34.8942    34.9108    27.1994    1485.68    1483.76 0.0000e+00
