_data/ctd/2022603/sta0216.cnv
* Sea-Bird SBE 9 Data File:
* FileName = C:\Seabird\CTDData\sta0216.hex
* Software Version Seasave V 7.21f
* Temperature SN = 6264
* Conductivity SN = 4928
* Number of Bytes Per Scan = 40
* Number of Voltage Words = 5
* Number of Scans Averaged by the Deck Unit = 1
* NMEA Latitude = 61 29.24 N
* NMEA Longitude = 005 17.85 E
* NMEA UTC (Time) = Feb 16 2022 09:07:51
* NMEA baud rate = 4800
** Ship: R/V "Kristine Bonnevie"
** Station: 0216
** Echodepth: 347
** Log: 0945.471
** Wind-Dir/Force: 13  08
** Air-temp (dry): 4.2
** Weather Sky:
** Sea:
** FOFJ09
# nquan = 19                                
# nvalues = 344                         
# units = specified
# name 0 = scan: Scan Count
# name 1 = prDM: Pressure, Digiquartz [db]
# name 2 = t068C: Temperature [ITS-68, deg C]
# name 3 = t168C: Temperature, 2 [ITS-68, deg C]
# name 4 = c0S/m: Conductivity [S/m]
# name 5 = c1S/m: Conductivity, 2 [S/m]
# name 6 = sbeox0V: Oxygen raw, SBE 43 [V]
# name 7 = flECO-AFL: Fluorescence, WET Labs ECO-AFL/FL [mg/m^3]
# name 8 = altM: Altimeter [m]
# name 9 = par: PAR/Irradiance, Biospherical/Licor
# name 10 = spar: SPAR/Surface Irradiance
# name 11 = CStarTr0: Beam Transmission, WET Labs C-Star [%]
# name 12 = sbeox0ML/L: Oxygen, SBE 43 [ml/l], WS = 2
# name 13 = sal00: Salinity, Practical [PSU]
# name 14 = sal11: Salinity, Practical, 2 [PSU]
# name 15 = sigma-t00: Density [sigma-t, Kg/m^3 ]
# name 16 = svCM: Sound Velocity [Chen-Millero, m/s]
# name 17 = avgsvCM: Average Sound Velocity [Chen-Millero, m/s], minP = 1, minS = 5
# name 18 = flag: flag
# span 0 =        310,       8043       
# span 1 =      1.000,    344.000       
# span 2 =     6.2946,     9.0898       
# span 3 =     6.2935,     9.0878       
# span 4 =   3.031899,   3.662889       
# span 5 =   3.028851,   3.664372       
# span 6 =     1.9810,     2.4444       
# span 7 =    -0.0984,     0.1277       
# span 8 =       4.21,      99.59       
# span 9 = 4.9452e-02, 7.3376e+01       
# span 10 = 1.3682e+02, 1.7190e+02      
# span 11 =    78.6120,    81.1436      
# span 12 =    5.09599,    6.76152      
# span 13 =    29.9298,    35.0104      
# span 14 =    29.9180,    35.0272      
# span 15 =    23.4772,    27.2837      
# span 16 =    1470.76,    1488.10      
# span 17 =    1470.76,    1485.79      
# span 18 = 0.0000e+00, 0.0000e+00      
# interval = decibars: 1                
# start_time = Feb 16 2022 09:07:54 [System UTC, header]
# bad_flag = -9.990e-29
*END*
[from data line 153]
       3668    154.000     8.3653     8.3638   3.646900   3.648364     2.1164    -0.0639      98.80 4.9479e-02 1.5590e+02    80.5437    5.38537    34.8389    34.8559    27.0921    1486.17    1484.45 0.0000e+00
       3688    155.000     8.3648     8.3632   3.646970   3.648412     2.1159    -0.0932      71.39 4.9481e-02 1.5590e+02    80.5204    5.38474    34.8396    34.8565    27.0928    1486.19    1484.46 0.0000e+00
       3709    156.000     8.3641     8.3624   3.646969   3.648402     2.1152    -0.0708      97.65 4.9492e-02 1.5590e+02    80.5298    5.38290    34.8398    34.8568    27.0931    1486.20    1484.47 0.0000e+00
       3729    157.000     8.3636     8.3619   3.647023   3.648465     2.1146    -0.0695      98.80 4.9481e-02 1.5590e+02    80.5009    5.38124    34.8404    34.8574    27.0936    1486.22    1484.48 0.0000e+00
       3750    158.000     8.3620     8.3606   3.646978   3.648430     2.1139    -0.0756      87.69 4.9459e-02 1.5590e+02    80.4990    5.37794    34.8410    34.8579    27.0943    1486.23    1484.49 0.0000e+00
       3771    159.000     8.3562     8.3550   3.646572   3.648011     2.1130    -0.0685      75.72 4.9495e-02 1.5590e+02    80.5053    5.37640    34.8420    34.8585    27.0960    1486.22    1484.50 0.0000e+00
       3791    160.000     8.3484     8.3469   3.646084   3.647509     2.1124    -0.0714      99.02 4.9485e-02 1.5590e+02    80.4892    5.37693    34.8440    34.8607    27.0988    1486.21    1484.51 0.0000e+00
       3812    161.000     8.3426     8.3411   3.645668   3.647072     2.1113    -0.0645      98.80 4.9499e-02 1.5590e+02    80.4820    5.37570    34.8449    34.8613    27.1003    1486.21    1484.52 0.0000e+00
       3833    162.000     8.3361     8.3345   3.645279   3.646730     2.1111    -0.0634      67.57 4.9492e-02 1.5590e+02    80.5333    5.37804    34.8467    34.8637    27.1027    1486.20    1484.53 0.0000e+00
       3854    163.000     8.3369     8.3353   3.645801   3.647246     2.1102    -0.0679      98.84 4.9492e-02 1.5618e+02    80.5666    5.37235    34.8510    34.8679    27.1060    1486.23    1484.54 0.0000e+00
       3875    164.000     8.3318     8.3302   3.645604   3.647044     2.1096    -0.0903      98.80 4.9472e-02 1.5664e+02    80.6099    5.36773    34.8534    34.8703    27.1087    1486.23    1484.55 0.0000e+00
       3896    165.000     8.3284     8.3268   3.645672   3.647102     2.1081    -0.0733      85.29 4.9452e-02 1.5781e+02    80.6051    5.36370    34.8570    34.8738    27.1120    1486.24    1484.56 0.0000e+00
       3917    166.000     8.3270     8.3253   3.645673   3.647106     2.1074    -0.0876      82.54 4.9498e-02 1.5789e+02    80.5644    5.37036    34.8579    34.8749    27.1130    1486.25    1484.57 0.0000e+00
       3938    167.000     8.3255     8.3238   3.645690   3.647116     2.1072    -0.0836      98.57 4.9492e-02 1.5789e+02    80.5743    5.37319    34.8591    34.8760    27.1141    1486.26    1484.58 0.0000e+00
       3959    168.000     8.3249     8.3232   3.645783   3.647228     2.1068    -0.0667      98.80 4.9498e-02 1.5789e+02    80.5594    5.37611    34.8602    34.8773    27.1151    1486.28    1484.59 0.0000e+00
       3980    169.000     8.3242     8.3226   3.645836   3.647290     2.1073    -0.0728      70.24 4.9486e-02 1.5789e+02    80.5838    5.37809    34.8610    34.8781    27.1158    1486.29    1484.60 0.0000e+00
       4001    170.000     8.3229     8.3215   3.645885   3.647321     2.1071    -0.0657      98.30 4.9511e-02 1.5789e+02    80.5756    5.37754    34.8623    34.8790    27.1171    1486.30    1484.61 0.0000e+00
       4022    171.000     8.3218     8.3199   3.645885   3.647290     2.1069    -0.0703      98.80 4.9488e-02 1.5789e+02    80.5700    5.37377    34.8630    34.8798    27.1177    1486.32    1484.62 0.0000e+00
       4042    172.000     8.3205     8.3194   3.645845   3.647351     2.1066    -0.0719      81.72 4.9506e-02 1.5789e+02    80.6009    5.37737    34.8633    34.8805    27.1182    1486.33    1484.63 0.0000e+00
       4064    173.000     8.3177     8.3161   3.645746   3.647159     2.1069    -0.0697      87.28 4.9502e-02 1.5789e+02    80.5753    5.38247    34.8646    34.8812    27.1196    1486.34    1484.64 0.0000e+00
       4085    174.000     8.3164     8.3146   3.645725   3.647158     2.1069    -0.0903      98.64 4.9479e-02 1.5789e+02    80.5948    5.38044    34.8652    34.8822    27.1203    1486.35    1484.65 0.0000e+00
       4105    175.000     8.3156     8.3144   3.645700   3.647169     2.1066    -0.0721      98.49 4.9488e-02 1.5789e+02    80.6110    5.37587    34.8652    34.8820    27.1204    1486.36    1484.66 0.0000e+00
       4127    176.000     8.3149     8.3132   3.645701   3.647119     2.1064    -0.0655      72.23 4.9490e-02 1.5789e+02    80.6217    5.37756    34.8654    34.8822    27.1207    1486.38    1484.67 0.0000e+00
       4148    177.000     8.3150     8.3130   3.645774   3.647194     2.1061    -0.0678      98.81 4.9459e-02 1.5789e+02    80.6318    5.37922    34.8656    34.8827    27.1208    1486.39    1484.68 0.0000e+00
       4169    178.000     8.3142     8.3130   3.645733   3.647224     2.1062    -0.0623      98.80 4.9464e-02 1.5789e+02    80.6616    5.38183    34.8655    34.8826    27.1209    1486.41    1484.69 0.0000e+00
       4191    179.000     8.3110     8.3098   3.645653   3.647096     2.1061    -0.0664      80.29 4.9505e-02 1.5807e+02    80.6658    5.38096    34.8673    34.8839    27.1228    1486.41    1484.70 0.0000e+00
       4212    180.000     8.2953     8.2934   3.645268   3.646646     2.1061    -0.0670      96.86 4.9485e-02 1.5991e+02    80.6742    5.38313    34.8783    34.8949    27.1338    1486.39    1484.71 0.0000e+00
       4233    181.000     8.2912     8.2898   3.645144   3.646611     2.1057    -0.0649      98.84 4.9458e-02 1.5989e+02    80.6985    5.37649    34.8806    34.8976    27.1362    1486.39    1484.72 0.0000e+00
       4255    182.000     8.2919     8.2904   3.645242   3.646703     2.1049    -0.0637      89.33 4.9477e-02 1.5989e+02    80.6777    5.37433    34.8804    34.8975    27.1360    1486.41    1484.73 0.0000e+00
       4276    183.000     8.2890     8.2888   3.645078   3.646602     2.1044    -0.0635      82.72 4.9485e-02 1.5989e+02    80.6423    5.37568    34.8811    34.8975    27.1370    1486.41    1484.74 0.0000e+00
       4297    184.000     8.2833     8.2832   3.644784   3.646344     2.1040    -0.0635      98.84 4.9509e-02 1.5989e+02    80.6337    5.37891    34.8831    34.8999    27.1394    1486.41    1484.75 0.0000e+00
       4317    185.000     8.2873     8.2865   3.645071   3.646533     2.1037    -0.0615      98.80 4.9492e-02 1.5989e+02    80.5973    5.37669    34.8817    34.8981    27.1377    1486.44    1484.76 0.0000e+00
       4338    186.000     8.2848     8.2845   3.644975   3.646437     2.1036    -0.0655      74.34 4.9479e-02 1.5989e+02    80.6129    5.38005    34.8827    34.8986    27.1389    1486.45    1484.77 0.0000e+00
       4359    187.000     8.2753     8.2711   3.644475   3.645744     2.1034    -0.0721      98.57 4.9498e-02 1.5989e+02    80.6149    5.38083    34.8863    34.9040    27.1432    1486.44    1484.77 0.0000e+00
       4380    188.000     8.2731     8.2709   3.644409   3.645815     2.1033    -0.0739      98.80 4.9465e-02 1.5989e+02    80.6057    5.37995    34.8873    34.9045    27.1443    1486.45    1484.78 0.0000e+00
       4401    189.000     8.2580     8.2572   3.643644   3.645093     2.1029    -0.0976      86.09 4.9496e-02 1.5989e+02    80.5855    5.37562    34.8937    34.9099    27.1516    1486.41    1484.79 0.0000e+00
       4423    190.000     8.2549     8.2533   3.643489   3.644925     2.1019    -0.0679      88.63 4.9485e-02 1.5989e+02    80.5665    5.37345    34.8946    34.9115    27.1528    1486.42    1484.80 0.0000e+00
       4444    191.000     8.2551     8.2539   3.643555   3.645002     2.1015    -0.0893      98.84 4.9499e-02 1.5989e+02    80.5905    5.37044    34.8946    34.9113    27.1528    1486.44    1484.81 0.0000e+00
       4465    192.000     8.2558     8.2547   3.643648   3.645126     2.1002    -0.0803      98.75 4.9485e-02 1.5989e+02    80.5866    5.36483    34.8945    34.9113    27.1525    1486.46    1484.82 0.0000e+00
       4486    193.000     8.2516     8.2514   3.643460   3.644944     2.0994    -0.0788      77.00 4.9496e-02 1.5989e+02    80.5849    5.36199    34.8961    34.9122    27.1545    1486.46    1484.83 0.0000e+00
       4508    194.000     8.2460     8.2456   3.643259   3.644735     2.0980    -0.0894      98.44 4.9479e-02 1.5998e+02    80.5926    5.35766    34.8991    34.9152    27.1577    1486.46    1484.83 0.0000e+00
       4529    195.000     8.2470     8.2530   3.643327   3.645150     2.0969    -0.0666      98.80 4.9498e-02 1.6039e+02    80.5886    5.35550    34.8983    34.9118    27.1569    1486.48    1484.84 0.0000e+00
       4550    196.000     8.2464     8.2462   3.643342   3.644832     2.0959    -0.0641      80.88 4.9492e-02 1.6062e+02    80.5795    5.35653    34.8986    34.9147    27.1572    1486.49    1484.85 0.0000e+00
       4572    197.000     8.2308     8.2380   3.642596   3.644483     2.0952    -0.0781      95.23 4.9483e-02 1.6190e+02    80.5762    5.35674    34.9056    34.9186    27.1651    1486.46    1484.86 0.0000e+00
       4594    198.000     8.2215     8.2207   3.642044   3.643483     2.0942    -0.0821      98.81 4.9477e-02 1.6189e+02    80.5518    5.35728    34.9085    34.9247    27.1688    1486.44    1484.87 0.0000e+00
       4615    199.000     8.2153     8.2149   3.641708   3.643198     2.0935    -0.0714      90.99 4.9472e-02 1.6189e+02    80.5777    5.35495    34.9106    34.9269    27.1714    1486.44    1484.88 0.0000e+00
       4637    200.000     8.2091     8.2081   3.641449   3.642909     2.0927    -0.0672      85.97 4.9502e-02 1.6189e+02    80.5434    5.35386    34.9135    34.9301    27.1746    1486.44    1484.88 0.0000e+00
       4658    201.000     8.2054     8.2044   3.641315   3.642791     2.0921    -0.0660      98.68 4.9512e-02 1.6189e+02    80.5617    5.34948    34.9153    34.9320    27.1766    1486.44    1484.89 0.0000e+00
       4679    202.000     8.2056     8.2042   3.641360   3.642802     2.0908    -0.0688      98.80 4.9499e-02 1.6189e+02    80.5107    5.34203    34.9151    34.9319    27.1764    1486.46    1484.90 0.0000e+00
       4700    203.000     8.2058     8.2043   3.641421   3.642852     2.0894    -0.0650      78.89 4.9499e-02 1.6189e+02    80.5250    5.33834    34.9150    34.9318    27.1763    1486.47    1484.91 0.0000e+00
       4721    204.000     8.2033     8.2021   3.641267   3.642729     2.0881    -0.0772      98.82 4.9485e-02 1.6189e+02    80.4913    5.33298    34.9154    34.9322    27.1770    1486.48    1484.91 0.0000e+00
       4742    205.000     8.1988     8.1976   3.641029   3.642481     2.0864    -0.0937      98.80 4.9465e-02 1.6189e+02    80.5005    5.32896    34.9168    34.9335    27.1788    1486.48    1484.92 0.0000e+00
       4764    206.000     8.1921     8.1904   3.640680   3.642075     2.0853    -0.0613      86.03 4.9509e-02 1.6189e+02    80.5069    5.32986    34.9193    34.9359    27.1817    1486.48    1484.93 0.0000e+00
       4785    207.000     8.1870     8.1852   3.640452   3.641873     2.0841    -0.0668      93.00 4.9477e-02 1.6189e+02    80.5177    5.32558    34.9214    34.9384    27.1842    1486.48    1484.94 0.0000e+00
       4807    208.000     8.1880     8.1861   3.640552   3.641972     2.0827    -0.0628      98.68 4.9483e-02 1.6189e+02    80.5251    5.32076    34.9210    34.9381    27.1837    1486.50    1484.94 0.0000e+00
       4829    209.000     8.1858     8.1841   3.640476   3.641900     2.0813    -0.0655      93.77 4.9502e-02 1.6189e+02    80.5117    5.31811    34.9219    34.9388    27.1848    1486.51    1484.95 0.0000e+00
       4851    210.000     8.1726     8.1715   3.639814   3.641221     2.0800    -0.0641      86.58 4.9496e-02 1.6189e+02    80.5069    5.31466    34.9275    34.9436    27.1912    1486.48    1484.96 0.0000e+00
       4873    211.000     8.1668     8.1650   3.639636   3.641046     2.0785    -0.0689      98.74 4.9472e-02 1.6189e+02    80.5400    5.30921    34.9309    34.9477    27.1947    1486.48    1484.97 0.0000e+00
       4895    212.000     8.1653     8.1644   3.639686   3.641156     2.0771    -0.0739      98.80 4.9496e-02 1.6189e+02    80.5023    5.31006    34.9324    34.9490    27.1961    1486.49    1484.97 0.0000e+00
       4917    213.000     8.1561     8.1560   3.638863   3.640370     2.0761    -0.0686      81.82 4.9483e-02 1.6228e+02    80.4940    5.31341    34.9323    34.9485    27.1974    1486.47    1484.98 0.0000e+00
       4938    214.000     8.1492     8.1478   3.638469   3.639905     2.0756    -0.0612      98.87 4.9472e-02 1.6301e+02    80.4730    5.30523    34.9345    34.9512    27.2002    1486.47    1484.99 0.0000e+00
       4960    215.000     8.1477     8.1468   3.638518   3.640004     2.0735    -0.0641      98.80 4.9477e-02 1.6314e+02    80.4409    5.29559    34.9360    34.9528    27.2016    1486.48    1484.99 0.0000e+00
       4981    216.000     8.1406     8.1399   3.638068   3.639542     2.0721    -0.0587      91.00 4.9466e-02 1.6363e+02    80.4510    5.29318    34.9378    34.9542    27.2041    1486.47    1485.00 0.0000e+00
       5002    217.000     8.1402     8.1385   3.638117   3.639534     2.0705    -0.0654      96.14 4.9492e-02 1.6389e+02    80.4368    5.28156    34.9382    34.9550    27.2045    1486.49    1485.01 0.0000e+00
       5023    218.000     8.1312     8.1306   3.637559   3.639000     2.0678    -0.0679      98.82 4.9492e-02 1.6389e+02    80.4418    5.27022    34.9407    34.9567    27.2078    1486.47    1485.01 0.0000e+00
       5044    219.000     8.1158     8.1154   3.636801   3.638248     2.0656    -0.0623      95.63 4.9502e-02 1.6389e+02    80.4479    5.27096    34.9474    34.9633    27.2154    1486.44    1485.02 0.0000e+00
       5066    220.000     8.1050     8.1036   3.636270   3.637701     2.0637    -0.0636      86.92 4.9505e-02 1.6389e+02    80.4411    5.27117    34.9520    34.9687    27.2207    1486.42    1485.03 0.0000e+00
       5087    221.000     8.0933     8.0927   3.635829   3.637257     2.0627    -0.0713      98.93 4.9465e-02 1.6389e+02    80.4453    5.27198    34.9585    34.9744    27.2275    1486.40    1485.03 0.0000e+00
       5109    222.000     8.0815     8.0805   3.635398   3.636817     2.0607    -0.0618      98.80 4.9490e-02 1.6389e+02    80.4000    5.26050    34.9651    34.9813    27.2345    1486.38    1485.04 0.0000e+00
       5130    223.000     8.0710     8.0693   3.634890   3.636304     2.0586    -0.0684      88.88 4.9479e-02 1.6389e+02    80.3614    5.24875    34.9697    34.9865    27.2397    1486.36    1485.05 0.0000e+00
       5151    224.000     8.0670     8.0654   3.634718   3.636136     2.0560    -0.0578      98.71 4.9502e-02 1.6389e+02    80.3050    5.24315    34.9713    34.9881    27.2416    1486.37    1485.05 0.0000e+00
       5173    225.000     8.0663     8.0652   3.634737   3.636189     2.0535    -0.0717      98.80 4.9485e-02 1.6389e+02    80.2469    5.23020    34.9718    34.9884    27.2420    1486.38    1485.06 0.0000e+00
       5195    226.000     8.0573     8.0568   3.634306   3.635749     2.0509    -0.0669      90.83 4.9490e-02 1.6389e+02    80.1937    5.23024    34.9756    34.9916    27.2464    1486.37    1485.06 0.0000e+00
       5216    227.000     8.0539     8.0532   3.634187   3.635660     2.0491    -0.0617      93.51 4.9466e-02 1.6389e+02    80.1531    5.22807    34.9773    34.9938    27.2482    1486.37    1485.07 0.0000e+00
       5237    228.000     8.0514     8.0512   3.634099   3.635581     2.0470    -0.0630      98.72 4.9472e-02 1.6389e+02    80.1467    5.21815    34.9783    34.9944    27.2494    1486.38    1485.07 0.0000e+00
