_data/ctd/2022603/sta0154.cnv
* Sea-Bird SBE 9 Data File:
* FileName = C:\Seabird\CTDData\sta0154.hex
* Software Version Seasave V 7.21f
* Temperature SN = 6264
* Conductivity SN = 4928
* Number of Bytes Per Scan = 40
* Number of Voltage Words = 5
* Number of Scans Averaged by the Deck Unit = 1
* NMEA Latitude = 60 09.08 N
* NMEA Longitude = 006 04.75 E
* NMEA UTC (Time) = Feb 10 2022 10:12:03
* NMEA baud rate = 4800
** Ship: R/V "Kristine Bonnevie"
** Station: 0154
** Echodepth: 668
** Log: 0140.707
** Wind-Dir/Force: 19 13
** Air-temp (dry): 2.5
** Weather Sky:
** Sea:
** H4_2
# nquan = 19                                
# nvalues = 658                         
# units = specified
# name 0 = scan: Scan Count
# name 1 = prDM: Pressure, Digiquartz [db]
# name 2 = t068C: Temperature [ITS-68, deg C]
# name 3 = t168C: Temperature, 2 [ITS-68, deg C]
# name 4 = c0S/m: Conductivity [S/m]
# name 5 = c1S/m: Conductivity, 2 [S/m]
# name 6 = sbeox0V: Oxygen raw, SBE 43 [V]
# name 7 = flECO-AFL: Fluorescence, WET Labs ECO-AFL/FL [mg/m^3]
# name 8 = altM: Altimeter [m]
# name 9 = par: PAR/Irradiance, Biospherical/Licor
# name 10 = spar: SPAR/Surface Irradiance
# name 11 = CStarTr0: Beam Transmission, WET Labs C-Star [%]
# name 12 = sbeox0ML/L: Oxygen, SBE 43 [ml/l], WS = 2
# name 13 = sal00: Salinity, Practical [PSU]
# name 14 = sal11: Salinity, Practical, 2 [PSU]
# name 15 = sigma-t00: Density [sigma-t, Kg/m^3 ]
# name 16 = svCM: Sound Velocity [Chen-Millero, m/s]
# name 17 = avgsvCM: Average Sound Velocity [Chen-Millero, m/s], minP = 1, minS = 5
# name 18 = flag: flag
# span 0 =        378,      15199       
# span 1 =      2.000,    659.000       
# span 2 =     6.1613,    10.1472       
# span 3 =     6.1568,    10.1451       
# span 4 =   3.032548,   3.703434       
# span 5 =   3.031843,   3.704895       
# span 6 =     1.7414,     2.4368       
# span 7 =    -0.1053,     0.7482       
# span 8 =      11.22,     100.04       
# span 9 = 4.9445e-02, 4.9465e+01       
# span 10 = 9.3937e+01, 1.0993e+02      
# span 11 =    79.2082,    82.2308      
# span 12 =    4.48990,    6.89626      
# span 13 =    30.3267,    34.9805      
# span 14 =    30.3229,    34.9954      
# span 15 =    23.8431,    27.3109      
# span 16 =    1469.52,    1491.95      
# span 17 =    1469.52,    1487.18      
# span 18 = 0.0000e+00, 0.0000e+00      
# interval = decibars: 1                
# start_time = Feb 10 2022 10:12:06 [System UTC, header]
# bad_flag = -9.990e-29
*END*
[from data line 305]
       7073    307.000     7.7412     7.7399   3.607958   3.609210     1.9181    -0.0687      70.61 4.9508e-02 1.0393e+02    81.9239    4.87537    34.9689    34.9837    27.2883    1486.50    1484.89 0.0000e+00
       7096    308.000     7.7401     7.7386   3.607883   3.609142     1.9167    -0.0682      90.41 4.9496e-02 1.0393e+02    81.8969    4.87182    34.9687    34.9838    27.2883    1486.51    1484.90 0.0000e+00
       7118    309.000     7.7393     7.7379   3.607863   3.609122     1.9151    -0.0687      72.58 4.9499e-02 1.0393e+02    81.8841    4.87144    34.9688    34.9838    27.2885    1486.52    1484.91 0.0000e+00
       7141    310.000     7.7387     7.7373   3.607869   3.609133     1.9139    -0.0620      89.63 4.9489e-02 1.0393e+02    81.8833    4.87107    34.9690    34.9841    27.2887    1486.54    1484.91 0.0000e+00
       7163    311.000     7.7382     7.7368   3.607890   3.609148     1.9129    -0.0674      81.40 4.9499e-02 1.0393e+02    81.8485    4.86732    34.9693    34.9842    27.2890    1486.55    1484.92 0.0000e+00
       7186    312.000     7.7379     7.7366   3.607931   3.609188     1.9119    -0.0975      98.10 4.9470e-02 1.0393e+02    81.8198    4.86784    34.9695    34.9844    27.2893    1486.57    1484.92 0.0000e+00
       7208    313.000     7.7383     7.7368   3.608035   3.609294     1.9111    -0.0705      46.96 4.9488e-02 1.0393e+02    81.7935    4.86787    34.9698    34.9849    27.2894    1486.59    1484.93 0.0000e+00
       7231    314.000     7.7382     7.7368   3.608102   3.609360     1.9106    -0.0730      79.05 4.9470e-02 1.0393e+02    81.7829    4.86918    34.9701    34.9851    27.2897    1486.60    1484.93 0.0000e+00
       7253    315.000     7.7368     7.7354   3.608043   3.609299     1.9101    -0.0641      50.25 4.9488e-02 1.0393e+02    81.7909    4.87126    34.9704    34.9853    27.2901    1486.61    1484.94 0.0000e+00
       7276    316.000     7.7373     7.7359   3.608173   3.609431     1.9103    -0.0688      89.32 4.9481e-02 1.0393e+02    81.8095    4.88044    34.9708    34.9858    27.2903    1486.63    1484.94 0.0000e+00
       7299    317.000     7.7378     7.7363   3.608270   3.609531     1.9107    -0.0680      42.65 4.9499e-02 1.0393e+02    81.8140    4.88363    34.9709    34.9860    27.2903    1486.65    1484.95 0.0000e+00
       7322    318.000     7.7377     7.7365   3.608298   3.609604     1.9113    -0.0674      97.82 4.9463e-02 1.0393e+02    81.8114    4.88842    34.9708    34.9861    27.2903    1486.67    1484.95 0.0000e+00
       7345    319.000     7.7373     7.7361   3.608316   3.609599     1.9122    -0.0689      48.07 4.9480e-02 1.0393e+02    81.8755    4.89594    34.9709    34.9859    27.2904    1486.68    1484.96 0.0000e+00
       7368    320.000     7.7379     7.7365   3.608432   3.609697     1.9132    -0.0641      98.72 4.9496e-02 1.0393e+02    81.8789    4.89966    34.9711    34.9861    27.2905    1486.70    1484.96 0.0000e+00
       7391    321.000     7.7400     7.7384   3.608730   3.609988     1.9139    -0.0625      55.14 4.9491e-02 1.0393e+02    81.8677    4.89637    34.9717    34.9869    27.2906    1486.73    1484.97 0.0000e+00
       7415    322.000     7.7401     7.7387   3.608814   3.610062     1.9142    -0.0611      90.86 4.9487e-02 1.0393e+02    81.8984    4.89593    34.9720    34.9869    27.2909    1486.74    1484.97 0.0000e+00
       7437    323.000     7.7397     7.7384   3.608818   3.610078     1.9146    -0.0623      57.42 4.9477e-02 1.0393e+02    81.9420    4.90325    34.9720    34.9869    27.2909    1486.76    1484.98 0.0000e+00
       7460    324.000     7.7384     7.7370   3.608725   3.609979     1.9157    -0.0661      88.23 4.9481e-02 1.0393e+02    81.9845    4.91535    34.9718    34.9867    27.2910    1486.77    1484.99 0.0000e+00
       7483    325.000     7.7376     7.7363   3.608695   3.609954     1.9172    -0.0642      66.92 4.9470e-02 1.0393e+02    81.9707    4.92484    34.9718    34.9867    27.2911    1486.78    1484.99 0.0000e+00
       7505    326.000     7.7374     7.7359   3.608738   3.609992     1.9187    -0.0720      83.20 4.9487e-02 1.0393e+02    81.9797    4.92672    34.9720    34.9870    27.2912    1486.80    1485.00 0.0000e+00
       7527    327.000     7.7377     7.7363   3.608812   3.610060     1.9196    -0.0642      71.57 4.9471e-02 1.0393e+02    81.9407    4.92150    34.9720    34.9868    27.2912    1486.82    1485.00 0.0000e+00
       7550    328.000     7.7375     7.7361   3.608840   3.610096     1.9199    -0.0656      86.78 4.9490e-02 1.0393e+02    81.9317    4.91727    34.9720    34.9870    27.2913    1486.83    1485.01 0.0000e+00
       7572    329.000     7.7363     7.7351   3.608761   3.610024     1.9200    -0.0665      81.65 4.9493e-02 1.0393e+02    81.9367    4.91809    34.9719    34.9867    27.2913    1486.85    1485.01 0.0000e+00
       7594    330.000     7.7360     7.7346   3.608771   3.610048     1.9198    -0.0665      81.00 4.9471e-02 1.0393e+02    81.9543    4.91533    34.9718    34.9870    27.2913    1486.86    1485.02 0.0000e+00
       7617    331.000     7.7365     7.7352   3.608902   3.610165     1.9199    -0.0663      82.48 4.9496e-02 1.0393e+02    81.9307    4.91690    34.9722    34.9872    27.2916    1486.88    1485.02 0.0000e+00
       7639    332.000     7.7365     7.7352   3.608962   3.610216     1.9195    -0.0699      98.30 4.9475e-02 1.0393e+02    81.8930    4.91429    34.9724    34.9872    27.2917    1486.90    1485.03 0.0000e+00
       7662    333.000     7.7367     7.7353   3.609037   3.610297     1.9193    -0.0711      98.80 4.9483e-02 1.0393e+02    81.9003    4.91522    34.9725    34.9875    27.2918    1486.91    1485.04 0.0000e+00
       7684    334.000     7.7356     7.7343   3.608990   3.610245     1.9192    -0.0699      93.92 4.9463e-02 1.0393e+02    81.9161    4.91642    34.9726    34.9875    27.2920    1486.93    1485.04 0.0000e+00
       7707    335.000     7.7346     7.7333   3.608935   3.610197     1.9191    -0.0664      34.82 4.9490e-02 1.0393e+02    81.9120    4.91331    34.9725    34.9875    27.2921    1486.94    1485.05 0.0000e+00
       7729    336.000     7.7344     7.7330   3.608976   3.610230     1.9186    -0.0696      93.98 4.9487e-02 1.0393e+02    81.8849    4.91241    34.9727    34.9876    27.2923    1486.95    1485.05 0.0000e+00
       7752    337.000     7.7342     7.7329   3.609017   3.610277     1.9184    -0.0681      37.23 4.9493e-02 1.0393e+02    81.8799    4.91770    34.9729    34.9878    27.2924    1486.97    1485.06 0.0000e+00
       7774    338.000     7.7343     7.7329   3.609071   3.610329     1.9188    -0.0832      97.74 4.9508e-02 1.0393e+02    81.8659    4.92014    34.9729    34.9878    27.2924    1486.99    1485.06 0.0000e+00
       7796    339.000     7.7346     7.7331   3.609162   3.610434     1.9185    -0.0923      42.62 4.9477e-02 1.0393e+02    81.8881    4.91598    34.9731    34.9883    27.2925    1487.00    1485.07 0.0000e+00
       7819    340.000     7.7349     7.7334   3.609265   3.610518     1.9185    -0.0885      98.59 4.9469e-02 1.0393e+02    81.8991    4.91963    34.9734    34.9884    27.2927    1487.02    1485.08 0.0000e+00
       7841    341.000     7.7352     7.7338   3.609350   3.610599     1.9185    -0.0629      42.28 4.9464e-02 1.0393e+02    81.8875    4.92158    34.9735    34.9884    27.2928    1487.04    1485.08 0.0000e+00
       7864    342.000     7.7355     7.7340   3.609425   3.610680     1.9188    -0.0695      99.05 4.9509e-02 1.0393e+02    81.8958    4.92705    34.9735    34.9886    27.2928    1487.06    1485.09 0.0000e+00
       7886    343.000     7.7355     7.7340   3.609487   3.610745     1.9193    -0.0610      44.07 4.9493e-02 1.0393e+02    81.8906    4.92843    34.9737    34.9888    27.2929    1487.07    1485.09 0.0000e+00
       7909    344.000     7.7356     7.7341   3.609561   3.610829     1.9197    -0.0823      95.32 4.9458e-02 1.0393e+02    81.9187    4.93450    34.9739    34.9891    27.2931    1487.09    1485.10 0.0000e+00
       7931    345.000     7.7357     7.7343   3.609638   3.610897     1.9206    -0.0779      54.71 4.9499e-02 1.0393e+02    81.9362    4.93919    34.9742    34.9892    27.2933    1487.11    1485.10 0.0000e+00
       7953    346.000     7.7363     7.7348   3.609778   3.611039     1.9214    -0.0633      90.45 4.9502e-02 1.0393e+02    81.9275    4.94409    34.9746    34.9897    27.2935    1487.13    1485.11 0.0000e+00
       7976    347.000     7.7358     7.7343   3.609799   3.611050     1.9223    -0.0739      59.93 4.9489e-02 1.0393e+02    81.9342    4.95048    34.9749    34.9899    27.2938    1487.14    1485.12 0.0000e+00
       7997    348.000     7.7359     7.7344   3.609896   3.611162     1.9234    -0.0918      98.65 4.9496e-02 1.0393e+02    81.9237    4.95314    34.9753    34.9905    27.2941    1487.16    1485.12 0.0000e+00
       8020    349.000     7.7370     7.7356   3.610094   3.611354     1.9243    -0.0653      35.54 4.9502e-02 1.0393e+02    81.9177    4.95682    34.9759    34.9909    27.2944    1487.18    1485.13 0.0000e+00
       8042    350.000     7.7375     7.7361   3.610216   3.611469     1.9254    -0.0678      62.01 4.9502e-02 1.0393e+02    81.9096    4.97138    34.9762    34.9911    27.2946    1487.20    1485.13 0.0000e+00
       8063    351.000     7.7377     7.7362   3.610268   3.611517     1.9278    -0.0660      68.83 4.9477e-02 1.0393e+02    81.9022    4.99001    34.9761    34.9911    27.2945    1487.22    1485.14 0.0000e+00
       8085    352.000     7.7377     7.7363   3.610320   3.611587     1.9301    -0.0660      62.69 4.9492e-02 1.0393e+02    81.9148    4.99553    34.9762    34.9912    27.2945    1487.23    1485.15 0.0000e+00
       8107    353.000     7.7379     7.7365   3.610392   3.611642     1.9323    -0.0638      75.38 4.9502e-02 1.0393e+02    81.8993    5.00413    34.9763    34.9912    27.2946    1487.25    1485.15 0.0000e+00
       8128    354.000     7.7372     7.7359   3.610386   3.611644     1.9346    -0.0650      67.34 4.9479e-02 1.0393e+02    81.9105    5.00928    34.9764    34.9913    27.2948    1487.27    1485.16 0.0000e+00
       8150    355.000     7.7367     7.7353   3.610397   3.611654     1.9362    -0.0679      74.03 4.9509e-02 1.0393e+02    81.8827    5.01123    34.9766    34.9915    27.2950    1487.28    1485.16 0.0000e+00
       8172    356.000     7.7362     7.7349   3.610406   3.611657     1.9378    -0.0672      66.08 4.9477e-02 1.0393e+02    81.9186    5.01618    34.9767    34.9915    27.2951    1487.30    1485.17 0.0000e+00
       8194    357.000     7.7354     7.7341   3.610378   3.611642     1.9392    -0.0659      68.65 4.9490e-02 1.0393e+02    81.9154    5.01791    34.9767    34.9916    27.2953    1487.31    1485.18 0.0000e+00
       8216    358.000     7.7349     7.7336   3.610382   3.611641     1.9406 -9.990e-29      66.80 4.9490e-02 1.0393e+02    81.9330    5.01998    34.9768    34.9916    27.2954    1487.32    1485.18 0.0000e+00
       8238    359.000     7.7342     7.7329   3.610381   3.611635     1.9413 -9.990e-29      63.26 4.9502e-02 1.0393e+02    81.9225    5.01904    34.9770    34.9918    27.2956    1487.34    1485.19 0.0000e+00
       8260    360.000     7.7336     7.7323   3.610365   3.611630     1.9419 -9.990e-29      68.07 4.9483e-02 1.0393e+02    81.9251    5.01911    34.9769    34.9919    27.2957    1487.35    1485.19 0.0000e+00
       8281    361.000     7.7328     7.7314   3.610349   3.611605     1.9422 -9.990e-29      64.51 4.9496e-02 1.0393e+02    81.9185    5.02113    34.9771    34.9920    27.2959    1487.37    1485.20 0.0000e+00
       8303    362.000     7.7323     7.7310   3.610350   3.611611     1.9429    -0.0661      72.19 4.9505e-02 1.0393e+02    81.8945    5.02099    34.9771    34.9920    27.2960    1487.38    1485.21 0.0000e+00
       8324    363.000     7.7322     7.7308   3.610393   3.611654     1.9428    -0.0626      67.17 4.9485e-02 1.0393e+02    81.8812    5.01937    34.9772    34.9922    27.2961    1487.40    1485.21 0.0000e+00
       8345    364.000     7.7314     7.7301   3.610361   3.611615     1.9430    -0.0696      35.45 4.9477e-02 1.0393e+02    81.8821    5.02231    34.9771    34.9920    27.2962    1487.41    1485.22 0.0000e+00
       8367    365.000     7.7303     7.7290   3.610312   3.611565     1.9433    -0.0771      98.60 4.9452e-02 1.0393e+02    81.8975    5.01999    34.9772    34.9920    27.2964    1487.42    1485.22 0.0000e+00
       8388    366.000     7.7293     7.7280   3.610259   3.611515     1.9429    -0.1053      35.43 4.9466e-02 1.0393e+02    81.9132    5.01720    34.9772    34.9920    27.2965    1487.43    1485.23 0.0000e+00
       8410    367.000     7.7285     7.7270   3.610208   3.611473     1.9427    -0.0646      98.88 4.9496e-02 1.0393e+02    81.9339    5.01970    34.9769    34.9921    27.2965    1487.45    1485.24 0.0000e+00
       8431    368.000     7.7268     7.7254   3.610093   3.611349     1.9426    -0.0616      32.88 4.9452e-02 1.0393e+02    81.9008    5.02114    34.9769    34.9919    27.2967    1487.46    1485.24 0.0000e+00
       8453    369.000     7.7257     7.7245   3.610041   3.611307     1.9428    -0.0683      99.13 4.9464e-02 1.0393e+02    81.8961    5.01961    34.9770    34.9918    27.2969    1487.47    1485.25 0.0000e+00
       8474    370.000     7.7246     7.7233   3.609986   3.611227     1.9422    -0.0751      41.60 4.9483e-02 1.0393e+02    81.8990    5.01258    34.9770    34.9917    27.2971    1487.48    1485.25 0.0000e+00
       8496    371.000     7.7237     7.7225   3.609929   3.611196     1.9414    -0.0602      99.10 4.9485e-02 1.0393e+02    81.9186    5.00570    34.9768    34.9917    27.2971    1487.50    1485.26 0.0000e+00
       8518    372.000     7.7235     7.7222   3.609949   3.611213     1.9403    -0.0669      33.49 4.9515e-02 1.0393e+02    81.9191    5.00220    34.9767    34.9917    27.2971    1487.51    1485.27 0.0000e+00
       8540    373.000     7.7230     7.7217   3.609954   3.611210     1.9391    -0.0655      98.85 4.9490e-02 1.0393e+02    81.9426    4.99272    34.9768    34.9917    27.2972    1487.53    1485.27 0.0000e+00
       8561    374.000     7.7224     7.7210   3.609930   3.611186     1.9374    -0.0825      40.32 4.9496e-02 1.0393e+02    81.9506    4.98606    34.9767    34.9916    27.2972    1487.54    1485.28 0.0000e+00
       8583    375.000     7.7212     7.7199   3.609847   3.611102     1.9359    -0.0756      99.06 4.9492e-02 1.0393e+02    81.9213    4.98103    34.9765    34.9913    27.2972    1487.55    1485.28 0.0000e+00
       8604    376.000     7.7193     7.7179   3.609693   3.610947     1.9340    -0.0605      36.38 4.9483e-02 1.0393e+02    81.9445    4.97476    34.9763    34.9912    27.2973    1487.56    1485.29 0.0000e+00
       8626    377.000     7.7180     7.7167   3.609603   3.610870     1.9325    -0.0683      98.26 4.9466e-02 1.0393e+02    81.9605    4.96934    34.9761    34.9911    27.2974    1487.57    1485.30 0.0000e+00
       8647    378.000     7.7172     7.7160   3.609572   3.610837     1.9307    -0.0650      34.13 4.9472e-02 1.0393e+02    81.9652    4.96285    34.9761    34.9909    27.2975    1487.58    1485.30 0.0000e+00
       8668    379.000     7.7165     7.7151   3.609547   3.610792     1.9288    -0.0655      98.55 4.9472e-02 1.0393e+02    81.9557    4.95414    34.9760    34.9909    27.2975    1487.60    1485.31 0.0000e+00
       8689    380.000     7.7154     7.7141   3.609482   3.610742     1.9267    -0.0688      51.63 4.9472e-02 1.0393e+02    81.9524    4.94299    34.9760    34.9909    27.2976    1487.61    1485.31 0.0000e+00
       8710    381.000     7.7148     7.7135   3.609474   3.610743     1.9240    -0.0646      99.16 4.9492e-02 1.0393e+02    81.9592    4.93018    34.9760    34.9910    27.2977    1487.62    1485.32 0.0000e+00
