_data/ctd/2022603/sta0147.cnv
* Sea-Bird SBE 9 Data File:
* FileName = C:\Seabird\CTDData\sta0147.hex
* Software Version Seasave V 7.21f
* Temperature SN = 6264
* Conductivity SN = 4928
* Number of Bytes Per Scan = 40
* Number of Voltage Words = 5
* Number of Scans Averaged by the Deck Unit = 1
* NMEA Latitude = 60 25.78 N
* NMEA Longitude = 005 15.88 E
* NMEA UTC (Time) = Feb 05 2022 13:38:24
* NMEA baud rate = 4800
** Ship: R/V "Kristine Bonnevie"
** Station: 0147
** Echodepth: 302
** Log: 9936.80
** Wind-Dir/Force: 15 22
** Air-temp (dry): 2.9
** Weather Sky:
** Sea:
# nquan = 19                                
# nvalues = 313                         
# units = specified
# name 0 = scan: Scan Count
# name 1 = prDM: Pressure, Digiquartz [db]
# name 2 = t068C: Temperature [ITS-68, deg C]
# name 3 = t168C: Temperature, 2 [ITS-68, deg C]
# name 4 = c0S/m: Conductivity [S/m]
# name 5 = c1S/m: Conductivity, 2 [S/m]
# name 6 = sbeox0V: Oxygen raw, SBE 43 [V]
# name 7 = flECO-AFL: Fluorescence, WET Labs ECO-AFL/FL [mg/m^3]
# name 8 = altM: Altimeter [m]
# name 9 = par: PAR/Irradiance, Biospherical/Licor
# name 10 = spar: SPAR/Surface Irradiance
# name 11 = CStarTr0: Beam Transmission, WET Labs C-Star [%]
# name 12 = sbeox0ML/L: Oxygen, SBE 43 [ml/l], WS = 2
# name 13 = sal00: Salinity, Practical [PSU]
# name 14 = sal11: Salinity, Practical, 2 [PSU]
# name 15 = sigma-t00: Density [sigma-t, Kg/m^3 ]
# name 16 = svCM: Sound Velocity [Chen-Millero, m/s]
# name 17 = avgsvCM: Average Sound Velocity [Chen-Millero, m/s], minP = 1, minS = 5
# name 18 = flag: flag
# span 0 =        234,       7842       
# span 1 =      2.000,    314.000       
# span 2 =     5.8298,    10.0494       
# span 3 =     5.8357,    10.0479       
# span 4 =   2.585589,   3.716808       
# span 5 =   2.591114,   3.718664       
# span 6 =     1.7786,     2.4375       
# span 7 =    -0.0892,     0.2181       
# span 8 =       8.23,      99.04       
# span 9 = 4.8803e-02, 1.1785e+01       
# span 10 = 2.1984e+01, 2.5989e+01      
# span 11 =    73.4497,    81.1941      
# span 12 =    4.38248,    7.11877      
# span 13 =    25.6910,    34.8524      
# span 14 =    25.7469,    34.8711      
# span 15 =    20.2241,    27.1475      
# span 16 =    1462.35,    1489.37      
# span 17 =    1462.35,    1486.01      
# span 18 = 0.0000e+00, 0.0000e+00      
# interval = decibars: 1                
# start_time = Feb 05 2022 13:38:26 [System UTC, header]
# bad_flag = -9.990e-29
*END*
[from data line 153]
       3652    155.000     8.3706     8.3694   3.634541   3.636193     2.0939    -0.0576      98.80 4.9496e-02 2.3984e+01    79.8546    5.28881    34.7017    34.7205    26.9837    1486.04    1485.37 0.0000e+00
       3674    156.000     8.3707     8.3693   3.634631   3.636275     2.0907    -0.0715      98.80 4.9499e-02 2.3984e+01    79.8526    5.27056    34.7021    34.7210    26.9840    1486.06    1485.38 0.0000e+00
       3695    157.000     8.3707     8.3693   3.634675   3.636316     2.0867    -0.0779      98.80 4.9471e-02 2.3984e+01    79.8581    5.25381    34.7021    34.7209    26.9840    1486.07    1485.38 0.0000e+00
       3717    158.000     8.3709     8.3695   3.634740   3.636383     2.0829    -0.0576      98.80 4.9492e-02 2.3984e+01    79.8735    5.24430    34.7021    34.7210    26.9839    1486.09    1485.39 0.0000e+00
       3739    159.000     8.3714     8.3700   3.634892   3.636530     2.0793    -0.0585      95.14 4.9499e-02 2.3984e+01    79.8447    5.24039    34.7027    34.7215    26.9844    1486.11    1485.39 0.0000e+00
       3762    160.000     8.3708     8.3696   3.634950   3.636590     2.0765    -0.0846      94.10 4.9499e-02 2.3984e+01    79.8752    5.24401    34.7035    34.7221    26.9850    1486.12    1485.39 0.0000e+00
       3784    161.000     8.3637     8.3626   3.634856   3.636479     2.0750    -0.0864      98.74 4.9490e-02 2.3984e+01    79.8691    5.24828    34.7090    34.7273    26.9905    1486.12    1485.40 0.0000e+00
       3806    162.000     8.3625     8.3613   3.635023   3.636662     2.0736    -0.0703      98.80 4.9518e-02 2.3984e+01    79.8450    5.24826    34.7115    34.7301    26.9926    1486.13    1485.40 0.0000e+00
       3827    163.000     8.3614     8.3601   3.634965   3.636612     2.0729    -0.0571      98.80 4.9498e-02 2.3984e+01    79.8476    5.24352    34.7115    34.7303    26.9927    1486.15    1485.41 0.0000e+00
       3849    164.000     8.3584     8.3573   3.634773   3.636423     2.0711    -0.0571      98.80 4.9511e-02 2.3984e+01    79.8424    5.23687    34.7119    34.7305    26.9936    1486.15    1485.41 0.0000e+00
       3872    165.000     8.3542     8.3531   3.634446   3.636082     2.0697    -0.0587      98.80 4.9502e-02 2.3984e+01    79.8544    5.22981    34.7121    34.7306    26.9943    1486.15    1485.42 0.0000e+00
       3894    166.000     8.3481     8.3468   3.633937   3.635580     2.0677    -0.0849      98.40 4.9502e-02 2.3984e+01    79.8368    5.22296    34.7122    34.7310    26.9954    1486.15    1485.42 0.0000e+00
       3915    167.000     8.3466     8.3455   3.633871   3.635523     2.0657    -0.0648      98.80 4.9492e-02 2.3984e+01    79.8810    5.21210    34.7125    34.7312    26.9958    1486.16    1485.43 0.0000e+00
       3936    168.000     8.3457     8.3444   3.633830   3.635461     2.0631    -0.0559      98.80 4.9466e-02 2.3984e+01    79.8577    5.19461    34.7125    34.7311    26.9960    1486.17    1485.43 0.0000e+00
       3957    169.000     8.3415     8.3406   3.633615   3.635247     2.0596    -0.0654      98.80 4.9458e-02 2.3984e+01    79.8829    5.17707    34.7139    34.7321    26.9977    1486.17    1485.44 0.0000e+00
       3980    170.000     8.3312     8.3303   3.633133   3.634770     2.0555    -0.0860      98.80 4.9493e-02 2.3984e+01    79.8804    5.16213    34.7184    34.7367    27.0028    1486.16    1485.44 0.0000e+00
       4003    171.000     8.3260     8.3249   3.632953   3.634590     2.0512    -0.0851      98.80 4.9477e-02 2.3984e+01    79.9330    5.14765    34.7211    34.7396    27.0058    1486.16    1485.44 0.0000e+00
       4024    172.000     8.3171     8.3163   3.632679   3.634325     2.0472 -9.990e-29      97.89 4.9492e-02 2.3984e+01    79.9571    5.13499    34.7265    34.7448    27.0114    1486.15    1485.45 0.0000e+00
       4046    173.000     8.3130     8.3117   3.632553   3.634186     2.0428 -9.990e-29      93.93 4.9535e-02 2.3984e+01    79.9700    5.11447    34.7287    34.7474    27.0137    1486.15    1485.45 0.0000e+00
       4068    174.000     8.3088     8.3078   3.632354   3.633993     2.0378 -9.990e-29      98.77 1.0204e-01 2.3984e+01    80.0099    5.09426    34.7303    34.7487    27.0156    1486.15    1485.46 0.0000e+00
       4091    175.000     8.2985     8.2976   3.631929   3.633579     2.0321    -0.0648      98.80 4.8925e-02 2.3984e+01    80.0423    5.07193    34.7355    34.7539    27.0212    1486.14    1485.46 0.0000e+00
       4113    176.000     8.2930     8.2918   3.631729   3.633365     2.0262    -0.0557      98.80 4.9475e-02 2.3984e+01    80.0646    5.05126    34.7383    34.7569    27.0243    1486.14    1485.46 0.0000e+00
       4136    177.000     8.2883     8.2873   3.631543   3.633182     2.0204    -0.0558      98.80 4.9490e-02 2.3984e+01    80.0988    5.02939    34.7405    34.7589    27.0267    1486.14    1485.47 0.0000e+00
       4158    178.000     8.2765     8.2760   3.631028   3.632681     2.0141    -0.0558      98.80 4.9483e-02 2.3984e+01    80.0689    5.00532    34.7461    34.7643    27.0330    1486.12    1485.47 0.0000e+00
       4179    179.000     8.2620     8.2613   3.630429   3.632058     2.0073    -0.0832      98.80 4.9465e-02 2.3984e+01    80.1288    4.98307    34.7536    34.7717    27.0410    1486.09    1485.47 0.0000e+00
       4201    180.000     8.2538     8.2528   3.630104   3.631745     2.0010    -0.0772      98.80 4.9471e-02 2.3984e+01    80.1776    4.96522    34.7578    34.7762    27.0455    1486.08    1485.48 0.0000e+00
       4223    181.000     8.2497     8.2480   3.629957   3.631558     1.9943 -9.990e-29      98.80 4.9502e-02 2.3984e+01    80.2137    4.93075    34.7598    34.7785    27.0477    1486.08    1485.48 0.0000e+00
       4245    182.000     8.2353     8.2346   3.629293   3.630904     1.9859 -9.990e-29      98.80 4.9485e-02 2.3984e+01    80.2401    4.89270    34.7664    34.7843    27.0552    1486.05    1485.48 0.0000e+00
       4267    183.000     8.2212     8.2200   3.628648   3.630260     1.9776 -9.990e-29      98.55 4.9483e-02 2.3984e+01    80.2566    4.86651    34.7730    34.7914    27.0625    1486.03    1485.49 0.0000e+00
       4288    184.000     8.2119     8.2107   3.628249   3.629863     1.9692 -9.990e-29      98.31 4.9506e-02 2.3984e+01    80.2920    4.84073    34.7775    34.7959    27.0674    1486.01    1485.49 0.0000e+00
       4310    185.000     8.2048     8.2038   3.627910   3.629542     1.9607 -9.990e-29      98.80 4.9470e-02 2.3984e+01    80.3009    4.81262    34.7804    34.7988    27.0708    1486.01    1485.49 0.0000e+00
       4332    186.000     8.1967     8.1959   3.627516   3.629169     1.9518 -9.990e-29      98.25 4.9481e-02 2.3984e+01    80.3296    4.78020    34.7838    34.8022    27.0746    1486.00    1485.50 0.0000e+00
       4355    187.000     8.1946     8.1933   3.627454   3.629078     1.9427 -9.990e-29      98.81 4.9490e-02 2.3984e+01    80.2832    4.74801    34.7847    34.8033    27.0757    1486.01    1485.50 0.0000e+00
       4377    188.000     8.1892     8.1879   3.627211   3.628829     1.9332 -9.990e-29      98.23 4.9490e-02 2.3984e+01    80.3861    4.71883    34.7870    34.8055    27.0783    1486.01    1485.50 0.0000e+00
       4399    189.000     8.1809     8.1801   3.626873   3.628506     1.9244    -0.0589      98.80 4.9487e-02 2.3984e+01    80.4350    4.69551    34.7911    34.8093    27.0828    1486.00    1485.50 0.0000e+00
       4422    190.000     8.1799     8.1787   3.626871   3.628520     1.9158    -0.0598      98.80 5.8665e-02 2.3984e+01    80.4756    4.67415    34.7916    34.8104    27.0833    1486.01    1485.51 0.0000e+00
       4444    191.000     8.1779     8.1768   3.626822   3.628459     1.9080    -0.0590      98.80 4.9695e-02 2.3984e+01    80.4366    4.65671    34.7926    34.8111    27.0844    1486.02    1485.51 0.0000e+00
       4467    192.000     8.1726     8.1714   3.626605   3.628225     1.9009    -0.0832      98.57 4.9471e-02 2.3984e+01    80.4818    4.64205    34.7950    34.8135    27.0871    1486.02    1485.51 0.0000e+00
       4489    193.000     8.1661     8.1648   3.626359   3.627903     1.8941    -0.0677      98.78 4.9487e-02 2.3984e+01    80.5218    4.62819    34.7983    34.8161    27.0907    1486.02    1485.51 0.0000e+00
       4511    194.000     8.1595     8.1581   3.626094   3.627711     1.8887 -9.990e-29      98.65 4.9464e-02 2.3984e+01    80.5260    4.62058    34.8016    34.8202    27.0943    1486.01    1485.52 0.0000e+00
       4534    195.000     8.1511     8.1504   3.625696   3.627327     1.8834 -9.990e-29      98.73 4.9522e-02 2.3984e+01    80.5253    4.60954    34.8052    34.8233    27.0984    1486.00    1485.52 0.0000e+00
       4556    196.000     8.1494     8.1482   3.625640   3.627276     1.8791 -9.990e-29      98.79 4.9483e-02 2.3984e+01    80.5170    4.59998    34.8058    34.8244    27.0991    1486.01    1485.52 0.0000e+00
       4577    197.000     8.1489     8.1475   3.625665   3.627293     1.8746 -9.990e-29      98.78 4.9492e-02 2.3984e+01    80.5208    4.58368    34.8060    34.8248    27.0994    1486.03    1485.52 0.0000e+00
       4599    198.000     8.1484     8.1471   3.625684   3.627314     1.8700 -9.990e-29      98.80 4.9483e-02 2.3984e+01    80.6402    4.56248    34.8063    34.8250    27.0996    1486.04    1485.53 0.0000e+00
       4621    199.000     8.1471     8.1462   3.625665   3.627314     1.8642 -9.990e-29      98.80 4.9493e-02 2.3984e+01    80.6641    4.54377    34.8069    34.8254    27.1003    1486.05    1485.53 0.0000e+00
       4644    200.000     8.1459     8.1447   3.625636   3.627266     1.8596 -9.990e-29      98.80 4.9512e-02 2.3984e+01    80.6756    4.53856    34.8073    34.8259    27.1008    1486.07    1485.53 0.0000e+00
       4667    201.000     8.1447     8.1436   3.625625   3.627256     1.8552 -9.990e-29      98.80 4.9494e-02 2.3984e+01    80.6828    4.52793    34.8079    34.8264    27.1014    1486.08    1485.54 0.0000e+00
       4689    202.000     8.1433     8.1421   3.625602   3.627243     1.8515 -9.990e-29      98.80 4.9525e-02 2.3984e+01    80.7752    4.52164    34.8085    34.8272    27.1022    1486.09    1485.54 0.0000e+00
       4711    203.000     8.1434     8.1422   3.625666   3.627293     1.8477 -9.990e-29      98.80 4.9493e-02 2.3984e+01    80.7666    4.50863    34.8086    34.8272    27.1022    1486.11    1485.54 0.0000e+00
       4734    204.000     8.1428     8.1415   3.625681   3.627312     1.8442 -9.990e-29      98.80 4.9517e-02 2.3984e+01    80.8009    4.50428    34.8089    34.8276    27.1026    1486.12    1485.54 0.0000e+00
       4757    205.000     8.1427     8.1414   3.625734   3.627354     1.8415 -9.990e-29      98.80 4.9482e-02 2.3984e+01    80.8631    4.50260    34.8091    34.8277    27.1027    1486.14    1485.55 0.0000e+00
       4780    206.000     8.1419     8.1405   3.625740   3.627359     1.8389 -9.990e-29      98.80 1.0985e-01 2.3984e+01    80.8453    4.49837    34.8095    34.8282    27.1031    1486.15    1485.55 0.0000e+00
       4802    207.000     8.1367     8.1350   3.625555   3.627155     1.8367    -0.0627      98.80 4.8803e-02 2.3984e+01    80.8697    4.49229    34.8122    34.8309    27.1060    1486.15    1485.55 0.0000e+00
       4825    208.000     8.1331     8.1320   3.625447   3.627071     1.8345    -0.0571      98.80 4.9500e-02 2.3984e+01    80.8912    4.48623    34.8141    34.8325    27.1081    1486.16    1485.56 0.0000e+00
       4847    209.000     8.1324     8.1313   3.625459   3.627087     1.8323    -0.0682      98.80 4.9490e-02 2.3984e+01    80.8715    4.48254    34.8144    34.8329    27.1085    1486.17    1485.56 0.0000e+00
       4870    210.000     8.1317     8.1305   3.625460   3.627107     1.8306    -0.0834      98.80 4.9505e-02 2.3984e+01    80.8701    4.47773    34.8147    34.8335    27.1088    1486.19    1485.56 0.0000e+00
       4892    211.000     8.1315     8.1303   3.625510   3.627146     1.8287    -0.0562      98.80 4.9502e-02 2.3984e+01    80.8987    4.47331    34.8149    34.8336    27.1090    1486.20    1485.56 0.0000e+00
       4914    212.000     8.1312     8.1298   3.625550   3.627169     1.8271 -9.990e-29      98.80 4.9492e-02 2.3984e+01    80.9255    4.47590    34.8152    34.8339    27.1092    1486.22    1485.57 0.0000e+00
       4936    213.000     8.1309     8.1297   3.625595   3.627220     1.8263 -9.990e-29      98.80 4.9496e-02 2.3984e+01    80.9216    4.47905    34.8154    34.8340    27.1095    1486.23    1485.57 0.0000e+00
       4958    214.000     8.1308     8.1296   3.625625   3.627262     1.8257 -9.990e-29      98.80 4.9490e-02 2.3984e+01    80.9409    4.47937    34.8154    34.8341    27.1095    1486.25    1485.57 0.0000e+00
       4980    215.000     8.1292     8.1280   3.625611   3.627233     1.8255 -9.990e-29      98.80 4.9521e-02 2.3984e+01    80.9203    4.48052    34.8163    34.8349    27.1105    1486.26    1485.58 0.0000e+00
       5001    216.000     8.1292     8.1280   3.625658   3.627290     1.8245 -9.990e-29      98.80 4.9483e-02 2.3984e+01    80.9321    4.47597    34.8164    34.8350    27.1105    1486.28    1485.58 0.0000e+00
       5023    217.000     8.1263     8.1252   3.625581   3.627196     1.8243 -9.990e-29      98.80 4.9519e-02 2.3984e+01    80.9280    4.47737    34.8179    34.8363    27.1121    1486.28    1485.58 0.0000e+00
       5045    218.000     8.1256     8.1250   3.625590   3.627242     1.8237 -9.990e-29      98.80 4.9521e-02 2.3984e+01    80.8969    4.47722    34.8182    34.8365    27.1125    1486.30    1485.59 0.0000e+00
       5067    219.000     8.1233     8.1222   3.625537   3.627166     1.8233 -9.990e-29      98.80 4.9487e-02 2.3984e+01    80.8406    4.47518    34.8195    34.8380    27.1138    1486.31    1485.59 0.0000e+00
       5090    220.000     8.1230     8.1222   3.625571   3.627218     1.8228    -0.0558      98.80 4.9499e-02 2.3984e+01    80.8986    4.47610    34.8197    34.8381    27.1140    1486.32    1485.59 0.0000e+00
       5113    221.000     8.1226     8.1219   3.625595   3.627249     1.8225    -0.0572      98.80 4.9502e-02 2.3984e+01    80.9179    4.47863    34.8198    34.8382    27.1142    1486.34    1485.60 0.0000e+00
       5135    222.000     8.1209     8.1201   3.625563   3.627218     1.8225    -0.0600      98.80 4.9502e-02 2.3984e+01    80.9087    4.47533    34.8207    34.8392    27.1151    1486.35    1485.60 0.0000e+00
       5156    223.000     8.1131     8.1132   3.625286   3.626936     1.8217    -0.0586      98.80 4.9490e-02 2.3984e+01    80.9067    4.47323    34.8250    34.8425    27.1197    1486.34    1485.60 0.0000e+00
       5179    224.000     8.1092     8.1080   3.625137   3.626771     1.8213    -0.0864      98.80 4.9515e-02 2.3984e+01    80.9133    4.47571    34.8268    34.8455    27.1217    1486.35    1485.61 0.0000e+00
       5201    225.000     8.1067     8.1056   3.625060   3.626701     1.8213    -0.0622      98.80 4.9493e-02 2.3984e+01    80.8760    4.47884    34.8280    34.8466    27.1230    1486.36    1485.61 0.0000e+00
       5224    226.000     8.1056     8.1045   3.625043   3.626683     1.8211 -9.990e-29      98.80 4.9490e-02 2.3984e+01    80.8495    4.48019    34.8284    34.8470    27.1235    1486.37    1485.61 0.0000e+00
       5246    227.000     8.1048     8.1036   3.625063   3.626688     1.8213 -9.990e-29      98.80 4.9483e-02 2.3984e+01    80.8473    4.48364    34.8289    34.8475    27.1240    1486.38    1485.62 0.0000e+00
       5268    228.000     8.1042     8.1029   3.625083   3.626712     1.8217 -9.990e-29      98.80 4.9481e-02 2.3984e+01    80.7981    4.48818    34.8292    34.8480    27.1244    1486.40    1485.62 0.0000e+00
       5290    229.000     8.1037     8.1025   3.625101   3.626746     1.8221 -9.990e-29      98.80 4.9490e-02 2.3984e+01    80.8182    4.48886    34.8295    34.8482    27.1246    1486.41    1485.62 0.0000e+00
