_data/ctd/2022603/sta0202.cnv
* Sea-Bird SBE 9 Data File:
* FileName = C:\Seabird\CTDData\sta0202.hex
* Software Version Seasave V 7.21f
* Temperature SN = 6264
* Conductivity SN = 4928
* Number of Bytes Per Scan = 40
* Number of Voltage Words = 5
* Number of Scans Averaged by the Deck Unit = 1
* NMEA Latitude = 61 08.66 N
* NMEA Longitude = 005 55.16 E
* NMEA UTC (Time) = Feb 15 2022 05:48:56
* NMEA baud rate = 4800
** Ship: R/V "Kristine Bonnevie"
** Station: 0202
** Echodepth: 1265
** Log: 0813.505
** Wind-Dir/Force: 10 21
** Air-temp (dry): 3.8
** Weather Sky:
** Sea:
** S08
# nquan = 19                                
# nvalues = 1272                        
# units = specified
# name 0 = scan: Scan Count
# name 1 = prDM: Pressure, Digiquartz [db]
# name 2 = t068C: Temperature [ITS-68, deg C]
# name 3 = t168C: Temperature, 2 [ITS-68, deg C]
# name 4 = c0S/m: Conductivity [S/m]
# name 5 = c1S/m: Conductivity, 2 [S/m]
# name 6 = sbeox0V: Oxygen raw, SBE 43 [V]
# name 7 = flECO-AFL: Fluorescence, WET Labs ECO-AFL/FL [mg/m^3]
# name 8 = altM: Altimeter [m]
# name 9 = par: PAR/Irradiance, Biospherical/Licor
# name 10 = spar: SPAR/Surface Irradiance
# name 11 = CStarTr0: Beam Transmission, WET Labs C-Star [%]
# name 12 = sbeox0ML/L: Oxygen, SBE 43 [ml/l], WS = 2
# name 13 = sal00: Salinity, Practical [PSU]
# name 14 = sal11: Salinity, Practical, 2 [PSU]
# name 15 = sigma-t00: Density [sigma-t, Kg/m^3 ]
# name 16 = svCM: Sound Velocity [Chen-Millero, m/s]
# name 17 = avgsvCM: Average Sound Velocity [Chen-Millero, m/s], minP = 1, minS = 5
# name 18 = flag: flag
# span 0 =        433,      27766       
# span 1 =      2.000,   1273.000       
# span 2 =     5.5019,     9.7333       
# span 3 =     5.4991,     9.7283       
# span 4 =   2.978334,   3.700339       
# span 5 =   2.978861,   3.701934       
# span 6 =     1.5312,     2.4478       
# span 7 =    -0.1019,     0.6883       
# span 8 =       6.99,     100.07       
# span 9 = 4.9446e-02, 6.5600e-01       
# span 10 = 0.0000e+00, 0.0000e+00      
# span 11 =    63.0340,    81.9323      
# span 12 =    4.03966,    7.03850      
# span 13 =    30.3129,    35.0247      
# span 14 =    30.3225,    35.0407      
# span 15 =    23.9073,    27.3647      
# span 16 =    1466.85,    1501.76      
# span 17 =    1466.85,    1491.61      
# span 18 = 0.0000e+00, 0.0000e+00      
# interval = decibars: 1                
# start_time = Feb 15 2022 05:48:58 [System UTC, header]
# bad_flag = -9.990e-29
*END*
[from data line 762]
      16872    764.000     7.4940     7.4927   3.609759   3.611133     1.6597    -0.0659      81.39 4.9493e-02 0.0000e+00    81.9004    4.26026    35.0177    35.0338    27.3628    1493.16    1487.75 0.0000e+00
      16894    765.000     7.4941     7.4927   3.609810   3.611187     1.6590    -0.0716      90.41 4.9527e-02 0.0000e+00    81.8897    4.26320    35.0177    35.0340    27.3627    1493.17    1487.76 0.0000e+00
      16917    766.000     7.4941     7.4928   3.609853   3.611241     1.6587    -0.0699      76.17 4.9530e-02 0.0000e+00    81.8786    4.26700    35.0177    35.0340    27.3627    1493.19    1487.76 0.0000e+00
      16940    767.000     7.4942     7.4929   3.609905   3.611292     1.6583    -0.0692      84.32 4.9502e-02 0.0000e+00    81.8971    4.26182    35.0176    35.0339    27.3627    1493.21    1487.77 0.0000e+00
      16962    768.000     7.4942     7.4929   3.609956   3.611343     1.6577    -0.0637      76.40 4.9518e-02 0.0000e+00    81.8760    4.26176    35.0177    35.0340    27.3628    1493.22    1487.78 0.0000e+00
      16985    769.000     7.4942     7.4930   3.610000   3.611380     1.6575    -0.0624      73.59 4.9493e-02 0.0000e+00    81.9141    4.26576    35.0177    35.0339    27.3628    1493.24    1487.79 0.0000e+00
      17008    770.000     7.4942     7.4930   3.610050   3.611432     1.6573    -0.0654      79.44 4.9499e-02 0.0000e+00    81.8847    4.26021    35.0178    35.0339    27.3628    1493.26    1487.79 0.0000e+00
      17031    771.000     7.4944     7.4931   3.610103   3.611483     1.6565    -0.0664      61.56 4.9493e-02 0.0000e+00    81.8787    4.26050    35.0177    35.0339    27.3627    1493.27    1487.80 0.0000e+00
      17053    772.000     7.4944     7.4931   3.610159   3.611531     1.6564    -0.0674      84.92 4.9515e-02 0.0000e+00    81.8954    4.25970    35.0178    35.0340    27.3628    1493.29    1487.81 0.0000e+00
      17076    773.000     7.4945     7.4932   3.610203   3.611583     1.6559    -0.0678      40.96 4.9481e-02 0.0000e+00    81.8908    4.26312    35.0177    35.0340    27.3628    1493.31    1487.81 0.0000e+00
      17099    774.000     7.4946     7.4933   3.610255   3.611636     1.6562    -0.0685      85.67 4.9487e-02 0.0000e+00    81.8951    4.26570    35.0177    35.0340    27.3627    1493.32    1487.82 0.0000e+00
      17121    775.000     7.4946     7.4933   3.610306   3.611688     1.6559    -0.0715      98.69 4.9508e-02 0.0000e+00    81.9068    4.26151    35.0178    35.0341    27.3628    1493.34    1487.83 0.0000e+00
      17144    776.000     7.4947     7.4934   3.610359   3.611736     1.6556    -0.0659      80.20 4.9515e-02 0.0000e+00    81.8996    4.26017    35.0178    35.0340    27.3628    1493.36    1487.84 0.0000e+00
      17166    777.000     7.4948     7.4935   3.610407   3.611786     1.6552    -0.0652      51.37 4.9499e-02 0.0000e+00    81.8889    4.25601    35.0178    35.0340    27.3627    1493.37    1487.84 0.0000e+00
      17189    778.000     7.4949     7.4936   3.610465   3.611845     1.6548    -0.0644      69.76 4.9502e-02 0.0000e+00    81.8108    4.25832    35.0178    35.0340    27.3628    1493.39    1487.85 0.0000e+00
      17211    779.000     7.4949     7.4936   3.610508   3.611890     1.6545    -0.0621      52.97 4.9487e-02 0.0000e+00    81.9077    4.25721    35.0178    35.0341    27.3628    1493.41    1487.86 0.0000e+00
      17233    780.000     7.4949     7.4936   3.610571   3.611943     1.6540    -0.0654      97.79 4.9521e-02 0.0000e+00    81.8879    4.25641    35.0180    35.0342    27.3629    1493.42    1487.86 0.0000e+00
      17256    781.000     7.4950     7.4937   3.610627   3.612007     1.6539    -0.0669      84.56 4.9489e-02 0.0000e+00    81.8800    4.25603    35.0181    35.0343    27.3629    1493.44    1487.87 0.0000e+00
      17278    782.000     7.4951     7.4937   3.610686   3.612068     1.6534    -0.0718      97.71 4.9493e-02 0.0000e+00    81.8906    4.25509    35.0181    35.0345    27.3630    1493.46    1487.88 0.0000e+00
      17301    783.000     7.4953     7.4940   3.610757   3.612133     1.6532    -0.0730      82.82 4.9481e-02 0.0000e+00    81.8735    4.25991    35.0182    35.0344    27.3630    1493.48    1487.88 0.0000e+00
      17323    784.000     7.4955     7.4943   3.610820   3.612214     1.6534    -0.0683      98.56 4.9483e-02 0.0000e+00    81.8762    4.26192    35.0182    35.0345    27.3630    1493.49    1487.89 0.0000e+00
      17346    785.000     7.4957     7.4944   3.610909   3.612275     1.6532    -0.0703      98.32 4.9505e-02 0.0000e+00    81.8792    4.25938    35.0185    35.0346    27.3632    1493.51    1487.90 0.0000e+00
      17369    786.000     7.4962     7.4949   3.610995   3.612377     1.6533    -0.0688      96.21 4.9488e-02 0.0000e+00    81.8793    4.26258    35.0185    35.0347    27.3631    1493.53    1487.91 0.0000e+00
      17391    787.000     7.4967     7.4953   3.611099   3.612480     1.6533    -0.0723      96.16 4.9502e-02 0.0000e+00    81.8947    4.26295    35.0186    35.0350    27.3631    1493.55    1487.91 0.0000e+00
      17414    788.000     7.4969     7.4956   3.611157   3.612547     1.6533    -0.0687      94.91 4.9509e-02 0.0000e+00    81.8778    4.26684    35.0186    35.0349    27.3631    1493.56    1487.92 0.0000e+00
      17436    789.000     7.4971     7.4957   3.611227   3.612599     1.6541    -0.0713      95.93 4.9493e-02 0.0000e+00    81.8860    4.27278    35.0187    35.0349    27.3631    1493.58    1487.93 0.0000e+00
      17458    790.000     7.4972     7.4959   3.611277   3.612662     1.6541    -0.0697      91.31 4.9508e-02 0.0000e+00    81.8825    4.27322    35.0187    35.0349    27.3631    1493.60    1487.93 0.0000e+00
      17480    791.000     7.4974     7.4961   3.611346   3.612731     1.6549    -0.0728      95.34 4.9508e-02 0.0000e+00    81.8673    4.28139    35.0187    35.0350    27.3631    1493.62    1487.94 0.0000e+00
      17502    792.000     7.4976     7.4963   3.611413   3.612785     1.6556    -0.0720      90.70 4.9465e-02 0.0000e+00    81.8673    4.28183    35.0188    35.0349    27.3631    1493.63    1487.95 0.0000e+00
      17525    793.000     7.4977     7.4964   3.611462   3.612847     1.6561    -0.0677      96.00 4.9502e-02 0.0000e+00    81.8632    4.28502    35.0187    35.0350    27.3631    1493.65    1487.96 0.0000e+00
      17547    794.000     7.4975     7.4962   3.611496   3.612880     1.6568    -0.0726      85.07 4.9487e-02 0.0000e+00    81.8540    4.28716    35.0188    35.0351    27.3632    1493.67    1487.96 0.0000e+00
      17569    795.000     7.4976     7.4963   3.611558   3.612934     1.6571    -0.0680      96.31 4.9471e-02 0.0000e+00    81.8444    4.28467    35.0189    35.0351    27.3632    1493.68    1487.97 0.0000e+00
      17591    796.000     7.4976     7.4963   3.611599   3.612985     1.6575    -0.0660      83.72 4.9483e-02 0.0000e+00    81.8533    4.28309    35.0189    35.0352    27.3632    1493.70    1487.98 0.0000e+00
      17613    797.000     7.4976     7.4963   3.611650   3.613019     1.6573    -0.0737      97.34 4.9496e-02 0.0000e+00    81.8497    4.28172    35.0190    35.0351    27.3633    1493.72    1487.98 0.0000e+00
      17636    798.000     7.4977     7.4964   3.611699   3.613079     1.6574    -0.0761      65.66 4.9499e-02 0.0000e+00    81.8548    4.28351    35.0190    35.0352    27.3632    1493.73    1487.99 0.0000e+00
      17659    799.000     7.4977     7.4964   3.611751   3.613122     1.6574    -0.0788      98.33 4.9511e-02 0.0000e+00    81.8527    4.28547    35.0190    35.0352    27.3633    1493.75    1488.00 0.0000e+00
      17681    800.000     7.4975     7.4962   3.611768   3.613150     1.6575    -0.0706      65.34 4.9477e-02 0.0000e+00    81.8422    4.28335    35.0190    35.0352    27.3633    1493.77    1488.01 0.0000e+00
      17704    801.000     7.4973     7.4959   3.611789   3.613173     1.6574    -0.0735      98.42 4.9505e-02 0.0000e+00    81.8406    4.28451    35.0189    35.0353    27.3633    1493.78    1488.01 0.0000e+00
      17726    802.000     7.4973     7.4959   3.611832   3.613209     1.6573    -0.0692      52.69 4.9490e-02 0.0000e+00    81.8467    4.28451    35.0189    35.0352    27.3633    1493.80    1488.02 0.0000e+00
      17749    803.000     7.4972     7.4959   3.611871   3.613254     1.6573    -0.0679      98.81 4.9502e-02 0.0000e+00    81.8494    4.28120    35.0190    35.0352    27.3633    1493.81    1488.03 0.0000e+00
      17771    804.000     7.4974     7.4961   3.611943   3.613322     1.6570    -0.0708      43.23 4.9493e-02 0.0000e+00    81.8731    4.28132    35.0191    35.0353    27.3634    1493.83    1488.03 0.0000e+00
      17793    805.000     7.4974     7.4960   3.611990   3.613373     1.6565    -0.0912      76.66 4.9508e-02 0.0000e+00    81.8650    4.27261    35.0191    35.0355    27.3634    1493.85    1488.04 0.0000e+00
      17815    806.000     7.4974     7.4961   3.612030   3.613412     1.6557    -0.0876      98.80 4.9492e-02 0.0000e+00    81.8593    4.27120    35.0191    35.0353    27.3634    1493.87    1488.05 0.0000e+00
      17837    807.000     7.4974     7.4961   3.612082   3.613466     1.6552    -0.0678      91.60 4.9487e-02 0.0000e+00    81.8560    4.27424    35.0192    35.0354    27.3635    1493.88    1488.06 0.0000e+00
      17859    808.000     7.4976     7.4963   3.612132   3.613519     1.6549    -0.0724      50.56 4.9502e-02 0.0000e+00    81.8638    4.27379    35.0190    35.0353    27.3633    1493.90    1488.06 0.0000e+00
      17881    809.000     7.4976     7.4963   3.612188   3.613574     1.6545    -0.0665      86.52 4.9496e-02 0.0000e+00    81.8674    4.27398    35.0192    35.0355    27.3634    1493.92    1488.07 0.0000e+00
      17903    810.000     7.4974     7.4961   3.612221   3.613601     1.6542    -0.0683      48.92 4.9496e-02 0.0000e+00    81.8656    4.27820    35.0193    35.0355    27.3635    1493.93    1488.08 0.0000e+00
      17926    811.000     7.4975     7.4962   3.612262   3.613649     1.6544    -0.0704      81.46 4.9509e-02 0.0000e+00    81.8468    4.27568    35.0191    35.0354    27.3634    1493.95    1488.09 0.0000e+00
      17948    812.000     7.4973     7.4960   3.612296   3.613672     1.6539    -0.0712      46.32 4.9483e-02 0.0000e+00    81.8654    4.27370    35.0192    35.0354    27.3635    1493.96    1488.09 0.0000e+00
      17970    813.000     7.4970     7.4957   3.612315   3.613684     1.6539    -0.0776      79.86 4.9490e-02 0.0000e+00    81.8681    4.27690    35.0193    35.0354    27.3636    1493.98    1488.10 0.0000e+00
      17992    814.000     7.4969     7.4956   3.612352   3.613732     1.6537    -0.0677      50.31 4.9515e-02 0.0000e+00    81.8659    4.27768    35.0193    35.0355    27.3636    1494.00    1488.11 0.0000e+00
      18014    815.000     7.4970     7.4957   3.612402   3.613783     1.6536    -0.0781      72.29 4.9502e-02 0.0000e+00    81.8769    4.27048    35.0193    35.0355    27.3636    1494.01    1488.11 0.0000e+00
      18035    816.000     7.4970     7.4957   3.612457   3.613830     1.6528    -0.0739      48.59 4.9483e-02 0.0000e+00    81.8928    4.26811    35.0194    35.0355    27.3637    1494.03    1488.12 0.0000e+00
      18057    817.000     7.4970     7.4957   3.612498   3.613880     1.6525    -0.0656      97.21 4.9514e-02 0.0000e+00    81.8763    4.26697    35.0194    35.0356    27.3637    1494.05    1488.13 0.0000e+00
      18079    818.000     7.4971     7.4958   3.612546   3.613926     1.6518    -0.0697      90.34 4.9479e-02 0.0000e+00    81.8763    4.26509    35.0193    35.0355    27.3636    1494.06    1488.14 0.0000e+00
      18101    819.000     7.4972     7.4959   3.612599   3.613985     1.6514    -0.0689      95.96 4.9522e-02 0.0000e+00    81.8860    4.26825    35.0193    35.0356    27.3636    1494.08    1488.14 0.0000e+00
      18123    820.000     7.4973     7.4959   3.612653   3.614042     1.6511    -0.0718      88.88 4.9483e-02 0.0000e+00    81.8815    4.26658    35.0193    35.0358    27.3636    1494.10    1488.15 0.0000e+00
      18145    821.000     7.4974     7.4961   3.612719   3.614096     1.6507    -0.0720      69.79 4.9509e-02 0.0000e+00    81.8891    4.26187    35.0195    35.0357    27.3637    1494.11    1488.16 0.0000e+00
      18166    822.000     7.4974     7.4960   3.612756   3.614147     1.6502    -0.0710      61.87 4.9502e-02 0.0000e+00    81.8992    4.26489    35.0194    35.0359    27.3636    1494.13    1488.16 0.0000e+00
      18188    823.000     7.4974     7.4961   3.612799   3.614187     1.6497    -0.0707      69.83 4.9499e-02 0.0000e+00    81.8861    4.26265    35.0194    35.0357    27.3636    1494.15    1488.17 0.0000e+00
      18210    824.000     7.4974     7.4961   3.612867   3.614232     1.6497    -0.0640      58.41 4.9509e-02 0.0000e+00    81.8987    4.26618    35.0197    35.0357    27.3639    1494.16    1488.18 0.0000e+00
      18232    825.000     7.4976     7.4964   3.612939   3.614316     1.6494    -0.0740      71.22 4.9476e-02 0.0000e+00    81.8853    4.26755    35.0198    35.0359    27.3639    1494.18    1488.19 0.0000e+00
      18254    826.000     7.4978     7.4965   3.612995   3.614380     1.6495    -0.0703      64.20 4.9496e-02 0.0000e+00    81.8793    4.26577    35.0197    35.0360    27.3638    1494.20    1488.19 0.0000e+00
      18275    827.000     7.4979     7.4965   3.613049   3.614425     1.6488    -0.0691      71.21 4.9515e-02 0.0000e+00    81.8576    4.25983    35.0197    35.0360    27.3638    1494.22    1488.20 0.0000e+00
      18297    828.000     7.4979     7.4966   3.613101   3.614481     1.6489    -0.0709      69.88 4.9509e-02 0.0000e+00    81.8755    4.26794    35.0198    35.0360    27.3639    1494.23    1488.21 0.0000e+00
      18319    829.000     7.4980     7.4967   3.613155   3.614531     1.6485    -0.0689      69.43 4.9502e-02 0.0000e+00    81.8544    4.26079    35.0198    35.0360    27.3639    1494.25    1488.22 0.0000e+00
      18341    830.000     7.4979     7.4966   3.613182   3.614563     1.6481    -0.0676      73.08 4.9483e-02 0.0000e+00    81.8649    4.26391    35.0198    35.0360    27.3639    1494.26    1488.22 0.0000e+00
      18363    831.000     7.4980     7.4968   3.613234   3.614620     1.6481    -0.0669      68.14 4.9508e-02 0.0000e+00    81.8584    4.26475    35.0198    35.0359    27.3638    1494.28    1488.23 0.0000e+00
      18385    832.000     7.4981     7.4969   3.613292   3.614670     1.6478    -0.0711      75.37 4.9512e-02 0.0000e+00    81.8738    4.26166    35.0198    35.0359    27.3639    1494.30    1488.24 0.0000e+00
      18407    833.000     7.4981     7.4969   3.613343   3.614720     1.6476    -0.0632      65.34 4.9518e-02 0.0000e+00    81.8579    4.26264    35.0199    35.0360    27.3639    1494.32    1488.24 0.0000e+00
      18429    834.000     7.4982     7.4970   3.613390   3.614780     1.6474    -0.0663      77.72 4.9496e-02 0.0000e+00    81.8636    4.26314    35.0198    35.0361    27.3639    1494.33    1488.25 0.0000e+00
      18451    835.000     7.4983     7.4971   3.613455   3.614836     1.6472    -0.0682      60.62 4.9508e-02 0.0000e+00    81.8358    4.26259    35.0200    35.0361    27.3640    1494.35    1488.26 0.0000e+00
      18473    836.000     7.4985     7.4972   3.613514   3.614892     1.6471    -0.0657      79.98 4.9502e-02 0.0000e+00    81.8441    4.26161    35.0199    35.0361    27.3639    1494.37    1488.27 0.0000e+00
      18495    837.000     7.4986     7.4973   3.613578   3.614958     1.6466    -0.0712      62.95 4.9502e-02 0.0000e+00    81.8584    4.25716    35.0201    35.0363    27.3640    1494.38    1488.27 0.0000e+00
      18517    838.000     7.4987     7.4974   3.613637   3.615017     1.6462    -0.0801      83.99 4.9505e-02 0.0000e+00    81.8715    4.26120    35.0201    35.0364    27.3640    1494.40    1488.28 0.0000e+00
      18539    839.000     7.4988     7.4976   3.613683   3.615068     1.6461    -0.0713      67.47 4.9483e-02 0.0000e+00    81.8720    4.25912    35.0201    35.0362    27.3640    1494.42    1488.29 0.0000e+00
