_data/ctd/2022603/sta0159.cnv
* Sea-Bird SBE 9 Data File:
* FileName = C:\Seabird\CTDData\sta0159.hex
* Software Version Seasave V 7.21f
* Temperature SN = 6264
* Conductivity SN = 4928
* Number of Bytes Per Scan = 40
* Number of Voltage Words = 5
* Number of Scans Averaged by the Deck Unit = 1
* NMEA Latitude = 59 33.60 N
* NMEA Longitude = 005 10.85 E
* NMEA UTC (Time) = Feb 11 2022 07:54:45
* NMEA baud rate = 4800
** Ship: R/V "Kristine Bonnevie"
** Station: 0159
** Echodepth: 333
** Log: 0263.722
** Wind-Dir/Force: 03 11
** Air-temp (dry): 0.7
** Weather Sky:
** Sea:
# nquan = 19                                
# nvalues = 326                         
# units = specified
# name 0 = scan: Scan Count
# name 1 = prDM: Pressure, Digiquartz [db]
# name 2 = t068C: Temperature [ITS-68, deg C]
# name 3 = t168C: Temperature, 2 [ITS-68, deg C]
# name 4 = c0S/m: Conductivity [S/m]
# name 5 = c1S/m: Conductivity, 2 [S/m]
# name 6 = sbeox0V: Oxygen raw, SBE 43 [V]
# name 7 = flECO-AFL: Fluorescence, WET Labs ECO-AFL/FL [mg/m^3]
# name 8 = altM: Altimeter [m]
# name 9 = par: PAR/Irradiance, Biospherical/Licor
# name 10 = spar: SPAR/Surface Irradiance
# name 11 = CStarTr0: Beam Transmission, WET Labs C-Star [%]
# name 12 = sbeox0ML/L: Oxygen, SBE 43 [ml/l], WS = 2
# name 13 = sal00: Salinity, Practical [PSU]
# name 14 = sal11: Salinity, Practical, 2 [PSU]
# name 15 = sigma-t00: Density [sigma-t, Kg/m^3 ]
# name 16 = svCM: Sound Velocity [Chen-Millero, m/s]
# name 17 = avgsvCM: Average Sound Velocity [Chen-Millero, m/s], minP = 1, minS = 5
# name 18 = flag: flag
# span 0 =        398,       8492       
# span 1 =      2.000,    327.000       
# span 2 =     7.1962,     8.1842       
# span 3 =     7.1947,     8.1864       
# span 4 =   3.389882,   3.626292       
# span 5 =   3.387427,   3.627326       
# span 6 =     2.1180,     2.5102       
# span 7 =    -0.0967,     0.3589       
# span 8 =       8.52,     100.20       
# span 9 = 4.9337e-02, 3.1313e+01       
# span 10 = 3.9951e+01, 5.7957e+01      
# span 11 =    78.4307,    80.9518      
# span 12 =    5.56550,    6.81593      
# span 13 =    33.2297,    34.9103      
# span 14 =    33.2341,    34.9230      
# span 15 =    25.9897,    27.2057      
# span 16 =    1477.46,    1487.69      
# span 17 =    1477.46,    1484.49      
# span 18 = 0.0000e+00, 0.0000e+00      
# interval = decibars: 1                
# start_time = Feb 11 2022 07:54:47 [System UTC, header]
# bad_flag = -9.990e-29
*END*
[from data line 229]
       5399    231.000     7.9855     7.9841   3.619376   3.620436     2.1503    -0.0642      98.67 4.9469e-02 4.1965e+01    80.3138    5.60744    34.8846    34.8974    27.1857    1486.07    1483.49 0.0000e+00
       5421    232.000     7.9857     7.9842   3.619468   3.620505     2.1502    -0.0713      98.80 4.9472e-02 4.1972e+01    80.3530    5.60660    34.8849    34.8976    27.1859    1486.08    1483.50 0.0000e+00
       5443    233.000     7.9854     7.9840   3.619456   3.620509     2.1498    -0.0683      54.33 4.9490e-02 4.1972e+01    80.3323    5.60708    34.8846    34.8973    27.1857    1486.10    1483.51 0.0000e+00
       5464    234.000     7.9862     7.9847   3.619606   3.620664     2.1497    -0.0672      98.40 4.9483e-02 4.1972e+01    80.3472    5.60454    34.8850    34.8978    27.1859    1486.12    1483.52 0.0000e+00
       5485    235.000     7.9865     7.9850   3.619689   3.620731     2.1489    -0.0656      84.30 4.9467e-02 4.0487e+01    80.3444    5.60196    34.8851    34.8977    27.1859    1486.14    1483.53 0.0000e+00
       5506    236.000     7.9864     7.9847   3.619798   3.620844     2.1489    -0.0654      53.59 4.9502e-02 3.9973e+01    80.3589    5.60835    34.8859    34.8988    27.1866    1486.15    1483.54 0.0000e+00
       5526    237.000     7.9862     7.9847   3.619884   3.620932     2.1489    -0.0607      70.80 4.9499e-02 3.9973e+01    80.3006    5.60863    34.8865    34.8992    27.1871    1486.17    1483.56 0.0000e+00
       5547    238.000     7.9862     7.9847   3.619854   3.620925     2.1487    -0.0609      79.44 4.9499e-02 4.0169e+01    80.2428    5.60464    34.8857    34.8987    27.1865    1486.19    1483.57 0.0000e+00
       5569    239.000     7.9862     7.9847   3.619934   3.620990     2.1481    -0.0735      81.47 4.9499e-02 4.1989e+01    80.2216    5.60589    34.8861    34.8989    27.1868    1486.20    1483.58 0.0000e+00
       5592    240.000     7.9863     7.9848   3.619978   3.621048     2.1483    -0.0668      95.11 4.9489e-02 4.1972e+01    80.2751    5.60762    34.8860    34.8989    27.1867    1486.22    1483.59 0.0000e+00
       5613    241.000     7.9866     7.9850   3.620111   3.621155     2.1478    -0.0636      83.75 5.9762e-02 4.1972e+01    80.2752    5.60148    34.8866    34.8994    27.1871    1486.24    1483.60 0.0000e+00
       5634    242.000     7.9867     7.9851   3.620204   3.621252     2.1473    -0.0701      46.46 4.9502e-02 4.0978e+01    80.2796    5.59935    34.8870    34.8999    27.1874    1486.26    1483.61 0.0000e+00
       5657    243.000     7.9866     7.9851   3.620258   3.621309     2.1465    -0.0643      97.86 4.9493e-02 3.9978e+01    80.2972    5.60204    34.8872    34.9000    27.1876    1486.27    1483.62 0.0000e+00
       5681    244.000     7.9866     7.9852   3.620328   3.621367     2.1466    -0.0689      51.88 4.9497e-02 4.0117e+01    80.2861    5.60492    34.8875    34.9000    27.1878    1486.29    1483.63 0.0000e+00
       5704    245.000     7.9868     7.9853   3.620388   3.621431     2.1464    -0.0745      99.11 4.9464e-02 4.0710e+01    80.2585    5.60324    34.8874    34.9001    27.1877    1486.31    1483.64 0.0000e+00
       5724    246.000     7.9869     7.9854   3.620439   3.621487     2.1460    -0.0644      62.07 4.9490e-02 -9.990e-29    80.2720    5.60118    34.8874    34.9002    27.1877    1486.32    1483.65 0.0000e+00
       5743    247.000     7.9871     7.9855   3.620497   3.621545     2.1458    -0.0654      97.63 4.9474e-02 -9.990e-29    80.1864    5.60264    34.8874    34.9002    27.1876    1486.34    1483.66 0.0000e+00
       5764    248.000     7.9872     7.9856   3.620536   3.621585     2.1455    -0.0679      98.79 4.9485e-02 -9.990e-29    80.1666    5.60184    34.8872    34.9000    27.1875    1486.36    1483.68 0.0000e+00
       5787    249.000     7.9872     7.9857   3.620583   3.621634     2.1451    -0.0651      72.40 4.9503e-02 -9.990e-29    80.2238    5.59920    34.8872    34.9000    27.1875    1486.37    1483.69 0.0000e+00
       5809    250.000     7.9872     7.9857   3.620656   3.621701     2.1445    -0.0622      77.70 4.9483e-02 4.0209e+01    80.2203    5.59737    34.8875    34.9002    27.1877    1486.39    1483.70 0.0000e+00
       5830    251.000     7.9872     7.9857   3.620723   3.621761     2.1441    -0.0655      89.08 4.9508e-02 4.1463e+01    80.2403    5.59752    34.8878    34.9004    27.1879    1486.41    1483.71 0.0000e+00
       5851    252.000     7.9873     7.9858   3.620767   3.621806     2.1439    -0.0600      79.56 4.9502e-02 4.1971e+01    80.2260    5.60252    34.8876    34.9003    27.1878    1486.42    1483.72 0.0000e+00
       5873    253.000     7.9874     7.9859   3.620823   3.621875     2.1438    -0.0663      34.63 4.9492e-02 4.1972e+01    80.2138    5.59896    34.8877    34.9004    27.1878    1486.44    1483.73 0.0000e+00
       5894    254.000     7.9875     7.9860   3.620891   3.621939     2.1434    -0.0676     100.20 4.9495e-02 4.1733e+01    80.1914    5.59833    34.8878    34.9005    27.1879    1486.46    1483.74 0.0000e+00
       5913    255.000     7.9870     7.9854   3.620990   3.622039     2.1431    -0.0622      54.21 4.9498e-02 -9.990e-29    80.1958    5.59603    34.8889    34.9017    27.1889    1486.47    1483.75 0.0000e+00
       5932    256.000     7.9867     7.9852   3.621110   3.622148     2.1425    -0.0623      99.15 4.9512e-02 -9.990e-29    80.1985    5.59361    34.8900    34.9026    27.1898    1486.49    1483.76 0.0000e+00
       5953    257.000     7.9859     7.9845   3.621384   3.622439     2.1420    -0.0641      93.73 4.9470e-02 -9.990e-29    80.1324    5.59621    34.8932    34.9060    27.1924    1486.51    1483.77 0.0000e+00
       5975    258.000     7.9843     7.9829   3.621759   3.622795     2.1418    -0.0472      63.46 4.9514e-02 -9.990e-29    80.1580    5.59699    34.8984    34.9109    27.1967    1486.52    1483.78 0.0000e+00
       6000    259.000     7.9838     7.9825   3.621986   3.623019     2.1416    -0.0642      83.08 4.9484e-02 4.1853e+01    80.1236    5.59719    34.9008    34.9132    27.1987    1486.54    1483.79 0.0000e+00
       6025    260.000     7.9838     7.9824   3.622112   3.623153     2.1412    -0.0631      74.41 4.9483e-02 4.0254e+01    80.0635    5.59183    34.9017    34.9143    27.1994    1486.56    1483.80 0.0000e+00
       6049    261.000     7.9838     7.9824   3.622186   3.623224     2.1405    -0.0656      99.45 4.9470e-02 3.9967e+01    80.0791    5.59097    34.9020    34.9146    27.1996    1486.58    1483.81 0.0000e+00
       6070    262.000     7.9840     7.9826   3.622264   3.623304     2.1399    -0.0807      98.73 4.9495e-02 4.0692e+01    80.0227    5.58874    34.9022    34.9147    27.1997    1486.59    1483.83 0.0000e+00
       6089    263.000     7.9842     7.9826   3.622311   3.623362     2.1393    -0.0863      77.08 4.9468e-02 4.1996e+01    79.9780    5.58370    34.9020    34.9149    27.1996    1486.61    1483.84 0.0000e+00
       6109    264.000     7.9842     7.9827   3.622371   3.623419     2.1383    -0.0623      70.65 4.9516e-02 4.1872e+01    79.9374    5.58288    34.9022    34.9149    27.1997    1486.63    1483.85 0.0000e+00
       6129    265.000     7.9843     7.9827   3.622419   3.623476     2.1378    -0.0670      94.14 4.9478e-02 4.1974e+01    79.9225    5.58135    34.9021    34.9150    27.1996    1486.64    1483.86 0.0000e+00
       6150    266.000     7.9845     7.9830   3.622537   3.623582     2.1370    -0.0639      81.52 4.9660e-02 4.1051e+01    79.8952    5.58301    34.9027    34.9154    27.2001    1486.66    1483.87 0.0000e+00
       6169    267.000     7.9847     7.9832   3.622652   3.623700     2.1369    -0.0618      98.83 4.9475e-02 3.9971e+01    79.9130    5.58485    34.9032    34.9160    27.2005    1486.68    1483.88 0.0000e+00
       6187    268.000     7.9848     7.9832   3.622703   3.623750     2.1362    -0.0576      98.80 4.9478e-02 3.9973e+01    79.8736    5.58031    34.9032    34.9160    27.2004    1486.70    1483.89 0.0000e+00
       6206    269.000     7.9848     7.9833   3.622751   3.623796     2.1359    -0.0618      68.72 4.9494e-02 3.9973e+01    79.8695    5.58319    34.9032    34.9159    27.2004    1486.71    1483.90 0.0000e+00
       6229    270.000     7.9850     7.9837   3.622872   3.623915     2.1357    -0.0646      81.69 4.9495e-02 -9.990e-29    79.8652    5.58679    34.9038    34.9163    27.2009    1486.73    1483.91 0.0000e+00
       6254    271.000     7.9853     7.9838   3.622975   3.624011     2.1356    -0.0627      99.01 4.9489e-02 -9.990e-29    79.8650    5.58583    34.9042    34.9168    27.2011    1486.75    1483.92 0.0000e+00
       6278    272.000     7.9856     7.9843   3.623076   3.624123     2.1353    -0.0632      68.59 4.9477e-02 -9.990e-29    79.8624    5.58087    34.9045    34.9170    27.2013    1486.77    1483.93 0.0000e+00
       6298    273.000     7.9858     7.9843   3.623132   3.624178     2.1347    -0.0651      75.73 4.9490e-02 3.9973e+01    79.8840    5.57960    34.9044    34.9171    27.2012    1486.78    1483.94 0.0000e+00
       6318    274.000     7.9858     7.9844   3.623174   3.624215     2.1343    -0.0645      91.00 4.9499e-02 3.9973e+01    79.8570    5.58076    34.9044    34.9169    27.2012    1486.80    1483.95 0.0000e+00
       6341    275.000     7.9859     7.9845   3.623240   3.624291     2.1339    -0.0630      86.83 4.9484e-02 4.0845e+01    79.8734    5.58151    34.9045    34.9172    27.2013    1486.82    1483.96 0.0000e+00
       6367    276.000     7.9861     7.9847   3.623338   3.624378     2.1337    -0.0605      98.72 4.9482e-02 4.1982e+01    79.8817    5.58134    34.9049    34.9174    27.2015    1486.84    1483.97 0.0000e+00
       6392    277.000     7.9867     7.9854   3.623436   3.624478     2.1332    -0.0625      69.88 4.9473e-02 4.1972e+01    79.9316    5.57795    34.9048    34.9173    27.2014    1486.85    1483.98 0.0000e+00
       6413    278.000     7.9870     7.9856   3.623498   3.624556     2.1329    -0.0557      73.62 4.9498e-02 4.1651e+01    79.9144    5.58236    34.9047    34.9175    27.2013    1486.87    1483.99 0.0000e+00
       6431    279.000     7.9871     7.9856   3.623540   3.624593     2.1328    -0.0558      96.39 4.9488e-02 3.9972e+01    79.9131    5.58058    34.9046    34.9174    27.2012    1486.89    1484.00 0.0000e+00
       6448    280.000     7.9875     7.9861   3.623622   3.624682     2.1326    -0.0558      69.39 4.9509e-02 3.9973e+01    79.9108    5.57892    34.9046    34.9174    27.2011    1486.91    1484.01 0.0000e+00
       6465    281.000     7.9875     7.9860   3.623669   3.624695     2.1321    -0.0558      98.60 4.9476e-02 3.9973e+01    79.8604    5.57570    34.9046    34.9171    27.2011    1486.92    1484.02 0.0000e+00
       6485    282.000     7.9873     7.9860   3.623756   3.624804     2.1316    -0.0558      98.80 4.9479e-02 4.0349e+01    79.8549    5.57692    34.9053    34.9178    27.2017    1486.94    1484.03 0.0000e+00
       6508    283.000     7.9873     7.9860   3.623866   3.624914     2.1314    -0.0558      73.36 4.9483e-02 4.1811e+01    79.8493    5.58133    34.9060    34.9185    27.2022    1486.96    1484.04 0.0000e+00
       6534    284.000     7.9872     7.9860   3.623914   3.624960     2.1314    -0.0558      98.80 4.9492e-02 -9.990e-29    79.9100    5.58033    34.9061    34.9185    27.2023    1486.97    1484.05 0.0000e+00
       6559    285.000     7.9873     7.9861   3.623952   3.624966     2.1311    -0.0558      55.73 4.9483e-02 -9.990e-29    79.9122    5.58354    34.9059    34.9180    27.2022    1486.99    1484.06 0.0000e+00
       6584    286.000     7.9874     7.9861   3.624015   3.625062     2.1316    -0.0558      92.42 4.9483e-02 -9.990e-29    79.8662    5.58553    34.9060    34.9186    27.2023    1487.01    1484.07 0.0000e+00
       6607    287.000     7.9876     7.9862   3.624080   3.625121     2.1313    -0.0644      69.31 4.9502e-02 4.0013e+01    79.9413    5.57925    34.9060    34.9186    27.2022    1487.02    1484.09 0.0000e+00
       6628    288.000     7.9877     7.9862   3.624135   3.625175     2.1307    -0.0665      98.91 4.9481e-02 3.9973e+01    79.9472    5.57827    34.9061    34.9187    27.2022    1487.04    1484.10 0.0000e+00
       6647    289.000     7.9878     7.9863   3.624205   3.625241     2.1305    -0.0666      95.46 4.9496e-02 3.9973e+01    79.9331    5.57976    34.9062    34.9188    27.2023    1487.06    1484.11 0.0000e+00
       6663    290.000     7.9878     7.9862   3.624267   3.625306     2.1305    -0.0624      97.16 4.9491e-02 3.9973e+01    79.9080    5.57593    34.9064    34.9191    27.2025    1487.07    1484.12 0.0000e+00
       6679    291.000     7.9876     7.9861   3.624312   3.625349     2.1296    -0.0602      29.18 4.9457e-02 3.9973e+01    79.8801    5.57303    34.9066    34.9192    27.2027    1487.09    1484.13 0.0000e+00
       6697    292.000     7.9873     7.9859   3.624346   3.625383     2.1294    -0.0638      91.09 4.9486e-02 4.1320e+01    79.7991    5.57979    34.9068    34.9193    27.2029    1487.11    1484.14 0.0000e+00
       6725    293.000     7.9873     7.9858   3.624376   3.625427     2.1294    -0.0640      83.57 4.9485e-02 4.1959e+01    79.8217    5.58133    34.9066    34.9194    27.2027    1487.12    1484.15 0.0000e+00
       6760    294.000     7.9875     7.9862   3.624487   3.625536     2.1292    -0.0643      96.85 4.9482e-02 4.1972e+01    79.8660    5.58201    34.9071    34.9197    27.2031    1487.14    1484.16 0.0000e+00
       6784    295.000     7.9878     7.9865   3.624579   3.625615     2.1292    -0.0685      74.65 4.9503e-02 4.0469e+01    79.8945    5.57999    34.9073    34.9198    27.2032    1487.16    1484.17 0.0000e+00
       6804    296.000     7.9875     7.9862   3.624641   3.625692     2.1288    -0.0657      63.15 4.9505e-02 3.9975e+01    79.8335    5.57657    34.9078    34.9204    27.2037    1487.17    1484.18 0.0000e+00
       6823    297.000     7.9874     7.9860   3.624707   3.625758     2.1285 -9.990e-29      96.44 4.9476e-02 3.9973e+01    79.8543    5.57476    34.9082    34.9208    27.2039    1487.19    1484.19 0.0000e+00
       6842    298.000     7.9873     7.9857   3.624753   3.625798     2.1278 -9.990e-29      70.09 4.9508e-02 4.0363e+01    79.8292    5.57050    34.9083    34.9211    27.2040    1487.21    1484.20 0.0000e+00
       6862    299.000     7.9876     7.9860   3.624841   3.625880     2.1271 -9.990e-29      60.43 4.9476e-02 4.1954e+01    79.7827    5.57095    34.9084    34.9212    27.2041    1487.22    1484.21 0.0000e+00
       6881    300.000     7.9877     7.9862   3.624925   3.625965     2.1268 -9.990e-29      46.57 4.9498e-02 4.1972e+01    79.8026    5.57447    34.9088    34.9214    27.2044    1487.24    1484.22 0.0000e+00
       6901    301.000     7.9877     7.9863   3.624986   3.626022     2.1265    -0.0640      86.05 4.9492e-02 4.1972e+01    79.7964    5.57421    34.9089    34.9214    27.2045    1487.26    1484.23 0.0000e+00
       6923    302.000     7.9877     7.9862   3.625028   3.626075     2.1263    -0.0625      98.83 4.9499e-02 4.1536e+01    79.8077    5.57434    34.9089    34.9216    27.2045    1487.27    1484.24 0.0000e+00
       6946    303.000     7.9877     7.9863   3.625089   3.626141     2.1259    -0.0617      96.28 4.9490e-02 3.9970e+01    79.8227    5.57310    34.9091    34.9218    27.2046    1487.29    1484.25 0.0000e+00
       6967    304.000     7.9870     7.9856   3.625083   3.626123     2.1256    -0.0627      31.04 4.9512e-02 3.9973e+01    79.7706    5.57287    34.9092    34.9218    27.2048    1487.31    1484.26 0.0000e+00
       6990    305.000     7.9869     7.9855   3.625117   3.626160     2.1253    -0.0659      31.25 4.9484e-02 3.9973e+01    79.7619    5.57268    34.9092    34.9218    27.2048    1487.32    1484.27 0.0000e+00
