_data/ctd/2022603/sta0217.cnv
* Sea-Bird SBE 9 Data File:
* FileName = C:\Seabird\CTDData\sta0217.hex
* Software Version Seasave V 7.21f
* Temperature SN = 6264
* Conductivity SN = 4928
* Number of Bytes Per Scan = 40
* Number of Voltage Words = 5
* Number of Scans Averaged by the Deck Unit = 1
* NMEA Latitude = 61 29.43 N
* NMEA Longitude = 005 12.84 E
* NMEA UTC (Time) = Feb 16 2022 09:53:17
* NMEA baud rate = 4800
** Ship: R/V "Kristine Bonnevie"
** Station: 0217
** Echodepth: 259
** Log: 0947.872
** Wind-Dir/Force: 11  10
** Air-temp (dry): 4.6
** Weather Sky:
** Sea:
** FOFJ10
# nquan = 19                                
# nvalues = 261                         
# units = specified
# name 0 = scan: Scan Count
# name 1 = prDM: Pressure, Digiquartz [db]
# name 2 = t068C: Temperature [ITS-68, deg C]
# name 3 = t168C: Temperature, 2 [ITS-68, deg C]
# name 4 = c0S/m: Conductivity [S/m]
# name 5 = c1S/m: Conductivity, 2 [S/m]
# name 6 = sbeox0V: Oxygen raw, SBE 43 [V]
# name 7 = flECO-AFL: Fluorescence, WET Labs ECO-AFL/FL [mg/m^3]
# name 8 = altM: Altimeter [m]
# name 9 = par: PAR/Irradiance, Biospherical/Licor
# name 10 = spar: SPAR/Surface Irradiance
# name 11 = CStarTr0: Beam Transmission, WET Labs C-Star [%]
# name 12 = sbeox0ML/L: Oxygen, SBE 43 [ml/l], WS = 2
# name 13 = sal00: Salinity, Practical [PSU]
# name 14 = sal11: Salinity, Practical, 2 [PSU]
# name 15 = sigma-t00: Density [sigma-t, Kg/m^3 ]
# name 16 = svCM: Sound Velocity [Chen-Millero, m/s]
# name 17 = avgsvCM: Average Sound Velocity [Chen-Millero, m/s], minP = 1, minS = 5
# name 18 = flag: flag
# span 0 =        331,       6872       
# span 1 =      2.000,    262.000       
# span 2 =     5.8550,     9.1158       
# span 3 =     5.8573,     9.1139       
# span 4 =   3.024650,   3.661030       
# span 5 =   3.032081,   3.662503       
# span 6 =     2.0067,     2.4928       
# span 7 =    -0.0979,     0.2541       
# span 8 =       8.04,      99.94       
# span 9 = 4.9439e-02, 3.8759e+01       
# span 10 = 9.3936e+01, 9.9933e+01      
# span 11 =    79.1009,    81.0547      
# span 12 =    5.13669,    6.96817      
# span 13 =    30.5141,    35.0053      
# span 14 =    30.5948,    35.0222      
# span 15 =    24.0267,    27.2788      
# span 16 =    1468.53,    1487.01      
# span 17 =    1468.53,    1485.34      
# span 18 = 0.0000e+00, 0.0000e+00      
# interval = decibars: 1                
# start_time = Feb 16 2022 09:53:20 [System UTC, header]
# bad_flag = -9.990e-29
*END*
[from data line 229]
       5699    231.000     8.1950     8.1941   3.644871   3.646351     2.1036    -0.0822      38.29 4.9477e-02 9.7935e+01    80.3259    5.38831    34.9491    34.9658    27.2047    1486.94    1485.16 0.0000e+00
       5721    232.000     8.1950     8.1930   3.644916   3.646320     2.1004    -0.0608      37.22 4.9500e-02 9.7935e+01    80.2902    5.37762    34.9491    34.9661    27.2047    1486.95    1485.17 0.0000e+00
       5744    233.000     8.1848     8.1847   3.644127   3.645577     2.0978    -0.0614      36.20 4.9502e-02 9.7935e+01    80.3002    5.37602    34.9504    34.9660    27.2073    1486.93    1485.18 0.0000e+00
       5766    234.000     8.1591     8.1584   3.642327   3.643761     2.0955    -0.0637      35.15 4.9481e-02 9.7935e+01    80.2693    5.37320    34.9562    34.9723    27.2158    1486.86    1485.18 0.0000e+00
       5788    235.000     8.1558     8.1543   3.642131   3.643550     2.0932    -0.0862      34.24 4.9492e-02 9.7935e+01    80.2468    5.36532    34.9569    34.9736    27.2168    1486.86    1485.19 0.0000e+00
       5809    236.000     8.1525     8.1512   3.641912   3.643350     2.0907    -0.0818      33.37 4.9496e-02 9.7870e+01    80.2637    5.35561    34.9574    34.9741    27.2177    1486.87    1485.20 0.0000e+00
       5831    237.000     8.1443     8.1433   3.641286   3.642725     2.0882    -0.0607      32.33 4.9490e-02 9.6743e+01    80.2304    5.34298    34.9584    34.9748    27.2197    1486.86    1485.20 0.0000e+00
       5854    238.000     8.1299     8.1299   3.640262   3.641706     2.0844    -0.0690      31.33 4.9487e-02 9.7151e+01    80.2009    5.32761    34.9613    34.9767    27.2242    1486.82    1485.21 0.0000e+00
       5877    239.000     8.1062     8.1056   3.638686   3.640114     2.0811    -0.0875      30.34 4.9487e-02 9.7265e+01    80.2189    5.32351    34.9675    34.9834    27.2327    1486.76    1485.22 0.0000e+00
       5900    240.000     8.1000     8.0990   3.638299   3.639749     2.0778    -0.0599      29.37 4.9481e-02 9.7220e+01    80.1869    5.31176    34.9691    34.9856    27.2348    1486.75    1485.22 0.0000e+00
       5923    241.000     8.0860     8.0861   3.637345   3.638788     2.0741    -0.0610      28.46 4.9475e-02 9.7576e+01    80.1737    5.29651    34.9723    34.9877    27.2395    1486.72    1485.23 0.0000e+00
       5945    242.000     8.0516     8.0521   3.635237   3.636677     2.0697    -0.0656      27.45 4.9477e-02 9.7480e+01    80.0990    5.27730    34.9836    34.9985    27.2535    1486.62    1485.24 0.0000e+00
       5968    243.000     8.0396     8.0379   3.634582   3.635974     2.0654    -0.0669      26.25 4.9496e-02 9.6013e+01    80.0786    5.26772    34.9880    35.0047    27.2588    1486.60    1485.24 0.0000e+00
       5991    244.000     8.0369     8.0353   3.634456   3.635849     2.0607    -0.0610      25.15 4.9497e-02 9.6182e+01    79.9835    5.24518    34.9889    35.0054    27.2599    1486.60    1485.25 0.0000e+00
       6014    245.000     8.0280     8.0269   3.634006   3.635418     2.0554    -0.0654      24.03 4.9493e-02 9.5941e+01    79.8993    5.22539    34.9925    35.0087    27.2641    1486.59    1485.25 0.0000e+00
       6037    246.000     8.0197     8.0189   3.633575   3.635006     2.0501    -0.0633      22.80 4.9487e-02 9.5936e+01    79.7681    5.21397    34.9957    35.0118    27.2678    1486.58    1485.26 0.0000e+00
       6060    247.000     8.0146     8.0134   3.633337   3.634761     2.0453    -0.0641      22.00 4.9490e-02 9.5936e+01    79.7118    5.20225    34.9977    35.0142    27.2702    1486.58    1485.26 0.0000e+00
       6176    248.000     8.0247     8.0226   3.634077   3.635481     2.0352    -0.0704      20.57 4.9483e-02 9.5936e+01    79.7617    5.20335    34.9951    35.0122    27.2666    1486.63    1485.27 0.0000e+00
       6299    249.000     8.0339     8.0380   3.634745   3.636417     2.0302    -0.0584      19.42 4.9491e-02 9.5936e+01    79.8007    5.20075    34.9926    35.0064    27.2633    1486.68    1485.27 0.0000e+00
       6355    250.000     8.0043     8.0028   3.632901   3.634318     2.0285    -0.0557      18.70 4.9474e-02 9.5936e+01    79.6212    5.18989    35.0019    35.0186    27.2750    1486.60    1485.28 0.0000e+00
       6398    251.000     8.0046     8.0031   3.632975   3.634377     2.0253    -0.0558      17.75 4.9469e-02 9.5936e+01    79.4856    5.16808    35.0019    35.0184    27.2750    1486.61    1485.29 0.0000e+00
       6440    252.000     8.0041     8.0026   3.632998   3.634369     2.0214 -9.990e-29      16.94 4.9501e-02 9.5936e+01    79.3627    5.15787    35.0021    35.0183    27.2753    1486.63    1485.29 0.0000e+00
       6482    253.000     8.0022     8.0007   3.632947   3.634360     2.0181 -9.990e-29      16.17 4.9497e-02 9.5936e+01    79.2982    5.15024    35.0030    35.0197    27.2762    1486.64    1485.30 0.0000e+00
       6522    254.000     7.9991     7.9976   3.632813   3.634236     2.0158 -9.990e-29      15.55 4.9503e-02 9.5936e+01    79.2623    5.14973    35.0042    35.0210    27.2776    1486.65    1485.30 0.0000e+00
       6561    255.000     7.9983     7.9968   3.632810   3.634234     2.0140 -9.990e-29      14.76 4.9481e-02 9.5936e+01    79.2173    5.14714    35.0045    35.0212    27.2780    1486.66    1485.31 0.0000e+00
       6602    256.000     7.9975     7.9959   3.632816   3.634229     2.0121 -9.990e-29      13.81 4.9504e-02 9.5936e+01    79.1596    5.14054    35.0048    35.0216    27.2784    1486.67    1485.31 0.0000e+00
       6643    257.000     7.9968     7.9953   3.632821   3.634244     2.0106 -9.990e-29      12.87 4.9498e-02 9.5936e+01    79.1498    5.13781    35.0051    35.0219    27.2787    1486.69    1485.32 0.0000e+00
       6681    258.000     7.9968     7.9953   3.632865   3.634288     2.0094 -9.990e-29      11.96 4.9484e-02 9.5936e+01    79.1331    5.13723    35.0051    35.0219    27.2787    1486.70    1485.32 0.0000e+00
       6720    259.000     7.9968     7.9952   3.632908   3.634335     2.0085 -9.990e-29      10.99 4.9498e-02 9.5936e+01    79.1173    5.13669    35.0051    35.0220    27.2787    1486.72    1485.33 0.0000e+00
       6765    260.000     7.9967     7.9951   3.632958   3.634380     2.0077 -9.990e-29      10.00 4.9497e-02 9.5936e+01    79.1009    5.13803    35.0052    35.0221    27.2788    1486.74    1485.33 0.0000e+00
       6817    261.000     7.9967     7.9950   3.633006   3.634425     2.0075 -9.990e-29       9.01 4.9482e-02 9.5936e+01    79.1151    5.13740    35.0053    35.0222    27.2788    1486.75    1485.34 0.0000e+00
       6872    262.000     7.9967     7.9951   3.633051   3.634478     2.0067 -9.990e-29       8.04 4.9483e-02 9.5936e+01    79.1123    5.14249    35.0053    35.0222    27.2788    1486.77    1485.34 0.0000e+00
