_data/ctd/2022603/sta0203.cnv
* Sea-Bird SBE 9 Data File:
* FileName = C:\Seabird\CTDData\sta0203.hex
* Software Version Seasave V 7.21f
* Temperature SN = 6264
* Conductivity SN = 4928
* Number of Bytes Per Scan = 40
* Number of Voltage Words = 5
* Number of Scans Averaged by the Deck Unit = 1
* NMEA Latitude = 61 11.43 N
* NMEA Longitude = 006 03.23 E
* NMEA UTC (Time) = Feb 15 2022 08:06:15
* NMEA baud rate = 4800
** Ship: R/V "Kristine Bonnevie"
** Station: 0203
** Echodepth: 217
** Log: 0822.559
** Wind-Dir/Force: 04 03
** Air-temp (dry): 1.8
** Weather Sky:
** Sea:
# nquan = 19                                
# nvalues = 209                         
# units = specified
# name 0 = scan: Scan Count
# name 1 = prDM: Pressure, Digiquartz [db]
# name 2 = t068C: Temperature [ITS-68, deg C]
# name 3 = t168C: Temperature, 2 [ITS-68, deg C]
# name 4 = c0S/m: Conductivity [S/m]
# name 5 = c1S/m: Conductivity, 2 [S/m]
# name 6 = sbeox0V: Oxygen raw, SBE 43 [V]
# name 7 = flECO-AFL: Fluorescence, WET Labs ECO-AFL/FL [mg/m^3]
# name 8 = altM: Altimeter [m]
# name 9 = par: PAR/Irradiance, Biospherical/Licor
# name 10 = spar: SPAR/Surface Irradiance
# name 11 = CStarTr0: Beam Transmission, WET Labs C-Star [%]
# name 12 = sbeox0ML/L: Oxygen, SBE 43 [ml/l], WS = 2
# name 13 = sal00: Salinity, Practical [PSU]
# name 14 = sal11: Salinity, Practical, 2 [PSU]
# name 15 = sigma-t00: Density [sigma-t, Kg/m^3 ]
# name 16 = svCM: Sound Velocity [Chen-Millero, m/s]
# name 17 = avgsvCM: Average Sound Velocity [Chen-Millero, m/s], minP = 1, minS = 5
# name 18 = flag: flag
# span 0 =        314,       4813       
# span 1 =      2.000,    210.000       
# span 2 =     5.1415,     9.6289       
# span 3 =     5.1557,     9.6266       
# span 4 =   2.807569,   3.689220       
# span 5 =   2.816633,   3.690831       
# span 6 =     1.9938,     2.4912       
# span 7 =    -0.0988,     0.7351       
# span 8 =       9.53,     100.28       
# span 9 = 4.9445e-02, 1.1300e+01       
# span 10 = 2.1985e+01, 2.3984e+01      
# span 11 =    79.4608,    81.5646      
# span 12 =    5.05812,    7.20704      
# span 13 =    28.7101,    34.9285      
# span 14 =    28.8000,    34.9450      
# span 15 =    22.6785,    27.2310      
# span 16 =    1463.34,    1487.93      
# span 17 =    1463.34,    1483.48      
# span 18 = 0.0000e+00, 0.0000e+00      
# interval = decibars: 1                
# start_time = Feb 15 2022 08:06:18 [System UTC, header]
# bad_flag = -9.990e-29
*END*
[from data line 77]
       2032     79.000     8.9029     8.9039   3.667397   3.668895     2.1775    -0.0670      45.32 4.9472e-02 2.1985e+01    81.3883    5.43793    34.5635    34.5783    26.7922    1486.60    1480.00 0.0000e+00
       2053     80.000     8.8732     8.8732   3.666105   3.667588     2.1731    -0.0664      36.11 4.9485e-02 2.1985e+01    81.3961    5.42218    34.5784    34.5940    26.8086    1486.52    1480.08 0.0000e+00
       2075     81.000     8.8308     8.8311   3.663877   3.665361     2.1685    -0.0930      21.39 4.9490e-02 2.1985e+01    81.3829    5.41054    34.5959    34.6112    26.8290    1486.40    1480.16 0.0000e+00
       2096     82.000     8.7979     8.7980   3.661356   3.662832     2.1638    -0.0793      81.26 4.9479e-02 2.1985e+01    81.3670    5.39953    34.6010    34.6164    26.8382    1486.30    1480.24 0.0000e+00
       2118     83.000     8.7757     8.7750   3.660058   3.661535     2.1593    -0.0684      98.84 4.9458e-02 2.1985e+01    81.3599    5.39043    34.6086    34.6248    26.8476    1486.25    1480.31 0.0000e+00
       2139     84.000     8.7593     8.7591   3.659148   3.660650     2.1551    -0.0718      64.15 4.9518e-02 2.1985e+01    81.3984    5.38529    34.6145    34.6305    26.8548    1486.21    1480.38 0.0000e+00
       2160     85.000     8.7457     8.7450   3.658592   3.660088     2.1516    -0.0704      11.66 4.9466e-02 2.1985e+01    81.3979    5.38352    34.6215    34.6379    26.8624    1486.18    1480.45 0.0000e+00
       2181     86.000     8.7292     8.7289   3.657463   3.658918     2.1487    -0.0696      81.88 4.9502e-02 2.1985e+01    81.4029    5.37970    34.6252    34.6409    26.8680    1486.14    1480.51 0.0000e+00
       2203     87.000     8.6992     8.6990   3.655545   3.657000     2.1456    -0.0675      98.68 4.9472e-02 2.1985e+01    81.3778    5.37330    34.6339    34.6494    26.8795    1486.06    1480.58 0.0000e+00
       2224     88.000     8.6780     8.6775   3.654260   3.655746     2.1427    -0.0747      42.36 4.9465e-02 2.1985e+01    81.3722    5.37284    34.6406    34.6568    26.8881    1486.01    1480.64 0.0000e+00
       2245     89.000     8.6637     8.6625   3.653486   3.654920     2.1406    -0.0710      49.66 4.9483e-02 2.1985e+01    81.3393    5.36731    34.6460    34.6623    26.8945    1485.98    1480.70 0.0000e+00
       2267     90.000     8.6477     8.6468   3.652521   3.653974     2.1377    -0.0632      84.42 4.9479e-02 2.1985e+01    81.2885    5.36004    34.6510    34.6672    26.9009    1485.94    1480.76 0.0000e+00
       2288     91.000     8.6319     8.6310   3.651743   3.653199     2.1355    -0.0682      52.62 4.9464e-02 2.1985e+01    81.2602    5.36080    34.6578    34.6741    26.9087    1485.91    1480.81 0.0000e+00
       2310     92.000     8.6188     8.6178   3.651198   3.652650     2.1333    -0.0724      84.84 4.9464e-02 2.1985e+01    81.2308    5.35733    34.6644    34.6807    26.9160    1485.88    1480.87 0.0000e+00
       2332     93.000     8.6068     8.6056   3.650580   3.652019     2.1313    -0.0641      54.31 4.9519e-02 2.1985e+01    81.2322    5.35586    34.6692    34.6855    26.9216    1485.86    1480.92 0.0000e+00
       2354     94.000     8.5810     8.5813   3.648906   3.650371     2.1301    -0.0753      68.97 4.9477e-02 2.1985e+01    81.2505    5.36637    34.6763    34.6915    26.9312    1485.79    1480.97 0.0000e+00
       2375     95.000     8.5577     8.5569   3.647783   3.649233     2.1296    -0.0663      65.42 4.9485e-02 2.1985e+01    81.2723    5.37177    34.6868    34.7029    26.9431    1485.73    1481.02 0.0000e+00
       2397     96.000     8.5484     8.5471   3.647343   3.648786     2.1292    -0.0708      96.90 4.9464e-02 2.1985e+01    81.3302    5.36977    34.6908    34.7074    26.9477    1485.72    1481.07 0.0000e+00
       2419     97.000     8.5375     8.5365   3.646553   3.647997     2.1282    -0.0626      47.36 4.9490e-02 2.1985e+01    81.3243    5.36418    34.6927    34.7090    26.9508    1485.70    1481.12 0.0000e+00
       2440     98.000     8.5251     8.5238   3.645957   3.647400     2.1272    -0.0564      97.44 4.9496e-02 2.1985e+01    81.3548    5.36321    34.6981    34.7146    26.9570    1485.67    1481.16 0.0000e+00
       2462     99.000     8.5089     8.5079   3.644971   3.646396     2.1262    -0.0616      73.43 4.9479e-02 2.1985e+01    81.3890    5.36177    34.7031    34.7192    26.9634    1485.63    1481.21 0.0000e+00
       2483    100.000     8.4924     8.4914   3.643697   3.645119     2.1251    -0.0776      49.31 4.9472e-02 2.1985e+01    81.4195    5.35847    34.7053    34.7214    26.9677    1485.59    1481.25 0.0000e+00
       2504    101.000     8.4817     8.4804   3.643114   3.644538     2.1237    -0.0893      67.88 4.9472e-02 2.1985e+01    81.4217    5.35384    34.7092    34.7256    26.9724    1485.57    1481.30 0.0000e+00
       2526    102.000     8.4634     8.4623   3.642317   3.643731     2.1220    -0.0964      99.00 4.9445e-02 2.1985e+01    81.4160    5.34293    34.7183    34.7344    26.9824    1485.53    1481.34 0.0000e+00
       2547    103.000     8.4461     8.4455   3.641270   3.642679     2.1197    -0.0777      56.81 4.9505e-02 2.1985e+01    81.4569    5.33012    34.7237    34.7393    26.9893    1485.49    1481.38 0.0000e+00
       2568    104.000     8.4332     8.4319   3.640547   3.641980     2.1164    -0.0888      69.81 4.9459e-02 2.1985e+01    81.4384    5.31981    34.7283    34.7448    26.9949    1485.47    1481.42 0.0000e+00
       2589    105.000     8.4234     8.4223   3.640150   3.641578     2.1140    -0.0949      64.84 4.9472e-02 2.1985e+01    81.4375    5.32060    34.7332    34.7495    27.0003    1485.45    1481.45 0.0000e+00
       2610    106.000     8.4032     8.4032   3.638771   3.640192     2.1117    -0.0935      98.79 4.9479e-02 2.1985e+01    81.4638    5.31444    34.7380    34.7531    27.0072    1485.40    1481.49 0.0000e+00
       2631    107.000     8.3867     8.3855   3.637648   3.639074     2.1094    -0.0983      38.17 4.9485e-02 2.1985e+01    81.5040    5.31239    34.7419    34.7582    27.0127    1485.36    1481.53 0.0000e+00
       2652    108.000     8.3806     8.3792   3.637376   3.638794     2.1073    -0.0728      30.51 4.9485e-02 2.1985e+01    81.4974    5.30994    34.7445    34.7610    27.0157    1485.36    1481.56 0.0000e+00
       2673    109.000     8.3714     8.3701   3.636948   3.638375     2.1055    -0.0621      67.16 4.9505e-02 2.1985e+01    81.5108    5.30113    34.7486    34.7650    27.0203    1485.34    1481.60 0.0000e+00
       2694    110.000     8.3670     8.3654   3.636938   3.638374     2.1027    -0.0669      67.96 4.9479e-02 2.1985e+01    81.5054    5.28656    34.7523    34.7692    27.0240    1485.35    1481.63 0.0000e+00
       2716    111.000     8.3726     8.3708   3.638030   3.639533     2.0998    -0.0632      70.34 4.9496e-02 2.1985e+01    81.5154    5.27552    34.7579    34.7757    27.0275    1485.39    1481.67 0.0000e+00
       2737    112.000     8.3723     8.3709   3.638234   3.639684     2.0969    -0.0690      67.29 4.9477e-02 2.1985e+01    81.5194    5.27478    34.7599    34.7767    27.0291    1485.41    1481.70 0.0000e+00
       2759    113.000     8.3710     8.3695   3.638428   3.639872     2.0951    -0.0604      69.16 4.9479e-02 2.1985e+01    81.5187    5.28442    34.7628    34.7796    27.0315    1485.42    1481.73 0.0000e+00
       2780    114.000     8.3600     8.3602   3.637603   3.639110     2.0949    -0.0674      64.37 4.9479e-02 2.1985e+01    81.5011    5.30485    34.7644    34.7802    27.0345    1485.40    1481.76 0.0000e+00
       2801    115.000     8.3430     8.3420   3.636331   3.637764     2.0962    -0.0688      36.49 4.9459e-02 2.1985e+01    81.4709    5.32610    34.7672    34.7834    27.0393    1485.36    1481.80 0.0000e+00
       2822    116.000     8.3445     8.3426   3.636954   3.638392     2.0983    -0.0748      59.84 4.9479e-02 2.1985e+01    81.4901    5.33242    34.7718    34.7890    27.0427    1485.39    1481.83 0.0000e+00
       2843    117.000     8.3381     8.3373   3.636755   3.638199     2.0996    -0.0961      79.81 4.9459e-02 2.1985e+01    81.5053    5.32999    34.7756    34.7917    27.0466    1485.38    1481.86 0.0000e+00
       2864    118.000     8.3253     8.3245   3.635932   3.637364     2.1002    -0.0924      29.28 4.9506e-02 2.1985e+01    81.5208    5.31864    34.7790    34.7950    27.0513    1485.36    1481.89 0.0000e+00
       2885    119.000     8.3104     8.3096   3.634896   3.636332     2.0993    -0.0907      68.97 4.9485e-02 2.1985e+01    81.4975    5.31794    34.7822    34.7983    27.0561    1485.32    1481.91 0.0000e+00
       2906    120.000     8.3022     8.3008   3.634245   3.635668     2.0995    -0.0787      50.08 4.9488e-02 2.1985e+01    81.5112    5.32637    34.7829    34.7994    27.0579    1485.31    1481.94 0.0000e+00
       2926    121.000     8.2999     8.2982   3.634147   3.635563     2.0997    -0.0637      92.31 4.9479e-02 2.1985e+01    81.5099    5.32141    34.7836    34.8004    27.0588    1485.32    1481.97 0.0000e+00
       2947    122.000     8.2951     8.2937   3.633873   3.635291     2.0987    -0.0679      41.52 4.9479e-02 2.1985e+01    81.5003    5.30555    34.7850    34.8015    27.0606    1485.32    1482.00 0.0000e+00
       2968    123.000     8.2890     8.2874   3.633514   3.634926     2.0969    -0.0938      97.09 4.9479e-02 2.1985e+01    81.5250    5.29204    34.7867    34.8033    27.0629    1485.31    1482.02 0.0000e+00
       2989    124.000     8.2865     8.2850   3.633386   3.634804     2.0943    -0.0774      39.33 4.9485e-02 2.1985e+01    81.5232    5.27869    34.7873    34.8039    27.0638    1485.32    1482.05 0.0000e+00
       3010    125.000     8.2813     8.2798   3.633054   3.634465     2.0915    -0.0692      59.81 4.9499e-02 2.1985e+01    81.5193    5.27080    34.7884    34.8050    27.0654    1485.32    1482.08 0.0000e+00
       3031    126.000     8.2731     8.2717   3.632517   3.633934     2.0890    -0.0770      34.63 4.9492e-02 2.1985e+01    81.5190    5.26639    34.7904    34.8068    27.0682    1485.31    1482.10 0.0000e+00
       3052    127.000     8.2654     8.2642   3.632051   3.633474     2.0867    -0.0962      99.29 4.9499e-02 2.1985e+01    81.5170    5.26278    34.7925    34.8089    27.0711    1485.30    1482.13 0.0000e+00
       3074    128.000     8.2565     8.2551   3.631636   3.633059     2.0844    -0.0687      32.78 4.9496e-02 2.1985e+01    81.5330    5.25671    34.7964    34.8130    27.0755    1485.28    1482.15 0.0000e+00
       3095    129.000     8.2497     8.2486   3.631392   3.632813     2.0820    -0.0646      66.78 4.9472e-02 2.1985e+01    81.5489    5.24607    34.8001    34.8163    27.0794    1485.28    1482.18 0.0000e+00
       3116    130.000     8.2413     8.2403   3.630953   3.632404     2.0794    -0.0680      36.19 4.9460e-02 2.1985e+01    81.5268    5.23942    34.8032    34.8197    27.0831    1485.27    1482.20 0.0000e+00
       3136    131.000     8.2339     8.2326   3.630496   3.631931     2.0768    -0.0693     100.28 4.9472e-02 2.1985e+01    81.5333    5.23555    34.8052    34.8218    27.0858    1485.26    1482.22 0.0000e+00
       3157    132.000     8.2308     8.2296   3.630364   3.631786     2.0749    -0.0718      43.45 4.9499e-02 2.1985e+01    81.5426    5.23713    34.8064    34.8227    27.0872    1485.27    1482.25 0.0000e+00
       3178    133.000     8.2211     8.2196   3.629724   3.631131     2.0733    -0.0640      99.29 4.9499e-02 2.1985e+01    81.5250    5.23711    34.8087    34.8252    27.0905    1485.25    1482.27 0.0000e+00
       3199    134.000     8.2220     8.2203   3.629992   3.631419     2.0719    -0.0721      42.23 4.9485e-02 2.1985e+01    81.5367    5.23105    34.8102    34.8271    27.0915    1485.27    1482.29 0.0000e+00
       3220    135.000     8.2177     8.2169   3.629717   3.631186     2.0702    -0.0710      74.33 4.9492e-02 2.1985e+01    81.5356    5.22069    34.8110    34.8275    27.0928    1485.27    1482.31 0.0000e+00
       3241    136.000     8.2060     8.2054   3.628735   3.630182     2.0678    -0.0720      27.22 4.9481e-02 2.1985e+01    81.5515    5.21451    34.8116    34.8277    27.0951    1485.24    1482.34 0.0000e+00
       3261    137.000     8.1991     8.1975   3.628354   3.629731     2.0659    -0.0927      86.56 4.9465e-02 2.1985e+01    81.5091    5.21531    34.8139    34.8302    27.0979    1485.24    1482.36 0.0000e+00
       3282    138.000     8.1919     8.1904   3.628040   3.629450     2.0646    -0.0668      98.94 4.9467e-02 2.1985e+01    81.5340    5.21028    34.8172    34.8338    27.1016    1485.23    1482.38 0.0000e+00
       3302    139.000     8.1872     8.1858   3.627754   3.629172     2.0625    -0.0877      55.08 4.9472e-02 2.1985e+01    81.5192    5.19876    34.8183    34.8349    27.1032    1485.23    1482.40 0.0000e+00
       3323    140.000     8.1846     8.1829   3.627749   3.629161     2.0600    -0.0819      54.14 4.9481e-02 2.1985e+01    81.5073    5.18746    34.8204    34.8372    27.1052    1485.24    1482.42 0.0000e+00
       3343    141.000     8.1861     8.1843   3.628272   3.629674     2.0575    -0.0727      63.98 4.9472e-02 2.1985e+01    81.4875    5.18118    34.8240    34.8408    27.1078    1485.27    1482.44 0.0000e+00
       3363    142.000     8.1823     8.1807   3.628243   3.629656     2.0553    -0.0943      68.10 4.9495e-02 2.1985e+01    81.5191    5.17350    34.8270    34.8437    27.1108    1485.27    1482.46 0.0000e+00
       3384    143.000     8.1839     8.1824   3.628884   3.630370     2.0525    -0.0881      57.61 4.9479e-02 2.1985e+01    81.4883    5.17324    34.8318    34.8491    27.1143    1485.30    1482.48 0.0000e+00
       3405    144.000     8.1812     8.1798   3.629199   3.630671     2.0514    -0.0959      73.88 4.9485e-02 2.1985e+01    81.4832    5.18185    34.8373    34.8544    27.1190    1485.31    1482.50 0.0000e+00
       3425    145.000     8.2026     8.1984   3.632054   3.633370     2.0510    -0.0940      49.97 4.9474e-02 2.1985e+01    81.4278    5.18662    34.8461    34.8643    27.1227    1485.42    1482.52 0.0000e+00
       3446    146.000     8.2353     8.2313   3.635880   3.637296     2.0509    -0.0849      54.62 4.9505e-02 2.1985e+01    81.3714    5.19140    34.8540    34.8731    27.1239    1485.57    1482.54 0.0000e+00
       3466    147.000     8.2571     8.2551   3.638409   3.639941     2.0520    -0.0639      88.37 4.9474e-02 2.1985e+01    81.3321    5.21773    34.8589    34.8773    27.1245    1485.68    1482.56 0.0000e+00
       3487    148.000     8.2618     8.2577   3.639066   3.640212     2.0557    -0.0627      69.37 4.9499e-02 2.1985e+01    81.3437    5.26532    34.8608    34.8771    27.1252    1485.71    1482.58 0.0000e+00
       3507    149.000     8.2622     8.2609   3.639204   3.640713     2.0625    -0.0600      80.47 4.9495e-02 2.1985e+01    81.3380    5.33032    34.8614    34.8788    27.1256    1485.73    1482.60 0.0000e+00
       3528    150.000     8.2547     8.2535   3.638503   3.639892     2.0724    -0.0638      92.40 4.9474e-02 2.1985e+01    81.3245    5.38796    34.8609    34.8769    27.1263    1485.72    1482.62 0.0000e+00
       3548    151.000     8.2454     8.2439   3.637697   3.639128     2.0830    -0.0620      88.45 4.9495e-02 2.1985e+01    81.3363    5.42712    34.8610    34.8778    27.1279    1485.70    1482.64 0.0000e+00
       3568    152.000     8.2509     8.2487   3.638559   3.640008     2.0929    -0.0636      56.25 4.9492e-02 2.1985e+01    81.3113    5.44310    34.8643    34.8819    27.1296    1485.74    1482.66 0.0000e+00
       3588    153.000     8.2409     8.2404   3.637721   3.639170     2.1010    -0.0883      83.99 4.9502e-02 2.1985e+01    81.2974    5.44350    34.8648    34.8807    27.1315    1485.72    1482.68 0.0000e+00
