_data/ctd/2022603/sta0203.cnv
* Sea-Bird SBE 9 Data File:
* FileName = C:\Seabird\CTDData\sta0203.hex
* Software Version Seasave V 7.21f
* Temperature SN = 6264
* Conductivity SN = 4928
* Number of Bytes Per Scan = 40
* Number of Voltage Words = 5
* Number of Scans Averaged by the Deck Unit = 1
* NMEA Latitude = 61 11.43 N
* NMEA Longitude = 006 03.23 E
* NMEA UTC (Time) = Feb 15 2022 08:06:15
* NMEA baud rate = 4800
** Ship: R/V "Kristine Bonnevie"
** Station: 0203
** Echodepth: 217
** Log: 0822.559
** Wind-Dir/Force: 04 03
** Air-temp (dry): 1.8
** Weather Sky:
** Sea:
# nquan = 19                                
# nvalues = 209                         
# units = specified
# name 0 = scan: Scan Count
# name 1 = prDM: Pressure, Digiquartz [db]
# name 2 = t068C: Temperature [ITS-68, deg C]
# name 3 = t168C: Temperature, 2 [ITS-68, deg C]
# name 4 = c0S/m: Conductivity [S/m]
# name 5 = c1S/m: Conductivity, 2 [S/m]
# name 6 = sbeox0V: Oxygen raw, SBE 43 [V]
# name 7 = flECO-AFL: Fluorescence, WET Labs ECO-AFL/FL [mg/m^3]
# name 8 = altM: Altimeter [m]
# name 9 = par: PAR/Irradiance, Biospherical/Licor
# name 10 = spar: SPAR/Surface Irradiance
# name 11 = CStarTr0: Beam Transmission, WET Labs C-Star [%]
# name 12 = sbeox0ML/L: Oxygen, SBE 43 [ml/l], WS = 2
# name 13 = sal00: Salinity, Practical [PSU]
# name 14 = sal11: Salinity, Practical, 2 [PSU]
# name 15 = sigma-t00: Density [sigma-t, Kg/m^3 ]
# name 16 = svCM: Sound Velocity [Chen-Millero, m/s]
# name 17 = avgsvCM: Average Sound Velocity [Chen-Millero, m/s], minP = 1, minS = 5
# name 18 = flag: flag
# span 0 =        314,       4813       
# span 1 =      2.000,    210.000       
# span 2 =     5.1415,     9.6289       
# span 3 =     5.1557,     9.6266       
# span 4 =   2.807569,   3.689220       
# span 5 =   2.816633,   3.690831       
# span 6 =     1.9938,     2.4912       
# span 7 =    -0.0988,     0.7351       
# span 8 =       9.53,     100.28       
# span 9 = 4.9445e-02, 1.1300e+01       
# span 10 = 2.1985e+01, 2.3984e+01      
# span 11 =    79.4608,    81.5646      
# span 12 =    5.05812,    7.20704      
# span 13 =    28.7101,    34.9285      
# span 14 =    28.8000,    34.9450      
# span 15 =    22.6785,    27.2310      
# span 16 =    1463.34,    1487.93      
# span 17 =    1463.34,    1483.48      
# span 18 = 0.0000e+00, 0.0000e+00      
# interval = decibars: 1                
# start_time = Feb 15 2022 08:06:18 [System UTC, header]
# bad_flag = -9.990e-29
*END*
        314      2.000     5.1415     5.1557   2.807569   2.816633     2.4507     0.7314      98.83 1.1300e+01 2.3984e+01    79.5386    7.20704    28.7101    28.8000    22.6785    1463.34    1463.34 0.0000e+00
        376      3.000     5.2110     5.2133   2.846266   2.849756     2.4500     0.6104      98.83 8.8028e+00 2.3984e+01    79.6440    7.17453    29.0855    29.1228    22.9683    1464.12    1463.60 0.0000e+00
        414      4.000     5.3652     5.3574   2.930478   2.928923     2.4512     0.6325      98.83 6.9519e+00 2.3984e+01    79.5356    7.13415    29.8977    29.8872    23.5943    1465.79    1464.14 0.0000e+00
        444      5.000     5.3787     5.3712   2.938179   2.935497     2.4539     0.6686      98.82 5.6902e+00 2.3984e+01    79.4608    7.12959    29.9719    29.9484    23.6515    1465.96    1464.51 0.0000e+00
        473      6.000     5.4038     5.4049   2.955959   2.958838     2.4540     0.6790      98.82 4.7002e+00 2.3984e+01    79.5108    7.10013    30.1491    30.1806    23.7889    1466.30    1464.81 0.0000e+00
        501      7.000     5.4147     5.4136   2.960697   2.962607     2.4537     0.6779      98.82 3.8837e+00 2.3984e+01    79.6124    7.09153    30.1922    30.2147    23.8218    1466.42    1465.04 0.0000e+00
        528      8.000     5.4184     5.4128   2.963619   2.964320     2.4527     0.6780      98.83 3.2591e+00 2.3984e+01    79.6194    7.07831    30.2213    30.2343    23.8444    1466.49    1465.22 0.0000e+00
        553      9.000     5.4071     5.4084   2.963735   2.964409     2.4513     0.6951      98.83 2.7313e+00 2.3984e+01    79.6361    7.07479    30.2323    30.2388    23.8543    1466.47    1465.36 0.0000e+00
        577     10.000     5.3996     5.3973   2.966048   2.966586     2.4501     0.7229      98.83 2.3111e+00 2.3984e+01    79.6174    7.07616    30.2647    30.2728    23.8807    1466.50    1465.47 0.0000e+00
        601     11.000     5.4123     5.4101   2.968583   2.969283     2.4494     0.7351      98.82 1.9654e+00 2.3638e+01    79.6750    7.07144    30.2813    30.2912    23.8925    1466.59    1465.57 0.0000e+00
        624     12.000     5.4172     5.4154   2.969503   2.970206     2.4484 -9.990e-29      98.82 1.6844e+00 2.3529e+01    79.7021    7.07094    30.2868    30.2963    23.8963    1466.63    1465.66 0.0000e+00
        646     13.000     5.4191     5.4172   2.970590   2.971271     2.4481 -9.990e-29      98.82 1.4508e+00 2.3535e+01    79.6828    7.07338    30.2968    30.3062    23.9040    1466.67    1465.74 0.0000e+00
        667     14.000     5.4335     5.4321   2.973050   2.973896     2.4478 -9.990e-29      98.82 1.2539e+00 2.3530e+01    79.7289    7.06805    30.3111    30.3219    23.9137    1466.76    1465.81 0.0000e+00
        688     15.000     5.4475     5.4459   2.975536   2.976371     2.4471 -9.990e-29      98.82 1.0877e+00 2.3700e+01    79.7183    7.06332    30.3259    30.3368    23.9239    1466.85    1465.88 0.0000e+00
        708     16.000     5.4537     5.4522   2.977185   2.978046     2.4468     0.6988      98.83 9.4794e-01 2.3947e+01    79.7103    7.06298    30.3384    30.3495    23.9331    1466.91    1465.94 0.0000e+00
        728     17.000     5.4974     5.4923   2.984099   2.984883     2.4467     0.6845      98.83 8.2535e-01 2.3984e+01    79.7247    7.05249    30.3762    30.3897    23.9582    1467.15    1466.01 0.0000e+00
        748     18.000     5.5397     5.5353   2.989861   2.990591     2.4460     0.7070      98.83 7.2797e-01 2.3984e+01    79.7648    7.05362    30.4023    30.4145    23.9741    1467.37    1466.09 0.0000e+00
        767     19.000     5.5813     5.5748   2.996459   2.997082     2.4472     0.6314      98.83 6.4482e-01 2.3984e+01    79.7977    7.05513    30.4382    30.4511    23.9979    1467.60    1466.17 0.0000e+00
        786     20.000     5.6316     5.6271   3.007524   3.008340     2.4476     0.6158      98.83 5.7419e-01 2.3984e+01    79.8044    7.04341    30.5163    30.5296    24.0539    1467.92    1466.26 0.0000e+00
        804     21.000     5.6960     5.6868   3.020159   3.020975     2.4484     0.6125      98.83 5.1167e-01 2.3984e+01    79.9045    7.03436    30.5990    30.6165    24.1120    1468.30    1466.35 0.0000e+00
        823     22.000     5.8285     5.8215   3.041568   3.042887     2.4491     0.5558      98.83 4.5904e-01 2.3984e+01    79.9534    7.00704    30.7175    30.7386    24.1904    1469.00    1466.47 0.0000e+00
        843     23.000     5.8643     5.8613   3.047328   3.048151     2.4500     0.5791      98.83 4.0952e-01 2.3984e+01    80.0066    7.00751    30.7487    30.7606    24.2109    1469.20    1466.59 0.0000e+00
        864     24.000     5.8554     5.8546   3.048788   3.049630     2.4512     0.5701      98.82 3.6700e-01 2.3984e+01    80.0418    6.99549    30.7726    30.7828    24.2309    1469.21    1466.70 0.0000e+00
        886     25.000     5.9359     5.9278   3.064217   3.065265     2.4498     0.5635      98.82 3.3238e-01 2.3984e+01    80.0874    6.94747    30.8708    30.8899    24.2990    1469.68    1466.82 0.0000e+00
        907     26.000     6.1002     6.0871   3.094775   3.095326     2.4477     0.5838      98.83 2.9704e-01 2.3582e+01    80.1550    6.92065    31.0600    31.0781    24.4289    1470.59    1466.97 0.0000e+00
        929     27.000     6.2069     6.1974   3.114933   3.115815     2.4485     0.5545      98.83 2.6718e-01 2.3622e+01    80.2137    6.91901    31.1852    31.2037    24.5149    1471.19    1467.12 0.0000e+00
        951     28.000     6.3854     6.3696   3.151413   3.152451     2.4493     0.5302      98.82 2.4122e-01 2.3534e+01    80.2785    6.88053    31.4239    31.4499    24.6813    1472.22    1467.30 0.0000e+00
        972     29.000     7.3893     7.2936   3.310123   3.313755     2.4502     0.5063      98.82 2.1908e-01 2.3508e+01    80.3261    6.70321    32.2260    32.3545    25.1819    1477.17    1467.64 0.0000e+00
        993     30.000     8.4519     8.4226   3.479417   3.481191     2.4557     0.3744      98.83 1.9781e-01 2.3790e+01    80.3198    6.66037    33.0396    33.0859    25.6678    1482.23    1468.12 0.0000e+00
       1014     31.000     9.1370     9.0922   3.580467   3.582407     2.4800     0.1679      98.83 1.8212e-01 2.3807e+01    80.0594    6.64588    33.4543    33.5166    25.8865    1485.31    1468.67 0.0000e+00
       1036     32.000     9.5403     9.5225   3.640591   3.642057     2.4912    -0.0144      67.74 1.6680e-01 2.3696e+01    80.5375    6.42318    33.6969    33.7288    26.0112    1487.10    1469.24 0.0000e+00
       1057     33.000     9.6168     9.6115   3.657735   3.659385     2.4827    -0.0453      89.13 1.5796e-01 2.3226e+01    80.8260    6.17160    33.8010    33.8229    26.0800    1487.52    1469.79 0.0000e+00
       1078     34.000     9.6289     9.6266   3.663839   3.665516     2.4561    -0.0616      98.81 1.4574e-01 2.3633e+01    80.9715    5.94349    33.8519    33.8713    26.1178    1487.64    1470.31 0.0000e+00
       1099     35.000     9.6048     9.6061   3.670631   3.672310     2.4220    -0.0558      81.52 1.3710e-01 2.3617e+01    81.1115    5.81928    33.9441    33.9601    26.1938    1487.68    1470.80 0.0000e+00
       1120     36.000     9.5315     9.5321   3.669167   3.670752     2.3921 -9.990e-29      98.87 1.2702e-01 2.3984e+01    81.3082    5.78253    33.9979    34.0137    26.2480    1487.50    1471.26 0.0000e+00
       1141     37.000     9.5273     9.5257   3.669886   3.671477     2.3672 -9.990e-29      89.95 1.1630e-01 2.3984e+01    81.3794    5.76727    34.0089    34.0268    26.2572    1487.51    1471.69 0.0000e+00
       1162     38.000     9.5160     9.5142   3.670461   3.672080     2.3489 -9.990e-29      98.93 1.1026e-01 2.3984e+01    81.4662    5.78411    34.0251    34.0435    26.2717    1487.51    1472.10 0.0000e+00
       1183     39.000     9.5219     9.5188   3.673747   3.675326     2.3371 -9.990e-29      82.41 1.0070e-01 2.3984e+01    81.5055    5.79912    34.0529    34.0722    26.2925    1487.58    1472.49 0.0000e+00
       1204     40.000     9.5327     9.5311   3.676462   3.678070     2.3291 -9.990e-29      98.24 9.7004e-02 2.3311e+01    81.5111    5.80609    34.0702    34.0883    26.3043    1487.66    1472.87 0.0000e+00
       1225     41.000     9.4903     9.4909   3.673950   3.675513     2.3235 -9.990e-29      90.34 9.0109e-02 2.3152e+01    81.5066    5.80318    34.0841    34.0997    26.3221    1487.54    1473.22 0.0000e+00
       1246     42.000     9.5165     9.5091   3.679741   3.681289     2.3174 -9.990e-29      97.67 8.5691e-02 2.3037e+01    81.5220    5.77733    34.1185    34.1416    26.3447    1487.69    1473.57 0.0000e+00
       1268     43.000     9.5464     9.5444   3.684540   3.686131     2.3115 -9.990e-29      84.21 8.3024e-02 2.3502e+01    81.5081    5.77134    34.1391    34.1575    26.3559    1487.84    1473.89 0.0000e+00
       1289     44.000     9.5488     9.5472   3.686905   3.688457     2.3080 -9.990e-29      96.31 7.6585e-02 2.3633e+01    81.5143    5.76817    34.1608    34.1783    26.3724    1487.89    1474.21 0.0000e+00
       1310     45.000     9.5472     9.5450   3.689220   3.690831     2.3036    -0.0578      72.38 7.3569e-02 2.3602e+01    81.5400    5.73425    34.1857    34.2045    26.3922    1487.93    1474.51 0.0000e+00
       1332     46.000     9.4809     9.4791   3.683434   3.684424     2.2970    -0.0610      92.01 6.9100e-02 2.2983e+01    81.5488    5.70780    34.1888    34.2007    26.4055    1487.71    1474.80 0.0000e+00
       1353     47.000     9.4333     9.4316   3.678650   3.680172     2.2896    -0.0659      71.08 6.4544e-02 2.3219e+01    81.5646    5.68273    34.1843    34.2017    26.4098    1487.55    1475.07 0.0000e+00
       1374     48.000     9.4272     9.4252   3.678041   3.679623     2.2817    -0.0649      90.64 6.1715e-02 2.2781e+01    81.5382    5.67170    34.1834    34.2016    26.4100    1487.54    1475.32 0.0000e+00
       1395     49.000     9.4205     9.4190   3.678046   3.679610     2.2764    -0.0602      61.15 5.6713e-02 2.3127e+01    81.5087    5.68976    34.1893    34.2070    26.4158    1487.54    1475.57 0.0000e+00
       1416     50.000     9.4054     9.4042   3.678193   3.679747     2.2747    -0.0637      62.34 5.4046e-02 2.3258e+01    81.4789    5.71225    34.2048    34.2221    26.4304    1487.52    1475.81 0.0000e+00
       1438     51.000     9.4083     9.4065   3.681537   3.683092     2.2742    -0.0646      16.02 5.0659e-02 2.3355e+01    81.4270    5.71897    34.2362    34.2540    26.4545    1487.59    1476.04 0.0000e+00
       1459     52.000     9.3948     9.3936   3.682250   3.683838     2.2742    -0.0641      79.95 4.9532e-02 2.2895e+01    81.4047    5.72603    34.2561    34.2737    26.4722    1487.58    1476.26 0.0000e+00
       1480     53.000     9.3874     9.3861   3.683038   3.684620     2.2745    -0.0605      50.70 4.9485e-02 2.2818e+01    81.3923    5.71948    34.2708    34.2885    26.4850    1487.59    1476.47 0.0000e+00
       1501     54.000     9.3729     9.3719   3.683557   3.685123     2.2731    -0.0587      72.29 4.9472e-02 2.3008e+01    81.3582    5.70334    34.2897    34.3069    26.5021    1487.57    1476.67 0.0000e+00
       1523     55.000     9.3595     9.3583   3.683992   3.685558     2.2708    -0.0637      67.36 4.9483e-02 2.3189e+01    81.3612    5.68571    34.3066    34.3239    26.5175    1487.56    1476.87 0.0000e+00
       1544     56.000     9.3373     9.3367   3.682634   3.684208     2.2674    -0.0678      77.63 4.9518e-02 2.2729e+01    81.3589    5.67218    34.3133    34.3302    26.5264    1487.51    1477.06 0.0000e+00
       1565     57.000     9.3366     9.3343   3.684292   3.685870     2.2638    -0.0631      98.59 4.9492e-02 2.3027e+01    81.3443    5.65476    34.3307    34.3493    26.5401    1487.54    1477.24 0.0000e+00
       1586     58.000     9.3134     9.3129   3.683792   3.685346     2.2595    -0.0678      97.18 4.9490e-02 2.2503e+01    81.3123    5.63915    34.3474    34.3640    26.5569    1487.49    1477.42 0.0000e+00
       1608     59.000     9.3166     9.3144   3.685488   3.687085     2.2548    -0.0649      95.47 4.9472e-02 2.2618e+01    81.2790    5.61694    34.3614    34.3801    26.5674    1487.54    1477.59 0.0000e+00
       1630     60.000     9.3121     9.3108   3.685997   3.687567     2.2493    -0.0628      98.81 4.9464e-02 2.2552e+01    81.2331    5.60351    34.3706    34.3881    26.5753    1487.55    1477.75 0.0000e+00
       1651     61.000     9.3081     9.3065   3.686275   3.687814     2.2452    -0.0673      98.81 4.9479e-02 2.2908e+01    81.2406    5.59772    34.3768    34.3944    26.5808    1487.56    1477.91 0.0000e+00
       1672     62.000     9.2925     9.2919   3.685843   3.687418     2.2408    -0.0692      35.02 4.9477e-02 2.2601e+01    81.2491    5.58048    34.3869    34.4039    26.5913    1487.53    1478.07 0.0000e+00
       1694     63.000     9.2832     9.2818   3.685722   3.687285     2.2357    -0.0718      97.94 4.9453e-02 2.2683e+01    81.2866    5.55998    34.3941    34.4117    26.5984    1487.52    1478.21 0.0000e+00
       1715     64.000     9.2403     9.2418   3.684196   3.685736     2.2306    -0.0988      40.48 4.9492e-02 2.2522e+01    81.3158    5.55540    34.4192    34.4337    26.6250    1487.41    1478.36 0.0000e+00
       1737     65.000     9.2066     9.2059   3.683295   3.684837     2.2263    -0.0694      98.83 4.9477e-02 2.2761e+01    81.3303    5.55047    34.4418    34.4586    26.6482    1487.33    1478.49 0.0000e+00
       1758     66.000     9.1915     9.1908   3.682738   3.684280     2.2224    -0.0641      34.64 4.9485e-02 2.2469e+01    81.3328    5.54305    34.4501    34.4669    26.6571    1487.30    1478.63 0.0000e+00
       1779     67.000     9.1738     9.1731   3.682224   3.683769     2.2186    -0.0750      98.36 4.9485e-02 2.2528e+01    81.3901    5.53112    34.4614    34.4782    26.6688    1487.27    1478.76 0.0000e+00
       1800     68.000     9.1485     9.1481   3.680817   3.682335     2.2143    -0.0863      43.25 4.9498e-02 2.2272e+01    81.4048    5.52262    34.4708    34.4870    26.6802    1487.20    1478.88 0.0000e+00
       1821     69.000     9.1324     9.1311   3.679862   3.681390     2.2110    -0.0666      98.24 4.9485e-02 2.1988e+01    81.4146    5.51891    34.4759    34.4931    26.6868    1487.17    1479.00 0.0000e+00
       1842     70.000     9.1168     9.1157   3.679332   3.680829     2.2074    -0.0688      37.12 4.9472e-02 2.1985e+01    81.4208    5.50817    34.4850    34.5017    26.6965    1487.14    1479.11 0.0000e+00
       1863     71.000     9.1090     9.1074   3.679077   3.680646     2.2036    -0.0637      98.32 4.9479e-02 2.1985e+01    81.4173    5.49374    34.4894    34.5074    26.7012    1487.13    1479.23 0.0000e+00
       1884     72.000     9.1003     9.0994   3.678700   3.680232     2.1998    -0.0721      52.18 4.9459e-02 2.1985e+01    81.4056    5.48812    34.4934    34.5103    26.7057    1487.12    1479.34 0.0000e+00
       1905     73.000     9.0914     9.0901   3.678435   3.679912     2.1965    -0.0685      95.86 4.9485e-02 2.1985e+01    81.4141    5.48074    34.4988    34.5155    26.7114    1487.11    1479.44 0.0000e+00
       1926     74.000     9.0762     9.0752   3.677768   3.679295     2.1932    -0.0651      55.13 4.9518e-02 2.1985e+01    81.4165    5.47369    34.5061    34.5231    26.7195    1487.08    1479.54 0.0000e+00
       1947     75.000     9.0499     9.0498   3.676485   3.677998     2.1902    -0.0889      92.10 4.9473e-02 2.1985e+01    81.3969    5.47126    34.5178    34.5337    26.7328    1487.02    1479.64 0.0000e+00
       1968     76.000     9.0264     9.0259   3.675279   3.676776     2.1872    -0.0737      78.25 4.9465e-02 2.1985e+01    81.3993    5.46353    34.5275    34.5436    26.7442    1486.96    1479.74 0.0000e+00
       1989     77.000     8.9923     8.9923   3.673302   3.674804     2.1841    -0.0664      45.74 4.9477e-02 2.1985e+01    81.4059    5.45617    34.5394    34.5552    26.7590    1486.86    1479.83 0.0000e+00
