_data/ctd/2022603/sta0158.cnv
* Sea-Bird SBE 9 Data File:
* FileName = C:\Seabird\CTDData\sta0158.hex
* Software Version Seasave V 7.21f
* Temperature SN = 6264
* Conductivity SN = 4928
* Number of Bytes Per Scan = 40
* Number of Voltage Words = 5
* Number of Scans Averaged by the Deck Unit = 1
* NMEA Latitude = 59 27.60 N
* NMEA Longitude = 005 08.62 E
* NMEA UTC (Time) = Feb 11 2022 06:28:12
* NMEA baud rate = 4800
** Ship: R/V "Kristine Bonnevie"
** Station: 0158
** Echodepth: 140
** Log: 0253.585
** Wind-Dir/Force: 00 22
** Air-temp (dry): 1.9
** Weather Sky:
** Sea:
# nquan = 19                                
# nvalues = 126                         
# units = specified
# name 0 = scan: Scan Count
# name 1 = prDM: Pressure, Digiquartz [db]
# name 2 = t068C: Temperature [ITS-68, deg C]
# name 3 = t168C: Temperature, 2 [ITS-68, deg C]
# name 4 = c0S/m: Conductivity [S/m]
# name 5 = c1S/m: Conductivity, 2 [S/m]
# name 6 = sbeox0V: Oxygen raw, SBE 43 [V]
# name 7 = flECO-AFL: Fluorescence, WET Labs ECO-AFL/FL [mg/m^3]
# name 8 = altM: Altimeter [m]
# name 9 = par: PAR/Irradiance, Biospherical/Licor
# name 10 = spar: SPAR/Surface Irradiance
# name 11 = CStarTr0: Beam Transmission, WET Labs C-Star [%]
# name 12 = sbeox0ML/L: Oxygen, SBE 43 [ml/l], WS = 2
# name 13 = sal00: Salinity, Practical [PSU]
# name 14 = sal11: Salinity, Practical, 2 [PSU]
# name 15 = sigma-t00: Density [sigma-t, Kg/m^3 ]
# name 16 = svCM: Sound Velocity [Chen-Millero, m/s]
# name 17 = avgsvCM: Average Sound Velocity [Chen-Millero, m/s], minP = 1, minS = 5
# name 18 = flag: flag
# span 0 =       -252,       3267       
# span 1 =      3.000,    128.000       
# span 2 =     7.1664,     8.1082       
# span 3 =     7.1651,     8.1067       
# span 4 =   3.440755,   3.613528       
# span 5 =   3.441249,   3.614464       
# span 6 =     2.2034,     2.5488       
# span 7 =    -0.0678,     0.3398       
# span 8 =       0.67,     100.11       
# span 9 = 4.9395e-02, 6.6906e-01       
# span 10 = 0.0000e+00, 0.0000e+00      
# span 11 =    77.8637,    81.0776      
# span 12 =    5.69888,    6.93963      
# span 13 =    33.8592,    34.8388      
# span 14 =    33.8676,    34.8504      
# span 15 =    26.4951,    27.1482      
# span 16 =    1477.96,    1484.35      
# span 17 =    1477.96,    1481.88      
# span 18 = 0.0000e+00, 0.0000e+00      
# interval = decibars: 1                
# start_time = Feb 11 2022 06:28:14 [System UTC, header]
# bad_flag = -9.990e-29
*END*
[from data line 77]
       2184     80.000     8.1012     8.0991   3.611681   3.612631     2.2693 -9.990e-29      82.00 4.9483e-02 0.0000e+00    80.9766    5.88288    34.7602    34.7725    27.0706    1483.87    1480.60 0.0000e+00
       2205     81.000     8.1048     8.1032   3.612294   3.613263     2.2691 -9.990e-29      82.61 4.9492e-02 0.0000e+00    80.9492    5.88118    34.7627    34.7747    27.0720    1483.90    1480.64 0.0000e+00
       2226     82.000     8.1053     8.1039   3.612684   3.613656     2.2686 -9.990e-29      98.65 4.9485e-02 0.0000e+00    80.9336    5.87758    34.7659    34.7777    27.0745    1483.92    1480.68 0.0000e+00
       2249     83.000     8.1064     8.1051   3.613034   3.614081     2.2678 -9.990e-29      89.28 4.9472e-02 0.0000e+00    80.9569    5.87360    34.7681    34.7806    27.0760    1483.94    1480.72 0.0000e+00
       2273     84.000     8.1082     8.1067   3.613494   3.614464     2.2671 -9.990e-29      63.47 4.9496e-02 0.0000e+00    80.9581    5.87318    34.7707    34.7826    27.0778    1483.97    1480.76 0.0000e+00
       2293     85.000     8.1015     8.1010   3.613528   3.614464     2.2664    -0.0634      18.37 4.9477e-02 0.0000e+00    80.9682    5.87502    34.7773    34.7878    27.0840    1483.97    1480.80 0.0000e+00
       2310     86.000     8.0765     8.0775   3.611598   3.612627     2.2663    -0.0560      91.16 4.9493e-02 0.0000e+00    80.9159    5.87840    34.7809    34.7910    27.0906    1483.90    1480.84 0.0000e+00
       2330     87.000     8.0572     8.0564   3.609873   3.610818     2.2656    -0.0558      87.56 4.9499e-02 0.0000e+00    81.0433    5.87283    34.7811    34.7920    27.0936    1483.84    1480.87 0.0000e+00
       2359     88.000     8.0484     8.0477   3.609043   3.610053     2.2636    -0.0558      69.85 4.9506e-02 0.0000e+00    81.0776    5.85869    34.7805    34.7920    27.0945    1483.82    1480.90 0.0000e+00
       2388     89.000     8.0308     8.0336   3.607301   3.608573     2.2609    -0.0558      93.05 4.9480e-02 0.0000e+00    80.9145    5.84826    34.7788    34.7896    27.0958    1483.77    1480.94 0.0000e+00
       2408     90.000     8.0267     8.0262   3.606914   3.607961     2.2587    -0.0558      98.50 4.9517e-02 0.0000e+00    80.7598    5.83708    34.7782    34.7899    27.0959    1483.77    1480.97 0.0000e+00
       2425     91.000     8.0252     8.0238   3.606807   3.607748     2.2565 -9.990e-29      89.47 4.9488e-02 0.0000e+00    80.5345    5.82617    34.7781    34.7896    27.0961    1483.78    1481.00 0.0000e+00
       2443     92.000     8.0284     8.0278   3.607208   3.608274     2.2537 -9.990e-29      43.74 4.9502e-02 0.0000e+00    80.3612    5.81801    34.7787    34.7907    27.0961    1483.81    1481.03 0.0000e+00
       2465     93.000     8.0304     8.0290   3.607461   3.608442     2.2509 -9.990e-29      90.35 5.7024e-02 0.0000e+00    80.3276    5.81538    34.7789    34.7909    27.0960    1483.84    1481.06 0.0000e+00
       2492     94.000     8.0307     8.0291   3.607521   3.608481     2.2485 -9.990e-29      91.23 5.1105e-02 0.0000e+00    80.3097    5.81478    34.7788    34.7907    27.0958    1483.85    1481.09 0.0000e+00
       2533     95.000     8.0289     8.0279   3.607464   3.608448     2.2456 -9.990e-29      61.99 4.9404e-02 0.0000e+00    80.3283    5.81594    34.7795    34.7910    27.0966    1483.86    1481.12 0.0000e+00
       2562     96.000     8.0095     8.0102   3.605986   3.607013     2.2443 -9.990e-29      78.70 4.9498e-02 0.0000e+00    80.2800    5.81498    34.7824    34.7927    27.1018    1483.81    1481.15 0.0000e+00
       2579     97.000     8.0030     8.0023   3.605524   3.606491     2.2435 -9.990e-29      52.60 4.9473e-02 0.0000e+00    80.1649    5.81200    34.7834    34.7945    27.1036    1483.80    1481.17 0.0000e+00
       2593     98.000     8.0003     7.9989   3.605430   3.606365     2.2428 -9.990e-29      94.46 4.9482e-02 0.0000e+00    79.9961    5.80696    34.7846    34.7961    27.1049    1483.81    1481.20 0.0000e+00
       2607     99.000     7.9985     7.9971   3.605592   3.606526     2.2416 -9.990e-29      85.83 4.9485e-02 0.0000e+00    79.8291    5.79946    34.7877    34.7991    27.1076    1483.83    1481.23 0.0000e+00
       2625    100.000     7.9982     7.9968   3.605684   3.606641     2.2398 -9.990e-29      60.27 4.9466e-02 0.0000e+00    79.7099    5.79645    34.7885    34.8001    27.1083    1483.84    1481.25 0.0000e+00
       2648    101.000     7.9986     7.9971   3.605832   3.606781     2.2384 -9.990e-29      35.26 4.9491e-02 0.0000e+00    79.6578    5.79253    34.7892    34.8009    27.1088    1483.86    1481.28 0.0000e+00
       2671    102.000     7.9990     7.9973   3.605915   3.606876     2.2362 -9.990e-29      58.19 4.9502e-02 0.0000e+00    79.7167    5.77728    34.7892    34.8012    27.1087    1483.88    1481.30 0.0000e+00
       2693    103.000     7.9990     7.9975   3.605968   3.606938     2.2335 -9.990e-29      50.95 4.9481e-02 0.0000e+00    79.7282    5.77302    34.7893    34.8012    27.1088    1483.90    1481.33 0.0000e+00
       2716    104.000     7.9984     7.9966   3.606018   3.606939     2.2318 -9.990e-29      39.49 4.9475e-02 0.0000e+00    79.7108    5.77196    34.7899    34.8016    27.1094    1483.91    1481.35 0.0000e+00
       2739    105.000     7.9974     7.9960   3.605995   3.606963     2.2297 -9.990e-29      51.80 4.9485e-02 0.0000e+00    79.7067    5.76780    34.7902    34.8020    27.1097    1483.92    1481.38 0.0000e+00
       2762    106.000     7.9982     7.9968   3.606085   3.607060     2.2286 -9.990e-29      48.52 4.9472e-02 0.0000e+00    79.7058    5.77058    34.7899    34.8017    27.1094    1483.94    1481.40 0.0000e+00
       2782    107.000     7.9987     7.9960   3.606203   3.607133     2.2273 -9.990e-29      77.24 4.9490e-02 0.0000e+00    79.7146    5.76584    34.7901    34.8028    27.1095    1483.96    1481.43 0.0000e+00
       2801    108.000     7.9961     7.9947   3.606132   3.607072     2.2263 -9.990e-29      36.64 1.0470e-01 0.0000e+00    79.6514    5.76321    34.7915    34.8030    27.1110    1483.97    1481.45 0.0000e+00
       2828    109.000     7.9956     7.9941   3.606107   3.607069     2.2250 -9.990e-29      34.34 5.1639e-02 0.0000e+00    79.6078    5.76494    34.7912    34.8030    27.1108    1483.98    1481.47 0.0000e+00
       2864    110.000     7.9942     7.9929   3.606557   3.607518     2.2240 -9.990e-29      33.37 4.9487e-02 0.0000e+00    79.6250    5.76532    34.7970    34.8086    27.1156    1484.00    1481.50 0.0000e+00
       2892    111.000     7.9937     7.9922   3.607248   3.608229     2.2235 -9.990e-29      32.25 4.9501e-02 0.0000e+00    79.6048    5.76282    34.8044    34.8164    27.1215    1484.03    1481.52 0.0000e+00
       2914    112.000     7.9968     7.9955   3.608325   3.609346     2.2223 -9.990e-29      31.41 4.9459e-02 0.0000e+00    79.4818    5.75457    34.8124    34.8246    27.1273    1484.06    1481.54 0.0000e+00
       2932    113.000     7.9990     7.9975   3.608771   3.609731     2.2217 -9.990e-29      30.65 4.9510e-02 0.0000e+00    79.3961    5.75186    34.8145    34.8263    27.1286    1484.09    1481.56 0.0000e+00
       2948    114.000     8.0004     7.9989   3.609490   3.610466     2.2207 -9.990e-29      29.62 4.9513e-02 0.0000e+00    79.3602    5.74397    34.8203    34.8323    27.1330    1484.12    1481.59 0.0000e+00
       2962    115.000     7.9999     7.9985   3.609667   3.610607     2.2199 -9.990e-29      28.66 4.9508e-02 0.0000e+00    79.3687    5.73815    34.8223    34.8337    27.1346    1484.14    1481.61 0.0000e+00
       2975    116.000     7.9999     7.9984   3.609768   3.610709     2.2182 -9.990e-29      27.79 4.9503e-02 0.0000e+00    79.3666    5.73138    34.8229    34.8345    27.1350    1484.15    1481.63 0.0000e+00
       2989    117.000     7.9999     7.9984   3.609844   3.610806     2.2173 -9.990e-29      27.02 4.9467e-02 0.0000e+00    79.2525    5.72824    34.8232    34.8350    27.1353    1484.17    1481.65 0.0000e+00
       3007    118.000     7.9998     7.9984   3.609948   3.610906     2.2153    -0.0572      25.83 4.9489e-02 0.0000e+00    79.1972    5.72391    34.8239    34.8356    27.1359    1484.19    1481.67 0.0000e+00
       3040    119.000     7.9997     7.9984   3.609993   3.610950     2.2130    -0.0391      24.11 4.9465e-02 0.0000e+00    79.1827    5.72374    34.8240    34.8356    27.1360    1484.20    1481.69 0.0000e+00
       3073    120.000     7.9999     7.9985   3.610052   3.611014     2.2113    -0.0580      22.54 4.9491e-02 0.0000e+00    79.2135    5.72482    34.8240    34.8357    27.1359    1484.22    1481.71 0.0000e+00
       3100    121.000     8.0000     7.9986   3.610137   3.611096     2.2105    -0.0612      21.64 4.9489e-02 0.0000e+00    79.1235    5.72681    34.8243    34.8360    27.1362    1484.24    1481.74 0.0000e+00
       3124    122.000     8.0002     7.9988   3.610506   3.611544     2.2100 -9.990e-29      20.95 4.9493e-02 0.0000e+00    79.1682    5.72349    34.8276    34.8401    27.1387    1484.26    1481.76 0.0000e+00
       3148    123.000     8.0001     7.9986   3.610789   3.611833     2.2090 -9.990e-29      20.09 4.9482e-02 0.0000e+00    79.1007    5.71703    34.8302    34.8429    27.1408    1484.28    1481.78 0.0000e+00
       3176    124.000     7.9997     7.9982   3.611147   3.612118     2.2073 -9.990e-29      18.95 4.9499e-02 0.0000e+00    78.9829    5.71050    34.8340    34.8459    27.1438    1484.30    1481.80 0.0000e+00
       3202    125.000     7.9991     7.9976   3.611251   3.612198     2.2064    -0.0558      17.93 4.9496e-02 0.0000e+00    78.9380    5.71230    34.8352    34.8469    27.1449    1484.31    1481.82 0.0000e+00
       3220    126.000     7.9969     7.9957   3.611226   3.612177     2.2056    -0.0558      17.12 4.9464e-02 0.0000e+00    78.7138    5.71061    34.8366    34.8480    27.1463    1484.32    1481.84 0.0000e+00
       3240    127.000     7.9958     7.9944   3.611266   3.612224     2.2050    -0.0558      16.11 4.9498e-02 0.0000e+00    78.1254    5.70767    34.8377    34.8494    27.1473    1484.34    1481.86 0.0000e+00
       3267    128.000     7.9953     7.9938   3.611367   3.612315     2.2034    -0.0558      14.88 4.9507e-02 0.0000e+00    77.8637    5.69888    34.8388    34.8504    27.1482    1484.35    1481.88 0.0000e+00
