_data/ctd/2022603/sta0181.cnv
* Sea-Bird SBE 9 Data File:
* FileName = C:\Seabird\CTDData\sta0181.hex
* Software Version Seasave V 7.21f
* Temperature SN = 6264
* Conductivity SN = 4928
* Number of Bytes Per Scan = 40
* Number of Voltage Words = 5
* Number of Scans Averaged by the Deck Unit = 1
* NMEA Latitude = 61 01.87 N
* NMEA Longitude = 005 00.84 E
* NMEA UTC (Time) = Feb 13 2022 18:56:09
* NMEA baud rate = 4800
** Ship: R/V "Kristine Bonnevie"
** Station: 0181
** Echodepth: 254
** Log: 0618.943
** Wind-Dir/Force: 17 12
** Air-temp (dry): 6.7
** Weather Sky:
** Sea:
# nquan = 19                                
# nvalues = 246                         
# units = specified
# name 0 = scan: Scan Count
# name 1 = prDM: Pressure, Digiquartz [db]
# name 2 = t068C: Temperature [ITS-68, deg C]
# name 3 = t168C: Temperature, 2 [ITS-68, deg C]
# name 4 = c0S/m: Conductivity [S/m]
# name 5 = c1S/m: Conductivity, 2 [S/m]
# name 6 = sbeox0V: Oxygen raw, SBE 43 [V]
# name 7 = flECO-AFL: Fluorescence, WET Labs ECO-AFL/FL [mg/m^3]
# name 8 = altM: Altimeter [m]
# name 9 = par: PAR/Irradiance, Biospherical/Licor
# name 10 = spar: SPAR/Surface Irradiance
# name 11 = CStarTr0: Beam Transmission, WET Labs C-Star [%]
# name 12 = sbeox0ML/L: Oxygen, SBE 43 [ml/l], WS = 2
# name 13 = sal00: Salinity, Practical [PSU]
# name 14 = sal11: Salinity, Practical, 2 [PSU]
# name 15 = sigma-t00: Density [sigma-t, Kg/m^3 ]
# name 16 = svCM: Sound Velocity [Chen-Millero, m/s]
# name 17 = avgsvCM: Average Sound Velocity [Chen-Millero, m/s], minP = 1, minS = 5
# name 18 = flag: flag
# span 0 =        111,       5387       
# span 1 =      4.000,    249.000       
# span 2 =     6.0660,     8.5347       
# span 3 =     6.0686,     8.5331       
# span 4 =   3.080116,   3.660374       
# span 5 =   3.083027,   3.661613       
# span 6 =     2.1879,     2.4947       
# span 7 =    -0.0877,     0.4800       
# span 8 =       6.32,      99.48       
# span 9 = 4.8964e-02, 3.7755e-01       
# span 10 = 0.0000e+00, 0.0000e+00      
# span 11 =    45.7506,    80.6668      
# span 12 =    5.63554,    7.05746      
# span 13 =    30.9388,    34.9663      
# span 14 =    30.9687,    34.9807      
# span 15 =    24.3373,    27.1968      
# span 16 =    1469.94,    1487.78      
# span 17 =    1469.94,    1483.76      
# span 18 = 0.0000e+00, 0.0000e+00      
# interval = decibars: 1                
# start_time = Feb 13 2022 18:56:12 [System UTC, header]
# bad_flag = -9.990e-29
*END*
[from data line 229]
       5045    233.000     8.3346     8.3331   3.659529   3.660761     2.1974    -0.0573      22.51 4.9502e-02 0.0000e+00    79.6609    5.71611    34.9658    34.9804    27.1965    1487.51    1483.49 0.0000e+00
       5068    234.000     8.3344     8.3329   3.659588   3.660809     2.1971    -0.0866      21.34 4.9502e-02 0.0000e+00    79.6422    5.71685    34.9661    34.9806    27.1968    1487.53    1483.51 0.0000e+00
       5090    235.000     8.3353     8.3336   3.659678   3.660891     2.1970    -0.0863      20.24 4.9489e-02 0.0000e+00    79.6684    5.71992    34.9657    34.9803    27.1963    1487.55    1483.53 0.0000e+00
       5112    236.000     8.3355     8.3340   3.659725   3.660950     2.1970    -0.0863      19.18 4.9464e-02 0.0000e+00    79.6924    5.71900    34.9656    34.9801    27.1961    1487.57    1483.54 0.0000e+00
       5132    237.000     8.3355     8.3339   3.659786   3.661001     2.1968    -0.0863      18.22 4.9488e-02 0.0000e+00    79.6667    5.71887    34.9657    34.9802    27.1963    1487.58    1483.56 0.0000e+00
       5153    238.000     8.3356     8.3340   3.659836   3.661055     2.1969    -0.0834      17.24 4.9479e-02 0.0000e+00    79.6975    5.71898    34.9657    34.9802    27.1962    1487.60    1483.58 0.0000e+00
       5174    239.000     8.3357     8.3341   3.659895   3.661114     2.1962    -0.0559      16.24 4.9485e-02 0.0000e+00    79.6783    5.71080    34.9657    34.9803    27.1962    1487.62    1483.59 0.0000e+00
       5196    240.000     8.3354     8.3341   3.659925   3.661163     2.1954    -0.0558      15.33 4.9490e-02 0.0000e+00    79.6742    5.71142    34.9659    34.9803    27.1964    1487.63    1483.61 0.0000e+00
       5218    241.000     8.3346     8.3332   3.659935   3.661155     2.1952    -0.0558      14.23 4.9493e-02 0.0000e+00    79.6336    5.71570    34.9663    34.9807    27.1968    1487.65    1483.63 0.0000e+00
       5240    242.000     8.3348     8.3332   3.659984   3.661196     2.1950    -0.0558      13.33 4.9485e-02 0.0000e+00    79.0235    5.71616    34.9661    34.9806    27.1967    1487.66    1483.64 0.0000e+00
       5261    243.000     8.3347     8.3332   3.660021   3.661242     2.1948    -0.0461      12.26 4.9502e-02 0.0000e+00    76.0100    5.71366    34.9661    34.9806    27.1967    1487.68    1483.66 0.0000e+00
       5283    244.000     8.3347     8.3332   3.660052   3.661278     2.1943    -0.0212      11.24 4.9502e-02 0.0000e+00    70.5861    5.71357    34.9660    34.9805    27.1966    1487.70    1483.68 0.0000e+00
       5305    245.000     8.3348     8.3333   3.660127   3.661341     2.1941     0.0212      10.23 4.9484e-02 0.0000e+00    65.1362    5.71349    34.9662    34.9806    27.1968    1487.71    1483.69 0.0000e+00
       5327    246.000     8.3350     8.3334   3.660176   3.661390     2.1935     0.0053       9.25 4.9488e-02 0.0000e+00    58.8806    5.71115    34.9661    34.9806    27.1966    1487.73    1483.71 0.0000e+00
       5347    247.000     8.3351     8.3335   3.660219   3.661440     2.1935     0.0262       8.25 4.9505e-02 0.0000e+00    53.5163    5.71680    34.9659    34.9805    27.1965    1487.75    1483.73 0.0000e+00
       5367    248.000     8.3354     8.3339   3.660296   3.661526     2.1934     0.0484       7.29 4.9498e-02 0.0000e+00    49.6795    5.71486    34.9660    34.9806    27.1965    1487.76    1483.74 0.0000e+00
       5387    249.000     8.3357     8.3343   3.660374   3.661613     2.1933     0.0642       6.32 4.9509e-02 0.0000e+00    45.7506    5.71828    34.9660    34.9806    27.1965    1487.78    1483.76 0.0000e+00
