_data/ctd/2022603/sta0179.cnv
* Sea-Bird SBE 9 Data File:
* FileName = C:\Seabird\CTDData\sta0179.hex
* Software Version Seasave V 7.21f
* Temperature SN = 6264
* Conductivity SN = 4928
* Number of Bytes Per Scan = 40
* Number of Voltage Words = 5
* Number of Scans Averaged by the Deck Unit = 1
* NMEA Latitude = 60 55.96 N
* NMEA Longitude = 004 39.88 E
* NMEA UTC (Time) = Feb 13 2022 06:04:17
* NMEA baud rate = 4800
** Ship: R/V "Kristine Bonnevie"
** Station: 0179
** Echodepth: 529
** Log: 0542.999
** Wind-Dir/Force: 20 25
** Air-temp (dry): 7.3
** Weather Sky:
** Sea:
** S01
# nquan = 19                                
# nvalues = 521                         
# units = specified
# name 0 = scan: Scan Count
# name 1 = prDM: Pressure, Digiquartz [db]
# name 2 = t068C: Temperature [ITS-68, deg C]
# name 3 = t168C: Temperature, 2 [ITS-68, deg C]
# name 4 = c0S/m: Conductivity [S/m]
# name 5 = c1S/m: Conductivity, 2 [S/m]
# name 6 = sbeox0V: Oxygen raw, SBE 43 [V]
# name 7 = flECO-AFL: Fluorescence, WET Labs ECO-AFL/FL [mg/m^3]
# name 8 = altM: Altimeter [m]
# name 9 = par: PAR/Irradiance, Biospherical/Licor
# name 10 = spar: SPAR/Surface Irradiance
# name 11 = CStarTr0: Beam Transmission, WET Labs C-Star [%]
# name 12 = sbeox0ML/L: Oxygen, SBE 43 [ml/l], WS = 2
# name 13 = sal00: Salinity, Practical [PSU]
# name 14 = sal11: Salinity, Practical, 2 [PSU]
# name 15 = sigma-t00: Density [sigma-t, Kg/m^3 ]
# name 16 = svCM: Sound Velocity [Chen-Millero, m/s]
# name 17 = avgsvCM: Average Sound Velocity [Chen-Millero, m/s], minP = 1, minS = 5
# name 18 = flag: flag
# span 0 =        -52,      11971       
# span 1 =      3.000,    523.000       
# span 2 =     6.6407,     8.2411       
# span 3 =     6.6410,     8.2392       
# span 4 =   3.272433,   3.656478       
# span 5 =   3.273285,   3.657851       
# span 6 =     2.1242,     2.5449       
# span 7 =    -0.1092,     0.3105       
# span 8 =     -28.80,     101.36       
# span 9 = 4.9438e-02, 5.5009e-01       
# span 10 = 0.0000e+00, 0.0000e+00      
# span 11 =    80.2109,    81.8604      
# span 12 =    5.69739,    7.00094      
# span 13 =    32.4550,    35.0064      
# span 14 =    32.4665,    35.0224      
# span 15 =    25.4514,    27.2597      
# span 16 =    1474.43,    1491.55      
# span 17 =    1474.43,    1486.07      
# span 18 = 0.0000e+00, 0.0000e+00      
# interval = decibars: 1                
# start_time = Feb 13 2022 06:04:20 [System UTC, header]
# bad_flag = -9.990e-29
*END*
[from data line 381]
       8806    384.000     8.1349     8.1332   3.651237   3.652591     2.1632    -0.0753      92.03 4.9485e-02 0.0000e+00    81.5042    5.73151    35.0037    35.0199    27.2567    1489.30    1484.50 0.0000e+00
       8820    385.000     8.1350     8.1332   3.651283   3.652635     2.1629    -0.0732      98.68 4.9459e-02 0.0000e+00    81.5012    5.73024    35.0036    35.0199    27.2566    1489.31    1484.51 0.0000e+00
       8837    386.000     8.1347     8.1331   3.651303   3.652673     2.1623    -0.0871      65.36 4.9499e-02 0.0000e+00    81.5086    5.72932    35.0037    35.0199    27.2567    1489.33    1484.52 0.0000e+00
       8862    387.000     8.1346     8.1331   3.651352   3.652724     2.1617    -0.0827      94.53 4.9464e-02 0.0000e+00    81.5131    5.73424    35.0038    35.0200    27.2568    1489.35    1484.53 0.0000e+00
       8887    388.000     8.1349     8.1336   3.651433   3.652828     2.1616    -0.0655      80.36 4.9479e-02 0.0000e+00    81.5341    5.73649    35.0039    35.0201    27.2569    1489.36    1484.55 0.0000e+00
       8906    389.000     8.1348     8.1334   3.651476   3.652835     2.1614    -0.0695      98.99 4.9470e-02 0.0000e+00    81.5198    5.73400    35.0040    35.0199    27.2570    1489.38    1484.56 0.0000e+00
       8924    390.000     8.1350     8.1336   3.651531   3.652908     2.1611    -0.0941      93.67 4.9447e-02 0.0000e+00    81.5258    5.73067    35.0039    35.0200    27.2569    1489.40    1484.57 0.0000e+00
       8943    391.000     8.1349     8.1334   3.651568   3.652942     2.1605    -0.0817      26.10 4.9489e-02 0.0000e+00    81.5012    5.73096    35.0039    35.0201    27.2569    1489.41    1484.58 0.0000e+00
       8961    392.000     8.1350     8.1335   3.651627   3.652996     2.1603    -0.0626      98.78 4.9462e-02 0.0000e+00    81.5329    5.73590    35.0040    35.0201    27.2569    1489.43    1484.60 0.0000e+00
       8979    393.000     8.1347     8.1332   3.651645   3.653004     2.1606    -0.0682      33.75 4.9479e-02 0.0000e+00    81.5472    5.73627    35.0040    35.0200    27.2570    1489.45    1484.61 0.0000e+00
       9003    394.000     8.1346     8.1329   3.651665   3.653035     2.1603    -0.0908      69.77 4.9471e-02 0.0000e+00    81.5254    5.73622    35.0038    35.0201    27.2569    1489.46    1484.62 0.0000e+00
       9046    395.000     8.1345     8.1330   3.651714   3.653084     2.1601    -0.0862      71.74 4.9473e-02 0.0000e+00    81.5452    5.73650    35.0040    35.0201    27.2570    1489.48    1484.63 0.0000e+00
       9071    396.000     8.1348     8.1335   3.651792   3.653160     2.1600    -0.0832      24.72 4.9467e-02 0.0000e+00    81.5275    5.73410    35.0040    35.0199    27.2570    1489.50    1484.64 0.0000e+00
       9088    397.000     8.1346     8.1332   3.651823   3.653179     2.1595    -0.0963      97.17 4.9456e-02 0.0000e+00    81.5313    5.73018    35.0041    35.0200    27.2571    1489.51    1484.66 0.0000e+00
       9105    398.000     8.1347     8.1331   3.651863   3.653225     2.1591    -0.0997      62.97 4.9470e-02 0.0000e+00    81.5263    5.73229    35.0039    35.0201    27.2569    1489.53    1484.67 0.0000e+00
       9124    399.000     8.1348     8.1332   3.651919   3.653281     2.1591    -0.0959      66.71 4.9470e-02 0.0000e+00    81.5064    5.73243    35.0040    35.0201    27.2569    1489.55    1484.68 0.0000e+00
       9142    400.000     8.1350     8.1335   3.651980   3.653357     2.1583    -0.0897      96.73 4.9463e-02 0.0000e+00    81.5021    5.72881    35.0039    35.0201    27.2569    1489.56    1484.69 0.0000e+00
       9157    401.000     8.1352     8.1339   3.652033   3.653422     2.1584    -0.0701      20.11 4.9467e-02 0.0000e+00    81.4961    5.73353    35.0038    35.0200    27.2568    1489.58    1484.71 0.0000e+00
       9172    402.000     8.1354     8.1338   3.652096   3.653466     2.1584    -0.0763      92.94 4.9469e-02 0.0000e+00    81.4864    5.73399    35.0038    35.0200    27.2567    1489.60    1484.72 0.0000e+00
       9185    403.000     8.1355     8.1338   3.652146   3.653509     2.1579    -0.0909      97.37 4.9450e-02 0.0000e+00    81.4544    5.73293    35.0038    35.0200    27.2567    1489.61    1484.73 0.0000e+00
       9201    404.000     8.1352     8.1337   3.652166   3.653544     2.1579    -0.0923      47.21 4.9501e-02 0.0000e+00    81.4865    5.73197    35.0038    35.0200    27.2568    1489.63    1484.74 0.0000e+00
       9236    405.000     8.1354     8.1337   3.652216   3.653572     2.1574    -0.0763      66.11 4.9465e-02 0.0000e+00    81.5003    5.73464    35.0037    35.0198    27.2566    1489.65    1484.75 0.0000e+00
       9282    406.000     8.1354     8.1338   3.652294   3.653661     2.1575    -0.0693      75.84 4.9496e-02 0.0000e+00    81.5551    5.73733    35.0040    35.0202    27.2569    1489.66    1484.77 0.0000e+00
       9306    407.000     8.1364     8.1348   3.652486   3.653845     2.1578    -0.0837      53.55 4.9487e-02 0.0000e+00    81.5708    5.74057    35.0046    35.0207    27.2572    1489.68    1484.78 0.0000e+00
       9325    408.000     8.1366     8.1351   3.652573   3.653931     2.1577    -0.0901      92.39 4.9505e-02 0.0000e+00    81.5257    5.73203    35.0049    35.0209    27.2574    1489.70    1484.79 0.0000e+00
       9341    409.000     8.1369     8.1353   3.652623   3.653990     2.1569    -0.0648      24.88 4.9480e-02 0.0000e+00    81.4915    5.73073    35.0046    35.0208    27.2571    1489.72    1484.80 0.0000e+00
       9357    410.000     8.1371     8.1355   3.652716   3.654080     2.1570    -0.0654      97.88 4.9465e-02 0.0000e+00    81.5007    5.73530    35.0049    35.0211    27.2574    1489.74    1484.81 0.0000e+00
       9374    411.000     8.1374     8.1357   3.652784   3.654145     2.1568    -0.0673      63.65 4.9492e-02 0.0000e+00    81.5029    5.73241    35.0049    35.0211    27.2573    1489.75    1484.83 0.0000e+00
       9390    412.000     8.1375     8.1358   3.652833   3.654201     2.1564    -0.0731      51.61 4.9491e-02 0.0000e+00    81.4863    5.72963    35.0048    35.0211    27.2572    1489.77    1484.84 0.0000e+00
       9405    413.000     8.1376     8.1360   3.652903   3.654254     2.1561    -0.0678      98.76 4.9482e-02 0.0000e+00    81.4772    5.72903    35.0050    35.0210    27.2573    1489.79    1484.85 0.0000e+00
       9421    414.000     8.1378     8.1361   3.652961   3.654321     2.1553    -0.0709      56.56 4.9485e-02 0.0000e+00    81.4853    5.72910    35.0050    35.0212    27.2573    1489.80    1484.86 0.0000e+00
       9438    415.000     8.1377     8.1361   3.652999   3.654365     2.1554    -0.0707      79.23 4.9490e-02 0.0000e+00    81.4771    5.73171    35.0050    35.0212    27.2573    1489.82    1484.87 0.0000e+00
       9463    416.000     8.1374     8.1358   3.653022   3.654389     2.1549    -0.0654      82.76 4.9494e-02 0.0000e+00    81.4670    5.73237    35.0051    35.0213    27.2574    1489.84    1484.89 0.0000e+00
       9498    417.000     8.1374     8.1359   3.653067   3.654438     2.1551    -0.0636      93.74 4.9475e-02 0.0000e+00    81.4799    5.73659    35.0051    35.0212    27.2574    1489.85    1484.90 0.0000e+00
       9531    418.000     8.1374     8.1360   3.653115   3.654496     2.1548    -0.0616      95.44 4.9495e-02 0.0000e+00    81.4956    5.73358    35.0051    35.0212    27.2574    1489.87    1484.91 0.0000e+00
       9558    419.000     8.1376     8.1361   3.653192   3.654546     2.1545    -0.0616      86.57 4.9487e-02 0.0000e+00    81.5336    5.73411    35.0053    35.0212    27.2575    1489.89    1484.92 0.0000e+00
       9577    420.000     8.1375     8.1359   3.653221   3.654580     2.1548    -0.0898      98.83 4.9488e-02 0.0000e+00    81.5328    5.73277    35.0052    35.0213    27.2575    1489.90    1484.93 0.0000e+00
       9592    421.000     8.1373     8.1356   3.653239   3.654599     2.1540    -0.0863      89.35 4.9449e-02 0.0000e+00    81.4791    5.72638    35.0051    35.0213    27.2575    1489.92    1484.94 0.0000e+00
       9607    422.000     8.1368     8.1352   3.653234   3.654590     2.1536    -0.0878      88.64 4.9509e-02 0.0000e+00    81.4552    5.72447    35.0051    35.0211    27.2575    1489.93    1484.96 0.0000e+00
       9621    423.000     8.1360     8.1346   3.653197   3.654572     2.1531    -0.0869      98.73 4.9495e-02 0.0000e+00    81.4310    5.72279    35.0050    35.0211    27.2576    1489.95    1484.97 0.0000e+00
       9638    424.000     8.1360     8.1345   3.653244   3.654614     2.1524    -0.0863      87.67 4.9481e-02 0.0000e+00    81.4446    5.72467    35.0050    35.0211    27.2576    1489.96    1484.98 0.0000e+00
       9660    425.000     8.1356     8.1340   3.653239   3.654596     2.1522    -0.0677      97.29 4.9457e-02 0.0000e+00    81.4166    5.72792    35.0049    35.0210    27.2575    1489.98    1484.99 0.0000e+00
       9683    426.000     8.1353     8.1337   3.653254   3.654624     2.1517    -0.0695      92.98 4.9480e-02 0.0000e+00    81.4552    5.72877    35.0049    35.0211    27.2576    1489.99    1485.00 0.0000e+00
       9708    427.000     8.1354     8.1339   3.653302   3.654684     2.1517    -0.0626      98.79 4.9500e-02 0.0000e+00    81.4650    5.73071    35.0048    35.0211    27.2575    1490.01    1485.01 0.0000e+00
       9734    428.000     8.1346     8.1334   3.653270   3.654665     2.1514    -0.0623      92.31 4.9485e-02 0.0000e+00    81.4631    5.73077    35.0048    35.0209    27.2576    1490.02    1485.03 0.0000e+00
       9760    429.000     8.1333     8.1320   3.653188   3.654572     2.1513    -0.0933      94.10 4.9474e-02 0.0000e+00    81.5016    5.72857    35.0047    35.0208    27.2578    1490.04    1485.04 0.0000e+00
       9782    430.000     8.1335     8.1322   3.653246   3.654634     2.1510    -0.0801      91.14 4.9488e-02 0.0000e+00    81.4784    5.73139    35.0047    35.0208    27.2577    1490.05    1485.05 0.0000e+00
       9800    431.000     8.1341     8.1325   3.653340   3.654709     2.1513    -0.0744      98.84 4.9465e-02 0.0000e+00    81.4966    5.72883    35.0046    35.0208    27.2576    1490.07    1485.06 0.0000e+00
       9816    432.000     8.1342     8.1328   3.653383   3.654781     2.1503    -0.0921      87.07 4.9491e-02 0.0000e+00    81.4848    5.72509    35.0045    35.0208    27.2575    1490.09    1485.07 0.0000e+00
       9832    433.000     8.1337     8.1324   3.653385   3.654771     2.1504    -0.0765      98.55 4.9470e-02 0.0000e+00    81.4625    5.72875    35.0045    35.0206    27.2576    1490.10    1485.08 0.0000e+00
       9852    434.000     8.1346     8.1331   3.653522   3.654900     2.1501    -0.0657      92.11 4.9452e-02 0.0000e+00    81.4217    5.72545    35.0046    35.0208    27.2575    1490.12    1485.10 0.0000e+00
       9876    435.000     8.1350     8.1336   3.653617   3.654999     2.1495    -0.0737      97.27 4.9474e-02 0.0000e+00    81.4842    5.72660    35.0048    35.0209    27.2576    1490.14    1485.11 0.0000e+00
       9898    436.000     8.1341     8.1329   3.653562   3.654930     2.1493    -0.0977      98.85 4.9452e-02 0.0000e+00    81.4345    5.72803    35.0046    35.0204    27.2576    1490.15    1485.12 0.0000e+00
       9916    437.000     8.1317     8.1302   3.653378   3.654740     2.1493    -0.0682      98.80 4.9488e-02 0.0000e+00    81.4666    5.73012    35.0046    35.0206    27.2579    1490.16    1485.13 0.0000e+00
       9932    438.000     8.1304     8.1290   3.653313   3.654702     2.1490    -0.0721      98.80 4.9495e-02 0.0000e+00    81.4936    5.73048    35.0047    35.0209    27.2582    1490.17    1485.14 0.0000e+00
       9948    439.000     8.1297     8.1285   3.653289   3.654679     2.1492    -0.0934      80.41 4.9455e-02 0.0000e+00    81.4533    5.72564    35.0046    35.0207    27.2583    1490.19    1485.15 0.0000e+00
       9991    440.000     8.1303     8.1291   3.653376   3.654780     2.1482    -0.0856      75.16 4.9490e-02 0.0000e+00    81.4780    5.72761    35.0045    35.0207    27.2581    1490.20    1485.16 0.0000e+00
      10037    441.000     8.1305     8.1292   3.653462   3.654842     2.1483    -0.0901      74.36 4.9460e-02 0.0000e+00    81.4949    5.72583    35.0048    35.0208    27.2582    1490.22    1485.18 0.0000e+00
      10056    442.000     8.1314     8.1298   3.653599   3.654950     2.1475    -0.0741      75.01 4.9492e-02 0.0000e+00    81.4537    5.72144    35.0048    35.0209    27.2582    1490.24    1485.19 0.0000e+00
      10071    443.000     8.1311     8.1297   3.653594   3.654983     2.1475    -0.0934      99.41 4.9466e-02 0.0000e+00    81.4779    5.72278    35.0046    35.0208    27.2580    1490.26    1485.20 0.0000e+00
      10085    444.000     8.1315     8.1298   3.653683   3.655046     2.1467    -0.0927      51.31 4.9479e-02 0.0000e+00    81.4673    5.72160    35.0047    35.0209    27.2580    1490.28    1485.21 0.0000e+00
      10099    445.000     8.1313     8.1298   3.653713   3.655073     2.1469    -0.0665      79.52 4.9460e-02 0.0000e+00    81.4135    5.72208    35.0047    35.0208    27.2581    1490.29    1485.22 0.0000e+00
      10114    446.000     8.1312     8.1296   3.653748   3.655109     2.1462    -0.0768      98.27 4.9473e-02 0.0000e+00    81.3960    5.71872    35.0047    35.0209    27.2581    1490.31    1485.23 0.0000e+00
      10133    447.000     8.1310     8.1296   3.653777   3.655155     2.1457    -0.0591      61.16 4.9520e-02 0.0000e+00    81.4051    5.72178    35.0048    35.0209    27.2582    1490.32    1485.24 0.0000e+00
      10157    448.000     8.1312     8.1297   3.653850   3.655215     2.1457    -0.0938      94.47 4.9484e-02 0.0000e+00    81.4140    5.72582    35.0049    35.0209    27.2582    1490.34    1485.26 0.0000e+00
      10179    449.000     8.1309     8.1298   3.653868   3.655256     2.1454    -0.0990      63.69 4.9481e-02 0.0000e+00    81.4296    5.72604    35.0049    35.0208    27.2583    1490.36    1485.27 0.0000e+00
      10198    450.000     8.1299     8.1285   3.653794   3.655149     2.1454    -0.0747      99.21 4.9474e-02 0.0000e+00    81.4415    5.72400    35.0046    35.0205    27.2582    1490.37    1485.28 0.0000e+00
      10214    451.000     8.1291     8.1278   3.653759   3.655151     2.1451    -0.0716      72.07 4.9470e-02 0.0000e+00    81.4263    5.72024    35.0046    35.0207    27.2583    1490.38    1485.29 0.0000e+00
      10237    452.000     8.1289     8.1271   3.653767   3.655115     2.1446    -0.0693      91.02 4.9462e-02 0.0000e+00    81.4058    5.72296    35.0044    35.0206    27.2582    1490.40    1485.30 0.0000e+00
      10280    453.000     8.1278     8.1262   3.653668   3.655061     2.1442    -0.0888      82.24 4.9487e-02 0.0000e+00    81.4263    5.72296    35.0039    35.0204    27.2580    1490.41    1485.31 0.0000e+00
      10310    454.000     8.1281     8.1267   3.653678   3.655145     2.1438    -0.0724      68.33 4.9481e-02 0.0000e+00    81.4258    5.72379    35.0033    35.0203    27.2574    1490.43    1485.32 0.0000e+00
      10331    455.000     8.1274     8.1260   3.653765   3.655139     2.1438    -0.0630      96.42 4.9492e-02 0.0000e+00    81.4744    5.72545    35.0044    35.0205    27.2584    1490.44    1485.33 0.0000e+00
      10353    456.000     8.1280     8.1265   3.653853   3.655228     2.1436    -0.0660      72.34 4.9500e-02 0.0000e+00    81.4719    5.72192    35.0043    35.0205    27.2582    1490.46    1485.35 0.0000e+00
      10378    457.000     8.1279     8.1264   3.653909   3.655263     2.1431    -0.0679      88.69 4.9476e-02 0.0000e+00    81.4302    5.72092    35.0045    35.0205    27.2584    1490.48    1485.36 0.0000e+00
      10398    458.000     8.1283     8.1269   3.653994   3.655378     2.1430    -0.0685      67.52 4.9523e-02 0.0000e+00    81.4332    5.72103    35.0046    35.0207    27.2584    1490.49    1485.37 0.0000e+00
      10413    459.000     8.1311     8.1288   3.654389   3.655706     2.1426    -0.1039      99.64 4.9465e-02 0.0000e+00    81.4073    5.71832    35.0055    35.0219    27.2587    1490.52    1485.38 0.0000e+00
