_data/ctd/2022603/sta0150.cnv
* Sea-Bird SBE 9 Data File:
* FileName = C:\Seabird\CTDData\sta0150.hex
* Software Version Seasave V 7.21f
* Temperature SN = 6264
* Conductivity SN = 4928
* Number of Bytes Per Scan = 40
* Number of Voltage Words = 5
* Number of Scans Averaged by the Deck Unit = 1
* NMEA Latitude = 60 30.23 N
* NMEA Longitude = 006 54.91 E
* NMEA UTC (Time) = Feb 10 2022 01:17:48
* NMEA baud rate = 4800
** Ship: R/V "Kristine Bonnevie"
** Station: 0150
** Echodepth: 297
** Log: 0092.181
** Wind-Dir/Force: 32 08
** Air-temp (dry): 2.6
** Weather Sky:
** Sea:
# nquan = 19                                
# nvalues = 287                         
# units = specified
# name 0 = scan: Scan Count
# name 1 = prDM: Pressure, Digiquartz [db]
# name 2 = t068C: Temperature [ITS-68, deg C]
# name 3 = t168C: Temperature, 2 [ITS-68, deg C]
# name 4 = c0S/m: Conductivity [S/m]
# name 5 = c1S/m: Conductivity, 2 [S/m]
# name 6 = sbeox0V: Oxygen raw, SBE 43 [V]
# name 7 = flECO-AFL: Fluorescence, WET Labs ECO-AFL/FL [mg/m^3]
# name 8 = altM: Altimeter [m]
# name 9 = par: PAR/Irradiance, Biospherical/Licor
# name 10 = spar: SPAR/Surface Irradiance
# name 11 = CStarTr0: Beam Transmission, WET Labs C-Star [%]
# name 12 = sbeox0ML/L: Oxygen, SBE 43 [ml/l], WS = 2
# name 13 = sal00: Salinity, Practical [PSU]
# name 14 = sal11: Salinity, Practical, 2 [PSU]
# name 15 = sigma-t00: Density [sigma-t, Kg/m^3 ]
# name 16 = svCM: Sound Velocity [Chen-Millero, m/s]
# name 17 = avgsvCM: Average Sound Velocity [Chen-Millero, m/s], minP = 1, minS = 5
# name 18 = flag: flag
# span 0 =         14,       6665       
# span 1 =      3.000,    289.000       
# span 2 =     3.9065,    10.1638       
# span 3 =     3.9122,    10.1615       
# span 4 =   2.390260,   3.679255       
# span 5 =   2.392467,   3.680833       
# span 6 =     1.5935,     2.4848       
# span 7 =    -0.0718,     0.8518       
# span 8 =       8.37,     100.08       
# span 9 = 4.9119e-02, 5.8763e-01       
# span 10 = 0.0000e+00, 0.0000e+00      
# span 11 =    75.2569,    81.9256      
# span 12 =    3.65838,    7.68998      
# span 13 =    24.9718,    34.9469      
# span 14 =    24.9927,    34.9621      
# span 15 =    19.8266,    27.2822      
# span 16 =    1453.39,    1489.05      
# span 17 =    1453.39,    1483.02      
# span 18 = 0.0000e+00, 0.0000e+00      
# interval = decibars: 1                
# start_time = Feb 10 2022 01:17:50 [System UTC, header]
# bad_flag = -9.990e-29
*END*
[from data line 77]
       1817     80.000     8.4093     8.4082   3.626977   3.628334     1.6739    -0.0558      52.38 4.9526e-02 0.0000e+00    75.5782    3.89224    34.6192    34.6347    26.9130    1484.85    1477.89 0.0000e+00
       1841     81.000     8.4030     8.4017   3.627006   3.628366     1.6759    -0.0558      68.48 4.9494e-02 0.0000e+00    75.6762    3.92453    34.6252    34.6409    26.9187    1484.85    1477.98 0.0000e+00
       1864     82.000     8.3909     8.3901   3.626465   3.627823     1.6795    -0.0558      68.14 4.9530e-02 0.0000e+00    75.8000    3.94637    34.6308    34.6461    26.9250    1484.83    1478.06 0.0000e+00
       1888     83.000     8.3788     8.3786   3.625995   3.627373     1.6836    -0.0558      57.59 4.9514e-02 0.0000e+00    75.9144    3.97571    34.6373    34.6521    26.9319    1484.80    1478.14 0.0000e+00
       1911     84.000     8.3644     8.3634   3.625274   3.626624     1.6892    -0.0558      81.88 4.9493e-02 0.0000e+00    76.0107    3.99169    34.6433    34.6586    26.9388    1484.77    1478.22 0.0000e+00
       1934     85.000     8.3604     8.3591   3.625215   3.626570     1.6928    -0.0558      75.95 4.9508e-02 0.0000e+00    76.1259    3.97840    34.6461    34.6618    26.9416    1484.78    1478.30 0.0000e+00
       1958     86.000     8.3545     8.3534   3.625251   3.626595     1.6935    -0.0558      59.62 4.9514e-02 0.0000e+00    76.2417    3.94896    34.6518    34.6672    26.9470    1484.78    1478.37 0.0000e+00
       1982     87.000     8.3512     8.3498   3.625492   3.626843     1.6911    -0.0558      62.65 4.9542e-02 0.0000e+00    76.3657    3.91789    34.6572    34.6729    26.9517    1484.79    1478.45 0.0000e+00
       2006     88.000     8.3469     8.3460   3.625479   3.626846     1.6879    -0.0558      76.00 4.9526e-02 0.0000e+00    76.4903    3.91162    34.6608    34.6762    26.9552    1484.80    1478.52 0.0000e+00
       2030     89.000     8.3325     8.3314   3.624701   3.626026     1.6861    -0.0558      65.65 4.9502e-02 0.0000e+00    76.6683    3.94330    34.6662    34.6814    26.9617    1484.77    1478.59 0.0000e+00
       2054     90.000     8.3197     8.3184   3.624220   3.625566     1.6891    -0.0558      94.14 4.9509e-02 0.0000e+00    76.8229    3.98245    34.6732    34.6888    26.9691    1484.74    1478.66 0.0000e+00
       2078     91.000     8.3175     8.3167   3.624168   3.625546     1.6919    -0.0558      93.79 4.9532e-02 0.0000e+00    77.0135    3.97982    34.6744    34.6898    26.9704    1484.75    1478.72 0.0000e+00
       2102     92.000     8.3173     8.3160   3.624210   3.625559     1.6934    -0.0566      95.84 4.9496e-02 0.0000e+00    77.1746    3.96848    34.6745    34.6902    26.9705    1484.77    1478.79 0.0000e+00
       2125     93.000     8.3162     8.3149   3.624209   3.625555     1.6930 -9.990e-29      98.78 4.9543e-02 0.0000e+00    77.3468    3.95306    34.6751    34.6907    26.9712    1484.78    1478.85 0.0000e+00
       2149     94.000     8.3163     8.3148   3.624261   3.625605     1.6918 -9.990e-29      98.78 4.9536e-02 0.0000e+00    77.5149    3.94344    34.6751    34.6909    26.9711    1484.80    1478.92 0.0000e+00
       2173     95.000     8.3155     8.3143   3.624281   3.625630     1.6900 -9.990e-29      40.10 4.9491e-02 0.0000e+00    77.6909    3.93814    34.6756    34.6912    26.9716    1484.81    1478.98 0.0000e+00
       2196     96.000     8.3094     8.3086   3.624088   3.625432     1.6890 -9.990e-29      98.54 4.9529e-02 0.0000e+00    77.8373    3.93689    34.6791    34.6942    26.9753    1484.81    1479.04 0.0000e+00
       2219     97.000     8.2987     8.2975   3.623698   3.625027     1.6874 -9.990e-29      53.66 4.9524e-02 0.0000e+00    78.0355    3.93345    34.6850    34.7004    26.9816    1484.79    1479.10 0.0000e+00
       2242     98.000     8.2842     8.2827   3.623109   3.624423     1.6863 -9.990e-29      95.50 4.9509e-02 0.0000e+00    78.2142    3.93032    34.6926    34.7080    26.9897    1484.77    1479.16 0.0000e+00
       2266     99.000     8.2764     8.2748   3.622774   3.624098     1.6848 -9.990e-29      63.97 4.9511e-02 0.0000e+00    78.3863    3.92765    34.6962    34.7119    26.9938    1484.76    1479.21 0.0000e+00
       2289    100.000     8.2712     8.2699   3.622552   3.623901     1.6836 -9.990e-29      98.38 4.9530e-02 0.0000e+00    78.5540    3.91871    34.6985    34.7142    26.9964    1484.76    1479.27 0.0000e+00
       2312    101.000     8.2639     8.2630   3.622247   3.623597     1.6812 -9.990e-29      31.71 4.9491e-02 0.0000e+00    78.7274    3.90470    34.7020    34.7173    27.0002    1484.75    1479.32 0.0000e+00
       2336    102.000     8.2526     8.2517   3.621784   3.623123     1.6787 -9.990e-29      74.09 4.9505e-02 0.0000e+00    78.9168    3.89224    34.7077    34.7229    27.0064    1484.73    1479.37 0.0000e+00
       2359    103.000     8.2463     8.2453   3.621561   3.622927     1.6752 -9.990e-29      56.57 4.9512e-02 0.0000e+00    79.0717    3.87443    34.7111    34.7266    27.0100    1484.73    1479.43 0.0000e+00
       2383    104.000     8.2330     8.2324   3.621029   3.622366     1.6713 -9.990e-29      84.71 4.9508e-02 0.0000e+00    79.2464    3.85921    34.7181    34.7329    27.0175    1484.70    1479.48 0.0000e+00
       2406    105.000     8.2223     8.2211   3.620595   3.621930     1.6673 -9.990e-29      45.57 4.9503e-02 0.0000e+00    79.4230    3.85115    34.7235    34.7390    27.0235    1484.69    1479.53 0.0000e+00
       2430    106.000     8.2177     8.2164   3.620435   3.621762     1.6641 -9.990e-29      98.12 4.9547e-02 0.0000e+00    79.6055    3.84811    34.7259    34.7413    27.0260    1484.69    1479.57 0.0000e+00
       2453    107.000     8.2138     8.2122   3.620275   3.621604     1.6612 -9.990e-29      58.49 4.9503e-02 0.0000e+00    79.7766    3.84480    34.7275    34.7433    27.0279    1484.69    1479.62 0.0000e+00
       2477    108.000     8.2119     8.2104   3.620242   3.621578     1.6590 -9.990e-29      98.58 4.9524e-02 0.0000e+00    79.9702    3.84013    34.7286    34.7443    27.0290    1484.70    1479.67 0.0000e+00
       2500    109.000     8.2116     8.2102   3.620281   3.621615     1.6564 -9.990e-29      89.03 4.9499e-02 0.0000e+00    80.1753    3.83145    34.7288    34.7444    27.0292    1484.72    1479.71 0.0000e+00
       2524    110.000     8.2116     8.2102   3.620345   3.621679     1.6542 -9.990e-29      97.50 4.9520e-02 0.0000e+00    80.3814    3.82629    34.7290    34.7446    27.0294    1484.74    1479.76 0.0000e+00
       2547    111.000     8.2114     8.2100   3.620416   3.621749     1.6522 -9.990e-29      92.18 4.9518e-02 0.0000e+00    80.6260    3.82634    34.7295    34.7451    27.0298    1484.75    1479.80 0.0000e+00
       2570    112.000     8.2114     8.2099   3.620500   3.621828     1.6507 -9.990e-29      32.55 4.9500e-02 0.0000e+00    80.8503    3.82718    34.7299    34.7456    27.0301    1484.77    1479.85 0.0000e+00
       2593    113.000     8.2105     8.2091   3.620539   3.621870     1.6499    -0.0665      58.07 4.9517e-02 0.0000e+00    81.0767    3.82881    34.7307    34.7463    27.0309    1484.78    1479.89 0.0000e+00
       2616    114.000     8.2011     8.2008   3.620168   3.621506     1.6491    -0.0579      49.64 4.9518e-02 0.0000e+00    81.2830    3.82929    34.7356    34.7502    27.0362    1484.77    1479.94 0.0000e+00
       2639    115.000     8.1777     8.1778   3.618955   3.620301     1.6486    -0.0664      88.87 4.9536e-02 0.0000e+00    81.4746    3.83275    34.7453    34.7596    27.0473    1484.71    1479.98 0.0000e+00
       2662    116.000     8.1698     8.1688   3.618520   3.619871     1.6484    -0.0590      66.90 4.9505e-02 0.0000e+00    81.5968    3.83471    34.7480    34.7634    27.0506    1484.70    1480.02 0.0000e+00
       2685    117.000     8.1659     8.1650   3.618346   3.619696     1.6478    -0.0700      76.77 4.9497e-02 0.0000e+00    81.5887    3.82327    34.7495    34.7648    27.0524    1484.70    1480.06 0.0000e+00
       2709    118.000     8.1626     8.1614   3.618208   3.619542     1.6461    -0.0559      72.95 4.9534e-02 0.0000e+00    81.6560    3.80752    34.7508    34.7663    27.0539    1484.71    1480.10 0.0000e+00
       2732    119.000     8.1435     8.1430   3.617211   3.618524     1.6434    -0.0558      70.55 4.9508e-02 0.0000e+00    81.6716    3.79141    34.7586    34.7731    27.0629    1484.66    1480.13 0.0000e+00
       2755    120.000     8.1364     8.1353   3.616903   3.618241     1.6403    -0.0558      82.75 4.9536e-02 0.0000e+00    81.6897    3.77861    34.7618    34.7773    27.0666    1484.66    1480.17 0.0000e+00
       2778    121.000     8.1316     8.1305   3.616692   3.618022     1.6368    -0.0558      84.70 4.9518e-02 0.0000e+00    81.6803    3.76218    34.7639    34.7792    27.0689    1484.66    1480.21 0.0000e+00
       2801    122.000     8.1276     8.1267   3.616541   3.617871     1.6326    -0.0593      95.28 4.9524e-02 0.0000e+00    81.7065    3.74659    34.7657    34.7809    27.0710    1484.66    1480.25 0.0000e+00
       2824    123.000     8.1154     8.1148   3.615941   3.617280     1.6288    -0.0655      96.67 4.9514e-02 0.0000e+00    81.6991    3.73897    34.7709    34.7858    27.0769    1484.64    1480.28 0.0000e+00
       2848    124.000     8.1057     8.1050   3.615424   3.616780     1.6252    -0.0642      48.23 4.9481e-02 0.0000e+00    81.6919    3.73411    34.7745    34.7897    27.0812    1484.62    1480.32 0.0000e+00
       2871    125.000     8.1029     8.1016   3.615291   3.616617     1.6224    -0.0625      70.66 4.9511e-02 0.0000e+00    81.7047    3.72662    34.7754    34.7909    27.0823    1484.63    1480.35 0.0000e+00
       2894    126.000     8.0977     8.0966   3.615053   3.616382     1.6190    -0.0625      35.61 4.9494e-02 0.0000e+00    81.6942    3.71445    34.7775    34.7928    27.0847    1484.63    1480.38 0.0000e+00
       2917    127.000     8.0887     8.0879   3.614638   3.615975     1.6161 -9.990e-29      91.65 4.9487e-02 0.0000e+00    81.6744    3.70516    34.7815    34.7966    27.0892    1484.62    1480.42 0.0000e+00
       2940    128.000     8.0802     8.0792   3.614341   3.615663     1.6125 -9.990e-29      55.67 4.9499e-02 0.0000e+00    81.6871    3.69214    34.7863    34.8014    27.0942    1484.61    1480.45 0.0000e+00
       2963    129.000     8.0772     8.0760   3.614238   3.615578     1.6092 -9.990e-29      67.54 4.9471e-02 0.0000e+00    81.6781    3.68785    34.7877    34.8032    27.0958    1484.62    1480.48 0.0000e+00
       2985    130.000     8.0718     8.0707   3.613976   3.615316     1.6068 -9.990e-29      50.88 4.9500e-02 0.0000e+00    81.6788    3.68679    34.7897    34.8052    27.0982    1484.61    1480.51 0.0000e+00
       3008    131.000     8.0639     8.0623   3.613792   3.615072     1.6045    -0.0658      99.09 4.9536e-02 0.0000e+00    81.6881    3.68992    34.7951    34.8104    27.1037    1484.61    1480.55 0.0000e+00
       3031    132.000     8.0533     8.0524   3.613285   3.614600     1.6037    -0.0623      69.04 4.9488e-02 0.0000e+00    81.7108    3.69591    34.7997    34.8147    27.1089    1484.59    1480.58 0.0000e+00
       3054    133.000     8.0466     8.0460   3.612918   3.614279     1.6028    -0.0684      97.31 4.9523e-02 0.0000e+00    81.7082    3.69637    34.8020    34.8172    27.1116    1484.58    1480.61 0.0000e+00
       3076    134.000     8.0422     8.0409   3.612639   3.613953     1.6024    -0.0647      72.36 4.9484e-02 0.0000e+00    81.7231    3.70573    34.8029    34.8183    27.1130    1484.58    1480.64 0.0000e+00
       3099    135.000     8.0422     8.0410   3.612691   3.614035     1.6033    -0.0618      98.52 4.9534e-02 0.0000e+00    81.7142    3.71264    34.8029    34.8185    27.1131    1484.60    1480.66 0.0000e+00
       3121    136.000     8.0415     8.0400   3.612667   3.613961     1.6034    -0.0637      74.10 4.9511e-02 0.0000e+00    81.6973    3.70697    34.8029    34.8183    27.1131    1484.61    1480.69 0.0000e+00
       3144    137.000     8.0385     8.0370   3.612431   3.613731     1.6031    -0.0596      89.03 4.9502e-02 0.0000e+00    81.7025    3.69687    34.8029    34.8183    27.1135    1484.62    1480.72 0.0000e+00
       3166    138.000     8.0364     8.0351   3.612321   3.613636     1.6017    -0.0620      72.16 4.9505e-02 0.0000e+00    81.6739    3.68291    34.8033    34.8187    27.1142    1484.63    1480.75 0.0000e+00
       3189    139.000     8.0355     8.0340   3.612386   3.613698     1.5997    -0.0633      31.49 4.9524e-02 0.0000e+00    81.6794    3.67405    34.8044    34.8200    27.1152    1484.64    1480.78 0.0000e+00
       3211    140.000     8.0356     8.0342   3.612743   3.614080     1.5976    -0.0637      98.56 4.9521e-02 0.0000e+00    81.6678    3.66441    34.8076    34.8234    27.1177    1484.66    1480.81 0.0000e+00
       3234    141.000     8.0359     8.0344   3.612943   3.614296     1.5953    -0.0668      63.28 4.9521e-02 0.0000e+00    81.6545    3.65838    34.8090    34.8250    27.1188    1484.68    1480.83 0.0000e+00
       3256    142.000     8.0358     8.0344   3.613054   3.614387     1.5935    -0.0612      96.91 4.9536e-02 0.0000e+00    81.6605    3.66789    34.8098    34.8255    27.1194    1484.70    1480.86 0.0000e+00
       3279    143.000     8.0297     8.0287   3.612870   3.614178     1.5938    -0.0624      71.67 4.9524e-02 0.0000e+00    81.7091    3.69527    34.8134    34.8284    27.1232    1484.70    1480.89 0.0000e+00
       3301    144.000     8.0230     8.0219   3.612589   3.613928     1.5961    -0.0650      95.55 4.9558e-02 0.0000e+00    81.7268    3.71571    34.8166    34.8320    27.1266    1484.69    1480.91 0.0000e+00
       3323    145.000     8.0228     8.0214   3.612614   3.613941     1.5985    -0.0634      45.51 4.9493e-02 0.0000e+00    81.7508    3.73239    34.8166    34.8322    27.1267    1484.71    1480.94 0.0000e+00
       3345    146.000     8.0223     8.0208   3.612601   3.613922     1.6019    -0.0627      59.13 4.9477e-02 0.0000e+00    81.7795    3.74848    34.8164    34.8321    27.1266    1484.72    1480.97 0.0000e+00
       3367    147.000     8.0191     8.0178   3.612536   3.613854     1.6053    -0.0618      39.79 4.9502e-02 0.0000e+00    81.7834    3.75586    34.8184    34.8339    27.1287    1484.73    1480.99 0.0000e+00
       3390    148.000     8.0192     8.0179   3.612672   3.613993     1.6078    -0.0642      62.10 4.9489e-02 0.0000e+00    81.7637    3.75617    34.8193    34.8348    27.1294    1484.75    1481.02 0.0000e+00
       3412    149.000     8.0084     8.0074   3.612046   3.613337     1.6097 -9.990e-29      78.11 4.9542e-02 0.0000e+00    81.8073    3.75539    34.8228    34.8377    27.1338    1484.73    1481.04 0.0000e+00
       3434    150.000     8.0036     8.0023   3.611860   3.613160     1.6109 -9.990e-29      79.76 4.9496e-02 0.0000e+00    81.8073    3.75649    34.8251    34.8404    27.1363    1484.73    1481.07 0.0000e+00
       3457    151.000     7.9993     7.9976   3.611722   3.613025     1.6122 -9.990e-29      68.15 4.9496e-02 0.0000e+00    81.7961    3.76222    34.8274    34.8431    27.1387    1484.73    1481.09 0.0000e+00
       3479    152.000     7.9960     7.9950   3.611619   3.612950     1.6133 -9.990e-29      34.97 4.9517e-02 0.0000e+00    81.8124    3.76255    34.8291    34.8444    27.1406    1484.74    1481.11 0.0000e+00
       3501    153.000     7.9930     7.9918   3.611571   3.612897     1.6141    -0.0650      91.66 4.9509e-02 0.0000e+00    81.8199    3.76168    34.8311    34.8465    27.1426    1484.75    1481.14 0.0000e+00
       3523    154.000     7.9919     7.9910   3.611596   3.612923     1.6145    -0.0560      52.17 4.9515e-02 0.0000e+00    81.8136    3.76681    34.8320    34.8471    27.1434    1484.76    1481.16 0.0000e+00
