_data/ctd/2022603/sta0182.cnv
* Sea-Bird SBE 9 Data File:
* FileName = C:\Seabird\CTDData\sta0182.hex
* Software Version Seasave V 7.21f
* Temperature SN = 6264
* Conductivity SN = 4928
* Number of Bytes Per Scan = 40
* Number of Voltage Words = 5
* Number of Scans Averaged by the Deck Unit = 1
* NMEA Latitude = 61 10.81 N
* NMEA Longitude = 006 01.40 E
* NMEA UTC (Time) = Feb 13 2022 23:30:45
* NMEA baud rate = 4800
** Ship: R/V "Kristine Bonnevie"
** Station: 0182
** Echodepth: 297
** Log: 0658.468
** Wind-Dir/Force: 94 05
** Air-temp (dry): 3.3
** Weather Sky:
** Sea:
# nquan = 19                                
# nvalues = 294                         
# units = specified
# name 0 = scan: Scan Count
# name 1 = prDM: Pressure, Digiquartz [db]
# name 2 = t068C: Temperature [ITS-68, deg C]
# name 3 = t168C: Temperature, 2 [ITS-68, deg C]
# name 4 = c0S/m: Conductivity [S/m]
# name 5 = c1S/m: Conductivity, 2 [S/m]
# name 6 = sbeox0V: Oxygen raw, SBE 43 [V]
# name 7 = flECO-AFL: Fluorescence, WET Labs ECO-AFL/FL [mg/m^3]
# name 8 = altM: Altimeter [m]
# name 9 = par: PAR/Irradiance, Biospherical/Licor
# name 10 = spar: SPAR/Surface Irradiance
# name 11 = CStarTr0: Beam Transmission, WET Labs C-Star [%]
# name 12 = sbeox0ML/L: Oxygen, SBE 43 [ml/l], WS = 2
# name 13 = sal00: Salinity, Practical [PSU]
# name 14 = sal11: Salinity, Practical, 2 [PSU]
# name 15 = sigma-t00: Density [sigma-t, Kg/m^3 ]
# name 16 = svCM: Sound Velocity [Chen-Millero, m/s]
# name 17 = avgsvCM: Average Sound Velocity [Chen-Millero, m/s], minP = 1, minS = 5
# name 18 = flag: flag
# span 0 =        110,       6596       
# span 1 =      1.000,    294.000       
# span 2 =     5.6262,     9.6586       
# span 3 =     5.6254,     9.6559       
# span 4 =   2.989816,   3.695170       
# span 5 =   2.986639,   3.696696       
# span 6 =     1.9816,     2.4519       
# span 7 =    -0.0918,     0.9195       
# span 8 =       4.58,     100.21       
# span 9 = 4.9453e-02, 2.0717e+00       
# span 10 = 0.0000e+00, 0.0000e+00      
# span 11 =    76.6784,    81.5682      
# span 12 =    5.05251,    7.01650      
# span 13 =    30.2795,    34.9772      
# span 14 =    30.2595,    34.9934      
# span 15 =    23.8604,    27.2857      
# span 16 =    1467.39,    1488.20      
# span 17 =    1467.47,    1484.16      
# span 18 = 0.0000e+00, 0.0000e+00      
# interval = decibars: 1                
# start_time = Feb 13 2022 23:30:47 [System UTC, header]
# bad_flag = -9.990e-29
*END*
[from data line 77]
       1905     78.000     9.0323     9.0331   3.674431   3.675871     2.1660 -9.990e-29      46.86 4.9471e-02 0.0000e+00    76.9614    5.39504    34.5119    34.5262    26.7311    1486.99    1479.38 0.0000e+00
       1927     79.000     9.0097     9.0094   3.673573   3.675004     2.1627 -9.990e-29      91.07 4.9508e-02 0.0000e+00    76.9201    5.38915    34.5244    34.5397    26.7445    1486.94    1479.47 0.0000e+00
       1949     80.000     8.9749     8.9750   3.673059   3.674473     2.1600 -9.990e-29      56.87 4.9521e-02 0.0000e+00    76.8742    5.38863    34.5524    34.5671    26.7720    1486.86    1479.56 0.0000e+00
       1971     81.000     8.9659     8.9648   3.672721   3.674134     2.1573 -9.990e-29      87.44 4.9484e-02 0.0000e+00    76.8262    5.37939    34.5571    34.5730    26.7771    1486.85    1479.65 0.0000e+00
       1993     82.000     8.9497     8.9491   3.671940   3.673350     2.1546 -9.990e-29      57.41 4.9489e-02 0.0000e+00    76.8048    5.38499    34.5642    34.5796    26.7853    1486.82    1479.74 0.0000e+00
       2015     83.000     8.9316     8.9312   3.671025   3.672440     2.1537 -9.990e-29      87.42 4.9471e-02 0.0000e+00    76.7725    5.39552    34.5718    34.5870    26.7941    1486.78    1479.83 0.0000e+00
       2037     84.000     8.8922     8.8938   3.668826   3.670246     2.1530 -9.990e-29      64.69 4.9483e-02 0.0000e+00    76.7627    5.40213    34.5866    34.5999    26.8119    1486.67    1479.91 0.0000e+00
       2060     85.000     8.8579     8.8573   3.666817   3.668199     2.1526 -9.990e-29      84.03 4.9483e-02 0.0000e+00    76.7346    5.39951    34.5985    34.6136    26.8267    1486.57    1479.98 0.0000e+00
       2082     86.000     8.8495     8.8484   3.666318   3.667729     2.1512 -9.990e-29      64.92 4.9506e-02 0.0000e+00    76.7190    5.39729    34.6009    34.6168    26.8299    1486.56    1480.06 0.0000e+00
       2105     87.000     8.8442     8.8429   3.666050   3.667433     2.1508    -0.0856      99.09 4.9487e-02 0.0000e+00    76.6979    5.40695    34.6028    34.6186    26.8323    1486.56    1480.13 0.0000e+00
       2128     88.000     8.8339     8.8326   3.665444   3.666847     2.1510    -0.0648      97.04 4.9481e-02 0.0000e+00    76.6784    5.41440    34.6060    34.6220    26.8364    1486.54    1480.21 0.0000e+00
       2151     89.000     8.8341     8.8327   3.665873   3.667288     2.1513    -0.0745      95.21 4.9469e-02 0.0000e+00    76.6896    5.41466    34.6099    34.6261    26.8394    1486.56    1480.28 0.0000e+00
       2174     90.000     8.8177     8.8182   3.664726   3.666166     2.1520    -0.0723      98.79 4.9491e-02 0.0000e+00    76.6835    5.42076    34.6133    34.6280    26.8447    1486.52    1480.35 0.0000e+00
       2197     91.000     8.7834     8.7838   3.662375   3.663784     2.1519    -0.0559      84.12 4.9477e-02 0.0000e+00    76.7119    5.41804    34.6216    34.6361    26.8566    1486.42    1480.41 0.0000e+00
       2220     92.000     8.7507     8.7503   3.660385   3.661767     2.1517    -0.0558      52.33 4.9496e-02 0.0000e+00    76.7594    5.41897    34.6322    34.6471    26.8700    1486.33    1480.48 0.0000e+00
       2242     93.000     8.7375     8.7365   3.659666   3.661056     2.1506    -0.0558      82.58 4.9464e-02 0.0000e+00    76.7604    5.41009    34.6370    34.6527    26.8759    1486.30    1480.54 0.0000e+00
       2264     94.000     8.7175     8.7176   3.658432   3.659845     2.1495    -0.0558      55.94 4.9503e-02 0.0000e+00    76.8073    5.41088    34.6431    34.6579    26.8838    1486.25    1480.60 0.0000e+00
       2286     95.000     8.6933     8.6928   3.656786   3.658179     2.1486    -0.0558      79.33 4.9489e-02 0.0000e+00    76.8400    5.41848    34.6490    34.6642    26.8922    1486.19    1480.66 0.0000e+00
       2308     96.000     8.6840     8.6833   3.656339   3.657733     2.1483    -0.0727      58.50 4.9502e-02 0.0000e+00    76.8903    5.41750    34.6529    34.6683    26.8967    1486.17    1480.72 0.0000e+00
       2330     97.000     8.6720     8.6710   3.655811   3.657193     2.1475    -0.0752      77.76 4.9477e-02 0.0000e+00    76.9391    5.41179    34.6586    34.6742    26.9031    1486.15    1480.77 0.0000e+00
       2352     98.000     8.6616     8.6609   3.655295   3.656676     2.1463    -0.0558      63.39 4.9509e-02 0.0000e+00    76.9915    5.40832    34.6629    34.6781    26.9081    1486.14    1480.83 0.0000e+00
       2373     99.000     8.6472     8.6467   3.654510   3.655892     2.1451    -0.0558      75.36 4.9490e-02 0.0000e+00    77.0491    5.40676    34.6682    34.6833    26.9145    1486.11    1480.88 0.0000e+00
       2395    100.000     8.6320     8.6313   3.653636   3.655004     2.1442    -0.0558      66.73 4.9477e-02 0.0000e+00    77.1344    5.41497    34.6734    34.6885    26.9210    1486.07    1480.93 0.0000e+00
       2417    101.000     8.5980     8.5986   3.650700   3.652046     2.1442    -0.0817      97.81 4.9477e-02 0.0000e+00    77.1914    5.42094    34.6752    34.6889    26.9277    1485.97    1480.98 0.0000e+00
       2439    102.000     8.5770     8.5758   3.648929   3.650284     2.1435    -0.0863      32.69 4.9477e-02 0.0000e+00    77.2727    5.41951    34.6766    34.6922    26.9321    1485.91    1481.03 0.0000e+00
       2462    103.000     8.5669     8.5661   3.648327   3.649688     2.1432    -0.0737      99.37 4.9483e-02 0.0000e+00    77.3533    5.41848    34.6797    34.6949    26.9361    1485.89    1481.08 0.0000e+00
       2484    104.000     8.5576     8.5566   3.647674   3.649050     2.1420    -0.0556      33.53 4.9477e-02 0.0000e+00    77.4582    5.39665    34.6815    34.6970    26.9389    1485.87    1481.12 0.0000e+00
       2506    105.000     8.5396     8.5393   3.646653   3.648020     2.1383    -0.0558      99.02 4.9477e-02 0.0000e+00    77.5533    5.37101    34.6879    34.7026    26.9467    1485.83    1481.17 0.0000e+00
       2528    106.000     8.5260     8.5251   3.646044   3.647408     2.1343 -9.990e-29      37.00 4.9494e-02 0.0000e+00    77.6788    5.35786    34.6943    34.7096    26.9539    1485.80    1481.21 0.0000e+00
       2550    107.000     8.5194     8.5183   3.645811   3.647184     2.1301 -9.990e-29      94.84 4.9477e-02 0.0000e+00    77.7834    5.34493    34.6978    34.7135    26.9577    1485.80    1481.25 0.0000e+00
       2572    108.000     8.5073     8.5068   3.645052   3.646422     2.1262 -9.990e-29      55.54 4.9489e-02 0.0000e+00    77.8987    5.33910    34.7012    34.7162    26.9622    1485.77    1481.30 0.0000e+00
       2595    109.000     8.4950     8.4937   3.644390   3.645742     2.1228 -9.990e-29      92.67 4.9477e-02 0.0000e+00    78.0286    5.33874    34.7058    34.7214    26.9677    1485.75    1481.34 0.0000e+00
       2617    110.000     8.4852     8.4845   3.644035   3.645404     2.1203    -0.0558      56.01 4.9496e-02 0.0000e+00    78.1645    5.33884    34.7112    34.7264    26.9735    1485.74    1481.38 0.0000e+00
       2638    111.000     8.4780     8.4768   3.643607   3.644969     2.1183    -0.0558      97.50 4.9483e-02 0.0000e+00    78.2983    5.33424    34.7133    34.7289    26.9762    1485.73    1481.42 0.0000e+00
       2660    112.000     8.4671     8.4662   3.642958   3.644320     2.1159    -0.0558      34.87 4.9459e-02 0.0000e+00    78.4391    5.33126    34.7166    34.7320    26.9805    1485.71    1481.45 0.0000e+00
       2682    113.000     8.4524     8.4517   3.642085   3.643428     2.1142    -0.0558      89.06 4.9483e-02 0.0000e+00    78.5467    5.32859    34.7214    34.7363    26.9865    1485.68    1481.49 0.0000e+00
       2703    114.000     8.4416     8.4408   3.641625   3.642966     2.1121    -0.0572      98.74 4.9490e-02 0.0000e+00    78.6893    5.32113    34.7267    34.7417    26.9923    1485.66    1481.53 0.0000e+00
       2725    115.000     8.4269     8.4261   3.640873   3.642234     2.1101 -9.990e-29      98.80 4.9483e-02 0.0000e+00    78.8375    5.31898    34.7327    34.7479    26.9993    1485.63    1481.56 0.0000e+00
       2747    116.000     8.4162     8.4152   3.640302   3.641642     2.1081 -9.990e-29      61.91 4.9465e-02 0.0000e+00    79.0017    5.31454    34.7367    34.7519    27.0041    1485.61    1481.60 0.0000e+00
       2769    117.000     8.4100     8.4086   3.639921   3.641272     2.1063 -9.990e-29      95.34 4.9490e-02 0.0000e+00    79.1418    5.31177    34.7383    34.7540    27.0063    1485.61    1481.63 0.0000e+00
       2791    118.000     8.4008     8.3998   3.639419   3.640755     2.1048 -9.990e-29      62.57 4.9464e-02 0.0000e+00    79.3130    5.31327    34.7415    34.7567    27.0103    1485.59    1481.67 0.0000e+00
       2812    119.000     8.3842     8.3838   3.638306   3.639661     2.1035 -9.990e-29      96.77 4.9477e-02 0.0000e+00    79.4835    5.31229    34.7456    34.7604    27.0160    1485.55    1481.70 0.0000e+00
       2834    120.000     8.3729     8.3718   3.637716   3.639063     2.1022 -9.990e-29      70.71 4.9479e-02 0.0000e+00    79.6635    5.30909    34.7500    34.7654    27.0212    1485.53    1481.73 0.0000e+00
       2856    121.000     8.3675     8.3663   3.637595   3.638954     2.1008 -9.990e-29      36.70 4.9483e-02 0.0000e+00    79.8967    5.30199    34.7535    34.7692    27.0248    1485.53    1481.76 0.0000e+00
       2878    122.000     8.3626     8.3612   3.637588   3.638916     2.0987 -9.990e-29      95.93 4.9477e-02 0.0000e+00    80.1014    5.29274    34.7578    34.7733    27.0289    1485.53    1481.79 0.0000e+00
       2900    123.000     8.3802     8.3776   3.639855   3.641267     2.0968    -0.0791      31.91 4.9477e-02 0.0000e+00    80.3546    5.28545    34.7641    34.7817    27.0311    1485.62    1481.82 0.0000e+00
       2922    124.000     8.3931     8.3915   3.641654   3.643002     2.0950    -0.0561      99.58 4.9471e-02 0.0000e+00    80.5708    5.28856    34.7700    34.7859    27.0338    1485.70    1481.85 0.0000e+00
       2944    125.000     8.3769     8.3762   3.640475   3.641820     2.0948    -0.0861      27.88 4.9483e-02 0.0000e+00    80.7726    5.31429    34.7730    34.7880    27.0386    1485.66    1481.88 0.0000e+00
       2965    126.000     8.3662     8.3656   3.639669   3.641034     2.0973    -0.0683      98.56 4.9502e-02 0.0000e+00    80.9141    5.35747    34.7745    34.7896    27.0415    1485.63    1481.91 0.0000e+00
       2987    127.000     8.3410     8.3410   3.637422   3.638783     2.1022    -0.0573      27.75 4.9505e-02 0.0000e+00    81.0323    5.39871    34.7750    34.7895    27.0457    1485.56    1481.94 0.0000e+00
       3009    128.000     8.3314     8.3304   3.636631   3.637964     2.1081    -0.0610      99.06 4.9477e-02 0.0000e+00    81.0681    5.41148    34.7756    34.7908    27.0477    1485.54    1481.97 0.0000e+00
       3030    129.000     8.3113     8.3110   3.635047   3.636414     2.1117    -0.0577      43.78 4.9511e-02 0.0000e+00    81.1046    5.39623    34.7781    34.7929    27.0527    1485.48    1482.00 0.0000e+00
       3051    130.000     8.3084     8.3076   3.635216   3.636752     2.1126    -0.0606      98.18 4.9485e-02 0.0000e+00    81.1191    5.36872    34.7823    34.7994    27.0564    1485.49    1482.02 0.0000e+00
       3072    131.000     8.3164     8.3151   3.636416   3.637708     2.1108    -0.0880      98.79 4.9477e-02 0.0000e+00    81.1382    5.33852    34.7867    34.8017    27.0587    1485.55    1482.05 0.0000e+00
       3094    132.000     8.2997     8.2980   3.635088   3.636427     2.1079    -0.0898      98.67 4.9502e-02 0.0000e+00    81.1526    5.31810    34.7886    34.8045    27.0627    1485.50    1482.08 0.0000e+00
       3115    133.000     8.3227     8.3203   3.637980   3.639346     2.1041    -0.0793      69.09 4.9477e-02 0.0000e+00    81.1489    5.30741    34.7961    34.8131    27.0651    1485.61    1482.10 0.0000e+00
       3136    134.000     8.3151     8.3147   3.637378   3.638752     2.1018    -0.0661      70.22 4.9472e-02 0.0000e+00    81.1667    5.31579    34.7968    34.8118    27.0668    1485.60    1482.13 0.0000e+00
       3157    135.000     8.2759     8.2773   3.633347   3.634694     2.1000    -0.0896      73.57 4.9499e-02 0.0000e+00    81.1635    5.32648    34.7921    34.8051    27.0691    1485.47    1482.15 0.0000e+00
       3178    136.000     8.2570     8.2561   3.631725   3.633070     2.0999    -0.0877      20.26 4.9490e-02 0.0000e+00    81.1678    5.34666    34.7930    34.8083    27.0727    1485.41    1482.18 0.0000e+00
       3200    137.000     8.2499     8.2487   3.631198   3.632528     2.1007    -0.0906      75.81 4.9479e-02 0.0000e+00    81.1826    5.34202    34.7939    34.8093    27.0745    1485.40    1482.20 0.0000e+00
       3221    138.000     8.2431     8.2421   3.630791   3.632145     2.0991    -0.0728      75.92 4.9518e-02 0.0000e+00    81.2080    5.30204    34.7959    34.8113    27.0771    1485.40    1482.23 0.0000e+00
       3242    139.000     8.2334     8.2324   3.630580   3.631933     2.0943    -0.0590      86.43 4.9478e-02 0.0000e+00    81.2289    5.26011    34.8027    34.8182    27.0840    1485.39    1482.25 0.0000e+00
       3263    140.000     8.2303     8.2289   3.630831   3.632183     2.0883    -0.0573      74.95 4.9483e-02 0.0000e+00    81.2436    5.23727    34.8080    34.8238    27.0886    1485.40    1482.27 0.0000e+00
       3285    141.000     8.2202     8.2197   3.630277   3.631613     2.0825    -0.0906      91.07 4.9472e-02 0.0000e+00    81.2558    5.22710    34.8116    34.8264    27.0929    1485.38    1482.29 0.0000e+00
       3306    142.000     8.2029     8.2021   3.629199   3.630528     2.0778    -0.0874      81.14 4.9479e-02 0.0000e+00    81.2536    5.22456    34.8168    34.8317    27.0996    1485.34    1482.31 0.0000e+00
       3326    143.000     8.1962     8.1952   3.628738   3.630077     2.0739    -0.0741      23.59 4.9488e-02 0.0000e+00    81.2653    5.22274    34.8180    34.8333    27.1016    1485.33    1482.33 0.0000e+00
       3347    144.000     8.1869     8.1858   3.628233   3.629569     2.0709    -0.0572      98.64 4.9477e-02 0.0000e+00    81.2586    5.22434    34.8213    34.8367    27.1056    1485.32    1482.36 0.0000e+00
       3368    145.000     8.1862     8.1846   3.628377   3.629727     2.0681    -0.0580      45.24 4.9488e-02 0.0000e+00    81.2340    5.21371    34.8231    34.8391    27.1071    1485.33    1482.38 0.0000e+00
       3389    146.000     8.1883     8.1862   3.628999   3.630352     2.0652    -0.0906      99.25 4.9479e-02 0.0000e+00    81.2411    5.19912    34.8272    34.8437    27.1100    1485.36    1482.40 0.0000e+00
       3410    147.000     8.1973     8.1959   3.630413   3.631752     2.0615    -0.0643      51.60 4.9465e-02 0.0000e+00    81.1897    5.18909    34.8329    34.8486    27.1131    1485.42    1482.42 0.0000e+00
       3431    148.000     8.1931     8.1901   3.630321   3.631566     2.0592    -0.0734      95.94 4.9499e-02 0.0000e+00    81.2625    5.19775    34.8356    34.8518    27.1159    1485.42    1482.44 0.0000e+00
       3452    149.000     8.1957     8.1943   3.630776   3.632121     2.0578    -0.0790      57.90 4.9479e-02 0.0000e+00    81.2349    5.21122    34.8374    34.8531    27.1169    1485.45    1482.46 0.0000e+00
       3473    150.000     8.2238     8.2209   3.634441   3.635964     2.0584    -0.0586      21.66 4.9492e-02 0.0000e+00    81.2192    5.22456    34.8482    34.8673    27.1211    1485.59    1482.48 0.0000e+00
       3494    151.000     8.2423     8.2407   3.636576   3.637885     2.0593    -0.0865      84.11 4.9492e-02 0.0000e+00    81.2251    5.22909    34.8521    34.8677    27.1214    1485.68    1482.50 0.0000e+00
       3515    152.000     8.2231     8.2233   3.634594   3.635949     2.0604 -9.990e-29      35.50 4.9479e-02 0.0000e+00    81.2221    5.25302    34.8495    34.8638    27.1223    1485.62    1482.52 0.0000e+00
