_data/ctd/2022603/sta0178.cnv
* Sea-Bird SBE 9 Data File:
* FileName = C:\Seabird\CTDData\sta0178.hex
* Software Version Seasave V 7.21f
* Temperature SN = 6264
* Conductivity SN = 4928
* Number of Bytes Per Scan = 40
* Number of Voltage Words = 5
* Number of Scans Averaged by the Deck Unit = 1
* NMEA Latitude = 60 53.66 N
* NMEA Longitude = 004 38.66 E
* NMEA UTC (Time) = Feb 13 2022 05:28:02
* NMEA baud rate = 4800
** Ship: R/V "Kristine Bonnevie"
** Station: 0178
** Echodepth: 284
** Log: 0540.377
** Wind-Dir/Force: 20 33
** Air-temp (dry): 7.2
** Weather Sky:
** Sea:
** VK043
# nquan = 19                                
# nvalues = 271                         
# units = specified
# name 0 = scan: Scan Count
# name 1 = prDM: Pressure, Digiquartz [db]
# name 2 = t068C: Temperature [ITS-68, deg C]
# name 3 = t168C: Temperature, 2 [ITS-68, deg C]
# name 4 = c0S/m: Conductivity [S/m]
# name 5 = c1S/m: Conductivity, 2 [S/m]
# name 6 = sbeox0V: Oxygen raw, SBE 43 [V]
# name 7 = flECO-AFL: Fluorescence, WET Labs ECO-AFL/FL [mg/m^3]
# name 8 = altM: Altimeter [m]
# name 9 = par: PAR/Irradiance, Biospherical/Licor
# name 10 = spar: SPAR/Surface Irradiance
# name 11 = CStarTr0: Beam Transmission, WET Labs C-Star [%]
# name 12 = sbeox0ML/L: Oxygen, SBE 43 [ml/l], WS = 2
# name 13 = sal00: Salinity, Practical [PSU]
# name 14 = sal11: Salinity, Practical, 2 [PSU]
# name 15 = sigma-t00: Density [sigma-t, Kg/m^3 ]
# name 16 = svCM: Sound Velocity [Chen-Millero, m/s]
# name 17 = avgsvCM: Average Sound Velocity [Chen-Millero, m/s], minP = 1, minS = 5
# name 18 = flag: flag
# span 0 =         56,       6445       
# span 1 =      3.000,    273.000       
# span 2 =     6.8946,     8.1811       
# span 3 =     6.8929,     8.1794       
# span 4 =   3.297955,   3.639320       
# span 5 =   3.298976,   3.640681       
# span 6 =     2.1847,     2.4965       
# span 7 =    -0.1062,     0.3933       
# span 8 =       8.92,      99.88       
# span 9 = 4.9404e-02, 4.6608e-01       
# span 10 = 0.0000e+00, 0.0000e+00      
# span 11 =    80.1769,    81.5940      
# span 12 =    5.72939,    6.81123      
# span 13 =    32.5705,    34.9830      
# span 14 =    32.5833,    34.9993      
# span 15 =    25.5196,    27.2494      
# span 16 =    1475.25,    1487.23      
# span 17 =    1475.25,    1482.72      
# span 18 = 0.0000e+00, 0.0000e+00      
# interval = decibars: 1                
# start_time = Feb 13 2022 05:28:04 [System UTC, header]
# bad_flag = -9.990e-29
*END*
         56      3.000     6.8946     6.8929   3.297955   3.298976     2.4562     0.1950      82.32 4.6608e-01 0.0000e+00    80.4512    6.74045    32.5705    32.5833    25.5196    1475.25    1475.25 0.0000e+00
        350      4.000     6.8988     6.8989   3.301792   3.305402     2.4595     0.1846      82.08 3.9475e-01 0.0000e+00    80.4489    6.74568    32.6080    32.6475    25.5486    1475.33    1475.27 0.0000e+00
        547      5.000     6.9159     6.9149   3.319769   3.322271     2.4613     0.2422      87.71 2.7336e-01 0.0000e+00    80.4560    6.74325    32.7882    32.8165    25.6882    1475.64    1475.34 0.0000e+00
        606      6.000     6.9275     6.9277   3.332580   3.336575     2.4625     0.2131      99.76 2.2016e-01 0.0000e+00    80.4736    6.74562    32.9169    32.9605    25.7880    1475.86    1475.43 0.0000e+00
        634      7.000     6.9458     6.9425   3.352322   3.352805     2.4639     0.2492      98.82 1.8186e-01 0.0000e+00    80.4622    6.74164    33.1152    33.1237    25.9417    1476.20    1475.54 0.0000e+00
        654      8.000     6.9584     6.9560   3.363596   3.364585     2.4647     0.2328      98.82 1.7652e-01 0.0000e+00    80.4461    6.74055    33.2261    33.2393    26.0274    1476.40    1475.65 0.0000e+00
        675      9.000     6.9633     6.9613   3.368812   3.369960     2.4662     0.2021      98.83 1.2426e-01 0.0000e+00    80.4457    6.74894    33.2781    33.2926    26.0676    1476.50    1475.74 0.0000e+00
        703     10.000     6.9713     6.9710   3.378572   3.382496     2.4682     0.2490      98.82 1.0147e-01 0.0000e+00    80.4371    6.74954    33.3768    33.4202    26.1443    1476.67    1475.84 0.0000e+00
        728     11.000     6.9791     6.9773   3.389331   3.390065     2.4699     0.2470      98.82 8.4129e-02 0.0000e+00    80.4493    6.75468    33.4867    33.4966    26.2299    1476.86    1475.93 0.0000e+00
        753     12.000     6.9790     6.9773   3.388473   3.389714     2.4725     0.2528      72.47 6.7400e-02 0.0000e+00    80.4548    6.76994    33.4769    33.4922    26.2221    1476.86    1476.01 0.0000e+00
        782     13.000     6.9818     6.9800   3.392392   3.393350     2.4757     0.2739      99.88 5.7406e-02 0.0000e+00    80.4540    6.78308    33.5167    33.5290    26.2531    1476.94    1476.08 0.0000e+00
        804     14.000     6.9844     6.9826   3.398944   3.399545     2.4783     0.2470      98.82 5.1307e-02 0.0000e+00    80.4624    6.78494    33.5856    33.5939    26.3070    1477.05    1476.15 0.0000e+00
        820     15.000     6.9845     6.9829   3.402671   3.404473     2.4796     0.2091      98.82 4.9404e-02 0.0000e+00    80.4559    6.78318    33.6259    33.6472    26.3387    1477.12    1476.21 0.0000e+00
        833     16.000     6.9843     6.9827   3.408329   3.409803     2.4809     0.1934      98.82 4.9470e-02 0.0000e+00    80.4353    6.78024    33.6877    33.7054    26.3874    1477.21    1476.27 0.0000e+00
        846     17.000     6.9848     6.9830   3.410204   3.411382     2.4812     0.2029      98.82 4.9481e-02 0.0000e+00    80.3995    6.77804    33.7072    33.7219    26.4027    1477.25    1476.33 0.0000e+00
        875     18.000     6.9875     6.9860   3.411187   3.412446     2.4833     0.2097      98.82 4.9489e-02 0.0000e+00    80.4079    6.79152    33.7149    33.7302    26.4084    1477.29    1476.38 0.0000e+00
        937     19.000     7.0002     6.9944   3.416372   3.415114     2.4890     0.2536      98.83 4.9513e-02 0.0000e+00    80.4017    6.81123    33.7589    33.7507    26.4413    1477.41    1476.44 0.0000e+00
        953     20.000     7.0251     7.0218   3.423373   3.424441     2.4902     0.1958      48.54 4.9521e-02 0.0000e+00    80.4211    6.80950    33.8107    33.8257    26.4787    1477.59    1476.50 0.0000e+00
        969     21.000     7.0513     7.0525   3.427895   3.430497     2.4917     0.1979      42.16 4.9488e-02 0.0000e+00    80.4130    6.80686    33.8341    33.8614    26.4935    1477.74    1476.55 0.0000e+00
        982     22.000     7.0927     7.0912   3.434236   3.435629     2.4925     0.1944      76.51 4.9525e-02 0.0000e+00    80.4476    6.80015    33.8624    33.8791    26.5101    1477.95    1476.62 0.0000e+00
        994     23.000     7.0978     7.0948   3.434998   3.436117     2.4930     0.1990      99.00 4.9451e-02 0.0000e+00    80.4470    6.80174    33.8652    33.8804    26.5117    1477.99    1476.68 0.0000e+00
       1006     24.000     7.1186     7.1165   3.438509   3.440428     2.4944     0.1970      98.83 4.9479e-02 0.0000e+00    80.4741    6.80102    33.8827    33.9058    26.5226    1478.11    1476.74 0.0000e+00
       1023     25.000     7.2009     7.1965   3.453589   3.454940     2.4948     0.1980      54.88 4.9481e-02 0.0000e+00    80.4930    6.78164    33.9662    33.9853    26.5769    1478.54    1476.81 0.0000e+00
       1047     26.000     7.1910     7.1900   3.456556   3.457744     2.4963     0.1923      62.76 4.9511e-02 0.0000e+00    80.5375    6.78799    34.0079    34.0219    26.6111    1478.57    1476.88 0.0000e+00
       1072     27.000     7.1997     7.1994   3.457855   3.459222     2.4965     0.1812      98.54 4.9468e-02 0.0000e+00    80.5434    6.76261    34.0130    34.0283    26.6139    1478.63    1476.94 0.0000e+00
       1095     28.000     7.1819     7.1803   3.456249   3.457383     2.4945     0.1579      47.39 4.9471e-02 0.0000e+00    80.5443    6.73743    34.0125    34.0265    26.6160    1478.58    1477.00 0.0000e+00
       1117     29.000     7.1472     7.1483   3.453081   3.454342     2.4909     0.1580      50.12 4.9471e-02 0.0000e+00    80.5326    6.72117    34.0116    34.0243    26.6201    1478.46    1477.05 0.0000e+00
       1139     30.000     7.1416     7.1406   3.452733   3.454007     2.4870     0.1876      83.46 4.9483e-02 0.0000e+00    80.5551    6.70882    34.0128    34.0278    26.6218    1478.46    1477.10 0.0000e+00
       1164     31.000     7.1089     7.1102   3.449709   3.450961     2.4832     0.1932      41.36 4.9490e-02 0.0000e+00    80.5149    6.71574    34.0115    34.0239    26.6253    1478.34    1477.14 0.0000e+00
       1192     32.000     7.0913     7.0955   3.448136   3.449862     2.4803     0.2380      49.61 4.9469e-02 0.0000e+00    80.4956    6.71806    34.0111    34.0259    26.6275    1478.29    1477.17 0.0000e+00
       1216     33.000     7.0921     7.0930   3.448256   3.449652     2.4786     0.2482      71.07 4.9506e-02 0.0000e+00    80.4717    6.72432    34.0112    34.0256    26.6274    1478.31    1477.21 0.0000e+00
       1235     34.000     7.0906     7.0893   3.448153   3.449343     2.4780     0.2172      85.75 4.9488e-02 0.0000e+00    80.4277    6.72806    34.0110    34.0253    26.6275    1478.32    1477.24 0.0000e+00
       1252     35.000     7.0862     7.0842   3.447797   3.448927     2.4775     0.1921      47.32 4.9491e-02 0.0000e+00    80.4230    6.72590    34.0110    34.0253    26.6280    1478.32    1477.27 0.0000e+00
       1269     36.000     7.0858     7.0839   3.447815   3.449008     2.4765     0.1884      75.78 4.9498e-02 0.0000e+00    80.4024    6.72580    34.0111    34.0260    26.6282    1478.34    1477.30 0.0000e+00
       1290     37.000     7.0792     7.0775   3.447208   3.448318     2.4766     0.2288      79.29 4.9499e-02 0.0000e+00    80.3921    6.73780    34.0104    34.0243    26.6286    1478.33    1477.33 0.0000e+00
       1312     38.000     7.0742     7.0737   3.446817   3.448147     2.4764     0.2483      99.16 4.9458e-02 0.0000e+00    80.3931    6.73413    34.0106    34.0257    26.6294    1478.32    1477.36 0.0000e+00
       1332     39.000     7.0796     7.0783   3.447399   3.448661     2.4763     0.2495      66.49 4.9454e-02 0.0000e+00    80.3997    6.73795    34.0112    34.0263    26.6291    1478.36    1477.38 0.0000e+00
       1350     40.000     7.0836     7.0816   3.447815   3.449007     2.4764     0.2495      58.05 4.9472e-02 0.0000e+00    80.3783    6.74031    34.0113    34.0263    26.6286    1478.39    1477.41 0.0000e+00
       1369     41.000     7.0845     7.0832   3.447971   3.449180     2.4765     0.2481      83.80 4.9446e-02 0.0000e+00    80.3690    6.73759    34.0116    34.0261    26.6288    1478.41    1477.43 0.0000e+00
       1402     42.000     7.0818     7.0808   3.447808   3.449027     2.4762     0.2190      62.30 4.9484e-02 0.0000e+00    80.3708    6.73825    34.0120    34.0263    26.6295    1478.42    1477.45 0.0000e+00
       1450     43.000     7.0824     7.0811   3.447908   3.449145     2.4763     0.2515      84.26 4.9490e-02 0.0000e+00    80.3944    6.74000    34.0120    34.0268    26.6294    1478.44    1477.48 0.0000e+00
       1471     44.000     7.0817     7.0813   3.447826   3.449107     2.4762     0.2477      86.27 4.9447e-02 0.0000e+00    80.3906    6.74093    34.0113    34.0257    26.6289    1478.45    1477.50 0.0000e+00
       1487     45.000     7.0590     7.0608   3.445676   3.446972     2.4762     0.2495      99.05 4.9489e-02 0.0000e+00    80.3274    6.74200    34.0097    34.0221    26.6308    1478.38    1477.52 0.0000e+00
       1501     46.000     7.0537     7.0520   3.445202   3.446433     2.4760     0.2008      74.85 4.9493e-02 0.0000e+00    80.2809    6.73419    34.0092    34.0244    26.6311    1478.37    1477.54 0.0000e+00
       1513     47.000     7.0593     7.0549   3.445754   3.446579     2.4751     0.1882      91.21 4.9473e-02 0.0000e+00    80.3373    6.72606    34.0092    34.0226    26.6304    1478.41    1477.56 0.0000e+00
       1526     48.000     7.0454     7.0429   3.444415   3.445457     2.4741     0.1902      98.62 4.9474e-02 0.0000e+00    80.3048    6.73053    34.0078    34.0217    26.6311    1478.37    1477.57 0.0000e+00
       1545     49.000     7.0456     7.0431   3.444473   3.445572     2.4737     0.2135      90.16 4.9468e-02 0.0000e+00    80.3205    6.73861    34.0077    34.0222    26.6311    1478.39    1477.59 0.0000e+00
       1571     50.000     7.0454     7.0413   3.444486   3.445432     2.4734     0.2580      37.48 4.9468e-02 0.0000e+00    80.2898    6.74159    34.0076    34.0220    26.6310    1478.40    1477.61 0.0000e+00
       1593     51.000     7.0452     7.0453   3.444497   3.445856     2.4735     0.2798      97.94 4.9479e-02 0.0000e+00    80.3207    6.73781    34.0074    34.0222    26.6309    1478.42    1477.62 0.0000e+00
       1618     52.000     7.0483     7.0463   3.444855   3.446013     2.4726     0.2827      63.83 4.9486e-02 0.0000e+00    80.3006    6.73847    34.0078    34.0224    26.6307    1478.45    1477.64 0.0000e+00
       1665     53.000     7.0488     7.0466   3.444949   3.446078     2.4734     0.2644      76.14 4.9491e-02 0.0000e+00    80.3313    6.75027    34.0078    34.0224    26.6307    1478.47    1477.65 0.0000e+00
       1700     54.000     7.0421     7.0417   3.444331   3.445608     2.4735     0.2957      76.56 4.9467e-02 0.0000e+00    80.3460    6.74371    34.0072    34.0216    26.6311    1478.46    1477.67 0.0000e+00
       1716     55.000     7.0453     7.0436   3.444690   3.445900     2.4732     0.3730      88.83 4.9483e-02 0.0000e+00    80.3290    6.74259    34.0075    34.0224    26.6309    1478.49    1477.68 0.0000e+00
       1730     56.000     7.0468     7.0449   3.444892   3.446031     2.4733     0.3162      98.95 4.9503e-02 0.0000e+00    80.3284    6.74137    34.0077    34.0221    26.6309    1478.51    1477.70 0.0000e+00
       1743     57.000     7.0519     7.0472   3.445450   3.446386     2.4726     0.2457      98.48 4.9461e-02 0.0000e+00    80.3344    6.73932    34.0083    34.0232    26.6307    1478.55    1477.71 0.0000e+00
       1755     58.000     7.0604     7.0562   3.446331   3.447360     2.4727     0.2297      98.55 4.9462e-02 0.0000e+00    80.3308    6.73730    34.0091    34.0245    26.6301    1478.60    1477.73 0.0000e+00
       1768     59.000     7.0559     7.0560   3.445924   3.447258     2.4721     0.1984      50.54 4.9471e-02 0.0000e+00    80.3159    6.73810    34.0086    34.0231    26.6303    1478.59    1477.74 0.0000e+00
       1794     60.000     7.0459     7.0465   3.444948   3.446347     2.4716     0.2629      73.00 4.9492e-02 0.0000e+00    80.3119    6.74073    34.0072    34.0220    26.6306    1478.57    1477.76 0.0000e+00
       1825     61.000     7.0374     7.0329   3.444117   3.444959     2.4712     0.2471      58.41 4.9492e-02 0.0000e+00    80.3081    6.74198    34.0060    34.0197    26.6309    1478.55    1477.77 0.0000e+00
       1849     62.000     7.0193     7.0234   3.442203   3.443814     2.4708     0.2481      99.60 4.9457e-02 0.0000e+00    80.3084    6.74633    34.0024    34.0160    26.6305    1478.49    1477.78 0.0000e+00
       1869     63.000     6.9905     6.9903   3.439548   3.440722     2.4707     0.2495      38.15 4.9481e-02 0.0000e+00    80.3299    6.75619    34.0012    34.0143    26.6335    1478.40    1477.79 0.0000e+00
       1889     64.000     6.9894     6.9858   3.439535   3.440584     2.4711     0.2669      96.26 4.9454e-02 0.0000e+00    80.2833    6.75869    34.0017    34.0167    26.6340    1478.41    1477.80 0.0000e+00
       1907     65.000     6.9813     6.9803   3.439085   3.440286     2.4710     0.2799      61.21 4.9477e-02 0.0000e+00    80.2450    6.76066    34.0042    34.0184    26.6371    1478.40    1477.81 0.0000e+00
       1927     66.000     6.9914     6.9891   3.439717   3.440929     2.4713     0.2800      77.55 4.9459e-02 0.0000e+00    80.2504    6.76992    34.0007    34.0163    26.6330    1478.45    1477.82 0.0000e+00
       1949     67.000     6.9798     6.9842   3.439110   3.440578     2.4727     0.3933      83.67 4.9468e-02 0.0000e+00    80.2411    6.78382    34.0050    34.0168    26.6380    1478.43    1477.83 0.0000e+00
       1976     68.000     6.9850     6.9821   3.439465   3.440581     2.4744     0.3044      93.38 4.9479e-02 0.0000e+00    80.2458    6.78686    34.0033    34.0184    26.6359    1478.46    1477.84 0.0000e+00
       2008     69.000     6.9929     6.9870   3.440052   3.441010     2.4758     0.2909      88.18 4.9471e-02 0.0000e+00    80.2377    6.78526    34.0014    34.0178    26.6333    1478.51    1477.85 0.0000e+00
       2033     70.000     6.9886     6.9900   3.439774   3.441065     2.4763     0.3740      31.34 4.9474e-02 0.0000e+00    80.2626    6.78589    34.0021    34.0149    26.6345    1478.51    1477.86 0.0000e+00
       2051     71.000     6.9662     6.9652   3.438425   3.439600     2.4769     0.2929      99.23 4.9491e-02 0.0000e+00    80.2630    6.78799    34.0089    34.0228    26.6429    1478.44    1477.87 0.0000e+00
       2066     72.000     6.9664     6.9648   3.438470   3.439658     2.4765     0.2775      58.48 4.9468e-02 0.0000e+00    80.2256    6.77926    34.0088    34.0234    26.6427    1478.46    1477.87 0.0000e+00
       2080     73.000     6.9658     6.9641   3.438483   3.439644     2.4761     0.2493      52.08 4.9469e-02 0.0000e+00    80.2224    6.77138    34.0090    34.0234    26.6430    1478.48    1477.88 0.0000e+00
       2092     74.000     6.9659     6.9638   3.438530   3.439675     2.4752     0.2495      90.88 4.9474e-02 0.0000e+00    80.2134    6.76791    34.0089    34.0236    26.6429    1478.49    1477.89 0.0000e+00
       2104     75.000     6.9654     6.9636   3.438544   3.439697     2.4747     0.2495      70.24 4.9497e-02 0.0000e+00    80.1933    6.76744    34.0091    34.0235    26.6431    1478.51    1477.90 0.0000e+00
       2117     76.000     6.9636     6.9621   3.438491   3.439657     2.4739     0.2534      62.64 4.9477e-02 0.0000e+00    80.2167    6.76743    34.0098    34.0241    26.6439    1478.52    1477.91 0.0000e+00
       2158     77.000     6.9631     6.9613   3.438500   3.439665     2.4729     0.2786      97.01 4.9480e-02 0.0000e+00    80.2093    6.77504    34.0099    34.0245    26.6441    1478.53    1477.91 0.0000e+00
       2215     78.000     6.9619     6.9607   3.438499   3.439694     2.4728     0.2813      95.01 4.9470e-02 0.0000e+00    80.1950    6.77883    34.0106    34.0249    26.6448    1478.54    1477.92 0.0000e+00
