_data/ctd/2022603/sta0196.cnv
* Sea-Bird SBE 9 Data File:
* FileName = C:\Seabird\CTDData\sta0196.hex
* Software Version Seasave V 7.21f
* Temperature SN = 6264
* Conductivity SN = 4928
* Number of Bytes Per Scan = 40
* Number of Voltage Words = 5
* Number of Scans Averaged by the Deck Unit = 1
* NMEA Latitude = 61 13.68 N
* NMEA Longitude = 006 34.12 E
* NMEA UTC (Time) = Feb 14 2022 20:11:32
* NMEA baud rate = 4800
** Ship: R/V "Kristine Bonnevie"
** Station: 0196
** Echodepth: 299
** Log: 0774.793
** Wind-Dir/Force: 30 04
** Air-temp (dry): 4.8
** Weather Sky:
** Sea:
# nquan = 19                                
# nvalues = 295                         
# units = specified
# name 0 = scan: Scan Count
# name 1 = prDM: Pressure, Digiquartz [db]
# name 2 = t068C: Temperature [ITS-68, deg C]
# name 3 = t168C: Temperature, 2 [ITS-68, deg C]
# name 4 = c0S/m: Conductivity [S/m]
# name 5 = c1S/m: Conductivity, 2 [S/m]
# name 6 = sbeox0V: Oxygen raw, SBE 43 [V]
# name 7 = flECO-AFL: Fluorescence, WET Labs ECO-AFL/FL [mg/m^3]
# name 8 = altM: Altimeter [m]
# name 9 = par: PAR/Irradiance, Biospherical/Licor
# name 10 = spar: SPAR/Surface Irradiance
# name 11 = CStarTr0: Beam Transmission, WET Labs C-Star [%]
# name 12 = sbeox0ML/L: Oxygen, SBE 43 [ml/l], WS = 2
# name 13 = sal00: Salinity, Practical [PSU]
# name 14 = sal11: Salinity, Practical, 2 [PSU]
# name 15 = sigma-t00: Density [sigma-t, Kg/m^3 ]
# name 16 = svCM: Sound Velocity [Chen-Millero, m/s]
# name 17 = avgsvCM: Average Sound Velocity [Chen-Millero, m/s], minP = 1, minS = 5
# name 18 = flag: flag
# span 0 =        157,       7564       
# span 1 =      1.000,    295.000       
# span 2 =     4.2313,    10.0196       
# span 3 =     4.2040,    10.0163       
# span 4 =   2.635359,   3.708415       
# span 5 =   2.626472,   3.709861       
# span 6 =     1.8933,     2.4994       
# span 7 =    -0.0998,     1.0442       
# span 8 =       1.18,     100.23       
# span 9 = 4.9456e-02, 1.1454e+00       
# span 10 = 0.0000e+00, 0.0000e+00      
# span 11 =    78.8104,    81.8868      
# span 12 =    4.67586,    7.52134      
# span 13 =    27.5232,    34.9692      
# span 14 =    27.4440,    34.9857      
# span 15 =    21.8244,    27.2881      
# span 16 =    1458.02,    1489.15      
# span 17 =    1458.34,    1484.21      
# span 18 = 0.0000e+00, 0.0000e+00      
# interval = decibars: 1                
# start_time = Feb 14 2022 20:11:34 [System UTC, header]
# bad_flag = -9.990e-29
*END*
        157      1.000     4.3227     4.2668   2.666245   2.644127     2.4764     1.0442       1.18 1.1454e+00 0.0000e+00    79.2519    7.51800    27.8013    27.5946    22.0370    1458.75    1458.75 0.0000e+00
        204      2.000     4.2313     4.2040   2.635359   2.626472     2.4735     0.9158       1.47 6.5366e-01 0.0000e+00    78.9799    7.51298    27.5232    27.4440    21.8244    1458.02    1458.39 0.0000e+00
        270      3.000     4.2689     4.2445   2.648442   2.641639     2.4705     0.9504      20.92 6.1612e-01 0.0000e+00    79.0793    7.51267    27.6415    27.5838    21.9149    1458.35    1458.37 0.0000e+00
        313      4.000     4.2663     4.2634   2.647583   2.646856     2.4721     0.9381      31.95 3.4310e-01 0.0000e+00    79.1743    7.51620    27.6333    27.6274    21.9087    1458.35    1458.37 0.0000e+00
        346      5.000     4.2474     4.2431   2.641090   2.640605     2.4719     0.9632     100.23 2.8243e-01 0.0000e+00    79.1691    7.52134    27.5742    27.5722    21.8635    1458.21    1458.34 0.0000e+00
        377      6.000     4.2881     4.2886   2.656320   2.658917     2.4719     0.8572      98.82 2.2775e-01 0.0000e+00    79.1197    7.51078    27.7144    27.7438    21.9711    1458.57    1458.37 0.0000e+00
        407      7.000     4.4896     4.4585   2.731591   2.723618     2.4726     0.8463      98.82 1.7403e-01 0.0000e+00    79.1757    7.45575    28.4053    28.3407    22.5006    1460.32    1458.65 0.0000e+00
        435      8.000     4.7904     4.7474   2.827389   2.820789     2.4757     0.8709      98.83 1.3823e-01 0.0000e+00    79.1770    7.40085    29.2374    29.2000    23.1311    1462.65    1459.15 0.0000e+00
        462      9.000     5.1359     5.1191   2.900158   2.900313     2.4813     0.8694      98.82 1.0532e-01 0.0000e+00    78.9392    7.35062    29.7575    29.7742    23.5077    1464.76    1459.77 0.0000e+00
        488     10.000     5.4384     5.4124   2.946827   2.947370     2.4877     0.8483      98.83 8.4385e-02 0.0000e+00    78.8104    7.28546    30.0135    30.0429    23.6779    1466.34    1460.43 0.0000e+00
        514     11.000     5.9695     5.9437   3.022856   3.023426     2.4904     0.8644      98.82 7.2364e-02 0.0000e+00    79.2490    7.16650    30.3869    30.4164    23.9131    1468.97    1461.20 0.0000e+00
        541     12.000     6.3398     6.3235   3.081814   3.082286     2.4964     0.8907      98.82 5.9500e-02 0.0000e+00    79.4053    7.12204    30.7055    30.7254    24.1205    1470.87    1462.00 0.0000e+00
        568     13.000     6.5626     6.5524   3.115877   3.116835     2.4994     0.8359      98.82 5.3847e-02 0.0000e+00    79.4149    7.01590    30.8784    30.8981    24.2293    1471.99    1462.76 0.0000e+00
        595     14.000     6.6494     6.6463   3.129575   3.130463     2.4952     0.7103      98.82 4.9830e-02 0.0000e+00    79.8688    6.91796    30.9495    30.9620    24.2745    1472.44    1463.45 0.0000e+00
        621     15.000     6.7042     6.6983   3.139138   3.139958     2.4857     0.6229      98.82 4.9465e-02 0.0000e+00    80.2294    6.83187    31.0040    31.0183    24.3106    1472.74    1464.07 0.0000e+00
        647     16.000     6.6058     6.6183   3.132235   3.133480     2.4745     0.5540      98.82 4.9487e-02 0.0000e+00    80.4222    6.79949    31.0171    31.0195    24.3333    1472.38    1464.58 0.0000e+00
        673     17.000     6.4099     6.4105   3.117851   3.118712     2.4620     0.5080      98.82 4.9487e-02 0.0000e+00    80.5826    6.76613    31.0366    31.0456    24.3729    1471.65    1465.00 0.0000e+00
        699     18.000     6.3759     6.3770   3.116936   3.117857     2.4480     0.4926      98.82 4.9466e-02 0.0000e+00    80.6470    6.74380    31.0570    31.0662    24.3932    1471.56    1465.36 0.0000e+00
        725     19.000     6.3810     6.3767   3.119717   3.120689     2.4392     0.4683      98.82 4.9472e-02 0.0000e+00    80.7058    6.76281    31.0826    31.0972    24.4127    1471.62    1465.69 0.0000e+00
        750     20.000     6.5914     6.5794   3.145032   3.146392     2.4340     0.4502      98.82 4.9476e-02 0.0000e+00    80.7553    6.75049    31.1687    31.1945    24.4545    1472.58    1466.03 0.0000e+00
        776     21.000     6.7425     6.7385   3.162420   3.163501     2.4336     0.4131      98.82 4.9476e-02 0.0000e+00    80.8052    6.77661    31.2209    31.2364    24.4765    1473.26    1466.37 0.0000e+00
        802     22.000     6.7618     6.7596   3.167235   3.168256     2.4364     0.3718      98.82 4.9472e-02 0.0000e+00    80.8203    6.77232    31.2555    31.2686    24.5013    1473.39    1466.69 0.0000e+00
        827     23.000     6.8046     6.7994   3.175630   3.176642     2.4356     0.3716      54.56 4.9489e-02 0.0000e+00    80.8740    6.72494    31.3076    31.3234    24.5369    1473.64    1466.99 0.0000e+00
        852     24.000     6.9353     6.9243   3.194201   3.195133     2.4324     0.3525      98.83 4.9487e-02 0.0000e+00    80.9042    6.68019    31.3903    31.4105    24.5851    1474.28    1467.29 0.0000e+00
        878     25.000     7.0011     6.9981   3.201624   3.202637     2.4301     0.3074      98.82 4.9483e-02 0.0000e+00    80.9556    6.67691    31.4105    31.4243    24.5925    1474.58    1467.58 0.0000e+00
        903     26.000     7.0359     7.0243   3.206645   3.207348     2.4285     0.2940      49.81 4.9483e-02 0.0000e+00    80.9537    6.65726    31.4329    31.4511    24.6055    1474.76    1467.86 0.0000e+00
        928     27.000     7.2676     7.2555   3.236223   3.237667     2.4256     0.3178      98.96 4.9480e-02 0.0000e+00    80.9667    6.60901    31.5413    31.5679    24.6600    1475.81    1468.15 0.0000e+00
        952     28.000     8.1985     8.1175   3.371609   3.373200     2.4252     0.2782      86.90 4.9478e-02 0.0000e+00    80.9936    6.49432    32.1368    32.2279    24.9974    1480.13    1468.58 0.0000e+00
        977     29.000     9.0815     9.0629   3.486874   3.488546     2.4350     0.2260      50.12 4.9484e-02 0.0000e+00    81.0215    6.49722    32.5354    32.5698    25.1763    1483.94    1469.10 0.0000e+00
       1002     30.000     9.2055     9.2034   3.506131   3.507641     2.4540     0.0773      88.23 4.9456e-02 0.0000e+00    81.0281    6.44979    32.6209    32.6385    25.2238    1484.52    1469.61 0.0000e+00
       1026     31.000     9.1406     9.1421   3.504684   3.505963     2.4482     0.0065      40.79 4.9502e-02 0.0000e+00    81.0428    6.21447    32.6649    32.6768    25.2684    1484.35    1470.08 0.0000e+00
       1050     32.000     9.1185     9.1172   3.509089   3.510818     2.4243     0.0066      95.98 4.9474e-02 0.0000e+00    81.1017    6.03298    32.7304    32.7495    25.3231    1484.37    1470.52 0.0000e+00
       1075     33.000     9.1538     9.1511   3.515615   3.516977     2.3971     0.0393      86.24 4.9491e-02 0.0000e+00    81.1743    5.95982    32.7651    32.7817    25.3447    1484.56    1470.94 0.0000e+00
       1099     34.000     9.1743     9.1708   3.519201   3.520594     2.3756     0.0144      43.93 4.9472e-02 0.0000e+00    81.2401    5.94174    32.7829    32.8006    25.3554    1484.67    1471.34 0.0000e+00
       1124     35.000     9.2457     9.2332   3.533073   3.534052     2.3592     0.0052      89.77 4.9468e-02 0.0000e+00    81.2877    5.91911    32.8603    32.8819    25.4046    1485.04    1471.73 0.0000e+00
       1148     36.000     9.4526     9.4249   3.571078   3.570917     2.3469     0.0053      60.55 4.9489e-02 0.0000e+00    81.2998    5.89076    33.0611    33.0851    25.5285    1486.07    1472.13 0.0000e+00
       1172     37.000     9.8168     9.7996   3.640427   3.642100     2.3397    -0.0138      76.52 4.9456e-02 0.0000e+00    81.2980    5.85489    33.4348    33.4679    25.7608    1487.86    1472.55 0.0000e+00
       1197     38.000     9.9655     9.9597   3.678983   3.680988     2.3373    -0.0254      65.24 4.9484e-02 0.0000e+00    81.2976    5.82106    33.6894    33.7153    25.9348    1488.73    1472.97 0.0000e+00
       1222     39.000    10.0196    10.0163   3.701409   3.702894     2.3295    -0.0380      23.46 4.9480e-02 0.0000e+00    81.2223    5.71249    33.8669    33.8851    26.0643    1489.15    1473.38 0.0000e+00
       1246     40.000     9.9639     9.9668   3.705610   3.707117     2.3134    -0.0547      93.42 4.9478e-02 0.0000e+00    81.1867    5.60443    33.9616    33.9742    26.1476    1489.09    1473.77 0.0000e+00
       1271     41.000     9.9179     9.9188   3.707566   3.709159     2.2919    -0.0545      34.27 4.9483e-02 0.0000e+00    81.1245    5.51585    34.0244    34.0399    26.2044    1489.01    1474.14 0.0000e+00
       1296     42.000     9.8560     9.8544   3.708415   3.709861     2.2709    -0.0593      61.38 4.9474e-02 0.0000e+00    81.1785    5.47129    34.0911    34.1074    26.2669    1488.89    1474.48 0.0000e+00
       1320     43.000     9.8152     9.8156   3.707234   3.708815     2.2529    -0.0692      48.85 4.9489e-02 0.0000e+00    81.2033    5.45184    34.1172    34.1330    26.2941    1488.79    1474.81 0.0000e+00
       1345     44.000     9.7945     9.7949   3.706599   3.708216     2.2385    -0.0655      74.23 4.9474e-02 0.0000e+00    81.3325    5.43670    34.1299    34.1461    26.3075    1488.75    1475.13 0.0000e+00
       1369     45.000     9.7698     9.7760   3.705780   3.707575     2.2268    -0.0750      74.02 4.9500e-02 0.0000e+00    81.3803    5.42635    34.1444    34.1570    26.3230    1488.69    1475.43 0.0000e+00
       1394     46.000     9.7602     9.7578   3.705403   3.706942     2.2174    -0.0742      54.89 4.9489e-02 0.0000e+00    81.4209    5.41585    34.1492    34.1673    26.3283    1488.68    1475.71 0.0000e+00
       1419     47.000     9.7412     9.7400   3.705196   3.706692     2.2098    -0.0748      93.38 4.9489e-02 0.0000e+00    81.4130    5.41215    34.1647    34.1812    26.3436    1488.64    1475.98 0.0000e+00
       1443     48.000     9.7173     9.7155   3.706391   3.707932     2.2039    -0.0678      66.26 4.9508e-02 0.0000e+00    81.4335    5.40292    34.1992    34.2167    26.3745    1488.62    1476.25 0.0000e+00
       1468     49.000     9.6444     9.6483   3.701853   3.703466     2.1986    -0.0973      95.24 4.9500e-02 0.0000e+00    81.4173    5.40732    34.2215    34.2343    26.4041    1488.40    1476.49 0.0000e+00
       1493     50.000     9.6016     9.6003   3.699032   3.700568     2.1949    -0.0724      39.58 4.9506e-02 0.0000e+00    81.4088    5.41227    34.2327    34.2498    26.4200    1488.27    1476.72 0.0000e+00
       1518     51.000     9.5443     9.5458   3.696522   3.698020     2.1923    -0.0744      68.91 4.9485e-02 0.0000e+00    81.3625    5.42106    34.2611    34.2751    26.4516    1488.11    1476.95 0.0000e+00
       1542     52.000     9.4859     9.4866   3.693308   3.694823     2.1904    -0.0642      78.35 4.9483e-02 0.0000e+00    81.3136    5.42215    34.2833    34.2983    26.4786    1487.95    1477.16 0.0000e+00
       1567     53.000     9.4403     9.4413   3.690735   3.692315     2.1883    -0.0688      79.49 4.9472e-02 0.0000e+00    81.2640    5.42277    34.2999    34.3153    26.4990    1487.82    1477.36 0.0000e+00
       1592     54.000     9.4036     9.4039   3.689359   3.690907     2.1863    -0.0854      61.37 4.9467e-02 0.0000e+00    81.2569    5.41606    34.3203    34.3361    26.5210    1487.72    1477.55 0.0000e+00
       1617     55.000     9.3696     9.3702   3.687549   3.689115     2.1835    -0.0793      57.72 4.9489e-02 0.0000e+00    81.2398    5.40353    34.3337    34.3494    26.5371    1487.63    1477.73 0.0000e+00
       1642     56.000     9.3247     9.3266   3.684930   3.686540     2.1796    -0.0669      84.29 4.9478e-02 0.0000e+00    81.2326    5.39039    34.3492    34.3641    26.5565    1487.50    1477.90 0.0000e+00
       1667     57.000     9.3112     9.3096   3.684106   3.685625     2.1759    -0.0724      50.33 4.9483e-02 0.0000e+00    81.2618    5.38758    34.3532    34.3705    26.5618    1487.48    1478.07 0.0000e+00
       1692     58.000     9.3053     9.3033   3.683799   3.685300     2.1727    -0.0714      96.51 4.9472e-02 0.0000e+00    81.3090    5.37313    34.3552    34.3727    26.5644    1487.47    1478.23 0.0000e+00
       1717     59.000     9.3045     9.3027   3.683849   3.685348     2.1684    -0.0683      55.09 4.9511e-02 0.0000e+00    81.3973    5.35413    34.3560    34.3733    26.5652    1487.49    1478.39 0.0000e+00
       1742     60.000     9.2884     9.2872   3.683028   3.684519     2.1638    -0.0744      38.53 4.9485e-02 0.0000e+00    81.5104    5.34029    34.3625    34.3792    26.5729    1487.45    1478.54 0.0000e+00
       1766     61.000     9.2751     9.2735   3.683097   3.684560     2.1598    -0.0681      64.07 4.9495e-02 0.0000e+00    81.5773    5.33621    34.3756    34.3923    26.5852    1487.44    1478.68 0.0000e+00
       1791     62.000     9.2239     9.2224   3.679952   3.681228     2.1561    -0.0662      51.85 4.9500e-02 0.0000e+00    81.6220    5.33506    34.3917    34.4065    26.6062    1487.29    1478.82 0.0000e+00
       1816     63.000     9.1643     9.1632   3.676568   3.678004     2.1528    -0.0737      53.65 4.9484e-02 0.0000e+00    81.6389    5.33521    34.4135    34.4296    26.6328    1487.11    1478.95 0.0000e+00
       1841     64.000     9.1384     9.1381   3.674974   3.676453     2.1500    -0.0749      41.84 4.9467e-02 0.0000e+00    81.6289    5.32970    34.4215    34.4372    26.6432    1487.04    1479.08 0.0000e+00
       1866     65.000     9.1168     9.1160   3.673616   3.675109     2.1469    -0.0700      91.40 4.9478e-02 0.0000e+00    81.6742    5.31841    34.4277    34.4440    26.6516    1486.99    1479.20 0.0000e+00
       1891     66.000     9.0928     9.0926   3.672123   3.673632     2.1431    -0.0644      51.67 4.9491e-02 0.0000e+00    81.6878    5.30691    34.4348    34.4508    26.6610    1486.92    1479.31 0.0000e+00
       1915     67.000     9.0876     9.0858   3.671998   3.673482     2.1397    -0.0671      72.85 4.9495e-02 0.0000e+00    81.6914    5.30044    34.4381    34.4553    26.6644    1486.92    1479.43 0.0000e+00
       1940     68.000     9.0772     9.0761   3.671390   3.672848     2.1362    -0.0655      61.46 4.9506e-02 0.0000e+00    81.6932    5.29120    34.4413    34.4576    26.6686    1486.91    1479.54 0.0000e+00
       1965     69.000     9.0639     9.0626   3.670627   3.672095     2.1331    -0.0650      25.79 4.9467e-02 0.0000e+00    81.7065    5.28700    34.4458    34.4624    26.6742    1486.88    1479.64 0.0000e+00
       1990     70.000     9.0452     9.0456   3.669507   3.670994     2.1303    -0.0743      91.69 4.9467e-02 0.0000e+00    81.7083    5.28469    34.4517    34.4669    26.6819    1486.83    1479.74 0.0000e+00
       2015     71.000     8.9970     8.9970   3.666618   3.668022     2.1280    -0.0724      84.82 4.9491e-02 0.0000e+00    81.7045    5.28390    34.4677    34.4824    26.7021    1486.69    1479.84 0.0000e+00
       2039     72.000     8.9339     8.9346   3.662510   3.663839     2.1254    -0.0726      63.14 4.9478e-02 0.0000e+00    81.7170    5.27729    34.4854    34.4987    26.7261    1486.50    1479.93 0.0000e+00
       2064     73.000     8.8614     8.8615   3.658362   3.659741     2.1218    -0.0695      45.32 4.9484e-02 0.0000e+00    81.7160    5.26433    34.5119    34.5263    26.7583    1486.28    1480.02 0.0000e+00
       2089     74.000     8.8352     8.8354   3.657020   3.658494     2.1172    -0.0668      64.26 4.9489e-02 0.0000e+00    81.7292    5.24653    34.5228    34.5381    26.7710    1486.21    1480.10 0.0000e+00
       2114     75.000     8.8072     8.8065   3.655459   3.656837     2.1124    -0.0700      70.11 4.9467e-02 0.0000e+00    81.7490    5.23460    34.5332    34.5484    26.7836    1486.14    1480.18 0.0000e+00
       2139     76.000     8.7774     8.7773   3.653729   3.655179     2.1081    -0.0707      38.42 4.9494e-02 0.0000e+00    81.7471    5.22645    34.5436    34.5589    26.7964    1486.06    1480.26 0.0000e+00
