_data/ctd/2022603/sta0152.cnv
* Sea-Bird SBE 9 Data File:
* FileName = C:\Seabird\CTDData\sta0152.hex
* Software Version Seasave V 7.21f
* Temperature SN = 6264
* Conductivity SN = 4928
* Number of Bytes Per Scan = 40
* Number of Voltage Words = 5
* Number of Scans Averaged by the Deck Unit = 1
* NMEA Latitude = 60 23.42 N
* NMEA Longitude = 006 20.50 E
* NMEA UTC (Time) = Feb 10 2022 06:45:42
* NMEA baud rate = 4800
** Ship: R/V "Kristine Bonnevie"
** Station: 0152
** Echodepth: 855
** Log: 0122.647
** Wind-Dir/Force: 25 32
** Air-temp (dry): 1.0
** Weather Sky:
** Sea:
** H2_2
# nquan = 19                                
# nvalues = 853                         
# units = specified
# name 0 = scan: Scan Count
# name 1 = prDM: Pressure, Digiquartz [db]
# name 2 = t068C: Temperature [ITS-68, deg C]
# name 3 = t168C: Temperature, 2 [ITS-68, deg C]
# name 4 = c0S/m: Conductivity [S/m]
# name 5 = c1S/m: Conductivity, 2 [S/m]
# name 6 = sbeox0V: Oxygen raw, SBE 43 [V]
# name 7 = flECO-AFL: Fluorescence, WET Labs ECO-AFL/FL [mg/m^3]
# name 8 = altM: Altimeter [m]
# name 9 = par: PAR/Irradiance, Biospherical/Licor
# name 10 = spar: SPAR/Surface Irradiance
# name 11 = CStarTr0: Beam Transmission, WET Labs C-Star [%]
# name 12 = sbeox0ML/L: Oxygen, SBE 43 [ml/l], WS = 2
# name 13 = sal00: Salinity, Practical [PSU]
# name 14 = sal11: Salinity, Practical, 2 [PSU]
# name 15 = sigma-t00: Density [sigma-t, Kg/m^3 ]
# name 16 = svCM: Sound Velocity [Chen-Millero, m/s]
# name 17 = avgsvCM: Average Sound Velocity [Chen-Millero, m/s], minP = 1, minS = 5
# name 18 = flag: flag
# span 0 =        476,      20188       
# span 1 =      2.000,    854.000       
# span 2 =     6.1506,    10.2360       
# span 3 =     6.1661,    10.2365       
# span 4 =   2.978438,   3.703188       
# span 5 =   2.981951,   3.704716       
# span 6 =     1.5245,     2.4457       
# span 7 =    -0.0984,     0.7699       
# span 8 =       8.43,     100.19       
# span 9 = 4.9439e-02, 9.0939e-01       
# span 10 = 0.0000e+00, 0.0000e+00      
# span 11 =    80.0306,    82.4670      
# span 12 =    3.81174,    6.89032      
# span 13 =    29.7389,    35.0078      
# span 14 =    29.7641,    35.0228      
# span 15 =    23.3809,    27.3526      
# span 16 =    1468.74,    1494.71      
# span 17 =    1468.74,    1488.23      
# span 18 = 0.0000e+00, 0.0000e+00      
# interval = decibars: 1                
# start_time = Feb 10 2022 06:45:45 [System UTC, header]
# bad_flag = -9.990e-29
*END*
[from data line 229]
       5759    231.000     7.7571     7.7557   3.602948   3.604239     1.7898    -0.0720      58.72 4.9483e-02 0.0000e+00    82.3285    4.40627    34.9358    34.9512    27.2599    1485.27    1483.85 0.0000e+00
       5781    232.000     7.7568     7.7554   3.602968   3.604270     1.7894    -0.0639      80.69 4.9529e-02 0.0000e+00    82.3225    4.40291    34.9358    34.9513    27.2600    1485.28    1483.85 0.0000e+00
       5803    233.000     7.7549     7.7537   3.602859   3.604176     1.7886    -0.0691      74.84 4.9502e-02 0.0000e+00    82.3248    4.39878    34.9361    34.9515    27.2605    1485.29    1483.86 0.0000e+00
       5825    234.000     7.7512     7.7500   3.602537   3.603842     1.7879    -0.0673      90.00 4.9502e-02 0.0000e+00    82.3375    4.40391    34.9358    34.9511    27.2608    1485.29    1483.87 0.0000e+00
       5847    235.000     7.7421     7.7411   3.601733   3.603025     1.7880    -0.0693      80.19 4.9508e-02 0.0000e+00    82.3262    4.40716    34.9358    34.9507    27.2621    1485.27    1483.87 0.0000e+00
       5870    236.000     7.7387     7.7374   3.601476   3.602772     1.7877    -0.0700      93.77 4.9515e-02 0.0000e+00    82.3254    4.39574    34.9359    34.9512    27.2627    1485.28    1483.88 0.0000e+00
       5892    237.000     7.7386     7.7372   3.601534   3.602835     1.7860    -0.0668      87.00 4.9487e-02 0.0000e+00    82.3194    4.37350    34.9361    34.9516    27.2629    1485.30    1483.88 0.0000e+00
       5914    238.000     7.7380     7.7368   3.601537   3.602845     1.7828    -0.0661      97.30 4.9515e-02 0.0000e+00    82.3445    4.34742    34.9363    34.9516    27.2631    1485.31    1483.89 0.0000e+00
       5937    239.000     7.7364     7.7351   3.601445   3.602746     1.7788    -0.0669      94.78 4.9500e-02 0.0000e+00    82.3538    4.32871    34.9364    34.9518    27.2634    1485.32    1483.90 0.0000e+00
       5959    240.000     7.7344     7.7332   3.601323   3.602636     1.7746    -0.0558      56.39 4.9508e-02 0.0000e+00    82.3552    4.31931    34.9366    34.9520    27.2639    1485.33    1483.90 0.0000e+00
       5982    241.000     7.7331     7.7317   3.601292   3.602589     1.7708    -0.0663      74.36 4.9497e-02 0.0000e+00    82.3447    4.31220    34.9371    34.9525    27.2645    1485.34    1483.91 0.0000e+00
       6005    242.000     7.7322     7.7308   3.601304   3.602606     1.7676    -0.0703      57.16 4.9508e-02 0.0000e+00    82.3547    4.30895    34.9376    34.9531    27.2650    1485.35    1483.91 0.0000e+00
       6027    243.000     7.7294     7.7281   3.601103   3.602398     1.7651    -0.0701      86.26 4.9534e-02 0.0000e+00    82.3523    4.30891    34.9378    34.9531    27.2656    1485.36    1483.92 0.0000e+00
       6050    244.000     7.7260     7.7248   3.600881   3.602181     1.7633    -0.0727      59.50 4.9508e-02 0.0000e+00    82.3306    4.31632    34.9383    34.9535    27.2665    1485.37    1483.93 0.0000e+00
       6072    245.000     7.7237     7.7224   3.600757   3.602062     1.7627    -0.0736      90.28 4.9489e-02 0.0000e+00    82.3494    4.32084    34.9388    34.9542    27.2672    1485.37    1483.93 0.0000e+00
       6093    246.000     7.7188     7.7177   3.600425   3.601718     1.7619    -0.0741      73.12 4.9502e-02 0.0000e+00    82.3698    4.31665    34.9396    34.9547    27.2685    1485.37    1483.94 0.0000e+00
       6115    247.000     7.7155     7.7141   3.600245   3.601547     1.7608    -0.0763      94.25 4.9508e-02 0.0000e+00    82.3611    4.31593    34.9405    34.9560    27.2697    1485.38    1483.94 0.0000e+00
       6137    248.000     7.7139     7.7126   3.600166   3.601468     1.7606    -0.0689      81.11 4.9525e-02 0.0000e+00    82.3449    4.32393    34.9407    34.9561    27.2702    1485.39    1483.95 0.0000e+00
       6159    249.000     7.7109     7.7097   3.599988   3.601286     1.7604    -0.0655      95.56 4.9502e-02 0.0000e+00    82.3671    4.32231    34.9413    34.9566    27.2711    1485.39    1483.96 0.0000e+00
       6180    250.000     7.7089     7.7078   3.599878   3.601190     1.7603    -0.0659      90.34 4.9505e-02 0.0000e+00    82.3736    4.32875    34.9417    34.9570    27.2716    1485.40    1483.96 0.0000e+00
       6202    251.000     7.7082     7.7068   3.599866   3.601177     1.7608    -0.0704      97.13 4.9524e-02 0.0000e+00    82.3602    4.33452    34.9418    34.9573    27.2718    1485.42    1483.97 0.0000e+00
       6224    252.000     7.7068     7.7055   3.599810   3.601107     1.7614    -0.0679      98.55 4.9509e-02 0.0000e+00    82.3661    4.33754    34.9421    34.9574    27.2722    1485.43    1483.97 0.0000e+00
       6247    253.000     7.7047     7.7033   3.599660   3.600954     1.7618    -0.0650      68.46 4.9502e-02 0.0000e+00    82.3620    4.33997    34.9421    34.9575    27.2726    1485.44    1483.98 0.0000e+00
       6269    254.000     7.7036     7.7022   3.599631   3.600929     1.7625    -0.0656      74.61 4.9512e-02 0.0000e+00    82.3480    4.34268    34.9424    34.9578    27.2729    1485.45    1483.98 0.0000e+00
       6292    255.000     7.7033     7.7019   3.599688   3.600988     1.7629    -0.0629      66.20 4.9505e-02 0.0000e+00    82.3672    4.34199    34.9428    34.9582    27.2733    1485.47    1483.99 0.0000e+00
       6315    256.000     7.7016     7.7004   3.599623   3.600926     1.7631    -0.0631      82.86 4.9534e-02 0.0000e+00    82.3603    4.34156    34.9433    34.9586    27.2740    1485.48    1484.00 0.0000e+00
       6337    257.000     7.7006     7.6993   3.599615   3.600927     1.7633    -0.0687      90.01 4.9524e-02 0.0000e+00    82.3701    4.34458    34.9437    34.9592    27.2745    1485.49    1484.00 0.0000e+00
       6359    258.000     7.7004     7.6991   3.599680   3.600989     1.7638    -0.0719      55.10 4.9515e-02 0.0000e+00    82.3732    4.35341    34.9442    34.9596    27.2748    1485.51    1484.01 0.0000e+00
       6381    259.000     7.7004     7.6990   3.599773   3.601085     1.7648    -0.0657      90.57 4.9527e-02 0.0000e+00    82.3795    4.35886    34.9447    34.9603    27.2752    1485.52    1484.01 0.0000e+00
       6403    260.000     7.6999     7.6986   3.599825   3.601127     1.7659    -0.0707      53.12 4.9518e-02 0.0000e+00    82.3742    4.36608    34.9452    34.9606    27.2758    1485.54    1484.02 0.0000e+00
       6425    261.000     7.6988     7.6975   3.599802   3.601111     1.7671    -0.0644      97.73 4.9470e-02 0.0000e+00    82.3548    4.37526    34.9456    34.9611    27.2762    1485.55    1484.02 0.0000e+00
       6446    262.000     7.6976     7.6963   3.599749   3.601049     1.7687    -0.0680      60.42 4.9492e-02 0.0000e+00    82.3727    4.38580    34.9458    34.9611    27.2765    1485.56    1484.03 0.0000e+00
       6467    263.000     7.6975     7.6962   3.599795   3.601089     1.7707    -0.0664      97.39 4.9512e-02 0.0000e+00    82.3740    4.39688    34.9459    34.9612    27.2766    1485.58    1484.04 0.0000e+00
       6489    264.000     7.6973     7.6961   3.599842   3.601159     1.7730    -0.0689      68.07 4.9521e-02 0.0000e+00    82.3478    4.40863    34.9461    34.9615    27.2768    1485.59    1484.04 0.0000e+00
       6510    265.000     7.6960     7.6947   3.599783   3.601082     1.7754    -0.0626      94.36 4.9512e-02 0.0000e+00    82.3668    4.41584    34.9463    34.9616    27.2771    1485.61    1484.05 0.0000e+00
       6531    266.000     7.6936     7.6924   3.599606   3.600899     1.7773    -0.0679      93.45 4.9521e-02 0.0000e+00    82.3465    4.41360    34.9463    34.9615    27.2775    1485.61    1484.05 0.0000e+00
       6554    267.000     7.6906     7.6894   3.599378   3.600680     1.7785    -0.0783      33.02 4.9464e-02 0.0000e+00    82.3736    4.41554    34.9463    34.9616    27.2780    1485.62    1484.06 0.0000e+00
       6576    268.000     7.6898     7.6885   3.599352   3.600661     1.7797    -0.0654      99.47 4.9553e-02 0.0000e+00    82.3747    4.41368    34.9464    34.9618    27.2781    1485.63    1484.07 0.0000e+00
       6598    269.000     7.6899     7.6885   3.599418   3.600725     1.7800    -0.0712      37.14 4.9488e-02 0.0000e+00    82.3769    4.41402    34.9465    34.9620    27.2782    1485.65    1484.07 0.0000e+00
       6620    270.000     7.6889     7.6876   3.599393   3.600689     1.7811    -0.0647      98.65 4.9497e-02 0.0000e+00    82.3646    4.41429    34.9467    34.9621    27.2785    1485.66    1484.08 0.0000e+00
       6643    271.000     7.6885     7.6870   3.599423   3.600728     1.7805    -0.0655      56.15 4.9552e-02 0.0000e+00    82.3747    4.40226    34.9470    34.9626    27.2788    1485.68    1484.08 0.0000e+00
       6666    272.000     7.6886     7.6872   3.599500   3.600817     1.7802    -0.0771      98.46 4.9502e-02 0.0000e+00    82.3477    4.40703    34.9472    34.9629    27.2790    1485.69    1484.09 0.0000e+00
       6688    273.000     7.6886     7.6871   3.599597   3.600883     1.7804    -0.0739      59.17 4.9499e-02 0.0000e+00    82.3320    4.41425    34.9478    34.9632    27.2794    1485.71    1484.10 0.0000e+00
       6711    274.000     7.6888     7.6874   3.599699   3.600986     1.7812    -0.0598      94.63 4.9512e-02 0.0000e+00    82.3618    4.42335    34.9482    34.9635    27.2797    1485.73    1484.10 0.0000e+00
       6734    275.000     7.6885     7.6870   3.599719   3.601017     1.7821    -0.0720      97.69 4.9477e-02 0.0000e+00    82.3140    4.43010    34.9482    34.9638    27.2798    1485.74    1484.11 0.0000e+00
       6755    276.000     7.6879     7.6865   3.599764   3.601055     1.7832    -0.0715      98.16 4.9502e-02 0.0000e+00    82.3447    4.43964    34.9488    34.9642    27.2803    1485.76    1484.11 0.0000e+00
       6778    277.000     7.6867     7.6853   3.599713   3.601015     1.7852    -0.0690      64.33 4.9542e-02 0.0000e+00    82.3520    4.44843    34.9490    34.9645    27.2807    1485.77    1484.12 0.0000e+00
       6801    278.000     7.6861     7.6848   3.599722   3.601018     1.7864    -0.0710      63.43 4.9502e-02 0.0000e+00    82.3429    4.45440    34.9492    34.9645    27.2809    1485.79    1484.13 0.0000e+00
       6822    279.000     7.6868     7.6851   3.599872   3.601161     1.7885    -0.0720      69.97 4.9490e-02 0.0000e+00    82.3458    4.46380    34.9496    34.9653    27.2811    1485.81    1484.13 0.0000e+00
       6844    280.000     7.6868     7.6857   3.599955   3.601281     1.7900    -0.0646      73.49 4.9515e-02 0.0000e+00    82.3487    4.46752    34.9501    34.9655    27.2815    1485.82    1484.14 0.0000e+00
       6867    281.000     7.6842     7.6831   3.599771   3.601074     1.7918    -0.0627      72.04 4.9534e-02 0.0000e+00    82.3401    4.47398    34.9502    34.9654    27.2820    1485.83    1484.14 0.0000e+00
       6889    282.000     7.6839     7.6825   3.599792   3.601095     1.7932    -0.0664      79.59 4.9464e-02 0.0000e+00    82.3559    4.47917    34.9502    34.9657    27.2820    1485.85    1484.15 0.0000e+00
       6911    283.000     7.6835     7.6821   3.599795   3.601099     1.7951    -0.0650      74.59 4.9496e-02 0.0000e+00    82.3601    4.49101    34.9502    34.9657    27.2820    1485.86    1484.16 0.0000e+00
       6934    284.000     7.6835     7.6821   3.599842   3.601146     1.7971    -0.0611      87.64 4.9517e-02 0.0000e+00    82.3572    4.49463    34.9502    34.9657    27.2821    1485.88    1484.16 0.0000e+00
       6956    285.000     7.6826     7.6815   3.599798   3.601107     1.7984    -0.0679      74.61 4.9488e-02 0.0000e+00    82.3430    4.49394    34.9501    34.9654    27.2822    1485.89    1484.17 0.0000e+00
       6980    286.000     7.6794     7.6782   3.599560   3.600869     1.7996    -0.0653      94.19 4.9487e-02 0.0000e+00    82.3462    4.49330    34.9503    34.9656    27.2827    1485.89    1484.17 0.0000e+00
       7003    287.000     7.6790     7.6777   3.599601   3.600909     1.8001    -0.0730      75.63 4.9499e-02 0.0000e+00    82.3499    4.49430    34.9506    34.9661    27.2831    1485.91    1484.18 0.0000e+00
       7026    288.000     7.6791     7.6776   3.599694   3.600994     1.8008    -0.0679      54.46 4.9494e-02 0.0000e+00    82.3698    4.49375    34.9511    34.9666    27.2834    1485.93    1484.19 0.0000e+00
       7048    289.000     7.6792     7.6778   3.599765   3.601066     1.8009    -0.0709      76.43 4.9527e-02 0.0000e+00    82.3795    4.49146    34.9513    34.9667    27.2835    1485.94    1484.19 0.0000e+00
       7071    290.000     7.6793     7.6779   3.599865   3.601162     1.8011    -0.0740      52.77 4.9502e-02 0.0000e+00    82.3780    4.49693    34.9517    34.9672    27.2839    1485.96    1484.20 0.0000e+00
       7093    291.000     7.6797     7.6783   3.599998   3.601332     1.8018    -0.0703      82.55 4.9493e-02 0.0000e+00    82.3889    4.50309    34.9523    34.9681    27.2843    1485.98    1484.20 0.0000e+00
       7116    292.000     7.6801     7.6787   3.600155   3.601457     1.8025    -0.0669      62.92 4.9477e-02 0.0000e+00    82.3955    4.50811    34.9531    34.9686    27.2849    1486.00    1484.21 0.0000e+00
       7138    293.000     7.6803     7.6789   3.600240   3.601543     1.8037    -0.0742      91.33 4.9499e-02 0.0000e+00    82.4130    4.52213    34.9533    34.9688    27.2850    1486.02    1484.22 0.0000e+00
       7160    294.000     7.6806     7.6792   3.600330   3.601640     1.8056    -0.0713      74.53 4.9477e-02 0.0000e+00    82.4096    4.53337    34.9535    34.9691    27.2851    1486.03    1484.22 0.0000e+00
       7183    295.000     7.6808     7.6794   3.600413   3.601717     1.8079    -0.0737      58.00 4.9490e-02 0.0000e+00    82.4149    4.55302    34.9537    34.9692    27.2852    1486.05    1484.23 0.0000e+00
       7205    296.000     7.6811     7.6797   3.600487   3.601791     1.8108    -0.0727      76.36 4.9518e-02 0.0000e+00    82.4170    4.56203    34.9538    34.9693    27.2852    1486.07    1484.23 0.0000e+00
       7227    297.000     7.6813     7.6799   3.600581   3.601882     1.8136    -0.0755      71.63 4.9496e-02 0.0000e+00    82.4305    4.57486    34.9541    34.9696    27.2854    1486.09    1484.24 0.0000e+00
       7251    298.000     7.6817     7.6804   3.600703   3.601999     1.8167    -0.0737      73.89 4.9491e-02 0.0000e+00    82.4272    4.57982    34.9545    34.9698    27.2857    1486.11    1484.25 0.0000e+00
       7274    299.000     7.6819     7.6806   3.600756   3.602068     1.8186    -0.0673      83.15 4.9493e-02 0.0000e+00    82.4138    4.58269    34.9544    34.9699    27.2856    1486.12    1484.25 0.0000e+00
       7297    300.000     7.6821     7.6807   3.600853   3.602155     1.8210    -0.0734      74.59 4.9535e-02 0.0000e+00    82.4155    4.58987    34.9548    34.9702    27.2859    1486.14    1484.26 0.0000e+00
       7320    301.000     7.6824     7.6811   3.600990   3.602306     1.8227    -0.0761      92.26 4.9506e-02 0.0000e+00    82.4197    4.59314    34.9555    34.9710    27.2864    1486.16    1484.27 0.0000e+00
       7343    302.000     7.6826     7.6813   3.601096   3.602402     1.8245    -0.0771      76.17 4.9499e-02 0.0000e+00    82.4170    4.59904    34.9559    34.9713    27.2867    1486.18    1484.27 0.0000e+00
       7366    303.000     7.6830     7.6817   3.601249   3.602555     1.8263    -0.0743      98.11 4.9487e-02 0.0000e+00    82.4045    4.60977    34.9567    34.9721    27.2872    1486.20    1484.28 0.0000e+00
       7389    304.000     7.6835     7.6821   3.601403   3.602705     1.8285    -0.0758      90.64 4.9485e-02 0.0000e+00    82.4211    4.62352    34.9574    34.9728    27.2877    1486.21    1484.29 0.0000e+00
       7412    305.000     7.6836     7.6823   3.601497   3.602803     1.8311    -0.0765      44.74 4.9496e-02 0.0000e+00    82.4340    4.63741    34.9578    34.9732    27.2880    1486.23    1484.29 0.0000e+00
