_data/ctd/2022603/sta0200.cnv
* Sea-Bird SBE 9 Data File:
* FileName = C:\Seabird\CTDData\sta0200.hex
* Software Version Seasave V 7.21f
* Temperature SN = 6264
* Conductivity SN = 4928
* Number of Bytes Per Scan = 40
* Number of Voltage Words = 5
* Number of Scans Averaged by the Deck Unit = 1
* NMEA Latitude = 61 07.62 N
* NMEA Longitude = 006 05.38 E
* NMEA UTC (Time) = Feb 15 2022 02:08:20
* NMEA baud rate = 4800
** Ship: R/V "Kristine Bonnevie"
** Station: 0200
** Echodepth: 1247
** Log: 0796.288
** Wind-Dir/Force: 10 25
** Air-temp (dry): 3.8
** Weather Sky:
** Sea:
# nquan = 19                                
# nvalues = 1254                        
# units = specified
# name 0 = scan: Scan Count
# name 1 = prDM: Pressure, Digiquartz [db]
# name 2 = t068C: Temperature [ITS-68, deg C]
# name 3 = t168C: Temperature, 2 [ITS-68, deg C]
# name 4 = c0S/m: Conductivity [S/m]
# name 5 = c1S/m: Conductivity, 2 [S/m]
# name 6 = sbeox0V: Oxygen raw, SBE 43 [V]
# name 7 = flECO-AFL: Fluorescence, WET Labs ECO-AFL/FL [mg/m^3]
# name 8 = altM: Altimeter [m]
# name 9 = par: PAR/Irradiance, Biospherical/Licor
# name 10 = spar: SPAR/Surface Irradiance
# name 11 = CStarTr0: Beam Transmission, WET Labs C-Star [%]
# name 12 = sbeox0ML/L: Oxygen, SBE 43 [ml/l], WS = 2
# name 13 = sal00: Salinity, Practical [PSU]
# name 14 = sal11: Salinity, Practical, 2 [PSU]
# name 15 = sigma-t00: Density [sigma-t, Kg/m^3 ]
# name 16 = svCM: Sound Velocity [Chen-Millero, m/s]
# name 17 = avgsvCM: Average Sound Velocity [Chen-Millero, m/s], minP = 1, minS = 5
# name 18 = flag: flag
# span 0 =        268,      28364       
# span 1 =      2.000,   1255.000       
# span 2 =     6.2331,     9.8354       
# span 3 =     6.2310,     9.8345       
# span 4 =   3.116411,   3.703531       
# span 5 =   3.117156,   3.705046       
# span 6 =     1.5410,     2.4342       
# span 7 =    -0.0973,     0.6541       
# span 8 =       7.70,     100.38       
# span 9 = 4.9283e-02, 8.6075e-01       
# span 10 = 0.0000e+00, 0.0000e+00      
# span 11 =    79.9550,    81.9234      
# span 12 =    4.07349,    6.82260      
# span 13 =    31.1888,    35.0242      
# span 14 =    31.1990,    35.0403      
# span 15 =    24.5142,    27.3646      
# span 16 =    1470.91,    1501.45      
# span 17 =    1470.91,    1491.49      
# span 18 = 0.0000e+00, 0.0000e+00      
# interval = decibars: 1                
# start_time = Feb 15 2022 02:08:22 [System UTC, header]
# bad_flag = -9.990e-29
*END*
[from data line 458]
      10366    460.000     7.6479     7.6464   3.608862   3.610229     1.9362    -0.0660      74.27 4.9492e-02 0.0000e+00    81.8651    5.03110    34.9984    35.0147    27.3252    1488.70    1485.85 0.0000e+00
      10388    461.000     7.6468     7.6453   3.608799   3.610169     1.9338    -0.0677      61.86 4.9499e-02 0.0000e+00    81.8582    5.02406    34.9983    35.0146    27.3253    1488.71    1485.86 0.0000e+00
      10410    462.000     7.6447     7.6434   3.608645   3.610027     1.9309    -0.0682      64.35 4.9484e-02 0.0000e+00    81.8699    5.01295    34.9983    35.0145    27.3256    1488.72    1485.87 0.0000e+00
      10432    463.000     7.6411     7.6398   3.608360   3.609744     1.9283    -0.0631      98.86 4.9512e-02 0.0000e+00    81.8727    5.00630    34.9983    35.0146    27.3261    1488.72    1485.87 0.0000e+00
      10454    464.000     7.6392     7.6378   3.608230   3.609607     1.9256    -0.0638      68.88 4.9475e-02 0.0000e+00    81.8669    4.99792    34.9983    35.0146    27.3264    1488.73    1485.88 0.0000e+00
      10476    465.000     7.6361     7.6347   3.607992   3.609371     1.9230    -0.0623      98.33 4.9496e-02 0.0000e+00    81.8539    4.99376    34.9984    35.0147    27.3269    1488.74    1485.88 0.0000e+00
      10498    466.000     7.6332     7.6319   3.607771   3.609144     1.9208    -0.0587      98.51 4.9490e-02 0.0000e+00    81.8755    4.98887    34.9984    35.0146    27.3274    1488.74    1485.89 0.0000e+00
      10520    467.000     7.6300     7.6286   3.607515   3.608890     1.9185    -0.0834      98.69 4.9471e-02 0.0000e+00    81.8073    4.97822    34.9984    35.0147    27.3278    1488.75    1485.90 0.0000e+00
      10542    468.000     7.6282     7.6268   3.607401   3.608769     1.9159    -0.0805      97.06 4.9498e-02 0.0000e+00    81.7187    4.96820    34.9985    35.0147    27.3281    1488.76    1485.90 0.0000e+00
      10564    469.000     7.6263     7.6248   3.607262   3.608647     1.9134    -0.0638      27.93 4.9502e-02 0.0000e+00    81.8808    4.96132    34.9984    35.0149    27.3284    1488.77    1485.91 0.0000e+00
      10586    470.000     7.6249     7.6235   3.607190   3.608566     1.9107    -0.0642      95.98 4.9470e-02 0.0000e+00    81.8774    4.94637    34.9986    35.0148    27.3287    1488.78    1485.92 0.0000e+00
      10608    471.000     7.6204     7.6193   3.606805   3.608182     1.9075    -0.0907      32.14 4.9464e-02 0.0000e+00    81.8755    4.93685    34.9984    35.0144    27.3292    1488.78    1485.92 0.0000e+00
      10629    472.000     7.6165     7.6152   3.606506   3.607879     1.9050    -0.0642      91.79 4.9489e-02 0.0000e+00    81.8815    4.93443    34.9986    35.0148    27.3300    1488.78    1485.93 0.0000e+00
      10651    473.000     7.6151     7.6136   3.606424   3.607790     1.9026    -0.0806      40.16 4.9490e-02 0.0000e+00    81.8803    4.92885    34.9987    35.0149    27.3302    1488.79    1485.93 0.0000e+00
      10673    474.000     7.6118     7.6106   3.606167   3.607550     1.9001    -0.0776      92.73 4.9485e-02 0.0000e+00    81.8663    4.91935    34.9987    35.0149    27.3307    1488.79    1485.94 0.0000e+00
      10695    475.000     7.6093     7.6079   3.605988   3.607351     1.8975    -0.0664      37.55 4.9464e-02 0.0000e+00    81.8711    4.90898    34.9988    35.0149    27.3311    1488.80    1485.95 0.0000e+00
      10716    476.000     7.6056     7.6043   3.605698   3.607071     1.8952    -0.0636      92.60 4.9508e-02 0.0000e+00    81.8908    4.90375    34.9989    35.0150    27.3318    1488.80    1485.95 0.0000e+00
      10738    477.000     7.6027     7.6013   3.605489   3.606852     1.8923    -0.0724      49.43 4.9492e-02 0.0000e+00    81.8860    4.89107    34.9991    35.0152    27.3323    1488.81    1485.96 0.0000e+00
      10759    478.000     7.6008     7.5995   3.605362   3.606740     1.8897    -0.0689      97.90 4.9499e-02 0.0000e+00    81.8480    4.88404    34.9991    35.0153    27.3326    1488.82    1485.96 0.0000e+00
      10781    479.000     7.6004     7.5988   3.605375   3.606733     1.8871    -0.0649      51.45 4.9483e-02 0.0000e+00    81.8672    4.87588    34.9992    35.0155    27.3327    1488.83    1485.97 0.0000e+00
      10802    480.000     7.6002     7.5987   3.605410   3.606766     1.8845    -0.0664      95.22 4.9483e-02 0.0000e+00    81.8643    4.86777    34.9993    35.0154    27.3328    1488.85    1485.98 0.0000e+00
      10824    481.000     7.5981     7.5967   3.605265   3.606625     1.8818    -0.0742      50.96 4.9512e-02 0.0000e+00    81.8830    4.85859    34.9993    35.0154    27.3332    1488.86    1485.98 0.0000e+00
      10845    482.000     7.5955     7.5941   3.605080   3.606436     1.8793    -0.0902      97.02 4.9477e-02 0.0000e+00    81.8839    4.85082    34.9995    35.0155    27.3337    1488.86    1485.99 0.0000e+00
      10867    483.000     7.5934     7.5919   3.604960   3.606325     1.8768    -0.0604      61.10 4.9479e-02 0.0000e+00    81.8912    4.85067    34.9998    35.0161    27.3342    1488.87    1485.99 0.0000e+00
      10889    484.000     7.5927     7.5912   3.604941   3.606310     1.8750    -0.0614      98.18 4.9496e-02 0.0000e+00    81.8847    4.84597    34.9998    35.0161    27.3344    1488.89    1486.00 0.0000e+00
      10910    485.000     7.5922     7.5908   3.604949   3.606315     1.8728    -0.0632      62.14 4.9485e-02 0.0000e+00    81.8814    4.83388    34.9999    35.0161    27.3345    1488.90    1486.00 0.0000e+00
      10932    486.000     7.5909     7.5895   3.604897   3.606268     1.8706    -0.0683      99.21 4.9490e-02 0.0000e+00    81.8796    4.83217    35.0002    35.0164    27.3349    1488.91    1486.01 0.0000e+00
      10953    487.000     7.5909     7.5893   3.604933   3.606309     1.8687    -0.0688      74.53 4.9505e-02 0.0000e+00    81.8852    4.82559    35.0001    35.0166    27.3348    1488.93    1486.02 0.0000e+00
      10974    488.000     7.5901     7.5887   3.604916   3.606271     1.8668    -0.0642      98.54 4.9483e-02 0.0000e+00    81.8847    4.82554    35.0002    35.0163    27.3351    1488.94    1486.02 0.0000e+00
      10996    489.000     7.5893     7.5879   3.604876   3.606235     1.8655    -0.0569      76.37 4.9505e-02 0.0000e+00    81.8722    4.82443    35.0001    35.0162    27.3351    1488.96    1486.03 0.0000e+00
      11017    490.000     7.5867     7.5852   3.604711   3.606065     1.8641    -0.0868      98.85 4.9485e-02 0.0000e+00    81.8806    4.82132    35.0004    35.0166    27.3357    1488.96    1486.03 0.0000e+00
      11038    491.000     7.5860     7.5846   3.604696   3.606068     1.8630    -0.0834      93.40 4.9479e-02 0.0000e+00    81.8732    4.82185    35.0005    35.0168    27.3359    1488.98    1486.04 0.0000e+00
      11059    492.000     7.5793     7.5783   3.604148   3.605520     1.8621    -0.0643      98.86 4.9472e-02 0.0000e+00    81.8912    4.81862    35.0008    35.0167    27.3371    1488.97    1486.05 0.0000e+00
      11080    493.000     7.5770     7.5756   3.603964   3.605319     1.8607    -0.0645      93.41 4.9492e-02 0.0000e+00    81.8825    4.81121    35.0007    35.0167    27.3373    1488.98    1486.05 0.0000e+00
      11101    494.000     7.5753     7.5739   3.603849   3.605224     1.8593    -0.0620      45.45 4.9505e-02 0.0000e+00    81.8834    4.80493    35.0006    35.0169    27.3376    1488.99    1486.06 0.0000e+00
      11122    495.000     7.5749     7.5735   3.603877   3.605247     1.8579    -0.0656      74.35 4.9492e-02 0.0000e+00    81.8923    4.79455    35.0009    35.0171    27.3378    1489.00    1486.06 0.0000e+00
      11143    496.000     7.5736     7.5721   3.603845   3.605213     1.8555    -0.0616      93.81 4.9485e-02 0.0000e+00    81.8827    4.77824    35.0013    35.0176    27.3384    1489.01    1486.07 0.0000e+00
      11165    497.000     7.5730     7.5716   3.603847   3.605220     1.8528    -0.0686      31.15 4.9470e-02 0.0000e+00    81.8778    4.77280    35.0015    35.0177    27.3386    1489.03    1486.08 0.0000e+00
      11186    498.000     7.5713     7.5699   3.603758   3.605123     1.8507    -0.0625      88.71 4.9489e-02 0.0000e+00    81.8648    4.77092    35.0017    35.0179    27.3390    1489.04    1486.08 0.0000e+00
      11208    499.000     7.5702     7.5687   3.603711   3.605063     1.8491    -0.0630      38.71 4.9512e-02 0.0000e+00    81.8630    4.76944    35.0019    35.0180    27.3393    1489.05    1486.09 0.0000e+00
      11229    500.000     7.5693     7.5679   3.603695   3.605055     1.8470    -0.0621      98.96 4.9492e-02 0.0000e+00    81.8710    4.75809    35.0021    35.0182    27.3396    1489.06    1486.09 0.0000e+00
      11251    501.000     7.5682     7.5670   3.603643   3.605033     1.8452    -0.0613      71.91 4.9496e-02 0.0000e+00    81.8644    4.75586    35.0022    35.0184    27.3398    1489.08    1486.10 0.0000e+00
      11273    502.000     7.5676     7.5662   3.603663   3.605034     1.8433    -0.0600      98.90 4.9470e-02 0.0000e+00    81.8761    4.75307    35.0025    35.0187    27.3401    1489.09    1486.11 0.0000e+00
      11294    503.000     7.5671     7.5656   3.603669   3.605032     1.8419    -0.0725      88.82 4.9486e-02 0.0000e+00    81.8764    4.75196    35.0026    35.0188    27.3403    1489.11    1486.11 0.0000e+00
      11316    504.000     7.5652     7.5638   3.603558   3.604924     1.8405    -0.0910      39.46 4.9483e-02 0.0000e+00    81.8788    4.74681    35.0028    35.0190    27.3407    1489.12    1486.12 0.0000e+00
      11338    505.000     7.5647     7.5631   3.603554   3.604923     1.8391    -0.0617      93.11 4.9483e-02 0.0000e+00    81.8737    4.74520    35.0028    35.0192    27.3408    1489.13    1486.12 0.0000e+00
      11359    506.000     7.5633     7.5619   3.603472   3.604828     1.8379    -0.0656      56.25 4.9485e-02 0.0000e+00    81.8722    4.74114    35.0028    35.0189    27.3410    1489.14    1486.13 0.0000e+00
      11381    507.000     7.5608     7.5594   3.603316   3.604677     1.8366    -0.0631      94.45 4.9502e-02 0.0000e+00    81.8704    4.74155    35.0032    35.0193    27.3417    1489.15    1486.14 0.0000e+00
      11403    508.000     7.5595     7.5581   3.603257   3.604621     1.8360    -0.0683      98.23 4.9502e-02 0.0000e+00    81.8647    4.74043    35.0034    35.0195    27.3420    1489.16    1486.14 0.0000e+00
      11424    509.000     7.5583     7.5568   3.603212   3.604577     1.8344    -0.0597      44.88 4.9477e-02 0.0000e+00    81.8656    4.72798    35.0036    35.0199    27.3424    1489.17    1486.15 0.0000e+00
      11446    510.000     7.5570     7.5556   3.603171   3.604536     1.8329    -0.0636      97.85 4.9471e-02 0.0000e+00    81.8641    4.72513    35.0040    35.0202    27.3428    1489.19    1486.15 0.0000e+00
      11468    511.000     7.5561     7.5546   3.603144   3.604495     1.8316    -0.0668      64.98 4.9489e-02 0.0000e+00    81.8704    4.71606    35.0041    35.0202    27.3431    1489.20    1486.16 0.0000e+00
      11490    512.000     7.5538     7.5525   3.603001   3.604365     1.8296    -0.0708      98.77 4.9492e-02 0.0000e+00    81.8119    4.71543    35.0044    35.0205    27.3436    1489.21    1486.17 0.0000e+00
      11512    513.000     7.5516     7.5502   3.602848   3.604208     1.8284    -0.0687      90.58 4.9463e-02 0.0000e+00    81.8574    4.71220    35.0045    35.0206    27.3440    1489.21    1486.17 0.0000e+00
      11534    514.000     7.5499     7.5485   3.602760   3.604124     1.8272    -0.0676      44.93 4.9489e-02 0.0000e+00    81.8645    4.71138    35.0047    35.0209    27.3445    1489.22    1486.18 0.0000e+00
      11557    515.000     7.5485     7.5471   3.602702   3.604070     1.8258    -0.0669      84.98 4.9490e-02 0.0000e+00    81.8585    4.69967    35.0050    35.0212    27.3449    1489.24    1486.18 0.0000e+00
      11579    516.000     7.5479     7.5465   3.602669   3.604040     1.8238    -0.0657      83.69 4.9487e-02 0.0000e+00    81.8586    4.69429    35.0048    35.0210    27.3448    1489.25    1486.19 0.0000e+00
      11601    517.000     7.5456     7.5441   3.602506   3.603859     1.8223    -0.0691      65.87 4.9477e-02 0.0000e+00    81.8615    4.68800    35.0049    35.0210    27.3452    1489.26    1486.20 0.0000e+00
      11623    518.000     7.5453     7.5439   3.602532   3.603894     1.8203    -0.0674      90.29 4.9477e-02 0.0000e+00    81.8686    4.67874    35.0050    35.0211    27.3453    1489.27    1486.20 0.0000e+00
      11645    519.000     7.5448     7.5434   3.602532   3.603900     1.8184    -0.0664      81.81 4.9489e-02 0.0000e+00    81.8558    4.67421    35.0050    35.0212    27.3454    1489.29    1486.21 0.0000e+00
      11668    520.000     7.5443     7.5429   3.602543   3.603910     1.8166    -0.0677      98.81 4.9496e-02 0.0000e+00    81.8567    4.67170    35.0051    35.0213    27.3456    1489.30    1486.21 0.0000e+00
      11689    521.000     7.5436     7.5422   3.602543   3.603906     1.8151    -0.0587      97.52 4.9464e-02 0.0000e+00    81.8571    4.67187    35.0053    35.0215    27.3459    1489.32    1486.22 0.0000e+00
      11711    522.000     7.5435     7.5420   3.602583   3.603930     1.8140    -0.0631      44.79 4.9495e-02 0.0000e+00    81.8837    4.66878    35.0054    35.0215    27.3459    1489.33    1486.22 0.0000e+00
      11733    523.000     7.5434     7.5418   3.602611   3.603974     1.8125    -0.0637      97.85 4.9483e-02 0.0000e+00    81.8564    4.65969    35.0053    35.0217    27.3459    1489.35    1486.23 0.0000e+00
      11755    524.000     7.5431     7.5417   3.602652   3.604006     1.8109    -0.0624      71.97 4.9502e-02 0.0000e+00    81.8596    4.65649    35.0056    35.0216    27.3461    1489.36    1486.24 0.0000e+00
      11777    525.000     7.5424     7.5409   3.602631   3.603986     1.8097    -0.0665      98.78 4.9492e-02 0.0000e+00    81.8649    4.65632    35.0056    35.0218    27.3462    1489.38    1486.24 0.0000e+00
      11799    526.000     7.5418     7.5404   3.602627   3.603988     1.8085    -0.0697      98.75 4.9483e-02 0.0000e+00    81.8610    4.65708    35.0057    35.0218    27.3464    1489.39    1486.25 0.0000e+00
      11821    527.000     7.5415     7.5401   3.602639   3.604006     1.8079    -0.0717      50.52 4.9475e-02 0.0000e+00    81.8545    4.65803    35.0056    35.0218    27.3464    1489.41    1486.25 0.0000e+00
      11843    528.000     7.5410     7.5396   3.602662   3.604022     1.8071    -0.0683      98.31 4.9508e-02 0.0000e+00    81.8598    4.65550    35.0059    35.0220    27.3467    1489.42    1486.26 0.0000e+00
      11866    529.000     7.5403     7.5389   3.602640   3.603991     1.8064    -0.0669      66.71 4.9489e-02 0.0000e+00    81.8631    4.65599    35.0059    35.0219    27.3468    1489.44    1486.27 0.0000e+00
      11888    530.000     7.5391     7.5376   3.602584   3.603949     1.8059    -0.0964      99.03 4.9471e-02 0.0000e+00    81.8637    4.65175    35.0060    35.0223    27.3470    1489.45    1486.27 0.0000e+00
      11910    531.000     7.5381     7.5366   3.602546   3.603893     1.8048    -0.0704      87.75 4.9493e-02 0.0000e+00    81.8632    4.64536    35.0061    35.0222    27.3473    1489.46    1486.28 0.0000e+00
      11932    532.000     7.5380     7.5364   3.602576   3.603946     1.8039    -0.0652      98.79 4.9508e-02 0.0000e+00    81.8632    4.64300    35.0060    35.0225    27.3472    1489.48    1486.28 0.0000e+00
      11955    533.000     7.5381     7.5366   3.602643   3.603993     1.8027    -0.0706      98.80 4.9464e-02 0.0000e+00    81.8669    4.63913    35.0062    35.0223    27.3473    1489.50    1486.29 0.0000e+00
      11977    534.000     7.5377     7.5364   3.602650   3.604013     1.8018    -0.0710      63.44 4.9490e-02 0.0000e+00    81.8653    4.63881    35.0062    35.0223    27.3474    1489.51    1486.30 0.0000e+00
