_data/ctd/2022603/sta0168.cnv
* Sea-Bird SBE 9 Data File:
* FileName = C:\Seabird\CTDData\sta0168.hex
* Software Version Seasave V 7.21f
* Temperature SN = 6264
* Conductivity SN = 4928
* Number of Bytes Per Scan = 40
* Number of Voltage Words = 5
* Number of Scans Averaged by the Deck Unit = 1
* NMEA Latitude = 60 51.98 N
* NMEA Longitude = 005 30.63 E
* NMEA UTC (Time) = Feb 12 2022 19:47:13
* NMEA baud rate = 4800
** Ship: R/V "Kristine Bonnevie"
** Station: 0168
** Echodepth: 183
** Log: 0501.170
** Wind-Dir/Force: 54 09
** Air-temp (dry): 6.6
** Weather Sky:
** Sea:
# nquan = 19                                
# nvalues = 171                         
# units = specified
# name 0 = scan: Scan Count
# name 1 = prDM: Pressure, Digiquartz [db]
# name 2 = t068C: Temperature [ITS-68, deg C]
# name 3 = t168C: Temperature, 2 [ITS-68, deg C]
# name 4 = c0S/m: Conductivity [S/m]
# name 5 = c1S/m: Conductivity, 2 [S/m]
# name 6 = sbeox0V: Oxygen raw, SBE 43 [V]
# name 7 = flECO-AFL: Fluorescence, WET Labs ECO-AFL/FL [mg/m^3]
# name 8 = altM: Altimeter [m]
# name 9 = par: PAR/Irradiance, Biospherical/Licor
# name 10 = spar: SPAR/Surface Irradiance
# name 11 = CStarTr0: Beam Transmission, WET Labs C-Star [%]
# name 12 = sbeox0ML/L: Oxygen, SBE 43 [ml/l], WS = 2
# name 13 = sal00: Salinity, Practical [PSU]
# name 14 = sal11: Salinity, Practical, 2 [PSU]
# name 15 = sigma-t00: Density [sigma-t, Kg/m^3 ]
# name 16 = svCM: Sound Velocity [Chen-Millero, m/s]
# name 17 = avgsvCM: Average Sound Velocity [Chen-Millero, m/s], minP = 1, minS = 5
# name 18 = flag: flag
# span 0 =         20,       3861       
# span 1 =      7.000,    177.000       
# span 2 =     7.8349,    10.3318       
# span 3 =     7.9796,    10.3294       
# span 4 =   3.235690,   3.733392       
# span 5 =   3.278758,   3.734796       
# span 6 =     1.5822,     2.3804       
# span 7 =    -0.0827,     0.2286       
# span 8 =      14.96,     106.50       
# span 9 = 4.9445e-02, 9.6077e-02       
# span 10 = 0.0000e+00, 0.0000e+00      
# span 11 =    80.9812,    82.2999      
# span 12 =    3.61180,    6.32615      
# span 13 =    31.0338,    34.9371      
# span 14 =    31.3616,    34.9520      
# span 15 =    24.1840,    27.1750      
# span 16 =    1477.04,    1490.03      
# span 17 =    1477.04,    1487.01      
# span 18 = 0.0000e+00, 0.0000e+00      
# interval = decibars: 1                
# start_time = Feb 12 2022 19:47:16 [System UTC, header]
# bad_flag = -9.990e-29
*END*
         20      7.000     7.8349     7.9796   3.235690   3.278758     2.3640     0.2286     106.50 9.6077e-02 0.0000e+00    80.9812    6.29281    31.0338    31.3616    24.1840    1477.04    1477.04 0.0000e+00
         81      8.000     8.4546     8.4378   3.360325   3.361097     2.3763     0.1445      62.94 8.2796e-02 0.0000e+00    81.1958    6.32615    31.7943    31.8175    24.6914    1480.35    1477.45 0.0000e+00
        114      9.000     8.9079     8.8916   3.440503   3.442833     2.3804     0.0816      53.34 6.3621e-02 0.0000e+00    81.4144    6.16930    32.2211    32.2602    24.9573    1482.58    1478.02 0.0000e+00
        143     10.000     9.3102     9.2930   3.509845   3.511351     2.3789     0.0178      96.74 5.5106e-02 0.0000e+00    81.4875    6.09190    32.5726    32.6039    25.1694    1484.52    1478.67 0.0000e+00
        166     11.000     9.5551     9.5479   3.553412   3.555513     2.3761    -0.0130      56.51 4.9580e-02 0.0000e+00    81.5869    5.99842    32.7966    32.8248    25.3052    1485.71    1479.30 0.0000e+00
        187     12.000     9.6829     9.6789   3.577344   3.579239     2.3689    -0.0344      98.70 4.9460e-02 0.0000e+00    81.6762    5.90462    32.9244    32.9475    25.3843    1486.34    1479.89 0.0000e+00
        208     13.000     9.7312     9.7268   3.585908   3.587374     2.3567    -0.0563      61.65 4.9472e-02 0.0000e+00    81.7508    5.81103    32.9673    32.9863    25.4099    1486.59    1480.40 0.0000e+00
        229     14.000     9.8273     9.8223   3.602695   3.604657     2.3412    -0.0558      98.78 4.9472e-02 0.0000e+00    81.8237    5.71795    33.0501    33.0747    25.4587    1487.05    1480.87 0.0000e+00
        249     15.000     9.9801     9.9779   3.627873   3.631315     2.3243    -0.0558      77.58 4.9476e-02 0.0000e+00    81.8620    5.64053    33.1659    33.2029    25.5237    1487.76    1481.33 0.0000e+00
        269     16.000    10.1076    10.1023   3.646938   3.648604     2.3091    -0.0558      98.69 4.9474e-02 0.0000e+00    81.8904    5.59583    33.2419    33.2637    25.5616    1488.33    1481.77 0.0000e+00
        289     17.000    10.0932    10.0889   3.652218   3.653502     2.2958    -0.0558      87.95 4.9459e-02 0.0000e+00    81.8871    5.55823    33.3083    33.3253    25.6158    1488.38    1482.15 0.0000e+00
        309     18.000    10.1815    10.1762   3.671987   3.673549     2.2813    -0.0558      91.76 4.9468e-02 0.0000e+00    81.9516    5.48259    33.4269    33.4476    25.6934    1488.86    1482.53 0.0000e+00
        329     19.000    10.2166    10.2117   3.681715   3.683169     2.2657    -0.0558      80.23 4.9502e-02 0.0000e+00    81.9751    5.42734    33.4925    33.5118    25.7387    1489.08    1482.87 0.0000e+00
        348     20.000    10.2445    10.2403   3.688816   3.690355     2.2512    -0.0558      94.48 4.9460e-02 0.0000e+00    81.9578    5.39039    33.5382    33.5576    25.7695    1489.25    1483.19 0.0000e+00
        368     21.000    10.2951    10.2913   3.698695   3.700160     2.2379    -0.0591      36.09 4.9468e-02 0.0000e+00    82.0041    5.35318    33.5908    33.6092    25.8020    1489.51    1483.49 0.0000e+00
        388     22.000    10.3157    10.3111   3.707448   3.708990     2.2255    -0.0814      99.35 4.9474e-02 0.0000e+00    82.0073    5.31922    33.6598    33.6796    25.8522    1489.68    1483.77 0.0000e+00
        407     23.000    10.3318    10.3294   3.710382   3.711896     2.2141    -0.0741      68.77 4.9460e-02 0.0000e+00    82.0512    5.29466    33.6740    33.6916    25.8606    1489.78    1484.03 0.0000e+00
        427     24.000    10.3203    10.3186   3.714593   3.715701     2.2039    -0.0707      58.65 4.9490e-02 0.0000e+00    82.0363    5.26921    33.7268    33.7396    25.9037    1489.82    1484.27 0.0000e+00
        446     25.000    10.3071    10.3080   3.727353   3.728606     2.1942    -0.0735      97.29 4.9461e-02 0.0000e+00    82.0362    5.24062    33.8677    33.8796    26.0159    1489.96    1484.49 0.0000e+00
        465     26.000    10.2969    10.2958   3.728333   3.729518     2.1853    -0.0787      91.04 4.9468e-02 0.0000e+00    82.0503    5.22136    33.8867    33.8997    26.0325    1489.96    1484.70 0.0000e+00
        484     27.000    10.2983    10.2957   3.729003   3.730310     2.1764    -0.0810      39.58 4.9447e-02 0.0000e+00    82.0262    5.19563    33.8917    33.9074    26.0361    1489.99    1484.90 0.0000e+00
        503     28.000    10.2983    10.2962   3.729147   3.730536     2.1683    -0.0772      99.00 4.9454e-02 0.0000e+00    82.0383    5.17725    33.8927    33.9088    26.0369    1490.00    1485.08 0.0000e+00
        521     29.000    10.2983    10.2963   3.730279   3.731677     2.1606    -0.0691      48.95 4.9491e-02 0.0000e+00    82.0407    5.16655    33.9038    33.9198    26.0455    1490.03    1485.25 0.0000e+00
        541     30.000    10.2795    10.2790   3.732031   3.733450     2.1541    -0.0697      92.42 4.9490e-02 0.0000e+00    82.0738    5.16125    33.9386    33.9535    26.0759    1490.03    1485.41 0.0000e+00
        564     31.000    10.2506    10.2520   3.731589   3.733156     2.1481    -0.0738      73.09 4.9471e-02 0.0000e+00    82.0927    5.15680    33.9607    33.9753    26.0982    1489.97    1485.56 0.0000e+00
        586     32.000    10.2292    10.2292   3.731891   3.733289     2.1432    -0.0697      64.34 4.9477e-02 0.0000e+00    82.0517    5.15317    33.9834    33.9976    26.1195    1489.93    1485.69 0.0000e+00
        607     33.000    10.2115    10.2098   3.732232   3.733633     2.1391    -0.0775      78.33 4.9466e-02 0.0000e+00    82.0877    5.15231    34.0030    34.0188    26.1378    1489.91    1485.82 0.0000e+00
        628     34.000    10.2052    10.2042   3.733392   3.734796     2.1364    -0.0776      69.78 4.9471e-02 0.0000e+00    82.1112    5.15194    34.0203    34.0354    26.1524    1489.93    1485.94 0.0000e+00
        650     35.000    10.1688    10.1688   3.731751   3.733076     2.1338    -0.0760      65.47 4.9472e-02 0.0000e+00    82.1268    5.14728    34.0373    34.0508    26.1719    1489.83    1486.05 0.0000e+00
        671     36.000    10.1220    10.1215   3.729950   3.731314     2.1308    -0.0767      14.96 4.9477e-02 0.0000e+00    82.0925    5.13829    34.0626    34.0769    26.1996    1489.71    1486.15 0.0000e+00
        693     37.000    10.1077    10.1063   3.730070   3.731458     2.1273    -0.0776      38.22 4.9479e-02 0.0000e+00    82.1383    5.12756    34.0768    34.0923    26.2132    1489.69    1486.25 0.0000e+00
        715     38.000    10.0961    10.0957   3.729466   3.730898     2.1240    -0.0691      85.83 4.9463e-02 0.0000e+00    82.1425    5.12029    34.0812    34.0961    26.2185    1489.67    1486.34 0.0000e+00
        737     39.000    10.0391    10.0415   3.725676   3.727074     2.1207    -0.0726      55.37 4.9472e-02 0.0000e+00    82.1351    5.11469    34.0958    34.1078    26.2397    1489.50    1486.42 0.0000e+00
        759     40.000     9.9951     9.9943   3.724820   3.726244     2.1170    -0.0710      87.23 4.9490e-02 0.0000e+00    82.1435    5.10419    34.1282    34.1435    26.2724    1489.40    1486.49 0.0000e+00
        780     41.000     9.9585     9.9610   3.723726   3.725165     2.1133    -0.0709      87.57 4.9452e-02 0.0000e+00    82.1561    5.10359    34.1512    34.1635    26.2966    1489.31    1486.56 0.0000e+00
        802     42.000     9.8771     9.8825   3.718650   3.720176     2.1105    -0.0697      66.25 4.9471e-02 0.0000e+00    82.1663    5.10242    34.1759    34.1864    26.3296    1489.07    1486.62 0.0000e+00
        823     43.000     9.8208     9.8246   3.714437   3.715980     2.1072    -0.0742      89.65 4.9464e-02 0.0000e+00    82.1742    5.10239    34.1857    34.1979    26.3467    1488.89    1486.67 0.0000e+00
        846     44.000     9.8099     9.8087   3.713733   3.715082     2.1048    -0.0716      45.38 4.9475e-02 0.0000e+00    82.1778    5.10283    34.1884    34.2034    26.3506    1488.87    1486.72 0.0000e+00
        868     45.000     9.7598     9.7629   3.710895   3.712212     2.1022    -0.0742      92.71 4.9479e-02 0.0000e+00    82.1774    5.08933    34.2064    34.2170    26.3731    1488.73    1486.77 0.0000e+00
        889     46.000     9.6886     9.6893   3.707206   3.708494     2.0981    -0.0708      58.79 4.9472e-02 0.0000e+00    82.1748    5.06772    34.2358    34.2484    26.4079    1488.52    1486.81 0.0000e+00
        911     47.000     9.6468     9.6473   3.706145   3.707456     2.0926    -0.0767      96.12 4.9451e-02 0.0000e+00    82.1597    5.04701    34.2643    34.2773    26.4371    1488.42    1486.84 0.0000e+00
        933     48.000     9.5969     9.5998   3.702717   3.704102     2.0865    -0.0756      76.91 4.9483e-02 0.0000e+00    82.1603    5.03395    34.2761    34.2876    26.4547    1488.27    1486.87 0.0000e+00
        955     49.000     9.5673     9.5663   3.700905   3.702215     2.0817    -0.0721      68.21 4.9492e-02 0.0000e+00    82.1670    5.03219    34.2853    34.2997    26.4667    1488.19    1486.90 0.0000e+00
        976     50.000     9.5507     9.5508   3.699992   3.701325     2.0776    -0.0719      98.67 4.9472e-02 0.0000e+00    82.2013    5.03037    34.2912    34.3049    26.4741    1488.16    1486.92 0.0000e+00
        998     51.000     9.4921     9.4937   3.696988   3.698269     2.0740    -0.0771      44.29 4.9452e-02 0.0000e+00    82.1884    5.02031    34.3158    34.3275    26.5030    1487.99    1486.94 0.0000e+00
       1019     52.000     9.4441     9.4443   3.694356   3.695537     2.0690    -0.0769      98.83 4.9471e-02 0.0000e+00    82.1924    5.00260    34.3342    34.3462    26.5252    1487.86    1486.96 0.0000e+00
       1041     53.000     9.3821     9.3818   3.690509   3.691792     2.0643    -0.0748      72.39 4.9479e-02 0.0000e+00    82.1923    5.00111    34.3534    34.3669    26.5504    1487.67    1486.98 0.0000e+00
       1063     54.000     9.3689     9.3675   3.689962   3.691236     2.0604    -0.0703      99.06 4.9487e-02 0.0000e+00    82.2157    4.99728    34.3599    34.3745    26.5577    1487.65    1486.99 0.0000e+00
       1085     55.000     9.3489     9.3487   3.688739   3.689997     2.0569    -0.0742      90.57 4.9466e-02 0.0000e+00    82.2095    4.98686    34.3660    34.3792    26.5657    1487.60    1487.00 0.0000e+00
       1107     56.000     9.3106     9.3100   3.686384   3.687622     2.0527    -0.0699      56.61 4.9493e-02 0.0000e+00    82.2080    4.98075    34.3779    34.3913    26.5813    1487.49    1487.01 0.0000e+00
       1130     57.000     9.2560     9.2605   3.683464   3.684835     2.0494    -0.0679      83.34 4.9468e-02 0.0000e+00    82.2144    4.97897    34.3997    34.4096    26.6072    1487.33    1487.01 0.0000e+00
       1154     58.000     9.1778     9.1796   3.679150   3.680421     2.0453    -0.0715      54.19 4.9481e-02 0.0000e+00    82.1951    4.95857    34.4297    34.4412    26.6434    1487.10    1487.01 0.0000e+00
       1177     59.000     9.1414     9.1427   3.677090   3.678298     2.0389    -0.0748      96.67 4.9481e-02 0.0000e+00    82.2131    4.92330    34.4430    34.4543    26.6596    1487.00    1487.01 0.0000e+00
       1200     60.000     9.0658     9.0636   3.673434   3.674518     2.0316    -0.0699      82.24 4.9480e-02 0.0000e+00    82.1826    4.89016    34.4775    34.4910    26.6988    1486.78    1487.01 0.0000e+00
       1224     61.000     9.0517     9.0503   3.672491   3.673764     2.0211    -0.0783      98.85 4.9445e-02 0.0000e+00    82.1960    4.84139    34.4808    34.4955    26.7036    1486.75    1487.01 0.0000e+00
       1247     62.000     9.0237     9.0240   3.671161   3.672407     2.0112    -0.0806      98.77 4.9457e-02 0.0000e+00    82.1771    4.81977    34.4936    34.5063    26.7181    1486.68    1487.00 0.0000e+00
       1269     63.000     8.9917     8.9911   3.670060   3.671302     2.0025    -0.0720      49.74 4.9477e-02 0.0000e+00    82.1712    4.80085    34.5127    34.5262    26.7382    1486.60    1486.99 0.0000e+00
       1292     64.000     8.9183     8.9206   3.665911   3.667119     1.9937    -0.0730      95.39 4.9445e-02 0.0000e+00    82.1570    4.77853    34.5400    34.5505    26.7713    1486.38    1486.98 0.0000e+00
       1314     65.000     8.8769     8.8771   3.663813   3.665064     1.9850    -0.0774      71.22 4.9445e-02 0.0000e+00    82.1540    4.76497    34.5578    34.5708    26.7918    1486.26    1486.97 0.0000e+00
       1336     66.000     8.8503     8.8500   3.662841   3.664084     1.9783    -0.0773      24.47 4.9472e-02 0.0000e+00    82.1791    4.74905    34.5731    34.5864    26.8080    1486.20    1486.96 0.0000e+00
       1357     67.000     8.8428     8.8409   3.662675   3.663884     1.9700    -0.0792      97.89 4.9477e-02 0.0000e+00    82.1740    4.70041    34.5782    34.5927    26.8132    1486.19    1486.95 0.0000e+00
       1379     68.000     8.8317     8.8305   3.662167   3.663375     1.9599    -0.0738      52.57 4.9505e-02 0.0000e+00    82.1879    4.66092    34.5832    34.5971    26.8189    1486.18    1486.94 0.0000e+00
       1400     69.000     8.8040     8.8036   3.660957   3.662182     1.9500    -0.0821      98.49 4.9483e-02 0.0000e+00    82.1857    4.64544    34.5970    34.6103    26.8341    1486.11    1486.93 0.0000e+00
       1422     70.000     8.7834     8.7824   3.660011   3.661227     1.9419    -0.0821      66.16 4.9464e-02 0.0000e+00    82.1851    4.64158    34.6067    34.6205    26.8449    1486.06    1486.91 0.0000e+00
       1445     71.000     8.7716     8.7705   3.659618   3.660858     1.9353    -0.0801      40.93 4.9487e-02 0.0000e+00    82.2033    4.63169    34.6136    34.6278    26.8522    1486.04    1486.90 0.0000e+00
       1467     72.000     8.7562     8.7554   3.659095   3.660331     1.9292    -0.0780      92.46 4.9477e-02 0.0000e+00    82.2055    4.62015    34.6227    34.6365    26.8617    1486.01    1486.89 0.0000e+00
       1490     73.000     8.7444     8.7431   3.658604   3.659837     1.9237    -0.0745      64.17 4.9505e-02 0.0000e+00    82.1974    4.61172    34.6286    34.6428    26.8682    1485.99    1486.88 0.0000e+00
       1513     74.000     8.7310     8.7303   3.658042   3.659280     1.9188    -0.0687      98.35 4.9494e-02 0.0000e+00    82.2163    4.60730    34.6353    34.6490    26.8756    1485.97    1486.86 0.0000e+00
       1536     75.000     8.7111     8.7107   3.657245   3.658497     1.9148    -0.0730      98.77 4.9463e-02 0.0000e+00    82.2199    4.60226    34.6459    34.6595    26.8870    1485.92    1486.85 0.0000e+00
       1559     76.000     8.6941     8.6931   3.656511   3.657750     1.9110    -0.0685      42.85 4.9502e-02 0.0000e+00    82.2344    4.59257    34.6543    34.6684    26.8963    1485.89    1486.84 0.0000e+00
       1583     77.000     8.6887     8.6874   3.656317   3.657562     1.9071    -0.0781      73.37 4.9482e-02 0.0000e+00    82.1953    4.57793    34.6571    34.6715    26.8993    1485.89    1486.83 0.0000e+00
       1606     78.000     8.6792     8.6782   3.655982   3.657227     1.9033    -0.0718      71.47 4.9493e-02 0.0000e+00    82.2080    4.57015    34.6624    34.6765    26.9049    1485.87    1486.81 0.0000e+00
       1628     79.000     8.6674     8.6661   3.655575   3.656791     1.8996    -0.0753      83.54 4.9458e-02 0.0000e+00    82.1982    4.55740    34.6692    34.6833    26.9121    1485.85    1486.80 0.0000e+00
       1650     80.000     8.6592     8.6576   3.655268   3.656509     1.8956    -0.0752      62.28 4.9483e-02 0.0000e+00    82.2193    4.54457    34.6735    34.6882    26.9168    1485.85    1486.79 0.0000e+00
       1672     81.000     8.6556     8.6542   3.655180   3.656418     1.8921    -0.0687      21.18 4.9485e-02 0.0000e+00    82.2244    4.53941    34.6756    34.6901    26.9190    1485.85    1486.78 0.0000e+00
       1694     82.000     8.6463     8.6444   3.654530   3.655702     1.8890    -0.0684     100.01 4.9477e-02 0.0000e+00    82.2210    4.53322    34.6774    34.6916    26.9219    1485.83    1486.77 0.0000e+00
