_data/ctd/2022603/sta0218.cnv
* Sea-Bird SBE 9 Data File:
* FileName = C:\Seabird\CTDData\sta0218.hex
* Software Version Seasave V 7.21f
* Temperature SN = 6264
* Conductivity SN = 4928
* Number of Bytes Per Scan = 40
* Number of Voltage Words = 5
* Number of Scans Averaged by the Deck Unit = 1
* NMEA Latitude = 61 31.30 N
* NMEA Longitude = 005 07.66 E
* NMEA UTC (Time) = Feb 16 2022 12:00:24
* NMEA baud rate = 4800
** Ship: R/V "Kristine Bonnevie"
** Station: 0218
** Echodepth: 256
** Log: 0957.945
** Wind-Dir/Force: 13 11
** Air-temp (dry): 4.4
** Weather Sky:
** Sea:
# nquan = 19                                
# nvalues = 253                         
# units = specified
# name 0 = scan: Scan Count
# name 1 = prDM: Pressure, Digiquartz [db]
# name 2 = t068C: Temperature [ITS-68, deg C]
# name 3 = t168C: Temperature, 2 [ITS-68, deg C]
# name 4 = c0S/m: Conductivity [S/m]
# name 5 = c1S/m: Conductivity, 2 [S/m]
# name 6 = sbeox0V: Oxygen raw, SBE 43 [V]
# name 7 = flECO-AFL: Fluorescence, WET Labs ECO-AFL/FL [mg/m^3]
# name 8 = altM: Altimeter [m]
# name 9 = par: PAR/Irradiance, Biospherical/Licor
# name 10 = spar: SPAR/Surface Irradiance
# name 11 = CStarTr0: Beam Transmission, WET Labs C-Star [%]
# name 12 = sbeox0ML/L: Oxygen, SBE 43 [ml/l], WS = 2
# name 13 = sal00: Salinity, Practical [PSU]
# name 14 = sal11: Salinity, Practical, 2 [PSU]
# name 15 = sigma-t00: Density [sigma-t, Kg/m^3 ]
# name 16 = svCM: Sound Velocity [Chen-Millero, m/s]
# name 17 = avgsvCM: Average Sound Velocity [Chen-Millero, m/s], minP = 1, minS = 5
# name 18 = flag: flag
# span 0 =         -2,       5397       
# span 1 =      2.000,    254.000       
# span 2 =     5.3715,     8.8948       
# span 3 =     5.3528,     8.8930       
# span 4 =   2.731244,   3.658616       
# span 5 =   2.717237,   3.660080       
# span 6 =     2.0905,     2.4933       
# span 7 =    -0.0903,     0.2499       
# span 8 =       3.84,      99.63       
# span 9 = 4.9452e-02, 4.6162e+01       
# span 10 = 8.9940e+01, 1.1792e+02      
# span 11 =    77.4457,    80.8870      
# span 12 =    5.36858,    7.18432      
# span 13 =    27.6609,    34.9925      
# span 14 =    27.5202,    35.0081      
# span 15 =    21.8257,    27.2585      
# span 16 =    1462.95,    1487.23      
# span 17 =    1462.95,    1484.43      
# span 18 = 0.0000e+00, 0.0000e+00      
# interval = decibars: 1                
# start_time = Feb 16 2022 12:00:26 [System UTC, header]
# bad_flag = -9.990e-29
*END*
[from data line 229]
       4909    231.000     8.2595     8.2582   3.652214   3.653668     2.1397    -0.0602      26.89 4.9485e-02 8.9940e+01    80.0161    5.51636    34.9634    34.9802    27.2061    1487.20    1484.16 0.0000e+00
       4930    232.000     8.2575     8.2561   3.652108   3.653548     2.1384 -9.990e-29      25.88 4.9483e-02 8.9940e+01    79.9373    5.51246    34.9638    34.9805    27.2067    1487.21    1484.17 0.0000e+00
       4951    233.000     8.2541     8.2528   3.651878   3.653328     2.1368 -9.990e-29      24.89 4.9467e-02 8.9940e+01    79.8618    5.50473    34.9642    34.9810    27.2076    1487.21    1484.18 0.0000e+00
       4973    234.000     8.2518     8.2503   3.651744   3.653170     2.1347 -9.990e-29      23.90 4.9496e-02 8.9940e+01    79.7721    5.49479    34.9646    34.9813    27.2082    1487.22    1484.20 0.0000e+00
       4994    235.000     8.2483     8.2474   3.651535   3.653003     2.1329 -9.990e-29      22.83 4.9479e-02 8.9940e+01    79.7015    5.49368    34.9654    34.9819    27.2093    1487.22    1484.21 0.0000e+00
       5015    236.000     8.2337     8.2338   3.650489   3.651964     2.1312 -9.990e-29      21.76 4.9492e-02 8.9940e+01    79.6853    5.49315    34.9682    34.9839    27.2138    1487.19    1484.22 0.0000e+00
       5036    237.000     8.2245     8.2226   3.649810   3.651189     2.1297 -9.990e-29      20.77 4.9492e-02 8.9940e+01    79.5830    5.49086    34.9697    34.9863    27.2164    1487.17    1484.24 0.0000e+00
       5057    238.000     8.2189     8.2171   3.649418   3.650819     2.1284 -9.990e-29      19.74 4.9492e-02 8.9940e+01    79.5816    5.48806    34.9706    34.9873    27.2179    1487.17    1484.25 0.0000e+00
       5078    239.000     8.2158     8.2150   3.649199   3.650670     2.1267 -9.990e-29      18.74 4.9499e-02 8.9940e+01    79.5995    5.48195    34.9708    34.9873    27.2186    1487.17    1484.26 0.0000e+00
       5100    240.000     8.2069     8.2070   3.648505   3.650027     2.1250 -9.990e-29      17.87 4.9489e-02 8.9940e+01    79.5422    5.47359    34.9718    34.9879    27.2207    1487.16    1484.27 0.0000e+00
       5121    241.000     8.2014     8.2002   3.648120   3.649566     2.1229 -9.990e-29      16.97 4.9479e-02 8.9940e+01    79.5086    5.46868    34.9727    34.9893    27.2222    1487.15    1484.28 0.0000e+00
       5143    242.000     8.1995     8.1984   3.647989   3.649473     2.1212 -9.990e-29      15.97 4.9515e-02 8.9940e+01    79.4129    5.46386    34.9727    34.9896    27.2225    1487.16    1484.30 0.0000e+00
       5164    243.000     8.1984     8.1969   3.647947   3.649390     2.1192 -9.990e-29      14.91 4.9479e-02 8.9940e+01    79.3270    5.45362    34.9728    34.9898    27.2228    1487.18    1484.31 0.0000e+00
       5185    244.000     8.1940     8.1928   3.647585   3.649017     2.1168 -9.990e-29      13.89 4.9498e-02 8.9940e+01    79.2500    5.45053    34.9729    34.9894    27.2235    1487.18    1484.32 0.0000e+00
       5206    245.000     8.1814     8.1804   3.646588   3.647994     2.1153    -0.0558      12.93 4.9495e-02 9.0365e+01    79.2499    5.44998    34.9743    34.9903    27.2266    1487.15    1484.33 0.0000e+00
       5226    246.000     8.1645     8.1646   3.645198   3.646654     2.1135    -0.0558      11.87 4.9485e-02 9.0737e+01    79.1681    5.44984    34.9758    34.9912    27.2303    1487.10    1484.34 0.0000e+00
       5247    247.000     8.1474     8.1462   3.643909   3.645313     2.1123    -0.0619      10.83 4.9518e-02 9.0741e+01    79.0734    5.44437    34.9785    34.9947    27.2351    1487.06    1484.35 0.0000e+00
       5267    248.000     8.1372     8.1362   3.643186   3.644604     2.1100    -0.0874       9.82 4.9481e-02 9.1832e+01    78.8373    5.43078    34.9805    34.9966    27.2381    1487.04    1484.36 0.0000e+00
       5289    249.000     8.1315     8.1300   3.642793   3.644218     2.1074    -0.0613       8.83 4.9490e-02 9.1939e+01    78.6759    5.42096    34.9815    34.9982    27.2398    1487.03    1484.37 0.0000e+00
       5310    250.000     8.1138     8.1151   3.641448   3.643003     2.1046    -0.0558       7.83 4.9485e-02 9.1939e+01    78.5367    5.40511    34.9842    34.9996    27.2446    1486.99    1484.38 0.0000e+00
       5331    251.000     8.1079     8.1079   3.641071   3.642589     2.1008    -0.0558       6.84 4.9492e-02 9.1939e+01    78.3770    5.39027    34.9856    35.0018    27.2466    1486.98    1484.40 0.0000e+00
       5352    252.000     8.1009     8.0991   3.640595   3.641980     2.0976    -0.0558       5.89 4.9512e-02 9.1939e+01    78.2615    5.38618    34.9870    35.0036    27.2488    1486.98    1484.41 0.0000e+00
       5373    253.000     8.0928     8.0913   3.639939   3.641294     2.0944    -0.0558       4.90 4.9502e-02 9.1939e+01    78.1117    5.37550    34.9876    35.0036    27.2504    1486.96    1484.42 0.0000e+00
       5397    254.000     8.0651     8.0665   3.637864   3.639451     2.0905    -0.0558       3.84 4.9481e-02 9.1939e+01    77.9853    5.36858    34.9925    35.0081    27.2585    1486.88    1484.43 0.0000e+00
