_data/ctd/2022603/sta0206.cnv
* Sea-Bird SBE 9 Data File:
* FileName = C:\Seabird\CTDData\sta0206.hex
* Software Version Seasave V 7.21f
* Temperature SN = 6264
* Conductivity SN = 4928
* Number of Bytes Per Scan = 40
* Number of Voltage Words = 5
* Number of Scans Averaged by the Deck Unit = 1
* NMEA Latitude = 61 14.32 N
* NMEA Longitude = 004 53.96 E
* NMEA UTC (Time) = Feb 15 2022 18:29:24
* NMEA baud rate = 4800
** Ship: R/V "Kristine Bonnevie"
** Station: 0206
** Echodepth: 331
** Log: 0875.881
** Wind-Dir/Force: 15 08
** Air-temp (dry): 4.3
** Weather Sky:
** Sea:
# nquan = 19                                
# nvalues = 335                         
# units = specified
# name 0 = scan: Scan Count
# name 1 = prDM: Pressure, Digiquartz [db]
# name 2 = t068C: Temperature [ITS-68, deg C]
# name 3 = t168C: Temperature, 2 [ITS-68, deg C]
# name 4 = c0S/m: Conductivity [S/m]
# name 5 = c1S/m: Conductivity, 2 [S/m]
# name 6 = sbeox0V: Oxygen raw, SBE 43 [V]
# name 7 = flECO-AFL: Fluorescence, WET Labs ECO-AFL/FL [mg/m^3]
# name 8 = altM: Altimeter [m]
# name 9 = par: PAR/Irradiance, Biospherical/Licor
# name 10 = spar: SPAR/Surface Irradiance
# name 11 = CStarTr0: Beam Transmission, WET Labs C-Star [%]
# name 12 = sbeox0ML/L: Oxygen, SBE 43 [ml/l], WS = 2
# name 13 = sal00: Salinity, Practical [PSU]
# name 14 = sal11: Salinity, Practical, 2 [PSU]
# name 15 = sigma-t00: Density [sigma-t, Kg/m^3 ]
# name 16 = svCM: Sound Velocity [Chen-Millero, m/s]
# name 17 = avgsvCM: Average Sound Velocity [Chen-Millero, m/s], minP = 1, minS = 5
# name 18 = flag: flag
# span 0 =        278,       8550       
# span 1 =      2.000,    336.000       
# span 2 =     6.5175,     8.4706       
# span 3 =     6.5150,     8.4686       
# span 4 =   3.216746,   3.653678       
# span 5 =   3.217718,   3.655170       
# span 6 =     2.0393,     2.5052       
# span 7 =    -0.1075,     0.6444       
# span 8 =       4.98,     100.06       
# span 9 = 4.9430e-02, 7.8550e-01       
# span 10 = 0.0000e+00, 0.0000e+00      
# span 11 =     0.1674,    81.1099      
# span 12 =    5.31505,    6.91858      
# span 13 =    32.0298,    34.9746      
# span 14 =    32.0429,    34.9919      
# span 15 =    25.1420,    27.2789      
# span 16 =    1473.10,    1487.34      
# span 17 =    1473.10,    1484.12      
# span 18 = 0.0000e+00, 0.0000e+00      
# interval = decibars: 1                
# start_time = Feb 15 2022 18:29:27 [System UTC, header]
# bad_flag = -9.990e-29
*END*
        278      2.000     6.5221     6.5188   3.216912   3.217718     2.4406     0.6444      98.84 7.8550e-01 0.0000e+00    80.2804    6.75775    32.0317    32.0436    25.1433    1473.10    1473.10 0.0000e+00
        334      3.000     6.5218     6.5196   3.216788   3.217766     2.4411     0.5796      98.82 5.7914e-01 0.0000e+00    80.2110    6.76908    32.0301    32.0429    25.1421    1473.11    1473.10 0.0000e+00
        395      4.000     6.5211     6.5191   3.216746   3.217763     2.4412     0.6021      98.83 4.5802e-01 0.0000e+00    80.2265    6.76508    32.0298    32.0429    25.1420    1473.12    1473.11 0.0000e+00
        440      5.000     6.5204     6.5173   3.216826   3.217803     2.4409     0.5748      98.83 3.2291e-01 0.0000e+00    80.2906    6.77039    32.0309    32.0446    25.1429    1473.14    1473.11 0.0000e+00
        481      6.000     6.5200     6.5169   3.216912   3.217882     2.4409     0.5277      98.82 2.4898e-01 0.0000e+00    80.2735    6.76883    32.0317    32.0453    25.1436    1473.15    1473.12 0.0000e+00
        518      7.000     6.5209     6.5187   3.216970   3.217972     2.4408     0.5387      98.83 1.8143e-01 0.0000e+00    80.2903    6.76864    32.0310    32.0442    25.1430    1473.17    1473.13 0.0000e+00
        550      8.000     6.5211     6.5194   3.217057   3.218064     2.4406     0.5353      98.83 1.4777e-01 0.0000e+00    80.2690    6.76841    32.0313    32.0440    25.1432    1473.19    1473.14 0.0000e+00
        579      9.000     6.5196     6.5184   3.217615   3.218503     2.4405     0.4996      98.82 1.2040e-01 0.0000e+00    80.3024    6.76666    32.0384    32.0493    25.1489    1473.21    1473.14 0.0000e+00
        606     10.000     6.5175     6.5156   3.218422   3.219361     2.4397     0.4938      98.83 9.5183e-02 0.0000e+00    80.2760    6.76234    32.0488    32.0610    25.1574    1473.23    1473.15 0.0000e+00
        632     11.000     6.5175     6.5150   3.218506   3.219416     2.4395     0.5194      98.83 9.6266e-02 0.0000e+00    80.3240    6.77002    32.0493    32.0617    25.1578    1473.25    1473.16 0.0000e+00
        657     12.000     6.5397     6.5306   3.224031   3.224223     2.4396     0.5003      98.82 6.1600e-02 0.0000e+00    80.3141    6.76403    32.0889    32.0995    25.1862    1473.40    1473.18 0.0000e+00
        680     13.000     6.7569     6.7405   3.271985   3.273760     2.4395     0.4937      98.82 5.6107e-02 0.0000e+00    80.2942    6.72639    32.4113    32.4463    25.4123    1474.68    1473.30 0.0000e+00
        703     14.000     6.9270     6.9192   3.307539   3.308092     2.4422     0.4292      98.82 5.2755e-02 0.0000e+00    80.3285    6.73360    32.6394    32.6529    25.5695    1475.64    1473.46 0.0000e+00
        725     15.000     6.9639     6.9609   3.314989   3.316229     2.4470     0.3424      98.82 5.0315e-02 0.0000e+00    80.3821    6.73851    32.6854    32.7018    25.6008    1475.86    1473.62 0.0000e+00
        746     16.000     6.9913     6.9852   3.321718   3.322382     2.4488     0.2833      98.83 4.9470e-02 0.0000e+00    80.4886    6.69899    32.7324    32.7454    25.6342    1476.04    1473.77 0.0000e+00
        768     17.000     7.0182     7.0160   3.328543   3.330011     2.4481     0.3358      98.83 4.9502e-02 0.0000e+00    80.6188    6.67496    32.7809    32.7990    25.6688    1476.22    1473.92 0.0000e+00
        790     18.000     7.0359     7.0335   3.332574   3.333808     2.4468     0.2576      98.82 4.9483e-02 0.0000e+00    80.4505    6.66313    32.8076    32.8233    25.6874    1476.34    1474.05 0.0000e+00
        811     19.000     7.1418     7.1372   3.356255   3.359015     2.4455     0.2494      98.82 4.9488e-02 0.0000e+00    80.6387    6.63449    32.9644    32.9988    25.7965    1476.97    1474.21 0.0000e+00
        830     20.000     7.2286     7.2260   3.374858   3.376362     2.4446     0.2203      98.83 4.9490e-02 0.0000e+00    80.7004    6.63142    33.0834    33.1023    25.8783    1477.47    1474.37 0.0000e+00
        849     21.000     7.2259     7.2247   3.375336   3.376566     2.4458     0.1600      98.82 4.9475e-02 0.0000e+00    80.7617    6.63992    33.0907    33.1052    25.8844    1477.48    1474.52 0.0000e+00
        868     22.000     7.2256     7.2227   3.377058   3.378234     2.4453     0.1292      96.91 4.9490e-02 0.0000e+00    80.8159    6.61861    33.1093    33.1248    25.8991    1477.52    1474.65 0.0000e+00
        887     23.000     7.2112     7.2102   3.378901   3.380047     2.4438     0.1274      81.92 4.9461e-02 0.0000e+00    80.8617    6.60706    33.1426    33.1561    25.9273    1477.52    1474.78 0.0000e+00
        907     24.000     7.2908     7.2800   3.395931   3.397118     2.4422     0.1274      98.68 4.9479e-02 0.0000e+00    80.8815    6.59250    33.2509    33.2742    26.0015    1477.98    1474.91 0.0000e+00
        927     25.000     7.4233     7.4156   3.416381   3.417706     2.4416     0.1274      98.82 4.9515e-02 0.0000e+00    80.8830    6.59086    33.3450    33.3667    26.0570    1478.63    1475.06 0.0000e+00
        948     26.000     7.4419     7.4396   3.419706   3.421074     2.4438     0.1274      98.82 4.9487e-02 0.0000e+00    80.8721    6.61550    33.3626    33.3796    26.0683    1478.74    1475.20 0.0000e+00
        968     27.000     7.3542     7.3648   3.410872   3.412046     2.4460     0.0724      97.78 4.9479e-02 0.0000e+00    80.9192    6.62771    33.3508    33.3533    26.0713    1478.40    1475.32 0.0000e+00
        988     28.000     7.0598     7.0758   3.383353   3.384481     2.4470     0.0513      63.07 4.9467e-02 0.0000e+00    80.9516    6.64358    33.3347    33.3316    26.0992    1477.26    1475.39 0.0000e+00
       1009     29.000     6.9353     6.9316   3.373930   3.375207     2.4433     0.0633      74.61 4.9502e-02 0.0000e+00    80.9218    6.60121    33.3516    33.3692    26.1293    1476.81    1475.44 0.0000e+00
       1029     30.000     7.1018     7.0994   3.396106   3.397686     2.4373     0.0967      77.64 4.9472e-02 0.0000e+00    80.8778    6.58930    33.4325    33.4521    26.1704    1477.58    1475.51 0.0000e+00
       1050     31.000     6.9350     6.9404   3.380192   3.381508     2.4398     0.0953      66.72 4.9518e-02 0.0000e+00    80.7976    6.72970    33.4196    33.4288    26.1830    1476.93    1475.55 0.0000e+00
       1071     32.000     6.8900     6.8890   3.375726   3.376803     2.4477     0.0968      80.38 4.9477e-02 0.0000e+00    80.7572    6.78839    33.4139    33.4267    26.1845    1476.76    1475.59 0.0000e+00
       1093     33.000     6.8531     6.8563   3.372282   3.373613     2.4551     0.1092      40.60 4.9477e-02 0.0000e+00    80.7431    6.82065    33.4114    33.4230    26.1875    1476.63    1475.62 0.0000e+00
       1115     34.000     6.8208     6.8186   3.371240   3.372357     2.4629     0.1272      44.11 4.9477e-02 0.0000e+00    80.7026    6.85362    33.4309    33.4454    26.2072    1476.55    1475.65 0.0000e+00
       1137     35.000     6.8676     6.8637   3.379371   3.380860     2.4702     0.1258      28.92 4.9472e-02 0.0000e+00    80.6690    6.87423    33.4743    33.4945    26.2351    1476.80    1475.68 0.0000e+00
       1159     36.000     6.8934     6.8913   3.383520   3.384686     2.4790     0.0950     100.06 4.9496e-02 0.0000e+00    80.6348    6.90825    33.4943    33.5091    26.2473    1476.94    1475.72 0.0000e+00
       1181     37.000     6.9057     6.9013   3.385097   3.386119     2.4875     0.0940      41.16 4.9483e-02 0.0000e+00    80.6083    6.91858    33.4991    33.5146    26.2495    1477.01    1475.75 0.0000e+00
       1203     38.000     6.9237     6.9204   3.387566   3.388919     2.4936     0.0940      99.03 4.9502e-02 0.0000e+00    80.6099    6.91438    33.5082    33.5263    26.2542    1477.11    1475.79 0.0000e+00
       1224     39.000     6.9297     6.9290   3.390304   3.391512     2.4982     0.0968      45.08 4.9509e-02 0.0000e+00    80.6078    6.90613    33.5319    33.5459    26.2721    1477.18    1475.82 0.0000e+00
       1244     40.000     6.9458     6.9439   3.393228   3.394642     2.5009     0.1013      92.31 4.9498e-02 0.0000e+00    80.5913    6.89807    33.5478    33.5652    26.2825    1477.28    1475.86 0.0000e+00
       1266     41.000     6.9611     6.9576   3.395028   3.396124     2.5030     0.1275      36.35 4.9470e-02 0.0000e+00    80.6218    6.89225    33.5522    33.5676    26.2838    1477.36    1475.90 0.0000e+00
       1288     42.000     6.9631     6.9604   3.395388   3.396541     2.5044     0.0980      44.57 4.9471e-02 0.0000e+00    80.6145    6.88698    33.5537    33.5690    26.2847    1477.39    1475.93 0.0000e+00
       1310     43.000     6.9665     6.9642   3.395920   3.397100     2.5048     0.0968      71.09 4.9500e-02 0.0000e+00    80.6051    6.88060    33.5557    33.5709    26.2859    1477.42    1475.97 0.0000e+00
       1333     44.000     6.9688     6.9670   3.396299   3.397531     2.5047     0.0968      99.23 4.9483e-02 0.0000e+00    80.6283    6.87464    33.5571    33.5724    26.2867    1477.45    1476.00 0.0000e+00
       1355     45.000     6.9662     6.9640   3.396121   3.397248     2.5045     0.0968      75.20 4.9496e-02 0.0000e+00    80.6188    6.87592    33.5572    33.5717    26.2871    1477.45    1476.03 0.0000e+00
       1376     46.000     6.9439     6.9444   3.394668   3.396016     2.5044     0.0968      98.60 4.9485e-02 0.0000e+00    80.6159    6.88023    33.5625    33.5769    26.2943    1477.39    1476.06 0.0000e+00
       1397     47.000     6.9374     6.9358   3.396612   3.397878     2.5040     0.0968      71.13 4.9498e-02 0.0000e+00    80.6135    6.86994    33.5897    33.6052    26.3166    1477.41    1476.09 0.0000e+00
       1418     48.000     6.9722     6.9666   3.403335   3.404455     2.5028     0.0968      90.28 4.9484e-02 0.0000e+00    80.6334    6.86011    33.6290    33.6468    26.3429    1477.61    1476.12 0.0000e+00
       1440     49.000     7.0046     7.0023   3.408088   3.409401     2.5023     0.0968      30.39 4.9483e-02 0.0000e+00    80.5850    6.87109    33.6490    33.6657    26.3542    1477.78    1476.16 0.0000e+00
       1463     50.000     7.0165     7.0149   3.409839   3.411198     2.5039     0.0968      99.03 4.9483e-02 0.0000e+00    80.5622    6.88651    33.6561    33.6725    26.3581    1477.85    1476.19 0.0000e+00
       1485     51.000     7.0352     7.0353   3.412318   3.413979     2.5052     0.0968      67.99 4.9493e-02 0.0000e+00    80.6032    6.87453    33.6645    33.6826    26.3622    1477.95    1476.22 0.0000e+00
       1507     52.000     7.1263     7.1241   3.424046   3.426066     2.5048     0.0958      98.69 4.9508e-02 0.0000e+00    80.6125    6.84403    33.7033    33.7275    26.3803    1478.37    1476.27 0.0000e+00
       1530     53.000     7.1953     7.1940   3.434038   3.435353     2.5041     0.0922      75.15 4.9470e-02 0.0000e+00    80.6058    6.83726    33.7445    33.7602    26.4032    1478.70    1476.31 0.0000e+00
       1552     54.000     7.2086     7.2034   3.438532   3.439692     2.5047     0.0591      98.65 4.9496e-02 0.0000e+00    80.6403    6.83009    33.7801    33.7979    26.4293    1478.82    1476.36 0.0000e+00
       1573     55.000     7.3204     7.3141   3.455740   3.457318     2.5032     0.0897      83.23 4.9479e-02 0.0000e+00    80.6766    6.78432    33.8578    33.8811    26.4749    1479.36    1476.41 0.0000e+00
       1594     56.000     7.3635     7.3610   3.460970   3.462429     2.5011     0.0954      14.17 4.9496e-02 0.0000e+00    80.6645    6.76945    33.8720    33.8904    26.4800    1479.56    1476.47 0.0000e+00
       1616     57.000     7.4073     7.4072   3.466474   3.468472     2.4990     0.0895      87.10 4.9492e-02 0.0000e+00    80.6706    6.73724    33.8885    33.9103    26.4868    1479.77    1476.53 0.0000e+00
       1638     58.000     7.4566     7.4544   3.472248   3.473547     2.4941     0.0847      99.00 4.9477e-02 0.0000e+00    80.6680    6.68956    33.9025    33.9188    26.4909    1479.99    1476.59 0.0000e+00
       1660     59.000     7.4934     7.4840   3.477024   3.477904     2.4881     0.0525      83.61 4.9493e-02 0.0000e+00    80.6777    6.65324    33.9179    33.9366    26.4977    1480.17    1476.65 0.0000e+00
       1683     60.000     7.6130     7.6056   3.493318   3.494868     2.4812     0.0596      97.46 4.9475e-02 0.0000e+00    80.6884    6.61257    33.9769    34.0009    26.5270    1480.71    1476.71 0.0000e+00
       1706     61.000     7.6115     7.6053   3.496178   3.496844     2.4758     0.0621      90.29 4.9490e-02 0.0000e+00    80.7289    6.60347    34.0088    34.0220    26.5523    1480.76    1476.78 0.0000e+00
       1728     62.000     7.5170     7.5280   3.486585   3.488699     2.4699     0.0557      95.75 4.9493e-02 0.0000e+00    80.7396    6.57520    33.9970    34.0091    26.5565    1480.40    1476.84 0.0000e+00
       1750     63.000     7.5695     7.5612   3.494800   3.496160     2.4611     0.0616      89.76 4.9492e-02 0.0000e+00    80.7147    6.51108    34.0340    34.0569    26.5782    1480.67    1476.90 0.0000e+00
       1771     64.000     7.6048     7.5993   3.498792   3.499666     2.4517     0.0436      97.97 4.9478e-02 0.0000e+00    80.6983    6.49825    34.0422    34.0570    26.5795    1480.83    1476.96 0.0000e+00
       1793     65.000     7.5959     7.5925   3.497820   3.498917     2.4467     0.0088      94.19 4.9490e-02 0.0000e+00    80.6942    6.51673    34.0399    34.0551    26.5790    1480.81    1477.02 0.0000e+00
       1815     66.000     7.5728     7.5729   3.495937   3.497355     2.4422     0.0112      96.98 4.9487e-02 0.0000e+00    80.6940    6.50672    34.0416    34.0569    26.5837    1480.74    1477.08 0.0000e+00
       1838     67.000     7.5960     7.5923   3.499912   3.501179     2.4373     0.0631      94.28 4.9496e-02 0.0000e+00    80.6863    6.48717    34.0614    34.0788    26.5959    1480.87    1477.13 0.0000e+00
       1860     68.000     7.5830     7.5863   3.499529   3.501174     2.4330     0.0594      97.57 4.9502e-02 0.0000e+00    80.6987    6.48802    34.0696    34.0841    26.6042    1480.85    1477.19 0.0000e+00
       1881     69.000     7.5608     7.5628   3.498599   3.500911     2.4301     0.0304      93.85 4.9490e-02 0.0000e+00    80.6929    6.48691    34.0808    34.1038    26.6162    1480.79    1477.24 0.0000e+00
       1903     70.000     7.6929     7.6911   3.516002   3.518030     2.4271     0.0180      18.17 4.9499e-02 0.0000e+00    80.6890    6.46534    34.1389    34.1625    26.6428    1481.38    1477.30 0.0000e+00
       1925     71.000     7.7088     7.7084   3.517797   3.519413     2.4259     0.0149      62.11 4.9487e-02 0.0000e+00    80.6639    6.47735    34.1422    34.1600    26.6431    1481.47    1477.36 0.0000e+00
       1948     72.000     7.7145     7.7123   3.518649   3.520024     2.4253     0.0109      38.42 4.9477e-02 0.0000e+00    80.6601    6.46329    34.1453    34.1623    26.6447    1481.51    1477.41 0.0000e+00
       1970     73.000     7.7312     7.7264   3.522024   3.523442     2.4223     0.0137      89.70 4.9487e-02 0.0000e+00    80.6636    6.43067    34.1648    34.1848    26.6577    1481.61    1477.47 0.0000e+00
       1992     74.000     7.8163     7.8108   3.534381   3.535770     2.4186     0.0144      52.86 4.9502e-02 0.0000e+00    80.6857    6.40277    34.2140    34.2344    26.6839    1482.01    1477.53 0.0000e+00
       2015     75.000     7.8409     7.8374   3.538776   3.540013     2.4155     0.0137      87.16 4.9477e-02 0.0000e+00    80.6984    6.39644    34.2367    34.2535    26.6982    1482.15    1477.59 0.0000e+00
       2037     76.000     7.8567     7.8522   3.541735   3.542872     2.4126     0.0145      56.86 4.9493e-02 0.0000e+00    80.7412    6.37470    34.2526    34.2692    26.7083    1482.25    1477.65 0.0000e+00
       2059     77.000     7.8637     7.8610   3.542725   3.544038     2.4080     0.0068      94.77 4.9502e-02 0.0000e+00    80.7397    6.34543    34.2559    34.2726    26.7098    1482.29    1477.71 0.0000e+00
