_data/ctd/2022603/sta0192.cnv
* Sea-Bird SBE 9 Data File:
* FileName = C:\Seabird\CTDData\sta0192.hex
* Software Version Seasave V 7.21f
* Temperature SN = 6264
* Conductivity SN = 4928
* Number of Bytes Per Scan = 40
* Number of Voltage Words = 5
* Number of Scans Averaged by the Deck Unit = 1
* NMEA Latitude = 61 22.48 N
* NMEA Longitude = 006 44.43 E
* NMEA UTC (Time) = Feb 14 2022 17:58:46
* NMEA baud rate = 4800
** Ship: R/V "Kristine Bonnevie"
** Station: 0192
** Echodepth: 165
** Log: 0764.545
** Wind-Dir/Force: 04 06
** Air-temp (dry): 6.1
** Weather Sky:
** Sea:
** F04
# nquan = 19                                
# nvalues = 154                         
# units = specified
# name 0 = scan: Scan Count
# name 1 = prDM: Pressure, Digiquartz [db]
# name 2 = t068C: Temperature [ITS-68, deg C]
# name 3 = t168C: Temperature, 2 [ITS-68, deg C]
# name 4 = c0S/m: Conductivity [S/m]
# name 5 = c1S/m: Conductivity, 2 [S/m]
# name 6 = sbeox0V: Oxygen raw, SBE 43 [V]
# name 7 = flECO-AFL: Fluorescence, WET Labs ECO-AFL/FL [mg/m^3]
# name 8 = altM: Altimeter [m]
# name 9 = par: PAR/Irradiance, Biospherical/Licor
# name 10 = spar: SPAR/Surface Irradiance
# name 11 = CStarTr0: Beam Transmission, WET Labs C-Star [%]
# name 12 = sbeox0ML/L: Oxygen, SBE 43 [ml/l], WS = 2
# name 13 = sal00: Salinity, Practical [PSU]
# name 14 = sal11: Salinity, Practical, 2 [PSU]
# name 15 = sigma-t00: Density [sigma-t, Kg/m^3 ]
# name 16 = svCM: Sound Velocity [Chen-Millero, m/s]
# name 17 = avgsvCM: Average Sound Velocity [Chen-Millero, m/s], minP = 1, minS = 5
# name 18 = flag: flag
# span 0 =        391,       4079       
# span 1 =      2.000,    155.000       
# span 2 =     4.4103,    10.1041       
# span 3 =     4.4081,    10.1018       
# span 4 =   2.763335,   3.694261       
# span 5 =   2.763773,   3.696008       
# span 6 =     1.8207,     2.4720       
# span 7 =    -0.0731,     0.9647       
# span 8 =       6.54,      98.89       
# span 9 = 4.9445e-02, 6.7788e-01       
# span 10 = 0.0000e+00, 0.0000e+00      
# span 11 =    77.9227,    80.9948      
# span 12 =    4.38952,    7.38411      
# span 13 =    28.8400,    34.8265      
# span 14 =    28.8470,    34.8436      
# span 15 =    22.8527,    27.1268      
# span 16 =    1460.48,    1489.10      
# span 17 =    1460.56,    1482.79      
# span 18 = 0.0000e+00, 0.0000e+00      
# interval = decibars: 1                
# start_time = Feb 14 2022 17:58:48 [System UTC, header]
# bad_flag = -9.990e-29
*END*
        391      2.000     4.4320     4.4303   2.768687   2.769267     2.4621     0.9109      98.82 6.7788e-01 0.0000e+00    79.4777    7.37944    28.8830    28.8911    22.8847    1460.61    1460.61 0.0000e+00
        476      3.000     4.4103     4.4081   2.763335   2.763773     2.4618     0.9647      98.82 4.6555e-01 0.0000e+00    79.4721    7.38411    28.8400    28.8470    22.8527    1460.48    1460.56 0.0000e+00
        537      4.000     4.4354     4.4096   2.770075   2.764931     2.4610     0.9086      98.82 3.3943e-01 0.0000e+00    79.4286    7.37427    28.8950    28.8585    22.8940    1460.67    1460.59 0.0000e+00
        585      5.000     4.6116     4.6170   2.806516   2.809564     2.4623     0.8628      98.82 2.6561e-01 0.0000e+00    79.4687    7.35550    29.1578    29.1879    23.0855    1461.76    1460.82 0.0000e+00
        629      6.000     4.6408     4.6400   2.812952   2.813978     2.4652     0.9032      98.82 2.0029e-01 0.0000e+00    79.5492    7.34254    29.2053    29.2177    23.1203    1461.96    1461.01 0.0000e+00
        670      7.000     4.6884     4.6948   2.821122   2.823339     2.4643     0.9154      98.81 1.5343e-01 0.0000e+00    79.6638    7.31157    29.2562    29.2759    23.1561    1462.24    1461.19 0.0000e+00
        706      8.000     4.6550     4.6510   2.813903   2.814241     2.4631     0.8523      98.82 1.2323e-01 0.0000e+00    79.7558    7.31469    29.2027    29.2101    23.1169    1462.05    1461.29 0.0000e+00
        741      9.000     4.8691     4.8644   2.850848   2.853341     2.4612     0.8804      98.82 9.9028e-02 0.0000e+00    79.7740    7.26570    29.4347    29.4672    23.2795    1463.25    1461.51 0.0000e+00
        771     10.000     4.9701     4.9785   2.867791   2.869791     2.4636     0.8278      98.81 7.9140e-02 0.0000e+00    79.8083    7.29187    29.5374    29.5527    23.3506    1463.81    1461.74 0.0000e+00
        800     11.000     5.0065     5.0169   2.876455   2.879714     2.4655     0.8214      98.82 6.8031e-02 0.0000e+00    79.8726    7.24663    29.6030    29.6307    23.3988    1464.06    1461.95 0.0000e+00
        827     12.000     5.2170     5.2085   2.912165   2.914789     2.4640     0.7950      98.82 5.5503e-02 0.0000e+00    79.9170    7.18764    29.8196    29.8568    23.5483    1465.22    1462.22 0.0000e+00
        852     13.000     5.5468     5.5369   2.958301   2.959146     2.4646     0.7728      98.82 5.1120e-02 0.0000e+00    79.9580    7.16374    30.0441    30.0624    23.6902    1466.87    1462.58 0.0000e+00
        877     14.000     5.6585     5.6412   2.980011   2.980137     2.4696     0.7559      98.82 4.9458e-02 0.0000e+00    79.9606    7.16170    30.1868    30.2037    23.7906    1467.52    1462.93 0.0000e+00
        901     15.000     5.9256     5.9139   3.015869   3.016570     2.4709     0.7057      98.82 4.9480e-02 0.0000e+00    80.0121    7.07849    30.3468    30.3651    23.8865    1468.81    1463.32 0.0000e+00
        925     16.000     5.9870     5.9788   3.024084   3.024732     2.4720     0.6169      98.83 4.9462e-02 0.0000e+00    80.1501    7.05409    30.3825    30.3970    23.9076    1469.12    1463.68 0.0000e+00
        948     17.000     6.1426     6.1315   3.044244   3.045170     2.4700     0.6196      98.82 4.9485e-02 0.0000e+00    80.2398    6.98540    30.4658    30.4860    23.9551    1469.87    1464.04 0.0000e+00
        972     18.000     6.4081     6.3792   3.081551   3.081870     2.4668     0.6158      98.82 4.9469e-02 0.0000e+00    80.3316    6.92113    30.6384    30.6679    24.0593    1471.16    1464.44 0.0000e+00
        995     19.000     6.8651     6.8401   3.141140   3.142227     2.4650     0.6159      98.81 4.9469e-02 0.0000e+00    80.3680    6.86457    30.8790    30.9133    24.1917    1473.28    1464.90 0.0000e+00
       1019     20.000     7.0900     7.0818   3.174872   3.176171     2.4683     0.5834      98.82 4.9486e-02 0.0000e+00    80.3888    6.86767    31.0422    31.0637    24.2911    1474.38    1465.37 0.0000e+00
       1042     21.000     7.1287     7.1259   3.182170   3.183282     2.4711     0.5043      98.82 4.9487e-02 0.0000e+00    80.5603    6.81774    31.0859    31.1004    24.3203    1474.60    1465.81 0.0000e+00
       1066     22.000     7.1969     7.1906   3.194600   3.195770     2.4671     0.4351      98.82 4.9456e-02 0.0000e+00    80.6882    6.73050    31.1583    31.1766    24.3683    1474.98    1466.22 0.0000e+00
       1089     23.000     7.2770     7.2704   3.207552   3.208727     2.4603     0.4131      98.82 4.9475e-02 0.0000e+00    80.7309    6.68261    31.2253    31.2439    24.4103    1475.39    1466.62 0.0000e+00
       1112     24.000     7.3502     7.3448   3.217780   3.219018     2.4541     0.3992      98.82 4.9458e-02 0.0000e+00    80.7746    6.65145    31.2689    31.2871    24.4348    1475.74    1467.00 0.0000e+00
       1134     25.000     7.4562     7.4470   3.234473   3.235733     2.4481     0.3214      98.34 4.9477e-02 0.0000e+00    80.8321    6.61733    31.3521    31.3740    24.4860    1476.27    1467.37 0.0000e+00
       1157     26.000     7.5760     7.5645   3.256008   3.257261     2.4432     0.2851      98.69 4.9471e-02 0.0000e+00    80.9209    6.59036    31.4742    31.4981    24.5655    1476.90    1467.73 0.0000e+00
       1179     27.000     7.8192     7.8044   3.292005   3.293218     2.4391     0.2574      76.06 4.9481e-02 0.0000e+00    80.9590    6.55009    31.6379    31.6643    24.6603    1478.05    1468.11 0.0000e+00
       1201     28.000     7.9906     7.9676   3.317203   3.318711     2.4378     0.2209      96.26 4.9471e-02 0.0000e+00    80.9686    6.52851    31.7499    31.7868    24.7240    1478.86    1468.49 0.0000e+00
       1223     29.000     9.0705     8.9900   3.483722   3.485741     2.4354     0.1775      43.16 4.9477e-02 0.0000e+00    80.9948    6.34323    32.5128    32.6074    25.1604    1483.87    1469.02 0.0000e+00
       1245     30.000     9.9945     9.9629   3.641768   3.643809     2.4398     0.1362      96.22 4.9471e-02 0.0000e+00    80.8858    6.30607    33.2872    33.3372    25.6160    1488.21    1469.65 0.0000e+00
       1267     31.000    10.1041    10.1018   3.690070   3.691890     2.4558     0.0473      98.69 4.9490e-02 0.0000e+00    80.5799    6.26917    33.6762    33.6969    25.9011    1489.10    1470.27 0.0000e+00
       1289     32.000    10.0158    10.0186   3.693269   3.694990     2.4490    -0.0239      88.96 4.9471e-02 0.0000e+00    80.2424    5.99276    33.7907    33.8056    26.0054    1488.93    1470.84 0.0000e+00
       1311     33.000     9.9061     9.9100   3.694261   3.696008     2.4156 -9.990e-29      97.42 4.9458e-02 0.0000e+00    80.0854    5.69396    33.9032    33.9174    26.1118    1488.69    1471.38 0.0000e+00
       1333     34.000     9.8309     9.8315   3.693639   3.695316     2.3689 -9.990e-29      79.57 4.9458e-02 0.0000e+00    79.7387    5.48941    33.9672    33.9838    26.1743    1488.51    1471.88 0.0000e+00
       1356     35.000     9.8066     9.8051   3.692561   3.694236     2.3224 -9.990e-29      88.61 4.9471e-02 0.0000e+00    79.6718    5.38343    33.9786    33.9972    26.1873    1488.46    1472.34 0.0000e+00
       1378     36.000     9.7872     9.7855   3.691772   3.693459     2.2828 -9.990e-29      86.44 4.9469e-02 0.0000e+00    79.6325    5.34474    33.9884    34.0073    26.1982    1488.42    1472.79 0.0000e+00
       1400     37.000     9.7666     9.7662   3.690563   3.692249     2.2523    -0.0630      94.08 4.9477e-02 0.0000e+00    79.5834    5.33276    33.9950    34.0127    26.2068    1488.37    1473.20 0.0000e+00
       1423     38.000     9.7343     9.7341   3.688564   3.690240     2.2288    -0.0609      87.06 4.9483e-02 0.0000e+00    79.5556    5.32351    34.0046    34.0220    26.2196    1488.28    1473.60 0.0000e+00
       1445     39.000     9.7141     9.7121   3.688207   3.689884     2.2107    -0.0611      98.20 4.9487e-02 0.0000e+00    79.4933    5.31341    34.0196    34.0387    26.2347    1488.24    1473.97 0.0000e+00
       1468     40.000     9.7032     9.7027   3.688712   3.690411     2.1962    -0.0641      98.80 4.9471e-02 0.0000e+00    79.5301    5.30692    34.0346    34.0525    26.2483    1488.23    1474.32 0.0000e+00
       1490     41.000     9.6875     9.6861   3.689047   3.690708     2.1857    -0.0611      81.55 4.9481e-02 0.0000e+00    79.6754    5.30123    34.0525    34.0709    26.2648    1488.21    1474.66 0.0000e+00
       1512     42.000     9.6647     9.6636   3.688758   3.690417     2.1766    -0.0665      98.49 4.9458e-02 0.0000e+00    79.7874    5.29596    34.0706    34.0887    26.2828    1488.17    1474.98 0.0000e+00
       1534     43.000     9.6415     9.6403   3.687431   3.689038     2.1699    -0.0658      71.41 4.9477e-02 0.0000e+00    79.9220    5.29381    34.0785    34.0962    26.2928    1488.11    1475.28 0.0000e+00
       1556     44.000     9.6076     9.6063   3.685951   3.687607     2.1645    -0.0697      98.61 4.9477e-02 0.0000e+00    80.0040    5.29398    34.0950    34.1133    26.3113    1488.03    1475.57 0.0000e+00
       1578     45.000     9.5702     9.5707   3.683357   3.685045     2.1600    -0.0654      49.69 4.9490e-02 0.0000e+00    80.0753    5.29225    34.1034    34.1203    26.3240    1487.92    1475.84 0.0000e+00
       1601     46.000     9.5521     9.5514   3.682710   3.684379     2.1561    -0.0691      97.31 4.9469e-02 0.0000e+00    80.1269    5.28626    34.1135    34.1313    26.3349    1487.88    1476.10 0.0000e+00
       1623     47.000     9.5361     9.5344   3.682055   3.683667     2.1524    -0.0655      49.67 4.9483e-02 0.0000e+00    80.1789    5.27560    34.1215    34.1397    26.3438    1487.85    1476.35 0.0000e+00
       1645     48.000     9.5473     9.5433   3.684590   3.686136     2.1483    -0.0696      93.67 4.9471e-02 0.0000e+00    80.1048    5.26060    34.1365    34.1563    26.3537    1487.92    1476.59 0.0000e+00
       1668     49.000     9.5455     9.5441   3.685211   3.686808     2.1446    -0.0625      47.03 4.9469e-02 0.0000e+00    80.0520    5.25395    34.1442    34.1620    26.3600    1487.94    1476.82 0.0000e+00
       1691     50.000     9.5196     9.5186   3.683399   3.685010     2.1413    -0.0628      86.22 4.9464e-02 0.0000e+00    80.0391    5.25424    34.1497    34.1672    26.3686    1487.87    1477.03 0.0000e+00
       1713     51.000     9.5064     9.5049   3.683232   3.684849     2.1392    -0.0685      50.44 4.9469e-02 0.0000e+00    80.2023    5.26490    34.1601    34.1782    26.3788    1487.85    1477.25 0.0000e+00
       1735     52.000     9.4871     9.4863   3.682112   3.683735     2.1385    -0.0674      98.24 4.9464e-02 0.0000e+00    80.2682    5.27278    34.1664    34.1840    26.3870    1487.81    1477.45 0.0000e+00
       1758     53.000     9.4490     9.4502   3.679335   3.680968     2.1381    -0.0615      91.39 4.9457e-02 0.0000e+00    80.3760    5.27360    34.1736    34.1894    26.3989    1487.69    1477.64 0.0000e+00
       1780     54.000     9.4008     9.4007   3.675442   3.677079     2.1367    -0.0633      96.50 4.9470e-02 0.0000e+00    80.4400    5.26966    34.1789    34.1959    26.4109    1487.54    1477.82 0.0000e+00
       1803     55.000     9.3870     9.3869   3.675029   3.676637     2.1352    -0.0649      83.46 4.9509e-02 0.0000e+00    80.5174    5.25901    34.1873    34.2041    26.4197    1487.52    1478.00 0.0000e+00
       1825     56.000     9.3412     9.3377   3.670607   3.671807     2.1323    -0.0661      95.86 4.9481e-02 0.0000e+00    80.5301    5.24279    34.1848    34.2006    26.4252    1487.36    1478.16 0.0000e+00
       1847     57.000     9.3066     9.3059   3.668380   3.669938     2.1284    -0.0683      72.09 4.9483e-02 0.0000e+00    80.5294    5.22413    34.1944    34.2112    26.4383    1487.26    1478.32 0.0000e+00
       1869     58.000     9.2776     9.2777   3.666639   3.668248     2.1236    -0.0641      97.48 4.9445e-02 0.0000e+00    80.5237    5.20298    34.2036    34.2202    26.4503    1487.19    1478.47 0.0000e+00
       1892     59.000     9.2452     9.2454   3.664395   3.666016     2.1176    -0.0678      65.02 4.9475e-02 0.0000e+00    80.4603    5.17837    34.2109    34.2275    26.4612    1487.09    1478.62 0.0000e+00
       1914     60.000     9.2239     9.2237   3.663266   3.664852     2.1113    -0.0700      97.41 4.9489e-02 0.0000e+00    80.4392    5.15960    34.2191    34.2358    26.4711    1487.04    1478.76 0.0000e+00
       1937     61.000     9.1956     9.1952   3.661557   3.663131     2.1047    -0.0688      76.66 4.9483e-02 0.0000e+00    80.3794    5.13632    34.2280    34.2448    26.4826    1486.96    1478.89 0.0000e+00
       1959     62.000     9.1706     9.1705   3.660032   3.661637     2.0978    -0.0731      80.07 4.9475e-02 0.0000e+00    80.2882    5.11812    34.2357    34.2525    26.4926    1486.90    1479.02 0.0000e+00
       1981     63.000     9.1336     9.1338   3.657973   3.659519     2.0907    -0.0669      98.23 4.9471e-02 0.0000e+00    80.2228    5.10097    34.2493    34.2652    26.5092    1486.80    1479.14 0.0000e+00
       2004     64.000     9.1215     9.1202   3.657674   3.659230     2.0844    -0.0633      74.44 4.9475e-02 0.0000e+00    80.1733    5.08122    34.2573    34.2748    26.5175    1486.78    1479.26 0.0000e+00
       2027     65.000     9.1102     9.1088   3.657119   3.658664     2.0770    -0.0633      43.13 4.9471e-02 0.0000e+00    80.1087    5.05777    34.2620    34.2794    26.5229    1486.76    1479.38 0.0000e+00
       2049     66.000     9.1028     9.1015   3.657172   3.658721     2.0707    -0.0642      96.45 4.9469e-02 0.0000e+00    79.9936    5.04867    34.2692    34.2866    26.5297    1486.76    1479.49 0.0000e+00
       2072     67.000     9.0801     9.0794   3.656136   3.657688     2.0649    -0.0628      89.27 4.9483e-02 0.0000e+00    79.9298    5.04280    34.2797    34.2966    26.5417    1486.70    1479.59 0.0000e+00
       2094     68.000     9.0532     9.0526   3.655066   3.656591     2.0608    -0.0686      97.09 4.9487e-02 0.0000e+00    79.9603    5.04529    34.2940    34.3105    26.5571    1486.64    1479.70 0.0000e+00
       2117     69.000     9.0282     9.0281   3.653716   3.655230     2.0572    -0.0604      79.58 4.9470e-02 0.0000e+00    79.9053    5.04117    34.3035    34.3195    26.5686    1486.57    1479.80 0.0000e+00
       2139     70.000     8.9814     8.9819   3.650794   3.652305     2.0539    -0.0650      69.65 4.9475e-02 0.0000e+00    79.9149    5.03800    34.3177    34.3330    26.5871    1486.43    1479.89 0.0000e+00
       2162     71.000     8.9436     8.9433   3.648547   3.650046     2.0505    -0.0600      72.46 4.9490e-02 0.0000e+00    79.9027    5.02497    34.3302    34.3462    26.6029    1486.33    1479.98 0.0000e+00
       2184     72.000     8.9188     8.9186   3.647230   3.648747     2.0460    -0.0611      73.31 4.9463e-02 0.0000e+00    79.8284    4.99746    34.3399    34.3560    26.6145    1486.26    1480.07 0.0000e+00
       2206     73.000     8.8782     8.8780   3.645037   3.646510     2.0399    -0.0600      98.67 4.9489e-02 0.0000e+00    79.6541    4.96685    34.3557    34.3714    26.6333    1486.15    1480.15 0.0000e+00
       2229     74.000     8.8566     8.8555   3.643964   3.645482     2.0324    -0.0640      91.12 4.9493e-02 0.0000e+00    79.4952    4.93082    34.3649    34.3819    26.6439    1486.10    1480.23 0.0000e+00
       2251     75.000     8.8478     8.8471   3.643722   3.645247     2.0237    -0.0624      92.54 4.9471e-02 0.0000e+00    79.3698    4.89619    34.3704    34.3871    26.6496    1486.09    1480.31 0.0000e+00
       2274     76.000     8.8195     8.8190   3.642383   3.643876     2.0150    -0.0673      89.92 4.9471e-02 0.0000e+00    79.2925    4.87073    34.3833    34.3995    26.6642    1486.02    1480.38 0.0000e+00
       2296     77.000     8.7973     8.7967   3.641251   3.642749     2.0061    -0.0704      98.76 4.9469e-02 0.0000e+00    79.3148    4.84704    34.3925    34.4088    26.6749    1485.96    1480.46 0.0000e+00
