_data/ctd/2022603/sta0210.cnv
* Sea-Bird SBE 9 Data File:
* FileName = C:\Seabird\CTDData\sta0210.hex
* Software Version Seasave V 7.21f
* Temperature SN = 6264
* Conductivity SN = 4928
* Number of Bytes Per Scan = 40
* Number of Voltage Words = 5
* Number of Scans Averaged by the Deck Unit = 1
* NMEA Latitude = 61 28.27 N
* NMEA Longitude = 005 38.62 E
* NMEA UTC (Time) = Feb 16 2022 01:35:18
* NMEA baud rate = 4800
** Ship: R/V "Kristine Bonnevie"
** Station: 0210
** Echodepth: 319
** Log: 0913.563
** Wind-Dir/Force: 20 08
** Air-temp (dry): 1.9
** Weather Sky:
** Sea:
# nquan = 19                                
# nvalues = 314                         
# units = specified
# name 0 = scan: Scan Count
# name 1 = prDM: Pressure, Digiquartz [db]
# name 2 = t068C: Temperature [ITS-68, deg C]
# name 3 = t168C: Temperature, 2 [ITS-68, deg C]
# name 4 = c0S/m: Conductivity [S/m]
# name 5 = c1S/m: Conductivity, 2 [S/m]
# name 6 = sbeox0V: Oxygen raw, SBE 43 [V]
# name 7 = flECO-AFL: Fluorescence, WET Labs ECO-AFL/FL [mg/m^3]
# name 8 = altM: Altimeter [m]
# name 9 = par: PAR/Irradiance, Biospherical/Licor
# name 10 = spar: SPAR/Surface Irradiance
# name 11 = CStarTr0: Beam Transmission, WET Labs C-Star [%]
# name 12 = sbeox0ML/L: Oxygen, SBE 43 [ml/l], WS = 2
# name 13 = sal00: Salinity, Practical [PSU]
# name 14 = sal11: Salinity, Practical, 2 [PSU]
# name 15 = sigma-t00: Density [sigma-t, Kg/m^3 ]
# name 16 = svCM: Sound Velocity [Chen-Millero, m/s]
# name 17 = avgsvCM: Average Sound Velocity [Chen-Millero, m/s], minP = 1, minS = 5
# name 18 = flag: flag
# span 0 =         -7,       7249       
# span 1 =      1.000,    314.000       
# span 2 =     5.7422,    10.0425       
# span 3 =     5.6934,    10.0404       
# span 4 =   2.665725,   3.702766       
# span 5 =   2.681870,   3.704300       
# span 6 =     1.6981,     2.4598       
# span 7 =    -0.0770,     0.2902       
# span 8 =       7.20,      99.38       
# span 9 = 4.9445e-02, 1.0564e+00       
# span 10 = 0.0000e+00, 0.0000e+00      
# span 11 =    77.8399,    81.3925      
# span 12 =    3.96466,    7.09763      
# span 13 =    26.6370,    34.7468      
# span 14 =    26.8534,    34.7635      
# span 15 =    20.9792,    27.0207      
# span 16 =    1463.16,    1489.10      
# span 17 =    1463.16,    1486.60      
# span 18 = 0.0000e+00, 0.0000e+00      
# interval = decibars: 1                
# start_time = Feb 16 2022 01:35:20 [System UTC, header]
# bad_flag = -9.990e-29
*END*
[from data line 77]
       1863     78.000     9.1507     9.1497   3.665122   3.666550     2.0861    -0.0748      98.61 4.9485e-02 0.0000e+00    81.3665    5.13525    34.3004    34.3162    26.5465    1487.17    1486.06 0.0000e+00
       1887     79.000     9.1284     9.1279   3.664574   3.665998     2.0839    -0.0664      98.77 4.9468e-02 0.0000e+00    81.3533    5.13234    34.3157    34.3310    26.5620    1487.12    1486.07 0.0000e+00
       1911     80.000     9.1094     9.1088   3.664006   3.665413     2.0804    -0.0559      98.80 4.9474e-02 0.0000e+00    81.3622    5.09797    34.3276    34.3428    26.5744    1487.08    1486.08 0.0000e+00
       1936     81.000     9.0787     9.0782   3.662630   3.664043     2.0733    -0.0770      98.80 4.9480e-02 0.0000e+00    81.3925    5.04357    34.3423    34.3576    26.5909    1487.00    1486.09 0.0000e+00
       1960     82.000     9.0579     9.0578   3.661831   3.663240     2.0629    -0.0685      98.80 4.9491e-02 0.0000e+00    81.3821    4.98685    34.3536    34.3684    26.6030    1486.96    1486.11 0.0000e+00
       1984     83.000     9.0285     9.0279   3.660527   3.661942     2.0508    -0.0731      98.80 4.9468e-02 0.0000e+00    81.3689    4.94355    34.3679    34.3833    26.6189    1486.88    1486.11 0.0000e+00
       2008     84.000     9.0065     9.0064   3.659476   3.660892     2.0389    -0.0591      98.80 4.9467e-02 0.0000e+00    81.3592    4.91061    34.3777    34.3926    26.6301    1486.83    1486.12 0.0000e+00
       2032     85.000     8.9692     8.9697   3.657821   3.659220     2.0274    -0.0700      98.80 4.9462e-02 0.0000e+00    81.3542    4.88603    34.3960    34.4101    26.6504    1486.73    1486.13 0.0000e+00
       2056     86.000     8.9374     8.9367   3.656521   3.657911     2.0175    -0.0674      98.80 4.9481e-02 0.0000e+00    81.3650    4.88213    34.4127    34.4279    26.6685    1486.65    1486.14 0.0000e+00
       2080     87.000     8.9115     8.9110   3.655267   3.656659     2.0107    -0.0692      98.80 4.9467e-02 0.0000e+00    81.3320    4.88302    34.4242    34.4393    26.6816    1486.59    1486.14 0.0000e+00
       2104     88.000     8.8877     8.8871   3.654074   3.655467     2.0041    -0.0660      98.80 4.9485e-02 0.0000e+00    81.3134    4.85498    34.4343    34.4495    26.6933    1486.53    1486.15 0.0000e+00
       2128     89.000     8.8655     8.8648   3.653009   3.654399     1.9960    -0.0546      98.80 4.9474e-02 0.0000e+00    81.3333    4.81200    34.4442    34.4594    26.7046    1486.47    1486.15 0.0000e+00
       2152     90.000     8.8493     8.8484   3.652205   3.653597     1.9855    -0.0583      98.80 4.9479e-02 0.0000e+00    81.3257    4.75902    34.4510    34.4665    26.7125    1486.44    1486.15 0.0000e+00
       2176     91.000     8.8287     8.8283   3.651264   3.652666     1.9736    -0.0672      98.80 4.9503e-02 0.0000e+00    81.3522    4.71109    34.4606    34.4758    26.7233    1486.39    1486.16 0.0000e+00
       2200     92.000     8.8078     8.8075   3.650246   3.651649     1.9609    -0.0660      98.80 4.9491e-02 0.0000e+00    81.3555    4.67213    34.4698    34.4848    26.7338    1486.34    1486.16 0.0000e+00
       2224     93.000     8.7720     8.7726   3.648362   3.649763     1.9490 -9.990e-29      98.80 4.9497e-02 0.0000e+00    81.3064    4.64042    34.4843    34.4985    26.7508    1486.24    1486.16 0.0000e+00
       2248     94.000     8.7243     8.7255   3.645759   3.647145     1.9368 -9.990e-29      98.80 4.9497e-02 0.0000e+00    81.3500    4.60676    34.5029    34.5163    26.7729    1486.11    1486.16 0.0000e+00
       2273     95.000     8.6751     8.6757   3.643077   3.644441     1.9248 -9.990e-29      98.80 4.9491e-02 0.0000e+00    81.3568    4.56813    34.5221    34.5359    26.7956    1485.96    1486.16 0.0000e+00
       2297     96.000     8.6401     8.6400   3.641022   3.642357     1.9116 -9.990e-29      98.80 4.9489e-02 0.0000e+00    81.3593    4.50625    34.5341    34.5483    26.8105    1485.87    1486.15 0.0000e+00
       2321     97.000     8.6107     8.6100   3.639424   3.640792     1.8953 -9.990e-29      98.80 4.9469e-02 0.0000e+00    81.3311    4.42489    34.5455    34.5606    26.8240    1485.79    1486.15 0.0000e+00
       2344     98.000     8.5970     8.5957   3.638755   3.640125     1.8776 -9.990e-29      98.80 4.9482e-02 0.0000e+00    81.3104    4.34760    34.5514    34.5671    26.8307    1485.76    1486.15 0.0000e+00
       2368     99.000     8.5859     8.5849   3.638196   3.639551     1.8575 -9.990e-29      98.79 4.9480e-02 0.0000e+00    81.2913    4.27114    34.5558    34.5711    26.8360    1485.74    1486.14 0.0000e+00
       2391    100.000     8.5748     8.5736   3.637651   3.639018     1.8376 -9.990e-29      98.79 4.9494e-02 0.0000e+00    81.3063    4.22162    34.5604    34.5761    26.8413    1485.72    1486.14 0.0000e+00
       2414    101.000     8.5517     8.5518   3.636449   3.637806     1.8205 -9.990e-29      98.79 4.9524e-02 0.0000e+00    81.2971    4.19370    34.5699    34.5841    26.8523    1485.66    1486.13 0.0000e+00
       2437    102.000     8.5091     8.5090   3.634237   3.635579     1.8057 -9.990e-29      98.79 4.9486e-02 0.0000e+00    81.2969    4.17355    34.5877    34.6020    26.8729    1485.54    1486.13 0.0000e+00
       2461    103.000     8.4970     8.4962   3.633633   3.634990     1.7928 -9.990e-29      98.79 4.9523e-02 0.0000e+00    81.2727    4.15282    34.5927    34.6078    26.8787    1485.52    1486.12 0.0000e+00
       2484    104.000     8.4735     8.4726   3.632549   3.633877     1.7816 -9.990e-29      98.79 4.9476e-02 0.0000e+00    81.2891    4.11918    34.6038    34.6187    26.8910    1485.46    1486.11 0.0000e+00
       2507    105.000     8.4545     8.4535   3.631688   3.633029     1.7692 -9.990e-29      98.79 4.9493e-02 0.0000e+00    81.2630    4.07675    34.6128    34.6280    26.9010    1485.42    1486.11 0.0000e+00
       2530    106.000     8.4438     8.4430   3.631198   3.632581     1.7576 -9.990e-29      98.78 4.9523e-02 0.0000e+00    81.2489    4.04559    34.6176    34.6331    26.9065    1485.40    1486.10 0.0000e+00
       2553    107.000     8.4357     8.4353   3.630800   3.632205     1.7463 -9.990e-29      98.78 4.9542e-02 0.0000e+00    81.2288    4.02039    34.6209    34.6362    26.9103    1485.39    1486.09 0.0000e+00
       2576    108.000     8.4235     8.4226   3.630254   3.631624     1.7363 -9.990e-29      98.78 4.9512e-02 0.0000e+00    81.2137    4.00134    34.6266    34.6420    26.9166    1485.37    1486.09 0.0000e+00
       2599    109.000     8.4087     8.4078   3.629686   3.631035     1.7274 -9.990e-29      98.78 4.9512e-02 0.0000e+00    81.1912    3.98672    34.6346    34.6498    26.9252    1485.34    1486.08 0.0000e+00
       2622    110.000     8.4001     8.3989   3.629351   3.630701     1.7201 -9.990e-29      98.78 4.9529e-02 0.0000e+00    81.2084    3.98187    34.6391    34.6546    26.9300    1485.33    1486.07 0.0000e+00
       2645    111.000     8.3822     8.3814   3.628765   3.630114     1.7144 -9.990e-29      98.78 4.9496e-02 0.0000e+00    81.1963    3.97355    34.6500    34.6651    26.9413    1485.29    1486.07 0.0000e+00
       2667    112.000     8.3708     8.3695   3.628552   3.629902     1.7088 -9.990e-29      98.78 4.9518e-02 0.0000e+00    81.2102    3.96466    34.6584    34.6741    26.9497    1485.28    1486.06 0.0000e+00
       2690    113.000     8.3629     8.3616   3.628402   3.629748     1.7045 -9.990e-29      98.78 4.9511e-02 0.0000e+00    81.2085    3.96737    34.6641    34.6797    26.9554    1485.27    1486.05 0.0000e+00
       2713    114.000     8.3533     8.3519   3.628228   3.629577     1.7014 -9.990e-29      98.78 4.9524e-02 0.0000e+00    81.1924    3.96648    34.6713    34.6870    26.9624    1485.26    1486.05 0.0000e+00
       2736    115.000     8.3489     8.3474   3.628251   3.629596     1.6993 -9.990e-29      98.78 4.9512e-02 0.0000e+00    81.1688    3.97462    34.6754    34.6911    26.9663    1485.27    1486.04 0.0000e+00
       2758    116.000     8.3445     8.3430   3.628135   3.629493     1.6983 -9.990e-29      98.78 4.9527e-02 0.0000e+00    81.1603    3.98288    34.6780    34.6939    26.9691    1485.27    1486.03 0.0000e+00
       2781    117.000     8.3417     8.3401   3.628064   3.629414     1.6981 -9.990e-29      98.78 4.9548e-02 0.0000e+00    81.1540    3.99570    34.6795    34.6954    26.9707    1485.28    1486.03 0.0000e+00
       2804    118.000     8.3388     8.3373   3.628054   3.629412     1.6997 -9.990e-29      98.78 4.9512e-02 0.0000e+00    81.1601    4.00977    34.6818    34.6977    26.9729    1485.29    1486.02 0.0000e+00
       2826    119.000     8.3365     8.3350   3.628224   3.629592     1.7007 -9.990e-29      98.78 4.9521e-02 0.0000e+00    81.1593    4.01622    34.6854    34.7014    26.9761    1485.30    1486.01 0.0000e+00
       2849    120.000     8.3361     8.3343   3.628567   3.629916     1.7026 -9.990e-29      98.78 4.9524e-02 0.0000e+00    81.1738    4.02952    34.6889    34.7051    26.9789    1485.32    1486.01 0.0000e+00
       2872    121.000     8.3370     8.3354   3.628859   3.630214     1.7050 -9.990e-29      98.78 4.9524e-02 0.0000e+00    81.1764    4.04138    34.6907    34.7067    26.9802    1485.34    1486.00 0.0000e+00
       2894    122.000     8.3352     8.3337   3.628956   3.630309     1.7074 -9.990e-29      98.78 4.9521e-02 0.0000e+00    81.1739    4.04527    34.6930    34.7089    26.9823    1485.35    1486.00 0.0000e+00
       2917    123.000     8.3330     8.3314   3.629092   3.630453     1.7090 -9.990e-29      98.78 4.9518e-02 0.0000e+00    81.0951    4.04584    34.6961    34.7122    26.9851    1485.36    1485.99 0.0000e+00
       2940    124.000     8.3315     8.3298   3.629200   3.630566     1.7105 -9.990e-29      98.78 4.9506e-02 0.0000e+00    81.0693    4.05131    34.6983    34.7145    26.9870    1485.38    1485.99 0.0000e+00
       2963    125.000     8.3305     8.3289   3.629285   3.630646     1.7119 -9.990e-29      98.78 4.9515e-02 0.0000e+00    81.0293    4.05474    34.6997    34.7158    26.9883    1485.39    1485.98 0.0000e+00
       2985    126.000     8.3298     8.3282   3.629385   3.630740     1.7134 -9.990e-29      98.78 4.9518e-02 0.0000e+00    81.0121    4.06351    34.7010    34.7170    26.9894    1485.41    1485.98 0.0000e+00
       3008    127.000     8.3284     8.3267   3.629500   3.630858     1.7152 -9.990e-29      98.78 4.9536e-02 0.0000e+00    80.9997    4.07543    34.7031    34.7192    26.9912    1485.42    1485.97 0.0000e+00
       3030    128.000     8.3282     8.3265   3.629562   3.630928     1.7174 -9.990e-29      98.78 4.9527e-02 0.0000e+00    80.9937    4.08219    34.7035    34.7197    26.9916    1485.44    1485.97 0.0000e+00
       3053    129.000     8.3281     8.3264   3.629634   3.630987     1.7191 -9.990e-29      98.78 4.9530e-02 0.0000e+00    80.9744    4.08419    34.7039    34.7199    26.9919    1485.45    1485.96 0.0000e+00
       3076    130.000     8.3278     8.3260   3.629733   3.631091     1.7208 -9.990e-29      98.78 4.9518e-02 0.0000e+00    80.9715    4.08898    34.7047    34.7210    26.9926    1485.47    1485.96 0.0000e+00
       3098    131.000     8.3273     8.3256   3.629818   3.631188     1.7222 -9.990e-29      98.78 4.9490e-02 0.0000e+00    80.9538    4.09169    34.7056    34.7219    26.9934    1485.49    1485.96 0.0000e+00
       3121    132.000     8.3269     8.3252   3.629905   3.631271     1.7235 -9.990e-29      98.79 4.9493e-02 0.0000e+00    80.9318    4.09626    34.7065    34.7227    26.9941    1485.50    1485.95 0.0000e+00
       3144    133.000     8.3265     8.3248   3.630008   3.631371     1.7247 -9.990e-29      98.78 4.9496e-02 0.0000e+00    80.9301    4.09501    34.7075    34.7237    26.9950    1485.52    1485.95 0.0000e+00
       3166    134.000     8.3254     8.3238   3.630121   3.631494     1.7248 -9.990e-29      98.78 4.9530e-02 0.0000e+00    80.8891    4.09249    34.7093    34.7255    26.9966    1485.53    1485.95 0.0000e+00
       3188    135.000     8.3246     8.3231   3.630283   3.631645     1.7258 -9.990e-29      98.78 4.9521e-02 0.0000e+00    80.9106    4.10152    34.7113    34.7273    26.9983    1485.55    1485.94 0.0000e+00
       3210    136.000     8.3243     8.3227   3.630399   3.631763     1.7266 -9.990e-29      98.78 4.9546e-02 0.0000e+00    80.8989    4.10793    34.7124    34.7285    26.9992    1485.57    1485.94 0.0000e+00
       3233    137.000     8.3239     8.3223   3.630498   3.631872     1.7281 -9.990e-29      98.78 4.9540e-02 0.0000e+00    80.8825    4.11855    34.7134    34.7296    27.0000    1485.58    1485.94 0.0000e+00
       3255    138.000     8.3239     8.3223   3.630555   3.631917     1.7299 -9.990e-29      98.78 4.9517e-02 0.0000e+00    80.8623    4.13013    34.7135    34.7296    27.0001    1485.60    1485.94 0.0000e+00
       3278    139.000     8.3240     8.3223   3.630623   3.631995     1.7323 -9.990e-29      98.78 4.9502e-02 0.0000e+00    80.8755    4.14406    34.7136    34.7299    27.0002    1485.61    1485.93 0.0000e+00
       3300    140.000     8.3238     8.3222   3.630686   3.632062     1.7348 -9.990e-29      98.78 4.9493e-02 0.0000e+00    80.8803    4.14870    34.7140    34.7303    27.0005    1485.63    1485.93 0.0000e+00
       3322    141.000     8.3240     8.3223   3.630792   3.632164     1.7367 -9.990e-29      98.78 4.9502e-02 0.0000e+00    80.8815    4.15091    34.7145    34.7308    27.0008    1485.65    1485.93 0.0000e+00
       3345    142.000     8.3243     8.3226   3.630936   3.632303     1.7383 -9.990e-29      98.78 4.9521e-02 0.0000e+00    80.9091    4.15397    34.7152    34.7315    27.0014    1485.67    1485.93 0.0000e+00
       3367    143.000     8.3243     8.3226   3.631076   3.632446     1.7398 -9.990e-29      98.78 4.9530e-02 0.0000e+00    80.8933    4.15869    34.7162    34.7325    27.0022    1485.69    1485.93 0.0000e+00
       3389    144.000     8.3246     8.3229   3.631259   3.632637     1.7412 -9.990e-29      98.78 4.9515e-02 0.0000e+00    80.8852    4.16168    34.7174    34.7338    27.0031    1485.70    1485.93 0.0000e+00
       3412    145.000     8.3248     8.3232   3.631368   3.632736     1.7423 -9.990e-29      98.78 4.9508e-02 0.0000e+00    80.8310    4.16315    34.7179    34.7340    27.0034    1485.72    1485.92 0.0000e+00
       3434    146.000     8.3249     8.3232   3.631418   3.632804     1.7433 -9.990e-29      98.78 4.9528e-02 0.0000e+00    80.8184    4.16360    34.7179    34.7343    27.0034    1485.74    1485.92 0.0000e+00
       3456    147.000     8.3249     8.3232   3.631469   3.632847     1.7438 -9.990e-29      98.78 4.9489e-02 0.0000e+00    80.7803    4.16393    34.7179    34.7343    27.0034    1485.76    1485.92 0.0000e+00
       3478    148.000     8.3249     8.3232   3.631535   3.632913     1.7444 -9.990e-29      98.78 4.9509e-02 0.0000e+00    80.7467    4.16745    34.7181    34.7345    27.0036    1485.77    1485.92 0.0000e+00
       3500    149.000     8.3251     8.3234   3.631598   3.632973     1.7450    -0.0488      98.78 4.9527e-02 0.0000e+00    80.7428    4.16788    34.7181    34.7345    27.0035    1485.79    1485.92 0.0000e+00
       3521    150.000     8.3251     8.3234   3.631662   3.633033     1.7456    -0.0483      98.78 4.9502e-02 0.0000e+00    80.7313    4.16976    34.7183    34.7346    27.0037    1485.81    1485.92 0.0000e+00
       3543    151.000     8.3252     8.3235   3.631725   3.633103     1.7459    -0.0485      98.78 4.9502e-02 0.0000e+00    80.7260    4.17210    34.7184    34.7348    27.0038    1485.82    1485.92 0.0000e+00
       3565    152.000     8.3254     8.3237   3.631810   3.633181     1.7465    -0.0503      98.79 4.9521e-02 0.0000e+00    80.7234    4.17702    34.7187    34.7349    27.0039    1485.84    1485.92 0.0000e+00
