_data/ctd/2022603/sta0168.cnv
* Sea-Bird SBE 9 Data File:
* FileName = C:\Seabird\CTDData\sta0168.hex
* Software Version Seasave V 7.21f
* Temperature SN = 6264
* Conductivity SN = 4928
* Number of Bytes Per Scan = 40
* Number of Voltage Words = 5
* Number of Scans Averaged by the Deck Unit = 1
* NMEA Latitude = 60 51.98 N
* NMEA Longitude = 005 30.63 E
* NMEA UTC (Time) = Feb 12 2022 19:47:13
* NMEA baud rate = 4800
** Ship: R/V "Kristine Bonnevie"
** Station: 0168
** Echodepth: 183
** Log: 0501.170
** Wind-Dir/Force: 54 09
** Air-temp (dry): 6.6
** Weather Sky:
** Sea:
# nquan = 19                                
# nvalues = 171                         
# units = specified
# name 0 = scan: Scan Count
# name 1 = prDM: Pressure, Digiquartz [db]
# name 2 = t068C: Temperature [ITS-68, deg C]
# name 3 = t168C: Temperature, 2 [ITS-68, deg C]
# name 4 = c0S/m: Conductivity [S/m]
# name 5 = c1S/m: Conductivity, 2 [S/m]
# name 6 = sbeox0V: Oxygen raw, SBE 43 [V]
# name 7 = flECO-AFL: Fluorescence, WET Labs ECO-AFL/FL [mg/m^3]
# name 8 = altM: Altimeter [m]
# name 9 = par: PAR/Irradiance, Biospherical/Licor
# name 10 = spar: SPAR/Surface Irradiance
# name 11 = CStarTr0: Beam Transmission, WET Labs C-Star [%]
# name 12 = sbeox0ML/L: Oxygen, SBE 43 [ml/l], WS = 2
# name 13 = sal00: Salinity, Practical [PSU]
# name 14 = sal11: Salinity, Practical, 2 [PSU]
# name 15 = sigma-t00: Density [sigma-t, Kg/m^3 ]
# name 16 = svCM: Sound Velocity [Chen-Millero, m/s]
# name 17 = avgsvCM: Average Sound Velocity [Chen-Millero, m/s], minP = 1, minS = 5
# name 18 = flag: flag
# span 0 =         20,       3861       
# span 1 =      7.000,    177.000       
# span 2 =     7.8349,    10.3318       
# span 3 =     7.9796,    10.3294       
# span 4 =   3.235690,   3.733392       
# span 5 =   3.278758,   3.734796       
# span 6 =     1.5822,     2.3804       
# span 7 =    -0.0827,     0.2286       
# span 8 =      14.96,     106.50       
# span 9 = 4.9445e-02, 9.6077e-02       
# span 10 = 0.0000e+00, 0.0000e+00      
# span 11 =    80.9812,    82.2999      
# span 12 =    3.61180,    6.32615      
# span 13 =    31.0338,    34.9371      
# span 14 =    31.3616,    34.9520      
# span 15 =    24.1840,    27.1750      
# span 16 =    1477.04,    1490.03      
# span 17 =    1477.04,    1487.01      
# span 18 = 0.0000e+00, 0.0000e+00      
# interval = decibars: 1                
# start_time = Feb 12 2022 19:47:16 [System UTC, header]
# bad_flag = -9.990e-29
*END*
[from data line 77]
       1738     84.000     8.6049     8.6048   3.652837   3.654064     1.8828    -0.0734      98.69 4.9481e-02 0.0000e+00    82.2183    4.51051    34.6992    34.7123    26.9454    1485.74    1486.74 0.0000e+00
       1760     85.000     8.5881     8.5876   3.652173   3.653402     1.8780    -0.0792      61.55 4.9465e-02 0.0000e+00    82.2127    4.47620    34.7082    34.7217    26.9551    1485.71    1486.73 0.0000e+00
       1783     86.000     8.5760     8.5752   3.651611   3.652857     1.8716    -0.0687      63.11 4.9483e-02 0.0000e+00    82.2306    4.44489    34.7137    34.7276    26.9613    1485.68    1486.72 0.0000e+00
       1805     87.000     8.5642     8.5636   3.651178   3.652422     1.8645    -0.0753      55.67 4.9490e-02 0.0000e+00    82.2469    4.42101    34.7202    34.7340    26.9682    1485.66    1486.71 0.0000e+00
       1827     88.000     8.5541     8.5526   3.650826   3.652041     1.8579    -0.0783      89.04 4.9481e-02 0.0000e+00    82.2676    4.40634    34.7259    34.7403    26.9743    1485.65    1486.70 0.0000e+00
       1850     89.000     8.5475     8.5463   3.650675   3.651903     1.8511    -0.0757      34.58 4.9500e-02 0.0000e+00    82.2454    4.38316    34.7303    34.7445    26.9788    1485.65    1486.68 0.0000e+00
       1873     90.000     8.5402     8.5387   3.650527   3.651753     1.8446    -0.0779      95.00 4.9493e-02 0.0000e+00    82.2636    4.36894    34.7355    34.7499    26.9840    1485.64    1486.67 0.0000e+00
       1896     91.000     8.5366     8.5352   3.650459   3.651688     1.8386    -0.0810      47.93 4.9469e-02 0.0000e+00    82.2699    4.36164    34.7378    34.7522    26.9864    1485.65    1486.66 0.0000e+00
       1920     92.000     8.5278     8.5269   3.650017   3.651269     1.8340    -0.0769      74.43 4.9486e-02 0.0000e+00    82.2668    4.36118    34.7413    34.7555    26.9905    1485.64    1486.65 0.0000e+00
       1943     93.000     8.5205     8.5194   3.649808   3.651032     1.8304    -0.0737      63.95 4.9490e-02 0.0000e+00    82.2520    4.36107    34.7458    34.7599    26.9951    1485.63    1486.64 0.0000e+00
       1965     94.000     8.5149     8.5134   3.649640   3.650880     1.8280    -0.0734      49.48 4.9487e-02 0.0000e+00    82.2465    4.35674    34.7491    34.7637    26.9985    1485.63    1486.63 0.0000e+00
       1988     95.000     8.5111     8.5092   3.649574   3.650759     1.8247    -0.0664      87.45 4.9470e-02 0.0000e+00    82.2618    4.33566    34.7516    34.7661    27.0011    1485.64    1486.62 0.0000e+00
       2010     96.000     8.5030     8.5018   3.649316   3.650542     1.8209    -0.0697      37.44 4.9464e-02 0.0000e+00    82.2683    4.32442    34.7564    34.7706    27.0061    1485.63    1486.61 0.0000e+00
       2031     97.000     8.4960     8.4946   3.649106   3.650338     1.8175    -0.0727      96.08 4.9483e-02 0.0000e+00    82.2674    4.31175    34.7606    34.7750    27.0105    1485.63    1486.60 0.0000e+00
       2053     98.000     8.4899     8.4887   3.648921   3.650152     1.8133    -0.0701      45.60 4.9483e-02 0.0000e+00    82.2781    4.29756    34.7642    34.7784    27.0143    1485.62    1486.59 0.0000e+00
       2075     99.000     8.4807     8.4795   3.648695   3.649930     1.8094    -0.0733      46.94 4.9477e-02 0.0000e+00    82.2701    4.28471    34.7703    34.7846    27.0205    1485.61    1486.58 0.0000e+00
       2097    100.000     8.4721     8.4709   3.648673   3.649908     1.8053    -0.0725      97.54 4.9502e-02 0.0000e+00    82.2652    4.27111    34.7781    34.7924    27.0280    1485.61    1486.57 0.0000e+00
       2119    101.000     8.4664     8.4651   3.648472   3.649712     1.8011    -0.0739      38.75 4.9471e-02 0.0000e+00    82.2905    4.25611    34.7811    34.7956    27.0312    1485.61    1486.56 0.0000e+00
       2141    102.000     8.4614     8.4599   3.648350   3.649576     1.7965    -0.0703      95.17 4.9485e-02 0.0000e+00    82.2934    4.24563    34.7843    34.7988    27.0345    1485.61    1486.55 0.0000e+00
       2162    103.000     8.4527     8.4511   3.648150   3.649366     1.7931    -0.0738      79.01 4.9490e-02 0.0000e+00    82.2927    4.24134    34.7903    34.8048    27.0405    1485.60    1486.54 0.0000e+00
       2185    104.000     8.4488     8.4472   3.648052   3.649280     1.7895    -0.0709      64.03 4.9515e-02 0.0000e+00    82.2462    4.23180    34.7926    34.8072    27.0429    1485.60    1486.53 0.0000e+00
       2207    105.000     8.4476     8.4459   3.648078   3.649308     1.7861    -0.0669      85.25 4.9521e-02 0.0000e+00    82.2957    4.21039    34.7936    34.8083    27.0439    1485.62    1486.52 0.0000e+00
       2229    106.000     8.4470     8.4453   3.648212   3.649441     1.7808    -0.0652      77.95 4.9506e-02 0.0000e+00    82.2945    4.18523    34.7951    34.8098    27.0452    1485.63    1486.51 0.0000e+00
       2252    107.000     8.4426     8.4413   3.648184   3.649407     1.7757    -0.0613      82.57 4.9502e-02 0.0000e+00    82.2999    4.17171    34.7987    34.8130    27.0487    1485.64    1486.51 0.0000e+00
       2274    108.000     8.4315     8.4304   3.647931   3.649168     1.7708    -0.0786      32.45 4.9469e-02 0.0000e+00    82.2908    4.17466    34.8065    34.8207    27.0565    1485.62    1486.50 0.0000e+00
       2297    109.000     8.4249     8.4234   3.647805   3.649035     1.7690    -0.0794      83.54 4.9490e-02 0.0000e+00    82.2939    4.19458    34.8112    34.8257    27.0612    1485.62    1486.49 0.0000e+00
       2319    110.000     8.4219     8.4203   3.647813   3.649029     1.7683    -0.0827      83.04 4.9493e-02 0.0000e+00    82.2979    4.20081    34.8137    34.8282    27.0637    1485.63    1486.48 0.0000e+00
       2342    111.000     8.4181     8.4166   3.647840   3.649063     1.7677    -0.0807      56.79 4.9477e-02 0.0000e+00    82.2755    4.19218    34.8173    34.8318    27.0671    1485.63    1486.47 0.0000e+00
       2364    112.000     8.4132     8.4117   3.647845   3.649080     1.7661    -0.0775      91.31 4.9496e-02 0.0000e+00    82.2823    4.18054    34.8217    34.8363    27.0713    1485.64    1486.47 0.0000e+00
       2386    113.000     8.4064     8.4049   3.648066   3.649308     1.7641    -0.0683      78.77 4.9522e-02 0.0000e+00    82.2983    4.16165    34.8303    34.8450    27.0791    1485.64    1486.46 0.0000e+00
       2408    114.000     8.4046     8.4030   3.648265   3.649484     1.7604    -0.0738      83.70 4.9489e-02 0.0000e+00    82.2982    4.13684    34.8337    34.8483    27.0820    1485.65    1486.45 0.0000e+00
       2429    115.000     8.4001     8.3991   3.648250   3.649476     1.7561    -0.0702      32.30 4.9499e-02 0.0000e+00    82.2981    4.10846    34.8375    34.8516    27.0857    1485.66    1486.44 0.0000e+00
       2451    116.000     8.3941     8.3927   3.648399   3.649631     1.7499    -0.0557      83.07 4.9521e-02 0.0000e+00    82.2839    4.06645    34.8446    34.8591    27.0922    1485.66    1486.44 0.0000e+00
       2473    117.000     8.3897     8.3882   3.648626   3.649852     1.7416    -0.0712      98.90 4.9489e-02 0.0000e+00    82.2854    4.02953    34.8509    34.8654    27.0978    1485.67    1486.43 0.0000e+00
       2494    118.000     8.3857     8.3841   3.648725   3.649945     1.7338    -0.0640      98.78 4.9512e-02 0.0000e+00    82.2768    4.00908    34.8554    34.8700    27.1019    1485.68    1486.43 0.0000e+00
       2516    119.000     8.3812     8.3797   3.648852   3.650081     1.7264    -0.0621      98.78 4.9515e-02 0.0000e+00    82.2671    3.98501    34.8607    34.8753    27.1068    1485.68    1486.42 0.0000e+00
       2538    120.000     8.3745     8.3731   3.649084   3.650304     1.7182    -0.0711      46.17 4.9483e-02 0.0000e+00    82.2805    3.95850    34.8693    34.8837    27.1146    1485.68    1486.41 0.0000e+00
       2560    121.000     8.3706     8.3689   3.649206   3.650438     1.7110    -0.0744      98.71 4.9471e-02 0.0000e+00    82.2628    3.93952    34.8740    34.8888    27.1189    1485.69    1486.41 0.0000e+00
       2581    122.000     8.3670     8.3655   3.649416   3.650648     1.7033    -0.0747      57.32 4.9477e-02 0.0000e+00    82.2664    3.91634    34.8793    34.8939    27.1236    1485.70    1486.40 0.0000e+00
       2603    123.000     8.3633     8.3617   3.649597   3.650821     1.6965    -0.0708      79.68 4.9519e-02 0.0000e+00    82.2519    3.90252    34.8844    34.8991    27.1282    1485.71    1486.40 0.0000e+00
       2625    124.000     8.3602     8.3586   3.649706   3.650942     1.6900    -0.0710      61.48 4.9489e-02 0.0000e+00    82.2408    3.88065    34.8882    34.9029    27.1316    1485.72    1486.39 0.0000e+00
       2647    125.000     8.3576     8.3559   3.649766   3.650992     1.6831    -0.0655      88.01 4.9496e-02 0.0000e+00    82.2383    3.84910    34.8909    34.9057    27.1342    1485.73    1486.38 0.0000e+00
       2668    126.000     8.3547     8.3532   3.649900   3.651137     1.6748    -0.0656      98.64 4.9521e-02 0.0000e+00    82.2094    3.81334    34.8947    34.9094    27.1376    1485.74    1486.38 0.0000e+00
       2690    127.000     8.3513     8.3497   3.650069   3.651287     1.6670    -0.0683      47.55 4.9492e-02 0.0000e+00    82.2053    3.80266    34.8994    34.9140    27.1418    1485.75    1486.37 0.0000e+00
       2711    128.000     8.3465     8.3450   3.650214   3.651447     1.6612    -0.0637      57.72 4.9483e-02 0.0000e+00    82.1666    3.80804    34.9053    34.9199    27.1471    1485.76    1486.37 0.0000e+00
       2733    129.000     8.3437     8.3420   3.650351   3.651582     1.6570    -0.0642      43.09 4.9496e-02 0.0000e+00    82.1482    3.80648    34.9090    34.9238    27.1505    1485.77    1486.37 0.0000e+00
       2755    130.000     8.3426     8.3409   3.650452   3.651681     1.6533    -0.0731      70.73 4.9485e-02 0.0000e+00    82.1265    3.80244    34.9107    34.9255    27.1520    1485.78    1486.36 0.0000e+00
       2776    131.000     8.3396     8.3381   3.650623   3.651847     1.6505    -0.0793      86.35 4.9483e-02 0.0000e+00    82.0904    3.80389    34.9150    34.9295    27.1558    1485.79    1486.36 0.0000e+00
       2798    132.000     8.3390     8.3374   3.650702   3.651931     1.6484    -0.0673      64.22 4.9512e-02 0.0000e+00    82.0668    3.79785    34.9160    34.9306    27.1567    1485.81    1486.35 0.0000e+00
       2820    133.000     8.3369     8.3354   3.650839   3.652080     1.6459    -0.0556      61.06 4.9496e-02 0.0000e+00    82.0524    3.79061    34.9190    34.9337    27.1594    1485.82    1486.35 0.0000e+00
       2842    134.000     8.3353     8.3336   3.650935   3.652163     1.6434    -0.0770      73.18 4.9509e-02 0.0000e+00    82.0270    3.77789    34.9212    34.9359    27.1613    1485.83    1486.34 0.0000e+00
       2864    135.000     8.3347     8.3331   3.651004   3.652236     1.6405    -0.0796      64.33 4.9496e-02 0.0000e+00    81.9843    3.76586    34.9220    34.9367    27.1621    1485.85    1486.34 0.0000e+00
       2885    136.000     8.3343     8.3326   3.651084   3.652313     1.6375    -0.0663      31.05 4.9490e-02 0.0000e+00    81.9729    3.75740    34.9228    34.9376    27.1627    1485.86    1486.34 0.0000e+00
       2907    137.000     8.3338     8.3321   3.651176   3.652397     1.6345    -0.0668      87.86 4.9496e-02 0.0000e+00    81.9669    3.75202    34.9238    34.9385    27.1636    1485.88    1486.33 0.0000e+00
       2929    138.000     8.3334     8.3316   3.651245   3.652482     1.6324    -0.0651      96.50 4.9499e-02 0.0000e+00    81.9454    3.75047    34.9244    34.9394    27.1642    1485.89    1486.33 0.0000e+00
       2951    139.000     8.3330     8.3314   3.651315   3.652550     1.6301    -0.0663      86.98 4.9493e-02 0.0000e+00    81.9289    3.74085    34.9251    34.9398    27.1647    1485.91    1486.33 0.0000e+00
       2973    140.000     8.3329     8.3313   3.651381   3.652621     1.6275    -0.0545      51.07 4.9485e-02 0.0000e+00    81.9162    3.73166    34.9254    34.9402    27.1650    1485.93    1486.32 0.0000e+00
       2995    141.000     8.3320     8.3304   3.651495   3.652721     1.6252    -0.0646      98.60 4.9534e-02 0.0000e+00    81.9134    3.72661    34.9270    34.9417    27.1664    1485.94    1486.32 0.0000e+00
       3016    142.000     8.3311     8.3295   3.651574   3.652810     1.6230    -0.0631      91.40 4.9499e-02 0.0000e+00    81.9057    3.71695    34.9283    34.9430    27.1675    1485.96    1486.32 0.0000e+00
       3037    143.000     8.3309     8.3292   3.651655   3.652885     1.6203    -0.0708      34.51 4.9485e-02 0.0000e+00    81.8826    3.70551    34.9289    34.9436    27.1680    1485.97    1486.32 0.0000e+00
       3058    144.000     8.3306     8.3289   3.651728   3.652963     1.6176    -0.0682      95.15 4.9499e-02 0.0000e+00    81.8333    3.69268    34.9295    34.9443    27.1685    1485.99    1486.31 0.0000e+00
       3079    145.000     8.3301     8.3285   3.651802   3.653036     1.6144    -0.0689      54.18 4.9505e-02 0.0000e+00    81.7832    3.68387    34.9303    34.9450    27.1692    1486.00    1486.31 0.0000e+00
       3100    146.000     8.3296     8.3278   3.651891   3.653118     1.6116    -0.0641      47.16 4.9460e-02 0.0000e+00    81.7410    3.67573    34.9312    34.9461    27.1701    1486.02    1486.31 0.0000e+00
       3120    147.000     8.3284     8.3267   3.651982   3.653218     1.6087 -9.990e-29      46.99 4.9483e-02 0.0000e+00    81.7248    3.66221    34.9329    34.9477    27.1716    1486.03    1486.31 0.0000e+00
       3142    148.000     8.3277     8.3260   3.652084   3.653316     1.6052 -9.990e-29      25.26 4.9485e-02 0.0000e+00    81.6908    3.65121    34.9342    34.9490    27.1727    1486.05    1486.31 0.0000e+00
       3163    149.000     8.3272     8.3255   3.652154   3.653390     1.6022 -9.990e-29      44.15 4.9492e-02 0.0000e+00    81.6253    3.64841    34.9350    34.9498    27.1734    1486.07    1486.31 0.0000e+00
       3184    150.000     8.3272     8.3255   3.652209   3.653443     1.5998 -9.990e-29      44.19 4.9485e-02 0.0000e+00    81.5866    3.64553    34.9351    34.9499    27.1735    1486.08    1486.30 0.0000e+00
       3206    151.000     8.3274     8.3256   3.652268   3.653503     1.5975    -0.0667      88.38 4.9490e-02 0.0000e+00    81.5243    3.63962    34.9350    34.9500    27.1734    1486.10    1486.30 0.0000e+00
       3227    152.000     8.3273     8.3256   3.652321   3.653563     1.5953    -0.0644      61.87 4.9512e-02 0.0000e+00    81.4940    3.63095    34.9352    34.9501    27.1736    1486.12    1486.30 0.0000e+00
       3248    153.000     8.3273     8.3256   3.652391   3.653617     1.5927    -0.0572      40.85 4.9483e-02 0.0000e+00    81.4440    3.62445    34.9355    34.9502    27.1738    1486.13    1486.30 0.0000e+00
       3270    154.000     8.3273     8.3256   3.652453   3.653688     1.5908    -0.0543      40.24 4.9485e-02 0.0000e+00    81.4337    3.62518    34.9356    34.9505    27.1739    1486.15    1486.30 0.0000e+00
       3292    155.000     8.3273     8.3255   3.652518   3.653748     1.5893    -0.0725      32.57 4.9496e-02 0.0000e+00    81.4047    3.62493    34.9358    34.9507    27.1741    1486.17    1486.30 0.0000e+00
       3314    156.000     8.3272     8.3256   3.652571   3.653805     1.5879    -0.0690      22.02 4.9496e-02 0.0000e+00    81.4069    3.62096    34.9360    34.9508    27.1742    1486.18    1486.30 0.0000e+00
       3335    157.000     8.3272     8.3256   3.652631   3.653864     1.5867    -0.0742      71.75 4.9479e-02 0.0000e+00    81.3636    3.61950    34.9362    34.9509    27.1743    1486.20    1486.30 0.0000e+00
       3357    158.000     8.3273     8.3256   3.652675   3.653915     1.5857    -0.0735      35.14 4.9470e-02 0.0000e+00    81.3201    3.61615    34.9361    34.9510    27.1742    1486.22    1486.30 0.0000e+00
