_data/ctd/2022603/sta0212.cnv
* Sea-Bird SBE 9 Data File:
* FileName = C:\Seabird\CTDData\sta0212.hex
* Software Version Seasave V 7.21f
* Temperature SN = 6264
* Conductivity SN = 4928
* Number of Bytes Per Scan = 40
* Number of Voltage Words = 5
* Number of Scans Averaged by the Deck Unit = 1
* NMEA Latitude = 61 29.13 N
* NMEA Longitude = 005 48.07 E
* NMEA UTC (Time) = Feb 16 2022 04:02:56
* NMEA baud rate = 4800
** Ship: R/V "Kristine Bonnevie"
** Station: 0212
** Echodepth: 91
** Log: 0918.916
** Wind-Dir/Force: 17 04
** Air-temp (dry): 1.9
** Weather Sky:
** Sea:
** FOFJ01
# nquan = 19                                
# nvalues = 87                          
# units = specified
# name 0 = scan: Scan Count
# name 1 = prDM: Pressure, Digiquartz [db]
# name 2 = t068C: Temperature [ITS-68, deg C]
# name 3 = t168C: Temperature, 2 [ITS-68, deg C]
# name 4 = c0S/m: Conductivity [S/m]
# name 5 = c1S/m: Conductivity, 2 [S/m]
# name 6 = sbeox0V: Oxygen raw, SBE 43 [V]
# name 7 = flECO-AFL: Fluorescence, WET Labs ECO-AFL/FL [mg/m^3]
# name 8 = altM: Altimeter [m]
# name 9 = par: PAR/Irradiance, Biospherical/Licor
# name 10 = spar: SPAR/Surface Irradiance
# name 11 = CStarTr0: Beam Transmission, WET Labs C-Star [%]
# name 12 = sbeox0ML/L: Oxygen, SBE 43 [ml/l], WS = 2
# name 13 = sal00: Salinity, Practical [PSU]
# name 14 = sal11: Salinity, Practical, 2 [PSU]
# name 15 = sigma-t00: Density [sigma-t, Kg/m^3 ]
# name 16 = svCM: Sound Velocity [Chen-Millero, m/s]
# name 17 = avgsvCM: Average Sound Velocity [Chen-Millero, m/s], minP = 1, minS = 5
# name 18 = flag: flag
# span 0 =        405,       3319       
# span 1 =      2.000,     88.000       
# span 2 =     8.1049,    10.6802       
# span 3 =     8.1324,    10.6796       
# span 4 =   3.104675,   3.711769       
# span 5 =   3.102758,   3.713254       
# span 6 =     1.7901,     2.3443       
# span 7 =    -0.0760,     0.0968       
# span 8 =       3.82,      99.13       
# span 9 = 4.9451e-02, 4.6038e-01       
# span 10 = 0.0000e+00, 0.0000e+00      
# span 11 =    78.6345,    80.6314      
# span 12 =    4.18088,    6.29719      
# span 13 =    29.3214,    34.3992      
# span 14 =    29.3773,    34.4143      
# span 15 =    22.7862,    26.6636      
# span 16 =    1476.01,    1490.38      
# span 17 =    1476.24,    1487.70      
# span 18 = 0.0000e+00, 0.0000e+00      
# interval = decibars: 1                
# start_time = Feb 16 2022 04:02:58 [System UTC, header]
# bad_flag = -9.990e-29
*END*
        405      2.000     8.2308     8.3129   3.105234   3.132419     2.3443     0.0968      62.94 4.6038e-01 0.0000e+00    78.6345    6.29719    29.3214    29.5363    22.7862    1476.35    1476.35 0.0000e+00
        472      3.000     8.1049     8.1324   3.104675   3.102758     2.3312     0.0968      99.13 3.3303e-01 0.0000e+00    79.5588    6.15019    29.4204    29.3773    22.8812    1476.01    1476.24 0.0000e+00
        520      4.000     8.6102     8.6044   3.240265   3.243994     2.3266     0.0935      98.81 2.3742e-01 0.0000e+00    79.6107    6.17685    30.4054    30.4491    23.5808    1479.16    1476.97 0.0000e+00
        556      5.000     8.7462     8.7353   3.293534   3.298514     2.3290     0.0648      98.81 1.9599e-01 0.0000e+00    79.5463    6.03872    30.8403    30.9015    23.9012    1480.22    1477.62 0.0000e+00
        590      6.000     9.0154     9.0036   3.373630   3.375052     2.3212     0.0398      98.81 1.3037e-01 0.0000e+00    79.6038    5.97336    31.4331    31.4582    24.3243    1481.97    1478.34 0.0000e+00
        622      7.000     9.0146     9.0287   3.373498   3.377453     2.3174    -0.0037      98.81 9.3473e-02 0.0000e+00    79.7993    5.92866    31.4320    31.4604    24.3236    1481.98    1478.86 0.0000e+00
        651      8.000     9.1201     9.1310   3.404010   3.409003     2.3072     0.0064      98.81 7.9501e-02 0.0000e+00    79.8742    5.85630    31.6532    31.6950    24.4803    1482.66    1479.33 0.0000e+00
        680      9.000     9.4094     9.3627   3.454623   3.448375     2.2996    -0.0187      98.80 6.3955e-02 0.0000e+00    79.9701    5.81677    31.9159    31.8934    24.6404    1484.06    1479.86 0.0000e+00
        708     10.000     9.6352     9.5704   3.498637   3.490299     2.2971    -0.0177      98.81 5.1471e-02 0.0000e+00    79.9644    5.79874    32.1641    32.1369    24.7982    1485.21    1480.39 0.0000e+00
        736     11.000     9.7747     9.7625   3.526340   3.526629     2.2946    -0.0194      98.80 4.9690e-02 0.0000e+00    80.0427    5.73522    32.3210    32.3349    24.8981    1485.93    1480.89 0.0000e+00
        762     12.000     9.8608     9.8336   3.541858   3.539223     2.2862    -0.0134      98.81 4.9467e-02 0.0000e+00    80.0426    5.64797    32.4011    32.3988    24.9466    1486.35    1481.35 0.0000e+00
        787     13.000    10.0404    10.0347   3.576028   3.579131     2.2744    -0.0131      98.80 4.9478e-02 0.0000e+00    80.0435    5.56448    32.5858    32.6223    25.0609    1487.24    1481.80 0.0000e+00
        812     14.000    10.1483    10.1414   3.594428   3.595353     2.2627    -0.0179      98.80 4.9483e-02 0.0000e+00    80.0831    5.52437    32.6742    32.6898    25.1119    1487.76    1482.22 0.0000e+00
        836     15.000    10.1192    10.1135   3.594852   3.595675     2.2525    -0.0189      98.80 4.9451e-02 0.0000e+00    80.2476    5.47216    32.7043    32.7178    25.1403    1487.70    1482.59 0.0000e+00
        860     16.000    10.3177    10.2927   3.622930   3.623184     2.2364    -0.0430      98.80 4.9485e-02 0.0000e+00    80.3173    5.36087    32.8079    32.8331    25.1876    1488.56    1482.96 0.0000e+00
        884     17.000    10.4510    10.4446   3.644257   3.645725     2.2207    -0.0516      98.80 4.9497e-02 0.0000e+00    80.2933    5.31405    32.9015    32.9220    25.2378    1489.17    1483.32 0.0000e+00
        908     18.000    10.5152    10.5099   3.657406   3.658873     2.2067    -0.0523      88.66 4.9497e-02 0.0000e+00    80.2624    5.23454    32.9749    32.9944    25.2840    1489.50    1483.66 0.0000e+00
        932     19.000    10.5678    10.5624   3.668125   3.669595     2.1865    -0.0479      80.61 4.9493e-02 0.0000e+00    80.2506    5.11074    33.0343    33.0539    25.3212    1489.78    1483.98 0.0000e+00
        955     20.000    10.6372    10.6290   3.681466   3.682748     2.1622    -0.0352      98.49 4.9493e-02 0.0000e+00    80.1891    4.98897    33.1045    33.1248    25.3639    1490.12    1484.29 0.0000e+00
        977     21.000    10.6802    10.6796   3.692627   3.694196     2.1350    -0.0209      98.80 4.9471e-02 0.0000e+00    80.1730    4.89258    33.1767    33.1929    25.4126    1490.38    1484.58 0.0000e+00
       1000     22.000    10.6420    10.6404   3.694667   3.696187     2.1096    -0.0253      98.80 4.9487e-02 0.0000e+00    80.2649    4.84292    33.2314    33.2481    25.4619    1490.33    1484.84 0.0000e+00
       1023     23.000    10.6088    10.6099   3.700939   3.702433     2.0880    -0.0530      98.80 4.9493e-02 0.0000e+00    80.2574    4.80051    33.3241    33.3380    25.5399    1490.34    1485.08 0.0000e+00
       1046     24.000    10.5451    10.5465   3.703639   3.705203     2.0673    -0.0489      98.80 4.9470e-02 0.0000e+00    80.2098    4.73653    33.4090    33.4234    25.6171    1490.23    1485.29 0.0000e+00
       1068     25.000    10.5429    10.5396   3.707666   3.709247     2.0457    -0.0530      70.55 4.9494e-02 0.0000e+00    80.1587    4.67595    33.4510    33.4699    25.6502    1490.29    1485.49 0.0000e+00
       1091     26.000    10.5444    10.5437   3.711014   3.712594     2.0270    -0.0501      98.71 4.9487e-02 0.0000e+00    80.1331    4.64634    33.4828    33.4993    25.6748    1490.35    1485.68 0.0000e+00
       1113     27.000    10.5205    10.5202   3.710730   3.712336     2.0116 -9.990e-29      98.80 4.9483e-02 0.0000e+00    80.1840    4.65038    33.5015    33.5179    25.6935    1490.31    1485.85 0.0000e+00
       1136     28.000    10.5205    10.5177   3.711647   3.713139     2.0039 -9.990e-29      76.77 4.9499e-02 0.0000e+00    80.2480    4.70471    33.5103    33.5279    25.7003    1490.33    1486.01 0.0000e+00
       1158     29.000    10.5121    10.5106   3.711769   3.713254     2.0039 -9.990e-29      98.58 4.9490e-02 0.0000e+00    80.3036    4.76004    33.5188    33.5351    25.7084    1490.33    1486.16 0.0000e+00
       1180     30.000    10.4086    10.4114   3.708659   3.710108     2.0078 -9.990e-29      98.80 4.9490e-02 0.0000e+00    80.3615    4.80611    33.5825    33.5945    25.7759    1490.05    1486.29 0.0000e+00
       1203     31.000    10.3509    10.3502   3.707217   3.708743     2.0125 -9.990e-29      79.96 4.9464e-02 0.0000e+00    80.3245    4.82545    33.6208    33.6369    25.8158    1489.91    1486.40 0.0000e+00
       1225     32.000    10.2899    10.2905   3.707291   3.708840     2.0165 -9.990e-29      90.26 4.9471e-02 0.0000e+00    80.2597    4.82074    33.6777    33.6928    25.8706    1489.78    1486.51 0.0000e+00
       1247     33.000    10.2335    10.2344   3.707041   3.708570     2.0162 -9.990e-29      98.89 4.9464e-02 0.0000e+00    80.0960    4.78305    33.7271    33.7417    25.9188    1489.65    1486.60 0.0000e+00
       1269     34.000    10.1825    10.1826   3.706616   3.708149     2.0125 -9.990e-29      90.95 4.9477e-02 0.0000e+00    79.9765    4.76682    33.7698    33.7853    25.9608    1489.54    1486.69 0.0000e+00
       1291     35.000    10.1570    10.1565   3.706493   3.708021     2.0098    -0.0558      81.03 4.9493e-02 0.0000e+00    79.9141    4.77545    33.7919    33.8079    25.9824    1489.49    1486.77 0.0000e+00
       1313     36.000    10.1374    10.1363   3.706540   3.708073     2.0094    -0.0541      98.42 4.9490e-02 0.0000e+00    79.9051    4.80168    33.8102    33.8268    26.0001    1489.46    1486.84 0.0000e+00
       1335     37.000    10.1169    10.1159   3.706567   3.708106     2.0113    -0.0671      98.80 4.9471e-02 0.0000e+00    79.9029    4.82874    33.8292    33.8458    26.0184    1489.43    1486.91 0.0000e+00
       1358     38.000    10.1022    10.1012   3.706288   3.707804     2.0148    -0.0518      72.37 4.9490e-02 0.0000e+00    79.9434    4.85464    33.8397    33.8560    26.0290    1489.40    1486.98 0.0000e+00
       1380     39.000    10.0877    10.0864   3.705958   3.707454     2.0192    -0.0634      98.82 4.9481e-02 0.0000e+00    79.9898    4.88258    33.8494    33.8659    26.0391    1489.38    1487.04 0.0000e+00
       1402     40.000    10.0648    10.0649   3.705494   3.707026     2.0255    -0.0568      98.80 4.9471e-02 0.0000e+00    79.9477    4.90819    33.8657    33.8812    26.0557    1489.33    1487.10 0.0000e+00
       1424     41.000    10.0259    10.0254   3.704732   3.706268     2.0300    -0.0508      73.55 4.9483e-02 0.0000e+00    79.9362    4.90564    33.8939    33.9101    26.0843    1489.24    1487.15 0.0000e+00
       1447     42.000     9.9914     9.9916   3.703135   3.704693     2.0324    -0.0488      98.98 4.9477e-02 0.0000e+00    79.9996    4.90428    33.9096    33.9253    26.1024    1489.15    1487.20 0.0000e+00
       1469     43.000     9.9790     9.9781   3.702493   3.704028     2.0344    -0.0518      98.80 4.9464e-02 0.0000e+00    80.1406    4.91717    33.9142    33.9307    26.1081    1489.13    1487.24 0.0000e+00
       1491     44.000     9.9598     9.9591   3.701743   3.703264     2.0375    -0.0760      81.41 4.9469e-02 0.0000e+00    80.1487    4.93064    33.9242    33.9403    26.1191    1489.09    1487.28 0.0000e+00
       1513     45.000     9.9355     9.9355   3.700970   3.702495     2.0395 -9.990e-29      92.33 4.9489e-02 0.0000e+00    80.1453    4.91735    33.9387    33.9542    26.1345    1489.04    1487.32 0.0000e+00
       1535     46.000     9.9139     9.9127   3.700353   3.701864     2.0386 -9.990e-29      98.79 4.9496e-02 0.0000e+00    80.0706    4.89613    33.9522    33.9688    26.1487    1488.99    1487.36 0.0000e+00
       1557     47.000     9.8962     9.8957   3.700318   3.701847     2.0364 -9.990e-29      90.40 4.9477e-02 0.0000e+00    80.1086    4.88063    33.9681    33.9842    26.1641    1488.97    1487.39 0.0000e+00
       1580     48.000     9.8641     9.8637   3.699025   3.700524     2.0333 -9.990e-29      83.18 4.9502e-02 0.0000e+00    80.1560    4.87549    33.9847    34.0004    26.1824    1488.89    1487.42 0.0000e+00
       1602     49.000     9.8380     9.8373   3.697934   3.699420     2.0314    -0.0693      98.97 4.9477e-02 0.0000e+00    80.2709    4.88850    33.9977    34.0135    26.1969    1488.82    1487.45 0.0000e+00
       1624     50.000     9.8201     9.8189   3.697100   3.698603     2.0313    -0.0518      98.80 4.9512e-02 0.0000e+00    80.4879    4.90118    34.0056    34.0221    26.2061    1488.79    1487.48 0.0000e+00
       1646     51.000     9.7780     9.7785   3.694987   3.696462     2.0314    -0.0738      98.80 4.9471e-02 0.0000e+00    80.6165    4.90143    34.0232    34.0379    26.2269    1488.67    1487.50 0.0000e+00
       1669     52.000     9.7450     9.7442   3.693568   3.695049     2.0305    -0.0727      98.80 4.9481e-02 0.0000e+00    80.6314    4.89149    34.0394    34.0554    26.2451    1488.59    1487.52 0.0000e+00
       1691     53.000     9.7274     9.7262   3.692829   3.694328     2.0283    -0.0589      98.80 4.9489e-02 0.0000e+00    80.5724    4.86783    34.0480    34.0646    26.2547    1488.55    1487.54 0.0000e+00
       1714     54.000     9.7157     9.7143   3.692512   3.693980     2.0238 -9.990e-29      77.91 4.9493e-02 0.0000e+00    80.5410    4.83613    34.0554    34.0718    26.2624    1488.53    1487.56 0.0000e+00
       1736     55.000     9.7084     9.7067   3.692463   3.693946     2.0180 -9.990e-29      98.60 4.9471e-02 0.0000e+00    80.5265    4.81623    34.0614    34.0782    26.2683    1488.53    1487.58 0.0000e+00
       1759     56.000     9.6936     9.6935   3.691970   3.693493     2.0128 -9.990e-29      98.80 4.9483e-02 0.0000e+00    80.5520    4.81345    34.0699    34.0856    26.2774    1488.50    1487.60 0.0000e+00
       1781     57.000     9.6746     9.6739   3.690999   3.692495     2.0093 -9.990e-29      98.80 4.9494e-02 0.0000e+00    80.5632    4.81938    34.0774    34.0935    26.2865    1488.46    1487.61 0.0000e+00
       1804     58.000     9.6499     9.6488   3.689537   3.691012     2.0072 -9.990e-29      98.80 4.9464e-02 0.0000e+00    80.6063    4.82784    34.0854    34.1016    26.2968    1488.40    1487.62 0.0000e+00
       1826     59.000     9.6311     9.6307   3.688828   3.690308     2.0057 -9.990e-29      98.80 4.9524e-02 0.0000e+00    80.5581    4.82095    34.0955    34.1111    26.3078    1488.36    1487.64 0.0000e+00
       1848     60.000     9.6125     9.6113   3.688222   3.689701     2.0028 -9.990e-29      88.02 4.9509e-02 0.0000e+00    80.3394    4.78953    34.1064    34.1228    26.3194    1488.32    1487.65 0.0000e+00
       1870     61.000     9.5994     9.5983   3.687709   3.689183     1.9969 -9.990e-29      89.37 4.9508e-02 0.0000e+00    80.2038    4.75331    34.1131    34.1294    26.3268    1488.30    1487.66 0.0000e+00
       1893     62.000     9.5733     9.5732   3.686445   3.687917     1.9903    -0.0655      66.34 4.9521e-02 0.0000e+00    80.1851    4.73774    34.1245    34.1397    26.3400    1488.23    1487.67 0.0000e+00
       1915     63.000     9.5342     9.5345   3.684638   3.686098     1.9851    -0.0677      65.49 4.9500e-02 0.0000e+00    80.1872    4.74114    34.1426    34.1573    26.3606    1488.13    1487.68 0.0000e+00
       1937     64.000     9.5087     9.5079   3.683389   3.684863     1.9811    -0.0480      74.93 4.9496e-02 0.0000e+00    80.0670    4.73097    34.1535    34.1695    26.3733    1488.07    1487.68 0.0000e+00
       1959     65.000     9.4874     9.4864   3.682326   3.683790     1.9759    -0.0518      28.16 4.9496e-02 0.0000e+00    79.9024    4.70785    34.1624    34.1784    26.3838    1488.02    1487.69 0.0000e+00
       1982     66.000     9.4747     9.4735   3.681689   3.683177     1.9702    -0.0499      27.06 4.9496e-02 0.0000e+00    79.7357    4.67998    34.1674    34.1840    26.3898    1487.99    1487.69 0.0000e+00
       2004     67.000     9.4563     9.4565   3.680744   3.682222     1.9630    -0.0493      26.05 4.9499e-02 0.0000e+00    79.6920    4.65644    34.1748    34.1898    26.3986    1487.95    1487.70 0.0000e+00
       2026     68.000     9.4156     9.4153   3.678739   3.680172     1.9566 -9.990e-29      24.77 4.9508e-02 0.0000e+00    79.6412    4.64470    34.1924    34.2075    26.4190    1487.84    1487.70 0.0000e+00
       2049     69.000     9.3982     9.3970   3.677797   3.679215     1.9503 -9.990e-29      23.68 4.9509e-02 0.0000e+00    79.6563    4.62656    34.1988    34.2147    26.4269    1487.80    1487.70 0.0000e+00
       2071     70.000     9.3778     9.3774   3.676675   3.678136     1.9440 -9.990e-29      22.87 4.9512e-02 0.0000e+00    79.6973    4.61277    34.2063    34.2218    26.4360    1487.75    1487.70 0.0000e+00
       2094     71.000     9.3516     9.3514   3.675436   3.676909     1.9382    -0.0535      21.68 4.9502e-02 0.0000e+00    79.8664    4.60402    34.2180    34.2335    26.4495    1487.69    1487.70 0.0000e+00
       2116     72.000     9.3246     9.3241   3.674111   3.675548     1.9336    -0.0558      20.73 4.9512e-02 0.0000e+00    80.0931    4.59975    34.2297    34.2450    26.4630    1487.62    1487.70 0.0000e+00
       2138     73.000     9.3021     9.3010   3.672945   3.674379     1.9289    -0.0558      19.68 4.9490e-02 0.0000e+00    80.2609    4.58569    34.2386    34.2546    26.4737    1487.57    1487.70 0.0000e+00
       2160     74.000     9.2883     9.2875   3.672147   3.673584     1.9242    -0.0558      18.65 4.9483e-02 0.0000e+00    80.3398    4.57626    34.2431    34.2588    26.4794    1487.54    1487.69 0.0000e+00
       2183     75.000     9.2332     9.2345   3.669090   3.670516     1.9200    -0.0558      17.68 4.9493e-02 0.0000e+00    80.3091    4.56162    34.2638    34.2773    26.5045    1487.38    1487.69 0.0000e+00
       2205     76.000     9.2051     9.2046   3.667652   3.669083     1.9142    -0.0551      16.67 4.9502e-02 0.0000e+00    80.2031    4.52958    34.2753    34.2907    26.5181    1487.30    1487.69 0.0000e+00
       2229     77.000     9.1869     9.1857   3.666797   3.668213     1.9067 -9.990e-29      15.63 4.9544e-02 0.0000e+00    80.1092    4.49497    34.2835    34.2993    26.5274    1487.26    1487.68 0.0000e+00
