_data/ctd/2022603/sta0214.cnv
* Sea-Bird SBE 9 Data File:
* FileName = C:\Seabird\CTDData\sta0214.hex
* Software Version Seasave V 7.21f
* Temperature SN = 6264
* Conductivity SN = 4928
* Number of Bytes Per Scan = 40
* Number of Voltage Words = 5
* Number of Scans Averaged by the Deck Unit = 1
* NMEA Latitude = 61 28.34 N
* NMEA Longitude = 005 26.13 E
* NMEA UTC (Time) = Feb 16 2022 05:49:16
* NMEA baud rate = 4800
** Ship: R/V "Kristine Bonnevie"
** Station: 0214
** Echodepth: 254
** Log: 0931.208
** Wind-Dir/Force: 16 11
** Air-temp (dry): 3.3
** Weather Sky:
** Sea:
** FOFJ07
# nquan = 19                                
# nvalues = 249                         
# units = specified
# name 0 = scan: Scan Count
# name 1 = prDM: Pressure, Digiquartz [db]
# name 2 = t068C: Temperature [ITS-68, deg C]
# name 3 = t168C: Temperature, 2 [ITS-68, deg C]
# name 4 = c0S/m: Conductivity [S/m]
# name 5 = c1S/m: Conductivity, 2 [S/m]
# name 6 = sbeox0V: Oxygen raw, SBE 43 [V]
# name 7 = flECO-AFL: Fluorescence, WET Labs ECO-AFL/FL [mg/m^3]
# name 8 = altM: Altimeter [m]
# name 9 = par: PAR/Irradiance, Biospherical/Licor
# name 10 = spar: SPAR/Surface Irradiance
# name 11 = CStarTr0: Beam Transmission, WET Labs C-Star [%]
# name 12 = sbeox0ML/L: Oxygen, SBE 43 [ml/l], WS = 2
# name 13 = sal00: Salinity, Practical [PSU]
# name 14 = sal11: Salinity, Practical, 2 [PSU]
# name 15 = sigma-t00: Density [sigma-t, Kg/m^3 ]
# name 16 = svCM: Sound Velocity [Chen-Millero, m/s]
# name 17 = avgsvCM: Average Sound Velocity [Chen-Millero, m/s], minP = 1, minS = 5
# name 18 = flag: flag
# span 0 =        392,       6422       
# span 1 =      2.000,    250.000       
# span 2 =     6.9242,     9.1828       
# span 3 =     6.9359,     9.1810       
# span 4 =   3.098227,   3.662766       
# span 5 =   3.107082,   3.664255       
# span 6 =     2.0136,     2.4207       
# span 7 =    -0.1048,     0.1168       
# span 8 =       4.95,     100.07       
# span 9 = 4.9445e-02, 4.9744e-01       
# span 10 = 0.0000e+00, 0.0000e+00      
# span 11 =    79.3479,    81.1847      
# span 12 =    5.14468,    6.69895      
# span 13 =    30.3681,    34.9998      
# span 14 =    30.4537,    35.0169      
# span 15 =    23.7821,    27.2745      
# span 16 =    1472.60,    1486.75      
# span 17 =    1472.60,    1485.60      
# span 18 = 0.0000e+00, 0.0000e+00      
# interval = decibars: 1                
# start_time = Feb 16 2022 05:49:19 [System UTC, header]
# bad_flag = -9.990e-29
*END*
[from data line 77]
       2200     79.000     8.8915     8.8910   3.662422   3.663905     2.1739    -0.0725      98.80 4.9475e-02 0.0000e+00    81.1302    5.45498    34.5224    34.5385    26.7618    1486.50    1484.45 0.0000e+00
       2223     80.000     8.8675     8.8672   3.662010   3.663493     2.1714    -0.0703      98.80 4.9451e-02 0.0000e+00    81.1472    5.44667    34.5410    34.5568    26.7801    1486.45    1484.48 0.0000e+00
       2246     81.000     8.8508     8.8497   3.661805   3.663294     2.1694    -0.0695      98.80 4.9476e-02 0.0000e+00    81.1439    5.44279    34.5546    34.5713    26.7934    1486.43    1484.50 0.0000e+00
       2270     82.000     8.8168     8.8161   3.660843   3.662287     2.1675    -0.0621      98.80 4.9491e-02 0.0000e+00    81.1526    5.43967    34.5772    34.5930    26.8165    1486.34    1484.52 0.0000e+00
       2293     83.000     8.8031     8.8015   3.660517   3.661994     2.1649    -0.0703      98.80 4.9487e-02 0.0000e+00    81.1595    5.42793    34.5866    34.6037    26.8261    1486.32    1484.54 0.0000e+00
       2316     84.000     8.8022     8.8008   3.660541   3.662019     2.1620    -0.0731      98.80 4.9469e-02 0.0000e+00    81.1557    5.41973    34.5873    34.6042    26.8267    1486.33    1484.57 0.0000e+00
       2340     85.000     8.8010     8.7996   3.660558   3.662043     2.1597    -0.0689      98.80 4.9485e-02 0.0000e+00    81.1560    5.41613    34.5882    34.6052    26.8276    1486.35    1484.59 0.0000e+00
       2363     86.000     8.7957     8.7952   3.660435   3.661944     2.1572    -0.0674      98.80 4.9481e-02 0.0000e+00    81.1532    5.41263    34.5916    34.6079    26.8311    1486.35    1484.61 0.0000e+00
       2386     87.000     8.7892     8.7878   3.660242   3.661716     2.1555    -0.0699      98.80 4.9481e-02 0.0000e+00    81.1442    5.41172    34.5954    34.6123    26.8352    1486.35    1484.63 0.0000e+00
       2410     88.000     8.7834     8.7817   3.660081   3.661546     2.1536    -0.0711      98.80 4.9462e-02 0.0000e+00    81.1039    5.40819    34.5989    34.6160    26.8388    1486.35    1484.65 0.0000e+00
       2433     89.000     8.7651     8.7645   3.659416   3.660899     2.1523    -0.0656      98.80 4.9445e-02 0.0000e+00    81.1370    5.40722    34.6093    34.6255    26.8498    1486.31    1484.66 0.0000e+00
       2457     90.000     8.7524     8.7515   3.659027   3.660513     2.1505    -0.0705      98.80 4.9475e-02 0.0000e+00    81.1410    5.39922    34.6171    34.6337    26.8580    1486.29    1484.68 0.0000e+00
       2481     91.000     8.7393     8.7386   3.658572   3.660036     2.1484    -0.0977      98.80 4.9462e-02 0.0000e+00    81.1552    5.38970    34.6247    34.6408    26.8660    1486.26    1484.70 0.0000e+00
       2504     92.000     8.7204     8.7190   3.657889   3.659355     2.1457    -0.1008      98.80 4.9457e-02 0.0000e+00    81.1534    5.38447    34.6355    34.6523    26.8774    1486.22    1484.72 0.0000e+00
       2528     93.000     8.7162     8.7145   3.657769   3.659225     2.1436    -0.0717      98.80 4.9462e-02 0.0000e+00    81.1656    5.38275    34.6379    34.6549    26.8799    1486.23    1484.73 0.0000e+00
       2551     94.000     8.7085     8.7070   3.657571   3.659041     2.1417    -0.0673      98.80 4.9469e-02 0.0000e+00    81.1522    5.37854    34.6428    34.6598    26.8850    1486.22    1484.75 0.0000e+00
       2575     95.000     8.7029     8.7014   3.657366   3.658835     2.1398    -0.0621      98.80 4.9468e-02 0.0000e+00    81.1658    5.37422    34.6457    34.6626    26.8881    1486.22    1484.76 0.0000e+00
       2598     96.000     8.6938     8.6926   3.657016   3.658499     2.1381    -0.0744      98.80 4.9463e-02 0.0000e+00    81.1247    5.37186    34.6504    34.6672    26.8933    1486.21    1484.78 0.0000e+00
       2621     97.000     8.6897     8.6883   3.656850   3.658323     2.1366    -0.0868      98.80 4.9488e-02 0.0000e+00    81.1238    5.37228    34.6522    34.6691    26.8953    1486.21    1484.79 0.0000e+00
       2644     98.000     8.6751     8.6744   3.656418   3.657892     2.1355    -0.0707      98.80 4.9474e-02 0.0000e+00    81.1393    5.36958    34.6615    34.6777    26.9049    1486.19    1484.81 0.0000e+00
       2668     99.000     8.6600     8.6595   3.655799   3.657290     2.1339    -0.0716      98.80 4.9445e-02 0.0000e+00    81.1479    5.36392    34.6693    34.6855    26.9134    1486.16    1484.82 0.0000e+00
       2691    100.000     8.6506     8.6494   3.655371   3.656842     2.1321    -0.0589      98.80 4.9475e-02 0.0000e+00    81.1384    5.35957    34.6735    34.6902    26.9181    1486.14    1484.83 0.0000e+00
       2714    101.000     8.6454     8.6440   3.655111   3.656562     2.1305    -0.0868      98.80 4.9463e-02 0.0000e+00    81.0991    5.35829    34.6754    34.6921    26.9204    1486.14    1484.85 0.0000e+00
       2738    102.000     8.6357     8.6342   3.654634   3.656075     2.1294    -0.0778      98.80 4.9474e-02 0.0000e+00    81.1404    5.36041    34.6794    34.6961    26.9251    1486.13    1484.86 0.0000e+00
       2761    103.000     8.6271     8.6259   3.654305   3.655765     2.1281    -0.0726      98.80 4.9463e-02 0.0000e+00    81.1228    5.35263    34.6838    34.7005    26.9299    1486.12    1484.87 0.0000e+00
       2784    104.000     8.6163     8.6151   3.653783   3.655228     2.1266    -0.0637      98.80 4.9482e-02 0.0000e+00    81.1048    5.34724    34.6885    34.7049    26.9352    1486.10    1484.88 0.0000e+00
       2808    105.000     8.6079     8.6069   3.653468   3.654943     2.1246    -0.0775      98.80 4.9491e-02 0.0000e+00    81.1475    5.34093    34.6929    34.7095    26.9400    1486.09    1484.90 0.0000e+00
       2831    106.000     8.5979     8.5964   3.653119   3.654573     2.1229    -0.0899      98.80 4.9475e-02 0.0000e+00    81.1282    5.33732    34.6985    34.7154    26.9460    1486.08    1484.91 0.0000e+00
       2854    107.000     8.5899     8.5886   3.652754   3.654221     2.1208    -0.0613      98.80 4.9475e-02 0.0000e+00    81.1397    5.33045    34.7021    34.7189    26.9500    1486.07    1484.92 0.0000e+00
       2877    108.000     8.5788     8.5776   3.652326   3.653780     2.1191    -0.0647      98.80 4.9481e-02 0.0000e+00    81.1642    5.33280    34.7080    34.7245    26.9564    1486.05    1484.93 0.0000e+00
       2901    109.000     8.5717     8.5703   3.652094   3.653535     2.1179    -0.0683      98.80 4.9480e-02 0.0000e+00    81.1655    5.33528    34.7120    34.7286    26.9606    1486.04    1484.94 0.0000e+00
       2924    110.000     8.5586     8.5574   3.651519   3.652962     2.1172    -0.0700      98.80 4.9471e-02 0.0000e+00    81.1646    5.33189    34.7183    34.7348    26.9676    1486.02    1484.95 0.0000e+00
       2946    111.000     8.5463     8.5450   3.650926   3.652371     2.1155    -0.0708      98.80 4.9481e-02 0.0000e+00    81.1409    5.32826    34.7237    34.7402    26.9737    1486.00    1484.96 0.0000e+00
       2969    112.000     8.5271     8.5264   3.649988   3.651453     2.1149    -0.0674      98.80 4.9481e-02 0.0000e+00    81.1225    5.33457    34.7321    34.7483    26.9834    1485.95    1484.97 0.0000e+00
       2992    113.000     8.5198     8.5184   3.649601   3.651037     2.1140    -0.0703      98.80 4.9469e-02 0.0000e+00    81.0938    5.32992    34.7347    34.7513    26.9865    1485.94    1484.98 0.0000e+00
       3015    114.000     8.5132     8.5119   3.649233   3.650686     2.1127    -0.0647      98.80 4.9475e-02 0.0000e+00    81.1161    5.32473    34.7369    34.7535    26.9892    1485.94    1484.98 0.0000e+00
       3038    115.000     8.5050     8.5037   3.648806   3.650253     2.1116    -0.0681      98.80 4.9487e-02 0.0000e+00    81.1151    5.32650    34.7399    34.7565    26.9929    1485.93    1484.99 0.0000e+00
       3061    116.000     8.4967     8.4951   3.648360   3.649795     2.1109    -0.0679      46.45 4.9490e-02 0.0000e+00    81.0965    5.32636    34.7429    34.7597    26.9965    1485.92    1485.00 0.0000e+00
       3083    117.000     8.4901     8.4887   3.648063   3.649514     2.1099    -0.0708      78.95 4.9481e-02 0.0000e+00    81.1173    5.32215    34.7458    34.7625    26.9998    1485.91    1485.01 0.0000e+00
       3106    118.000     8.4875     8.4858   3.647997   3.649443     2.1088    -0.0717      98.97 4.9475e-02 0.0000e+00    81.0958    5.31662    34.7471    34.7642    27.0013    1485.92    1485.02 0.0000e+00
       3129    119.000     8.4790     8.4779   3.647601   3.649049     2.1074    -0.0681      98.80 4.9487e-02 0.0000e+00    81.0733    5.31315    34.7508    34.7673    27.0055    1485.91    1485.02 0.0000e+00
       3152    120.000     8.4650     8.4644   3.646909   3.648387     2.1061    -0.0661      98.80 4.9469e-02 0.0000e+00    81.0944    5.31108    34.7568    34.7731    27.0124    1485.88    1485.03 0.0000e+00
       3175    121.000     8.4558     8.4545   3.646296   3.647760     2.1046    -0.0680      98.80 4.9481e-02 0.0000e+00    81.1112    5.30849    34.7589    34.7757    27.0154    1485.87    1485.04 0.0000e+00
       3198    122.000     8.4540     8.4523   3.646293   3.647727     2.1034    -0.0674      98.80 4.9475e-02 0.0000e+00    81.0920    5.30517    34.7602    34.7771    27.0167    1485.88    1485.04 0.0000e+00
       3220    123.000     8.4535     8.4518   3.646320   3.647787     2.1022    -0.0696      98.80 4.9496e-02 0.0000e+00    81.0998    5.30812    34.7605    34.7777    27.0170    1485.89    1485.05 0.0000e+00
       3243    124.000     8.4510     8.4497   3.646255   3.647712     2.1016    -0.0668      98.80 4.9493e-02 0.0000e+00    81.1313    5.30612    34.7618    34.7785    27.0184    1485.90    1485.06 0.0000e+00
       3266    125.000     8.4344     8.4336   3.645415   3.646864     2.1008    -0.0717      98.80 4.9481e-02 0.0000e+00    81.1035    5.30565    34.7687    34.7849    27.0264    1485.87    1485.06 0.0000e+00
       3288    126.000     8.4193     8.4185   3.644496   3.645938     2.0999    -0.0744      98.80 4.9471e-02 0.0000e+00    81.1045    5.30385    34.7734    34.7895    27.0324    1485.83    1485.07 0.0000e+00
       3311    127.000     8.4131     8.4115   3.644186   3.645626     2.0987    -0.0684      98.80 4.9475e-02 0.0000e+00    81.0903    5.30212    34.7757    34.7926    27.0352    1485.83    1485.08 0.0000e+00
       3333    128.000     8.4108     8.4092   3.644096   3.645544     2.0981    -0.0690      98.80 4.9483e-02 0.0000e+00    81.0847    5.30121    34.7766    34.7935    27.0362    1485.84    1485.08 0.0000e+00
       3356    129.000     8.4093     8.4076   3.644076   3.645512     2.0970    -0.0651      98.80 4.9493e-02 0.0000e+00    81.1078    5.29607    34.7774    34.7943    27.0371    1485.85    1485.09 0.0000e+00
       3378    130.000     8.4031     8.4019   3.643912   3.645366     2.0959    -0.0673      98.80 4.9477e-02 0.0000e+00    81.0968    5.29112    34.7812    34.7979    27.0411    1485.85    1485.09 0.0000e+00
       3401    131.000     8.3968     8.3953   3.643507   3.644949     2.0945    -0.0665      98.80 4.9487e-02 0.0000e+00    81.1135    5.28969    34.7827    34.7995    27.0432    1485.84    1485.10 0.0000e+00
       3424    132.000     8.3890     8.3873   3.643076   3.644497     2.0936    -0.0975      98.80 4.9469e-02 0.0000e+00    81.1005    5.29052    34.7853    34.8021    27.0465    1485.83    1485.10 0.0000e+00
       3446    133.000     8.3834     8.3819   3.642858   3.644289     2.0923    -0.0772      98.80 4.9458e-02 0.0000e+00    81.1085    5.28413    34.7881    34.8048    27.0495    1485.83    1485.11 0.0000e+00
       3469    134.000     8.3717     8.3712   3.642329   3.643812     2.0912    -0.0690      98.80 4.9488e-02 0.0000e+00    81.0935    5.28358    34.7935    34.8098    27.0555    1485.81    1485.12 0.0000e+00
       3492    135.000     8.3683     8.3669   3.642233   3.643672     2.0900    -0.0871      98.80 4.9475e-02 0.0000e+00    81.0837    5.28131    34.7954    34.8121    27.0575    1485.82    1485.12 0.0000e+00
       3515    136.000     8.3672     8.3655   3.642261   3.643716     2.0890    -0.0789      98.80 4.9481e-02 0.0000e+00    81.0808    5.28057    34.7963    34.8134    27.0584    1485.83    1485.13 0.0000e+00
       3538    137.000     8.3667     8.3650   3.642330   3.643776     2.0880    -0.0655      59.70 4.9496e-02 0.0000e+00    81.1002    5.27771    34.7970    34.8141    27.0591    1485.85    1485.13 0.0000e+00
       3560    138.000     8.3659     8.3644   3.642324   3.643785     2.0873    -0.0661      65.98 4.9469e-02 0.0000e+00    81.0843    5.28024    34.7973    34.8143    27.0594    1485.86    1485.14 0.0000e+00
       3583    139.000     8.3613     8.3600   3.642148   3.643603     2.0867    -0.0672      98.83 4.9490e-02 0.0000e+00    81.0761    5.28145    34.7995    34.8162    27.0618    1485.86    1485.14 0.0000e+00
       3605    140.000     8.3579     8.3564   3.642097   3.643538     2.0866    -0.0670      81.01 4.9483e-02 0.0000e+00    81.0766    5.28441    34.8018    34.8186    27.0642    1485.87    1485.15 0.0000e+00
       3627    141.000     8.3550     8.3534   3.642040   3.643487     2.0862    -0.0638      46.52 4.9511e-02 0.0000e+00    81.0873    5.28187    34.8036    34.8206    27.0660    1485.88    1485.15 0.0000e+00
       3649    142.000     8.3531     8.3516   3.641962   3.643406     2.0857    -0.0669      98.76 4.9466e-02 0.0000e+00    81.0847    5.28118    34.8041    34.8210    27.0667    1485.89    1485.16 0.0000e+00
       3671    143.000     8.3532     8.3515   3.642033   3.643469     2.0855    -0.0654      98.80 4.9469e-02 0.0000e+00    81.0389    5.28359    34.8043    34.8213    27.0669    1485.90    1485.16 0.0000e+00
       3693    144.000     8.3530     8.3513   3.642069   3.643516     2.0855    -0.0720      28.56 4.9502e-02 0.0000e+00    81.0753    5.28569    34.8044    34.8215    27.0670    1485.92    1485.17 0.0000e+00
       3715    145.000     8.3511     8.3496   3.642011   3.643467     2.0851    -0.0716      98.03 4.9490e-02 0.0000e+00    81.0407    5.27969    34.8052    34.8222    27.0679    1485.93    1485.17 0.0000e+00
       3737    146.000     8.3482     8.3467   3.641913   3.643367     2.0844    -0.0945      98.80 4.9458e-02 0.0000e+00    81.0555    5.27794    34.8065    34.8235    27.0694    1485.94    1485.18 0.0000e+00
       3760    147.000     8.3452     8.3439   3.641840   3.643295     2.0840    -0.0755      37.10 4.9496e-02 0.0000e+00    81.0672    5.28035    34.8083    34.8250    27.0712    1485.94    1485.18 0.0000e+00
       3782    148.000     8.3397     8.3382   3.641705   3.643152     2.0836    -0.0899      90.43 4.9469e-02 0.0000e+00    81.0488    5.27939    34.8118    34.8287    27.0748    1485.94    1485.19 0.0000e+00
       3804    149.000     8.3380     8.3364   3.641682   3.643131     2.0832    -0.0840      98.73 4.9471e-02 0.0000e+00    81.0309    5.27910    34.8127    34.8297    27.0758    1485.95    1485.19 0.0000e+00
       3827    150.000     8.3358     8.3342   3.641663   3.643114     2.0829    -0.0705      62.35 4.9490e-02 0.0000e+00    81.0484    5.28119    34.8142    34.8313    27.0773    1485.96    1485.20 0.0000e+00
       3849    151.000     8.3333     8.3317   3.641655   3.643095     2.0827    -0.0768      72.33 4.9464e-02 0.0000e+00    81.0230    5.28044    34.8161    34.8331    27.0792    1485.97    1485.20 0.0000e+00
       3871    152.000     8.3305     8.3290   3.641621   3.643053     2.0823    -0.0968      98.70 4.9463e-02 0.0000e+00    81.0180    5.27906    34.8181    34.8348    27.0811    1485.98    1485.21 0.0000e+00
       3893    153.000     8.3251     8.3235   3.641495   3.642924     2.0819    -0.0954      81.97 4.9472e-02 0.0000e+00    81.0258    5.27910    34.8216    34.8384    27.0847    1485.98    1485.21 0.0000e+00
