_data/ctd/2022603/sta0208.cnv
* Sea-Bird SBE 9 Data File:
* FileName = C:\Seabird\CTDData\sta0208.hex
* Software Version Seasave V 7.21f
* Temperature SN = 6264
* Conductivity SN = 4928
* Number of Bytes Per Scan = 40
* Number of Voltage Words = 5
* Number of Scans Averaged by the Deck Unit = 1
* NMEA Latitude = 61 27.54 N
* NMEA Longitude = 005 27.69 E
* NMEA UTC (Time) = Feb 15 2022 23:35:45
* NMEA baud rate = 4800
** Ship: R/V "Kristine Bonnevie"
** Station: 0208
** Echodepth: 287
** Log: 0907.956
** Wind-Dir/Force: 14 05
** Air-temp (dry): 3.0
** Weather Sky:
** Sea:
# nquan = 19                                
# nvalues = 280                         
# units = specified
# name 0 = scan: Scan Count
# name 1 = prDM: Pressure, Digiquartz [db]
# name 2 = t068C: Temperature [ITS-68, deg C]
# name 3 = t168C: Temperature, 2 [ITS-68, deg C]
# name 4 = c0S/m: Conductivity [S/m]
# name 5 = c1S/m: Conductivity, 2 [S/m]
# name 6 = sbeox0V: Oxygen raw, SBE 43 [V]
# name 7 = flECO-AFL: Fluorescence, WET Labs ECO-AFL/FL [mg/m^3]
# name 8 = altM: Altimeter [m]
# name 9 = par: PAR/Irradiance, Biospherical/Licor
# name 10 = spar: SPAR/Surface Irradiance
# name 11 = CStarTr0: Beam Transmission, WET Labs C-Star [%]
# name 12 = sbeox0ML/L: Oxygen, SBE 43 [ml/l], WS = 2
# name 13 = sal00: Salinity, Practical [PSU]
# name 14 = sal11: Salinity, Practical, 2 [PSU]
# name 15 = sigma-t00: Density [sigma-t, Kg/m^3 ]
# name 16 = svCM: Sound Velocity [Chen-Millero, m/s]
# name 17 = avgsvCM: Average Sound Velocity [Chen-Millero, m/s], minP = 1, minS = 5
# name 18 = flag: flag
# span 0 =        647,       6596       
# span 1 =      8.000,    287.000       
# span 2 =     7.6681,     9.6043       
# span 3 =     7.6719,     9.6104       
# span 4 =   3.285216,   3.647294       
# span 5 =   3.289256,   3.648771       
# span 6 =     1.7824,     2.3794       
# span 7 =    -0.0794,     0.0095       
# span 8 =       8.13,     105.30       
# span 9 = 4.9439e-02, 6.9868e-02       
# span 10 = 0.0000e+00, 0.0000e+00      
# span 11 =    79.9589,    81.4204      
# span 12 =    4.27195,    6.38282      
# span 13 =    31.7114,    34.7435      
# span 14 =    31.7512,    34.7604      
# span 15 =    24.7391,    27.0188      
# span 16 =    1477.26,    1488.21      
# span 17 =    1477.26,    1485.83      
# span 18 = 0.0000e+00, 0.0000e+00      
# interval = decibars: 1                
# start_time = Feb 15 2022 23:35:47 [System UTC, header]
# bad_flag = -9.990e-29
*END*
[from data line 153]
       3831    161.000     8.3257     8.3240   3.632515   3.633927     1.7851 -9.990e-29      90.77 4.9488e-02 0.0000e+00    81.2049    4.30282    34.7216    34.7383    27.0061    1485.99    1484.85 0.0000e+00
       3851    162.000     8.3258     8.3241   3.632565   3.633981     1.7851 -9.990e-29      64.63 4.9495e-02 0.0000e+00    81.2049    4.29975    34.7215    34.7383    27.0061    1486.01    1484.85 0.0000e+00
       3871    163.000     8.3259     8.3242   3.632621   3.634045     1.7848 -9.990e-29      87.73 4.9501e-02 0.0000e+00    81.2177    4.29970    34.7215    34.7384    27.0061    1486.03    1484.86 0.0000e+00
       3891    164.000     8.3260     8.3243   3.632678   3.634104     1.7845 -9.990e-29      83.14 4.9508e-02 0.0000e+00    81.1893    4.30379    34.7216    34.7384    27.0061    1486.04    1484.87 0.0000e+00
       3911    165.000     8.3261     8.3243   3.632742   3.634159     1.7849 -9.990e-29      98.49 4.9505e-02 0.0000e+00    81.1892    4.30389    34.7217    34.7385    27.0062    1486.06    1484.88 0.0000e+00
       3931    166.000     8.3262     8.3244   3.632790   3.634213     1.7847 -9.990e-29      59.42 4.9487e-02 0.0000e+00    81.1851    4.29927    34.7216    34.7385    27.0061    1486.08    1484.88 0.0000e+00
       3951    167.000     8.3263     8.3245   3.632859   3.634276     1.7843 -9.990e-29      40.51 4.9495e-02 0.0000e+00    81.1935    4.30013    34.7218    34.7386    27.0062    1486.09    1484.89 0.0000e+00
       3971    168.000     8.3263     8.3246   3.632919   3.634332     1.7841 -9.990e-29      73.97 4.9509e-02 0.0000e+00    81.1891    4.29847    34.7219    34.7386    27.0063    1486.11    1484.90 0.0000e+00
       3991    169.000     8.3264     8.3247   3.632974   3.634395     1.7838 -9.990e-29      61.37 4.9501e-02 0.0000e+00    81.1943    4.29820    34.7219    34.7387    27.0063    1486.13    1484.90 0.0000e+00
       4011    170.000     8.3265     8.3247   3.633028   3.634449     1.7835 -9.990e-29      65.09 4.9516e-02 0.0000e+00    81.1914    4.29689    34.7219    34.7388    27.0063    1486.14    1484.91 0.0000e+00
       4031    171.000     8.3266     8.3248   3.633106   3.634515     1.7829 -9.990e-29      73.71 4.9505e-02 0.0000e+00    81.1842    4.29452    34.7222    34.7389    27.0065    1486.16    1484.92 0.0000e+00
       4051    172.000     8.3265     8.3248   3.633218   3.634634     1.7826 -9.990e-29      58.21 4.9481e-02 0.0000e+00    81.1815    4.29828    34.7230    34.7397    27.0071    1486.18    1484.93 0.0000e+00
       4071    173.000     8.3265     8.3247   3.633313   3.634738     1.7827 -9.990e-29      50.52 4.9498e-02 0.0000e+00    81.1666    4.30046    34.7235    34.7405    27.0076    1486.20    1484.93 0.0000e+00
       4091    174.000     8.3265     8.3247   3.633380   3.634793     1.7826 -9.990e-29      49.04 4.9465e-02 0.0000e+00    81.1627    4.30055    34.7238    34.7406    27.0077    1486.21    1484.94 0.0000e+00
       4111    175.000     8.3267     8.3249   3.633459   3.634875     1.7827 -9.990e-29      97.41 4.9528e-02 0.0000e+00    81.1275    4.30341    34.7239    34.7408    27.0078    1486.23    1484.95 0.0000e+00
       4131    176.000     8.3268     8.3250   3.633507   3.634931     1.7829 -9.990e-29      29.61 4.9495e-02 0.0000e+00    81.1682    4.30442    34.7239    34.7408    27.0078    1486.25    1484.96 0.0000e+00
       4151    177.000     8.3269     8.3252   3.633569   3.634986     1.7830 -9.990e-29      91.88 4.9481e-02 0.0000e+00    81.1555    4.30448    34.7239    34.7407    27.0078    1486.26    1484.96 0.0000e+00
       4171    178.000     8.3270     8.3252   3.633622   3.635049     1.7830 -9.990e-29      66.06 4.9508e-02 0.0000e+00    81.1684    4.30728    34.7239    34.7409    27.0078    1486.28    1484.97 0.0000e+00
       4191    179.000     8.3271     8.3253   3.633695   3.635111     1.7832 -9.990e-29      57.60 4.9502e-02 0.0000e+00    81.1381    4.30796    34.7241    34.7410    27.0079    1486.30    1484.98 0.0000e+00
       4211    180.000     8.3271     8.3253   3.633749   3.635168     1.7835 -9.990e-29      67.75 4.9522e-02 0.0000e+00    81.1611    4.30833    34.7242    34.7411    27.0080    1486.31    1484.99 0.0000e+00
       4231    181.000     8.3271     8.3253   3.633808   3.635230     1.7834 -9.990e-29      48.81 4.9488e-02 0.0000e+00    81.1227    4.30743    34.7244    34.7413    27.0081    1486.33    1484.99 0.0000e+00
       4251    182.000     8.3273     8.3256   3.633875   3.635303     1.7835 -9.990e-29      94.62 4.9488e-02 0.0000e+00    81.1435    4.30898    34.7244    34.7413    27.0081    1486.35    1485.00 0.0000e+00
       4272    183.000     8.3275     8.3257   3.633935   3.635358     1.7836 -9.990e-29      30.67 4.9502e-02 0.0000e+00    81.1390    4.31040    34.7244    34.7413    27.0081    1486.37    1485.01 0.0000e+00
       4292    184.000     8.3276     8.3259   3.633998   3.635417     1.7839 -9.990e-29      87.46 4.9499e-02 0.0000e+00    81.1337    4.30982    34.7245    34.7412    27.0081    1486.38    1485.01 0.0000e+00
       4312    185.000     8.3276     8.3259   3.634050   3.635473     1.7833 -9.990e-29      43.10 4.9474e-02 0.0000e+00    81.1440    4.30394    34.7245    34.7414    27.0082    1486.40    1485.02 0.0000e+00
       4332    186.000     8.3277     8.3259   3.634096   3.635521     1.7830 -9.990e-29      98.30 4.9508e-02 0.0000e+00    81.1116    4.30567    34.7245    34.7414    27.0081    1486.42    1485.03 0.0000e+00
       4352    187.000     8.3279     8.3262   3.634214   3.635650     1.7830 -9.990e-29      49.17 4.9495e-02 0.0000e+00    81.1459    4.30850    34.7250    34.7420    27.0085    1486.43    1485.04 0.0000e+00
       4373    188.000     8.3281     8.3264   3.634296   3.635745     1.7828 -9.990e-29      94.53 4.9523e-02 0.0000e+00    81.1383    4.30638    34.7252    34.7423    27.0087    1486.45    1485.04 0.0000e+00
       4393    189.000     8.3282     8.3265   3.634356   3.635781     1.7825 -9.990e-29      70.29 4.9487e-02 0.0000e+00    81.1278    4.30685    34.7253    34.7421    27.0087    1486.47    1485.05 0.0000e+00
       4413    190.000     8.3283     8.3266   3.634429   3.635862     1.7825 -9.990e-29      85.52 4.9485e-02 0.0000e+00    81.1125    4.30818    34.7255    34.7424    27.0088    1486.48    1485.06 0.0000e+00
       4433    191.000     8.3285     8.3268   3.634501   3.635930     1.7824 -9.990e-29      66.01 4.9474e-02 0.0000e+00    81.1182    4.31054    34.7256    34.7425    27.0089    1486.50    1485.07 0.0000e+00
       4453    192.000     8.3287     8.3269   3.634559   3.635987     1.7826 -9.990e-29      81.91 4.9494e-02 0.0000e+00    81.1182    4.31171    34.7255    34.7425    27.0088    1486.52    1485.07 0.0000e+00
       4473    193.000     8.3288     8.3271   3.634620   3.636060     1.7828 -9.990e-29      92.12 4.9515e-02 0.0000e+00    81.0912    4.31431    34.7256    34.7426    27.0088    1486.54    1485.08 0.0000e+00
       4494    194.000     8.3291     8.3273   3.634721   3.636139     1.7829 -9.990e-29      77.28 4.9512e-02 0.0000e+00    81.1059    4.31188    34.7259    34.7428    27.0090    1486.55    1485.09 0.0000e+00
       4514    195.000     8.3293     8.3275   3.634805   3.636237     1.7827 -9.990e-29      92.80 4.9488e-02 0.0000e+00    81.1015    4.31028    34.7261    34.7431    27.0092    1486.57    1485.10 0.0000e+00
       4534    196.000     8.3295     8.3277   3.634887   3.636307     1.7826 -9.990e-29      87.27 4.9495e-02 0.0000e+00    81.1096    4.31361    34.7263    34.7432    27.0093    1486.59    1485.11 0.0000e+00
       4555    197.000     8.3297     8.3279   3.634955   3.636381     1.7828 -9.990e-29      98.28 4.9512e-02 0.0000e+00    81.0981    4.31349    34.7264    34.7433    27.0093    1486.61    1485.11 0.0000e+00
       4575    198.000     8.3298     8.3280   3.635020   3.636436     1.7825 -9.990e-29      86.98 4.9475e-02 0.0000e+00    81.0817    4.31316    34.7265    34.7433    27.0094    1486.62    1485.12 0.0000e+00
       4595    199.000     8.3298     8.3280   3.635045   3.636473     1.7829    -0.0558      98.62 4.9487e-02 0.0000e+00    81.0676    4.31713    34.7263    34.7432    27.0092    1486.64    1485.13 0.0000e+00
       4615    200.000     8.3299     8.3281   3.635101   3.636526     1.7827    -0.0669      94.88 4.9515e-02 0.0000e+00    81.0590    4.31492    34.7263    34.7432    27.0092    1486.66    1485.14 0.0000e+00
       4636    201.000     8.3300     8.3282   3.635156   3.636585     1.7826    -0.0711      50.98 4.9480e-02 0.0000e+00    81.0820    4.31410    34.7263    34.7433    27.0092    1486.67    1485.14 0.0000e+00
       4656    202.000     8.3301     8.3284   3.635238   3.636650     1.7828    -0.0629      70.63 4.9495e-02 0.0000e+00    81.0706    4.31721    34.7266    34.7433    27.0094    1486.69    1485.15 0.0000e+00
       4676    203.000     8.3304     8.3286   3.635319   3.636737     1.7828    -0.0558      64.84 4.9505e-02 0.0000e+00    81.0784    4.31636    34.7267    34.7435    27.0094    1486.71    1485.16 0.0000e+00
       4696    204.000     8.3305     8.3289   3.635383   3.636819     1.7825    -0.0514      62.41 4.9502e-02 0.0000e+00    81.0953    4.31559    34.7268    34.7436    27.0095    1486.72    1485.17 0.0000e+00
       4717    205.000     8.3309     8.3292   3.635484   3.636918     1.7826 -9.990e-29      86.54 4.9479e-02 0.0000e+00    81.0640    4.31693    34.7270    34.7439    27.0096    1486.74    1485.17 0.0000e+00
       4737    206.000     8.3312     8.3294   3.635577   3.637005     1.7825 -9.990e-29      84.56 4.9488e-02 0.0000e+00    80.8816    4.31755    34.7272    34.7442    27.0097    1486.76    1485.18 0.0000e+00
       4758    207.000     8.3314     8.3295   3.635627   3.637057     1.7825 -9.990e-29      32.79 4.9474e-02 0.0000e+00    81.0811    4.31680    34.7271    34.7442    27.0096    1486.78    1485.19 0.0000e+00
       4778    208.000     8.3315     8.3297   3.635708   3.637116     1.7824 -9.990e-29      41.25 4.9492e-02 0.0000e+00    81.0803    4.32006    34.7274    34.7441    27.0098    1486.79    1485.20 0.0000e+00
       4799    209.000     8.3318     8.3299   3.635773   3.637200     1.7825 -9.990e-29      88.49 4.9532e-02 0.0000e+00    81.0633    4.32130    34.7273    34.7443    27.0097    1486.81    1485.20 0.0000e+00
       4820    210.000     8.3319     8.3301   3.635858   3.637280     1.7829 -9.990e-29      41.32 4.9501e-02 0.0000e+00    81.0398    4.32734    34.7276    34.7445    27.0099    1486.83    1485.21 0.0000e+00
       4840    211.000     8.3321     8.3303   3.635923   3.637341     1.7834 -9.990e-29      77.51 4.9479e-02 0.0000e+00    81.0495    4.32730    34.7276    34.7445    27.0099    1486.85    1485.22 0.0000e+00
       4861    212.000     8.3323     8.3305   3.636003   3.637431     1.7836 -9.990e-29      57.53 4.9498e-02 0.0000e+00    81.0480    4.32436    34.7278    34.7448    27.0100    1486.86    1485.23 0.0000e+00
       4881    213.000     8.3325     8.3307   3.636059   3.637491     1.7835 -9.990e-29      64.80 4.9481e-02 0.0000e+00    81.0552    4.32717    34.7277    34.7447    27.0099    1486.88    1485.24 0.0000e+00
       4902    214.000     8.3325     8.3309   3.636120   3.637548     1.7839 -9.990e-29      18.32 4.9518e-02 0.0000e+00    81.0445    4.33017    34.7279    34.7447    27.0101    1486.90    1485.24 0.0000e+00
       4922    215.000     8.3327     8.3310   3.636175   3.637612     1.7842 -9.990e-29      57.66 4.9515e-02 0.0000e+00    81.0665    4.32916    34.7278    34.7448    27.0100    1486.92    1485.25 0.0000e+00
       4942    216.000     8.3329     8.3313   3.636261   3.637693     1.7840 -9.990e-29      68.14 4.9502e-02 0.0000e+00    81.0505    4.32500    34.7280    34.7448    27.0101    1486.93    1485.26 0.0000e+00
       4963    217.000     8.3333     8.3315   3.636363   3.637789     1.7837 -9.990e-29      23.22 4.9481e-02 0.0000e+00    81.0334    4.32411    34.7283    34.7452    27.0102    1486.95    1485.27 0.0000e+00
       4983    218.000     8.3335     8.3318   3.636451   3.637882     1.7835 -9.990e-29      57.74 4.9488e-02 0.0000e+00    81.0385    4.32506    34.7285    34.7454    27.0104    1486.97    1485.27 0.0000e+00
       5003    219.000     8.3337     8.3321   3.636532   3.637948     1.7833 -9.990e-29      50.59 4.9499e-02 0.0000e+00    81.0372    4.32815    34.7287    34.7453    27.0105    1486.99    1485.28 0.0000e+00
       5023    220.000     8.3339     8.3322   3.636592   3.638017     1.7836 -9.990e-29      73.84 4.9508e-02 0.0000e+00    81.0138    4.32693    34.7287    34.7455    27.0105    1487.00    1485.29 0.0000e+00
       5044    221.000     8.3342     8.3325   3.636687   3.638114     1.7833 -9.990e-29      73.34 4.9494e-02 0.0000e+00    80.9940    4.32812    34.7289    34.7458    27.0106    1487.02    1485.30 0.0000e+00
       5064    222.000     8.3346     8.3329   3.636807   3.638228     1.7835 -9.990e-29      72.39 4.9492e-02 0.0000e+00    81.0139    4.33153    34.7293    34.7461    27.0109    1487.04    1485.31 0.0000e+00
       5084    223.000     8.3351     8.3333   3.636919   3.638340     1.7836 -9.990e-29      71.77 4.9529e-02 0.0000e+00    80.9964    4.33016    34.7295    34.7464    27.0110    1487.06    1485.31 0.0000e+00
       5105    224.000     8.3352     8.3334   3.636969   3.638382     1.7835 -9.990e-29      70.56 4.9505e-02 0.0000e+00    80.9968    4.33154    34.7295    34.7463    27.0109    1487.07    1485.32 0.0000e+00
       5125    225.000     8.3358     8.3340   3.637120   3.638543     1.7837 -9.990e-29      69.05 4.9488e-02 0.0000e+00    80.9898    4.33270    34.7300    34.7469    27.0112    1487.09    1485.33 0.0000e+00
       5146    226.000     8.3361     8.3343   3.637209   3.638636     1.7837 -9.990e-29      68.46 4.9495e-02 0.0000e+00    80.9849    4.33297    34.7302    34.7471    27.0113    1487.11    1485.34 0.0000e+00
       5166    227.000     8.3363     8.3346   3.637285   3.638731     1.7838 -9.990e-29      67.52 4.9495e-02 0.0000e+00    80.9630    4.33430    34.7303    34.7474    27.0114    1487.13    1485.35 0.0000e+00
       5186    228.000     8.3365     8.3349   3.637357   3.638792     1.7840 -9.990e-29      29.49 4.9492e-02 0.0000e+00    80.9445    4.33813    34.7304    34.7473    27.0114    1487.15    1485.35 0.0000e+00
       5206    229.000     8.3374     8.3357   3.637550   3.638995     1.7845 -9.990e-29      34.95 4.9481e-02 0.0000e+00    80.9215    4.34129    34.7311    34.7482    27.0118    1487.17    1485.36 0.0000e+00
       5226    230.000     8.3381     8.3363   3.637698   3.639124     1.7846 -9.990e-29      63.27 4.9494e-02 0.0000e+00    80.9144    4.33989    34.7315    34.7485    27.0121    1487.19    1485.37 0.0000e+00
       5246    231.000     8.3382     8.3365   3.637756   3.639185     1.7849 -9.990e-29      58.44 4.9481e-02 0.0000e+00    80.8845    4.33912    34.7316    34.7484    27.0121    1487.20    1485.38 0.0000e+00
       5266    232.000     8.3386     8.3368   3.637881   3.639283     1.7847 -9.990e-29      33.53 4.9495e-02 0.0000e+00    80.8665    4.33781    34.7320    34.7487    27.0124    1487.22    1485.38 0.0000e+00
       5287    233.000     8.3392     8.3375   3.638014   3.639458     1.7848 -9.990e-29      61.13 4.9481e-02 0.0000e+00    80.8560    4.34220    34.7324    34.7494    27.0126    1487.24    1485.39 0.0000e+00
       5306    234.000     8.3398     8.3380   3.638158   3.639586     1.7852 -9.990e-29      60.59 4.9488e-02 0.0000e+00    80.8231    4.34549    34.7328    34.7498    27.0128    1487.26    1485.40 0.0000e+00
       5326    235.000     8.3403     8.3387   3.638301   3.639735     1.7856 -9.990e-29      59.66 4.9474e-02 0.0000e+00    80.8008    4.34758    34.7334    34.7502    27.0132    1487.28    1485.41 0.0000e+00
