_data/ctd/2022603/sta0219.cnv
* Sea-Bird SBE 9 Data File:
* FileName = C:\Seabird\CTDData\sta0219.hex
* Software Version Seasave V 7.21f
* Temperature SN = 6264
* Conductivity SN = 4928
* Number of Bytes Per Scan = 40
* Number of Voltage Words = 5
* Number of Scans Averaged by the Deck Unit = 1
* NMEA Latitude = 61 34.16 N
* NMEA Longitude = 004 58.64 E
* NMEA UTC (Time) = Feb 16 2022 13:04:27
* NMEA baud rate = 4800
** Ship: R/V "Kristine Bonnevie"
** Station: 0219
** Echodepth: 543
** Log: 0963.203
** Wind-Dir/Force: 16 15
** Air-temp (dry): 4.4
** Weather Sky:
** Sea:
# nquan = 19                                
# nvalues = 541                         
# units = specified
# name 0 = scan: Scan Count
# name 1 = prDM: Pressure, Digiquartz [db]
# name 2 = t068C: Temperature [ITS-68, deg C]
# name 3 = t168C: Temperature, 2 [ITS-68, deg C]
# name 4 = c0S/m: Conductivity [S/m]
# name 5 = c1S/m: Conductivity, 2 [S/m]
# name 6 = sbeox0V: Oxygen raw, SBE 43 [V]
# name 7 = flECO-AFL: Fluorescence, WET Labs ECO-AFL/FL [mg/m^3]
# name 8 = altM: Altimeter [m]
# name 9 = par: PAR/Irradiance, Biospherical/Licor
# name 10 = spar: SPAR/Surface Irradiance
# name 11 = CStarTr0: Beam Transmission, WET Labs C-Star [%]
# name 12 = sbeox0ML/L: Oxygen, SBE 43 [ml/l], WS = 2
# name 13 = sal00: Salinity, Practical [PSU]
# name 14 = sal11: Salinity, Practical, 2 [PSU]
# name 15 = sigma-t00: Density [sigma-t, Kg/m^3 ]
# name 16 = svCM: Sound Velocity [Chen-Millero, m/s]
# name 17 = avgsvCM: Average Sound Velocity [Chen-Millero, m/s], minP = 1, minS = 5
# name 18 = flag: flag
# span 0 =         16,      11899       
# span 1 =      2.000,    542.000       
# span 2 =     5.6043,     8.5465       
# span 3 =     5.6165,     8.5446       
# span 4 =   2.909939,   3.666746       
# span 5 =   2.912589,   3.668172       
# span 6 =     1.9827,     2.4959       
# span 7 =    -0.0944,     0.1997       
# span 8 =       4.96,      99.49       
# span 9 = 4.9438e-02, 5.2632e+01       
# span 10 = 9.5936e+01, 1.2392e+02      
# span 11 =    78.5992,    80.8877      
# span 12 =    5.24339,    7.05659      
# span 13 =    29.4570,    35.0461      
# span 14 =    29.4760,    35.0627      
# span 15 =    23.2201,    27.3279      
# span 16 =    1466.18,    1491.01      
# span 17 =    1466.18,    1486.37      
# span 18 = 0.0000e+00, 0.0000e+00      
# interval = decibars: 1                
# start_time = Feb 16 2022 13:04:30 [System UTC, header]
# bad_flag = -9.990e-29
*END*
[from data line 458]
      10083    460.000     7.8823     7.8808   3.634733   3.636136     2.0011 -9.990e-29      98.80 4.9505e-02 1.2392e+02    79.2318    5.26413    35.0426    35.0591    27.3253    1489.65    1485.67 0.0000e+00
      10105    461.000     7.8823     7.8808   3.634789   3.636180     2.0011    -0.0615      98.80 4.9493e-02 1.2392e+02    79.1713    5.26006    35.0427    35.0591    27.3253    1489.66    1485.68 0.0000e+00
      10128    462.000     7.8823     7.8809   3.634841   3.636231     2.0006    -0.0732      98.80 4.9463e-02 1.2392e+02    79.2155    5.26032    35.0428    35.0591    27.3254    1489.68    1485.69 0.0000e+00
      10151    463.000     7.8824     7.8810   3.634894   3.636288     2.0005    -0.0795      98.80 4.9490e-02 1.2273e+02    79.1657    5.26329    35.0428    35.0591    27.3254    1489.70    1485.70 0.0000e+00
      10172    464.000     7.8825     7.8811   3.634950   3.636337     2.0005    -0.0582      98.80 4.9496e-02 1.2228e+02    79.1195    5.26265    35.0428    35.0591    27.3254    1489.71    1485.71 0.0000e+00
      10195    465.000     7.8825     7.8811   3.635003   3.636385     2.0001    -0.0581      98.80 4.9481e-02 1.2212e+02    79.2347    5.25989    35.0429    35.0591    27.3255    1489.73    1485.71 0.0000e+00
      10219    466.000     7.8826     7.8812   3.635047   3.636448     2.0000 -9.990e-29      98.80 4.9474e-02 1.2192e+02    79.2357    5.26133    35.0428    35.0592    27.3254    1489.75    1485.72 0.0000e+00
      10243    467.000     7.8827     7.8813   3.635104   3.636504     1.9996 -9.990e-29      98.80 4.9497e-02 1.2192e+02    79.2056    5.26275    35.0428    35.0592    27.3254    1489.76    1485.73 0.0000e+00
      10266    468.000     7.8829     7.8814   3.635163   3.636565     2.0000 -9.990e-29      98.80 4.9470e-02 1.2192e+02    79.2146    5.26691    35.0428    35.0593    27.3253    1489.78    1485.74 0.0000e+00
      10287    469.000     7.8830     7.8815   3.635220   3.636610     1.9999 -9.990e-29      98.80 4.9492e-02 1.2192e+02    79.2245    5.26583    35.0428    35.0592    27.3253    1489.80    1485.75 0.0000e+00
      10308    470.000     7.8830     7.8815   3.635265   3.636661     1.9999 -9.990e-29      98.80 4.9485e-02 1.2192e+02    79.2327    5.26130    35.0428    35.0593    27.3253    1489.81    1485.76 0.0000e+00
      10330    471.000     7.8831     7.8816   3.635317   3.636720     1.9992 -9.990e-29      98.80 4.9462e-02 1.2192e+02    79.2192    5.25887    35.0428    35.0594    27.3253    1489.83    1485.77 0.0000e+00
      10355    472.000     7.8832     7.8817   3.635378   3.636769     1.9991 -9.990e-29      98.80 4.9467e-02 1.2192e+02    79.2732    5.26426    35.0429    35.0593    27.3254    1489.85    1485.77 0.0000e+00
      10379    473.000     7.8834     7.8819   3.635431   3.636832     1.9989 -9.990e-29      98.80 4.9471e-02 1.2192e+02    79.2545    5.26337    35.0428    35.0593    27.3252    1489.86    1485.78 0.0000e+00
      10400    474.000     7.8833     7.8819   3.635487   3.636877     1.9989 -9.990e-29      98.80 4.9474e-02 1.2192e+02    79.2518    5.26395    35.0430    35.0593    27.3254    1489.88    1485.79 0.0000e+00
      10419    475.000     7.8834     7.8819   3.635543   3.636939     1.9987 -9.990e-29      98.80 4.9490e-02 1.2192e+02    79.2463    5.25963    35.0430    35.0595    27.3254    1489.90    1485.80 0.0000e+00
      10439    476.000     7.8835     7.8819   3.635594   3.636996     1.9983 -9.990e-29      98.80 4.9502e-02 1.2192e+02    79.2556    5.25694    35.0430    35.0596    27.3254    1489.91    1485.81 0.0000e+00
      10459    477.000     7.8834     7.8819   3.635632   3.637039     1.9976 -9.990e-29      98.80 4.9483e-02 1.2192e+02    79.2363    5.25972    35.0430    35.0596    27.3254    1489.93    1485.82 0.0000e+00
      10481    478.000     7.8834     7.8818   3.635677   3.637077     1.9979 -9.990e-29      98.80 4.9483e-02 1.2192e+02    79.2830    5.26580    35.0430    35.0596    27.3254    1489.95    1485.83 0.0000e+00
      10504    479.000     7.8834     7.8819   3.635735   3.637134     1.9978 -9.990e-29      98.80 4.9458e-02 1.2183e+02    79.2620    5.26572    35.0432    35.0597    27.3256    1489.96    1485.83 0.0000e+00
      10526    480.000     7.8834     7.8819   3.635786   3.637185     1.9979 -9.990e-29      98.80 4.9490e-02 1.2092e+02    79.2693    5.26512    35.0432    35.0598    27.3256    1489.98    1485.84 0.0000e+00
      10547    481.000     7.8835     7.8820   3.635828   3.637224     1.9977 -9.990e-29      98.80 4.9492e-02 1.2113e+02    79.3004    5.26493    35.0431    35.0596    27.3255    1490.00    1485.85 0.0000e+00
      10568    482.000     7.8836     7.8821   3.635898   3.637304     1.9976 -9.990e-29      98.80 4.9502e-02 1.2005e+02    79.3297    5.26264    35.0433    35.0599    27.3256    1490.01    1485.86 0.0000e+00
      10591    483.000     7.8836     7.8821   3.635947   3.637353     1.9973 -9.990e-29      98.80 4.9503e-02 1.1992e+02    79.3187    5.26594    35.0433    35.0599    27.3257    1490.03    1485.87 0.0000e+00
      10616    484.000     7.8837     7.8823   3.636008   3.637406     1.9973 -9.990e-29      98.80 4.9478e-02 1.1992e+02    79.3429    5.26369    35.0434    35.0598    27.3257    1490.05    1485.88 0.0000e+00
      10641    485.000     7.8839     7.8825   3.636082   3.637488     1.9973 -9.990e-29      98.80 4.9491e-02 1.1992e+02    79.3669    5.26908    35.0435    35.0600    27.3258    1490.07    1485.89 0.0000e+00
      10663    486.000     7.8839     7.8825   3.636137   3.637537     1.9974 -9.990e-29      98.80 4.9477e-02 1.1992e+02    79.3295    5.26673    35.0436    35.0601    27.3259    1490.08    1485.90 0.0000e+00
      10685    487.000     7.8841     7.8826   3.636193   3.637583     1.9972 -9.990e-29      98.80 4.9518e-02 1.1992e+02    79.3480    5.26362    35.0436    35.0600    27.3258    1490.10    1485.90 0.0000e+00
      10706    488.000     7.8842     7.8827   3.636254   3.637642     1.9966 -9.990e-29      98.80 4.9499e-02 1.1992e+02    79.3374    5.26301    35.0436    35.0601    27.3258    1490.12    1485.91 0.0000e+00
      10726    489.000     7.8844     7.8829   3.636307   3.637703     1.9967 -9.990e-29      98.80 4.9488e-02 1.1992e+02    79.2974    5.26820    35.0435    35.0600    27.3257    1490.13    1485.92 0.0000e+00
      10747    490.000     7.8844     7.8830   3.636368   3.637768     1.9967 -9.990e-29      98.80 4.9495e-02 1.1992e+02    79.3204    5.26678    35.0437    35.0602    27.3258    1490.15    1485.93 0.0000e+00
      10767    491.000     7.8847     7.8831   3.636427   3.637832     1.9965 -9.990e-29      98.80 4.9485e-02 1.1992e+02    79.3145    5.26852    35.0436    35.0603    27.3257    1490.17    1485.94 0.0000e+00
      10789    492.000     7.8847     7.8833   3.636487   3.637885     1.9966 -9.990e-29      98.80 4.9509e-02 1.1985e+02    79.3115    5.26616    35.0437    35.0602    27.3258    1490.18    1485.95 0.0000e+00
      10810    493.000     7.8848     7.8833   3.636541   3.637940     1.9962 -9.990e-29      98.80 4.9485e-02 1.1795e+02    79.3206    5.26698    35.0437    35.0603    27.3258    1490.20    1485.96 0.0000e+00
      10831    494.000     7.8849     7.8833   3.636589   3.637981     1.9963 -9.990e-29      98.80 4.9505e-02 1.1792e+02    79.3199    5.26750    35.0437    35.0602    27.3257    1490.22    1485.96 0.0000e+00
      10851    495.000     7.8849     7.8834   3.636637   3.638035     1.9960 -9.990e-29      98.80 4.9467e-02 1.1792e+02    79.3330    5.26775    35.0437    35.0602    27.3258    1490.23    1485.97 0.0000e+00
      10872    496.000     7.8848     7.8834   3.636670   3.638076     1.9960 -9.990e-29      98.80 4.9464e-02 1.1792e+02    79.2992    5.26801    35.0437    35.0602    27.3258    1490.25    1485.98 0.0000e+00
      10895    497.000     7.8848     7.8833   3.636718   3.638118     1.9958 -9.990e-29      98.80 4.9499e-02 1.1788e+02    79.2751    5.26721    35.0437    35.0603    27.3258    1490.27    1485.99 0.0000e+00
      10919    498.000     7.8847     7.8833   3.636768   3.638162     1.9956 -9.990e-29      98.80 4.9479e-02 -9.990e-29    79.3143    5.26894    35.0439    35.0603    27.3260    1490.28    1486.00 0.0000e+00
      10942    499.000     7.8848     7.8834   3.636813   3.638207     1.9955 -9.990e-29      98.80 4.9464e-02 -9.990e-29    79.3082    5.26964    35.0438    35.0602    27.3259    1490.30    1486.01 0.0000e+00
      10964    500.000     7.8848     7.8834   3.636859   3.638260     1.9956 -9.990e-29      98.80 4.9490e-02 -9.990e-29    79.3164    5.26709    35.0438    35.0603    27.3259    1490.32    1486.02 0.0000e+00
      10985    501.000     7.8850     7.8834   3.636922   3.638314     1.9949 -9.990e-29      98.80 4.9472e-02 -9.990e-29    79.3206    5.26040    35.0438    35.0604    27.3258    1490.33    1486.02 0.0000e+00
      11007    502.000     7.8850     7.8835   3.636954   3.638363     1.9945 -9.990e-29      98.80 4.9490e-02 1.1717e+02    79.3252    5.26339    35.0437    35.0603    27.3257    1490.35    1486.03 0.0000e+00
      11029    503.000     7.8850     7.8836   3.637008   3.638410     1.9940 -9.990e-29      98.80 4.9487e-02 1.1691e+02    79.3158    5.26953    35.0438    35.0603    27.3258    1490.37    1486.04 0.0000e+00
      11051    504.000     7.8846     7.8831   3.637020   3.638419     1.9946 -9.990e-29      98.80 4.9490e-02 1.1596e+02    79.3018    5.27087    35.0439    35.0604    27.3259    1490.38    1486.05 0.0000e+00
      11073    505.000     7.8845     7.8831   3.637081   3.638480     1.9943 -9.990e-29      98.80 4.9492e-02 1.1592e+02    79.2912    5.26534    35.0441    35.0606    27.3262    1490.40    1486.06 0.0000e+00
      11095    506.000     7.8846     7.8832   3.637140   3.638536     1.9939 -9.990e-29      98.80 4.9487e-02 1.1588e+02    79.3314    5.26714    35.0442    35.0606    27.3262    1490.42    1486.07 0.0000e+00
      11117    507.000     7.8847     7.8832   3.637184   3.638581     1.9937 -9.990e-29      98.80 4.9490e-02 -9.990e-29    79.2821    5.26361    35.0441    35.0606    27.3261    1490.43    1486.08 0.0000e+00
      11140    508.000     7.8845     7.8831   3.637217   3.638614     1.9933 -9.990e-29      98.80 4.9463e-02 -9.990e-29    79.2780    5.26282    35.0442    35.0606    27.3262    1490.45    1486.08 0.0000e+00
      11162    509.000     7.8845     7.8830   3.637259   3.638657     1.9928 -9.990e-29      98.80 4.9472e-02 -9.990e-29    79.2870    5.26079    35.0441    35.0607    27.3262    1490.46    1486.09 0.0000e+00
      11183    510.000     7.8845     7.8831   3.637308   3.638709     1.9923 -9.990e-29      98.80 4.9472e-02 -9.990e-29    79.2733    5.26164    35.0442    35.0606    27.3262    1490.48    1486.10 0.0000e+00
      11204    511.000     7.8847     7.8832   3.637365   3.638768     1.9921 -9.990e-29      96.01 4.9492e-02 -9.990e-29    79.2582    5.26375    35.0441    35.0607    27.3261    1490.50    1486.11 0.0000e+00
      11225    512.000     7.8848     7.8833   3.637414   3.638818     1.9920 -9.990e-29      33.89 4.9492e-02 -9.990e-29    79.2327    5.26219    35.0441    35.0607    27.3261    1490.51    1486.12 0.0000e+00
      11246    513.000     7.8848     7.8832   3.637466   3.638859     1.9915 -9.990e-29      72.12 4.9502e-02 -9.990e-29    79.1812    5.26316    35.0442    35.0607    27.3261    1490.53    1486.13 0.0000e+00
      11269    514.000     7.8847     7.8832   3.637497   3.638906     1.9915 -9.990e-29      98.32 4.9482e-02 -9.990e-29    79.2058    5.26580    35.0441    35.0607    27.3261    1490.55    1486.14 0.0000e+00
      11292    515.000     7.8847     7.8832   3.637554   3.638948     1.9915    -0.0558      90.60 4.9496e-02 1.1427e+02    79.2075    5.26379    35.0443    35.0607    27.3262    1490.56    1486.14 0.0000e+00
      11314    516.000     7.8848     7.8833   3.637606   3.639000     1.9910    -0.0558      29.26 4.9512e-02 1.1392e+02    79.2109    5.25931    35.0442    35.0607    27.3262    1490.58    1486.15 0.0000e+00
      11338    517.000     7.8849     7.8835   3.637661   3.639064     1.9907    -0.0803      71.02 4.9506e-02 1.1392e+02    79.2087    5.26455    35.0443    35.0607    27.3262    1490.60    1486.16 0.0000e+00
      11362    518.000     7.8851     7.8836   3.637723   3.639122     1.9908    -0.0688      99.36 4.9505e-02 1.1392e+02    79.1625    5.26610    35.0442    35.0608    27.3262    1490.62    1486.17 0.0000e+00
      11385    519.000     7.8851     7.8837   3.637779   3.639171     1.9906    -0.0569      35.77 4.9509e-02 1.1392e+02    79.1508    5.26476    35.0444    35.0607    27.3263    1490.63    1486.18 0.0000e+00
      11407    520.000     7.8851     7.8837   3.637820   3.639230     1.9904    -0.0558      43.46 4.9496e-02 1.1363e+02    79.1516    5.26312    35.0443    35.0609    27.3262    1490.65    1486.19 0.0000e+00
      11429    521.000     7.8851     7.8837   3.637867   3.639260     1.9902 -9.990e-29      47.53 4.9518e-02 -9.990e-29    79.1449    5.26069    35.0444    35.0607    27.3263    1490.66    1486.20 0.0000e+00
      11452    522.000     7.8851     7.8836   3.637903   3.639309     1.9896 -9.990e-29      24.26 4.9505e-02 -9.990e-29    79.1167    5.26030    35.0443    35.0609    27.3262    1490.68    1486.20 0.0000e+00
      11475    523.000     7.8850     7.8835   3.637946   3.639353     1.9895 -9.990e-29      23.70 4.9505e-02 -9.990e-29    79.1378    5.25933    35.0444    35.0610    27.3263    1490.70    1486.21 0.0000e+00
      11498    524.000     7.8848     7.8834   3.637977   3.639382     1.9888 -9.990e-29      22.60 4.9512e-02 -9.990e-29    79.1465    5.25693    35.0444    35.0609    27.3263    1490.71    1486.22 0.0000e+00
      11521    525.000     7.8849     7.8835   3.638049   3.639456     1.9883 -9.990e-29      21.52 4.9489e-02 -9.990e-29    79.1235    5.25788    35.0446    35.0611    27.3265    1490.73    1486.23 0.0000e+00
      11543    526.000     7.8850     7.8836   3.638103   3.639513     1.9882 -9.990e-29      20.59 4.9502e-02 -9.990e-29    79.1686    5.25804    35.0446    35.0612    27.3265    1490.75    1486.24 0.0000e+00
      11564    527.000     7.8851     7.8836   3.638161   3.639559     1.9876 -9.990e-29      19.55 4.9505e-02 -9.990e-29    79.0911    5.25500    35.0447    35.0612    27.3265    1490.76    1486.25 0.0000e+00
      11585    528.000     7.8852     7.8837   3.638203   3.639606     1.9874 -9.990e-29      18.60 4.9509e-02 -9.990e-29    79.0945    5.25655    35.0445    35.0611    27.3264    1490.78    1486.26 0.0000e+00
      11605    529.000     7.8851     7.8836   3.638250   3.639651     1.9870 -9.990e-29      17.62 4.9485e-02 1.1002e+02    79.0897    5.25738    35.0447    35.0612    27.3265    1490.80    1486.26 0.0000e+00
      11626    530.000     7.8850     7.8836   3.638281   3.639684     1.9870 -9.990e-29      16.62 4.9515e-02 1.0993e+02    79.0862    5.25994    35.0446    35.0611    27.3265    1490.81    1486.27 0.0000e+00
      11649    531.000     7.8850     7.8835   3.638328   3.639739     1.9867 -9.990e-29      15.61 4.9515e-02 1.0993e+02    79.0379    5.25728    35.0447    35.0613    27.3265    1490.83    1486.28 0.0000e+00
      11672    532.000     7.8846     7.8831   3.638368   3.639771     1.9866 -9.990e-29      14.61 4.9497e-02 1.0993e+02    79.0208    5.26162    35.0450    35.0616    27.3268    1490.85    1486.29 0.0000e+00
      11697    533.000     7.8843     7.8829   3.638397   3.639804     1.9866 -9.990e-29      13.59 4.9487e-02 1.0989e+02    79.0635    5.25873    35.0452    35.0617    27.3270    1490.86    1486.30 0.0000e+00
      11722    534.000     7.8841     7.8827   3.638441   3.639842     1.9862 -9.990e-29      12.58 4.9477e-02 -9.990e-29    79.0708    5.25580    35.0454    35.0618    27.3272    1490.88    1486.31 0.0000e+00
