_data/ctd/2022603/sta0166.cnv
* Sea-Bird SBE 9 Data File:
* FileName = C:\Seabird\CTDData\sta0166.hex
* Software Version Seasave V 7.21f
* Temperature SN = 6264
* Conductivity SN = 4928
* Number of Bytes Per Scan = 40
* Number of Voltage Words = 5
* Number of Scans Averaged by the Deck Unit = 1
* NMEA Latitude = 60 52.91 N
* NMEA Longitude = 005 28.38 E
* NMEA UTC (Time) = Feb 12 2022 18:15:52
* NMEA baud rate = 4800
** Ship: R/V "Kristine Bonnevie"
** Station: 0166
** Echodepth: 275
** Log: 0496.753
** Wind-Dir/Force: 22 13
** Air-temp (dry): 6.9
** Weather Sky:
** Sea:
** M 04
# nquan = 19                                
# nvalues = 262                         
# units = specified
# name 0 = scan: Scan Count
# name 1 = prDM: Pressure, Digiquartz [db]
# name 2 = t068C: Temperature [ITS-68, deg C]
# name 3 = t168C: Temperature, 2 [ITS-68, deg C]
# name 4 = c0S/m: Conductivity [S/m]
# name 5 = c1S/m: Conductivity, 2 [S/m]
# name 6 = sbeox0V: Oxygen raw, SBE 43 [V]
# name 7 = flECO-AFL: Fluorescence, WET Labs ECO-AFL/FL [mg/m^3]
# name 8 = altM: Altimeter [m]
# name 9 = par: PAR/Irradiance, Biospherical/Licor
# name 10 = spar: SPAR/Surface Irradiance
# name 11 = CStarTr0: Beam Transmission, WET Labs C-Star [%]
# name 12 = sbeox0ML/L: Oxygen, SBE 43 [ml/l], WS = 2
# name 13 = sal00: Salinity, Practical [PSU]
# name 14 = sal11: Salinity, Practical, 2 [PSU]
# name 15 = sigma-t00: Density [sigma-t, Kg/m^3 ]
# name 16 = svCM: Sound Velocity [Chen-Millero, m/s]
# name 17 = avgsvCM: Average Sound Velocity [Chen-Millero, m/s], minP = 1, minS = 5
# name 18 = flag: flag
# span 0 =        475,       6269       
# span 1 =      3.000,    264.000       
# span 2 =     6.5280,    10.2589       
# span 3 =     6.5510,    10.2538       
# span 4 =   2.870326,   3.736919       
# span 5 =   2.898301,   3.738381       
# span 6 =     1.6341,     2.4382       
# span 7 =    -0.0804,     0.3372       
# span 8 =      13.52,      99.80       
# span 9 = 4.9446e-02, 3.4948e-01       
# span 10 = 0.0000e+00, 0.0000e+00      
# span 11 =    80.7586,    82.5314      
# span 12 =    3.79133,    6.87368      
# span 13 =    28.2353,    34.9532      
# span 14 =    28.5197,    34.9685      
# span 15 =    22.1520,    27.1882      
# span 16 =    1468.38,    1490.10      
# span 17 =    1468.38,    1486.37      
# span 18 = 0.0000e+00, 0.0000e+00      
# interval = decibars: 1                
# start_time = Feb 12 2022 18:15:54 [System UTC, header]
# bad_flag = -9.990e-29
*END*
[from data line 153]
       3905    156.000     8.3261     8.3245   3.652449   3.653723     1.6395    -0.0615      98.71 4.9529e-02 0.0000e+00    82.1097    3.80957    34.9358    34.9510    27.1742    1486.18    1485.88 0.0000e+00
       3926    157.000     8.3262     8.3244   3.652502   3.653783     1.6395    -0.0648      92.41 4.9519e-02 0.0000e+00    82.0820    3.80746    34.9358    34.9512    27.1742    1486.19    1485.88 0.0000e+00
       3946    158.000     8.3262     8.3246   3.652552   3.653828     1.6392    -0.0557      98.74 4.9529e-02 0.0000e+00    82.0406    3.80450    34.9359    34.9510    27.1742    1486.21    1485.88 0.0000e+00
       3967    159.000     8.3263     8.3246   3.652607   3.653885     1.6389    -0.0559      61.27 4.9485e-02 0.0000e+00    82.0424    3.80455    34.9359    34.9512    27.1742    1486.23    1485.89 0.0000e+00
       3988    160.000     8.3264     8.3248   3.652660   3.653949     1.6385    -0.0661      94.03 4.9505e-02 0.0000e+00    82.0305    3.80199    34.9358    34.9512    27.1742    1486.24    1485.89 0.0000e+00
       4009    161.000     8.3265     8.3249   3.652712   3.653996     1.6381    -0.0664      89.66 4.9525e-02 0.0000e+00    82.0301    3.80109    34.9358    34.9511    27.1742    1486.26    1485.89 0.0000e+00
       4030    162.000     8.3265     8.3249   3.652784   3.654067     1.6376    -0.0695      96.38 4.9498e-02 0.0000e+00    81.9809    3.79884    34.9361    34.9514    27.1744    1486.28    1485.89 0.0000e+00
       4051    163.000     8.3260     8.3244   3.652860   3.654139     1.6370    -0.0765      82.26 4.9499e-02 0.0000e+00    81.9602    3.79421    34.9369    34.9521    27.1751    1486.29    1485.90 0.0000e+00
       4072    164.000     8.3261     8.3245   3.652906   3.654197     1.6361    -0.0617      77.46 4.9499e-02 0.0000e+00    81.9129    3.79133    34.9368    34.9522    27.1750    1486.31    1485.90 0.0000e+00
       4093    165.000     8.3262     8.3246   3.652960   3.654241     1.6355    -0.0578      98.45 4.9515e-02 0.0000e+00    81.9359    3.79307    34.9368    34.9521    27.1750    1486.33    1485.90 0.0000e+00
       4113    166.000     8.3262     8.3245   3.653018   3.654302     1.6350    -0.0675      53.35 4.9472e-02 0.0000e+00    81.9289    3.79255    34.9370    34.9523    27.1751    1486.34    1485.90 0.0000e+00
       4134    167.000     8.3261     8.3244   3.653079   3.654353     1.6346    -0.0743      88.60 4.9485e-02 0.0000e+00    81.9184    3.79479    34.9372    34.9525    27.1753    1486.36    1485.91 0.0000e+00
       4154    168.000     8.3261     8.3244   3.653136   3.654407     1.6346    -0.0619      48.36 4.9501e-02 0.0000e+00    81.9264    3.79572    34.9374    34.9526    27.1754    1486.38    1485.91 0.0000e+00
       4175    169.000     8.3261     8.3244   3.653185   3.654473     1.6341    -0.0558      99.28 4.9473e-02 0.0000e+00    81.9254    3.79815    34.9374    34.9528    27.1755    1486.39    1485.91 0.0000e+00
       4195    170.000     8.3262     8.3245   3.653239   3.654528     1.6348    -0.0586      31.07 4.9519e-02 0.0000e+00    81.9376    3.80240    34.9374    34.9528    27.1755    1486.41    1485.92 0.0000e+00
       4216    171.000     8.3262     8.3245   3.653294   3.654575     1.6344    -0.0466      99.32 4.9529e-02 0.0000e+00    81.9206    3.79938    34.9375    34.9528    27.1755    1486.43    1485.92 0.0000e+00
       4236    172.000     8.3263     8.3247   3.653346   3.654637     1.6352    -0.0617      35.68 4.9505e-02 0.0000e+00    81.9266    3.81245    34.9375    34.9528    27.1755    1486.44    1485.92 0.0000e+00
       4256    173.000     8.3265     8.3248   3.653395   3.654693     1.6359    -0.0634      90.64 4.9481e-02 0.0000e+00    81.9097    3.81008    34.9373    34.9528    27.1753    1486.46    1485.92 0.0000e+00
       4277    174.000     8.3265     8.3248   3.653465   3.654740     1.6360    -0.0660      98.79 4.9532e-02 0.0000e+00    81.9399    3.80949    34.9376    34.9529    27.1756    1486.48    1485.93 0.0000e+00
       4298    175.000     8.3266     8.3250   3.653518   3.654796     1.6365    -0.0667      64.43 4.9494e-02 0.0000e+00    81.9433    3.81082    34.9376    34.9528    27.1755    1486.49    1485.93 0.0000e+00
       4318    176.000     8.3266     8.3249   3.653570   3.654852     1.6365 -9.990e-29      22.65 4.9499e-02 0.0000e+00    81.9689    3.80953    34.9376    34.9530    27.1756    1486.51    1485.93 0.0000e+00
       4339    177.000     8.3265     8.3248   3.653635   3.654912     1.6366 -9.990e-29      96.93 4.9485e-02 0.0000e+00    81.9485    3.81014    34.9380    34.9532    27.1758    1486.53    1485.94 0.0000e+00
       4359    178.000     8.3263     8.3247   3.653693   3.654972     1.6367 -9.990e-29      97.49 4.9508e-02 0.0000e+00    81.9585    3.81239    34.9383    34.9535    27.1761    1486.54    1485.94 0.0000e+00
       4380    179.000     8.3260     8.3244   3.653749   3.655039     1.6369 -9.990e-29      82.16 4.9478e-02 0.0000e+00    81.9643    3.81472    34.9387    34.9540    27.1765    1486.56    1485.94 0.0000e+00
       4401    180.000     8.3258     8.3242   3.653811   3.655080     1.6372    -0.0457      81.46 4.9492e-02 0.0000e+00    81.9724    3.81490    34.9391    34.9542    27.1768    1486.58    1485.95 0.0000e+00
       4422    181.000     8.3257     8.3241   3.653880   3.655158     1.6373    -0.0635      36.24 4.9479e-02 0.0000e+00    81.9768    3.82021    34.9394    34.9546    27.1771    1486.59    1485.95 0.0000e+00
       4443    182.000     8.3259     8.3242   3.653931   3.655212     1.6383    -0.0660      98.83 4.9505e-02 0.0000e+00    81.9926    3.82475    34.9393    34.9546    27.1770    1486.61    1485.96 0.0000e+00
       4464    183.000     8.3259     8.3242   3.653994   3.655278     1.6385    -0.0606      75.40 4.9485e-02 0.0000e+00    81.9962    3.82523    34.9395    34.9548    27.1771    1486.63    1485.96 0.0000e+00
       4485    184.000     8.3260     8.3243   3.654048   3.655334     1.6395    -0.0563      98.96 4.9512e-02 0.0000e+00    82.0088    3.83043    34.9395    34.9549    27.1771    1486.64    1485.96 0.0000e+00
       4506    185.000     8.3258     8.3242   3.654105   3.655386     1.6395    -0.0703      63.46 4.9466e-02 0.0000e+00    82.0196    3.82526    34.9398    34.9550    27.1774    1486.66    1485.97 0.0000e+00
       4527    186.000     8.3256     8.3241   3.654172   3.655452     1.6401    -0.0659      98.86 4.9499e-02 0.0000e+00    81.9975    3.83219    34.9402    34.9554    27.1778    1486.67    1485.97 0.0000e+00
       4548    187.000     8.3257     8.3240   3.654228   3.655512     1.6406    -0.0664      58.54 4.9472e-02 0.0000e+00    82.0222    3.83260    34.9403    34.9556    27.1778    1486.69    1485.97 0.0000e+00
       4569    188.000     8.3255     8.3238   3.654279   3.655566     1.6409    -0.0683      47.39 4.9485e-02 0.0000e+00    81.9999    3.82990    34.9405    34.9559    27.1780    1486.71    1485.98 0.0000e+00
       4590    189.000     8.3253     8.3237   3.654352   3.655640     1.6409    -0.0708      23.19 4.9498e-02 0.0000e+00    82.0016    3.83141    34.9410    34.9563    27.1784    1486.72    1485.98 0.0000e+00
       4611    190.000     8.3254     8.3238   3.654432   3.655710     1.6411    -0.0674      51.70 4.9481e-02 0.0000e+00    82.0037    3.83461    34.9413    34.9565    27.1786    1486.74    1485.99 0.0000e+00
       4631    191.000     8.3252     8.3236   3.654492   3.655774     1.6415    -0.0646      36.80 4.9485e-02 0.0000e+00    82.0288    3.83742    34.9416    34.9569    27.1789    1486.76    1485.99 0.0000e+00
       4652    192.000     8.3249     8.3232   3.654545   3.655825     1.6419    -0.0648      95.79 4.9485e-02 0.0000e+00    82.0672    3.84300    34.9420    34.9573    27.1793    1486.77    1485.99 0.0000e+00
       4673    193.000     8.3250     8.3233   3.654598   3.655875     1.6428    -0.0544      98.79 4.9525e-02 0.0000e+00    82.0963    3.84729    34.9420    34.9573    27.1793    1486.79    1486.00 0.0000e+00
       4694    194.000     8.3250     8.3234   3.654649   3.655931     1.6435    -0.0558      93.82 4.9479e-02 0.0000e+00    82.1080    3.85156    34.9421    34.9573    27.1793    1486.81    1486.00 0.0000e+00
       4714    195.000     8.3251     8.3234   3.654700   3.655990     1.6446    -0.0664      96.45 4.9508e-02 0.0000e+00    82.1236    3.85604    34.9420    34.9575    27.1793    1486.82    1486.01 0.0000e+00
       4735    196.000     8.3251     8.3234   3.654753   3.656038     1.6453    -0.0612      29.10 4.9498e-02 0.0000e+00    82.1708    3.85687    34.9421    34.9575    27.1793    1486.84    1486.01 0.0000e+00
       4756    197.000     8.3252     8.3236   3.654821   3.656102     1.6459    -0.0650      57.15 4.9466e-02 0.0000e+00    82.1759    3.86036    34.9423    34.9575    27.1794    1486.86    1486.01 0.0000e+00
       4777    198.000     8.3254     8.3237   3.654881   3.656171     1.6470    -0.0682      64.12 4.9471e-02 0.0000e+00    82.1953    3.86300    34.9422    34.9576    27.1794    1486.87    1486.02 0.0000e+00
       4798    199.000     8.3254     8.3238   3.654933   3.656229     1.6474    -0.0621      98.75 4.9485e-02 0.0000e+00    82.2136    3.86395    34.9423    34.9577    27.1794    1486.89    1486.02 0.0000e+00
       4819    200.000     8.3255     8.3238   3.654992   3.656279     1.6481    -0.0613      70.16 4.9492e-02 0.0000e+00    82.2197    3.86197    34.9423    34.9577    27.1794    1486.91    1486.03 0.0000e+00
       4840    201.000     8.3256     8.3239   3.655057   3.656327     1.6479    -0.0678      98.68 4.9499e-02 0.0000e+00    82.2258    3.85822    34.9425    34.9577    27.1795    1486.92    1486.03 0.0000e+00
       4861    202.000     8.3256     8.3239   3.655107   3.656393     1.6480    -0.0684      64.94 4.9478e-02 0.0000e+00    82.2294    3.85737    34.9425    34.9579    27.1796    1486.94    1486.04 0.0000e+00
       4882    203.000     8.3254     8.3238   3.655163   3.656445     1.6476    -0.0665      64.21 4.9492e-02 0.0000e+00    82.1831    3.85368    34.9428    34.9581    27.1798    1486.96    1486.04 0.0000e+00
       4904    204.000     8.3254     8.3238   3.655214   3.656507     1.6472    -0.0744      29.79 4.9496e-02 0.0000e+00    82.2229    3.85586    34.9429    34.9582    27.1799    1486.97    1486.05 0.0000e+00
       4925    205.000     8.3254     8.3238   3.655283   3.656562     1.6474    -0.0706      36.03 4.9499e-02 0.0000e+00    82.2331    3.85972    34.9431    34.9584    27.1801    1486.99    1486.05 0.0000e+00
       4946    206.000     8.3253     8.3236   3.655332   3.656616     1.6473    -0.0543      43.35 4.9512e-02 0.0000e+00    82.2125    3.86017    34.9433    34.9586    27.1802    1487.01    1486.06 0.0000e+00
       4967    207.000     8.3251     8.3235   3.655391   3.656678     1.6474    -0.0675      90.07 4.9498e-02 0.0000e+00    82.2049    3.85969    34.9436    34.9589    27.1805    1487.02    1486.06 0.0000e+00
       4988    208.000     8.3252     8.3235   3.655444   3.656738     1.6473    -0.0645      42.95 4.9492e-02 0.0000e+00    82.2201    3.86480    34.9436    34.9591    27.1805    1487.04    1486.06 0.0000e+00
       5009    209.000     8.3252     8.3236   3.655499   3.656785     1.6482    -0.0596      84.10 4.9492e-02 0.0000e+00    82.1814    3.86945    34.9437    34.9590    27.1806    1487.06    1486.07 0.0000e+00
       5030    210.000     8.3251     8.3235   3.655567   3.656852     1.6482    -0.0660      96.05 4.9502e-02 0.0000e+00    82.1757    3.86687    34.9441    34.9593    27.1809    1487.07    1486.07 0.0000e+00
       5052    211.000     8.3252     8.3236   3.655627   3.656904     1.6487    -0.0542      34.71 4.9502e-02 0.0000e+00    82.1505    3.87160    34.9441    34.9593    27.1809    1487.09    1486.08 0.0000e+00
       5072    212.000     8.3253     8.3236   3.655677   3.656960     1.6489    -0.0636      51.19 4.9478e-02 0.0000e+00    82.1452    3.87015    34.9441    34.9594    27.1808    1487.11    1486.08 0.0000e+00
       5093    213.000     8.3253     8.3236   3.655728   3.657021     1.6490    -0.0656      50.87 4.9472e-02 0.0000e+00    82.1508    3.86969    34.9441    34.9596    27.1809    1487.12    1486.09 0.0000e+00
       5114    214.000     8.3254     8.3237   3.655790   3.657067     1.6492    -0.0671      75.64 4.9485e-02 0.0000e+00    82.1240    3.87082    34.9442    34.9595    27.1809    1487.14    1486.09 0.0000e+00
       5135    215.000     8.3252     8.3236   3.655850   3.657135     1.6493    -0.0659      98.56 4.9499e-02 0.0000e+00    82.1373    3.87390    34.9446    34.9599    27.1812    1487.16    1486.10 0.0000e+00
       5156    216.000     8.3250     8.3234   3.655902   3.657193     1.6496    -0.0682      35.12 4.9499e-02 0.0000e+00    82.1282    3.87639    34.9449    34.9602    27.1815    1487.17    1486.10 0.0000e+00
       5178    217.000     8.3246     8.3229   3.655938   3.657219     1.6500    -0.0721      59.93 4.9471e-02 0.0000e+00    82.1103    3.87569    34.9452    34.9605    27.1818    1487.19    1486.11 0.0000e+00
       5199    218.000     8.3247     8.3230   3.656008   3.657294     1.6502    -0.0575      66.79 4.9466e-02 0.0000e+00    82.0974    3.87932    34.9453    34.9607    27.1819    1487.20    1486.11 0.0000e+00
       5220    219.000     8.3247     8.3231   3.656069   3.657362     1.6505    -0.0604      48.60 4.9474e-02 0.0000e+00    82.1125    3.88141    34.9455    34.9609    27.1820    1487.22    1486.12 0.0000e+00
       5240    220.000     8.3247     8.3230   3.656106   3.657397     1.6510    -0.0705      28.64 4.9486e-02 0.0000e+00    82.0546    3.89013    34.9454    34.9608    27.1820    1487.24    1486.12 0.0000e+00
       5261    221.000     8.3248     8.3232   3.656167   3.657459     1.6522    -0.0748      85.04 4.9492e-02 0.0000e+00    82.0945    3.89425    34.9455    34.9608    27.1820    1487.25    1486.13 0.0000e+00
       5282    222.000     8.3249     8.3231   3.656226   3.657501     1.6530    -0.0746      55.07 4.9459e-02 0.0000e+00    82.0780    3.89435    34.9455    34.9609    27.1820    1487.27    1486.13 0.0000e+00
       5303    223.000     8.3247     8.3231   3.656261   3.657552     1.6535    -0.0676      63.30 4.9492e-02 0.0000e+00    82.0844    3.89498    34.9456    34.9610    27.1821    1487.29    1486.14 0.0000e+00
       5324    224.000     8.3247     8.3231   3.656340   3.657621     1.6539    -0.0767      59.74 4.9481e-02 0.0000e+00    82.0904    3.89436    34.9460    34.9612    27.1824    1487.30    1486.14 0.0000e+00
       5344    225.000     8.3247     8.3230   3.656384   3.657673     1.6541    -0.0733      58.49 4.9502e-02 0.0000e+00    82.0735    3.89443    34.9460    34.9614    27.1824    1487.32    1486.15 0.0000e+00
       5366    226.000     8.3246     8.3230   3.656443   3.657716     1.6544    -0.0728      51.46 4.9499e-02 0.0000e+00    82.1131    3.89459    34.9462    34.9614    27.1826    1487.34    1486.15 0.0000e+00
       5386    227.000     8.3247     8.3230   3.656486   3.657765     1.6544    -0.0681      50.32 4.9488e-02 0.0000e+00    82.0809    3.89677    34.9461    34.9614    27.1825    1487.35    1486.16 0.0000e+00
       5407    228.000     8.3246     8.3230   3.656553   3.657841     1.6549    -0.0693      49.49 4.9479e-02 0.0000e+00    82.0952    3.90185    34.9464    34.9617    27.1828    1487.37    1486.17 0.0000e+00
       5428    229.000     8.3247     8.3230   3.656614   3.657895     1.6555    -0.0714      48.81 4.9479e-02 0.0000e+00    82.0892    3.90888    34.9465    34.9618    27.1828    1487.39    1486.17 0.0000e+00
       5449    230.000     8.3248     8.3230   3.656666   3.657968     1.6566    -0.0655      47.95 4.9519e-02 0.0000e+00    82.0886    3.91301    34.9465    34.9621    27.1828    1487.40    1486.18 0.0000e+00
