_data/ctd/2022603/sta0160.cnv
* Sea-Bird SBE 9 Data File:
* FileName = C:\Seabird\CTDData\sta0160.hex
* Software Version Seasave V 7.21f
* Temperature SN = 6264
* Conductivity SN = 4928
* Number of Bytes Per Scan = 40
* Number of Voltage Words = 5
* Number of Scans Averaged by the Deck Unit = 1
* NMEA Latitude = 59 35.60 N
* NMEA Longitude = 005 15.64 E
* NMEA UTC (Time) = Feb 11 2022 13:20:18
* NMEA baud rate = 4800
** Ship: R/V "Kristine Bonnevie"
** Station: 0160
** Echodepth: 383
** Log: 0295.892
** Wind-Dir/Force: 17 14
** Air-temp (dry): 1.8
** Weather Sky:
** Sea:
# nquan = 19                                
# nvalues = 378                         
# units = specified
# name 0 = scan: Scan Count
# name 1 = prDM: Pressure, Digiquartz [db]
# name 2 = t068C: Temperature [ITS-68, deg C]
# name 3 = t168C: Temperature, 2 [ITS-68, deg C]
# name 4 = c0S/m: Conductivity [S/m]
# name 5 = c1S/m: Conductivity, 2 [S/m]
# name 6 = sbeox0V: Oxygen raw, SBE 43 [V]
# name 7 = flECO-AFL: Fluorescence, WET Labs ECO-AFL/FL [mg/m^3]
# name 8 = altM: Altimeter [m]
# name 9 = par: PAR/Irradiance, Biospherical/Licor
# name 10 = spar: SPAR/Surface Irradiance
# name 11 = CStarTr0: Beam Transmission, WET Labs C-Star [%]
# name 12 = sbeox0ML/L: Oxygen, SBE 43 [ml/l], WS = 2
# name 13 = sal00: Salinity, Practical [PSU]
# name 14 = sal11: Salinity, Practical, 2 [PSU]
# name 15 = sigma-t00: Density [sigma-t, Kg/m^3 ]
# name 16 = svCM: Sound Velocity [Chen-Millero, m/s]
# name 17 = avgsvCM: Average Sound Velocity [Chen-Millero, m/s], minP = 1, minS = 5
# name 18 = flag: flag
# span 0 =         22,       8614       
# span 1 =      2.000,    379.000       
# span 2 =     7.0770,     8.2476       
# span 3 =     7.0870,     8.2461       
# span 4 =   3.353463,   3.628501       
# span 5 =   3.355551,   3.629592       
# span 6 =     2.1041,     2.5308       
# span 7 =    -0.0887,     0.5578       
# span 8 =       6.51,     100.31       
# span 9 = 4.9444e-02, 3.1622e+01       
# span 10 = 5.9960e+01, 6.7209e+01      
# span 11 =    76.8183,    80.8989      
# span 12 =    5.54766,    6.89506      
# span 13 =    33.0041,    34.9142      
# span 14 =    33.0173,    34.9273      
# span 15 =    25.8365,    27.2095      
# span 16 =    1476.49,    1488.53      
# span 17 =    1476.49,    1485.02      
# span 18 = 0.0000e+00, 0.0000e+00      
# interval = decibars: 1                
# start_time = Feb 11 2022 13:20:20 [System UTC, header]
# bad_flag = -9.990e-29
*END*
[from data line 153]
       3441    155.000     8.0065     8.0050   3.615608   3.616666     2.1834    -0.0635      79.25 4.9505e-02 6.5956e+01    80.5565    5.65380    34.8601    34.8729    27.1633    1484.87    1482.58 0.0000e+00
       3463    156.000     8.0068     8.0054   3.615744   3.616840     2.1823    -0.0647      44.65 4.9483e-02 6.5956e+01    80.5436    5.64782    34.8607    34.8739    27.1638    1484.88    1482.59 0.0000e+00
       3484    157.000     8.0073     8.0059   3.615897   3.616980     2.1813    -0.0625      93.66 4.9492e-02 6.5956e+01    80.5324    5.64798    34.8614    34.8744    27.1642    1484.90    1482.61 0.0000e+00
       3505    158.000     8.0073     8.0059   3.616003   3.617085     2.1804    -0.0598      98.46 4.9492e-02 6.5956e+01    80.5166    5.64231    34.8620    34.8750    27.1647    1484.92    1482.62 0.0000e+00
       3527    159.000     8.0073     8.0058   3.616039   3.617120     2.1789    -0.0596      58.35 4.9480e-02 6.5956e+01    80.5142    5.63784    34.8619    34.8750    27.1646    1484.94    1482.64 0.0000e+00
       3552    160.000     8.0070     8.0055   3.616111   3.617207     2.1781    -0.0655      85.89 4.9500e-02 6.5956e+01    80.4681    5.64268    34.8625    34.8758    27.1651    1484.95    1482.65 0.0000e+00
       3576    161.000     8.0068     8.0054   3.616221   3.617312     2.1774    -0.0663      96.46 4.9499e-02 6.5956e+01    80.4777    5.64314    34.8634    34.8765    27.1659    1484.97    1482.67 0.0000e+00
       3599    162.000     8.0069     8.0055   3.616313   3.617410     2.1770    -0.0605      62.56 4.9481e-02 6.5956e+01    80.4899    5.64106    34.8638    34.8770    27.1662    1484.99    1482.68 0.0000e+00
       3621    163.000     8.0066     8.0053   3.616401   3.617482     2.1761 -9.990e-29      72.06 4.9472e-02 6.5956e+01    80.5057    5.63986    34.8646    34.8775    27.1668    1485.00    1482.70 0.0000e+00
       3643    164.000     8.0047     8.0033   3.616473   3.617560     2.1760 -9.990e-29      63.88 4.9496e-02 6.5956e+01    80.4604    5.64089    34.8668    34.8798    27.1688    1485.02    1482.71 0.0000e+00
       3664    165.000     8.0042     8.0029   3.616550   3.617637     2.1752 -9.990e-29      86.09 4.9465e-02 6.5956e+01    80.4342    5.63516    34.8676    34.8806    27.1696    1485.03    1482.72 0.0000e+00
       3686    166.000     8.0037     8.0022   3.616601   3.617684     2.1746 -9.990e-29      65.37 4.9499e-02 6.5956e+01    80.3789    5.63889    34.8682    34.8813    27.1701    1485.05    1482.74 0.0000e+00
       3708    167.000     8.0036     8.0022   3.616671   3.617772     2.1745 -9.990e-29      89.15 4.9489e-02 6.5956e+01    80.4277    5.63844    34.8685    34.8817    27.1704    1485.06    1482.75 0.0000e+00
       3730    168.000     8.0036     8.0021   3.616751   3.617831     2.1736 -9.990e-29      72.72 4.9491e-02 6.5956e+01    80.4362    5.63503    34.8689    34.8820    27.1707    1485.08    1482.77 0.0000e+00
       3754    169.000     8.0035     8.0021   3.616819   3.617897     2.1735 -9.990e-29      41.37 4.9475e-02 6.5956e+01    80.3747    5.63843    34.8693    34.8822    27.1709    1485.10    1482.78 0.0000e+00
       3777    170.000     8.0035     8.0021   3.616871   3.617963     2.1731 -9.990e-29      85.60 4.9483e-02 6.5956e+01    80.3180    5.63741    34.8693    34.8824    27.1710    1485.11    1482.79 0.0000e+00
       3798    171.000     8.0032     8.0019   3.616918   3.618007     2.1728    -0.0786      90.33 4.9472e-02 6.5956e+01    80.3680    5.63476    34.8696    34.8826    27.1713    1485.13    1482.81 0.0000e+00
       3819    172.000     8.0029     8.0014   3.616983   3.618059     2.1721    -0.0875      45.36 4.9479e-02 6.5956e+01    80.3774    5.63086    34.8702    34.8832    27.1717    1485.14    1482.82 0.0000e+00
       3841    173.000     8.0028     8.0014   3.617026   3.618121     2.1713    -0.0617      88.42 4.9475e-02 6.5956e+01    80.3445    5.62855    34.8702    34.8834    27.1718    1485.16    1482.83 0.0000e+00
       3865    174.000     8.0026     8.0011   3.617061   3.618150     2.1708    -0.0578      94.13 4.9498e-02 6.5956e+01    80.3768    5.62983    34.8703    34.8835    27.1719    1485.18    1482.85 0.0000e+00
       3891    175.000     8.0024     8.0009   3.617109   3.618193     2.1699    -0.0613      55.78 4.9495e-02 6.5956e+01    80.3497    5.62798    34.8706    34.8837    27.1721    1485.19    1482.86 0.0000e+00
       3915    176.000     8.0018     8.0005   3.617138   3.618223     2.1698 -9.990e-29      98.55 4.9506e-02 6.5956e+01    80.3734    5.63376    34.8710    34.8839    27.1726    1485.21    1482.87 0.0000e+00
       3937    177.000     8.0012     7.9998   3.617149   3.618241     2.1697 -9.990e-29      41.62 4.9479e-02 6.5956e+01    80.3333    5.63402    34.8712    34.8843    27.1728    1485.22    1482.89 0.0000e+00
       3959    178.000     8.0005     7.9990   3.617144   3.618227     2.1695 -9.990e-29      82.10 4.9487e-02 6.5956e+01    80.3668    5.63285    34.8714    34.8845    27.1731    1485.24    1482.90 0.0000e+00
       3981    179.000     8.0003     7.9989   3.617178   3.618263     2.1694 -9.990e-29      35.76 4.9496e-02 6.5956e+01    80.3679    5.63080    34.8714    34.8845    27.1732    1485.25    1482.91 0.0000e+00
       4003    180.000     8.0003     7.9988   3.617237   3.618320     2.1687    -0.0605      68.60 4.9479e-02 6.5956e+01    80.3299    5.62452    34.8716    34.8847    27.1733    1485.27    1482.93 0.0000e+00
       4024    181.000     8.0004     7.9989   3.617293   3.618379     2.1680    -0.0631      55.15 4.9505e-02 6.5956e+01    80.3534    5.62472    34.8716    34.8848    27.1733    1485.28    1482.94 0.0000e+00
       4045    182.000     8.0002     7.9988   3.617336   3.618419     2.1673    -0.0887      97.53 4.9494e-02 6.5956e+01    80.3825    5.62206    34.8718    34.8848    27.1734    1485.30    1482.95 0.0000e+00
       4069    183.000     8.0000     7.9987   3.617358   3.618456     2.1668    -0.0725      37.73 4.9485e-02 6.5956e+01    80.3994    5.62651    34.8717    34.8848    27.1734    1485.32    1482.97 0.0000e+00
       4093    184.000     7.9996     7.9982   3.617394   3.618476     2.1667    -0.0650      61.68 4.9505e-02 6.5956e+01    80.3832    5.62853    34.8720    34.8850    27.1737    1485.33    1482.98 0.0000e+00
       4116    185.000     7.9995     7.9982   3.617422   3.618518     2.1664 -9.990e-29      39.66 4.9463e-02 6.5956e+01    80.3606    5.62547    34.8720    34.8850    27.1737    1485.35    1482.99 0.0000e+00
       4140    186.000     7.9983     7.9971   3.617344   3.618453     2.1660 -9.990e-29      97.80 4.9480e-02 6.5956e+01    80.4070    5.62293    34.8718    34.8849    27.1738    1485.36    1483.00 0.0000e+00
       4164    187.000     7.9983     7.9969   3.617406   3.618483     2.1652 -9.990e-29      55.44 4.9506e-02 6.5956e+01    80.3751    5.61924    34.8720    34.8850    27.1739    1485.38    1483.02 0.0000e+00
       4189    188.000     7.9974     7.9961   3.617439   3.618522     2.1648 -9.990e-29      76.63 4.9506e-02 6.5956e+01    80.3702    5.62399    34.8728    34.8857    27.1746    1485.39    1483.03 0.0000e+00
       4212    189.000     7.9975     7.9961   3.617521   3.618612     2.1644 -9.990e-29      68.76 4.9502e-02 6.5956e+01    80.4030    5.62388    34.8731    34.8862    27.1749    1485.41    1483.04 0.0000e+00
       4234    190.000     7.9975     7.9962   3.617590   3.618669     2.1644 -9.990e-29      98.44 4.9521e-02 6.5956e+01    80.3982    5.62798    34.8733    34.8862    27.1751    1485.42    1483.05 0.0000e+00
       4255    191.000     7.9975     7.9960   3.617633   3.618723     2.1646 -9.990e-29      29.04 4.9488e-02 6.5956e+01    80.3414    5.62560    34.8733    34.8865    27.1750    1485.44    1483.07 0.0000e+00
       4276    192.000     7.9973     7.9959   3.617673   3.618752     2.1641 -9.990e-29      98.34 4.9505e-02 6.5956e+01    80.3680    5.62530    34.8735    34.8864    27.1752    1485.46    1483.08 0.0000e+00
       4298    193.000     7.9974     7.9960   3.617738   3.618834     2.1641 -9.990e-29      43.41 4.9505e-02 6.5999e+01    80.3949    5.62441    34.8736    34.8867    27.1753    1485.47    1483.09 0.0000e+00
       4321    194.000     7.9974     7.9959   3.617811   3.618889     2.1637 -9.990e-29      69.04 4.9523e-02 -9.990e-29    80.3867    5.62323    34.8739    34.8869    27.1755    1485.49    1483.10 0.0000e+00
       4345    195.000     7.9977     7.9965   3.617896   3.619007     2.1632 -9.990e-29      36.80 4.9528e-02 -9.990e-29    80.4228    5.62310    34.8740    34.8871    27.1755    1485.51    1483.12 0.0000e+00
       4371    196.000     7.9979     7.9966   3.617970   3.619068     2.1630 -9.990e-29      91.14 4.9530e-02 -9.990e-29    80.3743    5.62277    34.8741    34.8872    27.1756    1485.53    1483.13 0.0000e+00
       4395    197.000     7.9983     7.9970   3.618071   3.619173     2.1627 -9.990e-29      35.22 4.9497e-02 6.7209e+01    80.4152    5.62280    34.8743    34.8874    27.1757    1485.54    1483.14 0.0000e+00
       4418    198.000     7.9984     7.9971   3.618130   3.619220     2.1625 -9.990e-29      62.52 4.9485e-02 6.6463e+01    80.3687    5.62520    34.8744    34.8874    27.1757    1485.56    1483.15 0.0000e+00
       4439    199.000     7.9985     7.9971   3.618207   3.619294     2.1625 -9.990e-29      32.62 4.9511e-02 6.6910e+01    80.4053    5.62501    34.8746    34.8877    27.1759    1485.58    1483.16 0.0000e+00
       4460    200.000     7.9984     7.9970   3.618240   3.619337     2.1622 -9.990e-29      97.49 4.9478e-02 6.6416e+01    80.3561    5.62530    34.8746    34.8877    27.1759    1485.59    1483.18 0.0000e+00
       4483    201.000     7.9984     7.9970   3.618303   3.619394     2.1623 -9.990e-29      37.80 4.9505e-02 6.5963e+01    80.3837    5.62620    34.8748    34.8879    27.1760    1485.61    1483.19 0.0000e+00
       4506    202.000     7.9985     7.9971   3.618353   3.619451     2.1619 -9.990e-29      72.06 4.9508e-02 6.5956e+01    80.3250    5.62046    34.8747    34.8879    27.1760    1485.63    1483.20 0.0000e+00
       4531    203.000     7.9986     7.9973   3.618401   3.619522     2.1615 -9.990e-29      60.24 4.9517e-02 6.5956e+01    80.3573    5.62708    34.8747    34.8880    27.1759    1485.64    1483.21 0.0000e+00
       4556    204.000     7.9985     7.9971   3.618479   3.619563     2.1614 -9.990e-29      74.66 4.9485e-02 6.5956e+01    80.3362    5.62369    34.8751    34.8881    27.1763    1485.66    1483.22 0.0000e+00
       4579    205.000     7.9970     7.9955   3.618486   3.619567     2.1613 -9.990e-29      74.52 4.9496e-02 6.5956e+01    80.3749    5.62478    34.8762    34.8893    27.1774    1485.67    1483.24 0.0000e+00
       4600    206.000     7.9950     7.9937   3.618442   3.619523     2.1611 -9.990e-29      73.12 4.9492e-02 6.5956e+01    80.3690    5.62255    34.8772    34.8901    27.1785    1485.68    1483.25 0.0000e+00
       4621    207.000     7.9935     7.9922   3.618410   3.619490     2.1605 -9.990e-29      72.16 4.9502e-02 6.5956e+01    80.3722    5.61998    34.8779    34.8908    27.1792    1485.69    1483.26 0.0000e+00
       4643    208.000     7.9935     7.9921   3.618450   3.619539     2.1598 -9.990e-29      42.46 4.9515e-02 6.5956e+01    80.3515    5.61830    34.8778    34.8909    27.1792    1485.71    1483.27 0.0000e+00
       4667    209.000     7.9942     7.9927   3.618530   3.619609     2.1595 -9.990e-29      81.65 4.9487e-02 6.5956e+01    80.3415    5.61797    34.8775    34.8906    27.1788    1485.73    1483.28 0.0000e+00
       4694    210.000     7.9945     7.9928   3.618601   3.619665     2.1586 -9.990e-29      68.32 4.9511e-02 6.5956e+01    80.3646    5.61222    34.8775    34.8906    27.1788    1485.75    1483.30 0.0000e+00
       4721    211.000     7.9940     7.9924   3.618621   3.619681     2.1578 -9.990e-29      77.16 4.9503e-02 6.5956e+01    80.3488    5.61922    34.8777    34.8907    27.1790    1485.76    1483.31 0.0000e+00
       4745    212.000     7.9930     7.9917   3.618573   3.619682     2.1581 -9.990e-29      73.50 4.9496e-02 6.5956e+01    80.3721    5.62092    34.8777    34.8909    27.1792    1485.77    1483.32 0.0000e+00
       4766    213.000     7.9928     7.9913   3.618622   3.619690     2.1578 -9.990e-29      98.71 4.9509e-02 6.5956e+01    80.3735    5.61791    34.8780    34.8909    27.1794    1485.79    1483.33 0.0000e+00
       4786    214.000     7.9926     7.9915   3.618647   3.619776     2.1574 -9.990e-29      57.61 4.9509e-02 6.5956e+01    80.3654    5.61905    34.8780    34.8912    27.1794    1485.81    1483.34 0.0000e+00
       4806    215.000     7.9934     7.9923   3.618766   3.619892     2.1575 -9.990e-29      99.04 4.9481e-02 6.5956e+01    80.3366    5.62187    34.8779    34.8911    27.1793    1485.83    1483.35 0.0000e+00
       4827    216.000     7.9936     7.9919   3.618832   3.619874     2.1575 -9.990e-29      77.45 4.9487e-02 6.5956e+01    80.3628    5.62189    34.8780    34.8909    27.1793    1485.84    1483.37 0.0000e+00
       4850    217.000     7.9929     7.9913   3.618806   3.619881     2.1573 -9.990e-29      67.16 4.9497e-02 6.5956e+01    80.3625    5.62283    34.8779    34.8910    27.1793    1485.86    1483.38 0.0000e+00
       4876    218.000     7.9923     7.9911   3.618802   3.619913     2.1575 -9.990e-29      87.55 4.9501e-02 6.5956e+01    80.3474    5.62317    34.8780    34.8911    27.1795    1485.87    1483.39 0.0000e+00
       4902    219.000     7.9920     7.9906   3.618830   3.619906     2.1569 -9.990e-29      93.31 4.9482e-02 6.5956e+01    80.3486    5.61609    34.8781    34.8910    27.1796    1485.89    1483.40 0.0000e+00
       4927    220.000     7.9929     7.9912   3.618962   3.620016     2.1565 -9.990e-29      61.47 4.9481e-02 6.5956e+01    80.3767    5.61994    34.8781    34.8911    27.1795    1485.91    1483.41 0.0000e+00
       4950    221.000     7.9929     7.9913   3.618996   3.620075     2.1563 -9.990e-29      91.77 4.9465e-02 6.5956e+01    80.3378    5.61909    34.8780    34.8912    27.1794    1485.92    1483.42 0.0000e+00
       4971    222.000     7.9925     7.9910   3.619011   3.620087     2.1560 -9.990e-29      95.33 4.9496e-02 6.5956e+01    80.3934    5.61759    34.8781    34.8911    27.1795    1485.94    1483.43 0.0000e+00
       4993    223.000     7.9922     7.9908   3.619036   3.620123     2.1554 -9.990e-29      76.79 4.9475e-02 6.5956e+01    80.3512    5.61413    34.8782    34.8912    27.1797    1485.95    1483.44 0.0000e+00
       5016    224.000     7.9917     7.9904   3.619033   3.620121     2.1550 -9.990e-29      54.52 4.9493e-02 6.5956e+01    80.3522    5.62040    34.8782    34.8911    27.1797    1485.97    1483.46 0.0000e+00
       5038    225.000     7.9907     7.9894   3.618981   3.620072     2.1554 -9.990e-29      89.47 4.9505e-02 6.5956e+01    80.4031    5.61884    34.8781    34.8911    27.1798    1485.98    1483.47 0.0000e+00
       5059    226.000     7.9903     7.9890   3.618999   3.620089     2.1545 -9.990e-29      67.92 4.9466e-02 6.5956e+01    80.4018    5.61583    34.8782    34.8912    27.1800    1486.00    1483.48 0.0000e+00
       5080    227.000     7.9908     7.9894   3.619086   3.620172     2.1545 -9.990e-29      59.88 4.9493e-02 6.5956e+01    80.4373    5.61890    34.8782    34.8912    27.1799    1486.01    1483.49 0.0000e+00
       5105    228.000     7.9903     7.9888   3.619079   3.620128     2.1545    -0.0558      64.13 4.9489e-02 6.5956e+01    80.4190    5.62062    34.8781    34.8909    27.1799    1486.03    1483.50 0.0000e+00
       5130    229.000     7.9901     7.9888   3.619089   3.620179     2.1543    -0.0642      70.28 4.9489e-02 6.5956e+01    80.4030    5.62010    34.8779    34.8909    27.1798    1486.04    1483.51 0.0000e+00
