_data/ctd/2022603/sta0186.cnv
* Sea-Bird SBE 9 Data File:
* FileName = C:\Seabird\CTDData\sta0186.hex
* Software Version Seasave V 7.21f
* Temperature SN = 6264
* Conductivity SN = 4928
* Number of Bytes Per Scan = 40
* Number of Voltage Words = 5
* Number of Scans Averaged by the Deck Unit = 1
* NMEA Latitude = 61 12.13 N
* NMEA Longitude = 007 04.98 E
* NMEA UTC (Time) = Feb 14 2022 10:57:45
* NMEA baud rate = 4800
** Ship: R/V "Kristine Bonnevie"
** Station: 0186
** Echodepth: 260
** Log: 0723.665
** Wind-Dir/Force: 08 01
** Air-temp (dry): 3.2
** Weather Sky:
** Sea:
# nquan = 19                                
# nvalues = 254                         
# units = specified
# name 0 = scan: Scan Count
# name 1 = prDM: Pressure, Digiquartz [db]
# name 2 = t068C: Temperature [ITS-68, deg C]
# name 3 = t168C: Temperature, 2 [ITS-68, deg C]
# name 4 = c0S/m: Conductivity [S/m]
# name 5 = c1S/m: Conductivity, 2 [S/m]
# name 6 = sbeox0V: Oxygen raw, SBE 43 [V]
# name 7 = flECO-AFL: Fluorescence, WET Labs ECO-AFL/FL [mg/m^3]
# name 8 = altM: Altimeter [m]
# name 9 = par: PAR/Irradiance, Biospherical/Licor
# name 10 = spar: SPAR/Surface Irradiance
# name 11 = CStarTr0: Beam Transmission, WET Labs C-Star [%]
# name 12 = sbeox0ML/L: Oxygen, SBE 43 [ml/l], WS = 2
# name 13 = sal00: Salinity, Practical [PSU]
# name 14 = sal11: Salinity, Practical, 2 [PSU]
# name 15 = sigma-t00: Density [sigma-t, Kg/m^3 ]
# name 16 = svCM: Sound Velocity [Chen-Millero, m/s]
# name 17 = avgsvCM: Average Sound Velocity [Chen-Millero, m/s], minP = 1, minS = 5
# name 18 = flag: flag
# span 0 =        106,       5706       
# span 1 =      1.000,    254.000       
# span 2 =     3.6556,    10.1592       
# span 3 =     4.0541,    10.1560       
# span 4 =   2.237090,   3.652716       
# span 5 =   2.410796,   3.654378       
# span 6 =     1.3493,     2.4939       
# span 7 =    -0.0558,     0.8324       
# span 8 =       6.57,      99.15       
# span 9 = 4.9458e-02, 8.9205e+01       
# span 10 = 1.6989e+02, 1.9187e+02      
# span 11 =    76.0351,    81.1948      
# span 12 =    2.86537,    7.74105      
# span 13 =    23.4048,    34.1571      
# span 14 =    25.0946,    34.1732      
# span 15 =    18.6006,    26.5521      
# span 16 =    1450.26,    1488.88      
# span 17 =    1450.26,    1484.31      
# span 18 = 0.0000e+00, 0.0000e+00      
# interval = decibars: 1                
# start_time = Feb 14 2022 10:57:47 [System UTC, header]
# bad_flag = -9.990e-29
*END*
[from data line 229]
       5169    230.000     8.3981     8.3964   3.588724   3.590104     1.3797    -0.0183      66.84 4.9490e-02 1.6989e+02    79.4055    2.96898    34.1532    34.1695    26.5492    1486.70    1484.04 0.0000e+00
       5190    231.000     8.3981     8.3963   3.588778   3.590161     1.3785    -0.0179      25.21 4.9499e-02 1.6989e+02    79.3784    2.96250    34.1533    34.1697    26.5492    1486.71    1484.06 0.0000e+00
       5211    232.000     8.3981     8.3963   3.588851   3.590224     1.3771    -0.0179      66.24 4.9527e-02 1.6989e+02    79.3535    2.95378    34.1536    34.1699    26.5495    1486.73    1484.07 0.0000e+00
       5233    233.000     8.3981     8.3964   3.588903   3.590284     1.3753    -0.0112      27.24 4.9498e-02 1.6989e+02    79.3341    2.95057    34.1537    34.1700    26.5495    1486.75    1484.08 0.0000e+00
       5254    234.000     8.3982     8.3964   3.588969   3.590341     1.3741    -0.0169      26.72 4.9515e-02 1.6989e+02    79.3519    2.95108    34.1538    34.1701    26.5496    1486.76    1484.09 0.0000e+00
       5276    235.000     8.3981     8.3964   3.589028   3.590410     1.3732    -0.0209      26.17 4.9499e-02 1.6989e+02    79.3707    2.95056    34.1541    34.1704    26.5498    1486.78    1484.10 0.0000e+00
       5298    236.000     8.3982     8.3965   3.589093   3.590459     1.3724    -0.0170      25.30 4.9509e-02 1.6989e+02    79.3859    2.95282    34.1542    34.1703    26.5499    1486.80    1484.11 0.0000e+00
       5319    237.000     8.3983     8.3965   3.589143   3.590518     1.3720    -0.0131      23.89 4.9512e-02 1.6989e+02    79.3862    2.95265    34.1542    34.1705    26.5499    1486.81    1484.12 0.0000e+00
       5340    238.000     8.3984     8.3966   3.589202   3.590581     1.3713    -0.0254      22.77 4.9492e-02 1.6989e+02    79.3582    2.94571    34.1542    34.1706    26.5499    1486.83    1484.14 0.0000e+00
       5361    239.000     8.3984     8.3966   3.589262   3.590630     1.3705    -0.0468      21.72 4.9483e-02 1.6989e+02    79.3661    2.94345    34.1544    34.1706    26.5500    1486.85    1484.15 0.0000e+00
       5383    240.000     8.3984     8.3967   3.589325   3.590697     1.3695    -0.0481      20.60 4.9492e-02 1.6989e+02    79.3589    2.94277    34.1546    34.1708    26.5502    1486.86    1484.16 0.0000e+00
       5404    241.000     8.3984     8.3968   3.589378   3.590762     1.3690    -0.0175      19.90 4.9472e-02 1.6989e+02    79.3713    2.94340    34.1547    34.1709    26.5503    1486.88    1484.17 0.0000e+00
       5426    242.000     8.3985     8.3968   3.589450   3.590823     1.3686    -0.0350      18.88 4.9496e-02 1.6989e+02    79.3413    2.94258    34.1549    34.1711    26.5504    1486.90    1484.18 0.0000e+00
       5447    243.000     8.3986     8.3969   3.589505   3.590885     1.3681    -0.0416      17.58 4.9485e-02 1.6989e+02    79.3101    2.94110    34.1549    34.1712    26.5504    1486.91    1484.19 0.0000e+00
       5468    244.000     8.3985     8.3968   3.589597   3.590960     1.3673    -0.0379      16.44 4.9511e-02 1.6989e+02    79.2740    2.93237    34.1555    34.1716    26.5509    1486.93    1484.20 0.0000e+00
       5489    245.000     8.3985     8.3968   3.589655   3.591032     1.3662    -0.0144      15.66 4.9473e-02 1.6989e+02    79.2719    2.92894    34.1556    34.1719    26.5510    1486.95    1484.21 0.0000e+00
       5510    246.000     8.3985     8.3968   3.589716   3.591092     1.3652    -0.0394      14.68 4.9472e-02 1.6989e+02    79.1907    2.92217    34.1558    34.1720    26.5512    1486.96    1484.23 0.0000e+00
       5531    247.000     8.3985     8.3969   3.589783   3.591155     1.3637    -0.0169      13.76 4.9498e-02 1.6989e+02    79.1290    2.91519    34.1561    34.1721    26.5513    1486.98    1484.24 0.0000e+00
       5552    248.000     8.3986     8.3969   3.589848   3.591228     1.3621    -0.0096      12.36 4.9479e-02 1.6989e+02    79.0713    2.90940    34.1562    34.1725    26.5514    1487.00    1484.25 0.0000e+00
       5573    249.000     8.3986     8.3970   3.589904   3.591285     1.3605    -0.0205      11.50 4.9525e-02 1.6989e+02    79.0625    2.89998    34.1563    34.1725    26.5515    1487.01    1484.26 0.0000e+00
       5594    250.000     8.3987     8.3971   3.589963   3.591349     1.3583    -0.0409      10.61 4.9518e-02 1.6989e+02    78.9672    2.88749    34.1564    34.1726    26.5516    1487.03    1484.27 0.0000e+00
       5615    251.000     8.3988     8.3971   3.590037   3.591406     1.3558    -0.0081       9.64 4.9479e-02 1.6989e+02    78.9147    2.88171    34.1566    34.1727    26.5517    1487.05    1484.28 0.0000e+00
       5636    252.000     8.3989     8.3972   3.590094   3.591471     1.3541    -0.0065       8.65 4.9472e-02 1.7055e+02    78.8669    2.88212    34.1566    34.1729    26.5517    1487.06    1484.29 0.0000e+00
       5657    253.000     8.3988     8.3972   3.590159   3.591531     1.3524    -0.0112       7.65 4.9485e-02 1.7064e+02    78.7297    2.87740    34.1570    34.1730    26.5520    1487.08    1484.30 0.0000e+00
       5706    254.000     8.3988     8.3972   3.590218   3.591595     1.3493    -0.0094       6.57 4.9488e-02 1.7019e+02    78.4119    2.86537    34.1571    34.1732    26.5521    1487.10    1484.31 0.0000e+00
