_data/ctd/2022603/sta0198.cnv
* Sea-Bird SBE 9 Data File:
* FileName = C:\Seabird\CTDData\sta0198.hex
* Software Version Seasave V 7.21f
* Temperature SN = 6264
* Conductivity SN = 4928
* Number of Bytes Per Scan = 40
* Number of Voltage Words = 5
* Number of Scans Averaged by the Deck Unit = 1
* NMEA Latitude = 61 05.87 N
* NMEA Longitude = 006 28.48 E
* NMEA UTC (Time) = Feb 14 2022 22:02:32
* NMEA baud rate = 4800
** Ship: R/V "Kristine Bonnevie"
** Station: 0198
** Echodepth: 1176
** Log: 0783.995
** Wind-Dir/Force: 45 26
** Air-temp (dry): 3.7
** Weather Sky:
** Sea:
# nquan = 19                                
# nvalues = 1188                        
# units = specified
# name 0 = scan: Scan Count
# name 1 = prDM: Pressure, Digiquartz [db]
# name 2 = t068C: Temperature [ITS-68, deg C]
# name 3 = t168C: Temperature, 2 [ITS-68, deg C]
# name 4 = c0S/m: Conductivity [S/m]
# name 5 = c1S/m: Conductivity, 2 [S/m]
# name 6 = sbeox0V: Oxygen raw, SBE 43 [V]
# name 7 = flECO-AFL: Fluorescence, WET Labs ECO-AFL/FL [mg/m^3]
# name 8 = altM: Altimeter [m]
# name 9 = par: PAR/Irradiance, Biospherical/Licor
# name 10 = spar: SPAR/Surface Irradiance
# name 11 = CStarTr0: Beam Transmission, WET Labs C-Star [%]
# name 12 = sbeox0ML/L: Oxygen, SBE 43 [ml/l], WS = 2
# name 13 = sal00: Salinity, Practical [PSU]
# name 14 = sal11: Salinity, Practical, 2 [PSU]
# name 15 = sigma-t00: Density [sigma-t, Kg/m^3 ]
# name 16 = svCM: Sound Velocity [Chen-Millero, m/s]
# name 17 = avgsvCM: Average Sound Velocity [Chen-Millero, m/s], minP = 1, minS = 5
# name 18 = flag: flag
# span 0 =        135,      28546       
# span 1 =      2.000,   1189.000       
# span 2 =     5.2888,     9.9922       
# span 3 =     5.2867,     9.9905       
# span 4 =   2.903172,   3.710665       
# span 5 =   2.903700,   3.712009       
# span 6 =     1.5492,     2.4749       
# span 7 =    -0.1006,     0.7910       
# span 8 =       5.51,     100.17       
# span 9 = 4.8502e-02, 7.3919e-01       
# span 10 = 0.0000e+00, 0.0000e+00      
# span 11 =    79.4360,    81.9693      
# span 12 =    4.07507,    7.14064      
# span 13 =    29.6589,    35.0229      
# span 14 =    29.6667,    35.0391      
# span 15 =    23.4137,    27.3648      
# span 16 =    1465.15,    1500.33      
# span 17 =    1465.15,    1490.98      
# span 18 = 0.0000e+00, 0.0000e+00      
# interval = decibars: 1                
# start_time = Feb 14 2022 22:02:34 [System UTC, header]
# bad_flag = -9.990e-29
*END*
[from data line 1067]
      23761   1069.000     7.5134     7.5123   3.625171   3.626547     1.5666    -0.0586      81.76 4.9490e-02 0.0000e+00    81.5672    4.08638    35.0227    35.0387    27.3639    1498.29    1490.05 0.0000e+00
      23783   1070.000     7.5135     7.5124   3.625215   3.626600     1.5663    -0.0635      64.32 4.9481e-02 0.0000e+00    81.5659    4.08202    35.0227    35.0387    27.3639    1498.30    1490.06 0.0000e+00
      23806   1071.000     7.5137     7.5124   3.625266   3.626649     1.5662    -0.0616      61.52 4.9514e-02 0.0000e+00    81.5740    4.08399    35.0225    35.0387    27.3637    1498.32    1490.07 0.0000e+00
      23830   1072.000     7.5138     7.5126   3.625318   3.626704     1.5660    -0.0681      95.41 4.9497e-02 0.0000e+00    81.5701    4.08473    35.0225    35.0387    27.3637    1498.34    1490.07 0.0000e+00
      23855   1073.000     7.5139     7.5126   3.625365   3.626758     1.5661    -0.0708      66.29 4.9495e-02 0.0000e+00    81.5748    4.08637    35.0225    35.0388    27.3637    1498.35    1490.08 0.0000e+00
      23880   1074.000     7.5139     7.5128   3.625412   3.626812     1.5660    -0.0676      97.39 4.9500e-02 0.0000e+00    81.5849    4.08721    35.0225    35.0387    27.3637    1498.37    1490.09 0.0000e+00
      23905   1075.000     7.5140     7.5129   3.625471   3.626860     1.5661    -0.0616      82.65 4.9508e-02 0.0000e+00    81.6008    4.08572    35.0226    35.0387    27.3638    1498.39    1490.10 0.0000e+00
      23931   1076.000     7.5142     7.5130   3.625532   3.626917     1.5657    -0.0620      71.22 4.9503e-02 0.0000e+00    81.5765    4.07999    35.0226    35.0387    27.3637    1498.41    1490.10 0.0000e+00
      23956   1077.000     7.5143     7.5131   3.625588   3.626968     1.5654    -0.0631      88.99 4.9508e-02 0.0000e+00    81.5978    4.08309    35.0227    35.0387    27.3638    1498.42    1490.11 0.0000e+00
      23981   1078.000     7.5145     7.5133   3.625635   3.627023     1.5652    -0.0644      64.29 4.9495e-02 0.0000e+00    81.5861    4.08030    35.0225    35.0387    27.3636    1498.44    1490.12 0.0000e+00
      24005   1079.000     7.5145     7.5133   3.625693   3.627075     1.5647    -0.0637      70.13 4.9511e-02 0.0000e+00    81.5799    4.07816    35.0227    35.0388    27.3637    1498.46    1490.13 0.0000e+00
      24028   1080.000     7.5147     7.5135   3.625748   3.627131     1.5644    -0.0637      81.89 4.9493e-02 0.0000e+00    81.5832    4.08411    35.0226    35.0387    27.3637    1498.47    1490.13 0.0000e+00
      24051   1081.000     7.5148     7.5136   3.625803   3.627186     1.5648    -0.0664      90.62 4.9524e-02 0.0000e+00    81.5816    4.08611    35.0226    35.0387    27.3637    1498.49    1490.14 0.0000e+00
      24074   1082.000     7.5149     7.5137   3.625857   3.627238     1.5643    -0.0642      98.79 4.9515e-02 0.0000e+00    81.5642    4.08432    35.0227    35.0387    27.3637    1498.51    1490.15 0.0000e+00
      24096   1083.000     7.5149     7.5138   3.625906   3.627286     1.5649    -0.0610      98.36 4.9493e-02 0.0000e+00    81.5838    4.09029    35.0227    35.0387    27.3637    1498.52    1490.16 0.0000e+00
      24119   1084.000     7.5151     7.5139   3.625956   3.627340     1.5646 -9.990e-29      66.11 4.9487e-02 0.0000e+00    81.5726    4.08367    35.0226    35.0387    27.3636    1498.54    1490.17 0.0000e+00
      24142   1085.000     7.5152     7.5141   3.626013   3.627400     1.5646 -9.990e-29      98.50 4.9529e-02 0.0000e+00    81.5711    4.08539    35.0227    35.0387    27.3636    1498.56    1490.17 0.0000e+00
      24165   1086.000     7.5153     7.5141   3.626067   3.627443     1.5646 -9.990e-29      98.78 4.9530e-02 0.0000e+00    81.5804    4.08609    35.0227    35.0387    27.3636    1498.58    1490.18 0.0000e+00
      24189   1087.000     7.5154     7.5142   3.626115   3.627508     1.5642 -9.990e-29      66.86 4.9502e-02 0.0000e+00    81.5691    4.08434    35.0226    35.0389    27.3636    1498.59    1490.19 0.0000e+00
      24213   1088.000     7.5155     7.5143   3.626157   3.627549     1.5641    -0.0638      98.97 9.9747e-02 0.0000e+00    81.5701    4.08337    35.0225    35.0387    27.3635    1498.61    1490.20 0.0000e+00
      24237   1089.000     7.5156     7.5145   3.626219   3.627603     1.5642    -0.0659      94.62 5.0126e-02 0.0000e+00    81.5907    4.09054    35.0227    35.0387    27.3636    1498.63    1490.20 0.0000e+00
      24261   1090.000     7.5157     7.5146   3.626266   3.627655     1.5642    -0.0631      49.80 4.9520e-02 0.0000e+00    81.5969    4.08599    35.0226    35.0387    27.3635    1498.64    1490.21 0.0000e+00
      24285   1091.000     7.5158     7.5147   3.626330   3.627715     1.5642    -0.0638      98.62 4.9512e-02 0.0000e+00    81.5586    4.08944    35.0227    35.0388    27.3636    1498.66    1490.22 0.0000e+00
      24308   1092.000     7.5160     7.5148   3.626382   3.627767     1.5642    -0.0615      88.13 4.9518e-02 0.0000e+00    81.5922    4.08760    35.0226    35.0388    27.3635    1498.68    1490.23 0.0000e+00
      24332   1093.000     7.5161     7.5149   3.626441   3.627814     1.5639    -0.0602      46.49 4.9514e-02 0.0000e+00    81.5815    4.08597    35.0227    35.0387    27.3635    1498.69    1490.23 0.0000e+00
      24355   1094.000     7.5162     7.5151   3.626498   3.627879     1.5639    -0.0680      98.64 4.9518e-02 0.0000e+00    81.5705    4.08852    35.0228    35.0387    27.3636    1498.71    1490.24 0.0000e+00
      24378   1095.000     7.5163     7.5152   3.626541   3.627931     1.5638    -0.0574      79.91 4.9518e-02 0.0000e+00    81.5839    4.08671    35.0227    35.0387    27.3635    1498.73    1490.25 0.0000e+00
      24401   1096.000     7.5165     7.5152   3.626592   3.627978     1.5636    -0.0530      36.40 4.9494e-02 0.0000e+00    81.5726    4.08875    35.0226    35.0388    27.3634    1498.75    1490.26 0.0000e+00
      24424   1097.000     7.5166     7.5154   3.626647   3.628031     1.5639 -9.990e-29      90.96 4.9517e-02 0.0000e+00    81.5529    4.09270    35.0226    35.0387    27.3634    1498.76    1490.27 0.0000e+00
      24447   1098.000     7.5167     7.5155   3.626701   3.628082     1.5637 -9.990e-29      67.48 4.9518e-02 0.0000e+00    81.5701    4.08834    35.0226    35.0387    27.3634    1498.78    1490.27 0.0000e+00
      24470   1099.000     7.5168     7.5156   3.626747   3.628138     1.5637 -9.990e-29      98.81 4.9503e-02 0.0000e+00    81.5678    4.09072    35.0226    35.0387    27.3633    1498.80    1490.28 0.0000e+00
      24494   1100.000     7.5169     7.5157   3.626797   3.628184     1.5637 -9.990e-29      98.78 4.9514e-02 0.0000e+00    81.5743    4.08807    35.0225    35.0387    27.3633    1498.81    1490.29 0.0000e+00
      24519   1101.000     7.5170     7.5158   3.626857   3.628243     1.5633 -9.990e-29      56.13 4.9520e-02 0.0000e+00    81.5825    4.08786    35.0226    35.0388    27.3633    1498.83    1490.30 0.0000e+00
      24543   1102.000     7.5170     7.5159   3.626907   3.628292     1.5633 -9.990e-29      47.42 4.9526e-02 0.0000e+00    81.5759    4.08769    35.0227    35.0387    27.3634    1498.85    1490.30 0.0000e+00
      24567   1103.000     7.5172     7.5159   3.626955   3.628346     1.5631 -9.990e-29      85.26 4.9506e-02 0.0000e+00    81.5838    4.08683    35.0226    35.0388    27.3633    1498.86    1490.31 0.0000e+00
      24592   1104.000     7.5172     7.5161   3.627014   3.628397     1.5626 -9.990e-29      77.68 4.9509e-02 0.0000e+00    81.5761    4.08210    35.0227    35.0387    27.3634    1498.88    1490.32 0.0000e+00
      24615   1105.000     7.5174     7.5162   3.627071   3.628453     1.5623 -9.990e-29      99.20 4.9512e-02 0.0000e+00    81.5849    4.08594    35.0227    35.0388    27.3633    1498.90    1490.33 0.0000e+00
      24639   1106.000     7.5175     7.5163   3.627117   3.628515     1.5621 -9.990e-29      98.78 4.9508e-02 0.0000e+00    81.5750    4.08395    35.0226    35.0389    27.3633    1498.92    1490.33 0.0000e+00
      24662   1107.000     7.5176     7.5164   3.627168   3.628556     1.5619 -9.990e-29      70.60 4.9476e-02 0.0000e+00    81.5721    4.08834    35.0226    35.0388    27.3632    1498.93    1490.34 0.0000e+00
      24685   1108.000     7.5177     7.5165   3.627228   3.628611     1.5622 -9.990e-29      98.77 4.9528e-02 0.0000e+00    81.5648    4.09200    35.0227    35.0388    27.3633    1498.95    1490.35 0.0000e+00
      24707   1109.000     7.5178     7.5166   3.627283   3.628665     1.5621 -9.990e-29      98.78 4.9518e-02 0.0000e+00    81.5661    4.08662    35.0227    35.0388    27.3633    1498.97    1490.36 0.0000e+00
      24730   1110.000     7.5179     7.5167   3.627335   3.628714     1.5618 -9.990e-29      71.25 4.9494e-02 0.0000e+00    81.5810    4.08759    35.0228    35.0388    27.3633    1498.98    1490.37 0.0000e+00
      24753   1111.000     7.5181     7.5169   3.627384   3.628774     1.5620 -9.990e-29      89.28 4.9490e-02 0.0000e+00    81.5894    4.08949    35.0226    35.0388    27.3632    1499.00    1490.37 0.0000e+00
      24775   1112.000     7.5182     7.5170   3.627439   3.628821     1.5617 -9.990e-29      98.47 4.9505e-02 0.0000e+00    81.5833    4.08707    35.0227    35.0387    27.3632    1499.02    1490.38 0.0000e+00
      24798   1113.000     7.5182     7.5171   3.627491   3.628870     1.5616 -9.990e-29      73.42 4.9505e-02 0.0000e+00    81.5945    4.08639    35.0228    35.0387    27.3633    1499.03    1490.39 0.0000e+00
      24820   1114.000     7.5183     7.5172   3.627536   3.628922     1.5612 -9.990e-29      73.51 4.9490e-02 0.0000e+00    81.5595    4.08278    35.0227    35.0387    27.3632    1499.05    1490.40 0.0000e+00
      24843   1115.000     7.5184     7.5173   3.627591   3.628980     1.5609 -9.990e-29      88.40 4.9500e-02 0.0000e+00    81.5807    4.08237    35.0227    35.0388    27.3632    1499.07    1490.40 0.0000e+00
      24866   1116.000     7.5186     7.5174   3.627645   3.629028     1.5607 -9.990e-29      80.02 4.9506e-02 0.0000e+00    81.5587    4.09043    35.0226    35.0387    27.3631    1499.09    1490.41 0.0000e+00
      24889   1117.000     7.5186     7.5175   3.627699   3.629090     1.5609 -9.990e-29      67.12 4.9518e-02 0.0000e+00    81.5553    4.09047    35.0228    35.0389    27.3632    1499.10    1490.42 0.0000e+00
      24912   1118.000     7.5188     7.5176   3.627760   3.629139     1.5609    -0.0629      95.95 4.9505e-02 0.0000e+00    81.5709    4.08408    35.0228    35.0388    27.3632    1499.12    1490.43 0.0000e+00
      24935   1119.000     7.5188     7.5177   3.627811   3.629193     1.5604    -0.0633      89.53 4.9499e-02 0.0000e+00    81.5684    4.08476    35.0229    35.0388    27.3633    1499.14    1490.43 0.0000e+00
      24957   1120.000     7.5190     7.5178   3.627847   3.629244     1.5604    -0.0576      51.05 4.9508e-02 0.0000e+00    81.5759    4.08832    35.0226    35.0388    27.3630    1499.15    1490.44 0.0000e+00
      24980   1121.000     7.5191     7.5179   3.627913   3.629296     1.5602    -0.0674      97.77 4.9499e-02 0.0000e+00    81.5720    4.08372    35.0227    35.0388    27.3631    1499.17    1490.45 0.0000e+00
      25002   1122.000     7.5192     7.5180   3.627963   3.629347     1.5600    -0.0547      87.65 4.9483e-02 0.0000e+00    81.5804    4.08760    35.0227    35.0388    27.3631    1499.19    1490.46 0.0000e+00
      25024   1123.000     7.5194     7.5181   3.628015   3.629403     1.5600 -9.990e-29      30.73 4.9515e-02 0.0000e+00    81.5747    4.08742    35.0226    35.0389    27.3630    1499.20    1490.47 0.0000e+00
      25047   1124.000     7.5195     7.5182   3.628064   3.629455     1.5597 -9.990e-29      99.29 4.9508e-02 0.0000e+00    81.5666    4.08378    35.0226    35.0389    27.3629    1499.22    1490.47 0.0000e+00
      25069   1125.000     7.5196     7.5184   3.628119   3.629516     1.5596 -9.990e-29      75.63 4.9521e-02 0.0000e+00    81.5643    4.08720    35.0226    35.0389    27.3630    1499.24    1490.48 0.0000e+00
      25090   1126.000     7.5197     7.5185   3.628179   3.629559     1.5595 -9.990e-29      43.26 4.9518e-02 0.0000e+00    81.5736    4.08800    35.0227    35.0388    27.3630    1499.26    1490.49 0.0000e+00
      25111   1127.000     7.5198     7.5186   3.628225   3.629617     1.5596 -9.990e-29      76.31 4.9496e-02 0.0000e+00    81.5657    4.08859    35.0227    35.0389    27.3630    1499.27    1490.50 0.0000e+00
      25133   1128.000     7.5199     7.5186   3.628276   3.629670     1.5594 -9.990e-29      68.39 4.9496e-02 0.0000e+00    81.5578    4.08675    35.0227    35.0390    27.3629    1499.29    1490.50 0.0000e+00
      25155   1129.000     7.5200     7.5187   3.628329   3.629721     1.5592 -9.990e-29      87.03 4.9492e-02 0.0000e+00    81.5571    4.08426    35.0227    35.0390    27.3629    1499.31    1490.51 0.0000e+00
      25176   1130.000     7.5201     7.5189   3.628391   3.629774     1.5591 -9.990e-29      93.12 4.9490e-02 0.0000e+00    81.5640    4.09162    35.0228    35.0389    27.3630    1499.32    1490.52 0.0000e+00
      25198   1131.000     7.5202     7.5190   3.628431   3.629823     1.5593 -9.990e-29      76.58 4.9508e-02 0.0000e+00    81.5699    4.09131    35.0226    35.0388    27.3629    1499.34    1490.53 0.0000e+00
      25220   1132.000     7.5203     7.5191   3.628496   3.629875     1.5593 -9.990e-29      58.39 4.9515e-02 0.0000e+00    81.5701    4.08794    35.0228    35.0388    27.3630    1499.36    1490.54 0.0000e+00
      25243   1133.000     7.5204     7.5192   3.628547   3.629932     1.5590 -9.990e-29      96.22 4.9502e-02 0.0000e+00    81.5646    4.08929    35.0228    35.0389    27.3630    1499.37    1490.54 0.0000e+00
      25265   1134.000     7.5205     7.5193   3.628596   3.629994     1.5590 -9.990e-29      92.00 4.9496e-02 0.0000e+00    81.5619    4.08218    35.0228    35.0390    27.3629    1499.39    1490.55 0.0000e+00
      25287   1135.000     7.5206     7.5195   3.628648   3.630037     1.5582 -9.990e-29      19.73 4.9496e-02 0.0000e+00    81.5609    4.07834    35.0228    35.0388    27.3629    1499.41    1490.56 0.0000e+00
      25309   1136.000     7.5207     7.5196   3.628699   3.630093     1.5580    -0.0431      97.80 4.9506e-02 0.0000e+00    81.5714    4.08877    35.0228    35.0389    27.3629    1499.43    1490.57 0.0000e+00
      25331   1137.000     7.5209     7.5197   3.628760   3.630147     1.5580    -0.0434      89.23 4.9502e-02 0.0000e+00    81.5560    4.08726    35.0228    35.0389    27.3629    1499.44    1490.57 0.0000e+00
      25353   1138.000     7.5210     7.5198   3.628810   3.630203     1.5580    -0.0597      63.06 4.9485e-02 0.0000e+00    81.5631    4.08857    35.0227    35.0389    27.3628    1499.46    1490.58 0.0000e+00
      25375   1139.000     7.5211     7.5199   3.628861   3.630246     1.5580    -0.0614      97.50 4.9515e-02 0.0000e+00    81.5801    4.08352    35.0227    35.0388    27.3628    1499.48    1490.59 0.0000e+00
      25397   1140.000     7.5212     7.5201   3.628912   3.630300     1.5572    -0.0559      87.15 4.9489e-02 0.0000e+00    81.5360    4.08124    35.0227    35.0388    27.3628    1499.49    1490.60 0.0000e+00
      25418   1141.000     7.5212     7.5202   3.628967   3.630357     1.5574 -9.990e-29      25.81 4.9459e-02 0.0000e+00    81.5664    4.08984    35.0229    35.0388    27.3629    1499.51    1490.60 0.0000e+00
      25440   1142.000     7.5213     7.5203   3.629018   3.630406     1.5573 -9.990e-29      99.10 4.9509e-02 0.0000e+00    81.5762    4.08847    35.0228    35.0388    27.3629    1499.53    1490.61 0.0000e+00
      25461   1143.000     7.5215     7.5204   3.629066   3.630457     1.5574 -9.990e-29      75.44 4.9490e-02 0.0000e+00    81.5749    4.08511    35.0227    35.0388    27.3627    1499.54    1490.62 0.0000e+00
