_data/ctd/2022603/sta0210.cnv
* Sea-Bird SBE 9 Data File:
* FileName = C:\Seabird\CTDData\sta0210.hex
* Software Version Seasave V 7.21f
* Temperature SN = 6264
* Conductivity SN = 4928
* Number of Bytes Per Scan = 40
* Number of Voltage Words = 5
* Number of Scans Averaged by the Deck Unit = 1
* NMEA Latitude = 61 28.27 N
* NMEA Longitude = 005 38.62 E
* NMEA UTC (Time) = Feb 16 2022 01:35:18
* NMEA baud rate = 4800
** Ship: R/V "Kristine Bonnevie"
** Station: 0210
** Echodepth: 319
** Log: 0913.563
** Wind-Dir/Force: 20 08
** Air-temp (dry): 1.9
** Weather Sky:
** Sea:
# nquan = 19                                
# nvalues = 314                         
# units = specified
# name 0 = scan: Scan Count
# name 1 = prDM: Pressure, Digiquartz [db]
# name 2 = t068C: Temperature [ITS-68, deg C]
# name 3 = t168C: Temperature, 2 [ITS-68, deg C]
# name 4 = c0S/m: Conductivity [S/m]
# name 5 = c1S/m: Conductivity, 2 [S/m]
# name 6 = sbeox0V: Oxygen raw, SBE 43 [V]
# name 7 = flECO-AFL: Fluorescence, WET Labs ECO-AFL/FL [mg/m^3]
# name 8 = altM: Altimeter [m]
# name 9 = par: PAR/Irradiance, Biospherical/Licor
# name 10 = spar: SPAR/Surface Irradiance
# name 11 = CStarTr0: Beam Transmission, WET Labs C-Star [%]
# name 12 = sbeox0ML/L: Oxygen, SBE 43 [ml/l], WS = 2
# name 13 = sal00: Salinity, Practical [PSU]
# name 14 = sal11: Salinity, Practical, 2 [PSU]
# name 15 = sigma-t00: Density [sigma-t, Kg/m^3 ]
# name 16 = svCM: Sound Velocity [Chen-Millero, m/s]
# name 17 = avgsvCM: Average Sound Velocity [Chen-Millero, m/s], minP = 1, minS = 5
# name 18 = flag: flag
# span 0 =         -7,       7249       
# span 1 =      1.000,    314.000       
# span 2 =     5.7422,    10.0425       
# span 3 =     5.6934,    10.0404       
# span 4 =   2.665725,   3.702766       
# span 5 =   2.681870,   3.704300       
# span 6 =     1.6981,     2.4598       
# span 7 =    -0.0770,     0.2902       
# span 8 =       7.20,      99.38       
# span 9 = 4.9445e-02, 1.0564e+00       
# span 10 = 0.0000e+00, 0.0000e+00      
# span 11 =    77.8399,    81.3925      
# span 12 =    3.96466,    7.09763      
# span 13 =    26.6370,    34.7468      
# span 14 =    26.8534,    34.7635      
# span 15 =    20.9792,    27.0207      
# span 16 =    1463.16,    1489.10      
# span 17 =    1463.16,    1486.60      
# span 18 = 0.0000e+00, 0.0000e+00      
# interval = decibars: 1                
# start_time = Feb 16 2022 01:35:20 [System UTC, header]
# bad_flag = -9.990e-29
*END*
         -7      1.000     5.7422     5.6934   2.665725   2.681870     2.4302     0.2902      98.82 1.0564e+00 0.0000e+00    78.1245    7.09763    26.6370    26.8534    20.9792    1463.16    1463.16 0.0000e+00
         47      2.000     6.3984     6.4260   2.864077   2.880994     2.4328     0.2148      98.82 6.9911e-01 0.0000e+00    78.4252    6.96347    28.2750    28.4362    22.1984    1467.89    1465.52 0.0000e+00
         76      3.000     6.9486     6.9049   3.023311   3.021940     2.4377     0.2173      98.82 4.1989e-01 0.0000e+00    77.8399    6.88408    29.5362    29.5589    23.1247    1471.67    1467.57 0.0000e+00
         98      4.000     7.4492     7.3868   3.122509   3.118983     2.4467     0.1779      98.82 3.3999e-01 0.0000e+00    78.1588    6.81396    30.1685    30.1851    23.5571    1474.43    1469.28 0.0000e+00
        121      5.000     7.9880     7.9886   3.236170   3.245131     2.4542     0.1390      98.82 2.2330e-01 0.0000e+00    79.2669    6.69232    30.9042    30.9984    24.0608    1477.43    1470.90 0.0000e+00
        147      6.000     8.2110     8.1280   3.291341   3.274020     2.4598     0.0865      98.82 1.8210e-01 0.0000e+00    79.4576    6.59496    31.2882    31.1795    24.3303    1478.77    1472.21 0.0000e+00
        175      7.000     8.5494     8.4786   3.368020   3.358935     2.4532     0.0641      98.82 1.4018e-01 0.0000e+00    79.7243    6.38407    31.7899    31.7585    24.6739    1480.68    1473.41 0.0000e+00
        202      8.000     8.6886     8.6841   3.394176   3.395949     2.4383     0.0250      98.82 1.0618e-01 0.0000e+00    79.9108    6.25988    31.9374    31.9600    24.7686    1481.40    1474.40 0.0000e+00
        227      9.000     8.8840     8.8753   3.429668   3.431323     2.4203 -9.990e-29      98.82 8.6287e-02 0.0000e+00    80.1825    6.13682    32.1301    32.1552    24.8898    1482.38    1475.29 0.0000e+00
        252     10.000     8.8099     8.8144   3.429533   3.431000     2.4012 -9.990e-29      98.82 7.1824e-02 0.0000e+00    80.3949    6.09044    32.1955    32.2067    24.9522    1482.20    1475.98 0.0000e+00
        277     11.000     8.8937     8.8885   3.444857   3.446240     2.3826 -9.990e-29      98.82 5.7526e-02 0.0000e+00    80.5444    6.01273    32.2784    32.2975    25.0043    1482.64    1476.58 0.0000e+00
        302     12.000     8.8944     8.8921   3.454427   3.456188     2.3656    -0.0253      98.82 5.1949e-02 0.0000e+00    80.5696    5.98303    32.3769    32.3973    25.0813    1482.77    1477.09 0.0000e+00
        326     13.000     8.9713     8.9687   3.470337   3.471960     2.3516    -0.0219      98.82 4.9903e-02 0.0000e+00    80.6410    5.95248    32.4717    32.4909    25.1436    1483.19    1477.56 0.0000e+00
        350     14.000     9.1800     9.1597   3.502425   3.504425     2.3420    -0.0324      98.82 4.9496e-02 0.0000e+00    80.7193    5.92379    32.6131    32.6524    25.2217    1484.15    1478.03 0.0000e+00
        374     15.000     9.2866     9.2816   3.520029   3.521664     2.3347    -0.0443      98.81 4.9485e-02 0.0000e+00    80.7752    5.90472    32.6970    32.7185    25.2704    1484.67    1478.47 0.0000e+00
        398     16.000     9.3846     9.3788   3.536304   3.537868     2.3291    -0.0239      98.82 4.9481e-02 0.0000e+00    80.8104    5.86549    32.7746    32.7960    25.3155    1485.14    1478.89 0.0000e+00
        422     17.000     9.4215     9.4235   3.543270   3.544656     2.3212    -0.0279      98.81 4.9491e-02 0.0000e+00    80.8526    5.81335    32.8121    32.8245    25.3388    1485.34    1479.26 0.0000e+00
        445     18.000     9.3103     9.2959   3.541259   3.542462     2.3114    -0.0516      98.81 4.9445e-02 0.0000e+00    80.9291    5.75946    32.8930    32.9187    25.4199    1485.04    1479.58 0.0000e+00
        469     19.000     9.7078     9.6907   3.594188   3.595596     2.2967    -0.0524      98.81 4.9491e-02 0.0000e+00    80.9511    5.67272    33.0708    33.1009    25.4945    1486.73    1479.96 0.0000e+00
        493     20.000     9.7035     9.7103   3.596325   3.597875     2.2911    -0.0545      98.81 4.9474e-02 0.0000e+00    80.9496    5.71356    33.0961    33.1057    25.5150    1486.76    1480.30 0.0000e+00
        517     21.000     9.5919     9.5849   3.587603   3.588774     2.2859    -0.0558      98.81 4.9469e-02 0.0000e+00    81.0017    5.65488    33.1092    33.1276    25.5435    1486.39    1480.58 0.0000e+00
        541     22.000     9.9041     9.8854   3.628044   3.629612     2.2706    -0.0558      98.81 4.9491e-02 0.0000e+00    81.0377    5.53638    33.2344    33.2676    25.5899    1487.69    1480.91 0.0000e+00
        564     23.000     9.8422     9.8563   3.622634   3.624300     2.2614    -0.0558      98.81 4.9468e-02 0.0000e+00    81.0309    5.57668    33.2359    33.2399    25.6013    1487.48    1481.19 0.0000e+00
        588     24.000     9.5572     9.5655   3.598779   3.600307     2.2552    -0.0558      98.80 4.9469e-02 0.0000e+00    81.0566    5.55287    33.2547    33.2627    25.6628    1486.49    1481.41 0.0000e+00
        611     25.000     9.6899     9.6770   3.619030   3.620836     2.2402    -0.0558      32.37 4.9479e-02 0.0000e+00    81.0635    5.45465    33.3390    33.3694    25.7070    1487.09    1481.64 0.0000e+00
        635     26.000     9.7171     9.7221   3.627377   3.628984     2.2293 -9.990e-29      98.32 4.9469e-02 0.0000e+00    81.0975    5.49490    33.3988    33.4106    25.7492    1487.28    1481.85 0.0000e+00
        658     27.000     9.7120     9.7063   3.632296   3.633905     2.2275 -9.990e-29      98.80 4.9468e-02 0.0000e+00    81.1118    5.52163    33.4535    33.4753    25.7928    1487.34    1482.06 0.0000e+00
        682     28.000     9.7343     9.7337   3.641410   3.642888     2.2243 -9.990e-29      30.27 4.9487e-02 0.0000e+00    81.0819    5.49675    33.5256    33.5413    25.8454    1487.53    1482.25 0.0000e+00
        705     29.000     9.6921     9.6900   3.640942   3.642478     2.2210    -0.0517      98.84 4.9491e-02 0.0000e+00    81.0902    5.48713    33.5597    33.5774    25.8791    1487.43    1482.43 0.0000e+00
        729     30.000     9.7454     9.7419   3.648287   3.650079     2.2166    -0.0535      71.47 4.9475e-02 0.0000e+00    81.0914    5.45968    33.5848    33.6064    25.8898    1487.67    1482.60 0.0000e+00
        752     31.000     9.8119     9.8077   3.657338   3.658972     2.2127    -0.0676      12.07 4.9462e-02 0.0000e+00    81.1138    5.45440    33.6149    33.6356    25.9023    1487.97    1482.78 0.0000e+00
        776     32.000     9.9201     9.9084   3.673476   3.674751     2.2111    -0.0765      45.22 4.9469e-02 0.0000e+00    81.1062    5.44977    33.6783    33.7023    25.9338    1488.45    1482.95 0.0000e+00
        799     33.000    10.0365    10.0316   3.691000   3.692563     2.2100    -0.0700      98.59 4.9469e-02 0.0000e+00    81.1219    5.42164    33.7478    33.7683    25.9684    1488.97    1483.13 0.0000e+00
        822     34.000    10.0321    10.0288   3.694316   3.695815     2.2068    -0.0672      36.62 4.9469e-02 0.0000e+00    81.1412    5.38010    33.7852    33.8036    25.9984    1489.02    1483.31 0.0000e+00
        845     35.000    10.0425    10.0404   3.697518   3.699087     2.1993    -0.0729      91.20 4.9488e-02 0.0000e+00    81.1596    5.32114    33.8076    33.8256    26.0141    1489.10    1483.47 0.0000e+00
        868     36.000    10.0196    10.0204   3.695349   3.696816     2.1899    -0.0704      89.79 4.9468e-02 0.0000e+00    81.1848    5.29297    33.8065    33.8207    26.0171    1489.03    1483.62 0.0000e+00
        892     37.000     9.8657     9.8715   3.680154   3.681462     2.1813    -0.0704      23.55 4.9487e-02 0.0000e+00    81.2181    5.29181    33.7952    33.8031    26.0341    1488.48    1483.76 0.0000e+00
        915     38.000     9.7472     9.7484   3.669447   3.670955     2.1731    -0.0685      81.91 4.9464e-02 0.0000e+00    81.2021    5.28400    33.7963    33.8107    26.0548    1488.07    1483.87 0.0000e+00
        938     39.000     9.8189     9.8120   3.680173   3.681894     2.1662    -0.0687      89.98 4.9481e-02 0.0000e+00    81.2216    5.28921    33.8384    33.8625    26.0757    1488.40    1483.98 0.0000e+00
        961     40.000     9.8868     9.8833   3.690119   3.691640     2.1653    -0.0680      59.87 4.9493e-02 0.0000e+00    81.2346    5.33666    33.8759    33.8947    26.0936    1488.70    1484.10 0.0000e+00
        984     41.000     9.8910     9.8885   3.692837   3.694439     2.1691    -0.0688      72.03 4.9493e-02 0.0000e+00    81.1914    5.35762    33.8992    33.9180    26.1112    1488.76    1484.22 0.0000e+00
       1008     42.000     9.9282     9.9239   3.698082   3.699641     2.1708    -0.0737      99.01 4.9485e-02 0.0000e+00    81.2305    5.33261    33.9174    33.9374    26.1191    1488.94    1484.33 0.0000e+00
       1031     43.000     9.9634     9.9614   3.702766   3.704300     2.1699    -0.0701      70.44 4.9474e-02 0.0000e+00    81.2668    5.30652    33.9317    33.9492    26.1243    1489.10    1484.44 0.0000e+00
       1055     44.000     9.9111     9.9120   3.698226   3.699742     2.1672    -0.0649      71.00 4.9481e-02 0.0000e+00    81.2619    5.27956    33.9340    33.9487    26.1350    1488.93    1484.54 0.0000e+00
       1078     45.000     9.8906     9.8895   3.697942   3.699398     2.1610    -0.0757      98.52 4.9474e-02 0.0000e+00    81.2489    5.23888    33.9500    33.9659    26.1509    1488.89    1484.64 0.0000e+00
       1102     46.000     9.8651     9.8641   3.696644   3.698146     2.1538    -0.0698      70.59 4.9474e-02 0.0000e+00    81.2694    5.22638    33.9603    33.9766    26.1632    1488.83    1484.73 0.0000e+00
       1126     47.000     9.8564     9.8550   3.697132   3.698636     2.1486    -0.0685      64.76 4.9475e-02 0.0000e+00    81.2994    5.22656    33.9730    33.9897    26.1746    1488.83    1484.81 0.0000e+00
       1150     48.000     9.8573     9.8553   3.698181   3.699677     2.1446    -0.0698      99.24 4.9485e-02 0.0000e+00    81.2916    5.22380    33.9824    33.9996    26.1818    1488.86    1484.90 0.0000e+00
       1174     49.000     9.8431     9.8419   3.697922   3.699430     2.1415    -0.0723      74.13 4.9480e-02 0.0000e+00    81.2908    5.21821    33.9927    34.0093    26.1922    1488.84    1484.98 0.0000e+00
       1197     50.000     9.8251     9.8240   3.696645   3.698116     2.1381    -0.0692      62.98 4.9485e-02 0.0000e+00    81.2899    5.20972    33.9962    34.0123    26.1979    1488.79    1485.05 0.0000e+00
       1221     51.000     9.7876     9.7886   3.693353   3.694812     2.1347    -0.0679      98.47 4.9491e-02 0.0000e+00    81.2812    5.20071    33.9974    34.0114    26.2051    1488.67    1485.13 0.0000e+00
       1245     52.000     9.7667     9.7642   3.693802   3.695237     2.1310    -0.0756      98.80 4.9493e-02 0.0000e+00    81.2911    5.19464    34.0213    34.0384    26.2273    1488.64    1485.19 0.0000e+00
       1268     53.000     9.7451     9.7452   3.692820   3.694306     2.1284    -0.0686      98.80 4.9487e-02 0.0000e+00    81.2850    5.20405    34.0312    34.0463    26.2386    1488.59    1485.26 0.0000e+00
       1292     54.000     9.6831     9.6839   3.687733   3.689220     2.1274    -0.0624      98.80 4.9497e-02 0.0000e+00    81.2987    5.21561    34.0372    34.0517    26.2536    1488.39    1485.31 0.0000e+00
       1315     55.000     9.6804     9.6783   3.688840   3.690325     2.1262    -0.0706      98.80 4.9485e-02 0.0000e+00    81.3167    5.21108    34.0507    34.0679    26.2646    1488.42    1485.37 0.0000e+00
       1339     56.000     9.6430     9.6443   3.685996   3.687487     2.1255    -0.0732      98.80 4.9457e-02 0.0000e+00    81.3132    5.22960    34.0564    34.0705    26.2753    1488.30    1485.42 0.0000e+00
       1363     57.000     9.6058     9.6055   3.684084   3.685546     2.1270    -0.0745      98.80 4.9463e-02 0.0000e+00    81.3233    5.24222    34.0715    34.0869    26.2933    1488.20    1485.47 0.0000e+00
       1387     58.000     9.5542     9.5566   3.679955   3.681461     2.1271    -0.0626      85.79 4.9492e-02 0.0000e+00    81.3121    5.24210    34.0775    34.0908    26.3065    1488.04    1485.52 0.0000e+00
       1411     59.000     9.5178     9.5164   3.677752   3.679235     2.1272    -0.0712      53.49 4.9503e-02 0.0000e+00    81.3263    5.24386    34.0890    34.1056    26.3214    1487.94    1485.56 0.0000e+00
       1435     60.000     9.5037     9.5014   3.677196   3.678533     2.1268    -0.0686      99.06 4.9497e-02 0.0000e+00    81.3014    5.24920    34.0962    34.1122    26.3293    1487.91    1485.60 0.0000e+00
       1458     61.000     9.5078     9.5047   3.678230   3.679645     2.1279    -0.0703      98.80 4.9474e-02 0.0000e+00    81.3187    5.26669    34.1025    34.1200    26.3336    1487.95    1485.63 0.0000e+00
       1482     62.000     9.5010     9.4998   3.678468   3.679935     2.1299    -0.0725      98.80 4.9474e-02 0.0000e+00    81.3211    5.27492    34.1110    34.1272    26.3413    1487.95    1485.67 0.0000e+00
       1506     63.000     9.4759     9.4753   3.676890   3.678332     2.1310    -0.0749      98.80 4.9491e-02 0.0000e+00    81.3130    5.26628    34.1181    34.1336    26.3510    1487.89    1485.71 0.0000e+00
       1530     64.000     9.4496     9.4494   3.675580   3.677028     2.1302    -0.0651      91.19 4.9475e-02 0.0000e+00    81.3086    5.25543    34.1291    34.1443    26.3640    1487.82    1485.74 0.0000e+00
       1554     65.000     9.4237     9.4229   3.674881   3.676343     2.1291    -0.0656      55.61 4.9491e-02 0.0000e+00    81.3088    5.24966    34.1462    34.1620    26.3815    1487.76    1485.77 0.0000e+00
       1578     66.000     9.4108     9.4094   3.675119   3.676581     2.1270    -0.0754      99.38 4.9503e-02 0.0000e+00    81.3150    5.24417    34.1605    34.1769    26.3948    1487.75    1485.80 0.0000e+00
       1602     67.000     9.4052     9.4040   3.675917   3.677356     2.1255    -0.0685      90.02 4.9468e-02 0.0000e+00    81.3412    5.23405    34.1736    34.1896    26.4060    1487.76    1485.83 0.0000e+00
       1625     68.000     9.3738     9.3741   3.674103   3.675553     2.1225    -0.0711      51.82 4.9485e-02 0.0000e+00    81.3340    5.21661    34.1844    34.1991    26.4196    1487.68    1485.86 0.0000e+00
       1649     69.000     9.3519     9.3505   3.673350   3.674756     2.1182    -0.0702      97.85 4.9491e-02 0.0000e+00    81.3506    5.18486    34.1970    34.2129    26.4330    1487.63    1485.88 0.0000e+00
       1673     70.000     9.3360     9.3350   3.672140   3.673581     2.1118    -0.0695      98.80 4.9481e-02 0.0000e+00    81.3516    5.16042    34.1992    34.2151    26.4373    1487.59    1485.91 0.0000e+00
       1696     71.000     9.3131     9.3128   3.670394   3.671855     2.1056    -0.0702      98.80 4.9497e-02 0.0000e+00    81.3555    5.14650    34.2026    34.2180    26.4437    1487.53    1485.93 0.0000e+00
       1720     72.000     9.2963     9.2956   3.669663   3.671088     2.1002    -0.0661      98.41 4.9480e-02 0.0000e+00    81.3452    5.14686    34.2106    34.2261    26.4527    1487.49    1485.95 0.0000e+00
       1744     73.000     9.2845     9.2826   3.669823   3.671243     2.0970    -0.0708      98.77 4.9499e-02 0.0000e+00    81.3542    5.16162    34.2231    34.2397    26.4644    1487.48    1485.97 0.0000e+00
       1768     74.000     9.2629     9.2630   3.669614   3.671045     2.0962    -0.0702      98.80 4.9462e-02 0.0000e+00    81.3537    5.18061    34.2412    34.2559    26.4820    1487.44    1485.99 0.0000e+00
       1791     75.000     9.2272     9.2270   3.667631   3.669047     2.0964    -0.0664      98.80 4.9456e-02 0.0000e+00    81.3712    5.17907    34.2544    34.2693    26.4981    1487.34    1486.01 0.0000e+00
       1815     76.000     9.1966     9.1962   3.665885   3.667307     2.0943    -0.0669      98.80 4.9485e-02 0.0000e+00    81.3830    5.14961    34.2651    34.2803    26.5115    1487.26    1486.03 0.0000e+00
