_data/ctd/2022603/sta0173.cnv
* Sea-Bird SBE 9 Data File:
* FileName = C:\Seabird\CTDData\sta0173.hex
* Software Version Seasave V 7.21f
* Temperature SN = 6264
* Conductivity SN = 4928
* Number of Bytes Per Scan = 40
* Number of Voltage Words = 5
* Number of Scans Averaged by the Deck Unit = 1
* NMEA Latitude = 60 48.42 N
* NMEA Longitude = 005 19.12 E
* NMEA UTC (Time) = Feb 13 2022 00:36:49
* NMEA baud rate = 4800
** Ship: R/V "Kristine Bonnevie"
** Station: 0173
** Echodepth: 115
** Log: 0516.330
** Wind-Dir/Force: 19 16
** Air-temp (dry): 7.6
** Weather Sky:
** Sea:
# nquan = 19                                
# nvalues = 105                         
# units = specified
# name 0 = scan: Scan Count
# name 1 = prDM: Pressure, Digiquartz [db]
# name 2 = t068C: Temperature [ITS-68, deg C]
# name 3 = t168C: Temperature, 2 [ITS-68, deg C]
# name 4 = c0S/m: Conductivity [S/m]
# name 5 = c1S/m: Conductivity, 2 [S/m]
# name 6 = sbeox0V: Oxygen raw, SBE 43 [V]
# name 7 = flECO-AFL: Fluorescence, WET Labs ECO-AFL/FL [mg/m^3]
# name 8 = altM: Altimeter [m]
# name 9 = par: PAR/Irradiance, Biospherical/Licor
# name 10 = spar: SPAR/Surface Irradiance
# name 11 = CStarTr0: Beam Transmission, WET Labs C-Star [%]
# name 12 = sbeox0ML/L: Oxygen, SBE 43 [ml/l], WS = 2
# name 13 = sal00: Salinity, Practical [PSU]
# name 14 = sal11: Salinity, Practical, 2 [PSU]
# name 15 = sigma-t00: Density [sigma-t, Kg/m^3 ]
# name 16 = svCM: Sound Velocity [Chen-Millero, m/s]
# name 17 = avgsvCM: Average Sound Velocity [Chen-Millero, m/s], minP = 1, minS = 5
# name 18 = flag: flag
# span 0 =         10,       2779       
# span 1 =      4.000,    108.000       
# span 2 =     6.4050,     9.1043       
# span 3 =     6.4193,     9.1030       
# span 4 =   2.984198,   3.667370       
# span 5 =   2.993869,   3.668754       
# span 6 =     1.9754,     2.5314       
# span 7 =    -0.0761,     0.3938       
# span 8 =       9.46,      98.82       
# span 9 = 4.9450e-02, 3.0768e-01       
# span 10 = 0.0000e+00, 0.0000e+00      
# span 11 =    59.3480,    81.5820      
# span 12 =    4.85148,    7.22440      
# span 13 =    29.5796,    34.8094      
# span 14 =    29.6731,    34.8251      
# span 15 =    23.2253,    27.0463      
# span 16 =    1469.59,    1486.68      
# span 17 =    1469.59,    1483.90      
# span 18 = 0.0000e+00, 0.0000e+00      
# interval = decibars: 1                
# start_time = Feb 13 2022 00:36:52 [System UTC, header]
# bad_flag = -9.990e-29
*END*
[from data line 77]
       2002     81.000     8.6661     8.6646   3.659457   3.660812     2.0617    -0.0653      35.31 4.9494e-02 0.0000e+00    81.4636    5.08328    34.7105    34.7263    26.9447    1485.93    1483.23 0.0000e+00
       2027     82.000     8.6621     8.6613   3.659402   3.660766     2.0568    -0.0739      34.52 4.9479e-02 0.0000e+00    81.4320    5.06745    34.7134    34.7286    26.9476    1485.94    1483.26 0.0000e+00
       2051     83.000     8.6568     8.6553   3.659288   3.660626     2.0524    -0.0643      33.59 4.9495e-02 0.0000e+00    81.4717    5.06165    34.7169    34.7325    26.9512    1485.94    1483.29 0.0000e+00
       2076     84.000     8.6520     8.6505   3.659161   3.660517     2.0485    -0.0620      32.67 4.9489e-02 0.0000e+00    81.4634    5.05507    34.7198    34.7356    26.9542    1485.94    1483.32 0.0000e+00
       2101     85.000     8.6447     8.6433   3.658768   3.660107     2.0453    -0.0602      31.66 4.9506e-02 0.0000e+00    81.4693    5.05503    34.7223    34.7378    26.9573    1485.93    1483.35 0.0000e+00
       2126     86.000     8.6341     8.6330   3.658282   3.659625     2.0430 -9.990e-29      30.71 4.9471e-02 0.0000e+00    81.4598    5.04796    34.7271    34.7424    26.9628    1485.92    1483.38 0.0000e+00
       2152     87.000     8.6236     8.6223   3.658041   3.659385     2.0398 -9.990e-29      29.71 4.9484e-02 0.0000e+00    81.4567    5.03997    34.7344    34.7499    26.9701    1485.90    1483.41 0.0000e+00
       2178     88.000     8.6128     8.6116   3.657780   3.659121     2.0370 -9.990e-29      28.76 4.9482e-02 0.0000e+00    81.4824    5.02828    34.7418    34.7572    26.9776    1485.89    1483.44 0.0000e+00
       2204     89.000     8.6048     8.6036   3.657633   3.658970     2.0334    -0.0563      27.79 4.9496e-02 0.0000e+00    81.5019    5.01719    34.7476    34.7629    26.9834    1485.88    1483.47 0.0000e+00
       2231     90.000     8.5953     8.5939   3.657453   3.658800     2.0303    -0.0605      26.82 4.9482e-02 0.0000e+00    81.4678    5.00894    34.7546    34.7702    26.9904    1485.87    1483.49 0.0000e+00
       2257     91.000     8.5884     8.5872   3.657300   3.658644     2.0270    -0.0625      25.77 4.9492e-02 0.0000e+00    81.5287    5.00588    34.7593    34.7747    26.9951    1485.87    1483.52 0.0000e+00
       2282     92.000     8.5832     8.5815   3.657177   3.658517     2.0248    -0.0702      24.92 4.9487e-02 0.0000e+00    81.5164    4.99966    34.7626    34.7785    26.9985    1485.87    1483.55 0.0000e+00
       2308     93.000     8.5793     8.5779   3.657045   3.658377     2.0219    -0.0628      23.86 4.9478e-02 0.0000e+00    81.5123    4.99056    34.7646    34.7801    27.0007    1485.87    1483.57 0.0000e+00
       2333     94.000     8.5752     8.5738   3.656943   3.658282     2.0196    -0.0659      23.02 4.9489e-02 0.0000e+00    81.5056    4.98643    34.7671    34.7826    27.0033    1485.88    1483.60 0.0000e+00
       2358     95.000     8.5733     8.5716   3.656917   3.658255     2.0172    -0.0607      21.97 4.9483e-02 0.0000e+00    81.4928    4.97807    34.7682    34.7840    27.0044    1485.89    1483.62 0.0000e+00
       2383     96.000     8.5704     8.5688   3.656956   3.658297     2.0147    -0.0598      20.71 4.9483e-02 0.0000e+00    81.4858    4.97004    34.7710    34.7867    27.0071    1485.90    1483.64 0.0000e+00
       2408     97.000     8.5641     8.5624   3.656846   3.658173     2.0122    -0.0666      19.53 4.9491e-02 0.0000e+00    81.4638    4.96360    34.7755    34.7912    27.0116    1485.90    1483.67 0.0000e+00
       2432     98.000     8.5614     8.5596   3.656815   3.658154     2.0095    -0.0690      18.94 4.9487e-02 0.0000e+00    81.4917    4.95542    34.7774    34.7933    27.0135    1485.91    1483.69 0.0000e+00
       2458     99.000     8.5599     8.5584   3.656823   3.658158     2.0075    -0.0669      17.92 4.9478e-02 0.0000e+00    81.4744    4.95352    34.7785    34.7941    27.0146    1485.92    1483.71 0.0000e+00
       2483    100.000     8.5573     8.5561   3.656781   3.658128     2.0050    -0.0646      17.05 4.9484e-02 0.0000e+00    81.5184    4.94484    34.7801    34.7955    27.0163    1485.93    1483.73 0.0000e+00
       2509    101.000     8.5482     8.5475   3.656519   3.657870     2.0030    -0.0719      16.14 4.9455e-02 0.0000e+00    81.5280    4.94073    34.7858    34.8008    27.0222    1485.92    1483.76 0.0000e+00
       2534    102.000     8.5388     8.5372   3.656270   3.657596     2.0002    -0.0655      15.21 4.9489e-02 0.0000e+00    81.5106    4.92547    34.7920    34.8076    27.0285    1485.91    1483.78 0.0000e+00
       2560    103.000     8.5321     8.5307   3.656099   3.657432     1.9976    -0.0689      14.29 4.9465e-02 0.0000e+00    81.4579    4.92323    34.7963    34.8118    27.0329    1485.90    1483.80 0.0000e+00
       2586    104.000     8.5252     8.5237   3.655941   3.657270     1.9947    -0.0761      13.35 4.9470e-02 0.0000e+00    81.4800    4.90540    34.8009    34.8165    27.0376    1485.90    1483.82 0.0000e+00
       2613    105.000     8.5200     8.5185   3.655840   3.657167     1.9908    -0.0736      12.43 4.9470e-02 0.0000e+00    81.4551    4.88887    34.8045    34.8200    27.0412    1485.90    1483.84 0.0000e+00
       2640    106.000     8.5159     8.5144   3.655743   3.657073     1.9863    -0.0682      11.49 4.9482e-02 0.0000e+00    81.4053    4.86751    34.8070    34.8226    27.0439    1485.90    1483.86 0.0000e+00
       2666    107.000     8.5124     8.5109   3.655687   3.657024     1.9811    -0.0652      10.55 4.9482e-02 0.0000e+00    81.3957    4.85148    34.8094    34.8251    27.0463    1485.91    1483.88 0.0000e+00
       2779    108.000     8.5224     8.5201   3.656059   3.657368     1.9754    -0.0665       9.46 4.9496e-02 0.0000e+00    81.4275    4.85569    34.8030    34.8192    27.0397    1485.96    1483.90 0.0000e+00
