_data/ctd/2022603/sta0172.cnv
* Sea-Bird SBE 9 Data File:
* FileName = C:\Seabird\CTDData\sta0172.hex
* Software Version Seasave V 7.21f
* Temperature SN = 6264
* Conductivity SN = 4928
* Number of Bytes Per Scan = 40
* Number of Voltage Words = 5
* Number of Scans Averaged by the Deck Unit = 1
* NMEA Latitude = 60 49.54 N
* NMEA Longitude = 005 20.83 E
* NMEA UTC (Time) = Feb 13 2022 00:10:55
* NMEA baud rate = 4800
** Ship: R/V "Kristine Bonnevie"
** Station: 0172
** Echodepth: 298
** Log: 0514.893
** Wind-Dir/Force: 22 14
** Air-temp (dry): 7.4
** Weather Sky:
** Sea:
# nquan = 19                                
# nvalues = 295                         
# units = specified
# name 0 = scan: Scan Count
# name 1 = prDM: Pressure, Digiquartz [db]
# name 2 = t068C: Temperature [ITS-68, deg C]
# name 3 = t168C: Temperature, 2 [ITS-68, deg C]
# name 4 = c0S/m: Conductivity [S/m]
# name 5 = c1S/m: Conductivity, 2 [S/m]
# name 6 = sbeox0V: Oxygen raw, SBE 43 [V]
# name 7 = flECO-AFL: Fluorescence, WET Labs ECO-AFL/FL [mg/m^3]
# name 8 = altM: Altimeter [m]
# name 9 = par: PAR/Irradiance, Biospherical/Licor
# name 10 = spar: SPAR/Surface Irradiance
# name 11 = CStarTr0: Beam Transmission, WET Labs C-Star [%]
# name 12 = sbeox0ML/L: Oxygen, SBE 43 [ml/l], WS = 2
# name 13 = sal00: Salinity, Practical [PSU]
# name 14 = sal11: Salinity, Practical, 2 [PSU]
# name 15 = sigma-t00: Density [sigma-t, Kg/m^3 ]
# name 16 = svCM: Sound Velocity [Chen-Millero, m/s]
# name 17 = avgsvCM: Average Sound Velocity [Chen-Millero, m/s], minP = 1, minS = 5
# name 18 = flag: flag
# span 0 =        202,       6053       
# span 1 =      1.000,    295.000       
# span 2 =     3.2067,     9.1268       
# span 3 =     3.1773,     9.1227       
# span 4 =   1.409406,   3.670856       
# span 5 =   1.384914,   3.672307       
# span 6 =     1.6555,     2.5806       
# span 7 =    -0.0932,     0.3207       
# span 8 =       5.16,      99.62       
# span 9 = 4.9446e-02, 8.3974e-01       
# span 10 = 0.0000e+00, 0.0000e+00      
# span 11 =    36.0802,    81.6528      
# span 12 =    3.90970,    8.56521      
# span 13 =    14.3536,    34.9488      
# span 14 =    14.0964,    34.9646      
# span 15 =    11.4323,    27.1841      
# span 16 =    1436.64,    1488.49      
# span 17 =    1436.64,    1485.71      
# span 18 = 0.0000e+00, 0.0000e+00      
# interval = decibars: 1                
# start_time = Feb 13 2022 00:10:57 [System UTC, header]
# bad_flag = -9.990e-29
*END*
[from data line 229]
       4780    230.000     8.3235     8.3218   3.656529   3.657868     1.6763    -0.0636      68.12 4.9474e-02 0.0000e+00    81.1178    3.96794    34.9463    34.9623    27.1829    1487.40    1485.08 0.0000e+00
       4800    231.000     8.3236     8.3219   3.656592   3.657933     1.6763    -0.0634      98.56 4.9483e-02 0.0000e+00    81.1246    3.96788    34.9464    34.9624    27.1829    1487.42    1485.09 0.0000e+00
       4820    232.000     8.3236     8.3220   3.656637   3.657976     1.6761    -0.0669      50.05 4.9509e-02 0.0000e+00    81.1006    3.96765    34.9464    34.9623    27.1829    1487.43    1485.10 0.0000e+00
       4840    233.000     8.3237     8.3221   3.656705   3.658035     1.6761    -0.0634      92.78 4.9494e-02 0.0000e+00    81.1018    3.96522    34.9466    34.9623    27.1830    1487.45    1485.11 0.0000e+00
       4859    234.000     8.3238     8.3221   3.656762   3.658090     1.6754    -0.0619      71.82 4.9474e-02 0.0000e+00    80.9000    3.95956    34.9466    34.9624    27.1830    1487.47    1485.12 0.0000e+00
       4879    235.000     8.3239     8.3222   3.656810   3.658148     1.6749    -0.0669      85.26 4.9490e-02 0.0000e+00    81.0583    3.96074    34.9465    34.9624    27.1830    1487.48    1485.13 0.0000e+00
       4898    236.000     8.3237     8.3221   3.656869   3.658206     1.6745    -0.0545      98.47 4.9543e-02 0.0000e+00    81.0464    3.95887    34.9469    34.9627    27.1833    1487.50    1485.14 0.0000e+00
       4918    237.000     8.3238     8.3221   3.656926   3.658261     1.6740    -0.0558      68.51 4.9498e-02 0.0000e+00    81.0221    3.95797    34.9469    34.9628    27.1833    1487.52    1485.15 0.0000e+00
       4937    238.000     8.3239     8.3222   3.656983   3.658321     1.6735    -0.0558      23.97 4.9481e-02 0.0000e+00    81.0333    3.95623    34.9469    34.9629    27.1833    1487.53    1485.16 0.0000e+00
       4957    239.000     8.3239     8.3222   3.657040   3.658381     1.6731    -0.0558      91.76 4.9490e-02 0.0000e+00    80.9998    3.95823    34.9470    34.9630    27.1834    1487.55    1485.17 0.0000e+00
       4977    240.000     8.3240     8.3223   3.657099   3.658429     1.6728    -0.0558      48.43 4.9502e-02 0.0000e+00    80.9889    3.95576    34.9471    34.9629    27.1834    1487.57    1485.18 0.0000e+00
       4996    241.000     8.3241     8.3224   3.657153   3.658488     1.6723    -0.0559      85.75 4.9502e-02 0.0000e+00    80.9887    3.95719    34.9471    34.9630    27.1834    1487.58    1485.19 0.0000e+00
       5016    242.000     8.3242     8.3225   3.657209   3.658544     1.6722 -9.990e-29      76.96 4.9505e-02 0.0000e+00    80.9714    3.95627    34.9471    34.9630    27.1834    1487.60    1485.20 0.0000e+00
       5036    243.000     8.3243     8.3226   3.657262   3.658600     1.6717 -9.990e-29      80.15 4.9502e-02 0.0000e+00    80.9560    3.95558    34.9471    34.9630    27.1834    1487.62    1485.21 0.0000e+00
       5055    244.000     8.3244     8.3227   3.657320   3.658661     1.6715 -9.990e-29      98.55 4.9481e-02 0.0000e+00    80.9404    3.95833    34.9471    34.9631    27.1834    1487.63    1485.22 0.0000e+00
       5075    245.000     8.3244     8.3228   3.657374   3.658704     1.6716 -9.990e-29      77.97 4.9512e-02 0.0000e+00    80.9461    3.96005    34.9472    34.9630    27.1835    1487.65    1485.23 0.0000e+00
       5094    246.000     8.3245     8.3229   3.657428   3.658765     1.6714    -0.0635      60.13 4.9488e-02 0.0000e+00    80.9244    3.95832    34.9472    34.9631    27.1834    1487.67    1485.24 0.0000e+00
       5114    247.000     8.3245     8.3229   3.657490   3.658819     1.6714    -0.0650      94.78 4.9490e-02 0.0000e+00    80.9514    3.95941    34.9474    34.9632    27.1836    1487.68    1485.25 0.0000e+00
       5134    248.000     8.3246     8.3229   3.657542   3.658881     1.6713    -0.0699      48.22 4.9488e-02 0.0000e+00    80.9565    3.96034    34.9474    34.9633    27.1835    1487.70    1485.26 0.0000e+00
       5154    249.000     8.3247     8.3230   3.657603   3.658935     1.6712    -0.0588      98.49 4.9495e-02 0.0000e+00    80.9702    3.95840    34.9475    34.9633    27.1836    1487.72    1485.27 0.0000e+00
       5173    250.000     8.3248     8.3231   3.657655   3.658995     1.6709    -0.0557      98.24 4.9512e-02 0.0000e+00    80.9644    3.95820    34.9474    34.9634    27.1836    1487.73    1485.28 0.0000e+00
       5193    251.000     8.3249     8.3232   3.657709   3.659048     1.6709    -0.0635      28.45 4.9474e-02 0.0000e+00    80.9526    3.95769    34.9474    34.9634    27.1835    1487.75    1485.29 0.0000e+00
       5212    252.000     8.3249     8.3233   3.657766   3.659026     1.6705    -0.0730      99.47 4.9490e-02 0.0000e+00    80.9645    3.95603    34.9476    34.9626    27.1836    1487.77    1485.30 0.0000e+00
       5232    253.000     8.3249     8.3233   3.657812   3.659158     1.6702    -0.0623      55.81 4.9474e-02 0.0000e+00    80.9495    3.95804    34.9476    34.9635    27.1836    1487.78    1485.31 0.0000e+00
       5251    254.000     8.3251     8.3234   3.657870   3.659207     1.6703    -0.0627      89.54 4.9490e-02 0.0000e+00    80.9400    3.95752    34.9475    34.9634    27.1836    1487.80    1485.32 0.0000e+00
       5270    255.000     8.3251     8.3235   3.657932   3.659267     1.6697    -0.0487      96.57 4.9513e-02 0.0000e+00    80.9193    3.95396    34.9477    34.9635    27.1837    1487.82    1485.33 0.0000e+00
       5290    256.000     8.3252     8.3236   3.657979   3.659312     1.6696    -0.0630      93.60 4.9487e-02 0.0000e+00    80.9528    3.95257    34.9476    34.9634    27.1836    1487.83    1485.34 0.0000e+00
       5309    257.000     8.3253     8.3237   3.658037   3.659369     1.6690    -0.0559      64.70 4.9476e-02 0.0000e+00    80.9242    3.95153    34.9477    34.9634    27.1836    1487.85    1485.35 0.0000e+00
       5328    258.000     8.3254     8.3238   3.658090   3.659432     1.6687 -9.990e-29      68.06 4.9461e-02 0.0000e+00    80.9360    3.95529    34.9477    34.9635    27.1836    1487.87    1485.36 0.0000e+00
       5347    259.000     8.3255     8.3238   3.658139   3.659477     1.6687 -9.990e-29      94.63 4.9475e-02 0.0000e+00    80.9353    3.95216    34.9476    34.9635    27.1836    1487.88    1485.37 0.0000e+00
       5366    260.000     8.3256     8.3239   3.658192   3.659537     1.6679 -9.990e-29      35.98 4.9483e-02 0.0000e+00    80.9215    3.94674    34.9476    34.9636    27.1835    1487.90    1485.38 0.0000e+00
       5385    261.000     8.3257     8.3240   3.658253   3.659597     1.6674 -9.990e-29      36.57 4.9483e-02 0.0000e+00    80.9033    3.94941    34.9477    34.9636    27.1836    1487.92    1485.39 0.0000e+00
       5404    262.000     8.3257     8.3241   3.658310   3.659640     1.6674 -9.990e-29      33.20 4.9490e-02 0.0000e+00    80.8975    3.95229    34.9478    34.9635    27.1837    1487.94    1485.39 0.0000e+00
       5423    263.000     8.3259     8.3242   3.658365   3.659694     1.6671 -9.990e-29      67.02 4.9505e-02 0.0000e+00    80.9077    3.95037    34.9477    34.9635    27.1836    1487.95    1485.40 0.0000e+00
       5443    264.000     8.3260     8.3242   3.658422   3.659756     1.6668 -9.990e-29      98.17 4.9522e-02 0.0000e+00    80.8958    3.95074    34.9477    34.9637    27.1836    1487.97    1485.41 0.0000e+00
       5462    265.000     8.3261     8.3243   3.658478   3.659810     1.6667 -9.990e-29      51.14 4.9476e-02 0.0000e+00    80.9020    3.95039    34.9477    34.9637    27.1836    1487.99    1485.42 0.0000e+00
       5481    266.000     8.3261     8.3244   3.658524   3.659864     1.6662 -9.990e-29      31.83 4.9490e-02 0.0000e+00    80.8844    3.94801    34.9478    34.9637    27.1836    1488.00    1485.43 0.0000e+00
       5500    267.000     8.3262     8.3244   3.658584   3.659924     1.6662    -0.0477      32.24 4.9481e-02 0.0000e+00    80.8894    3.94896    34.9478    34.9639    27.1836    1488.02    1485.44 0.0000e+00
       5520    268.000     8.3262     8.3246   3.658646   3.659980     1.6657    -0.0603      32.09 4.9468e-02 0.0000e+00    80.9115    3.94585    34.9480    34.9638    27.1838    1488.04    1485.45 0.0000e+00
       5539    269.000     8.3262     8.3247   3.658692   3.660029     1.6653    -0.0671      74.56 4.9468e-02 0.0000e+00    80.8693    3.94900    34.9480    34.9637    27.1838    1488.05    1485.46 0.0000e+00
       5559    270.000     8.3264     8.3247   3.658753   3.660093     1.6653    -0.0695      29.73 4.9495e-02 0.0000e+00    80.8750    3.95005    34.9480    34.9639    27.1837    1488.07    1485.47 0.0000e+00
       5578    271.000     8.3265     8.3248   3.658810   3.660145     1.6652    -0.0665      29.15 4.9467e-02 0.0000e+00    80.8654    3.95090    34.9480    34.9639    27.1837    1488.09    1485.48 0.0000e+00
       5598    272.000     8.3266     8.3250   3.658860   3.660203     1.6652    -0.0633      28.25 4.9483e-02 0.0000e+00    80.8522    3.94835    34.9480    34.9638    27.1837    1488.10    1485.49 0.0000e+00
       5618    273.000     8.3267     8.3251   3.658917   3.660257     1.6646 -9.990e-29      26.94 4.9481e-02 0.0000e+00    80.8408    3.94388    34.9480    34.9638    27.1837    1488.12    1485.50 0.0000e+00
       5637    274.000     8.3268     8.3251   3.658971   3.660316     1.6641 -9.990e-29      26.03 4.9483e-02 0.0000e+00    80.8450    3.94681    34.9480    34.9640    27.1837    1488.14    1485.51 0.0000e+00
       5657    275.000     8.3268     8.3252   3.659027   3.660365     1.6642 -9.990e-29      25.22 4.9495e-02 0.0000e+00    80.8400    3.94620    34.9481    34.9639    27.1838    1488.15    1485.52 0.0000e+00
       5676    276.000     8.3269     8.3253   3.659087   3.660424     1.6636 -9.990e-29      23.94 4.9488e-02 0.0000e+00    80.8415    3.94359    34.9482    34.9640    27.1838    1488.17    1485.53 0.0000e+00
       5696    277.000     8.3270     8.3253   3.659137   3.660468     1.6634 -9.990e-29      22.76 4.9505e-02 0.0000e+00    80.8115    3.94197    34.9481    34.9640    27.1838    1488.19    1485.54 0.0000e+00
       5716    278.000     8.3271     8.3254   3.659188   3.660523     1.6626 -9.990e-29      21.92 4.9481e-02 0.0000e+00    80.8276    3.94327    34.9481    34.9640    27.1837    1488.20    1485.55 0.0000e+00
       5735    279.000     8.3272     8.3255   3.659250   3.660582     1.6631 -9.990e-29      21.11 4.9476e-02 0.0000e+00    80.8423    3.94879    34.9482    34.9640    27.1838    1488.22    1485.56 0.0000e+00
       5755    280.000     8.3272     8.3256   3.659299   3.660639     1.6627 -9.990e-29      20.10 4.9481e-02 0.0000e+00    80.8169    3.94113    34.9482    34.9641    27.1838    1488.24    1485.57 0.0000e+00
       5775    281.000     8.3274     8.3257   3.659351   3.660696     1.6620 -9.990e-29      19.06 4.9474e-02 0.0000e+00    80.8385    3.93825    34.9481    34.9641    27.1837    1488.25    1485.58 0.0000e+00
       5794    282.000     8.3275     8.3258   3.659411   3.660745     1.6615    -0.0486      18.22 4.9515e-02 0.0000e+00    80.8110    3.94117    34.9482    34.9640    27.1837    1488.27    1485.59 0.0000e+00
       5814    283.000     8.3275     8.3259   3.659470   3.660809     1.6616    -0.0736      17.10 4.9454e-02 0.0000e+00    80.8207    3.94546    34.9483    34.9642    27.1838    1488.29    1485.60 0.0000e+00
       5834    284.000     8.3276     8.3259   3.659523   3.660854     1.6615    -0.0730      16.05 4.9483e-02 0.0000e+00    80.8234    3.94394    34.9483    34.9642    27.1838    1488.31    1485.61 0.0000e+00
       5854    285.000     8.3277     8.3261   3.659582   3.660920     1.6615    -0.0608      15.08 4.9467e-02 0.0000e+00    80.8156    3.94108    34.9484    34.9642    27.1838    1488.32    1485.62 0.0000e+00
       5873    286.000     8.3278     8.3261   3.659638   3.660981     1.6606    -0.0663      14.11 4.9467e-02 0.0000e+00    80.8328    3.93574    34.9484    34.9644    27.1838    1488.34    1485.63 0.0000e+00
       5893    287.000     8.3279     8.3262   3.659688   3.661032     1.6603    -0.0636      13.11 4.9453e-02 0.0000e+00    80.8263    3.93995    34.9483    34.9643    27.1838    1488.36    1485.63 0.0000e+00
       5913    288.000     8.3280     8.3264   3.659743   3.661086     1.6602    -0.0664      12.11 4.9453e-02 0.0000e+00    80.8324    3.93894    34.9483    34.9642    27.1838    1488.37    1485.64 0.0000e+00
       5933    289.000     8.3281     8.3264   3.659812   3.661148     1.6597    -0.0664      10.77 4.9460e-02 0.0000e+00    80.7982    3.93758    34.9485    34.9644    27.1839    1488.39    1485.65 0.0000e+00
       5953    290.000     8.3282     8.3266   3.659877   3.661201     1.6595    -0.0654       9.83 4.9490e-02 0.0000e+00    80.7718    3.94016    34.9486    34.9643    27.1840    1488.41    1485.66 0.0000e+00
       5973    291.000     8.3284     8.3267   3.659925   3.661266     1.6595    -0.0639       9.03 4.9459e-02 0.0000e+00    80.7338    3.93861    34.9485    34.9644    27.1838    1488.42    1485.67 0.0000e+00
       5993    292.000     8.3284     8.3268   3.659996   3.661334     1.6590    -0.0702       8.09 4.9481e-02 0.0000e+00    80.7025    3.93196    34.9487    34.9646    27.1840    1488.44    1485.68 0.0000e+00
       6013    293.000     8.3286     8.3269   3.660051   3.661392     1.6582    -0.0561       7.12 4.9481e-02 0.0000e+00    80.6466    3.92474    34.9486    34.9646    27.1839    1488.46    1485.69 0.0000e+00
       6033    294.000     8.3287     8.3271   3.660117   3.661451     1.6567    -0.0558       6.15 4.9472e-02 0.0000e+00    80.5229    3.91466    34.9488    34.9645    27.1840    1488.47    1485.70 0.0000e+00
       6053    295.000     8.3287     8.3271   3.660169   3.661495     1.6555    -0.0558       5.16 4.9545e-02 0.0000e+00    80.4174    3.90970    34.9488    34.9645    27.1841    1488.49    1485.71 0.0000e+00
