_data/ctd/2022603/sta0189.cnv
* Sea-Bird SBE 9 Data File:
* FileName = C:\Seabird\CTDData\sta0189.hex
* Software Version Seasave V 7.21f
* Temperature SN = 6264
* Conductivity SN = 4928
* Number of Bytes Per Scan = 40
* Number of Voltage Words = 5
* Number of Scans Averaged by the Deck Unit = 1
* NMEA Latitude = 61 24.78 N
* NMEA Longitude = 006 45.18 E
* NMEA UTC (Time) = Feb 14 2022 16:38:21
* NMEA baud rate = 4800
** Ship: R/V "Kristine Bonnevie"
** Station: 0189
** Echodepth: 74
** Log: 0762.168
** Wind-Dir/Force: 18 02
** Air-temp (dry): 3.9
** Weather Sky:
** Sea:
** F01
# nquan = 19                                
# nvalues = 67                          
# units = specified
# name 0 = scan: Scan Count
# name 1 = prDM: Pressure, Digiquartz [db]
# name 2 = t068C: Temperature [ITS-68, deg C]
# name 3 = t168C: Temperature, 2 [ITS-68, deg C]
# name 4 = c0S/m: Conductivity [S/m]
# name 5 = c1S/m: Conductivity, 2 [S/m]
# name 6 = sbeox0V: Oxygen raw, SBE 43 [V]
# name 7 = flECO-AFL: Fluorescence, WET Labs ECO-AFL/FL [mg/m^3]
# name 8 = altM: Altimeter [m]
# name 9 = par: PAR/Irradiance, Biospherical/Licor
# name 10 = spar: SPAR/Surface Irradiance
# name 11 = CStarTr0: Beam Transmission, WET Labs C-Star [%]
# name 12 = sbeox0ML/L: Oxygen, SBE 43 [ml/l], WS = 2
# name 13 = sal00: Salinity, Practical [PSU]
# name 14 = sal11: Salinity, Practical, 2 [PSU]
# name 15 = sigma-t00: Density [sigma-t, Kg/m^3 ]
# name 16 = svCM: Sound Velocity [Chen-Millero, m/s]
# name 17 = avgsvCM: Average Sound Velocity [Chen-Millero, m/s], minP = 1, minS = 5
# name 18 = flag: flag
# span 0 =        545,       2624       
# span 1 =      2.000,     68.000       
# span 2 =     4.6980,    10.1085       
# span 3 =     4.6938,    10.0928       
# span 4 =   2.798819,   3.692666       
# span 5 =   2.799378,   3.694371       
# span 6 =     1.9950,     2.4826       
# span 7 =    -0.0558,     1.0610       
# span 8 =       7.99,      99.93       
# span 9 = 4.9446e-02, 8.2538e-01       
# span 10 = 0.0000e+00, 0.0000e+00      
# span 11 =    77.2694,    80.9157      
# span 12 =    4.84460,    7.30773      
# span 13 =    28.9954,    34.3287      
# span 14 =    29.0054,    34.3456      
# span 15 =    22.9484,    26.6045      
# span 16 =    1461.86,    1489.06      
# span 17 =    1461.86,    1479.80      
# span 18 = 0.0000e+00, 0.0000e+00      
# interval = decibars: 1                
# start_time = Feb 14 2022 16:38:23 [System UTC, header]
# bad_flag = -9.990e-29
*END*
        545      2.000     4.6980     4.6938   2.798819   2.799378     2.4589     1.0610      94.95 8.2538e-01 0.0000e+00    78.5511    7.30284    28.9954    29.0054    22.9484    1461.86    1461.86 0.0000e+00
        632      3.000     4.7549     4.7582   2.812673   2.815274     2.4604     0.9504      86.91 5.6870e-01 0.0000e+00    79.0876    7.30773    29.1031    29.1299    23.0283    1462.25    1461.99 0.0000e+00
        710      4.000     4.7565     4.7454   2.817857   2.817212     2.4612     0.9777      86.53 4.1427e-01 0.0000e+00    79.2752    7.29455    29.1604    29.1628    23.0735    1462.35    1462.08 0.0000e+00
        763      5.000     4.8363     4.8437   2.830153   2.831174     2.4609     0.9373      98.99 3.2575e-01 0.0000e+00    79.2797    7.28720    29.2299    29.2350    23.1206    1462.78    1462.22 0.0000e+00
        805      6.000     4.8494     4.8474   2.832307   2.834198     2.4616     0.9040      76.51 2.5703e-01 0.0000e+00    79.4042    7.27735    29.2424    29.2657    23.1292    1462.87    1462.33 0.0000e+00
        840      7.000     4.8670     4.8593   2.836509   2.836399     2.4610     0.8886      99.04 2.1106e-01 0.0000e+00    79.4404    7.26480    29.2743    29.2798    23.1527    1463.00    1462.43 0.0000e+00
        872      8.000     4.9221     4.9087   2.848763   2.848161     2.4598     0.8684      71.88 1.7063e-01 0.0000e+00    79.4390    7.24831    29.3646    29.3696    23.2187    1463.36    1462.54 0.0000e+00
        902      9.000     4.9549     4.9471   2.854789   2.854666     2.4595     0.8560      68.87 1.3613e-01 0.0000e+00    79.4494    7.25030    29.4036    29.4091    23.2463    1463.56    1462.66 0.0000e+00
        928     10.000     4.9652     4.9504   2.855823   2.854392     2.4599     0.8294      75.48 1.0862e-01 0.0000e+00    79.5667    7.24202    29.4058    29.4026    23.2470    1463.62    1462.75 0.0000e+00
        953     11.000     4.9591     4.9554   2.854586   2.855379     2.4588     0.8220      76.64 9.0772e-02 0.0000e+00    79.6201    7.23296    29.3967    29.4090    23.2404    1463.60    1462.83 0.0000e+00
        977     12.000     5.0315     5.0439   2.865393   2.869375     2.4579     0.8003      82.21 7.3859e-02 0.0000e+00    79.6107    7.21305    29.4549    29.4891    23.2791    1463.99    1462.93 0.0000e+00
       1001     13.000     5.2755     5.2990   2.897642   2.903332     2.4570     0.7985      78.31 6.4577e-02 0.0000e+00    79.5094    7.18580    29.6033    29.6466    23.3711    1465.20    1463.10 0.0000e+00
       1023     14.000     5.3176     5.3401   2.910008   2.912046     2.4602     0.7779      77.66 5.4227e-02 0.0000e+00    79.6016    7.21652    29.7049    29.7079    23.4469    1465.52    1463.27 0.0000e+00
       1044     15.000     5.3517     5.3167   2.929553   2.928897     2.4628     0.7757      70.99 4.9726e-02 0.0000e+00    79.6749    7.17120    29.8942    29.9181    23.5930    1465.91    1463.45 0.0000e+00
       1065     16.000     6.0136     5.9573   3.021905   3.022119     2.4610     0.7693      99.12 4.9490e-02 0.0000e+00    79.6916    7.02755    30.3345    30.3873    23.8666    1469.17    1463.81 0.0000e+00
       1086     17.000     6.5100     6.4890   3.089533   3.090367     2.4650     0.7197      52.22 4.9446e-02 0.0000e+00    79.7079    7.04277    30.6351    30.6630    24.0442    1471.54    1464.26 0.0000e+00
       1105     18.000     6.6747     6.6623   3.114717   3.116077     2.4764     0.6575      99.93 4.9476e-02 0.0000e+00    79.7746    7.06585    30.7624    30.7884    24.1240    1472.37    1464.71 0.0000e+00
       1125     19.000     6.8209     6.8126   3.133667   3.134682     2.4826     0.5958      98.82 4.9499e-02 0.0000e+00    80.0155    6.96456    30.8373    30.8559    24.1646    1473.05    1465.14 0.0000e+00
       1146     20.000     6.9537     6.9373   3.153011   3.153470     2.4816     0.6294      73.94 4.9452e-02 0.0000e+00    80.2387    6.85984    30.9279    30.9476    24.2188    1473.71    1465.57 0.0000e+00
       1167     21.000     7.1161     7.1024   3.180083   3.180748     2.4769     0.6387      76.88 4.9485e-02 0.0000e+00    80.3815    6.78485    31.0746    31.0942    24.3132    1474.54    1465.99 0.0000e+00
       1187     22.000     7.1962     7.1901   3.194004   3.194948     2.4722     0.5993      84.96 4.9446e-02 0.0000e+00    80.4791    6.75122    31.1525    31.1682    24.3638    1474.97    1466.40 0.0000e+00
       1208     23.000     7.3520     7.3257   3.218368   3.218876     2.4671     0.4909      52.12 4.9467e-02 0.0000e+00    80.5507    6.69645    31.2741    31.3033    24.4387    1475.74    1466.80 0.0000e+00
       1228     24.000     7.6269     7.6093   3.256134   3.257080     2.4616     0.4937      51.92 4.9472e-02 0.0000e+00    80.6399    6.64315    31.4305    31.4565    24.5242    1477.01    1467.23 0.0000e+00
       1248     25.000     7.6711     7.6692   3.264687   3.265881     2.4590     0.3972      51.02 4.9495e-02 0.0000e+00    80.7221    6.64202    31.4815    31.4960    24.5581    1477.26    1467.62 0.0000e+00
       1269     26.000     7.6667     7.6602   3.270903   3.272133     2.4553     0.3027      50.05 4.9472e-02 0.0000e+00    80.7810    6.59007    31.5514    31.5705    24.6137    1477.35    1468.00 0.0000e+00
       1289     27.000     8.0130     7.9806   3.320000   3.322468     2.4474     0.2498      49.13 4.9494e-02 0.0000e+00    80.8339    6.48027    31.7597    31.8153    24.7284    1478.94    1468.40 0.0000e+00
       1310     28.000     9.1799     9.0893   3.498375   3.502889     2.4406     0.2495      48.18 4.9480e-02 0.0000e+00    80.9157    6.32658    32.5650    32.6947    25.1841    1484.33    1468.96 0.0000e+00
       1330     29.000    10.1085    10.0835   3.670389   3.672931     2.4459     0.1319      47.28 4.9472e-02 0.0000e+00    80.8658    6.32177    33.4732    33.5222    25.7420    1488.83    1469.64 0.0000e+00
       1351     30.000    10.0919    10.0928   3.690945   3.692887     2.4645     0.0594      46.35 4.9467e-02 0.0000e+00    80.4833    6.33301    33.6969    33.7158    25.9194    1489.06    1470.28 0.0000e+00
       1371     31.000    10.0117    10.0138   3.692666   3.694371     2.4617     0.0105      44.94 4.9474e-02 0.0000e+00    80.4650    6.04831    33.7888    33.8042    26.0047    1488.90    1470.87 0.0000e+00
       1391     32.000     9.9125     9.9163   3.690941   3.692609     2.4302    -0.0125      43.85 4.9492e-02 0.0000e+00    79.9956    5.72493    33.8638    33.8772    26.0799    1488.65    1471.42 0.0000e+00
       1412     33.000     9.8376     9.8377   3.688663   3.690331     2.3833    -0.0361      43.17 4.9492e-02 0.0000e+00    79.5411    5.49866    33.9104    33.9274    26.1288    1488.45    1471.93 0.0000e+00
       1433     34.000     9.7863     9.7877   3.686402   3.688071     2.3353    -0.0555      42.54 4.9498e-02 0.0000e+00    79.2707    5.37733    33.9351    33.9509    26.1567    1488.31    1472.41 0.0000e+00
       1453     35.000     9.7402     9.7405   3.684549   3.686205     2.2931    -0.0530      41.58 4.9511e-02 0.0000e+00    79.1935    5.31668    33.9592    33.9759    26.1832    1488.19    1472.85 0.0000e+00
       1475     36.000     9.7159     9.7141   3.683555   3.685187     2.2571    -0.0370      40.51 4.9466e-02 0.0000e+00    78.5964    5.28214    33.9715    33.9899    26.1968    1488.14    1473.27 0.0000e+00
       1496     37.000     9.6594     9.6624   3.681453   3.683138     2.2281    -0.0282      39.18 4.9483e-02 0.0000e+00    77.9351    5.25836    34.0028    34.0173    26.2307    1487.99    1473.67 0.0000e+00
       1518     38.000     9.6143     9.6140   3.679688   3.681373     2.2038 -9.990e-29      37.77 4.9485e-02 0.0000e+00    77.4193    5.23361    34.0269    34.0446    26.2570    1487.87    1474.04 0.0000e+00
       1539     39.000     9.5906     9.5898   3.678701   3.680322     2.1838 -9.990e-29      37.18 4.9477e-02 0.0000e+00    77.2694    5.21555    34.0388    34.0562    26.2702    1487.81    1474.39 0.0000e+00
       1561     40.000     9.5731     9.5720   3.677947   3.679560     2.1676 -9.990e-29      36.32 4.9483e-02 0.0000e+00    77.3095    5.20482    34.0472    34.0648    26.2796    1487.78    1474.72 0.0000e+00
       1583     41.000     9.5542     9.5531   3.677319   3.678944     2.1546 -9.990e-29      35.37 4.9477e-02 0.0000e+00    77.5137    5.19526    34.0582    34.0760    26.2913    1487.74    1475.03 0.0000e+00
       1605     42.000     9.5436     9.5417   3.677045   3.678683     2.1440 -9.990e-29      34.56 4.9483e-02 0.0000e+00    77.6653    5.19185    34.0650    34.0837    26.2984    1487.72    1475.33 0.0000e+00
       1627     43.000     9.5288     9.5286   3.676268   3.677928     2.1366 -9.990e-29      33.46 4.9477e-02 0.0000e+00    77.9114    5.19207    34.0705    34.0879    26.3052    1487.69    1475.62 0.0000e+00
       1649     44.000     9.5082     9.5068   3.675754   3.677381     2.1301 -9.990e-29      32.59 4.9465e-02 0.0000e+00    78.0417    5.18546    34.0844    34.1025    26.3194    1487.65    1475.89 0.0000e+00
       1671     45.000     9.4912     9.4883   3.674742   3.676097     2.1247 -9.990e-29      31.51 4.9469e-02 0.0000e+00    78.1471    5.18146    34.0896    34.1064    26.3263    1487.61    1476.15 0.0000e+00
       1694     46.000     9.4729     9.4703   3.673095   3.674596     2.1204 -9.990e-29      30.57 4.9481e-02 0.0000e+00    78.1846    5.18182    34.0896    34.1075    26.3292    1487.56    1476.39 0.0000e+00
       1717     47.000     9.4644     9.4633   3.673076   3.674713     2.1169 -9.990e-29      29.53 4.9477e-02 0.0000e+00    78.1489    5.17733    34.0970    34.1150    26.3364    1487.56    1476.63 0.0000e+00
       1739     48.000     9.4355     9.4352   3.670870   3.672444     2.1138 -9.990e-29      28.46 4.9494e-02 0.0000e+00    78.0829    5.17282    34.1013    34.1178    26.3445    1487.47    1476.85 0.0000e+00
       1762     49.000     9.4122     9.4111   3.669525   3.671108     2.1103 -9.990e-29      27.45 4.9487e-02 0.0000e+00    78.0928    5.16163    34.1091    34.1265    26.3544    1487.41    1477.07 0.0000e+00
       1785     50.000     9.3963     9.3950   3.668898   3.670503     2.1069 -9.990e-29      26.30 4.9469e-02 0.0000e+00    78.1129    5.15036    34.1173    34.1351    26.3634    1487.38    1477.27 0.0000e+00
       1808     51.000     9.3870     9.3855   3.668872   3.670470     2.1030 -9.990e-29      25.26 4.9469e-02 0.0000e+00    78.1358    5.13660    34.1254    34.1434    26.3713    1487.37    1477.47 0.0000e+00
       1831     52.000     9.3721     9.3710   3.668160   3.669748     2.0989 -9.990e-29      23.68 4.9469e-02 0.0000e+00    78.0862    5.12580    34.1318    34.1493    26.3787    1487.34    1477.66 0.0000e+00
       1854     53.000     9.3565     9.3556   3.667582   3.669180     2.0947 -9.990e-29      22.64 4.9474e-02 0.0000e+00    78.0411    5.11288    34.1403    34.1577    26.3879    1487.31    1477.84 0.0000e+00
       1878     54.000     9.3134     9.3139   3.664640   3.666247     2.0906 -9.990e-29      21.62 4.9491e-02 0.0000e+00    78.0046    5.11076    34.1505    34.1667    26.4029    1487.19    1478.01 0.0000e+00
       1903     55.000     9.2963     9.2949   3.664052   3.665621     2.0866 -9.990e-29      20.68 4.9487e-02 0.0000e+00    77.9504    5.09772    34.1602    34.1779    26.4133    1487.15    1478.18 0.0000e+00
       1931     56.000     9.2856     9.2840   3.663746   3.665306     2.0823 -9.990e-29      19.64 4.9492e-02 0.0000e+00    77.9276    5.08895    34.1668    34.1846    26.4202    1487.14    1478.34 0.0000e+00
       1962     57.000     9.2699     9.2684   3.662761   3.664290     2.0774 -9.990e-29      18.71 4.9491e-02 0.0000e+00    77.9637    5.07806    34.1712    34.1885    26.4261    1487.10    1478.49 0.0000e+00
       1999     58.000     9.2562     9.2545   3.662248   3.663813     2.0730 -9.990e-29      17.70 4.9488e-02 0.0000e+00    78.0929    5.07395    34.1785    34.1964    26.4341    1487.08    1478.64 0.0000e+00
       2102     59.000     9.2514     9.2503   3.660359   3.661643     2.0666    -0.0558      16.49 4.9503e-02 0.0000e+00    78.4354    5.07674    34.1630    34.1774    26.4227    1487.06    1478.78 0.0000e+00
       2227     60.000     9.1980     9.1945   3.659193   3.660254     2.0657    -0.0558      15.25 4.9496e-02 0.0000e+00    78.7768    5.07989    34.2016    34.2160    26.4615    1486.92    1478.91 0.0000e+00
       2285     61.000     9.1296     9.1279   3.656189   3.657627     2.0592    -0.0558      14.47 4.9468e-02 0.0000e+00    78.6823    5.01992    34.2355    34.2521    26.4991    1486.73    1479.04 0.0000e+00
       2336     62.000     9.0970     9.0953   3.654585   3.656081     2.0460 -9.990e-29      13.40 4.9491e-02 0.0000e+00    78.3564    4.95822    34.2496    34.2669    26.5154    1486.65    1479.16 0.0000e+00
       2386     63.000     9.0722     9.0705   3.653437   3.654904     2.0301 -9.990e-29      12.66 4.9481e-02 0.0000e+00    77.9566    4.91834    34.2610    34.2780    26.5283    1486.58    1479.28 0.0000e+00
       2435     64.000     9.0316     9.0311   3.651324   3.652832     2.0212 -9.990e-29      11.71 4.9489e-02 0.0000e+00    77.9697    4.92603    34.2776    34.2938    26.5477    1486.47    1479.39 0.0000e+00
       2483     65.000     9.0100     9.0084   3.650508   3.651986     2.0150 -9.990e-29      10.93 4.9479e-02 0.0000e+00    78.2372    4.91114    34.2894    34.3064    26.5604    1486.42    1479.50 0.0000e+00
       2530     66.000     8.9903     8.9892   3.649631   3.651113     2.0094 -9.990e-29      10.03 4.9484e-02 0.0000e+00    78.4348    4.89577    34.2988    34.3154    26.5709    1486.38    1479.60 0.0000e+00
       2577     67.000     8.9609     8.9592   3.648297   3.649744     2.0026 -9.990e-29       8.89 4.9480e-02 0.0000e+00    78.0743    4.86717    34.3127    34.3295    26.5865    1486.30    1479.70 0.0000e+00
       2624     68.000     8.9263     8.9248   3.646674   3.648149     1.9950    -0.0558       7.99 4.9488e-02 0.0000e+00    77.6860    4.84460    34.3287    34.3456    26.6045    1486.21    1479.80 0.0000e+00
