_data/ctd/2022603/sta0210.cnv
* Sea-Bird SBE 9 Data File:
* FileName = C:\Seabird\CTDData\sta0210.hex
* Software Version Seasave V 7.21f
* Temperature SN = 6264
* Conductivity SN = 4928
* Number of Bytes Per Scan = 40
* Number of Voltage Words = 5
* Number of Scans Averaged by the Deck Unit = 1
* NMEA Latitude = 61 28.27 N
* NMEA Longitude = 005 38.62 E
* NMEA UTC (Time) = Feb 16 2022 01:35:18
* NMEA baud rate = 4800
** Ship: R/V "Kristine Bonnevie"
** Station: 0210
** Echodepth: 319
** Log: 0913.563
** Wind-Dir/Force: 20 08
** Air-temp (dry): 1.9
** Weather Sky:
** Sea:
# nquan = 19                                
# nvalues = 314                         
# units = specified
# name 0 = scan: Scan Count
# name 1 = prDM: Pressure, Digiquartz [db]
# name 2 = t068C: Temperature [ITS-68, deg C]
# name 3 = t168C: Temperature, 2 [ITS-68, deg C]
# name 4 = c0S/m: Conductivity [S/m]
# name 5 = c1S/m: Conductivity, 2 [S/m]
# name 6 = sbeox0V: Oxygen raw, SBE 43 [V]
# name 7 = flECO-AFL: Fluorescence, WET Labs ECO-AFL/FL [mg/m^3]
# name 8 = altM: Altimeter [m]
# name 9 = par: PAR/Irradiance, Biospherical/Licor
# name 10 = spar: SPAR/Surface Irradiance
# name 11 = CStarTr0: Beam Transmission, WET Labs C-Star [%]
# name 12 = sbeox0ML/L: Oxygen, SBE 43 [ml/l], WS = 2
# name 13 = sal00: Salinity, Practical [PSU]
# name 14 = sal11: Salinity, Practical, 2 [PSU]
# name 15 = sigma-t00: Density [sigma-t, Kg/m^3 ]
# name 16 = svCM: Sound Velocity [Chen-Millero, m/s]
# name 17 = avgsvCM: Average Sound Velocity [Chen-Millero, m/s], minP = 1, minS = 5
# name 18 = flag: flag
# span 0 =         -7,       7249       
# span 1 =      1.000,    314.000       
# span 2 =     5.7422,    10.0425       
# span 3 =     5.6934,    10.0404       
# span 4 =   2.665725,   3.702766       
# span 5 =   2.681870,   3.704300       
# span 6 =     1.6981,     2.4598       
# span 7 =    -0.0770,     0.2902       
# span 8 =       7.20,      99.38       
# span 9 = 4.9445e-02, 1.0564e+00       
# span 10 = 0.0000e+00, 0.0000e+00      
# span 11 =    77.8399,    81.3925      
# span 12 =    3.96466,    7.09763      
# span 13 =    26.6370,    34.7468      
# span 14 =    26.8534,    34.7635      
# span 15 =    20.9792,    27.0207      
# span 16 =    1463.16,    1489.10      
# span 17 =    1463.16,    1486.60      
# span 18 = 0.0000e+00, 0.0000e+00      
# interval = decibars: 1                
# start_time = Feb 16 2022 01:35:20 [System UTC, header]
# bad_flag = -9.990e-29
*END*
[from data line 229]
       5346    230.000     8.3355     8.3338   3.637249   3.638638     1.7628    -0.0571      81.23 4.9505e-02 0.0000e+00    80.4154    4.27335    34.7293    34.7458    27.0107    1487.17    1486.12 0.0000e+00
       5369    231.000     8.3358     8.3341   3.637351   3.638752     1.7633    -0.0702      98.56 4.9517e-02 0.0000e+00    80.4401    4.27159    34.7296    34.7462    27.0109    1487.19    1486.12 0.0000e+00
       5392    232.000     8.3359     8.3343   3.637428   3.638821     1.7636    -0.0516      96.91 4.9502e-02 0.0000e+00    80.4384    4.27113    34.7299    34.7463    27.0111    1487.21    1486.13 0.0000e+00
       5414    233.000     8.3360     8.3344   3.637480   3.638878     1.7640    -0.0491      96.31 4.9481e-02 0.0000e+00    80.4447    4.27705    34.7298    34.7463    27.0111    1487.23    1486.13 0.0000e+00
       5437    234.000     8.3360     8.3344   3.637534   3.638834     1.7647    -0.0492      98.84 4.9500e-02 0.0000e+00    80.4175    4.28189    34.7299    34.7453    27.0111    1487.24    1486.14 0.0000e+00
       5460    235.000     8.3362     8.3346   3.637606   3.638997     1.7656    -0.0506      98.78 4.9518e-02 0.0000e+00    80.4446    4.28562    34.7300    34.7464    27.0112    1487.26    1486.14 0.0000e+00
       5483    236.000     8.3363     8.3347   3.637669   3.639070     1.7666    -0.0594      98.79 4.9511e-02 0.0000e+00    80.4636    4.28792    34.7301    34.7466    27.0112    1487.28    1486.15 0.0000e+00
       5506    237.000     8.3365     8.3348   3.637738   3.639139     1.7669    -0.0720      98.79 4.9529e-02 0.0000e+00    80.4865    4.28747    34.7302    34.7468    27.0113    1487.29    1486.15 0.0000e+00
       5528    238.000     8.3366     8.3349   3.637807   3.639210     1.7676 -9.990e-29      98.78 4.9509e-02 0.0000e+00    80.4772    4.29078    34.7304    34.7469    27.0114    1487.31    1486.16 0.0000e+00
       5551    239.000     8.3367     8.3351   3.637885   3.639280     1.7679 -9.990e-29      98.79 4.9505e-02 0.0000e+00    80.4739    4.29339    34.7306    34.7470    27.0116    1487.33    1486.16 0.0000e+00
       5574    240.000     8.3367     8.3350   3.637956   3.639358     1.7689 -9.990e-29      98.79 4.9512e-02 0.0000e+00    80.5354    4.30328    34.7309    34.7475    27.0118    1487.35    1486.17 0.0000e+00
       5597    241.000     8.3369     8.3353   3.638030   3.639437     1.7701 -9.990e-29      98.78 4.9512e-02 0.0000e+00    80.5546    4.30488    34.7310    34.7475    27.0118    1487.36    1486.17 0.0000e+00
       5619    242.000     8.3374     8.3358   3.638163   3.639562     1.7707 -9.990e-29      88.53 4.9452e-02 0.0000e+00    80.5836    4.30519    34.7314    34.7479    27.0121    1487.38    1486.18 0.0000e+00
       5642    243.000     8.3376     8.3360   3.638242   3.639628     1.7717 -9.990e-29      98.70 4.9529e-02 0.0000e+00    80.6391    4.31362    34.7316    34.7479    27.0122    1487.40    1486.18 0.0000e+00
       5664    244.000     8.3378     8.3361   3.638296   3.639699     1.7727 -9.990e-29      98.78 4.9565e-02 0.0000e+00    80.6047    4.31518    34.7315    34.7481    27.0121    1487.42    1486.19 0.0000e+00
       5687    245.000     8.3379     8.3363   3.638386   3.639783     1.7736 -9.990e-29      89.56 4.9524e-02 0.0000e+00    80.6216    4.31841    34.7319    34.7483    27.0124    1487.43    1486.19 0.0000e+00
       5710    246.000     8.3379     8.3363   3.638469   3.639864     1.7743    -0.0559      98.32 4.9553e-02 0.0000e+00    80.6284    4.32073    34.7323    34.7487    27.0127    1487.45    1486.20 0.0000e+00
       5732    247.000     8.3382     8.3365   3.638567   3.639963     1.7751    -0.0558      98.78 4.9509e-02 0.0000e+00    80.6252    4.32056    34.7326    34.7491    27.0129    1487.47    1486.20 0.0000e+00
       5755    248.000     8.3387     8.3370   3.638700   3.640095     1.7755    -0.0558      47.85 4.9487e-02 0.0000e+00    80.6794    4.32554    34.7330    34.7495    27.0131    1487.49    1486.21 0.0000e+00
       5778    249.000     8.3390     8.3374   3.638811   3.640212     1.7767    -0.0558      80.88 4.9518e-02 0.0000e+00    80.6965    4.33569    34.7334    34.7499    27.0134    1487.51    1486.21 0.0000e+00
       5801    250.000     8.3392     8.3376   3.638919   3.640313     1.7779    -0.0558      98.84 4.9489e-02 0.0000e+00    80.7145    4.34163    34.7339    34.7503    27.0138    1487.52    1486.22 0.0000e+00
       5823    251.000     8.3393     8.3378   3.638999   3.640401     1.7795 -9.990e-29      68.20 4.9493e-02 0.0000e+00    80.7446    4.34644    34.7342    34.7506    27.0140    1487.54    1486.22 0.0000e+00
       5846    252.000     8.3396     8.3380   3.639094   3.640494     1.7806 -9.990e-29      68.31 4.9518e-02 0.0000e+00    80.7557    4.34834    34.7344    34.7509    27.0141    1487.56    1486.23 0.0000e+00
       5868    253.000     8.3401     8.3385   3.639239   3.640640     1.7817 -9.990e-29      98.64 4.9515e-02 0.0000e+00    80.7628    4.35746    34.7350    34.7515    27.0145    1487.58    1486.23 0.0000e+00
       5891    254.000     8.3408     8.3392   3.639406   3.640808     1.7833 -9.990e-29      80.90 4.9499e-02 0.0000e+00    80.8007    4.36104    34.7356    34.7521    27.0148    1487.60    1486.24 0.0000e+00
       5913    255.000     8.3414     8.3398   3.639547   3.640946     1.7845 -9.990e-29      48.66 4.9490e-02 0.0000e+00    80.8257    4.36932    34.7360    34.7525    27.0151    1487.62    1486.25 0.0000e+00
       5936    256.000     8.3416     8.3400   3.639614   3.641023     1.7864 -9.990e-29      98.93 4.9496e-02 0.0000e+00    80.8466    4.38001    34.7361    34.7526    27.0151    1487.63    1486.25 0.0000e+00
       5958    257.000     8.3419     8.3402   3.639711   3.641104     1.7882 -9.990e-29      98.79 4.9502e-02 0.0000e+00    80.8552    4.38737    34.7363    34.7528    27.0153    1487.65    1486.26 0.0000e+00
       5980    258.000     8.3423     8.3407   3.639826   3.641224     1.7904 -9.990e-29      33.97 4.9487e-02 0.0000e+00    80.8861    4.39562    34.7367    34.7531    27.0155    1487.67    1486.26 0.0000e+00
       6002    259.000     8.3427     8.3411   3.639930   3.641330     1.7921 -9.990e-29      97.75 4.9527e-02 0.0000e+00    80.9021    4.39575    34.7369    34.7534    27.0156    1487.69    1486.27 0.0000e+00
       6024    260.000     8.3431     8.3415   3.640042   3.641439     1.7935 -9.990e-29      98.79 4.9496e-02 0.0000e+00    80.8881    4.39813    34.7372    34.7537    27.0158    1487.71    1486.27 0.0000e+00
       6047    261.000     8.3434     8.3417   3.640124   3.641536     1.7945 -9.990e-29      36.77 4.9470e-02 0.0000e+00    80.8613    4.39820    34.7373    34.7540    27.0158    1487.72    1486.28 0.0000e+00
       6069    262.000     8.3438     8.3421   3.640229   3.641620     1.7954 -9.990e-29      92.45 4.9481e-02 0.0000e+00    80.8883    4.40284    34.7376    34.7541    27.0159    1487.74    1486.28 0.0000e+00
       6091    263.000     8.3441     8.3425   3.640338   3.641740     1.7967    -0.0558      98.31 4.9492e-02 0.0000e+00    80.8918    4.40869    34.7380    34.7545    27.0162    1487.76    1486.29 0.0000e+00
       6113    264.000     8.3446     8.3429   3.640454   3.641855     1.7972    -0.0664      98.79 4.9517e-02 0.0000e+00    80.9083    4.40344    34.7382    34.7548    27.0163    1487.78    1486.30 0.0000e+00
       6135    265.000     8.3451     8.3434   3.640577   3.641970     1.7978    -0.0573      98.79 4.9515e-02 0.0000e+00    80.8567    4.40869    34.7386    34.7551    27.0165    1487.80    1486.30 0.0000e+00
       6157    266.000     8.3455     8.3439   3.640662   3.642054     1.7988    -0.0517      91.73 4.9490e-02 0.0000e+00    80.8662    4.41254    34.7386    34.7550    27.0165    1487.82    1486.31 0.0000e+00
       6180    267.000     8.3456     8.3441   3.640726   3.642135     1.7991    -0.0577      98.84 4.9496e-02 0.0000e+00    80.8644    4.41253    34.7387    34.7552    27.0166    1487.83    1486.31 0.0000e+00
       6202    268.000     8.3458     8.3441   3.640798   3.642200     1.8000    -0.0749      98.79 4.9489e-02 0.0000e+00    80.8431    4.41940    34.7388    34.7554    27.0166    1487.85    1486.32 0.0000e+00
       6224    269.000     8.3459     8.3443   3.640851   3.642258     1.8007    -0.0678      92.96 4.9499e-02 0.0000e+00    80.8585    4.42111    34.7388    34.7553    27.0166    1487.87    1486.32 0.0000e+00
       6247    270.000     8.3462     8.3445   3.640940   3.642341     1.8015    -0.0558      98.23 4.9483e-02 0.0000e+00    80.8480    4.42544    34.7390    34.7555    27.0167    1487.88    1486.33 0.0000e+00
       6269    271.000     8.3464     8.3448   3.641020   3.642418     1.8024    -0.0541      98.79 4.9518e-02 0.0000e+00    80.8518    4.42540    34.7392    34.7556    27.0168    1487.90    1486.34 0.0000e+00
       6291    272.000     8.3467     8.3450   3.641103   3.642503     1.8025    -0.0512      95.58 4.9502e-02 0.0000e+00    80.8569    4.42400    34.7393    34.7558    27.0168    1487.92    1486.34 0.0000e+00
       6314    273.000     8.3470     8.3454   3.641194   3.642593     1.8032 -9.990e-29      96.39 4.9502e-02 0.0000e+00    80.8478    4.42857    34.7395    34.7559    27.0169    1487.94    1486.35 0.0000e+00
       6336    274.000     8.3471     8.3455   3.641247   3.642645     1.8034 -9.990e-29      98.78 4.9493e-02 0.0000e+00    80.8507    4.42572    34.7395    34.7559    27.0169    1487.95    1486.35 0.0000e+00
       6358    275.000     8.3477     8.3461   3.641370   3.642782     1.8036 -9.990e-29      97.63 4.9477e-02 0.0000e+00    80.8523    4.42580    34.7397    34.7563    27.0170    1487.97    1486.36 0.0000e+00
       6381    276.000     8.3481     8.3465   3.641482   3.642886     1.8035 -9.990e-29      64.26 4.9477e-02 0.0000e+00    80.8078    4.42892    34.7400    34.7565    27.0172    1487.99    1486.36 0.0000e+00
       6403    277.000     8.3485     8.3469   3.641592   3.642971     1.8041 -9.990e-29      53.72 4.9509e-02 0.0000e+00    80.8254    4.43686    34.7403    34.7566    27.0174    1488.01    1486.37 0.0000e+00
       6425    278.000     8.3488     8.3473   3.641684   3.643087     1.8050 -9.990e-29      98.88 4.9505e-02 0.0000e+00    80.8231    4.43617    34.7405    34.7569    27.0175    1488.03    1486.38 0.0000e+00
       6447    279.000     8.3491     8.3475   3.641767   3.643176     1.8048 -9.990e-29      94.45 4.9490e-02 0.0000e+00    80.7978    4.42945    34.7406    34.7572    27.0175    1488.05    1486.38 0.0000e+00
       6470    280.000     8.3492     8.3477   3.641814   3.643229     1.8048 -9.990e-29      98.75 4.9481e-02 0.0000e+00    80.7605    4.43113    34.7406    34.7571    27.0175    1488.06    1486.39 0.0000e+00
       6492    281.000     8.3502     8.3486   3.642023   3.643441     1.8048    -0.0387      73.41 4.9496e-02 0.0000e+00    80.7415    4.43334    34.7413    34.7580    27.0179    1488.08    1486.39 0.0000e+00
       6515    282.000     8.3505     8.3490   3.642131   3.643525     1.8047    -0.0507      77.94 4.9499e-02 0.0000e+00    80.7185    4.43170    34.7417    34.7580    27.0182    1488.10    1486.40 0.0000e+00
       6538    283.000     8.3508     8.3492   3.642207   3.643615     1.8049    -0.0638      99.01 4.9524e-02 0.0000e+00    80.7454    4.43724    34.7417    34.7583    27.0181    1488.12    1486.41 0.0000e+00
       6562    284.000     8.3511     8.3495   3.642293   3.643695     1.8054    -0.0660      79.24 4.9485e-02 0.0000e+00    80.7601    4.44368    34.7419    34.7584    27.0182    1488.14    1486.41 0.0000e+00
       6585    285.000     8.3514     8.3497   3.642379   3.643769     1.8060    -0.0534      36.57 4.9505e-02 0.0000e+00    80.7552    4.44297    34.7420    34.7585    27.0183    1488.16    1486.42 0.0000e+00
       6608    286.000     8.3517     8.3500   3.642477   3.643881     1.8062    -0.0466      35.02 4.9488e-02 0.0000e+00    80.6939    4.44046    34.7423    34.7589    27.0184    1488.17    1486.42 0.0000e+00
       6631    287.000     8.3522     8.3506   3.642594   3.644008     1.8062    -0.0483      34.31 4.9499e-02 0.0000e+00    80.6448    4.44085    34.7426    34.7592    27.0186    1488.19    1486.43 0.0000e+00
       6654    288.000     8.3538     8.3522   3.642912   3.644326     1.8064    -0.0499      33.15 4.9482e-02 0.0000e+00    80.6113    4.44450    34.7439    34.7605    27.0194    1488.22    1486.44 0.0000e+00
       6676    289.000     8.3545     8.3527   3.643033   3.644442     1.8066    -0.0480      32.33 4.9489e-02 0.0000e+00    80.5504    4.44293    34.7440    34.7608    27.0194    1488.24    1486.44 0.0000e+00
       6699    290.000     8.3552     8.3536   3.643217   3.644626     1.8067    -0.0629      25.20 4.9481e-02 0.0000e+00    80.5422    4.44788    34.7448    34.7614    27.0199    1488.26    1486.45 0.0000e+00
       6722    291.000     8.3558     8.3542   3.643348   3.644754     1.8072    -0.0494      29.72 4.9469e-02 0.0000e+00    80.5388    4.45499    34.7452    34.7617    27.0200    1488.27    1486.46 0.0000e+00
       6744    292.000     8.3561     8.3545   3.643438   3.644839     1.8083    -0.0451      29.06 4.9496e-02 0.0000e+00    80.5279    4.46554    34.7453    34.7618    27.0201    1488.29    1486.46 0.0000e+00
       6767    293.000     8.3563     8.3547   3.643509   3.644908     1.8097    -0.0584      27.64 4.9493e-02 0.0000e+00    80.5531    4.46846    34.7454    34.7619    27.0202    1488.31    1486.47 0.0000e+00
       6790    294.000     8.3565     8.3548   3.643575   3.644980     1.8108    -0.0495      26.93 4.9493e-02 0.0000e+00    80.5510    4.47314    34.7455    34.7621    27.0202    1488.33    1486.47 0.0000e+00
       6812    295.000     8.3568     8.3552   3.643663   3.645062     1.8120 -9.990e-29      26.09 4.9502e-02 0.0000e+00    80.5681    4.47291    34.7456    34.7621    27.0203    1488.34    1486.48 0.0000e+00
       6835    296.000     8.3571     8.3555   3.643761   3.645160     1.8124 -9.990e-29      25.18 4.9493e-02 0.0000e+00    80.5363    4.47071    34.7459    34.7623    27.0204    1488.36    1486.49 0.0000e+00
       6858    297.000     8.3573     8.3557   3.643820   3.645223     1.8127 -9.990e-29      24.24 4.9469e-02 0.0000e+00    80.5608    4.47183    34.7458    34.7623    27.0204    1488.38    1486.49 0.0000e+00
       6881    298.000     8.3575     8.3559   3.643879   3.645282     1.8132 -9.990e-29      23.22 4.9493e-02 0.0000e+00    80.5516    4.47406    34.7458    34.7623    27.0203    1488.40    1486.50 0.0000e+00
       6904    299.000     8.3577     8.3561   3.643960   3.645367     1.8136    -0.0652      22.17 4.9493e-02 0.0000e+00    80.5247    4.47404    34.7460    34.7625    27.0204    1488.41    1486.51 0.0000e+00
       6927    300.000     8.3579     8.3563   3.644027   3.645434     1.8136    -0.0518      21.13 4.9469e-02 0.0000e+00    80.5131    4.47506    34.7460    34.7626    27.0204    1488.43    1486.51 0.0000e+00
       6950    301.000     8.3580     8.3565   3.644089   3.645493     1.8141    -0.0509      20.13 4.9475e-02 0.0000e+00    80.5106    4.47553    34.7461    34.7625    27.0205    1488.45    1486.52 0.0000e+00
       6974    302.000     8.3583     8.3567   3.644164   3.645552     1.8138    -0.0605      19.15 4.9509e-02 0.0000e+00    80.4901    4.47130    34.7461    34.7625    27.0204    1488.47    1486.53 0.0000e+00
       6997    303.000     8.3585     8.3569   3.644238   3.645651     1.8137    -0.0554      18.17 4.9506e-02 0.0000e+00    80.4760    4.47419    34.7463    34.7628    27.0205    1488.48    1486.53 0.0000e+00
       7020    304.000     8.3588     8.3572   3.644315   3.645717     1.8138 -9.990e-29      17.17 4.9496e-02 0.0000e+00    80.4688    4.47698    34.7463    34.7628    27.0205    1488.50    1486.54 0.0000e+00
