_data/ctd/2022603/sta0166.cnv
* Sea-Bird SBE 9 Data File:
* FileName = C:\Seabird\CTDData\sta0166.hex
* Software Version Seasave V 7.21f
* Temperature SN = 6264
* Conductivity SN = 4928
* Number of Bytes Per Scan = 40
* Number of Voltage Words = 5
* Number of Scans Averaged by the Deck Unit = 1
* NMEA Latitude = 60 52.91 N
* NMEA Longitude = 005 28.38 E
* NMEA UTC (Time) = Feb 12 2022 18:15:52
* NMEA baud rate = 4800
** Ship: R/V "Kristine Bonnevie"
** Station: 0166
** Echodepth: 275
** Log: 0496.753
** Wind-Dir/Force: 22 13
** Air-temp (dry): 6.9
** Weather Sky:
** Sea:
** M 04
# nquan = 19                                
# nvalues = 262                         
# units = specified
# name 0 = scan: Scan Count
# name 1 = prDM: Pressure, Digiquartz [db]
# name 2 = t068C: Temperature [ITS-68, deg C]
# name 3 = t168C: Temperature, 2 [ITS-68, deg C]
# name 4 = c0S/m: Conductivity [S/m]
# name 5 = c1S/m: Conductivity, 2 [S/m]
# name 6 = sbeox0V: Oxygen raw, SBE 43 [V]
# name 7 = flECO-AFL: Fluorescence, WET Labs ECO-AFL/FL [mg/m^3]
# name 8 = altM: Altimeter [m]
# name 9 = par: PAR/Irradiance, Biospherical/Licor
# name 10 = spar: SPAR/Surface Irradiance
# name 11 = CStarTr0: Beam Transmission, WET Labs C-Star [%]
# name 12 = sbeox0ML/L: Oxygen, SBE 43 [ml/l], WS = 2
# name 13 = sal00: Salinity, Practical [PSU]
# name 14 = sal11: Salinity, Practical, 2 [PSU]
# name 15 = sigma-t00: Density [sigma-t, Kg/m^3 ]
# name 16 = svCM: Sound Velocity [Chen-Millero, m/s]
# name 17 = avgsvCM: Average Sound Velocity [Chen-Millero, m/s], minP = 1, minS = 5
# name 18 = flag: flag
# span 0 =        475,       6269       
# span 1 =      3.000,    264.000       
# span 2 =     6.5280,    10.2589       
# span 3 =     6.5510,    10.2538       
# span 4 =   2.870326,   3.736919       
# span 5 =   2.898301,   3.738381       
# span 6 =     1.6341,     2.4382       
# span 7 =    -0.0804,     0.3372       
# span 8 =      13.52,      99.80       
# span 9 = 4.9446e-02, 3.4948e-01       
# span 10 = 0.0000e+00, 0.0000e+00      
# span 11 =    80.7586,    82.5314      
# span 12 =    3.79133,    6.87368      
# span 13 =    28.2353,    34.9532      
# span 14 =    28.5197,    34.9685      
# span 15 =    22.1520,    27.1882      
# span 16 =    1468.38,    1490.10      
# span 17 =    1468.38,    1486.37      
# span 18 = 0.0000e+00, 0.0000e+00      
# interval = decibars: 1                
# start_time = Feb 12 2022 18:15:54 [System UTC, header]
# bad_flag = -9.990e-29
*END*
[from data line 229]
       5491    232.000     8.3247     8.3231   3.656805   3.658091     1.6571    -0.0762      45.55 4.9485e-02 0.0000e+00    82.0633    3.90440    34.9471    34.9624    27.1833    1487.44    1486.19 0.0000e+00
       5512    233.000     8.3248     8.3231   3.656865   3.658145     1.6569    -0.0755      44.63 4.9492e-02 0.0000e+00    82.0810    3.90361    34.9472    34.9625    27.1833    1487.45    1486.19 0.0000e+00
       5532    234.000     8.3249     8.3232   3.656927   3.658213     1.6570    -0.0641      43.83 4.9481e-02 0.0000e+00    82.0565    3.90308    34.9472    34.9626    27.1834    1487.47    1486.20 0.0000e+00
       5553    235.000     8.3249     8.3232   3.656984   3.658271     1.6567    -0.0542      42.55 4.9502e-02 0.0000e+00    82.0278    3.90430    34.9474    34.9628    27.1835    1487.49    1486.20 0.0000e+00
       5573    236.000     8.3250     8.3234   3.657028   3.658325     1.6567    -0.0633      41.76 4.9512e-02 0.0000e+00    82.0226    3.90382    34.9473    34.9627    27.1834    1487.50    1486.21 0.0000e+00
       5594    237.000     8.3251     8.3235   3.657092   3.658374     1.6563    -0.0587      40.65 4.9508e-02 0.0000e+00    82.0088    3.90428    34.9474    34.9626    27.1834    1487.52    1486.21 0.0000e+00
       5614    238.000     8.3252     8.3236   3.657145   3.658423     1.6568    -0.0602      39.69 4.9479e-02 0.0000e+00    82.0098    3.90749    34.9474    34.9625    27.1834    1487.54    1486.22 0.0000e+00
       5635    239.000     8.3253     8.3237   3.657196   3.658493     1.6564    -0.0710      38.87 4.9502e-02 0.0000e+00    82.0097    3.90317    34.9473    34.9627    27.1834    1487.55    1486.23 0.0000e+00
       5655    240.000     8.3254     8.3237   3.657256   3.658548     1.6563    -0.0714      37.84 4.9492e-02 0.0000e+00    81.9921    3.90374    34.9474    34.9628    27.1834    1487.57    1486.23 0.0000e+00
       5675    241.000     8.3254     8.3238   3.657317   3.658590     1.6561    -0.0549      36.59 4.9488e-02 0.0000e+00    81.9956    3.90780    34.9476    34.9627    27.1835    1487.59    1486.24 0.0000e+00
       5696    242.000     8.3253     8.3237   3.657389   3.658668     1.6565    -0.0558      35.20 4.9485e-02 0.0000e+00    82.0098    3.91067    34.9479    34.9631    27.1839    1487.60    1486.24 0.0000e+00
       5717    243.000     8.3254     8.3238   3.657440   3.658727     1.6566    -0.0644      34.50 4.9512e-02 0.0000e+00    82.0019    3.90728    34.9479    34.9632    27.1838    1487.62    1486.25 0.0000e+00
       5737    244.000     8.3254     8.3237   3.657503   3.658794     1.6563    -0.0739      33.28 4.9509e-02 0.0000e+00    81.9711    3.90851    34.9481    34.9635    27.1840    1487.64    1486.25 0.0000e+00
       5758    245.000     8.3254     8.3237   3.657574   3.658852     1.6566    -0.0527      32.49 4.9495e-02 0.0000e+00    81.9763    3.91040    34.9484    34.9637    27.1842    1487.65    1486.26 0.0000e+00
       5778    246.000     8.3253     8.3237   3.657629   3.658903     1.6566    -0.0655      31.71 4.9505e-02 0.0000e+00    81.9691    3.91024    34.9486    34.9637    27.1844    1487.67    1486.26 0.0000e+00
       5799    247.000     8.3252     8.3236   3.657691   3.658979     1.6566    -0.0617      30.61 4.9499e-02 0.0000e+00    81.9752    3.90766    34.9489    34.9642    27.1846    1487.69    1486.27 0.0000e+00
       5822    248.000     8.3252     8.3236   3.657748   3.659031     1.6559    -0.0725      29.70 4.9479e-02 0.0000e+00    81.9699    3.90326    34.9490    34.9642    27.1847    1487.70    1486.28 0.0000e+00
       5845    249.000     8.3252     8.3236   3.657808   3.659088     1.6558    -0.0720      28.61 4.9517e-02 0.0000e+00    81.9645    3.90774    34.9492    34.9644    27.1848    1487.72    1486.28 0.0000e+00
       5867    250.000     8.3249     8.3233   3.657895   3.659170     1.6556    -0.0661      27.71 4.9477e-02 0.0000e+00    81.9314    3.90717    34.9499    34.9651    27.1855    1487.74    1486.29 0.0000e+00
       5890    251.000     8.3246     8.3231   3.657970   3.659250     1.6555    -0.0756      26.66 4.9487e-02 0.0000e+00    81.9243    3.90587    34.9505    34.9656    27.1860    1487.75    1486.29 0.0000e+00
       5913    252.000     8.3246     8.3231   3.658026   3.659318     1.6550    -0.0703      25.72 4.9496e-02 0.0000e+00    81.9124    3.90135    34.9506    34.9659    27.1861    1487.77    1486.30 0.0000e+00
       5935    253.000     8.3247     8.3230   3.658092   3.659367     1.6546    -0.0694      24.66 4.9481e-02 0.0000e+00    81.8973    3.90308    34.9508    34.9660    27.1862    1487.79    1486.31 0.0000e+00
       5958    254.000     8.3246     8.3230   3.658154   3.659439     1.6544    -0.0706      23.65 4.9475e-02 0.0000e+00    81.8482    3.90461    34.9510    34.9663    27.1864    1487.80    1486.31 0.0000e+00
       5980    255.000     8.3246     8.3230   3.658208   3.659498     1.6541    -0.0679      22.17 4.9489e-02 0.0000e+00    81.8401    3.90644    34.9511    34.9665    27.1865    1487.82    1486.32 0.0000e+00
       6003    256.000     8.3248     8.3230   3.658265   3.659568     1.6543    -0.0627      21.48 4.9464e-02 0.0000e+00    81.8301    3.90714    34.9511    34.9667    27.1864    1487.84    1486.32 0.0000e+00
       6025    257.000     8.3246     8.3229   3.658342   3.659631     1.6541    -0.0681      20.76 4.9475e-02 0.0000e+00    81.8040    3.90647    34.9516    34.9670    27.1868    1487.85    1486.33 0.0000e+00
       6047    258.000     8.3248     8.3231   3.658393   3.659673     1.6542    -0.0723      19.74 4.9496e-02 0.0000e+00    81.7962    3.90774    34.9515    34.9668    27.1867    1487.87    1486.34 0.0000e+00
       6069    259.000     8.3249     8.3233   3.658451   3.659725     1.6540    -0.0670      18.74 4.9502e-02 0.0000e+00    81.7913    3.90703    34.9515    34.9667    27.1867    1487.89    1486.34 0.0000e+00
       6092    260.000     8.3249     8.3232   3.658510   3.659795     1.6541    -0.0648      17.74 4.9488e-02 0.0000e+00    81.7894    3.90993    34.9517    34.9670    27.1868    1487.90    1486.35 0.0000e+00
       6115    261.000     8.3243     8.3228   3.658598   3.659881     1.6542    -0.0660      16.75 4.9475e-02 0.0000e+00    81.7749    3.90829    34.9527    34.9679    27.1878    1487.92    1486.35 0.0000e+00
       6140    262.000     8.3242     8.3226   3.658667   3.659949     1.6540    -0.0605      15.73 4.9503e-02 0.0000e+00    81.7457    3.90527    34.9531    34.9683    27.1881    1487.94    1486.36 0.0000e+00
       6165    263.000     8.3242     8.3226   3.658724   3.660010     1.6532    -0.0632      14.72 4.9503e-02 0.0000e+00    81.7135    3.90292    34.9532    34.9685    27.1882    1487.95    1486.37 0.0000e+00
       6269    264.000     8.3244     8.3229   3.658775   3.660053     1.6531    -0.0774      13.52 4.9495e-02 0.0000e+00    81.6781    3.91004    34.9531    34.9682    27.1880    1487.97    1486.37 0.0000e+00
