_data/ctd/2022603/sta0196.cnv
* Sea-Bird SBE 9 Data File:
* FileName = C:\Seabird\CTDData\sta0196.hex
* Software Version Seasave V 7.21f
* Temperature SN = 6264
* Conductivity SN = 4928
* Number of Bytes Per Scan = 40
* Number of Voltage Words = 5
* Number of Scans Averaged by the Deck Unit = 1
* NMEA Latitude = 61 13.68 N
* NMEA Longitude = 006 34.12 E
* NMEA UTC (Time) = Feb 14 2022 20:11:32
* NMEA baud rate = 4800
** Ship: R/V "Kristine Bonnevie"
** Station: 0196
** Echodepth: 299
** Log: 0774.793
** Wind-Dir/Force: 30 04
** Air-temp (dry): 4.8
** Weather Sky:
** Sea:
# nquan = 19                                
# nvalues = 295                         
# units = specified
# name 0 = scan: Scan Count
# name 1 = prDM: Pressure, Digiquartz [db]
# name 2 = t068C: Temperature [ITS-68, deg C]
# name 3 = t168C: Temperature, 2 [ITS-68, deg C]
# name 4 = c0S/m: Conductivity [S/m]
# name 5 = c1S/m: Conductivity, 2 [S/m]
# name 6 = sbeox0V: Oxygen raw, SBE 43 [V]
# name 7 = flECO-AFL: Fluorescence, WET Labs ECO-AFL/FL [mg/m^3]
# name 8 = altM: Altimeter [m]
# name 9 = par: PAR/Irradiance, Biospherical/Licor
# name 10 = spar: SPAR/Surface Irradiance
# name 11 = CStarTr0: Beam Transmission, WET Labs C-Star [%]
# name 12 = sbeox0ML/L: Oxygen, SBE 43 [ml/l], WS = 2
# name 13 = sal00: Salinity, Practical [PSU]
# name 14 = sal11: Salinity, Practical, 2 [PSU]
# name 15 = sigma-t00: Density [sigma-t, Kg/m^3 ]
# name 16 = svCM: Sound Velocity [Chen-Millero, m/s]
# name 17 = avgsvCM: Average Sound Velocity [Chen-Millero, m/s], minP = 1, minS = 5
# name 18 = flag: flag
# span 0 =        157,       7564       
# span 1 =      1.000,    295.000       
# span 2 =     4.2313,    10.0196       
# span 3 =     4.2040,    10.0163       
# span 4 =   2.635359,   3.708415       
# span 5 =   2.626472,   3.709861       
# span 6 =     1.8933,     2.4994       
# span 7 =    -0.0998,     1.0442       
# span 8 =       1.18,     100.23       
# span 9 = 4.9456e-02, 1.1454e+00       
# span 10 = 0.0000e+00, 0.0000e+00      
# span 11 =    78.8104,    81.8868      
# span 12 =    4.67586,    7.52134      
# span 13 =    27.5232,    34.9692      
# span 14 =    27.4440,    34.9857      
# span 15 =    21.8244,    27.2881      
# span 16 =    1458.02,    1489.15      
# span 17 =    1458.34,    1484.21      
# span 18 = 0.0000e+00, 0.0000e+00      
# interval = decibars: 1                
# start_time = Feb 14 2022 20:11:34 [System UTC, header]
# bad_flag = -9.990e-29
*END*
[from data line 77]
       2188     78.000     8.7237     8.7233   3.650702   3.652107     2.0990    -0.0732      39.30 4.9491e-02 0.0000e+00    81.7770    5.21325    34.5632    34.5784    26.8202    1485.92    1480.41 0.0000e+00
       2213     79.000     8.7079     8.7064   3.649935   3.651344     2.0958    -0.0726      88.29 4.9472e-02 0.0000e+00    81.7743    5.20801    34.5700    34.5863    26.8280    1485.88    1480.47 0.0000e+00
       2238     80.000     8.7054     8.7037   3.649872   3.651294     2.0923    -0.0691      32.00 4.9500e-02 0.0000e+00    81.7923    5.19884    34.5713    34.5880    26.8295    1485.89    1480.54 0.0000e+00
       2263     81.000     8.7010     8.6994   3.649747   3.651163     2.0897    -0.0704      65.22 4.9511e-02 0.0000e+00    81.7932    5.19836    34.5738    34.5903    26.8321    1485.89    1480.61 0.0000e+00
       2287     82.000     8.6811     8.6808   3.649093   3.650505     2.0874    -0.0710      80.31 4.9485e-02 0.0000e+00    81.7985    5.19652    34.5859    34.6011    26.8447    1485.85    1480.67 0.0000e+00
       2312     83.000     8.6505     8.6504   3.647882   3.649249     2.0856    -0.0725      50.47 4.9482e-02 0.0000e+00    81.8042    5.19637    34.6026    34.6171    26.8626    1485.77    1480.73 0.0000e+00
       2338     84.000     8.6083     8.6079   3.645947   3.647334     2.0835    -0.0682      97.87 4.9478e-02 0.0000e+00    81.7965    5.19718    34.6230    34.6380    26.8851    1485.66    1480.79 0.0000e+00
       2363     85.000     8.5895     8.5882   3.645441   3.646836     2.0820    -0.0704      57.39 4.9505e-02 0.0000e+00    81.8181    5.19636    34.6356    34.6516    26.8980    1485.62    1480.85 0.0000e+00
       2388     86.000     8.5761     8.5746   3.645150   3.646542     2.0807    -0.0684      51.20 4.9500e-02 0.0000e+00    81.8129    5.20048    34.6452    34.6614    26.9076    1485.60    1480.90 0.0000e+00
       2413     87.000     8.5696     8.5678   3.645040   3.646441     2.0800    -0.0750      65.10 4.9489e-02 0.0000e+00    81.8203    5.20525    34.6499    34.6665    26.9123    1485.60    1480.96 0.0000e+00
       2439     88.000     8.5673     8.5652   3.645099   3.646497     2.0802    -0.0781      58.62 4.9492e-02 0.0000e+00    81.8373    5.21304    34.6523    34.6692    26.9145    1485.61    1481.01 0.0000e+00
       2464     89.000     8.5677     8.5656   3.645343   3.646750     2.0805    -0.0687      60.43 4.9498e-02 0.0000e+00    81.8507    5.21745    34.6540    34.6710    26.9158    1485.63    1481.06 0.0000e+00
       2490     90.000     8.5687     8.5666   3.645554   3.646959     2.0814    -0.0956      52.38 4.9489e-02 0.0000e+00    81.8695    5.22176    34.6548    34.6717    26.9163    1485.65    1481.11 0.0000e+00
       2515     91.000     8.5661     8.5650   3.645558   3.646996     2.0821    -0.0680      91.85 4.9489e-02 0.0000e+00    81.8607    5.22669    34.6569    34.6732    26.9183    1485.66    1481.16 0.0000e+00
       2540     92.000     8.5510     8.5497   3.644551   3.645948     2.0830    -0.0695      60.94 4.9478e-02 0.0000e+00    81.8733    5.23077    34.6606    34.6767    26.9236    1485.62    1481.21 0.0000e+00
       2565     93.000     8.5421     8.5406   3.644337   3.645743     2.0835    -0.0886      79.17 4.9495e-02 0.0000e+00    81.8751    5.23138    34.6666    34.6830    26.9296    1485.61    1481.26 0.0000e+00
       2590     94.000     8.5222     8.5215   3.643510   3.644901     2.0839    -0.0937      73.32 4.9489e-02 0.0000e+00    81.8673    5.22858    34.6769    34.6923    26.9408    1485.57    1481.30 0.0000e+00
       2615     95.000     8.5123     8.5111   3.643218   3.644594     2.0831    -0.0791      81.71 4.9500e-02 0.0000e+00    81.8702    5.22426    34.6831    34.6988    26.9472    1485.56    1481.35 0.0000e+00
       2640     96.000     8.4890     8.4872   3.641218   3.642562     2.0829    -0.0720      85.43 4.9480e-02 0.0000e+00    81.8733    5.23054    34.6843    34.7003    26.9518    1485.49    1481.39 0.0000e+00
       2664     97.000     8.4890     8.4875   3.641517   3.642916     2.0824    -0.0760      78.49 4.9500e-02 0.0000e+00    81.8755    5.22316    34.6870    34.7033    26.9539    1485.51    1481.43 0.0000e+00
       2689     98.000     8.4809     8.4793   3.641077   3.642476     2.0814    -0.0847      84.91 4.9491e-02 0.0000e+00    81.8801    5.21892    34.6898    34.7062    26.9573    1485.50    1481.47 0.0000e+00
       2713     99.000     8.4766     8.4748   3.640946   3.642334     2.0801    -0.0872      77.00 4.9483e-02 0.0000e+00    81.8585    5.21243    34.6922    34.7087    26.9599    1485.50    1481.52 0.0000e+00
       2737    100.000     8.4721     8.4707   3.640654   3.642074     2.0788    -0.0706      70.41 4.9503e-02 0.0000e+00    81.8680    5.21116    34.6930    34.7095    26.9612    1485.50    1481.55 0.0000e+00
       2762    101.000     8.4622     8.4608   3.639864   3.641244     2.0776    -0.0834      98.78 4.9484e-02 0.0000e+00    81.8729    5.20657    34.6939    34.7099    26.9634    1485.48    1481.59 0.0000e+00
       2787    102.000     8.4543     8.4526   3.639550   3.640941     2.0760    -0.0890      66.34 4.9494e-02 0.0000e+00    81.8766    5.20494    34.6979    34.7143    26.9678    1485.47    1481.63 0.0000e+00
       2811    103.000     8.4482     8.4465   3.639446   3.640838     2.0751    -0.0711      84.60 4.9474e-02 0.0000e+00    81.8324    5.20248    34.7023    34.7187    26.9722    1485.47    1481.67 0.0000e+00
       2836    104.000     8.4469     8.4451   3.639546   3.640935     2.0732    -0.0710      94.03 4.9472e-02 0.0000e+00    81.8774    5.19378    34.7042    34.7207    26.9738    1485.49    1481.71 0.0000e+00
       2861    105.000     8.4463     8.4444   3.639668   3.641062     2.0719    -0.0721      75.31 4.9467e-02 0.0000e+00    81.8753    5.19568    34.7056    34.7222    26.9750    1485.50    1481.74 0.0000e+00
       2885    106.000     8.4454     8.4437   3.639811   3.641190     2.0712    -0.0770      49.73 4.9480e-02 0.0000e+00    81.8380    5.19611    34.7075    34.7238    26.9767    1485.52    1481.78 0.0000e+00
       2910    107.000     8.4282     8.4282   3.638793   3.640197     2.0699    -0.0744      83.91 4.9495e-02 0.0000e+00    81.8712    5.19466    34.7131    34.7280    26.9838    1485.48    1481.81 0.0000e+00
       2935    108.000     8.4162     8.4139   3.638790   3.640165     2.0695    -0.0725      91.19 4.9495e-02 0.0000e+00    81.8841    5.19902    34.7244    34.7413    26.9945    1485.46    1481.85 0.0000e+00
       2960    109.000     8.4135     8.4120   3.638773   3.640152     2.0689    -0.0718      70.47 4.9484e-02 0.0000e+00    81.8546    5.20174    34.7264    34.7426    26.9965    1485.47    1481.88 0.0000e+00
       2984    110.000     8.3995     8.3984   3.637704   3.639094     2.0690    -0.0638      52.01 4.9503e-02 0.0000e+00    81.8649    5.21005    34.7284    34.7443    27.0002    1485.44    1481.91 0.0000e+00
       3009    111.000     8.3845     8.3838   3.636670   3.638093     2.0699    -0.0720      77.51 4.9511e-02 0.0000e+00    81.8868    5.21997    34.7317    34.7476    27.0051    1485.40    1481.94 0.0000e+00
       3033    112.000     8.3606     8.3605   3.634702   3.636106     2.0706    -0.0749      90.15 4.9497e-02 0.0000e+00    81.8733    5.21859    34.7339    34.7489    27.0105    1485.33    1481.97 0.0000e+00
       3058    113.000     8.3580     8.3562   3.635201   3.636604     2.0703    -0.0946      69.45 4.9489e-02 0.0000e+00    81.8736    5.20627    34.7413    34.7580    27.0167    1485.35    1482.00 0.0000e+00
       3082    114.000     8.3555     8.3540   3.635233   3.636631     2.0684    -0.0846      98.96 4.9493e-02 0.0000e+00    81.8613    5.18349    34.7436    34.7600    27.0189    1485.36    1482.03 0.0000e+00
       3106    115.000     8.3561     8.3538   3.635656   3.637029     2.0654    -0.0785      65.92 4.9479e-02 0.0000e+00    81.8586    5.17291    34.7470    34.7639    27.0215    1485.38    1482.06 0.0000e+00
       3130    116.000     8.3631     8.3612   3.636734   3.638143     2.0630    -0.0727      67.63 4.9517e-02 0.0000e+00    81.8656    5.17201    34.7511    34.7680    27.0236    1485.43    1482.09 0.0000e+00
       3154    117.000     8.3569     8.3556   3.636474   3.637881     2.0616    -0.0813      69.91 4.9492e-02 0.0000e+00    81.8711    5.18296    34.7540    34.7703    27.0268    1485.43    1482.12 0.0000e+00
       3178    118.000     8.3535     8.3517   3.636335   3.637724     2.0615    -0.0905      75.72 4.9480e-02 0.0000e+00    81.8482    5.20165    34.7554    34.7720    27.0284    1485.43    1482.15 0.0000e+00
       3202    119.000     8.3487     8.3479   3.635914   3.637330     2.0638    -0.0712      49.36 4.9514e-02 0.0000e+00    81.8719    5.22532    34.7552    34.7710    27.0290    1485.43    1482.17 0.0000e+00
       3226    120.000     8.3212     8.3210   3.633330   3.634734     2.0658    -0.0668      55.11 4.9497e-02 0.0000e+00    81.8641    5.22894    34.7543    34.7695    27.0326    1485.34    1482.20 0.0000e+00
       3251    121.000     8.3034     8.3022   3.631710   3.633065     2.0671    -0.0647      86.64 4.9506e-02 0.0000e+00    81.8668    5.21903    34.7542    34.7698    27.0352    1485.29    1482.23 0.0000e+00
       3275    122.000     8.3020     8.3002   3.631804   3.633176     2.0661    -0.0725      42.58 4.9497e-02 0.0000e+00    81.8521    5.19067    34.7561    34.7725    27.0369    1485.31    1482.25 0.0000e+00
       3300    123.000     8.2958     8.2943   3.631439   3.632826     2.0622    -0.0998      96.67 4.9472e-02 0.0000e+00    81.8391    5.15070    34.7579    34.7741    27.0392    1485.30    1482.28 0.0000e+00
       3325    124.000     8.2887     8.2873   3.631188   3.632570     2.0560    -0.0736      43.11 4.9497e-02 0.0000e+00    81.8292    5.11782    34.7617    34.7778    27.0433    1485.30    1482.30 0.0000e+00
       3349    125.000     8.2776     8.2765   3.630485   3.631882     2.0497    -0.0699      57.51 4.9500e-02 0.0000e+00    81.8482    5.10476    34.7647    34.7807    27.0474    1485.27    1482.32 0.0000e+00
       3373    126.000     8.2687     8.2680   3.629867   3.631285     2.0445    -0.0686      52.57 4.9508e-02 0.0000e+00    81.8282    5.09898    34.7664    34.7823    27.0501    1485.26    1482.35 0.0000e+00
       3398    127.000     8.2552     8.2541   3.628818   3.630190     2.0402    -0.0761      98.52 4.9474e-02 0.0000e+00    81.8399    5.09556    34.7681    34.7839    27.0535    1485.23    1482.37 0.0000e+00
       3422    128.000     8.2658     8.2641   3.630422   3.632043     2.0364    -0.0669      72.02 4.9468e-02 0.0000e+00    81.8418    5.08515    34.7743    34.7932    27.0567    1485.29    1482.39 0.0000e+00
       3445    129.000     8.3060     8.3037   3.635318   3.636771     2.0328    -0.0765      64.73 4.9503e-02 0.0000e+00    81.8418    5.06724    34.7862    34.8040    27.0599    1485.47    1482.42 0.0000e+00
       3469    130.000     8.2894     8.2883   3.634061   3.635421     2.0290    -0.0836      96.90 4.9474e-02 0.0000e+00    81.8238    5.07587    34.7888    34.8043    27.0644    1485.43    1482.44 0.0000e+00
       3493    131.000     8.2838     8.2815   3.634171   3.635509     2.0294    -0.0687      69.15 4.9497e-02 0.0000e+00    81.8189    5.14078    34.7950    34.8115    27.0702    1485.43    1482.46 0.0000e+00
       3517    132.000     8.2806     8.2798   3.634348   3.635770     2.0363    -0.0748      98.31 4.9491e-02 0.0000e+00    81.8106    5.21056    34.7996    34.8155    27.0743    1485.44    1482.48 0.0000e+00
       3541    133.000     8.2628     8.2613   3.632790   3.634086     2.0450    -0.0850      84.19 4.9457e-02 0.0000e+00    81.8073    5.24610    34.8001    34.8154    27.0774    1485.39    1482.51 0.0000e+00
       3565    134.000     8.2642     8.2611   3.633427   3.634773     2.0530    -0.0700      73.32 4.9491e-02 0.0000e+00    81.7993    5.26415    34.8050    34.8224    27.0810    1485.42    1482.53 0.0000e+00
       3589    135.000     8.2696     8.2680   3.634215   3.635608     2.0599    -0.0702      93.19 4.9474e-02 0.0000e+00    81.7917    5.26145    34.8076    34.8240    27.0822    1485.46    1482.55 0.0000e+00
       3613    136.000     8.2669     8.2651   3.634198   3.635578     2.0634    -0.0697      50.89 4.9485e-02 0.0000e+00    81.7775    5.25480    34.8096    34.8261    27.0842    1485.47    1482.57 0.0000e+00
       3637    137.000     8.2653     8.2636   3.634205   3.635592     2.0672    -0.0656      98.03 4.9485e-02 0.0000e+00    81.7636    5.27547    34.8108    34.8273    27.0854    1485.48    1482.59 0.0000e+00
       3662    138.000     8.2623     8.2606   3.634045   3.635435     2.0714    -0.0732      40.98 4.9468e-02 0.0000e+00    81.7711    5.29182    34.8116    34.8281    27.0865    1485.49    1482.61 0.0000e+00
       3685    139.000     8.2641     8.2622   3.634415   3.635815     2.0757    -0.0786      94.89 4.9456e-02 0.0000e+00    81.7682    5.30121    34.8132    34.8301    27.0875    1485.51    1482.63 0.0000e+00
       3709    140.000     8.2621     8.2605   3.634371   3.635762     2.0788    -0.0740      54.28 4.9468e-02 0.0000e+00    81.7652    5.30471    34.8143    34.8307    27.0886    1485.52    1482.65 0.0000e+00
       3733    141.000     8.2587     8.2570   3.634186   3.635566     2.0814    -0.0749      64.05 4.9503e-02 0.0000e+00    81.7653    5.30645    34.8152    34.8316    27.0899    1485.53    1482.67 0.0000e+00
       3757    142.000     8.2590     8.2570   3.634341   3.635746     2.0835    -0.0915      72.80 4.9475e-02 0.0000e+00    81.7554    5.31421    34.8161    34.8330    27.0905    1485.55    1482.70 0.0000e+00
       3781    143.000     8.2587     8.2572   3.634452   3.635840     2.0858    -0.0733      78.56 4.9480e-02 0.0000e+00    81.7631    5.31792    34.8171    34.8334    27.0913    1485.56    1482.72 0.0000e+00
       3804    144.000     8.2385     8.2377   3.632935   3.634312     2.0870    -0.0840      62.08 4.9511e-02 0.0000e+00    81.7603    5.31625    34.8204    34.8359    27.0970    1485.51    1482.73 0.0000e+00
       3827    145.000     8.2326     8.2309   3.632727   3.634104     2.0878    -0.0663      83.87 4.9487e-02 0.0000e+00    81.7580    5.31775    34.8235    34.8399    27.1004    1485.51    1482.75 0.0000e+00
       3851    146.000     8.2289     8.2273   3.632560   3.633943     2.0884    -0.0695      94.06 4.9468e-02 0.0000e+00    81.7457    5.31138    34.8249    34.8413    27.1021    1485.51    1482.77 0.0000e+00
       3874    147.000     8.2254     8.2237   3.632337   3.633714     2.0876    -0.0663      80.93 4.9488e-02 0.0000e+00    81.7557    5.30096    34.8256    34.8419    27.1031    1485.52    1482.79 0.0000e+00
       3897    148.000     8.2152     8.2141   3.631533   3.632928     2.0866    -0.0882      38.74 4.9524e-02 0.0000e+00    81.7716    5.29311    34.8266    34.8426    27.1055    1485.49    1482.81 0.0000e+00
       3921    149.000     8.1992     8.1984   3.630532   3.631926     2.0849    -0.0702      78.92 4.9514e-02 0.0000e+00    81.7692    5.28596    34.8313    34.8470    27.1116    1485.46    1482.83 0.0000e+00
       3944    150.000     8.1932     8.1915   3.630245   3.631631     2.0827    -0.0656      90.49 4.9503e-02 0.0000e+00    81.7620    5.27105    34.8337    34.8502    27.1144    1485.45    1482.84 0.0000e+00
       3969    151.000     8.1911     8.1899   3.630205   3.631612     2.0795    -0.0837      78.27 4.9485e-02 0.0000e+00    81.7599    5.25397    34.8349    34.8511    27.1156    1485.46    1482.86 0.0000e+00
       3993    152.000     8.1687     8.1697   3.627799   3.629253     2.0758    -0.0775      97.31 4.9485e-02 0.0000e+00    81.7673    5.24011    34.8309    34.8454    27.1159    1485.39    1482.88 0.0000e+00
