_data/ctd/2022603/sta0186.cnv
* Sea-Bird SBE 9 Data File:
* FileName = C:\Seabird\CTDData\sta0186.hex
* Software Version Seasave V 7.21f
* Temperature SN = 6264
* Conductivity SN = 4928
* Number of Bytes Per Scan = 40
* Number of Voltage Words = 5
* Number of Scans Averaged by the Deck Unit = 1
* NMEA Latitude = 61 12.13 N
* NMEA Longitude = 007 04.98 E
* NMEA UTC (Time) = Feb 14 2022 10:57:45
* NMEA baud rate = 4800
** Ship: R/V "Kristine Bonnevie"
** Station: 0186
** Echodepth: 260
** Log: 0723.665
** Wind-Dir/Force: 08 01
** Air-temp (dry): 3.2
** Weather Sky:
** Sea:
# nquan = 19                                
# nvalues = 254                         
# units = specified
# name 0 = scan: Scan Count
# name 1 = prDM: Pressure, Digiquartz [db]
# name 2 = t068C: Temperature [ITS-68, deg C]
# name 3 = t168C: Temperature, 2 [ITS-68, deg C]
# name 4 = c0S/m: Conductivity [S/m]
# name 5 = c1S/m: Conductivity, 2 [S/m]
# name 6 = sbeox0V: Oxygen raw, SBE 43 [V]
# name 7 = flECO-AFL: Fluorescence, WET Labs ECO-AFL/FL [mg/m^3]
# name 8 = altM: Altimeter [m]
# name 9 = par: PAR/Irradiance, Biospherical/Licor
# name 10 = spar: SPAR/Surface Irradiance
# name 11 = CStarTr0: Beam Transmission, WET Labs C-Star [%]
# name 12 = sbeox0ML/L: Oxygen, SBE 43 [ml/l], WS = 2
# name 13 = sal00: Salinity, Practical [PSU]
# name 14 = sal11: Salinity, Practical, 2 [PSU]
# name 15 = sigma-t00: Density [sigma-t, Kg/m^3 ]
# name 16 = svCM: Sound Velocity [Chen-Millero, m/s]
# name 17 = avgsvCM: Average Sound Velocity [Chen-Millero, m/s], minP = 1, minS = 5
# name 18 = flag: flag
# span 0 =        106,       5706       
# span 1 =      1.000,    254.000       
# span 2 =     3.6556,    10.1592       
# span 3 =     4.0541,    10.1560       
# span 4 =   2.237090,   3.652716       
# span 5 =   2.410796,   3.654378       
# span 6 =     1.3493,     2.4939       
# span 7 =    -0.0558,     0.8324       
# span 8 =       6.57,      99.15       
# span 9 = 4.9458e-02, 8.9205e+01       
# span 10 = 1.6989e+02, 1.9187e+02      
# span 11 =    76.0351,    81.1948      
# span 12 =    2.86537,    7.74105      
# span 13 =    23.4048,    34.1571      
# span 14 =    25.0946,    34.1732      
# span 15 =    18.6006,    26.5521      
# span 16 =    1450.26,    1488.88      
# span 17 =    1450.26,    1484.31      
# span 18 = 0.0000e+00, 0.0000e+00      
# interval = decibars: 1                
# start_time = Feb 14 2022 10:57:47 [System UTC, header]
# bad_flag = -9.990e-29
*END*
[from data line 77]
       1876     78.000     8.4507     8.4481   3.578325   3.579849     1.4350 -9.990e-29      86.91 4.9509e-02 1.8188e+02    81.1033    3.15937    34.0637    34.0824    26.4709    1484.28    1481.29 0.0000e+00
       1898     79.000     8.4572     8.4549   3.579311   3.580703     1.4396    -0.0522      86.56 4.9505e-02 1.8188e+02    81.1215    3.17250    34.0674    34.0843    26.4728    1484.33    1481.33 0.0000e+00
       1921     80.000     8.4592     8.4572   3.579637   3.581026     1.4444    -0.0466      94.07 4.9521e-02 1.8188e+02    81.0966    3.19719    34.0684    34.0851    26.4733    1484.35    1481.37 0.0000e+00
       1943     81.000     8.4557     8.4538   3.579346   3.580722     1.4508    -0.0491      27.53 4.9506e-02 1.8188e+02    81.0600    3.23776    34.0683    34.0847    26.4737    1484.36    1481.40 0.0000e+00
       1965     82.000     8.4554     8.4533   3.579768   3.581184     1.4583    -0.0439      80.00 4.9508e-02 1.8188e+02    81.0350    3.27068    34.0725    34.0896    26.4771    1484.38    1481.44 0.0000e+00
       1988     83.000     8.4562     8.4546   3.580145   3.581536     1.4663    -0.0426      85.94 4.9512e-02 1.8188e+02    81.0508    3.29013    34.0753    34.0916    26.4792    1484.40    1481.47 0.0000e+00
       2011     84.000     8.4527     8.4507   3.580182   3.581583     1.4726    -0.0474      79.55 4.9489e-02 1.8188e+02    81.0525    3.29489    34.0786    34.0954    26.4823    1484.41    1481.51 0.0000e+00
       2033     85.000     8.4468     8.4452   3.579944   3.581331     1.4779    -0.0492      64.97 4.9499e-02 1.8179e+02    81.0409    3.30679    34.0813    34.0975    26.4853    1484.40    1481.54 0.0000e+00
       2056     86.000     8.4466     8.4446   3.580190   3.581588     1.4828    -0.0465      64.35 4.9511e-02 1.8188e+02    81.0259    3.31770    34.0836    34.1004    26.4872    1484.42    1481.58 0.0000e+00
       2078     87.000     8.4493     8.4473   3.580645   3.582042     1.4872    -0.0489      67.27 4.9502e-02 1.8106e+02    81.0368    3.32725    34.0854    34.1021    26.4881    1484.45    1481.61 0.0000e+00
       2101     88.000     8.4476     8.4458   3.580683   3.582070     1.4911    -0.0466      61.30 4.9481e-02 1.7987e+02    81.0600    3.33723    34.0869    34.1034    26.4896    1484.46    1481.64 0.0000e+00
       2124     89.000     8.4454     8.4436   3.580674   3.582061     1.4948 -9.990e-29      76.99 4.9505e-02 1.7988e+02    81.0222    3.33955    34.0885    34.1049    26.4912    1484.47    1481.67 0.0000e+00
       2147     90.000     8.4432     8.4415   3.580596   3.581999     1.4970 -9.990e-29      44.63 4.9515e-02 1.7988e+02    81.0137    3.33755    34.0893    34.1058    26.4922    1484.48    1481.70 0.0000e+00
       2169     91.000     8.4401     8.4381   3.580487   3.581881     1.4989 -9.990e-29      79.34 4.9469e-02 1.7988e+02    81.0770    3.34363    34.0907    34.1074    26.4937    1484.49    1481.74 0.0000e+00
       2192     92.000     8.4434     8.4412   3.581113   3.582485     1.5008 -9.990e-29      39.83 4.9496e-02 1.7988e+02    81.0926    3.34736    34.0937    34.1103    26.4955    1484.52    1481.77 0.0000e+00
       2214     93.000     8.4408     8.4391   3.581036   3.582416     1.5022 -9.990e-29      88.55 4.9499e-02 1.7988e+02    81.0877    3.34686    34.0949    34.1112    26.4969    1484.53    1481.80 0.0000e+00
       2236     94.000     8.4336     8.4322   3.580440   3.581831     1.5030 -9.990e-29      33.35 4.9471e-02 1.7988e+02    81.0528    3.34531    34.0951    34.1112    26.4981    1484.52    1481.82 0.0000e+00
       2258     95.000     8.4260     8.4244   3.579877   3.581256     1.5037 -9.990e-29      90.28 4.9495e-02 1.7988e+02    81.0465    3.34167    34.0960    34.1122    26.5000    1484.51    1481.85 0.0000e+00
       2280     96.000     8.4189     8.4171   3.579407   3.580788     1.5032 -9.990e-29      97.96 4.9496e-02 1.7988e+02    81.0609    3.33597    34.0974    34.1138    26.5022    1484.50    1481.88 0.0000e+00
       2302     97.000     8.4180     8.4161   3.579417   3.580807     1.5029 -9.990e-29      90.22 4.9490e-02 1.7988e+02    81.1164    3.33373    34.0979    34.1145    26.5027    1484.51    1481.91 0.0000e+00
       2324     98.000     8.4178     8.4159   3.579458   3.580842     1.5022 -9.990e-29      96.27 4.9496e-02 1.7988e+02    81.1669    3.32815    34.0981    34.1146    26.5029    1484.53    1481.93 0.0000e+00
       2346     99.000     8.4177     8.4158   3.579559   3.580946     1.5014 -9.990e-29      78.70 4.9515e-02 1.7988e+02    81.1689    3.32533    34.0988    34.1153    26.5035    1484.55    1481.96 0.0000e+00
       2368    100.000     8.4173     8.4155   3.579638   3.581020     1.5002 -9.990e-29      96.23 4.9484e-02 1.7988e+02    81.1855    3.32008    34.0995    34.1159    26.5041    1484.56    1481.99 0.0000e+00
       2390    101.000     8.4151     8.4133   3.579537   3.580917     1.4993 -9.990e-29      85.28 4.9483e-02 1.7988e+02    81.1948    3.32143    34.1001    34.1165    26.5049    1484.57    1482.01 0.0000e+00
       2412    102.000     8.4132     8.4114   3.579431   3.580812     1.4990 -9.990e-29      97.45 4.9508e-02 1.7988e+02    81.1690    3.32083    34.1003    34.1167    26.5054    1484.58    1482.04 0.0000e+00
       2434    103.000     8.4135     8.4116   3.579554   3.580937     1.4978 -9.990e-29      14.90 4.9496e-02 1.7932e+02    81.0671    3.30845    34.1009    34.1174    26.5058    1484.60    1482.06 0.0000e+00
       2456    104.000     8.4137     8.4118   3.579700   3.581091     1.4961 -9.990e-29      57.68 4.9479e-02 1.7791e+02    80.9422    3.30155    34.1018    34.1183    26.5064    1484.62    1482.09 0.0000e+00
       2478    105.000     8.4155     8.4135   3.580001   3.581383     1.4944 -9.990e-29       9.27 4.9475e-02 1.7788e+02    80.8795    3.29379    34.1027    34.1193    26.5069    1484.64    1482.11 0.0000e+00
       2500    106.000     8.4157     8.4138   3.580123   3.581517     1.4925 -9.990e-29      54.29 4.9505e-02 1.7788e+02    80.8760    3.28836    34.1034    34.1200    26.5074    1484.66    1482.13 0.0000e+00
       2522    107.000     8.4141     8.4121   3.580061   3.581440     1.4910 -9.990e-29      31.79 4.9521e-02 1.7788e+02    80.8470    3.28767    34.1038    34.1203    26.5080    1484.67    1482.16 0.0000e+00
       2544    108.000     8.4144     8.4125   3.580228   3.581615     1.4893 -9.990e-29      80.90 4.9487e-02 1.7788e+02    80.7923    3.27910    34.1048    34.1213    26.5087    1484.69    1482.18 0.0000e+00
       2566    109.000     8.4150     8.4130   3.580368   3.581738     1.4876 -9.990e-29      40.85 4.9502e-02 1.7788e+02    80.7991    3.28119    34.1052    34.1217    26.5089    1484.71    1482.20 0.0000e+00
       2588    110.000     8.4150     8.4131   3.580469   3.581853     1.4870 -9.990e-29      75.50 4.9479e-02 1.7788e+02    80.8614    3.28811    34.1058    34.1223    26.5094    1484.73    1482.23 0.0000e+00
       2610    111.000     8.4149     8.4130   3.580579   3.581964     1.4868 -9.990e-29      38.76 4.9483e-02 1.7788e+02    80.8955    3.29289    34.1066    34.1231    26.5100    1484.74    1482.25 0.0000e+00
       2632    112.000     8.4137     8.4119   3.580548   3.581928     1.4873 -9.990e-29      69.52 4.9490e-02 1.7788e+02    80.9496    3.29775    34.1070    34.1233    26.5105    1484.76    1482.27 0.0000e+00
       2654    113.000     8.4137     8.4118   3.580658   3.582045     1.4873 -9.990e-29      23.06 4.9509e-02 1.7788e+02    80.9700    3.29396    34.1077    34.1242    26.5111    1484.77    1482.29 0.0000e+00
       2675    114.000     8.4137     8.4118   3.580738   3.582122     1.4873 -9.990e-29      92.15 4.9496e-02 1.7788e+02    80.9232    3.29641    34.1080    34.1246    26.5114    1484.79    1482.32 0.0000e+00
       2697    115.000     8.4139     8.4120   3.580927   3.582314     1.4872    -0.0425      28.26 4.9518e-02 1.7758e+02    80.7917    3.28925    34.1094    34.1259    26.5124    1484.81    1482.34 0.0000e+00
       2719    116.000     8.4152     8.4133   3.581208   3.582575     1.4865    -0.0445      75.44 4.9489e-02 1.7770e+02    80.7346    3.28328    34.1106    34.1270    26.5132    1484.83    1482.36 0.0000e+00
       2741    117.000     8.4147     8.4128   3.581234   3.582619     1.4854    -0.0488      75.48 4.9470e-02 1.7639e+02    80.7514    3.27855    34.1109    34.1274    26.5135    1484.85    1482.38 0.0000e+00
       2762    118.000     8.4191     8.4161   3.581825   3.583154     1.4847    -0.0466      76.97 4.9485e-02 1.7588e+02    80.7881    3.28075    34.1124    34.1294    26.5140    1484.88    1482.40 0.0000e+00
       2784    119.000     8.4252     8.4232   3.582545   3.583932     1.4842    -0.0494      74.65 4.9496e-02 1.7588e+02    80.7835    3.28144    34.1137    34.1303    26.5140    1484.92    1482.42 0.0000e+00
       2806    120.000     8.4271     8.4251   3.582831   3.584235     1.4839    -0.0438      61.58 4.9496e-02 1.7588e+02    80.7916    3.28020    34.1144    34.1312    26.5143    1484.95    1482.44 0.0000e+00
       2828    121.000     8.4281     8.4263   3.583012   3.584410     1.4834 -9.990e-29      73.69 4.9502e-02 1.7588e+02    80.7952    3.27945    34.1149    34.1315    26.5145    1484.97    1482.46 0.0000e+00
       2849    122.000     8.4286     8.4267   3.583161   3.584539     1.4831 -9.990e-29      70.26 4.9505e-02 1.7588e+02    80.7608    3.28007    34.1155    34.1320    26.5149    1484.99    1482.49 0.0000e+00
       2871    123.000     8.4277     8.4260   3.583146   3.584541     1.4829 -9.990e-29      72.45 4.9496e-02 1.7588e+02    80.7521    3.28149    34.1158    34.1322    26.5153    1485.00    1482.51 0.0000e+00
       2893    124.000     8.4270     8.4251   3.583194   3.584579     1.4828    -0.0523      58.47 4.9502e-02 1.7588e+02    80.7343    3.28038    34.1165    34.1330    26.5159    1485.02    1482.53 0.0000e+00
       2914    125.000     8.4282     8.4263   3.583412   3.584797     1.4825    -0.0503      68.23 4.9502e-02 1.7588e+02    80.7267    3.27860    34.1172    34.1337    26.5163    1485.04    1482.55 0.0000e+00
       2936    126.000     8.4269     8.4253   3.583355   3.584743     1.4822    -0.0448      53.42 4.9508e-02 1.7588e+02    80.7262    3.27840    34.1173    34.1336    26.5166    1485.05    1482.57 0.0000e+00
       2958    127.000     8.4247     8.4230   3.583214   3.584618     1.4818    -0.0441      62.69 4.9505e-02 1.7588e+02    80.6938    3.27740    34.1175    34.1340    26.5171    1485.06    1482.59 0.0000e+00
       2979    128.000     8.4231     8.4214   3.583146   3.584545     1.4814    -0.0417      98.30 4.9527e-02 1.7588e+02    80.6825    3.27419    34.1179    34.1343    26.5176    1485.07    1482.60 0.0000e+00
       3001    129.000     8.4219     8.4201   3.583106   3.584499     1.4808    -0.0492      88.07 4.9512e-02 1.7588e+02    80.6884    3.27328    34.1181    34.1346    26.5180    1485.08    1482.62 0.0000e+00
       3022    130.000     8.4204     8.4186   3.583013   3.584388     1.4805    -0.0477      98.64 4.9538e-02 1.7588e+02    80.7261    3.27174    34.1181    34.1344    26.5182    1485.09    1482.64 0.0000e+00
       3043    131.000     8.4147     8.4132   3.582489   3.583882     1.4797    -0.0487      83.57 4.9496e-02 1.7588e+02    80.7124    3.27255    34.1176    34.1338    26.5187    1485.09    1482.66 0.0000e+00
       3065    132.000     8.4148     8.4131   3.582609   3.584007     1.4797    -0.0444      97.99 4.9499e-02 1.7588e+02    80.7585    3.27570    34.1183    34.1348    26.5192    1485.10    1482.68 0.0000e+00
       3086    133.000     8.4138     8.4120   3.582586   3.583958     1.4795    -0.0514      82.71 4.9531e-02 1.7588e+02    80.7970    3.27516    34.1186    34.1348    26.5196    1485.12    1482.70 0.0000e+00
       3107    134.000     8.4130     8.4112   3.582566   3.583934     1.4794    -0.0533      63.95 4.9505e-02 1.7437e+02    80.8354    3.27869    34.1187    34.1349    26.5198    1485.13    1482.72 0.0000e+00
       3128    135.000     8.4115     8.4098   3.582475   3.583860     1.4797    -0.0470      56.02 4.9485e-02 1.7387e+02    80.8811    3.28200    34.1187    34.1350    26.5200    1485.14    1482.73 0.0000e+00
       3150    136.000     8.4106     8.4085   3.582439   3.583797     1.4798    -0.0475      97.98 4.9509e-02 1.7388e+02    80.8750    3.28192    34.1187    34.1351    26.5202    1485.15    1482.75 0.0000e+00
       3171    137.000     8.4085     8.4070   3.582316   3.583698     1.4803    -0.0444      92.47 4.9518e-02 1.7388e+02    80.8878    3.28568    34.1190    34.1350    26.5207    1485.16    1482.77 0.0000e+00
       3192    138.000     8.4064     8.4046   3.582175   3.583558     1.4805    -0.0422      97.01 4.9499e-02 1.7388e+02    80.9107    3.28593    34.1190    34.1354    26.5211    1485.17    1482.79 0.0000e+00
       3213    139.000     8.4062     8.4043   3.582242   3.583617     1.4806    -0.0472      85.20 4.9512e-02 1.7388e+02    80.9277    3.28349    34.1195    34.1359    26.5214    1485.19    1482.80 0.0000e+00
       3234    140.000     8.4059     8.4041   3.582313   3.583692     1.4805    -0.0508      76.05 4.9512e-02 1.7388e+02    80.9470    3.28359    34.1200    34.1364    26.5219    1485.20    1482.82 0.0000e+00
       3255    141.000     8.4055     8.4035   3.582348   3.583723     1.4807    -0.0485      82.02 4.9505e-02 1.7388e+02    80.9392    3.28380    34.1203    34.1368    26.5222    1485.22    1482.84 0.0000e+00
       3276    142.000     8.4080     8.4060   3.582755   3.584125     1.4803    -0.0484      89.63 4.9518e-02 1.7388e+02    80.9234    3.27643    34.1217    34.1382    26.5230    1485.25    1482.86 0.0000e+00
       3297    143.000     8.4030     8.4016   3.582324   3.583724     1.4795    -0.0486      82.33 4.9512e-02 1.7388e+02    80.8882    3.27192    34.1215    34.1377    26.5236    1485.24    1482.87 0.0000e+00
       3318    144.000     8.4019     8.4002   3.582302   3.583691     1.4786    -0.0495      86.52 4.9492e-02 1.7388e+02    80.8163    3.27070    34.1219    34.1383    26.5240    1485.26    1482.89 0.0000e+00
       3339    145.000     8.4009     8.3991   3.582346   3.583738     1.4780    -0.0499      75.24 4.9512e-02 1.7388e+02    80.7767    3.26507    34.1229    34.1394    26.5249    1485.27    1482.90 0.0000e+00
       3360    146.000     8.4018     8.3998   3.582562   3.583945     1.4766    -0.0486      76.65 4.9505e-02 1.7388e+02    80.7339    3.25701    34.1238    34.1404    26.5255    1485.29    1482.92 0.0000e+00
       3381    147.000     8.4010     8.3993   3.582616   3.584001     1.4752    -0.0495      96.83 4.9512e-02 1.7388e+02    80.6524    3.24558    34.1247    34.1410    26.5263    1485.31    1482.94 0.0000e+00
       3402    148.000     8.4034     8.4012   3.582995   3.584365     1.4728    -0.0486      93.68 4.9479e-02 1.7388e+02    80.6167    3.23646    34.1259    34.1426    26.5269    1485.33    1482.95 0.0000e+00
       3423    149.000     8.4056     8.4038   3.583341   3.584730     1.4711    -0.0488      24.29 4.9479e-02 1.7388e+02    80.5593    3.23109    34.1270    34.1434    26.5274    1485.36    1482.97 0.0000e+00
       3444    150.000     8.4057     8.4040   3.583453   3.584822     1.4687    -0.0156      96.28 4.9512e-02 1.7388e+02    80.5801    3.22510    34.1276    34.1437    26.5279    1485.38    1482.99 0.0000e+00
       3465    151.000     8.4037     8.4019   3.583329   3.584699     1.4672    -0.0409      33.98 4.9485e-02 1.7388e+02    80.6357    3.22896    34.1277    34.1440    26.5283    1485.39    1483.00 0.0000e+00
       3486    152.000     8.4011     8.3994   3.583111   3.584486     1.4663    -0.0502      99.15 4.9526e-02 1.7388e+02    80.6529    3.23167    34.1275    34.1437    26.5285    1485.39    1483.02 0.0000e+00
