_data/ctd/2022603/sta0201.cnv
* Sea-Bird SBE 9 Data File:
* FileName = C:\Seabird\CTDData\sta0201.hex
* Software Version Seasave V 7.21f
* Temperature SN = 6264
* Conductivity SN = 4928
* Number of Bytes Per Scan = 40
* Number of Voltage Words = 5
* Number of Scans Averaged by the Deck Unit = 1
* NMEA Latitude = 61 07.25 N
* NMEA Longitude = 005 43.16 E
* NMEA UTC (Time) = Feb 15 2022 04:17:57
* NMEA baud rate = 4800
** Ship: R/V "Kristine Bonnevie"
** Station: 0201
** Echodepth: 1243
** Log: 0807.435
** Wind-Dir/Force: 08 24
** Air-temp (dry): 4.0
** Weather Sky:
** Sea:
** S07
# nquan = 19                                
# nvalues = 1251                        
# units = specified
# name 0 = scan: Scan Count
# name 1 = prDM: Pressure, Digiquartz [db]
# name 2 = t068C: Temperature [ITS-68, deg C]
# name 3 = t168C: Temperature, 2 [ITS-68, deg C]
# name 4 = c0S/m: Conductivity [S/m]
# name 5 = c1S/m: Conductivity, 2 [S/m]
# name 6 = sbeox0V: Oxygen raw, SBE 43 [V]
# name 7 = flECO-AFL: Fluorescence, WET Labs ECO-AFL/FL [mg/m^3]
# name 8 = altM: Altimeter [m]
# name 9 = par: PAR/Irradiance, Biospherical/Licor
# name 10 = spar: SPAR/Surface Irradiance
# name 11 = CStarTr0: Beam Transmission, WET Labs C-Star [%]
# name 12 = sbeox0ML/L: Oxygen, SBE 43 [ml/l], WS = 2
# name 13 = sal00: Salinity, Practical [PSU]
# name 14 = sal11: Salinity, Practical, 2 [PSU]
# name 15 = sigma-t00: Density [sigma-t, Kg/m^3 ]
# name 16 = svCM: Sound Velocity [Chen-Millero, m/s]
# name 17 = avgsvCM: Average Sound Velocity [Chen-Millero, m/s], minP = 1, minS = 5
# name 18 = flag: flag
# span 0 =        600,      27540       
# span 1 =      2.000,   1252.000       
# span 2 =     6.1041,     9.6273       
# span 3 =     6.1020,     9.6249       
# span 4 =   3.093800,   3.688978       
# span 5 =   3.094302,   3.690472       
# span 6 =     1.5537,     2.4368       
# span 7 =    -0.0985,     0.6313       
# span 8 =       8.01,     100.19       
# span 9 = 4.9452e-02, 8.3308e-01       
# span 10 = 0.0000e+00, 0.0000e+00      
# span 11 =    80.0213,    81.8337      
# span 12 =    4.12608,    6.86703      
# span 13 =    31.0558,    35.0246      
# span 14 =    31.0643,    35.0406      
# span 15 =    24.4250,    27.3652      
# span 16 =    1470.21,    1501.40      
# span 17 =    1470.21,    1491.44      
# span 18 = 0.0000e+00, 0.0000e+00      
# interval = decibars: 1                
# start_time = Feb 15 2022 04:17:59 [System UTC, header]
# bad_flag = -9.990e-29
*END*
[from data line 458]
      10500    460.000     7.6679     7.6666   3.610960   3.612331     1.9608    -0.0933      98.49 4.9495e-02 0.0000e+00    81.7633    5.12112    35.0010    35.0171    27.3243    1488.78    1485.75 0.0000e+00
      10521    461.000     7.6654     7.6640   3.610786   3.612159     1.9589    -0.0954      89.65 4.9495e-02 0.0000e+00    81.7766    5.11462    35.0012    35.0174    27.3248    1488.79    1485.75 0.0000e+00
      10541    462.000     7.6640     7.6627   3.610714   3.612080     1.9566    -0.0931      19.01 4.9492e-02 0.0000e+00    81.7818    5.10731    35.0013    35.0174    27.3251    1488.80    1485.76 0.0000e+00
      10562    463.000     7.6611     7.6601   3.610477   3.611857     1.9545    -0.0807      68.16 4.9499e-02 0.0000e+00    81.7843    5.10629    35.0012    35.0171    27.3254    1488.80    1485.77 0.0000e+00
      10583    464.000     7.6558     7.6546   3.610055   3.611431     1.9529    -0.0657      35.79 4.9526e-02 0.0000e+00    81.7890    5.10328    35.0014    35.0175    27.3264    1488.80    1485.77 0.0000e+00
      10604    465.000     7.6550     7.6535   3.610022   3.611386     1.9512    -0.0632      99.00 4.9498e-02 0.0000e+00    81.7696    5.09851    35.0014    35.0176    27.3265    1488.81    1485.78 0.0000e+00
      10625    466.000     7.6549     7.6532   3.610051   3.611408     1.9496    -0.0663      41.17 4.9492e-02 0.0000e+00    81.7879    5.09136    35.0013    35.0177    27.3265    1488.83    1485.79 0.0000e+00
      10646    467.000     7.6536     7.6521   3.609973   3.611334     1.9474    -0.0666      98.53 4.9472e-02 0.0000e+00    81.7625    5.08218    35.0013    35.0175    27.3266    1488.84    1485.79 0.0000e+00
      10668    468.000     7.6516     7.6501   3.609853   3.611213     1.9455    -0.0741      43.12 4.9490e-02 0.0000e+00    81.7759    5.07433    35.0015    35.0177    27.3271    1488.85    1485.80 0.0000e+00
      10689    469.000     7.6493     7.6479   3.609679   3.611046     1.9430    -0.0666      98.35 4.9496e-02 0.0000e+00    81.7810    5.06091    35.0015    35.0177    27.3274    1488.86    1485.81 0.0000e+00
      10711    470.000     7.6469     7.6456   3.609517   3.610899     1.9403    -0.0631      39.59 4.9512e-02 0.0000e+00    81.7639    5.05982    35.0017    35.0179    27.3279    1488.87    1485.81 0.0000e+00
      10732    471.000     7.6461     7.6446   3.609498   3.610854     1.9388    -0.0616      99.60 4.9485e-02 0.0000e+00    81.7942    5.05648    35.0018    35.0179    27.3281    1488.88    1485.82 0.0000e+00
      10753    472.000     7.6430     7.6416   3.609264   3.610624     1.9366    -0.0649      34.94 4.9485e-02 0.0000e+00    81.7767    5.04877    35.0019    35.0180    27.3286    1488.88    1485.83 0.0000e+00
      10774    473.000     7.6422     7.6406   3.609236   3.610595     1.9348    -0.0641      68.73 4.9485e-02 0.0000e+00    81.7631    5.04381    35.0019    35.0182    27.3288    1488.90    1485.83 0.0000e+00
      10795    474.000     7.6417     7.6401   3.609229   3.610596     1.9328    -0.0624      98.83 4.9495e-02 0.0000e+00    81.7662    5.03365    35.0018    35.0182    27.3288    1488.91    1485.84 0.0000e+00
      10815    475.000     7.6402     7.6388   3.609149   3.610509     1.9305    -0.0624      98.81 4.9459e-02 0.0000e+00    81.7627    5.02796    35.0020    35.0181    27.3291    1488.92    1485.85 0.0000e+00
      10835    476.000     7.6371     7.6357   3.608918   3.610279     1.9287    -0.0671      82.43 4.9481e-02 0.0000e+00    81.7636    5.02292    35.0021    35.0182    27.3297    1488.93    1485.85 0.0000e+00
      10854    477.000     7.6361     7.6347   3.608879   3.610240     1.9269    -0.0623      42.53 4.9476e-02 0.0000e+00    81.7869    5.02032    35.0022    35.0183    27.3299    1488.94    1485.86 0.0000e+00
      10874    478.000     7.6351     7.6335   3.608818   3.610180     1.9250    -0.0685      99.58 4.9509e-02 0.0000e+00    81.7733    5.01591    35.0021    35.0184    27.3300    1488.95    1485.86 0.0000e+00
      10894    479.000     7.6327     7.6316   3.608663   3.610041     1.9235    -0.0752      29.66 4.9480e-02 0.0000e+00    81.7774    5.01148    35.0023    35.0183    27.3305    1488.96    1485.87 0.0000e+00
      10913    480.000     7.6317     7.6304   3.608619   3.609995     1.9218    -0.0985      72.87 4.9490e-02 0.0000e+00    81.7749    5.00567    35.0024    35.0186    27.3307    1488.97    1485.88 0.0000e+00
      10933    481.000     7.6304     7.6291   3.608539   3.609928     1.9201    -0.0708      33.62 4.9481e-02 0.0000e+00    81.7803    5.00231    35.0023    35.0187    27.3309    1488.98    1485.88 0.0000e+00
      10952    482.000     7.6292     7.6278   3.608478   3.609852     1.9186    -0.0705      93.71 4.9474e-02 0.0000e+00    81.7665    4.99425    35.0024    35.0187    27.3311    1489.00    1485.89 0.0000e+00
      10973    483.000     7.6272     7.6260   3.608354   3.609720     1.9165    -0.0639      58.21 4.9474e-02 0.0000e+00    81.7498    4.98971    35.0026    35.0186    27.3315    1489.01    1485.90 0.0000e+00
      10993    484.000     7.6248     7.6234   3.608170   3.609531     1.9152    -0.0631      84.16 4.9472e-02 0.0000e+00    81.7621    4.98770    35.0025    35.0186    27.3318    1489.01    1485.90 0.0000e+00
      11014    485.000     7.6238     7.6223   3.608129   3.609486     1.9132    -0.0656      64.25 4.9479e-02 0.0000e+00    81.7818    4.97753    35.0026    35.0188    27.3320    1489.03    1485.91 0.0000e+00
      11035    486.000     7.6208     7.6195   3.607926   3.609264     1.9113    -0.0885      64.96 4.9485e-02 0.0000e+00    81.7903    4.97811    35.0029    35.0187    27.3327    1489.03    1485.92 0.0000e+00
      11056    487.000     7.6194     7.6179   3.607825   3.609188     1.9101    -0.0719      70.14 4.9492e-02 0.0000e+00    81.7708    4.97032    35.0028    35.0190    27.3328    1489.04    1485.92 0.0000e+00
      11077    488.000     7.6167     7.6154   3.607621   3.608986     1.9079    -0.0690      98.85 4.9467e-02 0.0000e+00    81.7903    4.96188    35.0028    35.0189    27.3332    1489.05    1485.93 0.0000e+00
      11097    489.000     7.6131     7.6118   3.607348   3.608708     1.9062    -0.0698      98.59 4.9472e-02 0.0000e+00    81.7667    4.95525    35.0030    35.0190    27.3339    1489.05    1485.94 0.0000e+00
      11118    490.000     7.6107     7.6095   3.607171   3.608524     1.9039    -0.0656      23.41 4.9479e-02 0.0000e+00    81.7801    4.94552    35.0030    35.0188    27.3342    1489.06    1485.94 0.0000e+00
      11138    491.000     7.6048     7.6036   3.606697   3.608057     1.9018    -0.0934      60.96 4.9488e-02 0.0000e+00    81.7927    4.93962    35.0033    35.0192    27.3353    1489.05    1485.95 0.0000e+00
      11158    492.000     7.6031     7.6018   3.606586   3.607956     1.8997    -0.0798      38.29 4.9505e-02 0.0000e+00    81.7993    4.92597    35.0033    35.0194    27.3356    1489.06    1485.95 0.0000e+00
      11177    493.000     7.5985     7.5971   3.606232   3.607579     1.8969    -0.0663      90.23 4.9474e-02 0.0000e+00    81.7874    4.91208    35.0036    35.0196    27.3365    1489.06    1485.96 0.0000e+00
      11197    494.000     7.5964     7.5950   3.606094   3.607451     1.8941    -0.0716      75.40 4.9460e-02 0.0000e+00    81.7809    4.90074    35.0038    35.0198    27.3369    1489.07    1485.97 0.0000e+00
      11217    495.000     7.5959     7.5945   3.606097   3.607467     1.8909    -0.0648      86.53 4.9480e-02 0.0000e+00    81.7668    4.88773    35.0038    35.0200    27.3371    1489.09    1485.97 0.0000e+00
      11237    496.000     7.5955     7.5940   3.606111   3.607456     1.8875    -0.0620      86.33 4.9494e-02 0.0000e+00    81.7574    4.87215    35.0039    35.0199    27.3372    1489.10    1485.98 0.0000e+00
      11257    497.000     7.5948     7.5934   3.606088   3.607459     1.8839    -0.0693      83.68 4.9474e-02 0.0000e+00    81.7620    4.86060    35.0039    35.0201    27.3372    1489.11    1485.99 0.0000e+00
      11277    498.000     7.5935     7.5922   3.606017   3.607390     1.8806    -0.0640      85.77 4.9488e-02 0.0000e+00    81.7872    4.85517    35.0039    35.0201    27.3375    1489.13    1485.99 0.0000e+00
      11297    499.000     7.5908     7.5894   3.605832   3.607184     1.8777    -0.0645      65.00 4.9515e-02 0.0000e+00    81.7805    4.85115    35.0041    35.0202    27.3381    1489.13    1486.00 0.0000e+00
      11318    500.000     7.5906     7.5891   3.605860   3.607230     1.8750    -0.0681      99.06 4.9487e-02 0.0000e+00    81.7761    4.84546    35.0042    35.0205    27.3381    1489.15    1486.00 0.0000e+00
      11338    501.000     7.5894     7.5882   3.605799   3.607171     1.8724    -0.0629      90.85 4.9519e-02 0.0000e+00    81.7889    4.83880    35.0042    35.0203    27.3383    1489.16    1486.01 0.0000e+00
      11359    502.000     7.5833     7.5826   3.605296   3.606680     1.8701    -0.0602      98.81 4.9479e-02 0.0000e+00    81.7734    4.83605    35.0044    35.0201    27.3394    1489.15    1486.02 0.0000e+00
      11379    503.000     7.5804     7.5791   3.605010   3.606457     1.8680    -0.0630      98.24 4.9467e-02 0.0000e+00    81.7755    4.82949    35.0038    35.0207    27.3393    1489.16    1486.02 0.0000e+00
      11400    504.000     7.5792     7.5777   3.604984   3.606356     1.8657    -0.0650      46.03 4.9486e-02 0.0000e+00    81.7714    4.82153    35.0042    35.0206    27.3398    1489.17    1486.03 0.0000e+00
      11421    505.000     7.5738     7.5726   3.604620   3.605973     1.8635    -0.0819      83.09 4.9472e-02 0.0000e+00    81.7815    4.81323    35.0052    35.0210    27.3414    1489.17    1486.04 0.0000e+00
      11442    506.000     7.5705     7.5693   3.604349   3.605721     1.8609    -0.0887      51.74 4.9485e-02 0.0000e+00    81.7864    4.80460    35.0051    35.0211    27.3418    1489.17    1486.04 0.0000e+00
      11463    507.000     7.5674     7.5661   3.604130   3.605483     1.8587    -0.0687      77.50 4.9485e-02 0.0000e+00    81.7883    4.79712    35.0054    35.0213    27.3424    1489.18    1486.05 0.0000e+00
      11483    508.000     7.5651     7.5638   3.603966   3.605339     1.8559    -0.0692      61.24 4.9481e-02 0.0000e+00    81.8069    4.78186    35.0054    35.0216    27.3428    1489.18    1486.05 0.0000e+00
      11504    509.000     7.5645     7.5631   3.603962   3.605335     1.8529    -0.0645      71.16 4.9485e-02 0.0000e+00    81.8025    4.77040    35.0055    35.0218    27.3429    1489.20    1486.06 0.0000e+00
      11525    510.000     7.5645     7.5630   3.604010   3.605370     1.8500    -0.0659      67.13 4.9472e-02 0.0000e+00    81.8024    4.76162    35.0055    35.0218    27.3430    1489.22    1486.07 0.0000e+00
      11546    511.000     7.5641     7.5627   3.604022   3.605374     1.8470    -0.0630      64.70 4.9502e-02 0.0000e+00    81.8136    4.74627    35.0056    35.0216    27.3431    1489.23    1486.07 0.0000e+00
      11566    512.000     7.5637     7.5624   3.604032   3.605414     1.8435    -0.0625      75.52 4.9499e-02 0.0000e+00    81.7988    4.73618    35.0056    35.0219    27.3432    1489.25    1486.08 0.0000e+00
      11587    513.000     7.5634     7.5621   3.604058   3.605422     1.8407    -0.0698      58.12 4.9505e-02 0.0000e+00    81.7957    4.73616    35.0057    35.0218    27.3433    1489.26    1486.09 0.0000e+00
      11607    514.000     7.5635     7.5619   3.604110   3.605464     1.8385    -0.0680      56.42 4.9474e-02 0.0000e+00    81.7964    4.73642    35.0057    35.0220    27.3433    1489.28    1486.09 0.0000e+00
      11628    515.000     7.5617     7.5603   3.604004   3.605366     1.8367    -0.0661      92.35 4.9472e-02 0.0000e+00    81.8057    4.73551    35.0059    35.0220    27.3437    1489.29    1486.10 0.0000e+00
      11648    516.000     7.5602     7.5587   3.603933   3.605286     1.8351    -0.0622      32.23 4.9474e-02 0.0000e+00    81.8006    4.73109    35.0061    35.0223    27.3441    1489.30    1486.10 0.0000e+00
      11670    517.000     7.5592     7.5578   3.603890   3.605260     1.8334    -0.0657      97.23 4.9479e-02 0.0000e+00    81.7943    4.72941    35.0062    35.0224    27.3443    1489.31    1486.11 0.0000e+00
      11690    518.000     7.5566     7.5552   3.603734   3.605080     1.8321    -0.0591      69.85 4.9485e-02 0.0000e+00    81.8074    4.72633    35.0066    35.0226    27.3450    1489.32    1486.12 0.0000e+00
      11711    519.000     7.5557     7.5542   3.603706   3.605050     1.8306    -0.0642      94.88 4.9492e-02 0.0000e+00    81.7846    4.72121    35.0068    35.0228    27.3452    1489.33    1486.12 0.0000e+00
      11732    520.000     7.5556     7.5540   3.603737   3.605089     1.8293    -0.0616      85.28 4.9505e-02 0.0000e+00    81.8054    4.71638    35.0067    35.0229    27.3452    1489.35    1486.13 0.0000e+00
      11753    521.000     7.5552     7.5538   3.603754   3.605104     1.8276    -0.0708      69.22 4.9472e-02 0.0000e+00    81.8015    4.70668    35.0068    35.0228    27.3453    1489.36    1486.13 0.0000e+00
      11774    522.000     7.5549     7.5534   3.603771   3.605124     1.8258    -0.0645      52.55 4.9499e-02 0.0000e+00    81.8063    4.70014    35.0068    35.0230    27.3454    1489.38    1486.14 0.0000e+00
      11795    523.000     7.5546     7.5531   3.603792   3.605150     1.8238    -0.0718      86.19 4.9499e-02 0.0000e+00    81.7909    4.69781    35.0069    35.0231    27.3455    1489.39    1486.15 0.0000e+00
      11817    524.000     7.5540     7.5525   3.603797   3.605151     1.8227    -0.0679      62.53 4.9471e-02 0.0000e+00    81.7792    4.69918    35.0070    35.0232    27.3457    1489.41    1486.15 0.0000e+00
      11838    525.000     7.5528     7.5513   3.603731   3.605097     1.8213    -0.0730      95.10 4.9481e-02 0.0000e+00    81.7967    4.69632    35.0071    35.0233    27.3459    1489.42    1486.16 0.0000e+00
      11858    526.000     7.5525     7.5510   3.603763   3.605116     1.8204    -0.0639      75.20 4.9485e-02 0.0000e+00    81.7946    4.69275    35.0072    35.0234    27.3461    1489.44    1486.17 0.0000e+00
      11879    527.000     7.5513     7.5498   3.603704   3.605048     1.8189    -0.0703      98.77 4.9479e-02 0.0000e+00    81.8113    4.68519    35.0073    35.0234    27.3463    1489.45    1486.17 0.0000e+00
      11900    528.000     7.5494     7.5479   3.603591   3.604944     1.8176    -0.0689      92.46 4.9496e-02 0.0000e+00    81.7841    4.68555    35.0075    35.0237    27.3467    1489.46    1486.18 0.0000e+00
      11922    529.000     7.5481     7.5466   3.603523   3.604873     1.8167    -0.0855      40.86 4.9485e-02 0.0000e+00    81.7998    4.68658    35.0076    35.0237    27.3470    1489.47    1486.18 0.0000e+00
      11943    530.000     7.5472     7.5458   3.603506   3.604853     1.8157    -0.0849      97.05 4.9495e-02 0.0000e+00    81.7928    4.67965    35.0078    35.0238    27.3473    1489.48    1486.19 0.0000e+00
      11963    531.000     7.5463     7.5448   3.603481   3.604834     1.8142    -0.0647      73.85 4.9479e-02 0.0000e+00    81.8011    4.66631    35.0080    35.0241    27.3476    1489.50    1486.20 0.0000e+00
      11984    532.000     7.5457     7.5441   3.603501   3.604853     1.8124    -0.0612      93.72 4.9479e-02 0.0000e+00    81.7792    4.66626    35.0083    35.0246    27.3479    1489.51    1486.20 0.0000e+00
      12005    533.000     7.5456     7.5441   3.603543   3.604906     1.8114    -0.0617      98.42 4.9485e-02 0.0000e+00    81.7797    4.66489    35.0084    35.0247    27.3480    1489.53    1486.21 0.0000e+00
      12027    534.000     7.5456     7.5441   3.603586   3.604953     1.8098    -0.0613      79.65 4.9483e-02 0.0000e+00    81.7954    4.65403    35.0084    35.0247    27.3480    1489.54    1486.22 0.0000e+00
