_data/ctd/2022603/sta0211.cnv
* Sea-Bird SBE 9 Data File:
* FileName = C:\Seabird\CTDData\sta0211.hex
* Software Version Seasave V 7.21f
* Temperature SN = 6264
* Conductivity SN = 4928
* Number of Bytes Per Scan = 40
* Number of Voltage Words = 5
* Number of Scans Averaged by the Deck Unit = 1
* NMEA Latitude = 61 29.96 N
* NMEA Longitude = 005 43.05 E
* NMEA UTC (Time) = Feb 16 2022 03:20:46
* NMEA baud rate = 4800
** Ship: R/V "Kristine Bonnevie"
** Station: 0211
** Echodepth: 260
** Log: 0916.353
** Wind-Dir/Force: 35 08
** Air-temp (dry): 1.3
** Weather Sky:
** Sea:
** FOFJ002
# nquan = 19                                
# nvalues = 257                         
# units = specified
# name 0 = scan: Scan Count
# name 1 = prDM: Pressure, Digiquartz [db]
# name 2 = t068C: Temperature [ITS-68, deg C]
# name 3 = t168C: Temperature, 2 [ITS-68, deg C]
# name 4 = c0S/m: Conductivity [S/m]
# name 5 = c1S/m: Conductivity, 2 [S/m]
# name 6 = sbeox0V: Oxygen raw, SBE 43 [V]
# name 7 = flECO-AFL: Fluorescence, WET Labs ECO-AFL/FL [mg/m^3]
# name 8 = altM: Altimeter [m]
# name 9 = par: PAR/Irradiance, Biospherical/Licor
# name 10 = spar: SPAR/Surface Irradiance
# name 11 = CStarTr0: Beam Transmission, WET Labs C-Star [%]
# name 12 = sbeox0ML/L: Oxygen, SBE 43 [ml/l], WS = 2
# name 13 = sal00: Salinity, Practical [PSU]
# name 14 = sal11: Salinity, Practical, 2 [PSU]
# name 15 = sigma-t00: Density [sigma-t, Kg/m^3 ]
# name 16 = svCM: Sound Velocity [Chen-Millero, m/s]
# name 17 = avgsvCM: Average Sound Velocity [Chen-Millero, m/s], minP = 1, minS = 5
# name 18 = flag: flag
# span 0 =        469,       6709       
# span 1 =      2.000,    258.000       
# span 2 =     6.2949,    10.6216       
# span 3 =     6.2458,    10.6130       
# span 4 =   2.786283,   3.711583       
# span 5 =   2.783658,   3.713207       
# span 6 =     1.6225,     2.4459       
# span 7 =    -0.0702,     0.2548       
# span 8 =       4.93,      99.53       
# span 9 = 4.9440e-02, 5.7644e-01       
# span 10 = 0.0000e+00, 0.0000e+00      
# span 11 =    75.6236,    81.0834      
# span 12 =    3.71465,    6.96685      
# span 13 =    27.5133,    34.7266      
# span 14 =    27.5244,    34.7432      
# span 15 =    21.6103,    27.0096      
# span 16 =    1466.52,    1490.23      
# span 17 =    1466.52,    1487.12      
# span 18 = 0.0000e+00, 0.0000e+00      
# interval = decibars: 1                
# start_time = Feb 16 2022 03:20:49 [System UTC, header]
# bad_flag = -9.990e-29
*END*
        469      2.000     6.2949     6.2458   2.786283   2.783658     2.4232     0.2548      98.82 5.7644e-01 0.0000e+00    79.0395    6.96685    27.5133    27.5244    21.6103    1466.52    1466.52 0.0000e+00
        547      3.000     7.3184     7.2737   3.010563   3.003082     2.4406     0.2354      98.83 3.5634e-01 0.0000e+00    78.7294    6.84689    29.0855    29.0432    22.7234    1472.56    1468.53 0.0000e+00
        589      4.000     7.8724     7.7261   3.149114   3.121863     2.4459     0.1688      98.83 2.6237e-01 0.0000e+00    78.6427    6.62195    30.0851    29.9225    23.4344    1475.96    1470.38 0.0000e+00
        626      5.000     8.3689     8.3572   3.275442   3.275147     2.4375     0.0955      98.83 1.9026e-01 0.0000e+00    79.3703    6.43026    30.9818    30.9890    24.0674    1478.97    1472.09 0.0000e+00
        662      6.000     8.6142     8.6187   3.325970   3.330315     2.4249     0.0341      98.83 1.4046e-01 0.0000e+00    79.2019    6.28674    31.2931    31.3345    24.2752    1480.30    1473.45 0.0000e+00
        694      7.000     8.5496     8.5518   3.355249   3.356568     2.4068     0.0211      98.82 1.1005e-01 0.0000e+00    79.5402    6.19351    31.6561    31.6679    24.5690    1480.52    1474.46 0.0000e+00
        724      8.000     8.7136     8.6987   3.386897   3.388415     2.3860     0.0098      98.82 8.1271e-02 0.0000e+00    79.7404    6.07873    31.8390    31.8682    24.6877    1481.37    1475.32 0.0000e+00
        752      9.000     8.9567     8.9444   3.423978   3.425216     2.3704    -0.0154      98.82 6.5074e-02 0.0000e+00    79.9449    6.05625    32.0054    32.0293    24.7810    1482.50    1476.11 0.0000e+00
        779     10.000     9.0631     9.0611   3.442719   3.444016     2.3627    -0.0198      98.82 5.1989e-02 0.0000e+00    80.1072    6.04275    32.1033    32.1185    24.8411    1483.03    1476.80 0.0000e+00
        806     11.000     9.2726     9.2581   3.475071   3.476399     2.3549    -0.0250      98.82 4.9534e-02 0.0000e+00    80.2639    5.97452    32.2479    32.2747    24.9215    1484.00    1477.45 0.0000e+00
        832     12.000     9.5311     9.5161   3.518571   3.520424     2.3475    -0.0484      98.81 4.9467e-02 0.0000e+00    80.3416    5.92372    32.4608    32.4934    25.0467    1485.23    1478.10 0.0000e+00
        857     13.000     9.8602     9.8449   3.566238   3.568359     2.3416    -0.0498      98.81 4.9489e-02 0.0000e+00    80.3096    5.84366    32.6492    32.6846    25.1403    1486.67    1478.75 0.0000e+00
        882     14.000     9.9558     9.9484   3.582983   3.584613     2.3330    -0.0507      98.82 4.9462e-02 0.0000e+00    80.3645    5.76844    32.7323    32.7556    25.1894    1487.13    1479.35 0.0000e+00
        905     15.000    10.1515    10.1359   3.611064   3.612648     2.3200    -0.0501      98.81 4.9475e-02 0.0000e+00    80.5263    5.64763    32.8390    32.8692    25.2399    1487.98    1479.92 0.0000e+00
        928     16.000    10.4143    10.3969   3.649840   3.651690     2.3029    -0.0483      98.81 4.9463e-02 0.0000e+00    80.6024    5.54826    32.9912    33.0256    25.3140    1489.13    1480.49 0.0000e+00
        950     17.000    10.6216    10.6130   3.678649   3.680562     2.2879    -0.0498      98.81 4.9477e-02 0.0000e+00    80.6570    5.47873    33.0918    33.1187    25.3567    1490.00    1481.05 0.0000e+00
        972     18.000    10.5177    10.5225   3.670329   3.671430     2.2722    -0.0465      98.81 4.9471e-02 0.0000e+00    80.6997    5.40823    33.1023    33.1090    25.3828    1489.66    1481.53 0.0000e+00
        994     19.000    10.4115    10.4094   3.666010   3.667824     2.2505    -0.0485      98.80 4.9466e-02 0.0000e+00    80.7073    5.27590    33.1551    33.1753    25.4423    1489.37    1481.94 0.0000e+00
       1016     20.000    10.4424    10.4384   3.672863   3.674701     2.2211    -0.0453      98.80 4.9481e-02 0.0000e+00    80.7390    5.17627    33.1954    33.2176    25.4684    1489.54    1482.31 0.0000e+00
       1039     21.000    10.5404    10.5316   3.688534   3.690175     2.1973    -0.0465      98.80 4.9487e-02 0.0000e+00    80.7602    5.17897    33.2630    33.2875    25.5041    1489.99    1482.68 0.0000e+00
       1062     22.000    10.5715    10.5703   3.700545   3.702174     2.1843    -0.0526      98.80 4.9469e-02 0.0000e+00    80.7982    5.20556    33.3546    33.3721    25.5702    1490.23    1483.02 0.0000e+00
       1085     23.000    10.5067    10.5080   3.701157   3.702812     2.1758    -0.0626      98.80 4.9469e-02 0.0000e+00    80.8233    5.18780    33.4197    33.4352    25.6321    1490.09    1483.33 0.0000e+00
       1108     24.000    10.4775    10.4761   3.701989   3.703637     2.1641    -0.0562      98.80 4.9471e-02 0.0000e+00    80.7961    5.12597    33.4545    33.4723    25.6643    1490.05    1483.60 0.0000e+00
       1130     25.000    10.4731    10.4715   3.705735   3.707407     2.1509 -9.990e-29      98.80 4.9494e-02 0.0000e+00    80.8227    5.09822    33.4958    33.5141    25.6972    1490.10    1483.86 0.0000e+00
       1153     26.000    10.4622    10.4608   3.708633   3.710263     2.1421 -9.990e-29      98.80 4.9469e-02 0.0000e+00    80.8290    5.11024    33.5345    33.5522    25.7293    1490.12    1484.10 0.0000e+00
       1175     27.000    10.4374    10.4380   3.709474   3.711099     2.1363 -9.990e-29      98.80 4.9483e-02 0.0000e+00    80.8082    5.11357    33.5654    33.5812    25.7577    1490.09    1484.32 0.0000e+00
       1198     28.000    10.3946    10.3941   3.709684   3.711289     2.1318    -0.0596      98.80 4.9490e-02 0.0000e+00    80.8084    5.11196    33.6066    33.6233    25.7972    1490.00    1484.53 0.0000e+00
       1220     29.000    10.3707    10.3700   3.709583   3.711217     2.1278    -0.0624      98.80 4.9477e-02 0.0000e+00    80.7772    5.10533    33.6273    33.6444    25.8174    1489.96    1484.71 0.0000e+00
       1241     30.000    10.3582    10.3572   3.710624   3.712253     2.1244    -0.0603      98.80 4.9464e-02 0.0000e+00    80.7757    5.10641    33.6489    33.6663    25.8364    1489.96    1484.89 0.0000e+00
       1263     31.000    10.3192    10.3191   3.711583   3.713207     2.1225    -0.0486      98.80 4.9489e-02 0.0000e+00    80.7942    5.11643    33.6943    33.7108    25.8785    1489.89    1485.05 0.0000e+00
       1285     32.000    10.2715    10.2714   3.711159   3.712741     2.1213    -0.0447      98.80 4.9466e-02 0.0000e+00    80.8030    5.11621    33.7339    33.7500    25.9176    1489.78    1485.19 0.0000e+00
       1306     33.000    10.2541    10.2528   3.710821   3.712398     2.1193    -0.0511      98.80 4.9489e-02 0.0000e+00    80.7693    5.09806    33.7462    33.7634    25.9302    1489.75    1485.33 0.0000e+00
       1328     34.000    10.2190    10.2195   3.709710   3.711299     2.1155 -9.990e-29      98.80 4.9466e-02 0.0000e+00    80.7165    5.07791    33.7672    33.7828    25.9526    1489.67    1485.46 0.0000e+00
       1350     35.000    10.1991    10.1984   3.709734   3.711320     2.1110 -9.990e-29      98.80 4.9464e-02 0.0000e+00    80.6397    5.05829    33.7855    33.8023    25.9703    1489.63    1485.58 0.0000e+00
       1371     36.000    10.1736    10.1731   3.709839   3.711427     2.1057 -9.990e-29      98.80 4.9498e-02 0.0000e+00    80.6197    5.04000    33.8099    33.8265    25.9937    1489.59    1485.69 0.0000e+00
       1392     37.000    10.1198    10.1209   3.709069   3.710624     2.1003    -0.0533      98.80 4.9464e-02 0.0000e+00    80.6032    5.02619    33.8519    33.8667    26.0356    1489.46    1485.79 0.0000e+00
       1414     38.000    10.0891    10.0891   3.707874   3.709460     2.0950    -0.0556      98.80 4.9477e-02 0.0000e+00    80.6186    5.03515    33.8681    33.8842    26.0534    1489.39    1485.89 0.0000e+00
       1436     39.000    10.0760    10.0747   3.707715   3.709327     2.0939    -0.0560      98.80 4.9466e-02 0.0000e+00    80.7090    5.08679    33.8783    33.8959    26.0636    1489.37    1485.97 0.0000e+00
       1458     40.000    10.0604    10.0600   3.707350   3.708933     2.0982    -0.0669      98.80 4.9471e-02 0.0000e+00    80.7592    5.12741    33.8887    33.9052    26.0744    1489.34    1486.06 0.0000e+00
       1480     41.000    10.0167    10.0181   3.706066   3.707647     2.1023    -0.0627      98.80 4.9477e-02 0.0000e+00    80.8276    5.13584    33.9162    33.9310    26.1032    1489.24    1486.14 0.0000e+00
       1502     42.000     9.9961     9.9949   3.705414   3.706980     2.1050    -0.0702      98.80 4.9490e-02 0.0000e+00    80.8293    5.13246    33.9284    33.9455    26.1163    1489.19    1486.21 0.0000e+00
       1523     43.000     9.9848     9.9846   3.704821   3.706371     2.1065 -9.990e-29      98.80 4.9471e-02 0.0000e+00    80.8958    5.13513    33.9325    33.9485    26.1214    1489.18    1486.28 0.0000e+00
       1545     44.000     9.9283     9.9294   3.701976   3.703532     2.1079 -9.990e-29      98.80 4.9440e-02 0.0000e+00    80.9278    5.14462    33.9562    33.9710    26.1494    1489.02    1486.34 0.0000e+00
       1567     45.000     9.9116     9.9101   3.701980   3.703522     2.1094 -9.990e-29      98.80 4.9472e-02 0.0000e+00    80.9587    5.13871    33.9715    33.9886    26.1641    1488.99    1486.40 0.0000e+00
       1589     46.000     9.8984     9.8976   3.701578   3.703077     2.1082 -9.990e-29      98.80 4.9464e-02 0.0000e+00    80.9687    5.09761    33.9793    33.9954    26.1725    1488.97    1486.45 0.0000e+00
       1610     47.000     9.8567     9.8563   3.698776   3.700299     2.1020    -0.0606      98.80 4.9452e-02 0.0000e+00    80.9297    5.05033    33.9895    34.0055    26.1875    1488.85    1486.51 0.0000e+00
       1632     48.000     9.8520     9.8506   3.699203   3.700741     2.0950    -0.0613      98.80 4.9464e-02 0.0000e+00    80.9132    5.03298    33.9979    34.0150    26.1948    1488.86    1486.55 0.0000e+00
       1654     49.000     9.8288     9.8284   3.698165   3.699702     2.0891    -0.0631      98.80 4.9459e-02 0.0000e+00    80.9160    5.02004    34.0087    34.0248    26.2071    1488.80    1486.60 0.0000e+00
       1676     50.000     9.8194     9.8177   3.698171   3.699694     2.0830    -0.0655      98.80 4.9464e-02 0.0000e+00    80.9043    5.02044    34.0172    34.0344    26.2153    1488.80    1486.64 0.0000e+00
       1698     51.000     9.8067     9.8059   3.697495   3.699029     2.0807    -0.0612      98.80 4.9471e-02 0.0000e+00    80.9562    5.06285    34.0218    34.0383    26.2210    1488.77    1486.69 0.0000e+00
       1720     52.000     9.7919     9.7910   3.696956   3.698476     2.0833    -0.0629      98.80 4.9483e-02 0.0000e+00    80.9928    5.08789    34.0298    34.0462    26.2298    1488.75    1486.73 0.0000e+00
       1741     53.000     9.7751     9.7740   3.696184   3.697709     2.0837    -0.0695      98.80 4.9464e-02 0.0000e+00    80.9786    5.07594    34.0373    34.0540    26.2384    1488.71    1486.76 0.0000e+00
       1763     54.000     9.7385     9.7398   3.694295   3.695807     2.0839    -0.0669      98.80 4.9477e-02 0.0000e+00    80.9690    5.07488    34.0521    34.0664    26.2561    1488.61    1486.80 0.0000e+00
       1785     55.000     9.6975     9.6972   3.692265   3.693767     2.0827    -0.0603      98.80 4.9479e-02 0.0000e+00    80.9953    5.05964    34.0696    34.0854    26.2766    1488.50    1486.83 0.0000e+00
       1807     56.000     9.6631     9.6640   3.689893   3.691434     2.0803    -0.0598      98.80 4.9483e-02 0.0000e+00    80.9923    5.04982    34.0774    34.0924    26.2884    1488.40    1486.86 0.0000e+00
       1829     57.000     9.6396     9.6386   3.688509   3.690012     2.0776 -9.990e-29      98.80 4.9463e-02 0.0000e+00    80.9911    5.04345    34.0850    34.1014    26.2982    1488.34    1486.88 0.0000e+00
       1851     58.000     9.6172     9.6164   3.687404   3.688930     2.0749 -9.990e-29      98.80 4.9489e-02 0.0000e+00    80.9834    5.04976    34.0945    34.1109    26.3093    1488.29    1486.91 0.0000e+00
       1873     59.000     9.6078     9.6064   3.687491   3.689001     2.0748 -9.990e-29      98.80 4.9471e-02 0.0000e+00    81.0249    5.07502    34.1038    34.1207    26.3182    1488.28    1486.93 0.0000e+00
       1895     60.000     9.5768     9.5778   3.686341   3.687844     2.0764    -0.0437      98.80 4.9477e-02 0.0000e+00    80.9967    5.09584    34.1210    34.1355    26.3367    1488.21    1486.95 0.0000e+00
       1917     61.000     9.5496     9.5487   3.684681   3.686179     2.0784    -0.0681      98.80 4.9485e-02 0.0000e+00    81.0339    5.08555    34.1293    34.1456    26.3477    1488.14    1486.97 0.0000e+00
       1939     62.000     9.5366     9.5355   3.684275   3.685764     2.0763    -0.0614      98.80 4.9475e-02 0.0000e+00    81.0257    5.04687    34.1370    34.1534    26.3559    1488.12    1486.99 0.0000e+00
       1961     63.000     9.5042     9.5047   3.683094   3.684600     2.0722    -0.0586      98.80 4.9477e-02 0.0000e+00    81.0213    5.02684    34.1552    34.1703    26.3754    1488.04    1487.01 0.0000e+00
       1983     64.000     9.4785     9.4782   3.681595   3.683073     2.0678    -0.0602      98.80 4.9479e-02 0.0000e+00    81.0367    5.01085    34.1638    34.1793    26.3863    1487.97    1487.02 0.0000e+00
       2005     65.000     9.4519     9.4519   3.680133   3.681608     2.0629    -0.0672      98.80 4.9477e-02 0.0000e+00    81.0486    4.98683    34.1736    34.1888    26.3984    1487.90    1487.03 0.0000e+00
       2026     66.000     9.4235     9.4231   3.678633   3.680081     2.0566    -0.0675      98.80 4.9483e-02 0.0000e+00    81.0371    4.96275    34.1847    34.2001    26.4117    1487.83    1487.05 0.0000e+00
       2048     67.000     9.4058     9.4050   3.677795   3.679226     2.0502    -0.0533      98.80 4.9465e-02 0.0000e+00    81.0523    4.95887    34.1925    34.2080    26.4207    1487.79    1487.06 0.0000e+00
       2070     68.000     9.3791     9.3782   3.676783   3.678228     2.0465    -0.0594      98.80 4.9492e-02 0.0000e+00    81.0552    4.97307    34.2071    34.2229    26.4364    1487.73    1487.07 0.0000e+00
       2091     69.000     9.3547     9.3538   3.675626   3.677110     2.0441    -0.0660      98.80 4.9458e-02 0.0000e+00    81.0834    4.97623    34.2179    34.2342    26.4489    1487.67    1487.08 0.0000e+00
       2113     70.000     9.3505     9.3491   3.675490   3.676947     2.0422    -0.0596      98.80 4.9472e-02 0.0000e+00    81.0794    4.96391    34.2201    34.2365    26.4513    1487.67    1487.08 0.0000e+00
       2135     71.000     9.3281     9.3277   3.674320   3.675763     2.0381    -0.0512      98.80 4.9452e-02 0.0000e+00    81.0729    4.93037    34.2289    34.2443    26.4619    1487.62    1487.09 0.0000e+00
       2157     72.000     9.3025     9.3017   3.673207   3.674679     2.0324    -0.0645      98.80 4.9483e-02 0.0000e+00    81.0637    4.90808    34.2414    34.2575    26.4758    1487.55    1487.10 0.0000e+00
       2178     73.000     9.2833     9.2828   3.672440   3.673905     2.0268    -0.0624      98.80 4.9483e-02 0.0000e+00    81.0366    4.89944    34.2514    34.2671    26.4867    1487.51    1487.10 0.0000e+00
       2200     74.000     9.2553     9.2569   3.671061   3.672575     2.0224    -0.0613      98.80 4.9477e-02 0.0000e+00    81.0318    4.89733    34.2635    34.2777    26.5007    1487.44    1487.11 0.0000e+00
       2222     75.000     9.2277     9.2270   3.669705   3.671174     2.0180 -9.990e-29      98.80 4.9477e-02 0.0000e+00    81.0742    4.86558    34.2754    34.2914    26.5145    1487.37    1487.11 0.0000e+00
       2244     76.000     9.2156     9.2153   3.669130   3.670614     2.0101 -9.990e-29      98.80 4.9464e-02 0.0000e+00    81.0335    4.81204    34.2806    34.2963    26.5205    1487.35    1487.11 0.0000e+00
       2266     77.000     9.1969     9.1954   3.668252   3.669679     2.0005 -9.990e-29      98.80 4.9483e-02 0.0000e+00    80.9937    4.77345    34.2890    34.3053    26.5301    1487.31    1487.12 0.0000e+00
