_data/ctd/2022603/sta0155.cnv
* Sea-Bird SBE 9 Data File:
* FileName = C:\Seabird\CTDData\sta0155.hex
* Software Version Seasave V 7.21f
* Temperature SN = 6264
* Conductivity SN = 4928
* Number of Bytes Per Scan = 40
* Number of Voltage Words = 5
* Number of Scans Averaged by the Deck Unit = 1
* NMEA Latitude = 59 58.49 N
* NMEA Longitude = 005 58.84 E
* NMEA UTC (Time) = Feb 10 2022 14:30:10
* NMEA baud rate = 4800
** Ship: R/V "Kristine Bonnevie"
** Station: 0155
** Echodepth: 163
** Log: 0160.081
** Wind-Dir/Force: 55 1.3
** Air-temp (dry): 2.1
** Weather Sky:
** Sea:
# nquan = 19                                
# nvalues = 156                         
# units = specified
# name 0 = scan: Scan Count
# name 1 = prDM: Pressure, Digiquartz [db]
# name 2 = t068C: Temperature [ITS-68, deg C]
# name 3 = t168C: Temperature, 2 [ITS-68, deg C]
# name 4 = c0S/m: Conductivity [S/m]
# name 5 = c1S/m: Conductivity, 2 [S/m]
# name 6 = sbeox0V: Oxygen raw, SBE 43 [V]
# name 7 = flECO-AFL: Fluorescence, WET Labs ECO-AFL/FL [mg/m^3]
# name 8 = altM: Altimeter [m]
# name 9 = par: PAR/Irradiance, Biospherical/Licor
# name 10 = spar: SPAR/Surface Irradiance
# name 11 = CStarTr0: Beam Transmission, WET Labs C-Star [%]
# name 12 = sbeox0ML/L: Oxygen, SBE 43 [ml/l], WS = 2
# name 13 = sal00: Salinity, Practical [PSU]
# name 14 = sal11: Salinity, Practical, 2 [PSU]
# name 15 = sigma-t00: Density [sigma-t, Kg/m^3 ]
# name 16 = svCM: Sound Velocity [Chen-Millero, m/s]
# name 17 = avgsvCM: Average Sound Velocity [Chen-Millero, m/s], minP = 1, minS = 5
# name 18 = flag: flag
# span 0 =         -7,       3190       
# span 1 =      3.000,    158.000       
# span 2 =     6.2194,    10.0501       
# span 3 =     6.1808,    10.0501       
# span 4 =   3.023279,   3.717901       
# span 5 =   3.017872,   3.719336       
# span 6 =     2.1439,     2.4376       
# span 7 =    -0.0924,     0.9010       
# span 8 =       6.29,     102.48       
# span 9 = 4.9465e-02, 2.3260e+01       
# span 10 = 4.3971e+01, 4.5969e+01      
# span 11 =    79.0712,    81.6911      
# span 12 =    5.25584,    6.86681      
# span 13 =    30.1722,    34.8726      
# span 14 =    30.1468,    34.8875      
# span 15 =    23.7144,    27.1539      
# span 16 =    1469.58,    1489.22      
# span 17 =    1469.58,    1484.24      
# span 18 = 0.0000e+00, 0.0000e+00      
# interval = decibars: 1                
# start_time = Feb 10 2022 14:30:12 [System UTC, header]
# bad_flag = -9.990e-29
*END*
[from data line 77]
       1588     80.000     8.4771     8.4755   3.640524   3.641782     2.1716 -9.990e-29      70.35 4.9512e-02 4.3971e+01    81.2981    5.52712    34.6963    34.7112    26.9630    1485.20    1483.30 0.0000e+00
       1609     81.000     8.4801     8.4784   3.641262   3.642549     2.1721 -9.990e-29      79.93 4.9480e-02 4.3971e+01    81.3004    5.52083    34.7007    34.7160    26.9660    1485.23    1483.32 0.0000e+00
       1629     82.000     8.4790     8.4778   3.641521   3.642793     2.1722 -9.990e-29      54.83 4.9485e-02 4.3971e+01    81.2957    5.51134    34.7041    34.7187    26.9688    1485.25    1483.35 0.0000e+00
       1650     83.000     8.4776     8.4762   3.641536   3.642816     2.1712 -9.990e-29      96.05 4.9492e-02 4.3971e+01    81.2780    5.49807    34.7051    34.7201    26.9699    1485.26    1483.37 0.0000e+00
       1670     84.000     8.4775     8.4762   3.641620   3.642902     2.1691 -9.990e-29      62.43 4.9488e-02 4.3971e+01    81.2654    5.48399    34.7056    34.7205    26.9703    1485.27    1483.39 0.0000e+00
       1691     85.000     8.4747     8.4738   3.641599   3.642876     2.1674 -9.990e-29      33.29 4.9492e-02 4.3971e+01    81.2559    5.47876    34.7077    34.7221    26.9723    1485.28    1483.41 0.0000e+00
       1712     86.000     8.4616     8.4618   3.640964   3.642261     2.1648 -9.990e-29      95.99 4.9472e-02 4.3971e+01    81.2453    5.46850    34.7134    34.7269    26.9788    1485.26    1483.44 0.0000e+00
       1733     87.000     8.4416     8.4408   3.639795   3.641060     2.1623 -9.990e-29      44.08 4.9485e-02 4.3971e+01    81.2562    5.46398    34.7202    34.7344    26.9872    1485.21    1483.46 0.0000e+00
       1754     88.000     8.4364     8.4353   3.639668   3.640933     2.1600 -9.990e-29      67.97 4.9509e-02 4.3971e+01    81.2375    5.46146    34.7235    34.7380    26.9906    1485.21    1483.48 0.0000e+00
       1775     89.000     8.4223     8.4219   3.638641   3.639911     2.1581 -9.990e-29      64.70 4.9496e-02 4.3971e+01    81.2372    5.46307    34.7260    34.7399    26.9948    1485.18    1483.50 0.0000e+00
       1796     90.000     8.3994     8.3999   3.636530   3.637797     2.1567    -0.0707      31.39 4.9499e-02 4.3971e+01    81.2091    5.47005    34.7256    34.7386    26.9980    1485.11    1483.51 0.0000e+00
       1817     91.000     8.3682     8.3680   3.633634   3.634893     2.1561    -0.0666      83.07 4.9492e-02 4.3971e+01    81.1965    5.47975    34.7251    34.7387    27.0024    1485.01    1483.53 0.0000e+00
       1837     92.000     8.3705     8.3679   3.634910   3.636155     2.1559    -0.0622      98.08 4.9479e-02 4.3971e+01    81.2247    5.48941    34.7359    34.7518    27.0106    1485.04    1483.55 0.0000e+00
       1859     93.000     8.3859     8.3846   3.637384   3.638680     2.1572    -0.0605      93.37 4.9492e-02 4.3971e+01    81.2294    5.51954    34.7466    34.7617    27.0165    1485.13    1483.56 0.0000e+00
       1879     94.000     8.3715     8.3710   3.636138   3.637394     2.1612    -0.0618      61.05 4.9495e-02 4.3971e+01    81.2191    5.55027    34.7471    34.7609    27.0191    1485.09    1483.58 0.0000e+00
       1899     95.000     8.3660     8.3648   3.636351   3.637624     2.1647    -0.0635      97.98 4.9495e-02 4.3971e+01    81.2340    5.54587    34.7543    34.7690    27.0256    1485.10    1483.60 0.0000e+00
       1920     96.000     8.3537     8.3527   3.635482   3.636710     2.1660 -9.990e-29      93.60 4.9499e-02 4.3971e+01    81.2235    5.52483    34.7567    34.7708    27.0294    1485.07    1483.61 0.0000e+00
       1941     97.000     8.3512     8.3498   3.635362   3.636628     2.1654 -9.990e-29      38.75 4.9495e-02 4.3971e+01    81.2281    5.51307    34.7574    34.7723    27.0304    1485.08    1483.63 0.0000e+00
       1961     98.000     8.3473     8.3463   3.635160   3.636429     2.1647 -9.990e-29      71.84 4.9481e-02 4.3971e+01    81.2093    5.51397    34.7586    34.7731    27.0319    1485.08    1483.64 0.0000e+00
       1981     99.000     8.3452     8.3437   3.635362   3.636602     2.1646 -9.990e-29      93.69 4.9499e-02 4.3971e+01    81.1999    5.51914    34.7624    34.7771    27.0352    1485.10    1483.66 0.0000e+00
       2002    100.000     8.3400     8.3394   3.635022   3.636354     2.1646    -0.0736      60.16 4.9472e-02 4.3971e+01    81.1745    5.52328    34.7634    34.7782    27.0368    1485.10    1483.67 0.0000e+00
       2022    101.000     8.3346     8.3337   3.634600   3.635880     2.1648    -0.0862      28.77 4.9481e-02 4.3971e+01    81.1964    5.52351    34.7638    34.7783    27.0379    1485.09    1483.68 0.0000e+00
       2043    102.000     8.3340     8.3324   3.634651   3.635882     2.1645    -0.0619      93.89 4.9498e-02 4.3971e+01    81.1752    5.52281    34.7644    34.7791    27.0385    1485.11    1483.70 0.0000e+00
       2063    103.000     8.3356     8.3337   3.634901   3.636115     2.1649    -0.0589      57.10 4.9488e-02 4.3971e+01    81.0718    5.53217    34.7650    34.7798    27.0387    1485.13    1483.71 0.0000e+00
       2084    104.000     8.3361     8.3348   3.635463   3.636711     2.1655    -0.0601      22.13 4.9499e-02 4.3971e+01    81.1848    5.53662    34.7700    34.7846    27.0426    1485.15    1483.73 0.0000e+00
       2104    105.000     8.3315     8.3304   3.635438   3.636696     2.1663    -0.0609      77.28 4.9488e-02 4.3971e+01    81.1761    5.53844    34.7738    34.7883    27.0463    1485.16    1483.74 0.0000e+00
       2125    106.000     8.3258     8.3245   3.634997   3.636240     2.1668    -0.0670      81.10 4.9472e-02 4.3971e+01    81.1684    5.53646    34.7743    34.7888    27.0475    1485.15    1483.75 0.0000e+00
       2146    107.000     8.3240     8.3226   3.634898   3.636155     2.1664    -0.0612      42.30 4.9492e-02 4.3971e+01    81.1519    5.52231    34.7745    34.7893    27.0480    1485.16    1483.77 0.0000e+00
       2167    108.000     8.3151     8.3145   3.634287   3.635520     2.1650    -0.0605      43.21 4.9474e-02 4.3971e+01    81.1555    5.51317    34.7763    34.7901    27.0508    1485.15    1483.78 0.0000e+00
       2187    109.000     8.3025     8.3018   3.633328   3.634608     2.1636    -0.0620      57.67 4.9499e-02 4.3971e+01    81.1178    5.51355    34.7781    34.7924    27.0541    1485.12    1483.79 0.0000e+00
       2207    110.000     8.2914     8.2904   3.632459   3.633695     2.1625    -0.0634      44.73 4.9481e-02 4.3971e+01    81.1509    5.52047    34.7793    34.7935    27.0567    1485.10    1483.80 0.0000e+00
       2228    111.000     8.2832     8.2823   3.631935   3.633207     2.1622    -0.0619      69.13 4.9474e-02 4.3971e+01    81.1710    5.52922    34.7814    34.7958    27.0596    1485.09    1483.81 0.0000e+00
       2248    112.000     8.2798     8.2785   3.631750   3.633001     2.1628    -0.0867      27.01 4.9481e-02 4.3971e+01    81.1788    5.54241    34.7823    34.7969    27.0608    1485.09    1483.83 0.0000e+00
       2268    113.000     8.2762     8.2750   3.631574   3.632828     2.1642    -0.0761      51.38 4.9465e-02 4.3971e+01    81.2014    5.56162    34.7835    34.7981    27.0623    1485.09    1483.84 0.0000e+00
       2288    114.000     8.2684     8.2675   3.631187   3.632444     2.1668    -0.0604      50.68 4.9474e-02 4.3971e+01    81.2269    5.58118    34.7866    34.8009    27.0660    1485.09    1483.85 0.0000e+00
       2309    115.000     8.2634     8.2623   3.630991   3.632253     2.1694    -0.0666      49.77 4.9481e-02 4.3971e+01    81.2722    5.58918    34.7890    34.8035    27.0686    1485.09    1483.86 0.0000e+00
       2329    116.000     8.2607     8.2594   3.630950   3.632206     2.1719 -9.990e-29      48.64 4.9499e-02 4.3971e+01    81.2554    5.59366    34.7907    34.8054    27.0704    1485.09    1483.87 0.0000e+00
       2349    117.000     8.2519     8.2508   3.630768   3.632028     2.1737 -9.990e-29      47.88 4.9495e-02 4.3971e+01    81.2688    5.59676    34.7970    34.8116    27.0766    1485.09    1483.88 0.0000e+00
       2370    118.000     8.2462     8.2449   3.630671   3.631918     2.1755 -9.990e-29      46.67 4.9485e-02 4.3971e+01    81.2845    5.60389    34.8011    34.8157    27.0808    1485.09    1483.89 0.0000e+00
       2391    119.000     8.2403     8.2393   3.630549   3.631804     2.1773 -9.990e-29      45.21 4.9488e-02 4.3971e+01    81.2829    5.60557    34.8052    34.8196    27.0848    1485.09    1483.90 0.0000e+00
       2411    120.000     8.2345     8.2332   3.630473   3.631738     2.1781 -9.990e-29      44.22 4.9495e-02 4.3971e+01    81.2618    5.60322    34.8097    34.8245    27.0892    1485.09    1483.91 0.0000e+00
       2431    121.000     8.2344     8.2330   3.630516   3.631779     2.1791 -9.990e-29      43.61 4.9499e-02 4.3971e+01    81.2439    5.60767    34.8097    34.8246    27.0893    1485.10    1483.92 0.0000e+00
       2452    122.000     8.2343     8.2330   3.630572   3.631832     2.1796 -9.990e-29      42.91 4.9488e-02 4.3971e+01    81.2234    5.60733    34.8099    34.8247    27.0895    1485.12    1483.93 0.0000e+00
       2472    123.000     8.2338     8.2325   3.630611   3.631870     2.1806 -9.990e-29      41.99 4.9502e-02 4.3971e+01    81.2256    5.60883    34.8104    34.8251    27.0899    1485.13    1483.94 0.0000e+00
       2492    124.000     8.2314     8.2302   3.630570   3.631856     2.1804 -9.990e-29      40.73 4.9479e-02 4.3971e+01    81.2292    5.60744    34.8118    34.8268    27.0914    1485.14    1483.95 0.0000e+00
       2512    125.000     8.2296     8.2284   3.630566   3.631829     2.1810 -9.990e-29      39.81 4.9481e-02 4.3971e+01    81.2358    5.61134    34.8131    34.8278    27.0927    1485.15    1483.96 0.0000e+00
       2533    126.000     8.2285     8.2270   3.630573   3.631839     2.1812 -9.990e-29      38.70 4.9502e-02 4.3971e+01    81.2416    5.61065    34.8138    34.8288    27.0934    1485.17    1483.97 0.0000e+00
       2553    127.000     8.2266     8.2255   3.630591   3.631869     2.1815 -9.990e-29      37.61 4.9492e-02 4.3971e+01    81.2552    5.61162    34.8154    34.8301    27.0949    1485.18    1483.98 0.0000e+00
       2573    128.000     8.2256     8.2242   3.630632   3.631886     2.1814 -9.990e-29      36.61 4.9481e-02 4.3971e+01    81.2456    5.60835    34.8163    34.8311    27.0958    1485.19    1483.99 0.0000e+00
       2593    129.000     8.2241     8.2226   3.630622   3.631891     2.1813    -0.0602      35.65 4.9490e-02 4.3971e+01    81.2584    5.61017    34.8172    34.8323    27.0967    1485.20    1484.00 0.0000e+00
       2613    130.000     8.2226     8.2212   3.630668   3.631930     2.1811    -0.0775      34.55 4.9502e-02 4.3971e+01    81.2610    5.60566    34.8187    34.8336    27.0981    1485.22    1484.01 0.0000e+00
       2633    131.000     8.2221     8.2208   3.630717   3.631990     2.1805    -0.0790      33.54 4.9512e-02 4.3971e+01    81.2659    5.60158    34.8192    34.8341    27.0986    1485.23    1484.02 0.0000e+00
       2653    132.000     8.2200     8.2185   3.630716   3.631965     2.1797    -0.0637      32.67 4.9488e-02 4.3971e+01    81.2769    5.60246    34.8208    34.8357    27.1002    1485.24    1484.02 0.0000e+00
       2673    133.000     8.2184     8.2171   3.630719   3.631987     2.1796    -0.0860      31.60 4.9508e-02 4.3971e+01    81.2985    5.60734    34.8220    34.8368    27.1013    1485.25    1484.03 0.0000e+00
       2693    134.000     8.2184     8.2172   3.630783   3.632057     2.1795    -0.0655      30.58 4.9509e-02 4.3971e+01    81.3024    5.60916    34.8222    34.8370    27.1015    1485.27    1484.04 0.0000e+00
       2713    135.000     8.2166     8.2153   3.630785   3.632047     2.1796 -9.990e-29      29.73 4.9497e-02 4.3971e+01    81.2804    5.61147    34.8235    34.8383    27.1028    1485.28    1484.05 0.0000e+00
       2733    136.000     8.2155     8.2141   3.630795   3.632061     2.1796 -9.990e-29      28.65 4.9505e-02 4.3971e+01    81.2748    5.61406    34.8242    34.8391    27.1035    1485.30    1484.06 0.0000e+00
       2753    137.000     8.2147     8.2134   3.630817   3.632076     2.1800 -9.990e-29      27.70 4.9481e-02 4.3971e+01    81.2910    5.61845    34.8248    34.8395    27.1041    1485.31    1484.07 0.0000e+00
       2773    138.000     8.2091     8.2084   3.630653   3.631938     2.1805 -9.990e-29      26.90 4.9501e-02 4.3971e+01    81.2948    5.62086    34.8281    34.8425    27.1075    1485.31    1484.08 0.0000e+00
       2793    139.000     8.2059     8.2048   3.630593   3.631866     2.1805    -0.0635      25.71 4.9495e-02 4.3971e+01    81.2811    5.61805    34.8301    34.8448    27.1096    1485.32    1484.09 0.0000e+00
       2813    140.000     8.2020     8.2011   3.630491   3.631766     2.1805    -0.0708      24.70 4.9508e-02 4.3971e+01    81.2439    5.61315    34.8324    34.8469    27.1120    1485.32    1484.10 0.0000e+00
       2833    141.000     8.1986     8.1979   3.630434   3.631717     2.1797    -0.0889      23.74 4.9488e-02 4.3971e+01    81.1730    5.60521    34.8347    34.8491    27.1143    1485.33    1484.11 0.0000e+00
       2853    142.000     8.1972     8.1957   3.630402   3.631647     2.1787    -0.0613      22.66 4.9483e-02 4.3971e+01    81.1388    5.60107    34.8353    34.8501    27.1150    1485.34    1484.11 0.0000e+00
       2872    143.000     8.1831     8.1834   3.629944   3.631240     2.1777    -0.0588      21.67 4.9515e-02 4.3971e+01    81.1366    5.59783    34.8439    34.8574    27.1239    1485.31    1484.12 0.0000e+00
       2892    144.000     8.1826     8.1811   3.629970   3.631248     2.1762    -0.0560      20.78 4.9475e-02 4.3971e+01    81.1003    5.59611    34.8442    34.8593    27.1242    1485.33    1484.13 0.0000e+00
       2912    145.000     8.1837     8.1820   3.630065   3.631292     2.1758 -9.990e-29      19.70 4.9497e-02 4.3971e+01    81.0484    5.59479    34.8436    34.8584    27.1236    1485.35    1484.14 0.0000e+00
       2931    146.000     8.1637     8.1647   3.629333   3.630617     2.1740 -9.990e-29      18.65 4.9481e-02 4.3971e+01    81.0309    5.58414    34.8552    34.8679    27.1357    1485.30    1484.15 0.0000e+00
       2952    147.000     8.1512     8.1495   3.628902   3.630135     2.1726 -9.990e-29      17.79 4.9522e-02 4.3971e+01    81.0204    5.58480    34.8625    34.8774    27.1434    1485.28    1484.16 0.0000e+00
       2971    148.000     8.1500     8.1492   3.628893   3.630183     2.1712 -9.990e-29      16.71 4.9483e-02 4.3971e+01    80.9450    5.58070    34.8631    34.8777    27.1440    1485.30    1484.16 0.0000e+00
       2991    149.000     8.1532     8.1508   3.629054   3.630282     2.1697 -9.990e-29      15.68 4.9502e-02 4.3971e+01    80.8001    5.57574    34.8611    34.8767    27.1420    1485.32    1484.17 0.0000e+00
       3011    150.000     8.1529     8.1506   3.629100   3.630325     2.1683 -9.990e-29      14.68 4.9488e-02 4.3971e+01    80.7539    5.56916    34.8615    34.8768    27.1423    1485.34    1484.18 0.0000e+00
       3031    151.000     8.1498     8.1487   3.629030   3.630283     2.1664 -9.990e-29      13.69 4.9488e-02 4.3971e+01    80.7110    5.56463    34.8633    34.8778    27.1442    1485.34    1484.19 0.0000e+00
       3051    152.000     8.1442     8.1420   3.628854   3.630086     2.1651 -9.990e-29      12.70 4.9530e-02 4.3971e+01    80.6958    5.56536    34.8665    34.8819    27.1476    1485.34    1484.19 0.0000e+00
       3071    153.000     8.1416     8.1405   3.628812   3.630072     2.1639 -9.990e-29      11.71 4.9486e-02 4.3971e+01    80.6795    5.56673    34.8682    34.8827    27.1493    1485.35    1484.20 0.0000e+00
       3091    154.000     8.1405     8.1397   3.628814   3.630105     2.1630 -9.990e-29      10.70 4.9474e-02 4.3971e+01    80.6235    5.56524    34.8688    34.8834    27.1499    1485.37    1484.21 0.0000e+00
