_data/ctd/2022603/sta0226.cnv
* Sea-Bird SBE 9 Data File:
* FileName = C:\Seabird\CTDData\sta0226.hex
* Software Version Seasave V 7.21f
* Temperature SN = 6264
* Conductivity SN = 4928
* Number of Bytes Per Scan = 40
* Number of Voltage Words = 5
* Number of Scans Averaged by the Deck Unit = 1
* NMEA Latitude = 61 05.08 N
* NMEA Longitude = 005 02.96 E
* NMEA UTC (Time) = Feb 18 2022 06:24:45
* NMEA baud rate = 4800
** Ship: R/V "Kristine Bonnevie"
** Station: 0226
** Echodepth: 177
** Log: 1238.615
** Wind-Dir/Force: 29 18
** Air-temp (dry): 3.8
** Weather Sky:
** Sea:
** S03
# nquan = 19                                
# nvalues = 173                         
# units = specified
# name 0 = scan: Scan Count
# name 1 = prDM: Pressure, Digiquartz [db]
# name 2 = t068C: Temperature [ITS-68, deg C]
# name 3 = t168C: Temperature, 2 [ITS-68, deg C]
# name 4 = c0S/m: Conductivity [S/m]
# name 5 = c1S/m: Conductivity, 2 [S/m]
# name 6 = sbeox0V: Oxygen raw, SBE 43 [V]
# name 7 = flECO-AFL: Fluorescence, WET Labs ECO-AFL/FL [mg/m^3]
# name 8 = altM: Altimeter [m]
# name 9 = par: PAR/Irradiance, Biospherical/Licor
# name 10 = spar: SPAR/Surface Irradiance
# name 11 = CStarTr0: Beam Transmission, WET Labs C-Star [%]
# name 12 = sbeox0ML/L: Oxygen, SBE 43 [ml/l], WS = 2
# name 13 = sal00: Salinity, Practical [PSU]
# name 14 = sal11: Salinity, Practical, 2 [PSU]
# name 15 = sigma-t00: Density [sigma-t, Kg/m^3 ]
# name 16 = svCM: Sound Velocity [Chen-Millero, m/s]
# name 17 = avgsvCM: Average Sound Velocity [Chen-Millero, m/s], minP = 1, minS = 5
# name 18 = flag: flag
# span 0 =        431,       4302       
# span 1 =      3.000,    175.000       
# span 2 =     5.9067,     8.5556       
# span 3 =     5.9234,     8.5530       
# span 4 =   3.079464,   3.646696       
# span 5 =   3.083266,   3.648158       
# span 6 =     2.2187,     2.4458       
# span 7 =    -0.0877,     0.6713       
# span 8 =       6.33,      99.34       
# span 9 = 4.9169e-02, 5.9465e-01       
# span 10 = 0.0000e+00, 0.0000e+00      
# span 11 =    77.6168,    80.4467      
# span 12 =    5.75219,    6.88265      
# span 13 =    31.0774,    34.9114      
# span 14 =    31.1044,    34.9285      
# span 15 =    24.4655,    27.1622      
# span 16 =    1469.48,    1486.29      
# span 17 =    1469.85,    1482.68      
# span 18 = 0.0000e+00, 0.0000e+00      
# interval = decibars: 1                
# start_time = Feb 18 2022 06:24:47 [System UTC, header]
# bad_flag = -9.990e-29
*END*
        431      3.000     6.0007     6.0358   3.099377   3.107453     2.4345     0.6497      75.00 5.9465e-01 0.0000e+00    79.4345    6.86158    31.2133    31.2709    24.5618    1470.01    1470.01 0.0000e+00
        496      4.000     5.9067     5.9234   3.079464   3.083266     2.4315     0.6713      96.01 3.9538e-01 0.0000e+00    79.5412    6.87091    31.0774    31.1044    24.4655    1469.48    1469.88 0.0000e+00
        533      5.000     5.9444     5.9494   3.087651   3.089780     2.4303     0.6558      71.88 2.6661e-01 0.0000e+00    79.5313    6.87334    31.1336    31.1527    24.5054    1469.72    1469.85 0.0000e+00
        569      6.000     6.0186     6.0175   3.103929   3.105786     2.4311     0.6031      99.23 2.0910e-01 0.0000e+00    79.5123    6.86925    31.2461    31.2678    24.5855    1470.17    1469.90 0.0000e+00
        599      7.000     6.0404     6.0357   3.108797   3.107779     2.4331     0.5695      69.58 1.6103e-01 0.0000e+00    79.5305    6.88265    31.2797    31.2727    24.6094    1470.32    1469.96 0.0000e+00
        622      8.000     6.0203     5.9739   3.104553   3.097308     2.4344     0.5813      86.41 1.1541e-01 0.0000e+00    79.4431    6.87184    31.2505    31.2126    24.5888    1470.22    1469.99 0.0000e+00
        644      9.000     6.0894     6.0637   3.118240   3.114829     2.4333     0.6156      98.94 1.0664e-01 0.0000e+00    79.5668    6.84348    31.3386    31.3244    24.6500    1470.62    1470.06 0.0000e+00
        666     10.000     6.0949     6.0994   3.119390   3.122024     2.4333     0.5882      82.56 7.7357e-02 0.0000e+00    79.4894    6.85465    31.3458    31.3709    24.6551    1470.67    1470.12 0.0000e+00
        687     11.000     6.1629     6.1422   3.130968   3.129220     2.4335     0.5924      67.10 7.9261e-02 0.0000e+00    79.5548    6.83673    31.4111    31.4108    24.6984    1471.04    1470.21 0.0000e+00
        708     12.000     6.2506     6.2376   3.145391   3.145906     2.4333     0.5665      98.65 5.7777e-02 0.0000e+00    79.5998    6.82673    31.4894    31.5071    24.7495    1471.50    1470.31 0.0000e+00
        728     13.000     6.3888     6.3794   3.171399   3.172409     2.4344     0.5895      98.82 5.2353e-02 0.0000e+00    79.6489    6.81051    31.6485    31.6684    24.8579    1472.27    1470.46 0.0000e+00
        748     14.000     6.4644     6.4578   3.186267   3.187681     2.4359     0.6051      54.49 4.9490e-02 0.0000e+00    79.6510    6.80380    31.7419    31.7636    24.9221    1472.70    1470.62 0.0000e+00
        769     15.000     6.5710     6.5666   3.207623   3.209006     2.4373     0.5542      97.40 4.9492e-02 0.0000e+00    79.6480    6.77818    31.8774    31.8968    25.0155    1473.31    1470.80 0.0000e+00
        790     16.000     6.6139     6.6071   3.216456   3.216553     2.4381     0.5561      98.81 4.9498e-02 0.0000e+00    79.6695    6.76402    31.9341    31.9415    25.0547    1473.57    1470.97 0.0000e+00
        810     17.000     6.6105     6.6069   3.215696   3.216390     2.4384     0.5339      82.88 4.9488e-02 0.0000e+00    79.7205    6.75577    31.9284    31.9394    25.0507    1473.56    1471.13 0.0000e+00
        830     18.000     6.5615     6.5722   3.204931   3.207553     2.4375     0.5364      67.46 4.9488e-02 0.0000e+00    79.7456    6.74697    31.8552    31.8741    24.9992    1473.29    1471.25 0.0000e+00
        850     19.000     6.5356     6.5441   3.200717   3.204610     2.4353     0.5557      98.73 4.9497e-02 0.0000e+00    79.7588    6.72879    31.8325    31.8674    24.9846    1473.18    1471.35 0.0000e+00
        870     20.000     6.6220     6.6222   3.218444   3.221279     2.4322     0.5247      98.83 4.9488e-02 0.0000e+00    79.8063    6.69990    31.9465    31.9775    25.0635    1473.68    1471.46 0.0000e+00
        889     21.000     6.7438     6.7529   3.244313   3.249533     2.4301     0.5259      57.32 4.9485e-02 0.0000e+00    79.7632    6.69434    32.1162    32.1649    25.1815    1474.39    1471.60 0.0000e+00
        907     22.000     6.8698     6.8585   3.272580   3.273220     2.4309     0.5258      78.54 4.9498e-02 0.0000e+00    79.7864    6.69506    32.3071    32.3248    25.3154    1475.13    1471.76 0.0000e+00
        926     23.000     7.0251     7.0042   3.307234   3.307581     2.4326     0.5242      99.34 4.9501e-02 0.0000e+00    79.8056    6.67201    32.5389    32.5624    25.4773    1476.05    1471.95 0.0000e+00
        944     24.000     7.3756     7.3307   3.374136   3.374433     2.4340     0.4297      98.83 4.9483e-02 0.0000e+00    79.8647    6.61182    32.9334    32.9793    25.7400    1477.91    1472.20 0.0000e+00
        963     25.000     7.6225     7.6144   3.418712   3.419775     2.4370     0.3477      47.11 4.9478e-02 0.0000e+00    79.8814    6.60289    33.1793    33.1985    25.8987    1479.18    1472.48 0.0000e+00
        981     26.000     7.7006     7.6887   3.433503   3.434602     2.4429     0.2453      85.03 4.9501e-02 0.0000e+00    79.9899    6.60788    33.2635    33.2867    25.9537    1479.60    1472.75 0.0000e+00
        999     27.000     7.7926     7.7832   3.448218   3.449427     2.4458     0.1022      98.90 4.9505e-02 0.0000e+00    80.1351    6.54489    33.3332    33.3552    25.9953    1480.06    1473.02 0.0000e+00
       1019     28.000     7.8332     7.8300   3.454610   3.455904     2.4438     0.0968      98.82 4.9488e-02 0.0000e+00    80.2628    6.47953    33.3625    33.3794    26.0125    1480.26    1473.27 0.0000e+00
       1039     29.000     7.8563     7.8512   3.458862   3.460132     2.4389     0.0968      40.21 4.9466e-02 0.0000e+00    80.3483    6.42884    33.3855    33.4040    26.0272    1480.40    1473.52 0.0000e+00
       1059     30.000     7.9278     7.9218   3.470817   3.472302     2.4321     0.0951      98.24 4.9490e-02 0.0000e+00    80.3830    6.37873    33.4447    33.4664    26.0633    1480.76    1473.76 0.0000e+00
       1078     31.000     7.9962     7.9871   3.482844   3.483707     2.4252     0.0627      98.82 4.9498e-02 0.0000e+00    80.4123    6.34878    33.5074    33.5253    26.1025    1481.11    1474.00 0.0000e+00
       1098     32.000     8.0229     8.0185   3.492032   3.493085     2.4196     0.0353      79.56 4.9502e-02 0.0000e+00    80.4335    6.33858    33.5795    33.5950    26.1552    1481.32    1474.22 0.0000e+00
       1117     33.000     8.0686     8.0637   3.504848   3.506443     2.4149     0.0210      52.37 4.9476e-02 0.0000e+00    80.4447    6.31441    33.6720    33.6938    26.2211    1481.62    1474.45 0.0000e+00
       1137     34.000     8.1270     8.1223   3.516140   3.517531     2.4093     0.0234      98.27 4.9498e-02 0.0000e+00    80.4306    6.28662    33.7359    33.7552    26.2625    1481.94    1474.67 0.0000e+00
       1158     35.000     8.0672     8.0753   3.514339   3.515971     2.4040     0.0209      98.82 4.9483e-02 0.0000e+00    80.4453    6.28179    33.7738    33.7834    26.3012    1481.78    1474.87 0.0000e+00
       1182     36.000     8.1150     8.1032   3.523238   3.524139     2.3982    -0.0107      45.93 4.9472e-02 0.0000e+00    80.4420    6.25081    33.8222    33.8432    26.3321    1482.03    1475.07 0.0000e+00
       1207     37.000     8.2392     8.2323   3.537675   3.538874     2.3924     0.0063      98.97 4.9485e-02 0.0000e+00    80.4467    6.24048    33.8558    33.8752    26.3399    1482.56    1475.27 0.0000e+00
       1230     38.000     8.1766     8.1812   3.532292   3.533870     2.3913    -0.0078      98.82 4.9475e-02 0.0000e+00    80.4123    6.26888    33.8584    33.8707    26.3513    1482.34    1475.45 0.0000e+00
       1252     39.000     8.1310     8.1363   3.528320   3.530036     2.3890    -0.0283      44.00 4.9525e-02 0.0000e+00    80.4046    6.24170    33.8596    33.8727    26.3590    1482.19    1475.62 0.0000e+00
       1273     40.000     8.1398     8.1343   3.531825   3.532983     2.3848    -0.0314      95.86 4.9512e-02 0.0000e+00    80.3478    6.21678    33.8880    33.9056    26.3800    1482.27    1475.79 0.0000e+00
       1294     41.000     8.2437     8.2388   3.545739   3.547650     2.3808    -0.0138      98.76 4.9492e-02 0.0000e+00    80.3411    6.20390    33.9353    33.9604    26.4016    1482.74    1475.96 0.0000e+00
       1315     42.000     8.3214     8.3161   3.555027   3.556333     2.3793    -0.0118      68.72 4.9502e-02 0.0000e+00    80.3207    6.21584    33.9585    33.9775    26.4081    1483.08    1476.13 0.0000e+00
       1338     43.000     8.3688     8.3649   3.560539   3.561858     2.3798    -0.0112      67.41 4.9505e-02 0.0000e+00    80.2482    6.21216    33.9708    33.9886    26.4106    1483.29    1476.29 0.0000e+00
       1361     44.000     8.3947     8.3896   3.564051   3.565377     2.3782    -0.0307      98.70 4.9520e-02 0.0000e+00    80.2246    6.17654    33.9826    34.0016    26.4159    1483.41    1476.45 0.0000e+00
       1385     45.000     8.4456     8.4422   3.570436   3.571799     2.3741    -0.0369      76.42 4.9494e-02 0.0000e+00    80.1723    6.14049    34.0007    34.0184    26.4223    1483.64    1476.61 0.0000e+00
       1406     46.000     8.4665     8.4625   3.573591   3.574867     2.3701    -0.0348      53.77 4.9481e-02 0.0000e+00    80.0925    6.12074    34.0134    34.0308    26.4291    1483.75    1476.77 0.0000e+00
       1427     47.000     8.4869     8.4843   3.577183   3.578646     2.3658    -0.0370      98.64 4.9512e-02 0.0000e+00    80.0578    6.09659    34.0313    34.0493    26.4400    1483.87    1476.92 0.0000e+00
       1447     48.000     8.5001     8.4981   3.579509   3.580977     2.3609    -0.0364      98.82 4.9495e-02 0.0000e+00    79.9986    6.07716    34.0427    34.0601    26.4469    1483.95    1477.06 0.0000e+00
       1468     49.000     8.5335     8.5250   3.584340   3.585346     2.3560    -0.0379      33.94 4.9479e-02 0.0000e+00    79.8991    6.05768    34.0611    34.0799    26.4561    1484.11    1477.21 0.0000e+00
       1489     50.000     8.5556     8.5530   3.589063   3.590420     2.3514    -0.0340      95.29 4.9505e-02 0.0000e+00    79.7859    6.04611    34.0892    34.1060    26.4748    1484.25    1477.35 0.0000e+00
       1511     51.000     8.4912     8.4920   3.585628   3.586933     2.3473    -0.0255      98.86 4.9512e-02 0.0000e+00    79.6428    6.04074    34.1146    34.1277    26.5046    1484.05    1477.48 0.0000e+00
       1535     52.000     8.5098     8.5068   3.589372   3.590807     2.3417 -9.990e-29      57.64 1.0245e-01 0.0000e+00    79.4711    6.00851    34.1358    34.1538    26.5184    1484.17    1477.61 0.0000e+00
       1559     53.000     8.4873     8.4871   3.588489   3.589894     2.3360 -9.990e-29      83.38 4.9169e-02 0.0000e+00    79.2951    6.00960    34.1477    34.1628    26.5312    1484.11    1477.73 0.0000e+00
       1583     54.000     8.4777     8.4767   3.587800   3.589217     2.3325 -9.990e-29      98.83 4.9493e-02 0.0000e+00    79.1249    6.01060    34.1493    34.1652    26.5339    1484.09    1477.85 0.0000e+00
       1606     55.000     8.4716     8.4704   3.588125   3.589556     2.3295 -9.990e-29      55.45 4.9483e-02 0.0000e+00    78.9590    6.00557    34.1581    34.1745    26.5418    1484.10    1477.96 0.0000e+00
       1628     56.000     8.4673     8.4657   3.588921   3.590341     2.3269 -9.990e-29      71.82 4.9506e-02 0.0000e+00    78.7937    6.00836    34.1703    34.1869    26.5519    1484.11    1478.07 0.0000e+00
       1650     57.000     8.4878     8.4846   3.592546   3.593956     2.3257 -9.990e-29      98.78 4.9499e-02 0.0000e+00    78.6440    6.00901    34.1883    34.2063    26.5629    1484.23    1478.18 0.0000e+00
       1672     58.000     8.5172     8.5142   3.597696   3.599088     2.3245 -9.990e-29      80.08 4.9490e-02 0.0000e+00    78.5174    6.00374    34.2138    34.2315    26.5784    1484.39    1478.28 0.0000e+00
       1693     59.000     8.5107     8.5133   3.599672   3.601123     2.3238    -0.0254      42.89 4.9505e-02 0.0000e+00    78.4162    6.00653    34.2406    34.2534    26.6004    1484.41    1478.39 0.0000e+00
       1713     60.000     8.4245     8.4279   3.592393   3.593877     2.3235    -0.0299      98.06 4.9495e-02 0.0000e+00    78.3300    6.00671    34.2467    34.2591    26.6185    1484.11    1478.48 0.0000e+00
       1734     61.000     8.4117     8.4113   3.591525   3.592989     2.3210    -0.0556      98.81 4.9485e-02 0.0000e+00    78.2189    5.98393    34.2495    34.2654    26.6226    1484.09    1478.57 0.0000e+00
       1755     62.000     8.3648     8.3759   3.586680   3.589112     2.3179    -0.0359      37.01 4.9479e-02 0.0000e+00    78.1243    5.98952    34.2432    34.2582    26.6248    1483.92    1478.66 0.0000e+00
       1776     63.000     8.2937     8.3003   3.579102   3.580783     2.3164    -0.0282      90.43 4.9496e-02 0.0000e+00    78.0407    6.00645    34.2314    34.2428    26.6264    1483.66    1478.74 0.0000e+00
       1799     64.000     8.2601     8.2568   3.575657   3.576688     2.3152    -0.0244      98.85 4.9499e-02 0.0000e+00    77.9616    6.01542    34.2270    34.2411    26.6280    1483.54    1478.81 0.0000e+00
       1823     65.000     8.1611     8.1608   3.566343   3.567321     2.3148 -9.990e-29      48.04 4.9472e-02 0.0000e+00    77.9088    6.04336    34.2237    34.2344    26.6404    1483.18    1478.88 0.0000e+00
       1848     66.000     8.0315     8.0395   3.554337   3.555834     2.3160 -9.990e-29      84.20 4.9484e-02 0.0000e+00    77.8230    6.07911    34.2214    34.2296    26.6580    1482.71    1478.94 0.0000e+00
       1872     67.000     7.8643     7.8671   3.538110   3.538779     2.3179 -9.990e-29      98.78 4.9475e-02 0.0000e+00    77.7568    6.11115    34.2105    34.2149    26.6741    1482.08    1478.98 0.0000e+00
       1894     68.000     7.7800     7.7767   3.532908   3.534749     2.3193     0.0027      52.38 4.9485e-02 0.0000e+00    77.6943    6.13713    34.2367    34.2598    26.7071    1481.80    1479.03 0.0000e+00
       1915     69.000     7.8594     7.8596   3.543835   3.545295     2.3222     0.0320      68.40 4.9465e-02 0.0000e+00    77.6485    6.17481    34.2759    34.2914    26.7262    1482.17    1479.07 0.0000e+00
       1936     70.000     7.7910     7.7977   3.538002   3.539481     2.3301     0.0137      76.98 4.9472e-02 0.0000e+00    77.6237    6.25337    34.2798    34.2892    26.7393    1481.93    1479.11 0.0000e+00
       1957     71.000     7.7206     7.7179   3.533994   3.535100     2.3388     0.0155      63.67 4.9498e-02 0.0000e+00    77.6289    6.27643    34.3054    34.3200    26.7697    1481.71    1479.15 0.0000e+00
       1978     72.000     7.7629     7.7589   3.540507   3.541715     2.3444     0.0355      98.28 4.9479e-02 0.0000e+00    77.6168    6.25961    34.3335    34.3505    26.7856    1481.93    1479.19 0.0000e+00
       1999     73.000     7.7354     7.7321   3.538966   3.539953     2.3493     0.0344      26.25 4.9477e-02 0.0000e+00    77.6560    6.28597    34.3435    34.3574    26.7975    1481.85    1479.22 0.0000e+00
       2021     74.000     7.7692     7.7626   3.545102   3.546000     2.3553     0.0358      98.65 4.9477e-02 0.0000e+00    77.7103    6.28647    34.3759    34.3921    26.8180    1482.03    1479.26 0.0000e+00
       2045     75.000     7.8570     7.8541   3.556474   3.558223     2.3590     0.0090      34.06 4.9467e-02 0.0000e+00    77.7636    6.27346    34.4113    34.4330    26.8330    1482.43    1479.30 0.0000e+00
       2069     76.000     7.9148     7.9124   3.563648   3.565236     2.3630     0.0053      98.24 4.9479e-02 0.0000e+00    77.8985    6.27241    34.4310    34.4505    26.8399    1482.69    1479.35 0.0000e+00
       2093     77.000     7.9656     7.9613   3.570646   3.571786     2.3657     0.0030      98.82 4.9463e-02 0.0000e+00    78.0195    6.25284    34.4557    34.4722    26.8517    1482.93    1479.39 0.0000e+00
       2116     78.000     7.9708     7.9675   3.572023   3.573149     2.3659 -9.990e-29      98.81 4.9502e-02 0.0000e+00    78.1207    6.22231    34.4648    34.4802    26.8582    1482.98    1479.44 0.0000e+00
