_data/ctd/2022603/sta0214.cnv
* Sea-Bird SBE 9 Data File:
* FileName = C:\Seabird\CTDData\sta0214.hex
* Software Version Seasave V 7.21f
* Temperature SN = 6264
* Conductivity SN = 4928
* Number of Bytes Per Scan = 40
* Number of Voltage Words = 5
* Number of Scans Averaged by the Deck Unit = 1
* NMEA Latitude = 61 28.34 N
* NMEA Longitude = 005 26.13 E
* NMEA UTC (Time) = Feb 16 2022 05:49:16
* NMEA baud rate = 4800
** Ship: R/V "Kristine Bonnevie"
** Station: 0214
** Echodepth: 254
** Log: 0931.208
** Wind-Dir/Force: 16 11
** Air-temp (dry): 3.3
** Weather Sky:
** Sea:
** FOFJ07
# nquan = 19                                
# nvalues = 249                         
# units = specified
# name 0 = scan: Scan Count
# name 1 = prDM: Pressure, Digiquartz [db]
# name 2 = t068C: Temperature [ITS-68, deg C]
# name 3 = t168C: Temperature, 2 [ITS-68, deg C]
# name 4 = c0S/m: Conductivity [S/m]
# name 5 = c1S/m: Conductivity, 2 [S/m]
# name 6 = sbeox0V: Oxygen raw, SBE 43 [V]
# name 7 = flECO-AFL: Fluorescence, WET Labs ECO-AFL/FL [mg/m^3]
# name 8 = altM: Altimeter [m]
# name 9 = par: PAR/Irradiance, Biospherical/Licor
# name 10 = spar: SPAR/Surface Irradiance
# name 11 = CStarTr0: Beam Transmission, WET Labs C-Star [%]
# name 12 = sbeox0ML/L: Oxygen, SBE 43 [ml/l], WS = 2
# name 13 = sal00: Salinity, Practical [PSU]
# name 14 = sal11: Salinity, Practical, 2 [PSU]
# name 15 = sigma-t00: Density [sigma-t, Kg/m^3 ]
# name 16 = svCM: Sound Velocity [Chen-Millero, m/s]
# name 17 = avgsvCM: Average Sound Velocity [Chen-Millero, m/s], minP = 1, minS = 5
# name 18 = flag: flag
# span 0 =        392,       6422       
# span 1 =      2.000,    250.000       
# span 2 =     6.9242,     9.1828       
# span 3 =     6.9359,     9.1810       
# span 4 =   3.098227,   3.662766       
# span 5 =   3.107082,   3.664255       
# span 6 =     2.0136,     2.4207       
# span 7 =    -0.1048,     0.1168       
# span 8 =       4.95,     100.07       
# span 9 = 4.9445e-02, 4.9744e-01       
# span 10 = 0.0000e+00, 0.0000e+00      
# span 11 =    79.3479,    81.1847      
# span 12 =    5.14468,    6.69895      
# span 13 =    30.3681,    34.9998      
# span 14 =    30.4537,    35.0169      
# span 15 =    23.7821,    27.2745      
# span 16 =    1472.60,    1486.75      
# span 17 =    1472.60,    1485.60      
# span 18 = 0.0000e+00, 0.0000e+00      
# interval = decibars: 1                
# start_time = Feb 16 2022 05:49:19 [System UTC, header]
# bad_flag = -9.990e-29
*END*
[from data line 229]
       5682    231.000     8.0317     8.0302   3.631843   3.633279     2.0267    -0.0614      23.89 4.9471e-02 0.0000e+00    80.4107    5.17525    34.9723    34.9892    27.2477    1486.35    1485.53 0.0000e+00
       5705    232.000     8.0301     8.0288   3.631840   3.633287     2.0258    -0.0677      22.90 4.9475e-02 0.0000e+00    80.4126    5.17376    34.9734    34.9902    27.2488    1486.36    1485.53 0.0000e+00
       5728    233.000     8.0278     8.0265   3.631903   3.633332     2.0257    -0.0656      21.94 4.9499e-02 0.0000e+00    80.3994    5.17559    34.9759    34.9925    27.2511    1486.37    1485.54 0.0000e+00
       5751    234.000     8.0248     8.0234   3.631907   3.633349     2.0249    -0.0669      20.96 4.9475e-02 0.0000e+00    80.4425    5.17023    34.9785    34.9953    27.2535    1486.38    1485.54 0.0000e+00
       5774    235.000     8.0224     8.0212   3.631889   3.633339     2.0243    -0.0642      19.97 4.9487e-02 0.0000e+00    80.4418    5.17101    34.9802    34.9969    27.2553    1486.39    1485.54 0.0000e+00
       5797    236.000     8.0190     8.0177   3.631886   3.633321     2.0238    -0.0634      18.97 4.9480e-02 0.0000e+00    80.4243    5.17117    34.9831    34.9998    27.2580    1486.40    1485.55 0.0000e+00
       5821    237.000     8.0176     8.0161   3.631895   3.633326     2.0234    -0.0649      17.97 4.9487e-02 0.0000e+00    80.4311    5.17059    34.9841    35.0009    27.2590    1486.41    1485.55 0.0000e+00
       5844    238.000     8.0158     8.0143   3.631848   3.633295     2.0228    -0.0587      16.97 4.9481e-02 0.0000e+00    80.4296    5.16739    34.9849    35.0019    27.2599    1486.42    1485.56 0.0000e+00
       5867    239.000     8.0137     8.0123   3.631805   3.633250     2.0221    -0.0650      15.99 4.9463e-02 0.0000e+00    80.3796    5.16439    34.9860    35.0029    27.2612    1486.43    1485.56 0.0000e+00
       5890    240.000     8.0127     8.0111   3.631863   3.633306     2.0212    -0.0650      15.04 4.9451e-02 0.0000e+00    80.3399    5.16391    34.9872    35.0043    27.2622    1486.45    1485.56 0.0000e+00
       5914    241.000     8.0081     8.0070   3.631781   3.633228     2.0208    -0.0644      14.04 4.9484e-02 0.0000e+00    80.3169    5.16987    34.9904    35.0070    27.2654    1486.45    1485.57 0.0000e+00
       5952    242.000     8.0073     8.0061   3.631793   3.633240     2.0207    -0.0605      12.96 4.9489e-02 0.0000e+00    80.3077    5.16908    34.9908    35.0076    27.2659    1486.46    1485.57 0.0000e+00
       6101    243.000     8.0196     8.0178   3.632250   3.633680     2.0205    -0.0595      11.52 4.9476e-02 0.0000e+00    80.3615    5.17063    34.9830    35.0001    27.2579    1486.52    1485.57 0.0000e+00
       6183    244.000     8.0083     8.0047   3.631964   3.633336     2.0201 -9.990e-29      10.56 4.9498e-02 0.0000e+00    80.3428    5.16737    34.9907    35.0090    27.2656    1486.50    1485.58 0.0000e+00
       6231    245.000     8.0028     8.0011   3.631891   3.633334     2.0193 -9.990e-29       9.66 4.9493e-02 0.0000e+00    80.2840    5.16426    34.9949    35.0121    27.2698    1486.50    1485.58 0.0000e+00
       6273    246.000     7.9987     7.9973   3.631841   3.633292     2.0181 -9.990e-29       8.72 4.9484e-02 0.0000e+00    80.1149    5.15365    34.9980    35.0150    27.2728    1486.50    1485.59 0.0000e+00
       6311    247.000     7.9974     7.9959   3.631855   3.633296     2.0163 -9.990e-29       7.78 4.9495e-02 0.0000e+00    79.9762    5.15222    34.9990    35.0159    27.2738    1486.52    1485.59 0.0000e+00
       6348    248.000     7.9970     7.9955   3.631891   3.633344     2.0153 -9.990e-29       6.85 4.9492e-02 0.0000e+00    79.8830    5.15167    34.9993    35.0164    27.2741    1486.53    1485.59 0.0000e+00
       6385    249.000     7.9969     7.9954   3.631951   3.633395     2.0147 -9.990e-29       5.89 4.9473e-02 0.0000e+00    79.8104    5.15143    34.9995    35.0165    27.2743    1486.55    1485.60 0.0000e+00
       6422    250.000     7.9967     7.9951   3.631999   3.633442     2.0136 -9.990e-29       4.95 4.9474e-02 0.0000e+00    79.7800    5.14468    34.9998    35.0169    27.2745    1486.57    1485.60 0.0000e+00
