_data/ctd/2022603/sta0175.cnv
* Sea-Bird SBE 9 Data File:
* FileName = C:\Seabird\CTDData\sta0175.hex
* Software Version Seasave V 7.21f
* Temperature SN = 6264
* Conductivity SN = 4928
* Number of Bytes Per Scan = 40
* Number of Voltage Words = 5
* Number of Scans Averaged by the Deck Unit = 1
* NMEA Latitude = 60 46.47 N
* NMEA Longitude = 005 12.05 E
* NMEA UTC (Time) = Feb 13 2022 02:01:18
* NMEA baud rate = 4800
** Ship: R/V "Kristine Bonnevie"
** Station: 0175
** Echodepth: 469
** Log: 0469.55
** Wind-Dir/Force: 19 19
** Air-temp (dry): 7.4
** Weather Sky:
** Sea:
# nquan = 19                                
# nvalues = 484                         
# units = specified
# name 0 = scan: Scan Count
# name 1 = prDM: Pressure, Digiquartz [db]
# name 2 = t068C: Temperature [ITS-68, deg C]
# name 3 = t168C: Temperature, 2 [ITS-68, deg C]
# name 4 = c0S/m: Conductivity [S/m]
# name 5 = c1S/m: Conductivity, 2 [S/m]
# name 6 = sbeox0V: Oxygen raw, SBE 43 [V]
# name 7 = flECO-AFL: Fluorescence, WET Labs ECO-AFL/FL [mg/m^3]
# name 8 = altM: Altimeter [m]
# name 9 = par: PAR/Irradiance, Biospherical/Licor
# name 10 = spar: SPAR/Surface Irradiance
# name 11 = CStarTr0: Beam Transmission, WET Labs C-Star [%]
# name 12 = sbeox0ML/L: Oxygen, SBE 43 [ml/l], WS = 2
# name 13 = sal00: Salinity, Practical [PSU]
# name 14 = sal11: Salinity, Practical, 2 [PSU]
# name 15 = sigma-t00: Density [sigma-t, Kg/m^3 ]
# name 16 = svCM: Sound Velocity [Chen-Millero, m/s]
# name 17 = avgsvCM: Average Sound Velocity [Chen-Millero, m/s], minP = 1, minS = 5
# name 18 = flag: flag
# span 0 =        140,      13124       
# span 1 =      2.000,    485.000       
# span 2 =     6.4263,     8.7384       
# span 3 =     6.4235,     8.7413       
# span 4 =   3.050650,   3.667144       
# span 5 =   3.050782,   3.668582       
# span 6 =     2.0529,     2.4482       
# span 7 =    -0.0969,     0.2772       
# span 8 =       7.50,      99.79       
# span 9 = 4.9418e-02, 6.3056e-01       
# span 10 = 0.0000e+00, 0.0000e+00      
# span 11 =    80.1202,    81.7777      
# span 12 =    5.19142,    6.83213      
# span 13 =    30.2901,    35.0819      
# span 14 =    30.2940,    35.0980      
# span 15 =    23.7826,    27.3692      
# span 16 =    1470.53,    1489.78      
# span 17 =    1470.53,    1486.62      
# span 18 = 0.0000e+00, 0.0000e+00      
# interval = decibars: 1                
# start_time = Feb 13 2022 02:01:20 [System UTC, header]
# bad_flag = -9.990e-29
*END*
[from data line 229]
       5472    231.000     8.3630     8.3615   3.666922   3.668357     2.1086    -0.0720      60.57 4.9487e-02 0.0000e+00    81.7300    5.44992    35.0172    35.0340    27.2324    1487.65    1484.38 0.0000e+00
       5495    232.000     8.3641     8.3630   3.667144   3.668582     2.1123    -0.0656      85.76 4.9462e-02 0.0000e+00    81.7220    5.49155    35.0180    35.0344    27.2329    1487.67    1484.40 0.0000e+00
       5519    233.000     8.3615     8.3603   3.666937   3.668340     2.1200    -0.0791      98.53 4.9487e-02 0.0000e+00    81.7147    5.55002    35.0179    35.0340    27.2332    1487.68    1484.41 0.0000e+00
       5542    234.000     8.3544     8.3533   3.666261   3.667677     2.1290    -0.0838      54.03 4.9463e-02 0.0000e+00    81.6948    5.58817    35.0173    35.0335    27.2338    1487.67    1484.43 0.0000e+00
       5565    235.000     8.3480     8.3461   3.665646   3.666969     2.1378    -0.0648      66.48 4.9475e-02 0.0000e+00    81.6751    5.60597    35.0166    35.0326    27.2343    1487.66    1484.44 0.0000e+00
       5588    236.000     8.3365     8.3354   3.664508   3.665887     2.1442    -0.0641      61.39 4.9494e-02 0.0000e+00    81.6608    5.60411    35.0155    35.0312    27.2351    1487.63    1484.45 0.0000e+00
       5611    237.000     8.3349     8.3334   3.664452   3.665850     2.1489    -0.0657      98.87 4.9481e-02 0.0000e+00    81.6399    5.59736    35.0160    35.0324    27.2358    1487.64    1484.47 0.0000e+00
       5634    238.000     8.3341     8.3325   3.664438   3.665806     2.1512    -0.0912      31.42 4.9475e-02 0.0000e+00    81.6554    5.58518    35.0162    35.0323    27.2360    1487.66    1484.48 0.0000e+00
       5657    239.000     8.3347     8.3331   3.664612   3.666013     2.1522    -0.0929      98.30 4.9481e-02 0.0000e+00    81.6725    5.57539    35.0169    35.0334    27.2366    1487.68    1484.49 0.0000e+00
       5680    240.000     8.3315     8.3301   3.664390   3.665762     2.1522    -0.0774      97.84 4.9483e-02 0.0000e+00    81.6767    5.57048    35.0173    35.0333    27.2373    1487.68    1484.51 0.0000e+00
       5702    241.000     8.3276     8.3258   3.664070   3.665386     2.1518    -0.0717      92.46 4.9475e-02 0.0000e+00    81.6904    5.56499    35.0173    35.0331    27.2379    1487.68    1484.52 0.0000e+00
       5725    242.000     8.3304     8.3275   3.664542   3.665797     2.1515    -0.0892      84.12 4.9474e-02 0.0000e+00    81.6757    5.56838    35.0190    35.0353    27.2389    1487.71    1484.53 0.0000e+00
       5749    243.000     8.3205     8.3177   3.663463   3.664648     2.1514    -0.0897      79.94 4.9485e-02 0.0000e+00    81.6580    5.56799    35.0169    35.0323    27.2387    1487.69    1484.55 0.0000e+00
       5773    244.000     8.3223     8.3201   3.663819   3.665177     2.1503    -0.0868      95.55 4.9475e-02 0.0000e+00    81.6325    5.55914    35.0184    35.0351    27.2396    1487.71    1484.56 0.0000e+00
       5796    245.000     8.3201     8.3195   3.663572   3.664999     2.1501    -0.0605      72.30 4.9475e-02 0.0000e+00    81.6625    5.56480    35.0175    35.0333    27.2393    1487.72    1484.57 0.0000e+00
       5818    246.000     8.3122     8.3113   3.662805   3.664268     2.1493    -0.0911      52.67 4.9471e-02 0.0000e+00    81.6628    5.55936    35.0167    35.0332    27.2398    1487.71    1484.59 0.0000e+00
       5841    247.000     8.3116     8.3097   3.662871   3.664196     2.1485    -0.0693      67.08 4.9493e-02 0.0000e+00    81.6622    5.55485    35.0175    35.0335    27.2406    1487.72    1484.60 0.0000e+00
       5863    248.000     8.3176     8.3158   3.663768   3.665207     2.1474    -0.0617      61.05 4.9477e-02 0.0000e+00    81.6729    5.54425    35.0206    35.0377    27.2421    1487.76    1484.61 0.0000e+00
       5886    249.000     8.3260     8.3244   3.664810   3.666194     2.1453    -0.0630      77.59 4.9487e-02 0.0000e+00    81.6658    5.53269    35.0229    35.0392    27.2426    1487.82    1484.62 0.0000e+00
       5909    250.000     8.3242     8.3227   3.664693   3.666077     2.1438    -0.0696      79.86 4.9471e-02 0.0000e+00    81.6504    5.53984    35.0230    35.0392    27.2429    1487.83    1484.64 0.0000e+00
       5931    251.000     8.3200     8.3187   3.664407   3.665807     2.1436 -9.990e-29      56.74 4.9469e-02 0.0000e+00    81.6308    5.56803    35.0236    35.0398    27.2441    1487.83    1484.65 0.0000e+00
       5954    252.000     8.3223     8.3207   3.664761   3.666155     2.1466 -9.990e-29      76.60 4.9481e-02 0.0000e+00    81.6352    5.59945    35.0246    35.0411    27.2445    1487.85    1484.66 0.0000e+00
       5977    253.000     8.3222     8.3207   3.664819   3.666216     2.1495 -9.990e-29      98.47 4.9469e-02 0.0000e+00    81.6312    5.60057    35.0249    35.0412    27.2447    1487.87    1484.67 0.0000e+00
       5999    254.000     8.3212     8.3197   3.664807   3.666199     2.1517 -9.990e-29      76.70 4.9489e-02 0.0000e+00    81.6214    5.61141    35.0252    35.0416    27.2452    1487.88    1484.69 0.0000e+00
       6023    255.000     8.3213     8.3197   3.664938   3.666333     2.1546 -9.990e-29      96.61 4.9485e-02 0.0000e+00    81.6051    5.61927    35.0261    35.0425    27.2458    1487.90    1484.70 0.0000e+00
       6046    256.000     8.3199     8.3186   3.664901   3.666292     2.1567 -9.990e-29      55.50 4.9487e-02 0.0000e+00    81.6074    5.62005    35.0266    35.0427    27.2464    1487.91    1484.71 0.0000e+00
       6068    257.000     8.3149     8.3136   3.664500   3.665891     2.1580 -9.990e-29      74.94 4.9483e-02 0.0000e+00    81.6181    5.61614    35.0268    35.0429    27.2474    1487.91    1484.72 0.0000e+00
       6091    258.000     8.3149     8.3134   3.664618   3.666013     2.1587    -0.0853      61.13 4.9475e-02 0.0000e+00    81.5974    5.61331    35.0276    35.0439    27.2480    1487.93    1484.74 0.0000e+00
       6114    259.000     8.3145     8.3128   3.664647   3.666032     2.1588    -0.0889      74.28 4.9511e-02 0.0000e+00    81.6145    5.60945    35.0278    35.0442    27.2482    1487.94    1484.75 0.0000e+00
       6136    260.000     8.3147     8.3131   3.664733   3.666115     2.1589    -0.0877      61.20 4.9471e-02 0.0000e+00    81.5895    5.60522    35.0280    35.0444    27.2484    1487.96    1484.76 0.0000e+00
       6158    261.000     8.3155     8.3138   3.664887   3.666285     2.1580    -0.0904      98.04 4.9471e-02 0.0000e+00    81.5981    5.59813    35.0284    35.0450    27.2485    1487.98    1484.77 0.0000e+00
       6180    262.000     8.3154     8.3139   3.665023   3.666400     2.1573    -0.0714      75.36 4.9499e-02 0.0000e+00    81.5995    5.60040    35.0295    35.0456    27.2494    1488.00    1484.79 0.0000e+00
       6202    263.000     8.3139     8.3123   3.664988   3.666385     2.1570    -0.0639      80.90 4.9475e-02 0.0000e+00    81.5399    5.60054    35.0301    35.0466    27.2501    1488.01    1484.80 0.0000e+00
       6225    264.000     8.3136     8.3121   3.665021   3.666417     2.1567 -9.990e-29      80.39 4.9481e-02 0.0000e+00    81.5732    5.61000    35.0303    35.0466    27.2503    1488.03    1484.81 0.0000e+00
       6248    265.000     8.3135     8.3120   3.665063   3.666454     2.1576 -9.990e-29      98.46 4.9481e-02 0.0000e+00    81.5640    5.61909    35.0304    35.0467    27.2504    1488.04    1484.82 0.0000e+00
       6271    266.000     8.3133     8.3120   3.665184   3.666582     2.1583 -9.990e-29      85.42 4.9469e-02 0.0000e+00    81.5637    5.61999    35.0314    35.0475    27.2512    1488.06    1484.83 0.0000e+00
       6293    267.000     8.3125     8.3110   3.665205   3.666588     2.1590    -0.0911      98.62 4.9464e-02 0.0000e+00    81.5794    5.62243    35.0319    35.0481    27.2517    1488.07    1484.85 0.0000e+00
       6316    268.000     8.3121     8.3106   3.665260   3.666647     2.1592    -0.0657      91.30 4.9496e-02 0.0000e+00    81.5773    5.62399    35.0324    35.0487    27.2522    1488.09    1484.86 0.0000e+00
       6338    269.000     8.3100     8.3089   3.665090   3.666503     2.1602    -0.0647      98.78 4.9469e-02 0.0000e+00    81.5795    5.62570    35.0322    35.0484    27.2524    1488.10    1484.87 0.0000e+00
       6361    270.000     8.2997     8.2988   3.664094   3.665490     2.1600    -0.0652      75.52 4.9487e-02 0.0000e+00    81.5627    5.62187    35.0314    35.0471    27.2533    1488.07    1484.88 0.0000e+00
       6384    271.000     8.2980     8.2963   3.663962   3.665333     2.1597    -0.0627      84.99 4.9475e-02 0.0000e+00    81.5739    5.61068    35.0312    35.0475    27.2534    1488.08    1484.89 0.0000e+00
       6407    272.000     8.2941     8.2933   3.663591   3.665029     2.1581    -0.0660      66.69 4.9462e-02 0.0000e+00    81.5666    5.59901    35.0306    35.0467    27.2535    1488.08    1484.91 0.0000e+00
       6431    273.000     8.2915     8.2899   3.663384   3.664753     2.1563    -0.0692      60.18 4.9490e-02 0.0000e+00    81.5968    5.59303    35.0305    35.0467    27.2539    1488.09    1484.92 0.0000e+00
       6453    274.000     8.2808     8.2797   3.662306   3.663598     2.1545    -0.0933      99.10 4.9463e-02 0.0000e+00    81.5791    5.58534    35.0292    35.0441    27.2545    1488.07    1484.93 0.0000e+00
       6476    275.000     8.2697     8.2685   3.661166   3.662575     2.1522    -0.0956      71.94 4.9463e-02 0.0000e+00    81.5940    5.57918    35.0276    35.0438    27.2549    1488.04    1484.94 0.0000e+00
       6499    276.000     8.2568     8.2560   3.659884   3.661247     2.1501    -0.0889      99.22 4.9469e-02 0.0000e+00    81.5932    5.56731    35.0263    35.0416    27.2559    1488.00    1484.95 0.0000e+00
       6522    277.000     8.2514     8.2499   3.659443   3.660813     2.1467    -0.0903      73.83 4.9481e-02 0.0000e+00    81.5943    5.54653    35.0265    35.0426    27.2569    1488.00    1484.96 0.0000e+00
       6544    278.000     8.2489     8.2473   3.659428   3.660805     2.1428    -0.0715      98.72 4.9483e-02 0.0000e+00    81.6370    5.52738    35.0283    35.0446    27.2587    1488.01    1484.97 0.0000e+00
       6567    279.000     8.2520     8.2504   3.659942   3.661327     2.1386    -0.0780      61.53 4.9475e-02 0.0000e+00    81.6045    5.51495    35.0303    35.0466    27.2597    1488.04    1484.98 0.0000e+00
       6591    280.000     8.2535     8.2518   3.660230   3.661605     2.1343    -0.0860      90.40 4.9468e-02 0.0000e+00    81.5959    5.50436    35.0314    35.0477    27.2604    1488.06    1485.00 0.0000e+00
       6615    281.000     8.2550     8.2535   3.660500   3.661894     2.1309 -9.990e-29      66.54 4.9472e-02 0.0000e+00    81.6379    5.50446    35.0323    35.0486    27.2608    1488.09    1485.01 0.0000e+00
       6639    282.000     8.2557     8.2541   3.660682   3.662053     2.1281 -9.990e-29      67.08 4.9497e-02 0.0000e+00    81.6283    5.50954    35.0330    35.0492    27.2613    1488.11    1485.02 0.0000e+00
       6662    283.000     8.2572     8.2557   3.660971   3.662378     2.1274 -9.990e-29      98.58 4.9477e-02 0.0000e+00    81.6340    5.51707    35.0341    35.0506    27.2620    1488.13    1485.03 0.0000e+00
       6685    284.000     8.2644     8.2622   3.661897   3.663262     2.1261 -9.990e-29      56.49 4.9463e-02 0.0000e+00    81.6138    5.51600    35.0364    35.0531    27.2626    1488.18    1485.04 0.0000e+00
       6708    285.000     8.2710     8.2693   3.662745   3.664126     2.1264    -0.0643      96.44 4.9469e-02 0.0000e+00    81.6069    5.52855    35.0384    35.0548    27.2632    1488.22    1485.05 0.0000e+00
       6731    286.000     8.2694     8.2676   3.662628   3.663968     2.1270    -0.0835      43.11 4.9487e-02 0.0000e+00    81.5939    5.53960    35.0382    35.0543    27.2633    1488.23    1485.06 0.0000e+00
       6754    287.000     8.2673     8.2660   3.662419   3.663841     2.1287    -0.0953      71.22 4.9481e-02 0.0000e+00    81.5797    5.56167    35.0376    35.0541    27.2631    1488.24    1485.07 0.0000e+00
       6776    288.000     8.2590     8.2585   3.661596   3.663026     2.1314    -0.0831      43.81 4.9477e-02 0.0000e+00    81.5691    5.57363    35.0366    35.0524    27.2636    1488.22    1485.08 0.0000e+00
       6800    289.000     8.2520     8.2507   3.660962   3.662353     2.1337    -0.0794      73.23 4.9485e-02 0.0000e+00    81.5775    5.57580    35.0363    35.0525    27.2645    1488.21    1485.09 0.0000e+00
       6823    290.000     8.2528     8.2512   3.661151   3.662539     2.1353    -0.0947      57.36 4.9468e-02 0.0000e+00    81.5829    5.57447    35.0371    35.0535    27.2650    1488.23    1485.10 0.0000e+00
       6847    291.000     8.2568     8.2554   3.661693   3.663100     2.1360    -0.0915      98.10 4.9485e-02 0.0000e+00    81.5856    5.56076    35.0384    35.0548    27.2654    1488.27    1485.12 0.0000e+00
       6871    292.000     8.2543     8.2529   3.661496   3.662881     2.1353    -0.0965      98.13 4.9468e-02 0.0000e+00    81.5529    5.55514    35.0383    35.0545    27.2657    1488.27    1485.13 0.0000e+00
       6895    293.000     8.2529     8.2517   3.661402   3.662806     2.1351    -0.0915      37.13 4.9475e-02 0.0000e+00    81.5610    5.55866    35.0382    35.0544    27.2658    1488.29    1485.14 0.0000e+00
       6918    294.000     8.2488     8.2473   3.661089   3.662468     2.1349    -0.0880      91.13 4.9494e-02 0.0000e+00    81.5649    5.55850    35.0385    35.0547    27.2667    1488.29    1485.15 0.0000e+00
       6942    295.000     8.2484     8.2469   3.661130   3.662526     2.1346    -0.0693      34.68 4.9479e-02 0.0000e+00    81.4977    5.56228    35.0388    35.0552    27.2670    1488.30    1485.16 0.0000e+00
       6965    296.000     8.2440     8.2425   3.660738   3.662116     2.1348    -0.0835      97.93 4.9481e-02 0.0000e+00    81.5404    5.56131    35.0386    35.0548    27.2675    1488.30    1485.17 0.0000e+00
       6988    297.000     8.2431     8.2416   3.660728   3.662103     2.1345    -0.0915      31.76 4.9487e-02 0.0000e+00    81.5329    5.56013    35.0389    35.0550    27.2678    1488.31    1485.18 0.0000e+00
       7011    298.000     8.2396     8.2383   3.660437   3.661823     2.1340    -0.0784      95.58 4.9493e-02 0.0000e+00    81.5477    5.55497    35.0388    35.0549    27.2683    1488.32    1485.19 0.0000e+00
       7034    299.000     8.2313     8.2302   3.659655   3.661029     2.1333    -0.0725      95.96 4.9462e-02 0.0000e+00    81.5497    5.55322    35.0382    35.0540    27.2691    1488.30    1485.20 0.0000e+00
       7058    300.000     8.2250     8.2236   3.659107   3.660476     2.1325    -0.0890      77.23 4.9457e-02 0.0000e+00    81.5017    5.55093    35.0382    35.0542    27.2701    1488.30    1485.21 0.0000e+00
       7081    301.000     8.2227     8.2213   3.658935   3.660328     2.1314    -0.0699      94.40 4.9481e-02 0.0000e+00    81.5477    5.54228    35.0381    35.0544    27.2704    1488.30    1485.22 0.0000e+00
       7105    302.000     8.2212     8.2198   3.658860   3.660246     2.1300    -0.0602      97.68 4.9491e-02 0.0000e+00    81.5541    5.53637    35.0384    35.0545    27.2708    1488.31    1485.23 0.0000e+00
       7128    303.000     8.2216     8.2201   3.658991   3.660364     2.1281    -0.0906      93.81 4.9485e-02 0.0000e+00    81.5634    5.52817    35.0389    35.0550    27.2711    1488.33    1485.24 0.0000e+00
       7152    304.000     8.2211     8.2198   3.659003   3.660400     2.1263    -0.0637      98.84 4.9463e-02 0.0000e+00    81.5522    5.52200    35.0390    35.0552    27.2713    1488.35    1485.25 0.0000e+00
       7176    305.000     8.2200     8.2187   3.658929   3.660308     2.1247    -0.0639      92.75 4.9503e-02 0.0000e+00    81.5551    5.52563    35.0389    35.0549    27.2714    1488.36    1485.26 0.0000e+00
