_data/ctd/2022603/sta0172.cnv
* Sea-Bird SBE 9 Data File:
* FileName = C:\Seabird\CTDData\sta0172.hex
* Software Version Seasave V 7.21f
* Temperature SN = 6264
* Conductivity SN = 4928
* Number of Bytes Per Scan = 40
* Number of Voltage Words = 5
* Number of Scans Averaged by the Deck Unit = 1
* NMEA Latitude = 60 49.54 N
* NMEA Longitude = 005 20.83 E
* NMEA UTC (Time) = Feb 13 2022 00:10:55
* NMEA baud rate = 4800
** Ship: R/V "Kristine Bonnevie"
** Station: 0172
** Echodepth: 298
** Log: 0514.893
** Wind-Dir/Force: 22 14
** Air-temp (dry): 7.4
** Weather Sky:
** Sea:
# nquan = 19                                
# nvalues = 295                         
# units = specified
# name 0 = scan: Scan Count
# name 1 = prDM: Pressure, Digiquartz [db]
# name 2 = t068C: Temperature [ITS-68, deg C]
# name 3 = t168C: Temperature, 2 [ITS-68, deg C]
# name 4 = c0S/m: Conductivity [S/m]
# name 5 = c1S/m: Conductivity, 2 [S/m]
# name 6 = sbeox0V: Oxygen raw, SBE 43 [V]
# name 7 = flECO-AFL: Fluorescence, WET Labs ECO-AFL/FL [mg/m^3]
# name 8 = altM: Altimeter [m]
# name 9 = par: PAR/Irradiance, Biospherical/Licor
# name 10 = spar: SPAR/Surface Irradiance
# name 11 = CStarTr0: Beam Transmission, WET Labs C-Star [%]
# name 12 = sbeox0ML/L: Oxygen, SBE 43 [ml/l], WS = 2
# name 13 = sal00: Salinity, Practical [PSU]
# name 14 = sal11: Salinity, Practical, 2 [PSU]
# name 15 = sigma-t00: Density [sigma-t, Kg/m^3 ]
# name 16 = svCM: Sound Velocity [Chen-Millero, m/s]
# name 17 = avgsvCM: Average Sound Velocity [Chen-Millero, m/s], minP = 1, minS = 5
# name 18 = flag: flag
# span 0 =        202,       6053       
# span 1 =      1.000,    295.000       
# span 2 =     3.2067,     9.1268       
# span 3 =     3.1773,     9.1227       
# span 4 =   1.409406,   3.670856       
# span 5 =   1.384914,   3.672307       
# span 6 =     1.6555,     2.5806       
# span 7 =    -0.0932,     0.3207       
# span 8 =       5.16,      99.62       
# span 9 = 4.9446e-02, 8.3974e-01       
# span 10 = 0.0000e+00, 0.0000e+00      
# span 11 =    36.0802,    81.6528      
# span 12 =    3.90970,    8.56521      
# span 13 =    14.3536,    34.9488      
# span 14 =    14.0964,    34.9646      
# span 15 =    11.4323,    27.1841      
# span 16 =    1436.64,    1488.49      
# span 17 =    1436.64,    1485.71      
# span 18 = 0.0000e+00, 0.0000e+00      
# interval = decibars: 1                
# start_time = Feb 13 2022 00:10:57 [System UTC, header]
# bad_flag = -9.990e-29
*END*
[from data line 153]
       3272    154.000     8.3236     8.3219   3.652151   3.653471     1.6989    -0.0558      64.09 4.9487e-02 0.0000e+00    81.5910    3.99507    34.9361    34.9518    27.1748    1486.14    1484.24 0.0000e+00
       3291    155.000     8.3232     8.3216   3.652201   3.653526     1.6977    -0.0558      66.60 4.9498e-02 0.0000e+00    81.5885    3.98828    34.9365    34.9522    27.1752    1486.15    1484.26 0.0000e+00
       3310    156.000     8.3231     8.3213   3.652249   3.653581     1.6967    -0.0623      63.79 4.9495e-02 0.0000e+00    81.5884    3.99143    34.9367    34.9526    27.1754    1486.17    1484.27 0.0000e+00
       3330    157.000     8.3229     8.3212   3.652303   3.653627     1.6965    -0.0680      85.83 4.9490e-02 0.0000e+00    81.5769    3.99247    34.9370    34.9528    27.1756    1486.18    1484.28 0.0000e+00
       3349    158.000     8.3227     8.3209   3.652363   3.653698     1.6958    -0.0559      50.19 4.9490e-02 0.0000e+00    81.5562    3.98810    34.9373    34.9533    27.1759    1486.20    1484.29 0.0000e+00
       3369    159.000     8.3227     8.3209   3.652429   3.653754     1.6951    -0.0547      98.79 4.9502e-02 0.0000e+00    81.5585    3.98613    34.9375    34.9534    27.1761    1486.22    1484.30 0.0000e+00
       3388    160.000     8.3227     8.3210   3.652497   3.653829     1.6943    -0.0666      75.88 4.9476e-02 0.0000e+00    81.5383    3.98574    34.9378    34.9537    27.1763    1486.23    1484.32 0.0000e+00
       3407    161.000     8.3228     8.3210   3.652554   3.653886     1.6939    -0.0573      98.81 4.9481e-02 0.0000e+00    81.5358    3.98679    34.9378    34.9538    27.1763    1486.25    1484.33 0.0000e+00
       3427    162.000     8.3227     8.3210   3.652597   3.653942     1.6934    -0.0558      70.54 4.9520e-02 0.0000e+00    81.5283    3.98437    34.9379    34.9539    27.1764    1486.27    1484.34 0.0000e+00
       3447    163.000     8.3227     8.3209   3.652658   3.653990     1.6930    -0.0558      69.63 4.9515e-02 0.0000e+00    81.5162    3.98200    34.9380    34.9540    27.1765    1486.28    1484.35 0.0000e+00
       3466    164.000     8.3228     8.3210   3.652727   3.654062     1.6921    -0.0558      47.96 4.9505e-02 0.0000e+00    81.5235    3.97735    34.9382    34.9542    27.1766    1486.30    1484.36 0.0000e+00
       3486    165.000     8.3226     8.3209   3.652777   3.654112     1.6912    -0.0558      97.83 4.9488e-02 0.0000e+00    81.5084    3.97561    34.9385    34.9544    27.1768    1486.32    1484.38 0.0000e+00
       3505    166.000     8.3227     8.3209   3.652840   3.654180     1.6906    -0.0632      53.52 4.9498e-02 0.0000e+00    81.5046    3.97829    34.9385    34.9546    27.1769    1486.33    1484.39 0.0000e+00
       3525    167.000     8.3227     8.3209   3.652893   3.654229     1.6903    -0.0659      98.79 4.9502e-02 0.0000e+00    81.4825    3.97664    34.9386    34.9546    27.1770    1486.35    1484.40 0.0000e+00
       3544    168.000     8.3226     8.3209   3.652941   3.654276     1.6897    -0.0654      65.26 4.9495e-02 0.0000e+00    81.5162    3.97606    34.9388    34.9547    27.1771    1486.37    1484.41 0.0000e+00
       3564    169.000     8.3220     8.3204   3.652998   3.654332     1.6891    -0.0554      98.50 4.9534e-02 0.0000e+00    81.5119    3.97387    34.9395    34.9553    27.1777    1486.38    1484.42 0.0000e+00
       3584    170.000     8.3217     8.3199   3.653060   3.654392     1.6887    -0.0629      76.98 4.9522e-02 0.0000e+00    81.5075    3.97233    34.9400    34.9559    27.1782    1486.40    1484.43 0.0000e+00
       3604    171.000     8.3215     8.3198   3.653130   3.654458     1.6881    -0.0639      72.89 4.9501e-02 0.0000e+00    81.5020    3.97325    34.9404    34.9563    27.1785    1486.41    1484.45 0.0000e+00
       3624    172.000     8.3215     8.3197   3.653190   3.654514     1.6878    -0.0712      43.64 4.9516e-02 0.0000e+00    81.4636    3.97265    34.9406    34.9565    27.1787    1486.43    1484.46 0.0000e+00
       3643    173.000     8.3214     8.3197   3.653242   3.654575     1.6872    -0.0669      55.96 4.9502e-02 0.0000e+00    81.4622    3.97328    34.9407    34.9566    27.1788    1486.45    1484.47 0.0000e+00
       3663    174.000     8.3215     8.3198   3.653299   3.654626     1.6873    -0.0601      54.08 4.9498e-02 0.0000e+00    81.4266    3.97673    34.9408    34.9566    27.1788    1486.46    1484.48 0.0000e+00
       3682    175.000     8.3216     8.3200   3.653356   3.654687     1.6871    -0.0513      98.78 4.9481e-02 0.0000e+00    81.4295    3.97229    34.9408    34.9566    27.1788    1486.48    1484.49 0.0000e+00
       3702    176.000     8.3218     8.3201   3.653407   3.654742     1.6867    -0.0558      69.66 4.9483e-02 0.0000e+00    81.4130    3.97667    34.9407    34.9566    27.1787    1486.50    1484.50 0.0000e+00
       3722    177.000     8.3217     8.3200   3.653475   3.654814     1.6870    -0.0558      96.49 4.9516e-02 0.0000e+00    81.4221    3.98022    34.9410    34.9570    27.1790    1486.51    1484.51 0.0000e+00
       3741    178.000     8.3218     8.3201   3.653552   3.654882     1.6871    -0.0558      80.02 4.9495e-02 0.0000e+00    81.4120    3.97773    34.9413    34.9571    27.1792    1486.53    1484.53 0.0000e+00
       3761    179.000     8.3218     8.3201   3.653624   3.654954     1.6868    -0.0558      73.41 4.9476e-02 0.0000e+00    81.4014    3.97666    34.9415    34.9574    27.1794    1486.55    1484.54 0.0000e+00
       3781    180.000     8.3219     8.3202   3.653691   3.655012     1.6869    -0.0558      99.02 4.9502e-02 0.0000e+00    81.3993    3.97504    34.9417    34.9574    27.1795    1486.56    1484.55 0.0000e+00
       3800    181.000     8.3219     8.3203   3.653739   3.655069     1.6862    -0.0606      72.41 4.9481e-02 0.0000e+00    81.3913    3.97222    34.9417    34.9575    27.1795    1486.58    1484.56 0.0000e+00
       3820    182.000     8.3220     8.3203   3.653791   3.655127     1.6861    -0.0664      52.25 4.9488e-02 0.0000e+00    81.3955    3.97319    34.9417    34.9576    27.1795    1486.60    1484.57 0.0000e+00
       3840    183.000     8.3221     8.3204   3.653854   3.655192     1.6858    -0.0651      64.39 4.9512e-02 0.0000e+00    81.4030    3.97469    34.9418    34.9577    27.1795    1486.61    1484.58 0.0000e+00
       3860    184.000     8.3221     8.3205   3.653905   3.655245     1.6857    -0.0684      86.02 4.9487e-02 0.0000e+00    81.3922    3.97254    34.9418    34.9577    27.1796    1486.63    1484.59 0.0000e+00
       3880    185.000     8.3220     8.3202   3.653973   3.655304     1.6849    -0.0701      53.67 4.9488e-02 0.0000e+00    81.4163    3.96735    34.9422    34.9581    27.1798    1486.65    1484.60 0.0000e+00
       3900    186.000     8.3220     8.3203   3.654034   3.655357     1.6846    -0.0717      82.41 4.9502e-02 0.0000e+00    81.3963    3.97061    34.9423    34.9581    27.1800    1486.66    1484.62 0.0000e+00
       3920    187.000     8.3220     8.3204   3.654082   3.655411     1.6844    -0.0698      76.52 4.9488e-02 0.0000e+00    81.4056    3.97443    34.9424    34.9581    27.1800    1486.68    1484.63 0.0000e+00
       3940    188.000     8.3220     8.3203   3.654134   3.655475     1.6846    -0.0620      98.85 4.9516e-02 0.0000e+00    81.3686    3.97662    34.9424    34.9584    27.1801    1486.70    1484.64 0.0000e+00
       3960    189.000     8.3221     8.3204   3.654198   3.655527     1.6846    -0.0528      98.78 4.9522e-02 0.0000e+00    81.3995    3.97114    34.9425    34.9584    27.1801    1486.71    1484.65 0.0000e+00
       3980    190.000     8.3223     8.3206   3.654254   3.655582     1.6839    -0.0615      64.06 4.9488e-02 0.0000e+00    81.3689    3.96940    34.9425    34.9583    27.1800    1486.73    1484.66 0.0000e+00
       3999    191.000     8.3223     8.3206   3.654307   3.655638     1.6838    -0.0639      98.60 4.9522e-02 0.0000e+00    81.3803    3.97185    34.9425    34.9584    27.1801    1486.75    1484.67 0.0000e+00
       4019    192.000     8.3222     8.3206   3.654366   3.655699     1.6837    -0.0559      68.89 4.9516e-02 0.0000e+00    81.3706    3.97078    34.9428    34.9586    27.1803    1486.76    1484.68 0.0000e+00
       4039    193.000     8.3223     8.3206   3.654413   3.655743     1.6832    -0.0513      98.21 4.9509e-02 0.0000e+00    81.3851    3.97034    34.9427    34.9586    27.1802    1486.78    1484.69 0.0000e+00
       4059    194.000     8.3223     8.3206   3.654459   3.655794     1.6832    -0.0649      81.53 4.9474e-02 0.0000e+00    81.3585    3.97306    34.9427    34.9586    27.1802    1486.80    1484.70 0.0000e+00
       4079    195.000     8.3224     8.3206   3.654514   3.655849     1.6832    -0.0679      69.60 4.9488e-02 0.0000e+00    81.3862    3.97333    34.9427    34.9587    27.1802    1486.81    1484.71 0.0000e+00
       4099    196.000     8.3224     8.3207   3.654581   3.655908     1.6830    -0.0681      42.21 4.9508e-02 0.0000e+00    81.3615    3.97186    34.9430    34.9588    27.1804    1486.83    1484.72 0.0000e+00
       4119    197.000     8.3225     8.3207   3.654631   3.655961     1.6830    -0.0542      98.03 4.9512e-02 0.0000e+00    81.3461    3.97229    34.9429    34.9589    27.1804    1486.85    1484.74 0.0000e+00
       4139    198.000     8.3225     8.3208   3.654686   3.656024     1.6827    -0.0600      46.67 4.9494e-02 0.0000e+00    81.3535    3.97095    34.9430    34.9590    27.1804    1486.86    1484.75 0.0000e+00
       4159    199.000     8.3226     8.3208   3.654742   3.656085     1.6825    -0.0685      98.79 4.9502e-02 0.0000e+00    81.3226    3.97257    34.9430    34.9591    27.1804    1486.88    1484.76 0.0000e+00
       4179    200.000     8.3226     8.3209   3.654815   3.656138     1.6825    -0.0725      65.35 4.9480e-02 0.0000e+00    81.3339    3.97002    34.9433    34.9591    27.1807    1486.90    1484.77 0.0000e+00
       4199    201.000     8.3227     8.3210   3.654862   3.656201     1.6819    -0.0637      98.47 4.9505e-02 0.0000e+00    81.3179    3.96661    34.9433    34.9592    27.1806    1486.91    1484.78 0.0000e+00
       4219    202.000     8.3226     8.3209   3.654923   3.656257     1.6815    -0.0670      81.79 4.9502e-02 0.0000e+00    81.3262    3.96633    34.9435    34.9594    27.1808    1486.93    1484.79 0.0000e+00
       4239    203.000     8.3227     8.3209   3.654988   3.656320     1.6811    -0.0669      68.13 4.9481e-02 0.0000e+00    81.3350    3.96796    34.9436    34.9596    27.1809    1486.95    1484.80 0.0000e+00
       4259    204.000     8.3227     8.3210   3.655038   3.656369     1.6810    -0.0691      52.94 4.9508e-02 0.0000e+00    81.3384    3.97030    34.9437    34.9596    27.1809    1486.96    1484.81 0.0000e+00
       4279    205.000     8.3227     8.3210   3.655095   3.656436     1.6808    -0.0734      89.73 4.9509e-02 0.0000e+00    81.3313    3.96910    34.9438    34.9598    27.1810    1486.98    1484.82 0.0000e+00
       4300    206.000     8.3226     8.3209   3.655156   3.656498     1.6808    -0.0675      51.89 4.9494e-02 0.0000e+00    81.1932    3.96896    34.9441    34.9601    27.1813    1487.00    1484.83 0.0000e+00
       4320    207.000     8.3225     8.3208   3.655232   3.656558     1.6805    -0.0653      99.62 4.9502e-02 0.0000e+00    81.0547    3.96905    34.9445    34.9603    27.1816    1487.01    1484.84 0.0000e+00
       4340    208.000     8.3224     8.3208   3.655283   3.656610     1.6804    -0.0655      66.06 4.9505e-02 0.0000e+00    81.3417    3.96975    34.9447    34.9604    27.1818    1487.03    1484.85 0.0000e+00
       4361    209.000     8.3224     8.3207   3.655342   3.656677     1.6803    -0.0651      98.93 4.9495e-02 0.0000e+00    81.3317    3.97223    34.9448    34.9607    27.1819    1487.05    1484.86 0.0000e+00
       4381    210.000     8.3224     8.3207   3.655402   3.656733     1.6805    -0.0699      80.62 4.9509e-02 0.0000e+00    81.2796    3.97224    34.9450    34.9609    27.1820    1487.06    1484.87 0.0000e+00
       4401    211.000     8.3224     8.3207   3.655465   3.656793     1.6802    -0.0738      57.51 4.9487e-02 0.0000e+00    81.3018    3.96793    34.9452    34.9610    27.1821    1487.08    1484.88 0.0000e+00
       4421    212.000     8.3225     8.3208   3.655524   3.656852     1.6799    -0.0681      63.20 4.9467e-02 0.0000e+00    81.2825    3.97179    34.9452    34.9611    27.1822    1487.10    1484.89 0.0000e+00
       4440    213.000     8.3226     8.3208   3.655577   3.656905     1.6803    -0.0704      86.29 4.9501e-02 0.0000e+00    81.2712    3.97329    34.9452    34.9611    27.1821    1487.11    1484.90 0.0000e+00
       4460    214.000     8.3226     8.3209   3.655633   3.656963     1.6799    -0.0630      69.93 4.9481e-02 0.0000e+00    81.2420    3.97146    34.9453    34.9612    27.1822    1487.13    1484.91 0.0000e+00
       4480    215.000     8.3227     8.3210   3.655692   3.657021     1.6800    -0.0650      97.86 4.9497e-02 0.0000e+00    81.2298    3.97265    34.9454    34.9612    27.1823    1487.15    1484.92 0.0000e+00
       4500    216.000     8.3228     8.3211   3.655738   3.657074     1.6799    -0.0618      65.39 4.9502e-02 0.0000e+00    81.2265    3.97138    34.9453    34.9612    27.1822    1487.16    1484.94 0.0000e+00
       4520    217.000     8.3228     8.3211   3.655802   3.657136     1.6796    -0.0558      98.97 4.9509e-02 0.0000e+00    81.2093    3.96739    34.9455    34.9614    27.1823    1487.18    1484.95 0.0000e+00
       4540    218.000     8.3228     8.3212   3.655847   3.657191     1.6789    -0.0558      83.63 4.9480e-02 0.0000e+00    81.1921    3.96760    34.9455    34.9614    27.1823    1487.20    1484.96 0.0000e+00
       4560    219.000     8.3229     8.3212   3.655913   3.657247     1.6790    -0.0558      94.19 4.9474e-02 0.0000e+00    81.1874    3.96974    34.9456    34.9615    27.1824    1487.21    1484.97 0.0000e+00
       4580    220.000     8.3230     8.3213   3.655974   3.657300     1.6787    -0.0558      89.29 4.9467e-02 0.0000e+00    81.2052    3.96504    34.9457    34.9615    27.1825    1487.23    1484.98 0.0000e+00
       4599    221.000     8.3230     8.3213   3.656026   3.657353     1.6781    -0.0558      16.21 4.9508e-02 0.0000e+00    81.1778    3.96321    34.9458    34.9616    27.1825    1487.25    1484.99 0.0000e+00
       4619    222.000     8.3230     8.3214   3.656082   3.657413     1.6775 -9.990e-29      62.14 4.9488e-02 0.0000e+00    81.1529    3.96637    34.9459    34.9616    27.1826    1487.26    1485.00 0.0000e+00
       4639    223.000     8.3231     8.3215   3.656136   3.657480     1.6777 -9.990e-29      61.27 4.9481e-02 0.0000e+00    81.1514    3.96898    34.9459    34.9618    27.1826    1487.28    1485.01 0.0000e+00
       4659    224.000     8.3232     8.3214   3.656189   3.657522     1.6774 -9.990e-29      13.05 4.9495e-02 0.0000e+00    81.1263    3.96628    34.9459    34.9618    27.1826    1487.30    1485.02 0.0000e+00
       4680    225.000     8.3232     8.3215   3.656249   3.657586     1.6773 -9.990e-29      43.81 4.9502e-02 0.0000e+00    81.1081    3.96712    34.9460    34.9619    27.1827    1487.31    1485.03 0.0000e+00
       4700    226.000     8.3232     8.3215   3.656304   3.657636     1.6771    -0.0568      97.23 4.9480e-02 0.0000e+00    81.1360    3.96756    34.9461    34.9620    27.1828    1487.33    1485.04 0.0000e+00
       4720    227.000     8.3232     8.3216   3.656359   3.657698     1.6770    -0.0626      39.66 4.9518e-02 0.0000e+00    81.1341    3.96754    34.9462    34.9621    27.1829    1487.35    1485.05 0.0000e+00
       4740    228.000     8.3233     8.3217   3.656422   3.657757     1.6768    -0.0697      98.67 4.9505e-02 0.0000e+00    81.1334    3.96588    34.9463    34.9621    27.1829    1487.36    1485.06 0.0000e+00
