_data/ctd/2022603/sta0217.cnv
* Sea-Bird SBE 9 Data File:
* FileName = C:\Seabird\CTDData\sta0217.hex
* Software Version Seasave V 7.21f
* Temperature SN = 6264
* Conductivity SN = 4928
* Number of Bytes Per Scan = 40
* Number of Voltage Words = 5
* Number of Scans Averaged by the Deck Unit = 1
* NMEA Latitude = 61 29.43 N
* NMEA Longitude = 005 12.84 E
* NMEA UTC (Time) = Feb 16 2022 09:53:17
* NMEA baud rate = 4800
** Ship: R/V "Kristine Bonnevie"
** Station: 0217
** Echodepth: 259
** Log: 0947.872
** Wind-Dir/Force: 11  10
** Air-temp (dry): 4.6
** Weather Sky:
** Sea:
** FOFJ10
# nquan = 19                                
# nvalues = 261                         
# units = specified
# name 0 = scan: Scan Count
# name 1 = prDM: Pressure, Digiquartz [db]
# name 2 = t068C: Temperature [ITS-68, deg C]
# name 3 = t168C: Temperature, 2 [ITS-68, deg C]
# name 4 = c0S/m: Conductivity [S/m]
# name 5 = c1S/m: Conductivity, 2 [S/m]
# name 6 = sbeox0V: Oxygen raw, SBE 43 [V]
# name 7 = flECO-AFL: Fluorescence, WET Labs ECO-AFL/FL [mg/m^3]
# name 8 = altM: Altimeter [m]
# name 9 = par: PAR/Irradiance, Biospherical/Licor
# name 10 = spar: SPAR/Surface Irradiance
# name 11 = CStarTr0: Beam Transmission, WET Labs C-Star [%]
# name 12 = sbeox0ML/L: Oxygen, SBE 43 [ml/l], WS = 2
# name 13 = sal00: Salinity, Practical [PSU]
# name 14 = sal11: Salinity, Practical, 2 [PSU]
# name 15 = sigma-t00: Density [sigma-t, Kg/m^3 ]
# name 16 = svCM: Sound Velocity [Chen-Millero, m/s]
# name 17 = avgsvCM: Average Sound Velocity [Chen-Millero, m/s], minP = 1, minS = 5
# name 18 = flag: flag
# span 0 =        331,       6872       
# span 1 =      2.000,    262.000       
# span 2 =     5.8550,     9.1158       
# span 3 =     5.8573,     9.1139       
# span 4 =   3.024650,   3.661030       
# span 5 =   3.032081,   3.662503       
# span 6 =     2.0067,     2.4928       
# span 7 =    -0.0979,     0.2541       
# span 8 =       8.04,      99.94       
# span 9 = 4.9439e-02, 3.8759e+01       
# span 10 = 9.3936e+01, 9.9933e+01      
# span 11 =    79.1009,    81.0547      
# span 12 =    5.13669,    6.96817      
# span 13 =    30.5141,    35.0053      
# span 14 =    30.5948,    35.0222      
# span 15 =    24.0267,    27.2788      
# span 16 =    1468.53,    1487.01      
# span 17 =    1468.53,    1485.34      
# span 18 = 0.0000e+00, 0.0000e+00      
# interval = decibars: 1                
# start_time = Feb 16 2022 09:53:20 [System UTC, header]
# bad_flag = -9.990e-29
*END*
        331      2.000     5.8550     5.8573   3.024650   3.032081     2.4456     0.2541      98.83 3.8759e+01 9.5847e+01    79.5838    6.96817    30.5141    30.5948    24.0267    1468.53    1468.53 0.0000e+00
        417      3.000     5.8745     5.8741   3.042916   3.047534     2.4468     0.2308      98.82 2.9711e+01 9.3971e+01    79.7903    6.96751    30.6996    30.7514    24.1710    1468.86    1468.64 0.0000e+00
        472      4.000     5.9087     5.9244   3.068672   3.082438     2.4480     0.2500      98.82 2.3442e+01 9.3936e+01    79.8774    6.95719    30.9551    31.0943    24.3688    1469.33    1468.81 0.0000e+00
        510      5.000     5.9188     5.9208   3.090697   3.094119     2.4498     0.2495      98.82 1.8870e+01 9.3937e+01    79.8212    6.96244    31.1911    31.2275    24.5539    1469.69    1468.99 0.0000e+00
        546      6.000     5.9075     5.9089   3.088969   3.095423     2.4514     0.2495      98.82 1.5258e+01 9.3937e+01    79.9351    6.96251    31.1818    31.2525    24.5478    1469.65    1469.10 0.0000e+00
        582      7.000     5.9291     5.9211   3.108800   3.107480     2.4528     0.2495      98.82 1.2499e+01 9.3937e+01    79.9273    6.96252    31.3827    31.3754    24.7040    1470.00    1469.23 0.0000e+00
        617      8.000     5.9600     5.9562   3.139881   3.140849     2.4555     0.2420      98.82 1.0182e+01 9.3937e+01    79.9128    6.96083    31.7006    31.7150    24.9513    1470.54    1469.39 0.0000e+00
        649      9.000     6.2166     6.2052   3.186321   3.189295     2.4580     0.2076      98.83 8.3542e+00 9.3937e+01    79.9027    6.92814    31.9767    32.0205    25.1381    1471.93    1469.67 0.0000e+00
        678     10.000     7.2082     7.1959   3.307844   3.312546     2.4655     0.1742      98.82 7.0226e+00 9.3937e+01    79.9486    6.85527    32.3793    32.4419    25.3271    1476.35    1470.34 0.0000e+00
        707     11.000     7.3743     7.3762   3.332366   3.333815     2.4869     0.0663      98.82 5.9458e+00 9.3937e+01    80.1540    6.93610    32.4887    32.5026    25.3905    1477.14    1470.95 0.0000e+00
        736     12.000     7.4080     7.4038   3.351194   3.353036     2.4928     0.0074      98.82 5.1162e+00 9.3937e+01    80.3621    6.70204    32.6601    32.6840    25.5207    1477.50    1471.50 0.0000e+00
        763     13.000     7.5483     7.5442   3.380724   3.382703     2.4770     0.0120      98.82 4.4913e+00 9.3937e+01    80.0266    6.52984    32.8460    32.8712    25.6472    1478.29    1472.02 0.0000e+00
        789     14.000     7.6912     7.6852   3.406459   3.407776     2.4620     0.0105      98.83 3.9630e+00 9.3937e+01    80.5702    6.48230    32.9873    33.0071    25.7381    1479.03    1472.51 0.0000e+00
        814     15.000     7.8214     7.8148   3.425819   3.427107     2.4518    -0.0075      98.82 3.5472e+00 9.3937e+01    80.5994    6.46220    33.0712    33.0912    25.7854    1479.64    1472.99 0.0000e+00
        838     16.000     7.8226     7.8218   3.431743   3.432994     2.4441    -0.0219      98.82 3.2079e+00 9.3937e+01    80.6452    6.44315    33.1331    33.1472    25.8338    1479.74    1473.41 0.0000e+00
        862     17.000     7.7763     7.7732   3.432808   3.434133     2.4360    -0.0230      98.82 2.9183e+00 9.3937e+01    80.6972    6.40745    33.1880    33.2052    25.8836    1479.65    1473.77 0.0000e+00
        887     18.000     7.8664     7.8594   3.446310   3.447998     2.4264    -0.0253      98.82 2.6519e+00 9.3937e+01    80.7008    6.37959    33.2466    33.2713    25.9166    1480.08    1474.12 0.0000e+00
        911     19.000     7.8295     7.8355   3.447665   3.448395     2.4218    -0.0206      98.81 2.4209e+00 9.3937e+01    80.6758    6.42540    33.2958    33.2979    25.9606    1480.02    1474.43 0.0000e+00
        935     20.000     7.7941     7.7843   3.447798   3.448978     2.4215 -9.990e-29      98.82 2.2145e+00 9.3937e+01    80.6972    6.42169    33.3306    33.3526    25.9930    1479.94    1474.71 0.0000e+00
        959     21.000     7.9405     7.9201   3.465440   3.466076     2.4173 -9.990e-29      98.82 2.0316e+00 9.3937e+01    80.6619    6.39765    33.3793    33.4056    26.0101    1480.58    1474.99 0.0000e+00
        982     22.000     8.2768     8.2621   3.505585   3.506814     2.4192 -9.990e-29      98.82 1.8632e+00 9.3937e+01    80.6739    6.41915    33.4858    33.5128    26.0439    1482.00    1475.30 0.0000e+00
       1005     23.000     8.1675     8.1698   3.496600   3.498018     2.4274 -9.990e-29      98.82 1.7140e+00 9.3937e+01    80.6730    6.46710    33.4941    33.5070    26.0668    1481.61    1475.58 0.0000e+00
       1028     24.000     8.1793     8.1790   3.500291   3.501709     2.4285 -9.990e-29      98.82 1.5823e+00 9.3937e+01    80.6772    6.36891    33.5216    33.5370    26.0866    1481.71    1475.83 0.0000e+00
       1051     25.000     8.1869     8.1814   3.503372   3.504939     2.4211 -9.990e-29      98.82 1.4657e+00 9.3937e+01    80.6999    6.29620    33.5467    33.5686    26.1051    1481.78    1476.07 0.0000e+00
       1074     26.000     8.2001     8.2042   3.506501   3.507944     2.4132 -9.990e-29      98.82 1.3584e+00 9.3937e+01    80.7092    6.28367    33.5669    33.5783    26.1190    1481.87    1476.29 0.0000e+00
       1097     27.000     8.1131     8.1119   3.498259   3.499419     2.4083    -0.0484      98.82 1.2534e+00 9.3937e+01    80.7246    6.29478    33.5619    33.5754    26.1280    1481.56    1476.48 0.0000e+00
       1119     28.000     7.9689     7.9848   3.483696   3.485577     2.4031    -0.0479      98.81 1.1549e+00 9.3937e+01    80.7257    6.30404    33.5441    33.5490    26.1353    1481.00    1476.65 0.0000e+00
       1142     29.000     8.0351     7.9960   3.494953   3.494539     2.3985    -0.0498      98.82 1.0672e+00 9.3937e+01    80.7613    6.29090    33.6004    33.6336    26.1698    1481.34    1476.81 0.0000e+00
       1164     30.000     8.4652     8.4474   3.543304   3.545427     2.3966    -0.0174      98.81 9.8318e-01 9.3937e+01    80.7414    6.30172    33.7018    33.7413    26.1849    1483.10    1477.02 0.0000e+00
       1187     31.000     8.5958     8.5894   3.558158   3.559102     2.4068    -0.0500      98.81 9.0777e-01 9.3937e+01    80.7440    6.38468    33.7333    33.7494    26.1896    1483.64    1477.23 0.0000e+00
       1210     32.000     8.6432     8.6412   3.565075   3.567265     2.4160    -0.0624      98.82 8.3633e-01 9.3937e+01    80.7624    6.32713    33.7605    33.7854    26.2036    1483.87    1477.44 0.0000e+00
       1232     33.000     8.7273     8.7229   3.576501   3.577975     2.4129    -0.0701      42.33 7.8059e-01 9.3937e+01    80.7896    6.20178    33.7999    33.8196    26.2215    1484.25    1477.64 0.0000e+00
       1255     34.000     8.7379     8.7354   3.579459   3.581056     2.4037    -0.0603      84.72 7.2287e-01 9.3937e+01    80.8689    6.12634    33.8204    33.8395    26.2359    1484.33    1477.84 0.0000e+00
       1277     35.000     8.7544     8.7520   3.582024   3.583450     2.3920    -0.0575      98.54 6.7104e-01 9.3937e+01    80.8961    6.06971    33.8311    33.8484    26.2417    1484.42    1478.02 0.0000e+00
       1300     36.000     8.7724     8.7673   3.584898   3.586296     2.3799    -0.0678      66.03 6.2724e-01 9.3937e+01    80.8995    6.03364    33.8436    33.8632    26.2487    1484.52    1478.20 0.0000e+00
       1323     37.000     8.8144     8.8108   3.590876   3.592653     2.3693    -0.0698      98.81 5.8094e-01 9.3937e+01    80.9134    6.01328    33.8657    33.8878    26.2595    1484.72    1478.38 0.0000e+00
       1345     38.000     8.8846     8.8805   3.600724   3.602311     2.3608    -0.0690      98.81 5.3631e-01 9.3937e+01    80.9267    5.99574    33.9014    33.9220    26.2764    1485.04    1478.55 0.0000e+00
       1368     39.000     8.9213     8.9186   3.606073   3.607545     2.3540    -0.0657      98.81 4.9868e-01 9.3937e+01    80.9335    5.98919    33.9219    33.9399    26.2867    1485.22    1478.72 0.0000e+00
       1391     40.000     8.9378     8.9353   3.608599   3.610062     2.3488    -0.0633      98.81 4.6128e-01 9.3937e+01    80.9538    5.96847    33.9321    33.9498    26.2921    1485.31    1478.89 0.0000e+00
       1413     41.000     8.9831     8.9787   3.615748   3.617345     2.3425    -0.0677      85.43 4.2915e-01 9.3937e+01    80.9536    5.93630    33.9631    33.9840    26.3092    1485.53    1479.05 0.0000e+00
       1435     42.000     9.0235     9.0179   3.622023   3.623397     2.3362    -0.0614      98.72 3.9992e-01 9.3937e+01    80.9612    5.91541    33.9896    34.0093    26.3235    1485.73    1479.21 0.0000e+00
       1458     43.000     9.0727     9.0691   3.630278   3.631742     2.3310    -0.0624      98.81 3.7005e-01 9.3937e+01    80.9867    5.89747    34.0282    34.0469    26.3459    1485.97    1479.36 0.0000e+00
       1481     44.000     9.0653     9.0647   3.632058   3.633741     2.3257    -0.0651      98.81 3.4620e-01 9.3937e+01    81.0038    5.88452    34.0534    34.0715    26.3668    1485.99    1479.51 0.0000e+00
       1504     45.000     9.0704     9.0685   3.636199   3.637720     2.3204    -0.0690      98.81 3.2389e-01 9.3937e+01    81.0074    5.85535    34.0913    34.1090    26.3956    1486.07    1479.66 0.0000e+00
       1526     46.000     9.0699     9.0678   3.637458   3.638990     2.3142    -0.0742      98.81 3.0209e-01 9.3937e+01    81.0262    5.83656    34.1044    34.1224    26.4060    1486.10    1479.80 0.0000e+00
       1549     47.000     9.0853     9.0817   3.640421   3.641916     2.3087    -0.0580      98.81 2.7762e-01 9.3937e+01    81.0243    5.82218    34.1201    34.1391    26.4158    1486.20    1479.93 0.0000e+00
       1571     48.000     9.1158     9.1139   3.644681   3.646232     2.3038    -0.0629      98.81 2.6006e-01 9.3937e+01    81.0199    5.81151    34.1348    34.1528    26.4225    1486.34    1480.07 0.0000e+00
       1594     49.000     9.1021     9.1005   3.644182   3.645666     2.2997    -0.0739      98.81 2.4422e-01 9.3937e+01    81.0324    5.80600    34.1423    34.1593    26.4305    1486.32    1480.19 0.0000e+00
       1617     50.000     9.1047     9.1026   3.645823   3.647516     2.2957    -0.0664      98.81 2.2718e-01 9.3937e+01    81.0273    5.79378    34.1564    34.1761    26.4412    1486.36    1480.32 0.0000e+00
       1640     51.000     9.1048     9.1027   3.646565   3.648054     2.2918    -0.0721      98.81 2.1199e-01 9.3937e+01    81.0466    5.78163    34.1636    34.1812    26.4468    1486.39    1480.43 0.0000e+00
       1663     52.000     9.1062     9.1036   3.647396   3.648811     2.2879    -0.0662      98.81 1.9920e-01 9.3937e+01    81.0302    5.77273    34.1705    34.1877    26.4519    1486.42    1480.55 0.0000e+00
       1686     53.000     9.1035     9.1014   3.647238   3.648715     2.2847    -0.0647      98.81 1.8565e-01 9.3937e+01    81.0440    5.76826    34.1709    34.1884    26.4527    1486.42    1480.66 0.0000e+00
       1709     54.000     9.1043     9.1023   3.648001   3.649491     2.2818    -0.0667      98.81 1.7252e-01 9.3937e+01    81.0417    5.76520    34.1777    34.1951    26.4579    1486.45    1480.77 0.0000e+00
       1731     55.000     9.1058     9.1038   3.649268   3.650807     2.2795    -0.0629      98.81 1.5894e-01 9.3937e+01    81.0336    5.76019    34.1890    34.2069    26.4665    1486.49    1480.87 0.0000e+00
       1753     56.000     9.1040     9.1021   3.650842   3.652332     2.2774    -0.0645      98.81 1.5117e-01 9.3937e+01    81.0146    5.75593    34.2067    34.2240    26.4806    1486.52    1480.97 0.0000e+00
       1775     57.000     9.0934     9.0921   3.652133   3.653583     2.2752    -0.0753      98.80 1.4092e-01 9.3937e+01    81.0249    5.74763    34.2298    34.2462    26.5005    1486.53    1481.07 0.0000e+00
       1798     58.000     9.0853     9.0832   3.653576   3.655015     2.2730    -0.0698      98.81 1.3338e-01 9.3937e+01    81.0292    5.73637    34.2522    34.2693    26.5193    1486.54    1481.16 0.0000e+00
       1821     59.000     9.0747     9.0732   3.653472   3.654967     2.2695    -0.0698      98.81 1.2206e-01 9.3937e+01    81.0004    5.72161    34.2609    34.2779    26.5277    1486.53    1481.25 0.0000e+00
       1845     60.000     9.0531     9.0529   3.653801   3.655301     2.2664    -0.0674      98.81 1.1459e-01 9.3937e+01    81.0105    5.72230    34.2846    34.3005    26.5498    1486.49    1481.34 0.0000e+00
       1868     61.000     9.0414     9.0397   3.654420   3.655906     2.2642    -0.0685      98.81 1.0793e-01 9.3937e+01    81.0035    5.71831    34.3019    34.3191    26.5652    1486.49    1481.42 0.0000e+00
       1891     62.000     9.0380     9.0363   3.654595   3.656093     2.2618    -0.0847      98.81 1.0185e-01 9.4016e+01    81.0039    5.72141    34.3066    34.3238    26.5694    1486.50    1481.51 0.0000e+00
       1913     63.000     9.0328     9.0313   3.655487   3.656986     2.2611    -0.0802      98.81 9.2435e-02 9.4268e+01    81.0478    5.72593    34.3204    34.3375    26.5811    1486.51    1481.58 0.0000e+00
       1935     64.000     9.0258     9.0244   3.656928   3.658416     2.2601    -0.0840      98.80 8.8226e-02 9.5410e+01    81.0397    5.72735    34.3418    34.3587    26.5989    1486.53    1481.66 0.0000e+00
       1958     65.000     9.0248     9.0231   3.657661   3.659142     2.2602    -0.0877      98.80 8.2831e-02 9.5453e+01    81.0458    5.73432    34.3499    34.3671    26.6055    1486.55    1481.74 0.0000e+00
       1981     66.000     9.0179     9.0168   3.658470   3.659955     2.2601    -0.0699      98.80 7.7724e-02 9.5713e+01    81.0547    5.73018    34.3646    34.3812    26.6180    1486.56    1481.81 0.0000e+00
       2005     67.000     9.0149     9.0133   3.658883   3.660387     2.2591    -0.0655      98.80 7.3413e-02 9.5750e+01    81.0267    5.71993    34.3713    34.3886    26.6238    1486.57    1481.88 0.0000e+00
       2028     68.000     9.0090     9.0075   3.659168   3.660659     2.2580    -0.0664      98.80 6.7611e-02 9.5937e+01    81.0314    5.71695    34.3796    34.3966    26.6312    1486.58    1481.95 0.0000e+00
       2051     69.000     9.0062     9.0045   3.659427   3.660901     2.2565    -0.0622      98.80 6.2529e-02 9.5936e+01    81.0287    5.70642    34.3845    34.4016    26.6355    1486.59    1482.02 0.0000e+00
       2073     70.000     9.0045     9.0029   3.659817   3.661296     2.2544    -0.0654      98.80 5.9269e-02 9.5936e+01    81.0126    5.69452    34.3898    34.4068    26.6399    1486.61    1482.08 0.0000e+00
       2096     71.000     8.9885     8.9879   3.660108   3.661585     2.2519    -0.0794      98.81 5.6396e-02 9.5936e+01    81.0127    5.68903    34.4078    34.4239    26.6566    1486.59    1482.14 0.0000e+00
       2118     72.000     8.9779     8.9764   3.660025   3.661505     2.2497    -0.0952      98.80 5.4594e-02 9.5936e+01    81.0016    5.68494    34.4167    34.4337    26.6653    1486.58    1482.21 0.0000e+00
       2139     73.000     8.9708     8.9696   3.660034   3.661523     2.2475    -0.0941      98.80 5.2603e-02 9.5936e+01    81.0075    5.67946    34.4232    34.4400    26.6715    1486.57    1482.27 0.0000e+00
       2161     74.000     8.9644     8.9629   3.660490   3.661974     2.2457    -0.0685      98.80 4.9548e-02 9.5936e+01    80.9784    5.67980    34.4337    34.4507    26.6807    1486.58    1482.32 0.0000e+00
       2184     75.000     8.9572     8.9561   3.660717   3.662198     2.2442    -0.0618      98.80 4.9481e-02 9.5936e+01    80.9622    5.68445    34.4426    34.4592    26.6888    1486.58    1482.38 0.0000e+00
       2207     76.000     8.9321     8.9318   3.661030   3.662503     2.2436    -0.0692      98.80 4.9485e-02 9.5936e+01    80.9971    5.68770    34.4698    34.4855    26.7141    1486.54    1482.44 0.0000e+00
       2231     77.000     8.9063     8.9057   3.660958   3.662430     2.2425    -0.0708      98.81 4.9463e-02 9.5936e+01    80.9402    5.68141    34.4936    34.5096    26.7369    1486.49    1482.49 0.0000e+00
