_data/ctd/2022603/sta0201.cnv
* Sea-Bird SBE 9 Data File:
* FileName = C:\Seabird\CTDData\sta0201.hex
* Software Version Seasave V 7.21f
* Temperature SN = 6264
* Conductivity SN = 4928
* Number of Bytes Per Scan = 40
* Number of Voltage Words = 5
* Number of Scans Averaged by the Deck Unit = 1
* NMEA Latitude = 61 07.25 N
* NMEA Longitude = 005 43.16 E
* NMEA UTC (Time) = Feb 15 2022 04:17:57
* NMEA baud rate = 4800
** Ship: R/V "Kristine Bonnevie"
** Station: 0201
** Echodepth: 1243
** Log: 0807.435
** Wind-Dir/Force: 08 24
** Air-temp (dry): 4.0
** Weather Sky:
** Sea:
** S07
# nquan = 19                                
# nvalues = 1251                        
# units = specified
# name 0 = scan: Scan Count
# name 1 = prDM: Pressure, Digiquartz [db]
# name 2 = t068C: Temperature [ITS-68, deg C]
# name 3 = t168C: Temperature, 2 [ITS-68, deg C]
# name 4 = c0S/m: Conductivity [S/m]
# name 5 = c1S/m: Conductivity, 2 [S/m]
# name 6 = sbeox0V: Oxygen raw, SBE 43 [V]
# name 7 = flECO-AFL: Fluorescence, WET Labs ECO-AFL/FL [mg/m^3]
# name 8 = altM: Altimeter [m]
# name 9 = par: PAR/Irradiance, Biospherical/Licor
# name 10 = spar: SPAR/Surface Irradiance
# name 11 = CStarTr0: Beam Transmission, WET Labs C-Star [%]
# name 12 = sbeox0ML/L: Oxygen, SBE 43 [ml/l], WS = 2
# name 13 = sal00: Salinity, Practical [PSU]
# name 14 = sal11: Salinity, Practical, 2 [PSU]
# name 15 = sigma-t00: Density [sigma-t, Kg/m^3 ]
# name 16 = svCM: Sound Velocity [Chen-Millero, m/s]
# name 17 = avgsvCM: Average Sound Velocity [Chen-Millero, m/s], minP = 1, minS = 5
# name 18 = flag: flag
# span 0 =        600,      27540       
# span 1 =      2.000,   1252.000       
# span 2 =     6.1041,     9.6273       
# span 3 =     6.1020,     9.6249       
# span 4 =   3.093800,   3.688978       
# span 5 =   3.094302,   3.690472       
# span 6 =     1.5537,     2.4368       
# span 7 =    -0.0985,     0.6313       
# span 8 =       8.01,     100.19       
# span 9 = 4.9452e-02, 8.3308e-01       
# span 10 = 0.0000e+00, 0.0000e+00      
# span 11 =    80.0213,    81.8337      
# span 12 =    4.12608,    6.86703      
# span 13 =    31.0558,    35.0246      
# span 14 =    31.0643,    35.0406      
# span 15 =    24.4250,    27.3652      
# span 16 =    1470.21,    1501.40      
# span 17 =    1470.21,    1491.44      
# span 18 = 0.0000e+00, 0.0000e+00      
# interval = decibars: 1                
# start_time = Feb 15 2022 04:17:59 [System UTC, header]
# bad_flag = -9.990e-29
*END*
[from data line 686]
      15272    688.000     7.5002     7.4988   3.606924   3.608286     1.7014 -9.990e-29      62.07 4.9496e-02 0.0000e+00    81.7569    4.37450    35.0167    35.0328    27.3611    1491.92    1487.22 0.0000e+00
      15294    689.000     7.5002     7.4986   3.606960   3.608322     1.7010    -0.0621      80.06 4.9518e-02 0.0000e+00    81.7762    4.37784    35.0166    35.0330    27.3610    1491.94    1487.22 0.0000e+00
      15315    690.000     7.5000     7.4985   3.606992   3.608352     1.7007    -0.0611      74.86 4.9479e-02 0.0000e+00    81.7899    4.37779    35.0167    35.0329    27.3611    1491.95    1487.23 0.0000e+00
      15336    691.000     7.5001     7.4987   3.607045   3.608400     1.7005    -0.0703      82.09 4.9512e-02 0.0000e+00    81.7876    4.37550    35.0167    35.0328    27.3611    1491.97    1487.24 0.0000e+00
      15357    692.000     7.4998     7.4985   3.607068   3.608422     1.7001    -0.0678      79.28 4.9512e-02 0.0000e+00    81.7525    4.37607    35.0168    35.0327    27.3612    1491.99    1487.24 0.0000e+00
      15378    693.000     7.4992     7.4980   3.607053   3.608428     1.7002    -0.0817      80.21 4.9505e-02 0.0000e+00    81.7802    4.37926    35.0167    35.0328    27.3613    1492.00    1487.25 0.0000e+00
      15399    694.000     7.4990     7.4976   3.607068   3.608430     1.6996    -0.0765      91.30 4.9505e-02 0.0000e+00    81.7787    4.37339    35.0166    35.0328    27.3612    1492.02    1487.26 0.0000e+00
      15420    695.000     7.4987     7.4974   3.607093   3.608450     1.6994    -0.0667      88.11 4.9486e-02 0.0000e+00    81.7762    4.37771    35.0167    35.0327    27.3613    1492.03    1487.27 0.0000e+00
      15441    696.000     7.4987     7.4974   3.607140   3.608501     1.6992    -0.0649      94.46 4.9525e-02 0.0000e+00    81.7877    4.37409    35.0168    35.0328    27.3614    1492.05    1487.27 0.0000e+00
      15462    697.000     7.4983     7.4969   3.607152   3.608511     1.6987    -0.0665      89.51 4.9499e-02 0.0000e+00    81.7758    4.37029    35.0168    35.0329    27.3615    1492.06    1487.28 0.0000e+00
      15483    698.000     7.4983     7.4969   3.607203   3.608560     1.6983    -0.0712      98.59 4.9524e-02 0.0000e+00    81.8060    4.36781    35.0169    35.0330    27.3615    1492.08    1487.29 0.0000e+00
      15504    699.000     7.4983     7.4970   3.607243   3.608610     1.6975    -0.0641      98.78 4.9505e-02 0.0000e+00    81.7917    4.36454    35.0168    35.0329    27.3615    1492.10    1487.29 0.0000e+00
      15526    700.000     7.4986     7.4971   3.607309   3.608664     1.6969    -0.0635      63.65 4.9490e-02 0.0000e+00    81.8057    4.36243    35.0168    35.0330    27.3614    1492.11    1487.30 0.0000e+00
      15547    701.000     7.4986     7.4971   3.607360   3.608719     1.6961    -0.0622      98.45 4.9498e-02 0.0000e+00    81.8025    4.36494    35.0169    35.0331    27.3615    1492.13    1487.31 0.0000e+00
      15568    702.000     7.4982     7.4969   3.607380   3.608743     1.6961    -0.0664      72.51 4.9485e-02 0.0000e+00    81.8107    4.36638    35.0170    35.0331    27.3616    1492.15    1487.31 0.0000e+00
      15589    703.000     7.4983     7.4968   3.607427   3.608786     1.6954    -0.0645      98.94 4.9509e-02 0.0000e+00    81.7754    4.35999    35.0169    35.0332    27.3616    1492.16    1487.32 0.0000e+00
      15610    704.000     7.4983     7.4969   3.607479   3.608840     1.6948    -0.0673      83.90 4.9490e-02 0.0000e+00    81.7804    4.36155    35.0170    35.0332    27.3616    1492.18    1487.33 0.0000e+00
      15631    705.000     7.4981     7.4966   3.607503   3.608869     1.6945    -0.0645      98.53 4.9498e-02 0.0000e+00    81.8198    4.36038    35.0170    35.0333    27.3617    1492.20    1487.33 0.0000e+00
      15652    706.000     7.4980     7.4967   3.607555   3.608919     1.6940    -0.0603      85.13 4.9499e-02 0.0000e+00    81.8129    4.35468    35.0172    35.0333    27.3618    1492.21    1487.34 0.0000e+00
      15672    707.000     7.4982     7.4968   3.607609   3.608976     1.6931    -0.0660      66.95 4.9488e-02 0.0000e+00    81.8088    4.35922    35.0171    35.0333    27.3617    1492.23    1487.35 0.0000e+00
      15693    708.000     7.4983     7.4969   3.607659   3.609025     1.6933    -0.0724      60.20 4.9485e-02 0.0000e+00    81.8010    4.35805    35.0171    35.0333    27.3617    1492.25    1487.35 0.0000e+00
      15713    709.000     7.4982     7.4968   3.607706   3.609069     1.6924    -0.0651      78.83 4.9501e-02 0.0000e+00    81.7912    4.35549    35.0172    35.0334    27.3618    1492.26    1487.36 0.0000e+00
      15734    710.000     7.4982     7.4968   3.607751   3.609120     1.6924    -0.0655      54.52 4.9499e-02 0.0000e+00    81.7870    4.36160    35.0172    35.0335    27.3618    1492.28    1487.37 0.0000e+00
      15755    711.000     7.4982     7.4968   3.607796   3.609165     1.6923    -0.0691      91.91 4.9495e-02 0.0000e+00    81.8010    4.35481    35.0173    35.0335    27.3618    1492.30    1487.38 0.0000e+00
      15775    712.000     7.4982     7.4968   3.607849   3.609204     1.6914    -0.0620      56.93 4.9499e-02 0.0000e+00    81.7995    4.35250    35.0174    35.0334    27.3619    1492.31    1487.38 0.0000e+00
      15796    713.000     7.4981     7.4968   3.607898   3.609254     1.6913    -0.0634      98.60 4.9488e-02 0.0000e+00    81.7969    4.35721    35.0175    35.0335    27.3620    1492.33    1487.39 0.0000e+00
      15816    714.000     7.4982     7.4968   3.607947   3.609305     1.6910    -0.0659      55.70 4.9499e-02 0.0000e+00    81.8008    4.35244    35.0175    35.0336    27.3620    1492.35    1487.40 0.0000e+00
      15837    715.000     7.4981     7.4968   3.607986   3.609349     1.6904    -0.0631      98.25 4.9512e-02 0.0000e+00    81.7997    4.35167    35.0175    35.0336    27.3621    1492.36    1487.40 0.0000e+00
      15857    716.000     7.4980     7.4966   3.608017   3.609378     1.6901    -0.0675      70.88 4.9495e-02 0.0000e+00    81.7998    4.34950    35.0175    35.0336    27.3620    1492.38    1487.41 0.0000e+00
      15878    717.000     7.4976     7.4962   3.608037   3.609399     1.6895    -0.0645      98.65 4.9492e-02 0.0000e+00    81.7906    4.34858    35.0176    35.0338    27.3622    1492.39    1487.42 0.0000e+00
      15899    718.000     7.4973     7.4961   3.608055   3.609432     1.6893    -0.0703      98.42 4.9512e-02 0.0000e+00    81.8058    4.35160    35.0176    35.0337    27.3623    1492.41    1487.42 0.0000e+00
      15920    719.000     7.4974     7.4959   3.608113   3.609459     1.6888    -0.0644      23.65 4.9502e-02 0.0000e+00    81.8144    4.34725    35.0177    35.0338    27.3623    1492.42    1487.43 0.0000e+00
      15940    720.000     7.4974     7.4961   3.608154   3.609518     1.6884    -0.0703      99.75 4.9505e-02 0.0000e+00    81.8143    4.34689    35.0177    35.0337    27.3623    1492.44    1487.44 0.0000e+00
      15961    721.000     7.4973     7.4959   3.608185   3.609542     1.6880    -0.0689      41.15 4.9492e-02 0.0000e+00    81.8085    4.34482    35.0176    35.0337    27.3623    1492.46    1487.44 0.0000e+00
      15982    722.000     7.4973     7.4959   3.608230   3.609589     1.6873    -0.0685      99.54 4.9512e-02 0.0000e+00    81.8196    4.34643    35.0176    35.0338    27.3623    1492.47    1487.45 0.0000e+00
      16003    723.000     7.4971     7.4957   3.608264   3.609625     1.6873    -0.0686      53.09 4.9505e-02 0.0000e+00    81.8043    4.34512    35.0177    35.0339    27.3624    1492.49    1487.46 0.0000e+00
      16024    724.000     7.4970     7.4956   3.608306   3.609649     1.6865    -0.0645      98.05 4.9499e-02 0.0000e+00    81.7952    4.33984    35.0178    35.0338    27.3625    1492.51    1487.46 0.0000e+00
      16045    725.000     7.4969     7.4954   3.608340   3.609689     1.6862    -0.0689      70.23 4.9505e-02 0.0000e+00    81.8164    4.34311    35.0178    35.0339    27.3625    1492.52    1487.47 0.0000e+00
      16066    726.000     7.4970     7.4956   3.608383   3.609750     1.6858    -0.0722      96.07 4.9505e-02 0.0000e+00    81.8126    4.34328    35.0177    35.0339    27.3624    1492.54    1487.48 0.0000e+00
      16087    727.000     7.4968     7.4954   3.608415   3.609776     1.6856    -0.0645      98.24 4.9525e-02 0.0000e+00    81.7926    4.34019    35.0178    35.0339    27.3625    1492.55    1487.49 0.0000e+00
      16108    728.000     7.4969     7.4954   3.608479   3.609827     1.6850    -0.0669      98.79 4.9518e-02 0.0000e+00    81.8208    4.34157    35.0179    35.0340    27.3625    1492.57    1487.49 0.0000e+00
      16129    729.000     7.4973     7.4958   3.608551   3.609910     1.6849    -0.0636      98.31 4.9518e-02 0.0000e+00    81.8167    4.33861    35.0178    35.0340    27.3624    1492.59    1487.50 0.0000e+00
      16150    730.000     7.4975     7.4961   3.608614   3.609982     1.6841    -0.0668      44.84 4.9477e-02 0.0000e+00    81.8212    4.33754    35.0178    35.0340    27.3624    1492.61    1487.51 0.0000e+00
      16171    731.000     7.4976     7.4962   3.608672   3.610031     1.6841    -0.0630      93.82 4.9515e-02 0.0000e+00    81.8113    4.33665    35.0179    35.0340    27.3624    1492.62    1487.51 0.0000e+00
      16193    732.000     7.4977     7.4964   3.608737   3.610099     1.6833    -0.0631      46.55 4.9483e-02 0.0000e+00    81.7943    4.33494    35.0180    35.0340    27.3625    1492.64    1487.52 0.0000e+00
      16214    733.000     7.4977     7.4963   3.608770   3.610131     1.6831    -0.0655      89.64 4.9505e-02 0.0000e+00    81.8094    4.33674    35.0179    35.0340    27.3624    1492.66    1487.53 0.0000e+00
      16235    734.000     7.4977     7.4963   3.608825   3.610183     1.6827    -0.0649      98.48 4.9505e-02 0.0000e+00    81.7997    4.33722    35.0180    35.0341    27.3625    1492.67    1487.53 0.0000e+00
      16257    735.000     7.4975     7.4962   3.608855   3.610216     1.6826    -0.0614      33.56 4.9477e-02 0.0000e+00    81.8107    4.33608    35.0181    35.0341    27.3626    1492.69    1487.54 0.0000e+00
      16278    736.000     7.4977     7.4963   3.608911   3.610266     1.6820    -0.0664      94.94 4.9508e-02 0.0000e+00    81.8091    4.33244    35.0180    35.0341    27.3625    1492.71    1487.55 0.0000e+00
      16300    737.000     7.4977     7.4963   3.608955   3.610312     1.6819    -0.0673      38.51 4.9484e-02 0.0000e+00    81.8103    4.33654    35.0180    35.0341    27.3625    1492.72    1487.56 0.0000e+00
      16322    738.000     7.4977     7.4963   3.609012   3.610366     1.6816    -0.0665      96.39 4.9508e-02 0.0000e+00    81.8114    4.33712    35.0182    35.0342    27.3626    1492.74    1487.56 0.0000e+00
      16344    739.000     7.4979     7.4965   3.609062   3.610421     1.6815    -0.0724      98.66 4.9502e-02 0.0000e+00    81.7996    4.33365    35.0180    35.0341    27.3625    1492.76    1487.57 0.0000e+00
      16366    740.000     7.4979     7.4964   3.609104   3.610458     1.6811    -0.0736      94.79 4.9505e-02 0.0000e+00    81.7963    4.33567    35.0180    35.0342    27.3625    1492.77    1487.58 0.0000e+00
      16387    741.000     7.4979     7.4964   3.609149   3.610509     1.6812    -0.0673      66.80 4.9508e-02 0.0000e+00    81.8025    4.33853    35.0180    35.0342    27.3625    1492.79    1487.58 0.0000e+00
      16409    742.000     7.4978     7.4964   3.609186   3.610553     1.6809    -0.0670      62.12 4.9478e-02 0.0000e+00    81.7965    4.33759    35.0180    35.0342    27.3625    1492.81    1487.59 0.0000e+00
      16430    743.000     7.4979     7.4965   3.609236   3.610598     1.6810    -0.0674      82.11 4.9492e-02 0.0000e+00    81.8099    4.33643    35.0180    35.0341    27.3625    1492.82    1487.60 0.0000e+00
      16451    744.000     7.4979     7.4965   3.609290   3.610643     1.6806    -0.0690      69.76 4.9485e-02 0.0000e+00    81.8165    4.33293    35.0181    35.0342    27.3626    1492.84    1487.60 0.0000e+00
      16472    745.000     7.4978     7.4965   3.609315   3.610687     1.6803    -0.0730      89.81 4.9509e-02 0.0000e+00    81.8098    4.33483    35.0180    35.0342    27.3625    1492.86    1487.61 0.0000e+00
      16492    746.000     7.4976     7.4963   3.609350   3.610720     1.6802    -0.0680      70.03 4.9490e-02 0.0000e+00    81.8032    4.33547    35.0181    35.0343    27.3626    1492.87    1487.62 0.0000e+00
      16514    747.000     7.4975     7.4962   3.609393   3.610752     1.6800    -0.0645      90.47 4.9492e-02 0.0000e+00    81.8110    4.33384    35.0182    35.0342    27.3627    1492.89    1487.63 0.0000e+00
      16535    748.000     7.4976     7.4963   3.609445   3.610814     1.6796    -0.0669      69.43 4.9496e-02 0.0000e+00    81.8141    4.33006    35.0182    35.0343    27.3627    1492.91    1487.63 0.0000e+00
      16557    749.000     7.4980     7.4965   3.609524   3.610885     1.6792    -0.0628      93.67 4.9512e-02 0.0000e+00    81.8141    4.33291    35.0182    35.0344    27.3626    1492.92    1487.64 0.0000e+00
      16578    750.000     7.4978     7.4965   3.609550   3.610909     1.6790    -0.0605      75.23 4.9499e-02 0.0000e+00    81.8254    4.32805    35.0182    35.0342    27.3626    1492.94    1487.65 0.0000e+00
      16599    751.000     7.4975     7.4962   3.609576   3.610925     1.6782    -0.0602      97.57 4.9499e-02 0.0000e+00    81.8146    4.32164    35.0183    35.0342    27.3628    1492.96    1487.65 0.0000e+00
      16621    752.000     7.4973     7.4959   3.609601   3.610956     1.6776    -0.0586      80.50 4.9483e-02 0.0000e+00    81.8204    4.33005    35.0183    35.0344    27.3628    1492.97    1487.66 0.0000e+00
      16643    753.000     7.4973     7.4959   3.609637   3.611007     1.6778    -0.0651      95.85 4.9499e-02 0.0000e+00    81.7891    4.33048    35.0182    35.0345    27.3627    1492.99    1487.67 0.0000e+00
      16665    754.000     7.4973     7.4959   3.609688   3.611050     1.6772    -0.0691      85.65 4.9496e-02 0.0000e+00    81.8025    4.32229    35.0183    35.0344    27.3628    1493.00    1487.67 0.0000e+00
      16687    755.000     7.4972     7.4958   3.609716   3.611082     1.6766    -0.0707      97.96 4.9512e-02 0.0000e+00    81.8056    4.32259    35.0182    35.0344    27.3628    1493.02    1487.68 0.0000e+00
      16708    756.000     7.4969     7.4955   3.609737   3.611097     1.6762    -0.0674      94.79 4.9512e-02 0.0000e+00    81.8214    4.31839    35.0183    35.0344    27.3628    1493.04    1487.69 0.0000e+00
      16729    757.000     7.4966     7.4953   3.609767   3.611131     1.6754    -0.0674      63.11 4.9509e-02 0.0000e+00    81.8171    4.31950    35.0185    35.0345    27.3630    1493.05    1487.70 0.0000e+00
      16751    758.000     7.4964     7.4951   3.609793   3.611157     1.6751    -0.0656      98.82 4.9499e-02 0.0000e+00    81.8065    4.32315    35.0185    35.0345    27.3630    1493.07    1487.70 0.0000e+00
      16773    759.000     7.4965     7.4951   3.609839   3.611193     1.6749    -0.0585      89.37 4.9521e-02 0.0000e+00    81.8003    4.31813    35.0184    35.0344    27.3630    1493.08    1487.71 0.0000e+00
      16794    760.000     7.4963     7.4950   3.609865   3.611228     1.6742    -0.0651      65.77 4.9498e-02 0.0000e+00    81.8111    4.31320    35.0184    35.0344    27.3630    1493.10    1487.72 0.0000e+00
      16815    761.000     7.4963     7.4949   3.609902   3.611264     1.6734    -0.0665      78.52 4.9499e-02 0.0000e+00    81.8161    4.31030    35.0183    35.0345    27.3630    1493.12    1487.72 0.0000e+00
      16837    762.000     7.4963     7.4949   3.609953   3.611314     1.6727    -0.0701      77.35 4.9489e-02 0.0000e+00    81.7806    4.31008    35.0184    35.0345    27.3630    1493.13    1487.73 0.0000e+00
