_data/ctd/2022603/sta0148.cnv
* Sea-Bird SBE 9 Data File:
* FileName = C:\Seabird\CTDData\sta0148.hex
* Software Version Seasave V 7.21f
* Temperature SN = 6264
* Conductivity SN = 4928
* Number of Bytes Per Scan = 40
* Number of Voltage Words = 5
* Number of Scans Averaged by the Deck Unit = 1
* NMEA Latitude = 60 00.70 N
* NMEA Longitude = 005 55.02 E
* NMEA UTC (Time) = Feb 09 2022 15:39:46
* NMEA baud rate = 4800
** Ship: R/V "Kristine Bonnevie"
** Station: 0148
** Echodepth: 660
** Log: 0022.310
** Wind-Dir/Force: 26 23
** Air-temp (dry): 4.8
** Weather Sky:
** Sea:
# nquan = 19                                
# nvalues = 657                         
# units = specified
# name 0 = scan: Scan Count
# name 1 = prDM: Pressure, Digiquartz [db]
# name 2 = t068C: Temperature [ITS-68, deg C]
# name 3 = t168C: Temperature, 2 [ITS-68, deg C]
# name 4 = c0S/m: Conductivity [S/m]
# name 5 = c1S/m: Conductivity, 2 [S/m]
# name 6 = sbeox0V: Oxygen raw, SBE 43 [V]
# name 7 = flECO-AFL: Fluorescence, WET Labs ECO-AFL/FL [mg/m^3]
# name 8 = altM: Altimeter [m]
# name 9 = par: PAR/Irradiance, Biospherical/Licor
# name 10 = spar: SPAR/Surface Irradiance
# name 11 = CStarTr0: Beam Transmission, WET Labs C-Star [%]
# name 12 = sbeox0ML/L: Oxygen, SBE 43 [ml/l], WS = 2
# name 13 = sal00: Salinity, Practical [PSU]
# name 14 = sal11: Salinity, Practical, 2 [PSU]
# name 15 = sigma-t00: Density [sigma-t, Kg/m^3 ]
# name 16 = svCM: Sound Velocity [Chen-Millero, m/s]
# name 17 = avgsvCM: Average Sound Velocity [Chen-Millero, m/s], minP = 1, minS = 5
# name 18 = flag: flag
# span 0 =        401,      15505       
# span 1 =      2.000,    658.000       
# span 2 =     7.5153,    10.0974       
# span 3 =     7.5127,    10.0938       
# span 4 =   3.231342,   3.707500       
# span 5 =   3.231352,   3.708092       
# span 6 =     1.7366,     2.3883       
# span 7 =    -0.0911,     0.5789       
# span 8 =       6.70,      99.63       
# span 9 = 4.9451e-02, 8.4333e+00       
# span 10 = 7.9947e+00, 1.3991e+01      
# span 11 =    80.0098,    82.0980      
# span 12 =    4.47396,    6.46105      
# span 13 =    31.2744,    34.9879      
# span 14 =    31.2781,    34.9944      
# span 15 =    24.4167,    27.3180      
# span 16 =    1476.03,    1491.88      
# span 17 =    1476.03,    1487.35      
# span 18 = 0.0000e+00, 0.0000e+00      
# interval = decibars: 1                
# start_time = Feb 09 2022 15:39:48 [System UTC, header]
# bad_flag = -9.990e-29
*END*
[from data line 534]
      12603    536.000     7.6355     7.6343   3.609878   3.610351     1.8335 -9.990e-29      44.59 4.9505e-02 9.7350e+00    81.5166    4.75143    34.9854    34.9917    27.3168    1489.89    1486.55 0.0000e+00
      12627    537.000     7.6355     7.6343   3.609930   3.610409     1.8330 -9.990e-29      92.89 4.9456e-02 9.4674e+00    81.4874    4.74687    34.9855    34.9919    27.3168    1489.91    1486.56 0.0000e+00
      12651    538.000     7.6361     7.6351   3.610062   3.610536     1.8325 -9.990e-29      48.96 4.9489e-02 9.4766e+00    81.5295    4.74292    34.9858    34.9919    27.3170    1489.93    1486.56 0.0000e+00
      12675    539.000     7.6364     7.6354   3.610147   3.610627     1.8317 -9.990e-29      96.51 4.9503e-02 9.0293e+00    81.5218    4.73827    34.9860    34.9922    27.3171    1489.94    1486.57 0.0000e+00
      12699    540.000     7.6363     7.6351   3.610169   3.610651     1.8306 -9.990e-29      60.24 4.9487e-02 8.9191e+00    81.5101    4.73056    34.9858    34.9922    27.3170    1489.96    1486.57 0.0000e+00
      12722    541.000     7.6363     7.6351   3.610214   3.610690     1.8295 -9.990e-29      80.72 4.9490e-02 9.3986e+00    81.4918    4.72606    34.9858    34.9922    27.3170    1489.98    1486.58 0.0000e+00
      12745    542.000     7.6362     7.6351   3.610265   3.610742     1.8280 -9.990e-29      77.40 4.9489e-02 9.3689e+00    81.4891    4.71971    34.9860    34.9923    27.3172    1489.99    1486.59 0.0000e+00
      12771    543.000     7.6357     7.6347   3.610246   3.610728     1.8266 -9.990e-29      86.22 4.9487e-02 8.9161e+00    81.4457    4.71615    34.9858    34.9920    27.3171    1490.01    1486.59 0.0000e+00
      12796    544.000     7.6346     7.6335   3.610187   3.610662     1.8251 -9.990e-29      99.03 4.9479e-02 9.0801e+00    81.4788    4.71168    34.9858    34.9920    27.3172    1490.02    1486.60 0.0000e+00
      12819    545.000     7.6351     7.6340   3.610276   3.610766     1.8239 -9.990e-29      98.80 4.9490e-02 9.0198e+00    81.4720    4.71142    34.9858    34.9922    27.3172    1490.04    1486.61 0.0000e+00
      12841    546.000     7.6350     7.6338   3.610319   3.610789     1.8230 -9.990e-29      50.67 4.9499e-02 8.5601e+00    81.4158    4.70735    34.9859    34.9922    27.3172    1490.05    1486.61 0.0000e+00
      12864    547.000     7.6343     7.6332   3.610287   3.610760     1.8216 -9.990e-29      98.70 4.9485e-02 8.8229e+00    81.4359    4.70586    34.9858    34.9920    27.3172    1490.07    1486.62 0.0000e+00
      12890    548.000     7.6337     7.6326   3.610275   3.610747     1.8208 -9.990e-29      69.15 4.9480e-02 8.8602e+00    81.4145    4.70299    34.9858    34.9920    27.3173    1490.08    1486.62 0.0000e+00
      12915    549.000     7.6333     7.6322   3.610298   3.610765     1.8195 -9.990e-29      89.85 4.9480e-02 9.1274e+00    81.3905    4.69841    34.9859    34.9921    27.3175    1490.10    1486.63 0.0000e+00
      12938    550.000     7.6333     7.6320   3.610335   3.610788     1.8186 -9.990e-29      98.31 4.9515e-02 8.1805e+00    81.4087    4.69839    34.9859    34.9920    27.3175    1490.11    1486.64 0.0000e+00
      12961    551.000     7.6328     7.6318   3.610332   3.610823     1.8177 -9.990e-29      98.80 4.9481e-02 8.5163e+00    81.4060    4.69458    34.9858    34.9921    27.3175    1490.13    1486.64 0.0000e+00
      12985    552.000     7.6325     7.6314   3.610344   3.610828     1.8165 -9.990e-29      59.52 4.9485e-02 8.1574e+00    81.3876    4.68166    34.9858    34.9921    27.3175    1490.14    1486.65 0.0000e+00
      13008    553.000     7.6325     7.6311   3.610293   3.610860     1.8147 -9.990e-29      86.44 4.9485e-02 7.9950e+00    81.3782    4.68323    34.9848    34.9923    27.3167    1490.16    1486.66 0.0000e+00
      13033    554.000     7.6325     7.6313   3.610436   3.610908     1.8138 -9.990e-29      63.46 4.9506e-02 -9.990e-29    81.4085    4.67962    34.9858    34.9921    27.3176    1490.18    1486.66 0.0000e+00
      13057    555.000     7.6325     7.6313   3.610492   3.610961     1.8125 -9.990e-29      67.83 4.9499e-02 -9.990e-29    81.4135    4.67359    34.9860    34.9922    27.3177    1490.19    1486.67 0.0000e+00
      13080    556.000     7.6326     7.6314   3.610539   3.611005     1.8110 -9.990e-29      66.23 4.9496e-02 -9.990e-29    81.3604    4.66566    34.9859    34.9921    27.3176    1490.21    1486.67 0.0000e+00
      13102    557.000     7.6327     7.6315   3.610590   3.611066     1.8095 -9.990e-29      81.87 4.9503e-02 -9.990e-29    81.3326    4.66328    34.9859    34.9922    27.3176    1490.23    1486.68 0.0000e+00
      13127    558.000     7.6327     7.6315   3.610629   3.611111     1.8081 -9.990e-29      61.80 4.9478e-02 -9.990e-29    81.3537    4.66184    34.9858    34.9922    27.3175    1490.24    1486.69 0.0000e+00
      13152    559.000     7.6328     7.6316   3.610692   3.611167     1.8073 -9.990e-29      98.00 4.9489e-02 -9.990e-29    81.3327    4.66546    34.9859    34.9923    27.3176    1490.26    1486.69 0.0000e+00
      13176    560.000     7.6329     7.6318   3.610745   3.611226     1.8064 -9.990e-29      67.34 4.9493e-02 -9.990e-29    81.3415    4.66010    34.9859    34.9922    27.3176    1490.28    1486.70 0.0000e+00
      13198    561.000     7.6330     7.6318   3.610790   3.611274     1.8054 -9.990e-29      97.69 4.9483e-02 -9.990e-29    81.3619    4.66040    34.9858    34.9923    27.3175    1490.29    1486.71 0.0000e+00
      13221    562.000     7.6330     7.6319   3.610835   3.611325     1.8050 -9.990e-29      81.83 4.9487e-02 -9.990e-29    81.3771    4.66164    34.9858    34.9922    27.3175    1490.31    1486.71 0.0000e+00
      13245    563.000     7.6331     7.6320   3.610896   3.611370     1.8044 -9.990e-29      48.14 4.9478e-02 -9.990e-29    81.3281    4.66075    34.9859    34.9921    27.3175    1490.33    1486.72 0.0000e+00
      13270    564.000     7.6330     7.6318   3.610929   3.611407     1.8039 -9.990e-29      67.16 4.9503e-02 -9.990e-29    81.3656    4.65771    34.9859    34.9923    27.3175    1490.34    1486.73 0.0000e+00
      13293    565.000     7.6329     7.6318   3.610957   3.611434     1.8033 -9.990e-29      76.02 4.9487e-02 7.9947e+00    81.3446    4.66053    34.9858    34.9921    27.3175    1490.36    1486.73 0.0000e+00
      13316    566.000     7.6328     7.6315   3.610999   3.611465     1.8032 -9.990e-29      84.86 4.9493e-02 7.9947e+00    81.3632    4.65993    34.9859    34.9922    27.3176    1490.38    1486.74 0.0000e+00
      13339    567.000     7.6327     7.6314   3.611034   3.611509     1.8026 -9.990e-29      42.64 4.9508e-02 7.9947e+00    81.3442    4.65657    34.9859    34.9923    27.3176    1490.39    1486.74 0.0000e+00
      13363    568.000     7.6327     7.6316   3.611084   3.611562     1.8021 -9.990e-29      85.81 4.9508e-02 7.9947e+00    81.3242    4.65381    34.9860    34.9922    27.3176    1490.41    1486.75 0.0000e+00
      13387    569.000     7.6327     7.6316   3.611128   3.611601     1.8015 -9.990e-29      84.73 4.9480e-02 7.9947e+00    81.3188    4.65117    34.9860    34.9922    27.3176    1490.42    1486.76 0.0000e+00
      13412    570.000     7.6326     7.6314   3.611153   3.611633     1.8005 -9.990e-29      86.99 4.9497e-02 7.9947e+00    81.3210    4.64558    34.9859    34.9922    27.3176    1490.44    1486.76 0.0000e+00
      13435    571.000     7.6326     7.6314   3.611202   3.611673     1.7999 -9.990e-29      94.12 4.9506e-02 7.9947e+00    81.3074    4.64809    34.9859    34.9922    27.3176    1490.46    1486.77 0.0000e+00
      13458    572.000     7.6326     7.6314   3.611249   3.611727     1.7992 -9.990e-29      98.40 4.9488e-02 7.9947e+00    81.2955    4.64543    34.9859    34.9923    27.3176    1490.47    1486.78 0.0000e+00
      13481    573.000     7.6324     7.6313   3.611275   3.611758     1.7986 -9.990e-29      58.66 4.9502e-02 7.9947e+00    81.3373    4.64287    34.9859    34.9923    27.3177    1490.49    1486.78 0.0000e+00
      13506    574.000     7.6323     7.6311   3.611311   3.611783     1.7977 -9.990e-29      75.95 4.9500e-02 7.9947e+00    81.2839    4.64150    34.9860    34.9923    27.3177    1490.51    1486.79 0.0000e+00
      13530    575.000     7.6321     7.6309   3.611339   3.611814     1.7973 -9.990e-29      52.69 4.9491e-02 7.9947e+00    81.3120    4.64244    34.9860    34.9923    27.3177    1490.52    1486.80 0.0000e+00
      13553    576.000     7.6323     7.6310   3.611378   3.611866     1.7966 -9.990e-29      96.97 4.9483e-02 7.9947e+00    81.2865    4.63690    34.9857    34.9923    27.3175    1490.54    1486.80 0.0000e+00
      13576    577.000     7.6321     7.6310   3.611424   3.611916     1.7958 -9.990e-29      60.48 4.9515e-02 7.9947e+00    81.2612    4.63185    34.9860    34.9924    27.3177    1490.55    1486.81 0.0000e+00
      13599    578.000     7.6323     7.6311   3.611484   3.611958     1.7950    -0.0594      98.57 4.9484e-02 7.9947e+00    81.2379    4.63499    34.9859    34.9922    27.3177    1490.57    1486.82 0.0000e+00
      13624    579.000     7.6323     7.6311   3.611520   3.612001     1.7942    -0.0605      72.10 4.9480e-02 7.9947e+00    81.2735    4.62918    34.9858    34.9922    27.3176    1490.59    1486.82 0.0000e+00
      13648    580.000     7.6322     7.6311   3.611564   3.612049     1.7936    -0.0673      97.27 4.9485e-02 7.9947e+00    81.2569    4.63163    34.9859    34.9923    27.3177    1490.60    1486.83 0.0000e+00
      13671    581.000     7.6323     7.6312   3.611625   3.612102     1.7927    -0.0651      86.33 4.9493e-02 7.9947e+00    81.2609    4.62644    34.9860    34.9923    27.3177    1490.62    1486.84 0.0000e+00
      13694    582.000     7.6323     7.6311   3.611666   3.612147     1.7924    -0.0626      94.40 4.9506e-02 7.9947e+00    81.2342    4.63140    34.9860    34.9924    27.3177    1490.64    1486.84 0.0000e+00
      13717    583.000     7.6326     7.6313   3.611753   3.612216     1.7918 -9.990e-29      89.11 4.9493e-02 7.9947e+00    81.2062    4.62432    34.9862    34.9925    27.3178    1490.66    1486.85 0.0000e+00
      13741    584.000     7.6327     7.6315   3.611790   3.612271     1.7911 -9.990e-29      98.83 4.9497e-02 7.9947e+00    81.1851    4.62154    34.9860    34.9924    27.3176    1490.67    1486.85 0.0000e+00
      13764    585.000     7.6327     7.6314   3.611837   3.612313     1.7903 -9.990e-29      79.77 4.9491e-02 7.9947e+00    81.1883    4.62062    34.9860    34.9924    27.3177    1490.69    1486.86 0.0000e+00
      13788    586.000     7.6328     7.6316   3.611892   3.612370     1.7895 -9.990e-29      58.65 4.9481e-02 7.9947e+00    81.2013    4.61942    34.9860    34.9924    27.3177    1490.71    1486.87 0.0000e+00
      13811    587.000     7.6329     7.6317   3.611955   3.612428     1.7892 -9.990e-29      69.51 4.9491e-02 7.9947e+00    81.2025    4.62325    34.9861    34.9924    27.3177    1490.72    1486.87 0.0000e+00
      13835    588.000     7.6330     7.6318   3.612003   3.612480     1.7890 -9.990e-29      74.06 4.9481e-02 7.9947e+00    81.2084    4.61801    34.9861    34.9924    27.3177    1490.74    1486.88 0.0000e+00
      13858    589.000     7.6331     7.6320   3.612068   3.612551     1.7879 -9.990e-29      68.57 4.9480e-02 7.9947e+00    81.1696    4.61461    34.9862    34.9925    27.3178    1490.76    1486.89 0.0000e+00
      13882    590.000     7.6333     7.6321   3.612122   3.612606     1.7875 -9.990e-29      89.17 4.9487e-02 7.9947e+00    81.1820    4.61748    34.9861    34.9925    27.3177    1490.77    1486.89 0.0000e+00
      13905    591.000     7.6333     7.6322   3.612170   3.612655     1.7870    -0.0558      67.83 4.9481e-02 7.9947e+00    81.1601    4.61066    34.9861    34.9925    27.3177    1490.79    1486.90 0.0000e+00
      13928    592.000     7.6334     7.6322   3.612228   3.612706     1.7861    -0.0558      92.40 4.9517e-02 7.9947e+00    81.1667    4.60955    34.9862    34.9926    27.3177    1490.81    1486.91 0.0000e+00
      13951    593.000     7.6334     7.6321   3.612262   3.612737     1.7855    -0.0558      96.13 4.9499e-02 7.9947e+00    81.1449    4.61149    34.9861    34.9925    27.3176    1490.82    1486.91 0.0000e+00
      13974    594.000     7.6333     7.6321   3.612303   3.612776     1.7852    -0.0558      34.10 4.9506e-02 7.9947e+00    81.1599    4.60789    34.9862    34.9925    27.3177    1490.84    1486.92 0.0000e+00
      13997    595.000     7.6333     7.6321   3.612347   3.612829     1.7842    -0.0558      89.45 4.9503e-02 7.9947e+00    81.1486    4.60317    34.9862    34.9926    27.3177    1490.86    1486.93 0.0000e+00
      14020    596.000     7.6334     7.6322   3.612406   3.612883     1.7836 -9.990e-29      28.88 4.9490e-02 7.9947e+00    81.1628    4.60331    34.9862    34.9926    27.3177    1490.87    1486.93 0.0000e+00
      14044    597.000     7.6335     7.6324   3.612460   3.612942     1.7829 -9.990e-29      95.94 4.9515e-02 7.9947e+00    81.1621    4.60321    34.9862    34.9925    27.3177    1490.89    1486.94 0.0000e+00
      14067    598.000     7.6337     7.6326   3.612525   3.613007     1.7824 -9.990e-29      84.51 4.9493e-02 7.9947e+00    81.1364    4.60275    34.9863    34.9926    27.3177    1490.91    1486.95 0.0000e+00
      14089    599.000     7.6339     7.6327   3.612593   3.613062     1.7819 -9.990e-29      98.79 4.9521e-02 7.9947e+00    81.0627    4.59802    34.9863    34.9926    27.3177    1490.92    1486.95 0.0000e+00
      14112    600.000     7.6342     7.6328   3.612668   3.613132     1.7811 -9.990e-29      94.31 4.9494e-02 7.9947e+00    81.0905    4.60102    34.9863    34.9928    27.3177    1490.94    1486.96 0.0000e+00
      14135    601.000     7.6346     7.6333   3.612752   3.613214     1.7809 -9.990e-29      57.66 4.9517e-02 7.9947e+00    81.1084    4.59654    34.9864    34.9927    27.3177    1490.96    1486.97 0.0000e+00
      14157    602.000     7.6344     7.6333   3.612785   3.613269     1.7801 -9.990e-29      98.61 4.9496e-02 7.9947e+00    81.0321    4.59557    34.9865    34.9928    27.3178    1490.98    1486.97 0.0000e+00
      14181    603.000     7.6343     7.6332   3.612829   3.613306     1.7797 -9.990e-29      44.16 4.9514e-02 7.9947e+00    81.0484    4.59931    34.9866    34.9928    27.3179    1490.99    1486.98 0.0000e+00
      14204    604.000     7.6341     7.6330   3.612845   3.613323     1.7795 -9.990e-29      98.69 4.9512e-02 7.9947e+00    81.0815    4.59683    34.9865    34.9927    27.3178    1491.01    1486.99 0.0000e+00
      14227    605.000     7.6340     7.6328   3.612873   3.613341     1.7790 -9.990e-29      58.61 4.9489e-02 7.9947e+00    81.0500    4.59298    34.9864    34.9926    27.3178    1491.02    1486.99 0.0000e+00
      14249    606.000     7.6340     7.6329   3.612913   3.613397     1.7782 -9.990e-29      99.02 4.9518e-02 7.9947e+00    81.0234    4.58946    34.9863    34.9927    27.3177    1491.04    1487.00 0.0000e+00
      14272    607.000     7.6340     7.6328   3.612952   3.613428     1.7778 -9.990e-29      63.67 4.9491e-02 7.9947e+00    81.0373    4.58986    34.9863    34.9926    27.3177    1491.06    1487.01 0.0000e+00
      14296    608.000     7.6338     7.6327   3.612968   3.613463     1.7769    -0.0672      97.98 4.9508e-02 7.9947e+00    81.0362    4.58400    34.9862    34.9926    27.3176    1491.07    1487.01 0.0000e+00
      14320    609.000     7.6336     7.6325   3.613009   3.613479     1.7762    -0.0647      67.38 4.9505e-02 7.9947e+00    81.0252    4.58669    34.9864    34.9925    27.3178    1491.09    1487.02 0.0000e+00
      14343    610.000     7.6337     7.6326   3.613052   3.613528     1.7757    -0.0574      68.38 4.9512e-02 7.9947e+00    81.0180    4.58542    34.9862    34.9925    27.3177    1491.11    1487.03 0.0000e+00
