_data/ctd/2022_CLIFORD_Benthic_data_CTDs/sta0611.cnv
* Sea-Bird SBE 9 Data File:
* FileName = C:\Seabird\CTDData\sta0611.hex
* Software Version Seasave V 7.21f
* Temperature SN = 5234
* Conductivity SN = 4797
* Number of Bytes Per Scan = 40
* Number of Voltage Words = 5
* Number of Scans Averaged by the Deck Unit = 1
* NMEA Latitude = 60 28.02 N
* NMEA Longitude = 005 40.34 E
* NMEA UTC (Time) = May 27 2022 07:13:49
* NMEA baud rate = 4800
** Ship: R/V "Kristine Bonnevie"
** Station: 0611
** Echodepth: 421.06
** Log: 9744.956
** Wind-Dir/Force: 29 02
** Air-temp (dry): 7.2
** Weather Sky:
** Sea:
** Sørfjorden, Norce st. 17
# nquan = 19                                
# nvalues = 417                         
# units = specified
# name 0 = scan: Scan Count
# name 1 = prDM: Pressure, Digiquartz [db]
# name 2 = t068C: Temperature [ITS-68, deg C]
# name 3 = t168C: Temperature, 2 [ITS-68, deg C]
# name 4 = c0S/m: Conductivity [S/m]
# name 5 = c1S/m: Conductivity, 2 [S/m]
# name 6 = sbeox0V: Oxygen raw, SBE 43 [V]
# name 7 = flECO-AFL: Fluorescence, WET Labs ECO-AFL/FL [mg/m^3]
# name 8 = altM: Altimeter [m]
# name 9 = par: PAR/Irradiance, Biospherical/Licor
# name 10 = spar: SPAR/Surface Irradiance
# name 11 = CStarTr0: Beam Transmission, WET Labs C-Star [%]
# name 12 = sbeox0ML/L: Oxygen, SBE 43 [ml/l], WS = 2
# name 13 = sal00: Salinity, Practical [PSU]
# name 14 = sal11: Salinity, Practical, 2 [PSU]
# name 15 = sigma-t00: Density [sigma-t, Kg/m^3 ]
# name 16 = svCM: Sound Velocity [Chen-Millero, m/s]
# name 17 = avgsvCM: Average Sound Velocity [Chen-Millero, m/s], minP = 1, minS = 5
# name 18 = flag: flag
# span 0 =        547,      12675       
# span 1 =      6.000,    422.000       
# span 2 =     8.0407,     9.7267       
# span 3 =     8.0430,     9.7283       
# span 4 =   3.313169,   3.677082       
# span 5 =   3.316433,   3.679371       
# span 6 =     1.2215,     2.6881       
# span 7 =    -0.0757,     2.8640       
# span 8 =       0.59,      99.14       
# span 9 = 4.9004e-02, 1.8515e+01       
# span 10 = 4.4969e+02, 4.6969e+02      
# span 11 =    73.5951,    81.1652      
# span 12 =    2.51670,    7.24488      
# span 13 =    30.4653,    34.8036      
# span 14 =    30.5129,    34.8263      
# span 15 =    23.5062,    27.1065      
# span 16 =    1482.15,    1489.50      
# span 17 =    1482.22,    1486.45      
# span 18 = 0.0000e+00, 0.0000e+00      
# interval = decibars: 1                
# start_time = May 27 2022 07:13:51 [System UTC, header]
# bad_flag = -9.990e-29
*END*
[from data line 229]
       5641    235.000     8.0950     8.0972   3.620923   3.623230     1.4636 -9.990e-29      98.48 4.9508e-02 4.5994e+02    80.9434    3.26857    34.7905    34.8130    27.0953    1486.43    1485.23 0.0000e+00
       5662    236.000     8.0950     8.0973   3.621007   3.623323     1.4634 -9.990e-29      98.78 4.9508e-02 4.5972e+02    80.9766    3.27007    34.7909    34.8134    27.0957    1486.45    1485.23 0.0000e+00
       5684    237.000     8.0966     8.0989   3.621279   3.623596     1.4626 -9.990e-29      98.78 4.9532e-02 4.5976e+02    81.0295    3.26509    34.7918    34.8143    27.0961    1486.47    1485.24 0.0000e+00
       5706    238.000     8.0973     8.0995   3.621406   3.623713     1.4619 -9.990e-29      98.78 4.9534e-02 4.5969e+02    81.0368    3.26825    34.7920    34.8145    27.0961    1486.49    1485.24 0.0000e+00
       5728    239.000     8.0971     8.0991   3.621450   3.623759     1.4619 -9.990e-29      98.78 4.9540e-02 4.5969e+02    81.0174    3.27305    34.7921    34.8149    27.0963    1486.51    1485.25 0.0000e+00
       5750    240.000     8.0961     8.0982   3.621436   3.623734     1.4621 -9.990e-29      57.05 4.9508e-02 4.5969e+02    81.0080    3.27096    34.7925    34.8150    27.0967    1486.52    1485.25 0.0000e+00
       5771    241.000     8.0959     8.0981   3.621503   3.623823     1.4612 -9.990e-29      77.94 4.9515e-02 4.5969e+02    81.0149    3.26163    34.7929    34.8156    27.0971    1486.53    1485.26 0.0000e+00
       5793    242.000     8.0963     8.0984   3.621641   3.623966     1.4606 -9.990e-29      80.14 1.0540e-01 4.5969e+02    80.9672    3.26404    34.7935    34.8163    27.0975    1486.55    1485.26 0.0000e+00
       5815    243.000     8.0966     8.0987   3.621747   3.624055     1.4604 -9.990e-29      98.56 5.0215e-02 -9.990e-29    81.0063    3.27211    34.7939    34.8165    27.0978    1486.57    1485.27 0.0000e+00
       5837    244.000     8.0969     8.0991   3.621872   3.624181     1.4609 -9.990e-29      98.78 4.9558e-02 -9.990e-29    81.0511    3.27712    34.7945    34.8170    27.0981    1486.59    1485.27 0.0000e+00
       5859    245.000     8.0973     8.0995   3.622006   3.624325     1.4613 -9.990e-29      98.78 4.9530e-02 -9.990e-29    81.0414    3.28106    34.7950    34.8176    27.0985    1486.61    1485.28 0.0000e+00
       5881    246.000     8.0979     8.1000   3.622162   3.624474     1.4623 -9.990e-29      98.78 4.9515e-02 -9.990e-29    81.0759    3.28906    34.7956    34.8183    27.0989    1486.63    1485.29 0.0000e+00
       5903    247.000     8.0982     8.1003   3.622258   3.624572     1.4632 -9.990e-29      98.78 4.9525e-02 4.5969e+02    81.0842    3.28943    34.7959    34.8185    27.0991    1486.65    1485.29 0.0000e+00
       5925    248.000     8.0983     8.1005   3.622337   3.624648     1.4636 -9.990e-29      98.78 4.9540e-02 4.5968e+02    81.0838    3.27983    34.7961    34.8187    27.0992    1486.66    1485.30 0.0000e+00
       5947    249.000     8.0984     8.1007   3.622404   3.624721     1.4631 -9.990e-29      98.78 4.9534e-02 4.5826e+02    81.0533    3.27467    34.7963    34.8188    27.0993    1486.68    1485.30 0.0000e+00
       5968    250.000     8.0985     8.1007   3.622481   3.624791     1.4625 -9.990e-29      98.78 4.9512e-02 4.5949e+02    81.0390    3.27321    34.7965    34.8190    27.0995    1486.70    1485.31 0.0000e+00
       5990    251.000     8.0985     8.1006   3.622561   3.624868     1.4621 -9.990e-29      98.78 4.9534e-02 4.5935e+02    81.0425    3.26900    34.7969    34.8195    27.0998    1486.71    1485.31 0.0000e+00
       6011    252.000     8.0986     8.1008   3.622616   3.624935     1.4609 -9.990e-29      98.78 4.9512e-02 4.5852e+02    81.0229    3.25906    34.7969    34.8195    27.0998    1486.73    1485.32 0.0000e+00
       6032    253.000     8.0988     8.1009   3.622690   3.624984     1.4598 -9.990e-29      98.78 4.9509e-02 4.5968e+02    81.0181    3.26601    34.7970    34.8195    27.0999    1486.75    1485.32 0.0000e+00
       6054    254.000     8.0989     8.1011   3.622748   3.625054     1.4600 -9.990e-29      98.78 4.9545e-02 4.5928e+02    81.0369    3.27363    34.7970    34.8195    27.0999    1486.76    1485.33 0.0000e+00
       6075    255.000     8.0992     8.1013   3.622840   3.625141     1.4599 -9.990e-29      98.78 4.9528e-02 4.5844e+02    81.0124    3.27097    34.7973    34.8198    27.1000    1486.78    1485.34 0.0000e+00
       6097    256.000     8.0994     8.1015   3.622929   3.625236     1.4598    -0.0527      98.66 4.9519e-02 4.5924e+02    81.0018    3.27187    34.7975    34.8201    27.1002    1486.80    1485.34 0.0000e+00
       6118    257.000     8.0995     8.1017   3.623013   3.625328     1.4597    -0.0613      98.21 4.9518e-02 -9.990e-29    80.9998    3.27416    34.7979    34.8204    27.1004    1486.82    1485.35 0.0000e+00
       6140    258.000     8.0996     8.1017   3.623088   3.625401     1.4602    -0.0613      98.79 4.9515e-02 -9.990e-29    81.0580    3.27929    34.7981    34.8207    27.1006    1486.83    1485.35 0.0000e+00
       6161    259.000     8.0997     8.1018   3.623162   3.625476     1.4604    -0.0645      98.78 4.9509e-02 -9.990e-29    81.0472    3.27874    34.7983    34.8210    27.1007    1486.85    1485.36 0.0000e+00
       6183    260.000     8.0997     8.1018   3.623237   3.625541     1.4606    -0.0497      98.78 4.9531e-02 -9.990e-29    81.0531    3.27674    34.7986    34.8212    27.1010    1486.87    1485.36 0.0000e+00
       6204    261.000     8.0997     8.1020   3.623303   3.625619     1.4604    -0.0627      98.78 4.9527e-02 4.5774e+02    80.9860    3.27318    34.7988    34.8213    27.1012    1486.89    1485.37 0.0000e+00
       6226    262.000     8.0998     8.1020   3.623358   3.625678     1.4599    -0.0506      98.78 4.9551e-02 4.5769e+02    80.9865    3.26644    34.7988    34.8215    27.1012    1486.90    1485.38 0.0000e+00
       6247    263.000     8.0998     8.1019   3.623406   3.625722     1.4590    -0.0594      98.67 4.9509e-02 4.5769e+02    80.9437    3.25459    34.7989    34.8216    27.1012    1486.92    1485.38 0.0000e+00
       6269    264.000     8.0998     8.1019   3.623465   3.625778     1.4574    -0.0626      98.54 4.9492e-02 4.5769e+02    80.9769    3.25100    34.7990    34.8217    27.1013    1486.94    1485.39 0.0000e+00
       6290    265.000     8.0997     8.1019   3.623512   3.625825     1.4562    -0.0520      98.78 4.9531e-02 4.5766e+02    80.9644    3.25211    34.7992    34.8217    27.1014    1486.95    1485.39 0.0000e+00
       6311    266.000     8.0996     8.1017   3.623551   3.625863     1.4555    -0.0659      98.78 4.9525e-02 -9.990e-29    80.9635    3.25158    34.7992    34.8218    27.1015    1486.97    1485.40 0.0000e+00
       6332    267.000     8.0996     8.1018   3.623624   3.625930     1.4546    -0.0483      98.78 4.9545e-02 -9.990e-29    80.9456    3.24514    34.7995    34.8220    27.1017    1486.98    1485.41 0.0000e+00
       6353    268.000     8.0997     8.1019   3.623685   3.626012     1.4531    -0.0453      98.78 4.9525e-02 -9.990e-29    80.8853    3.23545    34.7996    34.8223    27.1017    1487.00    1485.41 0.0000e+00
       6374    269.000     8.0998     8.1019   3.623748   3.626063     1.4517    -0.0485      98.78 4.9552e-02 -9.990e-29    80.8133    3.23003    34.7997    34.8223    27.1018    1487.02    1485.42 0.0000e+00
       6395    270.000     8.0998     8.1019   3.623806   3.626122     1.4501    -0.0431      98.78 4.9538e-02 -9.990e-29    80.8252    3.22631    34.7998    34.8225    27.1019    1487.03    1485.42 0.0000e+00
       6416    271.000     8.0997     8.1019   3.623852   3.626176     1.4487    -0.0443      98.78 4.9518e-02 4.5574e+02    80.8279    3.22139    34.7999    34.8226    27.1020    1487.05    1485.43 0.0000e+00
       6437    272.000     8.0997     8.1018   3.623909   3.626223     1.4470    -0.0431      98.78 4.9539e-02 4.5570e+02    80.7923    3.21866    34.8001    34.8227    27.1021    1487.07    1485.44 0.0000e+00
       6459    273.000     8.0994     8.1015   3.623945   3.626249     1.4461    -0.0452      98.78 4.9521e-02 4.5570e+02    80.7699    3.22175    34.8003    34.8228    27.1023    1487.08    1485.44 0.0000e+00
       6480    274.000     8.0992     8.1014   3.623986   3.626295     1.4453    -0.0446      98.78 4.9512e-02 4.5570e+02    80.7527    3.21861    34.8004    34.8229    27.1025    1487.10    1485.45 0.0000e+00
       6501    275.000     8.0990     8.1012   3.624028   3.626339     1.4442    -0.0481      98.78 4.9532e-02 4.5570e+02    80.7222    3.21210    34.8006    34.8231    27.1026    1487.12    1485.45 0.0000e+00
       6522    276.000     8.0987     8.1009   3.624040   3.626360     1.4428    -0.0388      90.47 4.9492e-02 4.5570e+02    80.7066    3.20628    34.8005    34.8232    27.1026    1487.13    1485.46 0.0000e+00
       6543    277.000     8.0987     8.1008   3.624087   3.626404     1.4415    -0.0470      85.81 4.9525e-02 4.5570e+02    80.6622    3.20201    34.8006    34.8233    27.1027    1487.15    1485.47 0.0000e+00
       6564    278.000     8.0987     8.1009   3.624141   3.626454     1.4404    -0.0466      98.93 4.9532e-02 4.5570e+02    80.6130    3.19950    34.8007    34.8232    27.1027    1487.16    1485.47 0.0000e+00
       6585    279.000     8.0987     8.1009   3.624193   3.626505     1.4389    -0.0490      98.78 4.9538e-02 4.5570e+02    80.5647    3.19163    34.8007    34.8233    27.1028    1487.18    1485.48 0.0000e+00
       6606    280.000     8.0988     8.1009   3.624250   3.626557     1.4374    -0.0501      98.78 4.9545e-02 4.5570e+02    80.5521    3.18954    34.8008    34.8234    27.1028    1487.20    1485.48 0.0000e+00
       6627    281.000     8.0988     8.1009   3.624310   3.626618     1.4363    -0.0571      98.78 4.9528e-02 4.5570e+02    80.5174    3.18692    34.8009    34.8235    27.1029    1487.21    1485.49 0.0000e+00
       6648    282.000     8.0985     8.1006   3.624318   3.626633     1.4351    -0.0436      54.71 4.9515e-02 4.5570e+02    80.5143    3.18744    34.8008    34.8235    27.1029    1487.23    1485.50 0.0000e+00
       6669    283.000     8.0977     8.0999   3.624305   3.626621     1.4345    -0.0437      87.30 4.9527e-02 4.5570e+02    80.4956    3.19216    34.8010    34.8236    27.1032    1487.24    1485.50 0.0000e+00
       6691    284.000     8.0977     8.1000   3.624355   3.626686     1.4341    -0.0340      92.27 4.9538e-02 4.5570e+02    80.5108    3.19235    34.8011    34.8237    27.1032    1487.26    1485.51 0.0000e+00
       6712    285.000     8.0978     8.1000   3.624423   3.626731     1.4338    -0.0467      98.75 4.9532e-02 4.5570e+02    80.4827    3.19056    34.8012    34.8237    27.1033    1487.28    1485.52 0.0000e+00
       6733    286.000     8.0981     8.1002   3.624502   3.626819     1.4333    -0.0485      98.78 4.9552e-02 4.5570e+02    80.4032    3.18384    34.8013    34.8240    27.1033    1487.29    1485.52 0.0000e+00
       6754    287.000     8.0986     8.1008   3.624626   3.626943     1.4319    -0.0460      98.78 4.9538e-02 4.5570e+02    80.3747    3.17689    34.8016    34.8242    27.1035    1487.31    1485.53 0.0000e+00
       6776    288.000     8.0987     8.1008   3.624682   3.627005     1.4311    -0.0499      98.78 4.9514e-02 4.5570e+02    80.3411    3.17764    34.8017    34.8244    27.1035    1487.33    1485.53 0.0000e+00
       6797    289.000     8.0987     8.1008   3.624737   3.627054     1.4305    -0.0530      98.78 4.9534e-02 4.5570e+02    80.4072    3.18121    34.8018    34.8245    27.1036    1487.35    1485.54 0.0000e+00
       6819    290.000     8.0987     8.1008   3.624779   3.627100     1.4303    -0.0511      98.78 4.9519e-02 4.5570e+02    80.4529    3.19032    34.8017    34.8245    27.1036    1487.36    1485.55 0.0000e+00
       6840    291.000     8.0984     8.1005   3.624792   3.627120     1.4310    -0.0437      98.78 4.9534e-02 4.5561e+02    80.5381    3.19896    34.8017    34.8245    27.1036    1487.38    1485.55 0.0000e+00
       6862    292.000     8.0979     8.1002   3.624787   3.627125     1.4319    -0.0474      98.78 4.9534e-02 4.5431e+02    80.5654    3.19914    34.8017    34.8244    27.1037    1487.39    1485.56 0.0000e+00
       6884    293.000     8.0975     8.0997   3.624794   3.627125     1.4320    -0.0515      98.78 4.9532e-02 4.5392e+02    80.5528    3.19492    34.8017    34.8244    27.1037    1487.41    1485.57 0.0000e+00
       6905    294.000     8.0970     8.0991   3.624779   3.627097     1.4322    -0.0488      98.78 4.9559e-02 4.5370e+02    80.5322    3.19223    34.8015    34.8242    27.1037    1487.42    1485.57 0.0000e+00
       6927    295.000     8.0967     8.0988   3.624806   3.627123     1.4316    -0.0485      98.78 4.9524e-02 4.5370e+02    80.4690    3.18139    34.8016    34.8243    27.1038    1487.44    1485.58 0.0000e+00
       6949    296.000     8.0965     8.0986   3.624852   3.627158     1.4303    -0.0378      98.78 4.9538e-02 4.5370e+02    80.3787    3.17500    34.8018    34.8244    27.1040    1487.45    1485.58 0.0000e+00
       6970    297.000     8.0965     8.0986   3.624895   3.627213     1.4294    -0.0433      98.78 4.9525e-02 4.5370e+02    80.3365    3.16783    34.8018    34.8245    27.1040    1487.47    1485.59 0.0000e+00
       6991    298.000     8.0963     8.0985   3.624929   3.627251     1.4276    -0.0465      98.78 4.9527e-02 4.5370e+02    80.2139    3.15857    34.8019    34.8245    27.1041    1487.49    1485.60 0.0000e+00
       7013    299.000     8.0961     8.0983   3.624964   3.627276     1.4260    -0.0501      98.78 4.9534e-02 4.5370e+02    80.2146    3.15441    34.8020    34.8245    27.1042    1487.50    1485.60 0.0000e+00
       7035    300.000     8.0959     8.0981   3.624989   3.627310     1.4243    -0.0424      98.78 4.9532e-02 4.5370e+02    80.1689    3.14947    34.8020    34.8246    27.1042    1487.52    1485.61 0.0000e+00
       7057    301.000     8.0958     8.0979   3.625026   3.627342     1.4226    -0.0464      98.78 4.9534e-02 4.5370e+02    80.1611    3.14801    34.8020    34.8247    27.1042    1487.53    1485.62 0.0000e+00
       7078    302.000     8.0959     8.0981   3.625089   3.627404     1.4217    -0.0443      97.02 4.9525e-02 4.5370e+02    80.1332    3.14747    34.8021    34.8247    27.1043    1487.55    1485.62 0.0000e+00
       7100    303.000     8.0960     8.0982   3.625138   3.627457     1.4203    -0.0529      66.21 4.9527e-02 4.5370e+02    80.0945    3.14050    34.8020    34.8247    27.1042    1487.57    1485.63 0.0000e+00
       7121    304.000     8.0959     8.0981   3.625174   3.627499     1.4191    -0.0514      86.73 4.9521e-02 4.5370e+02    80.0765    3.13711    34.8020    34.8247    27.1043    1487.58    1485.64 0.0000e+00
       7143    305.000     8.0958     8.0980   3.625220   3.627537     1.4176    -0.0450      98.63 4.9532e-02 4.5370e+02    80.0406    3.13216    34.8022    34.8248    27.1044    1487.60    1485.64 0.0000e+00
       7165    306.000     8.0958     8.0979   3.625261   3.627576     1.4165    -0.0460      98.78 4.9554e-02 4.5370e+02    80.0440    3.13327    34.8021    34.8248    27.1043    1487.62    1485.65 0.0000e+00
       7187    307.000     8.0958     8.0980   3.625310   3.627632     1.4157    -0.0424      98.78 4.9532e-02 4.5370e+02    80.0272    3.13517    34.8022    34.8248    27.1044    1487.63    1485.65 0.0000e+00
       7209    308.000     8.0957     8.0978   3.625351   3.627671     1.4150    -0.0426      98.78 4.9530e-02 4.5370e+02    79.9949    3.13171    34.8022    34.8250    27.1044    1487.65    1485.66 0.0000e+00
       7231    309.000     8.0957     8.0978   3.625385   3.627709     1.4142    -0.0448      98.78 4.9527e-02 4.5370e+02    79.9804    3.12948    34.8021    34.8249    27.1043    1487.66    1485.67 0.0000e+00
