_data/ctd/2022_CLIFORD_Benthic_data_CTDs/sta0592.cnv
* Sea-Bird SBE 9 Data File:
* FileName = C:\Seabird\CTDData\sta0592.hex
* Software Version Seasave V 7.21f
* Temperature SN = 5234
* Conductivity SN = 4797
* Number of Bytes Per Scan = 40
* Number of Voltage Words = 5
* Number of Scans Averaged by the Deck Unit = 1
* NMEA Latitude = 60 49.51 N
* NMEA Longitude = 005 20.82 E
* NMEA UTC (Time) = May 23 2022 08:49:42
* NMEA baud rate = 4800
** Ship: R/V "Kristine Bonnevie"
** Station: 0592
** Echodepth: 298.89
** Log: 9435.077
** Wind-Dir/Force: 12 06
** Air-temp (dry): 10.5
** Weather Sky:
** Sea:
** Masfjorden
# nquan = 19                                
# nvalues = 296                         
# units = specified
# name 0 = scan: Scan Count
# name 1 = prDM: Pressure, Digiquartz [db]
# name 2 = t068C: Temperature [ITS-68, deg C]
# name 3 = t168C: Temperature, 2 [ITS-68, deg C]
# name 4 = c0S/m: Conductivity [S/m]
# name 5 = c1S/m: Conductivity, 2 [S/m]
# name 6 = sbeox0V: Oxygen raw, SBE 43 [V]
# name 7 = flECO-AFL: Fluorescence, WET Labs ECO-AFL/FL [mg/m^3]
# name 8 = altM: Altimeter [m]
# name 9 = par: PAR/Irradiance, Biospherical/Licor
# name 10 = spar: SPAR/Surface Irradiance
# name 11 = CStarTr0: Beam Transmission, WET Labs C-Star [%]
# name 12 = sbeox0ML/L: Oxygen, SBE 43 [ml/l], WS = 2
# name 13 = sal00: Salinity, Practical [PSU]
# name 14 = sal11: Salinity, Practical, 2 [PSU]
# name 15 = sigma-t00: Density [sigma-t, Kg/m^3 ]
# name 16 = svCM: Sound Velocity [Chen-Millero, m/s]
# name 17 = avgsvCM: Average Sound Velocity [Chen-Millero, m/s], minP = 1, minS = 5
# name 18 = flag: flag
# span 0 =        322,       6899       
# span 1 =      2.000,    297.000       
# span 2 =     7.9661,    12.0816       
# span 3 =     7.9690,    12.0999       
# span 4 =   2.683224,   3.657842       
# span 5 =   2.675096,   3.660115       
# span 6 =     1.5532,     2.8007       
# span 7 =    -0.0881,     1.5571       
# span 8 =      -8.59,      99.38       
# span 9 = 4.9464e-02, 6.7275e+01       
# span 10 = 1.3008e+02, 1.6813e+02      
# span 11 =    59.9875,    81.1327      
# span 12 =    3.55056,    7.51092      
# span 13 =    22.4490,    34.9187      
# span 14 =    22.3633,    34.9406      
# span 15 =    16.8508,    27.1597      
# span 16 =    1480.33,    1488.50      
# span 17 =    1481.30,    1485.66      
# span 18 = 0.0000e+00, 0.0000e+00      
# interval = decibars: 1                
# start_time = May 23 2022 08:49:44 [System UTC, header]
# bad_flag = -9.990e-29
*END*
        322      2.000    12.0816    12.0999   2.683224   2.675096     2.8007     1.5571      -8.59 6.7275e+01 1.5402e+02    69.9629    7.51092    22.4490    22.3633    16.8508    1482.18    1482.18 0.0000e+00
        389      3.000    10.5622    10.5202   3.151242   3.152719     2.7842     1.3874      53.23 4.4724e+01 1.5326e+02    63.9316    7.31599    27.9242    27.9709    21.3445    1483.32    1482.56 0.0000e+00
        438      4.000     9.9942     9.8073   3.257271   3.291035     2.7692     1.2703      28.15 3.1152e+01 1.5190e+02    59.9875    7.37334    29.4212    29.9135    22.6010    1483.09    1482.69 0.0000e+00
        481      5.000     9.5972     9.5663   3.328668   3.334508     2.7630     1.3509      78.44 2.2954e+01 1.5076e+02    65.8794    7.35264    30.4696    30.5551    23.4813    1482.92    1482.74 0.0000e+00
        521      6.000     9.1701     9.1324   3.399652   3.406691     2.7524     1.3298      98.80 1.7753e+01 1.4990e+02    72.0357    7.30728    31.5648    31.6708    24.4035    1482.70    1482.73 0.0000e+00
        559      7.000     8.9278     8.9205   3.431010   3.434694     2.7403     1.3100      98.83 1.4001e+01 1.4990e+02    72.8499    7.29973    32.1054    32.1502    24.8637    1482.48    1482.70 0.0000e+00
        596      8.000     8.7658     8.7581   3.434821   3.436745     2.7337     1.3325      98.83 1.1086e+01 1.4885e+02    73.3695    7.32242    32.2916    32.3187    25.0342    1482.13    1482.63 0.0000e+00
        630      9.000     8.6672     8.6652   3.432859   3.434987     2.7271     1.3437      98.83 8.9319e+00 1.4790e+02    75.0694    7.30060    32.3607    32.3848    25.1033    1481.86    1482.54 0.0000e+00
        662     10.000     8.6374     8.6398   3.433374   3.435599     2.7205     1.3713      98.83 7.2987e+00 1.4790e+02    75.4825    7.29759    32.3929    32.4140    25.1330    1481.80    1482.47 0.0000e+00
        692     11.000     8.5638     8.5620   3.433006   3.435104     2.7162     1.4095      98.83 6.0172e+00 1.4774e+02    75.5778    7.29245    32.4562    32.4798    25.1937    1481.62    1482.39 0.0000e+00
        721     12.000     8.4665     8.4660   3.430725   3.432877     2.7107     1.4094      98.83 5.0031e+00 1.4589e+02    75.6040    7.27837    32.5213    32.5445    25.2593    1481.35    1482.30 0.0000e+00
        748     13.000     8.4045     8.4038   3.429130   3.431214     2.7050     1.4322      98.83 4.1970e+00 1.4590e+02    75.8153    7.27657    32.5613    32.5840    25.3000    1481.19    1482.22 0.0000e+00
        775     14.000     8.3712     8.3702   3.429288   3.431345     2.7011     1.4409      98.83 3.5651e+00 1.4590e+02    75.9637    7.27830    32.5934    32.6160    25.3300    1481.12    1482.14 0.0000e+00
        801     15.000     8.3181     8.3157   3.427292   3.429322     2.6969     1.4189      98.83 3.0482e+00 1.4590e+02    76.0557    7.26476    32.6210    32.6447    25.3596    1480.97    1482.06 0.0000e+00
        827     16.000     8.2799     8.2810   3.426726   3.428806     2.6921     1.4301      98.83 2.6102e+00 1.4518e+02    76.4702    7.24553    32.6501    32.6710    25.3880    1480.88    1481.99 0.0000e+00
        852     17.000     8.2716     8.2689   3.427875   3.429886     2.6864     1.4137      98.83 2.2459e+00 1.4388e+02    76.7269    7.22667    32.6695    32.6933    25.4045    1480.89    1481.92 0.0000e+00
        877     18.000     8.1934     8.1903   3.425360   3.427382     2.6810     1.3964      98.83 1.9399e+00 1.4390e+02    76.9771    7.21674    32.7152    32.7395    25.4518    1480.66    1481.85 0.0000e+00
        902     19.000     8.1711     8.1719   3.425371   3.427441     2.6750     1.4028      98.83 1.6793e+00 1.4390e+02    77.0813    7.20413    32.7356    32.7568    25.4711    1480.62    1481.79 0.0000e+00
        926     20.000     8.1386     8.1362   3.424828   3.426873     2.6702     1.3464      98.83 1.4578e+00 1.4390e+02    77.3379    7.19547    32.7597    32.7837    25.4948    1480.54    1481.73 0.0000e+00
        950     21.000     8.0944     8.0936   3.425137   3.427208     2.6646     1.2390      98.83 1.2775e+00 1.4390e+02    77.2318    7.17174    32.8039    32.8267    25.5359    1480.45    1481.66 0.0000e+00
        974     22.000     8.0772     8.0779   3.425393   3.427479     2.6581     1.1303      98.83 1.1169e+00 1.4390e+02    77.4333    7.15096    32.8223    32.8438    25.5529    1480.42    1481.61 0.0000e+00
        998     23.000     8.0715     8.0721   3.427348   3.429499     2.6522     1.0414      98.83 9.8452e-01 1.4265e+02    77.4682    7.13731    32.8479    32.8703    25.5739    1480.45    1481.56 0.0000e+00
       1020     24.000     8.0360     8.0359   3.427804   3.429926     2.6467     1.0005      98.83 8.7093e-01 1.4191e+02    77.4927    7.12611    32.8856    32.9083    25.6086    1480.38    1481.51 0.0000e+00
       1043     25.000     8.0214     8.0229   3.428647   3.430839     2.6415     0.8925      98.83 7.7715e-01 1.4191e+02    77.8845    7.11821    32.9079    32.9298    25.6282    1480.37    1481.46 0.0000e+00
       1066     26.000     8.0086     8.0104   3.430228   3.432383     2.6375     0.8668      98.79 6.9205e-01 1.4191e+02    78.4214    7.12211    32.9363    32.9576    25.6524    1480.37    1481.42 0.0000e+00
       1088     27.000     7.9807     7.9791   3.431772   3.433926     2.6346     0.7939      98.53 6.2424e-01 1.4191e+02    78.7261    7.12086    32.9786    33.0031    25.6896    1480.33    1481.38 0.0000e+00
       1109     28.000     7.9661     7.9690   3.437454   3.439622     2.6321     0.6920      98.83 5.5651e-01 1.4191e+02    78.9148    7.12058    33.0525    33.0730    25.7498    1480.38    1481.34 0.0000e+00
       1130     29.000     7.9945     8.0019   3.444385   3.446681     2.6304     0.6025      98.83 5.0148e-01 1.4171e+02    79.0388    7.12131    33.0992    33.1167    25.7823    1480.57    1481.32 0.0000e+00
       1151     30.000     8.0516     8.0548   3.455008   3.457180     2.6300     0.5244      98.83 4.5338e-01 1.3999e+02    79.1540    7.12869    33.1580    33.1781    25.8201    1480.87    1481.30 0.0000e+00
       1172     31.000     8.0609     8.0699   3.467458   3.469980     2.6318     0.4619      98.83 4.0977e-01 1.3991e+02    79.3601    7.15414    33.2814    33.2997    25.9156    1481.08    1481.30 0.0000e+00
       1192     32.000     8.1878     8.1985   3.492516   3.494997     2.6354     0.3978      98.83 3.6788e-01 1.3991e+02    79.5180    7.17330    33.4270    33.4432    26.0111    1481.75    1481.31 0.0000e+00
       1213     33.000     8.1871     8.1856   3.498625   3.500545     2.6428     0.3377      69.42 3.3362e-01 1.3991e+02    79.7707    7.22551    33.4922    33.5141    26.0624    1481.85    1481.33 0.0000e+00
       1233     34.000     8.3084     8.3248   3.518926   3.521359     2.6510     0.2752      99.31 3.0276e-01 1.3991e+02    79.9911    7.22423    33.5916    33.6017    26.1222    1482.44    1481.36 0.0000e+00
       1253     35.000     8.4982     8.5279   3.550811   3.554255     2.6582     0.1989      98.83 2.7421e-01 1.3991e+02    80.1579    7.20009    33.7472    33.7552    26.2155    1483.36    1481.42 0.0000e+00
       1274     36.000     8.6904     8.7045   3.579372   3.582092     2.6650     0.1384      98.83 2.4833e-01 1.3991e+02    80.3537    7.15172    33.8639    33.8791    26.2774    1484.24    1481.49 0.0000e+00
       1295     37.000     8.7813     8.7925   3.594997   3.597711     2.6665     0.1273      98.83 2.2693e-01 1.3991e+02    80.3183    7.04208    33.9407    33.9584    26.3234    1484.69    1481.58 0.0000e+00
       1317     38.000     8.8740     8.8830   3.612541   3.615043     2.6557     0.1274      98.83 2.0885e-01 1.3982e+02    80.5234    6.82595    34.0354    34.0530    26.3830    1485.16    1481.67 0.0000e+00
       1341     39.000     8.8311     8.8225   3.614094   3.616132     2.6264     0.1274      48.09 1.9071e-01 1.3873e+02    80.5982    6.56301    34.0924    34.1221    26.4345    1485.09    1481.76 0.0000e+00
       1364     40.000     8.7243     8.7218   3.607359   3.609584     2.5818     0.1274      99.07 1.7459e-01 1.3791e+02    80.5591    6.28104    34.1240    34.1498    26.4759    1484.75    1481.84 0.0000e+00
       1388     41.000     8.6916     8.6932   3.609222   3.611523     2.5241     0.1274      98.83 1.6011e-01 1.3791e+02    80.5732    5.99874    34.1747    34.1974    26.5208    1484.71    1481.91 0.0000e+00
       1411     42.000     8.5825     8.5716   3.605504   3.607392     2.4614     0.1275      98.83 1.4732e-01 1.3791e+02    80.6572    5.79874    34.2406    34.2712    26.5894    1484.40    1481.97 0.0000e+00
       1434     43.000     8.5552     8.5544   3.607637   3.609816     2.4029     0.1892      98.35 1.3412e-01 1.3791e+02    80.6357    5.64591    34.2892    34.3130    26.6317    1484.38    1482.02 0.0000e+00
       1456     44.000     8.4753     8.4732   3.600972   3.603031     2.3514     0.1688      98.60 1.2530e-01 1.3791e+02    80.6655    5.54405    34.2959    34.3197    26.6492    1484.10    1482.07 0.0000e+00
       1477     45.000     8.4443     8.4465   3.602260   3.604491     2.3071     0.2053      98.81 1.1677e-01 1.3791e+02    80.6398    5.45441    34.3392    34.3608    26.6880    1484.06    1482.11 0.0000e+00
       1497     46.000     8.4378     8.4354   3.606204   3.608321     2.2678     0.2493      98.80 1.0681e-01 1.3764e+02    80.6579    5.40633    34.3869    34.4117    26.7264    1484.11    1482.16 0.0000e+00
       1518     47.000     8.3393     8.3321   3.601570   3.603542     2.2368     0.2489      98.07 9.7825e-02 1.3588e+02    80.6852    5.39296    34.4335    34.4616    26.7780    1483.81    1482.19 0.0000e+00
       1539     48.000     8.2971     8.2977   3.598790   3.600872     2.2104     0.2025      98.82 9.1219e-02 1.3591e+02    80.7055    5.35340    34.4448    34.4664    26.7933    1483.69    1482.22 0.0000e+00
       1560     49.000     8.2904     8.2917   3.599061   3.601164     2.1868     0.1917      98.80 8.4587e-02 1.3591e+02    80.7597    5.31667    34.4538    34.4749    26.8014    1483.69    1482.25 0.0000e+00
       1581     50.000     8.2697     8.2692   3.598380   3.600450     2.1670     0.1471      98.80 7.6194e-02 1.3591e+02    80.6631    5.30804    34.4663    34.4889    26.8144    1483.64    1482.28 0.0000e+00
       1602     51.000     8.2492     8.2511   3.597915   3.600042     2.1521     0.0875      98.80 7.1124e-02 1.3591e+02    80.8656    5.30743    34.4810    34.5018    26.8290    1483.60    1482.31 0.0000e+00
       1623     52.000     8.2778     8.2839   3.602795   3.605024     2.1400     0.0917      26.93 6.7169e-02 1.3591e+02    80.8961    5.29003    34.5045    34.5222    26.8431    1483.75    1482.33 0.0000e+00
       1645     53.000     8.3129     8.3195   3.608156   3.610467     2.1295     0.0587      97.67 6.2026e-02 1.3591e+02    80.9200    5.28060    34.5266    34.5448    26.8551    1483.93    1482.36 0.0000e+00
       1666     54.000     8.3442     8.3472   3.612346   3.614489     2.1223     0.0227      98.80 5.6372e-02 1.3591e+02    80.9493    5.27353    34.5400    34.5599    26.8609    1484.08    1482.40 0.0000e+00
       1687     55.000     8.3447     8.3463   3.612654   3.614749     2.1150     0.0080      98.80 5.2988e-02 1.3591e+02    80.9569    5.24117    34.5423    34.5630    26.8626    1484.10    1482.43 0.0000e+00
       1709     56.000     8.3334     8.3348   3.612384   3.614522     2.1062     0.0240      95.27 5.1102e-02 1.3591e+02    80.9999    5.19380    34.5501    34.5715    26.8704    1484.08    1482.46 0.0000e+00
       1731     57.000     8.3325     8.3347   3.614800   3.616952     2.0955     0.0512      80.63 4.9568e-02 1.3591e+02    80.9789    5.14789    34.5762    34.5969    26.8910    1484.13    1482.49 0.0000e+00
       1753     58.000     8.3271     8.3283   3.616238   3.618375     2.0850     0.0178      98.82 4.9521e-02 1.3591e+02    80.9660    5.12383    34.5963    34.6179    26.9077    1484.15    1482.51 0.0000e+00
       1774     59.000     8.3273     8.3303   3.617655   3.619817     2.0758     0.0533      98.80 4.9492e-02 1.3591e+02    81.0431    5.10416    34.6107    34.6308    26.9189    1484.18    1482.54 0.0000e+00
       1796     60.000     8.3242     8.3259   3.618407   3.620542     2.0672    -0.0025      98.80 4.9502e-02 1.3582e+02    81.0121    5.08262    34.6213    34.6424    26.9277    1484.20    1482.57 0.0000e+00
       1817     61.000     8.3216     8.3239   3.618526   3.620679     2.0592    -0.0064      98.80 4.9512e-02 1.3517e+02    81.0445    5.06042    34.6247    34.6453    26.9307    1484.21    1482.60 0.0000e+00
       1838     62.000     8.3245     8.3271   3.619820   3.621977     2.0512     0.0012      87.12 4.9502e-02 1.3413e+02    81.0666    5.03977    34.6351    34.6555    26.9385    1484.25    1482.62 0.0000e+00
       1860     63.000     8.3131     8.3129   3.619922   3.622024     2.0441    -0.0253      60.36 4.9512e-02 1.3413e+02    81.0549    5.02851    34.6469    34.6695    26.9495    1484.24    1482.65 0.0000e+00
       1881     64.000     8.3006     8.3024   3.619905   3.622036     2.0380    -0.0513      99.31 4.9519e-02 1.3391e+02    81.0879    5.01926    34.6586    34.6795    26.9606    1484.23    1482.67 0.0000e+00
       1903     65.000     8.3028     8.3058   3.620873   3.623057     2.0326    -0.0225      98.80 4.9521e-02 1.3391e+02    81.0998    5.00771    34.6663    34.6866    26.9663    1484.26    1482.70 0.0000e+00
       1924     66.000     8.3096     8.3128   3.622747   3.624929     2.0274    -0.0379      98.80 4.9518e-02 1.3391e+02    81.1061    4.99672    34.6791    34.6991    26.9752    1484.32    1482.72 0.0000e+00
       1946     67.000     8.3232     8.3261   3.624735   3.626914     2.0231    -0.0498      98.80 4.9502e-02 1.3391e+02    81.0504    4.99125    34.6863    34.7067    26.9789    1484.39    1482.75 0.0000e+00
       1967     68.000     8.3182     8.3189   3.624226   3.626368     2.0196    -0.0520      98.80 4.9490e-02 1.3391e+02    81.0800    4.98452    34.6854    34.7075    26.9789    1484.39    1482.77 0.0000e+00
       1989     69.000     8.3024     8.3060   3.623866   3.626111     2.0159    -0.0496      98.80 4.9525e-02 1.3391e+02    81.1123    4.96462    34.6966    34.7170    26.9901    1484.36    1482.80 0.0000e+00
       2011     70.000     8.3181     8.3208   3.626374   3.628522     2.0106    -0.0506      98.80 4.9518e-02 1.3391e+02    81.0945    4.94335    34.7074    34.7276    26.9962    1484.45    1482.82 0.0000e+00
       2033     71.000     8.3186     8.3205   3.626856   3.629000     2.0063    -0.0528      98.80 4.9525e-02 1.3391e+02    81.1327    4.94008    34.7115    34.7325    26.9994    1484.47    1482.84 0.0000e+00
       2055     72.000     8.3144     8.3166   3.627067   3.629227     2.0031    -0.0518      98.80 4.9499e-02 1.3391e+02    81.1019    4.93182    34.7175    34.7383    27.0046    1484.48    1482.86 0.0000e+00
       2077     73.000     8.3128     8.3152   3.627180   3.629347     1.9988    -0.0448      79.03 4.9527e-02 1.3391e+02    81.0078    4.91031    34.7198    34.7405    27.0067    1484.50    1482.89 0.0000e+00
       2099     74.000     8.3051     8.3067   3.626825   3.628956     1.9943    -0.0488      91.79 4.9496e-02 1.3391e+02    81.0476    4.89966    34.7231    34.7442    27.0105    1484.49    1482.91 0.0000e+00
       2121     75.000     8.2975     8.2992   3.626446   3.628579     1.9906 -9.990e-29      98.76 4.9518e-02 1.3391e+02    81.0846    4.88999    34.7261    34.7471    27.0140    1484.48    1482.93 0.0000e+00
       2142     76.000     8.2930     8.2976   3.626903   3.629175     1.9864 -9.990e-29      98.80 4.9502e-02 1.3391e+02    81.0733    4.88523    34.7349    34.7546    27.0216    1484.49    1482.95 0.0000e+00
       2164     77.000     8.3211     8.3241   3.630408   3.632570     1.9842 -9.990e-29      98.80 4.9518e-02 1.3391e+02    81.0643    4.89452    34.7440    34.7641    27.0245    1484.62    1482.97 0.0000e+00
