_data/ctd/2022_CLIFORD_Benthic_data_CTDs/sta0592.cnv
* Sea-Bird SBE 9 Data File:
* FileName = C:\Seabird\CTDData\sta0592.hex
* Software Version Seasave V 7.21f
* Temperature SN = 5234
* Conductivity SN = 4797
* Number of Bytes Per Scan = 40
* Number of Voltage Words = 5
* Number of Scans Averaged by the Deck Unit = 1
* NMEA Latitude = 60 49.51 N
* NMEA Longitude = 005 20.82 E
* NMEA UTC (Time) = May 23 2022 08:49:42
* NMEA baud rate = 4800
** Ship: R/V "Kristine Bonnevie"
** Station: 0592
** Echodepth: 298.89
** Log: 9435.077
** Wind-Dir/Force: 12 06
** Air-temp (dry): 10.5
** Weather Sky:
** Sea:
** Masfjorden
# nquan = 19                                
# nvalues = 296                         
# units = specified
# name 0 = scan: Scan Count
# name 1 = prDM: Pressure, Digiquartz [db]
# name 2 = t068C: Temperature [ITS-68, deg C]
# name 3 = t168C: Temperature, 2 [ITS-68, deg C]
# name 4 = c0S/m: Conductivity [S/m]
# name 5 = c1S/m: Conductivity, 2 [S/m]
# name 6 = sbeox0V: Oxygen raw, SBE 43 [V]
# name 7 = flECO-AFL: Fluorescence, WET Labs ECO-AFL/FL [mg/m^3]
# name 8 = altM: Altimeter [m]
# name 9 = par: PAR/Irradiance, Biospherical/Licor
# name 10 = spar: SPAR/Surface Irradiance
# name 11 = CStarTr0: Beam Transmission, WET Labs C-Star [%]
# name 12 = sbeox0ML/L: Oxygen, SBE 43 [ml/l], WS = 2
# name 13 = sal00: Salinity, Practical [PSU]
# name 14 = sal11: Salinity, Practical, 2 [PSU]
# name 15 = sigma-t00: Density [sigma-t, Kg/m^3 ]
# name 16 = svCM: Sound Velocity [Chen-Millero, m/s]
# name 17 = avgsvCM: Average Sound Velocity [Chen-Millero, m/s], minP = 1, minS = 5
# name 18 = flag: flag
# span 0 =        322,       6899       
# span 1 =      2.000,    297.000       
# span 2 =     7.9661,    12.0816       
# span 3 =     7.9690,    12.0999       
# span 4 =   2.683224,   3.657842       
# span 5 =   2.675096,   3.660115       
# span 6 =     1.5532,     2.8007       
# span 7 =    -0.0881,     1.5571       
# span 8 =      -8.59,      99.38       
# span 9 = 4.9464e-02, 6.7275e+01       
# span 10 = 1.3008e+02, 1.6813e+02      
# span 11 =    59.9875,    81.1327      
# span 12 =    3.55056,    7.51092      
# span 13 =    22.4490,    34.9187      
# span 14 =    22.3633,    34.9406      
# span 15 =    16.8508,    27.1597      
# span 16 =    1480.33,    1488.50      
# span 17 =    1481.30,    1485.66      
# span 18 = 0.0000e+00, 0.0000e+00      
# interval = decibars: 1                
# start_time = May 23 2022 08:49:44 [System UTC, header]
# bad_flag = -9.990e-29
*END*
[from data line 77]
       2207     79.000     8.3063     8.3060   3.629893   3.632004     1.9824    -0.0458      61.03 4.9512e-02 1.3391e+02    81.0949    4.88826    34.7522    34.7750    27.0332    1484.61    1483.01 0.0000e+00
       2228     80.000     8.2979     8.3021   3.629816   3.632163     1.9795    -0.0488      84.87 4.9534e-02 1.3391e+02    81.1106    4.85861    34.7592    34.7801    27.0399    1484.60    1483.03 0.0000e+00
       2250     81.000     8.3032     8.3025   3.630432   3.632453     1.9750    -0.0489      98.84 4.9518e-02 1.3391e+02    81.0898    4.84462    34.7600    34.7823    27.0398    1484.64    1483.05 0.0000e+00
       2272     82.000     8.2682     8.2690   3.627013   3.629137     1.9724    -0.0489      98.80 4.9495e-02 1.3391e+02    81.0927    4.85171    34.7577    34.7796    27.0433    1484.52    1483.07 0.0000e+00
       2294     83.000     8.2774     8.2829   3.628669   3.631000     1.9696    -0.0592      98.80 4.9470e-02 1.3360e+02    81.0543    4.84479    34.7658    34.7852    27.0482    1484.58    1483.09 0.0000e+00
       2316     84.000     8.2794     8.2802   3.628914   3.631013     1.9676    -0.0518      90.59 4.9499e-02 1.3244e+02    81.0691    4.85381    34.7659    34.7875    27.0481    1484.61    1483.11 0.0000e+00
       2338     85.000     8.2644     8.2648   3.627650   3.629759     1.9672    -0.0540      98.69 4.9483e-02 1.3305e+02    81.0643    4.87141    34.7668    34.7889    27.0510    1484.57    1483.12 0.0000e+00
       2360     86.000     8.2559     8.2579   3.627478   3.629629     1.9682    -0.0530      98.80 4.9483e-02 1.3194e+02    81.0382    4.87872    34.7729    34.7939    27.0571    1484.56    1483.14 0.0000e+00
       2383     87.000     8.2575     8.2600   3.628183   3.630351     1.9684    -0.0433      98.80 4.9496e-02 1.3252e+02    81.0105    4.88511    34.7784    34.7990    27.0612    1484.59    1483.16 0.0000e+00
       2405     88.000     8.2597     8.2623   3.628794   3.630992     1.9701    -0.0556      98.80 4.9493e-02 1.3265e+02    80.9952    4.89817    34.7822    34.8031    27.0638    1484.62    1483.17 0.0000e+00
       2427     89.000     8.2642     8.2677   3.629743   3.631956     1.9718 -9.990e-29      96.85 4.9472e-02 1.3191e+02    80.9901    4.90411    34.7874    34.8076    27.0672    1484.66    1483.19 0.0000e+00
       2449     90.000     8.2811     8.2853   3.631963   3.634128     1.9733 -9.990e-29      65.36 4.9509e-02 1.3191e+02    80.9728    4.90367    34.7939    34.8128    27.0697    1484.75    1483.21 0.0000e+00
       2470     91.000     8.2946     8.2971   3.633490   3.635653     1.9744 -9.990e-29      98.95 4.9485e-02 1.3191e+02    80.9650    4.89622    34.7963    34.8169    27.0696    1484.82    1483.23 0.0000e+00
       2491     92.000     8.2920     8.2939   3.633437   3.635593     1.9742 -9.990e-29      98.80 4.9485e-02 1.3191e+02    80.9639    4.88183    34.7978    34.8190    27.0712    1484.83    1483.24 0.0000e+00
       2513     93.000     8.2905     8.2925   3.633653   3.635844     1.9727 -9.990e-29      98.80 4.9471e-02 1.3191e+02    80.9447    4.85603    34.8012    34.8225    27.0740    1484.84    1483.26 0.0000e+00
       2534     94.000     8.2826     8.2841   3.632985   3.635125     1.9691 -9.990e-29      98.80 4.9511e-02 1.3191e+02    80.9860    4.82936    34.8014    34.8227    27.0754    1484.83    1483.28 0.0000e+00
       2555     95.000     8.2822     8.2844   3.633388   3.635549     1.9648 -9.990e-29      97.01 4.9485e-02 1.3191e+02    80.9522    4.81728    34.8056    34.8264    27.0787    1484.85    1483.29 0.0000e+00
       2577     96.000     8.2822     8.2847   3.633935   3.636096     1.9614 -9.990e-29      35.11 4.9515e-02 1.3191e+02    80.9476    4.81406    34.8109    34.8315    27.0829    1484.87    1483.31 0.0000e+00
       2599     97.000     8.2824     8.2851   3.634320   3.636513     1.9585    -0.0558      98.85 4.9490e-02 1.3191e+02    80.9513    4.81596    34.8144    34.8351    27.0856    1484.89    1483.33 0.0000e+00
       2621     98.000     8.2915     8.2946   3.635754   3.637929     1.9566    -0.0558      98.80 4.9522e-02 1.3191e+02    80.9256    4.80757    34.8202    34.8403    27.0888    1484.95    1483.34 0.0000e+00
       2643     99.000     8.2968     8.2992   3.636477   3.638646     1.9537    -0.0558      98.80 4.9499e-02 1.3191e+02    80.9293    4.80535    34.8221    34.8429    27.0895    1484.99    1483.36 0.0000e+00
       2666    100.000     8.2997     8.3020   3.637030   3.639146     1.9525    -0.0558      89.48 4.9488e-02 1.3191e+02    80.9310    4.80105    34.8247    34.8449    27.0910    1485.02    1483.38 0.0000e+00
       2688    101.000     8.3013     8.3035   3.637319   3.639471     1.9499    -0.0558      93.13 4.9483e-02 1.3191e+02    80.8892    4.78313    34.8257    34.8464    27.0916    1485.04    1483.39 0.0000e+00
       2711    102.000     8.3031     8.3056   3.637675   3.639856     1.9471 -9.990e-29      98.89 4.9477e-02 1.3191e+02    80.9025    4.77723    34.8272    34.8480    27.0925    1485.07    1483.41 0.0000e+00
       2733    103.000     8.3057     8.3084   3.638360   3.640553     1.9448 -9.990e-29      98.80 4.9511e-02 1.3191e+02    80.7865    4.76697    34.8315    34.8522    27.0955    1485.10    1483.43 0.0000e+00
       2755    104.000     8.3096     8.3119   3.639035   3.641222     1.9419 -9.990e-29      98.80 4.9490e-02 1.3191e+02    80.8969    4.75586    34.8343    34.8553    27.0971    1485.13    1483.44 0.0000e+00
       2777    105.000     8.3091     8.3111   3.639178   3.641335     1.9391 -9.990e-29      98.80 4.9496e-02 1.3191e+02    80.9543    4.74954    34.8358    34.8569    27.0984    1485.15    1483.46 0.0000e+00
       2800    106.000     8.3086     8.3110   3.639350   3.641516     1.9363    -0.0558      98.80 4.9483e-02 1.3191e+02    80.9620    4.73850    34.8377    34.8584    27.0999    1485.17    1483.47 0.0000e+00
       2822    107.000     8.3098     8.3121   3.639659   3.641836     1.9336    -0.0558      98.80 4.9490e-02 1.3191e+02    80.9157    4.72767    34.8393    34.8602    27.1010    1485.19    1483.49 0.0000e+00
       2844    108.000     8.3106     8.3129   3.639988   3.642159     1.9303    -0.0558      98.80 4.9483e-02 1.3191e+02    80.9184    4.71603    34.8415    34.8624    27.1026    1485.21    1483.51 0.0000e+00
       2865    109.000     8.3119     8.3141   3.640437   3.642615     1.9275    -0.0558      98.80 4.9471e-02 1.3191e+02    80.9269    4.71214    34.8446    34.8656    27.1048    1485.24    1483.52 0.0000e+00
       2887    110.000     8.3124     8.3146   3.640645   3.642810     1.9247    -0.0558      98.80 4.9520e-02 1.3188e+02    80.9601    4.70509    34.8458    34.8667    27.1057    1485.26    1483.54 0.0000e+00
       2909    111.000     8.3125     8.3148   3.640728   3.642893     1.9226    -0.0587      98.80 4.9472e-02 1.3037e+02    80.9716    4.69910    34.8461    34.8669    27.1059    1485.28    1483.55 0.0000e+00
       2931    112.000     8.3127     8.3149   3.640832   3.642992     1.9195    -0.0587      27.75 4.9471e-02 1.3129e+02    80.9799    4.68033    34.8465    34.8674    27.1062    1485.29    1483.57 0.0000e+00
       2953    113.000     8.3126     8.3149   3.640952   3.643109     1.9162    -0.0881      96.83 4.9464e-02 1.3090e+02    80.9925    4.66901    34.8474    34.8681    27.1069    1485.31    1483.58 0.0000e+00
       2975    114.000     8.3123     8.3146   3.641152   3.643330     1.9129    -0.0653      98.83 4.9503e-02 1.3039e+02    80.9720    4.66617    34.8494    34.8703    27.1085    1485.33    1483.60 0.0000e+00
       2997    115.000     8.3126     8.3148   3.641361   3.643528     1.9106    -0.0663      98.80 4.9475e-02 1.3099e+02    80.9997    4.66306    34.8508    34.8717    27.1096    1485.35    1483.62 0.0000e+00
       3019    116.000     8.3126     8.3148   3.641593   3.643783     1.9080    -0.0718      96.21 4.9532e-02 1.3041e+02    81.0260    4.65034    34.8528    34.8740    27.1112    1485.37    1483.63 0.0000e+00
       3041    117.000     8.3127     8.3149   3.641791   3.643952     1.9052    -0.0810      79.32 4.9954e-02 1.3083e+02    81.0240    4.64020    34.8543    34.8752    27.1123    1485.39    1483.65 0.0000e+00
       3063    118.000     8.3128     8.3150   3.641911   3.644094     1.9022    -0.0613      99.09 1.0874e-01 1.3083e+02    81.0058    4.63197    34.8550    34.8761    27.1129    1485.40    1483.66 0.0000e+00
       3085    119.000     8.3126     8.3149   3.642083   3.644255     1.8997    -0.0608      98.80 4.9506e-02 1.3008e+02    81.0035    4.62920    34.8566    34.8775    27.1141    1485.42    1483.67 0.0000e+00
       3107    120.000     8.3125     8.3147   3.642324   3.644491     1.8973    -0.0573      98.80 4.9517e-02 1.3067e+02    80.9247    4.62051    34.8588    34.8797    27.1158    1485.44    1483.69 0.0000e+00
       3128    121.000     8.3124     8.3146   3.642469   3.644634     1.8949    -0.0590      98.80 4.9509e-02 1.3093e+02    80.9864    4.61054    34.8599    34.8808    27.1168    1485.46    1483.70 0.0000e+00
       3150    122.000     8.3122     8.3144   3.642665   3.644832     1.8919    -0.0583      84.89 4.9499e-02 1.3055e+02    80.9907    4.60070    34.8617    34.8826    27.1182    1485.47    1483.72 0.0000e+00
       3172    123.000     8.3120     8.3142   3.642814   3.644985     1.8894    -0.0670      61.68 4.9477e-02 1.3137e+02    80.9709    4.59155    34.8630    34.8840    27.1193    1485.49    1483.73 0.0000e+00
       3193    124.000     8.3120     8.3142   3.642876   3.645042     1.8864    -0.0858      99.09 4.9485e-02 1.3134e+02    80.9884    4.58045    34.8632    34.8841    27.1194    1485.51    1483.75 0.0000e+00
       3215    125.000     8.3119     8.3141   3.642941   3.645129     1.8835 -9.990e-29      98.80 5.9702e-02 1.3108e+02    80.9894    4.57415    34.8635    34.8847    27.1197    1485.52    1483.76 0.0000e+00
       3237    126.000     8.3114     8.3136   3.643078   3.645257     1.8809 -9.990e-29      98.80 4.9508e-02 1.3173e+02    80.9802    4.56666    34.8650    34.8860    27.1209    1485.54    1483.78 0.0000e+00
       3258    127.000     8.3110     8.3132   3.643152   3.645326     1.8782 -9.990e-29      96.21 4.9472e-02 1.3115e+02    80.9631    4.55801    34.8657    34.8867    27.1215    1485.56    1483.79 0.0000e+00
       3280    128.000     8.3109     8.3130   3.643276   3.645451     1.8755 -9.990e-29      97.53 4.9503e-02 1.3146e+02    80.9228    4.55833    34.8666    34.8877    27.1223    1485.57    1483.80 0.0000e+00
       3302    129.000     8.3109     8.3131   3.643481   3.645666     1.8743 -9.990e-29      98.80 4.9515e-02 1.3184e+02    80.9636    4.56118    34.8683    34.8895    27.1236    1485.59    1483.82 0.0000e+00
       3323    130.000     8.3110     8.3132   3.643592   3.645774     1.8726 -9.990e-29      98.80 4.9502e-02 1.3092e+02    80.9562    4.55445    34.8689    34.8900    27.1241    1485.61    1483.83 0.0000e+00
       3345    131.000     8.3109     8.3131   3.643700   3.645888     1.8710 -9.990e-29      98.80 4.9508e-02 1.3159e+02    80.9491    4.55012    34.8697    34.8909    27.1247    1485.63    1483.84 0.0000e+00
       3367    132.000     8.3108     8.3130   3.643792   3.645966     1.8693 -9.990e-29      98.80 4.9518e-02 1.3153e+02    80.9392    4.54062    34.8703    34.8913    27.1252    1485.64    1483.86 0.0000e+00
       3388    133.000     8.3105     8.3127   3.643935   3.646119     1.8674 -9.990e-29      77.20 4.9527e-02 1.3074e+02    80.9346    4.52921    34.8717    34.8927    27.1263    1485.66    1483.87 0.0000e+00
       3410    134.000     8.3105     8.3127   3.644037   3.646230     1.8646 -9.990e-29      91.95 4.9521e-02 1.3188e+02    80.9312    4.51886    34.8723    34.8934    27.1267    1485.68    1483.89 0.0000e+00
       3432    135.000     8.3107     8.3130   3.644160   3.646334     1.8622 -9.990e-29      98.74 4.9479e-02 1.3191e+02    80.8970    4.51161    34.8729    34.8938    27.1272    1485.70    1483.90 0.0000e+00
       3453    136.000     8.3113     8.3135   3.644319   3.646485     1.8596 -9.990e-29      98.80 1.0369e-01 1.3191e+02    80.8912    4.50305    34.8735    34.8944    27.1276    1485.72    1483.91 0.0000e+00
       3475    137.000     8.3119     8.3141   3.644562   3.646742     1.8572 -9.990e-29      98.80 5.0161e-02 1.3191e+02    80.8966    4.49898    34.8750    34.8961    27.1287    1485.74    1483.93 0.0000e+00
       3497    138.000     8.3125     8.3149   3.644917   3.647108     1.8550 -9.990e-29      98.80 4.9515e-02 1.3191e+02    80.8877    4.48569    34.8777    34.8987    27.1307    1485.76    1483.94 0.0000e+00
       3518    139.000     8.3132     8.3154   3.645390   3.647563     1.8515 -9.990e-29      53.07 4.9512e-02 1.3191e+02    80.8529    4.46521    34.8816    34.9026    27.1337    1485.78    1483.95 0.0000e+00
       3539    140.000     8.3133     8.3155   3.645558   3.647743     1.8479 -9.990e-29      83.89 1.0708e-01 1.3191e+02    80.8529    4.43962    34.8828    34.9039    27.1346    1485.80    1483.97 0.0000e+00
       3561    141.000     8.3134     8.3156   3.645691   3.647878     1.8422 -9.990e-29      98.71 4.9828e-02 1.3191e+02    80.8473    4.40622    34.8836    34.9048    27.1352    1485.82    1483.98 0.0000e+00
       3582    142.000     8.3137     8.3158   3.645925   3.648084     1.8357 -9.990e-29      98.80 4.9489e-02 1.3191e+02    80.8432    4.36775    34.8854    34.9063    27.1365    1485.84    1483.99 0.0000e+00
       3604    143.000     8.3137     8.3160   3.646080   3.648250     1.8275 -9.990e-29      98.80 4.9531e-02 1.3191e+02    80.8279    4.33608    34.8865    34.9074    27.1374    1485.86    1484.00 0.0000e+00
       3625    144.000     8.3140     8.3163   3.646287   3.648483     1.8203 -9.990e-29      88.07 4.9512e-02 1.3191e+02    80.8000    4.31882    34.8879    34.9091    27.1385    1485.88    1484.02 0.0000e+00
       3646    145.000     8.3142     8.3164   3.646489   3.648691     1.8131 -9.990e-29      98.84 4.9538e-02 1.3191e+02    80.7783    4.29918    34.8894    34.9107    27.1396    1485.89    1484.03 0.0000e+00
       3667    146.000     8.3144     8.3167   3.646670   3.648849     1.8064 -9.990e-29      92.82 4.9532e-02 1.3191e+02    80.7850    4.28011    34.8907    34.9116    27.1406    1485.91    1484.04 0.0000e+00
       3688    147.000     8.3145     8.3167   3.646743   3.648938     1.7999 -9.990e-29      64.27 4.9545e-02 1.3191e+02    80.7659    4.26180    34.8909    34.9121    27.1407    1485.93    1484.06 0.0000e+00
       3709    148.000     8.3147     8.3170   3.646866   3.649069     1.7935 -9.990e-29      98.77 4.9518e-02 1.3191e+02    80.7628    4.24491    34.8915    34.9127    27.1412    1485.95    1484.07 0.0000e+00
       3730    149.000     8.3148     8.3170   3.647000   3.649185     1.7879 -9.990e-29      98.79 4.9525e-02 1.3191e+02    80.7315    4.22781    34.8923    34.9134    27.1418    1485.97    1484.08 0.0000e+00
       3751    150.000     8.3149     8.3171   3.647098   3.649289     1.7817 -9.990e-29      70.60 4.9551e-02 1.3191e+02    80.7384    4.21004    34.8928    34.9140    27.1422    1485.98    1484.09 0.0000e+00
       3772    151.000     8.3150     8.3172   3.647201   3.649395     1.7763 -9.990e-29      95.24 4.9529e-02 1.3191e+02    80.7085    4.20155    34.8933    34.9145    27.1426    1486.00    1484.11 0.0000e+00
       3792    152.000     8.3151     8.3173   3.647344   3.649538     1.7718 -9.990e-29      98.77 4.9509e-02 1.3191e+02    80.7002    4.19650    34.8943    34.9155    27.1433    1486.02    1484.12 0.0000e+00
       3814    153.000     8.3153     8.3175   3.647429   3.649636     1.7677 -9.990e-29      98.79 4.9515e-02 1.3191e+02    80.7184    4.18940    34.8945    34.9158    27.1435    1486.04    1484.13 0.0000e+00
