_data/ctd/2022_CLIFORD_Benthic_data_CTDs/sta0611.cnv
* Sea-Bird SBE 9 Data File:
* FileName = C:\Seabird\CTDData\sta0611.hex
* Software Version Seasave V 7.21f
* Temperature SN = 5234
* Conductivity SN = 4797
* Number of Bytes Per Scan = 40
* Number of Voltage Words = 5
* Number of Scans Averaged by the Deck Unit = 1
* NMEA Latitude = 60 28.02 N
* NMEA Longitude = 005 40.34 E
* NMEA UTC (Time) = May 27 2022 07:13:49
* NMEA baud rate = 4800
** Ship: R/V "Kristine Bonnevie"
** Station: 0611
** Echodepth: 421.06
** Log: 9744.956
** Wind-Dir/Force: 29 02
** Air-temp (dry): 7.2
** Weather Sky:
** Sea:
** Sørfjorden, Norce st. 17
# nquan = 19                                
# nvalues = 417                         
# units = specified
# name 0 = scan: Scan Count
# name 1 = prDM: Pressure, Digiquartz [db]
# name 2 = t068C: Temperature [ITS-68, deg C]
# name 3 = t168C: Temperature, 2 [ITS-68, deg C]
# name 4 = c0S/m: Conductivity [S/m]
# name 5 = c1S/m: Conductivity, 2 [S/m]
# name 6 = sbeox0V: Oxygen raw, SBE 43 [V]
# name 7 = flECO-AFL: Fluorescence, WET Labs ECO-AFL/FL [mg/m^3]
# name 8 = altM: Altimeter [m]
# name 9 = par: PAR/Irradiance, Biospherical/Licor
# name 10 = spar: SPAR/Surface Irradiance
# name 11 = CStarTr0: Beam Transmission, WET Labs C-Star [%]
# name 12 = sbeox0ML/L: Oxygen, SBE 43 [ml/l], WS = 2
# name 13 = sal00: Salinity, Practical [PSU]
# name 14 = sal11: Salinity, Practical, 2 [PSU]
# name 15 = sigma-t00: Density [sigma-t, Kg/m^3 ]
# name 16 = svCM: Sound Velocity [Chen-Millero, m/s]
# name 17 = avgsvCM: Average Sound Velocity [Chen-Millero, m/s], minP = 1, minS = 5
# name 18 = flag: flag
# span 0 =        547,      12675       
# span 1 =      6.000,    422.000       
# span 2 =     8.0407,     9.7267       
# span 3 =     8.0430,     9.7283       
# span 4 =   3.313169,   3.677082       
# span 5 =   3.316433,   3.679371       
# span 6 =     1.2215,     2.6881       
# span 7 =    -0.0757,     2.8640       
# span 8 =       0.59,      99.14       
# span 9 = 4.9004e-02, 1.8515e+01       
# span 10 = 4.4969e+02, 4.6969e+02      
# span 11 =    73.5951,    81.1652      
# span 12 =    2.51670,    7.24488      
# span 13 =    30.4653,    34.8036      
# span 14 =    30.5129,    34.8263      
# span 15 =    23.5062,    27.1065      
# span 16 =    1482.15,    1489.50      
# span 17 =    1482.22,    1486.45      
# span 18 = 0.0000e+00, 0.0000e+00      
# interval = decibars: 1                
# start_time = May 27 2022 07:13:51 [System UTC, header]
# bad_flag = -9.990e-29
*END*
        547      6.000     9.4163     9.3994   3.313169   3.316433     2.6881     2.8640      98.83 1.8515e+01 4.6387e+02    73.5951    7.24488    30.4653    30.5129    23.5062    1482.27    1482.27 0.0000e+00
        656      7.000     9.1277     9.1258   3.366905   3.368723     2.6732     1.9782      98.83 1.4898e+01 -9.990e-29    74.9929    7.08377    31.2645    31.2849    24.1752    1482.19    1482.26 0.0000e+00
        712      8.000     8.9924     8.9928   3.391347   3.393659     2.6525     1.5947      98.83 1.1940e+01 4.6520e+02    75.6159    6.96850    31.6358    31.6594    24.4864    1482.16    1482.25 0.0000e+00
        754      9.000     8.9336     8.9336   3.401077   3.403266     2.6322     1.5985      98.83 9.7540e+00 4.6469e+02    75.9154    6.91014    31.7886    31.8113    24.6149    1482.15    1482.24 0.0000e+00
        789     10.000     8.9045     8.9035   3.410963   3.412996     2.6164     1.5523      98.83 8.0490e+00 4.6486e+02    75.9710    6.87245    31.9169    31.9389    24.7197    1482.21    1482.23 0.0000e+00
        819     11.000     8.8510     8.8512   3.416188   3.418529     2.6050     1.4793      98.83 6.6724e+00 4.6566e+02    75.9495    6.85244    32.0189    32.0431    24.8077    1482.16    1482.23 0.0000e+00
        848     12.000     8.7936     8.7924   3.429502   3.431678     2.5950     1.5435      98.83 5.5417e+00 4.6569e+02    75.7361    6.83209    32.2091    32.2328    24.9653    1482.19    1482.22 0.0000e+00
        876     13.000     8.7617     8.7631   3.435978   3.438306     2.5874     1.4293      98.83 4.6122e+00 4.6569e+02    75.9529    6.81893    32.3052    32.3282    25.0455    1482.21    1482.22 0.0000e+00
        901     14.000     8.7501     8.7511   3.439933   3.442187     2.5810     1.3390      98.83 3.8457e+00 4.6569e+02    76.0815    6.81341    32.3566    32.3792    25.0875    1482.25    1482.22 0.0000e+00
        926     15.000     8.7589     8.7610   3.456746   3.458974     2.5769     1.3400      98.83 3.2244e+00 4.6569e+02    76.1970    6.80851    32.5237    32.5450    25.2170    1482.50    1482.24 0.0000e+00
        949     16.000     8.7316     8.7315   3.473381   3.475675     2.5742     1.3969      98.83 2.7074e+00 4.6569e+02    76.2514    6.81212    32.7223    32.7464    25.3767    1482.66    1482.27 0.0000e+00
        972     17.000     8.7238     8.7258   3.474205   3.476441     2.5736     1.3754      98.83 2.2694e+00 4.6569e+02    76.2379    6.83990    32.7377    32.7592    25.3899    1482.67    1482.29 0.0000e+00
        994     18.000     8.7235     8.7256   3.474646   3.476839     2.5762     1.3106      98.83 1.9087e+00 4.6569e+02    76.1827    6.87147    32.7421    32.7631    25.3935    1482.69    1482.31 0.0000e+00
       1016     19.000     8.7141     8.7139   3.476670   3.479007     2.5793     1.2876      98.83 1.6074e+00 4.6569e+02    76.3886    6.89018    32.7716    32.7962    25.4179    1482.70    1482.33 0.0000e+00
       1036     20.000     8.6937     8.6945   3.479912   3.482103     2.5832     1.2827      98.83 1.3589e+00 4.6569e+02    76.3839    6.90674    32.8240    32.8462    25.4621    1482.71    1482.35 0.0000e+00
       1057     21.000     8.6709     8.6707   3.485408   3.487693     2.5863     1.2565      98.83 1.1488e+00 4.6569e+02    76.4100    6.89970    32.9023    32.9264    25.5269    1482.74    1482.37 0.0000e+00
       1076     22.000     8.6675     8.6716   3.492037   3.494279     2.5871     1.2568      98.83 9.7601e-01 4.6569e+02    76.4535    6.88313    32.9745    32.9942    25.5840    1482.83    1482.39 0.0000e+00
       1096     23.000     8.7037     8.7101   3.498807   3.501210     2.5873     1.2568      98.83 8.3042e-01 4.6569e+02    76.5199    6.86927    33.0113    33.0305    25.6073    1483.03    1482.42 0.0000e+00
       1115     24.000     8.8822     8.9078   3.525225   3.528032     2.5869     1.2568      98.83 7.0818e-01 4.6569e+02    76.7318    6.83372    33.1206    33.1261    25.6654    1483.84    1482.48 0.0000e+00
       1135     25.000     8.9222     8.9125   3.528614   3.530803     2.5870     1.2572      98.83 6.0723e-01 4.6569e+02    76.9033    6.84462    33.1182    33.1501    25.6573    1484.00    1482.54 0.0000e+00
       1154     26.000     8.7048     8.6945   3.511769   3.513836     2.5889     1.2834      98.83 5.1460e-01 4.6569e+02    76.8360    6.86791    33.1448    33.1761    25.7117    1483.24    1482.57 0.0000e+00
       1174     27.000     8.6854     8.6879   3.513554   3.515796     2.5862     1.2297      98.83 4.4166e-01 4.6569e+02    77.1012    6.81847    33.1812    33.2024    25.7433    1483.23    1482.59 0.0000e+00
       1193     28.000     8.7578     8.7700   3.526744   3.529062     2.5814     1.1666      98.83 3.7983e-01 4.6569e+02    77.3300    6.78030    33.2511    33.2640    25.7869    1483.60    1482.63 0.0000e+00
       1213     29.000     8.8854     8.9078   3.546523   3.549338     2.5773     1.1001      98.83 3.3032e-01 4.6569e+02    77.6171    6.75339    33.3378    33.3462    25.8349    1484.20    1482.68 0.0000e+00
       1234     30.000     9.1077     9.1251   3.577624   3.580007     2.5736     1.0400      98.83 2.8800e-01 4.6570e+02    77.7990    6.70081    33.4527    33.4611    25.8899    1485.18    1482.77 0.0000e+00
       1255     31.000     9.2585     9.2694   3.597622   3.600111     2.5690     0.9586      98.83 2.5065e-01 4.6706e+02    78.1426    6.61347    33.5182    33.5338    25.9171    1485.83    1482.86 0.0000e+00
       1276     32.000     9.3018     9.3084   3.605043   3.607431     2.5562     0.8593      98.83 2.1827e-01 4.6668e+02    78.4959    6.44234    33.5540    33.5725    25.9381    1486.05    1482.96 0.0000e+00
       1297     33.000     9.3829     9.3934   3.617447   3.619632     2.5299     0.7503      98.83 1.9299e-01 4.6767e+02    78.6157    6.19683    33.6056    33.6183    25.9655    1486.43    1483.07 0.0000e+00
       1317     34.000     9.4779     9.4864   3.630919   3.633252     2.4914     0.6786      98.83 1.7058e-01 4.6769e+02    79.0077    5.96287    33.6550    33.6711    25.9886    1486.85    1483.18 0.0000e+00
       1338     35.000     9.6052     9.6227   3.651128   3.653856     2.4474     0.5182      98.83 1.5046e-01 4.6769e+02    79.1416    5.76818    33.7430    33.7546    26.0366    1487.44    1483.30 0.0000e+00
       1360     36.000     9.7138     9.7230   3.666533   3.669017     2.4012     0.4409      96.70 1.3216e-01 4.6769e+02    79.3230    5.57720    33.7987    33.8156    26.0622    1487.92    1483.43 0.0000e+00
       1381     37.000     9.7267     9.7283   3.673893   3.676249     2.3507     0.3637      62.96 1.1824e-01 4.6769e+02    79.4057    5.34050    33.8617    33.8843    26.1092    1488.06    1483.55 0.0000e+00
       1402     38.000     9.6908     9.6881   3.674043   3.676354     2.2912     0.2701      98.51 1.0316e-01 4.6769e+02    79.4880    5.04025    33.8966    33.9228    26.1425    1487.99    1483.67 0.0000e+00
       1423     39.000     9.6490     9.6530   3.672640   3.675041     2.2209     0.2038      98.80 9.1105e-02 -9.990e-29    79.6213    4.71348    33.9211    33.9420    26.1686    1487.88    1483.78 0.0000e+00
       1444     40.000     9.6596     9.6588   3.677082   3.679371     2.1425     0.1670      98.80 8.3472e-02 -9.990e-29    79.6176    4.40957    33.9563    33.9806    26.1943    1487.98    1483.88 0.0000e+00
       1465     41.000     9.5870     9.5829   3.674715   3.676976     2.0634     0.1609      98.80 7.5047e-02 -9.990e-29    79.8234    4.20560    34.0002    34.0274    26.2406    1487.79    1483.98 0.0000e+00
       1486     42.000     9.5034     9.4958   3.673066   3.675264     1.9929     0.1472      98.80 6.7169e-02 -9.990e-29    79.9323    4.05918    34.0621    34.0920    26.3027    1487.57    1484.06 0.0000e+00
       1506     43.000     9.4402     9.4399   3.671297   3.673542     1.9285     0.1227      98.80 6.3027e-02 -9.990e-29    80.0620    3.93444    34.1035    34.1270    26.3455    1487.41    1484.14 0.0000e+00
       1527     44.000     9.4193     9.4182   3.670608   3.672843     1.8727     0.0963      98.80 5.5072e-02 -9.990e-29    80.2154    3.85351    34.1158    34.1400    26.3585    1487.37    1484.21 0.0000e+00
       1548     45.000     9.3801     9.3799   3.669164   3.671406     1.8260     0.0625      98.79 5.1552e-02 -9.990e-29    80.2761    3.80422    34.1378    34.1612    26.3821    1487.27    1484.28 0.0000e+00
       1568     46.000     9.3603     9.3600   3.668312   3.670566     1.7879     0.0325      98.79 4.9495e-02 -9.990e-29    80.3676    3.77904    34.1474    34.1711    26.3929    1487.22    1484.34 0.0000e+00
       1589     47.000     9.2949     9.2908   3.665730   3.667926     1.7577     0.0296      98.78 4.9545e-02 -9.990e-29    80.4461    3.76405    34.1827    34.2094    26.4311    1487.04    1484.40 0.0000e+00
       1609     48.000     9.2506     9.2487   3.664000   3.666199     1.7337     0.0535      98.78 4.9502e-02 4.6769e+02    80.4854    3.75330    34.2067    34.2314    26.4570    1486.93    1484.45 0.0000e+00
       1630     49.000     9.2072     9.2036   3.661931   3.664097     1.7152     0.0200      98.78 4.9505e-02 4.6769e+02    80.5469    3.75138    34.2263    34.2523    26.4794    1486.81    1484.50 0.0000e+00
       1651     50.000     9.1560     9.1536   3.659625   3.661812     1.7005     0.0170      98.78 4.9538e-02 4.6769e+02    80.6342    3.74590    34.2510    34.2761    26.5070    1486.67    1484.55 0.0000e+00
       1672     51.000     9.1039     9.1022   3.657267   3.659471     1.6883     0.0162      98.78 4.9538e-02 4.6769e+02    80.6781    3.73751    34.2761    34.3007    26.5350    1486.52    1484.58 0.0000e+00
       1692     52.000     9.0802     9.0809   3.656035   3.658278     1.6782     0.0069      98.78 4.9557e-02 4.6769e+02    80.6766    3.72374    34.2856    34.3083    26.5462    1486.46    1484.62 0.0000e+00
       1713     53.000     9.0558     9.0544   3.654813   3.657011     1.6693    -0.0107      98.78 4.9545e-02 4.6769e+02    80.7454    3.70525    34.2959    34.3202    26.5582    1486.40    1484.65 0.0000e+00
       1734     54.000     9.0153     9.0146   3.652751   3.655031     1.6604    -0.0170      98.78 4.9532e-02 4.6769e+02    80.7497    3.68889    34.3129    34.3374    26.5780    1486.29    1484.68 0.0000e+00
       1755     55.000     8.9712     8.9699   3.649736   3.651971     1.6531    -0.0224      98.78 4.9525e-02 4.6769e+02    80.7700    3.67734    34.3235    34.3481    26.5933    1486.16    1484.71 0.0000e+00
       1776     56.000     8.9452     8.9455   3.648571   3.650819     1.6454    -0.0199      98.78 4.9538e-02 4.6769e+02    80.7906    3.65345    34.3359    34.3592    26.6072    1486.09    1484.74 0.0000e+00
       1797     57.000     8.9188     8.9192   3.647404   3.649705     1.6382    -0.0303      98.78 4.9538e-02 4.6769e+02    80.8025    3.62381    34.3488    34.3725    26.6214    1486.03    1484.76 0.0000e+00
       1818     58.000     8.8967     8.8962   3.646868   3.649108     1.6284    -0.0493      98.78 4.9540e-02 4.6769e+02    80.8463    3.57547    34.3641    34.3881    26.6369    1485.98    1484.78 0.0000e+00
       1840     59.000     8.8811     8.8820   3.646792   3.649039     1.6185    -0.0514      95.93 4.9538e-02 4.6769e+02    80.9112    3.54971    34.3779    34.4006    26.6502    1485.96    1484.80 0.0000e+00
       1861     60.000     8.8631     8.8622   3.646046   3.648264     1.6096    -0.0528      92.10 4.9519e-02 4.6769e+02    80.9400    3.53822    34.3871    34.4112    26.6602    1485.92    1484.82 0.0000e+00
       1882     61.000     8.8357     8.8358   3.645329   3.647567     1.6024    -0.0457      98.73 4.9545e-02 4.6769e+02    80.8735    3.54831    34.4056    34.4291    26.6791    1485.86    1484.83 0.0000e+00
       1903     62.000     8.8235     8.8243   3.644919   3.647152     1.5989    -0.0490      98.78 4.9532e-02 4.6769e+02    80.9520    3.57279    34.4127    34.4354    26.6866    1485.84    1484.85 0.0000e+00
       1924     63.000     8.8114     8.8122   3.644671   3.646929     1.5978    -0.0558      98.78 4.9518e-02 4.6769e+02    80.9721    3.60566    34.4214    34.4443    26.6953    1485.82    1484.87 0.0000e+00
       1945     64.000     8.7865     8.7842   3.643258   3.645285     1.6004    -0.0558      98.78 4.9538e-02 4.6769e+02    80.9198    3.64982    34.4302    34.4538    26.7061    1485.75    1484.88 0.0000e+00
       1966     65.000     8.7436     8.7412   3.640144   3.642364     1.6049    -0.0558      98.78 4.9545e-02 4.6785e+02    80.9988    3.69073    34.4387    34.4644    26.7195    1485.62    1484.89 0.0000e+00
       1987     66.000     8.7251     8.7257   3.640159   3.642403     1.6116    -0.0558      98.78 4.9525e-02 4.6946e+02    81.0356    3.72717    34.4564    34.4794    26.7363    1485.59    1484.90 0.0000e+00
       2008     67.000     8.6983     8.6979   3.638814   3.641043     1.6180    -0.0610      98.78 4.9518e-02 4.6969e+02    81.0503    3.73194    34.4678    34.4917    26.7494    1485.52    1484.91 0.0000e+00
       2029     68.000     8.6773     8.6766   3.637642   3.639879     1.6215 -9.990e-29      98.78 4.9546e-02 -9.990e-29    81.0381    3.72361    34.4754    34.4997    26.7587    1485.47    1484.92 0.0000e+00
       2051     69.000     8.6472     8.6480   3.635949   3.638196     1.6245 -9.990e-29      98.78 4.9538e-02 -9.990e-29    81.0508    3.73136    34.4865    34.5094    26.7720    1485.39    1484.93 0.0000e+00
       2072     70.000     8.6397     8.6406   3.635693   3.637973     1.6270 -9.990e-29      98.78 4.9512e-02 -9.990e-29    81.0535    3.73230    34.4906    34.5138    26.7765    1485.38    1484.93 0.0000e+00
       2093     71.000     8.6216     8.6218   3.634694   3.636949     1.6285    -0.0737      98.78 4.9540e-02 4.6969e+02    81.0747    3.71985    34.4972    34.5209    26.7845    1485.34    1484.94 0.0000e+00
       2115     72.000     8.6018     8.6028   3.633642   3.635899     1.6275    -0.0552      98.78 4.9532e-02 4.6969e+02    81.0560    3.69375    34.5050    34.5279    26.7936    1485.29    1484.94 0.0000e+00
       2137     73.000     8.5990     8.6010   3.633592   3.635846     1.6250    -0.0511      98.78 4.9534e-02 4.6929e+02    81.0769    3.67074    34.5067    34.5286    26.7954    1485.30    1484.95 0.0000e+00
       2158     74.000     8.5759     8.5742   3.632295   3.634503     1.6212    -0.0466      98.78 4.9534e-02 4.6891e+02    81.0598    3.64727    34.5151    34.5401    26.8056    1485.24    1484.95 0.0000e+00
       2180     75.000     8.5516     8.5527   3.631090   3.633355     1.6164    -0.0665      98.78 4.9512e-02 4.6911e+02    81.0699    3.62624    34.5256    34.5485    26.8176    1485.18    1484.96 0.0000e+00
       2202     76.000     8.5374     8.5380   3.630377   3.632642     1.6111    -0.0659      98.78 4.9502e-02 4.6769e+02    81.0712    3.60499    34.5315    34.5549    26.8244    1485.15    1484.96 0.0000e+00
       2223     77.000     8.5244     8.5257   3.630159   3.632425     1.6057 -9.990e-29      98.78 4.9545e-02 4.6817e+02    81.0723    3.58732    34.5414    34.5642    26.8342    1485.13    1484.96 0.0000e+00
       2245     78.000     8.5156     8.5165   3.630107   3.632362     1.6000 -9.990e-29      98.78 4.9527e-02 4.6833e+02    81.0783    3.56440    34.5490    34.5720    26.8415    1485.12    1484.96 0.0000e+00
       2266     79.000     8.5066     8.5081   3.630040   3.632302     1.5938 -9.990e-29      98.78 4.9538e-02 4.6769e+02    81.0352    3.55722    34.5566    34.5791    26.8489    1485.12    1484.96 0.0000e+00
       2287     80.000     8.4965     8.4975   3.629952   3.632218     1.5904 -9.990e-29      98.78 4.9525e-02 4.6953e+02    81.0671    3.58929    34.5651    34.5882    26.8571    1485.11    1484.97 0.0000e+00
       2309     81.000     8.4881     8.4897   3.629849   3.632131     1.5915 -9.990e-29      98.78 4.9534e-02 4.6969e+02    81.0927    3.64444    34.5718    34.5944    26.8637    1485.10    1484.97 0.0000e+00
