_data/ctd/2022_CLIFORD_Benthic_data_CTDs/sta0584.cnv
* Sea-Bird SBE 9 Data File:
* FileName = C:\Seabird\CTDData\sta0584.hex
* Software Version Seasave V 7.21f
* Temperature SN = 5234
* Conductivity SN = 4797
* Number of Bytes Per Scan = 40
* Number of Voltage Words = 5
* Number of Scans Averaged by the Deck Unit = 1
* NMEA Latitude = 60 41.11 N
* NMEA Longitude = 005 10.34 E
* NMEA UTC (Time) = May 22 2022 21:52:29
* NMEA baud rate = 4800
** Ship: R/V "Kristine Bonnevie"
** Station: 0584
** Echodepth: 420
** Log: 9395.336
** Wind-Dir/Force: 11 06
** Air-temp (dry): 10.5
** Weather Sky:
** Sea:
# nquan = 19                                
# nvalues = 429                         
# units = specified
# name 0 = scan: Scan Count
# name 1 = prDM: Pressure, Digiquartz [db]
# name 2 = t068C: Temperature [ITS-68, deg C]
# name 3 = t168C: Temperature, 2 [ITS-68, deg C]
# name 4 = c0S/m: Conductivity [S/m]
# name 5 = c1S/m: Conductivity, 2 [S/m]
# name 6 = sbeox0V: Oxygen raw, SBE 43 [V]
# name 7 = flECO-AFL: Fluorescence, WET Labs ECO-AFL/FL [mg/m^3]
# name 8 = altM: Altimeter [m]
# name 9 = par: PAR/Irradiance, Biospherical/Licor
# name 10 = spar: SPAR/Surface Irradiance
# name 11 = CStarTr0: Beam Transmission, WET Labs C-Star [%]
# name 12 = sbeox0ML/L: Oxygen, SBE 43 [ml/l], WS = 2
# name 13 = sal00: Salinity, Practical [PSU]
# name 14 = sal11: Salinity, Practical, 2 [PSU]
# name 15 = sigma-t00: Density [sigma-t, Kg/m^3 ]
# name 16 = svCM: Sound Velocity [Chen-Millero, m/s]
# name 17 = avgsvCM: Average Sound Velocity [Chen-Millero, m/s], minP = 1, minS = 5
# name 18 = flag: flag
# span 0 =        305,      11691       
# span 1 =      1.000,    429.000       
# span 2 =     7.0341,    11.2214       
# span 3 =     7.0362,    11.2258       
# span 4 =   3.365289,   3.591123       
# span 5 =   3.367461,   3.592875       
# span 6 =     1.8146,     2.8177       
# span 7 =    -0.0557,     3.0020       
# span 8 =      10.53,      99.42       
# span 9 = 4.9455e-02, 1.1085e+00       
# span 10 = 0.0000e+00, 0.0000e+00      
# span 11 =    64.5663,    81.0236      
# span 12 =    4.50010,    7.28337      
# span 13 =    31.7006,    33.1834      
# span 14 =    31.7140,    33.2052      
# span 15 =    24.1690,    25.9572      
# span 16 =    1477.52,    1490.22      
# span 17 =    1479.74,    1489.28      
# span 18 = 0.0000e+00, 0.0000e+00      
# interval = decibars: 1                
# start_time = May 22 2022 21:52:31 [System UTC, header]
# bad_flag = -9.990e-29
*END*
[from data line 381]
       9724    382.000     7.0395     7.0416   3.380121   3.382418     2.0787    -0.0419      98.72 4.9480e-02 0.0000e+00    80.1678    5.66484    33.1503    33.1733    25.9568    1482.76    1480.49 0.0000e+00
       9748    383.000     7.0395     7.0417   3.380169   3.382478     2.0788    -0.0486      98.04 4.9469e-02 0.0000e+00    80.2055    5.66558    33.1504    33.1734    25.9568    1482.78    1480.49 0.0000e+00
       9771    384.000     7.0395     7.0417   3.380217   3.382522     2.0787    -0.0419      53.74 4.9514e-02 0.0000e+00    80.1845    5.65979    33.1504    33.1734    25.9568    1482.79    1480.50 0.0000e+00
       9795    385.000     7.0392     7.0414   3.380207   3.382521     2.0777    -0.0113      98.42 4.9488e-02 0.0000e+00    80.1638    5.65467    33.1502    33.1732    25.9567    1482.81    1480.50 0.0000e+00
       9818    386.000     7.0391     7.0413   3.380262   3.382560     2.0773    -0.0134      98.80 4.9493e-02 0.0000e+00    80.1712    5.65767    33.1504    33.1733    25.9569    1482.82    1480.51 0.0000e+00
       9842    387.000     7.0394     7.0415   3.380331   3.382629     2.0768    -0.0345      98.80 4.9468e-02 0.0000e+00    80.1851    5.65291    33.1504    33.1734    25.9568    1482.84    1480.52 0.0000e+00
       9865    388.000     7.0396     7.0416   3.380384   3.382671     2.0761    -0.0492      98.80 4.9457e-02 0.0000e+00    80.1417    5.65749    33.1503    33.1733    25.9567    1482.86    1480.52 0.0000e+00
       9889    389.000     7.0394     7.0416   3.380420   3.382724     2.0760    -0.0421      98.80 4.9491e-02 0.0000e+00    80.1554    5.65451    33.1504    33.1734    25.9568    1482.88    1480.53 0.0000e+00
       9913    390.000     7.0394     7.0415   3.380447   3.382756     2.0752    -0.0376      60.36 4.9509e-02 0.0000e+00    80.1742    5.65083    33.1502    33.1734    25.9567    1482.89    1480.53 0.0000e+00
       9937    391.000     7.0395     7.0418   3.380508   3.382809     2.0748    -0.0213      99.24 4.9467e-02 0.0000e+00    80.1151    5.64944    33.1503    33.1732    25.9568    1482.91    1480.54 0.0000e+00
       9961    392.000     7.0395     7.0417   3.380550   3.382866     2.0740    -0.0344      98.80 4.9486e-02 0.0000e+00    80.1408    5.65083    33.1503    33.1734    25.9568    1482.93    1480.55 0.0000e+00
       9985    393.000     7.0396     7.0417   3.380608   3.382903     2.0739    -0.0194      55.82 4.9483e-02 0.0000e+00    80.1406    5.65392    33.1504    33.1734    25.9568    1482.94    1480.55 0.0000e+00
      10009    394.000     7.0397     7.0418   3.380651   3.382959     2.0737    -0.0461      98.06 4.9485e-02 0.0000e+00    80.1439    5.65311    33.1503    33.1734    25.9567    1482.96    1480.56 0.0000e+00
      10033    395.000     7.0396     7.0420   3.380695   3.383006     2.0734    -0.0447      98.80 4.9484e-02 0.0000e+00    80.1818    5.64881    33.1504    33.1733    25.9568    1482.97    1480.56 0.0000e+00
      10059    396.000     7.0398     7.0420   3.380754   3.383052     2.0727    -0.0463      59.54 4.9477e-02 0.0000e+00    80.1692    5.64880    33.1504    33.1733    25.9568    1482.99    1480.57 0.0000e+00
      10086    397.000     7.0398     7.0419   3.380791   3.383085     2.0726    -0.0166      98.99 4.9480e-02 0.0000e+00    80.1448    5.65483    33.1503    33.1733    25.9567    1483.01    1480.58 0.0000e+00
      10113    398.000     7.0400     7.0422   3.380850   3.383159     2.0726    -0.0511      82.53 4.9491e-02 0.0000e+00    80.1562    5.65350    33.1503    33.1733    25.9567    1483.03    1480.58 0.0000e+00
      10140    399.000     7.0400     7.0422   3.380890   3.383196     2.0725    -0.0453      77.57 4.9479e-02 0.0000e+00    80.1293    5.65004    33.1503    33.1733    25.9566    1483.04    1480.59 0.0000e+00
      10169    400.000     7.0400     7.0422   3.380942   3.383240     2.0716    -0.0341      98.78 4.9476e-02 0.0000e+00    80.1470    5.64508    33.1504    33.1733    25.9567    1483.06    1480.60 0.0000e+00
      10199    401.000     7.0399     7.0421   3.380965   3.383277     2.0711    -0.0275      63.09 4.9489e-02 0.0000e+00    80.1477    5.65137    33.1502    33.1733    25.9566    1483.07    1480.60 0.0000e+00
      10227    402.000     7.0398     7.0419   3.381006   3.383296     2.0713    -0.0495      98.66 4.9462e-02 0.0000e+00    80.0566    5.65410    33.1503    33.1732    25.9567    1483.09    1480.61 0.0000e+00
      10257    403.000     7.0397     7.0421   3.381032   3.383354     2.0712    -0.0300      82.06 4.9468e-02 0.0000e+00    80.1302    5.65028    33.1502    33.1732    25.9566    1483.11    1480.61 0.0000e+00
      10286    404.000     7.0396     7.0418   3.381070   3.383373     2.0709    -0.0337      80.60 4.9492e-02 0.0000e+00    80.1481    5.64905    33.1503    33.1732    25.9567    1483.12    1480.62 0.0000e+00
      10315    405.000     7.0396     7.0417   3.381111   3.383404     2.0704    -0.0240      98.73 4.9472e-02 0.0000e+00    80.1477    5.64508    33.1502    33.1732    25.9567    1483.14    1480.63 0.0000e+00
      10345    406.000     7.0396     7.0418   3.381136   3.383453     2.0696    -0.0138      65.32 4.9492e-02 0.0000e+00    80.1175    5.64291    33.1500    33.1732    25.9565    1483.16    1480.63 0.0000e+00
      10375    407.000     7.0398     7.0420   3.381210   3.383518     2.0691    -0.0422      98.70 4.9475e-02 0.0000e+00    80.0870    5.64557    33.1502    33.1732    25.9566    1483.17    1480.64 0.0000e+00
      10406    408.000     7.0398     7.0421   3.381256   3.383577     2.0686    -0.0260      77.33 4.9479e-02 0.0000e+00    80.0837    5.64110    33.1502    33.1733    25.9566    1483.19    1480.64 0.0000e+00
      10437    409.000     7.0395     7.0416   3.381268   3.383565     2.0680    -0.0406      94.64 4.9490e-02 0.0000e+00    80.1119    5.64134    33.1502    33.1732    25.9566    1483.20    1480.65 0.0000e+00
      10564    410.000     7.0396     7.0417   3.381313   3.383613     2.0673    -0.0347      79.85 4.9495e-02 0.0000e+00    79.6065    5.64409    33.1501    33.1731    25.9566    1483.22    1480.66 0.0000e+00
      10811    411.000     7.0400     7.0422   3.381398   3.383710     2.0677    -0.0436      68.72 4.9494e-02 0.0000e+00    79.9285    5.64747    33.1502    33.1732    25.9566    1483.24    1480.66 0.0000e+00
      10886    412.000     7.0395     7.0418   3.381380   3.383711     2.0676    -0.0462      95.11 4.9476e-02 0.0000e+00    80.1006    5.64534    33.1500    33.1732    25.9565    1483.25    1480.67 0.0000e+00
      10939    413.000     7.0394     7.0416   3.381415   3.383737     2.0668    -0.0426      69.91 4.9492e-02 0.0000e+00    80.0984    5.63746    33.1500    33.1732    25.9565    1483.27    1480.68 0.0000e+00
      10985    414.000     7.0395     7.0417   3.381465   3.383791     2.0663    -0.0381      44.63 4.9488e-02 0.0000e+00    80.1275    5.64643    33.1500    33.1732    25.9565    1483.29    1480.68 0.0000e+00
      11029    415.000     7.0396     7.0418   3.381520   3.383840     2.0668    -0.0368      24.34 4.9474e-02 0.0000e+00    80.1333    5.65067    33.1500    33.1732    25.9565    1483.30    1480.69 0.0000e+00
      11071    416.000     7.0393     7.0416   3.381535   3.383860     2.0673    -0.0099      45.28 4.9489e-02 0.0000e+00    80.1571    5.65165    33.1500    33.1731    25.9565    1483.32    1480.70 0.0000e+00
      11112    417.000     7.0394     7.0416   3.381586   3.383902     2.0675    -0.0173      44.63 4.9507e-02 0.0000e+00    80.1251    5.64853    33.1500    33.1731    25.9565    1483.34    1480.70 0.0000e+00
      11153    418.000     7.0399     7.0420   3.381695   3.383992     2.0668    -0.0185      72.49 4.9512e-02 0.0000e+00    80.1413    5.64106    33.1502    33.1732    25.9566    1483.35    1480.71 0.0000e+00
      11193    419.000     7.0405     7.0427   3.381787   3.384106     2.0654    -0.0296      20.38 4.9480e-02 0.0000e+00    80.1305    5.63473    33.1502    33.1733    25.9565    1483.37    1480.71 0.0000e+00
      11233    420.000     7.0399     7.0426   3.381781   3.384131     2.0647    -0.0375      19.67 4.9470e-02 0.0000e+00    80.0718    5.63856    33.1502    33.1732    25.9566    1483.39    1480.72 0.0000e+00
      11273    421.000     7.0415     7.0437   3.381981   3.384290     2.0644    -0.0268      19.09 4.9477e-02 0.0000e+00    80.0810    5.63981    33.1504    33.1734    25.9566    1483.41    1480.73 0.0000e+00
      11312    422.000     7.0419     7.0442   3.382074   3.384387     2.0638    -0.0213      18.03 4.9478e-02 0.0000e+00    80.1215    5.63404    33.1506    33.1736    25.9566    1483.43    1480.73 0.0000e+00
      11352    423.000     7.0426     7.0447   3.382180   3.384485     2.0631    -0.0313      16.78 4.9490e-02 0.0000e+00    80.1174    5.63667    33.1506    33.1737    25.9565    1483.45    1480.74 0.0000e+00
      11393    424.000     7.0423     7.0446   3.382183   3.384523     2.0630    -0.0352      15.74 4.9474e-02 0.0000e+00    80.1193    5.63634    33.1504    33.1737    25.9565    1483.46    1480.75 0.0000e+00
      11433    425.000     7.0424     7.0447   3.382246   3.384565     2.0625    -0.0106      14.60 4.9512e-02 0.0000e+00    80.1170    5.63189    33.1506    33.1736    25.9566    1483.48    1480.75 0.0000e+00
      11472    426.000     7.0424     7.0446   3.382284   3.384601     2.0614    -0.0332      13.56 4.9485e-02 0.0000e+00    80.0782    5.62597    33.1505    33.1736    25.9565    1483.50    1480.76 0.0000e+00
      11512    427.000     7.0423     7.0445   3.382315   3.384630     2.0608    -0.0383      12.54 4.9481e-02 0.0000e+00    80.0855    5.63094    33.1505    33.1736    25.9565    1483.51    1480.77 0.0000e+00
      11551    428.000     7.0422     7.0446   3.382352   3.384689     2.0605    -0.0164      11.56 4.9487e-02 0.0000e+00    80.0021    5.62974    33.1505    33.1737    25.9565    1483.53    1480.77 0.0000e+00
      11691    429.000     7.0423     7.0444   3.382390   3.384711     2.0597    -0.0152      10.53 4.9483e-02 0.0000e+00    80.0765    5.62457    33.1504    33.1736    25.9564    1483.54    1480.78 0.0000e+00
