_data/ctd/2022_CLIFORD_Benthic_data_CTDs/sta0611.cnv
* Sea-Bird SBE 9 Data File:
* FileName = C:\Seabird\CTDData\sta0611.hex
* Software Version Seasave V 7.21f
* Temperature SN = 5234
* Conductivity SN = 4797
* Number of Bytes Per Scan = 40
* Number of Voltage Words = 5
* Number of Scans Averaged by the Deck Unit = 1
* NMEA Latitude = 60 28.02 N
* NMEA Longitude = 005 40.34 E
* NMEA UTC (Time) = May 27 2022 07:13:49
* NMEA baud rate = 4800
** Ship: R/V "Kristine Bonnevie"
** Station: 0611
** Echodepth: 421.06
** Log: 9744.956
** Wind-Dir/Force: 29 02
** Air-temp (dry): 7.2
** Weather Sky:
** Sea:
** Sørfjorden, Norce st. 17
# nquan = 19                                
# nvalues = 417                         
# units = specified
# name 0 = scan: Scan Count
# name 1 = prDM: Pressure, Digiquartz [db]
# name 2 = t068C: Temperature [ITS-68, deg C]
# name 3 = t168C: Temperature, 2 [ITS-68, deg C]
# name 4 = c0S/m: Conductivity [S/m]
# name 5 = c1S/m: Conductivity, 2 [S/m]
# name 6 = sbeox0V: Oxygen raw, SBE 43 [V]
# name 7 = flECO-AFL: Fluorescence, WET Labs ECO-AFL/FL [mg/m^3]
# name 8 = altM: Altimeter [m]
# name 9 = par: PAR/Irradiance, Biospherical/Licor
# name 10 = spar: SPAR/Surface Irradiance
# name 11 = CStarTr0: Beam Transmission, WET Labs C-Star [%]
# name 12 = sbeox0ML/L: Oxygen, SBE 43 [ml/l], WS = 2
# name 13 = sal00: Salinity, Practical [PSU]
# name 14 = sal11: Salinity, Practical, 2 [PSU]
# name 15 = sigma-t00: Density [sigma-t, Kg/m^3 ]
# name 16 = svCM: Sound Velocity [Chen-Millero, m/s]
# name 17 = avgsvCM: Average Sound Velocity [Chen-Millero, m/s], minP = 1, minS = 5
# name 18 = flag: flag
# span 0 =        547,      12675       
# span 1 =      6.000,    422.000       
# span 2 =     8.0407,     9.7267       
# span 3 =     8.0430,     9.7283       
# span 4 =   3.313169,   3.677082       
# span 5 =   3.316433,   3.679371       
# span 6 =     1.2215,     2.6881       
# span 7 =    -0.0757,     2.8640       
# span 8 =       0.59,      99.14       
# span 9 = 4.9004e-02, 1.8515e+01       
# span 10 = 4.4969e+02, 4.6969e+02      
# span 11 =    73.5951,    81.1652      
# span 12 =    2.51670,    7.24488      
# span 13 =    30.4653,    34.8036      
# span 14 =    30.5129,    34.8263      
# span 15 =    23.5062,    27.1065      
# span 16 =    1482.15,    1489.50      
# span 17 =    1482.22,    1486.45      
# span 18 = 0.0000e+00, 0.0000e+00      
# interval = decibars: 1                
# start_time = May 27 2022 07:13:51 [System UTC, header]
# bad_flag = -9.990e-29
*END*
[from data line 305]
       7275    311.000     8.0956     8.0977   3.625474   3.627804     1.4125    -0.0467      98.78 4.9540e-02 4.5370e+02    79.9716    3.12080    34.8022    34.8250    27.1044    1487.70    1485.68 0.0000e+00
       7297    312.000     8.0959     8.0981   3.625574   3.627907     1.4115    -0.0517      98.78 4.9502e-02 4.5370e+02    79.9453    3.11999    34.8025    34.8253    27.1046    1487.72    1485.69 0.0000e+00
       7319    313.000     8.0966     8.0987   3.625696   3.628034     1.4106    -0.0450      98.78 4.9547e-02 4.5370e+02    79.9277    3.11761    34.8026    34.8256    27.1046    1487.73    1485.69 0.0000e+00
       7341    314.000     8.0963     8.0985   3.625726   3.628053     1.4099    -0.0362      98.78 4.9553e-02 4.5370e+02    79.9439    3.11722    34.8028    34.8255    27.1048    1487.75    1485.70 0.0000e+00
       7363    315.000     8.0961     8.0981   3.625737   3.628058     1.4091    -0.0528      98.78 4.9505e-02 4.5370e+02    80.0679    3.12413    34.8026    34.8254    27.1047    1487.77    1485.71 0.0000e+00
       7385    316.000     8.0955     8.0976   3.625717   3.628051     1.4098    -0.0516      70.01 4.9534e-02 4.5369e+02    80.1555    3.13674    34.8025    34.8254    27.1047    1487.78    1485.71 0.0000e+00
       7408    317.000     8.0954     8.0975   3.625759   3.628072     1.4107    -0.0474      63.97 4.9518e-02 4.5181e+02    80.1689    3.13982    34.8026    34.8252    27.1048    1487.80    1485.72 0.0000e+00
       7430    318.000     8.0957     8.0978   3.625844   3.628161     1.4110    -0.0466      98.23 4.9552e-02 4.5260e+02    80.1764    3.12874    34.8027    34.8254    27.1048    1487.81    1485.73 0.0000e+00
       7452    319.000     8.0957     8.0977   3.625897   3.628208     1.4104    -0.0471      80.56 4.9519e-02 4.5294e+02    80.1486    3.12207    34.8028    34.8255    27.1049    1487.83    1485.73 0.0000e+00
       7474    320.000     8.0957     8.0978   3.625944   3.628258     1.4099    -0.0478      97.40 4.9530e-02 4.5179e+02    80.1725    3.12083    34.8028    34.8255    27.1049    1487.85    1485.74 0.0000e+00
       7496    321.000     8.0958     8.0980   3.625993   3.628319     1.4090    -0.0493      91.49 4.9496e-02 4.5351e+02    80.1814    3.11634    34.8028    34.8255    27.1049    1487.86    1485.75 0.0000e+00
       7518    322.000     8.0957     8.0978   3.626033   3.628354     1.4083    -0.0409      57.91 4.9525e-02 4.5370e+02    80.1830    3.11800    34.8028    34.8256    27.1049    1487.88    1485.75 0.0000e+00
       7540    323.000     8.0954     8.0975   3.626046   3.628364     1.4079    -0.0448      71.42 4.9505e-02 4.5370e+02    80.1900    3.11942    34.8028    34.8255    27.1049    1487.89    1485.76 0.0000e+00
       7562    324.000     8.0952     8.0973   3.626082   3.628407     1.4079    -0.0420      94.46 4.9521e-02 4.5370e+02    80.1957    3.12047    34.8029    34.8257    27.1050    1487.91    1485.77 0.0000e+00
       7584    325.000     8.0951     8.0972   3.626116   3.628435     1.4073    -0.0395      96.28 4.9496e-02 4.5370e+02    80.1901    3.11746    34.8029    34.8256    27.1050    1487.93    1485.77 0.0000e+00
       7606    326.000     8.0948     8.0968   3.626123   3.628444     1.4070    -0.0409      98.74 4.9533e-02 4.5370e+02    80.1743    3.11519    34.8028    34.8256    27.1050    1487.94    1485.78 0.0000e+00
       7629    327.000     8.0943     8.0965   3.626134   3.628455     1.4064    -0.0447      98.78 4.9536e-02 4.5370e+02    80.1392    3.11488    34.8029    34.8256    27.1052    1487.96    1485.79 0.0000e+00
       7652    328.000     8.0941     8.0962   3.626157   3.628490     1.4063    -0.0416      98.78 4.9515e-02 4.5233e+02    80.1024    3.11571    34.8029    34.8257    27.1052    1487.97    1485.79 0.0000e+00
       7674    329.000     8.0937     8.0958   3.626169   3.628484     1.4055    -0.0451      98.78 4.9530e-02 4.5231e+02    80.0845    3.10492    34.8029    34.8256    27.1053    1487.99    1485.80 0.0000e+00
       7697    330.000     8.0935     8.0956   3.626190   3.628515     1.4043    -0.0386      98.78 4.9524e-02 4.5170e+02    80.0061    3.09398    34.8029    34.8257    27.1053    1488.00    1485.81 0.0000e+00
       7720    331.000     8.0930     8.0951   3.626197   3.628519     1.4022    -0.0461      98.78 4.9515e-02 4.5170e+02    80.0814    3.08405    34.8030    34.8257    27.1054    1488.02    1485.81 0.0000e+00
       7742    332.000     8.0927     8.0948   3.626220   3.628541     1.4006    -0.0445      98.78 7.5832e-02 4.5170e+02    80.0198    3.07954    34.8030    34.8258    27.1055    1488.03    1485.82 0.0000e+00
       7765    333.000     8.0926     8.0947   3.626243   3.628572     1.3985    -0.0462      98.78 4.9346e-02 4.5170e+02    79.9994    3.07100    34.8029    34.8257    27.1054    1488.05    1485.83 0.0000e+00
       7788    334.000     8.0925     8.0946   3.626294   3.628613     1.3966    -0.0490      98.78 4.9530e-02 4.5170e+02    79.9722    3.06744    34.8031    34.8258    27.1056    1488.07    1485.83 0.0000e+00
       7810    335.000     8.0924     8.0946   3.626329   3.628658     1.3948    -0.0476      98.78 4.9527e-02 4.5170e+02    79.9412    3.06139    34.8031    34.8258    27.1056    1488.08    1485.84 0.0000e+00
       7833    336.000     8.0923     8.0945   3.626370   3.628693     1.3932    -0.0390      98.78 4.9534e-02 4.5170e+02    79.9415    3.05957    34.8031    34.8258    27.1057    1488.10    1485.85 0.0000e+00
       7854    337.000     8.0921     8.0942   3.626404   3.628724     1.3917    -0.0361      98.77 4.9527e-02 4.5297e+02    79.9379    3.05108    34.8032    34.8259    27.1058    1488.11    1485.85 0.0000e+00
       7877    338.000     8.0914     8.0935   3.626381   3.628699     1.3899    -0.0401      98.77 4.9530e-02 4.5343e+02    79.9462    3.04817    34.8032    34.8259    27.1058    1488.13    1485.86 0.0000e+00
       7899    339.000     8.0908     8.0929   3.626373   3.628702     1.3884    -0.0457      98.77 4.9515e-02 4.5256e+02    79.9245    3.04553    34.8032    34.8260    27.1060    1488.14    1485.87 0.0000e+00
       7921    340.000     8.0905     8.0927   3.626397   3.628715     1.3872    -0.0447      53.58 4.9521e-02 4.5367e+02    79.8728    3.04378    34.8033    34.8259    27.1061    1488.16    1485.87 0.0000e+00
       7943    341.000     8.0905     8.0926   3.626430   3.628756     1.3859    -0.0466      71.19 4.9527e-02 4.5370e+02    79.8649    3.03434    34.8032    34.8260    27.1060    1488.17    1485.88 0.0000e+00
       7966    342.000     8.0904     8.0925   3.626470   3.628795     1.3837    -0.0419      99.14 4.9559e-02 4.5370e+02    79.8135    3.02432    34.8032    34.8260    27.1060    1488.19    1485.89 0.0000e+00
       7988    343.000     8.0901     8.0923   3.626493   3.628820     1.3820    -0.0407      76.24 4.9500e-02 4.5370e+02    79.8200    3.01940    34.8033    34.8260    27.1061    1488.20    1485.89 0.0000e+00
       8010    344.000     8.0901     8.0922   3.626535   3.628858     1.3801    -0.0374      98.34 4.9515e-02 4.5207e+02    79.7818    3.01155    34.8033    34.8260    27.1061    1488.22    1485.90 0.0000e+00
       8033    345.000     8.0900     8.0923   3.626588   3.628911     1.3780    -0.0490      98.63 4.9534e-02 4.5270e+02    79.7773    3.00435    34.8035    34.8260    27.1063    1488.24    1485.91 0.0000e+00
       8055    346.000     8.0900     8.0922   3.626627   3.628946     1.3761    -0.0470      98.77 4.9530e-02 4.5197e+02    79.7247    2.99966    34.8034    34.8260    27.1062    1488.25    1485.91 0.0000e+00
       8077    347.000     8.0900     8.0922   3.626685   3.628991     1.3740    -0.0475      98.78 4.9527e-02 4.5170e+02    79.6842    2.98794    34.8035    34.8260    27.1063    1488.27    1485.92 0.0000e+00
       8099    348.000     8.0901     8.0922   3.626711   3.629040     1.3718    -0.0499      98.78 4.9527e-02 4.5253e+02    79.6377    2.98611    34.8032    34.8261    27.1061    1488.29    1485.93 0.0000e+00
       8121    349.000     8.0901     8.0923   3.626765   3.629084     1.3702    -0.0557      98.77 4.9527e-02 4.5205e+02    79.6026    2.98764    34.8033    34.8260    27.1062    1488.30    1485.93 0.0000e+00
       8143    350.000     8.0901     8.0922   3.626806   3.629127     1.3691    -0.0558      98.77 4.9521e-02 4.5233e+02    79.6127    2.98677    34.8033    34.8260    27.1061    1488.32    1485.94 0.0000e+00
       8165    351.000     8.0901     8.0922   3.626843   3.629172     1.3677    -0.0558      98.65 4.9532e-02 4.5371e+02    79.5951    2.97955    34.8032    34.8260    27.1061    1488.34    1485.95 0.0000e+00
       8187    352.000     8.0900     8.0923   3.626893   3.629222     1.3667    -0.0558      98.78 4.9524e-02 4.5335e+02    79.5619    2.98131    34.8034    34.8260    27.1062    1488.35    1485.95 0.0000e+00
       8209    353.000     8.0900     8.0921   3.626937   3.629268     1.3656    -0.0497      98.78 4.9551e-02 4.5370e+02    79.5126    2.97426    34.8034    34.8262    27.1062    1488.37    1485.96 0.0000e+00
       8231    354.000     8.0899     8.0921   3.626978   3.629309     1.3643    -0.0427      98.77 4.9559e-02 4.5370e+02    79.5305    2.97157    34.8034    34.8262    27.1063    1488.39    1485.97 0.0000e+00
       8253    355.000     8.0899     8.0920   3.627017   3.629339     1.3633    -0.0406      98.78 4.9521e-02 4.5370e+02    79.5360    2.96956    34.8034    34.8261    27.1062    1488.40    1485.97 0.0000e+00
       8275    356.000     8.0897     8.0918   3.627038   3.629365     1.3622    -0.0452      98.77 4.9534e-02 4.5370e+02    79.4669    2.97281    34.8033    34.8261    27.1062    1488.42    1485.98 0.0000e+00
       8297    357.000     8.0897     8.0918   3.627082   3.629408     1.3621    -0.0471      98.78 4.9534e-02 4.5361e+02    79.5599    2.97517    34.8033    34.8261    27.1062    1488.43    1485.99 0.0000e+00
       8319    358.000     8.0896     8.0918   3.627122   3.629437     1.3614    -0.0436      98.78 4.9534e-02 4.5224e+02    79.3516    2.96804    34.8034    34.8259    27.1063    1488.45    1486.00 0.0000e+00
       8340    359.000     8.0895     8.0917   3.627158   3.629478     1.3607    -0.0383      98.77 4.9521e-02 4.5270e+02    79.5531    2.96556    34.8034    34.8260    27.1063    1488.47    1486.00 0.0000e+00
       8362    360.000     8.0895     8.0916   3.627199   3.629521     1.3598    -0.0460      98.78 4.9534e-02 4.5170e+02    79.5776    2.96139    34.8033    34.8261    27.1062    1488.48    1486.01 0.0000e+00
       8384    361.000     8.0894     8.0915   3.627234   3.629554     1.3587    -0.0415      98.77 4.9540e-02 4.5170e+02    79.5772    2.95647    34.8033    34.8261    27.1063    1488.50    1486.02 0.0000e+00
       8407    362.000     8.0892     8.0913   3.627262   3.629591     1.3578    -0.0410      98.77 4.9546e-02 4.5170e+02    79.5566    2.95589    34.8034    34.8262    27.1063    1488.51    1486.02 0.0000e+00
       8428    363.000     8.0892     8.0914   3.627306   3.629645     1.3570    -0.0480      98.77 4.9521e-02 4.5170e+02    79.5247    2.95305    34.8034    34.8262    27.1063    1488.53    1486.03 0.0000e+00
       8450    364.000     8.0893     8.0914   3.627358   3.629691     1.3559    -0.0443      98.78 4.9545e-02 4.5170e+02    79.5088    2.94459    34.8033    34.8262    27.1063    1488.55    1486.04 0.0000e+00
       8471    365.000     8.0892     8.0914   3.627400   3.629727     1.3545    -0.0436      98.77 4.9528e-02 4.5170e+02    79.4575    2.93826    34.8034    34.8261    27.1063    1488.56    1486.04 0.0000e+00
       8493    366.000     8.0892     8.0913   3.627445   3.629764     1.3531    -0.0427      98.78 4.9545e-02 4.5170e+02    79.4397    2.93477    34.8034    34.8261    27.1064    1488.58    1486.05 0.0000e+00
       8514    367.000     8.0890     8.0911   3.627470   3.629795     1.3517    -0.0483      66.97 4.9515e-02 4.5191e+02    79.3800    2.93124    34.8034    34.8262    27.1064    1488.60    1486.06 0.0000e+00
       8536    368.000     8.0890     8.0911   3.627519   3.629844     1.3506    -0.0432      63.43 4.9545e-02 4.5224e+02    79.3485    2.92846    34.8035    34.8262    27.1064    1488.61    1486.06 0.0000e+00
       8557    369.000     8.0891     8.0911   3.627554   3.629888     1.3494    -0.0419      57.26 4.9525e-02 4.5187e+02    79.4073    2.92416    34.8033    34.8262    27.1062    1488.63    1486.07 0.0000e+00
       8578    370.000     8.0888     8.0909   3.627585   3.629913     1.3480    -0.0481      98.86 4.9545e-02 4.5363e+02    79.4331    2.92556    34.8034    34.8262    27.1064    1488.64    1486.08 0.0000e+00
       8600    371.000     8.0888     8.0910   3.627627   3.629958     1.3477    -0.0442      98.77 4.9527e-02 4.5214e+02    79.4004    2.92774    34.8034    34.8261    27.1064    1488.66    1486.08 0.0000e+00
       8621    372.000     8.0889     8.0910   3.627686   3.630012     1.3468    -0.0465      98.78 4.9538e-02 4.5170e+02    79.4135    2.92135    34.8034    34.8262    27.1064    1488.68    1486.09 0.0000e+00
       8642    373.000     8.0888     8.0911   3.627734   3.630068     1.3458    -0.0444      98.78 4.9553e-02 4.5170e+02    79.1317    2.91317    34.8036    34.8262    27.1065    1488.69    1486.10 0.0000e+00
       8664    374.000     8.0889     8.0911   3.627773   3.630101     1.3446    -0.0475      98.77 4.9528e-02 4.5170e+02    79.3510    2.91390    34.8034    34.8261    27.1064    1488.71    1486.11 0.0000e+00
       8686    375.000     8.0888     8.0910   3.627807   3.630132     1.3437    -0.0412      98.78 4.9545e-02 4.5170e+02    79.4072    2.91330    34.8034    34.8261    27.1064    1488.73    1486.11 0.0000e+00
       8707    376.000     8.0888     8.0909   3.627849   3.630172     1.3430    -0.0395      98.78 4.9521e-02 4.5170e+02    79.3573    2.91095    34.8034    34.8261    27.1064    1488.74    1486.12 0.0000e+00
       8729    377.000     8.0887     8.0909   3.627898   3.630224     1.3420    -0.0469      98.77 4.9512e-02 4.5170e+02    79.3448    2.90432    34.8035    34.8262    27.1065    1488.76    1486.13 0.0000e+00
       8751    378.000     8.0886     8.0908   3.627928   3.630254     1.3410    -0.0418      98.77 4.9528e-02 4.5170e+02    79.3260    2.89789    34.8035    34.8262    27.1065    1488.78    1486.13 0.0000e+00
       8772    379.000     8.0887     8.0908   3.627974   3.630312     1.3393    -0.0340      98.77 4.9538e-02 4.5170e+02    79.2926    2.88874    34.8034    34.8263    27.1064    1488.79    1486.14 0.0000e+00
       8793    380.000     8.0887     8.0908   3.628017   3.630351     1.3380    -0.0126      98.78 4.9521e-02 4.5170e+02    79.3052    2.88955    34.8034    34.8262    27.1064    1488.81    1486.15 0.0000e+00
       8815    381.000     8.0886     8.0907   3.628062   3.630379     1.3368    -0.0365      98.78 4.9525e-02 4.5170e+02    79.3018    2.88846    34.8035    34.8262    27.1065    1488.83    1486.15 0.0000e+00
       8836    382.000     8.0885     8.0907   3.628091   3.630431     1.3359    -0.0297      98.77 4.9529e-02 4.5170e+02    79.3004    2.88358    34.8034    34.8262    27.1065    1488.84    1486.16 0.0000e+00
       8856    383.000     8.0885     8.0907   3.628137   3.630473     1.3345    -0.0153      98.77 4.9532e-02 4.5170e+02    79.3229    2.87939    34.8034    34.8262    27.1065    1488.86    1486.17 0.0000e+00
       8877    384.000     8.0885     8.0907   3.628179   3.630507     1.3335    -0.0416      98.78 4.9505e-02 4.5170e+02    79.2820    2.87883    34.8034    34.8261    27.1064    1488.87    1486.18 0.0000e+00
       8898    385.000     8.0885     8.0906   3.628226   3.630547     1.3328    -0.0434      93.91 4.9525e-02 4.5170e+02    79.2684    2.87616    34.8034    34.8262    27.1065    1488.89    1486.18 0.0000e+00
