_data/ctd/2022_CLIFORD_Benthic_data_CTDs/sta0584.cnv
* Sea-Bird SBE 9 Data File:
* FileName = C:\Seabird\CTDData\sta0584.hex
* Software Version Seasave V 7.21f
* Temperature SN = 5234
* Conductivity SN = 4797
* Number of Bytes Per Scan = 40
* Number of Voltage Words = 5
* Number of Scans Averaged by the Deck Unit = 1
* NMEA Latitude = 60 41.11 N
* NMEA Longitude = 005 10.34 E
* NMEA UTC (Time) = May 22 2022 21:52:29
* NMEA baud rate = 4800
** Ship: R/V "Kristine Bonnevie"
** Station: 0584
** Echodepth: 420
** Log: 9395.336
** Wind-Dir/Force: 11 06
** Air-temp (dry): 10.5
** Weather Sky:
** Sea:
# nquan = 19                                
# nvalues = 429                         
# units = specified
# name 0 = scan: Scan Count
# name 1 = prDM: Pressure, Digiquartz [db]
# name 2 = t068C: Temperature [ITS-68, deg C]
# name 3 = t168C: Temperature, 2 [ITS-68, deg C]
# name 4 = c0S/m: Conductivity [S/m]
# name 5 = c1S/m: Conductivity, 2 [S/m]
# name 6 = sbeox0V: Oxygen raw, SBE 43 [V]
# name 7 = flECO-AFL: Fluorescence, WET Labs ECO-AFL/FL [mg/m^3]
# name 8 = altM: Altimeter [m]
# name 9 = par: PAR/Irradiance, Biospherical/Licor
# name 10 = spar: SPAR/Surface Irradiance
# name 11 = CStarTr0: Beam Transmission, WET Labs C-Star [%]
# name 12 = sbeox0ML/L: Oxygen, SBE 43 [ml/l], WS = 2
# name 13 = sal00: Salinity, Practical [PSU]
# name 14 = sal11: Salinity, Practical, 2 [PSU]
# name 15 = sigma-t00: Density [sigma-t, Kg/m^3 ]
# name 16 = svCM: Sound Velocity [Chen-Millero, m/s]
# name 17 = avgsvCM: Average Sound Velocity [Chen-Millero, m/s], minP = 1, minS = 5
# name 18 = flag: flag
# span 0 =        305,      11691       
# span 1 =      1.000,    429.000       
# span 2 =     7.0341,    11.2214       
# span 3 =     7.0362,    11.2258       
# span 4 =   3.365289,   3.591123       
# span 5 =   3.367461,   3.592875       
# span 6 =     1.8146,     2.8177       
# span 7 =    -0.0557,     3.0020       
# span 8 =      10.53,      99.42       
# span 9 = 4.9455e-02, 1.1085e+00       
# span 10 = 0.0000e+00, 0.0000e+00      
# span 11 =    64.5663,    81.0236      
# span 12 =    4.50010,    7.28337      
# span 13 =    31.7006,    33.1834      
# span 14 =    31.7140,    33.2052      
# span 15 =    24.1690,    25.9572      
# span 16 =    1477.52,    1490.22      
# span 17 =    1479.74,    1489.28      
# span 18 = 0.0000e+00, 0.0000e+00      
# interval = decibars: 1                
# start_time = May 22 2022 21:52:31 [System UTC, header]
# bad_flag = -9.990e-29
*END*
        305      1.000    10.7073    10.6610   3.561529   3.561198     2.8004     2.4170      94.30 1.1085e+00 0.0000e+00    64.5829    7.28337    31.8544    31.8915    24.3782    1488.55    1488.55 0.0000e+00
        423      2.000    10.8294    10.8223   3.569335   3.570633     2.8044     2.8383      96.53 5.8830e-01 0.0000e+00    64.5711    7.27041    31.8252    31.8442    24.3344    1488.97    1488.76 0.0000e+00
        484      3.000    11.2214    11.2258   3.591123   3.592875     2.8107     2.7256      86.40 3.5598e-01 0.0000e+00    64.5663    7.26798    31.7006    31.7140    24.1690    1490.22    1489.24 0.0000e+00
        525      4.000    10.9636    10.5935   3.574748   3.558981     2.8177     2.6552      93.36 2.4905e-01 0.0000e+00    64.5850    7.27923    31.7615    31.9272    24.2615    1489.40    1489.28 0.0000e+00
        560      5.000    10.2847    10.0491   3.538502   3.528967     2.8083     2.5999      88.92 1.7926e-01 0.0000e+00    64.5976    7.24482    31.9930    32.1053    24.5579    1487.27    1488.88 0.0000e+00
        594      6.000     9.7913     9.7939   3.511353   3.514112     2.7906     2.6315      98.76 1.2551e-01 0.0000e+00    65.2548    7.27345    32.1558    32.1816    24.7665    1485.70    1488.35 0.0000e+00
        624      7.000     9.5328     9.5344   3.498422   3.500403     2.7763     2.6850      80.67 8.9972e-02 0.0000e+00    65.8535    7.25461    32.2551    32.2739    24.8857    1484.90    1487.86 0.0000e+00
        653      8.000     9.5649     9.5195   3.499634   3.499595     2.7634     2.8552      98.90 6.7453e-02 0.0000e+00    66.2014    7.22915    32.2382    32.2786    24.8674    1485.01    1487.50 0.0000e+00
        680      9.000     9.5135     9.5179   3.498039   3.499329     2.7517     3.0020      82.48 5.2800e-02 0.0000e+00    66.7716    7.17629    32.2676    32.2769    24.8986    1484.88    1487.21 0.0000e+00
        708     10.000     9.4632     9.4464   3.493419   3.495506     2.7371     2.9544      95.22 4.9527e-02 0.0000e+00    67.2039    7.15695    32.2651    32.3017    24.9047    1484.70    1486.96 0.0000e+00
        734     11.000     9.1821     9.1590   3.478484   3.480375     2.7267     2.9230      98.81 4.9498e-02 0.0000e+00    67.0438    7.15520    32.3650    32.4056    25.0273    1483.81    1486.67 0.0000e+00
        761     12.000     8.7009     8.7642   3.451884   3.459036     2.7133     2.8194      98.83 4.9525e-02 0.0000e+00    67.2514    7.16064    32.5275    32.5441    25.2288    1482.24    1486.30 0.0000e+00
        787     13.000     8.5093     8.5257   3.442940   3.446052     2.6965     2.8343      98.83 4.9488e-02 0.0000e+00    68.2305    7.10269    32.6099    32.6274    25.3223    1481.64    1485.94 0.0000e+00
        810     14.000     8.4399     8.4278   3.437967   3.439774     2.6811     2.7523      98.83 4.9493e-02 0.0000e+00    69.1885    7.07162    32.6213    32.6515    25.3416    1481.41    1485.62 0.0000e+00
        833     15.000     8.3588     8.3563   3.433143   3.435148     2.6648     2.3850      98.83 4.9491e-02 0.0000e+00    70.1491    6.99303    32.6451    32.6686    25.3724    1481.15    1485.32 0.0000e+00
        858     16.000     8.3160     8.3155   3.430368   3.432441     2.6427     2.5500      98.83 4.9483e-02 0.0000e+00    71.0651    6.90258    32.6550    32.6774    25.3866    1481.02    1485.05 0.0000e+00
        883     17.000     8.2829     8.2836   3.428956   3.431046     2.6197     2.6152      98.83 4.9478e-02 0.0000e+00    71.7720    6.82639    32.6704    32.6919    25.4035    1480.93    1484.81 0.0000e+00
        908     18.000     8.2633     8.2630   3.428370   3.430430     2.5963     2.5036      98.83 4.9517e-02 0.0000e+00    72.6464    6.75292    32.6820    32.7040    25.4155    1480.89    1484.59 0.0000e+00
        933     19.000     8.2268     8.2267   3.426832   3.428923     2.5740     2.3232      98.83 4.9506e-02 0.0000e+00    73.4227    6.69924    32.6992    32.7214    25.4344    1480.79    1484.39 0.0000e+00
        958     20.000     8.2036     8.2029   3.425869   3.427927     2.5536     2.2065      98.83 4.9500e-02 0.0000e+00    74.0943    6.66105    32.7101    32.7326    25.4464    1480.73    1484.20 0.0000e+00
        983     21.000     8.1588     8.1555   3.423733   3.425765     2.5364     2.0604      98.83 4.9506e-02 0.0000e+00    74.9161    6.63976    32.7288    32.7534    25.4676    1480.60    1484.03 0.0000e+00
       1008     22.000     8.1173     8.1154   3.421852   3.423906     2.5213     2.0038      98.83 4.9483e-02 0.0000e+00    75.6079    6.60274    32.7471    32.7707    25.4880    1480.48    1483.87 0.0000e+00
       1033     23.000     8.0759     8.0757   3.420057   3.422161     2.5061     1.7508      93.72 4.9500e-02 0.0000e+00    76.3856    6.56906    32.7663    32.7888    25.5091    1480.36    1483.72 0.0000e+00
       1058     24.000     8.0449     8.0429   3.418821   3.420889     2.4926     1.4117      82.93 4.9489e-02 0.0000e+00    76.7750    6.54236    32.7816    32.8055    25.5257    1480.28    1483.57 0.0000e+00
       1083     25.000     8.0129     8.0116   3.417800   3.419887     2.4801     1.2024      98.90 4.9495e-02 0.0000e+00    77.0453    6.51375    32.8003    32.8237    25.5450    1480.20    1483.44 0.0000e+00
       1108     26.000     7.9837     7.9850   3.417400   3.419571     2.4683     1.1291      89.93 4.9500e-02 0.0000e+00    76.8619    6.48542    32.8229    32.8449    25.5670    1480.13    1483.31 0.0000e+00
       1133     27.000     7.9664     7.9662   3.417636   3.419770     2.4573     1.0319      87.36 4.9500e-02 0.0000e+00    77.6074    6.45953    32.8412    32.8642    25.5839    1480.11    1483.19 0.0000e+00
       1158     28.000     7.9588     7.9607   3.417607   3.419768     2.4472     0.9527      98.83 4.9491e-02 0.0000e+00    77.9741    6.43506    32.8476    32.8689    25.5900    1480.10    1483.08 0.0000e+00
       1182     29.000     7.9514     7.9516   3.417385   3.419523     2.4381     0.9076      87.59 4.9495e-02 0.0000e+00    78.3111    6.42716    32.8517    32.8743    25.5943    1480.10    1482.98 0.0000e+00
       1207     30.000     7.9002     7.8979   3.413789   3.415885     2.4317     0.8633      89.77 4.9509e-02 0.0000e+00    78.5844    6.43197    32.8610    32.8855    25.6090    1479.93    1482.88 0.0000e+00
       1231     31.000     7.8622     7.8614   3.411867   3.414031     2.4259     0.7968      98.83 4.9461e-02 0.0000e+00    78.7154    6.42471    32.8757    32.8996    25.6260    1479.82    1482.78 0.0000e+00
       1255     32.000     7.8162     7.8141   3.409498   3.411621     2.4209     0.7318      86.53 4.9497e-02 0.0000e+00    78.8434    6.42027    32.8933    32.9180    25.6464    1479.68    1482.68 0.0000e+00
       1280     33.000     7.7882     7.7894   3.408525   3.410674     2.4159     0.7084      91.48 4.9479e-02 0.0000e+00    79.0176    6.39919    32.9088    32.9307    25.6626    1479.61    1482.59 0.0000e+00
       1304     34.000     7.7842     7.7857   3.409075   3.411228     2.4094     0.6283      98.79 4.9467e-02 0.0000e+00    79.0168    6.36640    32.9180    32.9396    25.6704    1479.62    1482.50 0.0000e+00
       1328     35.000     7.7523     7.7496   3.408137   3.410275     2.4025     0.5600      98.82 4.9479e-02 0.0000e+00    79.1361    6.34449    32.9376    32.9631    25.6903    1479.54    1482.42 0.0000e+00
       1352     36.000     7.6897     7.6867   3.404575   3.406672     2.3952     0.5852      98.82 4.9502e-02 0.0000e+00    79.3303    6.32672    32.9581    32.9835    25.7153    1479.35    1482.33 0.0000e+00
       1376     37.000     7.6222     7.6175   3.400097   3.402154     2.3877     0.5864      98.82 4.9468e-02 0.0000e+00    79.5060    6.30933    32.9734    33.0000    25.7369    1479.12    1482.24 0.0000e+00
       1400     38.000     7.4996     7.4904   3.391221   3.393279     2.3799     0.4942      98.81 4.9497e-02 0.0000e+00    79.5951    6.28337    32.9936    33.0246    25.7701    1478.69    1482.15 0.0000e+00
       1424     39.000     7.3906     7.3829   3.384097   3.386088     2.3693     0.4162      98.82 4.9491e-02 0.0000e+00    79.7342    6.23773    33.0199    33.0488    25.8059    1478.32    1482.05 0.0000e+00
       1449     40.000     7.2958     7.2908   3.376258   3.378199     2.3569     0.3454      98.82 4.9485e-02 0.0000e+00    79.9162    6.18201    33.0248    33.0507    25.8230    1477.98    1481.95 0.0000e+00
       1472     41.000     7.2565     7.2574   3.373255   3.375403     2.3415     0.2721      98.81 4.9480e-02 0.0000e+00    80.1029    6.09655    33.0293    33.0517    25.8319    1477.85    1481.85 0.0000e+00
       1496     42.000     7.2702     7.2760   3.375427   3.377808     2.3223     0.2175      98.82 4.9505e-02 0.0000e+00    80.2582    5.97452    33.0393    33.0596    25.8379    1477.93    1481.76 0.0000e+00
       1520     43.000     7.2426     7.2403   3.373142   3.375292     2.2977     0.1935      98.81 4.9503e-02 0.0000e+00    80.3066    5.84753    33.0404    33.0659    25.8425    1477.84    1481.66 0.0000e+00
       1543     44.000     7.1893     7.1878   3.368699   3.370810     2.2709     0.1834      98.81 4.9481e-02 0.0000e+00    80.3576    5.78492    33.0425    33.0669    25.8515    1477.66    1481.57 0.0000e+00
       1567     45.000     7.1553     7.1548   3.365888   3.367995     2.2502     0.1686      98.80 4.9515e-02 0.0000e+00    80.3931    5.80619    33.0440    33.0674    25.8573    1477.54    1481.48 0.0000e+00
       1591     46.000     7.1426     7.1442   3.365289   3.367461     2.2366     0.1758      98.81 4.9514e-02 0.0000e+00    80.4575    5.80389    33.0491    33.0713    25.8631    1477.52    1481.40 0.0000e+00
       1614     47.000     7.1416     7.1440   3.366065   3.368210     2.2234     0.0900      98.81 4.9486e-02 0.0000e+00    80.4831    5.73200    33.0581    33.0791    25.8703    1477.54    1481.31 0.0000e+00
       1638     48.000     7.1473     7.1497   3.367370   3.369562     2.2054     0.0527      98.80 4.9499e-02 0.0000e+00    80.4722    5.62730    33.0663    33.0879    25.8760    1477.59    1481.24 0.0000e+00
       1662     49.000     7.1559     7.1587   3.369083   3.371287     2.1854     0.0518      98.80 4.9497e-02 0.0000e+00    80.6112    5.53137    33.0763    33.0976    25.8827    1477.65    1481.16 0.0000e+00
       1685     50.000     7.1591     7.1615   3.370093   3.372286     2.1622     0.0494      98.80 4.9474e-02 0.0000e+00    80.6458    5.42278    33.0837    33.1053    25.8881    1477.69    1481.09 0.0000e+00
       1709     51.000     7.1707     7.1741   3.372042   3.374257     2.1379     0.0398      98.80 4.9511e-02 0.0000e+00    80.6670    5.33303    33.0934    33.1142    25.8941    1477.76    1481.03 0.0000e+00
       1733     52.000     7.1769     7.1793   3.373003   3.375197     2.1136 -9.990e-29      98.80 4.9491e-02 0.0000e+00    80.6609    5.27098    33.0974    33.1190    25.8964    1477.81    1480.97 0.0000e+00
       1756     53.000     7.1812     7.1838   3.373696   3.375898     2.0923 -9.990e-29      98.80 4.9485e-02 0.0000e+00    80.6856    5.21413    33.1004    33.1219    25.8982    1477.85    1480.91 0.0000e+00
       1780     54.000     7.1769     7.1781   3.373586   3.375688     2.0714 -9.990e-29      98.80 4.9502e-02 0.0000e+00    80.7118    5.16433    33.1028    33.1246    25.9007    1477.85    1480.85 0.0000e+00
       1804     55.000     7.1822     7.1851   3.374572   3.376791     2.0532    -0.0056      98.80 4.9469e-02 0.0000e+00    80.6931    5.13190    33.1080    33.1294    25.9040    1477.89    1480.80 0.0000e+00
       1827     56.000     7.1917     7.1951   3.375871   3.378135     2.0374    -0.0219      98.80 4.9485e-02 0.0000e+00    80.6929    5.10953    33.1126    33.1339    25.9063    1477.95    1480.75 0.0000e+00
       1851     57.000     7.1952     7.1975   3.376356   3.378567     2.0252    -0.0194      98.80 4.9503e-02 0.0000e+00    80.7331    5.10403    33.1140    33.1359    25.9070    1477.98    1480.70 0.0000e+00
       1876     58.000     7.1981     7.2008   3.376932   3.379141     2.0146    -0.0219      98.80 4.9509e-02 0.0000e+00    80.7507    5.07503    33.1170    33.1385    25.9089    1478.01    1480.65 0.0000e+00
       1900     59.000     7.2013     7.2039   3.377395   3.379609     2.0042    -0.0206      98.80 4.9485e-02 0.0000e+00    80.7592    5.04355    33.1185    33.1401    25.9097    1478.04    1480.61 0.0000e+00
       1924     60.000     7.2063     7.2087   3.378125   3.380324     1.9941 -9.990e-29      98.80 4.9491e-02 0.0000e+00    80.7769    5.01991    33.1212    33.1428    25.9111    1478.08    1480.56 0.0000e+00
       1948     61.000     7.2060     7.2077   3.378320   3.380485     1.9858 -9.990e-29      98.80 4.9509e-02 0.0000e+00    80.7552    5.00574    33.1231    33.1450    25.9126    1478.10    1480.52 0.0000e+00
       1972     62.000     7.2065     7.2090   3.378560   3.380755     1.9780 -9.990e-29      98.80 4.9485e-02 0.0000e+00    80.7524    4.98661    33.1248    33.1463    25.9139    1478.12    1480.49 0.0000e+00
       1996     63.000     7.2100     7.2126   3.379075   3.381287     1.9711 -9.990e-29      98.80 4.9527e-02 0.0000e+00    80.7445    4.97271    33.1265    33.1481    25.9148    1478.15    1480.45 0.0000e+00
       2020     64.000     7.2210     7.2252   3.380636   3.382889     1.9648 -9.990e-29      98.80 4.9495e-02 0.0000e+00    80.7765    4.95775    33.1325    33.1530    25.9180    1478.22    1480.41 0.0000e+00
       2044     65.000     7.2467     7.2500   3.383576   3.385772     1.9595 -9.990e-29      98.80 4.9491e-02 0.0000e+00    80.7621    4.94759    33.1393    33.1601    25.9198    1478.34    1480.38 0.0000e+00
       2068     66.000     7.2556     7.2588   3.384605   3.386842     1.9546 -9.990e-29      98.80 4.9518e-02 0.0000e+00    80.8063    4.92580    33.1415    33.1628    25.9203    1478.40    1480.35 0.0000e+00
       2092     67.000     7.2705     7.2744   3.386570   3.388796     1.9486 -9.990e-29      98.80 4.9478e-02 0.0000e+00    80.8207    4.88465    33.1481    33.1686    25.9235    1478.48    1480.32 0.0000e+00
       2116     68.000     7.2939     7.2982   3.389388   3.391670     1.9402 -9.990e-29      98.80 4.9491e-02 0.0000e+00    80.8114    4.82888    33.1558    33.1765    25.9263    1478.60    1480.30 0.0000e+00
       2141     69.000     7.3054     7.3082   3.390630   3.392850     1.9302 -9.990e-29      98.80 4.9520e-02 0.0000e+00    80.7960    4.78035    33.1578    33.1792    25.9263    1478.66    1480.27 0.0000e+00
       2165     70.000     7.3069     7.3091   3.390882   3.393094     1.9191 -9.990e-29      98.80 4.9502e-02 0.0000e+00    80.8312    4.73099    33.1586    33.1805    25.9267    1478.68    1480.25 0.0000e+00
       2189     71.000     7.3082     7.3109   3.391126   3.393357     1.9072 -9.990e-29      98.80 4.9503e-02 0.0000e+00    80.8393    4.68030    33.1596    33.1812    25.9273    1478.71    1480.23 0.0000e+00
       2213     72.000     7.3123     7.3149   3.391658   3.393865     1.8947 -9.990e-29      98.80 4.9491e-02 0.0000e+00    80.8339    4.64560    33.1609    33.1824    25.9278    1478.74    1480.21 0.0000e+00
       2237     73.000     7.3150     7.3176   3.392032   3.394251     1.8840 -9.990e-29      98.80 4.9500e-02 0.0000e+00    80.8283    4.63229    33.1619    33.1835    25.9282    1478.77    1480.19 0.0000e+00
       2262     74.000     7.3200     7.3228   3.392719   3.394942     1.8749 -9.990e-29      98.80 4.9491e-02 0.0000e+00    80.8770    4.62098    33.1641    33.1856    25.9292    1478.81    1480.17 0.0000e+00
       2286     75.000     7.3262     7.3290   3.393501   3.395736     1.8677 -9.990e-29      98.80 4.9509e-02 0.0000e+00    80.8433    4.60875    33.1662    33.1878    25.9300    1478.85    1480.15 0.0000e+00
       2310     76.000     7.3306     7.3331   3.394055   3.396274     1.8612 -9.990e-29      98.80 4.9517e-02 0.0000e+00    80.8258    4.59443    33.1675    33.1892    25.9304    1478.88    1480.14 0.0000e+00
