_data/ctd/2022_CLIFORD_Benthic_data_CTDs/sta0592.cnv
* Sea-Bird SBE 9 Data File:
* FileName = C:\Seabird\CTDData\sta0592.hex
* Software Version Seasave V 7.21f
* Temperature SN = 5234
* Conductivity SN = 4797
* Number of Bytes Per Scan = 40
* Number of Voltage Words = 5
* Number of Scans Averaged by the Deck Unit = 1
* NMEA Latitude = 60 49.51 N
* NMEA Longitude = 005 20.82 E
* NMEA UTC (Time) = May 23 2022 08:49:42
* NMEA baud rate = 4800
** Ship: R/V "Kristine Bonnevie"
** Station: 0592
** Echodepth: 298.89
** Log: 9435.077
** Wind-Dir/Force: 12 06
** Air-temp (dry): 10.5
** Weather Sky:
** Sea:
** Masfjorden
# nquan = 19                                
# nvalues = 296                         
# units = specified
# name 0 = scan: Scan Count
# name 1 = prDM: Pressure, Digiquartz [db]
# name 2 = t068C: Temperature [ITS-68, deg C]
# name 3 = t168C: Temperature, 2 [ITS-68, deg C]
# name 4 = c0S/m: Conductivity [S/m]
# name 5 = c1S/m: Conductivity, 2 [S/m]
# name 6 = sbeox0V: Oxygen raw, SBE 43 [V]
# name 7 = flECO-AFL: Fluorescence, WET Labs ECO-AFL/FL [mg/m^3]
# name 8 = altM: Altimeter [m]
# name 9 = par: PAR/Irradiance, Biospherical/Licor
# name 10 = spar: SPAR/Surface Irradiance
# name 11 = CStarTr0: Beam Transmission, WET Labs C-Star [%]
# name 12 = sbeox0ML/L: Oxygen, SBE 43 [ml/l], WS = 2
# name 13 = sal00: Salinity, Practical [PSU]
# name 14 = sal11: Salinity, Practical, 2 [PSU]
# name 15 = sigma-t00: Density [sigma-t, Kg/m^3 ]
# name 16 = svCM: Sound Velocity [Chen-Millero, m/s]
# name 17 = avgsvCM: Average Sound Velocity [Chen-Millero, m/s], minP = 1, minS = 5
# name 18 = flag: flag
# span 0 =        322,       6899       
# span 1 =      2.000,    297.000       
# span 2 =     7.9661,    12.0816       
# span 3 =     7.9690,    12.0999       
# span 4 =   2.683224,   3.657842       
# span 5 =   2.675096,   3.660115       
# span 6 =     1.5532,     2.8007       
# span 7 =    -0.0881,     1.5571       
# span 8 =      -8.59,      99.38       
# span 9 = 4.9464e-02, 6.7275e+01       
# span 10 = 1.3008e+02, 1.6813e+02      
# span 11 =    59.9875,    81.1327      
# span 12 =    3.55056,    7.51092      
# span 13 =    22.4490,    34.9187      
# span 14 =    22.3633,    34.9406      
# span 15 =    16.8508,    27.1597      
# span 16 =    1480.33,    1488.50      
# span 17 =    1481.30,    1485.66      
# span 18 = 0.0000e+00, 0.0000e+00      
# interval = decibars: 1                
# start_time = May 23 2022 08:49:44 [System UTC, header]
# bad_flag = -9.990e-29
*END*
[from data line 153]
       3856    155.000     8.3155     8.3177   3.647674   3.649867     1.7604 -9.990e-29      98.79 4.9515e-02 1.3191e+02    80.7013    4.16707    34.8959    34.9171    27.1446    1486.07    1484.16 0.0000e+00
       3877    156.000     8.3156     8.3178   3.647773   3.649971     1.7564 -9.990e-29      51.40 4.9505e-02 1.3191e+02    80.6916    4.15241    34.8964    34.9177    27.1449    1486.09    1484.17 0.0000e+00
       3898    157.000     8.3157     8.3180   3.647852   3.650043     1.7527 -9.990e-29      76.83 4.9525e-02 1.3191e+02    80.7086    4.14710    34.8967    34.9177    27.1451    1486.11    1484.18 0.0000e+00
       3919    158.000     8.3160     8.3181   3.647992   3.650189     1.7497 -9.990e-29      98.68 4.9518e-02 1.3191e+02    80.6943    4.14065    34.8974    34.9187    27.1456    1486.12    1484.19 0.0000e+00
       3940    159.000     8.3162     8.3184   3.648137   3.650328     1.7465 -9.990e-29      98.78 4.9545e-02 1.3191e+02    80.6890    4.13193    34.8983    34.9194    27.1463    1486.14    1484.21 0.0000e+00
       3961    160.000     8.3165     8.3186   3.648281   3.650483     1.7437 -9.990e-29      98.79 4.9532e-02 1.3191e+02    80.7146    4.12703    34.8990    34.9204    27.1468    1486.16    1484.22 0.0000e+00
       3981    161.000     8.3166     8.3188   3.648417   3.650613     1.7412 -9.990e-29      98.79 4.9536e-02 1.3191e+02    80.7016    4.12212    34.8999    34.9211    27.1475    1486.18    1484.23 0.0000e+00
       4002    162.000     8.3168     8.3190   3.648554   3.650754     1.7390 -9.990e-29      98.78 4.9505e-02 1.3191e+02    80.7086    4.11357    34.9007    34.9219    27.1481    1486.20    1484.24 0.0000e+00
       4022    163.000     8.3170     8.3192   3.648683   3.650890     1.7361 -9.990e-29      98.79 4.9529e-02 1.3191e+02    80.7032    4.09503    34.9014    34.9227    27.1486    1486.22    1484.25 0.0000e+00
       4043    164.000     8.3172     8.3195   3.648837   3.651043     1.7327 -9.990e-29      98.79 4.9532e-02 1.3191e+02    80.6931    4.08270    34.9023    34.9235    27.1493    1486.23    1484.27 0.0000e+00
       4063    165.000     8.3174     8.3195   3.648925   3.651124     1.7294 -9.990e-29      98.79 4.9488e-02 1.3191e+02    80.6896    4.07453    34.9026    34.9239    27.1495    1486.25    1484.28 0.0000e+00
       4084    166.000     8.3175     8.3196   3.649006   3.651207     1.7263 -9.990e-29      98.78 4.9518e-02 1.3191e+02    80.6724    4.06321    34.9029    34.9242    27.1497    1486.27    1484.29 0.0000e+00
       4105    167.000     8.3176     8.3198   3.649071   3.651270     1.7228 -9.990e-29      74.79 4.9505e-02 1.3191e+02    80.6738    4.05127    34.9030    34.9242    27.1498    1486.29    1484.30 0.0000e+00
       4126    168.000     8.3178     8.3200   3.649187   3.651385     1.7195 -9.990e-29      75.65 4.9536e-02 1.3191e+02    80.6153    4.04541    34.9035    34.9248    27.1502    1486.30    1484.31 0.0000e+00
       4146    169.000     8.3179     8.3201   3.649286   3.651492     1.7167 -9.990e-29      99.26 4.9532e-02 1.3191e+02    80.6474    4.03772    34.9040    34.9253    27.1505    1486.32    1484.33 0.0000e+00
       4167    170.000     8.3181     8.3203   3.649409   3.651624     1.7137 -9.990e-29      98.79 4.9511e-02 1.3191e+02    80.6404    4.02896    34.9046    34.9260    27.1510    1486.34    1484.34 0.0000e+00
       4188    171.000     8.3182     8.3204   3.649521   3.651723     1.7110 -9.990e-29      98.78 4.9512e-02 1.3191e+02    80.6041    4.02532    34.9052    34.9265    27.1515    1486.36    1484.35 0.0000e+00
       4209    172.000     8.3183     8.3205   3.649591   3.651798     1.7087 -9.990e-29      98.78 4.9519e-02 1.3191e+02    80.6554    4.02231    34.9054    34.9267    27.1516    1486.37    1484.36 0.0000e+00
       4230    173.000     8.3184     8.3207   3.649673   3.651877     1.7065 -9.990e-29      73.47 4.9515e-02 1.3263e+02    80.6364    4.01048    34.9057    34.9269    27.1518    1486.39    1484.37 0.0000e+00
       4252    174.000     8.3186     8.3208   3.649755   3.651963     1.7036 -9.990e-29      48.38 4.9505e-02 1.3352e+02    80.5362    3.99870    34.9059    34.9272    27.1519    1486.41    1484.38 0.0000e+00
       4273    175.000     8.3187     8.3209   3.649855   3.652061     1.7008 -9.990e-29      98.15 1.0740e-01 1.3381e+02    80.5923    3.99170    34.9064    34.9277    27.1523    1486.43    1484.40 0.0000e+00
       4294    176.000     8.3189     8.3210   3.649928   3.652141     1.6986 -9.990e-29      98.78 5.0249e-02 1.3391e+02    80.6157    3.98826    34.9065    34.9280    27.1523    1486.44    1484.41 0.0000e+00
       4315    177.000     8.3189     8.3211   3.650018   3.652225     1.6961 -9.990e-29      98.78 4.9525e-02 1.3391e+02    80.6070    3.98489    34.9070    34.9283    27.1527    1486.46    1484.42 0.0000e+00
       4336    178.000     8.3191     8.3213   3.650098   3.652300     1.6946 -9.990e-29      86.07 4.9532e-02 1.3391e+02    80.6318    3.98063    34.9071    34.9284    27.1528    1486.48    1484.43 0.0000e+00
       4357    179.000     8.3192     8.3214   3.650181   3.652380     1.6922 -9.990e-29      88.07 4.9515e-02 1.3391e+02    80.6160    3.97421    34.9074    34.9287    27.1530    1486.49    1484.44 0.0000e+00
       4379    180.000     8.3193     8.3215   3.650252   3.652457     1.6906 -9.990e-29      98.69 4.9564e-02 1.3391e+02    80.6073    3.96881    34.9076    34.9289    27.1531    1486.51    1484.45 0.0000e+00
       4400    181.000     8.3194     8.3216   3.650314   3.652536     1.6885 -9.990e-29      98.78 4.9525e-02 1.3391e+02    80.5871    3.96208    34.9077    34.9292    27.1532    1486.53    1484.47 0.0000e+00
       4421    182.000     8.3195     8.3217   3.650393   3.652605     1.6867 -9.990e-29      98.78 4.9527e-02 1.3391e+02    80.6139    3.96137    34.9080    34.9293    27.1534    1486.55    1484.48 0.0000e+00
       4443    183.000     8.3196     8.3218   3.650464   3.652682     1.6853 -9.990e-29      98.78 4.9545e-02 1.3391e+02    80.5997    3.95820    34.9081    34.9296    27.1535    1486.56    1484.49 0.0000e+00
       4464    184.000     8.3198     8.3220   3.650522   3.652738     1.6837 -9.990e-29      73.61 4.9545e-02 1.3391e+02    80.5992    3.95203    34.9081    34.9295    27.1534    1486.58    1484.50 0.0000e+00
       4486    185.000     8.3199     8.3221   3.650582   3.652789     1.6822 -9.990e-29      71.41 4.9515e-02 1.3391e+02    80.5873    3.95120    34.9081    34.9295    27.1535    1486.60    1484.51 0.0000e+00
       4507    186.000     8.3200     8.3222   3.650657   3.652864     1.6809 -9.990e-29      98.97 4.9532e-02 1.3391e+02    80.5840    3.94562    34.9084    34.9297    27.1536    1486.61    1484.52 0.0000e+00
       4528    187.000     8.3201     8.3223   3.650712   3.652934     1.6795 -9.990e-29      98.78 4.9527e-02 1.3391e+02    80.5903    3.94760    34.9084    34.9298    27.1536    1486.63    1484.53 0.0000e+00
       4550    188.000     8.3202     8.3224   3.650781   3.653007     1.6788 -9.990e-29      98.78 4.9532e-02 1.3410e+02    80.5580    3.94333    34.9085    34.9300    27.1537    1486.65    1484.54 0.0000e+00
       4571    189.000     8.3203     8.3226   3.650847   3.653072     1.6775 -9.990e-29      95.46 4.9525e-02 1.3487e+02    79.5961    3.94063    34.9086    34.9301    27.1538    1486.66    1484.56 0.0000e+00
       4592    190.000     8.3204     8.3227   3.650910   3.653137     1.6768 -9.990e-29      98.04 4.9540e-02 1.3571e+02    79.1022    3.94095    34.9087    34.9302    27.1538    1486.68    1484.57 0.0000e+00
       4614    191.000     8.3206     8.3228   3.651017   3.653232     1.6759 -9.990e-29      98.78 4.9519e-02 1.3591e+02    72.9103    3.93568    34.9092    34.9306    27.1542    1486.70    1484.58 0.0000e+00
       4635    192.000     8.3207     8.3229   3.651094   3.653311     1.6744 -9.990e-29      98.78 4.9527e-02 1.3591e+02    79.9340    3.93174    34.9094    34.9309    27.1544    1486.72    1484.59 0.0000e+00
       4657    193.000     8.3208     8.3230   3.651164   3.653382     1.6739 -9.990e-29      98.78 4.9527e-02 1.3591e+02    80.3890    3.93267    34.9096    34.9310    27.1545    1486.73    1484.60 0.0000e+00
       4679    194.000     8.3209     8.3232   3.651245   3.653471     1.6726 -9.990e-29      98.78 4.9532e-02 1.3591e+02    79.9564    3.92429    34.9099    34.9313    27.1547    1486.75    1484.61 0.0000e+00
       4701    195.000     8.3210     8.3232   3.651312   3.653540     1.6715 -9.990e-29      72.95 4.9499e-02 1.3591e+02    80.4343    3.92368    34.9100    34.9316    27.1548    1486.77    1484.62 0.0000e+00
       4723    196.000     8.3211     8.3233   3.651422   3.653645     1.6704 -9.990e-29      84.83 4.9508e-02 1.3591e+02    80.4889    3.91898    34.9106    34.9321    27.1552    1486.79    1484.63 0.0000e+00
       4745    197.000     8.3213     8.3235   3.651514   3.653732     1.6694 -9.990e-29      86.29 4.9515e-02 1.3638e+02    80.5392    3.91734    34.9109    34.9324    27.1554    1486.80    1484.64 0.0000e+00
       4767    198.000     8.3214     8.3236   3.651597   3.653809     1.6682 -9.990e-29      98.82 4.9532e-02 1.3789e+02    80.5264    3.91290    34.9112    34.9326    27.1556    1486.82    1484.66 0.0000e+00
       4789    199.000     8.3215     8.3237   3.651672   3.653893     1.6671 -9.990e-29      98.78 4.9521e-02 1.3791e+02    80.5148    3.90923    34.9114    34.9329    27.1558    1486.84    1484.67 0.0000e+00
       4810    200.000     8.3217     8.3239   3.651735   3.653966     1.6660 -9.990e-29      98.78 4.9545e-02 1.3791e+02    80.5082    3.90321    34.9114    34.9330    27.1558    1486.85    1484.68 0.0000e+00
       4831    201.000     8.3218     8.3240   3.651801   3.654033     1.6642 -9.990e-29      43.39 4.9492e-02 1.3791e+02    80.4700    3.89073    34.9116    34.9331    27.1558    1486.87    1484.69 0.0000e+00
       4852    202.000     8.3219     8.3241   3.651876   3.654086     1.6624 -9.990e-29      67.51 4.9519e-02 1.3791e+02    80.4844    3.88922    34.9118    34.9331    27.1560    1486.89    1484.70 0.0000e+00
       4873    203.000     8.3220     8.3242   3.651938   3.654166     1.6610 -9.990e-29      64.63 4.9498e-02 1.3791e+02    80.5048    3.88706    34.9119    34.9334    27.1561    1486.91    1484.71 0.0000e+00
       4894    204.000     8.3221     8.3243   3.652004   3.654240     1.6594 -9.990e-29      98.69 4.9521e-02 1.3791e+02    80.4929    3.88392    34.9120    34.9336    27.1561    1486.92    1484.72 0.0000e+00
       4916    205.000     8.3222     8.3246   3.652065   3.653901     1.6584 -9.990e-29      98.78 4.9538e-02 1.3791e+02    80.4266    3.88528    34.9121    34.9292    27.1562    1486.94    1484.73 0.0000e+00
       4937    206.000     8.3224     8.3249   3.652140   3.653910     1.6577 -9.990e-29      88.40 4.9490e-02 1.3791e+02    80.4547    3.88709    34.9122    34.9285    27.1562    1486.96    1484.74 0.0000e+00
       4959    207.000     8.3225     8.3246   3.652215   3.654439     1.6568 -9.990e-29      98.73 4.9531e-02 1.3791e+02    80.3306    3.88082    34.9124    34.9340    27.1564    1486.97    1484.75 0.0000e+00
       4981    208.000     8.3225     8.3248   3.652281   3.654524     1.6558 -9.990e-29      98.78 4.9534e-02 1.3791e+02    80.4185    3.87488    34.9126    34.9342    27.1566    1486.99    1484.76 0.0000e+00
       5003    209.000     8.3227     8.3249   3.652354   3.654586     1.6545    -0.0566      98.78 4.9524e-02 1.3852e+02    80.3938    3.87217    34.9127    34.9343    27.1566    1487.01    1484.77 0.0000e+00
       5025    210.000     8.3228     8.3249   3.652272   3.654642     1.6535    -0.0558      98.78 4.9521e-02 1.3988e+02    80.3870    3.87144    34.9113    34.9344    27.1555    1487.02    1484.79 0.0000e+00
       5047    211.000     8.3229     8.3251   3.652476   3.654719     1.6524    -0.0558      98.01 4.9534e-02 1.3991e+02    80.3813    3.86925    34.9129    34.9346    27.1567    1487.04    1484.80 0.0000e+00
       5070    212.000     8.3230     8.3252   3.652551   3.654788     1.6518    -0.0558      68.67 4.9502e-02 1.3991e+02    80.3463    3.86848    34.9131    34.9347    27.1569    1487.06    1484.81 0.0000e+00
       5092    213.000     8.3232     8.3253   3.652623   3.654857     1.6508    -0.0558      98.83 4.9536e-02 1.3991e+02    80.3256    3.86265    34.9132    34.9349    27.1569    1487.08    1484.82 0.0000e+00
       5114    214.000     8.3232     8.3254   3.652694   3.654926     1.6494 -9.990e-29      98.78 4.9515e-02 1.3991e+02    80.3138    3.85391    34.9134    34.9350    27.1571    1487.09    1484.83 0.0000e+00
       5137    215.000     8.3233     8.3254   3.652760   3.654981     1.6481 -9.990e-29      98.78 4.9548e-02 1.3991e+02    80.3114    3.85571    34.9136    34.9351    27.1572    1487.11    1484.84 0.0000e+00
       5159    216.000     8.3234     8.3256   3.652816   3.655054     1.6474 -9.990e-29      98.78 4.9546e-02 1.3991e+02    80.2740    3.85362    34.9136    34.9352    27.1572    1487.13    1484.85 0.0000e+00
       5181    217.000     8.3235     8.3257   3.652876   3.655119     1.6460 -9.990e-29      98.78 4.9532e-02 1.4160e+02    80.1782    3.84165    34.9137    34.9353    27.1572    1487.14    1484.86 0.0000e+00
       5203    218.000     8.3236     8.3258   3.652929   3.655167     1.6444 -9.990e-29      98.78 4.9514e-02 1.4167e+02    80.1210    3.83614    34.9136    34.9353    27.1572    1487.16    1484.87 0.0000e+00
       5225    219.000     8.3237     8.3259   3.652996   3.655231     1.6425 -9.990e-29      98.78 4.9528e-02 1.4192e+02    80.1048    3.83195    34.9138    34.9354    27.1573    1487.18    1484.88 0.0000e+00
       5247    220.000     8.3238     8.3260   3.653049   3.655288     1.6414 -9.990e-29      98.78 4.9521e-02 1.4191e+02    80.0820    3.83463    34.9138    34.9354    27.1573    1487.19    1484.89 0.0000e+00
       5269    221.000     8.3239     8.3261   3.653105   3.655340     1.6405 -9.990e-29      98.78 4.9528e-02 1.4191e+02    79.9990    3.83265    34.9138    34.9354    27.1573    1487.21    1484.90 0.0000e+00
       5291    222.000     8.3240     8.3261   3.653155   3.655401     1.6392 -9.990e-29      98.78 4.9527e-02 1.4191e+02    80.0376    3.82447    34.9137    34.9356    27.1572    1487.23    1484.91 0.0000e+00
       5312    223.000     8.3241     8.3263   3.653220   3.655457     1.6378 -9.990e-29      98.78 4.9502e-02 1.4191e+02    80.0131    3.82089    34.9138    34.9355    27.1573    1487.25    1484.92 0.0000e+00
       5334    224.000     8.3242     8.3264   3.653281   3.655513     1.6366 -9.990e-29      98.78 4.9521e-02 1.4191e+02    80.0290    3.82144    34.9139    34.9355    27.1573    1487.26    1484.93 0.0000e+00
       5356    225.000     8.3243     8.3266   3.653357   3.655590     1.6360 -9.990e-29      98.78 4.9527e-02 1.4191e+02    79.9886    3.82534    34.9141    34.9356    27.1575    1487.28    1484.94 0.0000e+00
       5379    226.000     8.3244     8.3266   3.653410   3.655654     1.6357 -9.990e-29      98.78 4.9534e-02 1.4191e+02    79.9751    3.82776    34.9141    34.9358    27.1575    1487.30    1484.95 0.0000e+00
       5401    227.000     8.3246     8.3269   3.653487   3.655729     1.6353 -9.990e-29      98.78 4.9536e-02 1.4261e+02    79.9759    3.82402    34.9143    34.9359    27.1576    1487.31    1484.96 0.0000e+00
       5423    228.000     8.3248     8.3271   3.653567   3.655803     1.6346 -9.990e-29      98.78 4.9540e-02 1.4389e+02    79.9475    3.81938    34.9145    34.9360    27.1577    1487.33    1484.97 0.0000e+00
       5446    229.000     8.3250     8.3272   3.653640   3.655878     1.6339 -9.990e-29      98.78 4.9512e-02 1.4390e+02    79.7736    3.81933    34.9146    34.9362    27.1577    1487.35    1484.98 0.0000e+00
