_data/ctd/2022_CLIFORD_Benthic_data_CTDs/sta0584.cnv
* Sea-Bird SBE 9 Data File:
* FileName = C:\Seabird\CTDData\sta0584.hex
* Software Version Seasave V 7.21f
* Temperature SN = 5234
* Conductivity SN = 4797
* Number of Bytes Per Scan = 40
* Number of Voltage Words = 5
* Number of Scans Averaged by the Deck Unit = 1
* NMEA Latitude = 60 41.11 N
* NMEA Longitude = 005 10.34 E
* NMEA UTC (Time) = May 22 2022 21:52:29
* NMEA baud rate = 4800
** Ship: R/V "Kristine Bonnevie"
** Station: 0584
** Echodepth: 420
** Log: 9395.336
** Wind-Dir/Force: 11 06
** Air-temp (dry): 10.5
** Weather Sky:
** Sea:
# nquan = 19                                
# nvalues = 429                         
# units = specified
# name 0 = scan: Scan Count
# name 1 = prDM: Pressure, Digiquartz [db]
# name 2 = t068C: Temperature [ITS-68, deg C]
# name 3 = t168C: Temperature, 2 [ITS-68, deg C]
# name 4 = c0S/m: Conductivity [S/m]
# name 5 = c1S/m: Conductivity, 2 [S/m]
# name 6 = sbeox0V: Oxygen raw, SBE 43 [V]
# name 7 = flECO-AFL: Fluorescence, WET Labs ECO-AFL/FL [mg/m^3]
# name 8 = altM: Altimeter [m]
# name 9 = par: PAR/Irradiance, Biospherical/Licor
# name 10 = spar: SPAR/Surface Irradiance
# name 11 = CStarTr0: Beam Transmission, WET Labs C-Star [%]
# name 12 = sbeox0ML/L: Oxygen, SBE 43 [ml/l], WS = 2
# name 13 = sal00: Salinity, Practical [PSU]
# name 14 = sal11: Salinity, Practical, 2 [PSU]
# name 15 = sigma-t00: Density [sigma-t, Kg/m^3 ]
# name 16 = svCM: Sound Velocity [Chen-Millero, m/s]
# name 17 = avgsvCM: Average Sound Velocity [Chen-Millero, m/s], minP = 1, minS = 5
# name 18 = flag: flag
# span 0 =        305,      11691       
# span 1 =      1.000,    429.000       
# span 2 =     7.0341,    11.2214       
# span 3 =     7.0362,    11.2258       
# span 4 =   3.365289,   3.591123       
# span 5 =   3.367461,   3.592875       
# span 6 =     1.8146,     2.8177       
# span 7 =    -0.0557,     3.0020       
# span 8 =      10.53,      99.42       
# span 9 = 4.9455e-02, 1.1085e+00       
# span 10 = 0.0000e+00, 0.0000e+00      
# span 11 =    64.5663,    81.0236      
# span 12 =    4.50010,    7.28337      
# span 13 =    31.7006,    33.1834      
# span 14 =    31.7140,    33.2052      
# span 15 =    24.1690,    25.9572      
# span 16 =    1477.52,    1490.22      
# span 17 =    1479.74,    1489.28      
# span 18 = 0.0000e+00, 0.0000e+00      
# interval = decibars: 1                
# start_time = May 22 2022 21:52:31 [System UTC, header]
# bad_flag = -9.990e-29
*END*
[from data line 153]
       4207    154.000     7.1562     7.1576   3.381090   3.383297     1.9824    -0.0306      98.80 4.9487e-02 0.0000e+00    80.6861    5.19181    33.1567    33.1793    25.9459    1479.48    1479.78 0.0000e+00
       4231    155.000     7.1491     7.1509   3.380437   3.382660     1.9852    -0.0495      98.80 4.9474e-02 0.0000e+00    80.6674    5.19930    33.1559    33.1784    25.9462    1479.46    1479.78 0.0000e+00
       4254    156.000     7.1454     7.1467   3.380112   3.382274     1.9886    -0.0204      98.80 4.9491e-02 0.0000e+00    80.6850    5.21589    33.1554    33.1777    25.9464    1479.47    1479.78 0.0000e+00
       4278    157.000     7.1395     7.1412   3.379549   3.381768     1.9918    -0.0173      98.80 4.9499e-02 0.0000e+00    80.6497    5.22664    33.1545    33.1770    25.9464    1479.46    1479.77 0.0000e+00
       4301    158.000     7.1343     7.1363   3.379103   3.381328     1.9948    -0.0227      98.80 4.9485e-02 0.0000e+00    80.6796    5.23753    33.1541    33.1765    25.9469    1479.45    1479.77 0.0000e+00
       4325    159.000     7.1335     7.1351   3.379074   3.381254     1.9981    -0.0450      98.80 4.9505e-02 0.0000e+00    80.6800    5.25179    33.1541    33.1763    25.9470    1479.47    1479.77 0.0000e+00
       4348    160.000     7.1327     7.1350   3.379049   3.381283     2.0012    -0.0293      98.80 4.9463e-02 0.0000e+00    80.6775    5.26245    33.1541    33.1763    25.9471    1479.48    1479.77 0.0000e+00
       4371    161.000     7.1308     7.1323   3.378868   3.381057     2.0045    -0.0333      98.80 4.9485e-02 0.0000e+00    80.6705    5.27408    33.1535    33.1759    25.9469    1479.49    1479.77 0.0000e+00
       4394    162.000     7.1237     7.1254   3.378191   3.380422     2.0072    -0.0499      98.80 4.9490e-02 0.0000e+00    80.6477    5.27293    33.1525    33.1751    25.9470    1479.48    1479.77 0.0000e+00
       4417    163.000     7.1191     7.1206   3.377792   3.379984     2.0088    -0.0447      98.80 4.9481e-02 0.0000e+00    80.6897    5.27911    33.1521    33.1745    25.9473    1479.47    1479.76 0.0000e+00
       4440    164.000     7.1148     7.1168   3.377407   3.379641     2.0110    -0.0472      98.80 4.9497e-02 0.0000e+00    80.6990    5.29157    33.1515    33.1739    25.9475    1479.47    1479.76 0.0000e+00
       4464    165.000     7.1120     7.1140   3.377189   3.379413     2.0135    -0.0504      98.80 4.9493e-02 0.0000e+00    80.6760    5.30598    33.1514    33.1737    25.9477    1479.48    1479.76 0.0000e+00
       4487    166.000     7.1091     7.1111   3.376925   3.379173     2.0165    -0.0545      98.80 4.9469e-02 0.0000e+00    80.6507    5.32210    33.1508    33.1734    25.9477    1479.48    1479.76 0.0000e+00
       4510    167.000     7.1055     7.1072   3.376632   3.378823     2.0195    -0.0545      98.80 4.9502e-02 0.0000e+00    80.6701    5.33413    33.1506    33.1728    25.9480    1479.48    1479.76 0.0000e+00
       4534    168.000     7.1024     7.1044   3.376376   3.378608     2.0227    -0.0295      98.80 4.9499e-02 0.0000e+00    80.6891    5.34666    33.1503    33.1727    25.9482    1479.49    1479.76 0.0000e+00
       4557    169.000     7.1015     7.1035   3.376336   3.378562     2.0260    -0.0379      98.80 4.9508e-02 0.0000e+00    80.6768    5.36189    33.1502    33.1726    25.9483    1479.50    1479.75 0.0000e+00
       4581    170.000     7.1007     7.1028   3.376293   3.378541     2.0295    -0.0502      98.80 4.9468e-02 0.0000e+00    80.6647    5.37753    33.1501    33.1725    25.9482    1479.51    1479.75 0.0000e+00
       4605    171.000     7.0989     7.1010   3.376173   3.378407     2.0332    -0.0486      98.80 4.9496e-02 0.0000e+00    80.5713    5.38711    33.1500    33.1723    25.9484    1479.52    1479.75 0.0000e+00
       4629    172.000     7.0970     7.0988   3.376022   3.378241     2.0361    -0.0474      98.80 4.9469e-02 0.0000e+00    80.6873    5.38773    33.1497    33.1722    25.9485    1479.53    1479.75 0.0000e+00
       4653    173.000     7.0942     7.0962   3.375791   3.378023     2.0382    -0.0498      98.80 4.9492e-02 0.0000e+00    80.6831    5.38736    33.1494    33.1718    25.9486    1479.54    1479.75 0.0000e+00
       4677    174.000     7.0909     7.0924   3.375488   3.377695     2.0395    -0.0456      98.80 4.9474e-02 0.0000e+00    80.6601    5.38702    33.1488    33.1714    25.9486    1479.54    1479.75 0.0000e+00
       4700    175.000     7.0873     7.0894   3.375214   3.377440     2.0406    -0.0254      98.80 4.9480e-02 0.0000e+00    80.6366    5.39241    33.1488    33.1710    25.9491    1479.54    1479.75 0.0000e+00
       4724    176.000     7.0868     7.0889   3.375209   3.377441     2.0420    -0.0482      98.80 4.9468e-02 0.0000e+00    80.6477    5.39926    33.1487    33.1710    25.9491    1479.56    1479.74 0.0000e+00
       4748    177.000     7.0852     7.0872   3.375076   3.377327     2.0434    -0.0539      98.80 4.9487e-02 0.0000e+00    80.6557    5.41013    33.1483    33.1710    25.9490    1479.57    1479.74 0.0000e+00
       4771    178.000     7.0838     7.0859   3.374983   3.377227     2.0454    -0.0508      98.80 4.9462e-02 0.0000e+00    80.6792    5.42006    33.1482    33.1706    25.9491    1479.58    1479.74 0.0000e+00
       4795    179.000     7.0820     7.0841   3.374852   3.377098     2.0473    -0.0507      98.80 4.9462e-02 0.0000e+00    80.6761    5.42895    33.1480    33.1705    25.9492    1479.59    1479.74 0.0000e+00
       4819    180.000     7.0814     7.0837   3.374857   3.377106     2.0495    -0.0545      98.80 4.9481e-02 0.0000e+00    80.6122    5.43696    33.1482    33.1705    25.9494    1479.60    1479.74 0.0000e+00
       4843    181.000     7.0817     7.0838   3.374940   3.377178     2.0513    -0.0520      98.80 4.9480e-02 0.0000e+00    80.6624    5.44003    33.1483    33.1707    25.9495    1479.62    1479.74 0.0000e+00
       4867    182.000     7.0836     7.0858   3.375199   3.377441     2.0529    -0.0353      98.80 4.9480e-02 0.0000e+00    80.6573    5.44149    33.1488    33.1712    25.9496    1479.64    1479.74 0.0000e+00
       4891    183.000     7.0839     7.0859   3.375268   3.377509     2.0541    -0.0316      98.80 4.9521e-02 0.0000e+00    80.6528    5.43866    33.1488    33.1713    25.9496    1479.66    1479.74 0.0000e+00
       4915    184.000     7.0824     7.0843   3.375169   3.377400     2.0541    -0.0400      98.80 4.9455e-02 0.0000e+00    80.6233    5.42881    33.1487    33.1712    25.9497    1479.67    1479.74 0.0000e+00
       4939    185.000     7.0806     7.0827   3.375045   3.377277     2.0538    -0.0228      98.80 4.9497e-02 0.0000e+00    80.6166    5.42646    33.1486    33.1709    25.9498    1479.68    1479.74 0.0000e+00
       4963    186.000     7.0798     7.0816   3.374995   3.377218     2.0532    -0.0230      98.80 4.9493e-02 0.0000e+00    80.6254    5.42457    33.1484    33.1709    25.9497    1479.69    1479.74 0.0000e+00
       4987    187.000     7.0750     7.0770   3.374553   3.376799     2.0532    -0.0217      98.80 4.9455e-02 0.0000e+00    80.6168    5.43279    33.1477    33.1702    25.9499    1479.69    1479.74 0.0000e+00
       5012    188.000     7.0734     7.0756   3.374460   3.376705     2.0534    -0.0468      98.80 4.9497e-02 0.0000e+00    80.6170    5.43880    33.1477    33.1701    25.9501    1479.70    1479.74 0.0000e+00
       5036    189.000     7.0745     7.0769   3.374635   3.376892     2.0542 -9.990e-29      98.80 4.9491e-02 0.0000e+00    80.6104    5.45267    33.1481    33.1704    25.9503    1479.72    1479.74 0.0000e+00
       5060    190.000     7.0764     7.0787   3.374863   3.377129     2.0560 -9.990e-29      98.80 4.9468e-02 0.0000e+00    80.6253    5.46653    33.1483    33.1708    25.9501    1479.75    1479.74 0.0000e+00
       5084    191.000     7.0753     7.0776   3.374783   3.377060     2.0578 -9.990e-29      98.80 4.9503e-02 0.0000e+00    80.6427    5.47202    33.1480    33.1706    25.9501    1479.76    1479.74 0.0000e+00
       5108    192.000     7.0710     7.0729   3.374372   3.376642     2.0602    -0.0557      98.80 4.9491e-02 0.0000e+00    80.6208    5.49273    33.1472    33.1701    25.9500    1479.76    1479.74 0.0000e+00
       5132    193.000     7.0662     7.0683   3.373969   3.376224     2.0631    -0.0537      98.80 4.9511e-02 0.0000e+00    80.2384    5.50649    33.1469    33.1695    25.9504    1479.75    1479.74 0.0000e+00
       5156    194.000     7.0632     7.0652   3.373721   3.375970     2.0660    -0.0331      98.80 4.9468e-02 0.0000e+00    80.6389    5.50868    33.1466    33.1692    25.9506    1479.76    1479.74 0.0000e+00
       5180    195.000     7.0628     7.0651   3.373755   3.376001     2.0674    -0.0351      98.80 4.9491e-02 0.0000e+00    80.6975    5.50595    33.1469    33.1692    25.9509    1479.77    1479.74 0.0000e+00
       5205    196.000     7.0632     7.0655   3.373828   3.376095     2.0692    -0.0523      98.80 4.9480e-02 0.0000e+00    80.6565    5.51520    33.1468    33.1693    25.9508    1479.79    1479.74 0.0000e+00
       5229    197.000     7.0651     7.0674   3.374110   3.376364     2.0710 -9.990e-29      98.80 4.9485e-02 0.0000e+00    80.7008    5.52587    33.1476    33.1700    25.9511    1479.82    1479.74 0.0000e+00
       5253    198.000     7.0657     7.0678   3.374220   3.376467     2.0728 -9.990e-29      98.80 4.9489e-02 0.0000e+00    80.6884    5.53087    33.1477    33.1702    25.9512    1479.84    1479.74 0.0000e+00
       5277    199.000     7.0644     7.0664   3.374125   3.376381     2.0749 -9.990e-29      98.80 4.9485e-02 0.0000e+00    80.6011    5.54723    33.1475    33.1702    25.9511    1479.85    1479.74 0.0000e+00
       5302    200.000     7.0633     7.0653   3.374075   3.376322     2.0777    -0.0557      98.80 4.9468e-02 0.0000e+00    80.7140    5.55846    33.1475    33.1701    25.9513    1479.86    1479.74 0.0000e+00
       5326    201.000     7.0618     7.0638   3.373974   3.376208     2.0803    -0.0557      98.80 4.9486e-02 0.0000e+00    80.7397    5.57099    33.1474    33.1698    25.9514    1479.87    1479.74 0.0000e+00
       5350    202.000     7.0614     7.0636   3.374003   3.376247     2.0831    -0.0264      98.80 4.9467e-02 0.0000e+00    80.7216    5.57238    33.1476    33.1700    25.9516    1479.88    1479.74 0.0000e+00
       5375    203.000     7.0589     7.0610   3.373776   3.376038     2.0845    -0.0508      98.80 4.9497e-02 0.0000e+00    80.7269    5.57059    33.1470    33.1697    25.9515    1479.89    1479.74 0.0000e+00
       5399    204.000     7.0584     7.0606   3.373785   3.376041     2.0859    -0.0505      98.80 4.9489e-02 0.0000e+00    80.7467    5.57626    33.1472    33.1696    25.9517    1479.91    1479.74 0.0000e+00
       5423    205.000     7.0585     7.0607   3.373842   3.376097     2.0870 -9.990e-29      98.80 4.9491e-02 0.0000e+00    80.7300    5.57500    33.1472    33.1697    25.9517    1479.92    1479.74 0.0000e+00
       5448    206.000     7.0586     7.0608   3.373894   3.376148     2.0877 -9.990e-29      98.80 4.9497e-02 0.0000e+00    80.7403    5.57415    33.1472    33.1697    25.9517    1479.94    1479.75 0.0000e+00
       5472    207.000     7.0606     7.0626   3.374180   3.376382     2.0883 -9.990e-29      98.80 4.9489e-02 0.0000e+00    80.7402    5.57430    33.1479    33.1700    25.9520    1479.96    1479.75 0.0000e+00
       5496    208.000     7.0693     7.0718   3.375209   3.377415     2.0885    -0.0457      98.80 4.9480e-02 0.0000e+00    80.7308    5.57745    33.1503    33.1720    25.9527    1480.02    1479.75 0.0000e+00
       5521    209.000     7.0745     7.0769   3.375733   3.378007     2.0895    -0.0362      98.80 4.9472e-02 0.0000e+00    80.7497    5.58599    33.1506    33.1731    25.9522    1480.05    1479.75 0.0000e+00
       5546    210.000     7.0731     7.0750   3.375614   3.377853     2.0906    -0.0351      98.80 4.9474e-02 0.0000e+00    80.7709    5.59599    33.1501    33.1727    25.9521    1480.06    1479.75 0.0000e+00
       5570    211.000     7.0714     7.0731   3.375508   3.377724     2.0927    -0.0515      98.80 4.9495e-02 0.0000e+00    80.7708    5.61994    33.1501    33.1727    25.9523    1480.07    1479.75 0.0000e+00
       5595    212.000     7.0690     7.0703   3.375266   3.377468     2.0960    -0.0523      98.80 4.9472e-02 0.0000e+00    80.7845    5.63837    33.1493    33.1721    25.9520    1480.08    1479.75 0.0000e+00
       5620    213.000     7.0641     7.0658   3.374819   3.377051     2.0992 -9.990e-29      98.80 4.9500e-02 0.0000e+00    80.7976    5.64552    33.1487    33.1714    25.9521    1480.08    1479.76 0.0000e+00
       5645    214.000     7.0611     7.0631   3.374562   3.376808     2.1019 -9.990e-29      98.80 4.9495e-02 0.0000e+00    80.8259    5.64880    33.1483    33.1709    25.9522    1480.08    1479.76 0.0000e+00
       5670    215.000     7.0590     7.0607   3.374400   3.376613     2.1036 -9.990e-29      98.80 4.9497e-02 0.0000e+00    80.7801    5.64454    33.1481    33.1706    25.9523    1480.09    1479.76 0.0000e+00
       5694    216.000     7.0553     7.0572   3.374065   3.376305     2.1044    -0.0507      98.80 4.9472e-02 0.0000e+00    80.8173    5.63475    33.1475    33.1701    25.9524    1480.09    1479.76 0.0000e+00
       5720    217.000     7.0543     7.0563   3.374017   3.376266     2.1039    -0.0497      98.80 4.9478e-02 0.0000e+00    80.7984    5.62564    33.1474    33.1701    25.9525    1480.10    1479.76 0.0000e+00
       5745    218.000     7.0528     7.0545   3.373904   3.376114     2.1032    -0.0523      98.80 4.9503e-02 0.0000e+00    80.7991    5.62271    33.1472    33.1697    25.9525    1480.11    1479.76 0.0000e+00
       5770    219.000     7.0511     7.0529   3.373770   3.376006     2.1027    -0.0497      98.80 4.9511e-02 0.0000e+00    80.8001    5.62350    33.1469    33.1695    25.9525    1480.12    1479.77 0.0000e+00
       5795    220.000     7.0503     7.0525   3.373751   3.375997     2.1018    -0.0452      98.80 4.9483e-02 0.0000e+00    80.8061    5.61527    33.1470    33.1693    25.9526    1480.14    1479.77 0.0000e+00
       5820    221.000     7.0504     7.0528   3.373796   3.376069     2.1005 -9.990e-29      98.80 4.9483e-02 0.0000e+00    80.8389    5.61220    33.1469    33.1694    25.9526    1480.15    1479.77 0.0000e+00
       5845    222.000     7.0488     7.0514   3.373662   3.375967     2.0998 -9.990e-29      98.80 4.9511e-02 0.0000e+00    80.8171    5.61700    33.1465    33.1691    25.9525    1480.16    1479.77 0.0000e+00
       5870    223.000     7.0453     7.0471   3.373358   3.375596     2.0997 -9.990e-29      98.80 4.9467e-02 0.0000e+00    80.8318    5.61946    33.1460    33.1687    25.9526    1480.16    1479.77 0.0000e+00
       5895    224.000     7.0427     7.0444   3.373133   3.375360     2.0991 -9.990e-29      98.80 4.9478e-02 0.0000e+00    80.8104    5.61490    33.1456    33.1683    25.9526    1480.17    1479.77 0.0000e+00
       5920    225.000     7.0403     7.0424   3.372943   3.375195     2.0982 -9.990e-29      98.80 4.9478e-02 0.0000e+00    80.8383    5.61133    33.1454    33.1679    25.9527    1480.18    1479.78 0.0000e+00
       5945    226.000     7.0390     7.0412   3.372866   3.375118     2.0977 -9.990e-29      98.80 4.9462e-02 0.0000e+00    80.8482    5.61264    33.1453    33.1678    25.9529    1480.19    1479.78 0.0000e+00
       5969    227.000     7.0399     7.0421   3.373012   3.375264     2.0970 -9.990e-29      98.80 4.9484e-02 0.0000e+00    80.8411    5.60990    33.1456    33.1680    25.9530    1480.21    1479.78 0.0000e+00
       5994    228.000     7.0394     7.0417   3.373018   3.375284     2.0963 -9.990e-29      98.80 4.9483e-02 0.0000e+00    80.8472    5.60466    33.1456    33.1681    25.9531    1480.22    1479.78 0.0000e+00
