_data/ctd/2022_CLIFORD_Benthic_data_CTDs/sta0611.cnv
* Sea-Bird SBE 9 Data File:
* FileName = C:\Seabird\CTDData\sta0611.hex
* Software Version Seasave V 7.21f
* Temperature SN = 5234
* Conductivity SN = 4797
* Number of Bytes Per Scan = 40
* Number of Voltage Words = 5
* Number of Scans Averaged by the Deck Unit = 1
* NMEA Latitude = 60 28.02 N
* NMEA Longitude = 005 40.34 E
* NMEA UTC (Time) = May 27 2022 07:13:49
* NMEA baud rate = 4800
** Ship: R/V "Kristine Bonnevie"
** Station: 0611
** Echodepth: 421.06
** Log: 9744.956
** Wind-Dir/Force: 29 02
** Air-temp (dry): 7.2
** Weather Sky:
** Sea:
** Sørfjorden, Norce st. 17
# nquan = 19                                
# nvalues = 417                         
# units = specified
# name 0 = scan: Scan Count
# name 1 = prDM: Pressure, Digiquartz [db]
# name 2 = t068C: Temperature [ITS-68, deg C]
# name 3 = t168C: Temperature, 2 [ITS-68, deg C]
# name 4 = c0S/m: Conductivity [S/m]
# name 5 = c1S/m: Conductivity, 2 [S/m]
# name 6 = sbeox0V: Oxygen raw, SBE 43 [V]
# name 7 = flECO-AFL: Fluorescence, WET Labs ECO-AFL/FL [mg/m^3]
# name 8 = altM: Altimeter [m]
# name 9 = par: PAR/Irradiance, Biospherical/Licor
# name 10 = spar: SPAR/Surface Irradiance
# name 11 = CStarTr0: Beam Transmission, WET Labs C-Star [%]
# name 12 = sbeox0ML/L: Oxygen, SBE 43 [ml/l], WS = 2
# name 13 = sal00: Salinity, Practical [PSU]
# name 14 = sal11: Salinity, Practical, 2 [PSU]
# name 15 = sigma-t00: Density [sigma-t, Kg/m^3 ]
# name 16 = svCM: Sound Velocity [Chen-Millero, m/s]
# name 17 = avgsvCM: Average Sound Velocity [Chen-Millero, m/s], minP = 1, minS = 5
# name 18 = flag: flag
# span 0 =        547,      12675       
# span 1 =      6.000,    422.000       
# span 2 =     8.0407,     9.7267       
# span 3 =     8.0430,     9.7283       
# span 4 =   3.313169,   3.677082       
# span 5 =   3.316433,   3.679371       
# span 6 =     1.2215,     2.6881       
# span 7 =    -0.0757,     2.8640       
# span 8 =       0.59,      99.14       
# span 9 = 4.9004e-02, 1.8515e+01       
# span 10 = 4.4969e+02, 4.6969e+02      
# span 11 =    73.5951,    81.1652      
# span 12 =    2.51670,    7.24488      
# span 13 =    30.4653,    34.8036      
# span 14 =    30.5129,    34.8263      
# span 15 =    23.5062,    27.1065      
# span 16 =    1482.15,    1489.50      
# span 17 =    1482.22,    1486.45      
# span 18 = 0.0000e+00, 0.0000e+00      
# interval = decibars: 1                
# start_time = May 27 2022 07:13:51 [System UTC, header]
# bad_flag = -9.990e-29
*END*
[from data line 153]
       3993    159.000     8.0901     8.0919   3.611169   3.613459     1.8059 -9.990e-29      98.80 4.9486e-02 -9.990e-29    80.3712    4.39914    34.7275    34.7503    27.0466    1485.08    1484.98 0.0000e+00
       4014    160.000     8.0875     8.0895   3.611036   3.613316     1.8058 -9.990e-29      90.99 4.9511e-02 -9.990e-29    80.3524    4.39846    34.7282    34.7506    27.0475    1485.09    1484.98 0.0000e+00
       4034    161.000     8.0867     8.0887   3.611010   3.613303     1.8063 -9.990e-29      77.71 4.9502e-02 -9.990e-29    80.3091    4.40371    34.7282    34.7508    27.0477    1485.10    1484.98 0.0000e+00
       4055    162.000     8.0830     8.0848   3.610732   3.613015     1.8068 -9.990e-29      98.96 4.9479e-02 -9.990e-29    80.3285    4.40875    34.7284    34.7511    27.0484    1485.11    1484.98 0.0000e+00
       4076    163.000     8.0822     8.0841   3.610797   3.613087     1.8076 -9.990e-29      98.79 4.9502e-02 -9.990e-29    80.3209    4.41363    34.7294    34.7521    27.0493    1485.12    1484.98 0.0000e+00
       4097    164.000     8.0783     8.0803   3.610479   3.612766     1.8083 -9.990e-29      98.79 4.9509e-02 4.6769e+02    80.3034    4.41818    34.7294    34.7519    27.0499    1485.12    1484.98 0.0000e+00
       4118    165.000     8.0782     8.0806   3.610580   3.612874     1.8093 -9.990e-29      98.79 4.9518e-02 4.6769e+02    80.2986    4.42008    34.7301    34.7523    27.0504    1485.14    1484.98 0.0000e+00
       4139    166.000     8.0792     8.0814   3.610747   3.613038     1.8098 -9.990e-29      98.79 4.9512e-02 4.6769e+02    80.3135    4.42056    34.7304    34.7528    27.0505    1485.16    1484.99 0.0000e+00
       4160    167.000     8.0791     8.0811   3.610820   3.613098     1.8105 -9.990e-29      98.79 4.9505e-02 4.6769e+02    80.2836    4.42322    34.7308    34.7532    27.0509    1485.18    1484.99 0.0000e+00
       4181    168.000     8.0769     8.0791   3.610734   3.613008     1.8109 -9.990e-29      98.79 4.9499e-02 4.6769e+02    80.2808    4.42374    34.7316    34.7538    27.0518    1485.19    1484.99 0.0000e+00
       4202    169.000     8.0750     8.0770   3.610684   3.612963     1.8113 -9.990e-29      98.79 4.9525e-02 4.6761e+02    80.2756    4.42243    34.7325    34.7549    27.0528    1485.20    1484.99 0.0000e+00
       4223    170.000     8.0751     8.0775   3.610848   3.613148     1.8113 -9.990e-29      98.79 4.9486e-02 -9.990e-29    80.2747    4.41658    34.7336    34.7559    27.0537    1485.21    1484.99 0.0000e+00
       4244    171.000     8.0763     8.0784   3.611016   3.613297     1.8106 -9.990e-29      98.80 4.9479e-02 -9.990e-29    80.2466    4.40920    34.7338    34.7561    27.0536    1485.24    1484.99 0.0000e+00
       4265    172.000     8.0749     8.0772   3.610909   3.613231     1.8098 -9.990e-29      98.79 4.9505e-02 -9.990e-29    80.2253    4.40369    34.7335    34.7561    27.0536    1485.25    1484.99 0.0000e+00
       4285    173.000     8.0721     8.0738   3.610676   3.612962     1.8084 -9.990e-29      98.79 4.9515e-02 -9.990e-29    80.2355    4.39230    34.7333    34.7561    27.0539    1485.25    1484.99 0.0000e+00
       4306    174.000     8.0667     8.0681   3.610140   3.612423     1.8066 -9.990e-29      98.79 4.9515e-02 -9.990e-29    80.2004    4.38871    34.7325    34.7555    27.0540    1485.25    1485.00 0.0000e+00
       4327    175.000     8.0581     8.0600   3.609344   3.611640     1.8052 -9.990e-29      98.80 4.9515e-02 -9.990e-29    80.2073    4.39102    34.7320    34.7547    27.0549    1485.23    1485.00 0.0000e+00
       4349    176.000     8.0576     8.0598   3.609350   3.611656     1.8043 -9.990e-29      98.35 4.9477e-02 -9.990e-29    80.1755    4.39570    34.7320    34.7546    27.0551    1485.25    1485.00 0.0000e+00
       4370    177.000     8.0562     8.0590   3.609288   3.611630     1.8044 -9.990e-29      98.69 4.9485e-02 -9.990e-29    80.1830    4.41063    34.7323    34.7546    27.0555    1485.26    1485.00 0.0000e+00
       4391    178.000     8.0556     8.0573   3.609233   3.611508     1.8052 -9.990e-29      98.79 4.9499e-02 -9.990e-29    80.1634    4.42287    34.7318    34.7545    27.0552    1485.27    1485.00 0.0000e+00
       4412    179.000     8.0507     8.0523   3.608770   3.611052     1.8070 -9.990e-29      98.79 4.9508e-02 4.6575e+02    80.1336    4.43971    34.7312    34.7541    27.0554    1485.27    1485.00 0.0000e+00
       4434    180.000     8.0448     8.0466   3.608286   3.610560     1.8092 -9.990e-29      98.79 4.9490e-02 4.6569e+02    80.1224    4.44480    34.7314    34.7540    27.0565    1485.26    1485.00 0.0000e+00
       4456    181.000     8.0436     8.0457   3.608306   3.610587     1.8107 -9.990e-29      98.79 4.9492e-02 4.6569e+02    80.1113    4.44535    34.7323    34.7547    27.0574    1485.27    1485.01 0.0000e+00
       4477    182.000     8.0438     8.0460   3.608407   3.610702     1.8122 -9.990e-29      98.73 4.9490e-02 4.6569e+02    80.1132    4.45485    34.7327    34.7551    27.0577    1485.29    1485.01 0.0000e+00
       4499    183.000     8.0415     8.0432   3.608251   3.610515     1.8141 -9.990e-29       8.38 4.9477e-02 4.6569e+02    80.0866    4.46989    34.7328    34.7554    27.0581    1485.30    1485.01 0.0000e+00
       4521    184.000     8.0407     8.0430   3.608308   3.610596     1.8164 -9.990e-29      74.96 4.9518e-02 4.6569e+02    80.0589    4.47363    34.7338    34.7560    27.0589    1485.32    1485.01 0.0000e+00
       4542    185.000     8.0411     8.0433   3.608424   3.610719     1.8183 -9.990e-29      98.65 4.9509e-02 4.6569e+02    80.0316    4.47413    34.7341    34.7565    27.0592    1485.33    1485.01 0.0000e+00
       4564    186.000     8.0468     8.0500   3.609241   3.611571     1.8193 -9.990e-29      26.54 4.9518e-02 4.6569e+02    80.0227    4.47347    34.7368    34.7585    27.0604    1485.37    1485.01 0.0000e+00
       4585    187.000     8.0522     8.0564   3.609974   3.612417     1.8205 -9.990e-29      99.09 4.9512e-02 4.6569e+02    80.0327    4.47588    34.7388    34.7608    27.0612    1485.41    1485.02 0.0000e+00
       4606    188.000     8.0653     8.0695   3.611678   3.614034     1.8211 -9.990e-29      96.67 4.9515e-02 4.6569e+02    80.0212    4.46266    34.7436    34.7646    27.0629    1485.49    1485.02 0.0000e+00
       4628    189.000     8.0839     8.0865   3.613749   3.616032     1.8200 -9.990e-29      80.83 4.9479e-02 4.6569e+02    80.0010    4.43331    34.7468    34.7687    27.0627    1485.58    1485.02 0.0000e+00
       4649    190.000     8.0848     8.0871   3.613891   3.616240     1.8168 -9.990e-29      98.60 4.9508e-02 4.6569e+02    80.0157    4.39541    34.7470    34.7698    27.0627    1485.60    1485.03 0.0000e+00
       4671    191.000     8.0875     8.0905   3.614515   3.616832     1.8111 -9.990e-29      98.79 4.9499e-02 4.6569e+02    80.0056    4.33042    34.7505    34.7723    27.0651    1485.63    1485.03 0.0000e+00
       4692    192.000     8.0953     8.0979   3.615520   3.617833     1.8008 -9.990e-29      98.79 4.9496e-02 4.6569e+02    80.0563    4.25664    34.7531    34.7752    27.0659    1485.68    1485.03 0.0000e+00
       4714    193.000     8.1001     8.1025   3.616242   3.618543     1.7883 -9.990e-29      98.79 4.9483e-02 4.6569e+02    80.0773    4.19362    34.7555    34.7778    27.0671    1485.71    1485.04 0.0000e+00
       4736    194.000     8.1022     8.1048   3.616594   3.618920     1.7747 -9.990e-29      98.79 4.9485e-02 4.6569e+02    80.1098    4.14270    34.7567    34.7791    27.0677    1485.74    1485.04 0.0000e+00
       4758    195.000     8.1075     8.1101   3.617295   3.619615     1.7613 -9.990e-29      98.79 4.9509e-02 4.6569e+02    80.1261    4.08723    34.7585    34.7808    27.0683    1485.78    1485.04 0.0000e+00
       4780    196.000     8.1049     8.1068   3.617094   3.619381     1.7459 -9.990e-29      98.79 4.9515e-02 4.6565e+02    80.0539    4.02561    34.7585    34.7810    27.0687    1485.79    1485.05 0.0000e+00
       4802    197.000     8.1044     8.1066   3.617169   3.619465     1.7306 -9.990e-29      98.79 4.9483e-02 4.6373e+02    80.0340    3.98216    34.7593    34.7817    27.0694    1485.80    1485.05 0.0000e+00
       4824    198.000     8.1073     8.1100   3.617644   3.619963     1.7164 -9.990e-29      98.78 4.9502e-02 4.6369e+02    80.2386    3.94843    34.7610    34.7831    27.0703    1485.83    1485.05 0.0000e+00
       4846    199.000     8.1126     8.1152   3.618368   3.620690     1.7034 -9.990e-29      98.78 4.9548e-02 4.6369e+02    80.2749    3.92672    34.7630    34.7853    27.0711    1485.87    1485.06 0.0000e+00
       4868    200.000     8.1127     8.1148   3.618481   3.620784     1.6926 -9.990e-29      92.14 4.9499e-02 4.6369e+02    80.2855    3.90598    34.7636    34.7862    27.0716    1485.89    1485.06 0.0000e+00
       4890    201.000     8.1112     8.1133   3.618455   3.620763     1.6825 -9.990e-29      98.89 4.9470e-02 4.6369e+02    80.3264    3.87548    34.7644    34.7870    27.0724    1485.90    1485.07 0.0000e+00
       4912    202.000     8.1120     8.1143   3.618669   3.620977     1.6720 -9.990e-29      98.78 4.9509e-02 4.6369e+02    80.3448    3.84220    34.7654    34.7878    27.0730    1485.92    1485.07 0.0000e+00
       4933    203.000     8.1123     8.1145   3.618747   3.621046     1.6626 -9.990e-29      98.78 4.9565e-02 4.6369e+02    80.3831    3.81535    34.7654    34.7879    27.0730    1485.94    1485.07 0.0000e+00
       4955    204.000     8.1132     8.1155   3.618928   3.621239     1.6529 -9.990e-29      98.78 4.9514e-02 4.6369e+02    80.3916    3.79205    34.7660    34.7885    27.0734    1485.96    1485.08 0.0000e+00
       4977    205.000     8.1160     8.1186   3.619411   3.621724     1.6445 -9.990e-29      98.78 4.9483e-02 4.6369e+02    80.3956    3.77794    34.7679    34.7901    27.0744    1485.99    1485.08 0.0000e+00
       4999    206.000     8.1179     8.1202   3.619753   3.622050     1.6373 -9.990e-29      74.39 4.9464e-02 4.6369e+02    80.3887    3.76451    34.7692    34.7915    27.0752    1486.01    1485.09 0.0000e+00
       5020    207.000     8.1178     8.1200   3.619833   3.622132     1.6307 -9.990e-29      60.55 4.9489e-02 4.6369e+02    80.4417    3.74662    34.7697    34.7921    27.0756    1486.03    1485.09 0.0000e+00
       5042    208.000     8.1185     8.1208   3.620009   3.622321     1.6240 -9.990e-29      98.83 4.9499e-02 4.6369e+02    80.4825    3.71979    34.7704    34.7929    27.0760    1486.05    1485.10 0.0000e+00
       5064    209.000     8.1184     8.1207   3.620134   3.622437     1.6167 -9.990e-29      91.98 4.9502e-02 4.6369e+02    80.5154    3.68988    34.7714    34.7937    27.0768    1486.07    1485.10 0.0000e+00
       5086    210.000     8.1192     8.1215   3.620459   3.622766     1.6090 -9.990e-29      97.10 5.0045e-02 4.6369e+02    80.5324    3.66739    34.7736    34.7960    27.0784    1486.09    1485.11 0.0000e+00
       5108    211.000     8.1177     8.1196   3.620482   3.622790     1.6021    -0.0617      98.76 7.5522e-02 4.6369e+02    80.5872    3.64784    34.7748    34.7976    27.0796    1486.10    1485.11 0.0000e+00
       5130    212.000     8.1142     8.1161   3.620341   3.622644     1.5949    -0.0577      98.78 4.9306e-02 4.6369e+02    80.6323    3.61584    34.7763    34.7990    27.0813    1486.11    1485.12 0.0000e+00
       5152    213.000     8.1125     8.1146   3.620317   3.622625     1.5866    -0.0659      98.78 4.9505e-02 4.6369e+02    80.6802    3.56955    34.7772    34.7998    27.0823    1486.12    1485.12 0.0000e+00
       5174    214.000     8.1107     8.1127   3.620273   3.622565     1.5762    -0.0656      98.78 1.0573e-01 4.6369e+02    80.7623    3.52066    34.7781    34.8006    27.0832    1486.13    1485.13 0.0000e+00
       5197    215.000     8.1086     8.1107   3.620180   3.622483     1.5655    -0.0757      98.78 4.9004e-02 4.6369e+02    80.8027    3.48116    34.7787    34.8012    27.0840    1486.14    1485.13 0.0000e+00
       5219    216.000     8.1066     8.1084   3.620136   3.622434     1.5547    -0.0652      98.78 4.9530e-02 4.6283e+02    80.8457    3.44933    34.7797    34.8025    27.0851    1486.15    1485.13 0.0000e+00
       5241    217.000     8.1046     8.1064   3.620055   3.622351     1.5447    -0.0520      98.78 4.9521e-02 4.6251e+02    80.9158    3.43095    34.7803    34.8031    27.0859    1486.16    1485.14 0.0000e+00
       5263    218.000     8.1018     8.1036   3.619915   3.622216     1.5360    -0.0611      98.78 4.9540e-02 4.6366e+02    80.9359    3.41528    34.7811    34.8040    27.0870    1486.16    1485.14 0.0000e+00
       5285    219.000     8.1008     8.1030   3.619999   3.622302     1.5282    -0.0531      98.78 4.9534e-02 4.6216e+02    80.9848    3.40032    34.7826    34.8050    27.0882    1486.18    1485.15 0.0000e+00
       5308    220.000     8.1000     8.1019   3.620009   3.622300     1.5214    -0.0513      98.78 4.9542e-02 4.6324e+02    81.0244    3.38855    34.7830    34.8056    27.0887    1486.19    1485.15 0.0000e+00
       5330    221.000     8.0983     8.1005   3.619982   3.622295     1.5151 -9.990e-29      98.78 4.9528e-02 4.6341e+02    81.0262    3.36921    34.7839    34.8065    27.0896    1486.20    1485.16 0.0000e+00
       5352    222.000     8.0964     8.0984   3.619928   3.622142     1.5089 -9.990e-29      98.78 4.9521e-02 4.6179e+02    81.0230    3.35455    34.7847    34.8064    27.0906    1486.21    1485.16 0.0000e+00
       5375    223.000     8.0950     8.0970   3.619872   3.622182     1.5033 -9.990e-29      98.78 4.9534e-02 4.6305e+02    81.0115    3.34025    34.7850    34.8078    27.0910    1486.22    1485.17 0.0000e+00
       5397    224.000     8.0945     8.0967   3.619910   3.622226     1.4978    -0.0621      98.78 4.9518e-02 4.6197e+02    80.9893    3.32272    34.7854    34.8080    27.0914    1486.24    1485.17 0.0000e+00
       5420    225.000     8.0943     8.0965   3.620025   3.622329     1.4924    -0.0533      98.78 4.9521e-02 4.6169e+02    81.0160    3.30565    34.7864    34.8089    27.0922    1486.26    1485.18 0.0000e+00
       5442    226.000     8.0942     8.0965   3.620096   3.622398     1.4868    -0.0457      86.40 4.9530e-02 4.6169e+02    80.9399    3.28995    34.7868    34.8091    27.0925    1486.27    1485.18 0.0000e+00
       5464    227.000     8.0940     8.0962   3.620174   3.622474     1.4820    -0.0479      55.95 4.9515e-02 4.6169e+02    80.9458    3.27827    34.7873    34.8097    27.0930    1486.29    1485.19 0.0000e+00
       5486    228.000     8.0942     8.0963   3.620294   3.622602     1.4775    -0.0544      67.03 4.9521e-02 4.6169e+02    80.9649    3.27016    34.7879    34.8105    27.0934    1486.31    1485.19 0.0000e+00
       5509    229.000     8.0941     8.0962   3.620373   3.622680     1.4735    -0.0558      92.60 4.9508e-02 4.6169e+02    80.9499    3.26814    34.7884    34.8110    27.0938    1486.32    1485.20 0.0000e+00
       5531    230.000     8.0940     8.0962   3.620456   3.622757     1.4707 -9.990e-29      96.02 4.9521e-02 4.6095e+02    80.9796    3.26711    34.7889    34.8113    27.0942    1486.34    1485.20 0.0000e+00
       5553    231.000     8.0941     8.0963   3.620573   3.622878     1.4685 -9.990e-29      98.83 4.9528e-02 4.6170e+02    80.9725    3.26675    34.7896    34.8121    27.0947    1486.36    1485.21 0.0000e+00
       5575    232.000     8.0942     8.0963   3.620631   3.622948     1.4664 -9.990e-29      98.78 4.9515e-02 4.6086e+02    80.9864    3.27151    34.7896    34.8123    27.0948    1486.38    1485.21 0.0000e+00
       5597    233.000     8.0943     8.0966   3.620733   3.623047     1.4660 -9.990e-29      98.78 4.9534e-02 4.5986e+02    81.0198    3.27295    34.7901    34.8126    27.0951    1486.39    1485.22 0.0000e+00
