_data/ctd/2022_CLIFORD_Benthic_data_CTDs/sta0584.cnv
* Sea-Bird SBE 9 Data File:
* FileName = C:\Seabird\CTDData\sta0584.hex
* Software Version Seasave V 7.21f
* Temperature SN = 5234
* Conductivity SN = 4797
* Number of Bytes Per Scan = 40
* Number of Voltage Words = 5
* Number of Scans Averaged by the Deck Unit = 1
* NMEA Latitude = 60 41.11 N
* NMEA Longitude = 005 10.34 E
* NMEA UTC (Time) = May 22 2022 21:52:29
* NMEA baud rate = 4800
** Ship: R/V "Kristine Bonnevie"
** Station: 0584
** Echodepth: 420
** Log: 9395.336
** Wind-Dir/Force: 11 06
** Air-temp (dry): 10.5
** Weather Sky:
** Sea:
# nquan = 19                                
# nvalues = 429                         
# units = specified
# name 0 = scan: Scan Count
# name 1 = prDM: Pressure, Digiquartz [db]
# name 2 = t068C: Temperature [ITS-68, deg C]
# name 3 = t168C: Temperature, 2 [ITS-68, deg C]
# name 4 = c0S/m: Conductivity [S/m]
# name 5 = c1S/m: Conductivity, 2 [S/m]
# name 6 = sbeox0V: Oxygen raw, SBE 43 [V]
# name 7 = flECO-AFL: Fluorescence, WET Labs ECO-AFL/FL [mg/m^3]
# name 8 = altM: Altimeter [m]
# name 9 = par: PAR/Irradiance, Biospherical/Licor
# name 10 = spar: SPAR/Surface Irradiance
# name 11 = CStarTr0: Beam Transmission, WET Labs C-Star [%]
# name 12 = sbeox0ML/L: Oxygen, SBE 43 [ml/l], WS = 2
# name 13 = sal00: Salinity, Practical [PSU]
# name 14 = sal11: Salinity, Practical, 2 [PSU]
# name 15 = sigma-t00: Density [sigma-t, Kg/m^3 ]
# name 16 = svCM: Sound Velocity [Chen-Millero, m/s]
# name 17 = avgsvCM: Average Sound Velocity [Chen-Millero, m/s], minP = 1, minS = 5
# name 18 = flag: flag
# span 0 =        305,      11691       
# span 1 =      1.000,    429.000       
# span 2 =     7.0341,    11.2214       
# span 3 =     7.0362,    11.2258       
# span 4 =   3.365289,   3.591123       
# span 5 =   3.367461,   3.592875       
# span 6 =     1.8146,     2.8177       
# span 7 =    -0.0557,     3.0020       
# span 8 =      10.53,      99.42       
# span 9 = 4.9455e-02, 1.1085e+00       
# span 10 = 0.0000e+00, 0.0000e+00      
# span 11 =    64.5663,    81.0236      
# span 12 =    4.50010,    7.28337      
# span 13 =    31.7006,    33.1834      
# span 14 =    31.7140,    33.2052      
# span 15 =    24.1690,    25.9572      
# span 16 =    1477.52,    1490.22      
# span 17 =    1479.74,    1489.28      
# span 18 = 0.0000e+00, 0.0000e+00      
# interval = decibars: 1                
# start_time = May 22 2022 21:52:31 [System UTC, header]
# bad_flag = -9.990e-29
*END*
[from data line 77]
       2359     78.000     7.3371     7.3395   3.394875   3.397085     1.8498 -9.990e-29      98.80 4.9506e-02 0.0000e+00    80.8519    4.56577    33.1692    33.1909    25.9308    1478.94    1480.11 0.0000e+00
       2383     79.000     7.3410     7.3433   3.395389   3.397556     1.8446 -9.990e-29      98.80 4.9486e-02 0.0000e+00    80.8567    4.55386    33.1706    33.1919    25.9314    1478.98    1480.09 0.0000e+00
       2407     80.000     7.3490     7.3521   3.396400   3.398629     1.8402 -9.990e-29      98.80 4.9520e-02 0.0000e+00    80.8487    4.54622    33.1734    33.1946    25.9325    1479.03    1480.08 0.0000e+00
       2431     81.000     7.3561     7.3587   3.397285   3.399496     1.8365 -9.990e-29      98.80 4.9520e-02 0.0000e+00    80.8416    4.53849    33.1757    33.1972    25.9333    1479.07    1480.07 0.0000e+00
       2455     82.000     7.3578     7.3601   3.397561   3.399770     1.8328 -9.990e-29      98.80 4.9503e-02 0.0000e+00    80.8959    4.52594    33.1766    33.1984    25.9338    1479.10    1480.05 0.0000e+00
       2480     83.000     7.3580     7.3602   3.397633   3.399839     1.8289 -9.990e-29      93.19 4.9485e-02 0.0000e+00    80.9255    4.50876    33.1767    33.1985    25.9339    1479.12    1480.04 0.0000e+00
       2504     84.000     7.3582     7.3605   3.397718   3.399926     1.8249 -9.990e-29      95.15 4.9528e-02 0.0000e+00    80.9536    4.50010    33.1770    33.1987    25.9340    1479.13    1480.03 0.0000e+00
       2528     85.000     7.3591     7.3615   3.397902   3.400113     1.8218 -9.990e-29      98.79 4.9468e-02 0.0000e+00    80.9778    4.50464    33.1776    33.1993    25.9344    1479.15    1480.02 0.0000e+00
       2553     86.000     7.3610     7.3634   3.398195   3.400414     1.8199 -9.990e-29      92.88 4.9506e-02 0.0000e+00    80.9573    4.50650    33.1785    33.2003    25.9348    1479.18    1480.01 0.0000e+00
       2578     87.000     7.3621     7.3644   3.398402   3.400599     1.8184 -9.990e-29      96.51 4.9503e-02 0.0000e+00    80.9953    4.50456    33.1792    33.2009    25.9353    1479.20    1480.00 0.0000e+00
       2602     88.000     7.3631     7.3654   3.398634   3.400839     1.8170 -9.990e-29      98.81 4.9500e-02 0.0000e+00    81.0047    4.50515    33.1803    33.2020    25.9360    1479.22    1479.99 0.0000e+00
       2627     89.000     7.3634     7.3656   3.398738   3.400942     1.8163 -9.990e-29      91.85 4.9473e-02 0.0000e+00    81.0227    4.50413    33.1807    33.2025    25.9362    1479.24    1479.98 0.0000e+00
       2651     90.000     7.3628     7.3647   3.398751   3.400943     1.8151 -9.990e-29      97.57 4.9497e-02 0.0000e+00    81.0216    4.50100    33.1809    33.2029    25.9365    1479.25    1479.98 0.0000e+00
       2676     91.000     7.3607     7.3628   3.398670   3.400865     1.8146 -9.990e-29      98.80 4.9497e-02 0.0000e+00    80.9942    4.50688    33.1816    33.2034    25.9373    1479.26    1479.97 0.0000e+00
       2700     92.000     7.3589     7.3609   3.398547   3.400753     1.8148 -9.990e-29      91.65 4.9500e-02 0.0000e+00    81.0072    4.51753    33.1815    33.2035    25.9375    1479.27    1479.96 0.0000e+00
       2724     93.000     7.3570     7.3592   3.398482   3.400697     1.8154 -9.990e-29      98.17 4.9497e-02 0.0000e+00    81.0071    4.52153    33.1821    33.2040    25.9382    1479.28    1479.95 0.0000e+00
       2749     94.000     7.3580     7.3602   3.398679   3.400880     1.8162 -9.990e-29      98.79 4.9500e-02 0.0000e+00    81.0099    4.52819    33.1828    33.2046    25.9387    1479.30    1479.95 0.0000e+00
       2773     95.000     7.3578     7.3598   3.398713   3.400894     1.8173 -9.990e-29      92.28 4.9480e-02 0.0000e+00    80.9870    4.53939    33.1829    33.2046    25.9387    1479.32    1479.94 0.0000e+00
       2798     96.000     7.3561     7.3582   3.398577   3.400782     1.8192    -0.0253      98.77 4.9509e-02 0.0000e+00    80.9952    4.54532    33.1826    33.2045    25.9387    1479.33    1479.93 0.0000e+00
       2822     97.000     7.3547     7.3568   3.398501   3.400694     1.8205    -0.0253      98.80 4.9511e-02 0.0000e+00    80.9722    4.54899    33.1826    33.2044    25.9390    1479.34    1479.93 0.0000e+00
       2847     98.000     7.3536     7.3556   3.398443   3.400627     1.8217    -0.0314      98.39 4.9500e-02 0.0000e+00    81.0236    4.55561    33.1826    33.2044    25.9391    1479.35    1479.92 0.0000e+00
       2872     99.000     7.3519     7.3543   3.398336   3.400544     1.8235    -0.0495      98.47 4.9528e-02 0.0000e+00    81.0034    4.56493    33.1826    33.2042    25.9393    1479.36    1479.92 0.0000e+00
       2897    100.000     7.3526     7.3549   3.398487   3.400694     1.8251    -0.0280      98.79 4.9478e-02 0.0000e+00    81.0127    4.56813    33.1831    33.2048    25.9396    1479.38    1479.91 0.0000e+00
       2922    101.000     7.3529     7.3551   3.398578   3.400786     1.8264    -0.0530      98.80 4.9516e-02 0.0000e+00    80.9679    4.56935    33.1833    33.2051    25.9397    1479.40    1479.91 0.0000e+00
       2947    102.000     7.3523     7.3544   3.398567   3.400774     1.8276    -0.0185      93.12 4.9511e-02 0.0000e+00    81.0120    4.57812    33.1833    33.2052    25.9398    1479.41    1479.90 0.0000e+00
       2972    103.000     7.3512     7.3535   3.398527   3.400724     1.8294    -0.0514      98.76 4.9489e-02 0.0000e+00    80.9949    4.58597    33.1834    33.2050    25.9401    1479.43    1479.90 0.0000e+00
       2997    104.000     7.3506     7.3528   3.398514   3.400712     1.8305    -0.0233      98.80 4.9495e-02 0.0000e+00    80.9897    4.58560    33.1834    33.2051    25.9401    1479.44    1479.89 0.0000e+00
       3022    105.000     7.3497     7.3519   3.398461   3.400678     1.8318    -0.0241      93.38 4.9495e-02 0.0000e+00    81.0053    4.59581    33.1832    33.2051    25.9401    1479.45    1479.89 0.0000e+00
       3047    106.000     7.3494     7.3515   3.398486   3.400691     1.8337    -0.0483      98.77 4.9478e-02 0.0000e+00    80.9910    4.60401    33.1833    33.2052    25.9402    1479.47    1479.88 0.0000e+00
       3072    107.000     7.3489     7.3511   3.398490   3.400682     1.8352    -0.0247      98.80 4.9483e-02 0.0000e+00    81.0129    4.60675    33.1833    33.2050    25.9403    1479.48    1479.88 0.0000e+00
       3097    108.000     7.3485     7.3508   3.398501   3.400706     1.8365    -0.0479      98.80 4.9491e-02 0.0000e+00    80.9860    4.61010    33.1834    33.2051    25.9404    1479.50    1479.88 0.0000e+00
       3121    109.000     7.3478     7.3501   3.398470   3.400690     1.8376    -0.0311      98.80 4.9500e-02 0.0000e+00    80.9783    4.61206    33.1832    33.2051    25.9404    1479.51    1479.87 0.0000e+00
       3146    110.000     7.3460     7.3480   3.398329   3.400536     1.8386    -0.0412      98.80 4.9500e-02 0.0000e+00    80.9796    4.61382    33.1829    33.2049    25.9404    1479.52    1479.87 0.0000e+00
       3171    111.000     7.3432     7.3452   3.398086   3.400291     1.8393    -0.0534      98.80 4.9497e-02 0.0000e+00    80.9470    4.61712    33.1825    33.2045    25.9404    1479.53    1479.87 0.0000e+00
       3195    112.000     7.3405     7.3424   3.397868   3.400079     1.8401    -0.0521      98.80 4.9478e-02 0.0000e+00    80.9100    4.62333    33.1823    33.2044    25.9406    1479.53    1479.86 0.0000e+00
       3220    113.000     7.3378     7.3396   3.397637   3.399834     1.8415    -0.0555      97.62 4.9489e-02 0.0000e+00    80.9381    4.63519    33.1819    33.2040    25.9407    1479.54    1479.86 0.0000e+00
       3245    114.000     7.3355     7.3378   3.397474   3.399694     1.8430    -0.0395      96.81 4.9478e-02 0.0000e+00    80.9244    4.64265    33.1818    33.2037    25.9410    1479.54    1479.86 0.0000e+00
       3269    115.000     7.3341     7.3363   3.397399   3.399595     1.8450    -0.0325      98.80 4.9514e-02 0.0000e+00    80.9250    4.65319    33.1819    33.2036    25.9412    1479.55    1479.86 0.0000e+00
       3294    116.000     7.3329     7.3347   3.397288   3.399476     1.8470    -0.0526      96.94 4.9483e-02 0.0000e+00    80.8689    4.66040    33.1813    33.2033    25.9410    1479.57    1479.85 0.0000e+00
       3319    117.000     7.3314     7.3335   3.397203   3.399403     1.8489    -0.0503      96.58 4.9520e-02 0.0000e+00    80.9291    4.66601    33.1814    33.2032    25.9412    1479.58    1479.85 0.0000e+00
       3343    118.000     7.3304     7.3324   3.397143   3.399350     1.8505    -0.0448      98.49 4.9511e-02 0.0000e+00    80.9073    4.67048    33.1812    33.2032    25.9412    1479.59    1479.85 0.0000e+00
       3368    119.000     7.3279     7.3298   3.396895   3.399119     1.8521    -0.0494      98.42 4.9514e-02 0.0000e+00    80.9238    4.67575    33.1804    33.2027    25.9409    1479.59    1479.85 0.0000e+00
       3392    120.000     7.3216     7.3237   3.396307   3.398542     1.8534    -0.0254      98.20 4.9478e-02 0.0000e+00    80.8394    4.68186    33.1796    33.2019    25.9412    1479.59    1479.84 0.0000e+00
       3416    121.000     7.3181     7.3205   3.396006   3.398262     1.8553    -0.0240      98.29 4.9462e-02 0.0000e+00    80.8813    4.69249    33.1792    33.2014    25.9414    1479.59    1479.84 0.0000e+00
       3440    122.000     7.3159     7.3178   3.395832   3.398032     1.8570    -0.0193      98.21 4.9456e-02 0.0000e+00    80.8736    4.70633    33.1790    33.2010    25.9415    1479.60    1479.84 0.0000e+00
       3465    123.000     7.3133     7.3153   3.395622   3.397842     1.8602    -0.0208      98.57 4.9538e-02 0.0000e+00    80.8577    4.72686    33.1787    33.2009    25.9416    1479.60    1479.84 0.0000e+00
       3489    124.000     7.3101     7.3120   3.395330   3.397536     1.8631    -0.0422      98.51 4.9491e-02 0.0000e+00    80.8470    4.73787    33.1781    33.2003    25.9416    1479.61    1479.84 0.0000e+00
       3513    125.000     7.3070     7.3088   3.395062   3.397265     1.8665    -0.0489      98.38 4.9506e-02 0.0000e+00    80.8468    4.74773    33.1777    33.1999    25.9417    1479.61    1479.83 0.0000e+00
       3537    126.000     7.3007     7.3029   3.394440   3.396702     1.8691    -0.0553      98.53 4.9508e-02 0.0000e+00    80.8290    4.75480    33.1765    33.1990    25.9416    1479.60    1479.83 0.0000e+00
       3561    127.000     7.2960     7.2980   3.394031   3.396243     1.8717    -0.0368      98.52 4.9480e-02 0.0000e+00    80.8204    4.76392    33.1761    33.1982    25.9420    1479.60    1479.83 0.0000e+00
       3586    128.000     7.2931     7.2950   3.393782   3.395990     1.8743    -0.0239      98.59 4.9491e-02 0.0000e+00    80.8020    4.77805    33.1757    33.1979    25.9421    1479.60    1479.83 0.0000e+00
       3610    129.000     7.2884     7.2904   3.393359   3.395585     1.8774    -0.0351      98.75 4.9467e-02 0.0000e+00    80.7890    4.79042    33.1752    33.1974    25.9423    1479.60    1479.83 0.0000e+00
       3634    130.000     7.2875     7.2896   3.393321   3.395532     1.8803    -0.0404      98.65 4.9474e-02 0.0000e+00    80.7822    4.80174    33.1751    33.1971    25.9424    1479.61    1479.83 0.0000e+00
       3658    131.000     7.2813     7.2833   3.392696   3.394949     1.8834    -0.0216      98.68 4.9531e-02 0.0000e+00    80.7975    4.81304    33.1738    33.1964    25.9422    1479.60    1479.82 0.0000e+00
       3683    132.000     7.2750     7.2759   3.392118   3.394251     1.8862    -0.0533      98.77 4.9503e-02 0.0000e+00    80.7639    4.82292    33.1731    33.1954    25.9425    1479.59    1479.82 0.0000e+00
       3707    133.000     7.2689     7.2712   3.391567   3.393817     1.8891    -0.0533      98.80 4.9479e-02 0.0000e+00    80.7781    4.83677    33.1725    33.1947    25.9429    1479.59    1479.82 0.0000e+00
       3731    134.000     7.2648     7.2669   3.391191   3.393420     1.8922    -0.0534      98.80 4.9494e-02 0.0000e+00    80.7720    4.84838    33.1719    33.1941    25.9429    1479.59    1479.82 0.0000e+00
       3755    135.000     7.2595     7.2612   3.390680   3.392901     1.8951    -0.0545      98.80 4.9493e-02 0.0000e+00    80.7503    4.85787    33.1709    33.1934    25.9429    1479.58    1479.82 0.0000e+00
       3779    136.000     7.2555     7.2572   3.390344   3.392526     1.8980    -0.0274      98.80 4.9473e-02 0.0000e+00    80.7376    4.87471    33.1706    33.1927    25.9432    1479.58    1479.81 0.0000e+00
       3803    137.000     7.2529     7.2547   3.390145   3.392320     1.9016    -0.0447      98.80 4.9494e-02 0.0000e+00    80.7634    4.88817    33.1705    33.1924    25.9435    1479.59    1479.81 0.0000e+00
       3827    138.000     7.2498     7.2519   3.389850   3.392078     1.9051    -0.0544      98.80 4.9475e-02 0.0000e+00    80.7378    4.90518    33.1698    33.1920    25.9434    1479.59    1479.81 0.0000e+00
       3851    139.000     7.2424     7.2442   3.389113   3.391362     1.9085    -0.0302      98.80 4.9515e-02 0.0000e+00    80.7230    4.91373    33.1684    33.1911    25.9433    1479.58    1479.81 0.0000e+00
       3875    140.000     7.2403     7.2424   3.388988   3.391212     1.9118    -0.0189      98.80 4.9503e-02 0.0000e+00    80.7203    4.92550    33.1686    33.1907    25.9437    1479.59    1479.81 0.0000e+00
       3899    141.000     7.2316     7.2328   3.388076   3.390292     1.9151    -0.0206      98.80 4.9485e-02 0.0000e+00    80.7250    4.94178    33.1665    33.1895    25.9433    1479.57    1479.81 0.0000e+00
       3923    142.000     7.2259     7.2277   3.387633   3.389815     1.9186    -0.0327      98.80 4.9491e-02 0.0000e+00    80.6750    4.95595    33.1667    33.1887    25.9442    1479.56    1479.81 0.0000e+00
       3947    143.000     7.2227     7.2239   3.387289   3.389472     1.9223    -0.0522      98.80 4.9479e-02 0.0000e+00    80.7111    4.97695    33.1656    33.1881    25.9438    1479.56    1479.80 0.0000e+00
       3971    144.000     7.2140     7.2154   3.386419   3.388642     1.9271    -0.0460      98.80 4.9503e-02 0.0000e+00    80.7056    5.00780    33.1640    33.1868    25.9437    1479.54    1479.80 0.0000e+00
       3994    145.000     7.1983     7.1994   3.384892   3.387095     1.9325    -0.0199      98.80 4.9497e-02 0.0000e+00    80.6948    5.02896    33.1619    33.1848    25.9443    1479.50    1479.80 0.0000e+00
       4018    146.000     7.1917     7.1934   3.384317   3.386529     1.9374    -0.0486      98.80 4.9480e-02 0.0000e+00    80.6591    5.04446    33.1615    33.1840    25.9448    1479.49    1479.80 0.0000e+00
       4042    147.000     7.1866     7.1883   3.383819   3.386054     1.9426    -0.0257      98.80 4.9475e-02 0.0000e+00    80.6921    5.07778    33.1605    33.1832    25.9448    1479.48    1479.80 0.0000e+00
       4066    148.000     7.1794     7.1813   3.383181   3.385411     1.9494    -0.0249      98.80 4.9497e-02 0.0000e+00    80.6624    5.11483    33.1600    33.1825    25.9453    1479.47    1479.79 0.0000e+00
       4089    149.000     7.1776     7.1798   3.383066   3.385294     1.9566    -0.0190      98.80 4.9475e-02 0.0000e+00    80.3301    5.13961    33.1600    33.1822    25.9456    1479.48    1479.79 0.0000e+00
       4113    150.000     7.1731     7.1741   3.382599   3.384766     1.9632    -0.0386      98.80 4.9491e-02 0.0000e+00    80.6738    5.15755    33.1588    33.1814    25.9452    1479.48    1479.79 0.0000e+00
       4136    151.000     7.1676     7.1695   3.382140   3.384365     1.9694    -0.0326      98.80 4.9480e-02 0.0000e+00    80.6898    5.17011    33.1586    33.1810    25.9458    1479.47    1479.79 0.0000e+00
       4160    152.000     7.1632     7.1651   3.381715   3.383948     1.9742    -0.0372      98.80 4.9469e-02 0.0000e+00    80.6568    5.17493    33.1577    33.1802    25.9457    1479.47    1479.78 0.0000e+00
