_data/ctd/2022_CLIFORD_Benthic_data_CTDs/sta0592.cnv
* Sea-Bird SBE 9 Data File:
* FileName = C:\Seabird\CTDData\sta0592.hex
* Software Version Seasave V 7.21f
* Temperature SN = 5234
* Conductivity SN = 4797
* Number of Bytes Per Scan = 40
* Number of Voltage Words = 5
* Number of Scans Averaged by the Deck Unit = 1
* NMEA Latitude = 60 49.51 N
* NMEA Longitude = 005 20.82 E
* NMEA UTC (Time) = May 23 2022 08:49:42
* NMEA baud rate = 4800
** Ship: R/V "Kristine Bonnevie"
** Station: 0592
** Echodepth: 298.89
** Log: 9435.077
** Wind-Dir/Force: 12 06
** Air-temp (dry): 10.5
** Weather Sky:
** Sea:
** Masfjorden
# nquan = 19                                
# nvalues = 296                         
# units = specified
# name 0 = scan: Scan Count
# name 1 = prDM: Pressure, Digiquartz [db]
# name 2 = t068C: Temperature [ITS-68, deg C]
# name 3 = t168C: Temperature, 2 [ITS-68, deg C]
# name 4 = c0S/m: Conductivity [S/m]
# name 5 = c1S/m: Conductivity, 2 [S/m]
# name 6 = sbeox0V: Oxygen raw, SBE 43 [V]
# name 7 = flECO-AFL: Fluorescence, WET Labs ECO-AFL/FL [mg/m^3]
# name 8 = altM: Altimeter [m]
# name 9 = par: PAR/Irradiance, Biospherical/Licor
# name 10 = spar: SPAR/Surface Irradiance
# name 11 = CStarTr0: Beam Transmission, WET Labs C-Star [%]
# name 12 = sbeox0ML/L: Oxygen, SBE 43 [ml/l], WS = 2
# name 13 = sal00: Salinity, Practical [PSU]
# name 14 = sal11: Salinity, Practical, 2 [PSU]
# name 15 = sigma-t00: Density [sigma-t, Kg/m^3 ]
# name 16 = svCM: Sound Velocity [Chen-Millero, m/s]
# name 17 = avgsvCM: Average Sound Velocity [Chen-Millero, m/s], minP = 1, minS = 5
# name 18 = flag: flag
# span 0 =        322,       6899       
# span 1 =      2.000,    297.000       
# span 2 =     7.9661,    12.0816       
# span 3 =     7.9690,    12.0999       
# span 4 =   2.683224,   3.657842       
# span 5 =   2.675096,   3.660115       
# span 6 =     1.5532,     2.8007       
# span 7 =    -0.0881,     1.5571       
# span 8 =      -8.59,      99.38       
# span 9 = 4.9464e-02, 6.7275e+01       
# span 10 = 1.3008e+02, 1.6813e+02      
# span 11 =    59.9875,    81.1327      
# span 12 =    3.55056,    7.51092      
# span 13 =    22.4490,    34.9187      
# span 14 =    22.3633,    34.9406      
# span 15 =    16.8508,    27.1597      
# span 16 =    1480.33,    1488.50      
# span 17 =    1481.30,    1485.66      
# span 18 = 0.0000e+00, 0.0000e+00      
# interval = decibars: 1                
# start_time = May 23 2022 08:49:44 [System UTC, header]
# bad_flag = -9.990e-29
*END*
[from data line 229]
       5491    231.000     8.3252     8.3274   3.653759   3.656004     1.6324    -0.0558      98.78 4.9540e-02 1.4407e+02    79.9308    3.81489    34.9147    34.9364    27.1578    1487.38    1485.01 0.0000e+00
       5513    232.000     8.3253     8.3275   3.653815   3.656061     1.6318    -0.0558      98.78 4.9530e-02 1.4590e+02    79.9484    3.80985    34.9147    34.9364    27.1578    1487.40    1485.02 0.0000e+00
       5535    233.000     8.3255     8.3277   3.653890   3.656130     1.6307    -0.0558      98.78 4.9538e-02 1.4590e+02    79.9601    3.80517    34.9148    34.9365    27.1578    1487.42    1485.03 0.0000e+00
       5557    234.000     8.3257     8.3279   3.653967   3.656204     1.6300    -0.0558      79.28 4.9502e-02 1.4590e+02    79.9485    3.80823    34.9149    34.9366    27.1579    1487.43    1485.04 0.0000e+00
       5578    235.000     8.3258     8.3280   3.654012   3.656267     1.6293    -0.0558      98.66 4.9515e-02 1.4590e+02    79.9713    3.80658    34.9148    34.9367    27.1578    1487.45    1485.05 0.0000e+00
       5600    236.000     8.3259     8.3281   3.654080   3.656326     1.6288    -0.0558      98.78 4.9512e-02 1.4590e+02    79.9584    3.80601    34.9150    34.9367    27.1579    1487.47    1485.06 0.0000e+00
       5621    237.000     8.3260     8.3282   3.654139   3.656385     1.6284 -9.990e-29      98.78 4.9519e-02 1.4590e+02    79.9301    3.80617    34.9150    34.9368    27.1579    1487.48    1485.07 0.0000e+00
       5643    238.000     8.3261     8.3283   3.654195   3.656439     1.6278 -9.990e-29      91.69 4.9534e-02 1.4654e+02    79.9238    3.80115    34.9151    34.9368    27.1579    1487.50    1485.08 0.0000e+00
       5664    239.000     8.3262     8.3284   3.654250   3.656506     1.6270 -9.990e-29      80.90 4.9525e-02 1.4792e+02    79.8789    3.79738    34.9151    34.9369    27.1579    1487.52    1485.09 0.0000e+00
       5686    240.000     8.3263     8.3285   3.654314   3.656576     1.6262 -9.990e-29      46.52 4.9515e-02 1.4790e+02    79.8825    3.79685    34.9152    34.9371    27.1580    1487.53    1485.10 0.0000e+00
       5707    241.000     8.3264     8.3287   3.654383   3.656634     1.6255 -9.990e-29      98.10 4.9527e-02 1.4790e+02    79.8831    3.79675    34.9153    34.9370    27.1581    1487.55    1485.11 0.0000e+00
       5729    242.000     8.3265     8.3288   3.654442   3.656692     1.6249 -9.990e-29      98.78 4.9532e-02 1.4790e+02    79.8415    3.79312    34.9154    34.9370    27.1581    1487.57    1485.12 0.0000e+00
       5750    243.000     8.3267     8.3289   3.654501   3.656751     1.6242 -9.990e-29      98.78 4.9503e-02 1.4790e+02    79.8351    3.79231    34.9153    34.9371    27.1581    1487.59    1485.13 0.0000e+00
       5772    244.000     8.3268     8.3290   3.654558   3.656811     1.6237 -9.990e-29      79.98 4.9521e-02 1.4790e+02    79.8076    3.79423    34.9154    34.9372    27.1581    1487.60    1485.14 0.0000e+00
       5794    245.000     8.3269     8.3292   3.654629   3.656871     1.6232    -0.0558      63.94 4.9518e-02 1.4794e+02    79.8188    3.78762    34.9155    34.9371    27.1582    1487.62    1485.15 0.0000e+00
       5816    246.000     8.3271     8.3293   3.654680   3.656941     1.6222    -0.0572      99.38 4.9515e-02 1.4987e+02    79.7848    3.78136    34.9154    34.9373    27.1581    1487.64    1485.16 0.0000e+00
       5838    247.000     8.3272     8.3294   3.654742   3.657002     1.6208    -0.0576      98.78 4.9528e-02 1.4990e+02    79.7555    3.77596    34.9155    34.9374    27.1581    1487.65    1485.17 0.0000e+00
       5860    248.000     8.3273     8.3295   3.654806   3.657068     1.6197    -0.0609      98.78 4.9527e-02 1.4990e+02    79.7282    3.77323    34.9156    34.9375    27.1582    1487.67    1485.18 0.0000e+00
       5882    249.000     8.3276     8.3296   3.654676   3.657137     1.6186    -0.0343      94.55 4.9502e-02 1.4990e+02    79.6802    3.77211    34.9134    34.9376    27.1564    1487.69    1485.19 0.0000e+00
       5904    250.000     8.3278     8.3298   3.654786   3.657194     1.6177    -0.0453      97.98 4.9509e-02 1.5115e+02    79.5631    3.77071    34.9139    34.9376    27.1568    1487.70    1485.20 0.0000e+00
       5925    251.000     8.3276     8.3299   3.654992   3.657254     1.6167 -9.990e-29      98.78 4.9521e-02 1.5190e+02    79.6303    3.75336    34.9158    34.9376    27.1583    1487.72    1485.21 0.0000e+00
       5947    252.000     8.3277     8.3300   3.655046   3.657308     1.6136 -9.990e-29      98.78 4.9532e-02 1.5190e+02    79.5896    3.73588    34.9158    34.9376    27.1583    1487.74    1485.22 0.0000e+00
       5968    253.000     8.3278     8.3302   3.655122   3.657378     1.6114 -9.990e-29      98.78 4.9532e-02 1.5190e+02    79.5124    3.73525    34.9161    34.9377    27.1585    1487.76    1485.23 0.0000e+00
       5989    254.000     8.3280     8.3303   3.655188   3.657443     1.6095 -9.990e-29      98.78 4.9532e-02 1.5190e+02    79.5088    3.74033    34.9161    34.9378    27.1585    1487.77    1485.24 0.0000e+00
       6010    255.000     8.3281     8.3304   3.655249   3.657507     1.6089 -9.990e-29      75.21 4.9525e-02 1.5190e+02    79.3893    3.75067    34.9162    34.9379    27.1585    1487.79    1485.25 0.0000e+00
       6031    256.000     8.3283     8.3305   3.655309   3.657567     1.6088 -9.990e-29      90.88 4.9498e-02 1.5296e+02    79.3289    3.74837    34.9161    34.9380    27.1584    1487.81    1485.26 0.0000e+00
       6052    257.000     8.3284     8.3306   3.655375   3.657625     1.6080 -9.990e-29      98.81 4.9532e-02 1.5352e+02    79.2840    3.74074    34.9163    34.9380    27.1585    1487.82    1485.27 0.0000e+00
       6073    258.000     8.3285     8.3308   3.655430   3.657694     1.6068 -9.990e-29      98.78 4.9532e-02 1.5390e+02    79.2199    3.73428    34.9163    34.9381    27.1585    1487.84    1485.28 0.0000e+00
       6094    259.000     8.3286     8.3309   3.655490   3.657754     1.6059 -9.990e-29      98.78 4.9546e-02 1.5390e+02    79.1822    3.73030    34.9163    34.9381    27.1586    1487.86    1485.29 0.0000e+00
       6116    260.000     8.3288     8.3310   3.655561   3.657819     1.6043 -9.990e-29      90.08 4.9532e-02 1.5390e+02    79.1329    3.72198    34.9164    34.9383    27.1586    1487.88    1485.30 0.0000e+00
       6138    261.000     8.3290     8.3311   3.655613   3.657883     1.6026 -9.990e-29      49.71 4.9508e-02 1.5390e+02    79.1274    3.71914    34.9163    34.9384    27.1585    1487.89    1485.31 0.0000e+00
       6159    262.000     8.3291     8.3314   3.655692   3.657956     1.6015 -9.990e-29      61.07 4.9515e-02 1.5480e+02    79.0948    3.71439    34.9166    34.9384    27.1586    1487.91    1485.32 0.0000e+00
       6181    263.000     8.3292     8.3315   3.655761   3.658025     1.5999 -9.990e-29      90.29 4.9531e-02 1.5589e+02    79.0495    3.70653    34.9167    34.9385    27.1588    1487.93    1485.33 0.0000e+00
       6202    264.000     8.3294     8.3316   3.655821   3.658085     1.5980 -9.990e-29      98.83 4.9532e-02 1.5590e+02    78.9940    3.70253    34.9167    34.9386    27.1587    1487.94    1485.34 0.0000e+00
       6223    265.000     8.3295     8.3317   3.655894   3.658158     1.5969 -9.990e-29      36.10 4.9509e-02 1.5590e+02    78.9487    3.70263    34.9169    34.9388    27.1588    1487.96    1485.35 0.0000e+00
       6245    266.000     8.3296     8.3319   3.655960   3.658233     1.5954 -9.990e-29      31.42 4.9512e-02 1.5647e+02    78.9097    3.69535    34.9170    34.9389    27.1589    1487.98    1485.36 0.0000e+00
       6266    267.000     8.3298     8.3321   3.656030   3.658294     1.5939 -9.990e-29      70.83 4.9499e-02 1.5789e+02    78.8572    3.68723    34.9171    34.9389    27.1589    1487.99    1485.37 0.0000e+00
       6287    268.000     8.3299     8.3321   3.656092   3.658358     1.5921 -9.990e-29      34.10 4.9518e-02 1.5789e+02    78.8604    3.68450    34.9172    34.9391    27.1590    1488.01    1485.38 0.0000e+00
       6308    269.000     8.3301     8.3324   3.656156   3.658422     1.5908    -0.0570      33.73 4.9538e-02 1.5789e+02    78.8465    3.68077    34.9172    34.9390    27.1590    1488.03    1485.39 0.0000e+00
       6328    270.000     8.3302     8.3325   3.656217   3.658489     1.5891    -0.0563      30.21 4.9523e-02 1.5789e+02    78.8450    3.67290    34.9172    34.9391    27.1590    1488.05    1485.40 0.0000e+00
       6349    271.000     8.3303     8.3326   3.656286   3.658543     1.5875    -0.0573      29.32 4.9487e-02 1.5789e+02    78.7836    3.67409    34.9174    34.9391    27.1591    1488.06    1485.41 0.0000e+00
       6369    272.000     8.3305     8.3327   3.656325   3.658596     1.5867    -0.0397      28.36 4.9519e-02 1.5789e+02    78.7774    3.67319    34.9171    34.9391    27.1589    1488.08    1485.42 0.0000e+00
       6390    273.000     8.3305     8.3328   3.656393   3.658666     1.5855    -0.0369      27.61 4.9505e-02 1.5801e+02    78.7574    3.67125    34.9174    34.9393    27.1591    1488.10    1485.43 0.0000e+00
       6411    274.000     8.3307     8.3329   3.656461   3.658734     1.5847    -0.0550      26.98 4.9505e-02 1.5983e+02    78.7415    3.66837    34.9174    34.9394    27.1591    1488.11    1485.44 0.0000e+00
       6432    275.000     8.3308     8.3330   3.656516   3.658789     1.5834    -0.0318      25.56 4.9505e-02 1.5989e+02    78.7208    3.66180    34.9174    34.9394    27.1591    1488.13    1485.45 0.0000e+00
       6453    276.000     8.3309     8.3332   3.656579   3.658846     1.5822    -0.0501      24.44 4.9512e-02 1.5989e+02    78.7093    3.66131    34.9175    34.9394    27.1591    1488.15    1485.46 0.0000e+00
       6474    277.000     8.3310     8.3333   3.656631   3.658902     1.5815    -0.0412      23.42 4.9498e-02 1.5990e+02    78.6616    3.66475    34.9175    34.9394    27.1591    1488.16    1485.47 0.0000e+00
       6496    278.000     8.3311     8.3334   3.656695   3.658962     1.5806    -0.0405      22.60 4.9502e-02 1.6161e+02    78.6330    3.65458    34.9176    34.9395    27.1592    1488.18    1485.48 0.0000e+00
       6517    279.000     8.3313     8.3335   3.656752   3.659030     1.5795    -0.0516      21.54 4.9527e-02 1.6189e+02    78.6215    3.65334    34.9175    34.9396    27.1591    1488.20    1485.49 0.0000e+00
       6539    280.000     8.3313     8.3337   3.656828   3.659093     1.5784    -0.0315      20.43 4.9499e-02 1.6189e+02    78.6008    3.64727    34.9179    34.9396    27.1593    1488.22    1485.49 0.0000e+00
       6560    281.000     8.3315     8.3337   3.656878   3.659145     1.5771    -0.0541      19.39 1.0760e-01 1.6189e+02    78.5478    3.64530    34.9177    34.9397    27.1592    1488.23    1485.50 0.0000e+00
       6581    282.000     8.3316     8.3339   3.656943   3.659213     1.5763    -0.0558      18.42 5.0271e-02 1.6194e+02    78.5009    3.64291    34.9178    34.9397    27.1593    1488.25    1485.51 0.0000e+00
       6601    283.000     8.3317     8.3340   3.657007   3.659279     1.5749    -0.0546      17.44 4.9515e-02 1.6380e+02    78.4662    3.63579    34.9180    34.9398    27.1593    1488.27    1485.52 0.0000e+00
       6622    284.000     8.3318     8.3341   3.657072   3.659336     1.5737 -9.990e-29      16.44 4.9525e-02 1.6389e+02    78.3862    3.62957    34.9181    34.9399    27.1594    1488.28    1485.53 0.0000e+00
       6642    285.000     8.3320     8.3342   3.657123   3.659403     1.5720 -9.990e-29      15.44 4.9516e-02 1.6389e+02    78.3281    3.62086    34.9179    34.9400    27.1593    1488.30    1485.54 0.0000e+00
       6663    286.000     8.3321     8.3343   3.657181   3.659457     1.5703 -9.990e-29      14.43 4.9532e-02 1.6389e+02    78.2830    3.61555    34.9180    34.9400    27.1593    1488.32    1485.55 0.0000e+00
       6684    287.000     8.3322     8.3344   3.657238   3.659508     1.5686 -9.990e-29      13.44 4.9512e-02 1.6389e+02    78.2623    3.61420    34.9180    34.9400    27.1593    1488.33    1485.56 0.0000e+00
       6705    288.000     8.3323     8.3345   3.657294   3.659579     1.5672    -0.0443      12.45 4.9525e-02 1.6389e+02    78.1946    3.60882    34.9180    34.9402    27.1593    1488.35    1485.57 0.0000e+00
       6726    289.000     8.3324     8.3346   3.657352   3.659622     1.5655    -0.0544      11.44 4.9518e-02 1.6389e+02    78.1500    3.60505    34.9181    34.9400    27.1593    1488.37    1485.58 0.0000e+00
       6748    290.000     8.3325     8.3347   3.657402   3.659691     1.5644    -0.0294      10.44 4.9521e-02 1.6398e+02    78.1385    3.60590    34.9180    34.9402    27.1593    1488.38    1485.59 0.0000e+00
       6769    291.000     8.3327     8.3349   3.657487   3.659760     1.5631    -0.0540       9.44 4.9527e-02 1.6470e+02    78.1211    3.60104    34.9183    34.9403    27.1594    1488.40    1485.60 0.0000e+00
       6791    292.000     8.3328     8.3350   3.657546   3.659820     1.5619    -0.0552       8.43 4.9499e-02 1.6588e+02    78.0570    3.59788    34.9183    34.9403    27.1595    1488.42    1485.61 0.0000e+00
       6813    293.000     8.3330     8.3352   3.657613   3.659892     1.5608 -9.990e-29       7.45 4.9521e-02 1.6589e+02    78.0590    3.59452    34.9183    34.9404    27.1595    1488.44    1485.62 0.0000e+00
       6834    294.000     8.3332     8.3354   3.657690   3.659963     1.5596 -9.990e-29       6.45 4.9515e-02 1.6589e+02    77.9484    3.58751    34.9185    34.9405    27.1595    1488.45    1485.63 0.0000e+00
       6856    295.000     8.3333     8.3355   3.657749   3.660027     1.5578 -9.990e-29       5.54 4.9498e-02 1.6656e+02    77.8635    3.57497    34.9185    34.9406    27.1596    1488.47    1485.64 0.0000e+00
       6877    296.000     8.3335     8.3357   3.657816   3.660089     1.5556 -9.990e-29       4.58 4.9519e-02 1.6763e+02    77.6561    3.56304    34.9186    34.9406    27.1596    1488.49    1485.65 0.0000e+00
       6899    297.000     8.3332     8.3355   3.657842   3.660115     1.5532 -9.990e-29       4.08 4.9543e-02 1.6813e+02    77.3279    3.55056    34.9187    34.9406    27.1597    1488.50    1485.66 0.0000e+00
