_data/ctd/2011/Prt0989_2011.cnv
* Sea-Bird SBE 9 Data File:
* FileName = C:\Seabird\CTDData\sta0989.dat
* Software Version Seasave Win32 V 5.30a
* Temperature SN = 4535
* Conductivity SN = 0889
* Number of Bytes Per Scan = 35
* Number of Voltage Words = 4
* Number of Scans Averaged by the Deck Unit = 1
* NMEA Latitude = 60 52.38 N
* NMEA Longitude = 005 24.12 E
* NMEA UTC (Time) = 06:48:21
** Ship: 01 F/F "H. Mosby" 
** Station: 0989
** Echodepth: 474
** Log: 948.58
** Wind-Dir/Force: 05 03
** Air-Temp (dry): 7.10
** Weather Sky: 2 6
** Sea Ice: 2 0
** UNIS station: 
# nquan = 15                                
# nvalues = 93                          
# units = specified
# name 0 = scan: Scan Count
# name 1 = prDM: Pressure, Digiquartz [db]
# name 2 = t068C: Temperature [ITS-68, deg C]
# name 3 = c0S/m: Conductivity [S/m]
# name 4 = sbeox0V: Oxygen Voltage, SBE 43
# name 5 = flC: Fluorescence, Chelsea Aqua 3 Chl Con [ug/l]
# name 6 = xmiss: Beam Transmission, Chelsea/Seatech/Wetlab CStar [%]
# name 7 = par: PAR/Irradiance, Biospherical/Licor
# name 8 = sbeox0ML/L: Oxygen, SBE 43 [ml/l], WS = 2
# name 9 = sal00: Salinity [PSU]
# name 10 = sigma-t00: Density [sigma-t, Kg/m^3 ]
# name 11 = svCM: Sound Velocity [Chen-Millero, m/s]
# name 12 = avgsvCM: Average Sound Velocity [Chen-Millero, m/s], minP = 0, minS = 0
# name 13 = oxsatML/L: Oxygen Saturation [ml/l]
# name 14 = flag: flag
# span 0 =        511,      11303       
# span 1 =      5.000,    465.000       
# span 2 =     7.9242,    13.9185       
# span 3 =   3.405595,   3.778412       
# span 4 =     1.8385,     2.5710       
# span 5 =    -0.0101,    -0.0101       
# span 6 =    48.6433,    84.0065       
# span 7 = 1.0000e-12, 2.7387e+00       
# span 8 =    3.91406,    5.51430       
# span 9 =    27.9870,    35.1305       
# span 10 =    20.8356,    27.3361      
# span 11 =    1482.94,    1497.91      
# span 12 =    1487.22,    1496.67      
# span 13 =    5.98359,    6.64129      
# span 14 = 0.0000e+00, 0.0000e+00      
# interval = decibars: 5                
# start_time = Oct 12 2011 06:48:15
# bad_flag = -9.990e-29
*END*
        511      5.000    13.6929   3.405595     2.5710    -0.0101    48.6433 2.7387e+00    5.51430    27.9870    20.8356    1494.30    1494.30    6.10026 0.0000e+00
        645     10.000    13.9185   3.683772     2.3940    -0.0101    80.7887 6.0319e-01    4.93861    30.3538    22.6166    1497.91    1496.10    5.98359 0.0000e+00
        758     15.000    13.4599   3.706949     2.3713    -0.0101    82.3756 2.4503e-01    4.91354    30.9321    23.1545    1497.15    1496.45    6.01929 0.0000e+00
        866     20.000    13.1845   3.732054     2.3553    -0.0101    83.0105 1.0481e-01    4.88983    31.3893    23.5620    1496.86    1496.55    6.03686 0.0000e+00
        973     25.000    13.0310   3.752175     2.3370    -0.0101    83.2651 3.8062e-02    4.85091    31.7036    23.8350    1496.80    1496.60    6.04449 0.0000e+00
       1079     30.000    12.9625   3.778412     2.3212    -0.0101    83.2915 3.9611e-03    4.81018    32.0062    24.0825    1497.01    1496.67    6.04181 0.0000e+00
       1201     35.000    12.1934   3.733061     2.2964    -0.0101    83.2528 1.0441e-04    4.82167    32.2286    24.4019    1494.74    1496.39    6.13219 0.0000e+00
       1340     40.000    10.4832   3.596423     2.2739    -0.0101    83.2455 1.0000e-12    4.94666    32.3831    24.8283    1489.03    1495.47    6.35649 0.0000e+00
       1462     45.000    10.0581   3.613279     2.2859    -0.0101    83.2191 1.0000e-12    5.01487    32.9331    25.3290    1488.26    1494.67    6.39381 0.0000e+00
       1586     50.000     9.3552   3.580041     2.2484    -0.0101    83.2012 1.0000e-12    4.98240    33.2374    25.6820    1486.15    1493.81    6.48171 0.0000e+00
       1710     55.000     8.9516   3.562236     2.2273    -0.0101    83.2129 1.0000e-12    4.96531    33.4277    25.8950    1484.98    1493.00    6.53261 0.0000e+00
       1837     60.000     8.5039   3.539814     2.2084    -0.0101    83.2368 1.0000e-12    4.95964    33.6139    26.1101    1483.63    1492.22    6.59105 0.0000e+00
       1965     65.000     8.4208   3.551026     2.1923    -0.0101    83.2491 1.0000e-12    4.91907    33.8096    26.2762    1483.64    1491.55    6.59518 0.0000e+00
       2095     70.000     8.2437   3.554146     2.1728    -0.0101    83.2414 1.0000e-12    4.87888    34.0110    26.4610    1483.31    1490.96    6.61318 0.0000e+00
       2225     75.000     8.0735   3.553572     2.1469    -0.0101    83.2518 1.0000e-12    4.81994    34.1679    26.6097    1482.95    1490.43    6.63216 0.0000e+00
       2357     80.000     7.9870   3.564537     2.1228    -0.0101    83.2545 1.0000e-12    4.75528    34.3676    26.7794    1482.95    1489.96    6.63671 0.0000e+00
       2489     85.000     7.9242   3.569773     2.0915    -0.0101    83.2789 1.0000e-12    4.66853    34.4832    26.8795    1482.94    1489.54    6.64129 0.0000e+00
       2620     90.000     7.9245   3.583418     2.0712    -0.0101    83.3143 1.0000e-12    4.60694    34.6272    26.9926    1483.20    1489.19    6.63508 0.0000e+00
       2742     95.000     7.9480   3.592930     2.0477    -0.0101    83.3374 1.0000e-12    4.53506    34.7037    27.0492    1483.46    1488.89    6.62825 0.0000e+00
       2863    100.000     8.0271   3.610481     2.0287    -0.0101    83.3862 1.0000e-12    4.47013    34.8112    27.1218    1483.98    1488.64    6.61172 0.0000e+00
       2980    105.000     8.1426   3.629518     2.0023    -0.0101    83.4816 1.0000e-12    4.37995    34.8980    27.1725    1484.60    1488.45    6.59067 0.0000e+00
       3097    110.000     8.2124   3.641729     1.9748    -0.0101    83.5619 1.0000e-12    4.29241    34.9567    27.2080    1485.02    1488.29    6.57774 0.0000e+00
       3212    115.000     8.2177   3.645216     1.9574    -0.0101    83.6019 1.0000e-12    4.24254    34.9862    27.2304    1485.16    1488.15    6.57570 0.0000e+00
       3326    120.000     8.1979   3.644650     1.9564    -0.0101    83.5821 1.0000e-12    4.24421    34.9975    27.2423    1485.18    1488.03    6.57818 0.0000e+00
       3439    125.000     8.1861   3.645042     1.9568    -0.0101    83.6104 1.0000e-12    4.24906    35.0110    27.2547    1485.24    1487.92    6.57937 0.0000e+00
       3553    130.000     8.1705   3.644899     1.9482    -0.0101    83.6186 1.0000e-12    4.22749    35.0226    27.2662    1485.27    1487.82    6.58121 0.0000e+00
       3667    135.000     8.1961   3.648817     1.9380    -0.0101    83.6465 1.0000e-12    4.19700    35.0366    27.2732    1485.47    1487.73    6.57680 0.0000e+00
       3781    140.000     8.2202   3.652163     1.9143    -0.0101    83.6517 1.0000e-12    4.12692    35.0459    27.2769    1485.65    1487.66    6.57281 0.0000e+00
       3894    145.000     8.2397   3.654944     1.8931    -0.0101    83.6292 1.0000e-12    4.06443    35.0537    27.2800    1485.82    1487.59    6.56957 0.0000e+00
       4006    150.000     8.2535   3.657119     1.8714    -0.0101    83.5913 1.0000e-12    4.00104    35.0608    27.2834    1485.96    1487.54    6.56721 0.0000e+00
       4119    155.000     8.2568   3.657942     1.8529    -0.0101    83.5230 1.0000e-12    3.94830    35.0638    27.2853    1486.06    1487.49    6.56659 0.0000e+00
       4231    160.000     8.2580   3.658470     1.8452    -0.0101    83.5016 1.0000e-12    3.92803    35.0659    27.2868    1486.15    1487.45    6.56633 0.0000e+00
       4344    165.000     8.2587   3.658897     1.8413    -0.0101    83.4969 1.0000e-12    3.91895    35.0673    27.2878    1486.24    1487.41    6.56616 0.0000e+00
       4456    170.000     8.2608   3.659558     1.8389    -0.0101    83.4828 1.0000e-12    3.91406    35.0698    27.2895    1486.33    1487.38    6.56574 0.0000e+00
       4567    175.000     8.2596   3.659839     1.8385    -0.0101    83.5333 1.0000e-12    3.91560    35.0716    27.2910    1486.41    1487.35    6.56584 0.0000e+00
       4678    180.000     8.2510   3.659359     1.8399    -0.0101    83.6005 1.0000e-12    3.92330    35.0727    27.2932    1486.46    1487.33    6.56708 0.0000e+00
       4788    185.000     8.2406   3.658619     1.8461    -0.0101    83.6793 1.0000e-12    3.94548    35.0727    27.2948    1486.50    1487.30    6.56863 0.0000e+00
       4898    190.000     8.2256   3.657366     1.8522    -0.0101    83.7508 1.0000e-12    3.96786    35.0719    27.2964    1486.53    1487.28    6.57090 0.0000e+00
       5010    195.000     8.2193   3.657006     1.8593    -0.0101    83.7895 1.0000e-12    3.99240    35.0719    27.2974    1486.59    1487.27    6.57184 0.0000e+00
       5122    200.000     8.2205   3.657460     1.8637    -0.0101    83.8240 1.0000e-12    4.00810    35.0731    27.2982    1486.68    1487.25    6.57161 0.0000e+00
       5234    205.000     8.2211   3.657779     1.8647    -0.0101    83.8576 1.0000e-12    4.01362    35.0735    27.2984    1486.76    1487.24    6.57150 0.0000e+00
       5348    210.000     8.2198   3.657871     1.8643    -0.0101    83.8592 1.0000e-12    4.01545    35.0734    27.2985    1486.84    1487.23    6.57170 0.0000e+00
       5461    215.000     8.2233   3.658672     1.8656    -0.0101    83.8728 1.0000e-12    4.02157    35.0761    27.3001    1486.94    1487.22    6.57107 0.0000e+00
       5575    220.000     8.2258   3.659237     1.8666    -0.0101    83.9054 1.0000e-12    4.02694    35.0772    27.3006    1487.03    1487.22    6.57065 0.0000e+00
       5691    225.000     8.2295   3.659967     1.8672    -0.0101    83.9347 1.0000e-12    4.03112    35.0789    27.3013    1487.13    1487.22    6.57002 0.0000e+00
       5808    230.000     8.2327   3.660649     1.8676    -0.0101    83.9481 1.0000e-12    4.03463    35.0806    27.3022    1487.22    1487.22    6.56947 0.0000e+00
       5925    235.000     8.2390   3.661738     1.8684    -0.0101    83.9795 1.0000e-12    4.03911    35.0835    27.3035    1487.33    1487.22    6.56841 0.0000e+00
       6040    240.000     8.2458   3.662902     1.8690    -0.0101    83.9994 1.0000e-12    4.04278    35.0867    27.3050    1487.45    1487.22    6.56726 0.0000e+00
       6155    245.000     8.2520   3.664066     1.8695    -0.0101    83.9891 1.0000e-12    4.04656    35.0906    27.3071    1487.56    1487.23    6.56618 0.0000e+00
       6268    250.000     8.2576   3.665375     1.8726    -0.0101    84.0060 1.0000e-12    4.05777    35.0965    27.3109    1487.67    1487.24    6.56509 0.0000e+00
       6381    255.000     8.2601   3.666224     1.8770    -0.0101    84.0065 1.0000e-12    4.07351    35.1007    27.3138    1487.76    1487.25    6.56454 0.0000e+00
       6494    260.000     8.2606   3.666697     1.8801    -0.0101    84.0061 1.0000e-12    4.08554    35.1028    27.3154    1487.85    1487.26    6.56438 0.0000e+00
       6608    265.000     8.2607   3.667121     1.8826    -0.0101    83.9665 1.0000e-12    4.09575    35.1049    27.3170    1487.94    1487.27    6.56428 0.0000e+00
       6721    270.000     8.2598   3.667610     1.8840    -0.0101    83.9855 1.0000e-12    4.10287    35.1086    27.3200    1488.02    1487.29    6.56425 0.0000e+00
       6834    275.000     8.2587   3.667982     1.8852    -0.0101    83.9695 1.0000e-12    4.10907    35.1112    27.3223    1488.10    1487.30    6.56431 0.0000e+00
       6949    280.000     8.2577   3.668479     1.8848    -0.0101    83.9253 1.0000e-12    4.11076    35.1151    27.3255    1488.18    1487.32    6.56429 0.0000e+00
       7063    285.000     8.2569   3.668904     1.8885    -0.0101    83.9169 1.0000e-12    4.12455    35.1181    27.3279    1488.27    1487.34    6.56428 0.0000e+00
       7178    290.000     8.2565   3.669252     1.8918    -0.0101    83.9100 1.0000e-12    4.13750    35.1198    27.3293    1488.35    1487.35    6.56427 0.0000e+00
       7292    295.000     8.2560   3.669599     1.8904    -0.0101    83.8981 1.0000e-12    4.13589    35.1216    27.3308    1488.43    1487.37    6.56427 0.0000e+00
       7405    300.000     8.2557   3.669941     1.8851    -0.0101    83.8942 1.0000e-12    4.12283    35.1231    27.3321    1488.52    1487.39    6.56425 0.0000e+00
       7519    305.000     8.2556   3.670267     1.8818    -0.0101    83.8797 1.0000e-12    4.11556    35.1243    27.3330    1488.60    1487.41    6.56421 0.0000e+00
       7634    310.000     8.2557   3.670578     1.8800    -0.0101    83.8655 1.0000e-12    4.11284    35.1251    27.3336    1488.68    1487.43    6.56416 0.0000e+00
       7749    315.000     8.2561   3.670861     1.8784    -0.0101    83.8501 1.0000e-12    4.11067    35.1254    27.3338    1488.77    1487.45    6.56410 0.0000e+00
       7863    320.000     8.2563   3.671163     1.8771    -0.0101    83.8375 1.0000e-12    4.10946    35.1260    27.3342    1488.85    1487.47    6.56404 0.0000e+00
       7979    325.000     8.2565   3.671465     1.8764    -0.0101    83.6622 1.0000e-12    4.10998    35.1266    27.3347    1488.94    1487.50    6.56398 0.0000e+00
       8094    330.000     8.2568   3.671769     1.8756    -0.0101    83.7922 1.0000e-12    4.11026    35.1272    27.3351    1489.02    1487.52    6.56392 0.0000e+00
       8210    335.000     8.2571   3.672060     1.8740    -0.0101    83.7503 1.0000e-12    4.10824    35.1276    27.3353    1489.10    1487.54    6.56385 0.0000e+00
       8328    340.000     8.2574   3.672355     1.8721    -0.0101    83.7086 1.0000e-12    4.10509    35.1280    27.3357    1489.19    1487.57    6.56379 0.0000e+00
       8446    345.000     8.2579   3.672631     1.8703    -0.0101    83.6670 1.0000e-12    4.10246    35.1281    27.3356    1489.27    1487.59    6.56371 0.0000e+00
       8565    350.000     8.2582   3.672923     1.8697    -0.0101    83.6463 1.0000e-12    4.10310    35.1285    27.3359    1489.36    1487.62    6.56365 0.0000e+00
       8686    355.000     8.2588   3.673199     1.8692    -0.0101    83.6099 1.0000e-12    4.10439    35.1285    27.3358    1489.44    1487.64    6.56356 0.0000e+00
       8808    360.000     8.2593   3.673472     1.8694    -0.0101    83.5596 1.0000e-12    4.10769    35.1285    27.3357    1489.52    1487.67    6.56349 0.0000e+00
       8933    365.000     8.2597   3.673757     1.8689    -0.0101    83.5808 1.0000e-12    4.10898    35.1288    27.3359    1489.61    1487.69    6.56342 0.0000e+00
       9059    370.000     8.2601   3.674034     1.8687    -0.0101    83.5471 1.0000e-12    4.11113    35.1289    27.3359    1489.69    1487.72    6.56335 0.0000e+00
       9183    375.000     8.2606   3.674319     1.8684    -0.0101    83.5084 1.0000e-12    4.11301    35.1291    27.3360    1489.78    1487.75    6.56327 0.0000e+00
       9306    380.000     8.2611   3.674596     1.8671    -0.0101    83.5096 1.0000e-12    4.11170    35.1292    27.3360    1489.86    1487.78    6.56319 0.0000e+00
       9426    385.000     8.2616   3.674879     1.8665    -0.0101    83.4896 1.0000e-12    4.11259    35.1293    27.3360    1489.95    1487.80    6.56311 0.0000e+00
       9545    390.000     8.2620   3.675155     1.8649    -0.0101    83.4419 1.0000e-12    4.11045    35.1294    27.3361    1490.03    1487.83    6.56305 0.0000e+00
       9667    395.000     8.2626   3.675435     1.8644    -0.0101    83.3844 1.0000e-12    4.11143    35.1295    27.3360    1490.12    1487.86    6.56296 0.0000e+00
       9785    400.000     8.2631   3.675719     1.8631    -0.0101    83.3571 1.0000e-12    4.11025    35.1296    27.3360    1490.20    1487.89    6.56288 0.0000e+00
       9902    405.000     8.2636   3.675999     1.8623    -0.0101    83.3256 1.0000e-12    4.11059    35.1297    27.3360    1490.28    1487.92    6.56280 0.0000e+00
      10018    410.000     8.2642   3.676269     1.8613    -0.0101    83.2648 1.0000e-12    4.11019    35.1296    27.3358    1490.37    1487.95    6.56271 0.0000e+00
      10135    415.000     8.2646   3.676549     1.8611    -0.0101    83.2479 1.0000e-12    4.11210    35.1298    27.3359    1490.45    1487.98    6.56264 0.0000e+00
      10252    420.000     8.2652   3.676827     1.8602    -0.0101    83.2534 1.0000e-12    4.11227    35.1298    27.3358    1490.54    1488.01    6.56255 0.0000e+00
      10368    425.000     8.2656   3.677102     1.8601    -0.0101    83.2216 1.0000e-12    4.11467    35.1300    27.3359    1490.62    1488.04    6.56249 0.0000e+00
      10483    430.000     8.2661   3.677386     1.8612    -0.0101    83.2345 1.0000e-12    4.12065    35.1301    27.3360    1490.71    1488.07    6.56241 0.0000e+00
      10599    435.000     8.2667   3.677664     1.8595    -0.0101    83.2093 1.0000e-12    4.11828    35.1301    27.3359    1490.79    1488.10    6.56232 0.0000e+00
      10714    440.000     8.2672   3.677935     1.8588    -0.0101    83.1719 1.0000e-12    4.11878    35.1301    27.3358    1490.88    1488.14    6.56224 0.0000e+00
      10829    445.000     8.2678   3.678215     1.8586    -0.0101    83.1483 1.0000e-12    4.12102    35.1301    27.3357    1490.96    1488.17    6.56215 0.0000e+00
      10945    450.000     8.2683   3.678488     1.8589    -0.0101    83.1428 1.0000e-12    4.12462    35.1302    27.3357    1491.04    1488.20    6.56208 0.0000e+00
      11062    455.000     8.2688   3.678766     1.8589    -0.0101    83.1299 1.0000e-12    4.12729    35.1303    27.3357    1491.13    1488.23    6.56200 0.0000e+00
      11178    460.000     8.2693   3.679045     1.8581    -0.0101    83.0802 1.0000e-12    4.12742    35.1304    27.3357    1491.21    1488.26    6.56192 0.0000e+00
      11303    465.000     8.2698   3.679324     1.8560    -0.0101    83.0091 1.0000e-12    4.12376    35.1305    27.3357    1491.30    1488.30    6.56184 0.0000e+00
