_data/ctd/2011/Prt0990_2011.cnv
* Sea-Bird SBE 9 Data File:
* FileName = C:\Seabird\CTDData\sta0990.dat
* Software Version Seasave Win32 V 5.30a
* Temperature SN = 4535
* Conductivity SN = 0889
* Number of Bytes Per Scan = 35
* Number of Voltage Words = 4
* Number of Scans Averaged by the Deck Unit = 1
* NMEA Latitude = 60 52.38 N
* NMEA Longitude = 005 24.11 E
* NMEA UTC (Time) = 12:50:21
** Ship: 01 F/F "H. Mosby" 
** Station: 990
** Echodepth: 470
** Log: 957.970
** Wind-Dir/Force: 22 01
** Air-Temp (dry): 9.5
** Weather Sky: 2 6
** Sea Ice: 2 0
** UNIS station: 
# nquan = 15                                
# nvalues = 92                          
# units = specified
# name 0 = scan: Scan Count
# name 1 = prDM: Pressure, Digiquartz [db]
# name 2 = t068C: Temperature [ITS-68, deg C]
# name 3 = c0S/m: Conductivity [S/m]
# name 4 = sbeox0V: Oxygen Voltage, SBE 43
# name 5 = flC: Fluorescence, Chelsea Aqua 3 Chl Con [ug/l]
# name 6 = xmiss: Beam Transmission, Chelsea/Seatech/Wetlab CStar [%]
# name 7 = par: PAR/Irradiance, Biospherical/Licor
# name 8 = sbeox0ML/L: Oxygen, SBE 43 [ml/l], WS = 2
# name 9 = sal00: Salinity [PSU]
# name 10 = sigma-t00: Density [sigma-t, Kg/m^3 ]
# name 11 = svCM: Sound Velocity [Chen-Millero, m/s]
# name 12 = avgsvCM: Average Sound Velocity [Chen-Millero, m/s], minP = 0, minS = 0
# name 13 = oxsatML/L: Oxygen Saturation [ml/l]
# name 14 = flag: flag
# span 0 =        448,      10574       
# span 1 =      5.000,    460.000       
# span 2 =     7.9296,    13.9437       
# span 3 =   3.318069,   3.773048       
# span 4 =     1.8422,     2.4737       
# span 5 =    -0.0101,    -0.0101       
# span 6 =    75.3249,    82.3626       
# span 7 = 1.0000e-12, 1.0896e+02       
# span 8 =    3.92946,    5.29708       
# span 9 =    27.3394,    35.1307       
# span 10 =    20.3761,    27.3361      
# span 11 =    1482.82,    1498.07      
# span 12 =    1487.11,    1496.44      
# span 13 =    5.97797,    6.64105      
# span 14 = 0.0000e+00, 0.0000e+00      
# interval = decibars: 5                
# start_time = Oct 12 2011 12:50:31
# bad_flag = -9.990e-29
*END*
        448      5.000    13.4853   3.318069     2.4737    -0.0101    75.3249 1.0896e+02    5.29708    27.3394    20.3761    1492.85    1492.85    6.15143 0.0000e+00
        594     10.000    13.9437   3.693351     2.3895    -0.0101    79.4265 2.2965e+01    4.92215    30.4216    22.6639    1498.07    1495.46    5.97797 0.0000e+00
        724     15.000    13.5149   3.721235     2.3634    -0.0101    80.9496 9.6805e+00    4.88395    31.0200    23.2115    1497.44    1496.12    6.00913 0.0000e+00
        841     20.000    13.0947   3.720370     2.3515    -0.0101    81.4799 4.9231e+00    4.89041    31.3541    23.5522    1496.51    1496.22    6.04955 0.0000e+00
        957     25.000    13.0871   3.761297     2.3445    -0.0101    81.6232 2.6203e+00    4.86384    31.7424    23.8541    1497.03    1496.38    6.03594 0.0000e+00
       1080     30.000    12.8692   3.773048     2.3180    -0.0101    81.6247 1.4072e+00    4.81043    32.0345    24.1225    1496.73    1496.44    6.05259 0.0000e+00
       1212     35.000    12.0540   3.721711     2.3007    -0.0101    81.5957 7.7250e-01    4.84833    32.2396    24.4364    1494.28    1496.13    6.14998 0.0000e+00
       1345     40.000    10.2265   3.571793     2.2836    -0.0101    81.5809 4.1765e-01    5.00383    32.3644    24.8572    1488.09    1495.12    6.39317 0.0000e+00
       1474     45.000     9.6370   3.568488     2.2912    -0.0101    81.5846 2.2042e-01    5.08157    32.8611    25.3423    1486.64    1494.17    6.45663 0.0000e+00
       1596     50.000     9.1847   3.554843     2.2640    -0.0101    81.5927 1.0603e-01    5.05080    33.1352    25.6293    1485.40    1493.29    6.51070 0.0000e+00
       1711     55.000     8.8932   3.551577     2.2460    -0.0101    81.5963 3.9764e-02    5.02876    33.3713    25.8600    1484.70    1492.51    6.54355 0.0000e+00
       1822     60.000     8.5935   3.544686     2.2227    -0.0101    81.6010 4.0523e-03    4.99225    33.5800    26.0698    1483.92    1491.79    6.57913 0.0000e+00
       1932     65.000     8.4002   3.547311     2.2010    -0.0101    81.5968 3.9573e-07    4.94772    33.7900    26.2640    1483.54    1491.15    6.59909 0.0000e+00
       2043     70.000     8.1739   3.547029     2.1767    -0.0101    81.5825 1.0000e-12    4.89878    34.0028    26.4651    1483.04    1490.57    6.62404 0.0000e+00
       2158     75.000     8.0351   3.551461     2.1522    -0.0101    81.5952 1.0000e-12    4.83975    34.1828    26.6271    1482.82    1490.05    6.63733 0.0000e+00
       2271     80.000     7.9554   3.562629     2.1260    -0.0101    81.6125 1.0000e-12    4.76791    34.3782    26.7924    1482.84    1489.60    6.64105 0.0000e+00
       2385     85.000     7.9296   3.572529     2.0990    -0.0101    81.6260 1.0000e-12    4.68981    34.5075    26.8978    1482.99    1489.21    6.63943 0.0000e+00
       2498     90.000     7.9370   3.588706     2.0742    -0.0101    81.6534 1.0000e-12    4.61330    34.6717    27.0257    1483.30    1488.88    6.63129 0.0000e+00
       2609     95.000     8.0025   3.605284     2.0459    -0.0101    81.6900 1.0000e-12    4.52173    34.7823    27.1028    1483.77    1488.61    6.61666 0.0000e+00
       2721    100.000     8.0850   3.620200     2.0159    -0.0101    81.8149 1.0000e-12    4.42457    34.8579    27.1498    1484.26    1488.39    6.60102 0.0000e+00
       2831    105.000     8.1695   3.633992     1.9932    -0.0101    81.9068 1.0000e-12    4.34968    34.9191    27.1850    1484.73    1488.21    6.58575 0.0000e+00
       2940    110.000     8.2136   3.641837     1.9737    -0.0101    81.9285 1.0000e-12    4.28900    34.9566    27.2078    1485.03    1488.07    6.57757 0.0000e+00
       3050    115.000     8.2166   3.644753     1.9617    -0.0101    81.9403 1.0000e-12    4.25534    34.9824    27.2276    1485.15    1487.94    6.57603 0.0000e+00
       3158    120.000     8.2053   3.645521     1.9592    -0.0101    81.9439 1.0000e-12    4.25153    34.9994    27.2427    1485.21    1487.83    6.57699 0.0000e+00
       3265    125.000     8.1938   3.645569     1.9551    -0.0101    81.9396 1.0000e-12    4.24328    35.0090    27.2519    1485.26    1487.72    6.57831 0.0000e+00
       3371    130.000     8.1737   3.644989     1.9511    -0.0101    81.9701 1.0000e-12    4.23580    35.0204    27.2639    1485.28    1487.63    6.58083 0.0000e+00
       3478    135.000     8.1855   3.647398     1.9456    -0.0101    81.9820 1.0000e-12    4.22098    35.0320    27.2712    1485.42    1487.55    6.57857 0.0000e+00
       3585    140.000     8.2117   3.651231     1.9299    -0.0101    81.9967 1.0000e-12    4.17399    35.0444    27.2770    1485.62    1487.48    6.57414 0.0000e+00
       3691    145.000     8.2417   3.655257     1.9039    -0.0101    81.9904 1.0000e-12    4.09647    35.0551    27.2808    1485.83    1487.42    6.56921 0.0000e+00
       3797    150.000     8.2502   3.656692     1.8768    -0.0101    81.9276 1.0000e-12    4.01752    35.0595    27.2829    1485.95    1487.37    6.56776 0.0000e+00
       3902    155.000     8.2552   3.657677     1.8629    -0.0101    81.8937 1.0000e-12    3.97840    35.0626    27.2846    1486.05    1487.33    6.56688 0.0000e+00
       4007    160.000     8.2572   3.658296     1.8531    -0.0101    81.8659 1.0000e-12    3.95153    35.0648    27.2860    1486.15    1487.29    6.56649 0.0000e+00
       4113    165.000     8.2579   3.658723     1.8486    -0.0101    81.8409 1.0000e-12    3.94078    35.0662    27.2871    1486.23    1487.26    6.56632 0.0000e+00
       4218    170.000     8.2592   3.659174     1.8453    -0.0101    81.8248 1.0000e-12    3.93349    35.0673    27.2877    1486.32    1487.23    6.56608 0.0000e+00
       4324    175.000     8.2607   3.659719     1.8433    -0.0101    81.8386 1.0000e-12    3.93008    35.0692    27.2890    1486.41    1487.21    6.56578 0.0000e+00
       4430    180.000     8.2595   3.659987     1.8422    -0.0101    81.8683 1.0000e-12    3.92946    35.0709    27.2905    1486.49    1487.19    6.56589 0.0000e+00
       4535    185.000     8.2556   3.660027     1.8444    -0.0101    81.9155 1.0000e-12    3.93888    35.0728    27.2926    1486.56    1487.17    6.56639 0.0000e+00
       4641    190.000     8.2482   3.659583     1.8486    -0.0101    81.9924 1.0000e-12    3.95472    35.0730    27.2939    1486.62    1487.16    6.56748 0.0000e+00
       4745    195.000     8.2314   3.658064     1.8530    -0.0101    82.0761 1.0000e-12    3.97227    35.0711    27.2950    1486.63    1487.15    6.57007 0.0000e+00
       4850    200.000     8.2256   3.657751     1.8611    -0.0101    82.0807 1.0000e-12    3.99989    35.0712    27.2959    1486.69    1487.13    6.57093 0.0000e+00
       4957    205.000     8.2239   3.657868     1.8646    -0.0101    82.1195 1.0000e-12    4.01323    35.0717    27.2966    1486.77    1487.13    6.57116 0.0000e+00
       5063    210.000     8.2212   3.657952     1.8662    -0.0101    82.1508 1.0000e-12    4.02090    35.0729    27.2979    1486.84    1487.12    6.57151 0.0000e+00
       5170    215.000     8.2193   3.658106     1.8689    -0.0101    82.1995 1.0000e-12    4.03189    35.0740    27.2991    1486.92    1487.11    6.57175 0.0000e+00
       5278    220.000     8.2218   3.658720     1.8723    -0.0101    82.2265 1.0000e-12    4.04448    35.0757    27.3000    1487.01    1487.11    6.57131 0.0000e+00
       5387    225.000     8.2238   3.659185     1.8729    -0.0101    82.2688 1.0000e-12    4.04898    35.0762    27.3001    1487.10    1487.11    6.57099 0.0000e+00
       5497    230.000     8.2267   3.659810     1.8730    -0.0101    82.2261 1.0000e-12    4.05150    35.0776    27.3008    1487.20    1487.11    6.57049 0.0000e+00
       5607    235.000     8.2323   3.660847     1.8746    -0.0101    82.3051 1.0000e-12    4.05858    35.0807    27.3023    1487.31    1487.12    6.56953 0.0000e+00
       5716    240.000     8.2440   3.662588     1.8760    -0.0101    82.3384 1.0000e-12    4.06415    35.0852    27.3041    1487.44    1487.12    6.56760 0.0000e+00
       5823    245.000     8.2510   3.663762     1.8755    -0.0101    82.3549 1.0000e-12    4.06463    35.0883    27.3055    1487.55    1487.13    6.56642 0.0000e+00
       5929    250.000     8.2536   3.664536     1.8765    -0.0101    82.3523 1.0000e-12    4.07016    35.0916    27.3076    1487.65    1487.14    6.56589 0.0000e+00
       6037    255.000     8.2595   3.665691     1.8792    -0.0101    82.3474 1.0000e-12    4.08023    35.0956    27.3099    1487.76    1487.15    6.56485 0.0000e+00
       6143    260.000     8.2602   3.666170     1.8830    -0.0101    82.3626 1.0000e-12    4.09446    35.0976    27.3114    1487.84    1487.17    6.56466 0.0000e+00
       6250    265.000     8.2610   3.666728     1.8847    -0.0101    82.3616 1.0000e-12    4.10214    35.1004    27.3134    1487.93    1487.18    6.56442 0.0000e+00
       6358    270.000     8.2613   3.667171     1.8863    -0.0101    82.3551 1.0000e-12    4.10983    35.1024    27.3149    1488.02    1487.20    6.56429 0.0000e+00
       6465    275.000     8.2611   3.667669     1.8876    -0.0101    82.3496 1.0000e-12    4.11628    35.1055    27.3174    1488.10    1487.21    6.56419 0.0000e+00
       6572    280.000     8.2597   3.668233     1.8896    -0.0101    82.3419 1.0000e-12    4.12508    35.1105    27.3216    1488.19    1487.23    6.56419 0.0000e+00
       6680    285.000     8.2587   3.668681     1.8933    -0.0101    82.3022 1.0000e-12    4.13908    35.1139    27.3244    1488.27    1487.25    6.56419 0.0000e+00
       6786    290.000     8.2576   3.669125     1.8955    -0.0101    82.2851 1.0000e-12    4.14863    35.1173    27.3272    1488.35    1487.27    6.56421 0.0000e+00
       6895    295.000     8.2570   3.669523     1.8979    -0.0101    82.2714 1.0000e-12    4.15870    35.1198    27.3292    1488.43    1487.29    6.56420 0.0000e+00
       7003    300.000     8.2566   3.669866     1.8979    -0.0101    82.2528 1.0000e-12    4.16156    35.1214    27.3306    1488.52    1487.31    6.56419 0.0000e+00
       7111    305.000     8.2569   3.670161     1.8945    -0.0101    82.2125 1.0000e-12    4.15402    35.1219    27.3309    1488.60    1487.33    6.56412 0.0000e+00
       7219    310.000     8.2569   3.670488     1.8926    -0.0101    82.2291 1.0000e-12    4.15082    35.1230    27.3318    1488.69    1487.35    6.56408 0.0000e+00
       7327    315.000     8.2565   3.670830     1.8921    -0.0101    82.2259 1.0000e-12    4.15214    35.1246    27.3331    1488.77    1487.37    6.56407 0.0000e+00
       7435    320.000     8.2562   3.671167     1.8914    -0.0101    82.1978 1.0000e-12    4.15292    35.1261    27.3343    1488.85    1487.40    6.56405 0.0000e+00
       7543    325.000     8.2568   3.671434     1.8907    -0.0101    82.1664 1.0000e-12    4.15366    35.1260    27.3341    1488.94    1487.42    6.56397 0.0000e+00
       7652    330.000     8.2572   3.671727     1.8901    -0.0101    82.1649 1.0000e-12    4.15451    35.1263    27.3343    1489.02    1487.45    6.56389 0.0000e+00
       7763    335.000     8.2576   3.672012     1.8900    -0.0101    82.1552 1.0000e-12    4.15702    35.1266    27.3345    1489.10    1487.47    6.56382 0.0000e+00
       7874    340.000     8.2579   3.672309     1.8892    -0.0101    82.1547 1.0000e-12    4.15720    35.1271    27.3348    1489.19    1487.50    6.56376 0.0000e+00
       7986    345.000     8.2581   3.672611     1.8885    -0.0101    82.1291 1.0000e-12    4.15773    35.1277    27.3353    1489.27    1487.52    6.56370 0.0000e+00
       8098    350.000     8.2582   3.672914     1.8857    -0.0101    82.0606 1.0000e-12    4.15222    35.1284    27.3358    1489.36    1487.55    6.56365 0.0000e+00
       8213    355.000     8.2587   3.673197     1.8838    -0.0101    81.9881 1.0000e-12    4.14904    35.1286    27.3359    1489.44    1487.57    6.56357 0.0000e+00
       8328    360.000     8.2592   3.673477     1.8824    -0.0101    81.9235 1.0000e-12    4.14736    35.1287    27.3359    1489.52    1487.60    6.56350 0.0000e+00
       8446    365.000     8.2596   3.673754     1.8799    -0.0101    81.8629 1.0000e-12    4.14262    35.1288    27.3359    1489.61    1487.63    6.56343 0.0000e+00
       8563    370.000     8.2601   3.674030     1.8797    -0.0101    81.8214 1.0000e-12    4.14482    35.1289    27.3359    1489.69    1487.66    6.56335 0.0000e+00
       8680    375.000     8.2606   3.674313     1.8797    -0.0101    81.8345 1.0000e-12    4.14739    35.1290    27.3359    1489.78    1487.68    6.56327 0.0000e+00
       8796    380.000     8.2611   3.674596     1.8787    -0.0101    81.8152 1.0000e-12    4.14717    35.1292    27.3360    1489.86    1487.71    6.56319 0.0000e+00
       8910    385.000     8.2616   3.674880     1.8776    -0.0101    81.7766 1.0000e-12    4.14644    35.1293    27.3360    1489.95    1487.74    6.56311 0.0000e+00
       9025    390.000     8.2620   3.675155     1.8765    -0.0101    81.7511 1.0000e-12    4.14588    35.1294    27.3361    1490.03    1487.77    6.56305 0.0000e+00
       9138    395.000     8.2625   3.675439     1.8746    -0.0101    81.7095 1.0000e-12    4.14292    35.1296    27.3361    1490.11    1487.80    6.56296 0.0000e+00
       9248    400.000     8.2630   3.675723     1.8752    -0.0101    81.6717 1.0000e-12    4.14742    35.1297    27.3361    1490.20    1487.83    6.56288 0.0000e+00
       9358    405.000     8.2635   3.675997     1.8748    -0.0101    81.6590 1.0000e-12    4.14887    35.1298    27.3361    1490.28    1487.86    6.56281 0.0000e+00
       9468    410.000     8.2640   3.676274     1.8731    -0.0101    81.6575 1.0000e-12    4.14658    35.1299    27.3361    1490.37    1487.89    6.56273 0.0000e+00
       9578    415.000     8.2645   3.676557     1.8724    -0.0101    81.6083 1.0000e-12    4.14696    35.1300    27.3361    1490.45    1487.92    6.56265 0.0000e+00
       9687    420.000     8.2650   3.676838     1.8729    -0.0101    81.5763 1.0000e-12    4.15142    35.1301    27.3361    1490.54    1487.95    6.56257 0.0000e+00
       9797    425.000     8.2656   3.677125     1.8713    -0.0101    81.5486 1.0000e-12    4.14907    35.1302    27.3361    1490.62    1487.98    6.56248 0.0000e+00
       9907    430.000     8.2661   3.677398     1.8676    -0.0101    81.4577 1.0000e-12    4.14039    35.1302    27.3361    1490.71    1488.02    6.56240 0.0000e+00
      10016    435.000     8.2667   3.677685     1.8680    -0.0101    81.4185 1.0000e-12    4.14442    35.1303    27.3360    1490.79    1488.05    6.56231 0.0000e+00
      10124    440.000     8.2673   3.677970     1.8656    -0.0101    81.3628 1.0000e-12    4.13968    35.1304    27.3360    1490.88    1488.08    6.56222 0.0000e+00
      10233    445.000     8.2678   3.678248     1.8628    -0.0101    81.2916 1.0000e-12    4.13374    35.1305    27.3360    1490.96    1488.11    6.56214 0.0000e+00
      10342    450.000     8.2685   3.678535     1.8606    -0.0101    81.2039 1.0000e-12    4.12984    35.1305    27.3359    1491.05    1488.14    6.56203 0.0000e+00
      10452    455.000     8.2689   3.678814     1.8562    -0.0101    81.0725 1.0000e-12    4.11879    35.1307    27.3360    1491.13    1488.18    6.56197 0.0000e+00
      10574    460.000     8.2694   3.679088     1.8560    -0.0101    81.0344 1.0000e-12    4.12111    35.1307    27.3359    1491.21    1488.21    6.56189 0.0000e+00
