_data/ctd/2011/Prt0993_2011.cnv
* Sea-Bird SBE 9 Data File:
* FileName = C:\Seabird\CTDData\sta0993.dat
* Software Version Seasave Win32 V 5.30a
* Temperature SN = 4535
* Conductivity SN = 0889
* Number of Bytes Per Scan = 35
* Number of Voltage Words = 4
* Number of Scans Averaged by the Deck Unit = 1
* NMEA Latitude = 60 52.15 N
* NMEA Longitude = 005 21.72 E
* NMEA UTC (Time) = 14:38:09
** Ship: 01 F/F "H. Mosby" 
** Station: 993
** Echodepth: 412
** Log: 1045.470
** Wind-Dir/Force: 24 08
** Air-Temp (dry): 11.5
** Weather Sky: 1 3
** Sea Ice: 1 0
** UNIS station: 
# nquan = 15                                
# nvalues = 81                          
# units = specified
# name 0 = scan: Scan Count
# name 1 = prDM: Pressure, Digiquartz [db]
# name 2 = t068C: Temperature [ITS-68, deg C]
# name 3 = c0S/m: Conductivity [S/m]
# name 4 = sbeox0V: Oxygen Voltage, SBE 43
# name 5 = flC: Fluorescence, Chelsea Aqua 3 Chl Con [ug/l]
# name 6 = xmiss: Beam Transmission, Chelsea/Seatech/Wetlab CStar [%]
# name 7 = par: PAR/Irradiance, Biospherical/Licor
# name 8 = sbeox0ML/L: Oxygen, SBE 43 [ml/l], WS = 2
# name 9 = sal00: Salinity [PSU]
# name 10 = sigma-t00: Density [sigma-t, Kg/m^3 ]
# name 11 = svCM: Sound Velocity [Chen-Millero, m/s]
# name 12 = avgsvCM: Average Sound Velocity [Chen-Millero, m/s], minP = 0, minS = 0
# name 13 = oxsatML/L: Oxygen Saturation [ml/l]
# name 14 = flag: flag
# span 0 =        300,       8923       
# span 1 =      5.000,    405.000       
# span 2 =     7.9323,    13.6538       
# span 3 =   3.448465,   3.737069       
# span 4 =     1.8498,     2.3937       
# span 5 =    -0.0101,    -0.0101       
# span 6 =    74.5776,    82.2370       
# span 7 = 1.0000e-12, 6.2115e+00       
# span 8 =    3.95270,    5.03152       
# span 9 =    28.4759,    35.1293       
# span 10 =    21.2384,    27.3359      
# span 11 =    1483.21,    1497.30      
# span 12 =    1486.41,    1495.87      
# span 13 =    6.00819,    6.63345      
# span 14 = 0.0000e+00, 0.0000e+00      
# interval = decibars: 5                
# start_time = Oct 14 2011 14:38:14
# bad_flag = -9.990e-29
*END*
        300      5.000    13.5604   3.448465     2.3937    -0.0101    74.5776 6.2115e+00    5.03152    28.4759    21.2384    1494.43    1494.43    6.09871 0.0000e+00
        399     10.000    13.6538   3.685335     2.3791    -0.0101    78.5945 1.7227e+00    4.92074    30.5782    22.8427    1497.30    1495.87    6.00819 0.0000e+00
        500     15.000    12.8872   3.711015     2.3462    -0.0101    80.4886 7.4982e-01    4.89235    31.4400    23.6589    1495.84    1495.86    6.07271 0.0000e+00
        610     20.000    12.5328   3.737069     2.3346    -0.0101    81.2830 4.0241e-01    4.88641    31.9826    24.1470    1495.36    1495.73    6.09760 0.0000e+00
        726     25.000    11.1161   3.641988     2.2977    -0.0101    81.5128 2.2525e-01    4.93582    32.2831    24.6405    1490.91    1494.76    6.27342 0.0000e+00
        845     30.000     9.8566   3.593463     2.2786    -0.0101    81.5435 1.1503e-01    5.00753    32.9221    25.3539    1487.27    1493.51    6.42278 0.0000e+00
        966     35.000     9.7859   3.621284     2.2648    -0.0101    81.5126 5.0396e-02    4.96874    33.2687    25.6362    1487.52    1492.65    6.41867 0.0000e+00
       1077     40.000     9.3487   3.602195     2.2346    -0.0101    81.4884 1.1747e-02    4.92902    33.4769    25.8703    1486.26    1491.85    6.47275 0.0000e+00
       1185     45.000     8.9867   3.583753     2.2169    -0.0101    81.4691 1.6384e-06    4.91803    33.6237    26.0429    1485.19    1491.11    6.51928 0.0000e+00
       1291     50.000     8.7578   3.580581     2.2027    -0.0101    81.4714 2.7369e-09    4.90058    33.8057    26.2213    1484.65    1490.46    6.54529 0.0000e+00
       1397     55.000     8.5806   3.580435     2.1869    -0.0101    81.4819 1.0000e-12    4.87299    33.9716    26.3788    1484.28    1489.89    6.56453 0.0000e+00
       1503     60.000     8.5942   3.594059     2.1784    -0.0101    81.4534 1.0000e-12    4.84576    34.0999    26.4773    1484.57    1489.45    6.55711 0.0000e+00
       1610     65.000     8.4332   3.588550     2.1667    -0.0101    81.4047 1.0000e-12    4.83000    34.1951    26.5767    1484.17    1489.04    6.57701 0.0000e+00
       1719     70.000     8.2762   3.583859     2.1541    -0.0101    81.3904 1.0000e-12    4.81081    34.2957    26.6795    1483.78    1488.66    6.59621 0.0000e+00
       1830     75.000     8.1406   3.580236     2.1380    -0.0101    81.3825 1.0000e-12    4.77913    34.3873    26.7719    1483.47    1488.32    6.61268 0.0000e+00
       1942     80.000     8.0330   3.579753     2.1220    -0.0101    81.3715 1.0000e-12    4.74390    34.4855    26.8651    1483.27    1488.00    6.62472 0.0000e+00
       2052     85.000     7.9591   3.583713     2.1019    -0.0101    81.3834 1.0000e-12    4.69218    34.5985    26.9649    1483.21    1487.72    6.63107 0.0000e+00
       2162     90.000     7.9323   3.585123     2.0794    -0.0101    81.4213 1.0000e-12    4.63003    34.6378    26.9998    1483.24    1487.47    6.63345 0.0000e+00
       2270     95.000     7.9380   3.592465     2.0605    -0.0101    81.4550 1.0000e-12    4.57414    34.7087    27.0546    1483.43    1487.26    6.62955 0.0000e+00
       2378    100.000     7.9692   3.602343     2.0413    -0.0101    81.5179 1.0000e-12    4.51451    34.7814    27.1071    1483.72    1487.08    6.62173 0.0000e+00
       2484    105.000     8.0440   3.615463     2.0252    -0.0101    81.5304 1.0000e-12    4.45971    34.8454    27.1462    1484.17    1486.94    6.60772 0.0000e+00
       2589    110.000     8.1448   3.631805     2.0019    -0.0101    81.6406 1.0000e-12    4.38090    34.9178    27.1878    1484.72    1486.84    6.58950 0.0000e+00
       2694    115.000     8.1949   3.642274     1.9780    -0.0101    81.7812 1.0000e-12    4.30610    34.9775    27.2270    1485.06    1486.76    6.57948 0.0000e+00
       2798    120.000     8.1662   3.641528     1.9664    -0.0101    81.8580 1.0000e-12    4.27691    34.9957    27.2457    1485.06    1486.69    6.58300 0.0000e+00
       2901    125.000     8.1586   3.642004     1.9649    -0.0101    81.8720 1.0000e-12    4.27605    35.0060    27.2549    1485.13    1486.63    6.58370 0.0000e+00
       3004    130.000     8.1697   3.644593     1.9583    -0.0101    81.8829 1.0000e-12    4.25756    35.0202    27.2644    1485.27    1486.58    6.58144 0.0000e+00
       3108    135.000     8.1751   3.645995     1.9450    -0.0101    81.8926 1.0000e-12    4.22016    35.0274    27.2692    1485.38    1486.53    6.58033 0.0000e+00
       3210    140.000     8.1980   3.649459     1.9340    -0.0101    81.9003 1.0000e-12    4.18786    35.0391    27.2749    1485.56    1486.50    6.57640 0.0000e+00
       3312    145.000     8.2108   3.651469     1.9147    -0.0101    81.9117 1.0000e-12    4.13170    35.0454    27.2779    1485.70    1486.47    6.57423 0.0000e+00
       3415    150.000     8.2225   3.653264     1.8995    -0.0101    81.9168 1.0000e-12    4.08812    35.0505    27.2801    1485.83    1486.45    6.57227 0.0000e+00
       3518    155.000     8.2410   3.655835     1.8858    -0.0101    81.9079 1.0000e-12    4.04800    35.0571    27.2825    1485.99    1486.43    6.56923 0.0000e+00
       3620    160.000     8.2472   3.657035     1.8706    -0.0101    81.8866 1.0000e-12    4.00472    35.0613    27.2848    1486.10    1486.42    6.56813 0.0000e+00
       3721    165.000     8.2547   3.658304     1.8617    -0.0101    81.8739 1.0000e-12    3.98010    35.0650    27.2866    1486.22    1486.42    6.56686 0.0000e+00
       3825    170.000     8.2545   3.658730     1.8555    -0.0101    81.8875 1.0000e-12    3.96417    35.0673    27.2884    1486.30    1486.41    6.56679 0.0000e+00
       3928    175.000     8.2540   3.659127     1.8519    -0.0101    81.8862 1.0000e-12    3.95611    35.0696    27.2903    1486.39    1486.41    6.56676 0.0000e+00
       4030    180.000     8.2531   3.659396     1.8498    -0.0101    81.9010 1.0000e-12    3.95270    35.0710    27.2915    1486.47    1486.41    6.56684 0.0000e+00
       4132    185.000     8.2401   3.658361     1.8515    -0.0101    81.9613 1.0000e-12    3.96160    35.0705    27.2931    1486.50    1486.42    6.56880 0.0000e+00
       4233    190.000     8.2281   3.657414     1.8571    -0.0101    81.9961 1.0000e-12    3.98225    35.0699    27.2945    1486.54    1486.42    6.57061 0.0000e+00
       4335    195.000     8.2192   3.656845     1.8633    -0.0101    82.0202 1.0000e-12    4.00440    35.0703    27.2962    1486.59    1486.42    6.57192 0.0000e+00
       4437    200.000     8.2132   3.656530     1.8681    -0.0101    82.0244 1.0000e-12    4.02198    35.0705    27.2972    1486.65    1486.43    6.57281 0.0000e+00
       4540    205.000     8.2090   3.656390     1.8727    -0.0101    82.0055 1.0000e-12    4.03878    35.0708    27.2981    1486.71    1486.44    6.57342 0.0000e+00
       4643    210.000     8.2104   3.656837     1.8749    -0.0101    82.0462 1.0000e-12    4.04819    35.0717    27.2987    1486.80    1486.44    6.57317 0.0000e+00
       4746    215.000     8.2137   3.657526     1.8771    -0.0101    82.0626 1.0000e-12    4.05700    35.0734    27.2994    1486.90    1486.46    6.57261 0.0000e+00
       4850    220.000     8.2168   3.658186     1.8759    -0.0101    82.1053 1.0000e-12    4.05586    35.0749    27.3002    1486.99    1486.47    6.57208 0.0000e+00
       4956    225.000     8.2228   3.659266     1.8769    -0.0101    82.1370 1.0000e-12    4.06082    35.0781    27.3017    1487.10    1486.48    6.57106 0.0000e+00
       5062    230.000     8.2265   3.659976     1.8782    -0.0101    82.1627 1.0000e-12    4.06727    35.0796    27.3023    1487.20    1486.50    6.57044 0.0000e+00
       5169    235.000     8.2341   3.661229     1.8789    -0.0101    82.1948 1.0000e-12    4.07125    35.0830    27.3038    1487.32    1486.51    6.56916 0.0000e+00
       5274    240.000     8.2436   3.662791     1.8786    -0.0101    82.2207 1.0000e-12    4.07211    35.0877    27.3061    1487.44    1486.53    6.56755 0.0000e+00
       5378    245.000     8.2517   3.664270     1.8795    -0.0101    82.2256 1.0000e-12    4.07645    35.0930    27.3091    1487.56    1486.55    6.56612 0.0000e+00
       5481    250.000     8.2544   3.665040     1.8822    -0.0101    82.2370 1.0000e-12    4.08714    35.0962    27.3111    1487.65    1486.58    6.56558 0.0000e+00
       5584    255.000     8.2568   3.665769     1.8833    -0.0101    82.2290 1.0000e-12    4.09295    35.0991    27.3131    1487.75    1486.60    6.56510 0.0000e+00
       5687    260.000     8.2579   3.666298     1.8858    -0.0101    82.2256 1.0000e-12    4.10315    35.1013    27.3146    1487.84    1486.62    6.56484 0.0000e+00
       5790    265.000     8.2588   3.666810     1.8875    -0.0101    82.2268 1.0000e-12    4.11071    35.1034    27.3161    1487.93    1486.65    6.56462 0.0000e+00
       5894    270.000     8.2584   3.667178     1.8884    -0.0101    82.2179 1.0000e-12    4.11615    35.1054    27.3177    1488.01    1486.67    6.56460 0.0000e+00
       5997    275.000     8.2579   3.667716     1.8875    -0.0101    82.1772 1.0000e-12    4.11628    35.1092    27.3208    1488.10    1486.70    6.56451 0.0000e+00
       6102    280.000     8.2582   3.668191     1.8866    -0.0101    82.1929 1.0000e-12    4.11626    35.1116    27.3226    1488.18    1486.73    6.56437 0.0000e+00
       6206    285.000     8.2576   3.668663     1.8859    -0.0101    82.1945 1.0000e-12    4.11681    35.1148    27.3252    1488.27    1486.75    6.56432 0.0000e+00
       6310    290.000     8.2570   3.669063     1.8853    -0.0101    82.1925 1.0000e-12    4.11775    35.1173    27.3273    1488.35    1486.78    6.56430 0.0000e+00
       6415    295.000     8.2565   3.669422     1.8847    -0.0101    82.1780 1.0000e-12    4.11879    35.1192    27.3289    1488.43    1486.81    6.56430 0.0000e+00
       6518    300.000     8.2561   3.669764     1.8827    -0.0101    82.1633 1.0000e-12    4.11534    35.1209    27.3302    1488.51    1486.84    6.56429 0.0000e+00
       6622    305.000     8.2556   3.670128     1.8763    -0.0101    82.1112 1.0000e-12    4.09879    35.1228    27.3318    1488.60    1486.87    6.56428 0.0000e+00
       6727    310.000     8.2559   3.670441     1.8685    -0.0101    81.9951 1.0000e-12    4.07771    35.1235    27.3323    1488.68    1486.89    6.56421 0.0000e+00
       6831    315.000     8.2559   3.670796     1.8640    -0.0101    81.8949 1.0000e-12    4.06687    35.1249    27.3334    1488.77    1486.92    6.56415 0.0000e+00
       6936    320.000     8.2559   3.671142     1.8631    -0.0101    81.8279 1.0000e-12    4.06677    35.1262    27.3344    1488.85    1486.95    6.56409 0.0000e+00
       7041    325.000     8.2561   3.671459     1.8612    -0.0101    81.7325 1.0000e-12    4.06376    35.1270    27.3350    1488.93    1486.98    6.56403 0.0000e+00
       7145    330.000     8.2564   3.671767     1.8597    -0.0101    81.6258 1.0000e-12    4.06184    35.1275    27.3354    1489.02    1487.02    6.56396 0.0000e+00
       7252    335.000     8.2569   3.672063     1.8578    -0.0101    81.5325 1.0000e-12    4.05874    35.1278    27.3356    1489.10    1487.05    6.56387 0.0000e+00
       7359    340.000     8.2573   3.672348     1.8589    -0.0101    81.5066 1.0000e-12    4.06473    35.1281    27.3357    1489.19    1487.08    6.56380 0.0000e+00
       7468    345.000     8.2577   3.672622     1.8614    -0.0101    81.3904 1.0000e-12    4.07509    35.1282    27.3357    1489.27    1487.11    6.56374 0.0000e+00
       7576    350.000     8.2582   3.672900     1.8631    -0.0101    81.5481 1.0000e-12    4.08318    35.1283    27.3357    1489.36    1487.14    6.56366 0.0000e+00
       7686    355.000     8.2587   3.673181     1.8617    -0.0101    81.5277 1.0000e-12    4.08153    35.1284    27.3357    1489.44    1487.17    6.56358 0.0000e+00
       7798    360.000     8.2592   3.673469     1.8597    -0.0101    81.4434 1.0000e-12    4.07805    35.1286    27.3358    1489.52    1487.21    6.56350 0.0000e+00
       7911    365.000     8.2596   3.673744     1.8595    -0.0101    81.4206 1.0000e-12    4.08020    35.1287    27.3359    1489.61    1487.24    6.56343 0.0000e+00
       8025    370.000     8.2601   3.674021     1.8592    -0.0101    81.3873 1.0000e-12    4.08199    35.1288    27.3358    1489.69    1487.27    6.56336 0.0000e+00
       8138    375.000     8.2606   3.674305     1.8591    -0.0101    81.3741 1.0000e-12    4.08433    35.1289    27.3359    1489.78    1487.31    6.56328 0.0000e+00
       8250    380.000     8.2612   3.674586     1.8589    -0.0101    81.3447 1.0000e-12    4.08644    35.1289    27.3358    1489.86    1487.34    6.56319 0.0000e+00
       8362    385.000     8.2617   3.674866     1.8590    -0.0101    81.2783 1.0000e-12    4.08944    35.1290    27.3358    1489.95    1487.37    6.56311 0.0000e+00
       8473    390.000     8.2621   3.675140     1.8591    -0.0101    81.2671 1.0000e-12    4.09263    35.1292    27.3358    1490.03    1487.41    6.56304 0.0000e+00
       8580    395.000     8.2627   3.675419     1.8602    -0.0101    81.2497 1.0000e-12    4.09869    35.1292    27.3357    1490.12    1487.44    6.56295 0.0000e+00
       8695    400.000     8.2631   3.675681     1.8627    -0.0101    81.2853 1.0000e-12    4.10886    35.1292    27.3357    1490.20    1487.48    6.56289 0.0000e+00
       8923    405.000     8.2634   3.675944     1.8703    -0.0101    81.3915 1.0000e-12    4.13502    35.1293    27.3357    1490.28    1487.51    6.56284 0.0000e+00
