_data/ctd/2011/Prt0991_2011.cnv
* Sea-Bird SBE 9 Data File:
* FileName = C:\Seabird\CTDData\sta0991.dat
* Software Version Seasave Win32 V 5.30a
* Temperature SN = 4535
* Conductivity SN = 0889
* Number of Bytes Per Scan = 35
* Number of Voltage Words = 4
* Number of Scans Averaged by the Deck Unit = 1
* NMEA Latitude = 60 52.36 N
* NMEA Longitude = 005 24.09 E
* NMEA UTC (Time) = 10:12:33
** Ship: 01 F/F "H. Mosby" 
** Station: 991
** Echodepth: 475
** Log: 995.020
** Wind-Dir/Force: 13 02
** Air-Temp (dry): 5.0
** Weather Sky: 1 3
** Sea Ice: 1 0
** UNIS station: 
# nquan = 15                                
# nvalues = 93                          
# units = specified
# name 0 = scan: Scan Count
# name 1 = prDM: Pressure, Digiquartz [db]
# name 2 = t068C: Temperature [ITS-68, deg C]
# name 3 = c0S/m: Conductivity [S/m]
# name 4 = sbeox0V: Oxygen Voltage, SBE 43
# name 5 = flC: Fluorescence, Chelsea Aqua 3 Chl Con [ug/l]
# name 6 = xmiss: Beam Transmission, Chelsea/Seatech/Wetlab CStar [%]
# name 7 = par: PAR/Irradiance, Biospherical/Licor
# name 8 = sbeox0ML/L: Oxygen, SBE 43 [ml/l], WS = 2
# name 9 = sal00: Salinity [PSU]
# name 10 = sigma-t00: Density [sigma-t, Kg/m^3 ]
# name 11 = svCM: Sound Velocity [Chen-Millero, m/s]
# name 12 = avgsvCM: Average Sound Velocity [Chen-Millero, m/s], minP = 0, minS = 0
# name 13 = oxsatML/L: Oxygen Saturation [ml/l]
# name 14 = flag: flag
# span 0 =        305,      18522       
# span 1 =      5.000,    465.000       
# span 2 =     7.9283,    13.8009       
# span 3 =   3.560273,   3.708041       
# span 4 =     1.8396,     2.3989       
# span 5 =    -0.0101,    -0.0101       
# span 6 =    79.3658,    81.8999       
# span 7 = -2.755e-06, 7.7387e+01       
# span 8 =    3.92057,    5.07385       
# span 9 =    29.3370,    35.1303       
# span 10 =    21.8557,    27.3358      
# span 11 =    1483.03,    1497.29      
# span 12 =    1486.62,    1496.77      
# span 13 =    6.00816,    6.63672      
# span 14 = 0.0000e+00, 0.0000e+00      
# interval = decibars: 5                
# start_time = Oct 13 2011 10:12:39
# bad_flag = -9.990e-29
*END*
        305      5.000    13.8009   3.562448     2.3989    -0.0101    79.3778 7.7387e+01    4.99244    29.3370    21.8557    1496.25    1496.25    6.03598 0.0000e+00
        496     10.000    13.6733   3.680003     2.3811    -0.0101    80.6389 2.4609e+01    4.92599    30.5135    22.7889    1497.29    1496.77    6.00816 0.0000e+00
        810     15.000    13.1221   3.698663     2.3648    -0.0101    81.2660 9.4897e+00    4.92647    31.1302    23.3738    1496.26    1496.60    6.05449 0.0000e+00
       1042     20.000    12.6537   3.708041     2.3516    -0.0101    81.3068 4.3362e+00    4.93062    31.6048    23.8313    1495.32    1496.28    6.09639 0.0000e+00
       1261     25.000    12.0376   3.693034     2.3350    -0.0101    81.2741 2.1391e+00    4.94468    31.9815    24.2392    1493.75    1495.77    6.16208 0.0000e+00
       1495     30.000    10.2709   3.569394     2.3117    -0.0101    81.2457 1.0720e+00    5.07385    32.3050    24.8034    1488.01    1494.47    6.38933 0.0000e+00
       1723     35.000     9.8545   3.598626     2.2952    -0.0101    81.1886 5.7458e-01    5.05710    32.9744    25.3951    1487.41    1493.46    6.42094 0.0000e+00
       1912     40.000     9.5083   3.596649     2.2481    -0.0101    81.1328 3.3393e-01    4.95587    33.2709    25.6835    1486.59    1492.60    6.45825 0.0000e+00
       2093     45.000     9.2989   3.598520     2.2304    -0.0101    81.1437 1.9606e-01    4.92572    33.4832    25.8833    1486.17    1491.88    6.47968 0.0000e+00
       2273     50.000     8.7500   3.560273     2.2101    -0.0101    81.1339 9.2595e-02    4.92984    33.5999    26.0613    1484.37    1491.13    6.55508 0.0000e+00
       2508     55.000     8.5873   3.563956     2.1943    -0.0101    81.1552 2.6643e-02    4.89940    33.7913    26.2364    1484.08    1490.48    6.57113 0.0000e+00
       2755     60.000     8.6080   3.577673     2.1846    -0.0101    81.0976 1.4591e-03    4.86819    33.9138    26.3292    1484.39    1489.97    6.56290 0.0000e+00
       2951     65.000     8.4518   3.578259     2.1710    -0.0101    81.0890 -2.755e-06    4.84449    34.0681    26.4742    1484.08    1489.52    6.57961 0.0000e+00
       3134     70.000     8.2451   3.575041     2.1500    -0.0101    81.0840 1.0000e-12    4.80422    34.2321    26.6343    1483.59    1489.09    6.60357 0.0000e+00
       3316     75.000     8.1019   3.571586     2.1301    -0.0101    81.0537 1.0000e-12    4.76181    34.3328    26.7349    1483.26    1488.70    6.62083 0.0000e+00
       3501     80.000     7.9909   3.569819     2.1113    -0.0101    81.0525 1.0000e-12    4.71884    34.4204    26.8203    1483.03    1488.35    6.63387 0.0000e+00
       3685     85.000     7.9283   3.578724     2.0813    -0.0101    81.1026 1.0000e-12    4.63512    34.5754    26.9513    1483.07    1488.04    6.63672 0.0000e+00
       3866     90.000     7.9300   3.586741     2.0548    -0.0101    81.1696 1.0000e-12    4.55663    34.6575    27.0156    1483.26    1487.77    6.63295 0.0000e+00
       4045     95.000     7.9614   3.596794     2.0369    -0.0101    81.2267 1.0000e-12    4.50072    34.7320    27.0694    1483.55    1487.55    6.62502 0.0000e+00
       4222    100.000     8.0479   3.613986     2.0151    -0.0101    81.3146 1.0000e-12    4.42697    34.8282    27.1320    1484.08    1487.37    6.60787 0.0000e+00
       4398    105.000     8.1334   3.627964     1.9898    -0.0101    81.4272 1.0000e-12    4.34391    34.8905    27.1680    1484.56    1487.24    6.59237 0.0000e+00
       4573    110.000     8.1921   3.638140     1.9719    -0.0101    81.4836 1.0000e-12    4.28649    34.9385    27.1968    1484.92    1487.13    6.58155 0.0000e+00
       4746    115.000     8.2216   3.644532     1.9577    -0.0101    81.5018 1.0000e-12    4.24325    34.9751    27.2210    1485.16    1487.05    6.57559 0.0000e+00
       4918    120.000     8.2016   3.644523     1.9545    -0.0101    81.5216 1.0000e-12    4.23831    34.9925    27.2377    1485.19    1486.97    6.57784 0.0000e+00
       5089    125.000     8.1943   3.645241     1.9557    -0.0101    81.5445 1.0000e-12    4.24501    35.0050    27.2487    1485.26    1486.90    6.57840 0.0000e+00
       5259    130.000     8.1917   3.646098     1.9508    -0.0101    81.5516 1.0000e-12    4.23325    35.0143    27.2564    1485.34    1486.84    6.57840 0.0000e+00
       5427    135.000     8.2044   3.649078     1.9388    -0.0101    81.5673 1.0000e-12    4.19868    35.0311    27.2677    1485.49    1486.79    6.57579 0.0000e+00
       5594    140.000     8.2254   3.652625     1.9058    -0.0101    81.5548 1.0000e-12    4.10117    35.0456    27.2759    1485.67    1486.75    6.57204 0.0000e+00
       5758    145.000     8.2374   3.654585     1.8875    -0.0101    81.5293 1.0000e-12    4.04820    35.0522    27.2792    1485.81    1486.72    6.56997 0.0000e+00
       5925    150.000     8.2509   3.656639     1.8659    -0.0101    81.5039 1.0000e-12    3.98500    35.0582    27.2818    1485.95    1486.69    6.56771 0.0000e+00
       6091    155.000     8.2539   3.657339     1.8560    -0.0101    81.4521 1.0000e-12    3.95815    35.0603    27.2830    1486.04    1486.67    6.56717 0.0000e+00
       6258    160.000     8.2573   3.658174     1.8496    -0.0101    81.4252 1.0000e-12    3.94124    35.0634    27.2849    1486.14    1486.66    6.56653 0.0000e+00
       6427    165.000     8.2578   3.658630     1.8444    -0.0101    81.4202 1.0000e-12    3.92825    35.0653    27.2864    1486.23    1486.64    6.56638 0.0000e+00
       6619    170.000     8.2595   3.659190     1.8422    -0.0101    81.4116 1.0000e-12    3.92425    35.0672    27.2876    1486.32    1486.63    6.56605 0.0000e+00
       6802    175.000     8.2612   3.659759     1.8402    -0.0101    81.4332 1.0000e-12    3.92057    35.0692    27.2889    1486.41    1486.63    6.56571 0.0000e+00
       6959    180.000     8.2604   3.660127     1.8396    -0.0101    81.4532 1.0000e-12    3.92157    35.0715    27.2908    1486.49    1486.62    6.56573 0.0000e+00
       7113    185.000     8.2541   3.659873     1.8436    -0.0101    81.4898 1.0000e-12    3.93670    35.0726    27.2927    1486.55    1486.62    6.56662 0.0000e+00
       7274    190.000     8.2399   3.658691     1.8496    -0.0101    81.5702 1.0000e-12    3.95859    35.0718    27.2942    1486.58    1486.62    6.56877 0.0000e+00
       7456    195.000     8.2263   3.657555     1.8592    -0.0101    81.6700 1.0000e-12    3.99141    35.0708    27.2955    1486.61    1486.62    6.57084 0.0000e+00
       7656    200.000     8.2214   3.657351     1.8660    -0.0101    81.6824 1.0000e-12    4.01491    35.0711    27.2965    1486.68    1486.62    6.57156 0.0000e+00
       7850    205.000     8.2167   3.657219     1.8692    -0.0101    81.7159 1.0000e-12    4.02751    35.0720    27.2979    1486.74    1486.62    6.57222 0.0000e+00
       8046    210.000     8.2149   3.657340     1.8727    -0.0101    81.7522 1.0000e-12    4.04114    35.0726    27.2987    1486.82    1486.63    6.57246 0.0000e+00
       8241    215.000     8.2160   3.657786     1.8736    -0.0101    81.7675 1.0000e-12    4.04622    35.0739    27.2995    1486.91    1486.64    6.57225 0.0000e+00
       8438    220.000     8.2193   3.658503     1.8749    -0.0101    81.7926 1.0000e-12    4.05261    35.0758    27.3005    1487.00    1486.64    6.57167 0.0000e+00
       8639    225.000     8.2231   3.659225     1.8754    -0.0101    81.8102 1.0000e-12    4.05636    35.0773    27.3011    1487.10    1486.65    6.57104 0.0000e+00
       8841    230.000     8.2290   3.660169     1.8751    -0.0101    81.8378 1.0000e-12    4.05757    35.0791    27.3016    1487.21    1486.67    6.57009 0.0000e+00
       9046    235.000     8.2358   3.661278     1.8752    -0.0101    81.8634 1.0000e-12    4.05994    35.0818    27.3026    1487.32    1486.68    6.56896 0.0000e+00
       9248    240.000     8.2396   3.662042     1.8749    -0.0101    81.8820 1.0000e-12    4.06148    35.0837    27.3036    1487.42    1486.70    6.56831 0.0000e+00
       9448    245.000     8.2499   3.663653     1.8758    -0.0101    81.8888 1.0000e-12    4.06579    35.0883    27.3056    1487.55    1486.71    6.56659 0.0000e+00
       9647    250.000     8.2559   3.664805     1.8739    -0.0101    81.8984 1.0000e-12    4.06211    35.0922    27.3077    1487.66    1486.73    6.56553 0.0000e+00
       9846    255.000     8.2583   3.665577     1.8722    -0.0101    81.8939 1.0000e-12    4.05921    35.0956    27.3100    1487.75    1486.75    6.56503 0.0000e+00
      10044    260.000     8.2605   3.666361     1.8738    -0.0101    81.8999 1.0000e-12    4.06653    35.0994    27.3127    1487.85    1486.77    6.56454 0.0000e+00
      10245    265.000     8.2607   3.666954     1.8765    -0.0101    81.8863 1.0000e-12    4.07723    35.1031    27.3156    1487.93    1486.79    6.56435 0.0000e+00
      10445    270.000     8.2600   3.667397     1.8776    -0.0101    81.8873 1.0000e-12    4.08345    35.1061    27.3180    1488.02    1486.82    6.56433 0.0000e+00
      10646    275.000     8.2596   3.667840     1.8797    -0.0101    81.8714 1.0000e-12    4.09242    35.1088    27.3202    1488.10    1486.84    6.56427 0.0000e+00
      10849    280.000     8.2597   3.668164     1.8808    -0.0101    81.8478 1.0000e-12    4.09869    35.1098    27.3210    1488.19    1486.86    6.56422 0.0000e+00
      11053    285.000     8.2594   3.668531     1.8823    -0.0101    81.8403 1.0000e-12    4.10590    35.1116    27.3224    1488.27    1486.89    6.56419 0.0000e+00
      11257    290.000     8.2579   3.669038     1.8867    -0.0101    81.8297 1.0000e-12    4.12213    35.1161    27.3262    1488.35    1486.91    6.56422 0.0000e+00
      11459    295.000     8.2566   3.669495     1.8923    -0.0101    81.8245 1.0000e-12    4.14185    35.1199    27.3294    1488.43    1486.94    6.56425 0.0000e+00
      11660    300.000     8.2561   3.669851     1.8942    -0.0101    81.8054 1.0000e-12    4.15044    35.1218    27.3309    1488.52    1486.97    6.56425 0.0000e+00
      11862    305.000     8.2558   3.670193     1.8946    -0.0101    81.7894 1.0000e-12    4.15445    35.1233    27.3322    1488.60    1486.99    6.56423 0.0000e+00
      12066    310.000     8.2559   3.670502     1.8938    -0.0101    81.7603 1.0000e-12    4.15482    35.1241    27.3328    1488.68    1487.02    6.56418 0.0000e+00
      12271    315.000     8.2562   3.670793     1.8930    -0.0101    81.7064 1.0000e-12    4.15503    35.1245    27.3331    1488.77    1487.05    6.56412 0.0000e+00
      12476    320.000     8.2565   3.671097     1.8938    -0.0101    81.7248 1.0000e-12    4.16033    35.1251    27.3335    1488.85    1487.08    6.56405 0.0000e+00
      12682    325.000     8.2566   3.671410     1.8935    -0.0101    81.7279 1.0000e-12    4.16221    35.1259    27.3341    1488.93    1487.10    6.56400 0.0000e+00
      12889    330.000     8.2568   3.671713     1.8926    -0.0101    81.7193 1.0000e-12    4.16218    35.1266    27.3346    1489.02    1487.13    6.56394 0.0000e+00
      13098    335.000     8.2571   3.672007     1.8913    -0.0101    81.6793 1.0000e-12    4.16083    35.1270    27.3349    1489.10    1487.16    6.56388 0.0000e+00
      13308    340.000     8.2574   3.672290     1.8893    -0.0101    81.6574 1.0000e-12    4.15760    35.1273    27.3351    1489.19    1487.19    6.56382 0.0000e+00
      13520    345.000     8.2577   3.672577     1.8857    -0.0101    81.5882 1.0000e-12    4.14939    35.1277    27.3354    1489.27    1487.22    6.56376 0.0000e+00
      13734    350.000     8.2582   3.672858     1.8838    -0.0101    81.5216 1.0000e-12    4.14639    35.1278    27.3354    1489.36    1487.25    6.56368 0.0000e+00
      13949    355.000     8.2587   3.673142     1.8826    -0.0101    81.4618 1.0000e-12    4.14548    35.1280    27.3354    1489.44    1487.28    6.56360 0.0000e+00
      14168    360.000     8.2591   3.673419     1.8794    -0.0101    81.3880 1.0000e-12    4.13847    35.1281    27.3355    1489.52    1487.31    6.56353 0.0000e+00
      14391    365.000     8.2595   3.673707     1.8786    -0.0101    81.3719 1.0000e-12    4.13863    35.1284    27.3356    1489.61    1487.35    6.56346 0.0000e+00
      14615    370.000     8.2599   3.673992     1.8794    -0.0101    81.3762 1.0000e-12    4.14401    35.1287    27.3358    1489.69    1487.38    6.56339 0.0000e+00
      14834    375.000     8.2604   3.674268     1.8798    -0.0101    81.4084 1.0000e-12    4.14784    35.1287    27.3357    1489.78    1487.41    6.56331 0.0000e+00
      15052    380.000     8.2609   3.674551     1.8797    -0.0101    81.3922 1.0000e-12    4.15014    35.1289    27.3358    1489.86    1487.44    6.56323 0.0000e+00
      15269    385.000     8.2614   3.674829     1.8790    -0.0101    81.3718 1.0000e-12    4.15100    35.1290    27.3358    1489.95    1487.47    6.56316 0.0000e+00
      15491    390.000     8.2618   3.675107     1.8785    -0.0101    81.3522 1.0000e-12    4.15206    35.1291    27.3358    1490.03    1487.51    6.56309 0.0000e+00
      15708    395.000     8.2624   3.675384     1.8773    -0.0101    81.3220 1.0000e-12    4.15123    35.1291    27.3357    1490.11    1487.54    6.56300 0.0000e+00
      15918    400.000     8.2629   3.675664     1.8758    -0.0101    81.3099 1.0000e-12    4.14941    35.1292    27.3357    1490.20    1487.57    6.56292 0.0000e+00
      16127    405.000     8.2634   3.675947     1.8747    -0.0101    81.2786 1.0000e-12    4.14862    35.1294    27.3358    1490.28    1487.61    6.56284 0.0000e+00
      16338    410.000     8.2640   3.676228     1.8725    -0.0101    81.1932 1.0000e-12    4.14467    35.1294    27.3357    1490.37    1487.64    6.56275 0.0000e+00
      16548    415.000     8.2644   3.676511     1.8694    -0.0101    81.0869 1.0000e-12    4.13793    35.1296    27.3358    1490.45    1487.67    6.56268 0.0000e+00
      16760    420.000     8.2650   3.676802     1.8677    -0.0101    80.9604 1.0000e-12    4.13530    35.1297    27.3358    1490.54    1487.71    6.56259 0.0000e+00
      16969    425.000     8.2656   3.677086     1.8618    -0.0101    80.8255 1.0000e-12    4.11979    35.1298    27.3358    1490.62    1487.74    6.56249 0.0000e+00
      17178    430.000     8.2661   3.677357     1.8612    -0.0101    80.8384 1.0000e-12    4.12072    35.1298    27.3357    1490.71    1487.78    6.56242 0.0000e+00
      17385    435.000     8.2666   3.677635     1.8621    -0.0101    80.8774 1.0000e-12    4.12611    35.1299    27.3357    1490.79    1487.81    6.56234 0.0000e+00
      17576    440.000     8.2672   3.677915     1.8602    -0.0101    80.8672 1.0000e-12    4.12302    35.1299    27.3356    1490.87    1487.85    6.56225 0.0000e+00
      17766    445.000     8.2678   3.678203     1.8567    -0.0101    80.7973 1.0000e-12    4.11505    35.1300    27.3356    1490.96    1487.88    6.56216 0.0000e+00
      17957    450.000     8.2683   3.678480     1.8539    -0.0101    80.6434 1.0000e-12    4.10908    35.1301    27.3356    1491.04    1487.92    6.56208 0.0000e+00
      18145    455.000     8.2689   3.678765     1.8499    -0.0101    80.4210 1.0000e-12    4.09953    35.1302    27.3356    1491.13    1487.95    6.56199 0.0000e+00
      18334    460.000     8.2695   3.679049     1.8467    -0.0101    80.0789 1.0000e-12    4.09220    35.1302    27.3355    1491.21    1487.99    6.56190 0.0000e+00
      18522    465.000     8.2701   3.679334     1.8417    -0.0101    79.3658 1.0000e-12    4.07948    35.1303    27.3355    1491.30    1488.02    6.56180 0.0000e+00
