_data/ctd/2011/Prt0988_2011.cnv
* Sea-Bird SBE 9 Data File:
* FileName = C:\Seabird\CTDData\sta0988.dat
* Software Version Seasave Win32 V 5.30a
* Temperature SN = 4535
* Conductivity SN = 0889
* Number of Bytes Per Scan = 35
* Number of Voltage Words = 4
* Number of Scans Averaged by the Deck Unit = 1
* NMEA Latitude = 60 52.33 N
* NMEA Longitude = 005 23.54 E
* NMEA UTC (Time) = 16:52:22
** Ship: 01 F/F "H. Mosby" 
** Station: 988
** Echodepth: 464
** Log: 935.260
** Wind-Dir/Force: 31 03
** Air-Temp (dry): 6.2
** Weather Sky: 2 6
** Sea Ice: 2 0
** UNIS station: 
# nquan = 15                                
# nvalues = 90                          
# units = specified
# name 0 = scan: Scan Count
# name 1 = prDM: Pressure, Digiquartz [db]
# name 2 = t068C: Temperature [ITS-68, deg C]
# name 3 = c0S/m: Conductivity [S/m]
# name 4 = sbeox0V: Oxygen Voltage, SBE 43
# name 5 = flC: Fluorescence, Chelsea Aqua 3 Chl Con [ug/l]
# name 6 = xmiss: Beam Transmission, Chelsea/Seatech/Wetlab CStar [%]
# name 7 = par: PAR/Irradiance, Biospherical/Licor
# name 8 = sbeox0ML/L: Oxygen, SBE 43 [ml/l], WS = 2
# name 9 = sal00: Salinity [PSU]
# name 10 = sigma-t00: Density [sigma-t, Kg/m^3 ]
# name 11 = svCM: Sound Velocity [Chen-Millero, m/s]
# name 12 = avgsvCM: Average Sound Velocity [Chen-Millero, m/s], minP = 0, minS = 0
# name 13 = oxsatML/L: Oxygen Saturation [ml/l]
# name 14 = flag: flag
# span 0 =        389,       9935       
# span 1 =      5.000,    450.000       
# span 2 =     7.9140,    13.9851       
# span 3 =   3.456590,   3.804818       
# span 4 =     1.8422,     2.6635       
# span 5 =    -0.0101,    -0.0101       
# span 6 =    47.6352,    84.0194       
# span 7 = -3.905e-04, 1.5736e-01       
# span 8 =    3.92948,    5.73361       
# span 9 =    28.3756,    35.1338       
# span 10 =    21.1152,    27.3390      
# span 11 =    1482.94,    1498.28      
# span 12 =    1487.41,    1497.36      
# span 13 =    5.97413,    6.64112      
# span 14 = 0.0000e+00, 0.0000e+00      
# interval = decibars: 5                
# start_time = Oct 11 2011 16:53:06
# bad_flag = -9.990e-29
*END*
        389      5.000    13.7958   3.456590     2.6635    -0.0101    47.6352 1.5736e-01    5.73361    28.3756    21.1152    1495.10    1495.10    6.07258 0.0000e+00
        492     10.000    13.9851   3.693157     2.4401    -0.0101    79.7177 -3.905e-04    5.05208    30.3871    22.6289    1498.17    1496.63    5.97413 0.0000e+00
        595     15.000    13.5897   3.714376     2.3724    -0.0101    82.2271 1.9873e-05    4.90351    30.8960    23.1008    1497.54    1496.94    6.00439 0.0000e+00
        698     20.000    13.3237   3.733700     2.3606    -0.0101    83.0171 2.1917e-05    4.89196    31.2901    23.4579    1497.20    1497.00    6.02304 0.0000e+00
        801     25.000    13.4723   3.792964     2.3473    -0.0101    83.2169 1.3329e-05    4.83122    31.7174    23.7588    1498.28    1497.26    5.98854 0.0000e+00
        904     30.000    13.2103   3.804818     2.3186    -0.0101    83.1699 1.1023e-05    4.77604    32.0453    24.0643    1497.88    1497.36    6.00910 0.0000e+00
       1008     35.000    12.7597   3.790059     2.3000    -0.0101    83.1356 6.8978e-06    4.76941    32.2867    24.3390    1496.74    1497.27    6.05702 0.0000e+00
       1113     40.000    11.3929   3.680763     2.2772    -0.0101    83.1039 1.5633e-06    4.85365    32.4149    24.6936    1492.28    1496.65    6.23085 0.0000e+00
       1218     45.000     9.8186   3.565227     2.2603    -0.0101    83.1189 1.5384e-06    4.97818    32.6625    25.1575    1487.06    1495.58    6.43880 0.0000e+00
       1324     50.000     9.4161   3.569612     2.2726    -0.0101    83.2019 -2.068e-09    5.05055    33.0735    25.5440    1486.18    1494.63    6.47968 0.0000e+00
       1430     55.000     8.9960   3.557839     2.2489    -0.0101    83.2259 1.0000e-12    5.02599    33.3402    25.8195    1485.04    1493.75    6.52975 0.0000e+00
       1537     60.000     8.6709   3.552871     2.2237    -0.0101    83.2272 1.0000e-12    4.98571    33.5926    26.0678    1484.23    1492.96    6.56710 0.0000e+00
       1647     65.000     8.4164   3.552985     2.1994    -0.0101    83.2372 1.0000e-12    4.93954    33.8345    26.2964    1483.66    1492.24    6.59478 0.0000e+00
       1759     70.000     8.1941   3.550205     2.1780    -0.0101    83.2208 1.0000e-12    4.89982    34.0171    26.4733    1483.13    1491.58    6.62039 0.0000e+00
       1871     75.000     8.0899   3.562080     2.1513    -0.0101    83.2447 1.0000e-12    4.82897    34.2429    26.6661    1483.10    1491.01    6.62648 0.0000e+00
       1986     80.000     7.9659   3.567725     2.1222    -0.0101    83.2610 1.0000e-12    4.75401    34.4226    26.8257    1482.94    1490.51    6.63756 0.0000e+00
       2100     85.000     7.9140   3.572560     2.0917    -0.0101    83.2456 1.0000e-12    4.66928    34.5233    26.9125    1482.95    1490.06    6.64112 0.0000e+00
       2210     90.000     7.9373   3.589555     2.0709    -0.0101    83.3334 1.0000e-12    4.60300    34.6805    27.0326    1483.31    1489.68    6.63086 0.0000e+00
       2319     95.000     7.9727   3.600388     2.0440    -0.0101    83.3696 1.0000e-12    4.51993    34.7594    27.0892    1483.63    1489.36    6.62214 0.0000e+00
       2428    100.000     8.0664   3.617873     2.0234    -0.0101    83.4426 1.0000e-12    4.44906    34.8514    27.1475    1484.18    1489.10    6.60409 0.0000e+00
       2536    105.000     8.1628   3.633151     1.9999    -0.0101    83.5278 1.0000e-12    4.37008    34.9167    27.1842    1484.70    1488.89    6.58685 0.0000e+00
       2643    110.000     8.2129   3.642508     1.9746    -0.0101    83.5905 1.0000e-12    4.29176    34.9645    27.2141    1485.03    1488.72    6.57734 0.0000e+00
       2749    115.000     8.2170   3.645233     1.9631    -0.0101    83.6074 1.0000e-12    4.25945    34.9871    27.2312    1485.16    1488.56    6.57577 0.0000e+00
       2855    120.000     8.1928   3.644690     1.9596    -0.0101    83.5910 1.0000e-12    4.25381    35.0030    27.2474    1485.17    1488.42    6.57871 0.0000e+00
       2959    125.000     8.1792   3.644947     1.9585    -0.0101    83.6353 1.0000e-12    4.25439    35.0169    27.2604    1485.22    1488.29    6.58015 0.0000e+00
       3064    130.000     8.1683   3.645040     1.9522    -0.0101    83.6538 1.0000e-12    4.23957    35.0263    27.2694    1485.27    1488.18    6.58138 0.0000e+00
       3168    135.000     8.1880   3.648175     1.9438    -0.0101    83.6527 1.0000e-12    4.21510    35.0378    27.2754    1485.44    1488.07    6.57795 0.0000e+00
       3272    140.000     8.2165   3.651966     1.9269    -0.0101    83.6682 1.0000e-12    4.16465    35.0475    27.2787    1485.64    1487.99    6.57329 0.0000e+00
       3376    145.000     8.2225   3.653229     1.9026    -0.0101    83.6438 1.0000e-12    4.09455    35.0526    27.2817    1485.75    1487.91    6.57218 0.0000e+00
       3480    150.000     8.2379   3.655536     1.8894    -0.0101    83.6267 1.0000e-12    4.05638    35.0594    27.2848    1485.90    1487.84    6.56959 0.0000e+00
       3585    155.000     8.2523   3.657751     1.8736    -0.0101    83.6072 1.0000e-12    4.01050    35.0663    27.2880    1486.05    1487.79    6.56716 0.0000e+00
       3689    160.000     8.2567   3.658705     1.8565    -0.0101    83.5821 1.0000e-12    3.96169    35.0697    27.2899    1486.15    1487.73    6.56636 0.0000e+00
       3793    165.000     8.2581   3.659258     1.8484    -0.0101    83.5306 1.0000e-12    3.94001    35.0718    27.2914    1486.24    1487.69    6.56606 0.0000e+00
       3896    170.000     8.2599   3.659883     1.8461    -0.0101    83.5551 1.0000e-12    3.93566    35.0742    27.2930    1486.33    1487.65    6.56569 0.0000e+00
       4000    175.000     8.2612   3.660383     1.8432    -0.0101    83.5751 1.0000e-12    3.92948    35.0758    27.2941    1486.42    1487.61    6.56543 0.0000e+00
       4104    180.000     8.2552   3.660107     1.8422    -0.0101    83.6009 1.0000e-12    3.92957    35.0765    27.2955    1486.48    1487.58    6.56630 0.0000e+00
       4207    185.000     8.2475   3.659584     1.8464    -0.0101    83.6926 1.0000e-12    3.94573    35.0761    27.2964    1486.53    1487.55    6.56746 0.0000e+00
       4310    190.000     8.2353   3.658596     1.8517    -0.0101    83.7342 1.0000e-12    3.96524    35.0753    27.2977    1486.57    1487.53    6.56931 0.0000e+00
       4412    195.000     8.2216   3.657407     1.8572    -0.0101    83.7807 1.0000e-12    3.98568    35.0739    27.2986    1486.60    1487.50    6.57141 0.0000e+00
       4517    200.000     8.2185   3.657402     1.8639    -0.0101    83.8133 1.0000e-12    4.00882    35.0745    27.2996    1486.67    1487.48    6.57185 0.0000e+00
       4621    205.000     8.2124   3.657037     1.8677    -0.0101    83.8195 1.0000e-12    4.02362    35.0743    27.3004    1486.73    1487.47    6.57277 0.0000e+00
       4725    210.000     8.2133   3.657443     1.8712    -0.0101    83.8278 1.0000e-12    4.03672    35.0753    27.3010    1486.82    1487.45    6.57259 0.0000e+00
       4831    215.000     8.2148   3.657935     1.8708    -0.0101    83.8297 1.0000e-12    4.03783    35.0767    27.3018    1486.91    1487.44    6.57231 0.0000e+00
       4937    220.000     8.2186   3.658735     1.8714    -0.0101    83.8450 1.0000e-12    4.04211    35.0790    27.3031    1487.01    1487.43    6.57164 0.0000e+00
       5045    225.000     8.2259   3.660011     1.8729    -0.0101    83.8758 1.0000e-12    4.04834    35.0829    27.3051    1487.12    1487.42    6.57039 0.0000e+00
       5153    230.000     8.2306   3.660875     1.8727    -0.0101    83.9043 1.0000e-12    4.05006    35.0851    27.3060    1487.22    1487.42    6.56960 0.0000e+00
       5261    235.000     8.2393   3.662291     1.8740    -0.0101    83.9276 1.0000e-12    4.05587    35.0891    27.3079    1487.34    1487.41    6.56813 0.0000e+00
       5369    240.000     8.2489   3.663880     1.8754    -0.0101    83.9480 1.0000e-12    4.06178    35.0941    27.3103    1487.47    1487.42    6.56649 0.0000e+00
       5474    245.000     8.2555   3.665128     1.8773    -0.0101    83.9615 1.0000e-12    4.06939    35.0984    27.3127    1487.58    1487.42    6.56532 0.0000e+00
       5578    250.000     8.2585   3.665810     1.8787    -0.0101    83.9844 1.0000e-12    4.07605    35.1003    27.3137    1487.67    1487.42    6.56480 0.0000e+00
       5683    255.000     8.2603   3.666477     1.8803    -0.0101    83.9629 1.0000e-12    4.08349    35.1032    27.3157    1487.77    1487.43    6.56441 0.0000e+00
       5788    260.000     8.2603   3.666888     1.8817    -0.0101    84.0194 1.0000e-12    4.09026    35.1052    27.3173    1487.85    1487.44    6.56432 0.0000e+00
       5894    265.000     8.2602   3.667313     1.8843    -0.0101    84.0076 1.0000e-12    4.10095    35.1074    27.3190    1487.94    1487.45    6.56424 0.0000e+00
       5999    270.000     8.2600   3.667676     1.8862    -0.0101    83.9968 1.0000e-12    4.10923    35.1091    27.3204    1488.02    1487.46    6.56420 0.0000e+00
       6106    275.000     8.2597   3.668068     1.8874    -0.0101    83.9784 1.0000e-12    4.11580    35.1112    27.3221    1488.10    1487.47    6.56416 0.0000e+00
       6211    280.000     8.2595   3.668613     1.8896    -0.0101    83.9494 1.0000e-12    4.12498    35.1148    27.3249    1488.19    1487.48    6.56404 0.0000e+00
       6316    285.000     8.2582   3.669016     1.8928    -0.0101    83.9523 1.0000e-12    4.13757    35.1180    27.3276    1488.27    1487.50    6.56410 0.0000e+00
       6422    290.000     8.2575   3.669414     1.8938    -0.0101    83.9338 1.0000e-12    4.14356    35.1205    27.3297    1488.35    1487.51    6.56409 0.0000e+00
       6528    295.000     8.2567   3.669780     1.8957    -0.0101    83.9176 1.0000e-12    4.15196    35.1228    27.3317    1488.44    1487.53    6.56411 0.0000e+00
       6633    300.000     8.2559   3.670175     1.8938    -0.0101    83.8768 1.0000e-12    4.14917    35.1254    27.3338    1488.52    1487.54    6.56412 0.0000e+00
       6739    305.000     8.2551   3.670609     1.8922    -0.0101    83.8363 1.0000e-12    4.14694    35.1285    27.3363    1488.60    1487.56    6.56411 0.0000e+00
       6845    310.000     8.2550   3.670940     1.8950    -0.0101    83.7835 1.0000e-12    4.15819    35.1297    27.3373    1488.69    1487.58    6.56408 0.0000e+00
       6950    315.000     8.2553   3.671232     1.8938    -0.0101    83.7913 1.0000e-12    4.15729    35.1301    27.3376    1488.77    1487.60    6.56401 0.0000e+00
       7057    320.000     8.2556   3.671528     1.8904    -0.0101    83.7736 1.0000e-12    4.14994    35.1306    27.3379    1488.85    1487.62    6.56395 0.0000e+00
       7163    325.000     8.2559   3.671829     1.8842    -0.0101    83.7520 1.0000e-12    4.13359    35.1311    27.3383    1488.94    1487.64    6.56388 0.0000e+00
       7271    330.000     8.2562   3.672125     1.8809    -0.0101    83.7211 1.0000e-12    4.12652    35.1316    27.3386    1489.02    1487.66    6.56382 0.0000e+00
       7379    335.000     8.2566   3.672409     1.8782    -0.0101    83.6470 1.0000e-12    4.12078    35.1318    27.3387    1489.11    1487.68    6.56375 0.0000e+00
       7487    340.000     8.2571   3.672685     1.8766    -0.0101    83.6003 1.0000e-12    4.11888    35.1319    27.3387    1489.19    1487.70    6.56367 0.0000e+00
       7597    345.000     8.2574   3.672973     1.8744    -0.0101    83.5677 1.0000e-12    4.11469    35.1322    27.3390    1489.28    1487.73    6.56361 0.0000e+00
       7707    350.000     8.2579   3.673254     1.8734    -0.0101    83.5250 1.0000e-12    4.11450    35.1323    27.3390    1489.36    1487.75    6.56353 0.0000e+00
       7819    355.000     8.2584   3.673532     1.8727    -0.0101    83.4861 1.0000e-12    4.11507    35.1324    27.3389    1489.44    1487.77    6.56346 0.0000e+00
       7933    360.000     8.2588   3.673808     1.8721    -0.0101    83.4630 1.0000e-12    4.11597    35.1326    27.3390    1489.53    1487.80    6.56339 0.0000e+00
       8049    365.000     8.2593   3.674086     1.8727    -0.0101    83.4651 1.0000e-12    4.12044    35.1327    27.3390    1489.61    1487.82    6.56331 0.0000e+00
       8167    370.000     8.2598   3.674367     1.8721    -0.0101    83.4450 1.0000e-12    4.12143    35.1328    27.3390    1489.70    1487.85    6.56323 0.0000e+00
       8280    375.000     8.2604   3.674641     1.8708    -0.0101    83.4321 1.0000e-12    4.12012    35.1327    27.3389    1489.78    1487.87    6.56315 0.0000e+00
       8394    380.000     8.2609   3.674916     1.8711    -0.0101    83.4156 1.0000e-12    4.12385    35.1328    27.3388    1489.87    1487.90    6.56307 0.0000e+00
       8505    385.000     8.2614   3.675193     1.8710    -0.0101    83.4037 1.0000e-12    4.12620    35.1328    27.3388    1489.95    1487.93    6.56299 0.0000e+00
       8617    390.000     8.2619   3.675469     1.8704    -0.0101    83.3881 1.0000e-12    4.12715    35.1329    27.3388    1490.03    1487.95    6.56291 0.0000e+00
       8728    395.000     8.2624   3.675745     1.8698    -0.0101    83.3757 1.0000e-12    4.12816    35.1330    27.3387    1490.12    1487.98    6.56284 0.0000e+00
       8837    400.000     8.2629   3.676029     1.8693    -0.0101    83.3369 1.0000e-12    4.12928    35.1331    27.3388    1490.20    1488.01    6.56276 0.0000e+00
       8945    405.000     8.2634   3.676307     1.8687    -0.0101    83.2994 1.0000e-12    4.13013    35.1332    27.3388    1490.29    1488.04    6.56268 0.0000e+00
       9053    410.000     8.2639   3.676586     1.8685    -0.0101    83.2829 1.0000e-12    4.13220    35.1333    27.3388    1490.37    1488.06    6.56260 0.0000e+00
       9161    415.000     8.2644   3.676865     1.8682    -0.0101    83.2579 1.0000e-12    4.13390    35.1334    27.3388    1490.46    1488.09    6.56252 0.0000e+00
       9270    420.000     8.2650   3.677146     1.8678    -0.0101    83.2564 1.0000e-12    4.13562    35.1334    27.3387    1490.54    1488.12    6.56243 0.0000e+00
       9378    425.000     8.2656   3.677430     1.8656    -0.0101    83.1937 1.0000e-12    4.13139    35.1335    27.3387    1490.63    1488.15    6.56234 0.0000e+00
       9485    430.000     8.2662   3.677713     1.8633    -0.0101    83.1329 1.0000e-12    4.12707    35.1335    27.3386    1490.71    1488.18    6.56225 0.0000e+00
       9593    435.000     8.2666   3.677991     1.8607    -0.0101    83.0808 1.0000e-12    4.12191    35.1337    27.3387    1490.79    1488.21    6.56218 0.0000e+00
       9699    440.000     8.2672   3.678270     1.8600    -0.0101    83.0134 1.0000e-12    4.12239    35.1337    27.3386    1490.88    1488.24    6.56209 0.0000e+00
       9807    445.000     8.2678   3.678551     1.8592    -0.0101    83.0121 1.0000e-12    4.12258    35.1337    27.3385    1490.96    1488.27    6.56200 0.0000e+00
       9935    450.000     8.2682   3.678823     1.8575    -0.0101    82.9510 1.0000e-12    4.12012    35.1338    27.3386    1491.05    1488.30    6.56194 0.0000e+00
