_data/ctd/2011/Prt0992_2011.cnv
* Sea-Bird SBE 9 Data File:
* FileName = C:\Seabird\CTDData\sta0992.dat
* Software Version Seasave Win32 V 5.30a
* Temperature SN = 4535
* Conductivity SN = 0889
* Number of Bytes Per Scan = 35
* Number of Voltage Words = 4
* Number of Scans Averaged by the Deck Unit = 1
* NMEA Latitude = 60 52.33 N
* NMEA Longitude = 005 24.04 E
* NMEA UTC (Time) = 21:56:22
** Ship: 01 F/F "H. Mosby" 
** Station: 992
** Echodepth: 472
** Log: 1024.150
** Wind-Dir/Force: 08 01
** Air-Temp (dry): 4.7
** Weather Sky: 1 3
** Sea Ice: 1 0
** UNIS station: 
# nquan = 15                                
# nvalues = 93                          
# units = specified
# name 0 = scan: Scan Count
# name 1 = prDM: Pressure, Digiquartz [db]
# name 2 = t068C: Temperature [ITS-68, deg C]
# name 3 = c0S/m: Conductivity [S/m]
# name 4 = sbeox0V: Oxygen Voltage, SBE 43
# name 5 = flC: Fluorescence, Chelsea Aqua 3 Chl Con [ug/l]
# name 6 = xmiss: Beam Transmission, Chelsea/Seatech/Wetlab CStar [%]
# name 7 = par: PAR/Irradiance, Biospherical/Licor
# name 8 = sbeox0ML/L: Oxygen, SBE 43 [ml/l], WS = 2
# name 9 = sal00: Salinity [PSU]
# name 10 = sigma-t00: Density [sigma-t, Kg/m^3 ]
# name 11 = svCM: Sound Velocity [Chen-Millero, m/s]
# name 12 = avgsvCM: Average Sound Velocity [Chen-Millero, m/s], minP = 0, minS = 0
# name 13 = oxsatML/L: Oxygen Saturation [ml/l]
# name 14 = flag: flag
# span 0 =        410,      10295       
# span 1 =      5.000,    465.000       
# span 2 =     7.9199,    13.4925       
# span 3 =   3.323507,   3.688689       
# span 4 =     1.8419,     2.4936       
# span 5 =    -0.0101,    -0.0101       
# span 6 =    75.7620,    82.0210       
# span 7 = -1.488e-03, 1.4653e-01       
# span 8 =    3.92768,    5.37135       
# span 9 =    27.5438,    35.1299       
# span 10 =    20.5746,    27.3357      
# span 11 =    1483.09,    1496.95      
# span 12 =    1486.14,    1494.94      
# span 13 =    6.02242,    6.63603      
# span 14 = 0.0000e+00, 0.0000e+00      
# interval = decibars: 5                
# start_time = Oct 13 2011 21:56:29
# bad_flag = -9.990e-29
*END*
        410      5.000    13.2701   3.323507     2.4936    -0.0101    75.7620 1.4653e-01    5.37135    27.5438    20.5746    1492.36    1492.36    6.17151 0.0000e+00
        546     10.000    13.4925   3.688689     2.3984    -0.0101    80.0869 -1.488e-03    4.98454    30.7384    22.9984    1496.95    1494.65    6.02242 0.0000e+00
        656     15.000    12.8738   3.685104     2.3673    -0.0101    80.8386 1.0000e-12    4.95781    31.2070    23.4813    1495.51    1494.94    6.08323 0.0000e+00
        763     20.000    11.9111   3.662726     2.3452    -0.0101    81.1916 1.0000e-12    4.98904    31.7994    24.1214    1493.02    1494.46    6.18579 0.0000e+00
        867     25.000    10.5852   3.588294     2.3217    -0.0101    81.3483 1.0000e-12    5.06533    32.2179    24.6822    1488.95    1493.35    6.34894 0.0000e+00
        971     30.000     9.6737   3.565366     2.2949    -0.0101    81.3558 1.0000e-12    5.07957    32.8023    25.2904    1486.46    1492.20    6.45379 0.0000e+00
       1077     35.000     9.4010   3.582763     2.2749    -0.0101    81.3461 1.0000e-12    5.04379    33.2297    25.6686    1486.07    1491.32    6.47541 0.0000e+00
       1181     40.000     9.2784   3.595293     2.2431    -0.0101    81.2886 1.0000e-12    4.96179    33.4713    25.8773    1486.00    1490.65    6.48314 0.0000e+00
       1285     45.000     8.7732   3.564979     2.2146    -0.0101    81.2796 1.0000e-12    4.93601    33.6296    26.0809    1484.41    1489.96    6.55041 0.0000e+00
       1390     50.000     8.8191   3.588319     2.2047    -0.0101    81.2665 1.0000e-12    4.89879    33.8284    26.2295    1484.90    1489.45    6.53531 0.0000e+00
       1497     55.000     8.7230   3.591186     2.1905    -0.0101    81.2376 1.0000e-12    4.86794    33.9481    26.3383    1484.78    1489.02    6.54445 0.0000e+00
       1603     60.000     8.6197   3.594866     2.1803    -0.0101    81.2218 1.0000e-12    4.84889    34.0838    26.4607    1484.64    1488.66    6.55401 0.0000e+00
       1711     65.000     8.4215   3.586918     2.1638    -0.0101    81.1794 1.0000e-12    4.82305    34.1892    26.5738    1484.11    1488.31    6.57901 0.0000e+00
       1822     70.000     8.2334   3.582251     2.1508    -0.0101    81.1719 1.0000e-12    4.80535    34.3204    26.7053    1483.65    1487.97    6.60158 0.0000e+00
       1934     75.000     8.0433   3.579940     2.1297    -0.0101    81.1608 1.0000e-12    4.76266    34.4798    26.8591    1483.22    1487.66    6.62341 0.0000e+00
       2045     80.000     7.9785   3.579738     2.1048    -0.0101    81.1682 1.0000e-12    4.69745    34.5391    26.9153    1483.13    1487.37    6.63067 0.0000e+00
       2158     85.000     7.9272   3.580495     2.0862    -0.0101    81.1901 1.0000e-12    4.64918    34.5955    26.9673    1483.09    1487.12    6.63603 0.0000e+00
       2269     90.000     7.9199   3.583060     2.0694    -0.0101    81.2278 1.0000e-12    4.60209    34.6279    26.9938    1483.18    1486.90    6.63575 0.0000e+00
       2377     95.000     7.9306   3.589885     2.0568    -0.0101    81.2649 1.0000e-12    4.56457    34.6883    27.0397    1483.38    1486.71    6.63155 0.0000e+00
       2486    100.000     7.9788   3.602014     2.0410    -0.0101    81.3244 1.0000e-12    4.51292    34.7683    27.0954    1483.74    1486.57    6.62084 0.0000e+00
       2594    105.000     8.0953   3.621980     2.0186    -0.0101    81.4234 1.0000e-12    4.43424    34.8643    27.1532    1484.38    1486.46    6.59920 0.0000e+00
       2700    110.000     8.1925   3.637606     1.9896    -0.0101    81.5689 1.0000e-12    4.33907    34.9324    27.1920    1484.92    1486.39    6.58174 0.0000e+00
       2807    115.000     8.2261   3.643791     1.9623    -0.0101    81.6390 1.0000e-12    4.25677    34.9627    27.2106    1485.16    1486.34    6.57544 0.0000e+00
       2912    120.000     8.2124   3.645070     1.9518    -0.0101    81.6497 1.0000e-12    4.22933    34.9875    27.2322    1485.22    1486.29    6.57644 0.0000e+00
       3018    125.000     8.1952   3.644910     1.9563    -0.0101    81.6752 1.0000e-12    4.24671    35.0005    27.2451    1485.26    1486.25    6.57846 0.0000e+00
       3122    130.000     8.1836   3.645386     1.9560    -0.0101    81.6860 1.0000e-12    4.24955    35.0148    27.2580    1485.31    1486.21    6.57959 0.0000e+00
       3227    135.000     8.1826   3.646508     1.9486    -0.0101    81.7029 1.0000e-12    4.23017    35.0254    27.2665    1485.41    1486.18    6.57929 0.0000e+00
       3331    140.000     8.2155   3.651363     1.9359    -0.0101    81.6882 1.0000e-12    4.19156    35.0420    27.2745    1485.63    1486.16    6.57367 0.0000e+00
       3433    145.000     8.2378   3.654581     1.9064    -0.0101    81.6841 1.0000e-12    4.10421    35.0517    27.2788    1485.81    1486.15    6.56993 0.0000e+00
       3536    150.000     8.2491   3.656414     1.8799    -0.0101    81.6566 1.0000e-12    4.02684    35.0576    27.2816    1485.94    1486.15    6.56800 0.0000e+00
       3640    155.000     8.2544   3.657465     1.8627    -0.0101    81.6107 1.0000e-12    3.97781    35.0611    27.2836    1486.05    1486.14    6.56706 0.0000e+00
       3743    160.000     8.2574   3.658230     1.8533    -0.0101    81.5929 1.0000e-12    3.95215    35.0639    27.2853    1486.14    1486.14    6.56650 0.0000e+00
       3847    165.000     8.2588   3.658770     1.8467    -0.0101    81.5705 1.0000e-12    3.93498    35.0658    27.2866    1486.23    1486.14    6.56621 0.0000e+00
       3949    170.000     8.2599   3.659285     1.8440    -0.0101    81.5648 1.0000e-12    3.92937    35.0678    27.2880    1486.32    1486.15    6.56596 0.0000e+00
       4053    175.000     8.2609   3.659828     1.8425    -0.0101    81.5790 1.0000e-12    3.92768    35.0702    27.2897    1486.41    1486.16    6.56571 0.0000e+00
       4156    180.000     8.2598   3.660054     1.8419    -0.0101    81.6088 1.0000e-12    3.92855    35.0713    27.2907    1486.49    1486.17    6.56583 0.0000e+00
       4257    185.000     8.2546   3.659891     1.8426    -0.0101    81.6540 1.0000e-12    3.93359    35.0723    27.2924    1486.56    1486.18    6.56656 0.0000e+00
       4360    190.000     8.2475   3.659449     1.8474    -0.0101    81.7224 1.0000e-12    3.95123    35.0723    27.2934    1486.61    1486.19    6.56762 0.0000e+00
       4462    195.000     8.2346   3.658353     1.8510    -0.0101    81.7642 1.0000e-12    3.96605    35.0710    27.2944    1486.64    1486.20    6.56959 0.0000e+00
       4565    200.000     8.2222   3.657368     1.8577    -0.0101    81.8163 1.0000e-12    3.99006    35.0705    27.2958    1486.68    1486.21    6.57147 0.0000e+00
       4669    205.000     8.2163   3.657155     1.8653    -0.0101    81.8344 1.0000e-12    4.01607    35.0717    27.2977    1486.74    1486.23    6.57230 0.0000e+00
       4773    210.000     8.2158   3.657445     1.8705    -0.0101    81.8645 1.0000e-12    4.03444    35.0729    27.2987    1486.82    1486.24    6.57232 0.0000e+00
       4878    215.000     8.2196   3.658258     1.8736    -0.0101    81.8909 1.0000e-12    4.04602    35.0753    27.3001    1486.92    1486.26    6.57165 0.0000e+00
       4984    220.000     8.2234   3.659020     1.8743    -0.0101    81.9117 1.0000e-12    4.05019    35.0773    27.3010    1487.02    1486.27    6.57100 0.0000e+00
       5091    225.000     8.2259   3.659579     1.8758    -0.0101    81.9377 1.0000e-12    4.05735    35.0783    27.3015    1487.11    1486.29    6.57058 0.0000e+00
       5199    230.000     8.2319   3.660566     1.8771    -0.0101    81.9645 1.0000e-12    4.06319    35.0805    27.3022    1487.22    1486.31    6.56960 0.0000e+00
       5307    235.000     8.2411   3.662004     1.8774    -0.0101    81.9753 1.0000e-12    4.06601    35.0842    27.3038    1487.34    1486.33    6.56807 0.0000e+00
       5413    240.000     8.2450   3.662901     1.8764    -0.0101    82.0191 1.0000e-12    4.06536    35.0875    27.3057    1487.44    1486.36    6.56735 0.0000e+00
       5517    245.000     8.2516   3.664231     1.8790    -0.0101    82.0070 1.0000e-12    4.07502    35.0927    27.3088    1487.56    1486.38    6.56614 0.0000e+00
       5621    250.000     8.2578   3.665378     1.8821    -0.0101    82.0085 1.0000e-12    4.08643    35.0964    27.3107    1487.67    1486.41    6.56507 0.0000e+00
       5725    255.000     8.2602   3.666176     1.8834    -0.0101    81.9508 1.0000e-12    4.09288    35.1001    27.3133    1487.76    1486.43    6.56455 0.0000e+00
       5828    260.000     8.2605   3.666682     1.8858    -0.0101    82.0140 1.0000e-12    4.10270    35.1028    27.3154    1487.85    1486.46    6.56439 0.0000e+00
       5932    265.000     8.2603   3.667037     1.8875    -0.0101    82.0210 1.0000e-12    4.11060    35.1044    27.3166    1487.93    1486.49    6.56436 0.0000e+00
       6037    270.000     8.2596   3.667494     1.8880    -0.0101    82.0049 1.0000e-12    4.11499    35.1075    27.3192    1488.02    1486.52    6.56433 0.0000e+00
       6141    275.000     8.2593   3.667887     1.8894    -0.0101    82.0093 1.0000e-12    4.12174    35.1096    27.3209    1488.10    1486.55    6.56428 0.0000e+00
       6247    280.000     8.2584   3.668275     1.8908    -0.0101    81.9917 1.0000e-12    4.12891    35.1123    27.3231    1488.18    1486.57    6.56431 0.0000e+00
       6352    285.000     8.2577   3.668710     1.8912    -0.0101    81.9715 1.0000e-12    4.13274    35.1152    27.3255    1488.27    1486.60    6.56429 0.0000e+00
       6457    290.000     8.2571   3.669131     1.8899    -0.0101    81.9081 1.0000e-12    4.13167    35.1179    27.3277    1488.35    1486.63    6.56426 0.0000e+00
       6562    295.000     8.2569   3.669488     1.8892    -0.0101    81.8767 1.0000e-12    4.13250    35.1195    27.3290    1488.43    1486.66    6.56422 0.0000e+00
       6665    300.000     8.2559   3.669875     1.8901    -0.0101    81.9442 1.0000e-12    4.13777    35.1222    27.3313    1488.52    1486.70    6.56426 0.0000e+00
       6770    305.000     8.2559   3.670190     1.8908    -0.0101    81.9309 1.0000e-12    4.14273    35.1232    27.3321    1488.60    1486.73    6.56422 0.0000e+00
       6876    310.000     8.2559   3.670508     1.8908    -0.0101    81.8190 1.0000e-12    4.14563    35.1242    27.3329    1488.68    1486.76    6.56418 0.0000e+00
       6982    315.000     8.2560   3.670828     1.8890    -0.0101    81.7916 1.0000e-12    4.14285    35.1251    27.3336    1488.77    1486.79    6.56412 0.0000e+00
       7087    320.000     8.2562   3.671118     1.8902    -0.0101    81.6870 1.0000e-12    4.14942    35.1256    27.3339    1488.85    1486.82    6.56407 0.0000e+00
       7193    325.000     8.2564   3.671431     1.8913    -0.0101    81.8324 1.0000e-12    4.15540    35.1264    27.3345    1488.93    1486.85    6.56401 0.0000e+00
       7300    330.000     8.2567   3.671715     1.8893    -0.0101    81.8045 1.0000e-12    4.15203    35.1267    27.3347    1489.02    1486.89    6.56395 0.0000e+00
       7407    335.000     8.2571   3.672003     1.8879    -0.0101    81.7691 1.0000e-12    4.15066    35.1270    27.3349    1489.10    1486.92    6.56388 0.0000e+00
       7515    340.000     8.2575   3.672287     1.8857    -0.0101    81.6898 1.0000e-12    4.14670    35.1272    27.3350    1489.19    1486.95    6.56381 0.0000e+00
       7624    345.000     8.2579   3.672573     1.8851    -0.0101    81.6708 1.0000e-12    4.14749    35.1275    27.3351    1489.27    1486.99    6.56374 0.0000e+00
       7734    350.000     8.2583   3.672861     1.8851    -0.0101    81.6571 1.0000e-12    4.15034    35.1278    27.3353    1489.36    1487.02    6.56367 0.0000e+00
       7845    355.000     8.2586   3.673151     1.8854    -0.0101    81.6418 1.0000e-12    4.15408    35.1282    27.3356    1489.44    1487.05    6.56361 0.0000e+00
       7957    360.000     8.2591   3.673430     1.8846    -0.0101    81.6258 1.0000e-12    4.15425    35.1283    27.3356    1489.52    1487.09    6.56353 0.0000e+00
       8072    365.000     8.2595   3.673705     1.8846    -0.0101    81.5766 1.0000e-12    4.15696    35.1284    27.3356    1489.61    1487.12    6.56346 0.0000e+00
       8187    370.000     8.2601   3.673979     1.8844    -0.0101    81.5678 1.0000e-12    4.15913    35.1283    27.3355    1489.69    1487.16    6.56337 0.0000e+00
       8300    375.000     8.2605   3.674267     1.8838    -0.0101    81.5468 1.0000e-12    4.16014    35.1286    27.3356    1489.78    1487.19    6.56330 0.0000e+00
       8412    380.000     8.2610   3.674552     1.8822    -0.0101    81.4846 1.0000e-12    4.15790    35.1288    27.3357    1489.86    1487.23    6.56322 0.0000e+00
       8523    385.000     8.2616   3.674825     1.8819    -0.0101    81.4639 1.0000e-12    4.15964    35.1287    27.3355    1489.95    1487.26    6.56314 0.0000e+00
       8636    390.000     8.2621   3.675101     1.8815    -0.0101    81.4299 1.0000e-12    4.16139    35.1288    27.3355    1490.03    1487.30    6.56306 0.0000e+00
       8744    395.000     8.2626   3.675381     1.8816    -0.0101    81.3957 1.0000e-12    4.16438    35.1289    27.3355    1490.11    1487.33    6.56298 0.0000e+00
       8852    400.000     8.2631   3.675668     1.8811    -0.0101    81.4017 1.0000e-12    4.16567    35.1291    27.3356    1490.20    1487.37    6.56290 0.0000e+00
       8960    405.000     8.2635   3.675947     1.8800    -0.0101    81.3842 1.0000e-12    4.16507    35.1293    27.3357    1490.28    1487.41    6.56283 0.0000e+00
       9066    410.000     8.2640   3.676227     1.8794    -0.0101    81.3598 1.0000e-12    4.16572    35.1294    27.3357    1490.37    1487.44    6.56275 0.0000e+00
       9174    415.000     8.2646   3.676509     1.8794    -0.0101    81.3199 1.0000e-12    4.16866    35.1294    27.3356    1490.45    1487.48    6.56266 0.0000e+00
       9282    420.000     8.2651   3.676794     1.8764    -0.0101    81.2059 1.0000e-12    4.16226    35.1296    27.3357    1490.54    1487.51    6.56258 0.0000e+00
       9389    425.000     8.2657   3.677082     1.8740    -0.0101    81.1177 1.0000e-12    4.15758    35.1297    27.3356    1490.62    1487.55    6.56249 0.0000e+00
       9495    430.000     8.2663   3.677365     1.8715    -0.0101    81.0295 1.0000e-12    4.15247    35.1297    27.3356    1490.71    1487.59    6.56239 0.0000e+00
       9601    435.000     8.2668   3.677642     1.8692    -0.0101    80.9446 1.0000e-12    4.14821    35.1298    27.3356    1490.79    1487.62    6.56232 0.0000e+00
       9707    440.000     8.2674   3.677922     1.8687    -0.0101    80.8999 1.0000e-12    4.14924    35.1298    27.3355    1490.88    1487.66    6.56223 0.0000e+00
       9814    445.000     8.2680   3.678204     1.8659    -0.0101    80.8238 1.0000e-12    4.14348    35.1298    27.3354    1490.96    1487.70    6.56214 0.0000e+00
       9921    450.000     8.2686   3.678484     1.8629    -0.0101    80.7182 1.0000e-12    4.13678    35.1298    27.3353    1491.05    1487.73    6.56205 0.0000e+00
      10027    455.000     8.2691   3.678757     1.8611    -0.0101    80.6020 1.0000e-12    4.13405    35.1299    27.3353    1491.13    1487.77    6.56197 0.0000e+00
      10140    460.000     8.2696   3.679029     1.8615    -0.0101    80.5845 1.0000e-12    4.13801    35.1299    27.3353    1491.21    1487.81    6.56189 0.0000e+00
      10295    465.000     8.2698   3.679270     1.8604    -0.0101    80.5519 1.0000e-12    4.13727    35.1299    27.3352    1491.30    1487.85    6.56187 0.0000e+00
