_data/ctd/2016/Sta0950_2016.cnv
* Sea-Bird SBE 9 Data File:
* FileName = C:\Seabird\CTDDATA\sta0950.hex
* Software Version Seasave V 7.21f
* Temperature SN = 5458
* Conductivity SN = 044221
* Number of Bytes Per Scan = 41
* Number of Voltage Words = 4
* Number of Scans Averaged by the Deck Unit = 1
* NMEA Latitude = 60 52.14 N
* NMEA Longitude = 005 22.02 E
* NMEA UTC (Time) = Sep 20 2016 07:09:29
** Ship: 01 F/F "Håkon Mosby"
** Station: 0950
** Echodepth: 474
** Log: 3317.740
** Wind-Dir Force: 27 01
** Air-temp (dry): 12
** Weather Sky: 2 9
** Sea Ice: 1 0
** UNIS station:
# nquan = 18                                
# nvalues = 460                         
# units = specified
# name 0 = scan: Scan Count
# name 1 = prDM: Pressure, Digiquartz [db]
# name 2 = t068C: Temperature [ITS-68, deg C]
# name 3 = c0S/m: Conductivity [S/m]
# name 4 = t168C: Temperature, 2 [ITS-68, deg C]
# name 5 = c1S/m: Conductivity, 2 [S/m]
# name 6 = altM: Altimeter [m]
# name 7 = sbeox0V: Oxygen raw, SBE 43 [V]
# name 8 = flC: Fluorescence, Chelsea Aqua 3 Chl Con [ug/l]
# name 9 = xmiss: Beam Transmission, Chelsea/Seatech [%]
# name 10 = par: PAR/Irradiance, Biospherical/Licor
# name 11 = sbeox0ML/L: Oxygen, SBE 43 [ml/l], WS = 2
# name 12 = sal00: Salinity, Practical [PSU]
# name 13 = sal11: Salinity, Practical, 2 [PSU]
# name 14 = sigma-t00: Density [sigma-t, Kg/m^3 ]
# name 15 = svCM: Sound Velocity [Chen-Millero, m/s]
# name 16 = avgsvCM: Average Sound Velocity [Chen-Millero, m/s], minP = 0, minS = 0
# name 17 = flag: flag
# span 0 =        642,      12456       
# span 1 =      5.000,    464.000       
# span 2 =     8.1519,    14.9719       
# span 3 =   3.581377,   3.803187       
# span 4 =     8.1534,    14.9735       
# span 5 =   3.582184,   3.803507       
# span 6 =      35.03,      97.73       
# span 7 =     1.0189,     2.2535       
# span 8 =     0.0349,     0.5117       
# span 9 =    67.2580,    72.1107       
# span 10 = 1.0000e-12, 1.2208e+01      
# span 11 =    1.84106,    5.57116      
# span 12 =    29.1888,    35.0503      
# span 13 =    29.0028,    35.0528      
# span 14 =    21.5148,    27.2842      
# span 15 =    1484.50,    1501.74      
# span 16 =    1488.48,    1500.76      
# span 17 = 0.0000e+00, 0.0000e+00      
# interval = decibars: 1                
# start_time = Sep 20 2016 07:09:30 [System UTC, first data scan.]
# bad_flag = -9.990e-29
*END*
[from data line 403]
      11028    408.000     8.1890   3.661597     8.1905   3.661956      96.55     1.0285     0.0490    69.4797 1.0000e-12    1.89123    35.0490    35.0514    27.2841    1489.95    1488.64 0.0000e+00
      11053    409.000     8.1891   3.661654     8.1906   3.662014      96.56     1.0287     0.0510    69.4797 1.0000e-12    1.89091    35.0491    35.0514    27.2841    1489.97    1488.64 0.0000e+00
      11077    410.000     8.1892   3.661710     8.1907   3.662064      96.56     1.0286     0.0519    69.4662 1.0000e-12    1.89030    35.0491    35.0514    27.2841    1489.99    1488.64 0.0000e+00
      11102    411.000     8.1893   3.661763     8.1908   3.662112      96.56     1.0286     0.0509    69.4935 1.0000e-12    1.88267    35.0491    35.0513    27.2841    1490.00    1488.65 0.0000e+00
      11127    412.000     8.1895   3.661824     8.1909   3.662169      46.97     1.0274     0.0503    69.5190 1.0000e-12    1.88592    35.0491    35.0514    27.2840    1490.02    1488.65 0.0000e+00
      11151    413.000     8.1896   3.661885     8.1911   3.662237      96.40     1.0285     0.0496    69.5186 1.0000e-12    1.89986    35.0491    35.0514    27.2841    1490.04    1488.65 0.0000e+00
      11176    414.000     8.1897   3.661942     8.1912   3.662302      96.56     1.0285     0.0543    69.4753 1.0000e-12    1.89145    35.0492    35.0515    27.2841    1490.06    1488.66 0.0000e+00
      11200    415.000     8.1898   3.662004     8.1914   3.662356      96.18     1.0285     0.0549    69.4193 1.0000e-12    1.89124    35.0493    35.0514    27.2841    1490.07    1488.66 0.0000e+00
      11225    416.000     8.1900   3.662058     8.1914   3.662420      96.56     1.0284     0.0528    69.4062 1.0000e-12    1.88356    35.0492    35.0516    27.2840    1490.09    1488.66 0.0000e+00
      11250    417.000     8.1901   3.662121     8.1916   3.662471      81.70     1.0272     0.0524    69.3886 1.0000e-12    1.87040    35.0493    35.0515    27.2841    1490.11    1488.67 0.0000e+00
      11275    418.000     8.1902   3.662177     8.1917   3.662529      52.76     1.0264     0.0529    69.3564 1.0000e-12    1.88742    35.0493    35.0515    27.2841    1490.12    1488.67 0.0000e+00
      11300    419.000     8.1903   3.662228     8.1918   3.662587      96.84     1.0266     0.0511    69.3419 1.0000e-12    1.87871    35.0493    35.0516    27.2841    1490.14    1488.67 0.0000e+00
      11325    420.000     8.1904   3.662280     8.1919   3.662645      96.55     1.0259     0.0497    69.3515 1.0000e-12    1.88087    35.0492    35.0516    27.2840    1490.16    1488.68 0.0000e+00
      11350    421.000     8.1905   3.662337     8.1920   3.662691      96.56     1.0260     0.0508    69.2936 1.0000e-12    1.88487    35.0493    35.0516    27.2840    1490.17    1488.68 0.0000e+00
      11375    422.000     8.1906   3.662394     8.1921   3.662741      96.56     1.0261     0.0540    69.3840 1.0000e-12    1.88421    35.0493    35.0515    27.2841    1490.19    1488.68 0.0000e+00
      11400    423.000     8.1907   3.662444     8.1922   3.662806      96.56     1.0260     0.0526    69.3803 1.0000e-12    1.88576    35.0493    35.0516    27.2840    1490.21    1488.69 0.0000e+00
      11425    424.000     8.1908   3.662507     8.1923   3.662866      96.56     1.0262     0.0528    69.4129 1.0000e-12    1.88967    35.0494    35.0517    27.2841    1490.22    1488.69 0.0000e+00
      11450    425.000     8.1910   3.662563     8.1925   3.662920      96.56     1.0268     0.0521    69.4577 1.0000e-12    1.89627    35.0493    35.0516    27.2840    1490.24    1488.69 0.0000e+00
      11475    426.000     8.1911   3.662626     8.1926   3.662979      96.55     1.0273     0.0504    69.4024 1.0000e-12    1.89208    35.0494    35.0517    27.2840    1490.26    1488.70 0.0000e+00
      11501    427.000     8.1913   3.662687     8.1927   3.663040      96.56     1.0273     0.0477    69.3832 1.0000e-12    1.88825    35.0494    35.0517    27.2840    1490.28    1488.70 0.0000e+00
      11526    428.000     8.1914   3.662749     8.1930   3.663107      96.56     1.0269     0.0486    69.3545 1.0000e-12    1.88032    35.0494    35.0517    27.2840    1490.29    1488.71 0.0000e+00
      11551    429.000     8.1915   3.662800     8.1930   3.663159      96.56     1.0261     0.0490    69.3486 1.0000e-12    1.87874    35.0494    35.0518    27.2840    1490.31    1488.71 0.0000e+00
      11576    430.000     8.1918   3.662874     8.1933   3.663232      96.56     1.0255     0.0496    69.2767 1.0000e-12    1.87368    35.0494    35.0518    27.2840    1490.33    1488.71 0.0000e+00
      11602    431.000     8.1918   3.662924     8.1933   3.663278      96.56     1.0247     0.0496    69.2376 1.0000e-12    1.87326    35.0495    35.0518    27.2840    1490.34    1488.72 0.0000e+00
      11627    432.000     8.1919   3.662987     8.1934   3.663341      96.56     1.0239     0.0490    69.1528 1.0000e-12    1.86867    35.0496    35.0519    27.2841    1490.36    1488.72 0.0000e+00
      11652    433.000     8.1919   3.663025     8.1934   3.663381      96.56     1.0233     0.0495    69.2138 1.0000e-12    1.86905    35.0495    35.0518    27.2840    1490.38    1488.72 0.0000e+00
      11677    434.000     8.1920   3.663071     8.1934   3.663438      96.56     1.0228     0.0511    69.3179 1.0000e-12    1.88125    35.0494    35.0520    27.2839    1490.39    1488.73 0.0000e+00
      11702    435.000     8.1921   3.663132     8.1935   3.663488      96.56     1.0241     0.0523    69.3537 1.0000e-12    1.90259    35.0495    35.0519    27.2840    1490.41    1488.73 0.0000e+00
      11727    436.000     8.1921   3.663176     8.1936   3.663542      96.56     1.0262     0.0538    69.4209 1.0000e-12    1.91384    35.0495    35.0519    27.2840    1490.43    1488.74 0.0000e+00
      11753    437.000     8.1922   3.663236     8.1937   3.663590      96.55     1.0281     0.0512    69.4967 1.0000e-12    1.91774    35.0496    35.0519    27.2840    1490.44    1488.74 0.0000e+00
      11778    438.000     8.1924   3.663301     8.1938   3.663656      79.35     1.0296     0.0510    69.5567 1.0000e-12    1.92303    35.0496    35.0520    27.2840    1490.46    1488.74 0.0000e+00
      11804    439.000     8.1925   3.663359     8.1940   3.663720      92.33     1.0321     0.0469    69.5842 1.0000e-12    1.93894    35.0496    35.0520    27.2840    1490.48    1488.75 0.0000e+00
      11829    440.000     8.1926   3.663419     8.1941   3.663768      96.55     1.0340     0.0462    69.5986 1.0000e-12    1.93498    35.0497    35.0519    27.2841    1490.50    1488.75 0.0000e+00
      11855    441.000     8.1927   3.663466     8.1942   3.663827      96.56     1.0348     0.0475    69.6524 1.0000e-12    1.92969    35.0496    35.0520    27.2840    1490.51    1488.76 0.0000e+00
      11881    442.000     8.1928   3.663520     8.1943   3.663880      96.56     1.0356     0.0471    69.6809 1.0000e-12    1.93402    35.0496    35.0520    27.2840    1490.53    1488.76 0.0000e+00
      11906    443.000     8.1929   3.663583     8.1943   3.663941      96.56     1.0363     0.0496    69.7278 1.0000e-12    1.93734    35.0497    35.0522    27.2840    1490.55    1488.76 0.0000e+00
      11932    444.000     8.1930   3.663631     8.1945   3.663984      96.56     1.0372     0.0511    69.7883 1.0000e-12    1.94102    35.0497    35.0519    27.2840    1490.56    1488.77 0.0000e+00
      11957    445.000     8.1931   3.663698     8.1945   3.664054      88.85     1.0384     0.0487    69.7877 1.0000e-12    1.95376    35.0498    35.0522    27.2841    1490.58    1488.77 0.0000e+00
      11982    446.000     8.1932   3.663743     8.1947   3.664106      96.59     1.0397     0.0497    69.8096 1.0000e-12    1.95218    35.0497    35.0521    27.2840    1490.60    1488.78 0.0000e+00
      12007    447.000     8.1934   3.663814     8.1948   3.664173      96.55     1.0407     0.0484    69.8288 1.0000e-12    1.94623    35.0498    35.0522    27.2840    1490.61    1488.78 0.0000e+00
      12033    448.000     8.1936   3.663873     8.1950   3.664233      48.34     1.0403     0.0486    69.8377 1.0000e-12    1.95453    35.0498    35.0522    27.2840    1490.63    1488.78 0.0000e+00
      12059    449.000     8.1938   3.663947     8.1952   3.664300      96.18     1.0420     0.0491    69.8056 1.0000e-12    1.95776    35.0499    35.0522    27.2840    1490.65    1488.79 0.0000e+00
      12085    450.000     8.1939   3.664004     8.1954   3.664368      96.55     1.0418     0.0481    69.7068 1.0000e-12    1.94303    35.0499    35.0523    27.2840    1490.67    1488.79 0.0000e+00
      12111    451.000     8.1941   3.664061     8.1955   3.664425      96.56     1.0410     0.0495    69.6902 1.0000e-12    1.93412    35.0498    35.0523    27.2839    1490.68    1488.80 0.0000e+00
      12137    452.000     8.1942   3.664122     8.1956   3.664474      96.48     1.0399     0.0506    69.6559 1.0000e-12    1.92615    35.0499    35.0523    27.2840    1490.70    1488.80 0.0000e+00
      12163    453.000     8.1943   3.664181     8.1957   3.664533      96.56     1.0386     0.0472    69.6137 1.0000e-12    1.92658    35.0500    35.0523    27.2840    1490.72    1488.80 0.0000e+00
      12189    454.000     8.1946   3.664260     8.1961   3.664613      70.36     1.0375     0.0482    69.5503 1.0000e-12    1.91715    35.0500    35.0523    27.2840    1490.73    1488.81 0.0000e+00
      12216    455.000     8.1948   3.664317     8.1963   3.664676      68.80     1.0369     0.0510    69.3555 1.0000e-12    1.93659    35.0500    35.0523    27.2839    1490.75    1488.81 0.0000e+00
      12242    456.000     8.1950   3.664374     8.1965   3.664741      96.56     1.0369     0.0527    69.2270 1.0000e-12    1.91633    35.0499    35.0523    27.2839    1490.77    1488.82 0.0000e+00
      12268    457.000     8.1952   3.664447     8.1966   3.664805      96.56     1.0350     0.0511    69.1189 1.0000e-12    1.89906    35.0500    35.0524    27.2839    1490.79    1488.82 0.0000e+00
      12295    458.000     8.1953   3.664506     8.1967   3.664859      96.56     1.0324     0.0507    69.0062 1.0000e-12    1.88669    35.0501    35.0525    27.2839    1490.80    1488.83 0.0000e+00
      12321    459.000     8.1956   3.664575     8.1970   3.664929      96.56     1.0302     0.0523    68.8909 1.0000e-12    1.88652    35.0500    35.0524    27.2839    1490.82    1488.83 0.0000e+00
      12348    460.000     8.1959   3.664653     8.1972   3.665004      96.56     1.0285     0.0528    68.6873 1.0000e-12    1.87283    35.0501    35.0526    27.2839    1490.84    1488.83 0.0000e+00
      12375    461.000     8.1960   3.664717     8.1974   3.665073      59.18     1.0254     0.0531    68.6101 1.0000e-12    1.86656    35.0502    35.0526    27.2839    1490.86    1488.84 0.0000e+00
      12402    462.000     8.1962   3.664781     8.1976   3.665142      96.23     1.0244     0.0541    68.4406 1.0000e-12    1.86591    35.0502    35.0527    27.2839    1490.87    1488.84 0.0000e+00
      12428    463.000     8.1963   3.664838     8.1977   3.665195      96.55     1.0217     0.0523    68.2260 1.0000e-12    1.84732    35.0503    35.0527    27.2839    1490.89    1488.85 0.0000e+00
      12456    464.000     8.1965   3.664886     8.1978   3.665259      96.56     1.0189     0.0573    68.0622 1.0000e-12    1.84106    35.0501    35.0528    27.2838    1490.91    1488.85 0.0000e+00
