_data/ctd/2016/Sta0942_2016.cnv
* Sea-Bird SBE 9 Data File:
* FileName = C:\Seabird\CTDDATA\sta0942.hex
* Software Version Seasave V 7.21f
* Temperature SN = 5458
* Conductivity SN = 044221
* Number of Bytes Per Scan = 41
* Number of Voltage Words = 4
* Number of Scans Averaged by the Deck Unit = 1
* NMEA Latitude = 60 51.40 N
* NMEA Longitude = 004 47.26 E
* NMEA UTC (Time) = Sep 19 2016 23:16:30
** Ship: 01 F/F "Håkon Mosby"
** Station: 0942
** Echodepth: 395
** Log: 3279,1
** Wind-Dir Force: 01 05
** Air-temp (dry): 14
** Weather Sky: 2 9
** Sea Ice: 2 0
** UNIS station:
# nquan = 18                                
# nvalues = 414                         
# units = specified
# name 0 = scan: Scan Count
# name 1 = prDM: Pressure, Digiquartz [db]
# name 2 = t068C: Temperature [ITS-68, deg C]
# name 3 = c0S/m: Conductivity [S/m]
# name 4 = t168C: Temperature, 2 [ITS-68, deg C]
# name 5 = c1S/m: Conductivity, 2 [S/m]
# name 6 = altM: Altimeter [m]
# name 7 = sbeox0V: Oxygen raw, SBE 43 [V]
# name 8 = flC: Fluorescence, Chelsea Aqua 3 Chl Con [ug/l]
# name 9 = xmiss: Beam Transmission, Chelsea/Seatech [%]
# name 10 = par: PAR/Irradiance, Biospherical/Licor
# name 11 = sbeox0ML/L: Oxygen, SBE 43 [ml/l], WS = 2
# name 12 = sal00: Salinity, Practical [PSU]
# name 13 = sal11: Salinity, Practical, 2 [PSU]
# name 14 = sigma-t00: Density [sigma-t, Kg/m^3 ]
# name 15 = svCM: Sound Velocity [Chen-Millero, m/s]
# name 16 = avgsvCM: Average Sound Velocity [Chen-Millero, m/s], minP = 0, minS = 0
# name 17 = flag: flag
# span 0 =        153,      11126       
# span 1 =      2.000,    415.000       
# span 2 =     7.7193,    16.3006       
# span 3 =   3.606850,   3.974835       
# span 4 =     7.7220,    16.3025       
# span 5 =   3.606916,   3.975333       
# span 6 =      34.59,      97.34       
# span 7 =     1.9621,     2.3694       
# span 8 =     0.0282,     0.9758       
# span 9 =    64.0804,    71.9787       
# span 10 = -1.694e-05, 3.6243e-01      
# span 11 =    4.95875,    5.63904      
# span 12 =    29.6943,    35.1312      
# span 13 =    29.6960,    35.1330      
# span 14 =    21.6876,    27.4132      
# span 15 =    1484.33,    1506.34      
# span 16 =    1488.94,    1505.21      
# span 17 = 0.0000e+00, 0.0000e+00      
# interval = decibars: 1                
# start_time = Sep 19 2016 23:16:32 [System UTC, first data scan.]
# bad_flag = -9.990e-29
*END*
[from data line 81]
       2316     83.000     9.1098   3.665407     9.1133   3.666862      96.55     1.9999     0.0504    71.9117 1.0000e-12    5.10901    34.3404    34.3522    26.5844    1487.15    1499.83 0.0000e+00
       2336     84.000     9.0234   3.659693     9.0262   3.659864      96.55     1.9986     0.0499    71.9203 1.0000e-12    5.11517    34.3636    34.3627    26.6164    1486.88    1499.67 0.0000e+00
       2356     85.000     9.0399   3.662242     9.0400   3.662134      96.55     1.9975     0.0509    71.9438 1.0000e-12    5.11950    34.3739    34.3726    26.6218    1486.97    1499.52 0.0000e+00
       2376     86.000     8.9824   3.657798     8.9843   3.659177      96.55     1.9974     0.0528    71.9359 1.0000e-12    5.12913    34.3825    34.3951    26.6377    1486.78    1499.37 0.0000e+00
       2396     87.000     8.8131   3.641969     8.8172   3.643355      96.55     1.9966     0.0502    71.9450 1.0000e-12    5.12222    34.3800    34.3906    26.6626    1486.17    1499.22 0.0000e+00
       2418     88.000     8.7649   3.637321     8.7658   3.637622      96.55     1.9929     0.0519    71.9374 1.0000e-12    5.11022    34.3774    34.3797    26.6681    1486.00    1499.07 0.0000e+00
       2443     89.000     8.7504   3.635992     8.7513   3.636092      96.55     1.9907     0.0492    71.9544 1.0000e-12    5.12801    34.3770    34.3772    26.6701    1485.97    1498.92 0.0000e+00
       2472     90.000     8.7057   3.631737     8.7055   3.632259      96.55     1.9908     0.0473    71.9480 1.0000e-12    5.15211    34.3751    34.3808    26.6756    1485.81    1498.77 0.0000e+00
       2499     91.000     8.6142   3.622642     8.6145   3.623235      96.55     1.9908     0.0451    71.9787 1.0000e-12    5.14915    34.3677    34.3736    26.6841    1485.48    1498.63 0.0000e+00
       2521     92.000     8.5659   3.618946     8.5665   3.618540      96.55     1.9896     0.0470    71.9708 1.0000e-12    5.14309    34.3751    34.3703    26.6974    1485.33    1498.48 0.0000e+00
       2540     93.000     8.6026   3.624865     8.6034   3.624860      96.54     1.9882     0.0466    71.9472 1.0000e-12    5.14241    34.4015    34.4007    26.7124    1485.51    1498.34 0.0000e+00
       2558     94.000     8.5466   3.620326     8.5465   3.620766      96.55     1.9884     0.0493    71.9405 1.0000e-12    5.16058    34.4076    34.4123    26.7258    1485.33    1498.20 0.0000e+00
       2576     95.000     8.5193   3.618226     8.5211   3.618091      96.55     1.9883     0.0483    71.9653 1.0000e-12    5.15628    34.4115    34.4083    26.7331    1485.25    1498.06 0.0000e+00
       2595     96.000     8.5159   3.625378     8.5160   3.624601      96.55     1.9875     0.0471    71.9310 1.0000e-12    5.14484    34.4901    34.4817    26.7953    1485.35    1497.93 0.0000e+00
       2617     97.000     8.5178   3.628125     8.5181   3.628224      96.55     1.9861     0.0467    71.8913 1.0000e-12    5.13331    34.5168    34.5176    26.8159    1485.41    1497.80 0.0000e+00
       2640     98.000     8.4234   3.622953     8.4237   3.622888      96.55     1.9843     0.0463    71.8292 1.0000e-12    5.13354    34.5540    34.5530    26.8596    1485.12    1497.67 0.0000e+00
       2664     99.000     8.4577   3.629208     8.4589   3.629053      96.56     1.9820     0.0478    71.8425 1.0000e-12    5.12817    34.5862    34.5834    26.8797    1485.30    1497.54 0.0000e+00
       2688    100.000     8.4159   3.627389     8.4190   3.627982      96.55     1.9816     0.0446    71.7712 1.0000e-12    5.14877    34.6075    34.6107    26.9028    1485.19    1497.42 0.0000e+00
       2711    101.000     8.3521   3.621311     8.3483   3.621478      96.56     1.9816     0.0457    71.7661 1.0000e-12    5.15727    34.6051    34.6106    26.9107    1484.96    1497.29 0.0000e+00
       2733    102.000     8.2992   3.615741     8.3133   3.617481      96.55     1.9815     0.0501    71.7923 1.0000e-12    5.15949    34.5974    34.6020    26.9127    1484.77    1497.17 0.0000e+00
       2755    103.000     8.2459   3.610424     8.2483   3.611228      96.55     1.9807     0.0479    71.7791 1.0000e-12    5.15589    34.5927    34.5989    26.9172    1484.58    1497.05 0.0000e+00
       2779    104.000     8.2130   3.609283     8.2142   3.609303      96.55     1.9793     0.0446    71.8221 1.0000e-12    5.14812    34.6124    34.6115    26.9377    1484.50    1496.93 0.0000e+00
       2803    105.000     8.2035   3.609969     8.2033   3.609928      96.55     1.9774     0.0458    71.7859 1.0000e-12    5.13888    34.6286    34.6284    26.9518    1484.50    1496.81 0.0000e+00
       2825    106.000     8.1860   3.609560     8.1873   3.609627      96.55     1.9754     0.0458    71.7772 1.0000e-12    5.13052    34.6410    34.6405    26.9642    1484.46    1496.69 0.0000e+00
       2846    107.000     8.1739   3.609551     8.1741   3.609647      96.55     1.9734     0.0466    71.7832 1.0000e-12    5.12926    34.6524    34.6532    26.9750    1484.45    1496.57 0.0000e+00
       2865    108.000     8.1626   3.609837     8.1634   3.609920      96.55     1.9719     0.0455    71.7800 1.0000e-12    5.13111    34.6661    34.6662    26.9875    1484.44    1496.46 0.0000e+00
       2885    109.000     8.1403   3.608326     8.1412   3.608589      96.56     1.9708     0.0442    71.7924 1.0000e-12    5.13460    34.6715    34.6735    26.9951    1484.38    1496.35 0.0000e+00
       2905    110.000     8.1271   3.607287     8.1279   3.607440      96.55     1.9699     0.0438    71.7958 1.0000e-12    5.12753    34.6730    34.6738    26.9982    1484.35    1496.24 0.0000e+00
       2926    111.000     8.1141   3.606850     8.1150   3.606916      96.55     1.9680     0.0437    71.7823 1.0000e-12    5.11834    34.6807    34.6805    27.0062    1484.33    1496.13 0.0000e+00
       2948    112.000     8.1145   3.607777     8.1152   3.607699      96.55     1.9663     0.0431    71.7715 1.0000e-12    5.12086    34.6897    34.6882    27.0133    1484.35    1496.02 0.0000e+00
       2973    113.000     8.1180   3.609314     8.1184   3.609144      96.55     1.9652     0.0456    71.7434 1.0000e-12    5.11818    34.7022    34.7000    27.0226    1484.40    1495.92 0.0000e+00
       2999    114.000     8.1543   3.614114     8.1560   3.614274      96.55     1.9636     0.0437    71.7297 1.0000e-12    5.10991    34.7172    34.7172    27.0288    1484.57    1495.82 0.0000e+00
       3023    115.000     8.1035   3.609817     8.1055   3.610291      96.55     1.9628     0.0422    71.6853 1.0000e-12    5.11824    34.7210    34.7241    27.0395    1484.40    1495.72 0.0000e+00
       3046    116.000     8.0980   3.610167     8.0984   3.610105      96.55     1.9623     0.0437    71.6754 1.0000e-12    5.13015    34.7297    34.7287    27.0472    1484.41    1495.62 0.0000e+00
       3067    117.000     8.0967   3.610626     8.0978   3.610682      96.55     1.9632     0.0441    71.6731 1.0000e-12    5.13392    34.7354    34.7350    27.0518    1484.43    1495.53 0.0000e+00
       3089    118.000     8.1230   3.614524     8.1232   3.614097      96.55     1.9627     0.0446    71.6176 1.0000e-12    5.11623    34.7506    34.7459    27.0598    1484.56    1495.43 0.0000e+00
       3110    119.000     8.1351   3.616058     8.1360   3.616060      96.55     1.9621     0.0461    71.6072 1.0000e-12    5.12366    34.7546    34.7537    27.0611    1484.63    1495.34 0.0000e+00
       3130    120.000     8.1484   3.618104     8.1479   3.617792      96.55     1.9628     0.0455    71.0005 1.0000e-12    5.14374    34.7628    34.7600    27.0655    1484.70    1495.25 0.0000e+00
       3151    121.000     8.1567   3.619527     8.1587   3.619498      96.55     1.9651     0.0438    71.1438 1.0000e-12    5.16630    34.7693    34.7670    27.0694    1484.76    1495.16 0.0000e+00
       3173    122.000     8.1488   3.619857     8.1517   3.620484      96.55     1.9679     0.0451    71.5844 1.0000e-12    5.18542    34.7802    34.7840    27.0791    1484.76    1495.08 0.0000e+00
       3196    123.000     8.1284   3.618574     8.1298   3.618539      96.56     1.9719     0.0440    71.5600 1.0000e-12    5.21097    34.7862    34.7844    27.0869    1484.71    1494.99 0.0000e+00
       3219    124.000     8.1199   3.619801     8.1210   3.620190      96.55     1.9761     0.0424    71.5609 1.0000e-12    5.22436    34.8073    34.8104    27.1048    1484.72    1494.91 0.0000e+00
       3242    125.000     8.0525   3.616852     8.0534   3.617029      96.55     1.9795     0.0444    71.4985 1.0000e-12    5.22233    34.8422    34.8432    27.1423    1484.52    1494.83 0.0000e+00
       3266    126.000     8.0370   3.616718     8.0378   3.616876      96.55     1.9808     0.0446    71.4162 1.0000e-12    5.22137    34.8557    34.8566    27.1553    1484.50    1494.74 0.0000e+00
       3288    127.000     8.0343   3.616683     8.0353   3.616824      94.54     1.9827     0.0423    71.3648 1.0000e-12    5.23765    34.8575    34.8580    27.1571    1484.51    1494.66 0.0000e+00
       3309    128.000     8.0337   3.616729     8.0347   3.616879      88.00     1.9853     0.0454    71.3130 1.0000e-12    5.26384    34.8581    34.8587    27.1577    1484.52    1494.58 0.0000e+00
       3330    129.000     8.0323   3.616765     8.0334   3.616905      96.52     1.9887     0.0448    71.2483 1.0000e-12    5.26753    34.8594    34.8598    27.1589    1484.54    1494.50 0.0000e+00
       3352    130.000     8.0272   3.616746     8.0283   3.616907      96.55     1.9906     0.0432    71.2692 1.0000e-12    5.26466    34.8638    34.8644    27.1631    1484.54    1494.43 0.0000e+00
       3376    131.000     8.0253   3.616769     8.0263   3.616918      96.55     1.9925     0.0427    71.3190 1.0000e-12    5.26583    34.8654    34.8660    27.1647    1484.55    1494.35 0.0000e+00
       3400    132.000     8.0248   3.616978     8.0260   3.617130      96.55     1.9938     0.0421    71.2847 1.0000e-12    5.26863    34.8677    34.8681    27.1665    1484.57    1494.28 0.0000e+00
       3423    133.000     8.0245   3.617084     8.0256   3.617238      96.23     1.9948     0.0434    71.2738 1.0000e-12    5.26294    34.8686    34.8692    27.1673    1484.58    1494.20 0.0000e+00
       3444    134.000     8.0238   3.617301     8.0247   3.617392      96.55     1.9948     0.0402    71.2680 1.0000e-12    5.26053    34.8712    34.8713    27.1694    1484.60    1494.13 0.0000e+00
       3467    135.000     8.0234   3.617588     8.0247   3.617768      96.55     1.9953     0.0348    71.2536 1.0000e-12    5.26993    34.8742    34.8748    27.1718    1484.62    1494.06 0.0000e+00
       3490    136.000     8.0213   3.617553     8.0222   3.617718      96.55     1.9962     0.0363    71.1930 1.0000e-12    5.27105    34.8754    34.8763    27.1731    1484.63    1493.99 0.0000e+00
       3514    137.000     8.0180   3.617609     8.0187   3.617784      96.55     1.9964     0.0395    71.2371 1.0000e-12    5.26758    34.8788    34.8800    27.1763    1484.64    1493.92 0.0000e+00
       3537    138.000     8.0112   3.617829     8.0123   3.617983      96.55     1.9965     0.0424    71.2161 1.0000e-12    5.27642    34.8875    34.8880    27.1841    1484.64    1493.85 0.0000e+00
       3557    139.000     8.0044   3.617997     8.0052   3.618153      96.55     1.9976     0.0419    71.1786 1.0000e-12    5.28949    34.8956    34.8964    27.1915    1484.64    1493.79 0.0000e+00
       3577    140.000     7.9975   3.618146     7.9985   3.618284      96.55     1.9988     0.0404    71.1623 1.0000e-12    5.29886    34.9036    34.9040    27.1988    1484.64    1493.72 0.0000e+00
       3597    141.000     7.9945   3.618702     7.9956   3.618839      96.55     2.0004     0.0388    71.1691 1.0000e-12    5.30815    34.9120    34.9124    27.2059    1484.66    1493.66 0.0000e+00
       3618    142.000     7.9943   3.618781     7.9954   3.618957      96.55     2.0023     0.0398    71.2149 1.0000e-12    5.32478    34.9126    34.9134    27.2064    1484.67    1493.59 0.0000e+00
       3644    143.000     7.9932   3.619092     7.9943   3.619228      96.55     2.0057     0.0495    71.1916 1.0000e-12    5.34870    34.9165    34.9169    27.2096    1484.69    1493.53 0.0000e+00
       3672    144.000     7.9921   3.619286     7.9932   3.619482      96.56     2.0103     0.0494    71.2661 1.0000e-12    5.36728    34.9192    34.9202    27.2119    1484.70    1493.47 0.0000e+00
       3699    145.000     7.9896   3.619454     7.9908   3.619632      96.55     2.0142     0.0452    71.2913 1.0000e-12    5.37579    34.9231    34.9238    27.2153    1484.72    1493.41 0.0000e+00
       3721    146.000     7.9898   3.619690     7.9910   3.619861      96.55     2.0170     0.0459    71.3097 1.0000e-12    5.37944    34.9249    34.9255    27.2167    1484.74    1493.35 0.0000e+00
       3741    147.000     7.9902   3.619948     7.9912   3.620113      96.55     2.0189     0.0462    71.3282 1.0000e-12    5.38004    34.9268    34.9276    27.2181    1484.76    1493.29 0.0000e+00
       3762    148.000     7.9852   3.620100     7.9864   3.620297      96.56     2.0205     0.0442    71.3610 1.0000e-12    5.38249    34.9329    34.9338    27.2237    1484.76    1493.23 0.0000e+00
       3784    149.000     7.9837   3.620326     7.9848   3.620476      96.55     2.0220     0.0412    71.3772 1.0000e-12    5.38552    34.9364    34.9369    27.2266    1484.78    1493.18 0.0000e+00
       3809    150.000     7.9861   3.620770     7.9872   3.620945      96.55     2.0236     0.0394    71.3961 1.0000e-12    5.39500    34.9383    34.9390    27.2278    1484.80    1493.12 0.0000e+00
       3832    151.000     7.9865   3.621053     7.9876   3.621223      96.55     2.0254     0.0378    71.4096 1.0000e-12    5.40368    34.9404    34.9411    27.2294    1484.82    1493.06 0.0000e+00
       3853    152.000     7.9859   3.621338     7.9870   3.621487      96.55     2.0271     0.0383    71.3968 1.0000e-12    5.41066    34.9436    34.9441    27.2320    1484.84    1493.01 0.0000e+00
       3872    153.000     7.9855   3.621582     7.9866   3.621765      96.55     2.0286     0.0398    71.3941 1.0000e-12    5.41597    34.9461    34.9470    27.2340    1484.86    1492.96 0.0000e+00
       3891    154.000     7.9855   3.621683     7.9867   3.621871      96.55     2.0302     0.0368    71.4035 1.0000e-12    5.42968    34.9467    34.9475    27.2345    1484.88    1492.90 0.0000e+00
       3912    155.000     7.9861   3.621894     7.9872   3.622073      96.55     2.0327     0.0363    71.4023 1.0000e-12    5.44189    34.9479    34.9487    27.2353    1484.90    1492.85 0.0000e+00
       3936    156.000     7.9858   3.622092     7.9869   3.622295      96.55     2.0353     0.0397    71.3939 1.0000e-12    5.44813    34.9498    34.9509    27.2369    1484.92    1492.80 0.0000e+00
       3967    157.000     7.9828   3.622159     7.9841   3.622368      96.55     2.0376     0.0387    71.3885 1.0000e-12    5.44540    34.9531    34.9540    27.2399    1484.93    1492.75 0.0000e+00
       3998    158.000     7.9762   3.622199     7.9773   3.622406      96.55     2.0394     0.0386    71.3879 1.0000e-12    5.45030    34.9596    34.9607    27.2460    1484.92    1492.70 0.0000e+00
       4022    159.000     7.9710   3.622251     7.9721   3.622456      35.16     2.0403     0.0374    71.3610 1.0000e-12    5.46447    34.9649    34.9660    27.2509    1484.93    1492.65 0.0000e+00
       4043    160.000     7.9705   3.622307     7.9715   3.622522      87.83     2.0433     0.0394    71.3858 1.0000e-12    5.48184    34.9655    34.9668    27.2515    1484.94    1492.60 0.0000e+00
       4062    161.000     7.9672   3.622476     7.9685   3.622664      96.48     2.0441     0.0401    71.3725 1.0000e-12    5.46240    34.9701    34.9708    27.2556    1484.95    1492.55 0.0000e+00
