_data/ctd/2016/Sta0952_2016.cnv
* Sea-Bird SBE 9 Data File:
* FileName = C:\Seabird\CTDDATA\sta0952.hex
* Software Version Seasave V 7.21f
* Temperature SN = 5458
* Conductivity SN = 044221
* Number of Bytes Per Scan = 41
* Number of Voltage Words = 4
* Number of Scans Averaged by the Deck Unit = 1
* NMEA Latitude = 60 52.08 N
* NMEA Longitude = 005 22.00 E
* NMEA UTC (Time) = Sep 21 2016 11:31:34
** Ship: 01 F/F "Håkon Mosby"
** Station: 0952
** Echodepth: 472
** Log: 3337,9
** Wind-Dir Force: 25 04
** Air-temp (dry): 18.0
** Weather Sky: 2 9
** Sea Ice: 1 0
** UNIS station:
# nquan = 18                                
# nvalues = 458                         
# units = specified
# name 0 = scan: Scan Count
# name 1 = prDM: Pressure, Digiquartz [db]
# name 2 = t068C: Temperature [ITS-68, deg C]
# name 3 = c0S/m: Conductivity [S/m]
# name 4 = t168C: Temperature, 2 [ITS-68, deg C]
# name 5 = c1S/m: Conductivity, 2 [S/m]
# name 6 = altM: Altimeter [m]
# name 7 = sbeox0V: Oxygen raw, SBE 43 [V]
# name 8 = flC: Fluorescence, Chelsea Aqua 3 Chl Con [ug/l]
# name 9 = xmiss: Beam Transmission, Chelsea/Seatech [%]
# name 10 = par: PAR/Irradiance, Biospherical/Licor
# name 11 = sbeox0ML/L: Oxygen, SBE 43 [ml/l], WS = 2
# name 12 = sal00: Salinity, Practical [PSU]
# name 13 = sal11: Salinity, Practical, 2 [PSU]
# name 14 = sigma-t00: Density [sigma-t, Kg/m^3 ]
# name 15 = svCM: Sound Velocity [Chen-Millero, m/s]
# name 16 = avgsvCM: Average Sound Velocity [Chen-Millero, m/s], minP = 0, minS = 0
# name 17 = flag: flag
# span 0 =        266,      10889       
# span 1 =      2.000,    459.000       
# span 2 =     8.1508,    15.1914       
# span 3 =   2.966640,   3.818082       
# span 4 =     8.1520,    15.1921       
# span 5 =   3.032096,   3.818326       
# span 6 =      25.28,      97.86       
# span 7 =     1.0125,     2.4417       
# span 8 =     0.0331,     1.0490       
# span 9 =    59.7061,    72.1029       
# span 10 = 1.0000e-12, 2.3220e+02      
# span 11 =    1.83005,    6.17034      
# span 12 =    23.1227,    35.0502      
# span 13 =    23.7056,    35.0532      
# span 14 =    16.8004,    27.2845      
# span 15 =    1484.53,    1501.80      
# span 16 =    1488.56,    1500.50      
# span 17 = 0.0000e+00, 0.0000e+00      
# interval = decibars: 1                
# start_time = Sep 21 2016 11:31:36 [System UTC, first data scan.]
# bad_flag = -9.990e-29
*END*
        266      2.000    15.1899   2.966640    15.1569   3.032096      96.57     2.4359     0.7754    65.1519 2.3220e+02    6.17034    23.1227    23.7056    16.8004    1493.53    1493.53 0.0000e+00
        301      3.000    15.1910   3.419875    15.1885   3.396900      96.55     2.4410     0.7620    62.9055 1.8577e+02    6.04929    27.0535    26.8540    19.8169    1498.09    1495.05 0.0000e+00
        333      4.000    15.1914   3.633995    15.1921   3.632454      96.56     2.4417     0.8358    60.0891 1.1756e+02    5.91584    28.9372    28.9230    21.2640    1500.29    1496.36 0.0000e+00
        361      5.000    15.1581   3.654427    15.1621   3.653396      96.55     2.4228     0.9984    59.7061 7.8470e+01    5.72540    29.1422    29.1301    21.4287    1500.44    1497.17 0.0000e+00
        384      6.000    15.0895   3.682713    15.0876   3.680887      96.55     2.3958     1.0235    63.0367 5.5527e+01    5.61702    29.4439    29.4292    21.6751    1500.59    1497.74 0.0000e+00
        406      7.000    15.0274   3.711360    15.0287   3.710496      96.55     2.3720     1.0490    63.3956 4.0911e+01    5.54472    29.7453    29.7366    21.9199    1500.75    1498.17 0.0000e+00
        424      8.000    14.9880   3.718266    14.9903   3.718361      96.56     2.3511     0.9719    64.5207 3.0231e+01    5.47546    29.8365    29.8356    21.9983    1500.75    1498.49 0.0000e+00
        445      9.000    14.9271   3.723973    14.9284   3.723495      96.55     2.3268     0.7889    66.1296 2.2184e+01    5.38944    29.9336    29.9283    22.0858    1500.68    1498.74 0.0000e+00
        464     10.000    14.9303   3.732545    14.9313   3.731980      96.55     2.3020     0.6193    66.9003 1.6818e+01    5.31482    30.0074    30.0016    22.1419    1500.80    1498.94 0.0000e+00
        484     11.000    14.9203   3.738793    14.9219   3.738743      96.55     2.2783     0.5048    67.6159 1.2964e+01    5.25696    30.0705    30.0689    22.1927    1500.86    1499.11 0.0000e+00
        505     12.000    14.8827   3.742054    14.8839   3.741980      78.56     2.2565     0.4251    68.0920 1.0319e+01    5.21819    30.1283    30.1267    22.2450    1500.82    1499.26 0.0000e+00
        525     13.000    14.8768   3.749995    14.8783   3.749678      49.31     2.2392     0.3578    68.6084 8.3372e+00    5.19849    30.2036    30.1996    22.3042    1500.90    1499.38 0.0000e+00
        545     14.000    14.8338   3.750906    14.8341   3.751332      96.80     2.2244     0.2982    69.0358 6.8504e+00    5.16717    30.2447    30.2483    22.3448    1500.83    1499.49 0.0000e+00
        565     15.000    14.8178   3.758116    14.8193   3.757580      96.56     2.2099     0.2510    69.4304 5.6983e+00    5.13295    30.3214    30.3155    22.4072    1500.88    1499.58 0.0000e+00
        586     16.000    14.8419   3.768450    14.8434   3.767751      71.68     2.1975     0.2110    69.8026 4.7808e+00    5.12426    30.3950    30.3876    22.4588    1501.06    1499.67 0.0000e+00
        606     17.000    14.8424   3.780295    14.8444   3.779499      90.29     2.1909     0.1787    70.0532 4.0627e+00    5.13124    30.5005    30.4918    22.5399    1501.20    1499.76 0.0000e+00
        626     18.000    14.8803   3.791736    14.8818   3.791544      96.47     2.1846     0.1527    70.1625 3.4813e+00    5.11087    30.5731    30.5702    22.5879    1501.43    1499.85 0.0000e+00
        647     19.000    14.8871   3.795714    14.8886   3.795732      96.04     2.1795     0.1349    70.3987 2.9927e+00    5.11101    30.6031    30.6021    22.6095    1501.50    1499.94 0.0000e+00
        668     20.000    14.8765   3.797811    14.8776   3.798043      91.51     2.1767     0.1231    70.5223 2.6036e+00    5.11508    30.6299    30.6311    22.6324    1501.51    1500.02 0.0000e+00
        688     21.000    14.8774   3.800256    14.8788   3.800352      96.50     2.1741     0.1148    70.6701 2.2745e+00    5.10518    30.6508    30.6505    22.6482    1501.56    1500.09 0.0000e+00
        709     22.000    14.8589   3.801151    14.8601   3.801164      96.55     2.1715     0.1112    70.7544 1.9848e+00    5.10641    30.6730    30.6721    22.6692    1501.54    1500.16 0.0000e+00
        730     23.000    14.8243   3.804967    14.8250   3.805092      96.56     2.1702     0.1067    70.8314 1.7338e+00    5.10868    30.7341    30.7347    22.7236    1501.52    1500.22 0.0000e+00
        752     24.000    14.8809   3.818082    14.8820   3.817272      96.56     2.1687     0.0984    70.9184 1.5136e+00    5.10548    30.8069    30.7987    22.7677    1501.80    1500.28 0.0000e+00
        773     25.000    14.8367   3.817413    14.8368   3.818326      96.55     2.1694     0.0906    70.9912 1.3252e+00    5.11058    30.8354    30.8435    22.7990    1501.71    1500.34 0.0000e+00
        794     26.000    14.7602   3.811241    14.7605   3.812158      96.55     2.1673     0.0861    71.0322 1.1642e+00    5.09341    30.8400    30.8481    22.8186    1501.48    1500.38 0.0000e+00
        816     27.000    14.6970   3.806199    14.6984   3.806773      91.12     2.1637     0.0847    71.0851 1.0242e+00    5.07484    30.8443    30.8484    22.8351    1501.30    1500.42 0.0000e+00
        838     28.000    14.6924   3.806313    14.6937   3.806675      25.28     2.1581     0.0822    71.1383 9.0679e-01    5.07046    30.8486    30.8508    22.8394    1501.31    1500.45 0.0000e+00
        860     29.000    14.6719   3.805742    14.6735   3.806306      97.86     2.1575     0.0803    71.1721 8.0516e-01    5.09768    30.8593    30.8632    22.8519    1501.27    1500.48 0.0000e+00
        882     30.000    14.5608   3.798462    14.5621   3.799978      96.55     2.1581     0.0807    71.1979 7.1181e-01    5.11005    30.8814    30.8941    22.8921    1500.95    1500.49 0.0000e+00
        904     31.000    14.4564   3.791323    14.4571   3.791957      56.40     2.1566     0.0774    71.2415 6.2547e-01    5.10257    30.8995    30.9047    22.9277    1500.65    1500.50 0.0000e+00
        927     32.000    14.3257   3.779913    14.3248   3.781623      96.39     2.1553     0.0783    71.2849 5.4537e-01    5.10904    30.8997    30.9160    22.9549    1500.25    1500.49 0.0000e+00
        949     33.000    14.1346   3.762215    14.1327   3.764150      96.55     2.1515     0.0741    71.3087 4.7236e-01    5.09341    30.8908    30.9100    22.9872    1499.63    1500.46 0.0000e+00
        972     34.000    13.9399   3.746105    13.9408   3.746829      83.61     2.1447     0.0711    71.3520 4.0778e-01    5.08001    30.8991    30.9050    23.0330    1499.02    1500.42 0.0000e+00
        995     35.000    13.8682   3.742807    13.8664   3.743819      91.62     2.1390     0.0723    71.3812 3.5794e-01    5.09247    30.9260    30.9368    23.0683    1498.83    1500.38 0.0000e+00
       1017     36.000    13.6549   3.729139    13.6580   3.730895      96.55     2.1356     0.0711    71.4141 3.0950e-01    5.10574    30.9718    30.9855    23.1464    1498.19    1500.32 0.0000e+00
       1041     37.000    13.5838   3.723117    13.5835   3.723646      96.56     2.1316     0.0691    71.4767 2.6872e-01    5.10939    30.9732    30.9784    23.1617    1497.98    1500.25 0.0000e+00
       1064     38.000    13.5572   3.722176    13.5586   3.722518      96.55     2.1302     0.0678    71.4959 2.3496e-01    5.13575    30.9857    30.9877    23.1766    1497.92    1500.19 0.0000e+00
       1088     39.000    13.5214   3.723800    13.5214   3.724126      96.55     2.1319     0.0678    71.5163 2.0434e-01    5.14652    31.0294    31.0324    23.2174    1497.87    1500.13 0.0000e+00
       1112     40.000    13.4266   3.722104    13.4275   3.722815      96.55     2.1318     0.0645    71.5488 1.8098e-01    5.14899    31.0903    31.0962    23.2833    1497.64    1500.07 0.0000e+00
       1136     41.000    13.2469   3.709031    13.2509   3.710830      76.30     2.1317     0.0640    71.5720 1.4973e-01    5.16068    31.1149    31.1284    23.3376    1497.09    1500.00 0.0000e+00
       1160     42.000    13.1313   3.704864    13.1328   3.705129      50.89     2.1303     0.0672    71.6091 1.2381e-01    5.17510    31.1702    31.1715    23.4029    1496.78    1499.92 0.0000e+00
       1184     43.000    13.0369   3.702492    13.0376   3.703330      95.75     2.1318     0.0664    71.6349 1.0603e-01    5.20815    31.2252    31.2325    23.4638    1496.55    1499.84 0.0000e+00
       1208     44.000    12.9413   3.700378    12.9421   3.700720      84.75     2.1342     0.0603    71.6514 9.0321e-02    5.22388    31.2838    31.2863    23.5276    1496.31    1499.76 0.0000e+00
       1232     45.000    12.8232   3.699303    12.8241   3.699336      63.62     2.1367     0.0585    71.6728 7.6807e-02    5.25295    31.3710    31.3706    23.6179    1496.03    1499.68 0.0000e+00
       1256     46.000    12.7805   3.705627    12.7821   3.705664      96.53     2.1394     0.0571    71.6830 6.4259e-02    5.25643    31.4658    31.4648    23.6994    1496.02    1499.60 0.0000e+00
       1280     47.000    12.7473   3.707914    12.7482   3.708451      92.00     2.1420     0.0562    71.6807 5.0169e-02    5.26836    31.5147    31.5190    23.7436    1495.98    1499.52 0.0000e+00
       1305     48.000    12.7151   3.706818    12.7158   3.707181      80.89     2.1444     0.0548    71.6862 4.2367e-02    5.27355    31.5308    31.5336    23.7623    1495.91    1499.45 0.0000e+00
       1329     49.000    12.5378   3.702040    12.5402   3.702745      96.85     2.1442     0.0606    71.7073 3.3987e-02    5.25433    31.6336    31.6383    23.8757    1495.44    1499.36 0.0000e+00
       1354     50.000    12.4858   3.704474    12.4869   3.704742      96.55     2.1403     0.0620    71.6799 2.5169e-02    5.23848    31.7001    31.7018    23.9371    1495.36    1499.28 0.0000e+00
       1378     51.000    12.4188   3.704198    12.4207   3.704743      96.55     2.1381     0.0563    71.6903 1.9599e-02    5.25434    31.7536    31.7572    23.9912    1495.21    1499.20 0.0000e+00
       1402     52.000    12.1686   3.690115    12.1713   3.691633      96.55     2.1370     0.0545    71.7021 1.3813e-02    5.27249    31.8307    31.8429    24.0979    1494.47    1499.11 0.0000e+00
       1426     53.000    11.9965   3.686955    11.9979   3.687732      96.55     2.1339     0.0533    71.6706 6.5819e-03    5.27208    31.9467    31.9530    24.2199    1494.03    1499.02 0.0000e+00
       1449     54.000    11.8525   3.680406    11.8546   3.681379      96.55     2.1332     0.0534    71.6796 2.1090e-03    5.32896    32.0066    32.0142    24.2929    1493.62    1498.92 0.0000e+00
       1474     55.000    11.4582   3.667498    11.4599   3.668930      96.56     2.1371     0.0532    71.6602 8.8101e-05    5.38571    32.2218    32.2344    24.5318    1492.53    1498.80 0.0000e+00
       1497     56.000    11.2193   3.660730    11.2217   3.661781      96.55     2.1380     0.0538    71.5905 5.1771e-07    5.39716    32.3640    32.3722    24.6851    1491.88    1498.67 0.0000e+00
       1521     57.000    11.0973   3.655663    11.0994   3.656274      93.51     2.1394     0.0562    71.6181 1.0000e-12    5.42453    32.4210    32.4251    24.7511    1491.53    1498.55 0.0000e+00
       1546     58.000    10.7932   3.641596    10.7914   3.644295      47.68     2.1418     0.0578    71.6354 1.0000e-12    5.47524    32.5504    32.5788    24.9052    1490.63    1498.41 0.0000e+00
       1570     59.000    10.3125   3.619620    10.3146   3.620435      97.12     2.1433     0.0565    71.6245 1.0000e-12    5.48284    32.7606    32.7669    25.1516    1489.19    1498.25 0.0000e+00
       1594     60.000    10.1933   3.622663    10.1935   3.623187      96.44     2.1393     0.0528    71.6410 1.0000e-12    5.49145    32.8986    32.9037    25.2794    1488.95    1498.10 0.0000e+00
       1618     61.000     9.8889   3.609775     9.8896   3.611251      72.52     2.1411     0.0518    71.6516 1.0000e-12    5.56053    33.0450    33.0594    25.4445    1488.04    1497.93 0.0000e+00
       1642     62.000     9.6771   3.605173     9.6779   3.605566      96.92     2.1408     0.0532    71.6439 1.0000e-12    5.53412    33.1923    33.1956    25.5945    1487.47    1497.76 0.0000e+00
       1666     63.000     9.5627   3.604528     9.5642   3.604941      96.55     2.1368     0.0531    71.6363 1.0000e-12    5.51458    33.2911    33.2939    25.6904    1487.19    1497.59 0.0000e+00
       1690     64.000     9.4876   3.605232     9.4890   3.605411      87.26     2.1316     0.0514    71.7026 1.0000e-12    5.49008    33.3676    33.3682    25.7624    1487.03    1497.43 0.0000e+00
       1713     65.000     9.4029   3.603085     9.4038   3.603889      96.37     2.1248     0.0552    71.7260 1.0000e-12    5.44234    33.4240    33.4315    25.8202    1486.80    1497.26 0.0000e+00
       1737     66.000     9.2642   3.600129     9.2654   3.600455      96.55     2.1143     0.0529    71.7759 1.0000e-12    5.39316    33.5229    33.5251    25.9198    1486.43    1497.10 0.0000e+00
       1761     67.000     9.1955   3.600079     9.1966   3.600408      96.56     2.1025     0.0522    71.8032 1.0000e-12    5.35994    33.5865    33.5888    25.9806    1486.28    1496.93 0.0000e+00
       1785     68.000     9.1259   3.599390     9.1266   3.599829      96.55     2.0920     0.0511    71.8407 1.0000e-12    5.34209    33.6445    33.6484    26.0371    1486.11    1496.77 0.0000e+00
       1808     69.000     8.9372   3.591763     8.9379   3.592892      96.55     2.0816     0.0516    71.8793 1.0000e-12    5.31203    33.7432    33.7543    26.1442    1485.55    1496.61 0.0000e+00
       1833     70.000     8.7929   3.586775     8.7948   3.587121      96.55     2.0689     0.0539    71.8697 1.0000e-12    5.26145    33.8279    33.8297    26.2332    1485.13    1496.45 0.0000e+00
       1856     71.000     8.7295   3.591418     8.7307   3.591512      96.55     2.0553     0.0539    71.8622 1.0000e-12    5.21509    33.9368    33.9366    26.3284    1485.05    1496.28 0.0000e+00
       1881     72.000     8.6478   3.589373     8.6492   3.589751      96.56     2.0407     0.0567    71.9198 1.0000e-12    5.14894    33.9932    33.9959    26.3853    1484.83    1496.12 0.0000e+00
       1905     73.000     8.6103   3.592348     8.6116   3.592199      96.56     2.0234     0.0564    71.9001 1.0000e-12    5.06820    34.0602    34.0574    26.4436    1484.79    1495.97 0.0000e+00
       1929     74.000     8.5932   3.595329     8.5942   3.595677      96.55     2.0050     0.0508    71.9392 1.0000e-12    4.99551    34.1077    34.1104    26.4835    1484.80    1495.82 0.0000e+00
       1954     75.000     8.5510   3.597410     8.5530   3.596643      96.55     1.9859     0.0493    71.9679 1.0000e-12    4.93478    34.1700    34.1600    26.5389    1484.74    1495.67 0.0000e+00
       1977     76.000     8.5818   3.606876     8.5829   3.607321      96.55     1.9682     0.0522    71.9722 1.0000e-12    4.88075    34.2397    34.2433    26.5888    1484.96    1495.52 0.0000e+00
       2002     77.000     8.5225   3.603892     8.5241   3.603891      96.56     1.9509     0.0529    71.9679 1.0000e-12    4.82841    34.2652    34.2637    26.6179    1484.78    1495.38 0.0000e+00
       2026     78.000     8.5349   3.610187     8.5362   3.609971      96.55     1.9341     0.0520    71.9484 1.0000e-12    4.78445    34.3193    34.3158    26.6584    1484.91    1495.25 0.0000e+00
       2050     79.000     8.4587   3.609736     8.4601   3.610383      96.55     1.9193     0.0500    71.9453 1.0000e-12    4.75609    34.3883    34.3938    26.7242    1484.73    1495.11 0.0000e+00
       2074     80.000     8.3864   3.607396     8.3878   3.607339      96.55     1.9052     0.0477    71.9591 1.0000e-12    4.70733    34.4336    34.4316    26.7709    1484.53    1494.98 0.0000e+00
       2098     81.000     8.3717   3.610307     8.3729   3.610343      38.58     1.8890     0.0473    71.9991 1.0000e-12    4.61989    34.4784    34.4776    26.8083    1484.55    1494.85 0.0000e+00
