_data/ctd/2016/Sta0946_2016.cnv
* Sea-Bird SBE 9 Data File:
* FileName = C:\Seabird\CTDDATA\sta0946.hex
* Software Version Seasave V 7.21f
* Temperature SN = 5458
* Conductivity SN = 044221
* Number of Bytes Per Scan = 41
* Number of Voltage Words = 4
* Number of Scans Averaged by the Deck Unit = 1
* NMEA Latitude = 60 49.51 N
* NMEA Longitude = 005 20.56 E
* NMEA UTC (Time) = Sep 20 2016 02:42:27
** Ship: 01 F/F "Håkon Mosby"
** Station: 0946
** Echodepth: 299
** Log: 3296,2
** Wind-Dir Force: 11 03
** Air-temp (dry): 13
** Weather Sky: 2 9
** Sea Ice: 2 0
** UNIS station:
# nquan = 18                                
# nvalues = 288                         
# units = specified
# name 0 = scan: Scan Count
# name 1 = prDM: Pressure, Digiquartz [db]
# name 2 = t068C: Temperature [ITS-68, deg C]
# name 3 = c0S/m: Conductivity [S/m]
# name 4 = t168C: Temperature, 2 [ITS-68, deg C]
# name 5 = c1S/m: Conductivity, 2 [S/m]
# name 6 = altM: Altimeter [m]
# name 7 = sbeox0V: Oxygen raw, SBE 43 [V]
# name 8 = flC: Fluorescence, Chelsea Aqua 3 Chl Con [ug/l]
# name 9 = xmiss: Beam Transmission, Chelsea/Seatech [%]
# name 10 = par: PAR/Irradiance, Biospherical/Licor
# name 11 = sbeox0ML/L: Oxygen, SBE 43 [ml/l], WS = 2
# name 12 = sal00: Salinity, Practical [PSU]
# name 13 = sal11: Salinity, Practical, 2 [PSU]
# name 14 = sigma-t00: Density [sigma-t, Kg/m^3 ]
# name 15 = svCM: Sound Velocity [Chen-Millero, m/s]
# name 16 = avgsvCM: Average Sound Velocity [Chen-Millero, m/s], minP = 0, minS = 0
# name 17 = flag: flag
# span 0 =        589,       7127       
# span 1 =      3.000,    290.000       
# span 2 =     8.1908,    15.4439       
# span 3 =   3.283546,   3.844652       
# span 4 =     8.1920,    15.4651       
# span 5 =   3.264342,   3.844932       
# span 6 =      20.39,      97.68       
# span 7 =     1.4151,     2.3837       
# span 8 =     0.0374,     0.8189       
# span 9 =    63.8229,    71.9520       
# span 10 = -1.632e-06, 2.3235e-01      
# span 11 =    3.20486,    5.86275      
# span 12 =    25.7535,    34.9564      
# span 13 =    25.5775,    34.9581      
# span 14 =    18.7845,    27.2109      
# span 15 =    1484.65,    1502.50      
# span 16 =    1488.65,    1501.24      
# span 17 = 0.0000e+00, 0.0000e+00      
# interval = decibars: 1                
# start_time = Sep 20 2016 02:42:28 [System UTC, first data scan.]
# bad_flag = -9.990e-29
*END*
        589      3.000    15.3575   3.283546    15.3723   3.264342      96.54     2.3837     0.8189    63.8229 2.3235e-01    5.86275    25.7535    25.5775    18.7845    1497.13    1497.13 0.0000e+00
        655      4.000    15.4439   3.416843    15.4651   3.445004      96.54     2.3739     0.8028    64.2487 8.5897e-02    5.78738    26.8536    27.0842    19.6108    1498.69    1497.52 0.0000e+00
        694      5.000    15.2277   3.581201    15.2461   3.571532      96.54     2.3734     0.8124    64.2403 4.3770e-02    5.73470    28.4444    28.3459    20.8777    1499.86    1497.99 0.0000e+00
        728      6.000    15.0818   3.665758    15.0797   3.666810      58.05     2.3571     0.7500    65.0458 9.8147e-03    5.56650    29.2992    29.3101    21.5654    1500.40    1498.39 0.0000e+00
        758      7.000    15.0329   3.699996    15.0320   3.700983      97.68     2.3271     0.6470    65.6570 1.7591e-04    5.42276    29.6399    29.6494    21.8377    1500.65    1498.71 0.0000e+00
        786      8.000    14.9334   3.722078    14.9357   3.719597      68.19     2.2990     0.5837    66.6201 -1.632e-06    5.35163    29.9122    29.8883    22.0681    1500.66    1498.95 0.0000e+00
        814      9.000    14.9520   3.742067    14.9541   3.740721      84.95     2.2750     0.4977    67.7037 1.0000e-12    5.30502    30.0761    30.0625    22.1903    1500.93    1499.17 0.0000e+00
        841     10.000    15.0392   3.762117    15.0414   3.762143      96.46     2.2547     0.4342    68.2650 1.0000e-12    5.23924    30.1876    30.1861    22.2577    1501.36    1499.39 0.0000e+00
        869     11.000    15.0315   3.769589    15.0330   3.768803      60.89     2.2371     0.3925    68.6493 1.0000e-12    5.23034    30.2599    30.2517    22.3149    1501.43    1499.58 0.0000e+00
        896     12.000    15.0479   3.787500    15.0500   3.787558      97.18     2.2279     0.3395    69.1521 1.0000e-12    5.22159    30.4067    30.4056    22.4244    1501.67    1499.75 0.0000e+00
        922     13.000    15.0616   3.792673    15.0633   3.792522      91.71     2.2193     0.2898    69.3922 1.0000e-12    5.19022    30.4419    30.4392    22.4486    1501.77    1499.91 0.0000e+00
        947     14.000    15.0526   3.800639    15.0539   3.800326      64.39     2.2114     0.2593    69.6704 1.0000e-12    5.18498    30.5196    30.5158    22.5103    1501.85    1500.04 0.0000e+00
        969     15.000    15.0665   3.808760    15.0679   3.808491      95.85     2.2076     0.2315    69.9798 1.0000e-12    5.17445    30.5810    30.5775    22.5545    1501.98    1500.17 0.0000e+00
        991     16.000    15.0663   3.813095    15.0680   3.813084      96.54     2.2025     0.2056    70.1650 1.0000e-12    5.15122    30.6195    30.6181    22.5842    1502.04    1500.29 0.0000e+00
       1014     17.000    15.0864   3.818968    15.0885   3.818664      62.38     2.1969     0.1858    70.3891 1.0000e-12    5.14806    30.6559    30.6515    22.6079    1502.17    1500.40 0.0000e+00
       1037     18.000    15.1066   3.826147    15.1087   3.826177      96.56     2.1954     0.1749    70.5298 1.0000e-12    5.15302    30.7038    30.7024    22.6405    1502.30    1500.51 0.0000e+00
       1060     19.000    15.1052   3.832052    15.1067   3.831829      96.54     2.1933     0.1642    70.5843 1.0000e-12    5.13685    30.7572    30.7541    22.6819    1502.38    1500.60 0.0000e+00
       1083     20.000    15.1095   3.837417    15.1112   3.837521      68.38     2.1895     0.1501    70.6814 1.0000e-12    5.12999    30.8014    30.8010    22.7150    1502.46    1500.70 0.0000e+00
       1106     21.000    15.1090   3.838158    15.1106   3.838291      96.43     2.1890     0.1376    70.7488 1.0000e-12    5.14047    30.8081    30.8080    22.7202    1502.48    1500.78 0.0000e+00
       1130     22.000    15.0955   3.841479    15.0973   3.841583      96.54     2.1881     0.1293    70.8126 1.0000e-12    5.13805    30.8480    30.8475    22.7538    1502.50    1500.86 0.0000e+00
       1154     23.000    15.0515   3.841950    15.0532   3.842287      74.59     2.1873     0.1223    70.8679 1.0000e-12    5.14284    30.8865    30.8882    22.7929    1502.42    1500.93 0.0000e+00
       1177     24.000    15.0475   3.843014    15.0490   3.843210      96.45     2.1876     0.1133    70.9022 1.0000e-12    5.14062    30.8988    30.8994    22.8032    1502.44    1500.99 0.0000e+00
       1201     25.000    15.0314   3.844652    15.0328   3.844932      96.55     2.1859     0.1079    70.9521 1.0000e-12    5.12973    30.9259    30.9273    22.8274    1502.44    1501.05 0.0000e+00
       1224     26.000    15.0221   3.844550    15.0236   3.844847      78.94     2.1837     0.1036    70.9818 1.0000e-12    5.12911    30.9319    30.9334    22.8340    1502.43    1501.10 0.0000e+00
       1248     27.000    15.0003   3.843917    15.0009   3.844291      95.51     2.1843     0.1054    71.0245 1.0000e-12    5.14386    30.9431    30.9460    22.8473    1502.39    1501.15 0.0000e+00
       1271     28.000    14.9619   3.841459    14.9636   3.841949      96.53     2.1835     0.1001    71.0473 1.0000e-12    5.12947    30.9511    30.9542    22.8616    1502.29    1501.19 0.0000e+00
       1294     29.000    14.9070   3.837554    14.9084   3.838604      86.39     2.1806     0.0913    71.0811 1.0000e-12    5.11847    30.9592    30.9675    22.8794    1502.14    1501.22 0.0000e+00
       1313     30.000    14.7311   3.822485    14.7306   3.824565      91.03     2.1787     0.0891    71.0975 1.0000e-12    5.13123    30.9629    30.9821    22.9193    1501.60    1501.24 0.0000e+00
       1331     31.000    14.5514   3.811551    14.5528   3.813485      96.56     2.1755     0.0872    71.1475 1.0000e-12    5.12502    31.0070    31.0233    22.9908    1501.09    1501.23 0.0000e+00
       1350     32.000    14.3005   3.788300    14.3019   3.790400      96.54     2.1712     0.0837    71.1624 1.0000e-12    5.11910    30.9962    31.0142    23.0344    1500.28    1501.20 0.0000e+00
       1369     33.000    14.2722   3.786329    14.2728   3.786300      86.71     2.1634     0.0805    71.2424 1.0000e-12    5.09520    31.0005    30.9998    23.0436    1500.21    1501.17 0.0000e+00
       1388     34.000    14.2318   3.784222    14.2302   3.785033      95.13     2.1591     0.0781    71.2506 1.0000e-12    5.11034    31.0134    31.0220    23.0618    1500.11    1501.14 0.0000e+00
       1408     35.000    14.1545   3.777618    14.1548   3.778692      96.56     2.1555     0.0801    71.2702 1.0000e-12    5.11397    31.0148    31.0243    23.0787    1499.87    1501.10 0.0000e+00
       1428     36.000    14.0455   3.770773    14.0464   3.771266      96.55     2.1528     0.0793    71.3207 1.0000e-12    5.11691    31.0395    31.0433    23.1200    1499.56    1501.06 0.0000e+00
       1448     37.000    13.8935   3.761723    13.8949   3.764104      91.91     2.1492     0.0781    71.3569 1.0000e-12    5.12089    31.0787    31.0995    23.1811    1499.12    1501.01 0.0000e+00
       1468     38.000    13.6998   3.750362    13.7001   3.750388      95.93     2.1459     0.0767    71.3909 1.0000e-12    5.12081    31.1306    31.1306    23.2601    1498.56    1500.94 0.0000e+00
       1488     39.000    13.6576   3.750473    13.6593   3.751630      96.41     2.1411     0.0735    71.4076 1.0000e-12    5.11067    31.1656    31.1749    23.2955    1498.48    1500.88 0.0000e+00
       1508     40.000    13.5930   3.745606    13.5945   3.746233      96.50     2.1375     0.0712    71.4233 1.0000e-12    5.11102    31.1727    31.1773    23.3139    1498.29    1500.82 0.0000e+00
       1528     41.000    13.4663   3.737673    13.4700   3.739266      96.54     2.1339     0.0713    71.4741 1.0000e-12    5.11874    31.2022    31.2139    23.3618    1497.92    1500.74 0.0000e+00
       1549     42.000    13.3430   3.732623    13.3457   3.733007      96.54     2.1312     0.0676    71.4987 1.0000e-12    5.12457    31.2557    31.2571    23.4276    1497.59    1500.67 0.0000e+00
       1570     43.000    13.2694   3.729697    13.2689   3.731262      96.54     2.1281     0.0641    71.5195 1.0000e-12    5.13328    31.2885    31.3035    23.4674    1497.40    1500.59 0.0000e+00
       1591     44.000    13.0344   3.716321    13.0376   3.717305      96.55     2.1278     0.0624    71.5158 1.0000e-12    5.16344    31.3566    31.3632    23.5659    1496.71    1500.50 0.0000e+00
       1613     45.000    12.8454   3.708699    12.8477   3.709829      96.55     2.1259     0.0624    71.5588 1.0000e-12    5.17827    31.4411    31.4499    23.6679    1496.19    1500.41 0.0000e+00
       1633     46.000    12.6460   3.704748    12.6321   3.704979      96.54     2.1264     0.0625    71.5916 1.0000e-12    5.22054    31.5697    31.5836    23.8056    1495.68    1500.31 0.0000e+00
       1655     47.000    12.4000   3.707412    12.3994   3.707530      96.54     2.1287     0.0621    71.5610 1.0000e-12    5.25815    31.8018    31.8034    24.0321    1495.14    1500.20 0.0000e+00
       1677     48.000    12.3212   3.706943    12.3226   3.707614      96.54     2.1315     0.0599    71.5076 1.0000e-12    5.28317    31.8638    31.8690    24.0950    1494.96    1500.09 0.0000e+00
       1699     49.000    11.9379   3.690591    11.9413   3.692844      96.54     2.1349     0.0566    71.5848 1.0000e-12    5.30926    32.0337    32.0525    24.2982    1493.87    1499.96 0.0000e+00
       1721     50.000    11.7538   3.684578    11.7559   3.685240      96.54     2.1329     0.0573    71.5836 1.0000e-12    5.29758    32.1337    32.1383    24.4097    1493.37    1499.83 0.0000e+00
       1743     51.000    11.6662   3.681378    11.6657   3.681765      96.54     2.1329     0.0573    71.6369 1.0000e-12    5.35506    32.1781    32.1823    24.4601    1493.13    1499.69 0.0000e+00
       1766     52.000    11.4415   3.674596    11.4454   3.676258      96.55     2.1392     0.0571    71.6477 1.0000e-12    5.41731    32.3070    32.3199    24.6010    1492.52    1499.56 0.0000e+00
       1788     53.000    11.0369   3.658426    11.0394   3.660121      96.54     2.1422     0.0566    71.6216 1.0000e-12    5.41592    32.5032    32.5178    24.8258    1491.36    1499.40 0.0000e+00
       1811     54.000    10.7678   3.648859    10.7695   3.649331      96.54     2.1393     0.0567    71.6185 1.0000e-12    5.41065    32.6470    32.6502    24.9848    1490.59    1499.24 0.0000e+00
       1834     55.000    10.6720   3.647439    10.6738   3.648428      96.54     2.1381     0.0560    71.6506 1.0000e-12    5.45383    32.7180    32.7263    25.0568    1490.36    1499.07 0.0000e+00
       1857     56.000    10.5713   3.643130    10.5726   3.643794      96.54     2.1409     0.0536    71.6523 1.0000e-12    5.48559    32.7649    32.7703    25.1107    1490.07    1498.91 0.0000e+00
       1880     57.000    10.3559   3.635395    10.3605   3.636210      96.54     2.1421     0.0563    71.7005 1.0000e-12    5.48827    32.8810    32.8850    25.2381    1489.46    1498.75 0.0000e+00
       1903     58.000    10.2337   3.633494    10.2334   3.633924      96.54     2.1404     0.0541    71.7177 1.0000e-12    5.47819    32.9722    32.9768    25.3299    1489.15    1498.58 0.0000e+00
       1926     59.000    10.1400   3.630830    10.1404   3.631621      96.53     2.1390     0.0533    71.7380 1.0000e-12    5.48520    33.0301    33.0377    25.3909    1488.90    1498.41 0.0000e+00
       1949     60.000    10.0549   3.631312    10.0552   3.630835      96.53     2.1366     0.0532    71.7877 1.0000e-12    5.46755    33.1123    33.1072    25.4694    1488.71    1498.25 0.0000e+00
       1972     61.000     9.9089   3.634104     9.9102   3.634307      96.53     2.1326     0.0570    71.7608 1.0000e-12    5.45224    33.2744    33.2752    25.6203    1488.40    1498.09 0.0000e+00
       1995     62.000     9.7752   3.633512     9.7744   3.634133      96.54     2.1267     0.0592    71.7356 1.0000e-12    5.40866    33.3915    33.3986    25.7339    1488.07    1497.93 0.0000e+00
       2018     63.000     9.5584   3.625834     9.5548   3.626687      96.54     2.1166     0.0567    71.7221 1.0000e-12    5.35420    33.5141    33.5262    25.8653    1487.45    1497.76 0.0000e+00
       2041     64.000     9.3737   3.618145     9.3717   3.618967      96.54     2.1031     0.0561    71.7229 1.0000e-12    5.30573    33.6073    33.6177    25.9683    1486.91    1497.59 0.0000e+00
       2065     65.000     9.2527   3.612467     9.2529   3.613090      96.54     2.0891     0.0545    71.7543 1.0000e-12    5.26931    33.6620    33.6682    26.0305    1486.55    1497.42 0.0000e+00
       2088     66.000     9.1336   3.608845     9.1331   3.609164      52.21     2.0747     0.0572    71.7715 1.0000e-12    5.23275    33.7364    33.7402    26.1078    1486.22    1497.25 0.0000e+00
       2111     67.000     9.0771   3.610151     9.0768   3.610333      74.48     2.0623     0.0568    71.8231 1.0000e-12    5.23472    33.8031    33.8053    26.1690    1486.11    1497.08 0.0000e+00
       2135     68.000     8.9798   3.608439     8.9771   3.608810      96.45     2.0526     0.0555    71.8213 1.0000e-12    5.21335    33.8773    33.8838    26.2426    1485.85    1496.91 0.0000e+00
       2159     69.000     8.8328   3.606254     8.8327   3.606822      59.06     2.0411     0.0534    71.8045 1.0000e-12    5.16668    33.9945    34.0006    26.3575    1485.47    1496.74 0.0000e+00
       2183     70.000     8.7193   3.601393     8.7200   3.601529      75.18     2.0288     0.0546    71.8291 1.0000e-12    5.12824    34.0520    34.0527    26.4202    1485.14    1496.58 0.0000e+00
       2206     71.000     8.7139   3.603243     8.7135   3.603141      96.45     2.0147     0.0556    71.8609 1.0000e-12    5.05442    34.0762    34.0755    26.4400    1485.16    1496.42 0.0000e+00
       2231     72.000     8.6606   3.600683     8.6591   3.601080      64.29     1.9987     0.0554    71.8913 1.0000e-12    4.99439    34.1001    34.1057    26.4671    1485.01    1496.26 0.0000e+00
       2254     73.000     8.6429   3.601520     8.6443   3.601286      73.48     1.9837     0.0501    71.9145 1.0000e-12    4.96633    34.1255    34.1217    26.4898    1484.99    1496.10 0.0000e+00
       2277     74.000     8.6369   3.604238     8.6381   3.604587      96.39     1.9706     0.0513    71.9279 1.0000e-12    4.93480    34.1595    34.1620    26.5173    1485.03    1495.95 0.0000e+00
       2301     75.000     8.5608   3.602546     8.5614   3.602554      72.84     1.9580     0.0524    71.9520 1.0000e-12    4.90109    34.2148    34.2143    26.5725    1484.83    1495.80 0.0000e+00
       2324     76.000     8.5437   3.605011     8.5444   3.604959      70.71     1.9467     0.0531    71.9453 1.0000e-12    4.88323    34.2570    34.2557    26.6082    1484.84    1495.66 0.0000e+00
       2348     77.000     8.5478   3.611221     8.5493   3.611075      96.12     1.9356     0.0510    71.9251 1.0000e-12    4.82016    34.3182    34.3152    26.6555    1484.94    1495.52 0.0000e+00
       2372     78.000     8.5419   3.612277     8.5426   3.612377      78.66     1.9216     0.0489    71.9093 1.0000e-12    4.76324    34.3346    34.3350    26.6693    1484.96    1495.38 0.0000e+00
       2395     79.000     8.5199   3.613069     8.5197   3.613069      70.54     1.9102     0.0493    71.8947 1.0000e-12    4.77368    34.3639    34.3641    26.6957    1484.93    1495.25 0.0000e+00
       2419     80.000     8.4634   3.614357     8.4635   3.614438      96.08     1.9020     0.0515    71.8701 1.0000e-12    4.76652    34.4322    34.4330    26.7580    1484.82    1495.11 0.0000e+00
       2443     81.000     8.4400   3.614537     8.4412   3.614626      82.96     1.8944     0.0513    71.8731 1.0000e-12    4.73645    34.4565    34.4563    26.7806    1484.78    1494.99 0.0000e+00
       2467     82.000     8.4244   3.615889     8.4243   3.615775      69.97     1.8855     0.0524    71.8631 1.0000e-12    4.69680    34.4856    34.4845    26.8059    1484.77    1494.86 0.0000e+00
