_data/ctd/2016/Sta0958_2016.cnv
* Sea-Bird SBE 9 Data File:
* FileName = C:\Seabird\CTDDATA\sta0958.hex
* Software Version Seasave V 7.21f
* Temperature SN = 5458
* Conductivity SN = 044221
* Number of Bytes Per Scan = 41
* Number of Voltage Words = 4
* Number of Scans Averaged by the Deck Unit = 1
* NMEA Latitude = 61 21.35 N
* NMEA Longitude = 007 22.37 E
* NMEA UTC (Time) = Sep 27 2016 10:03:53
** Ship: 01 F/F "Håkon Mosby"
** Station: 0958
** Echodepth: 373
** Log: 3812,52
** Wind-Dir Force: 06 02
** Air-temp (dry): 10,0
** Weather Sky: 2 9
** Sea Ice: 1 0
** UNIS station:
# nquan = 18                                
# nvalues = 359                         
# units = specified
# name 0 = scan: Scan Count
# name 1 = prDM: Pressure, Digiquartz [db]
# name 2 = t068C: Temperature [ITS-68, deg C]
# name 3 = c0S/m: Conductivity [S/m]
# name 4 = t168C: Temperature, 2 [ITS-68, deg C]
# name 5 = c1S/m: Conductivity, 2 [S/m]
# name 6 = altM: Altimeter [m]
# name 7 = sbeox0V: Oxygen raw, SBE 43 [V]
# name 8 = flC: Fluorescence, Chelsea Aqua 3 Chl Con [ug/l]
# name 9 = xmiss: Beam Transmission, Chelsea/Seatech [%]
# name 10 = par: PAR/Irradiance, Biospherical/Licor
# name 11 = sbeox0ML/L: Oxygen, SBE 43 [ml/l], WS = 2
# name 12 = sal00: Salinity, Practical [PSU]
# name 13 = sal11: Salinity, Practical, 2 [PSU]
# name 14 = sigma-t00: Density [sigma-t, Kg/m^3 ]
# name 15 = svCM: Sound Velocity [Chen-Millero, m/s]
# name 16 = avgsvCM: Average Sound Velocity [Chen-Millero, m/s], minP = 0, minS = 0
# name 17 = flag: flag
# span 0 =        241,       9743       
# span 1 =      2.000,    360.000       
# span 2 =     7.5619,    14.3264       
# span 3 =   0.616464,   3.702539       
# span 4 =     7.5636,    14.3287       
# span 5 =   0.614555,   3.702807       
# span 6 =       4.81,      97.50       
# span 7 =     1.4741,     2.6607       
# span 8 =     0.0285,     0.4716       
# span 9 =    16.0753,    71.9173       
# span 10 = -1.820e-07, 8.8154e+01      
# span 11 =    3.37070,    7.68714      
# span 12 =     4.5788,    34.9990      
# span 13 =     4.5669,    35.0005      
# span 14 =     3.0605,    27.3382      
# span 15 =    1460.55,    1498.77      
# span 16 =    1460.55,    1493.65      
# span 17 = 0.0000e+00, 0.0000e+00      
# interval = decibars: 1                
# start_time = Sep 27 2016 10:03:55 [System UTC, first data scan.]
# bad_flag = -9.990e-29
*END*
[from data line 81]
       2245     83.000     9.2485   3.604671     9.2501   3.604551      92.71     1.9116     0.0526    71.5890 1.0000e-12    4.25226    33.5769    33.5742    25.9646    1486.72    1492.11 0.0000e+00
       2269     84.000     9.2335   3.609848     9.2349   3.609592      45.71     1.8575     0.0524    71.6230 1.0000e-12    4.06251    33.6442    33.6403    26.0197    1486.77    1492.04 0.0000e+00
       2293     85.000     9.2196   3.615344     9.2211   3.615092      94.56     1.8057     0.0539    71.6310 1.0000e-12    3.91959    33.7139    33.7099    26.0764    1486.82    1491.98 0.0000e+00
       2317     86.000     9.2017   3.620176     9.2032   3.620230      96.55     1.7572     0.0530    71.6857 1.0000e-12    3.78480    33.7805    33.7796    26.1314    1486.85    1491.92 0.0000e+00
       2342     87.000     9.1955   3.621466     9.1969   3.621467      96.55     1.7117     0.0508    71.7894 1.0000e-12    3.66883    33.7993    33.7980    26.1471    1486.87    1491.86 0.0000e+00
       2366     88.000     9.1748   3.625670     9.1761   3.625558      96.56     1.6707     0.0494    71.8258 1.0000e-12    3.59117    33.8622    33.8598    26.1996    1486.88    1491.81 0.0000e+00
       2390     89.000     9.1419   3.629069     9.1432   3.629094      96.56     1.6369     0.0514    71.8156 1.0000e-12    3.55139    33.9283    33.9273    26.2567    1486.86    1491.75 0.0000e+00
       2414     90.000     9.1172   3.631257     9.1183   3.631278      95.13     1.6089     0.0476    71.8430 1.0000e-12    3.50620    33.9742    33.9733    26.2965    1486.84    1491.70 0.0000e+00
       2439     91.000     9.0776   3.633439     9.0783   3.633515      80.71     1.5851     0.0478    71.8449 1.0000e-12    3.49856    34.0342    34.0343    26.3498    1486.79    1491.64 0.0000e+00
       2463     92.000     9.0401   3.634088     9.0416   3.634247      96.70     1.5690     0.0470    71.8427 1.0000e-12    3.49542    34.0764    34.0766    26.3888    1486.72    1491.59 0.0000e+00
       2487     93.000     9.0208   3.633960     9.0221   3.634159      96.56     1.5546     0.0497    71.8760 1.0000e-12    3.44504    34.0931    34.0939    26.4050    1486.68    1491.54 0.0000e+00
       2512     94.000     8.9873   3.633939     8.9883   3.634094      96.56     1.5389     0.0481    71.8989 1.0000e-12    3.38817    34.1245    34.1252    26.4349    1486.61    1491.48 0.0000e+00
       2536     95.000     8.9441   3.634227     8.9453   3.634379      96.56     1.5242     0.0452    71.9173 1.0000e-12    3.37070    34.1686    34.1690    26.4763    1486.52    1491.43 0.0000e+00
       2560     96.000     8.9008   3.634387     8.9017   3.634587      96.56     1.5135     0.0459    71.9012 1.0000e-12    3.38547    34.2114    34.2127    26.5167    1486.43    1491.38 0.0000e+00
       2585     97.000     8.8415   3.633339     8.8420   3.633642      86.27     1.5078     0.0450    71.8913 1.0000e-12    3.43408    34.2572    34.2599    26.5619    1486.29    1491.33 0.0000e+00
       2609     98.000     8.7632   3.631001     8.7634   3.631283      58.14     1.5082     0.0416    71.9007 1.0000e-12    3.49369    34.3079    34.3106    26.6139    1486.08    1491.27 0.0000e+00
       2634     99.000     8.7202   3.630154     8.7214   3.630375      75.24     1.5129     0.0403    71.8966 1.0000e-12    3.56233    34.3402    34.3413    26.6460    1485.97    1491.22 0.0000e+00
       2658    100.000     8.6909   3.628891     8.6922   3.629215      96.69     1.5202     0.0434    71.9080 1.0000e-12    3.60117    34.3548    34.3570    26.6620    1485.90    1491.17 0.0000e+00
       2683    101.000     8.6357   3.627032     8.6364   3.627382      96.43     1.5281     0.0435    71.8902 1.0000e-12    3.63102    34.3884    34.3914    26.6969    1485.75    1491.11 0.0000e+00
       2707    102.000     8.5613   3.623370     8.5628   3.623782      87.33     1.5343     0.0438    71.8430 1.0000e-12    3.62763    34.4216    34.4245    26.7346    1485.53    1491.06 0.0000e+00
       2731    103.000     8.5571   3.624410     8.5585   3.624353      54.41     1.5382     0.0416    71.8897 1.0000e-12    3.64826    34.4363    34.4343    26.7467    1485.55    1491.00 0.0000e+00
       2756    104.000     8.5326   3.622781     8.5336   3.623158      96.23     1.5437     0.0418    71.8914 1.0000e-12    3.65804    34.4425    34.4455    26.7553    1485.48    1490.95 0.0000e+00
       2781    105.000     8.5134   3.621945     8.5147   3.622346      96.56     1.5468     0.0427    71.7980 1.0000e-12    3.66073    34.4519    34.4548    26.7657    1485.44    1490.90 0.0000e+00
       2805    106.000     8.4740   3.619753     8.4753   3.619938      96.56     1.5500     0.0423    71.7877 1.0000e-12    3.66480    34.4667    34.4674    26.7834    1485.33    1490.85 0.0000e+00
       2830    107.000     8.4622   3.619639     8.4637   3.619835      96.56     1.5514     0.0418    71.7833 1.0000e-12    3.65443    34.4765    34.4771    26.7929    1485.31    1490.79 0.0000e+00
       2854    108.000     8.4564   3.619512     8.4579   3.619707      96.56     1.5516     0.0374    71.7440 1.0000e-12    3.63982    34.4804    34.4810    26.7968    1485.31    1490.74 0.0000e+00
       2879    109.000     8.4585   3.620522     8.4602   3.620544      64.06     1.5499     0.0367    71.6599 1.0000e-12    3.63517    34.4885    34.4871    26.8029    1485.35    1490.69 0.0000e+00
       2903    110.000     8.4613   3.622429     8.4625   3.622593      94.07     1.5514     0.0367    71.7566 1.0000e-12    3.66437    34.5055    34.5061    26.8158    1485.39    1490.64 0.0000e+00
       2927    111.000     8.4164   3.620138     8.4188   3.620558      96.51     1.5527     0.0313    71.7563 1.0000e-12    3.67739    34.5247    34.5268    26.8378    1485.27    1490.60 0.0000e+00
       2951    112.000     8.3936   3.618930     8.3956   3.619187      96.56     1.5557     0.0345    71.7755 1.0000e-12    3.71234    34.5338    34.5345    26.8484    1485.21    1490.55 0.0000e+00
       2975    113.000     8.3829   3.618534     8.3854   3.618879      96.56     1.5600     0.0379    71.7490 1.0000e-12    3.72443    34.5396    34.5408    26.8546    1485.19    1490.50 0.0000e+00
       3000    114.000     8.3596   3.617980     8.3609   3.618200      96.56     1.5625     0.0379    71.7856 1.0000e-12    3.71547    34.5561    34.5571    26.8711    1485.14    1490.45 0.0000e+00
       3024    115.000     8.3481   3.617563     8.3488   3.617743      96.35     1.5637     0.0355    71.7625 1.0000e-12    3.70275    34.5625    34.5637    26.8779    1485.12    1490.41 0.0000e+00
       3048    116.000     8.3319   3.616721     8.3329   3.616999      87.71     1.5633     0.0326    71.7292 1.0000e-12    3.69709    34.5689    34.5709    26.8854    1485.09    1490.36 0.0000e+00
       3072    117.000     8.3006   3.614991     8.3018   3.615266      34.65     1.5631     0.0360    71.7141 1.0000e-12    3.71111    34.5808    34.5825    26.8995    1485.00    1490.31 0.0000e+00
       3096    118.000     8.2490   3.612569     8.2488   3.612889      96.54     1.5644     0.0428    71.7017 1.0000e-12    3.70084    34.6053    34.6089    26.9266    1484.85    1490.27 0.0000e+00
       3120    119.000     8.2011   3.610380     8.2046   3.610768      51.30     1.5611     0.0441    71.6862 1.0000e-12    3.67931    34.6287    34.6293    26.9522    1484.72    1490.22 0.0000e+00
       3145    120.000     8.1739   3.609698     8.1759   3.609926      96.82     1.5607     0.0416    71.6404 1.0000e-12    3.68967    34.6477    34.6482    26.9713    1484.66    1490.17 0.0000e+00
       3169    121.000     8.1568   3.608899     8.1587   3.609218      96.56     1.5583     0.0415    71.5861 1.0000e-12    3.67496    34.6556    34.6571    26.9801    1484.62    1490.13 0.0000e+00
       3193    122.000     8.1365   3.608129     8.1410   3.608494      96.55     1.5567     0.0428    71.6095 1.0000e-12    3.67946    34.6669    34.6664    26.9920    1484.57    1490.08 0.0000e+00
       3218    123.000     8.1225   3.607668     8.1250   3.607931      96.56     1.5556     0.0393    71.5733 1.0000e-12    3.68404    34.6754    34.6757    27.0008    1484.55    1490.04 0.0000e+00
       3243    124.000     8.1161   3.607517     8.1171   3.607717      96.56     1.5552     0.0402    71.5058 1.0000e-12    3.68847    34.6796    34.6807    27.0050    1484.55    1489.99 0.0000e+00
       3267    125.000     8.1024   3.607125     8.1036   3.607336      84.93     1.5545     0.0371    71.4640 1.0000e-12    3.67237    34.6885    34.6895    27.0141    1484.52    1489.95 0.0000e+00
       3292    126.000     8.0876   3.606743     8.0881   3.606958      74.21     1.5531     0.0354    71.4520 1.0000e-12    3.69122    34.6985    34.7003    27.0242    1484.49    1489.91 0.0000e+00
       3317    127.000     8.0722   3.606382     8.0730   3.606591      96.36     1.5539     0.0348    71.3770 1.0000e-12    3.69517    34.7094    34.7109    27.0351    1484.47    1489.86 0.0000e+00
       3341    128.000     8.0612   3.606151     8.0628   3.606381      96.56     1.5540     0.0338    71.3420 1.0000e-12    3.69739    34.7174    34.7182    27.0430    1484.45    1489.82 0.0000e+00
       3366    129.000     8.0521   3.605854     8.0534   3.606083      96.56     1.5548     0.0339    71.3298 1.0000e-12    3.70963    34.7227    34.7239    27.0486    1484.44    1489.78 0.0000e+00
       3390    130.000     8.0318   3.605159     8.0336   3.605416      96.56     1.5561     0.0350    71.3353 1.0000e-12    3.72592    34.7349    34.7359    27.0612    1484.40    1489.74 0.0000e+00
       3415    131.000     8.0137   3.604696     8.0149   3.604919      96.56     1.5582     0.0347    71.3794 1.0000e-12    3.72810    34.7474    34.7486    27.0737    1484.36    1489.70 0.0000e+00
       3440    132.000     8.0069   3.604637     8.0085   3.604856      86.89     1.5585     0.0341    71.4040 1.0000e-12    3.71597    34.7530    34.7538    27.0792    1484.36    1489.66 0.0000e+00
       3464    133.000     7.9963   3.604415     7.9988   3.604669      36.77     1.5582     0.0341    71.4292 1.0000e-12    3.71830    34.7607    34.7610    27.0868    1484.34    1489.62 0.0000e+00
       3489    134.000     7.9908   3.604310     7.9923   3.604526      93.22     1.5595     0.0316    71.4282 1.0000e-12    3.73428    34.7646    34.7654    27.0906    1484.34    1489.58 0.0000e+00
       3514    135.000     7.9829   3.604153     7.9841   3.604314      96.51     1.5600     0.0341    71.4343 1.0000e-12    3.72852    34.7702    34.7708    27.0963    1484.34    1489.54 0.0000e+00
       3538    136.000     7.9754   3.604035     7.9766   3.604238      96.56     1.5603     0.0323    71.4432 1.0000e-12    3.73250    34.7759    34.7769    27.1019    1484.33    1489.50 0.0000e+00
       3563    137.000     7.9706   3.604121     7.9719   3.604314      96.56     1.5611     0.0294    71.4686 1.0000e-12    3.73602    34.7811    34.7819    27.1067    1484.34    1489.46 0.0000e+00
       3588    138.000     7.9536   3.603940     7.9547   3.604185      96.52     1.5613     0.0304    71.4464 1.0000e-12    3.73194    34.7956    34.7972    27.1206    1484.31    1489.42 0.0000e+00
       3612    139.000     7.9481   3.603781     7.9494   3.604003      80.44     1.5610     0.0312    71.4574 1.0000e-12    3.72831    34.7989    34.8000    27.1240    1484.31    1489.39 0.0000e+00
       3637    140.000     7.9400   3.603548     7.9415   3.603778      63.67     1.5619     0.0349    71.4572 1.0000e-12    3.76641    34.8040    34.8049    27.1292    1484.30    1489.35 0.0000e+00
       3662    141.000     7.9311   3.603327     7.9326   3.603556      96.81     1.5645     0.0350    71.3945 1.0000e-12    3.76210    34.8100    34.8109    27.1352    1484.29    1489.31 0.0000e+00
       3687    142.000     7.9274   3.603266     7.9290   3.603488      96.56     1.5650     0.0343    71.4367 1.0000e-12    3.74591    34.8125    34.8133    27.1377    1484.29    1489.28 0.0000e+00
       3712    143.000     7.9226   3.603258     7.9241   3.603457      96.56     1.5639     0.0357    71.4073 1.0000e-12    3.72834    34.8167    34.8174    27.1418    1484.30    1489.24 0.0000e+00
       3737    144.000     7.9214   3.603447     7.9228   3.603634      96.56     1.5621     0.0339    71.4095 1.0000e-12    3.71570    34.8195    34.8201    27.1441    1484.31    1489.21 0.0000e+00
       3762    145.000     7.9192   3.603754     7.9208   3.603978      96.56     1.5601     0.0338    71.3836 1.0000e-12    3.72024    34.8245    34.8253    27.1484    1484.33    1489.18 0.0000e+00
       3787    146.000     7.9161   3.603694     7.9176   3.603900      91.88     1.5598     0.0332    71.4045 1.0000e-12    3.74517    34.8264    34.8271    27.1504    1484.33    1489.14 0.0000e+00
       3811    147.000     7.9096   3.603412     7.9111   3.603677      41.76     1.5621     0.0325    71.3875 1.0000e-12    3.79229    34.8294    34.8307    27.1537    1484.33    1489.11 0.0000e+00
       3836    148.000     7.9013   3.603086     7.9028   3.603333      97.06     1.5686     0.0315    71.3689 1.0000e-12    3.82998    34.8336    34.8348    27.1583    1484.32    1489.08 0.0000e+00
       3861    149.000     7.8950   3.602758     7.8964   3.603001      96.56     1.5720     0.0342    71.3227 1.0000e-12    3.80279    34.8359    34.8371    27.1610    1484.32    1489.04 0.0000e+00
       3886    150.000     7.8898   3.602543     7.8913   3.602766      96.56     1.5724     0.0332    71.3357 1.0000e-12    3.77930    34.8383    34.8392    27.1636    1484.32    1489.01 0.0000e+00
       3911    151.000     7.8892   3.602657     7.8906   3.602858      96.56     1.5714     0.0405    71.3054 1.0000e-12    3.75312    34.8396    34.8404    27.1648    1484.33    1488.98 0.0000e+00
       3936    152.000     7.8885   3.602864     7.8900   3.603082      96.56     1.5682     0.0407    71.3212 1.0000e-12    3.72712    34.8421    34.8429    27.1668    1484.35    1488.95 0.0000e+00
       3961    153.000     7.8845   3.602827     7.8860   3.603085      94.27     1.5647     0.0409    71.3307 1.0000e-12    3.72513    34.8452    34.8465    27.1698    1484.35    1488.92 0.0000e+00
       3986    154.000     7.8764   3.602839     7.8778   3.603021      83.40     1.5632     0.0394    71.3091 1.0000e-12    3.75032    34.8529    34.8535    27.1771    1484.35    1488.89 0.0000e+00
       4011    155.000     7.8738   3.602958     7.8753   3.603202      69.56     1.5648     0.0355    71.3264 1.0000e-12    3.79618    34.8563    34.8574    27.1801    1484.36    1488.86 0.0000e+00
       4036    156.000     7.8687   3.602715     7.8702   3.602969      96.20     1.5686     0.0317    71.3031 1.0000e-12    3.82079    34.8583    34.8595    27.1824    1484.36    1488.83 0.0000e+00
       4061    157.000     7.8658   3.602678     7.8669   3.602876      96.56     1.5735     0.0317    71.3089 1.0000e-12    3.84961    34.8603    34.8613    27.1845    1484.37    1488.80 0.0000e+00
       4086    158.000     7.8640   3.602809     7.8652   3.603034      96.56     1.5779     0.0344    71.3224 1.0000e-12    3.84985    34.8630    34.8642    27.1869    1484.38    1488.78 0.0000e+00
       4111    159.000     7.8525   3.602387     7.8540   3.602630      96.56     1.5810     0.0372    71.3152 1.0000e-12    3.85410    34.8694    34.8706    27.1936    1484.36    1488.75 0.0000e+00
       4136    160.000     7.8497   3.602339     7.8510   3.602573      96.56     1.5839     0.0348    71.2912 1.0000e-12    3.86211    34.8712    34.8725    27.1955    1484.37    1488.72 0.0000e+00
       4161    161.000     7.8427   3.602093     7.8441   3.602336      84.16     1.5865     0.0339    71.0784 1.0000e-12    3.87653    34.8751    34.8763    27.1995    1484.36    1488.69 0.0000e+00
