_data/ctd/2016/Sta0956_2016.cnv
* Sea-Bird SBE 9 Data File:
* FileName = C:\Seabird\CTDDATA\sta0956.hex
* Software Version Seasave V 7.21f
* Temperature SN = 5458
* Conductivity SN = 044221
* Number of Bytes Per Scan = 41
* Number of Voltage Words = 4
* Number of Scans Averaged by the Deck Unit = 1
* NMEA Latitude = 61 21.26 N
* NMEA Longitude = 007 22.32 E
* NMEA UTC (Time) = Sep 27 2016 00:42:59
** Ship: 01 F/F "Håkon Mosby"
** Station: 0956
** Echodepth: 373
** Log: 3789.8
** Wind-Dir Force: 34 01
** Air-temp (dry): 9,9
** Weather Sky: 2 9
** Sea Ice: 1 0
** UNIS station:
# nquan = 18                                
# nvalues = 358                         
# units = specified
# name 0 = scan: Scan Count
# name 1 = prDM: Pressure, Digiquartz [db]
# name 2 = t068C: Temperature [ITS-68, deg C]
# name 3 = c0S/m: Conductivity [S/m]
# name 4 = t168C: Temperature, 2 [ITS-68, deg C]
# name 5 = c1S/m: Conductivity, 2 [S/m]
# name 6 = altM: Altimeter [m]
# name 7 = sbeox0V: Oxygen raw, SBE 43 [V]
# name 8 = flC: Fluorescence, Chelsea Aqua 3 Chl Con [ug/l]
# name 9 = xmiss: Beam Transmission, Chelsea/Seatech [%]
# name 10 = par: PAR/Irradiance, Biospherical/Licor
# name 11 = sbeox0ML/L: Oxygen, SBE 43 [ml/l], WS = 2
# name 12 = sal00: Salinity, Practical [PSU]
# name 13 = sal11: Salinity, Practical, 2 [PSU]
# name 14 = sigma-t00: Density [sigma-t, Kg/m^3 ]
# name 15 = svCM: Sound Velocity [Chen-Millero, m/s]
# name 16 = avgsvCM: Average Sound Velocity [Chen-Millero, m/s], minP = 0, minS = 0
# name 17 = flag: flag
# span 0 =        420,       9055       
# span 1 =      3.000,    360.000       
# span 2 =     7.5598,    14.3338       
# span 3 =   1.825538,   3.686458       
# span 4 =     7.5612,    14.3356       
# span 5 =   1.814028,   3.685336       
# span 6 =      21.81,     102.65       
# span 7 =     1.4749,     2.6658       
# span 8 =     0.0287,     0.4561       
# span 9 =    41.0992,    71.9278       
# span 10 = 1.0000e-12, 2.5961e-01      
# span 11 =    3.42279,    7.61656      
# span 12 =    14.5532,    34.9999      
# span 13 =    14.4520,    35.0011      
# span 14 =    10.6830,    27.3392      
# span 15 =    1474.49,    1498.86      
# span 16 =    1474.49,    1494.07      
# span 17 = 0.0000e+00, 0.0000e+00      
# interval = decibars: 1                
# start_time = Sep 27 2016 00:43:01 [System UTC, first data scan.]
# bad_flag = -9.990e-29
*END*
        420      3.000    12.5415   1.825538    12.5449   1.814028      96.56     2.6413     0.4561    61.3654 2.5961e-01    7.61656    14.5532    14.4520    10.6830    1474.49    1474.49 0.0000e+00
        478      4.000    12.2364   2.311929    12.2350   2.297701      96.56     2.6317     0.4433    50.7906 1.4287e-01    7.37703    18.9867    18.8595    14.1510    1478.66    1475.53 0.0000e+00
        516      5.000    12.2862   2.664694    12.2845   2.645011      96.56     2.6259     0.4354    42.2080 7.1215e-02    7.22915    22.1567    21.9779    16.5908    1482.61    1476.94 0.0000e+00
        552      6.000    12.3462   2.860041    12.3461   2.857868      96.56     2.6225     0.4052    41.0992 2.5639e-02    7.09446    23.9114    23.8915    17.9363    1484.91    1478.26 0.0000e+00
        588      7.000    12.6285   3.024865    12.6291   3.007935      96.56     2.6054     0.4021    45.7861 1.6919e-03    6.87899    25.2447    25.0884    18.9170    1487.49    1479.57 0.0000e+00
        624      8.000    13.3569   3.337314    13.3622   3.335587      96.56     2.5990     0.4241    47.4293 2.7423e-05    6.84155    27.6065    27.5869    20.6066    1492.78    1481.21 0.0000e+00
        657      9.000    13.8519   3.475097    13.8610   3.467023      96.56     2.6258     0.4417    43.0328 1.0000e-12    6.95524    28.5010    28.4209    21.2009    1495.50    1482.79 0.0000e+00
        681     10.000    14.1537   3.558941    14.1577   3.556629      86.78     2.6551     0.3515    52.8660 1.0000e-12    6.95316    29.0361    29.0121    21.5534    1497.14    1484.21 0.0000e+00
        705     11.000    14.1378   3.600755    14.1404   3.599771      36.90     2.6658     0.2740    62.4191 1.0000e-12    6.68408    29.4267    29.4158    21.8577    1497.56    1485.41 0.0000e+00
        729     12.000    14.1157   3.611682    14.1163   3.610834      95.80     2.6278     0.2279    64.7771 1.0000e-12    6.24756    29.5424    29.5342    21.9513    1497.64    1486.42 0.0000e+00
        753     13.000    14.1649   3.628688    14.1660   3.626397      96.56     2.5622     0.2129    66.1790 1.0000e-12    5.95735    29.6587    29.6371    22.0310    1497.96    1487.30 0.0000e+00
        778     14.000    14.3338   3.659398    14.3356   3.658884      96.56     2.5042     0.1933    67.1330 1.0000e-12    5.87154    29.8068    29.8008    22.1109    1498.70    1488.11 0.0000e+00
        802     15.000    14.3063   3.661888    14.3081   3.663345      96.56     2.4625     0.1746    67.6582 1.0000e-12    5.79483    29.8502    29.8620    22.1499    1498.67    1488.81 0.0000e+00
        827     16.000    14.1189   3.654967    14.1212   3.654437      96.56     2.4189     0.1677    67.9574 1.0000e-12    5.67773    29.9319    29.9253    22.2509    1498.17    1489.39 0.0000e+00
        852     17.000    14.2624   3.686458    14.2652   3.685336      73.92     2.3809     0.1588    68.1127 1.0000e-12    5.63954    30.1062    30.0938    22.3561    1498.86    1489.95 0.0000e+00
        876     18.000    14.0459   3.675252    14.0418   3.675600      74.49     2.3619     0.1546    68.3609 1.0000e-12    5.66682    30.1728    30.1792    22.4514    1498.25    1490.41 0.0000e+00
        901     19.000    13.9261   3.673245    13.9242   3.674370      96.39     2.3370     0.1471    68.5510 1.0000e-12    5.55327    30.2481    30.2599    22.5336    1497.96    1490.80 0.0000e+00
        924     20.000    13.7903   3.665609    13.7899   3.666088      96.56     2.3138     0.1395    68.7216 1.0000e-12    5.54079    30.2847    30.2894    22.5890    1497.57    1491.14 0.0000e+00
        946     21.000    13.7511   3.667358    13.7522   3.667407      96.56     2.2998     0.1344    68.7577 1.0000e-12    5.57119    30.3313    30.3309    22.6328    1497.51    1491.44 0.0000e+00
        968     22.000    13.7256   3.672727    13.7269   3.672588      96.56     2.2940     0.1267    68.8415 1.0000e-12    5.60097    30.4005    30.3982    22.6912    1497.53    1491.72 0.0000e+00
        991     23.000    13.7154   3.678828    13.7167   3.678718      96.56     2.2902     0.1241    68.9376 1.0000e-12    5.59331    30.4643    30.4623    22.7426    1497.58    1491.97 0.0000e+00
       1013     24.000    13.6830   3.680084    13.6842   3.680545      84.82     2.2856     0.1233    69.0164 1.0000e-12    5.57590    30.5013    30.5046    22.7775    1497.54    1492.20 0.0000e+00
       1036     25.000    13.6396   3.678678    13.6408   3.679156      87.84     2.2815     0.1221    69.1444 1.0000e-12    5.57091    30.5225    30.5260    22.8025    1497.43    1492.41 0.0000e+00
       1058     26.000    13.5811   3.678212    13.5825   3.678559      96.51     2.2760     0.1154    69.2961 1.0000e-12    5.54877    30.5645    30.5666    22.8466    1497.31    1492.60 0.0000e+00
       1081     27.000    13.5181   3.676789    13.5195   3.677174      96.56     2.2709     0.1071    69.3625 1.0000e-12    5.54949    30.6014    30.6038    22.8875    1497.16    1492.77 0.0000e+00
       1104     28.000    13.4784   3.676965    13.4794   3.677369      96.56     2.2670     0.1014    69.4653 1.0000e-12    5.55404    30.6344    30.6373    22.9208    1497.08    1492.92 0.0000e+00
       1126     29.000    13.3936   3.672290    13.3947   3.673042      96.56     2.2651     0.1006    69.5225 1.0000e-12    5.57605    30.6588    30.6649    22.9563    1496.84    1493.05 0.0000e+00
       1150     30.000    13.3359   3.668703    13.3375   3.669587      96.56     2.2650     0.0980    69.6588 1.0000e-12    5.59451    30.6715    30.6784    22.9774    1496.68    1493.18 0.0000e+00
       1173     31.000    13.2332   3.661930    13.2362   3.663105      96.56     2.2660     0.0906    69.7820 1.0000e-12    5.61475    30.6908    30.6993    23.0124    1496.38    1493.28 0.0000e+00
       1195     32.000    13.1441   3.658159    13.1458   3.658589      87.15     2.2667     0.0853    69.8930 1.0000e-12    5.62539    30.7272    30.7298    23.0579    1496.14    1493.37 0.0000e+00
       1219     33.000    13.1055   3.657717    13.1070   3.657633      75.62     2.2682     0.0784    70.0095 1.0000e-12    5.65892    30.7539    30.7519    23.0860    1496.06    1493.45 0.0000e+00
       1242     34.000    13.1895   3.672374    13.1918   3.671287      96.66     2.2735     0.0798    70.1388 1.0000e-12    5.68573    30.8223    30.8103    23.1226    1496.43    1493.54 0.0000e+00
       1265     35.000    13.2540   3.683444    13.2566   3.683480      96.56     2.2806     0.0789    70.2284 1.0000e-12    5.68793    30.8729    30.8711    23.1491    1496.73    1493.63 0.0000e+00
       1289     36.000    13.1016   3.671406    13.1043   3.673082      96.56     2.2820     0.0742    70.3080 1.0000e-12    5.63829    30.8839    30.8973    23.1873    1496.25    1493.70 0.0000e+00
       1312     37.000    13.0308   3.666928    13.0325   3.667370      95.86     2.2734     0.0687    70.3709 1.0000e-12    5.57055    30.8992    30.9019    23.2128    1496.04    1493.76 0.0000e+00
       1336     38.000    12.9914   3.665009    12.9929   3.665494      70.15     2.2647     0.0658    70.4756 1.0000e-12    5.57866    30.9129    30.9163    23.2311    1495.94    1493.82 0.0000e+00
       1359     39.000    12.9624   3.665264    12.9641   3.665518      84.63     2.2626     0.0663    70.5541 1.0000e-12    5.62289    30.9386    30.9396    23.2565    1495.89    1493.87 0.0000e+00
       1383     40.000    12.9075   3.663847    12.9106   3.664580      96.60     2.2633     0.0683    70.6209 1.0000e-12    5.63213    30.9698    30.9741    23.2912    1495.76    1493.92 0.0000e+00
       1406     41.000    12.8441   3.662401    12.8454   3.662116      96.56     2.2626     0.0728    70.6865 1.0000e-12    5.63377    31.0077    31.0039    23.3327    1495.61    1493.96 0.0000e+00
       1429     42.000    12.8439   3.668856    12.8453   3.669457      96.55     2.2627     0.0693    70.7251 1.0000e-12    5.64745    31.0682    31.0727    23.3796    1495.69    1494.00 0.0000e+00
       1453     43.000    12.6975   3.658361    12.6991   3.659044      96.55     2.2648     0.0663    70.8735 1.0000e-12    5.66011    31.0893    31.0944    23.4238    1495.24    1494.03 0.0000e+00
       1476     44.000    12.5780   3.652035    12.5797   3.653483      96.56     2.2624     0.0621    70.9579 1.0000e-12    5.64173    31.1276    31.1399    23.4762    1494.90    1494.05 0.0000e+00
       1500     45.000    12.4083   3.642826    12.4098   3.643527      80.21     2.2597     0.0597    70.9811 1.0000e-12    5.67418    31.1803    31.1857    23.5490    1494.40    1494.06 0.0000e+00
       1524     46.000    12.3470   3.641132    12.3462   3.641309      96.49     2.2619     0.0580    70.9320 1.0000e-12    5.72483    31.2147    31.2171    23.5871    1494.24    1494.06 0.0000e+00
       1549     47.000    12.3396   3.640726    12.3424   3.641171      96.56     2.2672     0.0592    70.9845 1.0000e-12    5.76551    31.2166    31.2185    23.5900    1494.24    1494.07 0.0000e+00
       1573     48.000    12.3163   3.640326    12.3179   3.640668      96.56     2.2736     0.0589    71.0063 1.0000e-12    5.78272    31.2318    31.2337    23.6061    1494.19    1494.07 0.0000e+00
       1597     49.000    12.2878   3.639196    12.2895   3.639623      96.56     2.2779     0.0595    70.9938 1.0000e-12    5.78201    31.2443    31.2470    23.6211    1494.13    1494.07 0.0000e+00
       1621     50.000    12.2501   3.637734    12.2513   3.638080      96.56     2.2805     0.0617    71.0194 1.0000e-12    5.78232    31.2614    31.2637    23.6414    1494.03    1494.07 0.0000e+00
       1645     51.000    12.1705   3.634798    12.1715   3.635437      96.50     2.2818     0.0570    71.0569 1.0000e-12    5.78562    31.2994    31.3047    23.6856    1493.82    1494.06 0.0000e+00
       1668     52.000    12.0489   3.629676    12.0502   3.630418      96.05     2.2816     0.0545    71.0740 1.0000e-12    5.77639    31.3518    31.3578    23.7487    1493.48    1494.05 0.0000e+00
       1692     53.000    11.9085   3.623266    11.9100   3.624102      39.84     2.2787     0.0549    71.1442 1.0000e-12    5.78707    31.4078    31.4146    23.8180    1493.08    1494.04 0.0000e+00
       1715     54.000    11.8148   3.621481    11.8161   3.621757      95.98     2.2787     0.0543    71.1711 1.0000e-12    5.80516    31.4692    31.4708    23.8828    1492.85    1494.01 0.0000e+00
       1739     55.000    11.7790   3.624091    11.7806   3.624177      46.32     2.2781     0.0528    71.3073 1.0000e-12    5.82710    31.5244    31.5238    23.9321    1492.81    1493.99 0.0000e+00
       1763     56.000    11.7124   3.622524    11.7139   3.622914      95.61     2.2819     0.0536    71.4101 1.0000e-12    5.85152    31.5653    31.5678    23.9759    1492.64    1493.97 0.0000e+00
       1787     57.000    11.6045   3.618907    11.6064   3.619631      96.56     2.2819     0.0534    71.4344 1.0000e-12    5.82783    31.6216    31.6270    24.0392    1492.35    1493.94 0.0000e+00
       1811     58.000    11.4733   3.613492    11.4747   3.614264      96.56     2.2787     0.0483    71.4812 1.0000e-12    5.81324    31.6806    31.6869    24.1086    1491.98    1493.90 0.0000e+00
       1835     59.000    11.2859   3.601261    11.2871   3.602688      96.56     2.2748     0.0524    71.5017 1.0000e-12    5.82372    31.7214    31.7343    24.1737    1491.39    1493.86 0.0000e+00
       1858     60.000    11.2610   3.604733    11.2627   3.603935      96.56     2.2716     0.0545    71.5444 1.0000e-12    5.83119    31.7764    31.7671    24.2209    1491.38    1493.82 0.0000e+00
       1881     61.000    11.1968   3.602019    11.2000   3.603907      96.56     2.2710     0.0526    71.5577 1.0000e-12    5.84990    31.8047    31.8205    24.2543    1491.21    1493.78 0.0000e+00
       1904     62.000    11.0096   3.589699    11.0123   3.590721      62.58     2.2698     0.0490    71.5824 1.0000e-12    5.85958    31.8450    31.8527    24.3185    1490.61    1493.73 0.0000e+00
       1928     63.000    10.8978   3.582178    10.8998   3.582713      96.09     2.2675     0.0508    71.5580 1.0000e-12    5.85528    31.8673    31.8709    24.3553    1490.26    1493.67 0.0000e+00
       1951     64.000    10.8778   3.583171    10.8796   3.583554      96.56     2.2649     0.0491    71.6296 1.0000e-12    5.87282    31.8941    31.8963    24.3797    1490.24    1493.62 0.0000e+00
       1974     65.000    10.7741   3.578281    10.7769   3.579681      96.56     2.2665     0.0512    71.6925 1.0000e-12    5.90450    31.9356    31.9470    24.4299    1489.94    1493.56 0.0000e+00
       1997     66.000    10.5532   3.565085    10.5550   3.565981      96.56     2.2660     0.0537    71.7100 1.0000e-12    5.88959    31.9971    32.0045    24.5157    1489.24    1493.50 0.0000e+00
       2021     67.000    10.4841   3.562652    10.4850   3.563044      96.56     2.2609     0.0530    71.7704 1.0000e-12    5.87353    32.0331    32.0362    24.5555    1489.06    1493.43 0.0000e+00
       2043     68.000    10.4521   3.566667    10.4537   3.566806      95.51     2.2585     0.0531    71.8167 1.0000e-12    5.88676    32.1009    32.1009    24.6138    1489.04    1493.36 0.0000e+00
       2066     69.000    10.2463   3.554806    10.2476   3.556176      87.99     2.2571     0.0517    71.8243 1.0000e-12    5.89825    32.1634    32.1760    24.6972    1488.39    1493.29 0.0000e+00
       2090     70.000    10.1298   3.550646    10.1315   3.550462      31.47     2.2520     0.0511    71.8572 1.0000e-12    5.86034    32.2245    32.2211    24.7643    1488.06    1493.22 0.0000e+00
       2113     71.000    10.0711   3.553325    10.0728   3.553720      97.30     2.2456     0.0530    71.8733 1.0000e-12    5.84388    32.3034    32.3059    24.8356    1487.97    1493.14 0.0000e+00
       2137     72.000     9.9578   3.552200     9.9597   3.552504      96.56     2.2395     0.0555    71.8576 1.0000e-12    5.81626    32.3929    32.3943    24.9242    1487.68    1493.07 0.0000e+00
       2161     73.000     9.8810   3.551412     9.8832   3.551739      96.56     2.2295     0.0558    71.7825 1.0000e-12    5.74971    32.4534    32.4548    24.9841    1487.49    1492.99 0.0000e+00
       2184     74.000     9.7718   3.550635     9.7733   3.550966      96.56     2.2162     0.0550    71.8083 1.0000e-12    5.68202    32.5435    32.5455    25.0723    1487.22    1492.91 0.0000e+00
       2207     75.000     9.6756   3.553401     9.6770   3.553138      96.56     2.2003     0.0540    71.8363 1.0000e-12    5.61385    32.6584    32.6544    25.1777    1487.03    1492.83 0.0000e+00
       2230     76.000     9.6120   3.555813     9.6138   3.555972      85.73     2.1826     0.0525    71.7749 1.0000e-12    5.52650    32.7405    32.7405    25.2521    1486.91    1492.76 0.0000e+00
       2254     77.000     9.5608   3.555840     9.5628   3.556151      60.97     2.1616     0.0525    71.7269 1.0000e-12    5.43591    32.7870    32.7884    25.2968    1486.80    1492.68 0.0000e+00
       2277     78.000     9.5163   3.555721     9.5184   3.555862      96.74     2.1385     0.0557    71.6938 1.0000e-12    5.32020    32.8260    32.8255    25.3345    1486.70    1492.60 0.0000e+00
       2300     79.000     9.4888   3.558127     9.4907   3.557714      96.56     2.1120     0.0566    69.0589 1.0000e-12    5.22729    32.8755    32.8695    25.3776    1486.68    1492.53 0.0000e+00
       2323     80.000     9.3599   3.572516     9.3618   3.571350      96.56     2.0877     0.0570    71.6942 1.0000e-12    5.15876    33.1419    33.1281    25.6066    1486.55    1492.45 0.0000e+00
       2347     81.000     9.3199   3.580363     9.3212   3.579903      96.56     2.0623     0.0559    71.6505 1.0000e-12    5.01885    33.2596    33.2536    25.7050    1486.56    1492.38 0.0000e+00
       2370     82.000     9.2861   3.589711     9.2878   3.589038      96.56     2.0269     0.0538    71.6783 1.0000e-12    4.73813    33.3872    33.3787    25.8103    1486.61    1492.31 0.0000e+00
