_data/ctd/2016/Sta0942_2016.cnv
* Sea-Bird SBE 9 Data File:
* FileName = C:\Seabird\CTDDATA\sta0942.hex
* Software Version Seasave V 7.21f
* Temperature SN = 5458
* Conductivity SN = 044221
* Number of Bytes Per Scan = 41
* Number of Voltage Words = 4
* Number of Scans Averaged by the Deck Unit = 1
* NMEA Latitude = 60 51.40 N
* NMEA Longitude = 004 47.26 E
* NMEA UTC (Time) = Sep 19 2016 23:16:30
** Ship: 01 F/F "Håkon Mosby"
** Station: 0942
** Echodepth: 395
** Log: 3279,1
** Wind-Dir Force: 01 05
** Air-temp (dry): 14
** Weather Sky: 2 9
** Sea Ice: 2 0
** UNIS station:
# nquan = 18                                
# nvalues = 414                         
# units = specified
# name 0 = scan: Scan Count
# name 1 = prDM: Pressure, Digiquartz [db]
# name 2 = t068C: Temperature [ITS-68, deg C]
# name 3 = c0S/m: Conductivity [S/m]
# name 4 = t168C: Temperature, 2 [ITS-68, deg C]
# name 5 = c1S/m: Conductivity, 2 [S/m]
# name 6 = altM: Altimeter [m]
# name 7 = sbeox0V: Oxygen raw, SBE 43 [V]
# name 8 = flC: Fluorescence, Chelsea Aqua 3 Chl Con [ug/l]
# name 9 = xmiss: Beam Transmission, Chelsea/Seatech [%]
# name 10 = par: PAR/Irradiance, Biospherical/Licor
# name 11 = sbeox0ML/L: Oxygen, SBE 43 [ml/l], WS = 2
# name 12 = sal00: Salinity, Practical [PSU]
# name 13 = sal11: Salinity, Practical, 2 [PSU]
# name 14 = sigma-t00: Density [sigma-t, Kg/m^3 ]
# name 15 = svCM: Sound Velocity [Chen-Millero, m/s]
# name 16 = avgsvCM: Average Sound Velocity [Chen-Millero, m/s], minP = 0, minS = 0
# name 17 = flag: flag
# span 0 =        153,      11126       
# span 1 =      2.000,    415.000       
# span 2 =     7.7193,    16.3006       
# span 3 =   3.606850,   3.974835       
# span 4 =     7.7220,    16.3025       
# span 5 =   3.606916,   3.975333       
# span 6 =      34.59,      97.34       
# span 7 =     1.9621,     2.3694       
# span 8 =     0.0282,     0.9758       
# span 9 =    64.0804,    71.9787       
# span 10 = -1.694e-05, 3.6243e-01      
# span 11 =    4.95875,    5.63904      
# span 12 =    29.6943,    35.1312      
# span 13 =    29.6960,    35.1330      
# span 14 =    21.6876,    27.4132      
# span 15 =    1484.33,    1506.34      
# span 16 =    1488.94,    1505.21      
# span 17 = 0.0000e+00, 0.0000e+00      
# interval = decibars: 1                
# start_time = Sep 19 2016 23:16:32 [System UTC, first data scan.]
# bad_flag = -9.990e-29
*END*
[from data line 322]
       7813    324.000     7.7631   3.623026     7.7645   3.623308      96.55     2.0487     0.0345    71.3693 1.0000e-12    5.60022    35.1014    35.1030    27.3892    1487.03    1489.27 0.0000e+00
       7838    325.000     7.7617   3.622922     7.7687   3.623778      96.56     2.0479     0.0332    71.3460 1.0000e-12    5.60411    35.1012    35.1034    27.3892    1487.04    1489.26 0.0000e+00
       7861    326.000     7.7717   3.624051     7.7748   3.624448      96.55     2.0479     0.0348    71.3409 1.0000e-12    5.60652    35.1028    35.1040    27.3891    1487.09    1489.26 0.0000e+00
       7882    327.000     7.7776   3.624736     7.7790   3.625032      96.55     2.0477     0.0333    71.3652 1.0000e-12    5.59726    35.1038    35.1056    27.3890    1487.13    1489.25 0.0000e+00
       7901    328.000     7.7767   3.624695     7.7784   3.625013      96.55     2.0468     0.0332    71.3464 1.0000e-12    5.59152    35.1038    35.1055    27.3891    1487.15    1489.24 0.0000e+00
       7920    329.000     7.7755   3.624633     7.7767   3.624880      96.56     2.0462     0.0340    71.3388 1.0000e-12    5.59249    35.1038    35.1053    27.3893    1487.16    1489.24 0.0000e+00
       7942    330.000     7.7755   3.624670     7.7762   3.624921      81.32     2.0453     0.0334    71.2671 1.0000e-12    5.57826    35.1037    35.1057    27.3892    1487.17    1489.23 0.0000e+00
       7965    331.000     7.7707   3.624195     7.7736   3.624630      47.11     2.0438     0.0358    71.3607 1.0000e-12    5.59843    35.1030    35.1047    27.3893    1487.17    1489.23 0.0000e+00
       7991    332.000     7.7708   3.624265     7.7731   3.624632      96.11     2.0448     0.0370    71.3598 1.0000e-12    5.60448    35.1031    35.1048    27.3894    1487.19    1489.22 0.0000e+00
       8015    333.000     7.7689   3.624155     7.7670   3.624220      82.30     2.0444     0.0397    71.3605 1.0000e-12    5.58663    35.1034    35.1060    27.3899    1487.20    1489.21 0.0000e+00
       8038    334.000     7.7472   3.622071     7.7461   3.622184      56.99     2.0436     0.0384    71.3301 1.0000e-12    5.60565    35.1022    35.1045    27.3922    1487.13    1489.21 0.0000e+00
       8062    335.000     7.7414   3.621491     7.7434   3.621957      95.64     2.0446     0.0387    71.3165 1.0000e-12    5.61142    35.1013    35.1043    27.3923    1487.12    1489.20 0.0000e+00
       8089    336.000     7.7193   3.619371     7.7250   3.620111      76.18     2.0440     0.0340    71.3072 1.0000e-12    5.58807    35.1001    35.1024    27.3947    1487.06    1489.19 0.0000e+00
       8115    337.000     7.7226   3.619708     7.7220   3.619783      72.21     2.0428     0.0325    71.2963 1.0000e-12    5.60453    35.0999    35.1013    27.3940    1487.08    1489.19 0.0000e+00
       8138    338.000     7.7236   3.619911     7.7251   3.620106      96.63     2.0431     0.0348    71.3009 1.0000e-12    5.60259    35.1006    35.1012    27.3944    1487.11    1489.18 0.0000e+00
       8160    339.000     7.7313   3.621015     7.7319   3.621146      88.24     2.0427     0.0361    71.2738 1.0000e-12    5.58075    35.1043    35.1051    27.3962    1487.16    1489.18 0.0000e+00
       8180    340.000     7.7313   3.621089     7.7342   3.621549      54.90     2.0405     0.0330    71.2277 1.0000e-12    5.58895    35.1046    35.1067    27.3965    1487.17    1489.17 0.0000e+00
       8200    341.000     7.7286   3.620816     7.7307   3.621224      97.03     2.0415     0.0312    71.2169 1.0000e-12    5.59788    35.1039    35.1062    27.3963    1487.18    1489.16 0.0000e+00
       8219    342.000     7.7297   3.621060     7.7315   3.621370      96.55     2.0404     0.0337    71.2183 1.0000e-12    5.57864    35.1050    35.1065    27.3970    1487.20    1489.16 0.0000e+00
       8240    343.000     7.7312   3.621334     7.7347   3.621833      96.55     2.0390     0.0343    71.1913 1.0000e-12    5.57604    35.1059    35.1078    27.3975    1487.22    1489.15 0.0000e+00
       8265    344.000     7.7333   3.621606     7.7359   3.622022      96.56     2.0383     0.0340    70.9935 1.0000e-12    5.58629    35.1063    35.1082    27.3975    1487.25    1489.15 0.0000e+00
       8291    345.000     7.7326   3.621556     7.7343   3.621899      96.55     2.0382     0.0307    71.0286 1.0000e-12    5.58167    35.1060    35.1080    27.3973    1487.26    1489.14 0.0000e+00
       8317    346.000     7.7314   3.621482     7.7332   3.621844      68.20     2.0366     0.0304    71.1939 1.0000e-12    5.58064    35.1059    35.1080    27.3974    1487.27    1489.14 0.0000e+00
       8341    347.000     7.7327   3.621783     7.7345   3.622022      96.91     2.0380     0.0316    71.1768 1.0000e-12    5.60126    35.1073    35.1081    27.3984    1487.30    1489.13 0.0000e+00
       8364    348.000     7.7471   3.623660     7.7475   3.623634      96.55     2.0377     0.0336    70.8685 1.0000e-12    5.57504    35.1127    35.1120    27.4004    1487.37    1489.13 0.0000e+00
       8387    349.000     7.7541   3.624626     7.7554   3.624893      71.75     2.0358     0.0330    71.0973 1.0000e-12    5.57081    35.1156    35.1171    27.4017    1487.42    1489.12 0.0000e+00
       8408    350.000     7.7542   3.624743     7.7555   3.625008      93.70     2.0368     0.0395    71.1008 1.0000e-12    5.59007    35.1162    35.1178    27.4022    1487.44    1489.12 0.0000e+00
       8431    351.000     7.7543   3.624816     7.7557   3.625092      96.51     2.0360     0.0376    71.0549 1.0000e-12    5.57482    35.1164    35.1180    27.4023    1487.46    1489.11 0.0000e+00
       8454    352.000     7.7536   3.624814     7.7554   3.625131      96.55     2.0355     0.0329    71.0141 1.0000e-12    5.57305    35.1166    35.1183    27.4026    1487.47    1489.11 0.0000e+00
       8477    353.000     7.7532   3.624835     7.7545   3.625113      96.56     2.0346     0.0351    71.0341 1.0000e-12    5.57064    35.1168    35.1185    27.4028    1487.49    1489.10 0.0000e+00
       8500    354.000     7.7532   3.624914     7.7545   3.625181      96.55     2.0343     0.0358    70.9979 1.0000e-12    5.57356    35.1172    35.1187    27.4031    1487.50    1489.10 0.0000e+00
       8520    355.000     7.7530   3.624961     7.7542   3.625230      94.18     2.0336     0.0326    71.0088 1.0000e-12    5.56236    35.1174    35.1191    27.4033    1487.52    1489.09 0.0000e+00
       8541    356.000     7.7529   3.625023     7.7543   3.625288      84.42     2.0326     0.0282    70.9832 1.0000e-12    5.57330    35.1177    35.1191    27.4035    1487.53    1489.09 0.0000e+00
       8563    357.000     7.7528   3.625072     7.7541   3.625349      96.15     2.0331     0.0303    70.9928 1.0000e-12    5.57708    35.1178    35.1195    27.4036    1487.55    1489.08 0.0000e+00
       8589    358.000     7.7528   3.625116     7.7541   3.625385      96.55     2.0327     0.0301    70.9896 1.0000e-12    5.57381    35.1178    35.1194    27.4036    1487.57    1489.08 0.0000e+00
       8617    359.000     7.7528   3.625178     7.7541   3.625448      96.56     2.0325     0.0288    70.9979 1.0000e-12    5.57232    35.1180    35.1196    27.4038    1487.58    1489.08 0.0000e+00
       8641    360.000     7.7528   3.625254     7.7542   3.625524      96.56     2.0322     0.0321    70.9700 1.0000e-12    5.57382    35.1183    35.1198    27.4040    1487.60    1489.07 0.0000e+00
       8661    361.000     7.7528   3.625313     7.7542   3.625603      96.56     2.0321     0.0323    70.9825 1.0000e-12    5.57609    35.1185    35.1202    27.4042    1487.62    1489.07 0.0000e+00
       8683    362.000     7.7530   3.625426     7.7544   3.625697      93.18     2.0321     0.0354    70.9787 1.0000e-12    5.57723    35.1190    35.1205    27.4046    1487.64    1489.06 0.0000e+00
       8707    363.000     7.7507   3.625389     7.7522   3.625691      96.22     2.0321     0.0364    70.9747 1.0000e-12    5.57533    35.1204    35.1222    27.4060    1487.65    1489.06 0.0000e+00
       8731    364.000     7.7492   3.625338     7.7503   3.625606      96.56     2.0315     0.0367    70.9788 1.0000e-12    5.56296    35.1209    35.1227    27.4066    1487.66    1489.06 0.0000e+00
       8753    365.000     7.7497   3.625422     7.7508   3.625676      96.55     2.0303     0.0384    70.9284 1.0000e-12    5.55883    35.1208    35.1225    27.4065    1487.67    1489.05 0.0000e+00
       8773    366.000     7.7502   3.625506     7.7514   3.625766      96.55     2.0297     0.0362    70.9426 1.0000e-12    5.55814    35.1208    35.1224    27.4063    1487.69    1489.05 0.0000e+00
       8793    367.000     7.7500   3.625592     7.7515   3.625860      96.56     2.0285     0.0335    70.9348 1.0000e-12    5.55500    35.1214    35.1228    27.4069    1487.71    1489.05 0.0000e+00
       8816    368.000     7.7497   3.625637     7.7509   3.625897      96.56     2.0279     0.0329    70.9415 1.0000e-12    5.55786    35.1217    35.1233    27.4072    1487.73    1489.04 0.0000e+00
       8841    369.000     7.7506   3.625815     7.7519   3.626085      96.55     2.0272     0.0307    70.9109 1.0000e-12    5.56001    35.1222    35.1238    27.4074    1487.75    1489.04 0.0000e+00
       8867    370.000     7.7513   3.625963     7.7526   3.626240      96.55     2.0272     0.0322    70.8859 1.0000e-12    5.56508    35.1226    35.1243    27.4077    1487.77    1489.03 0.0000e+00
       8893    371.000     7.7518   3.626073     7.7531   3.626335      96.55     2.0272     0.0317    70.9047 1.0000e-12    5.56392    35.1228    35.1244    27.4077    1487.78    1489.03 0.0000e+00
       8916    372.000     7.7530   3.626261     7.7540   3.626489      96.56     2.0268     0.0324    70.8877 1.0000e-12    5.55066    35.1232    35.1246    27.4078    1487.81    1489.03 0.0000e+00
       8938    373.000     7.7537   3.626377     7.7553   3.626674      96.55     2.0254     0.0296    70.8829 1.0000e-12    5.54497    35.1233    35.1248    27.4078    1487.82    1489.02 0.0000e+00
       8959    374.000     7.7546   3.626524     7.7559   3.626796      96.55     2.0248     0.0315    70.8878 1.0000e-12    5.55455    35.1234    35.1251    27.4078    1487.84    1489.02 0.0000e+00
       8981    375.000     7.7551   3.626633     7.7564   3.626895      96.55     2.0248     0.0315    70.8784 1.0000e-12    5.55931    35.1236    35.1252    27.4079    1487.86    1489.02 0.0000e+00
       9004    376.000     7.7555   3.626749     7.7567   3.626998      96.55     2.0248     0.0323    70.9069 1.0000e-12    5.55992    35.1240    35.1255    27.4081    1487.88    1489.02 0.0000e+00
       9025    377.000     7.7556   3.626818     7.7568   3.627089      96.55     2.0248     0.0345    70.8888 1.0000e-12    5.56061    35.1242    35.1259    27.4082    1487.90    1489.01 0.0000e+00
       9045    378.000     7.7558   3.626974     7.7572   3.627232      96.56     2.0248     0.0366    70.8945 1.0000e-12    5.55933    35.1252    35.1265    27.4090    1487.92    1489.01 0.0000e+00
       9066    379.000     7.7562   3.627125     7.7575   3.627382      96.55     2.0245     0.0337    70.8831 1.0000e-12    5.55754    35.1259    35.1274    27.4095    1487.94    1489.01 0.0000e+00
       9089    380.000     7.7562   3.627203     7.7575   3.627472      96.55     2.0243     0.0320    70.8688 1.0000e-12    5.55308    35.1263    35.1279    27.4098    1487.95    1489.00 0.0000e+00
       9115    381.000     7.7562   3.627214     7.7575   3.627490      96.56     2.0233     0.0336    70.8370 1.0000e-12    5.54602    35.1259    35.1276    27.4095    1487.97    1489.00 0.0000e+00
       9142    382.000     7.7563   3.627187     7.7575   3.627455      96.55     2.0225     0.0338    70.8159 1.0000e-12    5.55160    35.1250    35.1267    27.4088    1487.99    1489.00 0.0000e+00
       9167    383.000     7.7565   3.627250     7.7577   3.627537      96.55     2.0226     0.0329    70.8009 1.0000e-12    5.55552    35.1250    35.1269    27.4088    1488.00    1489.00 0.0000e+00
       9190    384.000     7.7566   3.627283     7.7578   3.627563      96.55     2.0220     0.0298    70.7919 1.0000e-12    5.53886    35.1248    35.1266    27.4086    1488.02    1488.99 0.0000e+00
       9287    385.000     7.7566   3.627337     7.7579   3.627630      49.97     2.0195     0.0316    70.8119 1.0000e-12    5.53973    35.1249    35.1268    27.4087    1488.04    1488.99 0.0000e+00
       9644    386.000     7.7567   3.627397     7.7580   3.627680      96.28     2.0220     0.0325    70.8335 1.0000e-12    5.55156    35.1250    35.1267    27.4087    1488.05    1488.99 0.0000e+00
       9683    387.000     7.7569   3.627467     7.7582   3.627775      93.04     2.0207     0.0376    70.8297 1.0000e-12    5.54826    35.1250    35.1270    27.4087    1488.07    1488.99 0.0000e+00
       9711    388.000     7.7570   3.627553     7.7583   3.627831      96.57     2.0212     0.0361    70.8275 1.0000e-12    5.55890    35.1254    35.1271    27.4090    1488.09    1488.98 0.0000e+00
       9743    389.000     7.7570   3.627611     7.7583   3.627868      96.55     2.0212     0.0372    70.8208 1.0000e-12    5.55585    35.1255    35.1270    27.4091    1488.10    1488.98 0.0000e+00
       9798    390.000     7.7571   3.627694     7.7585   3.627971      96.55     2.0212     0.0343    70.8167 1.0000e-12    5.55619    35.1258    35.1274    27.4093    1488.12    1488.98 0.0000e+00
       9839    391.000     7.7573   3.627755     7.7587   3.628052      96.55     2.0212     0.0329    70.8038 1.0000e-12    5.55688    35.1258    35.1276    27.4093    1488.14    1488.98 0.0000e+00
       9870    392.000     7.7574   3.627792     7.7587   3.628079      96.56     2.0212     0.0306    70.8024 1.0000e-12    5.55763    35.1256    35.1274    27.4091    1488.15    1488.98 0.0000e+00
       9905    393.000     7.7574   3.627860     7.7588   3.628154      96.55     2.0210     0.0289    70.8264 1.0000e-12    5.55583    35.1259    35.1276    27.4093    1488.17    1488.97 0.0000e+00
       9942    394.000     7.7575   3.627992     7.7589   3.628282      96.55     2.0209     0.0288    70.7763 1.0000e-12    5.55382    35.1267    35.1284    27.4099    1488.19    1488.97 0.0000e+00
       9975    395.000     7.7577   3.628151     7.7590   3.628403      96.55     2.0195     0.0347    70.7983 1.0000e-12    5.53800    35.1277    35.1292    27.4107    1488.21    1488.97 0.0000e+00
      10010    396.000     7.7576   3.628157     7.7590   3.628460      96.55     2.0186     0.0343    70.7913 1.0000e-12    5.54895    35.1274    35.1293    27.4105    1488.22    1488.97 0.0000e+00
      10056    397.000     7.7575   3.628264     7.7588   3.628558      96.55     2.0188     0.0341    70.7857 1.0000e-12    5.55248    35.1282    35.1301    27.4111    1488.24    1488.97 0.0000e+00
      10101    398.000     7.7574   3.628380     7.7588   3.628667      96.55     2.0182     0.0364    70.7630 1.0000e-12    5.54454    35.1291    35.1308    27.4118    1488.26    1488.96 0.0000e+00
      10142    399.000     7.7576   3.628443     7.7589   3.628746      96.55     2.0175     0.0335    70.7699 1.0000e-12    5.53962    35.1291    35.1310    27.4118    1488.28    1488.96 0.0000e+00
      10173    400.000     7.7579   3.628547     7.7592   3.628827      96.56     2.0166     0.0332    70.7601 1.0000e-12    5.54744    35.1294    35.1311    27.4120    1488.29    1488.96 0.0000e+00
      10202    401.000     7.7581   3.628685     7.7593   3.628978      96.55     2.0173     0.0320    70.7197 1.0000e-12    5.55309    35.1302    35.1322    27.4126    1488.31    1488.96 0.0000e+00
      10236    402.000     7.7581   3.628726     7.7594   3.629024      96.55     2.0167     0.0355    70.6759 1.0000e-12    5.54026    35.1302    35.1321    27.4126    1488.33    1488.96 0.0000e+00
      10281    403.000     7.7582   3.628834     7.7595   3.629097      96.55     2.0163     0.0331    70.6929 1.0000e-12    5.54637    35.1308    35.1323    27.4130    1488.35    1488.96 0.0000e+00
