_data/ctd/2016/Sta0952_2016.cnv
* Sea-Bird SBE 9 Data File:
* FileName = C:\Seabird\CTDDATA\sta0952.hex
* Software Version Seasave V 7.21f
* Temperature SN = 5458
* Conductivity SN = 044221
* Number of Bytes Per Scan = 41
* Number of Voltage Words = 4
* Number of Scans Averaged by the Deck Unit = 1
* NMEA Latitude = 60 52.08 N
* NMEA Longitude = 005 22.00 E
* NMEA UTC (Time) = Sep 21 2016 11:31:34
** Ship: 01 F/F "Håkon Mosby"
** Station: 0952
** Echodepth: 472
** Log: 3337,9
** Wind-Dir Force: 25 04
** Air-temp (dry): 18.0
** Weather Sky: 2 9
** Sea Ice: 1 0
** UNIS station:
# nquan = 18                                
# nvalues = 458                         
# units = specified
# name 0 = scan: Scan Count
# name 1 = prDM: Pressure, Digiquartz [db]
# name 2 = t068C: Temperature [ITS-68, deg C]
# name 3 = c0S/m: Conductivity [S/m]
# name 4 = t168C: Temperature, 2 [ITS-68, deg C]
# name 5 = c1S/m: Conductivity, 2 [S/m]
# name 6 = altM: Altimeter [m]
# name 7 = sbeox0V: Oxygen raw, SBE 43 [V]
# name 8 = flC: Fluorescence, Chelsea Aqua 3 Chl Con [ug/l]
# name 9 = xmiss: Beam Transmission, Chelsea/Seatech [%]
# name 10 = par: PAR/Irradiance, Biospherical/Licor
# name 11 = sbeox0ML/L: Oxygen, SBE 43 [ml/l], WS = 2
# name 12 = sal00: Salinity, Practical [PSU]
# name 13 = sal11: Salinity, Practical, 2 [PSU]
# name 14 = sigma-t00: Density [sigma-t, Kg/m^3 ]
# name 15 = svCM: Sound Velocity [Chen-Millero, m/s]
# name 16 = avgsvCM: Average Sound Velocity [Chen-Millero, m/s], minP = 0, minS = 0
# name 17 = flag: flag
# span 0 =        266,      10889       
# span 1 =      2.000,    459.000       
# span 2 =     8.1508,    15.1914       
# span 3 =   2.966640,   3.818082       
# span 4 =     8.1520,    15.1921       
# span 5 =   3.032096,   3.818326       
# span 6 =      25.28,      97.86       
# span 7 =     1.0125,     2.4417       
# span 8 =     0.0331,     1.0490       
# span 9 =    59.7061,    72.1029       
# span 10 = 1.0000e-12, 2.3220e+02      
# span 11 =    1.83005,    6.17034      
# span 12 =    23.1227,    35.0502      
# span 13 =    23.7056,    35.0532      
# span 14 =    16.8004,    27.2845      
# span 15 =    1484.53,    1501.80      
# span 16 =    1488.56,    1500.50      
# span 17 = 0.0000e+00, 0.0000e+00      
# interval = decibars: 1                
# start_time = Sep 21 2016 11:31:36 [System UTC, first data scan.]
# bad_flag = -9.990e-29
*END*
[from data line 403]
       9542    405.000     8.1889   3.661465     8.1902   3.661866      96.56     1.0261     0.0525    69.3341 1.0000e-12    1.87149    35.0492    35.0521    27.2842    1489.90    1488.69 0.0000e+00
       9565    406.000     8.1890   3.661526     8.1903   3.661920      96.56     1.0253     0.0507    69.3419 1.0000e-12    1.86670    35.0492    35.0521    27.2842    1489.92    1488.70 0.0000e+00
       9588    407.000     8.1892   3.661583     8.1905   3.661977      96.56     1.0245     0.0527    69.2571 1.0000e-12    1.86599    35.0492    35.0521    27.2842    1489.94    1488.70 0.0000e+00
       9611    408.000     8.1893   3.661663     8.1907   3.662046      96.56     1.0238     0.0521    69.2363 1.0000e-12    1.86394    35.0495    35.0521    27.2844    1489.96    1488.70 0.0000e+00
       9634    409.000     8.1894   3.661707     8.1908   3.662098      96.56     1.0235     0.0498    69.1838 1.0000e-12    1.86727    35.0493    35.0521    27.2843    1489.97    1488.70 0.0000e+00
       9657    410.000     8.1895   3.661762     8.1909   3.662150      96.56     1.0228     0.0516    69.1387 1.0000e-12    1.85894    35.0494    35.0521    27.2843    1489.99    1488.71 0.0000e+00
       9680    411.000     8.1897   3.661823     8.1910   3.662212      96.56     1.0222     0.0498    69.1393 1.0000e-12    1.85690    35.0493    35.0522    27.2842    1490.01    1488.71 0.0000e+00
       9703    412.000     8.1899   3.661879     8.1911   3.662265      96.56     1.0211     0.0509    69.0956 1.0000e-12    1.84937    35.0493    35.0522    27.2841    1490.02    1488.71 0.0000e+00
       9726    413.000     8.1899   3.661935     8.1912   3.662321      96.56     1.0200     0.0531    69.0796 1.0000e-12    1.85174    35.0494    35.0522    27.2842    1490.04    1488.72 0.0000e+00
       9749    414.000     8.1900   3.661990     8.1914   3.662375      96.56     1.0199     0.0484    69.0555 1.0000e-12    1.85864    35.0494    35.0521    27.2842    1490.06    1488.72 0.0000e+00
       9773    415.000     8.1902   3.662058     8.1915   3.662455      96.55     1.0197     0.0498    69.0470 1.0000e-12    1.85075    35.0494    35.0524    27.2842    1490.07    1488.72 0.0000e+00
       9796    416.000     8.1904   3.662127     8.1918   3.662518      96.56     1.0187     0.0497    68.9943 1.0000e-12    1.84838    35.0495    35.0523    27.2842    1490.09    1488.73 0.0000e+00
       9819    417.000     8.1906   3.662185     8.1919   3.662568      96.56     1.0185     0.0512    68.8894 1.0000e-12    1.85038    35.0494    35.0522    27.2842    1490.11    1488.73 0.0000e+00
       9842    418.000     8.1907   3.662239     8.1920   3.662617      96.56     1.0178     0.0514    68.8603 1.0000e-12    1.84007    35.0495    35.0522    27.2842    1490.13    1488.73 0.0000e+00
       9866    419.000     8.1908   3.662289     8.1921   3.662675      96.56     1.0167     0.0530    68.8064 1.0000e-12    1.83538    35.0494    35.0522    27.2841    1490.14    1488.74 0.0000e+00
       9889    420.000     8.1908   3.662342     8.1922   3.662731      96.56     1.0157     0.0514    68.8025 1.0000e-12    1.83433    35.0495    35.0523    27.2842    1490.16    1488.74 0.0000e+00
       9913    421.000     8.1910   3.662405     8.1924   3.662801      96.55     1.0150     0.0523    68.7888 1.0000e-12    1.83777    35.0495    35.0523    27.2841    1490.18    1488.74 0.0000e+00
       9936    422.000     8.1911   3.662455     8.1924   3.662853      96.56     1.0146     0.0517    68.7664 1.0000e-12    1.83263    35.0495    35.0524    27.2841    1490.19    1488.75 0.0000e+00
       9960    423.000     8.1912   3.662516     8.1926   3.662911      96.56     1.0138     0.0495    68.7510 1.0000e-12    1.83378    35.0495    35.0524    27.2841    1490.21    1488.75 0.0000e+00
       9983    424.000     8.1913   3.662565     8.1927   3.662957      96.56     1.0136     0.0507    68.7302 1.0000e-12    1.83733    35.0495    35.0523    27.2841    1490.23    1488.75 0.0000e+00
      10007    425.000     8.1914   3.662625     8.1927   3.663022      96.56     1.0133     0.0506    68.7054 1.0000e-12    1.83005    35.0495    35.0525    27.2841    1490.24    1488.76 0.0000e+00
      10030    426.000     8.1915   3.662681     8.1929   3.663077      96.56     1.0127     0.0536    68.7618 1.0000e-12    1.83182    35.0496    35.0524    27.2841    1490.26    1488.76 0.0000e+00
      10054    427.000     8.1916   3.662734     8.1929   3.663127      96.56     1.0125     0.0559    68.7631 1.0000e-12    1.83514    35.0496    35.0525    27.2841    1490.28    1488.76 0.0000e+00
      10078    428.000     8.1917   3.662788     8.1930   3.663182      96.56     1.0125     0.0546    68.8172 1.0000e-12    1.83863    35.0496    35.0525    27.2841    1490.29    1488.77 0.0000e+00
      10101    429.000     8.1918   3.662844     8.1931   3.663239      96.55     1.0130     0.0519    68.8499 1.0000e-12    1.84988    35.0496    35.0525    27.2841    1490.31    1488.77 0.0000e+00
      10125    430.000     8.1918   3.662888     8.1931   3.663282      96.56     1.0141     0.0504    68.8514 1.0000e-12    1.85603    35.0496    35.0525    27.2841    1490.33    1488.78 0.0000e+00
      10148    431.000     8.1918   3.662941     8.1932   3.663327      96.56     1.0150     0.0480    68.9429 1.0000e-12    1.85989    35.0497    35.0524    27.2842    1490.34    1488.78 0.0000e+00
      10172    432.000     8.1921   3.663003     8.1933   3.663392      96.56     1.0164     0.0468    68.9861 1.0000e-12    1.87346    35.0496    35.0525    27.2840    1490.36    1488.78 0.0000e+00
      10196    433.000     8.1921   3.663059     8.1935   3.663444      96.56     1.0182     0.0498    69.0189 1.0000e-12    1.88148    35.0497    35.0524    27.2841    1490.38    1488.79 0.0000e+00
      10219    434.000     8.1923   3.663116     8.1936   3.663515      96.56     1.0198     0.0522    69.0198 1.0000e-12    1.88013    35.0496    35.0526    27.2840    1490.40    1488.79 0.0000e+00
      10243    435.000     8.1924   3.663184     8.1938   3.663582      96.56     1.0206     0.0545    69.0089 1.0000e-12    1.87693    35.0498    35.0526    27.2841    1490.41    1488.79 0.0000e+00
      10266    436.000     8.1927   3.663245     8.1939   3.663647      96.55     1.0211     0.0508    68.9339 1.0000e-12    1.87249    35.0496    35.0527    27.2840    1490.43    1488.80 0.0000e+00
      10290    437.000     8.1927   3.663306     8.1941   3.663695      96.55     1.0211     0.0521    68.8086 1.0000e-12    1.86783    35.0498    35.0526    27.2841    1490.45    1488.80 0.0000e+00
      10314    438.000     8.1928   3.663361     8.1942   3.663753      96.56     1.0207     0.0549    68.7789 1.0000e-12    1.85906    35.0498    35.0526    27.2841    1490.46    1488.81 0.0000e+00
      10337    439.000     8.1929   3.663415     8.1943   3.663800      96.56     1.0199     0.0537    68.7275 1.0000e-12    1.85772    35.0498    35.0526    27.2841    1490.48    1488.81 0.0000e+00
      10361    440.000     8.1930   3.663462     8.1943   3.663859      96.56     1.0193     0.0515    68.7637 1.0000e-12    1.85416    35.0498    35.0527    27.2841    1490.50    1488.81 0.0000e+00
      10385    441.000     8.1931   3.663519     8.1944   3.663910      96.56     1.0187     0.0530    68.7800 1.0000e-12    1.85901    35.0498    35.0527    27.2841    1490.51    1488.82 0.0000e+00
      10409    442.000     8.1932   3.663574     8.1945   3.663970      96.56     1.0187     0.0536    68.7877 1.0000e-12    1.86561    35.0498    35.0527    27.2841    1490.53    1488.82 0.0000e+00
      10434    443.000     8.1933   3.663632     8.1947   3.664022      96.56     1.0194     0.0510    68.8376 1.0000e-12    1.87457    35.0499    35.0526    27.2841    1490.55    1488.82 0.0000e+00
      10458    444.000     8.1934   3.663691     8.1947   3.664083      96.56     1.0199     0.0517    68.8461 1.0000e-12    1.87646    35.0499    35.0528    27.2841    1490.56    1488.83 0.0000e+00
      10482    445.000     8.1935   3.663749     8.1949   3.664139      96.56     1.0210     0.0513    68.8166 1.0000e-12    1.88285    35.0500    35.0527    27.2841    1490.58    1488.83 0.0000e+00
      10505    446.000     8.1937   3.663805     8.1950   3.664203      96.56     1.0217     0.0538    68.8223 1.0000e-12    1.88189    35.0499    35.0528    27.2840    1490.60    1488.84 0.0000e+00
      10529    447.000     8.1937   3.663865     8.1951   3.664265      96.56     1.0221     0.0524    68.8640 1.0000e-12    1.88061    35.0500    35.0529    27.2842    1490.62    1488.84 0.0000e+00
      10553    448.000     8.1938   3.663924     8.1952   3.664308      96.56     1.0224     0.0510    68.9749 1.0000e-12    1.88171    35.0501    35.0528    27.2842    1490.63    1488.84 0.0000e+00
      10577    449.000     8.1940   3.663973     8.1953   3.664365      96.56     1.0230     0.0500    69.0204 1.0000e-12    1.89159    35.0500    35.0528    27.2840    1490.65    1488.85 0.0000e+00
      10601    450.000     8.1940   3.664038     8.1954   3.664423      96.56     1.0240     0.0526    69.0932 1.0000e-12    1.89396    35.0502    35.0529    27.2842    1490.67    1488.85 0.0000e+00
      10626    451.000     8.1941   3.664092     8.1954   3.664484      96.56     1.0246     0.0525    69.1537 1.0000e-12    1.89109    35.0502    35.0531    27.2842    1490.68    1488.86 0.0000e+00
      10650    452.000     8.1942   3.664145     8.1956   3.664542      96.56     1.0251     0.0505    69.2690 1.0000e-12    1.90030    35.0502    35.0530    27.2842    1490.70    1488.86 0.0000e+00
      10674    453.000     8.1944   3.664198     8.1957   3.664603      96.55     1.0264     0.0513    69.2681 1.0000e-12    1.90996    35.0501    35.0531    27.2841    1490.72    1488.86 0.0000e+00
      10698    454.000     8.1945   3.664258     8.1958   3.664657      96.56     1.0276     0.0523    69.3237 1.0000e-12    1.91309    35.0501    35.0531    27.2841    1490.73    1488.87 0.0000e+00
      10722    455.000     8.1946   3.664317     8.1959   3.664709      96.56     1.0286     0.0529    69.3338 1.0000e-12    1.91369    35.0502    35.0531    27.2841    1490.75    1488.87 0.0000e+00
      10747    456.000     8.1948   3.664372     8.1960   3.664770      96.56     1.0296     0.0497    69.4379 1.0000e-12    1.91293    35.0501    35.0531    27.2840    1490.77    1488.88 0.0000e+00
      10771    457.000     8.1949   3.664435     8.1963   3.664831      96.56     1.0298     0.0509    69.4312 1.0000e-12    1.91086    35.0502    35.0530    27.2841    1490.78    1488.88 0.0000e+00
      10795    458.000     8.1950   3.664488     8.1963   3.664888      96.56     1.0304     0.0488    69.4525 1.0000e-12    1.91448    35.0502    35.0532    27.2841    1490.80    1488.89 0.0000e+00
      10889    459.000     8.1951   3.664544     8.1965   3.664949      96.56     1.0305     0.0480    69.4436 1.0000e-12    1.91033    35.0502    35.0531    27.2841    1490.82    1488.89 0.0000e+00
