_data/ctd/2016/Sta0956_2016.cnv
* Sea-Bird SBE 9 Data File:
* FileName = C:\Seabird\CTDDATA\sta0956.hex
* Software Version Seasave V 7.21f
* Temperature SN = 5458
* Conductivity SN = 044221
* Number of Bytes Per Scan = 41
* Number of Voltage Words = 4
* Number of Scans Averaged by the Deck Unit = 1
* NMEA Latitude = 61 21.26 N
* NMEA Longitude = 007 22.32 E
* NMEA UTC (Time) = Sep 27 2016 00:42:59
** Ship: 01 F/F "Håkon Mosby"
** Station: 0956
** Echodepth: 373
** Log: 3789.8
** Wind-Dir Force: 34 01
** Air-temp (dry): 9,9
** Weather Sky: 2 9
** Sea Ice: 1 0
** UNIS station:
# nquan = 18                                
# nvalues = 358                         
# units = specified
# name 0 = scan: Scan Count
# name 1 = prDM: Pressure, Digiquartz [db]
# name 2 = t068C: Temperature [ITS-68, deg C]
# name 3 = c0S/m: Conductivity [S/m]
# name 4 = t168C: Temperature, 2 [ITS-68, deg C]
# name 5 = c1S/m: Conductivity, 2 [S/m]
# name 6 = altM: Altimeter [m]
# name 7 = sbeox0V: Oxygen raw, SBE 43 [V]
# name 8 = flC: Fluorescence, Chelsea Aqua 3 Chl Con [ug/l]
# name 9 = xmiss: Beam Transmission, Chelsea/Seatech [%]
# name 10 = par: PAR/Irradiance, Biospherical/Licor
# name 11 = sbeox0ML/L: Oxygen, SBE 43 [ml/l], WS = 2
# name 12 = sal00: Salinity, Practical [PSU]
# name 13 = sal11: Salinity, Practical, 2 [PSU]
# name 14 = sigma-t00: Density [sigma-t, Kg/m^3 ]
# name 15 = svCM: Sound Velocity [Chen-Millero, m/s]
# name 16 = avgsvCM: Average Sound Velocity [Chen-Millero, m/s], minP = 0, minS = 0
# name 17 = flag: flag
# span 0 =        420,       9055       
# span 1 =      3.000,    360.000       
# span 2 =     7.5598,    14.3338       
# span 3 =   1.825538,   3.686458       
# span 4 =     7.5612,    14.3356       
# span 5 =   1.814028,   3.685336       
# span 6 =      21.81,     102.65       
# span 7 =     1.4749,     2.6658       
# span 8 =     0.0287,     0.4561       
# span 9 =    41.0992,    71.9278       
# span 10 = 1.0000e-12, 2.5961e-01      
# span 11 =    3.42279,    7.61656      
# span 12 =    14.5532,    34.9999      
# span 13 =    14.4520,    35.0011      
# span 14 =    10.6830,    27.3392      
# span 15 =    1474.49,    1498.86      
# span 16 =    1474.49,    1494.07      
# span 17 = 0.0000e+00, 0.0000e+00      
# interval = decibars: 1                
# start_time = Sep 27 2016 00:43:01 [System UTC, first data scan.]
# bad_flag = -9.990e-29
*END*
[from data line 242]
       6319    245.000     7.6536   3.596652     7.6551   3.596883      95.39     1.6456     0.0372    71.5277 1.0000e-12    4.09149    34.9646    34.9656    27.2978    1485.14    1487.38 0.0000e+00
       6343    246.000     7.6532   3.596667     7.6547   3.596899      84.59     1.6429     0.0351    71.5201 1.0000e-12    4.05112    34.9647    34.9657    27.2979    1485.15    1487.37 0.0000e+00
       6367    247.000     7.6525   3.596664     7.6539   3.596896      47.67     1.6372     0.0318    71.5018 1.0000e-12    4.02030    34.9649    34.9660    27.2982    1485.17    1487.37 0.0000e+00
       6392    248.000     7.6515   3.596646     7.6529   3.596867      96.71     1.6332     0.0313    71.4702 1.0000e-12    4.00883    34.9652    34.9662    27.2986    1485.18    1487.36 0.0000e+00
       6415    249.000     7.6503   3.596598     7.6517   3.596823      96.56     1.6277     0.0304    71.4757 1.0000e-12    3.98343    34.9654    34.9665    27.2989    1485.19    1487.35 0.0000e+00
       6439    250.000     7.6494   3.596583     7.6509   3.596814      96.56     1.6231     0.0323    71.4692 1.0000e-12    3.97837    34.9657    34.9667    27.2992    1485.21    1487.34 0.0000e+00
       6463    251.000     7.6490   3.596602     7.6504   3.596838      96.56     1.6188     0.0318    71.4293 1.0000e-12    3.96106    34.9658    34.9669    27.2994    1485.22    1487.33 0.0000e+00
       6487    252.000     7.6483   3.596609     7.6496   3.596847      96.56     1.6144     0.0334    71.4259 1.0000e-12    3.94883    34.9661    34.9674    27.2997    1485.24    1487.32 0.0000e+00
       6511    253.000     7.6475   3.596622     7.6489   3.596854      88.37     1.6100     0.0329    71.4347 1.0000e-12    3.92913    34.9665    34.9677    27.3002    1485.25    1487.31 0.0000e+00
       6534    254.000     7.6456   3.596582     7.6470   3.596809      82.36     1.6065     0.0302    71.4454 1.0000e-12    3.95970    34.9675    34.9686    27.3012    1485.26    1487.31 0.0000e+00
       6558    255.000     7.6437   3.596509     7.6451   3.596751      96.50     1.6063     0.0354    71.4563 1.0000e-12    3.96543    34.9682    34.9694    27.3020    1485.27    1487.30 0.0000e+00
       6582    256.000     7.6422   3.596453     7.6438   3.596681      96.56     1.6055     0.0358    71.4367 1.0000e-12    3.96965    34.9686    34.9694    27.3026    1485.28    1487.29 0.0000e+00
       6605    257.000     7.6422   3.596517     7.6437   3.596755      96.56     1.6055     0.0354    71.4358 1.0000e-12    3.97136    34.9688    34.9698    27.3027    1485.30    1487.28 0.0000e+00
       6629    258.000     7.6419   3.596545     7.6434   3.596778      96.56     1.6049     0.0354    71.4613 1.0000e-12    3.95379    34.9689    34.9699    27.3029    1485.31    1487.27 0.0000e+00
       6653    259.000     7.6409   3.596492     7.6422   3.596713      54.58     1.6027     0.0343    71.4338 1.0000e-12    3.95433    34.9688    34.9699    27.3030    1485.33    1487.27 0.0000e+00
       6677    260.000     7.6404   3.596493     7.6421   3.596741      90.47     1.6039     0.0335    71.4412 1.0000e-12    3.98272    34.9689    34.9698    27.3031    1485.34    1487.26 0.0000e+00
       6701    261.000     7.6396   3.596474     7.6411   3.596718      96.59     1.6037     0.0339    71.4368 1.0000e-12    3.95425    34.9690    34.9701    27.3033    1485.35    1487.25 0.0000e+00
       6724    262.000     7.6379   3.596414     7.6394   3.596663      96.56     1.6018     0.0337    71.4401 1.0000e-12    3.92788    34.9695    34.9707    27.3040    1485.37    1487.25 0.0000e+00
       6748    263.000     7.6349   3.596280     7.6364   3.596517      96.56     1.5980     0.0355    71.3853 1.0000e-12    3.90117    34.9706    34.9717    27.3052    1485.37    1487.24 0.0000e+00
       6772    264.000     7.6322   3.596162     7.6337   3.596409      96.56     1.5944     0.0357    71.4226 1.0000e-12    3.90017    34.9716    34.9727    27.3064    1485.38    1487.23 0.0000e+00
       6796    265.000     7.6308   3.596090     7.6322   3.596330      96.56     1.5921     0.0316    71.3994 1.0000e-12    3.89207    34.9717    34.9729    27.3067    1485.39    1487.22 0.0000e+00
       6820    266.000     7.6296   3.596049     7.6311   3.596295      59.54     1.5889     0.0299    71.3877 1.0000e-12    3.90602    34.9720    34.9731    27.3071    1485.40    1487.22 0.0000e+00
       6843    267.000     7.6286   3.596047     7.6299   3.596277      96.47     1.5893     0.0331    71.4055 1.0000e-12    3.91390    34.9725    34.9736    27.3076    1485.42    1487.21 0.0000e+00
       6867    268.000     7.6264   3.595954     7.6278   3.596199      96.56     1.5881     0.0338    71.4034 1.0000e-12    3.90447    34.9732    34.9744    27.3085    1485.42    1487.20 0.0000e+00
       6890    269.000     7.6234   3.595766     7.6249   3.596006      96.56     1.5872     0.0334    71.4001 1.0000e-12    3.90224    34.9737    34.9748    27.3093    1485.43    1487.20 0.0000e+00
       6914    270.000     7.6227   3.595758     7.6240   3.595989      96.55     1.5859     0.0356    71.3933 1.0000e-12    3.88646    34.9738    34.9750    27.3095    1485.44    1487.19 0.0000e+00
       6937    271.000     7.6208   3.595669     7.6223   3.595904      96.56     1.5836     0.0362    71.4044 1.0000e-12    3.87308    34.9742    34.9753    27.3102    1485.45    1487.18 0.0000e+00
       6961    272.000     7.6198   3.595661     7.6212   3.595898      96.56     1.5814     0.0351    71.4034 1.0000e-12    3.86752    34.9747    34.9758    27.3106    1485.47    1487.18 0.0000e+00
       6985    273.000     7.6182   3.595610     7.6196   3.595849      96.56     1.5792     0.0319    71.3869 1.0000e-12    3.85727    34.9752    34.9764    27.3113    1485.48    1487.17 0.0000e+00
       7009    274.000     7.6172   3.595598     7.6186   3.595828      96.56     1.5766     0.0313    71.3850 1.0000e-12    3.85003    34.9756    34.9767    27.3118    1485.49    1487.17 0.0000e+00
       7032    275.000     7.6159   3.595570     7.6173   3.595800      96.56     1.5746     0.0310    71.3731 1.0000e-12    3.84763    34.9761    34.9772    27.3124    1485.50    1487.16 0.0000e+00
       7056    276.000     7.6152   3.595569     7.6167   3.595804      96.56     1.5725     0.0321    71.3752 1.0000e-12    3.83532    34.9764    34.9774    27.3126    1485.52    1487.15 0.0000e+00
       7080    277.000     7.6140   3.595545     7.6156   3.595790      96.50     1.5702     0.0341    71.3700 1.0000e-12    3.82418    34.9768    34.9779    27.3132    1485.53    1487.15 0.0000e+00
       7104    278.000     7.6133   3.595544     7.6149   3.595773      62.74     1.5668     0.0339    71.3718 1.0000e-12    3.81254    34.9770    34.9779    27.3134    1485.54    1487.14 0.0000e+00
       7128    279.000     7.6127   3.595547     7.6141   3.595781      90.68     1.5658     0.0310    71.3742 1.0000e-12    3.82810    34.9772    34.9783    27.3136    1485.56    1487.14 0.0000e+00
       7152    280.000     7.6113   3.595519     7.6128   3.595762      96.58     1.5639     0.0320    71.3839 1.0000e-12    3.81083    34.9778    34.9789    27.3143    1485.57    1487.13 0.0000e+00
       7175    281.000     7.6112   3.595558     7.6127   3.595799      96.56     1.5619     0.0332    71.4013 1.0000e-12    3.80129    34.9778    34.9789    27.3144    1485.59    1487.13 0.0000e+00
       7198    282.000     7.6111   3.595594     7.6126   3.595829      96.56     1.5597     0.0331    71.3818 1.0000e-12    3.80009    34.9778    34.9789    27.3144    1485.60    1487.12 0.0000e+00
       7222    283.000     7.6103   3.595584     7.6118   3.595828      96.56     1.5584     0.0309    71.3820 1.0000e-12    3.79663    34.9780    34.9792    27.3147    1485.62    1487.11 0.0000e+00
       7245    284.000     7.6095   3.595616     7.6109   3.595843      73.22     1.5560     0.0344    71.3437 1.0000e-12    3.78227    34.9787    34.9797    27.3153    1485.63    1487.11 0.0000e+00
       7268    285.000     7.6078   3.595569     7.6090   3.595810      84.69     1.5553     0.0332    71.3008 1.0000e-12    3.80855    34.9794    34.9808    27.3161    1485.64    1487.10 0.0000e+00
       7292    286.000     7.6047   3.595361     7.6062   3.595598      96.52     1.5551     0.0339    71.3648 1.0000e-12    3.79900    34.9798    34.9808    27.3169    1485.65    1487.10 0.0000e+00
       7315    287.000     7.6034   3.595332     7.6047   3.595579      96.56     1.5542     0.0369    71.3430 1.0000e-12    3.79523    34.9803    34.9816    27.3174    1485.66    1487.09 0.0000e+00
       7339    288.000     7.6018   3.595285     7.6033   3.595511      96.56     1.5532     0.0348    71.3269 1.0000e-12    3.77843    34.9809    34.9818    27.3182    1485.67    1487.09 0.0000e+00
       7363    289.000     7.6007   3.595308     7.6021   3.595550      96.56     1.5506     0.0349    71.2919 1.0000e-12    3.75691    34.9818    34.9830    27.3190    1485.68    1487.08 0.0000e+00
       7387    290.000     7.5986   3.595246     7.6000   3.595502      96.56     1.5477     0.0321    71.2867 1.0000e-12    3.74583    34.9827    34.9841    27.3200    1485.69    1487.08 0.0000e+00
       7410    291.000     7.5966   3.595175     7.5980   3.595427      80.61     1.5448     0.0303    71.2556 1.0000e-12    3.74372    34.9835    34.9848    27.3209    1485.70    1487.07 0.0000e+00
       7434    292.000     7.5954   3.595118     7.5967   3.595409      46.64     1.5430     0.0333    71.2107 1.0000e-12    3.75334    34.9836    34.9854    27.3212    1485.71    1487.07 0.0000e+00
       7457    293.000     7.5936   3.595084     7.5951   3.595329      82.14     1.5433     0.0345    71.2696 1.0000e-12    3.77467    34.9845    34.9857    27.3222    1485.73    1487.07 0.0000e+00
       7480    294.000     7.5926   3.595058     7.5941   3.595311      96.63     1.5431     0.0379    71.2569 1.0000e-12    3.75842    34.9847    34.9860    27.3225    1485.74    1487.06 0.0000e+00
       7503    295.000     7.5907   3.594984     7.5922   3.595223      96.56     1.5415     0.0387    71.2005 1.0000e-12    3.73520    34.9854    34.9864    27.3233    1485.75    1487.06 0.0000e+00
       7527    296.000     7.5905   3.595040     7.5920   3.595289      96.56     1.5390     0.0357    71.1962 1.0000e-12    3.72276    34.9857    34.9869    27.3236    1485.76    1487.05 0.0000e+00
       7550    297.000     7.5897   3.595052     7.5912   3.595299      96.56     1.5366     0.0349    71.2278 1.0000e-12    3.71091    34.9861    34.9873    27.3240    1485.78    1487.05 0.0000e+00
       7574    298.000     7.5876   3.595016     7.5891   3.595252      88.58     1.5337     0.0320    71.2155 1.0000e-12    3.70009    34.9874    34.9884    27.3253    1485.79    1487.04 0.0000e+00
       7597    299.000     7.5869   3.595026     7.5883   3.595269      34.01     1.5306     0.0312    71.2658 1.0000e-12    3.71092    34.9877    34.9889    27.3257    1485.80    1487.04 0.0000e+00
       7621    300.000     7.5861   3.595018     7.5875   3.595263      97.13     1.5319     0.0326    71.2825 1.0000e-12    3.73632    34.9879    34.9892    27.3260    1485.82    1487.04 0.0000e+00
       7644    301.000     7.5858   3.595065     7.5872   3.595296      96.56     1.5310     0.0336    71.2813 1.0000e-12    3.72329    34.9882    34.9893    27.3263    1485.83    1487.03 0.0000e+00
       7668    302.000     7.5846   3.595053     7.5861   3.595286      96.56     1.5309     0.0334    71.2845 1.0000e-12    3.72420    34.9888    34.9898    27.3269    1485.84    1487.03 0.0000e+00
       7692    303.000     7.5835   3.595027     7.5850   3.595277      96.56     1.5301     0.0356    71.3051 1.0000e-12    3.71691    34.9892    34.9904    27.3273    1485.86    1487.02 0.0000e+00
       7715    304.000     7.5829   3.595052     7.5843   3.595291      95.54     1.5294     0.0336    71.2794 1.0000e-12    3.71349    34.9896    34.9907    27.3277    1485.87    1487.02 0.0000e+00
       7739    305.000     7.5829   3.595111     7.5843   3.595351      90.92     1.5285     0.0352    71.2835 1.0000e-12    3.70313    34.9897    34.9909    27.3278    1485.89    1487.02 0.0000e+00
       7762    306.000     7.5823   3.595134     7.5838   3.595360      49.05     1.5269     0.0344    71.3164 1.0000e-12    3.72746    34.9901    34.9910    27.3282    1485.90    1487.01 0.0000e+00
       7785    307.000     7.5819   3.595151     7.5833   3.595391      95.90     1.5294     0.0354    71.3020 1.0000e-12    3.74957    34.9902    34.9914    27.3284    1485.92    1487.01 0.0000e+00
       7809    308.000     7.5816   3.595177     7.5831   3.595417      96.56     1.5305     0.0327    71.3234 1.0000e-12    3.74148    34.9903    34.9914    27.3285    1485.93    1487.01 0.0000e+00
       7832    309.000     7.5813   3.595208     7.5828   3.595452      96.56     1.5309     0.0346    71.2904 1.0000e-12    3.73506    34.9904    34.9916    27.3286    1485.95    1487.00 0.0000e+00
       7856    310.000     7.5809   3.595234     7.5823   3.595472      96.55     1.5309     0.0330    71.3064 1.0000e-12    3.73362    34.9906    34.9918    27.3289    1485.96    1487.00 0.0000e+00
       7879    311.000     7.5810   3.595284     7.5824   3.595534      96.55     1.5309     0.0314    71.2963 1.0000e-12    3.73294    34.9906    34.9919    27.3288    1485.98    1487.00 0.0000e+00
       7902    312.000     7.5805   3.595297     7.5819   3.595547      84.66     1.5304     0.0339    71.2782 1.0000e-12    3.71699    34.9907    34.9920    27.3290    1486.00    1486.99 0.0000e+00
       7926    313.000     7.5800   3.595327     7.5813   3.595568      75.31     1.5294     0.0312    71.2727 1.0000e-12    3.73330    34.9911    34.9924    27.3293    1486.01    1486.99 0.0000e+00
       7949    314.000     7.5794   3.595340     7.5808   3.595582      96.77     1.5300     0.0326    71.2841 1.0000e-12    3.73152    34.9913    34.9925    27.3296    1486.03    1486.99 0.0000e+00
       7973    315.000     7.5789   3.595355     7.5804   3.595600      96.56     1.5297     0.0331    71.3141 1.0000e-12    3.73307    34.9915    34.9927    27.3298    1486.04    1486.98 0.0000e+00
       7996    316.000     7.5782   3.595362     7.5796   3.595610      96.56     1.5300     0.0339    71.3167 1.0000e-12    3.73161    34.9918    34.9931    27.3302    1486.05    1486.98 0.0000e+00
       8020    317.000     7.5776   3.595377     7.5790   3.595610      96.22     1.5297     0.0347    71.3090 1.0000e-12    3.72544    34.9921    34.9932    27.3305    1486.07    1486.98 0.0000e+00
       8044    318.000     7.5771   3.595404     7.5785   3.595643      67.84     1.5284     0.0341    71.3009 1.0000e-12    3.71596    34.9924    34.9936    27.3308    1486.08    1486.97 0.0000e+00
       8067    319.000     7.5761   3.595377     7.5775   3.595621      88.80     1.5286     0.0320    71.3126 1.0000e-12    3.73168    34.9926    34.9938    27.3311    1486.10    1486.97 0.0000e+00
       8091    320.000     7.5751   3.595353     7.5764   3.595605      96.62     1.5280     0.0338    71.3087 1.0000e-12    3.71641    34.9929    34.9943    27.3315    1486.11    1486.97 0.0000e+00
       8115    321.000     7.5738   3.595330     7.5753   3.595565      96.56     1.5270     0.0332    71.2705 1.0000e-12    3.70907    34.9934    34.9945    27.3321    1486.12    1486.97 0.0000e+00
       8138    322.000     7.5729   3.595309     7.5744   3.595566      96.56     1.5256     0.0331    71.2439 1.0000e-12    3.70074    34.9936    34.9949    27.3324    1486.13    1486.96 0.0000e+00
       8162    323.000     7.5718   3.595297     7.5732   3.595535      96.55     1.5240     0.0354    71.2468 1.0000e-12    3.68821    34.9941    34.9953    27.3329    1486.15    1486.96 0.0000e+00
