_data/ctd/2016/Sta0944_2016.cnv
* Sea-Bird SBE 9 Data File:
* FileName = C:\Seabird\CTDDATA\sta0944.hex
* Software Version Seasave V 7.21f
* Temperature SN = 5458
* Conductivity SN = 044221
* Number of Bytes Per Scan = 41
* Number of Voltage Words = 4
* Number of Scans Averaged by the Deck Unit = 1
* NMEA Latitude = 60 45.82 N
* NMEA Longitude = 005 14.22 E
* NMEA UTC (Time) = Sep 20 2016 01:24:09
** Ship: 01 F/F "Håkon Mosby"
** Station: 0944
** Echodepth: 508
** Log: 3292,1
** Wind-Dir Force: 02 02
** Air-temp (dry): 13
** Weather Sky: 2 9
** Sea Ice: 2 0
** UNIS station:
# nquan = 18                                
# nvalues = 450                         
# units = specified
# name 0 = scan: Scan Count
# name 1 = prDM: Pressure, Digiquartz [db]
# name 2 = t068C: Temperature [ITS-68, deg C]
# name 3 = c0S/m: Conductivity [S/m]
# name 4 = t168C: Temperature, 2 [ITS-68, deg C]
# name 5 = c1S/m: Conductivity, 2 [S/m]
# name 6 = altM: Altimeter [m]
# name 7 = sbeox0V: Oxygen raw, SBE 43 [V]
# name 8 = flC: Fluorescence, Chelsea Aqua 3 Chl Con [ug/l]
# name 9 = xmiss: Beam Transmission, Chelsea/Seatech [%]
# name 10 = par: PAR/Irradiance, Biospherical/Licor
# name 11 = sbeox0ML/L: Oxygen, SBE 43 [ml/l], WS = 2
# name 12 = sal00: Salinity, Practical [PSU]
# name 13 = sal11: Salinity, Practical, 2 [PSU]
# name 14 = sigma-t00: Density [sigma-t, Kg/m^3 ]
# name 15 = svCM: Sound Velocity [Chen-Millero, m/s]
# name 16 = avgsvCM: Average Sound Velocity [Chen-Millero, m/s], minP = 0, minS = 0
# name 17 = flag: flag
# span 0 =        578,      10221       
# span 1 =      3.000,    452.000       
# span 2 =     7.7142,    15.7116       
# span 3 =   3.585001,   3.902324       
# span 4 =     7.7162,    15.7207       
# span 5 =   3.584864,   3.902039       
# span 6 =      32.03,      97.35       
# span 7 =     1.8848,     2.3646       
# span 8 =     0.0258,     1.0810       
# span 9 =    64.2289,    71.9800       
# span 10 = 1.0000e-12, 2.7446e-01      
# span 11 =    4.83068,    5.68148      
# span 12 =    28.8518,    35.1519      
# span 13 =    28.8020,    35.1536      
# span 14 =    21.0896,    27.4362      
# span 15 =    1484.31,    1504.35      
# span 16 =    1488.64,    1503.01      
# span 17 = 0.0000e+00, 0.0000e+00      
# interval = decibars: 1                
# start_time = Sep 20 2016 01:24:11 [System UTC, first data scan.]
# bad_flag = -9.990e-29
*END*
[from data line 242]
       6004    245.000     8.0113   3.643452     8.0127   3.643735      96.56     2.0238     0.0318    71.6786 1.0000e-12    5.42419    35.1105    35.1122    27.3593    1486.68    1489.37 0.0000e+00
       6024    246.000     8.0070   3.643081     8.0086   3.643441      96.56     2.0235     0.0303    71.6870 1.0000e-12    5.42797    35.1104    35.1126    27.3598    1486.68    1489.36 0.0000e+00
       6044    247.000     7.9937   3.641914     7.9949   3.642366      96.56     2.0233     0.0306    71.6782 1.0000e-12    5.42698    35.1107    35.1143    27.3621    1486.64    1489.35 0.0000e+00
       6064    248.000     7.9816   3.640915     7.9822   3.641097      96.56     2.0227     0.0293    71.6587 1.0000e-12    5.42458    35.1116    35.1129    27.3646    1486.61    1489.34 0.0000e+00
       6085    249.000     7.9746   3.640274     7.9774   3.640826      96.56     2.0224     0.0316    71.6535 1.0000e-12    5.43566    35.1112    35.1144    27.3654    1486.60    1489.33 0.0000e+00
       6105    250.000     7.9597   3.638802     7.9612   3.639268      96.56     2.0230     0.0315    71.6522 1.0000e-12    5.44813    35.1099    35.1134    27.3666    1486.56    1489.32 0.0000e+00
       6125    251.000     7.9476   3.637585     7.9491   3.638037      96.56     2.0239     0.0302    71.6687 1.0000e-12    5.46355    35.1084    35.1118    27.3672    1486.53    1489.31 0.0000e+00
       6145    252.000     7.9361   3.636395     7.9373   3.636711      96.56     2.0256     0.0323    71.6691 1.0000e-12    5.47646    35.1067    35.1089    27.3676    1486.50    1489.30 0.0000e+00
       6166    253.000     7.9327   3.636078     7.9344   3.636405      96.56     2.0270     0.0320    71.6470 1.0000e-12    5.48183    35.1062    35.1080    27.3677    1486.51    1489.29 0.0000e+00
       6185    254.000     7.9312   3.635973     7.9329   3.636274      96.56     2.0289     0.0332    71.6574 1.0000e-12    5.49464    35.1061    35.1076    27.3679    1486.52    1489.28 0.0000e+00
       6205    255.000     7.9305   3.635938     7.9316   3.636207      96.55     2.0309     0.0334    71.6729 1.0000e-12    5.50293    35.1059    35.1077    27.3678    1486.53    1489.26 0.0000e+00
       6225    256.000     7.9295   3.635882     7.9315   3.636227      96.55     2.0326     0.0349    71.6652 1.0000e-12    5.50337    35.1058    35.1075    27.3679    1486.54    1489.25 0.0000e+00
       6246    257.000     7.9275   3.635704     7.9291   3.636035      96.56     2.0339     0.0334    71.6820 1.0000e-12    5.50311    35.1054    35.1074    27.3679    1486.55    1489.24 0.0000e+00
       6266    258.000     7.9257   3.635608     7.9274   3.635875      96.56     2.0348     0.0320    71.6991 1.0000e-12    5.50629    35.1057    35.1069    27.3684    1486.56    1489.23 0.0000e+00
       6286    259.000     7.9319   3.636455     7.9335   3.636697      96.55     2.0360     0.0332    71.6971 1.0000e-12    5.51036    35.1081    35.1091    27.3694    1486.60    1489.22 0.0000e+00
       6306    260.000     7.9319   3.636597     7.9342   3.636969      96.56     2.0369     0.0328    71.6681 1.0000e-12    5.50723    35.1092    35.1109    27.3702    1486.62    1489.21 0.0000e+00
       6326    261.000     7.9370   3.637322     7.9388   3.637539      96.56     2.0372     0.0317    71.6626 1.0000e-12    5.50602    35.1114    35.1119    27.3712    1486.66    1489.20 0.0000e+00
       6347    262.000     7.9539   3.639357     7.9560   3.639408      96.56     2.0377     0.0307    71.6587 1.0000e-12    5.50593    35.1158    35.1143    27.3721    1486.75    1489.19 0.0000e+00
       6367    263.000     7.9632   3.640511     7.9642   3.640763      96.56     2.0380     0.0303    71.6691 1.0000e-12    5.50311    35.1184    35.1201    27.3728    1486.80    1489.18 0.0000e+00
       6386    264.000     7.9599   3.640274     7.9610   3.640526      96.56     2.0381     0.0333    71.6806 1.0000e-12    5.49737    35.1187    35.1203    27.3735    1486.80    1489.18 0.0000e+00
       6406    265.000     7.9598   3.640339     7.9617   3.640593      96.56     2.0373     0.0319    71.6833 1.0000e-12    5.48200    35.1190    35.1198    27.3737    1486.82    1489.17 0.0000e+00
       6426    266.000     7.9603   3.640424     7.9629   3.640794      96.56     2.0358     0.0307    71.6763 1.0000e-12    5.47140    35.1189    35.1203    27.3736    1486.84    1489.16 0.0000e+00
       6446    267.000     7.9621   3.640661     7.9638   3.640933      96.56     2.0344     0.0325    71.6676 1.0000e-12    5.47372    35.1192    35.1204    27.3735    1486.86    1489.15 0.0000e+00
       6466    268.000     7.9626   3.640781     7.9643   3.641044      96.56     2.0335     0.0316    71.6901 1.0000e-12    5.47586    35.1195    35.1206    27.3737    1486.88    1489.14 0.0000e+00
       6486    269.000     7.9649   3.641159     7.9665   3.641457      96.56     2.0330     0.0314    71.6728 1.0000e-12    5.47541    35.1208    35.1224    27.3743    1486.91    1489.13 0.0000e+00
       6506    270.000     7.9631   3.641078     7.9646   3.641385      96.55     2.0320     0.0326    71.6736 1.0000e-12    5.46735    35.1212    35.1230    27.3750    1486.92    1489.12 0.0000e+00
       6527    271.000     7.9596   3.640834     7.9612   3.641118      96.56     2.0306     0.0345    71.6768 1.0000e-12    5.45741    35.1216    35.1231    27.3758    1486.92    1489.12 0.0000e+00
       6547    272.000     7.9590   3.640820     7.9605   3.641099      96.56     2.0293     0.0349    71.6663 1.0000e-12    5.45936    35.1216    35.1231    27.3759    1486.94    1489.11 0.0000e+00
       6567    273.000     7.9583   3.640799     7.9599   3.641073      96.56     2.0284     0.0315    71.6662 1.0000e-12    5.46561    35.1216    35.1229    27.3760    1486.95    1489.10 0.0000e+00
       6587    274.000     7.9578   3.640830     7.9590   3.641122      96.56     2.0283     0.0328    71.6627 1.0000e-12    5.47263    35.1219    35.1239    27.3763    1486.97    1489.09 0.0000e+00
       6607    275.000     7.9540   3.640498     7.9553   3.640783      96.56     2.0282     0.0323    71.6732 1.0000e-12    5.46702    35.1217    35.1234    27.3767    1486.97    1489.08 0.0000e+00
       6627    276.000     7.9528   3.640424     7.9543   3.640707      96.56     2.0273     0.0286    71.6558 1.0000e-12    5.46313    35.1216    35.1231    27.3768    1486.98    1489.08 0.0000e+00
       6647    277.000     7.9539   3.640627     7.9555   3.640898      96.56     2.0270     0.0306    71.6613 1.0000e-12    5.47013    35.1222    35.1235    27.3771    1487.00    1489.07 0.0000e+00
       6667    278.000     7.9552   3.640862     7.9569   3.641141      96.56     2.0271     0.0327    71.6572 1.0000e-12    5.47295    35.1229    35.1242    27.3775    1487.02    1489.06 0.0000e+00
       6687    279.000     7.9565   3.641088     7.9580   3.641346      96.56     2.0271     0.0324    71.6666 1.0000e-12    5.47019    35.1236    35.1249    27.3778    1487.05    1489.06 0.0000e+00
       6706    280.000     7.9550   3.641073     7.9559   3.641299      96.56     2.0267     0.0333    71.6729 1.0000e-12    5.46585    35.1244    35.1260    27.3787    1487.06    1489.05 0.0000e+00
       6726    281.000     7.9549   3.641171     7.9565   3.641482      96.55     2.0262     0.0315    71.6722 1.0000e-12    5.46241    35.1251    35.1269    27.3793    1487.07    1489.04 0.0000e+00
       6746    282.000     7.9530   3.641088     7.9545   3.641369      90.94     2.0256     0.0321    71.6716 1.0000e-12    5.44990    35.1256    35.1272    27.3800    1487.08    1489.03 0.0000e+00
       6766    283.000     7.9523   3.641130     7.9537   3.641403      32.03     2.0238     0.0341    71.6808 1.0000e-12    5.45905    35.1263    35.1278    27.3806    1487.10    1489.03 0.0000e+00
       6786    284.000     7.9522   3.641179     7.9537   3.641457      96.95     2.0247     0.0339    71.6768 1.0000e-12    5.47485    35.1265    35.1279    27.3807    1487.11    1489.02 0.0000e+00
       6806    285.000     7.9525   3.641244     7.9539   3.641529      96.55     2.0247     0.0342    71.6625 1.0000e-12    5.46968    35.1264    35.1280    27.3806    1487.13    1489.01 0.0000e+00
       6825    286.000     7.9525   3.641298     7.9539   3.641575      76.45     2.0247     0.0327    71.6871 1.0000e-12    5.46952    35.1265    35.1280    27.3807    1487.15    1489.01 0.0000e+00
       6846    287.000     7.9527   3.641351     7.9541   3.641626      78.09     2.0251     0.0308    71.6457 1.0000e-12    5.48849    35.1263    35.1279    27.3806    1487.17    1489.00 0.0000e+00
       6866    288.000     7.9529   3.641441     7.9544   3.641710      96.62     2.0264     0.0341    71.6808 1.0000e-12    5.48301    35.1266    35.1280    27.3808    1487.18    1488.99 0.0000e+00
       6886    289.000     7.9529   3.641484     7.9543   3.641761      96.56     2.0261     0.0326    71.6820 1.0000e-12    5.46404    35.1266    35.1282    27.3807    1487.20    1488.99 0.0000e+00
       6906    290.000     7.9527   3.641506     7.9544   3.641806      84.25     2.0246     0.0307    71.6724 1.0000e-12    5.46774    35.1266    35.1281    27.3807    1487.22    1488.98 0.0000e+00
       6926    291.000     7.9526   3.641533     7.9541   3.641832      96.42     2.0258     0.0300    71.6959 1.0000e-12    5.48435    35.1265    35.1282    27.3807    1487.23    1488.98 0.0000e+00
       6946    292.000     7.9506   3.641393     7.9515   3.641634      96.56     2.0255     0.0303    71.6860 1.0000e-12    5.47119    35.1265    35.1282    27.3810    1487.24    1488.97 0.0000e+00
       6966    293.000     7.9483   3.641201     7.9491   3.641463      96.56     2.0251     0.0331    71.6982 1.0000e-12    5.47023    35.1262    35.1283    27.3811    1487.25    1488.96 0.0000e+00
       6986    294.000     7.9443   3.640867     7.9462   3.641196      96.56     2.0247     0.0330    71.6936 1.0000e-12    5.47432    35.1262    35.1278    27.3817    1487.25    1488.96 0.0000e+00
       7005    295.000     7.9433   3.640813     7.9453   3.641158      96.56     2.0248     0.0316    71.7066 1.0000e-12    5.47975    35.1261    35.1278    27.3818    1487.26    1488.95 0.0000e+00
       7025    296.000     7.9439   3.640918     7.9451   3.641180      96.56     2.0250     0.0324    71.7348 1.0000e-12    5.47931    35.1262    35.1278    27.3817    1487.28    1488.95 0.0000e+00
       7045    297.000     7.9431   3.640874     7.9444   3.641127      96.56     2.0248     0.0313    71.6998 1.0000e-12    5.47559    35.1260    35.1274    27.3817    1487.29    1488.94 0.0000e+00
       7065    298.000     7.9433   3.640927     7.9444   3.641204      96.55     2.0246     0.0321    71.6962 1.0000e-12    5.47867    35.1259    35.1278    27.3816    1487.31    1488.94 0.0000e+00
       7085    299.000     7.9403   3.640731     7.9411   3.640910      96.55     2.0247     0.0325    71.7131 1.0000e-12    5.48064    35.1263    35.1274    27.3824    1487.32    1488.93 0.0000e+00
       7105    300.000     7.9431   3.641172     7.9445   3.641371      96.56     2.0247     0.0298    71.7208 1.0000e-12    5.48061    35.1278    35.1285    27.3831    1487.35    1488.93 0.0000e+00
       7126    301.000     7.9445   3.641479     7.9460   3.641772      96.56     2.0247     0.0300    71.7521 1.0000e-12    5.47142    35.1292    35.1308    27.3840    1487.37    1488.92 0.0000e+00
       7146    302.000     7.9414   3.641231     7.9426   3.641533      57.26     2.0233     0.0296    71.7133 1.0000e-12    5.46935    35.1291    35.1312    27.3844    1487.37    1488.92 0.0000e+00
       7166    303.000     7.9398   3.641118     7.9412   3.641391      84.75     2.0241     0.0305    71.7448 1.0000e-12    5.48683    35.1290    35.1306    27.3846    1487.38    1488.91 0.0000e+00
       7186    304.000     7.9396   3.641180     7.9412   3.641457      96.36     2.0237     0.0335    71.7137 1.0000e-12    5.47180    35.1294    35.1308    27.3849    1487.40    1488.91 0.0000e+00
       7206    305.000     7.9396   3.641288     7.9412   3.641573      96.55     2.0233     0.0338    71.7295 1.0000e-12    5.46371    35.1301    35.1316    27.3855    1487.42    1488.90 0.0000e+00
       7226    306.000     7.9397   3.641380     7.9413   3.641698      54.70     2.0216     0.0338    71.7417 1.0000e-12    5.47808    35.1305    35.1323    27.3858    1487.43    1488.90 0.0000e+00
       7246    307.000     7.9344   3.640931     7.9358   3.641243      96.57     2.0235     0.0336    71.7741 1.0000e-12    5.49362    35.1305    35.1325    27.3866    1487.43    1488.89 0.0000e+00
       7265    308.000     7.9312   3.640664     7.9329   3.640952      96.56     2.0234     0.0316    71.7582 1.0000e-12    5.46808    35.1304    35.1318    27.3869    1487.44    1488.89 0.0000e+00
       7285    309.000     7.9318   3.640800     7.9341   3.641166      84.52     2.0215     0.0320    71.7870 1.0000e-12    5.45496    35.1307    35.1324    27.3872    1487.45    1488.88 0.0000e+00
       7304    310.000     7.9282   3.640504     7.9295   3.640827      78.13     2.0211     0.0307    71.8062 1.0000e-12    5.48395    35.1307    35.1329    27.3876    1487.46    1488.88 0.0000e+00
       7324    311.000     7.9245   3.640252     7.9261   3.640530      96.44     2.0220     0.0303    71.7856 1.0000e-12    5.48469    35.1312    35.1326    27.3886    1487.46    1488.87 0.0000e+00
       7344    312.000     7.9266   3.640643     7.9283   3.640929      96.56     2.0215     0.0297    71.7779 1.0000e-12    5.46420    35.1328    35.1342    27.3896    1487.49    1488.87 0.0000e+00
       7363    313.000     7.9257   3.640607     7.9274   3.640920      80.04     2.0201     0.0301    71.7430 1.0000e-12    5.46811    35.1329    35.1345    27.3897    1487.50    1488.86 0.0000e+00
       7384    314.000     7.9238   3.640458     7.9240   3.640673      93.33     2.0210     0.0309    71.7585 1.0000e-12    5.49040    35.1327    35.1348    27.3899    1487.51    1488.86 0.0000e+00
       7404    315.000     7.9186   3.640015     7.9203   3.640340      96.59     2.0212     0.0328    71.7742 1.0000e-12    5.47881    35.1326    35.1344    27.3906    1487.51    1488.85 0.0000e+00
       7424    316.000     7.9162   3.639814     7.9170   3.640085      95.84     2.0206     0.0357    71.7467 1.0000e-12    5.46141    35.1324    35.1345    27.3908    1487.51    1488.85 0.0000e+00
       7444    317.000     7.9143   3.639672     7.9161   3.639991      88.28     2.0188     0.0321    71.7851 1.0000e-12    5.46011    35.1323    35.1339    27.3910    1487.52    1488.85 0.0000e+00
       7464    318.000     7.9124   3.639536     7.9143   3.639890      96.44     2.0187     0.0333    71.7538 1.0000e-12    5.47541    35.1323    35.1342    27.3913    1487.53    1488.84 0.0000e+00
       7484    319.000     7.9121   3.639582     7.9138   3.639864      95.98     2.0188     0.0336    71.7818 1.0000e-12    5.47655    35.1326    35.1339    27.3915    1487.55    1488.84 0.0000e+00
       7505    320.000     7.9132   3.639863     7.9150   3.640200      96.49     2.0187     0.0313    71.7805 1.0000e-12    5.47518    35.1340    35.1358    27.3925    1487.57    1488.83 0.0000e+00
       7525    321.000     7.9104   3.639707     7.9119   3.640006      96.55     2.0187     0.0308    71.7740 1.0000e-12    5.47536    35.1347    35.1364    27.3934    1487.58    1488.83 0.0000e+00
       7545    322.000     7.9097   3.639702     7.9112   3.639996      96.55     2.0183     0.0315    71.7675 1.0000e-12    5.46391    35.1348    35.1365    27.3937    1487.59    1488.83 0.0000e+00
       7565    323.000     7.9065   3.639499     7.9083   3.639841      96.56     2.0170     0.0322    71.7664 1.0000e-12    5.45245    35.1354    35.1372    27.3946    1487.60    1488.82 0.0000e+00
