_data/ctd/2016/Sta0943_2016.cnv
* Sea-Bird SBE 9 Data File:
* FileName = C:\Seabird\CTDDATA\sta0943.hex
* Software Version Seasave V 7.21f
* Temperature SN = 5458
* Conductivity SN = 044221
* Number of Bytes Per Scan = 41
* Number of Voltage Words = 4
* Number of Scans Averaged by the Deck Unit = 1
* NMEA Latitude = 60 50.22 N
* NMEA Longitude = 004 59.75 E
* NMEA UTC (Time) = Sep 20 2016 00:16:06
** Ship: 01 F/F "Håkon Mosby"
** Station: 0943
** Echodepth: 357
** Log: 3285.3
** Wind-Dir Force: 03 01
** Air-temp (dry): 13
** Weather Sky: 2 9
** Sea Ice: 2 0
** UNIS station:
# nquan = 18                                
# nvalues = 344                         
# units = specified
# name 0 = scan: Scan Count
# name 1 = prDM: Pressure, Digiquartz [db]
# name 2 = t068C: Temperature [ITS-68, deg C]
# name 3 = c0S/m: Conductivity [S/m]
# name 4 = t168C: Temperature, 2 [ITS-68, deg C]
# name 5 = c1S/m: Conductivity, 2 [S/m]
# name 6 = altM: Altimeter [m]
# name 7 = sbeox0V: Oxygen raw, SBE 43 [V]
# name 8 = flC: Fluorescence, Chelsea Aqua 3 Chl Con [ug/l]
# name 9 = xmiss: Beam Transmission, Chelsea/Seatech [%]
# name 10 = par: PAR/Irradiance, Biospherical/Licor
# name 11 = sbeox0ML/L: Oxygen, SBE 43 [ml/l], WS = 2
# name 12 = sal00: Salinity, Practical [PSU]
# name 13 = sal11: Salinity, Practical, 2 [PSU]
# name 14 = sigma-t00: Density [sigma-t, Kg/m^3 ]
# name 15 = svCM: Sound Velocity [Chen-Millero, m/s]
# name 16 = avgsvCM: Average Sound Velocity [Chen-Millero, m/s], minP = 0, minS = 0
# name 17 = flag: flag
# span 0 =        404,       8594       
# span 1 =      3.000,    346.000       
# span 2 =     7.7658,    15.9636       
# span 3 =   3.349345,   3.927780       
# span 4 =     7.7672,    16.0463       
# span 5 =   3.364749,   3.928771       
# span 6 =      18.29,      98.02       
# span 7 =     1.9061,     2.3704       
# span 8 =     0.0264,     0.8404       
# span 9 =    63.7287,    71.9139       
# span 10 = -5.836e-05, 2.5942e-01      
# span 11 =    4.91640,    5.74022      
# span 12 =    25.9250,    35.1271      
# span 13 =    26.0029,    35.1286      
# span 14 =    18.7892,    27.4088      
# span 15 =    1484.12,    1505.12      
# span 16 =    1488.72,    1503.67      
# span 17 = 0.0000e+00, 0.0000e+00      
# interval = decibars: 1                
# start_time = Sep 20 2016 00:16:08 [System UTC, first data scan.]
# bad_flag = -9.990e-29
*END*
[from data line 322]
       8099    325.000     7.7666   3.623590     7.7680   3.623858      96.55     2.0480     0.0353    71.4471 1.0000e-12    5.60178    35.1034    35.1049    27.3903    1487.06    1488.82 0.0000e+00
       8121    326.000     7.7670   3.623960     7.7686   3.624208      96.56     2.0480     0.0334    71.4244 1.0000e-12    5.60359    35.1066    35.1076    27.3927    1487.08    1488.81 0.0000e+00
       8143    327.000     7.7673   3.624272     7.7687   3.624520      96.55     2.0473     0.0331    71.3952 1.0000e-12    5.59207    35.1091    35.1104    27.3947    1487.10    1488.81 0.0000e+00
       8165    328.000     7.7676   3.624670     7.7691   3.624949      96.56     2.0461     0.0378    71.4057 1.0000e-12    5.58584    35.1126    35.1141    27.3974    1487.12    1488.80 0.0000e+00
       8188    329.000     7.7676   3.624794     7.7690   3.625078      96.55     2.0450     0.0378    71.3801 1.0000e-12    5.58289    35.1135    35.1152    27.3981    1487.14    1488.80 0.0000e+00
       8212    330.000     7.7675   3.624918     7.7688   3.625184      96.56     2.0436     0.0337    71.3485 1.0000e-12    5.57629    35.1145    35.1160    27.3988    1487.16    1488.79 0.0000e+00
       8237    331.000     7.7681   3.625121     7.7695   3.625396      96.56     2.0421     0.0331    71.3126 1.0000e-12    5.56533    35.1156    35.1171    27.3996    1487.18    1488.79 0.0000e+00
       8262    332.000     7.7681   3.625203     7.7695   3.625478      96.56     2.0399     0.0344    71.3100 1.0000e-12    5.55740    35.1160    35.1175    27.3999    1487.19    1488.78 0.0000e+00
       8287    333.000     7.7684   3.625309     7.7699   3.625588      33.08     2.0378     0.0330    71.2984 1.0000e-12    5.56558    35.1163    35.1178    27.4002    1487.21    1488.78 0.0000e+00
       8311    334.000     7.7695   3.625496     7.7710   3.625774      91.35     2.0388     0.0318    71.3110 1.0000e-12    5.58490    35.1167    35.1182    27.4003    1487.23    1488.77 0.0000e+00
       8335    335.000     7.7695   3.625568     7.7709   3.625845      96.55     2.0383     0.0312    71.2919 1.0000e-12    5.56436    35.1170    35.1186    27.4006    1487.25    1488.77 0.0000e+00
       8358    336.000     7.7702   3.625845     7.7717   3.626104      40.12     2.0366     0.0291    71.2964 1.0000e-12    5.55583    35.1188    35.1201    27.4019    1487.27    1488.76 0.0000e+00
       8381    337.000     7.7682   3.625925     7.7696   3.626221      87.95     2.0364     0.0285    71.1602 1.0000e-12    5.56947    35.1212    35.1230    27.4040    1487.28    1488.76 0.0000e+00
       8404    338.000     7.7662   3.625868     7.7678   3.626162      96.61     2.0357     0.0277    71.2367 1.0000e-12    5.55320    35.1221    35.1237    27.4051    1487.29    1488.75 0.0000e+00
       8426    339.000     7.7662   3.625956     7.7676   3.626233      60.06     2.0338     0.0280    71.2098 1.0000e-12    5.54920    35.1226    35.1242    27.4054    1487.31    1488.75 0.0000e+00
       8448    340.000     7.7658   3.626043     7.7672   3.626312      73.35     2.0339     0.0292    71.1787 1.0000e-12    5.57512    35.1235    35.1250    27.4062    1487.33    1488.75 0.0000e+00
       8471    341.000     7.7661   3.626208     7.7675   3.626481      96.65     2.0343     0.0297    71.1815 1.0000e-12    5.56280    35.1244    35.1260    27.4069    1487.35    1488.74 0.0000e+00
       8495    342.000     7.7665   3.626335     7.7679   3.626609      71.31     2.0331     0.0324    71.1826 1.0000e-12    5.54597    35.1249    35.1265    27.4072    1487.36    1488.74 0.0000e+00
       8520    343.000     7.7668   3.626473     7.7683   3.626767      71.77     2.0322     0.0309    71.1929 1.0000e-12    5.56013    35.1256    35.1273    27.4077    1487.38    1488.73 0.0000e+00
       8544    344.000     7.7669   3.626591     7.7683   3.626873      96.21     2.0321     0.0296    71.1833 1.0000e-12    5.55668    35.1263    35.1280    27.4082    1487.40    1488.73 0.0000e+00
       8569    345.000     7.7669   3.626649     7.7684   3.626936      70.90     2.0311     0.0304    71.1287 1.0000e-12    5.53874    35.1265    35.1281    27.4084    1487.42    1488.73 0.0000e+00
       8594    346.000     7.7668   3.626739     7.7681   3.626999      48.98     2.0288     0.0300    71.1430 1.0000e-12    5.55699    35.1271    35.1286    27.4088    1487.43    1488.72 0.0000e+00
