_data/ctd/2016/Sta0954_2016.cnv
* Sea-Bird SBE 9 Data File:
* FileName = C:\Seabird\CTDDATA\sta0954.hex
* Software Version Seasave V 7.21f
* Temperature SN = 5458
* Conductivity SN = 044221
* Number of Bytes Per Scan = 41
* Number of Voltage Words = 4
* Number of Scans Averaged by the Deck Unit = 1
* NMEA Latitude = 61 14.78 N
* NMEA Longitude = 007 21.55 E
* NMEA UTC (Time) = Sep 26 2016 15:18:30
** Ship: 01 F/F "Håkon Mosby"
** Station: 0954
** Echodepth: 652
** Log: 3766,75
** Wind-Dir Force: 22 01
** Air-temp (dry): 14.8
** Weather Sky: 2 9
** Sea Ice: 1 0
** UNIS station:
# nquan = 18                                
# nvalues = 638                         
# units = specified
# name 0 = scan: Scan Count
# name 1 = prDM: Pressure, Digiquartz [db]
# name 2 = t068C: Temperature [ITS-68, deg C]
# name 3 = c0S/m: Conductivity [S/m]
# name 4 = t168C: Temperature, 2 [ITS-68, deg C]
# name 5 = c1S/m: Conductivity, 2 [S/m]
# name 6 = altM: Altimeter [m]
# name 7 = sbeox0V: Oxygen raw, SBE 43 [V]
# name 8 = flC: Fluorescence, Chelsea Aqua 3 Chl Con [ug/l]
# name 9 = xmiss: Beam Transmission, Chelsea/Seatech [%]
# name 10 = par: PAR/Irradiance, Biospherical/Licor
# name 11 = sbeox0ML/L: Oxygen, SBE 43 [ml/l], WS = 2
# name 12 = sal00: Salinity, Practical [PSU]
# name 13 = sal11: Salinity, Practical, 2 [PSU]
# name 14 = sigma-t00: Density [sigma-t, Kg/m^3 ]
# name 15 = svCM: Sound Velocity [Chen-Millero, m/s]
# name 16 = avgsvCM: Average Sound Velocity [Chen-Millero, m/s], minP = 0, minS = 0
# name 17 = flag: flag
# span 0 =        309,      15573       
# span 1 =      3.000,    640.000       
# span 2 =     7.4062,    14.6344       
# span 3 =   1.384895,   3.766126       
# span 4 =     7.4077,    14.6369       
# span 5 =   1.387079,   3.765434       
# span 6 =      27.10,      97.26       
# span 7 =     1.5005,     2.7120       
# span 8 =     0.0257,     0.9182       
# span 9 =    23.5184,    72.1100       
# span 10 = -6.167e-06, 4.2454e+01      
# span 11 =    3.76185,    7.30371      
# span 12 =    10.6732,    35.0416      
# span 13 =    10.6883,    35.0346      
# span 14 =     7.6354,    27.3941      
# span 15 =    1471.27,    1500.25      
# span 16 =    1471.27,    1495.24      
# span 17 = 0.0000e+00, 0.0000e+00      
# interval = decibars: 1                
# start_time = Sep 26 2016 15:18:31 [System UTC, first data scan.]
# bad_flag = -9.990e-29
*END*
[from data line 322]
       7961    325.000     7.5975   3.597289     7.5989   3.596697      76.57     1.5822     0.0322    71.8396 1.0000e-12    3.89180    34.9889    34.9811    27.3251    1486.27    1487.32 0.0000e+00
       7985    326.000     7.5967   3.597283     7.5981   3.596696      88.95     1.5813     0.0325    71.8502 1.0000e-12    3.91801    34.9892    34.9814    27.3254    1486.29    1487.32 0.0000e+00
       8010    327.000     7.5955   3.597242     7.5969   3.596669      96.59     1.5801     0.0330    71.8156 1.0000e-12    3.90187    34.9894    34.9818    27.3258    1486.30    1487.31 0.0000e+00
       8034    328.000     7.5951   3.597272     7.5965   3.596684      96.56     1.5787     0.0346    71.8135 1.0000e-12    3.89396    34.9897    34.9819    27.3261    1486.31    1487.31 0.0000e+00
       8058    329.000     7.5945   3.597283     7.5958   3.596688      96.56     1.5767     0.0324    71.8178 1.0000e-12    3.88144    34.9899    34.9822    27.3263    1486.33    1487.31 0.0000e+00
       8082    330.000     7.5935   3.597267     7.5948   3.596687      96.56     1.5745     0.0309    71.8221 1.0000e-12    3.87920    34.9903    34.9827    27.3267    1486.34    1487.30 0.0000e+00
       8106    331.000     7.5923   3.597233     7.5937   3.596648      96.56     1.5732     0.0323    71.8019 1.0000e-12    3.88341    34.9906    34.9829    27.3272    1486.35    1487.30 0.0000e+00
       8131    332.000     7.5915   3.597229     7.5929   3.596644      96.56     1.5725     0.0330    71.8190 1.0000e-12    3.87655    34.9909    34.9832    27.3275    1486.37    1487.30 0.0000e+00
       8155    333.000     7.5911   3.597252     7.5926   3.596672      57.81     1.5697     0.0299    71.8102 1.0000e-12    3.86437    34.9911    34.9833    27.3277    1486.38    1487.29 0.0000e+00
       8179    334.000     7.5898   3.597228     7.5913   3.596648      96.81     1.5698     0.0322    71.8106 1.0000e-12    3.87783    34.9916    34.9838    27.3283    1486.39    1487.29 0.0000e+00
       8203    335.000     7.5889   3.597234     7.5905   3.596659      96.56     1.5680     0.0339    71.8007 1.0000e-12    3.85752    34.9921    34.9843    27.3289    1486.41    1487.29 0.0000e+00
       8227    336.000     7.5889   3.597284     7.5904   3.596690      96.56     1.5664     0.0321    71.7977 1.0000e-12    3.86469    34.9922    34.9842    27.3289    1486.42    1487.29 0.0000e+00
       8251    337.000     7.5881   3.597281     7.5895   3.596686      96.56     1.5662     0.0326    71.7854 1.0000e-12    3.87343    34.9924    34.9846    27.3292    1486.44    1487.28 0.0000e+00
       8274    338.000     7.5878   3.597304     7.5892   3.596712      96.56     1.5661     0.0315    71.7898 1.0000e-12    3.87131    34.9925    34.9847    27.3293    1486.45    1487.28 0.0000e+00
       8298    339.000     7.5872   3.597313     7.5887   3.596725      96.55     1.5655     0.0321    71.7983 1.0000e-12    3.86667    34.9927    34.9848    27.3296    1486.47    1487.28 0.0000e+00
       8322    340.000     7.5866   3.597321     7.5880   3.596736      96.56     1.5651     0.0303    71.8379 1.0000e-12    3.85762    34.9929    34.9852    27.3298    1486.48    1487.28 0.0000e+00
       8346    341.000     7.5857   3.597309     7.5871   3.596727      76.88     1.5632     0.0288    71.8352 1.0000e-12    3.85880    34.9932    34.9855    27.3302    1486.50    1487.27 0.0000e+00
       8371    342.000     7.5851   3.597318     7.5864   3.596736      96.65     1.5639     0.0313    71.8323 1.0000e-12    3.87123    34.9934    34.9858    27.3305    1486.51    1487.27 0.0000e+00
       8396    343.000     7.5848   3.597349     7.5862   3.596764      96.55     1.5631     0.0309    71.8297 1.0000e-12    3.85785    34.9936    34.9858    27.3306    1486.53    1487.27 0.0000e+00
       8420    344.000     7.5841   3.597353     7.5856   3.596776      96.56     1.5627     0.0304    71.8355 1.0000e-12    3.86041    34.9938    34.9861    27.3309    1486.54    1487.27 0.0000e+00
       8445    345.000     7.5828   3.597322     7.5842   3.596741      96.55     1.5619     0.0301    71.8297 1.0000e-12    3.84714    34.9943    34.9866    27.3315    1486.55    1487.27 0.0000e+00
       8469    346.000     7.5823   3.597329     7.5836   3.596747      96.56     1.5604     0.0287    71.8222 1.0000e-12    3.84730    34.9944    34.9868    27.3316    1486.57    1487.26 0.0000e+00
       8493    347.000     7.5816   3.597332     7.5830   3.596755      96.56     1.5601     0.0317    71.8178 1.0000e-12    3.85332    34.9947    34.9870    27.3319    1486.58    1487.26 0.0000e+00
       8516    348.000     7.5804   3.597316     7.5818   3.596732      89.15     1.5591     0.0311    71.7909 1.0000e-12    3.83181    34.9952    34.9875    27.3325    1486.59    1487.26 0.0000e+00
       8541    349.000     7.5803   3.597348     7.5816   3.596764      79.15     1.5578     0.0274    71.8061 1.0000e-12    3.85965    34.9952    34.9875    27.3325    1486.61    1487.26 0.0000e+00
       8565    350.000     7.5797   3.597367     7.5811   3.596778      96.64     1.5590     0.0276    71.8299 1.0000e-12    3.85984    34.9955    34.9877    27.3329    1486.62    1487.26 0.0000e+00
       8589    351.000     7.5796   3.597401     7.5809   3.596812      96.56     1.5587     0.0309    71.8123 1.0000e-12    3.84689    34.9955    34.9878    27.3329    1486.64    1487.25 0.0000e+00
       8613    352.000     7.5789   3.597413     7.5803   3.596832      96.56     1.5579     0.0309    71.8026 1.0000e-12    3.84243    34.9958    34.9881    27.3333    1486.65    1487.25 0.0000e+00
       8637    353.000     7.5776   3.597372     7.5790   3.596807      96.56     1.5569     0.0338    71.8095 1.0000e-12    3.83758    34.9962    34.9887    27.3337    1486.67    1487.25 0.0000e+00
       8661    354.000     7.5769   3.597383     7.5782   3.596808      96.56     1.5561     0.0323    71.8529 1.0000e-12    3.83710    34.9965    34.9890    27.3341    1486.68    1487.25 0.0000e+00
       8685    355.000     7.5757   3.597363     7.5770   3.596782      96.56     1.5556     0.0305    71.8726 1.0000e-12    3.84078    34.9970    34.9894    27.3347    1486.69    1487.25 0.0000e+00
       8709    356.000     7.5749   3.597368     7.5763   3.596795      88.08     1.5547     0.0285    71.9008 1.0000e-12    3.82936    34.9974    34.9898    27.3351    1486.71    1487.25 0.0000e+00
       8733    357.000     7.5745   3.597398     7.5760   3.596812      66.89     1.5539     0.0291    71.7597 1.0000e-12    3.83703    34.9977    34.9898    27.3353    1486.72    1487.25 0.0000e+00
       8758    358.000     7.5742   3.597426     7.5756   3.596852      61.51     1.5544     0.0318    71.9172 1.0000e-12    3.86229    34.9978    34.9902    27.3355    1486.74    1487.24 0.0000e+00
       8781    359.000     7.5732   3.597418     7.5746   3.596841      96.54     1.5558     0.0356    71.9161 1.0000e-12    3.86109    34.9982    34.9906    27.3360    1486.75    1487.24 0.0000e+00
       8805    360.000     7.5714   3.597359     7.5729   3.596777      96.56     1.5565     0.0362    71.9450 1.0000e-12    3.85899    34.9989    34.9911    27.3368    1486.76    1487.24 0.0000e+00
       8829    361.000     7.5703   3.597334     7.5716   3.596765      96.56     1.5568     0.0321    71.9452 1.0000e-12    3.86252    34.9992    34.9918    27.3372    1486.77    1487.24 0.0000e+00
       8853    362.000     7.5698   3.597359     7.5713   3.596783      96.56     1.5576     0.0300    71.9474 1.0000e-12    3.86581    34.9995    34.9918    27.3375    1486.79    1487.24 0.0000e+00
       8877    363.000     7.5692   3.597376     7.5706   3.596790      96.56     1.5579     0.0313    71.9666 1.0000e-12    3.86119    34.9998    34.9921    27.3378    1486.80    1487.24 0.0000e+00
       8901    364.000     7.5670   3.597272     7.5684   3.596710      96.56     1.5580     0.0332    71.9877 1.0000e-12    3.86266    35.0004    34.9929    27.3386    1486.81    1487.24 0.0000e+00
       8925    365.000     7.5649   3.597187     7.5664   3.596619      92.97     1.5581     0.0356    71.9884 1.0000e-12    3.86005    35.0011    34.9935    27.3395    1486.82    1487.24 0.0000e+00
       8949    366.000     7.5638   3.597137     7.5653   3.596582      76.08     1.5576     0.0365    71.9743 1.0000e-12    3.85001    35.0012    34.9937    27.3397    1486.83    1487.23 0.0000e+00
       8972    367.000     7.5631   3.597142     7.5645   3.596570      62.75     1.5574     0.0351    71.9571 1.0000e-12    3.87505    35.0015    34.9939    27.3400    1486.85    1487.23 0.0000e+00
       8996    368.000     7.5627   3.597190     7.5642   3.596615      96.20     1.5586     0.0323    71.9688 1.0000e-12    3.86459    35.0019    34.9942    27.3404    1486.86    1487.23 0.0000e+00
       9020    369.000     7.5626   3.597233     7.5641   3.596659      96.56     1.5580     0.0321    71.9732 1.0000e-12    3.85730    35.0020    34.9943    27.3405    1486.88    1487.23 0.0000e+00
       9044    370.000     7.5621   3.597257     7.5635   3.596679      96.56     1.5578     0.0315    71.9818 1.0000e-12    3.86263    35.0023    34.9946    27.3408    1486.89    1487.23 0.0000e+00
       9069    371.000     7.5609   3.597220     7.5623   3.596650      96.56     1.5577     0.0331    71.9917 1.0000e-12    3.86224    35.0026    34.9950    27.3412    1486.91    1487.23 0.0000e+00
       9093    372.000     7.5603   3.597233     7.5617   3.596657      96.56     1.5578     0.0337    72.0089 1.0000e-12    3.86149    35.0029    34.9952    27.3415    1486.92    1487.23 0.0000e+00
       9116    373.000     7.5593   3.597216     7.5607   3.596654      91.61     1.5572     0.0330    72.0153 1.0000e-12    3.85613    35.0032    34.9957    27.3419    1486.93    1487.23 0.0000e+00
       9140    374.000     7.5587   3.597220     7.5601   3.596653      65.97     1.5567     0.0313    72.0206 1.0000e-12    3.85824    35.0034    34.9958    27.3421    1486.95    1487.23 0.0000e+00
       9163    375.000     7.5553   3.597044     7.5568   3.596504      74.53     1.5576     0.0292    72.0197 1.0000e-12    3.88962    35.0044    34.9970    27.3434    1486.95    1487.23 0.0000e+00
       9187    376.000     7.5522   3.596869     7.5536   3.596304      96.30     1.5590     0.0292    72.0218 1.0000e-12    3.87670    35.0051    34.9976    27.3444    1486.96    1487.23 0.0000e+00
       9211    377.000     7.5499   3.596753     7.5513   3.596190      96.56     1.5588     0.0325    71.9936 1.0000e-12    3.86472    35.0057    34.9982    27.3452    1486.97    1487.22 0.0000e+00
       9235    378.000     7.5486   3.596706     7.5500   3.596142      96.55     1.5581     0.0308    71.9578 1.0000e-12    3.86136    35.0060    34.9985    27.3457    1486.98    1487.22 0.0000e+00
       9259    379.000     7.5480   3.596720     7.5494   3.596147      96.56     1.5576     0.0317    71.9224 1.0000e-12    3.85589    35.0063    34.9987    27.3460    1486.99    1487.22 0.0000e+00
       9282    380.000     7.5470   3.596713     7.5484   3.596140      96.55     1.5563     0.0358    71.9471 1.0000e-12    3.84650    35.0067    34.9991    27.3465    1487.01    1487.22 0.0000e+00
       9306    381.000     7.5451   3.596632     7.5465   3.596078      96.56     1.5551     0.0351    71.9317 1.0000e-12    3.83952    35.0073    34.9998    27.3472    1487.02    1487.22 0.0000e+00
       9329    382.000     7.5434   3.596572     7.5449   3.596008      69.89     1.5530     0.0311    71.9528 1.0000e-12    3.83602    35.0078    35.0002    27.3479    1487.03    1487.22 0.0000e+00
       9353    383.000     7.5423   3.596535     7.5436   3.595960      86.37     1.5536     0.0290    71.9528 1.0000e-12    3.87003    35.0081    35.0005    27.3482    1487.04    1487.22 0.0000e+00
       9377    384.000     7.5408   3.596489     7.5422   3.595915      96.59     1.5539     0.0317    71.9372 1.0000e-12    3.85097    35.0086    35.0009    27.3488    1487.05    1487.22 0.0000e+00
       9401    385.000     7.5398   3.596467     7.5411   3.595899      96.55     1.5531     0.0326    71.9442 1.0000e-12    3.84876    35.0089    35.0014    27.3492    1487.07    1487.22 0.0000e+00
       9424    386.000     7.5381   3.596400     7.5395   3.595835      96.56     1.5528     0.0351    71.9312 1.0000e-12    3.84372    35.0094    35.0018    27.3498    1487.08    1487.22 0.0000e+00
       9448    387.000     7.5369   3.596369     7.5382   3.595802      96.56     1.5517     0.0313    71.9407 1.0000e-12    3.83894    35.0097    35.0023    27.3503    1487.09    1487.22 0.0000e+00
       9472    388.000     7.5347   3.596272     7.5360   3.595703      96.56     1.5509     0.0339    71.9204 1.0000e-12    3.83284    35.0104    35.0029    27.3512    1487.10    1487.22 0.0000e+00
       9496    389.000     7.5333   3.596225     7.5347   3.595657      83.50     1.5496     0.0362    71.9361 1.0000e-12    3.83315    35.0108    35.0033    27.3517    1487.11    1487.22 0.0000e+00
       9520    390.000     7.5322   3.596182     7.5336   3.595626      47.64     1.5488     0.0363    71.9333 1.0000e-12    3.83957    35.0110    35.0035    27.3520    1487.12    1487.22 0.0000e+00
       9544    391.000     7.5292   3.596040     7.5306   3.595481      91.82     1.5500     0.0320    71.9432 1.0000e-12    3.86377    35.0120    35.0045    27.3532    1487.13    1487.22 0.0000e+00
       9568    392.000     7.5272   3.595961     7.5286   3.595391      96.60     1.5504     0.0323    71.9431 1.0000e-12    3.85093    35.0126    35.0051    27.3540    1487.14    1487.22 0.0000e+00
       9592    393.000     7.5267   3.595968     7.5281   3.595400      96.56     1.5504     0.0309    71.9463 1.0000e-12    3.85175    35.0127    35.0052    27.3541    1487.15    1487.22 0.0000e+00
       9615    394.000     7.5261   3.595972     7.5275   3.595414      96.56     1.5505     0.0313    71.9335 1.0000e-12    3.85147    35.0129    35.0054    27.3544    1487.17    1487.22 0.0000e+00
       9639    395.000     7.5244   3.595898     7.5258   3.595338      96.56     1.5505     0.0351    71.9079 1.0000e-12    3.85290    35.0133    35.0058    27.3549    1487.18    1487.22 0.0000e+00
       9663    396.000     7.5224   3.595813     7.5239   3.595250      96.56     1.5507     0.0374    71.8367 1.0000e-12    3.85490    35.0139    35.0063    27.3557    1487.19    1487.22 0.0000e+00
       9686    397.000     7.5202   3.595705     7.5216   3.595155      96.56     1.5507     0.0359    71.9354 1.0000e-12    3.83715    35.0145    35.0071    27.3565    1487.19    1487.22 0.0000e+00
       9710    398.000     7.5193   3.595696     7.5207   3.595129      55.29     1.5481     0.0312    71.9620 1.0000e-12    3.83085    35.0148    35.0072    27.3568    1487.21    1487.22 0.0000e+00
       9734    399.000     7.5189   3.595717     7.5203   3.595147      97.06     1.5493     0.0335    71.9745 1.0000e-12    3.85952    35.0150    35.0074    27.3570    1487.22    1487.22 0.0000e+00
       9758    400.000     7.5183   3.595723     7.5197   3.595154      96.56     1.5492     0.0314    71.9754 1.0000e-12    3.85113    35.0151    35.0076    27.3572    1487.24    1487.22 0.0000e+00
       9782    401.000     7.5164   3.595629     7.5178   3.595077      96.56     1.5493     0.0288    71.9873 1.0000e-12    3.85137    35.0155    35.0081    27.3578    1487.25    1487.22 0.0000e+00
       9805    402.000     7.5141   3.595520     7.5154   3.594964      96.56     1.5493     0.0286    71.9970 1.0000e-12    3.85175    35.0162    35.0088    27.3587    1487.26    1487.22 0.0000e+00
       9829    403.000     7.5134   3.595507     7.5147   3.594947      96.56     1.5493     0.0281    72.0110 1.0000e-12    3.85281    35.0163    35.0089    27.3588    1487.27    1487.22 0.0000e+00
       9853    404.000     7.5126   3.595500     7.5140   3.594950      96.56     1.5494     0.0287    72.0164 1.0000e-12    3.86043    35.0165    35.0091    27.3592    1487.28    1487.22 0.0000e+00
