_data/ctd/2016/Sta0955_2016.cnv
* Sea-Bird SBE 9 Data File:
* FileName = C:\Seabird\CTDDATA\sta0955.hex
* Software Version Seasave V 7.21f
* Temperature SN = 5458
* Conductivity SN = 044221
* Number of Bytes Per Scan = 41
* Number of Voltage Words = 4
* Number of Scans Averaged by the Deck Unit = 1
* NMEA Latitude = 61 21.31 N
* NMEA Longitude = 007 22.41 E
* NMEA UTC (Time) = Sep 26 2016 21:05:44
** Ship: 01 F/F "Håkon Mosby"
** Station: 0955
** Echodepth: 373
** Log: 3782.463
** Wind-Dir Force: 01 01
** Air-temp (dry): 11.7
** Weather Sky: 2 9
** Sea Ice: 1 0
** UNIS station:
# nquan = 18                                
# nvalues = 365                         
# units = specified
# name 0 = scan: Scan Count
# name 1 = prDM: Pressure, Digiquartz [db]
# name 2 = t068C: Temperature [ITS-68, deg C]
# name 3 = c0S/m: Conductivity [S/m]
# name 4 = t168C: Temperature, 2 [ITS-68, deg C]
# name 5 = c1S/m: Conductivity, 2 [S/m]
# name 6 = altM: Altimeter [m]
# name 7 = sbeox0V: Oxygen raw, SBE 43 [V]
# name 8 = flC: Fluorescence, Chelsea Aqua 3 Chl Con [ug/l]
# name 9 = xmiss: Beam Transmission, Chelsea/Seatech [%]
# name 10 = par: PAR/Irradiance, Biospherical/Licor
# name 11 = sbeox0ML/L: Oxygen, SBE 43 [ml/l], WS = 2
# name 12 = sal00: Salinity, Practical [PSU]
# name 13 = sal11: Salinity, Practical, 2 [PSU]
# name 14 = sigma-t00: Density [sigma-t, Kg/m^3 ]
# name 15 = svCM: Sound Velocity [Chen-Millero, m/s]
# name 16 = avgsvCM: Average Sound Velocity [Chen-Millero, m/s], minP = 0, minS = 0
# name 17 = flag: flag
# span 0 =        392,       9513       
# span 1 =      1.000,    365.000       
# span 2 =     7.5561,    14.2875       
# span 3 =   0.642950,   3.686298       
# span 4 =     7.5577,    14.2910       
# span 5 =   0.612837,   3.686963       
# span 6 =      10.36,      97.33       
# span 7 =     1.4633,     2.6357       
# span 8 =     0.0253,     0.4307       
# span 9 =    18.2263,    71.9033       
# span 10 = 1.0000e-12, 7.4342e-01      
# span 11 =    3.42428,    7.70182      
# span 12 =     4.9374,    35.0013      
# span 13 =     4.7078,    35.0023      
# span 14 =     3.4726,    27.3409      
# span 15 =    1456.69,    1498.76      
# span 16 =    1456.69,    1493.09      
# span 17 = 0.0000e+00, 0.0000e+00      
# interval = decibars: 1                
# start_time = Sep 26 2016 21:05:45 [System UTC, first data scan.]
# bad_flag = -9.990e-29
*END*
[from data line 81]
       2528     82.000     9.2804   3.591089     9.2819   3.590808      96.57     1.9927     0.0525    71.7878 1.0000e-12    4.58056    33.4068    33.4025    25.8265    1486.61    1491.80 0.0000e+00
       2552     83.000     9.2603   3.601053     9.2616   3.600051      96.56     1.9408     0.0549    71.7670 1.0000e-12    4.36290    33.5283    33.5167    25.9248    1486.71    1491.74 0.0000e+00
       2576     84.000     9.2332   3.611508     9.2344   3.611230      96.56     1.8886     0.0575    71.7733 1.0000e-12    4.17175    33.6617    33.6577    26.0335    1486.79    1491.68 0.0000e+00
       2601     85.000     9.2184   3.616433     9.2199   3.616283      96.56     1.8329     0.0537    71.7617 1.0000e-12    3.94634    33.7263    33.7234    26.0864    1486.83    1491.62 0.0000e+00
       2625     86.000     9.2096   3.619801     9.2111   3.619673      95.63     1.7748     0.0527    71.8036 1.0000e-12    3.74051    33.7691    33.7664    26.1213    1486.86    1491.57 0.0000e+00
       2650     87.000     9.1995   3.623292     9.2009   3.623174      64.00     1.7190     0.0533    71.8663 1.0000e-12    3.63621    33.8145    33.8119    26.1584    1486.90    1491.51 0.0000e+00
       2674     88.000     9.1777   3.624648     9.1791   3.624682      96.02     1.6755     0.0514    71.8951 1.0000e-12    3.57478    33.8488    33.8478    26.1887    1486.88    1491.46 0.0000e+00
       2698     89.000     9.1602   3.626920     9.1617   3.626705      96.56     1.6378     0.0516    71.8655 1.0000e-12    3.51807    33.8886    33.8849    26.2226    1486.88    1491.41 0.0000e+00
       2723     90.000     9.1074   3.632669     9.1087   3.632415      96.56     1.6080     0.0542    71.8730 1.0000e-12    3.53069    33.9982    33.9943    26.3169    1486.84    1491.36 0.0000e+00
       2747     91.000     9.0597   3.634425     9.0611   3.634488      96.56     1.5899     0.0484    71.8738 1.0000e-12    3.53431    34.0616    34.0609    26.3742    1486.75    1491.31 0.0000e+00
       2771     92.000     9.0370   3.634782     9.0384   3.634883      96.56     1.5713     0.0481    71.8965 1.0000e-12    3.45618    34.0866    34.0863    26.3973    1486.72    1491.26 0.0000e+00
       2796     93.000     9.0098   3.635326     9.0112   3.635419      96.56     1.5520     0.0507    71.8656 1.0000e-12    3.42428    34.1179    34.1175    26.4262    1486.67    1491.21 0.0000e+00
       2820     94.000     8.9761   3.635371     8.9775   3.635520      96.56     1.5394     0.0521    71.8814 1.0000e-12    3.46048    34.1502    34.1505    26.4568    1486.60    1491.16 0.0000e+00
       2845     95.000     8.9446   3.634992     8.9461   3.635185      96.55     1.5333     0.0522    71.8837 1.0000e-12    3.49930    34.1761    34.1767    26.4821    1486.54    1491.11 0.0000e+00
       2869     96.000     8.9104   3.634641     8.9119   3.634674      96.56     1.5309     0.0474    71.9033 1.0000e-12    3.51385    34.2049    34.2038    26.5100    1486.46    1491.06 0.0000e+00
       2893     97.000     8.8941   3.635357     8.8955   3.635562      96.56     1.5291     0.0468    71.8811 1.0000e-12    3.51744    34.2276    34.2284    26.5304    1486.45    1491.01 0.0000e+00
       2917     98.000     8.8529   3.633223     8.8540   3.633403      96.56     1.5283     0.0469    71.8998 1.0000e-12    3.52044    34.2445    34.2453    26.5502    1486.33    1490.97 0.0000e+00
       2940     99.000     8.8278   3.633660     8.8291   3.633797      52.76     1.5274     0.0457    71.8914 1.0000e-12    3.54988    34.2729    34.2730    26.5763    1486.29    1490.92 0.0000e+00
       2964    100.000     8.7959   3.632501     8.7970   3.632938      96.21     1.5306     0.0464    71.8720 1.0000e-12    3.56452    34.2911    34.2946    26.5956    1486.21    1490.87 0.0000e+00
       2988    101.000     8.7647   3.631208     8.7662   3.631161      96.56     1.5312     0.0421    71.8899 1.0000e-12    3.56721    34.3072    34.3052    26.6131    1486.13    1490.82 0.0000e+00
       3012    102.000     8.7378   3.630952     8.7387   3.631309      96.56     1.5336     0.0418    71.8563 1.0000e-12    3.58492    34.3301    34.3330    26.6353    1486.08    1490.78 0.0000e+00
       3036    103.000     8.6753   3.627977     8.6765   3.628243      96.56     1.5353     0.0433    71.8742 1.0000e-12    3.59370    34.3589    34.3605    26.6677    1485.90    1490.73 0.0000e+00
       3060    104.000     8.6409   3.626491     8.6421   3.626745      96.56     1.5375     0.0414    71.8544 1.0000e-12    3.60633    34.3762    34.3777    26.6866    1485.81    1490.68 0.0000e+00
       3084    105.000     8.6220   3.626072     8.6235   3.626225      91.22     1.5393     0.0392    71.8841 1.0000e-12    3.60684    34.3897    34.3898    26.7001    1485.77    1490.64 0.0000e+00
       3107    106.000     8.5927   3.625065     8.5936   3.625376      76.65     1.5405     0.0402    71.8913 1.0000e-12    3.61092    34.4071    34.4095    26.7183    1485.70    1490.59 0.0000e+00
       3131    107.000     8.5538   3.623555     8.5552   3.623611      48.02     1.5419     0.0397    71.8497 1.0000e-12    3.63590    34.4285    34.4278    26.7412    1485.59    1490.54 0.0000e+00
       3155    108.000     8.5474   3.624812     8.5488   3.624968      96.19     1.5450     0.0392    71.8337 1.0000e-12    3.62967    34.4476    34.4479    26.7571    1485.61    1490.50 0.0000e+00
       3179    109.000     8.4828   3.620665     8.4846   3.621310      44.88     1.5447     0.0408    71.8049 1.0000e-12    3.63963    34.4663    34.4714    26.7817    1485.41    1490.45 0.0000e+00
       3202    110.000     8.4523   3.619069     8.4538   3.619206      96.18     1.5483     0.0426    71.7363 1.0000e-12    3.67651    34.4787    34.4787    26.7962    1485.33    1490.40 0.0000e+00
       3226    111.000     8.4092   3.617697     8.4095   3.618041      96.56     1.5511     0.0394    71.6644 1.0000e-12    3.67077    34.5059    34.5092    26.8241    1485.22    1490.36 0.0000e+00
       3250    112.000     8.3693   3.615652     8.3700   3.615824      96.56     1.5518     0.0390    71.6309 1.0000e-12    3.65554    34.5228    34.5239    26.8435    1485.10    1490.31 0.0000e+00
       3274    113.000     8.3523   3.615234     8.3535   3.615346      96.56     1.5512     0.0365    71.7115 1.0000e-12    3.64952    34.5345    34.5345    26.8553    1485.07    1490.26 0.0000e+00
       3298    114.000     8.3240   3.614605     8.3247   3.614920      96.56     1.5507     0.0355    71.7385 1.0000e-12    3.65002    34.5551    34.5578    26.8758    1485.01    1490.22 0.0000e+00
       3322    115.000     8.2853   3.613043     8.2859   3.613270      83.93     1.5499     0.0328    71.7162 1.0000e-12    3.64174    34.5761    34.5779    26.8981    1484.90    1490.17 0.0000e+00
       3346    116.000     8.2417   3.611156     8.2429   3.611474      74.34     1.5492     0.0332    71.6997 1.0000e-12    3.66759    34.5984    34.6006    26.9223    1484.79    1490.12 0.0000e+00
       3370    117.000     8.2288   3.611329     8.2302   3.611341      96.44     1.5503     0.0342    71.6739 1.0000e-12    3.66810    34.6124    34.6112    26.9353    1484.77    1490.08 0.0000e+00
       3394    118.000     8.2213   3.611678     8.2232   3.611930      96.56     1.5504     0.0344    71.6579 1.0000e-12    3.66727    34.6231    34.6239    26.9448    1484.77    1490.03 0.0000e+00
       3418    119.000     8.1983   3.610301     8.2002   3.610526      96.56     1.5510     0.0345    71.6996 1.0000e-12    3.68221    34.6306    34.6311    26.9541    1484.71    1489.99 0.0000e+00
       3442    120.000     8.1899   3.610241     8.1914   3.610382      96.56     1.5526     0.0335    71.7034 1.0000e-12    3.69478    34.6377    34.6378    26.9610    1484.71    1489.94 0.0000e+00
       3465    121.000     8.1775   3.610027     8.1791   3.610211      96.56     1.5539     0.0344    71.6755 1.0000e-12    3.68558    34.6472    34.6476    26.9703    1484.69    1489.90 0.0000e+00
       3489    122.000     8.1636   3.609405     8.1651   3.609598      79.76     1.5532     0.0340    71.6999 1.0000e-12    3.68373    34.6538    34.6544    26.9776    1484.66    1489.86 0.0000e+00
       3513    123.000     8.1503   3.609164     8.1519   3.609347      94.92     1.5551     0.0330    71.7053 1.0000e-12    3.71074    34.6639    34.6643    26.9876    1484.64    1489.81 0.0000e+00
       3537    124.000     8.1190   3.607403     8.1206   3.607723      96.55     1.5563     0.0369    71.6531 1.0000e-12    3.70357    34.6755    34.6773    27.0014    1484.55    1489.77 0.0000e+00
       3561    125.000     8.1020   3.606841     8.1036   3.606957      96.56     1.5564     0.0365    71.5704 1.0000e-12    3.69803    34.6858    34.6855    27.0121    1484.52    1489.73 0.0000e+00
       3585    126.000     8.0880   3.606722     8.0894   3.606926      96.56     1.5564     0.0350    71.6017 1.0000e-12    3.69437    34.6979    34.6987    27.0237    1484.50    1489.69 0.0000e+00
       3610    127.000     8.0716   3.606258     8.0729   3.606468      96.56     1.5554     0.0360    71.5520 1.0000e-12    3.68902    34.7087    34.7097    27.0346    1484.46    1489.65 0.0000e+00
       3634    128.000     8.0443   3.605207     8.0457   3.605425      96.53     1.5552     0.0374    71.5320 1.0000e-12    3.69937    34.7240    34.7249    27.0507    1484.40    1489.60 0.0000e+00
       3659    129.000     8.0276   3.604764     8.0291   3.604942      91.95     1.5554     0.0336    71.4626 1.0000e-12    3.70867    34.7353    34.7357    27.0621    1484.36    1489.56 0.0000e+00
       3683    130.000     8.0252   3.604764     8.0266   3.604922      96.54     1.5563     0.0342    71.4624 1.0000e-12    3.71316    34.7372    34.7375    27.0640    1484.37    1489.52 0.0000e+00
       3707    131.000     8.0219   3.604757     8.0232   3.604908      96.56     1.5568     0.0351    71.4267 1.0000e-12    3.71814    34.7399    34.7403    27.0666    1484.38    1489.48 0.0000e+00
       3731    132.000     8.0068   3.604551     8.0080   3.604731      96.56     1.5578     0.0363    71.4228 1.0000e-12    3.72364    34.7522    34.7530    27.0785    1484.36    1489.45 0.0000e+00
       3755    133.000     7.9938   3.604347     7.9953   3.604522      96.56     1.5587     0.0360    71.4497 1.0000e-12    3.72588    34.7625    34.7628    27.0885    1484.34    1489.41 0.0000e+00
       3779    134.000     7.9868   3.604306     7.9881   3.604441      96.56     1.5591     0.0331    71.4530 1.0000e-12    3.73066    34.7685    34.7686    27.0943    1484.33    1489.37 0.0000e+00
       3802    135.000     7.9823   3.604299     7.9837   3.604471      96.56     1.5605     0.0358    71.4584 1.0000e-12    3.74442    34.7724    34.7729    27.0980    1484.34    1489.33 0.0000e+00
       3826    136.000     7.9714   3.604119     7.9726   3.604301      87.18     1.5618     0.0357    71.4723 1.0000e-12    3.74509    34.7808    34.7816    27.1063    1484.32    1489.29 0.0000e+00
       3850    137.000     7.9591   3.603805     7.9604   3.603986      79.94     1.5635     0.0346    71.4735 1.0000e-12    3.77414    34.7892    34.7898    27.1147    1484.30    1489.26 0.0000e+00
       3874    138.000     7.9546   3.603823     7.9559   3.603956      96.27     1.5666     0.0348    71.4619 1.0000e-12    3.77783    34.7934    34.7935    27.1187    1484.31    1489.22 0.0000e+00
       3898    139.000     7.9525   3.604343     7.9539   3.604482      96.56     1.5682     0.0349    71.4318 1.0000e-12    3.76900    34.8006    34.8007    27.1246    1484.33    1489.19 0.0000e+00
       3923    140.000     7.9500   3.604490     7.9514   3.604664      96.56     1.5685     0.0343    71.3573 1.0000e-12    3.76332    34.8041    34.8046    27.1278    1484.34    1489.15 0.0000e+00
       3947    141.000     7.9466   3.604458     7.9480   3.604631      96.56     1.5698     0.0343    71.3970 1.0000e-12    3.80285    34.8067    34.8072    27.1303    1484.34    1489.12 0.0000e+00
       3971    142.000     7.9426   3.604424     7.9440   3.604592      96.56     1.5746     0.0328    71.4043 1.0000e-12    3.84170    34.8098    34.8102    27.1334    1484.35    1489.08 0.0000e+00
       3995    143.000     7.9358   3.604308     7.9372   3.604501      96.56     1.5794     0.0309    71.4131 1.0000e-12    3.84785    34.8149    34.8155    27.1383    1484.35    1489.05 0.0000e+00
       4020    144.000     7.9275   3.603928     7.9288   3.604134      60.30     1.5822     0.0337    71.3871 1.0000e-12    3.84631    34.8186    34.8195    27.1425    1484.34    1489.02 0.0000e+00
       4044    145.000     7.9208   3.603881     7.9222   3.604027      84.49     1.5863     0.0337    71.3929 1.0000e-12    3.87379    34.8242    34.8244    27.1479    1484.33    1488.99 0.0000e+00
       4068    146.000     7.9059   3.603375     7.9069   3.603614      96.35     1.5890     0.0352    71.3660 1.0000e-12    3.84795    34.8331    34.8347    27.1572    1484.30    1488.95 0.0000e+00
       4092    147.000     7.8945   3.602945     7.8959   3.603124      96.56     1.5883     0.0366    71.3601 1.0000e-12    3.82853    34.8394    34.8399    27.1638    1484.29    1488.92 0.0000e+00
       4117    148.000     7.8951   3.603285     7.8966   3.603450      96.56     1.5877     0.0344    71.3546 1.0000e-12    3.82159    34.8420    34.8423    27.1657    1484.31    1488.89 0.0000e+00
       4141    149.000     7.8916   3.603189     7.8930   3.603387      96.56     1.5860     0.0328    71.3295 1.0000e-12    3.80780    34.8439    34.8447    27.1678    1484.31    1488.86 0.0000e+00
       4166    150.000     7.8895   3.603148     7.8909   3.603349      96.48     1.5848     0.0348    71.2957 1.0000e-12    3.81713    34.8451    34.8459    27.1690    1484.32    1488.83 0.0000e+00
       4190    151.000     7.8839   3.602816     7.8852   3.603012      75.58     1.5844     0.0315    71.3092 1.0000e-12    3.83314    34.8466    34.8474    27.1710    1484.32    1488.80 0.0000e+00
       4215    152.000     7.8769   3.602604     7.8783   3.602797      34.61     1.5852     0.0348    71.3018 1.0000e-12    3.83450    34.8508    34.8515    27.1754    1484.32    1488.77 0.0000e+00
       4240    153.000     7.8705   3.602538     7.8719   3.602701      96.72     1.5854     0.0356    71.3105 1.0000e-12    3.81651    34.8560    34.8564    27.1804    1484.31    1488.74 0.0000e+00
       4264    154.000     7.8636   3.602464     7.8651   3.602674      96.56     1.5831     0.0363    71.3299 1.0000e-12    3.80047    34.8616    34.8624    27.1858    1484.31    1488.71 0.0000e+00
       4289    155.000     7.8553   3.602206     7.8566   3.602385      96.56     1.5814     0.0360    71.3266 1.0000e-12    3.80828    34.8666    34.8673    27.1910    1484.30    1488.68 0.0000e+00
       4314    156.000     7.8528   3.602188     7.8541   3.602374      96.56     1.5816     0.0326    71.3255 1.0000e-12    3.83588    34.8685    34.8692    27.1928    1484.31    1488.66 0.0000e+00
       4339    157.000     7.8495   3.602077     7.8507   3.602268      96.56     1.5838     0.0314    71.3327 1.0000e-12    3.85285    34.8701    34.8709    27.1946    1484.32    1488.63 0.0000e+00
       4364    158.000     7.8427   3.601880     7.8439   3.602069      65.79     1.5850     0.0358    71.3104 1.0000e-12    3.84785    34.8742    34.8751    27.1989    1484.31    1488.60 0.0000e+00
       4388    159.000     7.8395   3.601791     7.8409   3.601982      80.36     1.5872     0.0366    71.3234 1.0000e-12    3.87379    34.8760    34.8767    27.2007    1484.32    1488.57 0.0000e+00
       4413    160.000     7.8353   3.601702     7.8367   3.601901      96.55     1.5891     0.0353    71.3069 1.0000e-12    3.86763    34.8787    34.8795    27.2035    1484.32    1488.55 0.0000e+00
