_data/ctd/2016/Sta0951_2016.cnv
* Sea-Bird SBE 9 Data File:
* FileName = C:\Seabird\CTDDATA\sta0951.hex
* Software Version Seasave V 7.21f
* Temperature SN = 5458
* Conductivity SN = 044221
* Number of Bytes Per Scan = 41
* Number of Voltage Words = 4
* Number of Scans Averaged by the Deck Unit = 1
* NMEA Latitude = 60 52.14 N
* NMEA Longitude = 005 21.97 E
* NMEA UTC (Time) = Sep 20 2016 18:42:04
** Ship: 01 F/F "Håkon Mosby"
** Station: 0951
** Echodepth: 471
** Log: 3336.700
** Wind-Dir Force: 24 04
** Air-temp (dry): 15.4
** Weather Sky: 2 9
** Sea Ice: 1 0
** UNIS station:
# nquan = 18                                
# nvalues = 460                         
# units = specified
# name 0 = scan: Scan Count
# name 1 = prDM: Pressure, Digiquartz [db]
# name 2 = t068C: Temperature [ITS-68, deg C]
# name 3 = c0S/m: Conductivity [S/m]
# name 4 = t168C: Temperature, 2 [ITS-68, deg C]
# name 5 = c1S/m: Conductivity, 2 [S/m]
# name 6 = altM: Altimeter [m]
# name 7 = sbeox0V: Oxygen raw, SBE 43 [V]
# name 8 = flC: Fluorescence, Chelsea Aqua 3 Chl Con [ug/l]
# name 9 = xmiss: Beam Transmission, Chelsea/Seatech [%]
# name 10 = par: PAR/Irradiance, Biospherical/Licor
# name 11 = sbeox0ML/L: Oxygen, SBE 43 [ml/l], WS = 2
# name 12 = sal00: Salinity, Practical [PSU]
# name 13 = sal11: Salinity, Practical, 2 [PSU]
# name 14 = sigma-t00: Density [sigma-t, Kg/m^3 ]
# name 15 = svCM: Sound Velocity [Chen-Millero, m/s]
# name 16 = avgsvCM: Average Sound Velocity [Chen-Millero, m/s], minP = 0, minS = 0
# name 17 = flag: flag
# span 0 =        785,      12327       
# span 1 =      5.000,    464.000       
# span 2 =     8.1519,    14.9408       
# span 3 =   3.585012,   3.805558       
# span 4 =     8.1532,    14.9354       
# span 5 =   3.584601,   3.805749       
# span 6 =      33.85,      97.90       
# span 7 =     1.0234,     2.2386       
# span 8 =     0.0360,     0.6451       
# span 9 =    67.6768,    72.0713       
# span 10 = -8.261e-05, 2.4758e-02      
# span 11 =    1.85832,    5.60826      
# span 12 =    29.5631,    35.0505      
# span 13 =    29.5511,    35.0530      
# span 14 =    21.8016,    27.2844      
# span 15 =    1484.48,    1501.57      
# span 16 =    1488.49,    1500.93      
# span 17 = 0.0000e+00, 0.0000e+00      
# interval = decibars: 1                
# start_time = Sep 20 2016 18:42:06 [System UTC, first data scan.]
# bad_flag = -9.990e-29
*END*
[from data line 322]
       8820    327.000     8.1776   3.656566     8.1790   3.656911      93.26     1.0805     0.0470    70.8856 1.0000e-12    2.04233    35.0453    35.0476    27.2829    1488.57    1488.49 0.0000e+00
       8845    328.000     8.1778   3.656651     8.1792   3.657003      96.57     1.0791     0.0494    70.8425 1.0000e-12    2.03666    35.0456    35.0479    27.2831    1488.59    1488.49 0.0000e+00
       8869    329.000     8.1781   3.656732     8.1795   3.657085      96.56     1.0776     0.0520    70.7800 1.0000e-12    2.02538    35.0456    35.0480    27.2831    1488.61    1488.49 0.0000e+00
       8894    330.000     8.1783   3.656805     8.1797   3.657159      96.56     1.0753     0.0500    70.7376 1.0000e-12    2.01182    35.0457    35.0481    27.2831    1488.62    1488.49 0.0000e+00
       8918    331.000     8.1786   3.656905     8.1800   3.657257      96.56     1.0729     0.0474    70.7233 1.0000e-12    2.00051    35.0460    35.0484    27.2833    1488.64    1488.49 0.0000e+00
       8944    332.000     8.1788   3.656985     8.1802   3.657337      96.56     1.0702     0.0468    70.6427 1.0000e-12    1.98971    35.0462    35.0486    27.2834    1488.66    1488.49 0.0000e+00
       8969    333.000     8.1790   3.657059     8.1805   3.657409      84.53     1.0673     0.0494    70.5869 1.0000e-12    1.97283    35.0463    35.0486    27.2835    1488.68    1488.49 0.0000e+00
       8993    334.000     8.1791   3.657123     8.1805   3.657475      47.79     1.0644     0.0489    70.5743 1.0000e-12    1.98585    35.0464    35.0488    27.2836    1488.69    1488.49 0.0000e+00
       9018    335.000     8.1793   3.657206     8.1808   3.657550      96.05     1.0635     0.0468    70.4891 1.0000e-12    1.97851    35.0466    35.0488    27.2837    1488.71    1488.49 0.0000e+00
       9042    336.000     8.1795   3.657267     8.1809   3.657624      89.47     1.0613     0.0480    70.4643 1.0000e-12    1.95809    35.0466    35.0490    27.2836    1488.73    1488.49 0.0000e+00
       9068    337.000     8.1796   3.657324     8.1810   3.657677      76.12     1.0589     0.0483    70.4596 1.0000e-12    1.97399    35.0466    35.0490    27.2836    1488.75    1488.49 0.0000e+00
       9092    338.000     8.1797   3.657382     8.1811   3.657739      96.48     1.0588     0.0477    70.4749 1.0000e-12    1.97568    35.0467    35.0491    27.2837    1488.76    1488.50 0.0000e+00
       9117    339.000     8.1799   3.657446     8.1812   3.657811      92.68     1.0580     0.0468    70.4468 1.0000e-12    1.97198    35.0467    35.0493    27.2836    1488.78    1488.50 0.0000e+00
       9142    340.000     8.1801   3.657520     8.1814   3.657874      90.69     1.0575     0.0507    70.4063 1.0000e-12    1.97370    35.0468    35.0493    27.2837    1488.80    1488.50 0.0000e+00
       9166    341.000     8.1802   3.657581     8.1816   3.657956      96.51     1.0571     0.0484    70.3887 1.0000e-12    1.97150    35.0469    35.0495    27.2837    1488.81    1488.50 0.0000e+00
       9191    342.000     8.1803   3.657649     8.1817   3.658007      96.56     1.0565     0.0450    70.3523 1.0000e-12    1.97233    35.0470    35.0495    27.2838    1488.83    1488.50 0.0000e+00
       9215    343.000     8.1805   3.657718     8.1819   3.658066      96.56     1.0564     0.0439    70.3250 1.0000e-12    1.97015    35.0471    35.0494    27.2839    1488.85    1488.50 0.0000e+00
       9240    344.000     8.1807   3.657784     8.1821   3.658141      96.56     1.0556     0.0457    70.2920 1.0000e-12    1.95924    35.0471    35.0495    27.2838    1488.87    1488.50 0.0000e+00
       9265    345.000     8.1808   3.657837     8.1822   3.658196      96.56     1.0543     0.0481    70.2492 1.0000e-12    1.95353    35.0471    35.0495    27.2838    1488.88    1488.50 0.0000e+00
       9290    346.000     8.1809   3.657896     8.1823   3.658255      64.98     1.0526     0.0475    70.2810 1.0000e-12    1.93842    35.0472    35.0496    27.2838    1488.90    1488.50 0.0000e+00
       9315    347.000     8.1810   3.657982     8.1824   3.658345      62.77     1.0514     0.0509    70.3077 1.0000e-12    1.95864    35.0475    35.0500    27.2841    1488.92    1488.50 0.0000e+00
       9339    348.000     8.1812   3.658052     8.1826   3.658409      96.91     1.0517     0.0515    70.3022 1.0000e-12    1.96101    35.0476    35.0500    27.2841    1488.93    1488.51 0.0000e+00
       9363    349.000     8.1813   3.658112     8.1827   3.658463      76.26     1.0516     0.0502    70.3204 1.0000e-12    1.96057    35.0476    35.0500    27.2842    1488.95    1488.51 0.0000e+00
       9387    350.000     8.1814   3.658166     8.1828   3.658531      77.24     1.0529     0.0486    70.3538 1.0000e-12    1.98947    35.0476    35.0501    27.2841    1488.97    1488.51 0.0000e+00
       9411    351.000     8.1815   3.658223     8.1829   3.658585      96.40     1.0541     0.0479    70.3658 1.0000e-12    1.97908    35.0477    35.0501    27.2842    1488.98    1488.51 0.0000e+00
       9436    352.000     8.1816   3.658287     8.1831   3.658648      86.79     1.0548     0.0496    70.4028 1.0000e-12    1.97884    35.0478    35.0501    27.2842    1489.00    1488.51 0.0000e+00
       9459    353.000     8.1818   3.658359     8.1832   3.658709      86.53     1.0557     0.0500    70.3778 1.0000e-12    1.99272    35.0479    35.0502    27.2843    1489.02    1488.51 0.0000e+00
       9484    354.000     8.1819   3.658412     8.1833   3.658765      96.23     1.0568     0.0519    70.4492 1.0000e-12    1.99209    35.0479    35.0502    27.2842    1489.04    1488.51 0.0000e+00
       9508    355.000     8.1820   3.658475     8.1834   3.658833      96.34     1.0578     0.0530    70.4394 1.0000e-12    1.98980    35.0479    35.0504    27.2843    1489.05    1488.52 0.0000e+00
       9533    356.000     8.1822   3.658536     8.1835   3.658891      96.56     1.0579     0.0537    70.4406 1.0000e-12    1.98631    35.0479    35.0504    27.2842    1489.07    1488.52 0.0000e+00
       9558    357.000     8.1823   3.658593     8.1837   3.658956      96.55     1.0580     0.0546    70.4187 1.0000e-12    1.98458    35.0480    35.0504    27.2843    1489.09    1488.52 0.0000e+00
       9583    358.000     8.1824   3.658659     8.1838   3.659019      96.56     1.0579     0.0514    70.4043 1.0000e-12    1.98457    35.0481    35.0505    27.2843    1489.10    1488.52 0.0000e+00
       9608    359.000     8.1826   3.658724     8.1840   3.659080      96.56     1.0579     0.0505    70.3631 1.0000e-12    1.98074    35.0481    35.0505    27.2843    1489.12    1488.52 0.0000e+00
       9632    360.000     8.1827   3.658783     8.1841   3.659135      96.56     1.0571     0.0490    70.3820 1.0000e-12    1.96901    35.0482    35.0505    27.2844    1489.14    1488.52 0.0000e+00
       9657    361.000     8.1829   3.658846     8.1843   3.659196      64.02     1.0556     0.0476    70.3732 1.0000e-12    1.95895    35.0481    35.0505    27.2843    1489.15    1488.53 0.0000e+00
       9682    362.000     8.1830   3.658906     8.1845   3.659262      74.74     1.0549     0.0503    70.3713 1.0000e-12    1.97829    35.0482    35.0505    27.2844    1489.17    1488.53 0.0000e+00
       9706    363.000     8.1832   3.658966     8.1846   3.659326      96.49     1.0553     0.0517    70.3453 1.0000e-12    1.97112    35.0482    35.0506    27.2843    1489.19    1488.53 0.0000e+00
       9731    364.000     8.1833   3.659026     8.1847   3.659378      73.06     1.0536     0.0500    70.3124 1.0000e-12    1.95079    35.0482    35.0506    27.2843    1489.21    1488.53 0.0000e+00
       9755    365.000     8.1834   3.659086     8.1849   3.659441      86.38     1.0536     0.0496    70.2970 1.0000e-12    1.97544    35.0483    35.0506    27.2844    1489.22    1488.53 0.0000e+00
       9780    366.000     8.1836   3.659147     8.1850   3.659502      96.47     1.0530     0.0481    70.2695 1.0000e-12    1.95736    35.0483    35.0507    27.2843    1489.24    1488.53 0.0000e+00
       9806    367.000     8.1837   3.659216     8.1852   3.659564      86.40     1.0519     0.0478    70.2336 1.0000e-12    1.95531    35.0484    35.0507    27.2844    1489.26    1488.54 0.0000e+00
       9831    368.000     8.1840   3.659280     8.1854   3.659635      95.32     1.0512     0.0506    70.1638 1.0000e-12    1.95117    35.0483    35.0507    27.2843    1489.27    1488.54 0.0000e+00
       9857    369.000     8.1841   3.659332     8.1855   3.659703      96.56     1.0502     0.0491    70.0968 1.0000e-12    1.94338    35.0483    35.0509    27.2843    1489.29    1488.54 0.0000e+00
       9881    370.000     8.1842   3.659396     8.1856   3.659753      96.56     1.0485     0.0477    70.0662 1.0000e-12    1.93111    35.0484    35.0508    27.2843    1489.31    1488.54 0.0000e+00
       9906    371.000     8.1843   3.659456     8.1857   3.659815      96.55     1.0466     0.0505    70.0550 1.0000e-12    1.92791    35.0485    35.0509    27.2844    1489.33    1488.54 0.0000e+00
       9930    372.000     8.1844   3.659515     8.1859   3.659876      96.56     1.0454     0.0518    70.0346 1.0000e-12    1.93288    35.0485    35.0509    27.2844    1489.34    1488.55 0.0000e+00
       9954    373.000     8.1848   3.659596     8.1863   3.659952      96.56     1.0449     0.0523    69.9548 1.0000e-12    1.92852    35.0485    35.0508    27.2843    1489.36    1488.55 0.0000e+00
       9978    374.000     8.1850   3.659657     8.1864   3.660012      45.32     1.0433     0.0496    69.7869 1.0000e-12    1.92483    35.0485    35.0509    27.2843    1489.38    1488.55 0.0000e+00
      10002    375.000     8.1850   3.659710     8.1864   3.660063      87.11     1.0437     0.0510    69.7477 1.0000e-12    1.92912    35.0486    35.0510    27.2844    1489.39    1488.55 0.0000e+00
      10026    376.000     8.1851   3.659761     8.1865   3.660115      96.72     1.0414     0.0511    69.7884 1.0000e-12    1.89825    35.0486    35.0510    27.2843    1489.41    1488.56 0.0000e+00
      10051    377.000     8.1852   3.659821     8.1866   3.660176      64.81     1.0387     0.0507    69.8022 1.0000e-12    1.90148    35.0486    35.0510    27.2844    1489.43    1488.56 0.0000e+00
      10076    378.000     8.1852   3.659869     8.1866   3.660228      93.08     1.0394     0.0512    69.8639 1.0000e-12    1.93012    35.0487    35.0511    27.2844    1489.44    1488.56 0.0000e+00
      10101    379.000     8.1854   3.659943     8.1869   3.660296      96.54     1.0393     0.0498    69.8902 1.0000e-12    1.92211    35.0488    35.0511    27.2844    1489.46    1488.56 0.0000e+00
      10126    380.000     8.1857   3.660013     8.1872   3.660380      84.56     1.0394     0.0483    69.8034 1.0000e-12    1.92375    35.0488    35.0512    27.2844    1489.48    1488.57 0.0000e+00
      10151    381.000     8.1859   3.660085     8.1874   3.660438      95.84     1.0394     0.0516    69.6169 1.0000e-12    1.91549    35.0488    35.0511    27.2844    1489.50    1488.57 0.0000e+00
      10175    382.000     8.1861   3.660131     8.1875   3.660494      96.19     1.0380     0.0511    69.5458 1.0000e-12    1.89306    35.0487    35.0511    27.2842    1489.51    1488.57 0.0000e+00
      10200    383.000     8.1862   3.660193     8.1876   3.660545      96.56     1.0354     0.0480    69.4838 1.0000e-12    1.87651    35.0487    35.0511    27.2843    1489.53    1488.57 0.0000e+00
      10225    384.000     8.1863   3.660253     8.1877   3.660605      96.56     1.0330     0.0484    69.4602 1.0000e-12    1.87328    35.0488    35.0512    27.2843    1489.55    1488.57 0.0000e+00
      10249    385.000     8.1864   3.660316     8.1879   3.660671      96.56     1.0312     0.0505    69.3810 1.0000e-12    1.87380    35.0489    35.0512    27.2844    1489.56    1488.58 0.0000e+00
      10273    386.000     8.1865   3.660369     8.1880   3.660735      96.56     1.0298     0.0501    69.3575 1.0000e-12    1.87602    35.0489    35.0513    27.2844    1489.58    1488.58 0.0000e+00
      10297    387.000     8.1867   3.660433     8.1882   3.660796      96.56     1.0290     0.0502    69.3267 1.0000e-12    1.87811    35.0489    35.0513    27.2843    1489.60    1488.58 0.0000e+00
      10322    388.000     8.1868   3.660492     8.1882   3.660851      96.56     1.0284     0.0517    69.2303 1.0000e-12    1.88159    35.0490    35.0514    27.2844    1489.62    1488.59 0.0000e+00
      10347    389.000     8.1869   3.660545     8.1884   3.660903      96.56     1.0284     0.0512    69.2435 1.0000e-12    1.88318    35.0490    35.0513    27.2843    1489.63    1488.59 0.0000e+00
      10372    390.000     8.1870   3.660604     8.1885   3.660960      96.56     1.0279     0.0526    69.1974 1.0000e-12    1.87351    35.0490    35.0513    27.2844    1489.65    1488.59 0.0000e+00
      10397    391.000     8.1871   3.660659     8.1886   3.661015      96.56     1.0272     0.0531    69.1666 1.0000e-12    1.86863    35.0490    35.0513    27.2844    1489.67    1488.59 0.0000e+00
      10422    392.000     8.1872   3.660710     8.1887   3.661078      39.42     1.0258     0.0535    69.2054 1.0000e-12    1.87650    35.0490    35.0514    27.2843    1489.68    1488.60 0.0000e+00
      10447    393.000     8.1874   3.660772     8.1889   3.661139      97.38     1.0272     0.0506    69.1674 1.0000e-12    1.89144    35.0490    35.0514    27.2843    1489.70    1488.60 0.0000e+00
      10472    394.000     8.1875   3.660828     8.1889   3.661187      96.56     1.0272     0.0502    69.1419 1.0000e-12    1.86937    35.0490    35.0514    27.2843    1489.72    1488.60 0.0000e+00
      10497    395.000     8.1876   3.660881     8.1891   3.661249      51.20     1.0255     0.0510    69.1235 1.0000e-12    1.87258    35.0490    35.0514    27.2843    1489.73    1488.60 0.0000e+00
      10522    396.000     8.1877   3.660943     8.1892   3.661311      96.86     1.0262     0.0497    69.0811 1.0000e-12    1.87934    35.0491    35.0515    27.2843    1489.75    1488.61 0.0000e+00
      10546    397.000     8.1878   3.661001     8.1893   3.661357      94.83     1.0257     0.0504    69.0923 1.0000e-12    1.85832    35.0491    35.0514    27.2843    1489.77    1488.61 0.0000e+00
      10570    398.000     8.1880   3.661056     8.1894   3.661417      60.82     1.0237     0.0519    69.0686 1.0000e-12    1.86851    35.0490    35.0515    27.2842    1489.78    1488.61 0.0000e+00
      10595    399.000     8.1881   3.661125     8.1895   3.661476      96.72     1.0248     0.0516    69.0771 1.0000e-12    1.87792    35.0492    35.0515    27.2843    1489.80    1488.62 0.0000e+00
      10619    400.000     8.1882   3.661170     8.1896   3.661530      94.15     1.0244     0.0523    69.0883 1.0000e-12    1.86004    35.0491    35.0515    27.2843    1489.82    1488.62 0.0000e+00
      10644    401.000     8.1884   3.661229     8.1898   3.661583      71.30     1.0234     0.0513    69.0569 1.0000e-12    1.87857    35.0490    35.0514    27.2842    1489.84    1488.62 0.0000e+00
      10669    402.000     8.1884   3.661278     8.1898   3.661636      96.25     1.0247     0.0485    69.0448 1.0000e-12    1.87986    35.0491    35.0515    27.2842    1489.85    1488.63 0.0000e+00
      10694    403.000     8.1885   3.661336     8.1899   3.661695      91.14     1.0246     0.0465    69.1529 1.0000e-12    1.86729    35.0491    35.0516    27.2842    1489.87    1488.63 0.0000e+00
      10718    404.000     8.1886   3.661388     8.1901   3.661753      80.77     1.0240     0.0473    69.1345 1.0000e-12    1.87864    35.0491    35.0515    27.2842    1489.89    1488.63 0.0000e+00
      10743    405.000     8.1887   3.661453     8.1902   3.661807      96.53     1.0248     0.0509    69.1514 1.0000e-12    1.87953    35.0492    35.0515    27.2843    1489.90    1488.63 0.0000e+00
      10767    406.000     8.1888   3.661508     8.1903   3.661862      92.07     1.0249     0.0511    69.1634 1.0000e-12    1.87896    35.0492    35.0515    27.2843    1489.92    1488.64 0.0000e+00
