_data/ctd/2016/Sta0951_2016.cnv
* Sea-Bird SBE 9 Data File:
* FileName = C:\Seabird\CTDDATA\sta0951.hex
* Software Version Seasave V 7.21f
* Temperature SN = 5458
* Conductivity SN = 044221
* Number of Bytes Per Scan = 41
* Number of Voltage Words = 4
* Number of Scans Averaged by the Deck Unit = 1
* NMEA Latitude = 60 52.14 N
* NMEA Longitude = 005 21.97 E
* NMEA UTC (Time) = Sep 20 2016 18:42:04
** Ship: 01 F/F "Håkon Mosby"
** Station: 0951
** Echodepth: 471
** Log: 3336.700
** Wind-Dir Force: 24 04
** Air-temp (dry): 15.4
** Weather Sky: 2 9
** Sea Ice: 1 0
** UNIS station:
# nquan = 18                                
# nvalues = 460                         
# units = specified
# name 0 = scan: Scan Count
# name 1 = prDM: Pressure, Digiquartz [db]
# name 2 = t068C: Temperature [ITS-68, deg C]
# name 3 = c0S/m: Conductivity [S/m]
# name 4 = t168C: Temperature, 2 [ITS-68, deg C]
# name 5 = c1S/m: Conductivity, 2 [S/m]
# name 6 = altM: Altimeter [m]
# name 7 = sbeox0V: Oxygen raw, SBE 43 [V]
# name 8 = flC: Fluorescence, Chelsea Aqua 3 Chl Con [ug/l]
# name 9 = xmiss: Beam Transmission, Chelsea/Seatech [%]
# name 10 = par: PAR/Irradiance, Biospherical/Licor
# name 11 = sbeox0ML/L: Oxygen, SBE 43 [ml/l], WS = 2
# name 12 = sal00: Salinity, Practical [PSU]
# name 13 = sal11: Salinity, Practical, 2 [PSU]
# name 14 = sigma-t00: Density [sigma-t, Kg/m^3 ]
# name 15 = svCM: Sound Velocity [Chen-Millero, m/s]
# name 16 = avgsvCM: Average Sound Velocity [Chen-Millero, m/s], minP = 0, minS = 0
# name 17 = flag: flag
# span 0 =        785,      12327       
# span 1 =      5.000,    464.000       
# span 2 =     8.1519,    14.9408       
# span 3 =   3.585012,   3.805558       
# span 4 =     8.1532,    14.9354       
# span 5 =   3.584601,   3.805749       
# span 6 =      33.85,      97.90       
# span 7 =     1.0234,     2.2386       
# span 8 =     0.0360,     0.6451       
# span 9 =    67.6768,    72.0713       
# span 10 = -8.261e-05, 2.4758e-02      
# span 11 =    1.85832,    5.60826      
# span 12 =    29.5631,    35.0505      
# span 13 =    29.5511,    35.0530      
# span 14 =    21.8016,    27.2844      
# span 15 =    1484.48,    1501.57      
# span 16 =    1488.49,    1500.93      
# span 17 = 0.0000e+00, 0.0000e+00      
# interval = decibars: 1                
# start_time = Sep 20 2016 18:42:06 [System UTC, first data scan.]
# bad_flag = -9.990e-29
*END*
[from data line 242]
       6884    247.000     8.1570   3.642979     8.1583   3.643318      96.56     1.3422     0.0422    71.7995 1.0000e-12    2.91910    34.9590    34.9614    27.2183    1487.07    1488.70 0.0000e+00
       6908    248.000     8.1558   3.642953     8.1572   3.643298      71.65     1.3370     0.0407    71.8212 1.0000e-12    2.91919    34.9595    34.9618    27.2188    1487.08    1488.70 0.0000e+00
       6932    249.000     8.1551   3.642999     8.1565   3.643332      96.45     1.3356     0.0439    71.8372 1.0000e-12    2.92888    34.9602    34.9623    27.2195    1487.10    1488.69 0.0000e+00
       6957    250.000     8.1548   3.643079     8.1560   3.643423      96.56     1.3326     0.0435    71.8319 1.0000e-12    2.89650    34.9609    34.9633    27.2201    1487.11    1488.68 0.0000e+00
       6981    251.000     8.1548   3.643217     8.1561   3.643543      79.90     1.3280     0.0412    71.8323 1.0000e-12    2.88310    34.9618    34.9640    27.2208    1487.13    1488.68 0.0000e+00
       7006    252.000     8.1571   3.643615     8.1586   3.643919      96.59     1.3250     0.0416    71.8243 1.0000e-12    2.87868    34.9633    34.9651    27.2216    1487.16    1488.67 0.0000e+00
       7030    253.000     8.1576   3.643775     8.1589   3.644111      96.56     1.3217     0.0441    71.7750 1.0000e-12    2.86463    34.9641    34.9664    27.2221    1487.18    1488.67 0.0000e+00
       7055    254.000     8.1567   3.643802     8.1580   3.644146      88.02     1.3182     0.0440    71.7554 1.0000e-12    2.86542    34.9648    34.9672    27.2228    1487.19    1488.66 0.0000e+00
       7080    255.000     8.1555   3.643792     8.1569   3.644141      96.52     1.3170     0.0453    71.7577 1.0000e-12    2.87780    34.9654    34.9677    27.2235    1487.20    1488.65 0.0000e+00
       7105    256.000     8.1542   3.643823     8.1555   3.644149      96.56     1.3158     0.0452    71.7390 1.0000e-12    2.86656    34.9665    34.9687    27.2246    1487.22    1488.65 0.0000e+00
       7129    257.000     8.1533   3.643905     8.1546   3.644241      96.01     1.3139     0.0445    71.7297 1.0000e-12    2.85783    34.9678    34.9701    27.2257    1487.23    1488.64 0.0000e+00
       7153    258.000     8.1524   3.643971     8.1538   3.644314      96.56     1.3120     0.0445    71.7509 1.0000e-12    2.84479    34.9689    34.9712    27.2268    1487.25    1488.64 0.0000e+00
       7178    259.000     8.1519   3.644104     8.1532   3.644444      96.56     1.3094     0.0415    71.7782 1.0000e-12    2.82943    34.9704    34.9727    27.2280    1487.26    1488.63 0.0000e+00
       7202    260.000     8.1521   3.644311     8.1535   3.644643      96.55     1.3062     0.0423    71.7785 1.0000e-12    2.81005    34.9719    34.9741    27.2291    1487.28    1488.63 0.0000e+00
       7226    261.000     8.1523   3.644488     8.1537   3.644816      96.56     1.3025     0.0453    71.7844 1.0000e-12    2.79338    34.9731    34.9752    27.2301    1487.30    1488.62 0.0000e+00
       7250    262.000     8.1524   3.644692     8.1538   3.645019      96.56     1.2986     0.0455    71.7844 1.0000e-12    2.78414    34.9747    34.9768    27.2313    1487.32    1488.62 0.0000e+00
       7275    263.000     8.1523   3.644884     8.1537   3.645211      95.70     1.2956     0.0436    71.7795 1.0000e-12    2.77105    34.9764    34.9785    27.2326    1487.34    1488.61 0.0000e+00
       7299    264.000     8.1522   3.645097     8.1536   3.645424      33.85     1.2915     0.0413    71.7500 1.0000e-12    2.77226    34.9783    34.9804    27.2341    1487.35    1488.61 0.0000e+00
       7324    265.000     8.1519   3.645233     8.1534   3.645564      96.25     1.2901     0.0424    71.7598 1.0000e-12    2.76731    34.9796    34.9816    27.2352    1487.37    1488.60 0.0000e+00
       7348    266.000     8.1520   3.645393     8.1533   3.645722      96.20     1.2867     0.0440    71.7542 1.0000e-12    2.72562    34.9807    34.9829    27.2361    1487.39    1488.60 0.0000e+00
       7373    267.000     8.1523   3.645657     8.1538   3.645976      60.24     1.2811     0.0431    71.7694 1.0000e-12    2.72657    34.9827    34.9846    27.2376    1487.41    1488.59 0.0000e+00
       7397    268.000     8.1529   3.646015     8.1544   3.646335      97.01     1.2797     0.0427    71.7715 1.0000e-12    2.73510    34.9855    34.9874    27.2397    1487.43    1488.59 0.0000e+00
       7421    269.000     8.1533   3.646250     8.1547   3.646582      96.56     1.2770     0.0430    71.7443 1.0000e-12    2.71155    34.9871    34.9893    27.2409    1487.45    1488.58 0.0000e+00
       7445    270.000     8.1532   3.646431     8.1547   3.646756      83.13     1.2736     0.0401    71.7532 1.0000e-12    2.70083    34.9887    34.9906    27.2421    1487.47    1488.58 0.0000e+00
       7469    271.000     8.1536   3.646804     8.1550   3.647106      96.83     1.2704     0.0434    71.7520 1.0000e-12    2.68647    34.9918    34.9936    27.2445    1487.49    1488.58 0.0000e+00
       7493    272.000     8.1545   3.647165     8.1558   3.647491      96.02     1.2668     0.0414    71.7453 1.0000e-12    2.66915    34.9943    34.9964    27.2463    1487.52    1488.57 0.0000e+00
       7517    273.000     8.1550   3.647464     8.1564   3.647783      96.55     1.2630     0.0409    71.7595 1.0000e-12    2.64956    34.9965    34.9985    27.2480    1487.54    1488.57 0.0000e+00
       7541    274.000     8.1562   3.647981     8.1577   3.648294      96.56     1.2582     0.0417    71.7316 1.0000e-12    2.62012    35.0003    35.0022    27.2508    1487.56    1488.57 0.0000e+00
       7566    275.000     8.1567   3.648216     8.1581   3.648561      96.56     1.2526     0.0445    71.7129 1.0000e-12    2.59438    35.0019    35.0042    27.2520    1487.58    1488.56 0.0000e+00
       7590    276.000     8.1571   3.648434     8.1585   3.648777      96.56     1.2469     0.0459    71.6955 1.0000e-12    2.57229    35.0033    35.0056    27.2530    1487.60    1488.56 0.0000e+00
       7614    277.000     8.1578   3.648804     8.1592   3.649130      96.56     1.2408     0.0441    71.6862 1.0000e-12    2.54909    35.0061    35.0082    27.2551    1487.62    1488.56 0.0000e+00
       7638    278.000     8.1586   3.649263     8.1600   3.649592      96.56     1.2348     0.0430    71.6549 1.0000e-12    2.51939    35.0097    35.0118    27.2578    1487.65    1488.55 0.0000e+00
       7663    279.000     8.1592   3.649497     8.1606   3.649826      38.89     1.2276     0.0438    71.6331 1.0000e-12    2.50489    35.0111    35.0133    27.2589    1487.67    1488.55 0.0000e+00
       7687    280.000     8.1596   3.649623     8.1608   3.649957      96.47     1.2229     0.0434    71.5951 1.0000e-12    2.49093    35.0116    35.0140    27.2592    1487.69    1488.55 0.0000e+00
       7711    281.000     8.1600   3.649875     8.1614   3.650206      96.56     1.2166     0.0442    71.6167 1.0000e-12    2.45022    35.0134    35.0156    27.2605    1487.71    1488.54 0.0000e+00
       7735    282.000     8.1603   3.650041     8.1616   3.650385      70.31     1.2091     0.0488    71.6065 1.0000e-12    2.44247    35.0144    35.0168    27.2613    1487.73    1488.54 0.0000e+00
       7759    283.000     8.1605   3.650149     8.1619   3.650477      96.34     1.2054     0.0469    71.6138 1.0000e-12    2.44632    35.0149    35.0170    27.2616    1487.74    1488.54 0.0000e+00
       7783    284.000     8.1610   3.650335     8.1624   3.650680      96.56     1.2010     0.0448    71.5894 1.0000e-12    2.42938    35.0159    35.0182    27.2623    1487.76    1488.53 0.0000e+00
       7807    285.000     8.1616   3.650533     8.1629   3.650870      89.64     1.1969     0.0452    71.5678 1.0000e-12    2.42280    35.0169    35.0192    27.2631    1487.78    1488.53 0.0000e+00
       7831    286.000     8.1622   3.650812     8.1636   3.651154      96.53     1.1938     0.0463    71.5701 1.0000e-12    2.41811    35.0188    35.0211    27.2645    1487.81    1488.53 0.0000e+00
       7854    287.000     8.1627   3.651007     8.1640   3.651341      96.56     1.1906     0.0477    71.5394 1.0000e-12    2.40077    35.0200    35.0222    27.2653    1487.82    1488.53 0.0000e+00
       7879    288.000     8.1631   3.651173     8.1645   3.651506      96.56     1.1868     0.0474    71.5740 1.0000e-12    2.38587    35.0208    35.0230    27.2659    1487.84    1488.52 0.0000e+00
       7902    289.000     8.1636   3.651352     8.1650   3.651697      96.56     1.1831     0.0473    71.5492 1.0000e-12    2.37187    35.0218    35.0241    27.2666    1487.86    1488.52 0.0000e+00
       7927    290.000     8.1640   3.651520     8.1654   3.651862      96.55     1.1793     0.0475    71.5664 1.0000e-12    2.36195    35.0227    35.0250    27.2672    1487.88    1488.52 0.0000e+00
       7951    291.000     8.1644   3.651688     8.1658   3.652034      96.56     1.1761     0.0466    71.5346 1.0000e-12    2.35578    35.0236    35.0259    27.2679    1487.90    1488.52 0.0000e+00
       7975    292.000     8.1651   3.651993     8.1665   3.652307      96.56     1.1730     0.0459    71.5422 1.0000e-12    2.34914    35.0257    35.0277    27.2694    1487.92    1488.52 0.0000e+00
       7999    293.000     8.1659   3.652296     8.1673   3.652627      96.56     1.1705     0.0461    71.5361 1.0000e-12    2.33895    35.0277    35.0298    27.2708    1487.95    1488.51 0.0000e+00
       8023    294.000     8.1664   3.652492     8.1678   3.652831      96.56     1.1672     0.0474    71.5157 1.0000e-12    2.31640    35.0288    35.0310    27.2716    1487.96    1488.51 0.0000e+00
       8048    295.000     8.1669   3.652645     8.1683   3.652995      96.56     1.1631     0.0464    71.5091 1.0000e-12    2.29415    35.0294    35.0318    27.2721    1487.98    1488.51 0.0000e+00
       8072    296.000     8.1675   3.652881     8.1689   3.653213      96.56     1.1583     0.0471    71.4916 1.0000e-12    2.27375    35.0309    35.0330    27.2731    1488.00    1488.51 0.0000e+00
       8096    297.000     8.1681   3.653097     8.1695   3.653438      96.56     1.1539     0.0493    71.4717 1.0000e-12    2.26580    35.0321    35.0344    27.2740    1488.02    1488.51 0.0000e+00
       8120    298.000     8.1687   3.653289     8.1701   3.653626      96.56     1.1501     0.0477    71.4402 1.0000e-12    2.25592    35.0331    35.0353    27.2747    1488.04    1488.50 0.0000e+00
       8145    299.000     8.1696   3.653594     8.1710   3.653920      96.56     1.1464     0.0455    71.4347 1.0000e-12    2.24328    35.0350    35.0371    27.2760    1488.07    1488.50 0.0000e+00
       8169    300.000     8.1704   3.653867     8.1717   3.654193      96.56     1.1426     0.0454    71.3998 1.0000e-12    2.22392    35.0366    35.0388    27.2772    1488.09    1488.50 0.0000e+00
       8193    301.000     8.1709   3.654058     8.1724   3.654398      92.22     1.1379     0.0465    71.3761 1.0000e-12    2.18950    35.0377    35.0398    27.2779    1488.11    1488.50 0.0000e+00
       8216    302.000     8.1713   3.654171     8.1726   3.654497      80.03     1.1321     0.0501    71.3452 1.0000e-12    2.17414    35.0380    35.0402    27.2781    1488.13    1488.50 0.0000e+00
       8241    303.000     8.1720   3.654392     8.1733   3.654725      96.64     1.1271     0.0528    71.3092 1.0000e-12    2.15574    35.0392    35.0414    27.2789    1488.15    1488.50 0.0000e+00
       8264    304.000     8.1723   3.654517     8.1737   3.654860      93.72     1.1221     0.0499    71.2439 1.0000e-12    2.13918    35.0397    35.0420    27.2793    1488.17    1488.50 0.0000e+00
       8289    305.000     8.1725   3.654611     8.1739   3.654949      84.26     1.1170     0.0457    71.1947 1.0000e-12    2.12590    35.0401    35.0423    27.2796    1488.18    1488.50 0.0000e+00
       8313    306.000     8.1728   3.654728     8.1743   3.655082      96.71     1.1124     0.0465    71.1710 1.0000e-12    2.11549    35.0405    35.0428    27.2799    1488.20    1488.50 0.0000e+00
       8337    307.000     8.1731   3.654827     8.1745   3.655179      94.74     1.1087     0.0505    71.1599 1.0000e-12    2.11309    35.0408    35.0432    27.2801    1488.22    1488.49 0.0000e+00
       8361    308.000     8.1734   3.654956     8.1749   3.655302      90.46     1.1056     0.0469    71.1241 1.0000e-12    2.11146    35.0414    35.0436    27.2805    1488.24    1488.49 0.0000e+00
       8385    309.000     8.1738   3.655071     8.1752   3.655412      96.32     1.1033     0.0444    71.0683 1.0000e-12    2.10784    35.0418    35.0440    27.2807    1488.26    1488.49 0.0000e+00
       8409    310.000     8.1739   3.655139     8.1753   3.655481      95.98     1.1007     0.0428    71.0814 1.0000e-12    2.09163    35.0419    35.0442    27.2808    1488.27    1488.49 0.0000e+00
       8433    311.000     8.1741   3.655203     8.1755   3.655560      96.48     1.0978     0.0424    71.0521 1.0000e-12    2.08018    35.0419    35.0443    27.2808    1488.29    1488.49 0.0000e+00
       8456    312.000     8.1743   3.655300     8.1757   3.655643      96.56     1.0950     0.0459    71.0234 1.0000e-12    2.07678    35.0423    35.0445    27.2810    1488.31    1488.49 0.0000e+00
       8481    313.000     8.1745   3.655380     8.1759   3.655738      96.56     1.0929     0.0482    71.0375 1.0000e-12    2.07244    35.0425    35.0449    27.2811    1488.33    1488.49 0.0000e+00
       8505    314.000     8.1747   3.655477     8.1761   3.655825      96.56     1.0904     0.0516    71.0092 1.0000e-12    2.06363    35.0428    35.0451    27.2814    1488.34    1488.49 0.0000e+00
       8529    315.000     8.1749   3.655549     8.1763   3.655899      96.56     1.0886     0.0494    71.0393 1.0000e-12    2.06680    35.0429    35.0452    27.2814    1488.36    1488.49 0.0000e+00
       8553    316.000     8.1751   3.655624     8.1765   3.655969      96.56     1.0876     0.0493    71.0599 1.0000e-12    2.07732    35.0430    35.0453    27.2815    1488.38    1488.49 0.0000e+00
       8577    317.000     8.1752   3.655692     8.1767   3.656043      96.56     1.0877     0.0484    71.0364 1.0000e-12    2.07963    35.0432    35.0454    27.2816    1488.39    1488.49 0.0000e+00
       8601    318.000     8.1754   3.655772     8.1768   3.656120      96.56     1.0872     0.0463    71.0127 1.0000e-12    2.07688    35.0433    35.0457    27.2817    1488.41    1488.49 0.0000e+00
       8625    319.000     8.1757   3.655872     8.1771   3.656224      96.56     1.0870     0.0451    71.0402 1.0000e-12    2.07676    35.0436    35.0460    27.2819    1488.43    1488.49 0.0000e+00
       8650    320.000     8.1759   3.655958     8.1773   3.656305      92.13     1.0863     0.0462    71.0067 1.0000e-12    2.05831    35.0439    35.0462    27.2820    1488.45    1488.49 0.0000e+00
       8674    321.000     8.1761   3.656045     8.1775   3.656404      51.46     1.0845     0.0493    71.0124 1.0000e-12    2.07120    35.0441    35.0466    27.2822    1488.47    1488.49 0.0000e+00
       8698    322.000     8.1763   3.656110     8.1777   3.656474      96.09     1.0853     0.0499    70.9954 1.0000e-12    2.07299    35.0441    35.0466    27.2822    1488.48    1488.49 0.0000e+00
       8723    323.000     8.1765   3.656208     8.1780   3.656564      95.54     1.0845     0.0474    70.9920 1.0000e-12    2.05307    35.0445    35.0468    27.2824    1488.50    1488.49 0.0000e+00
       8747    324.000     8.1768   3.656313     8.1783   3.656664      71.21     1.0826     0.0490    70.9701 1.0000e-12    2.06080    35.0449    35.0471    27.2827    1488.52    1488.49 0.0000e+00
       8772    325.000     8.1770   3.656385     8.1784   3.656741      96.58     1.0830     0.0480    70.9521 1.0000e-12    2.05930    35.0449    35.0474    27.2827    1488.54    1488.49 0.0000e+00
