_data/ctd/2016/Sta0954_2016.cnv
* Sea-Bird SBE 9 Data File:
* FileName = C:\Seabird\CTDDATA\sta0954.hex
* Software Version Seasave V 7.21f
* Temperature SN = 5458
* Conductivity SN = 044221
* Number of Bytes Per Scan = 41
* Number of Voltage Words = 4
* Number of Scans Averaged by the Deck Unit = 1
* NMEA Latitude = 61 14.78 N
* NMEA Longitude = 007 21.55 E
* NMEA UTC (Time) = Sep 26 2016 15:18:30
** Ship: 01 F/F "Håkon Mosby"
** Station: 0954
** Echodepth: 652
** Log: 3766,75
** Wind-Dir Force: 22 01
** Air-temp (dry): 14.8
** Weather Sky: 2 9
** Sea Ice: 1 0
** UNIS station:
# nquan = 18                                
# nvalues = 638                         
# units = specified
# name 0 = scan: Scan Count
# name 1 = prDM: Pressure, Digiquartz [db]
# name 2 = t068C: Temperature [ITS-68, deg C]
# name 3 = c0S/m: Conductivity [S/m]
# name 4 = t168C: Temperature, 2 [ITS-68, deg C]
# name 5 = c1S/m: Conductivity, 2 [S/m]
# name 6 = altM: Altimeter [m]
# name 7 = sbeox0V: Oxygen raw, SBE 43 [V]
# name 8 = flC: Fluorescence, Chelsea Aqua 3 Chl Con [ug/l]
# name 9 = xmiss: Beam Transmission, Chelsea/Seatech [%]
# name 10 = par: PAR/Irradiance, Biospherical/Licor
# name 11 = sbeox0ML/L: Oxygen, SBE 43 [ml/l], WS = 2
# name 12 = sal00: Salinity, Practical [PSU]
# name 13 = sal11: Salinity, Practical, 2 [PSU]
# name 14 = sigma-t00: Density [sigma-t, Kg/m^3 ]
# name 15 = svCM: Sound Velocity [Chen-Millero, m/s]
# name 16 = avgsvCM: Average Sound Velocity [Chen-Millero, m/s], minP = 0, minS = 0
# name 17 = flag: flag
# span 0 =        309,      15573       
# span 1 =      3.000,    640.000       
# span 2 =     7.4062,    14.6344       
# span 3 =   1.384895,   3.766126       
# span 4 =     7.4077,    14.6369       
# span 5 =   1.387079,   3.765434       
# span 6 =      27.10,      97.26       
# span 7 =     1.5005,     2.7120       
# span 8 =     0.0257,     0.9182       
# span 9 =    23.5184,    72.1100       
# span 10 = -6.167e-06, 4.2454e+01      
# span 11 =    3.76185,    7.30371      
# span 12 =    10.6732,    35.0416      
# span 13 =    10.6883,    35.0346      
# span 14 =     7.6354,    27.3941      
# span 15 =    1471.27,    1500.25      
# span 16 =    1471.27,    1495.24      
# span 17 = 0.0000e+00, 0.0000e+00      
# interval = decibars: 1                
# start_time = Sep 26 2016 15:18:31 [System UTC, first data scan.]
# bad_flag = -9.990e-29
*END*
[from data line 242]
       6062    245.000     7.6813   3.598969     7.6827   3.598350      96.55     1.7242     0.0325    71.9517 1.0000e-12    4.45205    34.9619    34.9538    27.2916    1485.24    1487.83 0.0000e+00
       6086    246.000     7.6820   3.599153     7.6834   3.598537      96.56     1.7280     0.0332    71.9847 1.0000e-12    4.44482    34.9627    34.9547    27.2921    1485.26    1487.82 0.0000e+00
       6110    247.000     7.6808   3.599129     7.6822   3.598513      95.76     1.7298     0.0327    71.9960 1.0000e-12    4.43199    34.9632    34.9551    27.2927    1485.27    1487.81 0.0000e+00
       6133    248.000     7.6795   3.599088     7.6809   3.598477      90.97     1.7309     0.0299    72.0175 1.0000e-12    4.43513    34.9636    34.9556    27.2932    1485.29    1487.80 0.0000e+00
       6157    249.000     7.6767   3.598927     7.6781   3.598312      50.88     1.7321     0.0290    72.0261 1.0000e-12    4.46131    34.9641    34.9561    27.2940    1485.29    1487.79 0.0000e+00
       6181    250.000     7.6755   3.598905     7.6769   3.598282      96.03     1.7358     0.0308    72.0283 1.0000e-12    4.46794    34.9646    34.9565    27.2946    1485.30    1487.78 0.0000e+00
       6205    251.000     7.6751   3.598923     7.6766   3.598310      96.56     1.7366     0.0310    72.0508 1.0000e-12    4.45054    34.9647    34.9566    27.2947    1485.32    1487.77 0.0000e+00
       6230    252.000     7.6732   3.598825     7.6746   3.598207      96.56     1.7373     0.0302    72.0521 1.0000e-12    4.45479    34.9651    34.9570    27.2953    1485.33    1487.76 0.0000e+00
       6254    253.000     7.6729   3.598912     7.6744   3.598296      96.56     1.7377     0.0311    72.0794 1.0000e-12    4.44863    34.9658    34.9577    27.2959    1485.35    1487.75 0.0000e+00
       6278    254.000     7.6702   3.598708     7.6716   3.598117      96.56     1.7373     0.0300    72.0780 1.0000e-12    4.43661    34.9659    34.9581    27.2963    1485.35    1487.74 0.0000e+00
       6302    255.000     7.6678   3.598584     7.6690   3.597968      96.56     1.7361     0.0290    72.0573 1.0000e-12    4.43035    34.9664    34.9586    27.2971    1485.36    1487.73 0.0000e+00
       6326    256.000     7.6643   3.598379     7.6657   3.597766      90.23     1.7348     0.0312    72.0586 1.0000e-12    4.41028    34.9672    34.9592    27.2983    1485.36    1487.72 0.0000e+00
       6349    257.000     7.6629   3.598342     7.6643   3.597715      69.46     1.7320     0.0320    71.9794 1.0000e-12    4.40513    34.9678    34.9596    27.2989    1485.38    1487.71 0.0000e+00
       6372    258.000     7.6618   3.598346     7.6632   3.597731      96.56     1.7299     0.0317    72.0596 1.0000e-12    4.37614    34.9684    34.9604    27.2996    1485.39    1487.71 0.0000e+00
       6396    259.000     7.6604   3.598313     7.6618   3.597692      96.55     1.7251     0.0284    72.0737 1.0000e-12    4.35138    34.9690    34.9609    27.3002    1485.40    1487.70 0.0000e+00
       6420    260.000     7.6599   3.598334     7.6612   3.597716      96.56     1.7216     0.0270    72.0846 1.0000e-12    4.35941    34.9692    34.9612    27.3005    1485.42    1487.69 0.0000e+00
       6443    261.000     7.6588   3.598329     7.6603   3.597705      96.56     1.7196     0.0299    72.0749 1.0000e-12    4.37224    34.9698    34.9615    27.3011    1485.43    1487.68 0.0000e+00
       6467    262.000     7.6579   3.598322     7.6593   3.597701      96.56     1.7191     0.0323    72.0737 1.0000e-12    4.38922    34.9701    34.9620    27.3015    1485.44    1487.67 0.0000e+00
       6490    263.000     7.6573   3.598345     7.6588   3.597722      96.56     1.7196     0.0342    72.0759 1.0000e-12    4.39617    34.9705    34.9622    27.3019    1485.46    1487.66 0.0000e+00
       6514    264.000     7.6564   3.598331     7.6578   3.597726      85.34     1.7196     0.0332    72.0855 1.0000e-12    4.38239    34.9708    34.9628    27.3022    1485.47    1487.65 0.0000e+00
       6538    265.000     7.6527   3.598063     7.6541   3.597470      71.85     1.7193     0.0322    72.0888 1.0000e-12    4.40798    34.9711    34.9633    27.3030    1485.47    1487.65 0.0000e+00
       6562    266.000     7.6511   3.598003     7.6525   3.597381      96.13     1.7213     0.0323    72.0633 1.0000e-12    4.40202    34.9715    34.9634    27.3036    1485.48    1487.64 0.0000e+00
       6586    267.000     7.6492   3.597909     7.6506   3.597305      96.56     1.7199     0.0324    72.0545 1.0000e-12    4.35936    34.9719    34.9640    27.3042    1485.49    1487.63 0.0000e+00
       6610    268.000     7.6476   3.597821     7.6490   3.597225      96.56     1.7160     0.0321    72.0521 1.0000e-12    4.32296    34.9721    34.9643    27.3046    1485.50    1487.62 0.0000e+00
       6633    269.000     7.6469   3.597824     7.6483   3.597206      96.55     1.7114     0.0353    72.0343 1.0000e-12    4.29728    34.9724    34.9643    27.3049    1485.52    1487.61 0.0000e+00
       6656    270.000     7.6462   3.597817     7.6477   3.597212      96.56     1.7056     0.0347    72.0036 1.0000e-12    4.26024    34.9725    34.9644    27.3051    1485.53    1487.61 0.0000e+00
       6680    271.000     7.6459   3.597858     7.6473   3.597252      96.56     1.6990     0.0311    71.9992 1.0000e-12    4.23558    34.9728    34.9648    27.3053    1485.55    1487.60 0.0000e+00
       6703    272.000     7.6460   3.597919     7.6475   3.597306      96.55     1.6928     0.0325    71.9769 1.0000e-12    4.22159    34.9728    34.9647    27.3054    1485.56    1487.59 0.0000e+00
       6726    273.000     7.6455   3.597968     7.6470   3.597350      96.56     1.6877     0.0348    71.9797 1.0000e-12    4.22678    34.9734    34.9652    27.3059    1485.58    1487.58 0.0000e+00
       6750    274.000     7.6439   3.597914     7.6455   3.597313      96.55     1.6846     0.0352    72.0035 1.0000e-12    4.23739    34.9739    34.9658    27.3065    1485.59    1487.58 0.0000e+00
       6774    275.000     7.6431   3.597904     7.6445   3.597297      96.56     1.6826     0.0339    72.0316 1.0000e-12    4.25076    34.9741    34.9661    27.3068    1485.60    1487.57 0.0000e+00
       6797    276.000     7.6410   3.597824     7.6425   3.597220      96.56     1.6825     0.0316    72.0369 1.0000e-12    4.26420    34.9749    34.9668    27.3077    1485.61    1487.56 0.0000e+00
       6821    277.000     7.6399   3.597815     7.6414   3.597214      96.56     1.6825     0.0292    72.0295 1.0000e-12    4.26499    34.9754    34.9674    27.3083    1485.63    1487.56 0.0000e+00
       6845    278.000     7.6380   3.597681     7.6394   3.597083      96.56     1.6825     0.0277    72.0432 1.0000e-12    4.26390    34.9754    34.9675    27.3085    1485.64    1487.55 0.0000e+00
       6869    279.000     7.6368   3.597601     7.6383   3.596998      96.55     1.6822     0.0306    71.9864 1.0000e-12    4.25401    34.9752    34.9672    27.3086    1485.65    1487.54 0.0000e+00
       6892    280.000     7.6362   3.597606     7.6376   3.597007      96.56     1.6807     0.0309    71.9105 1.0000e-12    4.21785    34.9754    34.9675    27.3088    1485.66    1487.53 0.0000e+00
       6916    281.000     7.6356   3.597614     7.6371   3.597016      96.56     1.6757     0.0341    71.8925 1.0000e-12    4.16342    34.9756    34.9676    27.3090    1485.68    1487.53 0.0000e+00
       6939    282.000     7.6347   3.597616     7.6362   3.597006      96.56     1.6691     0.0347    71.8485 1.0000e-12    4.12804    34.9760    34.9679    27.3095    1485.69    1487.52 0.0000e+00
       6963    283.000     7.6336   3.597587     7.6350   3.596983      96.34     1.6623     0.0374    71.8394 1.0000e-12    4.11492    34.9763    34.9684    27.3099    1485.70    1487.52 0.0000e+00
       6986    284.000     7.6329   3.597597     7.6344   3.596992      91.09     1.6568     0.0334    71.8224 1.0000e-12    4.09662    34.9767    34.9686    27.3103    1485.72    1487.51 0.0000e+00
       7010    285.000     7.6313   3.597534     7.6327   3.596941      60.27     1.6510     0.0308    71.8317 1.0000e-12    4.10818    34.9771    34.9693    27.3109    1485.73    1487.50 0.0000e+00
       7034    286.000     7.6294   3.597416     7.6308   3.596811      96.29     1.6488     0.0329    71.7990 1.0000e-12    4.11561    34.9772    34.9693    27.3112    1485.74    1487.50 0.0000e+00
       7058    287.000     7.6288   3.597401     7.6303   3.596807      96.56     1.6462     0.0324    71.7670 1.0000e-12    4.09973    34.9772    34.9692    27.3113    1485.75    1487.49 0.0000e+00
       7082    288.000     7.6281   3.597413     7.6296   3.596815      96.56     1.6425     0.0330    71.7336 1.0000e-12    4.06400    34.9775    34.9696    27.3117    1485.77    1487.48 0.0000e+00
       7105    289.000     7.6278   3.597432     7.6292   3.596829      96.56     1.6370     0.0332    71.7039 1.0000e-12    4.03298    34.9776    34.9696    27.3117    1485.78    1487.48 0.0000e+00
       7128    290.000     7.6274   3.597457     7.6288   3.596861      96.56     1.6317     0.0317    71.6862 1.0000e-12    4.02453    34.9777    34.9699    27.3119    1485.80    1487.47 0.0000e+00
       7152    291.000     7.6271   3.597508     7.6287   3.596914      96.56     1.6273     0.0318    71.6728 1.0000e-12    4.01600    34.9781    34.9701    27.3123    1485.81    1487.47 0.0000e+00
       7175    292.000     7.6265   3.597504     7.6279   3.596910      89.38     1.6233     0.0295    71.6579 1.0000e-12    3.99935    34.9782    34.9703    27.3124    1485.83    1487.46 0.0000e+00
       7199    293.000     7.6253   3.597497     7.6267   3.596899      62.27     1.6194     0.0271    71.6788 1.0000e-12    4.02645    34.9788    34.9709    27.3131    1485.84    1487.46 0.0000e+00
       7222    294.000     7.6235   3.597437     7.6250   3.596833      96.09     1.6194     0.0307    71.6860 1.0000e-12    4.03542    34.9795    34.9714    27.3139    1485.85    1487.45 0.0000e+00
       7246    295.000     7.6239   3.597589     7.6254   3.596981      96.56     1.6183     0.0323    71.7063 1.0000e-12    4.02963    34.9802    34.9722    27.3144    1485.87    1487.44 0.0000e+00
       7270    296.000     7.6220   3.597525     7.6234   3.596933      96.56     1.6176     0.0310    71.8070 1.0000e-12    4.03932    34.9810    34.9732    27.3153    1485.88    1487.44 0.0000e+00
       7294    297.000     7.6202   3.597442     7.6216   3.596849      96.56     1.6184     0.0321    71.8211 1.0000e-12    4.06817    34.9814    34.9736    27.3159    1485.89    1487.43 0.0000e+00
       7318    298.000     7.6198   3.597452     7.6211   3.596851      96.56     1.6212     0.0312    71.8655 1.0000e-12    4.08787    34.9814    34.9736    27.3159    1485.90    1487.43 0.0000e+00
       7341    299.000     7.6192   3.597465     7.6207   3.596868      96.56     1.6233     0.0298    71.8686 1.0000e-12    4.07969    34.9817    34.9737    27.3162    1485.92    1487.42 0.0000e+00
       7365    300.000     7.6185   3.597483     7.6200   3.596881      90.51     1.6235     0.0327    71.8932 1.0000e-12    4.05906    34.9821    34.9741    27.3167    1485.93    1487.42 0.0000e+00
       7389    301.000     7.6175   3.597478     7.6189   3.596881      78.60     1.6231     0.0334    71.9058 1.0000e-12    4.05368    34.9826    34.9747    27.3172    1485.95    1487.41 0.0000e+00
       7413    302.000     7.6161   3.597427     7.6175   3.596832      39.93     1.6223     0.0330    71.8966 1.0000e-12    4.06825    34.9829    34.9751    27.3177    1485.96    1487.41 0.0000e+00
       7437    303.000     7.6155   3.597423     7.6169   3.596830      96.26     1.6235     0.0301    71.9539 1.0000e-12    4.06209    34.9830    34.9752    27.3178    1485.97    1487.40 0.0000e+00
       7460    304.000     7.6147   3.597418     7.6161   3.596824      96.56     1.6221     0.0282    71.9614 1.0000e-12    4.04009    34.9833    34.9754    27.3181    1485.98    1487.40 0.0000e+00
       7484    305.000     7.6138   3.597411     7.6152   3.596816      96.55     1.6204     0.0311    71.9790 1.0000e-12    4.03055    34.9836    34.9757    27.3185    1486.00    1487.40 0.0000e+00
       7508    306.000     7.6130   3.597407     7.6144   3.596814      96.56     1.6184     0.0318    71.9700 1.0000e-12    4.02519    34.9839    34.9760    27.3189    1486.01    1487.39 0.0000e+00
       7531    307.000     7.6121   3.597402     7.6135   3.596802      96.56     1.6169     0.0320    71.9540 1.0000e-12    4.02055    34.9842    34.9763    27.3193    1486.03    1487.39 0.0000e+00
       7555    308.000     7.6109   3.597371     7.6125   3.596777      88.17     1.6145     0.0318    71.9475 1.0000e-12    4.00104    34.9846    34.9766    27.3198    1486.04    1487.38 0.0000e+00
       7579    309.000     7.6103   3.597382     7.6118   3.596792      69.39     1.6120     0.0296    71.9463 1.0000e-12    3.99292    34.9848    34.9770    27.3200    1486.05    1487.38 0.0000e+00
       7603    310.000     7.6091   3.597347     7.6105   3.596752      52.99     1.6095     0.0324    71.9452 1.0000e-12    3.99972    34.9852    34.9773    27.3205    1486.06    1487.37 0.0000e+00
       7627    311.000     7.6088   3.597374     7.6103   3.596781      96.50     1.6084     0.0318    71.9081 1.0000e-12    3.99752    34.9853    34.9774    27.3206    1486.08    1487.37 0.0000e+00
       7651    312.000     7.6083   3.597391     7.6099   3.596807      96.56     1.6072     0.0294    71.9111 1.0000e-12    3.98928    34.9855    34.9776    27.3208    1486.10    1487.37 0.0000e+00
       7675    313.000     7.6076   3.597399     7.6091   3.596810      96.55     1.6050     0.0310    71.9216 1.0000e-12    3.97659    34.9858    34.9779    27.3212    1486.11    1487.36 0.0000e+00
       7699    314.000     7.6069   3.597380     7.6084   3.596804      96.56     1.6031     0.0313    71.9324 1.0000e-12    3.97343    34.9858    34.9781    27.3213    1486.12    1487.36 0.0000e+00
       7723    315.000     7.6061   3.597377     7.6075   3.596783      96.56     1.6016     0.0339    71.9172 1.0000e-12    3.97586    34.9861    34.9783    27.3216    1486.14    1487.35 0.0000e+00
       7747    316.000     7.6055   3.597389     7.6069   3.596798      96.36     1.6002     0.0340    71.9103 1.0000e-12    3.96396    34.9863    34.9785    27.3219    1486.15    1487.35 0.0000e+00
       7770    317.000     7.6045   3.597373     7.6059   3.596780      73.23     1.5978     0.0339    71.9096 1.0000e-12    3.94968    34.9867    34.9789    27.3223    1486.16    1487.35 0.0000e+00
       7794    318.000     7.6036   3.597356     7.6050   3.596765      74.48     1.5966     0.0338    71.9192 1.0000e-12    3.96675    34.9869    34.9791    27.3226    1486.18    1487.34 0.0000e+00
       7818    319.000     7.6027   3.597341     7.6041   3.596755      96.18     1.5953     0.0346    71.9045 1.0000e-12    3.94542    34.9872    34.9794    27.3230    1486.19    1487.34 0.0000e+00
       7842    320.000     7.6015   3.597305     7.6030   3.596726      96.56     1.5931     0.0303    71.8787 1.0000e-12    3.93427    34.9875    34.9797    27.3234    1486.20    1487.34 0.0000e+00
       7866    321.000     7.6008   3.597307     7.6022   3.596722      96.56     1.5906     0.0284    71.8720 1.0000e-12    3.92499    34.9877    34.9800    27.3237    1486.22    1487.33 0.0000e+00
       7890    322.000     7.6004   3.597332     7.6017   3.596737      96.56     1.5887     0.0274    71.8609 1.0000e-12    3.92599    34.9879    34.9802    27.3239    1486.23    1487.33 0.0000e+00
       7914    323.000     7.5995   3.597320     7.6009   3.596730      96.56     1.5869     0.0310    71.8556 1.0000e-12    3.92221    34.9882    34.9804    27.3243    1486.25    1487.32 0.0000e+00
