_data/ctd/2016/Sta0947_2016.cnv
* Sea-Bird SBE 9 Data File:
* FileName = C:\Seabird\CTDDATA\sta0947.hex
* Software Version Seasave V 7.21f
* Temperature SN = 5458
* Conductivity SN = 044221
* Number of Bytes Per Scan = 41
* Number of Voltage Words = 4
* Number of Scans Averaged by the Deck Unit = 1
* NMEA Latitude = 60 53.02 N
* NMEA Longitude = 005 28.01 E
* NMEA UTC (Time) = Sep 20 2016 03:41:38
** Ship: 01 F/F "Håkon Mosby"
** Station: 0947
** Echodepth: 223
** Log: 3301,1
** Wind-Dir Force: 13 03
** Air-temp (dry): 13
** Weather Sky: 2 9
** Sea Ice: 2 0
** UNIS station:
# nquan = 18                                
# nvalues = 209                         
# units = specified
# name 0 = scan: Scan Count
# name 1 = prDM: Pressure, Digiquartz [db]
# name 2 = t068C: Temperature [ITS-68, deg C]
# name 3 = c0S/m: Conductivity [S/m]
# name 4 = t168C: Temperature, 2 [ITS-68, deg C]
# name 5 = c1S/m: Conductivity, 2 [S/m]
# name 6 = altM: Altimeter [m]
# name 7 = sbeox0V: Oxygen raw, SBE 43 [V]
# name 8 = flC: Fluorescence, Chelsea Aqua 3 Chl Con [ug/l]
# name 9 = xmiss: Beam Transmission, Chelsea/Seatech [%]
# name 10 = par: PAR/Irradiance, Biospherical/Licor
# name 11 = sbeox0ML/L: Oxygen, SBE 43 [ml/l], WS = 2
# name 12 = sal00: Salinity, Practical [PSU]
# name 13 = sal11: Salinity, Practical, 2 [PSU]
# name 14 = sigma-t00: Density [sigma-t, Kg/m^3 ]
# name 15 = svCM: Sound Velocity [Chen-Millero, m/s]
# name 16 = avgsvCM: Average Sound Velocity [Chen-Millero, m/s], minP = 0, minS = 0
# name 17 = flag: flag
# span 0 =        488,       5222       
# span 1 =      3.000,    211.000       
# span 2 =     8.1734,    14.9923       
# span 3 =   3.221084,   3.749372       
# span 4 =     8.1750,    14.9997       
# span 5 =   3.183106,   3.749397       
# span 6 =      27.49,      97.48       
# span 7 =     1.3696,     2.3562       
# span 8 =     0.0400,     0.6417       
# span 9 =    58.1040,    72.1904       
# span 10 = -2.605e-06, 2.7111e-01      
# span 11 =    3.02001,    5.85770      
# span 12 =    25.6153,    34.9472      
# span 13 =    25.2831,    34.9488      
# span 14 =    18.8046,    27.2065      
# span 15 =    1484.52,    1499.88      
# span 16 =    1488.49,    1498.81      
# span 17 = 0.0000e+00, 0.0000e+00      
# interval = decibars: 1                
# start_time = Sep 20 2016 03:41:39 [System UTC, first data scan.]
# bad_flag = -9.990e-29
*END*
[from data line 161]
       4091    164.000     8.1818   3.639236     8.1833   3.639512      96.56     1.3784     0.0470    71.1799 1.0000e-12    3.08258    34.9343    34.9358    27.1951    1485.77    1489.16 0.0000e+00
       4114    165.000     8.1819   3.639289     8.1833   3.639566      96.56     1.3791     0.0452    71.1837 1.0000e-12    3.08633    34.9343    34.9359    27.1951    1485.78    1489.14 0.0000e+00
       4137    166.000     8.1815   3.639340     8.1830   3.639626      96.56     1.3802     0.0472    71.1815 1.0000e-12    3.09631    34.9348    34.9364    27.1955    1485.80    1489.12 0.0000e+00
       4160    167.000     8.1813   3.639398     8.1828   3.639671      96.56     1.3816     0.0459    71.1831 1.0000e-12    3.09781    34.9351    34.9366    27.1958    1485.81    1489.10 0.0000e+00
       4184    168.000     8.1809   3.639460     8.1823   3.639744      66.93     1.3819     0.0437    71.1882 1.0000e-12    3.09037    34.9357    34.9373    27.1963    1485.83    1489.08 0.0000e+00
       4208    169.000     8.1808   3.639509     8.1822   3.639795      57.26     1.3833     0.0432    71.1732 1.0000e-12    3.12194    34.9358    34.9375    27.1965    1485.85    1489.06 0.0000e+00
       4231    170.000     8.1808   3.639571     8.1822   3.639842      96.42     1.3857     0.0450    71.2121 1.0000e-12    3.12014    34.9360    34.9375    27.1966    1485.86    1489.04 0.0000e+00
       4255    171.000     8.1807   3.639623     8.1822   3.639902      73.71     1.3864     0.0445    71.2108 1.0000e-12    3.10561    34.9362    34.9377    27.1968    1485.88    1489.02 0.0000e+00
       4278    172.000     8.1805   3.639677     8.1820   3.639966      54.52     1.3869     0.0425    71.2051 1.0000e-12    3.12757    34.9365    34.9381    27.1970    1485.90    1489.00 0.0000e+00
       4302    173.000     8.1804   3.639737     8.1818   3.640022      96.72     1.3890     0.0429    71.2318 1.0000e-12    3.12580    34.9367    34.9384    27.1972    1485.91    1488.99 0.0000e+00
       4325    174.000     8.1803   3.639794     8.1818   3.640076      82.31     1.3888     0.0451    71.2379 1.0000e-12    3.10713    34.9370    34.9385    27.1974    1485.93    1488.97 0.0000e+00
       4348    175.000     8.1803   3.639854     8.1818   3.640133      49.16     1.3888     0.0437    71.2412 1.0000e-12    3.13231    34.9371    34.9386    27.1976    1485.94    1488.95 0.0000e+00
       4372    176.000     8.1804   3.639908     8.1818   3.640177      96.85     1.3908     0.0430    71.2468 1.0000e-12    3.13624    34.9371    34.9386    27.1975    1485.96    1488.93 0.0000e+00
       4395    177.000     8.1805   3.639962     8.1819   3.640245      88.45     1.3912     0.0451    71.2371 1.0000e-12    3.11409    34.9371    34.9388    27.1975    1485.98    1488.92 0.0000e+00
       4419    178.000     8.1800   3.640010     8.1814   3.640291      51.01     1.3900     0.0442    71.2243 1.0000e-12    3.12724    34.9377    34.9393    27.1980    1485.99    1488.90 0.0000e+00
       4443    179.000     8.1789   3.640049     8.1803   3.640335      96.68     1.3916     0.0423    71.2635 1.0000e-12    3.13284    34.9387    34.9403    27.1990    1486.01    1488.89 0.0000e+00
       4467    180.000     8.1787   3.640127     8.1801   3.640410      90.03     1.3913     0.0411    71.2980 1.0000e-12    3.11752    34.9392    34.9409    27.1994    1486.02    1488.87 0.0000e+00
       4491    181.000     8.1787   3.640196     8.1802   3.640473      57.83     1.3911     0.0452    71.2805 1.0000e-12    3.14725    34.9395    34.9410    27.1996    1486.04    1488.85 0.0000e+00
       4515    182.000     8.1786   3.640255     8.1801   3.640539      96.75     1.3941     0.0459    71.3010 1.0000e-12    3.16085    34.9397    34.9413    27.1999    1486.06    1488.84 0.0000e+00
       4539    183.000     8.1783   3.640320     8.1797   3.640610      91.35     1.3952     0.0471    71.3079 1.0000e-12    3.14021    34.9402    34.9420    27.2003    1486.07    1488.82 0.0000e+00
       4563    184.000     8.1779   3.640396     8.1794   3.640676      59.66     1.3948     0.0460    71.2975 1.0000e-12    3.15232    34.9410    34.9425    27.2009    1486.09    1488.81 0.0000e+00
       4587    185.000     8.1779   3.640446     8.1794   3.640742      97.08     1.3965     0.0452    71.2920 1.0000e-12    3.15988    34.9410    34.9427    27.2010    1486.11    1488.79 0.0000e+00
       4611    186.000     8.1780   3.640510     8.1794   3.640799      92.45     1.3974     0.0431    71.2986 1.0000e-12    3.14506    34.9411    34.9428    27.2010    1486.12    1488.78 0.0000e+00
       4635    187.000     8.1781   3.640562     8.1795   3.640858      65.32     1.3964     0.0416    71.2954 1.0000e-12    3.15560    34.9411    34.9429    27.2010    1486.14    1488.76 0.0000e+00
       4660    188.000     8.1782   3.640634     8.1795   3.640925      96.32     1.3981     0.0427    71.2934 1.0000e-12    3.16287    34.9413    34.9431    27.2011    1486.16    1488.75 0.0000e+00
       4685    189.000     8.1780   3.640700     8.1795   3.640982      91.02     1.3983     0.0444    71.2943 1.0000e-12    3.14661    34.9417    34.9432    27.2015    1486.17    1488.74 0.0000e+00
       4709    190.000     8.1781   3.640751     8.1795   3.641041      71.35     1.3981     0.0435    71.2976 1.0000e-12    3.17299    34.9417    34.9434    27.2015    1486.19    1488.72 0.0000e+00
       4733    191.000     8.1781   3.640804     8.1795   3.641101      96.36     1.4002     0.0430    71.3109 1.0000e-12    3.17350    34.9418    34.9435    27.2015    1486.21    1488.71 0.0000e+00
       4756    192.000     8.1780   3.640880     8.1795   3.641163      92.22     1.4005     0.0423    71.3072 1.0000e-12    3.15623    34.9422    34.9437    27.2019    1486.22    1488.70 0.0000e+00
       4780    193.000     8.1780   3.640925     8.1794   3.641213      74.03     1.3998     0.0447    71.3126 1.0000e-12    3.17232    34.9422    34.9439    27.2019    1486.24    1488.69 0.0000e+00
       4804    194.000     8.1780   3.640983     8.1795   3.641280      96.58     1.4016     0.0443    71.2873 1.0000e-12    3.17641    34.9423    34.9440    27.2020    1486.26    1488.67 0.0000e+00
       4828    195.000     8.1774   3.641048     8.1789   3.641342      94.66     1.4015     0.0436    71.3500 1.0000e-12    3.15750    34.9431    34.9448    27.2027    1486.27    1488.66 0.0000e+00
       4852    196.000     8.1771   3.641092     8.1785   3.641373      75.81     1.4007     0.0427    71.3330 1.0000e-12    3.17726    34.9434    34.9450    27.2030    1486.29    1488.65 0.0000e+00
       4875    197.000     8.1771   3.641133     8.1786   3.641428      96.43     1.4025     0.0430    71.3299 1.0000e-12    3.18114    34.9434    34.9450    27.2029    1486.30    1488.64 0.0000e+00
       4899    198.000     8.1772   3.641188     8.1786   3.641473      95.37     1.4025     0.0449    71.3460 1.0000e-12    3.16617    34.9434    34.9450    27.2029    1486.32    1488.62 0.0000e+00
       4923    199.000     8.1770   3.641232     8.1784   3.641526      80.30     1.4019     0.0424    71.3418 1.0000e-12    3.17353    34.9436    34.9453    27.2031    1486.34    1488.61 0.0000e+00
       4948    200.000     8.1764   3.641284     8.1778   3.641571      96.72     1.4026     0.0454    71.3221 1.0000e-12    3.17432    34.9442    34.9459    27.2037    1486.35    1488.60 0.0000e+00
       4972    201.000     8.1762   3.641330     8.1776   3.641623      95.83     1.4020     0.0454    71.2971 1.0000e-12    3.15188    34.9444    34.9462    27.2039    1486.37    1488.59 0.0000e+00
       4996    202.000     8.1758   3.641371     8.1772   3.641669      84.45     1.3998     0.0410    71.3049 1.0000e-12    3.15033    34.9448    34.9466    27.2043    1486.38    1488.58 0.0000e+00
       5020    203.000     8.1757   3.641419     8.1770   3.641709      96.45     1.3992     0.0430    71.2933 1.0000e-12    3.15292    34.9449    34.9467    27.2044    1486.40    1488.57 0.0000e+00
       5044    204.000     8.1754   3.641473     8.1768   3.641768      95.51     1.3984     0.0461    71.2953 1.0000e-12    3.14626    34.9453    34.9471    27.2047    1486.41    1488.56 0.0000e+00
       5068    205.000     8.1751   3.641519     8.1765   3.641802      88.00     1.3974     0.0413    71.2932 1.0000e-12    3.15073    34.9456    34.9473    27.2050    1486.43    1488.55 0.0000e+00
       5092    206.000     8.1750   3.641566     8.1764   3.641853      96.47     1.3968     0.0428    71.3030 1.0000e-12    3.14724    34.9458    34.9474    27.2051    1486.45    1488.54 0.0000e+00
       5115    207.000     8.1747   3.641609     8.1760   3.641901      96.55     1.3965     0.0453    71.2997 1.0000e-12    3.14751    34.9460    34.9479    27.2054    1486.46    1488.53 0.0000e+00
       5138    208.000     8.1739   3.641638     8.1753   3.641934      90.16     1.3954     0.0467    71.3237 1.0000e-12    3.14135    34.9467    34.9484    27.2060    1486.48    1488.52 0.0000e+00
       5161    209.000     8.1737   3.641681     8.1751   3.641975      96.54     1.3950     0.0472    71.3312 1.0000e-12    3.13913    34.9468    34.9486    27.2062    1486.49    1488.51 0.0000e+00
       5184    210.000     8.1737   3.641732     8.1750   3.642021      96.56     1.3936     0.0456    71.3097 1.0000e-12    3.12530    34.9469    34.9487    27.2062    1486.51    1488.50 0.0000e+00
       5222    211.000     8.1734   3.641775     8.1751   3.642083      96.00     1.3909     0.0424    71.2536 1.0000e-12    3.11577    34.9472    34.9488    27.2065    1486.52    1488.49 0.0000e+00
