_data/ctd/2016/Sta0948_2016.cnv
* Sea-Bird SBE 9 Data File:
* FileName = C:\Seabird\CTDDATA\sta0948.hex
* Software Version Seasave V 7.21f
* Temperature SN = 5458
* Conductivity SN = 044221
* Number of Bytes Per Scan = 41
* Number of Voltage Words = 4
* Number of Scans Averaged by the Deck Unit = 1
* NMEA Latitude = 60 54.28 N
* NMEA Longitude = 005 30.65 E
* NMEA UTC (Time) = Sep 20 2016 04:24:15
** Ship: 01 F/F "Håkon Mosby"
** Station: 0948
** Echodepth: 124
** Log: 3303.101
** Wind-Dir Force: 13 01
** Air-temp (dry): 11.8
** Weather Sky: 2 9
** Sea Ice: 2 0
** UNIS station:
# nquan = 18                                
# nvalues = 113                         
# units = specified
# name 0 = scan: Scan Count
# name 1 = prDM: Pressure, Digiquartz [db]
# name 2 = t068C: Temperature [ITS-68, deg C]
# name 3 = c0S/m: Conductivity [S/m]
# name 4 = t168C: Temperature, 2 [ITS-68, deg C]
# name 5 = c1S/m: Conductivity, 2 [S/m]
# name 6 = altM: Altimeter [m]
# name 7 = sbeox0V: Oxygen raw, SBE 43 [V]
# name 8 = flC: Fluorescence, Chelsea Aqua 3 Chl Con [ug/l]
# name 9 = xmiss: Beam Transmission, Chelsea/Seatech [%]
# name 10 = par: PAR/Irradiance, Biospherical/Licor
# name 11 = sbeox0ML/L: Oxygen, SBE 43 [ml/l], WS = 2
# name 12 = sal00: Salinity, Practical [PSU]
# name 13 = sal11: Salinity, Practical, 2 [PSU]
# name 14 = sigma-t00: Density [sigma-t, Kg/m^3 ]
# name 15 = svCM: Sound Velocity [Chen-Millero, m/s]
# name 16 = avgsvCM: Average Sound Velocity [Chen-Millero, m/s], minP = 0, minS = 0
# name 17 = flag: flag
# span 0 =        582,       3489       
# span 1 =      3.000,    115.000       
# span 2 =     8.3817,    14.9675       
# span 3 =   2.988329,   3.689977       
# span 4 =     8.3830,    14.9725       
# span 5 =   2.965193,   3.690068       
# span 6 =       7.18,      98.00       
# span 7 =     0.5243,     2.3852       
# span 8 =     0.0502,     0.7241       
# span 9 =    62.3608,    72.0168       
# span 10 = -1.290e-04, 2.1924e-01      
# span 11 =    0.02634,    6.03252      
# span 12 =    23.4411,    34.7833      
# span 13 =    23.2382,    34.7853      
# span 14 =    17.0889,    27.0381      
# span 15 =    1484.64,    1499.30      
# span 16 =    1488.15,    1497.53      
# span 17 = 0.0000e+00, 0.0000e+00      
# interval = decibars: 1                
# start_time = Sep 20 2016 04:24:16 [System UTC, first data scan.]
# bad_flag = -9.990e-29
*END*
[from data line 81]
       2671     84.000     8.4129   3.641535     8.4141   3.641731      38.02     0.5315     0.1073    71.3729 1.0000e-12    0.06475    34.7684    34.7693    27.0295    1485.11    1489.16 0.0000e+00
       2696     85.000     8.4148   3.641934     8.4160   3.642133      37.09     0.5306     0.1129    71.3502 1.0000e-12    0.06227    34.7703    34.7712    27.0307    1485.14    1489.11 0.0000e+00
       2721     86.000     8.4167   3.642336     8.4179   3.642559      36.01     0.5300     0.1110    71.3242 1.0000e-12    0.05914    34.7722    34.7734    27.0319    1485.16    1489.07 0.0000e+00
       2745     87.000     8.4176   3.642559     8.4188   3.642784      35.16     0.5295     0.1109    71.3172 1.0000e-12    0.06258    34.7732    34.7744    27.0325    1485.18    1489.02 0.0000e+00
       2769     88.000     8.4185   3.642766     8.4198   3.642995      47.29     0.5296     0.1098    71.2923 1.0000e-12    0.06471    34.7740    34.7752    27.0331    1485.20    1488.98 0.0000e+00
       2794     89.000     8.4194   3.642971     8.4206   3.643207      52.25     0.5289     0.1086    71.2694 1.0000e-12    0.05285    34.7748    34.7762    27.0335    1485.23    1488.94 0.0000e+00
       2818     90.000     8.4201   3.643145     8.4214   3.643383      31.91     0.5282     0.1100    71.2665 1.0000e-12    0.05742    34.7755    34.7768    27.0340    1485.25    1488.90 0.0000e+00
       2842     91.000     8.4206   3.643268     8.4218   3.643501      31.22     0.5281     0.1142    71.2545 1.0000e-12    0.05816    34.7759    34.7771    27.0342    1485.26    1488.86 0.0000e+00
       2867     92.000     8.4211   3.643423     8.4223   3.643665      30.16     0.5277     0.1155    71.2777 1.0000e-12    0.05335    34.7765    34.7779    27.0346    1485.28    1488.82 0.0000e+00
       2891     93.000     8.4217   3.643578     8.4229   3.643823      29.23     0.5272     0.1162    71.2578 1.0000e-12    0.05304    34.7771    34.7785    27.0350    1485.30    1488.78 0.0000e+00
       2916     94.000     8.4224   3.643716     8.4235   3.643974      28.12     0.5270     0.1167    71.2582 1.0000e-12    0.05463    34.7774    34.7791    27.0351    1485.32    1488.74 0.0000e+00
       2940     95.000     8.4227   3.643839     8.4240   3.644099      27.10     0.5269     0.1166    71.2404 1.0000e-12    0.05608    34.7779    34.7794    27.0355    1485.34    1488.71 0.0000e+00
       2965     96.000     8.4232   3.643960     8.4244   3.644213      26.13     0.5269     0.1165    71.2295 1.0000e-12    0.05626    34.7782    34.7797    27.0356    1485.36    1488.67 0.0000e+00
       2989     97.000     8.4237   3.644087     8.4249   3.644343      25.13     0.5269     0.1146    71.2328 1.0000e-12    0.05627    34.7786    34.7801    27.0358    1485.38    1488.64 0.0000e+00
       3013     98.000     8.4241   3.644192     8.4254   3.644463      24.17     0.5269     0.1145    71.2095 1.0000e-12    0.05442    34.7789    34.7804    27.0360    1485.40    1488.60 0.0000e+00
       3037     99.000     8.4246   3.644317     8.4258   3.644573      23.21     0.5266     0.1146    71.2037 1.0000e-12    0.05183    34.7792    34.7807    27.0362    1485.41    1488.57 0.0000e+00
       3062    100.000     8.4252   3.644446     8.4264   3.644703      22.20     0.5263     0.1148    71.2123 1.0000e-12    0.05216    34.7795    34.7811    27.0363    1485.43    1488.54 0.0000e+00
       3086    101.000     8.4257   3.644580     8.4269   3.644847      21.21     0.5261     0.1131    71.2003 1.0000e-12    0.04991    34.7800    34.7816    27.0366    1485.45    1488.51 0.0000e+00
       3110    102.000     8.4260   3.644672     8.4272   3.644946      20.22     0.5259     0.1125    71.1909 1.0000e-12    0.05313    34.7802    34.7819    27.0367    1485.47    1488.48 0.0000e+00
       3134    103.000     8.4263   3.644766     8.4276   3.645037      19.22     0.5259     0.1147    71.1736 1.0000e-12    0.05034    34.7804    34.7820    27.0368    1485.49    1488.45 0.0000e+00
       3158    104.000     8.4268   3.644883     8.4280   3.645150      18.27     0.5257     0.1159    71.1809 1.0000e-12    0.05045    34.7806    34.7823    27.0370    1485.51    1488.42 0.0000e+00
       3183    105.000     8.4277   3.645053     8.4290   3.645334      17.28     0.5256     0.1154    71.1970 1.0000e-12    0.05066    34.7811    34.7828    27.0372    1485.53    1488.39 0.0000e+00
       3207    106.000     8.4282   3.645177     8.4295   3.645455      16.29     0.5256     0.1134    71.1790 1.0000e-12    0.05141    34.7814    34.7831    27.0374    1485.55    1488.37 0.0000e+00
       3232    107.000     8.4292   3.645334     8.4304   3.645605      15.28     0.5254     0.1141    71.1455 1.0000e-12    0.04862    34.7816    34.7833    27.0374    1485.57    1488.34 0.0000e+00
       3256    108.000     8.4298   3.645461     8.4311   3.645741      14.28     0.5252     0.1186    71.0994 1.0000e-12    0.04698    34.7819    34.7836    27.0375    1485.59    1488.32 0.0000e+00
       3280    109.000     8.4303   3.645579     8.4316   3.645861      13.32     0.5249     0.1194    71.0925 1.0000e-12    0.04761    34.7822    34.7839    27.0376    1485.60    1488.29 0.0000e+00
       3305    110.000     8.4308   3.645678     8.4321   3.645968      12.33     0.5249     0.1195    71.0750 1.0000e-12    0.04785    34.7823    34.7841    27.0376    1485.62    1488.27 0.0000e+00
       3329    111.000     8.4310   3.645751     8.4323   3.646043      11.35     0.5245     0.1206    71.0531 1.0000e-12    0.04780    34.7824    34.7842    27.0377    1485.64    1488.24 0.0000e+00
       3353    112.000     8.4314   3.645858     8.4327   3.646137      10.37     0.5248     0.1217    70.9966 1.0000e-12    0.04936    34.7826    34.7843    27.0378    1485.66    1488.22 0.0000e+00
       3378    113.000     8.4320   3.645973     8.4333   3.646260       9.36     0.5246     0.1185    71.0176 1.0000e-12    0.04659    34.7828    34.7845    27.0378    1485.68    1488.20 0.0000e+00
       3402    114.000     8.4326   3.646115     8.4339   3.646396       8.38     0.5245     0.1234    70.9998 1.0000e-12    0.04752    34.7832    34.7849    27.0381    1485.70    1488.18 0.0000e+00
       3489    115.000     8.4332   3.646228     8.4344   3.646526       7.18     0.5243     0.1248    70.9734 1.0000e-12    0.04749    34.7833    34.7853    27.0381    1485.71    1488.15 0.0000e+00
