_data/ctd/2016/Sta0942_2016.cnv
* Sea-Bird SBE 9 Data File:
* FileName = C:\Seabird\CTDDATA\sta0942.hex
* Software Version Seasave V 7.21f
* Temperature SN = 5458
* Conductivity SN = 044221
* Number of Bytes Per Scan = 41
* Number of Voltage Words = 4
* Number of Scans Averaged by the Deck Unit = 1
* NMEA Latitude = 60 51.40 N
* NMEA Longitude = 004 47.26 E
* NMEA UTC (Time) = Sep 19 2016 23:16:30
** Ship: 01 F/F "Håkon Mosby"
** Station: 0942
** Echodepth: 395
** Log: 3279,1
** Wind-Dir Force: 01 05
** Air-temp (dry): 14
** Weather Sky: 2 9
** Sea Ice: 2 0
** UNIS station:
# nquan = 18                                
# nvalues = 414                         
# units = specified
# name 0 = scan: Scan Count
# name 1 = prDM: Pressure, Digiquartz [db]
# name 2 = t068C: Temperature [ITS-68, deg C]
# name 3 = c0S/m: Conductivity [S/m]
# name 4 = t168C: Temperature, 2 [ITS-68, deg C]
# name 5 = c1S/m: Conductivity, 2 [S/m]
# name 6 = altM: Altimeter [m]
# name 7 = sbeox0V: Oxygen raw, SBE 43 [V]
# name 8 = flC: Fluorescence, Chelsea Aqua 3 Chl Con [ug/l]
# name 9 = xmiss: Beam Transmission, Chelsea/Seatech [%]
# name 10 = par: PAR/Irradiance, Biospherical/Licor
# name 11 = sbeox0ML/L: Oxygen, SBE 43 [ml/l], WS = 2
# name 12 = sal00: Salinity, Practical [PSU]
# name 13 = sal11: Salinity, Practical, 2 [PSU]
# name 14 = sigma-t00: Density [sigma-t, Kg/m^3 ]
# name 15 = svCM: Sound Velocity [Chen-Millero, m/s]
# name 16 = avgsvCM: Average Sound Velocity [Chen-Millero, m/s], minP = 0, minS = 0
# name 17 = flag: flag
# span 0 =        153,      11126       
# span 1 =      2.000,    415.000       
# span 2 =     7.7193,    16.3006       
# span 3 =   3.606850,   3.974835       
# span 4 =     7.7220,    16.3025       
# span 5 =   3.606916,   3.975333       
# span 6 =      34.59,      97.34       
# span 7 =     1.9621,     2.3694       
# span 8 =     0.0282,     0.9758       
# span 9 =    64.0804,    71.9787       
# span 10 = -1.694e-05, 3.6243e-01      
# span 11 =    4.95875,    5.63904      
# span 12 =    29.6943,    35.1312      
# span 13 =    29.6960,    35.1330      
# span 14 =    21.6876,    27.4132      
# span 15 =    1484.33,    1506.34      
# span 16 =    1488.94,    1505.21      
# span 17 = 0.0000e+00, 0.0000e+00      
# interval = decibars: 1                
# start_time = Sep 19 2016 23:16:32 [System UTC, first data scan.]
# bad_flag = -9.990e-29
*END*
[from data line 242]
       6012    244.000     7.8823   3.627684     7.8836   3.627906      95.95     2.0642     0.0316    71.5691 1.0000e-12    5.59473    35.0708    35.0719    27.3474    1486.12    1490.15 0.0000e+00
       6035    245.000     7.8825   3.627786     7.8838   3.628030      87.61     2.0634     0.0326    71.5408 1.0000e-12    5.58929    35.0712    35.0725    27.3477    1486.14    1490.13 0.0000e+00
       6054    246.000     7.8824   3.627844     7.8838   3.628097      96.72     2.0640     0.0351    71.5469 1.0000e-12    5.59671    35.0714    35.0727    27.3479    1486.16    1490.12 0.0000e+00
       6074    247.000     7.8824   3.627873     7.8837   3.628114      96.55     2.0637     0.0346    71.5211 1.0000e-12    5.58930    35.0712    35.0725    27.3478    1486.17    1490.10 0.0000e+00
       6095    248.000     7.8816   3.627906     7.8831   3.628159      93.42     2.0632     0.0341    71.4580 1.0000e-12    5.58859    35.0719    35.0731    27.3484    1486.19    1490.08 0.0000e+00
       6119    249.000     7.8791   3.627887     7.8804   3.628148      95.63     2.0635     0.0337    71.5272 1.0000e-12    5.60233    35.0737    35.0752    27.3502    1486.20    1490.07 0.0000e+00
       6144    250.000     7.8774   3.627901     7.8787   3.628158      96.53     2.0641     0.0335    71.5507 1.0000e-12    5.60065    35.0751    35.0766    27.3516    1486.21    1490.05 0.0000e+00
       6167    251.000     7.8773   3.627957     7.8787   3.628206      96.55     2.0638     0.0350    71.5054 1.0000e-12    5.59390    35.0753    35.0766    27.3517    1486.22    1490.04 0.0000e+00
       6188    252.000     7.8768   3.627980     7.8782   3.628233      96.55     2.0638     0.0371    71.4794 1.0000e-12    5.59847    35.0756    35.0769    27.3520    1486.24    1490.02 0.0000e+00
       6208    253.000     7.8757   3.627989     7.8771   3.628243      96.55     2.0638     0.0375    71.5061 1.0000e-12    5.59885    35.0763    35.0776    27.3528    1486.25    1490.01 0.0000e+00
       6231    254.000     7.8742   3.627956     7.8754   3.628208      96.55     2.0637     0.0368    71.5366 1.0000e-12    5.59355    35.0770    35.0785    27.3535    1486.26    1489.99 0.0000e+00
       6257    255.000     7.8735   3.627975     7.8747   3.628231      96.56     2.0626     0.0340    71.5734 1.0000e-12    5.58179    35.0774    35.0789    27.3539    1486.28    1489.98 0.0000e+00
       6283    256.000     7.8736   3.628073     7.8749   3.628289      96.55     2.0614     0.0324    71.5639 1.0000e-12    5.58912    35.0779    35.0789    27.3543    1486.30    1489.96 0.0000e+00
       6307    257.000     7.8737   3.628222     7.8750   3.628470      96.55     2.0620     0.0313    71.5718 1.0000e-12    5.61046    35.0789    35.0802    27.3551    1486.31    1489.95 0.0000e+00
       6327    258.000     7.8736   3.628285     7.8752   3.628536      96.56     2.0632     0.0335    71.5591 1.0000e-12    5.61676    35.0792    35.0803    27.3553    1486.33    1489.94 0.0000e+00
       6345    259.000     7.8717   3.628220     7.8733   3.628514      96.55     2.0639     0.0342    71.5723 1.0000e-12    5.61883    35.0799    35.0814    27.3562    1486.34    1489.92 0.0000e+00
       6364    260.000     7.8678   3.628063     7.8692   3.628329      96.55     2.0649     0.0342    71.5836 1.0000e-12    5.61577    35.0816    35.0831    27.3581    1486.34    1489.91 0.0000e+00
       6385    261.000     7.8641   3.627879     7.8653   3.628141      96.55     2.0648     0.0377    71.5836 1.0000e-12    5.61039    35.0829    35.0845    27.3596    1486.35    1489.89 0.0000e+00
       6412    262.000     7.8597   3.627563     7.8612   3.627870      96.55     2.0649     0.0377    71.6039 1.0000e-12    5.61152    35.0834    35.0852    27.3607    1486.35    1489.88 0.0000e+00
       6440    263.000     7.8535   3.627064     7.8546   3.627385      96.56     2.0646     0.0363    71.5659 1.0000e-12    5.60468    35.0837    35.0861    27.3619    1486.34    1489.87 0.0000e+00
       6463    264.000     7.8466   3.626712     7.8479   3.626949      96.55     2.0639     0.0367    71.5938 1.0000e-12    5.60591    35.0864    35.0876    27.3650    1486.34    1489.85 0.0000e+00
       6483    265.000     7.8463   3.626796     7.8481   3.627083      96.55     2.0636     0.0364    71.5208 1.0000e-12    5.60804    35.0871    35.0884    27.3656    1486.35    1489.84 0.0000e+00
       6503    266.000     7.8409   3.626301     7.8414   3.626581      96.55     2.0636     0.0377    71.6062 1.0000e-12    5.61194    35.0867    35.0892    27.3661    1486.35    1489.83 0.0000e+00
       6525    267.000     7.8352   3.625837     7.8365   3.626069      96.55     2.0635     0.0345    71.5693 1.0000e-12    5.60435    35.0869    35.0881    27.3672    1486.34    1489.82 0.0000e+00
       6551    268.000     7.8348   3.625985     7.8361   3.626240      56.32     2.0621     0.0313    71.5462 1.0000e-12    5.59794    35.0885    35.0899    27.3684    1486.36    1489.80 0.0000e+00
       6578    269.000     7.8351   3.626117     7.8363   3.626359      77.14     2.0622     0.0331    71.5255 1.0000e-12    5.61258    35.0891    35.0905    27.3689    1486.38    1489.79 0.0000e+00
       6601    270.000     7.8338   3.626089     7.8351   3.626344      96.71     2.0618     0.0340    71.5008 1.0000e-12    5.60258    35.0896    35.0911    27.3695    1486.39    1489.78 0.0000e+00
       6622    271.000     7.8317   3.625941     7.8330   3.626212      67.35     2.0613     0.0344    71.4848 1.0000e-12    5.60142    35.0896    35.0913    27.3698    1486.40    1489.76 0.0000e+00
       6642    272.000     7.8287   3.625720     7.8302   3.625989      50.58     2.0612     0.0329    71.4931 1.0000e-12    5.62223    35.0898    35.0912    27.3703    1486.40    1489.75 0.0000e+00
       6661    273.000     7.8262   3.625563     7.8275   3.625820      96.23     2.0624     0.0348    71.4698 1.0000e-12    5.62215    35.0901    35.0916    27.3710    1486.41    1489.74 0.0000e+00
       6682    274.000     7.8256   3.625573     7.8270   3.625822      96.55     2.0624     0.0347    71.4553 1.0000e-12    5.60112    35.0903    35.0916    27.3712    1486.43    1489.73 0.0000e+00
       6703    275.000     7.8263   3.625705     7.8276   3.625981      34.59     2.0603     0.0334    71.4641 1.0000e-12    5.59890    35.0906    35.0922    27.3713    1486.45    1489.72 0.0000e+00
       6724    276.000     7.8272   3.625898     7.8284   3.626118      94.40     2.0613     0.0341    71.4823 1.0000e-12    5.62440    35.0913    35.0924    27.3717    1486.47    1489.70 0.0000e+00
       6747    277.000     7.8273   3.625963     7.8285   3.626215      96.54     2.0619     0.0351    71.4890 1.0000e-12    5.62060    35.0914    35.0929    27.3718    1486.48    1489.69 0.0000e+00
       6772    278.000     7.8267   3.625941     7.8274   3.626148      54.67     2.0615     0.0373    71.4953 1.0000e-12    5.61312    35.0913    35.0928    27.3718    1486.50    1489.68 0.0000e+00
       6799    279.000     7.8249   3.625807     7.8266   3.626084      95.32     2.0623     0.0364    71.4919 1.0000e-12    5.62212    35.0911    35.0924    27.3720    1486.51    1489.67 0.0000e+00
       6823    280.000     7.8247   3.625830     7.8255   3.626066      96.57     2.0616     0.0345    71.5038 1.0000e-12    5.60167    35.0911    35.0928    27.3720    1486.52    1489.66 0.0000e+00
       6845    281.000     7.8227   3.625718     7.8240   3.625967      54.47     2.0600     0.0350    71.5012 1.0000e-12    5.60521    35.0914    35.0928    27.3725    1486.53    1489.65 0.0000e+00
       6867    282.000     7.8226   3.625778     7.8237   3.626014      91.60     2.0610     0.0372    71.5022 1.0000e-12    5.62872    35.0917    35.0931    27.3727    1486.55    1489.64 0.0000e+00
       6889    283.000     7.8226   3.625839     7.8240   3.626106      96.56     2.0613     0.0361    71.5189 1.0000e-12    5.61712    35.0918    35.0933    27.3729    1486.56    1489.62 0.0000e+00
       6911    284.000     7.8218   3.625816     7.8231   3.626066      74.93     2.0606     0.0336    71.5070 1.0000e-12    5.61026    35.0919    35.0933    27.3731    1486.58    1489.61 0.0000e+00
       6934    285.000     7.8218   3.625850     7.8231   3.626118      80.18     2.0611     0.0349    71.5164 1.0000e-12    5.63066    35.0918    35.0934    27.3730    1486.59    1489.60 0.0000e+00
       6955    286.000     7.8212   3.625847     7.8226   3.626095      96.51     2.0613     0.0309    71.5176 1.0000e-12    5.61691    35.0919    35.0931    27.3731    1486.61    1489.59 0.0000e+00
       6974    287.000     7.8214   3.625924     7.8227   3.626171      96.55     2.0610     0.0313    71.5003 1.0000e-12    5.59406    35.0920    35.0934    27.3732    1486.63    1489.58 0.0000e+00
       6992    288.000     7.8218   3.626028     7.8230   3.626248      57.11     2.0580     0.0332    71.4987 1.0000e-12    5.59191    35.0923    35.0934    27.3733    1486.64    1489.57 0.0000e+00
       7011    289.000     7.8225   3.626202     7.8239   3.626473      93.68     2.0589     0.0337    71.4997 1.0000e-12    5.61834    35.0929    35.0945    27.3738    1486.66    1489.56 0.0000e+00
       7036    290.000     7.8217   3.626091     7.8231   3.626543      96.52     2.0589     0.0332    71.4967 1.0000e-12    5.61282    35.0921    35.0955    27.3732    1486.68    1489.55 0.0000e+00
       7067    291.000     7.8196   3.626150     7.8209   3.626426      75.98     2.0587     0.0315    71.5060 1.0000e-12    5.62272    35.0943    35.0960    27.3753    1486.69    1489.54 0.0000e+00
       7095    292.000     7.8123   3.625678     7.8137   3.625992      97.00     2.0601     0.0352    71.4938 1.0000e-12    5.62775    35.0961    35.0981    27.3777    1486.68    1489.53 0.0000e+00
       7117    293.000     7.8077   3.625372     7.8090   3.625641      96.55     2.0597     0.0347    71.4624 1.0000e-12    5.60587    35.0969    35.0985    27.3791    1486.68    1489.52 0.0000e+00
       7136    294.000     7.8071   3.625388     7.8084   3.625641      75.08     2.0577     0.0321    71.4442 1.0000e-12    5.60139    35.0972    35.0986    27.3794    1486.69    1489.51 0.0000e+00
       7155    295.000     7.8069   3.625425     7.8082   3.625680      95.72     2.0583     0.0330    71.4418 1.0000e-12    5.61660    35.0973    35.0988    27.3795    1486.71    1489.50 0.0000e+00
       7174    296.000     7.8060   3.625389     7.8075   3.625686      96.54     2.0577     0.0348    71.4361 1.0000e-12    5.61266    35.0973    35.0990    27.3797    1486.72    1489.49 0.0000e+00
       7195    297.000     7.8026   3.625179     7.8040   3.625461      93.66     2.0575     0.0338    71.4295 1.0000e-12    5.60479    35.0980    35.0996    27.3807    1486.73    1489.49 0.0000e+00
       7219    298.000     7.8010   3.625082     7.8024   3.625377      87.64     2.0562     0.0323    71.4210 1.0000e-12    5.60709    35.0981    35.0999    27.3810    1486.74    1489.48 0.0000e+00
       7244    299.000     7.8003   3.625081     7.8015   3.625347      96.54     2.0558     0.0369    71.4292 1.0000e-12    5.60157    35.0983    35.1000    27.3813    1486.75    1489.47 0.0000e+00
       7269    300.000     7.8005   3.625150     7.8019   3.625418      94.02     2.0547     0.0406    71.4542 1.0000e-12    5.59656    35.0984    35.0998    27.3813    1486.77    1489.46 0.0000e+00
       7291    301.000     7.8006   3.625205     7.8018   3.625467      91.59     2.0540     0.0403    71.4388 1.0000e-12    5.60390    35.0984    35.1000    27.3813    1486.79    1489.45 0.0000e+00
       7313    302.000     7.8006   3.625250     7.8019   3.625515      96.52     2.0539     0.0369    71.4552 1.0000e-12    5.60405    35.0984    35.0999    27.3813    1486.80    1489.44 0.0000e+00
       7334    303.000     7.8005   3.625294     7.8020   3.625567      96.55     2.0534     0.0371    71.4379 1.0000e-12    5.59829    35.0985    35.0999    27.3814    1486.82    1489.43 0.0000e+00
       7357    304.000     7.8007   3.625347     7.8020   3.625605      96.08     2.0529     0.0349    71.4372 1.0000e-12    5.60434    35.0983    35.0998    27.3812    1486.84    1489.42 0.0000e+00
       7379    305.000     7.8010   3.625429     7.8023   3.625689      96.46     2.0532     0.0336    71.4269 1.0000e-12    5.60992    35.0984    35.0999    27.3813    1486.85    1489.41 0.0000e+00
       7401    306.000     7.8007   3.625456     7.8022   3.625732      96.55     2.0531     0.0360    71.4211 1.0000e-12    5.60790    35.0985    35.1000    27.3814    1486.87    1489.41 0.0000e+00
       7423    307.000     7.8003   3.625466     7.8016   3.625741      96.55     2.0531     0.0318    71.4383 1.0000e-12    5.60556    35.0986    35.1002    27.3815    1486.88    1489.40 0.0000e+00
       7446    308.000     7.7997   3.625465     7.8009   3.625741      96.55     2.0527     0.0323    71.4406 1.0000e-12    5.60171    35.0987    35.1004    27.3816    1486.90    1489.39 0.0000e+00
       7470    309.000     7.7976   3.625401     7.7990   3.625686      96.55     2.0520     0.0336    71.4608 1.0000e-12    5.60003    35.0996    35.1013    27.3827    1486.91    1489.38 0.0000e+00
       7493    310.000     7.7931   3.625168     7.7945   3.625458      96.56     2.0519     0.0376    71.4498 1.0000e-12    5.60689    35.1011    35.1029    27.3846    1486.91    1489.37 0.0000e+00
       7518    311.000     7.7914   3.625110     7.7930   3.625402      96.55     2.0519     0.0371    71.4510 1.0000e-12    5.60892    35.1017    35.1033    27.3853    1486.92    1489.37 0.0000e+00
       7542    312.000     7.7902   3.625059     7.7917   3.625352      96.55     2.0519     0.0409    71.4215 1.0000e-12    5.60827    35.1019    35.1036    27.3856    1486.93    1489.36 0.0000e+00
       7564    313.000     7.7890   3.625001     7.7906   3.625307      96.55     2.0518     0.0426    71.4271 1.0000e-12    5.60788    35.1020    35.1037    27.3858    1486.94    1489.35 0.0000e+00
       7585    314.000     7.7878   3.624933     7.7890   3.625203      96.55     2.0517     0.0362    71.4203 1.0000e-12    5.60539    35.1020    35.1037    27.3860    1486.96    1489.34 0.0000e+00
       7604    315.000     7.7866   3.624869     7.7880   3.625152      96.55     2.0512     0.0356    71.3995 1.0000e-12    5.60240    35.1020    35.1037    27.3862    1486.97    1489.34 0.0000e+00
       7624    316.000     7.7863   3.624921     7.7877   3.625190      96.56     2.0508     0.0324    71.4023 1.0000e-12    5.60413    35.1024    35.1039    27.3866    1486.98    1489.33 0.0000e+00
       7647    317.000     7.7868   3.625008     7.7883   3.625293      96.55     2.0506     0.0336    71.3947 1.0000e-12    5.60743    35.1023    35.1039    27.3864    1487.00    1489.32 0.0000e+00
       7672    318.000     7.7868   3.625105     7.7880   3.625361      96.55     2.0504     0.0356    71.3826 1.0000e-12    5.60061    35.1029    35.1045    27.3869    1487.02    1489.31 0.0000e+00
       7696    319.000     7.7848   3.624994     7.7861   3.625274      96.55     2.0495     0.0353    71.3966 1.0000e-12    5.59621    35.1032    35.1049    27.3874    1487.03    1489.31 0.0000e+00
       7718    320.000     7.7829   3.624868     7.7841   3.625146      96.55     2.0490     0.0324    71.4023 1.0000e-12    5.59706    35.1033    35.1051    27.3878    1487.04    1489.30 0.0000e+00
       7739    321.000     7.7737   3.623934     7.7733   3.624108      96.55     2.0484     0.0315    71.3907 1.0000e-12    5.60471    35.1020    35.1042    27.3881    1487.02    1489.29 0.0000e+00
       7762    322.000     7.7674   3.623322     7.7669   3.623457      96.55     2.0489     0.0330    71.3776 1.0000e-12    5.61462    35.1012    35.1032    27.3884    1487.01    1489.28 0.0000e+00
