_data/ctd/2016/Sta0947_2016.cnv
* Sea-Bird SBE 9 Data File:
* FileName = C:\Seabird\CTDDATA\sta0947.hex
* Software Version Seasave V 7.21f
* Temperature SN = 5458
* Conductivity SN = 044221
* Number of Bytes Per Scan = 41
* Number of Voltage Words = 4
* Number of Scans Averaged by the Deck Unit = 1
* NMEA Latitude = 60 53.02 N
* NMEA Longitude = 005 28.01 E
* NMEA UTC (Time) = Sep 20 2016 03:41:38
** Ship: 01 F/F "Håkon Mosby"
** Station: 0947
** Echodepth: 223
** Log: 3301,1
** Wind-Dir Force: 13 03
** Air-temp (dry): 13
** Weather Sky: 2 9
** Sea Ice: 2 0
** UNIS station:
# nquan = 18                                
# nvalues = 209                         
# units = specified
# name 0 = scan: Scan Count
# name 1 = prDM: Pressure, Digiquartz [db]
# name 2 = t068C: Temperature [ITS-68, deg C]
# name 3 = c0S/m: Conductivity [S/m]
# name 4 = t168C: Temperature, 2 [ITS-68, deg C]
# name 5 = c1S/m: Conductivity, 2 [S/m]
# name 6 = altM: Altimeter [m]
# name 7 = sbeox0V: Oxygen raw, SBE 43 [V]
# name 8 = flC: Fluorescence, Chelsea Aqua 3 Chl Con [ug/l]
# name 9 = xmiss: Beam Transmission, Chelsea/Seatech [%]
# name 10 = par: PAR/Irradiance, Biospherical/Licor
# name 11 = sbeox0ML/L: Oxygen, SBE 43 [ml/l], WS = 2
# name 12 = sal00: Salinity, Practical [PSU]
# name 13 = sal11: Salinity, Practical, 2 [PSU]
# name 14 = sigma-t00: Density [sigma-t, Kg/m^3 ]
# name 15 = svCM: Sound Velocity [Chen-Millero, m/s]
# name 16 = avgsvCM: Average Sound Velocity [Chen-Millero, m/s], minP = 0, minS = 0
# name 17 = flag: flag
# span 0 =        488,       5222       
# span 1 =      3.000,    211.000       
# span 2 =     8.1734,    14.9923       
# span 3 =   3.221084,   3.749372       
# span 4 =     8.1750,    14.9997       
# span 5 =   3.183106,   3.749397       
# span 6 =      27.49,      97.48       
# span 7 =     1.3696,     2.3562       
# span 8 =     0.0400,     0.6417       
# span 9 =    58.1040,    72.1904       
# span 10 = -2.605e-06, 2.7111e-01      
# span 11 =    3.02001,    5.85770      
# span 12 =    25.6153,    34.9472      
# span 13 =    25.2831,    34.9488      
# span 14 =    18.8046,    27.2065      
# span 15 =    1484.52,    1499.88      
# span 16 =    1488.49,    1498.81      
# span 17 = 0.0000e+00, 0.0000e+00      
# interval = decibars: 1                
# start_time = Sep 20 2016 03:41:39 [System UTC, first data scan.]
# bad_flag = -9.990e-29
*END*
        488      3.000    14.7358   3.221084    14.7339   3.183106      96.56     2.3508     0.6378    61.2546 2.7111e-01    5.85770    25.6153    25.2831    18.8046    1494.95    1494.95 0.0000e+00
        516      4.000    14.9923   3.616893    14.9997   3.608765      96.56     2.3517     0.6417    58.1040 1.5030e-01    5.73752    28.9326    28.8550    21.3022    1499.65    1496.12 0.0000e+00
        543      5.000    14.6340   3.659183    14.6161   3.656794      96.56     2.3562     0.6358    58.6419 6.3080e-02    5.72342    29.5785    29.5706    21.8735    1499.26    1496.75 0.0000e+00
        570      6.000    14.5358   3.665374    14.5508   3.666232      96.56     2.3420     0.5848    63.1906 2.3890e-02    5.53254    29.7086    29.7049    21.9939    1499.11    1497.14 0.0000e+00
        598      7.000    14.5220   3.667939    14.5166   3.668425      96.56     2.3052     0.5899    64.9401 5.1973e-03    5.32858    29.7419    29.7505    22.0224    1499.12    1497.42 0.0000e+00
        625      8.000    14.4182   3.676158    14.4166   3.675402      81.79     2.2674     0.5702    66.7827 2.0912e-04    5.26219    29.8955    29.8899    22.1620    1498.98    1497.62 0.0000e+00
        651      9.000    14.4487   3.697231    14.4488   3.697248      72.15     2.2411     0.4939    67.6656 -2.605e-06    5.25821    30.0619    30.0620    22.2840    1499.29    1497.80 0.0000e+00
        676     10.000    14.4006   3.699138    14.4005   3.699397      96.80     2.2266     0.4146    68.5177 1.0000e-12    5.23708    30.1161    30.1186    22.3356    1499.21    1497.94 0.0000e+00
        700     11.000    14.3747   3.699303    14.3753   3.699588      79.07     2.2106     0.3600    68.9731 1.0000e-12    5.18631    30.1374    30.1395    22.3573    1499.17    1498.05 0.0000e+00
        723     12.000    14.3844   3.702486    14.3858   3.702636      74.76     2.1969     0.3349    68.9898 1.0000e-12    5.17580    30.1583    30.1586    22.3714    1499.24    1498.15 0.0000e+00
        747     13.000    14.3588   3.705670    14.3602   3.705709      96.61     2.1880     0.3144    69.3066 1.0000e-12    5.17086    30.2067    30.2060    22.4139    1499.23    1498.24 0.0000e+00
        770     14.000    14.3547   3.712014    14.3560   3.712234      96.56     2.1806     0.2873    69.6993 1.0000e-12    5.15894    30.2670    30.2680    22.4613    1499.30    1498.31 0.0000e+00
        793     15.000    14.2994   3.709858    14.3005   3.710276      96.55     2.1745     0.2562    69.9253 1.0000e-12    5.15375    30.2904    30.2933    22.4906    1499.17    1498.37 0.0000e+00
        816     16.000    14.2613   3.711059    14.2627   3.711252      96.56     2.1694     0.2326    70.1280 1.0000e-12    5.15305    30.3308    30.3314    22.5295    1499.11    1498.42 0.0000e+00
        840     17.000    14.2522   3.714054    14.2536   3.714030      90.96     2.1660     0.2047    70.3230 1.0000e-12    5.15230    30.3647    30.3634    22.5575    1499.13    1498.46 0.0000e+00
        863     18.000    14.2446   3.718445    14.2453   3.718583      71.92     2.1637     0.1789    70.4795 1.0000e-12    5.15747    30.4103    30.4110    22.5942    1499.18    1498.50 0.0000e+00
        887     19.000    14.1858   3.714578    14.1875   3.715087      96.47     2.1625     0.1563    70.6885 1.0000e-12    5.16001    30.4210    30.4243    22.6144    1499.01    1498.52 0.0000e+00
        911     20.000    14.2007   3.719316    14.2017   3.719526      93.62     2.1605     0.1401    70.8398 1.0000e-12    5.14784    30.4520    30.4531    22.6353    1499.12    1498.55 0.0000e+00
        935     21.000    14.2924   3.734198    14.2942   3.732354      74.69     2.1595     0.1260    70.9172 1.0000e-12    5.16088    30.5147    30.4965    22.6649    1499.51    1498.60 0.0000e+00
        959     22.000    14.3782   3.749372    14.3788   3.749397      96.51     2.1633     0.1243    70.9736 1.0000e-12    5.18320    30.5844    30.5841    22.7010    1499.88    1498.66 0.0000e+00
        983     23.000    14.2394   3.738513    14.2388   3.739533      92.97     2.1666     0.1193    71.0383 1.0000e-12    5.17060    30.5950    30.6048    22.7377    1499.46    1498.69 0.0000e+00
       1008     24.000    14.1843   3.737655    14.1862   3.737963      78.36     2.1628     0.1096    71.1398 1.0000e-12    5.14855    30.6305    30.6318    22.7763    1499.34    1498.72 0.0000e+00
       1032     25.000    14.1387   3.738238    14.1395   3.737274      96.67     2.1611     0.1027    71.2105 1.0000e-12    5.15257    30.6717    30.6622    22.8173    1499.25    1498.74 0.0000e+00
       1055     26.000    14.1475   3.742814    14.1507   3.743781      94.89     2.1593     0.0986    71.2565 1.0000e-12    5.14484    30.7060    30.7123    22.8420    1499.34    1498.76 0.0000e+00
       1079     27.000    14.0858   3.738611    14.0893   3.739424      80.03     2.1566     0.0943    71.3257 1.0000e-12    5.14698    30.7164    30.7210    22.8626    1499.16    1498.78 0.0000e+00
       1102     28.000    14.1290   3.745413    14.1300   3.745522      96.33     2.1559     0.0897    71.3623 1.0000e-12    5.14948    30.7437    30.7439    22.8749    1499.35    1498.80 0.0000e+00
       1125     29.000    14.0362   3.735551    14.0399   3.737335      96.33     2.1556     0.0855    71.3838 1.0000e-12    5.13944    30.7272    30.7406    22.8810    1499.05    1498.81 0.0000e+00
       1149     30.000    13.9451   3.726469    13.9459   3.726689      82.96     2.1502     0.0843    71.3888 1.0000e-12    5.12814    30.7164    30.7177    22.8910    1498.75    1498.81 0.0000e+00
       1172     31.000    13.9335   3.727116    13.9370   3.727755      96.55     2.1490     0.0880    71.4109 1.0000e-12    5.15069    30.7312    30.7342    22.9048    1498.75    1498.80 0.0000e+00
       1195     32.000    13.7036   3.706024    13.7023   3.709019      96.56     2.1489     0.0831    71.4196 1.0000e-12    5.16834    30.7208    30.7495    22.9429    1497.99    1498.78 0.0000e+00
       1216     33.000    13.5468   3.694922    13.5478   3.695377      86.60     2.1462     0.0811    71.4694 1.0000e-12    5.16819    30.7438    30.7472    22.9918    1497.52    1498.74 0.0000e+00
       1237     34.000    13.5374   3.696317    13.5388   3.696580      96.48     2.1453     0.0822    71.4970 1.0000e-12    5.19968    30.7639    30.7652    23.0092    1497.53    1498.70 0.0000e+00
       1257     35.000    13.5067   3.695049    13.5093   3.695932      96.56     2.1489     0.0796    71.5227 1.0000e-12    5.24253    30.7765    30.7826    23.0250    1497.46    1498.67 0.0000e+00
       1278     36.000    13.4025   3.689525    13.4026   3.690625      94.47     2.1533     0.0793    71.5449 1.0000e-12    5.25689    30.8089    30.8190    23.0706    1497.16    1498.63 0.0000e+00
       1298     37.000    13.2762   3.684790    13.2774   3.685256      93.45     2.1553     0.0753    71.5602 1.0000e-12    5.26204    30.8666    30.8700    23.1400    1496.83    1498.58 0.0000e+00
       1318     38.000    13.1739   3.682686    13.1746   3.683099      96.51     2.1565     0.0748    71.5731 1.0000e-12    5.28126    30.9297    30.9330    23.2087    1496.57    1498.53 0.0000e+00
       1339     39.000    13.0835   3.684481    13.0846   3.684913      96.13     2.1600     0.0732    71.5931 1.0000e-12    5.32248    31.0198    31.0229    23.2959    1496.39    1498.47 0.0000e+00
       1359     40.000    12.9138   3.676331    12.9147   3.677407      96.47     2.1651     0.0689    71.6119 1.0000e-12    5.35381    31.0819    31.0913    23.3767    1495.91    1498.41 0.0000e+00
       1380     41.000    12.7876   3.671359    12.7882   3.672089      96.56     2.1681     0.0686    71.6314 1.0000e-12    5.36037    31.1385    31.1449    23.4447    1495.57    1498.34 0.0000e+00
       1401     42.000    12.7448   3.669626    12.7455   3.670043      96.55     2.1704     0.0662    71.6427 1.0000e-12    5.38988    31.1570    31.1604    23.4673    1495.46    1498.27 0.0000e+00
       1422     43.000    12.6690   3.668326    12.6712   3.668861      96.56     2.1768     0.0664    71.6391 1.0000e-12    5.44790    31.2070    31.2102    23.5204    1495.28    1498.20 0.0000e+00
       1443     44.000    12.5530   3.665667    12.5551   3.666197      96.56     2.1847     0.0664    71.6633 1.0000e-12    5.47867    31.2775    31.2808    23.5970    1494.99    1498.13 0.0000e+00
       1465     45.000    12.4070   3.662065    12.4090   3.662886      96.56     2.1901     0.0643    71.6737 1.0000e-12    5.48468    31.3645    31.3706    23.6919    1494.61    1498.05 0.0000e+00
       1487     46.000    12.2770   3.660089    12.2776   3.660337      96.56     2.1929     0.0637    71.6862 1.0000e-12    5.48828    31.4540    31.4559    23.7857    1494.29    1497.97 0.0000e+00
       1509     47.000    12.2379   3.663525    12.2398   3.663613      96.56     2.1945     0.0610    71.6759 1.0000e-12    5.49925    31.5193    31.5186    23.8436    1494.25    1497.89 0.0000e+00
       1531     48.000    12.0817   3.656480    12.0829   3.657660      96.56     2.1979     0.0605    71.7152 1.0000e-12    5.52548    31.5831    31.5934    23.9221    1493.81    1497.80 0.0000e+00
       1553     49.000    11.8711   3.654414    11.8721   3.655340      96.56     2.1982     0.0613    71.7250 1.0000e-12    5.51427    31.7415    31.7496    24.0838    1493.29    1497.71 0.0000e+00
       1575     50.000    11.5306   3.647711    11.5307   3.648064      96.55     2.1963     0.0598    71.7119 1.0000e-12    5.53049    31.9681    31.9714    24.3216    1492.39    1497.60 0.0000e+00
       1596     51.000    11.2876   3.635162    11.2889   3.637729      96.56     2.1936     0.0609    71.7033 1.0000e-12    5.55308    32.0554    32.0794    24.4330    1491.66    1497.49 0.0000e+00
       1617     52.000    11.0809   3.627865    11.0817   3.627611      96.56     2.1927     0.0608    71.7045 1.0000e-12    5.58185    32.1634    32.1601    24.5536    1491.08    1497.36 0.0000e+00
       1637     53.000    10.9758   3.629891    10.9745   3.630745      96.55     2.1920     0.0574    71.6950 1.0000e-12    5.61941    32.2751    32.2847    24.6590    1490.86    1497.24 0.0000e+00
       1658     54.000    10.6772   3.618488    10.6767   3.620240      96.56     2.1964     0.0573    71.6995 1.0000e-12    5.68066    32.4252    32.4431    24.8278    1490.00    1497.10 0.0000e+00
       1679     55.000    10.3940   3.607902    10.3939   3.608846      96.56     2.1973     0.0560    71.6724 1.0000e-12    5.66597    32.5713    32.5808    24.9902    1489.19    1496.96 0.0000e+00
       1700     56.000    10.1557   3.600655    10.1556   3.601684      96.56     2.1942     0.0540    71.6895 1.0000e-12    5.66082    32.7121    32.7226    25.1402    1488.52    1496.81 0.0000e+00
       1721     57.000     9.8695   3.594419     9.8705   3.595176      96.56     2.1911     0.0531    71.7045 1.0000e-12    5.67370    32.9081    32.9149    25.3409    1487.74    1496.65 0.0000e+00
       1742     58.000     9.7063   3.591588     9.7084   3.592225      96.55     2.1866     0.0522    71.7382 1.0000e-12    5.65513    33.0282    33.0328    25.4615    1487.31    1496.49 0.0000e+00
       1763     59.000     9.5133   3.589848     9.5130   3.589953      96.56     2.1802     0.0530    71.7707 1.0000e-12    5.61781    33.1878    33.1891    25.6177    1486.82    1496.32 0.0000e+00
       1785     60.000     9.3698   3.591396     9.3704   3.591649      96.56     2.1700     0.0534    71.7895 1.0000e-12    5.56665    33.3365    33.3386    25.7572    1486.49    1496.16 0.0000e+00
       1806     61.000     9.3006   3.588302     9.3014   3.588857      96.56     2.1588     0.0543    71.8019 1.0000e-12    5.51969    33.3687    33.3736    25.7934    1486.30    1495.99 0.0000e+00
       1827     62.000     9.3152   3.594761     9.3163   3.594575      96.56     2.1462     0.0563    71.8611 1.0000e-12    5.46864    33.4214    33.4184    25.8323    1486.43    1495.84 0.0000e+00
       1848     63.000     9.1186   3.583473     9.1163   3.585012      96.55     2.1344     0.0559    71.9063 1.0000e-12    5.44683    33.4882    33.5063    25.9159    1485.81    1495.68 0.0000e+00
       1869     64.000     9.0543   3.581912     9.0553   3.581899      96.56     2.1211     0.0543    71.9189 1.0000e-12    5.40318    33.5320    33.5309    25.9604    1485.64    1495.52 0.0000e+00
       1890     65.000     9.0088   3.582974     9.0092   3.583457      96.55     2.1089     0.0539    71.9592 1.0000e-12    5.38559    33.5855    33.5901    26.0095    1485.55    1495.37 0.0000e+00
       1910     66.000     8.9118   3.580554     8.9121   3.580920      96.56     2.0983     0.0532    71.9779 1.0000e-12    5.36246    33.6515    33.6551    26.0765    1485.29    1495.21 0.0000e+00
       1932     67.000     8.8197   3.579407     8.8197   3.579598      96.56     2.0868     0.0541    71.9954 1.0000e-12    5.32451    33.7265    33.7285    26.1496    1485.06    1495.06 0.0000e+00
       1953     68.000     8.7480   3.579760     8.7475   3.579865      62.96     2.0749     0.0570    72.0018 1.0000e-12    5.28729    33.7980    33.7996    26.2168    1484.90    1494.91 0.0000e+00
       1974     69.000     8.6741   3.582631     8.6735   3.582527      52.96     2.0636     0.0555    72.0267 1.0000e-12    5.25604    33.8984    33.8979    26.3069    1484.76    1494.76 0.0000e+00
       1995     70.000     8.6307   3.584540     8.6315   3.584621      97.48     2.0506     0.0541    72.0302 1.0000e-12    5.17710    33.9597    33.9598    26.3617    1484.69    1494.62 0.0000e+00
       2016     71.000     8.5779   3.586179     8.5787   3.585796      96.56     2.0350     0.0550    72.0402 1.0000e-12    5.09367    34.0273    34.0225    26.4228    1484.60    1494.47 0.0000e+00
       2038     72.000     8.5865   3.593480     8.5878   3.593047      28.05     2.0165     0.0551    72.0547 1.0000e-12    5.03503    34.0956    34.0898    26.4751    1484.73    1494.34 0.0000e+00
       2059     73.000     8.5974   3.599763     8.5984   3.599600      96.79     2.0014     0.0575    72.0400 1.0000e-12    4.99135    34.1509    34.1482    26.5167    1484.86    1494.21 0.0000e+00
       2080     74.000     8.5606   3.600007     8.5615   3.600043      96.55     1.9852     0.0551    72.0475 1.0000e-12    4.92887    34.1886    34.1881    26.5520    1484.78    1494.08 0.0000e+00
       2102     75.000     8.5438   3.600785     8.5446   3.601061      50.64     1.9683     0.0504    72.0731 1.0000e-12    4.87978    34.2127    34.2148    26.5734    1484.76    1493.95 0.0000e+00
       2123     76.000     8.4829   3.599772     8.4832   3.599756      78.09     1.9540     0.0516    72.0598 1.0000e-12    4.86027    34.2606    34.2601    26.6204    1484.61    1493.83 0.0000e+00
       2145     77.000     8.4533   3.600722     8.4538   3.600802      96.61     1.9398     0.0531    72.0487 1.0000e-12    4.80767    34.2989    34.2993    26.6550    1484.57    1493.71 0.0000e+00
       2166     78.000     8.4398   3.602071     8.4408   3.602098      83.01     1.9250     0.0514    72.0561 1.0000e-12    4.74095    34.3259    34.3252    26.6782    1484.57    1493.59 0.0000e+00
       2187     79.000     8.4057   3.603980     8.4058   3.603779      52.15     1.9093     0.0492    72.0783 1.0000e-12    4.69878    34.3789    34.3767    26.7251    1484.52    1493.48 0.0000e+00
       2209     80.000     8.3956   3.610716     8.3969   3.610415      96.96     1.8949     0.0510    72.1127 1.0000e-12    4.64619    34.4598    34.4554    26.7901    1484.60    1493.37 0.0000e+00
       2230     81.000     8.3861   3.614363     8.3873   3.614251      96.56     1.8793     0.0508    72.0497 1.0000e-12    4.54279    34.5074    34.5051    26.8289    1484.64    1493.26 0.0000e+00
       2252     82.000     8.3818   3.618708     8.3829   3.618618      49.77     1.8565     0.0504    72.1375 1.0000e-12    4.40616    34.5573    34.5553    26.8687    1484.70    1493.15 0.0000e+00
