_data/ctd/2016/Sta0941_2016.cnv
* Sea-Bird SBE 9 Data File:
* FileName = C:\Seabird\CTDDATA\sta0941.hex
* Software Version Seasave V 7.21f
* Temperature SN = 5458
* Conductivity SN = 044221
* Number of Bytes Per Scan = 41
* Number of Voltage Words = 4
* Number of Scans Averaged by the Deck Unit = 1
* NMEA Latitude = 59 57.18 N
* NMEA Longitude = 005 47.33 E
* NMEA UTC (Time) = Sep 19 2016 06:10:14
** Ship: 01 F/F "Håkon Mosby"
** Station: 0941
** Echodepth: 429
** Log: 3194.182
** Wind-Dir Force: 19 02
** Air-temp (dry): 14.7
** Weather Sky: 1 3
** Sea Ice: 2 0
** UNIS station:
# nquan = 18                                
# nvalues = 418                         
# units = specified
# name 0 = scan: Scan Count
# name 1 = prDM: Pressure, Digiquartz [db]
# name 2 = t068C: Temperature [ITS-68, deg C]
# name 3 = c0S/m: Conductivity [S/m]
# name 4 = t168C: Temperature, 2 [ITS-68, deg C]
# name 5 = c1S/m: Conductivity, 2 [S/m]
# name 6 = altM: Altimeter [m]
# name 7 = sbeox0V: Oxygen raw, SBE 43 [V]
# name 8 = flC: Fluorescence, Chelsea Aqua 3 Chl Con [ug/l]
# name 9 = xmiss: Beam Transmission, Chelsea/Seatech [%]
# name 10 = par: PAR/Irradiance, Biospherical/Licor
# name 11 = sbeox0ML/L: Oxygen, SBE 43 [ml/l], WS = 2
# name 12 = sal00: Salinity, Practical [PSU]
# name 13 = sal11: Salinity, Practical, 2 [PSU]
# name 14 = sigma-t00: Density [sigma-t, Kg/m^3 ]
# name 15 = svCM: Sound Velocity [Chen-Millero, m/s]
# name 16 = avgsvCM: Average Sound Velocity [Chen-Millero, m/s], minP = 0, minS = 0
# name 17 = flag: flag
# span 0 =        445,      11901       
# span 1 =      3.000,    420.000       
# span 2 =     7.5024,    16.7418       
# span 3 =   2.235433,   3.916308       
# span 4 =     7.5036,    16.7411       
# span 5 =   2.235549,   3.915833       
# span 6 =     -35.75,      97.25       
# span 7 =     1.7682,     2.4871       
# span 8 =     0.0263,     1.0125       
# span 9 =    27.1527,    72.2813       
# span 10 = -6.171e-06, 3.7715e+01      
# span 11 =    4.68620,    6.39110      
# span 12 =    16.3028,    35.0250      
# span 13 =    16.3040,    35.0224      
# span 14 =    11.2735,    27.3673      
# span 15 =    1484.00,    1504.67      
# span 16 =    1487.57,    1501.96      
# span 17 = 0.0000e+00, 0.0000e+00      
# interval = decibars: 1                
# start_time = Sep 19 2016 06:10:15 [System UTC, first data scan.]
# bad_flag = -9.990e-29
*END*
[from data line 161]
       4356    164.000     7.7842   3.601832     7.7854   3.601569      90.29     1.9163     0.0338    71.4977 1.0000e-12    5.00409    34.9293    34.9253    27.2508    1484.26    1490.24 0.0000e+00
       4381    165.000     7.7826   3.601825     7.7837   3.601570      78.89     1.9145     0.0346    71.5081 1.0000e-12    5.02098    34.9303    34.9265    27.2518    1484.27    1490.20 0.0000e+00
       4406    166.000     7.7767   3.601703     7.7787   3.601473      96.49     1.9154     0.0353    71.5208 1.0000e-12    5.02902    34.9344    34.9299    27.2559    1484.27    1490.16 0.0000e+00
       4432    167.000     7.7693   3.601504     7.7706   3.601261      87.27     1.9150     0.0371    71.5049 1.0000e-12    5.01385    34.9392    34.9353    27.2608    1484.26    1490.13 0.0000e+00
       4457    168.000     7.7665   3.601458     7.7675   3.601212      87.52     1.9148     0.0320    71.5153 1.0000e-12    5.03625    34.9410    34.9374    27.2626    1484.27    1490.09 0.0000e+00
       4482    169.000     7.7648   3.601448     7.7658   3.601194      96.50     1.9158     0.0342    71.5476 1.0000e-12    5.03849    34.9421    34.9384    27.2638    1484.28    1490.06 0.0000e+00
       4507    170.000     7.7645   3.601489     7.7656   3.601238      85.83     1.9165     0.0327    71.5372 1.0000e-12    5.04864    34.9424    34.9386    27.2640    1484.30    1490.03 0.0000e+00
       4532    171.000     7.7645   3.601546     7.7656   3.601292      92.11     1.9191     0.0307    71.5297 1.0000e-12    5.07131    34.9425    34.9387    27.2641    1484.32    1489.99 0.0000e+00
       4557    172.000     7.7620   3.601512     7.7631   3.601272      96.55     1.9206     0.0331    71.5256 1.0000e-12    5.06128    34.9442    34.9405    27.2658    1484.32    1489.96 0.0000e+00
       4582    173.000     7.7612   3.601542     7.7622   3.601281      89.30     1.9211     0.0309    71.4930 1.0000e-12    5.05567    34.9448    34.9410    27.2664    1484.34    1489.93 0.0000e+00
       4607    174.000     7.7607   3.601573     7.7618   3.601320      95.57     1.9218     0.0296    71.5077 1.0000e-12    5.06086    34.9451    34.9413    27.2667    1484.35    1489.89 0.0000e+00
       4631    175.000     7.7600   3.601599     7.7612   3.601357      96.11     1.9219     0.0329    71.4887 1.0000e-12    5.05972    34.9456    34.9418    27.2672    1484.37    1489.86 0.0000e+00
       4656    176.000     7.7591   3.601624     7.7604   3.601386      96.52     1.9226     0.0362    71.5029 1.0000e-12    5.06647    34.9463    34.9424    27.2679    1484.38    1489.83 0.0000e+00
       4682    177.000     7.7584   3.601650     7.7596   3.601411      96.53     1.9231     0.0354    71.4893 1.0000e-12    5.06573    34.9468    34.9430    27.2684    1484.40    1489.80 0.0000e+00
       4707    178.000     7.7571   3.601658     7.7582   3.601414      96.54     1.9236     0.0363    71.4621 1.0000e-12    5.07176    34.9477    34.9440    27.2693    1484.41    1489.77 0.0000e+00
       4733    179.000     7.7529   3.601586     7.7541   3.601352      96.54     1.9243     0.0371    71.4490 1.0000e-12    5.07152    34.9507    34.9469    27.2722    1484.41    1489.74 0.0000e+00
       4758    180.000     7.7476   3.601470     7.7488   3.601246      96.53     1.9243     0.0336    71.4324 1.0000e-12    5.07114    34.9542    34.9506    27.2758    1484.41    1489.71 0.0000e+00
       4784    181.000     7.7435   3.601394     7.7445   3.601152      96.54     1.9249     0.0317    71.4302 1.0000e-12    5.07921    34.9570    34.9534    27.2786    1484.42    1489.68 0.0000e+00
       4809    182.000     7.7420   3.601394     7.7432   3.601146      96.53     1.9254     0.0299    71.4096 1.0000e-12    5.07722    34.9580    34.9542    27.2796    1484.43    1489.65 0.0000e+00
       4834    183.000     7.7412   3.601411     7.7423   3.601173      96.53     1.9253     0.0338    71.3828 1.0000e-12    5.07473    34.9585    34.9549    27.2801    1484.44    1489.62 0.0000e+00
       4859    184.000     7.7392   3.601389     7.7404   3.601145      96.54     1.9257     0.0355    71.3815 1.0000e-12    5.08718    34.9598    34.9560    27.2814    1484.46    1489.60 0.0000e+00
       4884    185.000     7.7379   3.601388     7.7391   3.601158      96.53     1.9268     0.0372    71.3970 1.0000e-12    5.09259    34.9606    34.9569    27.2823    1484.47    1489.57 0.0000e+00
       4909    186.000     7.7358   3.601357     7.7368   3.601118      96.54     1.9276     0.0350    71.4371 1.0000e-12    5.10187    34.9619    34.9583    27.2836    1484.48    1489.54 0.0000e+00
       4934    187.000     7.7349   3.601373     7.7360   3.601143      96.54     1.9293     0.0340    71.4561 1.0000e-12    5.11027    34.9625    34.9589    27.2842    1484.49    1489.51 0.0000e+00
       4959    188.000     7.7344   3.601408     7.7354   3.601172      96.53     1.9308     0.0346    71.4873 1.0000e-12    5.11770    34.9629    34.9593    27.2845    1484.51    1489.49 0.0000e+00
       4985    189.000     7.7326   3.601403     7.7339   3.601179      96.54     1.9325     0.0358    71.4810 1.0000e-12    5.12751    34.9641    34.9604    27.2858    1484.52    1489.46 0.0000e+00
       5010    190.000     7.7312   3.601407     7.7322   3.601178      96.54     1.9341     0.0335    71.5301 1.0000e-12    5.12412    34.9651    34.9616    27.2868    1484.53    1489.43 0.0000e+00
       5035    191.000     7.7296   3.601412     7.7308   3.601178      96.54     1.9350     0.0330    71.5193 1.0000e-12    5.13089    34.9663    34.9625    27.2879    1484.54    1489.41 0.0000e+00
       5060    192.000     7.7287   3.601419     7.7301   3.601198      96.54     1.9364     0.0324    71.5058 1.0000e-12    5.13497    34.9668    34.9630    27.2884    1484.56    1489.38 0.0000e+00
       5086    193.000     7.7262   3.601390     7.7274   3.601164      96.53     1.9374     0.0318    71.5130 1.0000e-12    5.13644    34.9685    34.9648    27.2901    1484.56    1489.36 0.0000e+00
       5112    194.000     7.7257   3.601431     7.7269   3.601188      96.54     1.9378     0.0332    71.5239 1.0000e-12    5.13254    34.9689    34.9651    27.2906    1484.58    1489.33 0.0000e+00
       5137    195.000     7.7244   3.601438     7.7255   3.601206      96.54     1.9383     0.0295    71.5204 1.0000e-12    5.12938    34.9698    34.9662    27.2915    1484.59    1489.31 0.0000e+00
       5163    196.000     7.7225   3.601400     7.7237   3.601167      39.07     1.9372     0.0297    71.5058 1.0000e-12    5.12773    34.9708    34.9671    27.2925    1484.60    1489.29 0.0000e+00
       5188    197.000     7.7208   3.601369     7.7223   3.601167      90.55     1.9392     0.0307    71.5069 1.0000e-12    5.16083    34.9717    34.9680    27.2935    1484.61    1489.26 0.0000e+00
       5213    198.000     7.7198   3.601372     7.7210   3.601135      96.53     1.9405     0.0311    71.4850 1.0000e-12    5.14545    34.9722    34.9685    27.2941    1484.63    1489.24 0.0000e+00
       5239    199.000     7.7195   3.601413     7.7206   3.601183      38.71     1.9399     0.0319    71.3158 1.0000e-12    5.14745    34.9725    34.9689    27.2943    1484.64    1489.21 0.0000e+00
       5265    200.000     7.7194   3.601457     7.7206   3.601230      96.90     1.9422     0.0336    71.4728 1.0000e-12    5.16952    34.9726    34.9689    27.2944    1484.66    1489.19 0.0000e+00
       5291    201.000     7.7193   3.601507     7.7204   3.601281      96.54     1.9433     0.0339    71.4860 1.0000e-12    5.15343    34.9727    34.9692    27.2945    1484.68    1489.17 0.0000e+00
       5316    202.000     7.7188   3.601538     7.7201   3.601318      46.10     1.9423     0.0346    71.4561 1.0000e-12    5.15758    34.9731    34.9694    27.2949    1484.69    1489.15 0.0000e+00
       5342    203.000     7.7130   3.601381     7.7142   3.601175      97.25     1.9439     0.0359    71.4541 1.0000e-12    5.15927    34.9767    34.9733    27.2986    1484.69    1489.13 0.0000e+00
       5368    204.000     7.7095   3.601324     7.7106   3.601095      85.17     1.9423     0.0352    71.4138 1.0000e-12    5.12856    34.9791    34.9755    27.3010    1484.70    1489.10 0.0000e+00
       5394    205.000     7.7070   3.601302     7.7082   3.601078      62.97     1.9412     0.0334    71.4082 1.0000e-12    5.16083    34.9809    34.9773    27.3028    1484.70    1489.08 0.0000e+00
       5419    206.000     7.7067   3.601338     7.7078   3.601114      96.26     1.9430     0.0313    71.3982 1.0000e-12    5.17558    34.9811    34.9776    27.3030    1484.72    1489.06 0.0000e+00
       5444    207.000     7.7063   3.601376     7.7075   3.601149      76.38     1.9443     0.0339    71.3876 1.0000e-12    5.17538    34.9814    34.9778    27.3033    1484.74    1489.04 0.0000e+00
       5469    208.000     7.7057   3.601388     7.7070   3.601170      75.16     1.9460     0.0332    71.4153 1.0000e-12    5.19639    34.9817    34.9780    27.3036    1484.75    1489.02 0.0000e+00
       5494    209.000     7.7048   3.601398     7.7060   3.601164      96.52     1.9475     0.0295    71.4342 1.0000e-12    5.17939    34.9822    34.9785    27.3041    1484.76    1489.00 0.0000e+00
       5520    210.000     7.7045   3.601444     7.7056   3.601222      75.39     1.9470     0.0322    71.4148 1.0000e-12    5.17495    34.9825    34.9790    27.3044    1484.78    1488.98 0.0000e+00
       5545    211.000     7.7040   3.601497     7.7052   3.601262      88.10     1.9483     0.0345    71.4189 1.0000e-12    5.19847    34.9831    34.9793    27.3049    1484.79    1488.96 0.0000e+00
       5570    212.000     7.7012   3.601434     7.7024   3.601217      96.51     1.9494     0.0315    71.4292 1.0000e-12    5.18889    34.9847    34.9812    27.3066    1484.80    1488.94 0.0000e+00
       5596    213.000     7.7008   3.601462     7.7019   3.601238      75.35     1.9486     0.0311    71.4098 1.0000e-12    5.17912    34.9850    34.9814    27.3068    1484.82    1488.92 0.0000e+00
       5621    214.000     7.6986   3.601419     7.6998   3.601205      95.68     1.9499     0.0315    71.4557 1.0000e-12    5.20309    34.9862    34.9827    27.3082    1484.83    1488.90 0.0000e+00
       5647    215.000     7.6959   3.601310     7.6971   3.601101      96.53     1.9508     0.0337    71.4726 1.0000e-12    5.19861    34.9872    34.9838    27.3094    1484.83    1488.88 0.0000e+00
       5672    216.000     7.6950   3.601303     7.6962   3.601088      80.24     1.9508     0.0325    71.4581 1.0000e-12    5.20837    34.9876    34.9841    27.3098    1484.85    1488.86 0.0000e+00
       5698    217.000     7.6946   3.601340     7.6959   3.601122      96.72     1.9535     0.0296    71.4572 1.0000e-12    5.22276    34.9879    34.9842    27.3101    1484.86    1488.84 0.0000e+00
       5724    218.000     7.6921   3.601264     7.6933   3.601061      96.54     1.9537     0.0301    71.4641 1.0000e-12    5.20042    34.9891    34.9857    27.3114    1484.87    1488.83 0.0000e+00
       5749    219.000     7.6894   3.601143     7.6907   3.600943      84.44     1.9530     0.0324    71.4219 1.0000e-12    5.20529    34.9900    34.9865    27.3125    1484.88    1488.81 0.0000e+00
       5774    220.000     7.6879   3.601083     7.6892   3.600879      96.51     1.9537     0.0323    71.4344 1.0000e-12    5.21037    34.9904    34.9869    27.3130    1484.89    1488.79 0.0000e+00
       5799    221.000     7.6869   3.601063     7.6880   3.600845      96.00     1.9537     0.0334    71.4221 1.0000e-12    5.20142    34.9907    34.9872    27.3134    1484.90    1488.77 0.0000e+00
       5823    222.000     7.6844   3.600985     7.6858   3.600787      89.99     1.9529     0.0338    71.4196 1.0000e-12    5.20829    34.9919    34.9883    27.3147    1484.91    1488.75 0.0000e+00
       5848    223.000     7.6839   3.600997     7.6851   3.600787      96.52     1.9537     0.0328    71.4075 1.0000e-12    5.21843    34.9920    34.9885    27.3149    1484.93    1488.74 0.0000e+00
       5873    224.000     7.6833   3.601012     7.6846   3.600808      96.48     1.9546     0.0332    71.4044 1.0000e-12    5.21855    34.9923    34.9888    27.3152    1484.94    1488.72 0.0000e+00
       5897    225.000     7.6821   3.601004     7.6832   3.600789      96.14     1.9545     0.0339    71.4190 1.0000e-12    5.20816    34.9929    34.9895    27.3158    1484.95    1488.70 0.0000e+00
       5922    226.000     7.6803   3.600944     7.6815   3.600754      96.40     1.9537     0.0346    71.3978 1.0000e-12    5.20715    34.9936    34.9903    27.3166    1484.96    1488.69 0.0000e+00
       5947    227.000     7.6735   3.600590     7.6750   3.600423      96.54     1.9537     0.0354    71.4076 1.0000e-12    5.21378    34.9961    34.9928    27.3196    1484.96    1488.67 0.0000e+00
       5972    228.000     7.6711   3.600479     7.6724   3.600274      96.54     1.9538     0.0295    71.4250 1.0000e-12    5.22197    34.9968    34.9933    27.3205    1484.97    1488.65 0.0000e+00
       5996    229.000     7.6715   3.600747     7.6722   3.600410      96.54     1.9549     0.0310    71.4056 1.0000e-12    5.22818    34.9988    34.9945    27.3221    1484.99    1488.64 0.0000e+00
       6021    230.000     7.6717   3.600838     7.6729   3.600624      96.54     1.9551     0.0302    71.4696 1.0000e-12    5.22338    34.9991    34.9956    27.3223    1485.00    1488.62 0.0000e+00
       6045    231.000     7.6723   3.600933     7.6735   3.600726      96.53     1.9557     0.0281    71.4749 1.0000e-12    5.23314    34.9990    34.9956    27.3221    1485.02    1488.61 0.0000e+00
       6070    232.000     7.6720   3.600962     7.6731   3.600765      96.54     1.9564     0.0302    71.5150 1.0000e-12    5.23526    34.9992    34.9959    27.3223    1485.04    1488.59 0.0000e+00
       6095    233.000     7.6704   3.600899     7.6718   3.600695      96.54     1.9572     0.0322    71.4989 1.0000e-12    5.24145    34.9996    34.9960    27.3228    1485.05    1488.58 0.0000e+00
       6119    234.000     7.6716   3.601076     7.6728   3.600860      96.54     1.9582     0.0332    71.5081 1.0000e-12    5.24411    34.9998    34.9963    27.3228    1485.07    1488.56 0.0000e+00
       6144    235.000     7.6721   3.601191     7.6733   3.600951      96.54     1.9586     0.0337    71.5247 1.0000e-12    5.23972    35.0001    34.9963    27.3230    1485.09    1488.55 0.0000e+00
       6169    236.000     7.6726   3.601302     7.6737   3.601079      96.54     1.9590     0.0331    71.5214 1.0000e-12    5.24590    35.0003    34.9968    27.3231    1485.11    1488.53 0.0000e+00
       6194    237.000     7.6724   3.601342     7.6736   3.601129      96.54     1.9596     0.0312    71.5534 1.0000e-12    5.24650    35.0004    34.9969    27.3232    1485.12    1488.52 0.0000e+00
       6218    238.000     7.6721   3.601382     7.6734   3.601166      96.54     1.9598     0.0278    71.5598 1.0000e-12    5.24416    35.0007    34.9970    27.3234    1485.14    1488.50 0.0000e+00
       6243    239.000     7.6720   3.601417     7.6732   3.601214      96.54     1.9601     0.0273    71.5598 1.0000e-12    5.25313    35.0007    34.9973    27.3234    1485.16    1488.49 0.0000e+00
       6267    240.000     7.6705   3.601371     7.6717   3.601164      96.53     1.9610     0.0307    71.5673 1.0000e-12    5.26349    35.0012    34.9978    27.3241    1485.17    1488.48 0.0000e+00
       6292    241.000     7.6693   3.601305     7.6706   3.601115      96.53     1.9625     0.0328    71.5685 1.0000e-12    5.27395    35.0012    34.9978    27.3243    1485.18    1488.46 0.0000e+00
       6316    242.000     7.6689   3.601322     7.6700   3.601102      96.53     1.9640     0.0340    71.5739 1.0000e-12    5.27756    35.0013    34.9978    27.3244    1485.19    1488.45 0.0000e+00
       6340    243.000     7.6681   3.601289     7.6693   3.601085      96.54     1.9648     0.0346    71.5685 1.0000e-12    5.26040    35.0013    34.9978    27.3245    1485.21    1488.43 0.0000e+00
