_data/ctd/2016/Sta0945_2016.cnv
* Sea-Bird SBE 9 Data File:
* FileName = C:\Seabird\CTDDATA\sta0945.hex
* Software Version Seasave V 7.21f
* Temperature SN = 5458
* Conductivity SN = 044221
* Number of Bytes Per Scan = 41
* Number of Voltage Words = 4
* Number of Scans Averaged by the Deck Unit = 1
* NMEA Latitude = 60 48.28 N
* NMEA Longitude = 005 17.95 E
* NMEA UTC (Time) = Sep 20 2016 02:15:35
** Ship: 01 F/F "Håkon Mosby"
** Station: 0945
** Echodepth: 87
** Log: 3294,4
** Wind-Dir Force: 09 02
** Air-temp (dry): 13
** Weather Sky: 2 9
** Sea Ice: 2 0
** UNIS station:
# nquan = 18                                
# nvalues = 79                          
# units = specified
# name 0 = scan: Scan Count
# name 1 = prDM: Pressure, Digiquartz [db]
# name 2 = t068C: Temperature [ITS-68, deg C]
# name 3 = c0S/m: Conductivity [S/m]
# name 4 = t168C: Temperature, 2 [ITS-68, deg C]
# name 5 = c1S/m: Conductivity, 2 [S/m]
# name 6 = altM: Altimeter [m]
# name 7 = sbeox0V: Oxygen raw, SBE 43 [V]
# name 8 = flC: Fluorescence, Chelsea Aqua 3 Chl Con [ug/l]
# name 9 = xmiss: Beam Transmission, Chelsea/Seatech [%]
# name 10 = par: PAR/Irradiance, Biospherical/Licor
# name 11 = sbeox0ML/L: Oxygen, SBE 43 [ml/l], WS = 2
# name 12 = sal00: Salinity, Practical [PSU]
# name 13 = sal11: Salinity, Practical, 2 [PSU]
# name 14 = sigma-t00: Density [sigma-t, Kg/m^3 ]
# name 15 = svCM: Sound Velocity [Chen-Millero, m/s]
# name 16 = avgsvCM: Average Sound Velocity [Chen-Millero, m/s], minP = 0, minS = 0
# name 17 = flag: flag
# span 0 =        410,       3217       
# span 1 =      3.000,     81.000       
# span 2 =     8.8427,    15.4581       
# span 3 =   3.284732,   3.857368       
# span 4 =     8.8861,    15.4612       
# span 5 =   3.279508,   3.857537       
# span 6 =      12.24,      97.49       
# span 7 =     1.9418,     2.3469       
# span 8 =     0.0500,     0.7179       
# span 9 =    63.2108,    71.7479       
# span 10 = 1.0000e-12, 2.1016e-01      
# span 11 =    4.94907,    5.77530      
# span 12 =    25.6982,    34.0867      
# span 13 =    25.6510,    34.0630      
# span 14 =    18.7213,    26.4281      
# span 15 =    1485.82,    1502.83      
# span 16 =    1496.39,    1501.72      
# span 17 = 0.0000e+00, 0.0000e+00      
# interval = decibars: 1                
# start_time = Sep 20 2016 02:15:36 [System UTC, first data scan.]
# bad_flag = -9.990e-29
*END*
        410      3.000    15.4581   3.284732    15.4612   3.279508      97.42     2.3357     0.7179    64.9953 2.1016e-01    5.77530    25.6982    25.6510    18.7213    1497.39    1497.39 0.0000e+00
        462      4.000    15.3279   3.668369    15.3083   3.686718      82.65     2.3469     0.7083    63.2108 1.0290e-01    5.64480    29.1398    29.3163    21.3909    1500.96    1498.28 0.0000e+00
        505      5.000    15.1789   3.735010    15.1960   3.730605      97.49     2.3313     0.6362    64.1787 4.0925e-02    5.46052    29.8411    29.7890    21.9616    1501.32    1498.89 0.0000e+00
        532      6.000    15.1984   3.728216    15.2003   3.728447      75.05     2.3073     0.6379    66.8543 9.1217e-03    5.38254    29.7656    29.7663    21.8995    1501.31    1499.29 0.0000e+00
        559      7.000    15.1614   3.738586    15.1383   3.743928      96.41     2.2883     0.6212    67.2036 6.8291e-04    5.37048    29.8855    29.9506    21.9995    1501.35    1499.58 0.0000e+00
        586      8.000    15.1225   3.753353    15.1195   3.754430      83.48     2.2771     0.5821    67.4976 1.8287e-06    5.36681    30.0462    30.0581    22.1313    1501.43    1499.81 0.0000e+00
        615      9.000    15.1196   3.761056    15.1216   3.760944      89.25     2.2675     0.5580    67.8641 1.0000e-12    5.33680    30.1166    30.1141    22.1861    1501.51    1500.00 0.0000e+00
        643     10.000    15.1132   3.768927    15.1148   3.768735      96.62     2.2561     0.5383    68.0825 1.0000e-12    5.28454    30.1913    30.1883    22.2448    1501.60    1500.16 0.0000e+00
        671     11.000    15.1060   3.773023    15.1076   3.773210      77.40     2.2437     0.5086    68.3423 1.0000e-12    5.26544    30.2329    30.2334    22.2784    1501.64    1500.30 0.0000e+00
        700     12.000    15.1032   3.776320    15.1049   3.776316      96.56     2.2360     0.4712    68.5469 1.0000e-12    5.25754    30.2641    30.2628    22.3030    1501.68    1500.41 0.0000e+00
        727     13.000    15.1003   3.786341    15.1021   3.786155      89.31     2.2296     0.4425    68.8074 1.0000e-12    5.24105    30.3553    30.3523    22.3738    1501.80    1500.52 0.0000e+00
        756     14.000    15.1011   3.798894    15.1027   3.797513      87.48     2.2229     0.3879    69.0157 1.0000e-12    5.20367    30.4663    30.4527    22.4590    1501.94    1500.62 0.0000e+00
        784     15.000    15.1046   3.808872    15.1064   3.808830      96.52     2.2114     0.3120    69.4049 1.0000e-12    5.14056    30.5522    30.5505    22.5243    1502.07    1500.72 0.0000e+00
        813     16.000    15.1128   3.814406    15.1146   3.814371      82.08     2.1993     0.2593    69.6746 1.0000e-12    5.12326    30.5949    30.5931    22.5554    1502.16    1500.81 0.0000e+00
        843     17.000    15.1170   3.817355    15.1191   3.817617      96.58     2.1928     0.2279    69.8603 1.0000e-12    5.12709    30.6175    30.6182    22.5719    1502.22    1500.89 0.0000e+00
        872     18.000    15.1218   3.821727    15.1235   3.821722      65.75     2.1878     0.2073    70.0990 1.0000e-12    5.12236    30.6524    30.6510    22.5978    1502.29    1500.97 0.0000e+00
        900     19.000    15.1225   3.825070    15.1249   3.825338      71.16     2.1862     0.1894    70.2618 1.0000e-12    5.13002    30.6813    30.6819    22.6199    1502.34    1501.04 0.0000e+00
        928     20.000    15.1206   3.825372    15.1226   3.825714      96.37     2.1839     0.1781    70.3842 1.0000e-12    5.11516    30.6852    30.6867    22.6232    1502.36    1501.11 0.0000e+00
        955     21.000    15.1184   3.825823    15.1196   3.826056      41.31     2.1815     0.1732    70.4800 1.0000e-12    5.11586    30.6906    30.6917    22.6278    1502.37    1501.17 0.0000e+00
        982     22.000    15.1165   3.827441    15.1182   3.827278      96.69     2.1815     0.1680    70.5493 1.0000e-12    5.12680    30.7061    30.7033    22.6402    1502.40    1501.22 0.0000e+00
       1008     23.000    15.1243   3.838288    15.1256   3.837141      96.56     2.1812     0.1657    70.5940 1.0000e-12    5.11281    30.7965    30.7852    22.7081    1502.55    1501.28 0.0000e+00
       1034     24.000    15.1303   3.846901    15.1318   3.846671      44.03     2.1792     0.1510    70.7009 1.0000e-12    5.10494    30.8683    30.8651    22.7620    1502.67    1501.34 0.0000e+00
       1060     25.000    15.1323   3.847700    15.1341   3.847952      96.81     2.1784     0.1285    70.7975 1.0000e-12    5.10634    30.8735    30.8743    22.7656    1502.70    1501.39 0.0000e+00
       1085     26.000    15.1350   3.848843    15.1359   3.848885      83.77     2.1776     0.1208    70.8773 1.0000e-12    5.09850    30.8812    30.8809    22.7710    1502.73    1501.44 0.0000e+00
       1110     27.000    15.1336   3.851735    15.1353   3.851816      59.38     2.1762     0.1161    70.7940 1.0000e-12    5.10439    30.9078    30.9072    22.7917    1502.77    1501.49 0.0000e+00
       1136     28.000    15.1291   3.853860    15.1302   3.854091      96.61     2.1771     0.1121    70.9392 1.0000e-12    5.11429    30.9299    30.9311    22.8097    1502.80    1501.54 0.0000e+00
       1162     29.000    15.1199   3.855220    15.1218   3.855393      71.28     2.1773     0.1066    70.9965 1.0000e-12    5.10173    30.9490    30.9490    22.8263    1502.81    1501.58 0.0000e+00
       1188     30.000    15.1122   3.857368    15.1136   3.857537      78.27     2.1761     0.1015    70.9574 1.0000e-12    5.10255    30.9739    30.9743    22.8472    1502.83    1501.62 0.0000e+00
       1214     31.000    15.0447   3.857273    15.0374   3.857378      96.54     2.1757     0.1002    71.0385 1.0000e-12    5.10577    31.0261    31.0329    22.9017    1502.69    1501.66 0.0000e+00
       1240     32.000    14.9399   3.851999    14.9395   3.852247      59.66     2.1739     0.0926    71.0801 1.0000e-12    5.10465    31.0617    31.0642    22.9514    1502.42    1501.68 0.0000e+00
       1265     33.000    14.9288   3.851189    14.9283   3.851401      94.51     2.1739     0.0911    71.0801 1.0000e-12    5.12506    31.0629    31.0652    22.9546    1502.40    1501.70 0.0000e+00
       1287     34.000    14.8518   3.845553    14.8384   3.846568      96.54     2.1746     0.0877    71.1169 1.0000e-12    5.11429    31.0731    31.0929    22.9788    1502.18    1501.72 0.0000e+00
       1310     35.000    14.5280   3.820915    14.5324   3.822802      70.60     2.1703     0.0846    71.1398 1.0000e-12    5.10882    31.1090    31.1226    23.0743    1501.20    1501.70 0.0000e+00
       1332     36.000    14.4769   3.818150    14.4788   3.818901      82.57     2.1659     0.0821    71.1895 1.0000e-12    5.10277    31.1245    31.1298    23.0969    1501.07    1501.69 0.0000e+00
       1354     37.000    14.4031   3.812065    14.4030   3.813085      96.73     2.1605     0.0790    71.2065 1.0000e-12    5.08218    31.1281    31.1375    23.1150    1500.85    1501.66 0.0000e+00
       1377     38.000    14.1639   3.792939    14.1661   3.795092      85.24     2.1544     0.0777    71.2376 1.0000e-12    5.08924    31.1460    31.1639    23.1780    1500.11    1501.62 0.0000e+00
       1399     39.000    14.0609   3.785885    14.0618   3.786467      74.43     2.1489     0.0769    71.2811 1.0000e-12    5.08508    31.1643    31.1689    23.2132    1499.81    1501.58 0.0000e+00
       1422     40.000    13.8156   3.768593    13.8197   3.771843      96.55     2.1429     0.0744    71.3053 1.0000e-12    5.08247    31.2039    31.2305    23.2934    1499.06    1501.51 0.0000e+00
       1445     41.000    13.5337   3.751906    13.5380   3.752782      94.81     2.1355     0.0716    71.3305 1.0000e-12    5.07169    31.2791    31.2837    23.4079    1498.24    1501.43 0.0000e+00
       1467     42.000    13.4399   3.750329    13.4421   3.750828      69.83     2.1274     0.0697    71.3905 1.0000e-12    5.08497    31.3410    31.3438    23.4743    1498.01    1501.35 0.0000e+00
       1489     43.000    13.3578   3.749103    13.3612   3.750360      96.82     2.1253     0.0703    71.4049 1.0000e-12    5.10892    31.3967    31.4056    23.5336    1497.82    1501.27 0.0000e+00
       1511     44.000    13.1788   3.743071    13.1803   3.743307      96.55     2.1231     0.0666    71.4341 1.0000e-12    5.10920    31.4878    31.4888    23.6392    1497.35    1501.18 0.0000e+00
       1534     45.000    13.1424   3.743631    13.1441   3.743813      71.02     2.1190     0.0618    71.4222 1.0000e-12    5.11720    31.5228    31.5231    23.6735    1497.29    1501.09 0.0000e+00
       1556     46.000    13.0798   3.743132    13.0815   3.744099      96.49     2.1204     0.0617    71.4697 1.0000e-12    5.13935    31.5697    31.5774    23.7220    1497.15    1501.01 0.0000e+00
       1578     47.000    12.8827   3.739149    12.8838   3.739289      96.55     2.1189     0.0596    71.4800 1.0000e-12    5.12761    31.6964    31.6968    23.8582    1496.65    1500.91 0.0000e+00
       1601     48.000    12.8192   3.744766    12.8205   3.744710      80.02     2.1149     0.0587    71.4633 1.0000e-12    5.12151    31.8023    31.8007    23.9525    1496.58    1500.82 0.0000e+00
       1623     49.000    12.7556   3.744358    12.7582   3.744555      93.38     2.1150     0.0618    71.5031 1.0000e-12    5.15128    31.8516    31.8513    24.0029    1496.44    1500.73 0.0000e+00
       1646     50.000    12.6888   3.748417    12.6913   3.748650      96.61     2.1140     0.0624    71.5369 1.0000e-12    5.13274    31.9461    31.9462    24.0889    1496.34    1500.65 0.0000e+00
       1669     51.000    12.4499   3.736870    12.4531   3.738806      87.83     2.1111     0.0608    71.5671 1.0000e-12    5.13179    32.0389    32.0546    24.2064    1495.66    1500.55 0.0000e+00
       1692     52.000    12.1793   3.723647    12.1808   3.725648      77.84     2.1061     0.0604    71.5609 1.0000e-12    5.12593    32.1434    32.1613    24.3384    1494.88    1500.44 0.0000e+00
       1715     53.000    11.9519   3.718512    11.9543   3.718638      68.89     2.1007     0.0583    71.5295 1.0000e-12    5.14398    32.2896    32.2888    24.4942    1494.29    1500.32 0.0000e+00
       1738     54.000    11.7356   3.714686    11.7346   3.716062      39.95     2.0982     0.0580    71.5468 1.0000e-12    5.20514    32.4402    32.4545    24.6510    1493.74    1500.20 0.0000e+00
       1761     55.000    11.3673   3.693879    11.3680   3.695898      83.68     2.1024     0.0593    71.5182 1.0000e-12    5.25695    32.5597    32.5789    24.8108    1492.61    1500.06 0.0000e+00
       1783     56.000    11.2169   3.683560    11.2160   3.684209      52.80     2.1001     0.0599    71.5481 1.0000e-12    5.24249    32.5907    32.5979    24.8618    1492.14    1499.92 0.0000e+00
       1806     57.000    11.1411   3.679625    11.1400   3.680082      34.95     2.1005     0.0565    71.5759 1.0000e-12    5.28427    32.6186    32.6241    24.8970    1491.93    1499.78 0.0000e+00
       1828     58.000    11.1013   3.680687    11.1030   3.680918      34.32     2.1032     0.0577    71.6240 1.0000e-12    5.31600    32.6640    32.6647    24.9394    1491.86    1499.64 0.0000e+00
       1849     59.000    10.9972   3.680149    10.9968   3.680990      33.37     2.1076     0.0557    71.6318 1.0000e-12    5.34450    32.7508    32.7595    25.0254    1491.61    1499.50 0.0000e+00
       1872     60.000    10.8968   3.676570    10.8953   3.676901      32.40     2.1104     0.0568    71.6378 1.0000e-12    5.33481    32.8046    32.8092    25.0850    1491.34    1499.37 0.0000e+00
       1893     61.000    10.8217   3.674971    10.8234   3.675362      31.38     2.1102     0.0559    71.6657 1.0000e-12    5.32247    32.8556    32.8579    25.1378    1491.15    1499.23 0.0000e+00
       1915     62.000    10.7660   3.673505    10.7705   3.674085      30.42     2.1086     0.0550    71.6822 1.0000e-12    5.30530    32.8906    32.8923    25.1748    1491.01    1499.10 0.0000e+00
       1937     63.000    10.5969   3.667760    10.5980   3.668732      29.50     2.1056     0.0552    71.6906 1.0000e-12    5.30753    32.9852    32.9939    25.2779    1490.54    1498.96 0.0000e+00
       1959     64.000    10.4334   3.662055    10.4342   3.662597      28.34     2.1027     0.0580    71.6966 1.0000e-12    5.30921    33.0757    33.0804    25.3766    1490.09    1498.82 0.0000e+00
       1982     65.000    10.2533   3.657000    10.2555   3.657851      27.34     2.0986     0.0564    71.6766 1.0000e-12    5.30038    33.1885    33.1951    25.4953    1489.60    1498.68 0.0000e+00
       2003     66.000    10.1106   3.651646    10.1117   3.652364      26.42     2.0935     0.0556    71.6906 1.0000e-12    5.28148    33.2647    33.2710    25.5789    1489.19    1498.53 0.0000e+00
       2025     67.000     9.9919   3.648054     9.9948   3.648634      25.42     2.0868     0.0574    71.7060 1.0000e-12    5.27194    33.3371    33.3403    25.6554    1488.87    1498.39 0.0000e+00
       2047     68.000     9.8794   3.642935     9.8788   3.643730      24.48     2.0814     0.0571    71.6839 1.0000e-12    5.26659    33.3885    33.3971    25.7143    1488.54    1498.24 0.0000e+00
       2069     69.000     9.6827   3.635919     9.6973   3.637325      23.54     2.0750     0.0583    71.6883 1.0000e-12    5.25484    33.4990    33.4998    25.8331    1487.98    1498.09 0.0000e+00
       2092     70.000     9.4939   3.630092     9.5001   3.630798      22.56     2.0678     0.0561    71.7099 1.0000e-12    5.24216    33.6151    33.6165    25.9548    1487.45    1497.94 0.0000e+00
       2114     71.000     9.4336   3.628869     9.4340   3.629242      21.71     2.0599     0.0522    71.7007 1.0000e-12    5.22143    33.6586    33.6621    25.9987    1487.30    1497.79 0.0000e+00
       2136     72.000     9.3738   3.626576     9.3723   3.626913      20.74     2.0530     0.0537    71.7013 1.0000e-12    5.21106    33.6907    33.6956    26.0335    1487.14    1497.64 0.0000e+00
       2158     73.000     9.2542   3.622149     9.2525   3.622654      19.78     2.0462     0.0533    71.7177 1.0000e-12    5.19759    33.7573    33.7641    26.1048    1486.80    1497.49 0.0000e+00
       2181     74.000     9.1787   3.621978     9.1804   3.622153      18.81     2.0386     0.0531    71.7055 1.0000e-12    5.16762    33.8265    33.8267    26.1711    1486.62    1497.34 0.0000e+00
       2203     75.000     9.1746   3.622576     9.1762   3.622793      17.78     2.0302     0.0526    71.7284 1.0000e-12    5.14557    33.8362    33.8369    26.1793    1486.64    1497.20 0.0000e+00
       2226     76.000     9.1659   3.622631     9.1673   3.622852      16.84     2.0235     0.0517    71.7479 1.0000e-12    5.13562    33.8445    33.8455    26.1873    1486.63    1497.06 0.0000e+00
       2249     77.000     9.1385   3.622202     9.1402   3.622405      15.87     2.0168     0.0520    71.7459 1.0000e-12    5.12011    33.8656    33.8661    26.2082    1486.57    1496.92 0.0000e+00
       2299     78.000     9.1123   3.621797     9.1158   3.622069      14.73     2.0080     0.0501    71.7474 1.0000e-12    5.10473    33.8859    33.8854    26.2282    1486.52    1496.79 0.0000e+00
       2663     79.000     8.9789   3.619202     8.9793   3.619480      13.67     1.9729     0.0531    71.7206 1.0000e-12    5.04076    33.9855    33.9881    26.3274    1486.17    1496.65 0.0000e+00
       2707     80.000     8.8917   3.617238     8.8946   3.617493      13.10     1.9692     0.0514    71.6631 1.0000e-12    5.02819    34.0480    34.0479    26.3901    1485.94    1496.52 0.0000e+00
       3217     81.000     8.8427   3.616481     8.8861   3.618196      12.24     1.9418     0.0500    71.4971 1.0000e-12    4.94907    34.0867    34.0630    26.4281    1485.82    1496.39 0.0000e+00
