_data/ctd/2016/Sta0952_2016.cnv
* Sea-Bird SBE 9 Data File:
* FileName = C:\Seabird\CTDDATA\sta0952.hex
* Software Version Seasave V 7.21f
* Temperature SN = 5458
* Conductivity SN = 044221
* Number of Bytes Per Scan = 41
* Number of Voltage Words = 4
* Number of Scans Averaged by the Deck Unit = 1
* NMEA Latitude = 60 52.08 N
* NMEA Longitude = 005 22.00 E
* NMEA UTC (Time) = Sep 21 2016 11:31:34
** Ship: 01 F/F "Håkon Mosby"
** Station: 0952
** Echodepth: 472
** Log: 3337,9
** Wind-Dir Force: 25 04
** Air-temp (dry): 18.0
** Weather Sky: 2 9
** Sea Ice: 1 0
** UNIS station:
# nquan = 18                                
# nvalues = 458                         
# units = specified
# name 0 = scan: Scan Count
# name 1 = prDM: Pressure, Digiquartz [db]
# name 2 = t068C: Temperature [ITS-68, deg C]
# name 3 = c0S/m: Conductivity [S/m]
# name 4 = t168C: Temperature, 2 [ITS-68, deg C]
# name 5 = c1S/m: Conductivity, 2 [S/m]
# name 6 = altM: Altimeter [m]
# name 7 = sbeox0V: Oxygen raw, SBE 43 [V]
# name 8 = flC: Fluorescence, Chelsea Aqua 3 Chl Con [ug/l]
# name 9 = xmiss: Beam Transmission, Chelsea/Seatech [%]
# name 10 = par: PAR/Irradiance, Biospherical/Licor
# name 11 = sbeox0ML/L: Oxygen, SBE 43 [ml/l], WS = 2
# name 12 = sal00: Salinity, Practical [PSU]
# name 13 = sal11: Salinity, Practical, 2 [PSU]
# name 14 = sigma-t00: Density [sigma-t, Kg/m^3 ]
# name 15 = svCM: Sound Velocity [Chen-Millero, m/s]
# name 16 = avgsvCM: Average Sound Velocity [Chen-Millero, m/s], minP = 0, minS = 0
# name 17 = flag: flag
# span 0 =        266,      10889       
# span 1 =      2.000,    459.000       
# span 2 =     8.1508,    15.1914       
# span 3 =   2.966640,   3.818082       
# span 4 =     8.1520,    15.1921       
# span 5 =   3.032096,   3.818326       
# span 6 =      25.28,      97.86       
# span 7 =     1.0125,     2.4417       
# span 8 =     0.0331,     1.0490       
# span 9 =    59.7061,    72.1029       
# span 10 = 1.0000e-12, 2.3220e+02      
# span 11 =    1.83005,    6.17034      
# span 12 =    23.1227,    35.0502      
# span 13 =    23.7056,    35.0532      
# span 14 =    16.8004,    27.2845      
# span 15 =    1484.53,    1501.80      
# span 16 =    1488.56,    1500.50      
# span 17 = 0.0000e+00, 0.0000e+00      
# interval = decibars: 1                
# start_time = Sep 21 2016 11:31:36 [System UTC, first data scan.]
# bad_flag = -9.990e-29
*END*
[from data line 242]
       5840    244.000     8.1582   3.642851     8.1594   3.643221      82.01     1.3439     0.0436    71.8465 1.0000e-12    2.95808    34.9579    34.9607    27.2172    1487.02    1488.82 0.0000e+00
       5864    245.000     8.1581   3.642942     8.1593   3.643302      96.42     1.3407     0.0438    71.8128 1.0000e-12    2.92089    34.9585    34.9612    27.2177    1487.04    1488.81 0.0000e+00
       5888    246.000     8.1567   3.642986     8.1579   3.643357      58.35     1.3359     0.0449    71.8179 1.0000e-12    2.91230    34.9599    34.9627    27.2190    1487.05    1488.80 0.0000e+00
       5912    247.000     8.1560   3.643048     8.1573   3.643422      88.06     1.3346     0.0448    71.8403 1.0000e-12    2.93343    34.9608    34.9635    27.2198    1487.07    1488.80 0.0000e+00
       5936    248.000     8.1558   3.643098     8.1571   3.643471      96.44     1.3322     0.0447    71.8459 1.0000e-12    2.89975    34.9610    34.9637    27.2200    1487.08    1488.79 0.0000e+00
       5960    249.000     8.1555   3.643150     8.1568   3.643521      74.69     1.3278     0.0447    71.8170 1.0000e-12    2.87796    34.9614    34.9641    27.2204    1487.10    1488.78 0.0000e+00
       5984    250.000     8.1548   3.643135     8.1560   3.643513      89.77     1.3255     0.0441    71.7514 1.0000e-12    2.89425    34.9615    34.9643    27.2205    1487.11    1488.78 0.0000e+00
       6008    251.000     8.1539   3.643222     8.1552   3.643599      96.59     1.3230     0.0430    71.8496 1.0000e-12    2.87823    34.9628    34.9655    27.2217    1487.13    1488.77 0.0000e+00
       6031    252.000     8.1520   3.643218     8.1532   3.643589      96.36     1.3206     0.0413    71.8298 1.0000e-12    2.86806    34.9642    34.9669    27.2231    1487.14    1488.76 0.0000e+00
       6056    253.000     8.1516   3.643307     8.1528   3.643676      96.48     1.3174     0.0446    71.8168 1.0000e-12    2.84881    34.9650    34.9678    27.2238    1487.16    1488.76 0.0000e+00
       6079    254.000     8.1514   3.643448     8.1528   3.643809      96.56     1.3139     0.0444    71.7942 1.0000e-12    2.83285    34.9663    34.9687    27.2248    1487.17    1488.75 0.0000e+00
       6103    255.000     8.1512   3.643586     8.1525   3.643952      96.55     1.3100     0.0427    71.7920 1.0000e-12    2.81742    34.9675    34.9701    27.2258    1487.19    1488.74 0.0000e+00
       6127    256.000     8.1512   3.643721     8.1524   3.644089      96.56     1.3063     0.0438    71.7844 1.0000e-12    2.81236    34.9684    34.9712    27.2265    1487.21    1488.74 0.0000e+00
       6151    257.000     8.1511   3.643837     8.1524   3.644201      96.56     1.3035     0.0428    71.7844 1.0000e-12    2.80593    34.9693    34.9719    27.2272    1487.22    1488.73 0.0000e+00
       6175    258.000     8.1510   3.644015     8.1522   3.644374      96.56     1.3005     0.0437    71.8020 1.0000e-12    2.79632    34.9708    34.9734    27.2284    1487.24    1488.73 0.0000e+00
       6198    259.000     8.1509   3.644223     8.1521   3.644572      71.02     1.2975     0.0424    71.7866 1.0000e-12    2.78251    34.9726    34.9752    27.2299    1487.26    1488.72 0.0000e+00
       6222    260.000     8.1508   3.644502     8.1520   3.644845      61.16     1.2952     0.0429    71.7796 1.0000e-12    2.79930    34.9752    34.9777    27.2320    1487.28    1488.72 0.0000e+00
       6246    261.000     8.1513   3.644908     8.1525   3.645239      96.57     1.2941     0.0442    71.8103 1.0000e-12    2.78616    34.9786    34.9809    27.2345    1487.30    1488.71 0.0000e+00
       6269    262.000     8.1517   3.645161     8.1529   3.645504      86.54     1.2914     0.0454    71.8021 1.0000e-12    2.75690    34.9804    34.9829    27.2359    1487.32    1488.70 0.0000e+00
       6292    263.000     8.1522   3.645490     8.1534   3.645844      69.44     1.2881     0.0471    71.7782 1.0000e-12    2.76115    34.9830    34.9856    27.2378    1487.34    1488.70 0.0000e+00
       6316    264.000     8.1527   3.645750     8.1540   3.646106      96.56     1.2860     0.0449    71.7877 1.0000e-12    2.73807    34.9848    34.9873    27.2391    1487.36    1488.69 0.0000e+00
       6339    265.000     8.1531   3.645932     8.1544   3.646303      95.17     1.2816     0.0466    71.7812 1.0000e-12    2.70642    34.9858    34.9885    27.2399    1487.38    1488.69 0.0000e+00
       6363    266.000     8.1532   3.646066     8.1545   3.646424      87.72     1.2767     0.0441    71.7774 1.0000e-12    2.69516    34.9867    34.9892    27.2406    1487.40    1488.68 0.0000e+00
       6387    267.000     8.1527   3.646177     8.1540   3.646532      96.14     1.2729     0.0427    71.7594 1.0000e-12    2.69032    34.9879    34.9904    27.2416    1487.42    1488.68 0.0000e+00
       6411    268.000     8.1528   3.646393     8.1542   3.646778      96.56     1.2694     0.0423    71.7705 1.0000e-12    2.68125    34.9896    34.9923    27.2429    1487.44    1488.68 0.0000e+00
       6435    269.000     8.1534   3.646721     8.1547   3.647085      96.56     1.2661     0.0430    71.7487 1.0000e-12    2.67142    34.9920    34.9946    27.2448    1487.46    1488.67 0.0000e+00
       6459    270.000     8.1539   3.646939     8.1552   3.647293      96.56     1.2629     0.0463    71.7369 1.0000e-12    2.65912    34.9934    34.9959    27.2457    1487.48    1488.67 0.0000e+00
       6482    271.000     8.1549   3.647288     8.1561   3.647633      96.56     1.2594     0.0437    71.7047 1.0000e-12    2.64109    34.9957    34.9981    27.2474    1487.50    1488.66 0.0000e+00
       6506    272.000     8.1557   3.647635     8.1569   3.647983      96.56     1.2553     0.0445    71.7152 1.0000e-12    2.62497    34.9981    35.0006    27.2492    1487.52    1488.66 0.0000e+00
       6530    273.000     8.1557   3.647840     8.1569   3.648210      96.56     1.2515     0.0448    71.7207 1.0000e-12    2.61214    34.9998    35.0026    27.2505    1487.54    1488.65 0.0000e+00
       6554    274.000     8.1558   3.648106     8.1570   3.648459      96.56     1.2475     0.0449    71.6824 1.0000e-12    2.58943    35.0021    35.0046    27.2523    1487.56    1488.65 0.0000e+00
       6578    275.000     8.1561   3.648288     8.1573   3.648650      96.56     1.2424     0.0471    71.6583 1.0000e-12    2.56738    35.0032    35.0059    27.2531    1487.58    1488.65 0.0000e+00
       6602    276.000     8.1567   3.648502     8.1580   3.648850      96.56     1.2377     0.0462    71.6455 1.0000e-12    2.54203    35.0044    35.0069    27.2540    1487.60    1488.64 0.0000e+00
       6626    277.000     8.1573   3.648720     8.1586   3.649078      69.81     1.2316     0.0431    71.6330 1.0000e-12    2.53691    35.0057    35.0082    27.2549    1487.62    1488.64 0.0000e+00
       6650    278.000     8.1581   3.649002     8.1593   3.649347      96.90     1.2289     0.0422    71.6190 1.0000e-12    2.53873    35.0074    35.0099    27.2561    1487.64    1488.63 0.0000e+00
       6674    279.000     8.1590   3.649316     8.1602   3.649675      96.55     1.2248     0.0451    71.6127 1.0000e-12    2.51253    35.0094    35.0120    27.2575    1487.67    1488.63 0.0000e+00
       6697    280.000     8.1594   3.649521     8.1606   3.649872      87.07     1.2204     0.0452    71.6117 1.0000e-12    2.49575    35.0107    35.0133    27.2585    1487.69    1488.63 0.0000e+00
       6721    281.000     8.1600   3.649774     8.1612   3.650138      95.91     1.2162     0.0490    71.6106 1.0000e-12    2.48061    35.0123    35.0150    27.2597    1487.71    1488.62 0.0000e+00
       6745    282.000     8.1605   3.650007     8.1617   3.650355      96.56     1.2117     0.0491    71.6181 1.0000e-12    2.46495    35.0139    35.0164    27.2608    1487.73    1488.62 0.0000e+00
       6768    283.000     8.1610   3.650229     8.1622   3.650584      96.56     1.2073     0.0469    71.6171 1.0000e-12    2.44797    35.0153    35.0178    27.2618    1487.75    1488.62 0.0000e+00
       6792    284.000     8.1614   3.650417     8.1627   3.650783      96.56     1.2028     0.0452    71.5995 1.0000e-12    2.43287    35.0164    35.0190    27.2627    1487.77    1488.62 0.0000e+00
       6815    285.000     8.1618   3.650590     8.1630   3.650951      96.56     1.1985     0.0453    71.6148 1.0000e-12    2.41456    35.0174    35.0200    27.2634    1487.79    1488.61 0.0000e+00
       6839    286.000     8.1622   3.650770     8.1634   3.651130      96.56     1.1938     0.0425    71.6118 1.0000e-12    2.40228    35.0184    35.0210    27.2641    1487.80    1488.61 0.0000e+00
       6862    287.000     8.1626   3.650956     8.1638   3.651314      96.55     1.1900     0.0445    71.6138 1.0000e-12    2.39070    35.0195    35.0221    27.2649    1487.82    1488.61 0.0000e+00
       6886    288.000     8.1632   3.651174     8.1645   3.651534      60.22     1.1852     0.0460    71.5783 1.0000e-12    2.37522    35.0208    35.0233    27.2658    1487.84    1488.60 0.0000e+00
       6909    289.000     8.1637   3.651369     8.1649   3.651732      83.52     1.1828     0.0465    71.5739 1.0000e-12    2.38874    35.0219    35.0245    27.2666    1487.86    1488.60 0.0000e+00
       6933    290.000     8.1640   3.651588     8.1653   3.651947      96.63     1.1797     0.0465    71.5904 1.0000e-12    2.35663    35.0234    35.0260    27.2678    1487.88    1488.60 0.0000e+00
       6957    291.000     8.1645   3.651763     8.1657   3.652117      80.66     1.1749     0.0443    71.5661 1.0000e-12    2.33383    35.0243    35.0269    27.2684    1487.90    1488.60 0.0000e+00
       6980    292.000     8.1654   3.652109     8.1667   3.652456      88.11     1.1718     0.0440    71.5179 1.0000e-12    2.35160    35.0266    35.0291    27.2701    1487.93    1488.59 0.0000e+00
       7004    293.000     8.1670   3.652591     8.1683   3.652957      96.63     1.1697     0.0454    71.5081 1.0000e-12    2.33871    35.0297    35.0323    27.2723    1487.95    1488.59 0.0000e+00
       7028    294.000     8.1677   3.652815     8.1689   3.653172      93.25     1.1668     0.0470    71.5048 1.0000e-12    2.31322    35.0309    35.0335    27.2731    1487.97    1488.59 0.0000e+00
       7052    295.000     8.1680   3.652962     8.1692   3.653329      94.03     1.1617     0.0428    71.4552 1.0000e-12    2.27086    35.0317    35.0344    27.2737    1487.99    1488.59 0.0000e+00
       7076    296.000     8.1682   3.653055     8.1694   3.653424      96.59     1.1554     0.0467    71.4333 1.0000e-12    2.24002    35.0320    35.0348    27.2739    1488.01    1488.59 0.0000e+00
       7100    297.000     8.1685   3.653204     8.1697   3.653579      96.56     1.1489     0.0493    71.4271 1.0000e-12    2.22063    35.0329    35.0357    27.2745    1488.03    1488.58 0.0000e+00
       7124    298.000     8.1689   3.653352     8.1702   3.653729      96.56     1.1430     0.0470    71.4088 1.0000e-12    2.21537    35.0336    35.0363    27.2750    1488.05    1488.58 0.0000e+00
       7149    299.000     8.1694   3.653524     8.1706   3.653889      96.56     1.1391     0.0475    71.4294 1.0000e-12    2.22054    35.0344    35.0371    27.2756    1488.07    1488.58 0.0000e+00
       7173    300.000     8.1700   3.653725     8.1712   3.654101      96.56     1.1358     0.0495    71.4083 1.0000e-12    2.21028    35.0355    35.0383    27.2763    1488.09    1488.58 0.0000e+00
       7196    301.000     8.1706   3.653918     8.1719   3.654286      76.70     1.1322     0.0491    71.3930 1.0000e-12    2.18780    35.0365    35.0391    27.2770    1488.11    1488.58 0.0000e+00
       7220    302.000     8.1710   3.654061     8.1723   3.654431      59.00     1.1288     0.0461    71.3401 1.0000e-12    2.19427    35.0371    35.0398    27.2775    1488.12    1488.58 0.0000e+00
       7242    303.000     8.1713   3.654199     8.1726   3.654555      96.81     1.1263     0.0464    71.3095 1.0000e-12    2.17266    35.0378    35.0403    27.2780    1488.14    1488.57 0.0000e+00
       7263    304.000     8.1719   3.654411     8.1732   3.654778      96.56     1.1227     0.0442    71.3174 1.0000e-12    2.15652    35.0390    35.0416    27.2788    1488.16    1488.57 0.0000e+00
       7285    305.000     8.1722   3.654514     8.1735   3.654878      96.55     1.1194     0.0454    71.2769 1.0000e-12    2.14871    35.0393    35.0419    27.2790    1488.18    1488.57 0.0000e+00
       7307    306.000     8.1726   3.654673     8.1739   3.655048      96.56     1.1162     0.0455    71.2691 1.0000e-12    2.13560    35.0401    35.0429    27.2796    1488.20    1488.57 0.0000e+00
       7329    307.000     8.1728   3.654760     8.1741   3.655144      96.55     1.1127     0.0476    71.2419 1.0000e-12    2.12502    35.0404    35.0432    27.2798    1488.22    1488.57 0.0000e+00
       7351    308.000     8.1732   3.654900     8.1746   3.655266      96.55     1.1096     0.0490    71.2456 1.0000e-12    2.12195    35.0410    35.0435    27.2802    1488.24    1488.57 0.0000e+00
       7372    309.000     8.1736   3.655050     8.1750   3.655424      96.55     1.1073     0.0473    71.2151 1.0000e-12    2.11850    35.0417    35.0443    27.2807    1488.26    1488.57 0.0000e+00
       7395    310.000     8.1738   3.655116     8.1751   3.655497      96.56     1.1049     0.0479    71.2209 1.0000e-12    2.10907    35.0418    35.0445    27.2807    1488.27    1488.57 0.0000e+00
       7417    311.000     8.1739   3.655180     8.1753   3.655560      96.56     1.1023     0.0473    71.1793 1.0000e-12    2.09906    35.0419    35.0445    27.2808    1488.29    1488.57 0.0000e+00
       7439    312.000     8.1741   3.655280     8.1755   3.655649      96.56     1.0999     0.0460    71.1939 1.0000e-12    2.09575    35.0423    35.0448    27.2810    1488.31    1488.56 0.0000e+00
       7461    313.000     8.1747   3.655432     8.1760   3.655809      96.56     1.0978     0.0451    71.1740 1.0000e-12    2.09221    35.0428    35.0455    27.2814    1488.33    1488.56 0.0000e+00
       7484    314.000     8.1749   3.655528     8.1763   3.655903      96.56     1.0962     0.0470    71.1394 1.0000e-12    2.09266    35.0432    35.0458    27.2816    1488.34    1488.56 0.0000e+00
       7506    315.000     8.1752   3.655638     8.1765   3.656013      96.56     1.0949     0.0484    71.1135 1.0000e-12    2.08669    35.0436    35.0463    27.2819    1488.36    1488.56 0.0000e+00
       7528    316.000     8.1756   3.655759     8.1769   3.656125      96.56     1.0932     0.0506    71.0853 1.0000e-12    2.07474    35.0440    35.0466    27.2822    1488.38    1488.56 0.0000e+00
       7550    317.000     8.1759   3.655885     8.1773   3.656252      96.56     1.0908     0.0485    71.0465 1.0000e-12    2.06488    35.0445    35.0471    27.2826    1488.40    1488.56 0.0000e+00
       7572    318.000     8.1762   3.655977     8.1775   3.656359      96.56     1.0889     0.0478    71.0143 1.0000e-12    2.06082    35.0447    35.0475    27.2827    1488.42    1488.56 0.0000e+00
       7594    319.000     8.1764   3.656050     8.1777   3.656430      96.55     1.0869     0.0475    70.9857 1.0000e-12    2.04894    35.0448    35.0476    27.2827    1488.43    1488.56 0.0000e+00
       7617    320.000     8.1766   3.656130     8.1779   3.656498      96.55     1.0844     0.0471    70.9498 1.0000e-12    2.04183    35.0450    35.0477    27.2828    1488.45    1488.56 0.0000e+00
       7639    321.000     8.1768   3.656218     8.1782   3.656592      96.56     1.0825     0.0483    70.8942 1.0000e-12    2.04083    35.0453    35.0479    27.2830    1488.47    1488.56 0.0000e+00
       7662    322.000     8.1770   3.656295     8.1784   3.656671      96.56     1.0809     0.0471    69.5846 1.0000e-12    2.03875    35.0454    35.0480    27.2831    1488.49    1488.56 0.0000e+00
