_data/ctd/2016/Sta0944_2016.cnv
* Sea-Bird SBE 9 Data File:
* FileName = C:\Seabird\CTDDATA\sta0944.hex
* Software Version Seasave V 7.21f
* Temperature SN = 5458
* Conductivity SN = 044221
* Number of Bytes Per Scan = 41
* Number of Voltage Words = 4
* Number of Scans Averaged by the Deck Unit = 1
* NMEA Latitude = 60 45.82 N
* NMEA Longitude = 005 14.22 E
* NMEA UTC (Time) = Sep 20 2016 01:24:09
** Ship: 01 F/F "Håkon Mosby"
** Station: 0944
** Echodepth: 508
** Log: 3292,1
** Wind-Dir Force: 02 02
** Air-temp (dry): 13
** Weather Sky: 2 9
** Sea Ice: 2 0
** UNIS station:
# nquan = 18                                
# nvalues = 450                         
# units = specified
# name 0 = scan: Scan Count
# name 1 = prDM: Pressure, Digiquartz [db]
# name 2 = t068C: Temperature [ITS-68, deg C]
# name 3 = c0S/m: Conductivity [S/m]
# name 4 = t168C: Temperature, 2 [ITS-68, deg C]
# name 5 = c1S/m: Conductivity, 2 [S/m]
# name 6 = altM: Altimeter [m]
# name 7 = sbeox0V: Oxygen raw, SBE 43 [V]
# name 8 = flC: Fluorescence, Chelsea Aqua 3 Chl Con [ug/l]
# name 9 = xmiss: Beam Transmission, Chelsea/Seatech [%]
# name 10 = par: PAR/Irradiance, Biospherical/Licor
# name 11 = sbeox0ML/L: Oxygen, SBE 43 [ml/l], WS = 2
# name 12 = sal00: Salinity, Practical [PSU]
# name 13 = sal11: Salinity, Practical, 2 [PSU]
# name 14 = sigma-t00: Density [sigma-t, Kg/m^3 ]
# name 15 = svCM: Sound Velocity [Chen-Millero, m/s]
# name 16 = avgsvCM: Average Sound Velocity [Chen-Millero, m/s], minP = 0, minS = 0
# name 17 = flag: flag
# span 0 =        578,      10221       
# span 1 =      3.000,    452.000       
# span 2 =     7.7142,    15.7116       
# span 3 =   3.585001,   3.902324       
# span 4 =     7.7162,    15.7207       
# span 5 =   3.584864,   3.902039       
# span 6 =      32.03,      97.35       
# span 7 =     1.8848,     2.3646       
# span 8 =     0.0258,     1.0810       
# span 9 =    64.2289,    71.9800       
# span 10 = 1.0000e-12, 2.7446e-01      
# span 11 =    4.83068,    5.68148      
# span 12 =    28.8518,    35.1519      
# span 13 =    28.8020,    35.1536      
# span 14 =    21.0896,    27.4362      
# span 15 =    1484.31,    1504.35      
# span 16 =    1488.64,    1503.01      
# span 17 = 0.0000e+00, 0.0000e+00      
# interval = decibars: 1                
# start_time = Sep 20 2016 01:24:11 [System UTC, first data scan.]
# bad_flag = -9.990e-29
*END*
        578      3.000    15.7031   3.666937    15.7207   3.662700      96.55     2.3646     0.8109    64.5380 2.7446e-01    5.68148    28.8518    28.8020    21.0896    1501.81    1501.81 0.0000e+00
        627      4.000    15.7116   3.669862    15.7037   3.671278      96.56     2.3644     0.8246    64.8439 1.5968e-01    5.66566    28.8708    28.8890    21.1024    1501.87    1501.82 0.0000e+00
        669      5.000    15.6774   3.680212    15.6863   3.677371      96.56     2.3635     0.8843    64.6236 8.6639e-02    5.65781    28.9860    28.9546    21.1981    1501.91    1501.84 0.0000e+00
        706      6.000    15.6584   3.687418    15.6597   3.688466      96.55     2.3592     0.8927    64.6342 3.9523e-02    5.62677    29.0626    29.0708    21.2611    1501.96    1501.86 0.0000e+00
        735      7.000    15.6155   3.695186    15.5960   3.697747      96.56     2.3535     0.9046    64.6036 1.0356e-02    5.60075    29.1619    29.1988    21.3465    1501.95    1501.87 0.0000e+00
        764      8.000    15.3864   3.720338    15.3613   3.722378      96.56     2.3456     0.9844    64.3196 1.1147e-05    5.56970    29.5534    29.5902    21.6963    1501.70    1501.85 0.0000e+00
        791      9.000    15.2951   3.728236    15.2982   3.727910      96.56     2.3344     1.0810    64.2289 1.0000e-12    5.49515    29.6916    29.6863    21.8220    1501.58    1501.82 0.0000e+00
        815     10.000    15.3815   3.747281    15.3864   3.745541      96.56     2.3166     1.0470    64.7854 1.0000e-12    5.41273    29.7943    29.7752    21.8825    1501.99    1501.84 0.0000e+00
        839     11.000    15.4433   3.776287    15.4456   3.775869      86.78     2.3029     0.9980    65.2238 1.0000e-12    5.41247    30.0033    29.9979    22.0299    1502.45    1501.89 0.0000e+00
        863     12.000    15.4534   3.790451    15.4552   3.789644      75.19     2.2973     0.8874    66.2198 1.0000e-12    5.40276    30.1204    30.1119    22.1177    1502.63    1501.96 0.0000e+00
        886     13.000    15.4341   3.805966    15.4359   3.805119      96.50     2.2870     0.6973    67.0624 1.0000e-12    5.32960    30.2720    30.2631    22.2384    1502.76    1502.02 0.0000e+00
        907     14.000    15.4418   3.823518    15.4437   3.822407      96.56     2.2748     0.5421    67.8240 1.0000e-12    5.27551    30.4210    30.4097    22.3513    1502.97    1502.09 0.0000e+00
        928     15.000    15.4967   3.838909    15.4965   3.838161      87.08     2.2613     0.4283    68.6451 1.0000e-12    5.22833    30.5144    30.5079    22.4112    1503.27    1502.16 0.0000e+00
        950     16.000    15.4520   3.843352    15.4531   3.843121      96.60     2.2495     0.3478    69.2923 1.0000e-12    5.20559    30.5880    30.5851    22.4774    1503.23    1502.23 0.0000e+00
        972     17.000    15.4917   3.856635    15.4950   3.855451      96.56     2.2379     0.2937    69.6301 1.0000e-12    5.17617    30.6744    30.6613    22.5352    1503.48    1502.30 0.0000e+00
        993     18.000    15.5496   3.872217    15.5525   3.871613      96.55     2.2293     0.2471    69.9675 1.0000e-12    5.16937    30.7668    30.7592    22.5937    1503.78    1502.39 0.0000e+00
       1015     19.000    15.6014   3.887082    15.6040   3.886487      96.56     2.2250     0.2058    70.2446 1.0000e-12    5.18418    30.8574    30.8501    22.6521    1504.07    1502.47 0.0000e+00
       1036     20.000    15.5942   3.893499    15.5971   3.893285      96.55     2.2245     0.1718    70.3986 1.0000e-12    5.19515    30.9193    30.9152    22.7013    1504.13    1502.56 0.0000e+00
       1058     21.000    15.6452   3.902324    15.6465   3.902039      96.56     2.2240     0.1512    70.5690 1.0000e-12    5.19400    30.9570    30.9535    22.7191    1504.35    1502.64 0.0000e+00
       1080     22.000    15.6120   3.900085    15.6072   3.900866      93.01     2.2248     0.1389    70.7253 1.0000e-12    5.19149    30.9629    30.9736    22.7309    1504.27    1502.72 0.0000e+00
       1101     23.000    15.4729   3.885646    15.4688   3.885945      39.54     2.2227     0.1286    70.8631 1.0000e-12    5.19633    30.9439    30.9498    22.7465    1503.83    1502.77 0.0000e+00
       1123     24.000    15.4631   3.885977    15.4671   3.886765      96.03     2.2212     0.1253    70.9761 1.0000e-12    5.17828    30.9542    30.9580    22.7565    1503.82    1502.81 0.0000e+00
       1145     25.000    15.3907   3.879416    15.3916   3.880344      96.56     2.2167     0.1201    71.0403 1.0000e-12    5.15834    30.9525    30.9601    22.7709    1503.61    1502.84 0.0000e+00
       1166     26.000    15.3686   3.881193    15.3704   3.880515      59.05     2.2110     0.1141    71.0664 1.0000e-12    5.14961    30.9853    30.9779    22.8009    1503.59    1502.87 0.0000e+00
       1188     27.000    15.4336   3.892903    15.4353   3.892680      94.40     2.2087     0.1075    71.1126 1.0000e-12    5.15696    31.0378    31.0344    22.8272    1503.88    1502.91 0.0000e+00
       1209     28.000    15.4223   3.896870    15.4236   3.896699      96.55     2.2078     0.1046    71.1325 1.0000e-12    5.16189    31.0815    31.0790    22.8633    1503.91    1502.94 0.0000e+00
       1231     29.000    15.4072   3.899561    15.4083   3.899886      87.83     2.2074     0.0995    71.1681 1.0000e-12    5.15880    31.1170    31.1190    22.8938    1503.92    1502.98 0.0000e+00
       1252     30.000    15.3325   3.893721    15.3282   3.894760      85.03     2.2063     0.0933    71.1914 1.0000e-12    5.16604    31.1238    31.1365    22.9152    1503.71    1503.00 0.0000e+00
       1274     31.000    15.1725   3.876954    15.1686   3.878848      96.49     2.2057     0.0893    71.2330 1.0000e-12    5.16896    31.1008    31.1208    22.9319    1503.19    1503.01 0.0000e+00
       1296     32.000    14.9225   3.852382    14.9208   3.854348      96.56     2.2018     0.0890    71.2759 1.0000e-12    5.14908    31.0790    31.0980    22.9683    1502.38    1502.99 0.0000e+00
       1318     33.000    14.7812   3.840377    14.7809   3.841156      83.62     2.1926     0.0864    71.2833 1.0000e-12    5.11799    31.0832    31.0904    23.0014    1501.95    1502.96 0.0000e+00
       1339     34.000    14.7222   3.838043    14.7223   3.838726      96.54     2.1845     0.0861    71.3315 1.0000e-12    5.10163    31.1089    31.1149    23.0336    1501.81    1502.92 0.0000e+00
       1361     35.000    14.6666   3.837690    14.6688   3.837368      96.56     2.1760     0.0806    71.3491 1.0000e-12    5.08212    31.1498    31.1451    23.0768    1501.69    1502.89 0.0000e+00
       1383     36.000    14.5969   3.835529    14.5927   3.836818      92.15     2.1682     0.0762    71.3886 1.0000e-12    5.08086    31.1857    31.2007    23.1190    1501.52    1502.85 0.0000e+00
       1405     37.000    14.4003   3.818752    14.3994   3.819766      95.95     2.1635     0.0766    71.3831 1.0000e-12    5.09344    31.1912    31.2011    23.1641    1500.91    1502.80 0.0000e+00
       1427     38.000    14.2702   3.809360    14.2675   3.810213      96.50     2.1574     0.0735    71.4269 1.0000e-12    5.08479    31.2102    31.2201    23.2056    1500.53    1502.74 0.0000e+00
       1449     39.000    14.1062   3.803178    14.1030   3.805052      96.56     2.1519     0.0717    71.4539 1.0000e-12    5.08131    31.2860    31.3057    23.2978    1500.10    1502.67 0.0000e+00
       1471     40.000    13.8975   3.787421    13.8988   3.788030      96.56     2.1455     0.0690    71.4615 1.0000e-12    5.06793    31.3106    31.3152    23.3592    1499.46    1502.59 0.0000e+00
       1493     41.000    13.7455   3.776178    13.7451   3.777799      96.56     2.1365     0.0734    71.4789 1.0000e-12    5.03364    31.3306    31.3459    23.4053    1499.00    1502.50 0.0000e+00
       1515     42.000    13.6199   3.768025    13.6216   3.768552      96.56     2.1252     0.0725    71.5026 1.0000e-12    5.01164    31.3576    31.3611    23.4513    1498.63    1502.41 0.0000e+00
       1537     43.000    13.5744   3.766898    13.5764   3.767329      96.56     2.1169     0.0697    71.5467 1.0000e-12    5.02861    31.3840    31.3864    23.4809    1498.53    1502.32 0.0000e+00
       1559     44.000    13.5432   3.765697    13.5441   3.765890      96.55     2.1136     0.0686    71.5601 1.0000e-12    5.04972    31.3981    31.3992    23.4980    1498.46    1502.23 0.0000e+00
       1582     45.000    13.5041   3.764282    13.5048   3.764716      96.56     2.1120     0.0690    71.5946 1.0000e-12    5.05808    31.4167    31.4202    23.5201    1498.37    1502.14 0.0000e+00
       1604     46.000    13.3561   3.757568    13.3562   3.758509      96.56     2.1104     0.0654    71.6083 1.0000e-12    5.05630    31.4758    31.4845    23.5951    1497.96    1502.05 0.0000e+00
       1626     47.000    13.2206   3.751310    13.2191   3.751884      96.56     2.1065     0.0659    71.6655 1.0000e-12    5.04858    31.5291    31.5357    23.6630    1497.59    1501.96 0.0000e+00
       1648     48.000    13.0284   3.746185    13.0267   3.746875      96.56     2.1035     0.0636    71.6601 1.0000e-12    5.06218    31.6404    31.6483    23.7867    1497.09    1501.86 0.0000e+00
       1671     49.000    12.6915   3.737597    12.6892   3.738433      96.55     2.1002     0.0619    71.6099 1.0000e-12    5.07283    31.8417    31.8515    24.0075    1496.21    1501.74 0.0000e+00
       1693     50.000    12.5637   3.734570    12.5653   3.735144      96.56     2.0952     0.0623    71.5688 1.0000e-12    5.06791    31.9206    31.9247    24.0931    1495.89    1501.62 0.0000e+00
       1715     51.000    12.4866   3.731078    12.4819   3.731316      96.56     2.0930     0.0633    71.5882 1.0000e-12    5.10601    31.9524    31.9587    24.1324    1495.68    1501.51 0.0000e+00
       1738     52.000    12.3545   3.728783    12.3537   3.729185      96.56     2.0946     0.0610    71.6171 1.0000e-12    5.14530    32.0426    32.0471    24.2273    1495.35    1501.39 0.0000e+00
       1760     53.000    12.2268   3.729430    12.2252   3.729659      96.56     2.0973     0.0615    71.6384 1.0000e-12    5.16214    32.1577    32.1613    24.3406    1495.07    1501.27 0.0000e+00
       1782     54.000    12.0605   3.728266    12.0637   3.728934      87.76     2.0981     0.0601    71.5852 1.0000e-12    5.15019    32.2894    32.2931    24.4739    1494.68    1501.14 0.0000e+00
       1805     55.000    11.9778   3.724982    11.9796   3.725121      55.11     2.0954     0.0580    71.5825 1.0000e-12    5.14424    32.3289    32.3287    24.5199    1494.45    1501.02 0.0000e+00
       1827     56.000    11.7923   3.725576    11.7920   3.725908      96.21     2.0940     0.0544    71.6712 1.0000e-12    5.14946    32.4956    32.4991    24.6836    1494.03    1500.90 0.0000e+00
       1850     57.000    11.5433   3.718201    11.5435   3.719444      96.56     2.0907     0.0568    71.5794 1.0000e-12    5.14375    32.6419    32.6538    24.8428    1493.36    1500.76 0.0000e+00
       1872     58.000    11.3417   3.711781    11.3423   3.712681      73.46     2.0859     0.0576    71.5682 1.0000e-12    5.16325    32.7568    32.7651    24.9686    1492.81    1500.63 0.0000e+00
       1894     59.000    11.1470   3.713241    11.1483   3.712815      96.43     2.0853     0.0595    71.5555 1.0000e-12    5.19456    32.9442    32.9389    25.1493    1492.37    1500.49 0.0000e+00
       1916     60.000    10.9205   3.699689    10.9207   3.702211      96.56     2.0840     0.0578    71.5729 1.0000e-12    5.20854    33.0129    33.0378    25.2429    1491.67    1500.34 0.0000e+00
       1939     61.000    10.5468   3.677025    10.5456   3.678439      96.46     2.0811     0.0551    71.6148 1.0000e-12    5.20317    33.1242    33.1395    25.3949    1490.50    1500.18 0.0000e+00
       1961     62.000    10.4284   3.669674    10.4297   3.670288      96.55     2.0749     0.0544    71.6700 1.0000e-12    5.21563    33.1577    33.1627    25.4414    1490.14    1500.01 0.0000e+00
       1984     63.000    10.2314   3.662004    10.2305   3.662653      96.56     2.0749     0.0560    71.6929 1.0000e-12    5.27729    33.2600    33.2674    25.5548    1489.57    1499.85 0.0000e+00
       2007     64.000    10.1769   3.660493    10.1775   3.660962      96.55     2.0758     0.0576    71.7214 1.0000e-12    5.29132    33.2943    33.2985    25.5908    1489.44    1499.68 0.0000e+00
       2029     65.000    10.0375   3.655496    10.0376   3.655970      96.55     2.0770     0.0564    71.7780 1.0000e-12    5.30024    33.3716    33.3763    25.6746    1489.04    1499.52 0.0000e+00
       2050     66.000     9.9310   3.651061     9.9298   3.651765      96.56     2.0760     0.0567    71.8115 1.0000e-12    5.29059    33.4244    33.4327    25.7337    1488.74    1499.35 0.0000e+00
       2072     67.000     9.7626   3.641936     9.7633   3.642336      96.56     2.0740     0.0565    71.8098 1.0000e-12    5.28783    33.4871    33.4905    25.8107    1488.22    1499.19 0.0000e+00
       2094     68.000     9.7692   3.648699     9.7701   3.648607      96.56     2.0706     0.0562    71.8580 1.0000e-12    5.26515    33.5497    33.5479    25.8585    1488.34    1499.03 0.0000e+00
       2117     69.000     9.7055   3.646779     9.7064   3.647019      41.49     2.0676     0.0553    71.8822 1.0000e-12    5.29185    33.5890    33.5906    25.8997    1488.17    1498.87 0.0000e+00
       2140     70.000     9.6261   3.641381     9.6267   3.642418      97.06     2.0680     0.0552    71.9029 1.0000e-12    5.29410    33.6074    33.6175    25.9272    1487.93    1498.71 0.0000e+00
       2162     71.000     9.4310   3.624304     9.4322   3.625615      96.56     2.0643     0.0561    71.9171 1.0000e-12    5.26822    33.6139    33.6264    25.9642    1487.24    1498.55 0.0000e+00
       2185     72.000     9.4325   3.630190     9.4327   3.629820      68.98     2.0579     0.0569    71.9133 1.0000e-12    5.25336    33.6728    33.6688    26.0100    1487.33    1498.39 0.0000e+00
       2207     73.000     9.3165   3.623234     9.3165   3.623216      95.67     2.0572     0.0555    71.9098 1.0000e-12    5.31132    33.7097    33.7095    26.0576    1486.97    1498.23 0.0000e+00
       2229     74.000     9.3440   3.629722     9.3455   3.629575      96.57     2.0566     0.0579    71.9360 1.0000e-12    5.29052    33.7504    33.7475    26.0850    1487.14    1498.08 0.0000e+00
       2251     75.000     9.2505   3.624536     9.2508   3.624938      93.67     2.0545     0.0551    71.9297 1.0000e-12    5.28040    33.7846    33.7885    26.1268    1486.85    1497.93 0.0000e+00
       2273     76.000     9.2121   3.626190     9.2111   3.626647      94.17     2.0515     0.0525    71.9382 1.0000e-12    5.26029    33.8377    33.8434    26.1745    1486.79    1497.78 0.0000e+00
       2295     77.000     8.8791   3.602067     8.8762   3.603740      96.50     2.0472     0.0528    71.9362 1.0000e-12    5.25724    33.9026    33.9229    26.2782    1485.66    1497.62 0.0000e+00
       2317     78.000     8.8096   3.601250     8.8107   3.600937      96.55     2.0396     0.0527    71.9426 1.0000e-12    5.22067    33.9600    33.9557    26.3341    1485.49    1497.47 0.0000e+00
       2339     79.000     8.7710   3.599314     8.7737   3.600326      96.56     2.0334     0.0554    71.9236 1.0000e-12    5.23571    33.9762    33.9843    26.3529    1485.38    1497.31 0.0000e+00
       2361     80.000     8.6736   3.590757     8.6748   3.591901      96.56     2.0298     0.0577    71.9407 1.0000e-12    5.24193    33.9793    33.9902    26.3704    1485.04    1497.16 0.0000e+00
       2383     81.000     8.6075   3.586090     8.6088   3.586376      96.55     2.0251     0.0612    71.9800 1.0000e-12    5.22909    33.9932    33.9949    26.3915    1484.83    1497.01 0.0000e+00
       2405     82.000     8.5730   3.585001     8.5750   3.584864      96.56     2.0207     0.0570    71.9687 1.0000e-12    5.22582    34.0144    34.0110    26.4135    1484.74    1496.85 0.0000e+00
