_data/ctd/2016/Sta0946_2016.cnv
* Sea-Bird SBE 9 Data File:
* FileName = C:\Seabird\CTDDATA\sta0946.hex
* Software Version Seasave V 7.21f
* Temperature SN = 5458
* Conductivity SN = 044221
* Number of Bytes Per Scan = 41
* Number of Voltage Words = 4
* Number of Scans Averaged by the Deck Unit = 1
* NMEA Latitude = 60 49.51 N
* NMEA Longitude = 005 20.56 E
* NMEA UTC (Time) = Sep 20 2016 02:42:27
** Ship: 01 F/F "Håkon Mosby"
** Station: 0946
** Echodepth: 299
** Log: 3296,2
** Wind-Dir Force: 11 03
** Air-temp (dry): 13
** Weather Sky: 2 9
** Sea Ice: 2 0
** UNIS station:
# nquan = 18                                
# nvalues = 288                         
# units = specified
# name 0 = scan: Scan Count
# name 1 = prDM: Pressure, Digiquartz [db]
# name 2 = t068C: Temperature [ITS-68, deg C]
# name 3 = c0S/m: Conductivity [S/m]
# name 4 = t168C: Temperature, 2 [ITS-68, deg C]
# name 5 = c1S/m: Conductivity, 2 [S/m]
# name 6 = altM: Altimeter [m]
# name 7 = sbeox0V: Oxygen raw, SBE 43 [V]
# name 8 = flC: Fluorescence, Chelsea Aqua 3 Chl Con [ug/l]
# name 9 = xmiss: Beam Transmission, Chelsea/Seatech [%]
# name 10 = par: PAR/Irradiance, Biospherical/Licor
# name 11 = sbeox0ML/L: Oxygen, SBE 43 [ml/l], WS = 2
# name 12 = sal00: Salinity, Practical [PSU]
# name 13 = sal11: Salinity, Practical, 2 [PSU]
# name 14 = sigma-t00: Density [sigma-t, Kg/m^3 ]
# name 15 = svCM: Sound Velocity [Chen-Millero, m/s]
# name 16 = avgsvCM: Average Sound Velocity [Chen-Millero, m/s], minP = 0, minS = 0
# name 17 = flag: flag
# span 0 =        589,       7127       
# span 1 =      3.000,    290.000       
# span 2 =     8.1908,    15.4439       
# span 3 =   3.283546,   3.844652       
# span 4 =     8.1920,    15.4651       
# span 5 =   3.264342,   3.844932       
# span 6 =      20.39,      97.68       
# span 7 =     1.4151,     2.3837       
# span 8 =     0.0374,     0.8189       
# span 9 =    63.8229,    71.9520       
# span 10 = -1.632e-06, 2.3235e-01      
# span 11 =    3.20486,    5.86275      
# span 12 =    25.7535,    34.9564      
# span 13 =    25.5775,    34.9581      
# span 14 =    18.7845,    27.2109      
# span 15 =    1484.65,    1502.50      
# span 16 =    1488.65,    1501.24      
# span 17 = 0.0000e+00, 0.0000e+00      
# interval = decibars: 1                
# start_time = Sep 20 2016 02:42:28 [System UTC, first data scan.]
# bad_flag = -9.990e-29
*END*
[from data line 81]
       2514     84.000     8.3559   3.618945     8.3571   3.619041      84.74     1.8628     0.0470    71.8524 1.0000e-12    4.58075    34.5843    34.5842    26.8938    1484.67    1494.62 0.0000e+00
       2539     85.000     8.3399   3.620166     8.3407   3.620132      71.91     1.8499     0.0480    71.8481 1.0000e-12    4.54009    34.6126    34.6114    26.9184    1484.66    1494.50 0.0000e+00
       2562     86.000     8.3214   3.621527     8.3225   3.621582      96.52     1.8365     0.0485    71.8492 1.0000e-12    4.48124    34.6448    34.6443    26.9466    1484.65    1494.38 0.0000e+00
       2587     87.000     8.3101   3.623260     8.3112   3.623172      85.38     1.8226     0.0457    71.8756 1.0000e-12    4.43834    34.6739    34.6719    26.9711    1484.66    1494.27 0.0000e+00
       2611     88.000     8.2914   3.625594     8.2924   3.625632      77.36     1.8100     0.0447    71.8921 1.0000e-12    4.41702    34.7168    34.7162    27.0076    1484.66    1494.16 0.0000e+00
       2635     89.000     8.2825   3.626689     8.2837   3.626731      96.27     1.7985     0.0472    71.8881 1.0000e-12    4.37393    34.7367    34.7360    27.0247    1484.67    1494.05 0.0000e+00
       2659     90.000     8.2777   3.627274     8.2790   3.627350      88.13     1.7865     0.0483    71.9013 1.0000e-12    4.33486    34.7472    34.7468    27.0336    1484.68    1493.95 0.0000e+00
       2683     91.000     8.2698   3.628028     8.2709   3.628082      78.10     1.7765     0.0502    71.8901 1.0000e-12    4.34710    34.7626    34.7621    27.0469    1484.68    1493.85 0.0000e+00
       2707     92.000     8.2659   3.629029     8.2674   3.629121      96.61     1.7704     0.0523    71.8739 1.0000e-12    4.34534    34.7767    34.7762    27.0585    1484.70    1493.75 0.0000e+00
       2730     93.000     8.2649   3.629573     8.2661   3.629649      90.32     1.7644     0.0490    71.8932 1.0000e-12    4.32116    34.7830    34.7826    27.0636    1484.72    1493.65 0.0000e+00
       2754     94.000     8.2641   3.630251     8.2653   3.630340      81.52     1.7587     0.0437    71.8881 1.0000e-12    4.33402    34.7905    34.7903    27.0697    1484.75    1493.55 0.0000e+00
       2779     95.000     8.2573   3.630898     8.2582   3.630956      96.55     1.7561     0.0430    71.9096 1.0000e-12    4.32762    34.8037    34.8034    27.0810    1484.75    1493.46 0.0000e+00
       2803     96.000     8.2503   3.631784     8.2515   3.631862      91.99     1.7519     0.0455    71.8955 1.0000e-12    4.30022    34.8196    34.8192    27.0946    1484.76    1493.37 0.0000e+00
       2827     97.000     8.2473   3.632429     8.2485   3.632510      85.43     1.7477     0.0443    71.8437 1.0000e-12    4.30484    34.8290    34.8286    27.1024    1484.78    1493.28 0.0000e+00
       2851     98.000     8.2437   3.633397     8.2446   3.633508      96.38     1.7451     0.0452    71.8549 1.0000e-12    4.29049    34.8424    34.8427    27.1135    1484.80    1493.19 0.0000e+00
       2874     99.000     8.2420   3.633784     8.2432   3.633872      93.02     1.7409     0.0435    71.8546 1.0000e-12    4.26126    34.8477    34.8475    27.1180    1484.82    1493.11 0.0000e+00
       2898    100.000     8.2433   3.634365     8.2444   3.634481      86.71     1.7363     0.0417    71.8049 1.0000e-12    4.25977    34.8521    34.8523    27.1212    1484.84    1493.03 0.0000e+00
       2922    101.000     8.2388   3.634493     8.2398   3.634590      96.49     1.7333     0.0445    71.8373 1.0000e-12    4.24944    34.8575    34.8575    27.1261    1484.85    1492.94 0.0000e+00
       2946    102.000     8.2359   3.635251     8.2371   3.635359      94.81     1.7293     0.0461    71.8314 1.0000e-12    4.22421    34.8680    34.8679    27.1348    1484.87    1492.86 0.0000e+00
       2970    103.000     8.2341   3.635582     8.2352   3.635693      89.59     1.7249     0.0436    71.7429 1.0000e-12    4.22683    34.8728    34.8729    27.1389    1484.88    1492.79 0.0000e+00
       2993    104.000     8.2330   3.636070     8.2341   3.636189      96.48     1.7225     0.0443    71.7102 1.0000e-12    4.21296    34.8786    34.8788    27.1436    1484.90    1492.71 0.0000e+00
       3017    105.000     8.2312   3.636560     8.2323   3.636688      95.74     1.7179     0.0421    71.7418 1.0000e-12    4.18211    34.8852    34.8855    27.1490    1484.92    1492.64 0.0000e+00
       3041    106.000     8.2289   3.636957     8.2300   3.637088      92.61     1.7132     0.0445    71.7492 1.0000e-12    4.17148    34.8912    34.8915    27.1541    1484.94    1492.56 0.0000e+00
       3065    107.000     8.2279   3.637267     8.2291   3.637418      95.86     1.7088     0.0445    71.7463 1.0000e-12    4.15879    34.8950    34.8955    27.1573    1484.95    1492.49 0.0000e+00
       3089    108.000     8.2260   3.637505     8.2272   3.637642      96.17     1.7047     0.0449    71.6899 1.0000e-12    4.14463    34.8990    34.8993    27.1606    1484.97    1492.42 0.0000e+00
       3113    109.000     8.2238   3.637764     8.2250   3.637916      96.50     1.7002     0.0433    71.7307 1.0000e-12    4.12796    34.9035    34.9039    27.1645    1484.98    1492.35 0.0000e+00
       3137    110.000     8.2229   3.637914     8.2240   3.638068      96.55     1.6961     0.0418    71.7029 1.0000e-12    4.11691    34.9055    34.9060    27.1662    1485.00    1492.29 0.0000e+00
       3161    111.000     8.2222   3.638087     8.2233   3.638253      96.54     1.6919     0.0438    71.7001 1.0000e-12    4.09968    34.9075    34.9082    27.1679    1485.01    1492.22 0.0000e+00
       3185    112.000     8.2215   3.638208     8.2227   3.638368      96.54     1.6872     0.0434    71.6778 1.0000e-12    4.07906    34.9090    34.9096    27.1692    1485.03    1492.16 0.0000e+00
       3209    113.000     8.2207   3.638481     8.2219   3.638639      96.54     1.6823     0.0435    71.6562 1.0000e-12    4.06456    34.9123    34.9128    27.1719    1485.05    1492.09 0.0000e+00
       3233    114.000     8.2197   3.638629     8.2208   3.638805      96.55     1.6782     0.0409    71.6484 1.0000e-12    4.06823    34.9144    34.9151    27.1737    1485.06    1492.03 0.0000e+00
       3258    115.000     8.2194   3.638708     8.2205   3.638893      96.54     1.6761     0.0380    71.6223 1.0000e-12    4.08173    34.9150    34.9159    27.1742    1485.08    1491.97 0.0000e+00
       3282    116.000     8.2190   3.638875     8.2201   3.639067      96.54     1.6751     0.0374    71.5982 1.0000e-12    4.08906    34.9167    34.9177    27.1756    1485.09    1491.91 0.0000e+00
       3307    117.000     8.2179   3.638973     8.2190   3.639170      96.54     1.6750     0.0379    71.6107 1.0000e-12    4.09556    34.9184    34.9194    27.1771    1485.11    1491.85 0.0000e+00
       3331    118.000     8.2173   3.639079     8.2185   3.639268      96.54     1.6750     0.0413    71.6022 1.0000e-12    4.08973    34.9196    34.9204    27.1782    1485.12    1491.79 0.0000e+00
       3355    119.000     8.2172   3.639182     8.2183   3.639388      96.55     1.6735     0.0426    71.6138 1.0000e-12    4.06174    34.9203    34.9214    27.1787    1485.14    1491.74 0.0000e+00
       3380    120.000     8.2170   3.639270     8.2182   3.639470      96.54     1.6703     0.0458    71.6061 1.0000e-12    4.04237    34.9210    34.9219    27.1793    1485.16    1491.68 0.0000e+00
       3404    121.000     8.2168   3.639333     8.2179   3.639550      96.54     1.6672     0.0455    71.5866 1.0000e-12    4.04133    34.9214    34.9226    27.1796    1485.17    1491.63 0.0000e+00
       3429    122.000     8.2162   3.639381     8.2174   3.639592      96.54     1.6654     0.0428    71.5619 1.0000e-12    4.04792    34.9220    34.9231    27.1802    1485.19    1491.58 0.0000e+00
       3453    123.000     8.2159   3.639431     8.2172   3.639636      96.55     1.6642     0.0422    71.5163 1.0000e-12    4.04289    34.9223    34.9232    27.1805    1485.21    1491.52 0.0000e+00
       3477    124.000     8.2155   3.639496     8.2166   3.639717      96.54     1.6623     0.0395    71.4404 1.0000e-12    4.03437    34.9230    34.9242    27.1811    1485.22    1491.47 0.0000e+00
       3501    125.000     8.2149   3.639620     8.2161   3.639842      96.54     1.6608     0.0387    71.4358 1.0000e-12    4.03770    34.9244    34.9256    27.1823    1485.24    1491.42 0.0000e+00
       3524    126.000     8.2147   3.639678     8.2160   3.639908      96.54     1.6604     0.0377    71.4771 1.0000e-12    4.04389    34.9247    34.9259    27.1826    1485.25    1491.37 0.0000e+00
       3547    127.000     8.2145   3.639727     8.2158   3.639954      96.55     1.6596     0.0395    71.4477 1.0000e-12    4.02779    34.9250    34.9261    27.1828    1485.27    1491.33 0.0000e+00
       3570    128.000     8.2144   3.639779     8.2157   3.640005      96.55     1.6576     0.0415    71.4462 1.0000e-12    4.01698    34.9251    34.9263    27.1829    1485.29    1491.28 0.0000e+00
       3593    129.000     8.2141   3.639816     8.2153   3.640048      96.54     1.6558     0.0445    71.4428 1.0000e-12    4.00930    34.9253    34.9266    27.1831    1485.30    1491.23 0.0000e+00
       3616    130.000     8.2133   3.639924     8.2147   3.640153      96.54     1.6536     0.0454    71.4202 1.0000e-12    3.99926    34.9268    34.9279    27.1844    1485.32    1491.19 0.0000e+00
       3639    131.000     8.2127   3.639961     8.2140   3.640189      96.54     1.6512     0.0457    71.4214 1.0000e-12    3.98710    34.9273    34.9285    27.1849    1485.33    1491.14 0.0000e+00
       3662    132.000     8.2127   3.640024     8.2139   3.640252      96.55     1.6483     0.0458    71.3964 1.0000e-12    3.96861    34.9275    34.9287    27.1851    1485.35    1491.10 0.0000e+00
       3685    133.000     8.2126   3.640076     8.2138   3.640313      96.55     1.6448     0.0434    71.4012 1.0000e-12    3.95628    34.9277    34.9290    27.1852    1485.36    1491.05 0.0000e+00
       3708    134.000     8.2123   3.640134     8.2135   3.640375      96.54     1.6415     0.0434    71.3850 1.0000e-12    3.95014    34.9281    34.9295    27.1856    1485.38    1491.01 0.0000e+00
       3731    135.000     8.2121   3.640214     8.2133   3.640467      96.54     1.6388     0.0452    71.3905 1.0000e-12    3.94402    34.9287    34.9302    27.1861    1485.40    1490.97 0.0000e+00
       3754    136.000     8.2121   3.640300     8.2134   3.640543      96.55     1.6360     0.0466    71.3969 1.0000e-12    3.92533    34.9291    34.9304    27.1864    1485.41    1490.93 0.0000e+00
       3778    137.000     8.2118   3.640370     8.2131   3.640615      33.68     1.6317     0.0463    71.4000 1.0000e-12    3.91927    34.9297    34.9310    27.1869    1485.43    1490.89 0.0000e+00
       3801    138.000     8.2112   3.640396     8.2125   3.640647      92.12     1.6312     0.0455    71.3956 1.0000e-12    3.94504    34.9301    34.9315    27.1873    1485.44    1490.85 0.0000e+00
       3824    139.000     8.2107   3.640423     8.2120   3.640673      96.51     1.6300     0.0447    71.3810 1.0000e-12    3.92479    34.9304    34.9318    27.1876    1485.46    1490.81 0.0000e+00
       3847    140.000     8.2099   3.640442     8.2112   3.640696      50.47     1.6271     0.0450    71.3396 1.0000e-12    3.91518    34.9309    34.9323    27.1881    1485.47    1490.77 0.0000e+00
       3870    141.000     8.2092   3.640470     8.2106   3.640724      82.81     1.6269     0.0458    71.3683 1.0000e-12    3.93491    34.9314    34.9327    27.1886    1485.49    1490.73 0.0000e+00
       3893    142.000     8.2090   3.640526     8.2103   3.640775      96.50     1.6256     0.0442    71.3718 1.0000e-12    3.90687    34.9317    34.9331    27.1889    1485.50    1490.70 0.0000e+00
       3916    143.000     8.2087   3.640602     8.2100   3.640841      64.41     1.6223     0.0426    71.3628 1.0000e-12    3.88396    34.9323    34.9336    27.1895    1485.52    1490.66 0.0000e+00
       3939    144.000     8.2082   3.640653     8.2095   3.640905      74.27     1.6202     0.0403    71.3155 1.0000e-12    3.89898    34.9329    34.9343    27.1900    1485.53    1490.62 0.0000e+00
       3961    145.000     8.2079   3.640696     8.2092   3.640940      96.38     1.6185     0.0394    71.3046 1.0000e-12    3.88219    34.9332    34.9345    27.1902    1485.55    1490.59 0.0000e+00
       3984    146.000     8.2079   3.640751     8.2091   3.640993      80.32     1.6156     0.0415    71.3143 1.0000e-12    3.85808    34.9333    34.9347    27.1903    1485.57    1490.56 0.0000e+00
       4007    147.000     8.2076   3.640792     8.2089   3.641048      63.62     1.6125     0.0435    71.2903 1.0000e-12    3.87317    34.9335    34.9350    27.1906    1485.58    1490.52 0.0000e+00
       4029    148.000     8.2074   3.640843     8.2087   3.641105      96.49     1.6120     0.0418    71.2581 1.0000e-12    3.87161    34.9338    34.9353    27.1908    1485.60    1490.49 0.0000e+00
       4052    149.000     8.2071   3.640895     8.2084   3.641151      95.41     1.6098     0.0406    71.2858 1.0000e-12    3.83588    34.9342    34.9356    27.1911    1485.61    1490.46 0.0000e+00
       4074    150.000     8.2067   3.640944     8.2080   3.641203      55.57     1.6052     0.0413    71.2862 1.0000e-12    3.83942    34.9346    34.9361    27.1915    1485.63    1490.42 0.0000e+00
       4097    151.000     8.2062   3.641000     8.2075   3.641259      97.17     1.6048     0.0409    71.2896 1.0000e-12    3.84931    34.9352    34.9367    27.1921    1485.65    1490.39 0.0000e+00
       4121    152.000     8.2060   3.641054     8.2073   3.641321      96.54     1.6028     0.0419    71.3034 1.0000e-12    3.82490    34.9355    34.9371    27.1924    1485.66    1490.36 0.0000e+00
       4144    153.000     8.2059   3.641106     8.2072   3.641374      61.47     1.5992     0.0417    71.2932 1.0000e-12    3.82147    34.9357    34.9372    27.1925    1485.68    1490.33 0.0000e+00
       4167    154.000     8.2057   3.641159     8.2070   3.641419      96.39     1.5985     0.0423    71.2840 1.0000e-12    3.82419    34.9360    34.9374    27.1928    1485.69    1490.30 0.0000e+00
       4190    155.000     8.2056   3.641206     8.2069   3.641476      96.55     1.5959     0.0397    71.2715 1.0000e-12    3.79038    34.9361    34.9377    27.1929    1485.71    1490.27 0.0000e+00
       4212    156.000     8.2056   3.641255     8.2070   3.641520      63.26     1.5910     0.0398    71.2647 1.0000e-12    3.78288    34.9361    34.9376    27.1929    1485.73    1490.24 0.0000e+00
       4235    157.000     8.2055   3.641310     8.2069   3.641570      96.87     1.5907     0.0451    71.2444 1.0000e-12    3.80772    34.9363    34.9377    27.1931    1485.74    1490.21 0.0000e+00
       4257    158.000     8.2051   3.641353     8.2065   3.641617      96.54     1.5889     0.0457    71.2280 1.0000e-12    3.78929    34.9367    34.9381    27.1934    1485.76    1490.18 0.0000e+00
       4280    159.000     8.2049   3.641392     8.2063   3.641659      74.68     1.5867     0.0444    71.2094 1.0000e-12    3.78933    34.9368    34.9383    27.1936    1485.77    1490.16 0.0000e+00
       4303    160.000     8.2047   3.641452     8.2059   3.641718      91.56     1.5869     0.0441    71.2007 1.0000e-12    3.80395    34.9372    34.9388    27.1939    1485.79    1490.13 0.0000e+00
       4326    161.000     8.2044   3.641499     8.2057   3.641758      96.50     1.5854     0.0431    71.1984 1.0000e-12    3.77745    34.9375    34.9390    27.1942    1485.81    1490.10 0.0000e+00
       4349    162.000     8.2043   3.641551     8.2056   3.641817      82.94     1.5828     0.0428    71.1984 1.0000e-12    3.76102    34.9377    34.9392    27.1943    1485.82    1490.07 0.0000e+00
