_data/ctd/2016/Sta0943_2016.cnv
* Sea-Bird SBE 9 Data File:
* FileName = C:\Seabird\CTDDATA\sta0943.hex
* Software Version Seasave V 7.21f
* Temperature SN = 5458
* Conductivity SN = 044221
* Number of Bytes Per Scan = 41
* Number of Voltage Words = 4
* Number of Scans Averaged by the Deck Unit = 1
* NMEA Latitude = 60 50.22 N
* NMEA Longitude = 004 59.75 E
* NMEA UTC (Time) = Sep 20 2016 00:16:06
** Ship: 01 F/F "Håkon Mosby"
** Station: 0943
** Echodepth: 357
** Log: 3285.3
** Wind-Dir Force: 03 01
** Air-temp (dry): 13
** Weather Sky: 2 9
** Sea Ice: 2 0
** UNIS station:
# nquan = 18                                
# nvalues = 344                         
# units = specified
# name 0 = scan: Scan Count
# name 1 = prDM: Pressure, Digiquartz [db]
# name 2 = t068C: Temperature [ITS-68, deg C]
# name 3 = c0S/m: Conductivity [S/m]
# name 4 = t168C: Temperature, 2 [ITS-68, deg C]
# name 5 = c1S/m: Conductivity, 2 [S/m]
# name 6 = altM: Altimeter [m]
# name 7 = sbeox0V: Oxygen raw, SBE 43 [V]
# name 8 = flC: Fluorescence, Chelsea Aqua 3 Chl Con [ug/l]
# name 9 = xmiss: Beam Transmission, Chelsea/Seatech [%]
# name 10 = par: PAR/Irradiance, Biospherical/Licor
# name 11 = sbeox0ML/L: Oxygen, SBE 43 [ml/l], WS = 2
# name 12 = sal00: Salinity, Practical [PSU]
# name 13 = sal11: Salinity, Practical, 2 [PSU]
# name 14 = sigma-t00: Density [sigma-t, Kg/m^3 ]
# name 15 = svCM: Sound Velocity [Chen-Millero, m/s]
# name 16 = avgsvCM: Average Sound Velocity [Chen-Millero, m/s], minP = 0, minS = 0
# name 17 = flag: flag
# span 0 =        404,       8594       
# span 1 =      3.000,    346.000       
# span 2 =     7.7658,    15.9636       
# span 3 =   3.349345,   3.927780       
# span 4 =     7.7672,    16.0463       
# span 5 =   3.364749,   3.928771       
# span 6 =      18.29,      98.02       
# span 7 =     1.9061,     2.3704       
# span 8 =     0.0264,     0.8404       
# span 9 =    63.7287,    71.9139       
# span 10 = -5.836e-05, 2.5942e-01      
# span 11 =    4.91640,    5.74022      
# span 12 =    25.9250,    35.1271      
# span 13 =    26.0029,    35.1286      
# span 14 =    18.7892,    27.4088      
# span 15 =    1484.12,    1505.12      
# span 16 =    1488.72,    1503.67      
# span 17 = 0.0000e+00, 0.0000e+00      
# interval = decibars: 1                
# start_time = Sep 20 2016 00:16:08 [System UTC, first data scan.]
# bad_flag = -9.990e-29
*END*
        404      3.000    15.9636   3.349345    16.0463   3.364749      98.02     2.3592     0.7395    65.1349 2.5942e-01    5.74022    25.9250    26.0029    18.7892    1499.26    1499.26 0.0000e+00
        464      4.000    15.9519   3.515602    15.9168   3.505228      71.45     2.3673     0.7609    64.8550 1.3335e-01    5.71338    27.3614    27.2961    19.8927    1500.89    1499.67 0.0000e+00
        513      5.000    15.8815   3.678554    15.8777   3.679016      64.22     2.3652     0.7834    63.7287 6.3253e-02    5.65384    28.8226    28.8294    21.0286    1502.37    1500.21 0.0000e+00
        558      6.000    15.8698   3.687389    15.8713   3.687501      93.66     2.3686     0.8297    64.2694 2.2678e-02    5.67882    28.9076    28.9075    21.0965    1502.45    1500.58 0.0000e+00
        598      7.000    15.8370   3.702591    15.8379   3.702307      61.23     2.3704     0.8404    64.5861 3.2454e-03    5.66698    29.0637    29.0606    21.2233    1502.54    1500.86 0.0000e+00
        635      8.000    15.7444   3.759954    15.7515   3.753789      89.66     2.3651     0.7573    65.2148 -5.836e-05    5.58865    29.6333    29.5740    21.6807    1502.92    1501.12 0.0000e+00
        671      9.000    15.6421   3.787524    15.6431   3.787041      64.16     2.3464     0.6072    66.2658 1.0000e-12    5.46494    29.9520    29.9470    21.9476    1502.98    1501.32 0.0000e+00
        703     10.000    15.6377   3.797481    15.6422   3.798328      96.66     2.3193     0.5108    67.1574 1.0000e-12    5.36516    30.0425    30.0466    22.0181    1503.09    1501.50 0.0000e+00
        733     11.000    15.6149   3.822717    15.6168   3.821824      55.20     2.2975     0.4518    67.8041 1.0000e-12    5.34208    30.2818    30.2725    22.2068    1503.31    1501.67 0.0000e+00
        760     12.000    15.5412   3.837318    15.5451   3.836471      96.18     2.2867     0.3840    68.4923 1.0000e-12    5.32200    30.4670    30.4565    22.3651    1503.31    1501.80 0.0000e+00
        786     13.000    15.5346   3.840755    15.5369   3.840953      83.91     2.2718     0.3306    68.9068 1.0000e-12    5.25537    30.5021    30.5020    22.3935    1503.35    1501.92 0.0000e+00
        812     14.000    15.5659   3.849588    15.5681   3.848682      67.44     2.2567     0.3026    69.3675 1.0000e-12    5.23138    30.5555    30.5458    22.4278    1503.52    1502.03 0.0000e+00
        837     15.000    15.7036   3.876935    15.7119   3.875271      96.48     2.2477     0.2874    69.4859 1.0000e-12    5.21701    30.6896    30.6685    22.5009    1504.13    1502.17 0.0000e+00
        861     16.000    15.7787   3.897350    15.7801   3.896823      81.70     2.2443     0.2902    69.6310 1.0000e-12    5.23568    30.8107    30.8049    22.5774    1504.52    1502.32 0.0000e+00
        885     17.000    15.7762   3.903276    15.7774   3.902900      69.38     2.2460     0.2822    69.7505 1.0000e-12    5.26437    30.8644    30.8602    22.6193    1504.59    1502.45 0.0000e+00
        907     18.000    15.8048   3.910987    15.8043   3.909808      96.36     2.2487     0.2691    69.8267 1.0000e-12    5.27022    30.9096    30.8996    22.6477    1504.75    1502.58 0.0000e+00
        931     19.000    15.8603   3.920562    15.8612   3.920183      86.66     2.2515     0.2626    69.9246 1.0000e-12    5.25854    30.9501    30.9461    22.6666    1504.99    1502.71 0.0000e+00
        956     20.000    15.8890   3.925630    15.8930   3.925885      71.87     2.2517     0.2618    69.9679 1.0000e-12    5.26003    30.9719    30.9710    22.6770    1505.12    1502.83 0.0000e+00
        980     21.000    15.8788   3.925343    15.8782   3.925415      96.55     2.2545     0.2605    69.9833 1.0000e-12    5.27830    30.9770    30.9781    22.6832    1505.11    1502.94 0.0000e+00
       1006     22.000    15.8674   3.927156    15.8741   3.927806      83.70     2.2565     0.2595    69.9958 1.0000e-12    5.26735    31.0015    31.0019    22.7045    1505.12    1503.04 0.0000e+00
       1030     23.000    15.8331   3.927780    15.8356   3.928771      81.14     2.2560     0.2460    70.0699 1.0000e-12    5.26774    31.0334    31.0402    22.7366    1505.06    1503.12 0.0000e+00
       1056     24.000    15.7757   3.921836    15.7771   3.922127      96.51     2.2554     0.2285    70.1756 1.0000e-12    5.25370    31.0257    31.0272    22.7433    1504.89    1503.20 0.0000e+00
       1082     25.000    15.7730   3.922332    15.7745   3.922570      80.42     2.2500     0.2151    70.2738 1.0000e-12    5.22026    31.0319    31.0328    22.7486    1504.91    1503.27 0.0000e+00
       1107     26.000    15.7713   3.923047    15.7731   3.923189      90.39     2.2456     0.2107    70.3051 1.0000e-12    5.22460    31.0391    31.0390    22.7546    1504.93    1503.33 0.0000e+00
       1133     27.000    15.7664   3.927381    15.7669   3.927403      96.49     2.2432     0.2079    70.4043 1.0000e-12    5.21701    31.0808    31.0806    22.7877    1504.98    1503.39 0.0000e+00
       1157     28.000    15.7008   3.924194    15.6963   3.924219      79.89     2.2393     0.1977    70.3931 1.0000e-12    5.20916    31.1039    31.1077    22.8198    1504.81    1503.44 0.0000e+00
       1182     29.000    15.6355   3.926659    15.6381   3.927073      94.71     2.2375     0.1813    70.4821 1.0000e-12    5.21732    31.1768    31.1784    22.8901    1504.71    1503.48 0.0000e+00
       1207     30.000    15.5409   3.924227    15.5423   3.924521      96.56     2.2342     0.1622    70.5465 1.0000e-12    5.20295    31.2297    31.2312    22.9515    1504.49    1503.52 0.0000e+00
       1232     31.000    15.5271   3.923988    15.5282   3.924268      83.62     2.2292     0.1464    70.6468 1.0000e-12    5.17997    31.2382    31.2398    22.9610    1504.47    1503.55 0.0000e+00
       1258     32.000    15.5197   3.923834    15.5218   3.924162      96.56     2.2235     0.1427    70.7535 1.0000e-12    5.16889    31.2423    31.2436    22.9658    1504.47    1503.58 0.0000e+00
       1283     33.000    15.5121   3.923290    15.5154   3.923783      96.56     2.2199     0.1317    70.7384 1.0000e-12    5.17369    31.2431    31.2449    22.9681    1504.46    1503.60 0.0000e+00
       1308     34.000    15.5004   3.922498    15.5024   3.922877      86.20     2.2180     0.1263    70.7641 1.0000e-12    5.18750    31.2450    31.2468    22.9721    1504.44    1503.63 0.0000e+00
       1334     35.000    15.4778   3.921172    15.4822   3.922013      96.63     2.2196     0.1283    70.8127 1.0000e-12    5.19760    31.2508    31.2548    22.9814    1504.40    1503.65 0.0000e+00
       1359     36.000    15.3846   3.914098    15.3843   3.914625      96.44     2.2177     0.1236    70.8293 1.0000e-12    5.17532    31.2616    31.2665    23.0099    1504.13    1503.66 0.0000e+00
       1387     37.000    15.3261   3.911576    15.3275   3.912189      91.38     2.2129     0.1145    70.8949 1.0000e-12    5.16166    31.2853    31.2897    23.0408    1503.99    1503.67 0.0000e+00
       1413     38.000    15.0948   3.896774    15.1033   3.899784      96.63     2.2085     0.1085    70.9800 1.0000e-12    5.16395    31.3374    31.3575    23.1306    1503.33    1503.66 0.0000e+00
       1439     39.000    14.7411   3.873003    14.7356   3.874097      96.30     2.2008     0.0961    71.0590 1.0000e-12    5.14194    31.4073    31.4217    23.2595    1502.30    1503.63 0.0000e+00
       1465     40.000    14.5353   3.855150    14.5360   3.856769      96.20     2.1890     0.0840    71.0843 1.0000e-12    5.11873    31.4116    31.4257    23.3060    1501.66    1503.58 0.0000e+00
       1491     41.000    14.3451   3.840371    14.3454   3.841756      96.48     2.1784     0.0770    71.1667 1.0000e-12    5.10768    31.4310    31.4434    23.3605    1501.08    1503.52 0.0000e+00
       1516     42.000    14.1866   3.829788    14.1850   3.830803      96.55     2.1674     0.0766    71.2353 1.0000e-12    5.09040    31.4630    31.4735    23.4178    1500.62    1503.45 0.0000e+00
       1541     43.000    14.0038   3.824513    14.0013   3.825492      96.55     2.1573     0.0752    71.2468 1.0000e-12    5.07974    31.5636    31.5747    23.5329    1500.15    1503.37 0.0000e+00
       1567     44.000    13.7148   3.813201    13.7133   3.813623      96.55     2.1473     0.0714    71.2900 1.0000e-12    5.07218    31.6968    31.7020    23.6943    1499.38    1503.28 0.0000e+00
       1594     45.000    13.5910   3.822877    13.5935   3.822021      96.55     2.1358     0.0666    71.3293 1.0000e-12    5.04010    31.8889    31.8789    23.8676    1499.21    1503.19 0.0000e+00
       1620     46.000    13.5497   3.834566    13.5522   3.835127      96.55     2.1260     0.0671    71.3018 1.0000e-12    5.03380    32.0317    32.0348    23.9862    1499.26    1503.10 0.0000e+00
       1648     47.000    13.5136   3.834067    13.5153   3.834350      96.55     2.1196     0.0648    71.3265 1.0000e-12    5.03709    32.0569    32.0581    24.0129    1499.18    1503.02 0.0000e+00
       1674     48.000    13.4650   3.834941    13.4661   3.835137      96.55     2.1157     0.0672    71.3534 1.0000e-12    5.04813    32.1055    32.1064    24.0602    1499.10    1502.94 0.0000e+00
       1701     49.000    13.3759   3.835235    13.3745   3.835480      96.55     2.1139     0.0680    71.3686 1.0000e-12    5.04838    32.1829    32.1864    24.1378    1498.91    1502.86 0.0000e+00
       1728     50.000    13.2040   3.828175    13.1689   3.827181      96.55     2.1101     0.0650    71.3964 1.0000e-12    5.03837    32.2619    32.2823    24.2330    1498.45    1502.77 0.0000e+00
       1754     51.000    12.9487   3.808162    12.9391   3.807844      96.56     2.1048     0.0658    71.4322 1.0000e-12    5.03979    32.2902    32.2954    24.3050    1497.64    1502.67 0.0000e+00
       1779     52.000    12.8423   3.800749    12.8433   3.800525      96.55     2.0995     0.0605    71.4911 1.0000e-12    5.03988    32.3106    32.3076    24.3415    1497.33    1502.56 0.0000e+00
       1804     53.000    12.8579   3.806178    12.8597   3.806145      96.55     2.0952     0.0603    71.5137 1.0000e-12    5.03832    32.3482    32.3464    24.3676    1497.44    1502.47 0.0000e+00
       1826     54.000    12.8257   3.808188    12.8253   3.808519      96.56     2.0941     0.0629    71.5371 1.0000e-12    5.05850    32.3944    32.3979    24.4096    1497.40    1502.37 0.0000e+00
       1846     55.000    12.6075   3.798863    12.5990   3.800009      96.56     2.0942     0.0595    71.4764 1.0000e-12    5.05984    32.4930    32.5113    24.5282    1496.80    1502.27 0.0000e+00
       1865     56.000    12.3601   3.787098    12.3533   3.788823      96.56     2.0900     0.0574    71.5128 1.0000e-12    5.03587    32.5944    32.6168    24.6540    1496.10    1502.16 0.0000e+00
       1884     57.000    11.8401   3.762290    11.8287   3.763886      96.55     2.0838     0.0578    71.4970 1.0000e-12    5.04237    32.8097    32.8352    24.9186    1494.59    1502.03 0.0000e+00
       1904     58.000    11.7280   3.763001    11.7311   3.762154      96.55     2.0752     0.0573    71.4708 1.0000e-12    5.03077    32.9153    32.9043    25.0213    1494.34    1501.89 0.0000e+00
       1923     59.000    11.7581   3.774611    11.7598   3.774269      96.56     2.0708     0.0580    71.4760 1.0000e-12    5.06783    33.0012    32.9964    25.0825    1494.57    1501.77 0.0000e+00
       1943     60.000    11.8458   3.790936    11.8445   3.790104      96.56     2.0719     0.0580    71.5056 1.0000e-12    5.09925    33.0817    33.0747    25.1288    1494.98    1501.66 0.0000e+00
       1962     61.000    11.5955   3.773812    11.5882   3.775691      96.55     2.0743     0.0569    71.5397 1.0000e-12    5.11190    33.1374    33.1623    25.2183    1494.20    1501.53 0.0000e+00
       1981     62.000    11.5060   3.774798    11.5092   3.773754      96.56     2.0716     0.0572    71.5880 1.0000e-12    5.05440    33.2268    33.2137    25.3042    1494.01    1501.41 0.0000e+00
       1999     63.000    11.4311   3.772772    11.4281   3.774311      96.56     2.0647     0.0569    71.5793 1.0000e-12    5.02691    33.2738    33.2917    25.3544    1493.83    1501.29 0.0000e+00
       2018     64.000    11.1868   3.753719    11.1846   3.755492      96.55     2.0596     0.0555    71.5953 1.0000e-12    5.03648    33.3061    33.3256    25.4237    1493.03    1501.16 0.0000e+00
       2038     65.000    11.1586   3.758176    11.1618   3.757341      96.55     2.0527     0.0558    71.6107 1.0000e-12    5.01590    33.3753    33.3641    25.4826    1493.03    1501.03 0.0000e+00
       2058     66.000    11.1664   3.762615    11.1683   3.762779      96.55     2.0479     0.0555    71.5549 1.0000e-12    5.03524    33.4117    33.4116    25.5095    1493.12    1500.91 0.0000e+00
       2078     67.000    11.1331   3.760369    11.1332   3.761078      18.29     2.0464     0.0544    71.6671 1.0000e-12    5.06267    33.4192    33.4262    25.5214    1493.03    1500.80 0.0000e+00
       2098     68.000    10.8792   3.743996    10.8727   3.746418      95.28     2.0469     0.0554    71.6716 1.0000e-12    5.07654    33.4875    33.5176    25.6198    1492.23    1500.67 0.0000e+00
       2119     69.000    10.4892   3.719716    10.4866   3.721330      96.55     2.0428     0.0548    71.6859 1.0000e-12    5.05319    33.6022    33.6208    25.7774    1491.01    1500.53 0.0000e+00
       2139     70.000    10.3150   3.710217    10.3075   3.710796      68.99     2.0347     0.0549    71.7121 1.0000e-12    5.04043    33.6670    33.6798    25.8580    1490.48    1500.38 0.0000e+00
       2159     71.000    10.1471   3.696717    10.1435   3.697220      52.57     2.0307     0.0536    71.7572 1.0000e-12    5.10322    33.6858    33.6943    25.9013    1489.92    1500.24 0.0000e+00
       2180     72.000     9.9386   3.685593     9.9386   3.687266      96.66     2.0307     0.0551    71.7427 1.0000e-12    5.14060    33.7667    33.7837    25.9997    1489.28    1500.08 0.0000e+00
       2201     73.000     9.7886   3.674129     9.7894   3.675253      96.55     2.0302     0.0562    71.7377 1.0000e-12    5.15073    33.7896    33.8003    26.0426    1488.79    1499.93 0.0000e+00
       2221     74.000     9.6912   3.665880     9.6920   3.666648      36.17     2.0289     0.0542    71.8028 1.0000e-12    5.16822    33.7960    33.8032    26.0638    1488.46    1499.77 0.0000e+00
       2242     75.000     9.6701   3.664941     9.6708   3.664855      95.22     2.0306     0.0552    71.8324 1.0000e-12    5.19797    33.8058    33.8042    26.0749    1488.41    1499.62 0.0000e+00
       2262     76.000     9.6299   3.663153     9.6321   3.664090      96.55     2.0320     0.0581    71.8345 1.0000e-12    5.20090    33.8248    33.8323    26.0964    1488.30    1499.47 0.0000e+00
       2284     77.000     9.5410   3.657455     9.5387   3.657700      70.32     2.0327     0.0592    71.8531 1.0000e-12    5.20090    33.8495    33.8542    26.1304    1488.03    1499.32 0.0000e+00
       2307     78.000     9.4611   3.651562     9.4624   3.651898      69.70     2.0326     0.0557    71.8616 1.0000e-12    5.21496    33.8637    33.8660    26.1546    1487.77    1499.17 0.0000e+00
       2329     79.000     9.4564   3.654941     9.4575   3.654351      96.39     2.0335     0.0547    71.8909 1.0000e-12    5.22090    33.9026    33.8955    26.1857    1487.82    1499.02 0.0000e+00
       2351     80.000     9.3581   3.649352     9.3599   3.651683      87.87     2.0340     0.0542    71.8678 1.0000e-12    5.21657    33.9375    33.9599    26.2290    1487.52    1498.88 0.0000e+00
       2373     81.000     9.1579   3.633569     9.1591   3.633759      56.49     2.0323     0.0533    71.8819 1.0000e-12    5.22004    33.9636    33.9644    26.2817    1486.83    1498.73 0.0000e+00
       2394     82.000     9.2266   3.645978     9.2301   3.644269      96.29     2.0301     0.0517    71.8760 1.0000e-12    5.20482    34.0266    34.0056    26.3200    1487.18    1498.59 0.0000e+00
