_data/ctd/2016/Sta0941_2016.cnv
* Sea-Bird SBE 9 Data File:
* FileName = C:\Seabird\CTDDATA\sta0941.hex
* Software Version Seasave V 7.21f
* Temperature SN = 5458
* Conductivity SN = 044221
* Number of Bytes Per Scan = 41
* Number of Voltage Words = 4
* Number of Scans Averaged by the Deck Unit = 1
* NMEA Latitude = 59 57.18 N
* NMEA Longitude = 005 47.33 E
* NMEA UTC (Time) = Sep 19 2016 06:10:14
** Ship: 01 F/F "Håkon Mosby"
** Station: 0941
** Echodepth: 429
** Log: 3194.182
** Wind-Dir Force: 19 02
** Air-temp (dry): 14.7
** Weather Sky: 1 3
** Sea Ice: 2 0
** UNIS station:
# nquan = 18                                
# nvalues = 418                         
# units = specified
# name 0 = scan: Scan Count
# name 1 = prDM: Pressure, Digiquartz [db]
# name 2 = t068C: Temperature [ITS-68, deg C]
# name 3 = c0S/m: Conductivity [S/m]
# name 4 = t168C: Temperature, 2 [ITS-68, deg C]
# name 5 = c1S/m: Conductivity, 2 [S/m]
# name 6 = altM: Altimeter [m]
# name 7 = sbeox0V: Oxygen raw, SBE 43 [V]
# name 8 = flC: Fluorescence, Chelsea Aqua 3 Chl Con [ug/l]
# name 9 = xmiss: Beam Transmission, Chelsea/Seatech [%]
# name 10 = par: PAR/Irradiance, Biospherical/Licor
# name 11 = sbeox0ML/L: Oxygen, SBE 43 [ml/l], WS = 2
# name 12 = sal00: Salinity, Practical [PSU]
# name 13 = sal11: Salinity, Practical, 2 [PSU]
# name 14 = sigma-t00: Density [sigma-t, Kg/m^3 ]
# name 15 = svCM: Sound Velocity [Chen-Millero, m/s]
# name 16 = avgsvCM: Average Sound Velocity [Chen-Millero, m/s], minP = 0, minS = 0
# name 17 = flag: flag
# span 0 =        445,      11901       
# span 1 =      3.000,    420.000       
# span 2 =     7.5024,    16.7418       
# span 3 =   2.235433,   3.916308       
# span 4 =     7.5036,    16.7411       
# span 5 =   2.235549,   3.915833       
# span 6 =     -35.75,      97.25       
# span 7 =     1.7682,     2.4871       
# span 8 =     0.0263,     1.0125       
# span 9 =    27.1527,    72.2813       
# span 10 = -6.171e-06, 3.7715e+01      
# span 11 =    4.68620,    6.39110      
# span 12 =    16.3028,    35.0250      
# span 13 =    16.3040,    35.0224      
# span 14 =    11.2735,    27.3673      
# span 15 =    1484.00,    1504.67      
# span 16 =    1487.57,    1501.96      
# span 17 = 0.0000e+00, 0.0000e+00      
# interval = decibars: 1                
# start_time = Sep 19 2016 06:10:15 [System UTC, first data scan.]
# bad_flag = -9.990e-29
*END*
        445      3.000    16.7418   2.235433    16.7411   2.235549      96.54     2.4871     0.7110    63.6243 3.7715e+01    6.39110    16.3028    16.3040    11.2735    1490.73    1490.73 0.0000e+00
        473      4.000    16.6333   2.382054    16.6398   2.348429      96.53     2.4859     0.7530    63.3101 2.5993e+01    6.34201    17.5231    17.2497    12.2264    1491.79    1490.99 0.0000e+00
        502      5.000    16.3411   2.961909    16.3379   2.936295      96.54     2.4815     0.8604    51.5107 1.7476e+01    6.14240    22.4217    22.2100    16.0281    1496.47    1492.09 0.0000e+00
        530      6.000    16.1258   3.402916    16.1224   3.388335      96.53     2.4713     0.9192    30.1024 1.2023e+01    5.99624    26.2761    26.1537    19.0236    1500.23    1493.44 0.0000e+00
        559      7.000    16.1522   3.582040    16.1525   3.573043      96.53     2.4640     0.9951    27.1527 8.4478e+00    5.86352    27.7941    27.7165    20.1811    1502.07    1494.66 0.0000e+00
        586      8.000    16.1220   3.733783    16.1239   3.728719      96.54     2.4344     1.0125    29.0649 5.9436e+00    5.61533    29.1258    29.0805    21.2088    1503.52    1495.77 0.0000e+00
        614      9.000    16.1424   3.764953    16.1443   3.763558      96.53     2.3968     0.9697    33.2905 4.1968e+00    5.48794    29.3807    29.3672    21.3998    1503.89    1496.66 0.0000e+00
        642     10.000    16.1470   3.781772    16.1484   3.781026      91.00     2.3607     0.8957    45.0882 3.0366e+00    5.41022    29.5229    29.5154    21.5079    1504.09    1497.40 0.0000e+00
        670     11.000    16.1030   3.789950    16.1040   3.788718      95.05     2.3381     0.8309    54.5935 2.2676e+00    5.42662    29.6262    29.6148    21.5969    1504.09    1498.01 0.0000e+00
        698     12.000    16.0272   3.813342    16.0287   3.812040      96.54     2.3255     0.7348    60.3203 1.7310e+00    5.41629    29.8862    29.8737    21.8130    1504.17    1498.52 0.0000e+00
        726     13.000    16.0308   3.823661    16.0319   3.821719      92.76     2.3128     0.6669    62.6876 1.3413e+00    5.36697    29.9731    29.9553    21.8789    1504.29    1498.96 0.0000e+00
        754     14.000    16.0083   3.846364    16.0103   3.845411      95.89     2.2993     0.6036    64.2105 1.0683e+00    5.32317    30.1878    30.1780    22.0487    1504.49    1499.36 0.0000e+00
        782     15.000    15.9534   3.857928    15.9548   3.857023      96.30     2.2867     0.5220    65.6960 8.6261e-01    5.29504    30.3304    30.3214    22.1702    1504.50    1499.70 0.0000e+00
        810     16.000    15.8663   3.877533    15.8679   3.876095      96.54     2.2752     0.4312    66.6697 7.0916e-01    5.25717    30.5686    30.5548    22.3723    1504.52    1500.00 0.0000e+00
        837     17.000    15.8305   3.892503    15.8308   3.890596      96.54     2.2624     0.3464    67.6205 5.9524e-01    5.22580    30.7274    30.7104    22.5021    1504.60    1500.27 0.0000e+00
        861     18.000    15.7579   3.913480    15.7589   3.912969      96.53     2.2543     0.2819    68.1696 5.0625e-01    5.20951    30.9682    30.9629    22.7030    1504.67    1500.51 0.0000e+00
        885     19.000    15.6645   3.916308    15.6664   3.915833      96.54     2.2452     0.2344    68.7656 4.3436e-01    5.18067    31.0661    31.0604    22.7987    1504.51    1500.72 0.0000e+00
        909     20.000    15.5870   3.913712    15.5885   3.913598      96.54     2.2351     0.2042    69.2301 3.8354e-01    5.15214    31.1038    31.1016    22.8446    1504.32    1500.90 0.0000e+00
        933     21.000    15.4972   3.913565    15.4983   3.913134      96.53     2.2247     0.1871    69.7854 3.3895e-01    5.13358    31.1730    31.1684    22.9174    1504.14    1501.05 0.0000e+00
        957     22.000    15.4584   3.914740    15.4601   3.914333      96.53     2.2160     0.1709    70.0737 2.9772e-01    5.12466    31.2138    31.2089    22.9572    1504.08    1501.19 0.0000e+00
        980     23.000    15.4453   3.915462    15.4472   3.915205      96.54     2.2089     0.1587    70.1931 2.6052e-01    5.11126    31.2303    31.2265    22.9727    1504.07    1501.32 0.0000e+00
       1004     24.000    15.3892   3.913940    15.3900   3.913613      96.53     2.2037     0.1519    70.3598 2.2901e-01    5.11927    31.2609    31.2574    23.0084    1503.95    1501.43 0.0000e+00
       1028     25.000    15.3178   3.912961    15.3194   3.912820      96.53     2.2001     0.1419    70.4497 2.0354e-01    5.11646    31.3087    31.3061    23.0606    1503.79    1501.52 0.0000e+00
       1051     26.000    15.2957   3.913450    15.2974   3.913027      96.53     2.1958     0.1330    70.5981 1.7661e-01    5.10456    31.3303    31.3251    23.0820    1503.76    1501.61 0.0000e+00
       1075     27.000    15.2768   3.913548    15.2792   3.913226      96.54     2.1928     0.1295    70.6784 1.5132e-01    5.10653    31.3459    31.3411    23.0980    1503.74    1501.69 0.0000e+00
       1099     28.000    15.2169   3.911889    15.2156   3.911800      96.53     2.1894     0.1225    70.7412 1.3038e-01    5.09532    31.3785    31.3788    23.1361    1503.60    1501.75 0.0000e+00
       1123     29.000    15.1044   3.907963    15.1080   3.907718      96.54     2.1859     0.1202    70.8129 1.0980e-01    5.09181    31.4332    31.4281    23.2023    1503.32    1501.81 0.0000e+00
       1146     30.000    15.0819   3.908485    15.0834   3.908064      96.53     2.1811     0.1111    70.8606 9.7676e-02    5.07155    31.4556    31.4506    23.2243    1503.30    1501.86 0.0000e+00
       1169     31.000    14.9885   3.906896    14.9897   3.906752      96.54     2.1758     0.1009    70.9523 8.1614e-02    5.05587    31.5161    31.5139    23.2909    1503.08    1501.90 0.0000e+00
       1193     32.000    14.8868   3.904074    14.8868   3.904078      96.53     2.1691     0.0962    71.0149 7.0481e-02    5.04290    31.5725    31.5725    23.3559    1502.84    1501.93 0.0000e+00
       1216     33.000    14.7780   3.899962    14.7778   3.899720      96.54     2.1635     0.0898    71.0733 6.1303e-02    5.04239    31.6232    31.6212    23.4180    1502.57    1501.95 0.0000e+00
       1240     34.000    14.7258   3.898032    14.7268   3.897951      96.53     2.1582     0.0832    71.0986 4.7940e-02    5.03549    31.6478    31.6462    23.4480    1502.45    1501.96 0.0000e+00
       1264     35.000    14.4235   3.884253    14.4264   3.885298      29.48     2.1536     0.0768    71.2246 3.8745e-02    5.05156    31.7691    31.7762    23.6049    1501.63    1501.95 0.0000e+00
       1288     36.000    14.2628   3.875663    14.2652   3.876170      96.79     2.1484     0.0675    71.2886 2.8072e-02    5.03112    31.8223    31.8250    23.6793    1501.19    1501.93 0.0000e+00
       1312     37.000    14.0870   3.866132    14.0795   3.865841      96.53     2.1400     0.0620    71.3252 2.0364e-02    5.00390    31.8797    31.8832    23.7598    1500.70    1501.90 0.0000e+00
       1336     38.000    14.0269   3.863235    14.0283   3.863026      29.66     2.1298     0.0602    71.3810 1.4382e-02    4.98658    31.9024    31.8993    23.7896    1500.54    1501.86 0.0000e+00
       1359     39.000    13.9972   3.862451    13.9986   3.862197      96.14     2.1245     0.0604    71.3721 1.1271e-02    5.00271    31.9194    31.9159    23.8089    1500.48    1501.83 0.0000e+00
       1383     40.000    13.9414   3.861034    13.9424   3.860817      96.54     2.1204     0.0624    71.4192 6.7421e-03    4.99904    31.9523    31.9495    23.8456    1500.36    1501.79 0.0000e+00
       1407     41.000    13.7248   3.855717    13.7251   3.856215      37.43     2.1162     0.0635    71.4944 1.4418e-03    5.00561    32.0834    32.0877    23.9909    1499.81    1501.74 0.0000e+00
       1431     42.000    13.5065   3.848795    13.5079   3.848653      96.95     2.1121     0.0601    71.4788 -6.171e-06    4.99438    32.2020    32.1995    24.1265    1499.25    1501.68 0.0000e+00
       1455     43.000    13.4136   3.845682    13.4144   3.845774      96.54     2.1050     0.0552    71.5262 -1.330e-07    4.98338    32.2510    32.2512    24.1830    1499.02    1501.62 0.0000e+00
       1479     44.000    13.3088   3.841854    13.3104   3.841815      46.14     2.0998     0.0516    71.6269 1.0000e-12    5.00019    32.3036    32.3018    24.2445    1498.75    1501.55 0.0000e+00
       1504     45.000    13.2044   3.838095    13.2058   3.838042      96.82     2.0997     0.0492    71.6582 1.0000e-12    5.02967    32.3566    32.3549    24.3062    1498.48    1501.49 0.0000e+00
       1528     46.000    13.0697   3.830108    13.0689   3.830798      96.53     2.0981     0.0505    71.7157 1.0000e-12    5.02608    32.3959    32.4031    24.3632    1498.09    1501.41 0.0000e+00
       1552     47.000    12.8796   3.820526    12.8801   3.820397      52.41     2.0957     0.0500    71.7515 1.0000e-12    5.03688    32.4678    32.4662    24.4560    1497.55    1501.33 0.0000e+00
       1576     48.000    12.8189   3.818569    12.8199   3.818406      96.84     2.0945     0.0517    71.7968 1.0000e-12    5.04757    32.5010    32.4986    24.4935    1497.41    1501.25 0.0000e+00
       1600     49.000    12.7928   3.816951    12.7947   3.817005      96.53     2.0935     0.0508    71.8073 1.0000e-12    5.05055    32.5077    32.5066    24.5038    1497.34    1501.17 0.0000e+00
       1624     50.000    12.5949   3.803809    12.5884   3.804698      56.61     2.0931     0.0491    71.8060 1.0000e-12    5.07469    32.5531    32.5671    24.5771    1496.75    1501.08 0.0000e+00
       1647     51.000    12.1739   3.775404    12.1711   3.776984      96.30     2.0927     0.0498    71.8499 1.0000e-12    5.07884    32.6462    32.6639    24.7294    1495.44    1500.97 0.0000e+00
       1671     52.000    11.8952   3.752935    11.8939   3.753788      96.54     2.0846     0.0514    71.8642 1.0000e-12    5.05286    32.6726    32.6820    24.8020    1494.53    1500.84 0.0000e+00
       1696     53.000    11.5641   3.735010    11.5597   3.736366      62.84     2.0778     0.0497    71.8719 1.0000e-12    5.09274    32.7894    32.8066    24.9536    1493.54    1500.70 0.0000e+00
       1720     54.000    11.2110   3.711818    11.2108   3.712558      96.88     2.0752     0.0499    71.8759 1.0000e-12    5.13272    32.8751    32.8826    25.0841    1492.43    1500.55 0.0000e+00
       1745     55.000    11.1407   3.707141    11.1422   3.707038      96.53     2.0718     0.0502    71.9054 1.0000e-12    5.14973    32.8913    32.8890    25.1093    1492.22    1500.40 0.0000e+00
       1769     56.000    11.0650   3.703297    11.0654   3.703318      70.27     2.0722     0.0461    71.9370 1.0000e-12    5.18050    32.9206    32.9205    25.1455    1492.01    1500.25 0.0000e+00
       1794     57.000    10.9772   3.701917    10.9785   3.701635      96.55     2.0737     0.0469    72.0014 1.0000e-12    5.17980    32.9853    32.9813    25.2114    1491.79    1500.10 0.0000e+00
       1817     58.000    10.8990   3.698056    10.8998   3.698149      96.53     2.0715     0.0479    72.0117 1.0000e-12    5.15682    33.0169    33.0171    25.2498    1491.57    1499.95 0.0000e+00
       1841     59.000    10.7958   3.693307    10.7957   3.693345      72.04     2.0680     0.0453    71.9673 1.0000e-12    5.15990    33.0623    33.0627    25.3033    1491.28    1499.80 0.0000e+00
       1865     60.000    10.7207   3.689895    10.7218   3.689615      96.82     2.0667     0.0471    72.0420 1.0000e-12    5.17035    33.0957    33.0919    25.3425    1491.07    1499.66 0.0000e+00
       1888     61.000    10.6539   3.687767    10.6540   3.687495      96.54     2.0641     0.0490    72.0680 1.0000e-12    5.16275    33.1346    33.1317    25.3844    1490.89    1499.51 0.0000e+00
       1912     62.000    10.5644   3.685436    10.5644   3.685451      77.77     2.0617     0.0487    72.0804 1.0000e-12    5.16861    33.1921    33.1923    25.4448    1490.66    1499.37 0.0000e+00
       1936     63.000    10.4201   3.684127    10.4210   3.683625      96.75     2.0601     0.0451    72.0726 1.0000e-12    5.16337    33.3102    33.3044    25.5617    1490.31    1499.22 0.0000e+00
       1959     64.000    10.3053   3.680243    10.3054   3.680306      96.53     2.0555     0.0450    72.0694 1.0000e-12    5.14635    33.3760    33.3765    25.6326    1489.99    1499.08 0.0000e+00
       1983     65.000    10.1864   3.673621    10.1857   3.674374      83.22     2.0504     0.0465    72.0793 1.0000e-12    5.13749    33.4180    33.4263    25.6857    1489.64    1498.93 0.0000e+00
       2006     66.000     9.8435   3.652826     9.8429   3.654017      96.71     2.0461     0.0497    72.0907 1.0000e-12    5.14014    33.5236    33.5363    25.8258    1488.55    1498.77 0.0000e+00
       2030     67.000     9.6083   3.643787     9.6089   3.644199      96.53     2.0368     0.0502    72.1008 1.0000e-12    5.11313    33.6501    33.6538    25.9635    1487.86    1498.61 0.0000e+00
       2053     68.000     9.3072   3.628370     9.3081   3.628757      89.48     2.0295     0.0475    72.0399 1.0000e-12    5.14322    33.7739    33.7771    26.1093    1486.93    1498.44 0.0000e+00
       2077     69.000     9.2672   3.628512     9.2687   3.628245      95.74     2.0241     0.0478    72.0739 1.0000e-12    5.14515    33.8128    33.8086    26.1462    1486.85    1498.27 0.0000e+00
       2100     70.000     9.2390   3.627341     9.2403   3.627183      96.54     2.0198     0.0453    72.0907 1.0000e-12    5.15312    33.8269    33.8240    26.1617    1486.78    1498.10 0.0000e+00
       2124     71.000     9.1068   3.620088     9.1094   3.620505      96.01     2.0176     0.0433    72.0726 1.0000e-12    5.16380    33.8765    33.8784    26.2218    1486.37    1497.94 0.0000e+00
       2147     72.000     8.9985   3.615751     9.0015   3.615826      96.21     2.0140     0.0439    72.0748 1.0000e-12    5.14635    33.9340    33.9319    26.2840    1486.06    1497.77 0.0000e+00
       2171     73.000     8.9137   3.609495     8.9152   3.609654      96.48     2.0090     0.0443    72.1521 1.0000e-12    5.12821    33.9491    33.9494    26.3092    1485.78    1497.60 0.0000e+00
       2195     74.000     8.8557   3.606831     8.8567   3.606432      96.54     2.0035     0.0440    72.1932 1.0000e-12    5.11239    33.9763    33.9711    26.3396    1485.62    1497.44 0.0000e+00
       2219     75.000     8.8281   3.607445     8.8287   3.607121      96.54     1.9977     0.0458    72.2010 1.0000e-12    5.08502    34.0087    34.0047    26.3693    1485.57    1497.28 0.0000e+00
       2243     76.000     8.7952   3.607128     8.7999   3.606813      96.53     1.9900     0.0450    72.2261 1.0000e-12    5.03734    34.0365    34.0287    26.3963    1485.50    1497.13 0.0000e+00
       2266     77.000     8.7870   3.607047     8.7873   3.606654      96.54     1.9817     0.0428    72.2495 1.0000e-12    5.03484    34.0430    34.0386    26.4027    1485.49    1496.97 0.0000e+00
       2290     78.000     8.7243   3.606022     8.7245   3.605784      96.53     1.9769     0.0420    72.2448 1.0000e-12    5.05370    34.0921    34.0894    26.4509    1485.34    1496.82 0.0000e+00
       2314     79.000     8.6659   3.603952     8.6667   3.603629      96.54     1.9735     0.0466    72.2399 1.0000e-12    5.05144    34.1261    34.1219    26.4867    1485.18    1496.67 0.0000e+00
       2338     80.000     8.6431   3.603054     8.6439   3.602637      96.53     1.9700     0.0469    72.2432 1.0000e-12    5.05642    34.1382    34.1330    26.4997    1485.13    1496.53 0.0000e+00
       2361     81.000     8.6390   3.603258     8.6400   3.602757      96.53     1.9687     0.0522    72.2581 1.0000e-12    5.06476    34.1438    34.1376    26.5047    1485.13    1496.39 0.0000e+00
       2385     82.000     8.6346   3.603350     8.6356   3.602922      96.54     1.9672     0.0541    72.2413 1.0000e-12    5.04738    34.1486    34.1431    26.5091    1485.14    1496.25 0.0000e+00
