_data/ctd/2016/Sta0955_2016.cnv
* Sea-Bird SBE 9 Data File:
* FileName = C:\Seabird\CTDDATA\sta0955.hex
* Software Version Seasave V 7.21f
* Temperature SN = 5458
* Conductivity SN = 044221
* Number of Bytes Per Scan = 41
* Number of Voltage Words = 4
* Number of Scans Averaged by the Deck Unit = 1
* NMEA Latitude = 61 21.31 N
* NMEA Longitude = 007 22.41 E
* NMEA UTC (Time) = Sep 26 2016 21:05:44
** Ship: 01 F/F "Håkon Mosby"
** Station: 0955
** Echodepth: 373
** Log: 3782.463
** Wind-Dir Force: 01 01
** Air-temp (dry): 11.7
** Weather Sky: 2 9
** Sea Ice: 1 0
** UNIS station:
# nquan = 18                                
# nvalues = 365                         
# units = specified
# name 0 = scan: Scan Count
# name 1 = prDM: Pressure, Digiquartz [db]
# name 2 = t068C: Temperature [ITS-68, deg C]
# name 3 = c0S/m: Conductivity [S/m]
# name 4 = t168C: Temperature, 2 [ITS-68, deg C]
# name 5 = c1S/m: Conductivity, 2 [S/m]
# name 6 = altM: Altimeter [m]
# name 7 = sbeox0V: Oxygen raw, SBE 43 [V]
# name 8 = flC: Fluorescence, Chelsea Aqua 3 Chl Con [ug/l]
# name 9 = xmiss: Beam Transmission, Chelsea/Seatech [%]
# name 10 = par: PAR/Irradiance, Biospherical/Licor
# name 11 = sbeox0ML/L: Oxygen, SBE 43 [ml/l], WS = 2
# name 12 = sal00: Salinity, Practical [PSU]
# name 13 = sal11: Salinity, Practical, 2 [PSU]
# name 14 = sigma-t00: Density [sigma-t, Kg/m^3 ]
# name 15 = svCM: Sound Velocity [Chen-Millero, m/s]
# name 16 = avgsvCM: Average Sound Velocity [Chen-Millero, m/s], minP = 0, minS = 0
# name 17 = flag: flag
# span 0 =        392,       9513       
# span 1 =      1.000,    365.000       
# span 2 =     7.5561,    14.2875       
# span 3 =   0.642950,   3.686298       
# span 4 =     7.5577,    14.2910       
# span 5 =   0.612837,   3.686963       
# span 6 =      10.36,      97.33       
# span 7 =     1.4633,     2.6357       
# span 8 =     0.0253,     0.4307       
# span 9 =    18.2263,    71.9033       
# span 10 = 1.0000e-12, 7.4342e-01      
# span 11 =    3.42428,    7.70182      
# span 12 =     4.9374,    35.0013      
# span 13 =     4.7078,    35.0023      
# span 14 =     3.4726,    27.3409      
# span 15 =    1456.69,    1498.76      
# span 16 =    1456.69,    1493.09      
# span 17 = 0.0000e+00, 0.0000e+00      
# interval = decibars: 1                
# start_time = Sep 26 2016 21:05:45 [System UTC, first data scan.]
# bad_flag = -9.990e-29
*END*
        392      1.000    10.8520   0.642950    10.7150   0.612837      96.56     2.4773     0.2200    41.7205 7.4342e-01    7.70182     4.9374     4.7078     3.4726    1456.69    1456.69 0.0000e+00
        447      2.000    11.6931   0.814378    11.6100   0.797768      96.56     2.4862     0.2764    48.3263 4.4099e-01    7.64294     6.2193     6.0967     4.3668    1461.44    1459.06 0.0000e+00
        502      3.000    12.3340   1.299611    12.3284   1.290941      96.52     2.5025     0.3473    51.4696 2.3661e-01    7.41523    10.1198    10.0482     7.2950    1468.48    1462.19 0.0000e+00
        533      4.000    12.3998   1.778765    12.3913   1.754976      96.51     2.5114     0.4140    35.8168 1.1038e-01    7.29278    14.2007    13.9974    10.4329    1473.58    1465.02 0.0000e+00
        562      5.000    12.3004   2.435915    12.3072   2.386055      96.56     2.5294     0.4307    30.3275 4.4695e-02    7.16901    20.0704    19.6171    14.9773    1480.19    1468.03 0.0000e+00
        590      6.000    12.4372   2.827924    12.4586   2.816631      96.56     2.5494     0.4242    19.4046 8.9736e-03    7.04654    23.5589    23.4421    17.6483    1484.82    1470.80 0.0000e+00
        618      7.000    12.3910   2.910316    12.3945   2.905494      96.56     2.5643     0.4062    18.2263 4.0072e-05    6.99024    24.3455    24.2988    18.2640    1485.60    1472.90 0.0000e+00
        646      8.000    12.6976   3.065538    12.6833   3.036172      96.56     2.5649     0.3999    27.4290 1.0000e-12    6.81758    25.5724    25.3117    19.1578    1488.13    1474.78 0.0000e+00
        674      9.000    13.5250   3.374699    13.4973   3.343657      96.56     2.5643     0.4208    35.2332 1.0000e-12    6.69987    27.8262    27.5629    20.7440    1493.62    1476.85 0.0000e+00
        702     10.000    13.9421   3.511340    13.9141   3.494446      68.06     2.5932     0.3944    35.7802 1.0000e-12    6.89285    28.7630    28.6303    21.3851    1496.12    1478.76 0.0000e+00
        730     11.000    14.2239   3.573725    14.1948   3.567219      96.66     2.6357     0.3217    43.0533 1.0000e-12    6.85740    29.1167    29.0797    21.6014    1497.48    1480.44 0.0000e+00
        757     12.000    14.2114   3.594418    14.2099   3.591425      96.56     2.6319     0.2927    54.8804 1.0000e-12    6.45532    29.3130    29.2870    21.7552    1497.69    1481.86 0.0000e+00
        784     13.000    14.2141   3.624246    14.2139   3.622923      96.56     2.5802     0.2404    61.8218 1.0000e-12    6.12893    29.5807    29.5689    21.9610    1498.03    1483.09 0.0000e+00
        812     14.000    14.0669   3.627241    14.0679   3.627322      96.56     2.5257     0.2028    64.7178 1.0000e-12    5.96407    29.7206    29.7205    22.0985    1497.72    1484.13 0.0000e+00
        839     15.000    14.2479   3.660942    14.2516   3.657804      96.56     2.4699     0.1885    65.7529 1.0000e-12    5.81615    29.8867    29.8554    22.1899    1498.53    1485.08 0.0000e+00
        867     16.000    14.2875   3.672896    14.2910   3.674499      96.56     2.4320     0.1824    67.3369 1.0000e-12    5.78357    29.9641    29.9759    22.2415    1498.76    1485.93 0.0000e+00
        895     17.000    14.0783   3.666575    14.0789   3.665932      96.56     2.3930     0.1675    67.8400 1.0000e-12    5.62492    30.0688    30.0625    22.3646    1498.22    1486.65 0.0000e+00
        922     18.000    14.0634   3.684327    14.0652   3.683707      96.56     2.3535     0.1511    67.8941 1.0000e-12    5.58051    30.2419    30.2348    22.5012    1498.39    1487.29 0.0000e+00
        950     19.000    14.0078   3.686298    14.0055   3.686963      96.56     2.3294     0.1338    68.1903 1.0000e-12    5.56243    30.3032    30.3111    22.5596    1498.29    1487.87 0.0000e+00
        978     20.000    13.8526   3.670903    13.8560   3.672237      96.56     2.3063     0.1325    68.5516 1.0000e-12    5.51765    30.2841    30.2937    22.5761    1497.78    1488.36 0.0000e+00
       1005     21.000    13.7709   3.666942    13.7749   3.667619      95.40     2.2885     0.1332    68.6020 1.0000e-12    5.52941    30.3119    30.3149    22.6138    1497.55    1488.80 0.0000e+00
       1033     22.000    13.7618   3.674561    13.7633   3.673741      80.45     2.2800     0.1275    68.6197 1.0000e-12    5.56596    30.3887    30.3800    22.6749    1497.63    1489.19 0.0000e+00
       1060     23.000    13.7468   3.678409    13.7439   3.678597      59.59     2.2811     0.1245    68.6513 1.0000e-12    5.61357    30.4356    30.4396    22.7141    1497.65    1489.56 0.0000e+00
       1088     24.000    13.7266   3.680188    13.7287   3.680396      79.23     2.2805     0.1202    68.7514 1.0000e-12    5.56161    30.4676    30.4678    22.7428    1497.64    1489.90 0.0000e+00
       1116     25.000    13.6802   3.679956    13.6818   3.680643      72.19     2.2745     0.1197    68.7846 1.0000e-12    5.54894    30.5020    30.5070    22.7786    1497.54    1490.20 0.0000e+00
       1144     26.000    13.6047   3.676921    13.6062   3.677242      96.79     2.2699     0.1162    68.8407 1.0000e-12    5.54784    30.5338    30.5355    22.8181    1497.35    1490.47 0.0000e+00
       1172     27.000    13.5737   3.679269    13.5751   3.679734      96.56     2.2673     0.1143    69.0104 1.0000e-12    5.56407    30.5798    30.5830    22.8598    1497.32    1490.73 0.0000e+00
       1197     28.000    13.4899   3.678103    13.4905   3.678290      96.56     2.2671     0.1071    69.0449 1.0000e-12    5.56948    30.6357    30.6370    22.9196    1497.12    1490.95 0.0000e+00
       1223     29.000    13.4282   3.675015    13.4287   3.675713      96.56     2.2651     0.1013    69.2104 1.0000e-12    5.56963    30.6562    30.6623    22.9476    1496.95    1491.16 0.0000e+00
       1248     30.000    13.3345   3.666915    13.3363   3.667702      80.17     2.2639     0.0982    69.3643 1.0000e-12    5.56794    30.6560    30.6618    22.9658    1496.66    1491.34 0.0000e+00
       1272     31.000    13.3048   3.664967    13.3063   3.665676      69.56     2.2617     0.0973    69.4234 1.0000e-12    5.59537    30.6614    30.6668    22.9757    1496.58    1491.51 0.0000e+00
       1297     32.000    13.2571   3.662136    13.2586   3.662713      96.59     2.2656     0.0900    69.5630 1.0000e-12    5.63591    30.6731    30.6772    22.9941    1496.45    1491.66 0.0000e+00
       1321     33.000    13.1458   3.656633    13.1461   3.657251      96.56     2.2699     0.0854    69.6314 1.0000e-12    5.66615    30.7112    30.7167    23.0452    1496.14    1491.80 0.0000e+00
       1346     34.000    13.1163   3.657461    13.1179   3.657106      96.56     2.2740     0.0840    69.6517 1.0000e-12    5.67495    30.7424    30.7378    23.0750    1496.09    1491.93 0.0000e+00
       1370     35.000    13.2338   3.677578    13.2365   3.676440      96.56     2.2776     0.0915    69.7907 1.0000e-12    5.68451    30.8346    30.8218    23.1235    1496.61    1492.06 0.0000e+00
       1395     36.000    13.1662   3.675584    13.1678   3.676988      96.56     2.2841     0.0903    69.9277 1.0000e-12    5.68924    30.8704    30.8822    23.1643    1496.45    1492.18 0.0000e+00
       1420     37.000    13.0470   3.666390    13.0484   3.666950      83.32     2.2807     0.0776    70.0454 1.0000e-12    5.60846    30.8810    30.8851    23.1956    1496.07    1492.29 0.0000e+00
       1444     38.000    13.0018   3.665984    13.0027   3.666261      42.61     2.2714     0.0744    70.1408 1.0000e-12    5.59593    30.9136    30.9155    23.2296    1495.98    1492.38 0.0000e+00
       1469     39.000    12.9734   3.666193    12.9749   3.666609      91.82     2.2687     0.0730    70.1922 1.0000e-12    5.63508    30.9383    30.9410    23.2542    1495.93    1492.47 0.0000e+00
       1493     40.000    12.9134   3.664263    12.9154   3.664364      96.57     2.2686     0.0703    70.3488 1.0000e-12    5.64858    30.9688    30.9682    23.2893    1495.78    1492.56 0.0000e+00
       1517     41.000    12.8645   3.662697    12.8675   3.663821      96.56     2.2686     0.0674    70.3950 1.0000e-12    5.65456    30.9938    31.0019    23.3180    1495.66    1492.63 0.0000e+00
       1542     42.000    12.7930   3.657602    12.7951   3.657996      96.56     2.2685     0.0640    70.4712 1.0000e-12    5.65876    31.0040    31.0060    23.3396    1495.45    1492.70 0.0000e+00
       1567     43.000    12.7897   3.662624    12.7911   3.662479      96.56     2.2677     0.0607    70.5074 1.0000e-12    5.66726    31.0536    31.0511    23.3787    1495.51    1492.76 0.0000e+00
       1591     44.000    12.7535   3.664044    12.7547   3.663945      85.32     2.2699     0.0595    70.5698 1.0000e-12    5.68066    31.0964    31.0945    23.4187    1495.45    1492.82 0.0000e+00
       1616     45.000    12.7235   3.667556    12.7252   3.667905      58.60     2.2702     0.0607    70.6428 1.0000e-12    5.67726    31.1539    31.1558    23.4689    1495.44    1492.88 0.0000e+00
       1640     46.000    12.6018   3.656748    12.6012   3.658390      96.80     2.2699     0.0633    70.7950 1.0000e-12    5.66455    31.1518    31.1678    23.4904    1495.04    1492.93 0.0000e+00
       1665     47.000    12.4914   3.651562    12.4932   3.651630      96.56     2.2646     0.0642    70.8117 1.0000e-12    5.64278    31.1936    31.1928    23.5437    1494.73    1492.97 0.0000e+00
       1690     48.000    12.3896   3.645174    12.3910   3.646027      96.56     2.2617     0.0606    70.8617 1.0000e-12    5.69130    31.2170    31.2240    23.5809    1494.43    1493.00 0.0000e+00
       1715     49.000    12.3997   3.649089    12.4016   3.649319      96.56     2.2647     0.0554    70.9238 1.0000e-12    5.73122    31.2455    31.2461    23.6011    1494.51    1493.03 0.0000e+00
       1740     50.000    12.3010   3.641187    12.3014   3.642099      96.56     2.2701     0.0559    70.9590 1.0000e-12    5.76837    31.2519    31.2603    23.6246    1494.20    1493.05 0.0000e+00
       1765     51.000    12.2281   3.637059    12.2290   3.637552      93.61     2.2736     0.0553    71.0044 1.0000e-12    5.76067    31.2729    31.2769    23.6544    1493.99    1493.07 0.0000e+00
       1790     52.000    12.1399   3.633695    12.1410   3.634277      53.64     2.2739     0.0563    71.0074 1.0000e-12    5.76433    31.3141    31.3187    23.7027    1493.75    1493.08 0.0000e+00
       1814     53.000    12.0482   3.629799    12.0495   3.630329      93.81     2.2757     0.0589    70.9909 1.0000e-12    5.78541    31.3531    31.3571    23.7499    1493.50    1493.09 0.0000e+00
       1839     54.000    11.9636   3.625626    11.9635   3.626245      96.58     2.2762     0.0555    71.0483 1.0000e-12    5.79946    31.3837    31.3898    23.7892    1493.26    1493.09 0.0000e+00
       1864     55.000    11.8525   3.620744    11.8528   3.621246      96.56     2.2789     0.0507    71.0893 1.0000e-12    5.82669    31.4299    31.4345    23.8453    1492.95    1493.09 0.0000e+00
       1889     56.000    11.7757   3.617736    11.7764   3.618338      96.56     2.2803     0.0489    71.1373 1.0000e-12    5.83912    31.4653    31.4705    23.8868    1492.74    1493.09 0.0000e+00
       1914     57.000    11.7486   3.619986    11.7507   3.619595      96.56     2.2827     0.0510    71.1882 1.0000e-12    5.85238    31.5096    31.5040    23.9261    1492.72    1493.08 0.0000e+00
       1939     58.000    11.7710   3.626346    11.7725   3.626650      83.54     2.2850     0.0508    71.2687 1.0000e-12    5.85887    31.5517    31.5534    23.9548    1492.86    1493.07 0.0000e+00
       1963     59.000    11.6598   3.621058    11.6601   3.621705      68.13     2.2874     0.0496    71.2707 1.0000e-12    5.85815    31.5946    31.6006    24.0082    1492.54    1493.07 0.0000e+00
       1988     60.000    11.4919   3.610681    11.4923   3.611836      96.67     2.2842     0.0517    71.3716 1.0000e-12    5.81744    31.6365    31.6474    24.0710    1492.02    1493.05 0.0000e+00
       2013     61.000    11.4320   3.609349    11.4345   3.608910      96.56     2.2777     0.0521    71.3896 1.0000e-12    5.81189    31.6743    31.6679    24.1111    1491.88    1493.03 0.0000e+00
       2038     62.000    11.2543   3.604884    11.2549   3.606326      96.56     2.2758     0.0521    71.4077 1.0000e-12    5.85418    31.7828    31.7965    24.2271    1491.40    1493.00 0.0000e+00
       2062     63.000    11.0924   3.599280    11.0931   3.599974      96.56     2.2734     0.0513    71.5074 1.0000e-12    5.84250    31.8672    31.8735    24.3213    1490.95    1492.97 0.0000e+00
       2087     64.000    10.9252   3.587301    10.9255   3.588588      96.56     2.2694     0.0497    71.5121 1.0000e-12    5.85074    31.8937    31.9062    24.3711    1490.41    1492.93 0.0000e+00
       2112     65.000    10.7883   3.579307    10.7885   3.579872      93.57     2.2655     0.0487    71.5926 1.0000e-12    5.84617    31.9334    31.9388    24.4257    1489.99    1492.88 0.0000e+00
       2137     66.000    10.7022   3.575689    10.7029   3.576226      45.83     2.2604     0.0502    71.6623 1.0000e-12    5.85238    31.9722    31.9769    24.4708    1489.74    1492.84 0.0000e+00
       2161     67.000    10.6522   3.575547    10.6533   3.575718      96.43     2.2597     0.0498    71.7185 1.0000e-12    5.88823    32.0141    32.0149    24.5120    1489.63    1492.79 0.0000e+00
       2186     68.000    10.5397   3.569516    10.5390   3.570225      96.56     2.2598     0.0501    71.7534 1.0000e-12    5.88963    32.0523    32.0600    24.5610    1489.29    1492.74 0.0000e+00
       2210     69.000    10.4078   3.562003    10.4069   3.563151      96.56     2.2571     0.0510    71.7712 1.0000e-12    5.87465    32.0929    32.1052    24.6150    1488.89    1492.68 0.0000e+00
       2235     70.000    10.2490   3.557746    10.2497   3.557776      96.56     2.2528     0.0532    71.7790 1.0000e-12    5.85797    32.1902    32.1898    24.7176    1488.45    1492.62 0.0000e+00
       2259     71.000    10.0860   3.554830    10.0854   3.555506      96.56     2.2465     0.0503    71.7256 1.0000e-12    5.83963    32.3053    32.3127    24.8346    1488.02    1492.56 0.0000e+00
       2283     72.000     9.9573   3.551853     9.9581   3.552159      87.55     2.2384     0.0511    71.6886 1.0000e-12    5.79091    32.3898    32.3922    24.9219    1487.68    1492.49 0.0000e+00
       2308     73.000     9.9085   3.551778     9.9095   3.552067      70.73     2.2261     0.0492    71.6851 1.0000e-12    5.73413    32.4324    32.4345    24.9631    1487.57    1492.42 0.0000e+00
       2333     74.000     9.8439   3.552886     9.8452   3.552729      96.31     2.2133     0.0490    71.7016 1.0000e-12    5.68583    32.5014    32.4986    25.0276    1487.43    1492.35 0.0000e+00
       2358     75.000     9.7690   3.555702     9.7687   3.555888      96.56     2.1994     0.0507    71.7469 1.0000e-12    5.64222    32.5972    32.5994    25.1147    1487.29    1492.29 0.0000e+00
       2382     76.000     9.5847   3.552820     9.5846   3.553129      96.56     2.1856     0.0514    71.7639 1.0000e-12    5.58156    32.7347    32.7380    25.2521    1486.81    1492.21 0.0000e+00
       2406     77.000     9.5136   3.556115     9.5149   3.556020      96.56     2.1660     0.0519    71.7779 1.0000e-12    5.46256    32.8330    32.8308    25.3404    1486.68    1492.14 0.0000e+00
       2431     78.000     9.4776   3.559921     9.4782   3.559904      96.56     2.1417     0.0520    71.7161 1.0000e-12    5.31927    32.9046    32.9039    25.4021    1486.66    1492.07 0.0000e+00
       2455     79.000     9.4072   3.564086     9.4081   3.563730      96.56     2.1108     0.0547    71.6583 1.0000e-12    5.15637    33.0118    33.0073    25.4972    1486.55    1492.00 0.0000e+00
       2479     80.000     9.3239   3.576777     9.3251   3.575819      61.11     2.0753     0.0528    71.6398 1.0000e-12    4.99602    33.2193    33.2082    25.6728    1486.51    1491.93 0.0000e+00
