_data/ctd/2016/Sta0951_2016.cnv
* Sea-Bird SBE 9 Data File:
* FileName = C:\Seabird\CTDDATA\sta0951.hex
* Software Version Seasave V 7.21f
* Temperature SN = 5458
* Conductivity SN = 044221
* Number of Bytes Per Scan = 41
* Number of Voltage Words = 4
* Number of Scans Averaged by the Deck Unit = 1
* NMEA Latitude = 60 52.14 N
* NMEA Longitude = 005 21.97 E
* NMEA UTC (Time) = Sep 20 2016 18:42:04
** Ship: 01 F/F "Håkon Mosby"
** Station: 0951
** Echodepth: 471
** Log: 3336.700
** Wind-Dir Force: 24 04
** Air-temp (dry): 15.4
** Weather Sky: 2 9
** Sea Ice: 1 0
** UNIS station:
# nquan = 18                                
# nvalues = 460                         
# units = specified
# name 0 = scan: Scan Count
# name 1 = prDM: Pressure, Digiquartz [db]
# name 2 = t068C: Temperature [ITS-68, deg C]
# name 3 = c0S/m: Conductivity [S/m]
# name 4 = t168C: Temperature, 2 [ITS-68, deg C]
# name 5 = c1S/m: Conductivity, 2 [S/m]
# name 6 = altM: Altimeter [m]
# name 7 = sbeox0V: Oxygen raw, SBE 43 [V]
# name 8 = flC: Fluorescence, Chelsea Aqua 3 Chl Con [ug/l]
# name 9 = xmiss: Beam Transmission, Chelsea/Seatech [%]
# name 10 = par: PAR/Irradiance, Biospherical/Licor
# name 11 = sbeox0ML/L: Oxygen, SBE 43 [ml/l], WS = 2
# name 12 = sal00: Salinity, Practical [PSU]
# name 13 = sal11: Salinity, Practical, 2 [PSU]
# name 14 = sigma-t00: Density [sigma-t, Kg/m^3 ]
# name 15 = svCM: Sound Velocity [Chen-Millero, m/s]
# name 16 = avgsvCM: Average Sound Velocity [Chen-Millero, m/s], minP = 0, minS = 0
# name 17 = flag: flag
# span 0 =        785,      12327       
# span 1 =      5.000,    464.000       
# span 2 =     8.1519,    14.9408       
# span 3 =   3.585012,   3.805558       
# span 4 =     8.1532,    14.9354       
# span 5 =   3.584601,   3.805749       
# span 6 =      33.85,      97.90       
# span 7 =     1.0234,     2.2386       
# span 8 =     0.0360,     0.6451       
# span 9 =    67.6768,    72.0713       
# span 10 = -8.261e-05, 2.4758e-02      
# span 11 =    1.85832,    5.60826      
# span 12 =    29.5631,    35.0505      
# span 13 =    29.5511,    35.0530      
# span 14 =    21.8016,    27.2844      
# span 15 =    1484.48,    1501.57      
# span 16 =    1488.49,    1500.93      
# span 17 = 0.0000e+00, 0.0000e+00      
# interval = decibars: 1                
# start_time = Sep 20 2016 18:42:06 [System UTC, first data scan.]
# bad_flag = -9.990e-29
*END*
[from data line 403]
      10817    408.000     8.1891   3.661614     8.1906   3.661980      96.58     1.0255     0.0506    69.1202 1.0000e-12    1.88002    35.0491    35.0515    27.2841    1489.95    1488.64 0.0000e+00
      10841    409.000     8.1892   3.661673     8.1907   3.662038      96.56     1.0254     0.0494    69.1006 1.0000e-12    1.87554    35.0492    35.0516    27.2842    1489.97    1488.65 0.0000e+00
      10866    410.000     8.1893   3.661723     8.1907   3.662083      96.56     1.0251     0.0484    69.1255 1.0000e-12    1.87540    35.0491    35.0516    27.2841    1489.99    1488.65 0.0000e+00
      10891    411.000     8.1894   3.661787     8.1909   3.662153      96.56     1.0250     0.0494    69.1536 1.0000e-12    1.87815    35.0492    35.0517    27.2842    1490.00    1488.65 0.0000e+00
      10916    412.000     8.1895   3.661845     8.1909   3.662206      96.56     1.0249     0.0497    69.1473 1.0000e-12    1.87605    35.0493    35.0518    27.2842    1490.02    1488.66 0.0000e+00
      10941    413.000     8.1896   3.661894     8.1911   3.662262      96.56     1.0248     0.0490    69.1473 1.0000e-12    1.87737    35.0492    35.0517    27.2842    1490.04    1488.66 0.0000e+00
      10966    414.000     8.1897   3.661958     8.1912   3.662326      96.56     1.0248     0.0501    69.2407 1.0000e-12    1.87837    35.0493    35.0518    27.2842    1490.06    1488.66 0.0000e+00
      10991    415.000     8.1898   3.662006     8.1912   3.662376      96.56     1.0248     0.0492    69.2405 1.0000e-12    1.87687    35.0493    35.0518    27.2842    1490.07    1488.67 0.0000e+00
      11016    416.000     8.1900   3.662074     8.1914   3.662442      65.40     1.0243     0.0496    69.3549 1.0000e-12    1.87272    35.0493    35.0519    27.2842    1490.09    1488.67 0.0000e+00
      11041    417.000     8.1901   3.662135     8.1916   3.662501      77.68     1.0251     0.0492    69.3260 1.0000e-12    1.89671    35.0494    35.0518    27.2842    1490.11    1488.67 0.0000e+00
      11065    418.000     8.1902   3.662188     8.1917   3.662558      96.38     1.0260     0.0503    69.2943 1.0000e-12    1.88457    35.0494    35.0519    27.2842    1490.12    1488.68 0.0000e+00
      11090    419.000     8.1903   3.662244     8.1917   3.662605      79.12     1.0255     0.0501    69.2840 1.0000e-12    1.87879    35.0494    35.0519    27.2842    1490.14    1488.68 0.0000e+00
      11115    420.000     8.1904   3.662300     8.1918   3.662667      90.13     1.0260     0.0526    69.3475 1.0000e-12    1.89054    35.0495    35.0520    27.2842    1490.16    1488.68 0.0000e+00
      11140    421.000     8.1905   3.662354     8.1919   3.662726      96.55     1.0264     0.0506    69.3855 1.0000e-12    1.89370    35.0495    35.0520    27.2842    1490.17    1488.69 0.0000e+00
      11165    422.000     8.1906   3.662417     8.1920   3.662774      90.85     1.0272     0.0511    69.4191 1.0000e-12    1.89490    35.0495    35.0520    27.2842    1490.19    1488.69 0.0000e+00
      11191    423.000     8.1908   3.662469     8.1922   3.662840      96.38     1.0276     0.0518    69.5029 1.0000e-12    1.89808    35.0494    35.0520    27.2841    1490.21    1488.70 0.0000e+00
      11216    424.000     8.1908   3.662529     8.1923   3.662897      96.56     1.0284     0.0511    69.5224 1.0000e-12    1.89891    35.0496    35.0520    27.2843    1490.22    1488.70 0.0000e+00
      11242    425.000     8.1909   3.662584     8.1924   3.662953      96.56     1.0285     0.0496    69.5419 1.0000e-12    1.89839    35.0496    35.0521    27.2842    1490.24    1488.70 0.0000e+00
      11267    426.000     8.1910   3.662646     8.1925   3.663008      96.56     1.0292     0.0483    69.5657 1.0000e-12    1.90563    35.0497    35.0521    27.2843    1490.26    1488.71 0.0000e+00
      11292    427.000     8.1912   3.662697     8.1926   3.663058      96.56     1.0297     0.0492    69.5617 1.0000e-12    1.90155    35.0496    35.0520    27.2842    1490.28    1488.71 0.0000e+00
      11317    428.000     8.1913   3.662752     8.1927   3.663123      96.56     1.0298     0.0518    69.5544 1.0000e-12    1.89738    35.0496    35.0521    27.2842    1490.29    1488.71 0.0000e+00
      11343    429.000     8.1915   3.662827     8.1929   3.663195      45.43     1.0293     0.0478    69.5939 1.0000e-12    1.90363    35.0497    35.0522    27.2842    1490.31    1488.72 0.0000e+00
      11368    430.000     8.1916   3.662880     8.1930   3.663244      96.28     1.0309     0.0489    69.5238 1.0000e-12    1.91462    35.0497    35.0522    27.2842    1490.33    1488.72 0.0000e+00
      11393    431.000     8.1918   3.662953     8.1932   3.663308      96.55     1.0308     0.0480    69.4778 1.0000e-12    1.88899    35.0498    35.0522    27.2843    1490.34    1488.73 0.0000e+00
      11419    432.000     8.1920   3.663006     8.1934   3.663372      68.69     1.0288     0.0492    69.3930 1.0000e-12    1.89071    35.0497    35.0522    27.2841    1490.36    1488.73 0.0000e+00
      11444    433.000     8.1922   3.663068     8.1935   3.663434      96.48     1.0294     0.0513    69.2946 1.0000e-12    1.89506    35.0497    35.0523    27.2841    1490.38    1488.73 0.0000e+00
      11469    434.000     8.1922   3.663120     8.1936   3.663474      95.05     1.0282     0.0520    69.2383 1.0000e-12    1.87830    35.0498    35.0521    27.2842    1490.39    1488.74 0.0000e+00
      11495    435.000     8.1922   3.663166     8.1936   3.663531      85.33     1.0267     0.0504    69.2627 1.0000e-12    1.87287    35.0498    35.0523    27.2842    1490.41    1488.74 0.0000e+00
      11520    436.000     8.1923   3.663218     8.1937   3.663586      96.71     1.0255     0.0476    69.3366 1.0000e-12    1.87466    35.0498    35.0523    27.2842    1490.43    1488.74 0.0000e+00
      11545    437.000     8.1924   3.663272     8.1938   3.663640      96.56     1.0254     0.0522    69.3400 1.0000e-12    1.89836    35.0498    35.0523    27.2841    1490.45    1488.75 0.0000e+00
      11570    438.000     8.1925   3.663324     8.1938   3.663693      96.56     1.0270     0.0519    69.4008 1.0000e-12    1.91085    35.0497    35.0524    27.2841    1490.46    1488.75 0.0000e+00
      11596    439.000     8.1926   3.663378     8.1940   3.663756      96.56     1.0287     0.0488    69.4620 1.0000e-12    1.92070    35.0497    35.0524    27.2841    1490.48    1488.76 0.0000e+00
      11621    440.000     8.1927   3.663436     8.1941   3.663804      96.56     1.0304     0.0507    69.4977 1.0000e-12    1.92135    35.0498    35.0523    27.2841    1490.50    1488.76 0.0000e+00
      11647    441.000     8.1928   3.663492     8.1941   3.663858      68.36     1.0310     0.0512    69.5312 1.0000e-12    1.90980    35.0498    35.0524    27.2841    1490.51    1488.76 0.0000e+00
      11672    442.000     8.1929   3.663545     8.1943   3.663916      66.70     1.0321     0.0482    69.6444 1.0000e-12    1.93841    35.0498    35.0524    27.2841    1490.53    1488.77 0.0000e+00
      11698    443.000     8.1930   3.663613     8.1944   3.663979      96.47     1.0342     0.0467    69.6584 1.0000e-12    1.93767    35.0500    35.0525    27.2842    1490.55    1488.77 0.0000e+00
      11724    444.000     8.1932   3.663694     8.1946   3.664053      71.51     1.0351     0.0475    69.7449 1.0000e-12    1.93781    35.0501    35.0526    27.2843    1490.56    1488.78 0.0000e+00
      11750    445.000     8.1935   3.663755     8.1948   3.664124      90.75     1.0377     0.0522    69.6800 1.0000e-12    1.96076    35.0500    35.0527    27.2842    1490.58    1488.78 0.0000e+00
      11776    446.000     8.1936   3.663814     8.1950   3.664182      96.64     1.0389     0.0528    69.6510 1.0000e-12    1.94367    35.0501    35.0526    27.2842    1490.60    1488.78 0.0000e+00
      11801    447.000     8.1937   3.663873     8.1951   3.664238      82.54     1.0388     0.0516    69.6229 1.0000e-12    1.93083    35.0501    35.0526    27.2842    1490.62    1488.79 0.0000e+00
      11827    448.000     8.1938   3.663931     8.1952   3.664292      96.66     1.0383     0.0507    69.6136 1.0000e-12    1.93323    35.0502    35.0526    27.2843    1490.63    1488.79 0.0000e+00
      11852    449.000     8.1940   3.663985     8.1953   3.664350      96.56     1.0382     0.0505    69.5666 1.0000e-12    1.92849    35.0501    35.0527    27.2841    1490.65    1488.80 0.0000e+00
      11878    450.000     8.1941   3.664041     8.1954   3.664413      96.56     1.0373     0.0524    69.5457 1.0000e-12    1.92519    35.0501    35.0528    27.2842    1490.67    1488.80 0.0000e+00
      11904    451.000     8.1942   3.664105     8.1956   3.664464      96.56     1.0371     0.0531    69.5080 1.0000e-12    1.93113    35.0502    35.0527    27.2842    1490.68    1488.80 0.0000e+00
      11930    452.000     8.1944   3.664166     8.1957   3.664533      96.55     1.0371     0.0504    69.4889 1.0000e-12    1.92882    35.0502    35.0528    27.2842    1490.70    1488.81 0.0000e+00
      11956    453.000     8.1945   3.664223     8.1959   3.664600      96.56     1.0363     0.0509    69.5015 1.0000e-12    1.91945    35.0502    35.0529    27.2842    1490.72    1488.81 0.0000e+00
      11982    454.000     8.1946   3.664278     8.1960   3.664645      96.56     1.0359     0.0505    69.4444 1.0000e-12    1.92646    35.0502    35.0528    27.2842    1490.73    1488.82 0.0000e+00
      12008    455.000     8.1947   3.664335     8.1961   3.664708      96.56     1.0359     0.0508    69.4809 1.0000e-12    1.92203    35.0503    35.0529    27.2842    1490.75    1488.82 0.0000e+00
      12034    456.000     8.1949   3.664388     8.1963   3.664763      81.18     1.0346     0.0519    69.4716 1.0000e-12    1.90929    35.0502    35.0528    27.2841    1490.77    1488.83 0.0000e+00
      12060    457.000     8.1950   3.664451     8.1963   3.664817      70.20     1.0343     0.0496    69.4736 1.0000e-12    1.92878    35.0503    35.0529    27.2841    1490.79    1488.83 0.0000e+00
      12086    458.000     8.1951   3.664503     8.1965   3.664884      96.64     1.0347     0.0485    69.4207 1.0000e-12    1.92316    35.0502    35.0529    27.2841    1490.80    1488.83 0.0000e+00
      12117    459.000     8.1953   3.664569     8.1966   3.664932      85.68     1.0342     0.0484    69.4225 1.0000e-12    1.91775    35.0503    35.0529    27.2841    1490.82    1488.84 0.0000e+00
      12225    460.000     8.1955   3.664629     8.1969   3.665001      97.13     1.0332     0.0492    69.3964 1.0000e-12    1.91755    35.0502    35.0528    27.2840    1490.84    1488.84 0.0000e+00
      12244    461.000     8.1956   3.664696     8.1970   3.665062      96.56     1.0332     0.0467    69.3219 1.0000e-12    1.91435    35.0504    35.0529    27.2841    1490.85    1488.85 0.0000e+00
      12271    462.000     8.1961   3.664778     8.1974   3.665147      96.56     1.0323     0.0499    69.1277 1.0000e-12    1.90822    35.0503    35.0529    27.2840    1490.87    1488.85 0.0000e+00
      12298    463.000     8.1964   3.664857     8.1977   3.665224      96.56     1.0316     0.0517    68.7399 1.0000e-12    1.89707    35.0504    35.0530    27.2840    1490.89    1488.86 0.0000e+00
      12327    464.000     8.1968   3.664947     8.1982   3.665315      96.56     1.0294     0.0530    68.6202 1.0000e-12    1.86703    35.0505    35.0530    27.2840    1490.91    1488.86 0.0000e+00
