_data/ctd/2016/Sta0954_2016.cnv
* Sea-Bird SBE 9 Data File:
* FileName = C:\Seabird\CTDDATA\sta0954.hex
* Software Version Seasave V 7.21f
* Temperature SN = 5458
* Conductivity SN = 044221
* Number of Bytes Per Scan = 41
* Number of Voltage Words = 4
* Number of Scans Averaged by the Deck Unit = 1
* NMEA Latitude = 61 14.78 N
* NMEA Longitude = 007 21.55 E
* NMEA UTC (Time) = Sep 26 2016 15:18:30
** Ship: 01 F/F "Håkon Mosby"
** Station: 0954
** Echodepth: 652
** Log: 3766,75
** Wind-Dir Force: 22 01
** Air-temp (dry): 14.8
** Weather Sky: 2 9
** Sea Ice: 1 0
** UNIS station:
# nquan = 18                                
# nvalues = 638                         
# units = specified
# name 0 = scan: Scan Count
# name 1 = prDM: Pressure, Digiquartz [db]
# name 2 = t068C: Temperature [ITS-68, deg C]
# name 3 = c0S/m: Conductivity [S/m]
# name 4 = t168C: Temperature, 2 [ITS-68, deg C]
# name 5 = c1S/m: Conductivity, 2 [S/m]
# name 6 = altM: Altimeter [m]
# name 7 = sbeox0V: Oxygen raw, SBE 43 [V]
# name 8 = flC: Fluorescence, Chelsea Aqua 3 Chl Con [ug/l]
# name 9 = xmiss: Beam Transmission, Chelsea/Seatech [%]
# name 10 = par: PAR/Irradiance, Biospherical/Licor
# name 11 = sbeox0ML/L: Oxygen, SBE 43 [ml/l], WS = 2
# name 12 = sal00: Salinity, Practical [PSU]
# name 13 = sal11: Salinity, Practical, 2 [PSU]
# name 14 = sigma-t00: Density [sigma-t, Kg/m^3 ]
# name 15 = svCM: Sound Velocity [Chen-Millero, m/s]
# name 16 = avgsvCM: Average Sound Velocity [Chen-Millero, m/s], minP = 0, minS = 0
# name 17 = flag: flag
# span 0 =        309,      15573       
# span 1 =      3.000,    640.000       
# span 2 =     7.4062,    14.6344       
# span 3 =   1.384895,   3.766126       
# span 4 =     7.4077,    14.6369       
# span 5 =   1.387079,   3.765434       
# span 6 =      27.10,      97.26       
# span 7 =     1.5005,     2.7120       
# span 8 =     0.0257,     0.9182       
# span 9 =    23.5184,    72.1100       
# span 10 = -6.167e-06, 4.2454e+01      
# span 11 =    3.76185,    7.30371      
# span 12 =    10.6732,    35.0416      
# span 13 =    10.6883,    35.0346      
# span 14 =     7.6354,    27.3941      
# span 15 =    1471.27,    1500.25      
# span 16 =    1471.27,    1495.24      
# span 17 = 0.0000e+00, 0.0000e+00      
# interval = decibars: 1                
# start_time = Sep 26 2016 15:18:31 [System UTC, first data scan.]
# bad_flag = -9.990e-29
*END*
        309      3.000    12.9239   1.384895    12.9351   1.387079      96.56     2.5295     0.4492    61.7972 4.2454e+01    7.30371    10.6732    10.6883     7.6354    1471.27    1471.27 0.0000e+00
        339      4.000    12.6975   1.899905    12.6835   1.877938      96.56     2.5258     0.4454    59.3297 3.0184e+01    7.11937    15.1374    14.9523    11.1090    1475.75    1472.39 0.0000e+00
        370      5.000    12.2886   2.504831    12.2879   2.491001      96.56     2.5208     0.4809    29.6556 2.1621e+01    6.94156    20.7004    20.5754    15.4656    1480.89    1474.08 0.0000e+00
        401      6.000    12.1074   2.621792    12.1059   2.618693      96.56     2.5284     0.5005    23.5184 1.5982e+01    7.08124    21.8687    21.8412    16.3980    1481.65    1475.34 0.0000e+00
        423      7.000    12.2354   2.763973    12.2407   2.751524      96.55     2.5429     0.4995    30.4866 1.1865e+01    7.06546    23.0966    22.9789    17.3255    1483.58    1476.51 0.0000e+00
        445      8.000    12.6117   2.938920    12.6289   2.919796      96.56     2.5551     0.4761    47.7481 8.0723e+00    7.00045    24.4654    24.2790    18.3181    1486.53    1477.75 0.0000e+00
        466      9.000    13.7206   3.281914    13.7450   3.263148      96.56     2.5718     0.6432    42.4199 5.5762e+00    6.90261    26.8434    26.6567    19.9486    1493.12    1479.45 0.0000e+00
        488     10.000    14.2196   3.474133    14.2266   3.465524      96.56     2.6106     0.9182    34.6090 3.9945e+00    7.08958    28.2216    28.1390    20.9128    1496.41    1481.12 0.0000e+00
        510     11.000    14.3682   3.566544    14.3710   3.561733      96.56     2.6709     0.7266    38.4214 2.8078e+00    7.25738    28.9437    28.8983    21.4390    1497.75    1482.62 0.0000e+00
        531     12.000    14.3952   3.607236    14.3975   3.604966      96.56     2.7120     0.5236    43.6619 2.0069e+00    6.96212    29.2897    29.2675    21.7000    1498.26    1483.91 0.0000e+00
        553     13.000    14.4081   3.620198    14.4102   3.618382      87.88     2.6851     0.3567    51.8718 1.5922e+00    6.39842    29.3964    29.3784    21.7796    1498.44    1485.02 0.0000e+00
        574     14.000    14.5326   3.662418    14.5360   3.657013      71.49     2.6193     0.2665    59.9360 1.3352e+00    6.00734    29.6816    29.6304    21.9738    1499.20    1486.02 0.0000e+00
        596     15.000    14.6343   3.706123    14.6369   3.703187      27.10     2.5537     0.2217    63.3561 1.1633e+00    5.84479    29.9965    29.9681    22.1953    1499.91    1486.94 0.0000e+00
        618     16.000    14.6344   3.728416    14.6359   3.727036      96.56     2.4969     0.2005    66.1380 1.0050e+00    5.68147    30.1966    30.1830    22.3494    1500.16    1487.76 0.0000e+00
        640     17.000    14.6091   3.740926    14.6107   3.739009      96.56     2.4345     0.1773    67.2298 8.7041e-01    5.47397    30.3286    30.3101    22.4563    1500.25    1488.49 0.0000e+00
        662     18.000    14.5359   3.748796    14.5278   3.747490      96.56     2.3772     0.1709    68.1294 7.6678e-01    5.35650    30.4565    30.4511    22.5700    1500.18    1489.13 0.0000e+00
        684     19.000    14.4811   3.746105    14.4799   3.744880      96.56     2.3279     0.1576    68.7021 6.7457e-01    5.29107    30.4749    30.4647    22.5954    1500.04    1489.70 0.0000e+00
        706     20.000    14.4786   3.748552    14.4794   3.747850      96.56     2.2900     0.1480    69.5476 5.9458e-01    5.26539    30.4986    30.4916    22.6142    1500.08    1490.22 0.0000e+00
        729     21.000    14.4736   3.748285    14.4746   3.747518      96.56     2.2631     0.1480    70.0337 5.2369e-01    5.28430    30.4997    30.4920    22.6161    1500.08    1490.69 0.0000e+00
        752     22.000    14.4725   3.748201    14.4739   3.747615      86.94     2.2474     0.1389    70.1601 4.6118e-01    5.30370    30.4995    30.4931    22.6161    1500.09    1491.11 0.0000e+00
        775     23.000    14.4659   3.747499    14.4673   3.746903      64.53     2.2376     0.1392    70.3314 4.0643e-01    5.31009    30.4979    30.4915    22.6163    1500.08    1491.50 0.0000e+00
        798     24.000    14.4590   3.746903    14.4607   3.746311      83.04     2.2317     0.1330    70.4339 3.5739e-01    5.32307    30.4976    30.4909    22.6175    1500.08    1491.85 0.0000e+00
        821     25.000    14.3654   3.746729    14.3639   3.745937      96.58     2.2277     0.1329    70.5062 3.1447e-01    5.32416    30.5694    30.5634    22.6921    1499.87    1492.17 0.0000e+00
        844     26.000    14.2988   3.750668    14.2984   3.749390      96.56     2.2242     0.1268    70.5465 2.7651e-01    5.32329    30.6574    30.6462    22.7736    1499.78    1492.46 0.0000e+00
        867     27.000    14.1767   3.756562    14.1768   3.755874      96.56     2.2209     0.1179    70.6560 2.4272e-01    5.31538    30.8078    30.8015    22.9146    1499.57    1492.73 0.0000e+00
        891     28.000    14.1490   3.756499    14.1506   3.755832      96.55     2.2160     0.1077    70.7326 2.1685e-01    5.30134    30.8290    30.8216    22.9365    1499.52    1492.97 0.0000e+00
        915     29.000    14.1351   3.756605    14.1358   3.755968      96.56     2.2123     0.1045    70.7866 1.8769e-01    5.30194    30.8407    30.8343    22.9484    1499.50    1493.19 0.0000e+00
        939     30.000    14.1244   3.756465    14.1269   3.755880      89.10     2.2098     0.1024    70.8558 1.6345e-01    5.30348    30.8476    30.8402    22.9559    1499.49    1493.40 0.0000e+00
        963     31.000    14.1166   3.756291    14.1175   3.755612      68.38     2.2077     0.1041    70.9040 1.4052e-01    5.28973    30.8518    30.8449    22.9608    1499.49    1493.60 0.0000e+00
        987     32.000    14.1052   3.756192    14.1066   3.755591      87.88     2.2037     0.1021    70.9266 1.2067e-01    5.27864    30.8597    30.8531    22.9691    1499.48    1493.78 0.0000e+00
       1011     33.000    14.0477   3.754122    14.0508   3.753530      96.40     2.2015     0.1031    71.0152 1.0494e-01    5.29321    30.8864    30.8785    23.0015    1499.34    1493.95 0.0000e+00
       1035     34.000    14.0535   3.760403    14.0559   3.759246      96.56     2.2009     0.0993    71.0405 8.8695e-02    5.30363    30.9389    30.9264    23.0407    1499.44    1494.11 0.0000e+00
       1060     35.000    14.0847   3.766126    14.0862   3.765434      96.56     2.2021     0.0967    71.0765 7.5420e-02    5.30297    30.9658    30.9583    23.0552    1499.59    1494.26 0.0000e+00
       1084     36.000    13.9505   3.758603    13.9495   3.759081      96.46     2.2016     0.0938    71.1469 6.2024e-02    5.29432    31.0045    31.0096    23.1122    1499.21    1494.40 0.0000e+00
       1109     37.000    13.7194   3.741258    13.7243   3.741860      95.85     2.1971     0.0857    71.2286 5.1076e-02    5.27991    31.0311    31.0327    23.1793    1498.49    1494.51 0.0000e+00
       1133     38.000    13.6293   3.736769    13.6305   3.736700      57.35     2.1922     0.0807    71.2302 4.2645e-02    5.31419    31.0623    31.0606    23.2214    1498.25    1494.61 0.0000e+00
       1158     39.000    13.5201   3.730014    13.5216   3.729559      97.05     2.1952     0.0798    71.2596 3.3718e-02    5.36896    31.0880    31.0826    23.2630    1497.93    1494.69 0.0000e+00
       1183     40.000    13.5223   3.731924    13.5243   3.731123      96.56     2.2000     0.0768    71.3013 2.5775e-02    5.39791    31.1036    31.0945    23.2746    1497.98    1494.78 0.0000e+00
       1208     41.000    13.5019   3.732755    13.5035   3.732153      96.56     2.2055     0.0749    71.2829 2.1341e-02    5.41065    31.1275    31.1206    23.2971    1497.95    1494.85 0.0000e+00
       1233     42.000    13.4026   3.725598    13.4034   3.725990      96.56     2.2090     0.0737    71.3740 1.2935e-02    5.41272    31.1416    31.1446    23.3276    1497.66    1494.92 0.0000e+00
       1258     43.000    13.2935   3.718948    13.2964   3.718655      96.56     2.2091     0.0701    71.4217 8.8909e-03    5.40152    31.1685    31.1634    23.3699    1497.34    1494.98 0.0000e+00
       1281     44.000    13.2128   3.714406    13.2152   3.714277      96.55     2.2083     0.0691    71.4444 5.9891e-03    5.42279    31.1918    31.1886    23.4037    1497.11    1495.03 0.0000e+00
       1302     45.000    13.1181   3.711553    13.1301   3.711577      85.18     2.2098     0.0684    71.4974 1.4266e-03    5.43615    31.2425    31.2329    23.4614    1496.87    1495.07 0.0000e+00
       1323     46.000    13.0035   3.706794    13.0060   3.706757      67.16     2.2099     0.0674    71.5109 -6.167e-06    5.45814    31.2919    31.2895    23.5219    1496.56    1495.10 0.0000e+00
       1345     47.000    12.9428   3.704098    12.9437   3.703532      96.75     2.2126     0.0650    71.4988 1.0000e-12    5.47654    31.3163    31.3103    23.5525    1496.40    1495.13 0.0000e+00
       1366     48.000    12.9170   3.703024    12.9175   3.702426      96.56     2.2139     0.0607    71.5395 1.0000e-12    5.47966    31.3272    31.3211    23.5659    1496.35    1495.15 0.0000e+00
       1388     49.000    12.8861   3.701662    12.8872   3.701186      96.56     2.2155     0.0583    71.5792 1.0000e-12    5.49069    31.3395    31.3341    23.5814    1496.27    1495.17 0.0000e+00
       1410     50.000    12.8125   3.698229    12.8130   3.697870      96.56     2.2170     0.0567    71.6084 1.0000e-12    5.49081    31.3678    31.3640    23.6174    1496.07    1495.19 0.0000e+00
       1432     51.000    12.7593   3.696880    12.7627   3.696370      96.56     2.2162     0.0564    71.6163 1.0000e-12    5.48036    31.3988    31.3912    23.6517    1495.95    1495.21 0.0000e+00
       1455     52.000    12.7368   3.695633    12.7378   3.694993      96.56     2.2146     0.0572    71.6813 1.0000e-12    5.48147    31.4054    31.3985    23.6610    1495.90    1495.22 0.0000e+00
       1477     53.000    12.7265   3.694594    12.7265   3.694197      96.56     2.2147     0.0564    71.6730 1.0000e-12    5.49723    31.4037    31.4000    23.6617    1495.88    1495.23 0.0000e+00
       1499     54.000    12.5840   3.683964    12.5825   3.684233      83.45     2.2153     0.0498    71.6613 1.0000e-12    5.51085    31.4214    31.4252    23.7025    1495.43    1495.24 0.0000e+00
       1521     55.000    12.4907   3.678024    12.4915   3.677356      63.15     2.2149     0.0527    71.7253 1.0000e-12    5.51445    31.4425    31.4354    23.7365    1495.15    1495.24 0.0000e+00
       1543     56.000    12.4742   3.678242    12.4754   3.677712      69.41     2.2149     0.0529    71.7133 1.0000e-12    5.54513    31.4579    31.4519    23.7516    1495.13    1495.23 0.0000e+00
       1566     57.000    12.4345   3.676512    12.4356   3.675941      96.71     2.2190     0.0511    71.7226 1.0000e-12    5.57527    31.4743    31.4679    23.7718    1495.03    1495.23 0.0000e+00
       1588     58.000    12.3128   3.672104    12.3142   3.671979      96.55     2.2219     0.0541    71.7925 1.0000e-12    5.58140    31.5340    31.5316    23.8409    1494.71    1495.22 0.0000e+00
       1611     59.000    12.1677   3.665672    12.1682   3.665625      96.56     2.2228     0.0526    71.8141 1.0000e-12    5.58490    31.5943    31.5934    23.9148    1494.30    1495.21 0.0000e+00
       1633     60.000    11.9792   3.657693    11.9782   3.657701      96.56     2.2225     0.0516    71.7968 1.0000e-12    5.59407    31.6768    31.6777    24.0137    1493.76    1495.18 0.0000e+00
       1656     61.000    11.7833   3.649705    11.7838   3.649524      96.56     2.2210     0.0533    71.7771 1.0000e-12    5.59522    31.7660    31.7638    24.1189    1493.21    1495.15 0.0000e+00
       1680     62.000    11.6299   3.643447    11.6320   3.643543      93.29     2.2181     0.0546    71.8224 1.0000e-12    5.60946    31.8362    31.8354    24.2012    1492.78    1495.11 0.0000e+00
       1703     63.000    11.4954   3.636880    11.4971   3.636797      82.78     2.2175     0.0518    71.8504 1.0000e-12    5.63859    31.8875    31.8852    24.2654    1492.39    1495.07 0.0000e+00
       1726     64.000    11.3967   3.631903    11.3975   3.631735      59.04     2.2180     0.0505    71.8731 1.0000e-12    5.66885    31.9236    31.9213    24.3111    1492.10    1495.02 0.0000e+00
       1750     65.000    11.2549   3.626535    11.2565   3.626271      96.56     2.2201     0.0478    71.9290 1.0000e-12    5.68603    31.9933    31.9894    24.3906    1491.71    1494.97 0.0000e+00
       1773     66.000    11.1085   3.620895    11.1092   3.620985      96.56     2.2202     0.0469    71.9464 1.0000e-12    5.69094    32.0648    32.0650    24.4720    1491.29    1494.91 0.0000e+00
       1796     67.000    10.9526   3.610937    10.9535   3.610707      96.56     2.2198     0.0511    71.9428 1.0000e-12    5.69635    32.1022    32.0991    24.5285    1490.80    1494.85 0.0000e+00
       1818     68.000    10.7906   3.605906    10.7910   3.605558      96.55     2.2172     0.0521    71.9875 1.0000e-12    5.68902    32.1940    32.1901    24.6281    1490.36    1494.79 0.0000e+00
       1841     69.000    10.6428   3.602464    10.6430   3.602662      96.56     2.2142     0.0522    72.0078 1.0000e-12    5.69885    32.2896    32.2914    24.7281    1489.97    1494.72 0.0000e+00
       1865     70.000    10.4882   3.595003    10.4890   3.594698      96.55     2.2114     0.0500    71.9927 1.0000e-12    5.69408    32.3516    32.3478    24.8029    1489.51    1494.64 0.0000e+00
       1888     71.000    10.3553   3.592418    10.3561   3.591797      94.82     2.2063     0.0515    71.9802 1.0000e-12    5.66478    32.4435    32.4366    24.8972    1489.16    1494.56 0.0000e+00
       1911     72.000    10.1924   3.590564    10.1922   3.590314      64.06     2.1989     0.0526    71.9756 1.0000e-12    5.65360    32.5703    32.5679    25.0234    1488.74    1494.48 0.0000e+00
       1934     73.000    10.0085   3.585307    10.0095   3.584958      96.93     2.1922     0.0508    71.9665 1.0000e-12    5.62327    32.6824    32.6779    25.1416    1488.23    1494.40 0.0000e+00
       1958     74.000     9.8765   3.582501     9.8767   3.582206      96.56     2.1802     0.0510    71.9919 1.0000e-12    5.54830    32.7730    32.7698    25.2343    1487.88    1494.31 0.0000e+00
       1981     75.000     9.6248   3.576790     9.6258   3.576742      96.56     2.1647     0.0529    71.9798 1.0000e-12    5.48732    32.9440    32.9426    25.4090    1487.19    1494.21 0.0000e+00
       2005     76.000     9.5029   3.573766     9.5039   3.572834      96.56     2.1467     0.0574    71.9368 1.0000e-12    5.39764    33.0245    33.0140    25.4917    1486.86    1494.12 0.0000e+00
       2028     77.000     9.4275   3.575923     9.4289   3.575057      96.55     2.1238     0.0590    71.9655 1.0000e-12    5.25458    33.1158    33.1056    25.5753    1486.71    1494.02 0.0000e+00
       2051     78.000     9.3974   3.579574     9.3986   3.578353      96.56     2.0940     0.0571    71.9925 1.0000e-12    5.09823    33.1808    33.1671    25.6310    1486.70    1493.92 0.0000e+00
       2074     79.000     9.3907   3.585302     9.3918   3.584045      96.55     2.0618     0.0522    71.9390 1.0000e-12    4.96945    33.2456    33.2317    25.6827    1486.77    1493.83 0.0000e+00
       2098     80.000     9.3171   3.592702     9.3180   3.591388      89.07     2.0284     0.0506    71.9658 1.0000e-12    4.87449    33.3901    33.3757    25.8075    1486.70    1493.74 0.0000e+00
       2121     81.000     9.2768   3.596529     9.2781   3.595568      41.55     1.9991     0.0505    72.0098 1.0000e-12    4.82623    33.4669    33.4558    25.8741    1486.66    1493.66 0.0000e+00
       2144     82.000     9.2587   3.598592     9.2597   3.597658      96.55     1.9742     0.0545    72.0172 1.0000e-12    4.74103    33.5048    33.4942    25.9066    1486.65    1493.57 0.0000e+00
