_data/ctd/2016/Sta0946_2016.cnv
* Sea-Bird SBE 9 Data File:
* FileName = C:\Seabird\CTDDATA\sta0946.hex
* Software Version Seasave V 7.21f
* Temperature SN = 5458
* Conductivity SN = 044221
* Number of Bytes Per Scan = 41
* Number of Voltage Words = 4
* Number of Scans Averaged by the Deck Unit = 1
* NMEA Latitude = 60 49.51 N
* NMEA Longitude = 005 20.56 E
* NMEA UTC (Time) = Sep 20 2016 02:42:27
** Ship: 01 F/F "Håkon Mosby"
** Station: 0946
** Echodepth: 299
** Log: 3296,2
** Wind-Dir Force: 11 03
** Air-temp (dry): 13
** Weather Sky: 2 9
** Sea Ice: 2 0
** UNIS station:
# nquan = 18                                
# nvalues = 288                         
# units = specified
# name 0 = scan: Scan Count
# name 1 = prDM: Pressure, Digiquartz [db]
# name 2 = t068C: Temperature [ITS-68, deg C]
# name 3 = c0S/m: Conductivity [S/m]
# name 4 = t168C: Temperature, 2 [ITS-68, deg C]
# name 5 = c1S/m: Conductivity, 2 [S/m]
# name 6 = altM: Altimeter [m]
# name 7 = sbeox0V: Oxygen raw, SBE 43 [V]
# name 8 = flC: Fluorescence, Chelsea Aqua 3 Chl Con [ug/l]
# name 9 = xmiss: Beam Transmission, Chelsea/Seatech [%]
# name 10 = par: PAR/Irradiance, Biospherical/Licor
# name 11 = sbeox0ML/L: Oxygen, SBE 43 [ml/l], WS = 2
# name 12 = sal00: Salinity, Practical [PSU]
# name 13 = sal11: Salinity, Practical, 2 [PSU]
# name 14 = sigma-t00: Density [sigma-t, Kg/m^3 ]
# name 15 = svCM: Sound Velocity [Chen-Millero, m/s]
# name 16 = avgsvCM: Average Sound Velocity [Chen-Millero, m/s], minP = 0, minS = 0
# name 17 = flag: flag
# span 0 =        589,       7127       
# span 1 =      3.000,    290.000       
# span 2 =     8.1908,    15.4439       
# span 3 =   3.283546,   3.844652       
# span 4 =     8.1920,    15.4651       
# span 5 =   3.264342,   3.844932       
# span 6 =      20.39,      97.68       
# span 7 =     1.4151,     2.3837       
# span 8 =     0.0374,     0.8189       
# span 9 =    63.8229,    71.9520       
# span 10 = -1.632e-06, 2.3235e-01      
# span 11 =    3.20486,    5.86275      
# span 12 =    25.7535,    34.9564      
# span 13 =    25.5775,    34.9581      
# span 14 =    18.7845,    27.2109      
# span 15 =    1484.65,    1502.50      
# span 16 =    1488.65,    1501.24      
# span 17 = 0.0000e+00, 0.0000e+00      
# interval = decibars: 1                
# start_time = Sep 20 2016 02:42:28 [System UTC, first data scan.]
# bad_flag = -9.990e-29
*END*
[from data line 242]
       6182    245.000     8.1910   3.645530     8.1923   3.645808      96.53     1.4587     0.0431    70.8804 1.0000e-12    3.39024    34.9534    34.9551    27.2087    1487.16    1488.86 0.0000e+00
       6204    246.000     8.1914   3.645625     8.1928   3.645903      96.54     1.4578     0.0414    70.8664 1.0000e-12    3.37869    34.9536    34.9551    27.2088    1487.18    1488.85 0.0000e+00
       6224    247.000     8.1913   3.645675     8.1927   3.645964      93.94     1.4572     0.0419    70.8463 1.0000e-12    3.37468    34.9537    34.9554    27.2089    1487.19    1488.85 0.0000e+00
       6246    248.000     8.1913   3.645713     8.1926   3.646006      93.37     1.4563     0.0419    70.7925 1.0000e-12    3.37051    34.9537    34.9555    27.2088    1487.21    1488.84 0.0000e+00
       6267    249.000     8.1914   3.645771     8.1927   3.646069      96.51     1.4552     0.0433    70.7562 1.0000e-12    3.36348    34.9537    34.9556    27.2089    1487.22    1488.83 0.0000e+00
       6288    250.000     8.1914   3.645847     8.1927   3.646141      96.55     1.4538     0.0435    70.7003 1.0000e-12    3.35857    34.9540    34.9559    27.2091    1487.24    1488.83 0.0000e+00
       6309    251.000     8.1915   3.645909     8.1929   3.646192      96.02     1.4528     0.0444    70.6124 1.0000e-12    3.35423    34.9541    34.9557    27.2092    1487.26    1488.82 0.0000e+00
       6330    252.000     8.1915   3.645972     8.1929   3.646260      96.54     1.4511     0.0445    70.6334 1.0000e-12    3.34132    34.9543    34.9560    27.2093    1487.28    1488.81 0.0000e+00
       6351    253.000     8.1916   3.646034     8.1929   3.646310      96.54     1.4493     0.0443    70.6202 1.0000e-12    3.33895    34.9544    34.9560    27.2094    1487.29    1488.81 0.0000e+00
       6372    254.000     8.1916   3.646073     8.1930   3.646373      96.55     1.4480     0.0434    70.6348 1.0000e-12    3.34467    34.9543    34.9561    27.2093    1487.31    1488.80 0.0000e+00
       6393    255.000     8.1916   3.646127     8.1929   3.646414      96.55     1.4476     0.0452    70.6361 1.0000e-12    3.34633    34.9544    34.9562    27.2094    1487.33    1488.80 0.0000e+00
       6414    256.000     8.1916   3.646185     8.1929   3.646480      96.54     1.4467     0.0448    70.6140 1.0000e-12    3.34144    34.9546    34.9564    27.2095    1487.34    1488.79 0.0000e+00
       6435    257.000     8.1916   3.646242     8.1930   3.646535      96.54     1.4459     0.0440    70.6225 1.0000e-12    3.33715    34.9547    34.9564    27.2096    1487.36    1488.78 0.0000e+00
       6455    258.000     8.1917   3.646296     8.1930   3.646577      96.55     1.4450     0.0432    70.6288 1.0000e-12    3.33693    34.9547    34.9564    27.2096    1487.38    1488.78 0.0000e+00
       6476    259.000     8.1916   3.646351     8.1930   3.646648      96.55     1.4445     0.0434    70.6510 1.0000e-12    3.34114    34.9549    34.9567    27.2098    1487.39    1488.77 0.0000e+00
       6496    260.000     8.1914   3.646389     8.1928   3.646682      96.54     1.4442     0.0460    70.6362 1.0000e-12    3.34258    34.9550    34.9567    27.2099    1487.41    1488.77 0.0000e+00
       6516    261.000     8.1913   3.646443     8.1927   3.646738      96.54     1.4441     0.0464    70.4193 1.0000e-12    3.34018    34.9552    34.9570    27.2101    1487.42    1488.76 0.0000e+00
       6537    262.000     8.1913   3.646491     8.1927   3.646786      96.55     1.4434     0.0461    70.3350 1.0000e-12    3.32596    34.9552    34.9570    27.2101    1487.44    1488.76 0.0000e+00
       6558    263.000     8.1913   3.646553     8.1928   3.646840      96.55     1.4416     0.0455    70.2857 1.0000e-12    3.30316    34.9554    34.9570    27.2102    1487.46    1488.75 0.0000e+00
       6579    264.000     8.1914   3.646605     8.1928   3.646901      96.54     1.4387     0.0455    70.2222 1.0000e-12    3.28652    34.9554    34.9572    27.2102    1487.47    1488.75 0.0000e+00
       6600    265.000     8.1915   3.646655     8.1928   3.646949      96.55     1.4357     0.0466    70.1717 1.0000e-12    3.27927    34.9554    34.9572    27.2102    1487.49    1488.74 0.0000e+00
       6621    266.000     8.1916   3.646713     8.1930   3.646997      96.55     1.4333     0.0439    70.2029 1.0000e-12    3.27982    34.9554    34.9570    27.2102    1487.51    1488.74 0.0000e+00
       6642    267.000     8.1917   3.646768     8.1930   3.647061      96.55     1.4316     0.0456    70.2288 1.0000e-12    3.28079    34.9554    34.9572    27.2102    1487.52    1488.73 0.0000e+00
       6663    268.000     8.1916   3.646817     8.1931   3.647114      96.54     1.4302     0.0466    70.2494 1.0000e-12    3.27839    34.9555    34.9572    27.2103    1487.54    1488.73 0.0000e+00
       6683    269.000     8.1916   3.646864     8.1931   3.647153      96.54     1.4289     0.0480    70.2612 1.0000e-12    3.27685    34.9556    34.9572    27.2103    1487.56    1488.73 0.0000e+00
       6703    270.000     8.1916   3.646908     8.1930   3.647198      96.55     1.4277     0.0458    70.3032 1.0000e-12    3.27844    34.9556    34.9573    27.2103    1487.57    1488.72 0.0000e+00
       6724    271.000     8.1917   3.646963     8.1930   3.647255      96.54     1.4272     0.0415    70.3011 1.0000e-12    3.28160    34.9556    34.9574    27.2103    1487.59    1488.72 0.0000e+00
       6744    272.000     8.1917   3.647007     8.1932   3.647308      96.55     1.4267     0.0416    70.3105 1.0000e-12    3.27930    34.9556    34.9573    27.2103    1487.61    1488.71 0.0000e+00
       6765    273.000     8.1918   3.647066     8.1933   3.647363      96.54     1.4260     0.0425    70.3116 1.0000e-12    3.27964    34.9556    34.9573    27.2103    1487.62    1488.71 0.0000e+00
       6785    274.000     8.1918   3.647125     8.1933   3.647415      96.55     1.4258     0.0446    70.2805 1.0000e-12    3.28387    34.9558    34.9574    27.2104    1487.64    1488.71 0.0000e+00
       6806    275.000     8.1918   3.647170     8.1933   3.647470      96.54     1.4258     0.0458    70.3022 1.0000e-12    3.28535    34.9558    34.9575    27.2104    1487.66    1488.70 0.0000e+00
       6827    276.000     8.1920   3.647224     8.1933   3.647511      96.54     1.4257     0.0460    70.3534 1.0000e-12    3.28117    34.9557    34.9574    27.2103    1487.67    1488.70 0.0000e+00
       6848    277.000     8.1919   3.647272     8.1933   3.647564      96.55     1.4250     0.0461    70.3748 1.0000e-12    3.26964    34.9558    34.9575    27.2104    1487.69    1488.69 0.0000e+00
       6869    278.000     8.1919   3.647322     8.1933   3.647601      96.54     1.4239     0.0480    70.4129 1.0000e-12    3.26921    34.9558    34.9574    27.2105    1487.71    1488.69 0.0000e+00
       6890    279.000     8.1919   3.647372     8.1934   3.647664      96.54     1.4235     0.0446    70.4275 1.0000e-12    3.26401    34.9559    34.9575    27.2105    1487.72    1488.69 0.0000e+00
       6911    280.000     8.1918   3.647418     8.1933   3.647704      20.39     1.4216     0.0436    70.4520 1.0000e-12    3.27641    34.9560    34.9576    27.2106    1487.74    1488.68 0.0000e+00
       6932    281.000     8.1919   3.647476     8.1933   3.647760      96.03     1.4241     0.0461    70.5049 1.0000e-12    3.29699    34.9561    34.9577    27.2106    1487.76    1488.68 0.0000e+00
       6953    282.000     8.1920   3.647522     8.1934   3.647817      96.54     1.4237     0.0510    70.3532 1.0000e-12    3.26938    34.9560    34.9577    27.2106    1487.77    1488.68 0.0000e+00
       6975    283.000     8.1921   3.647576     8.1935   3.647871      56.18     1.4221     0.0519    70.4784 1.0000e-12    3.26246    34.9560    34.9577    27.2105    1487.79    1488.67 0.0000e+00
       6996    284.000     8.1920   3.647622     8.1934   3.647921      68.39     1.4225     0.0489    70.4819 1.0000e-12    3.28759    34.9561    34.9579    27.2106    1487.81    1488.67 0.0000e+00
       7017    285.000     8.1918   3.647657     8.1932   3.647938      96.62     1.4227     0.0471    70.4733 1.0000e-12    3.26328    34.9562    34.9578    27.2108    1487.82    1488.67 0.0000e+00
       7038    286.000     8.1918   3.647711     8.1932   3.648000      33.66     1.4204     0.0475    70.5224 1.0000e-12    3.24775    34.9563    34.9580    27.2108    1487.84    1488.67 0.0000e+00
       7060    287.000     8.1918   3.647754     8.1932   3.648054      40.29     1.4200     0.0506    70.5321 1.0000e-12    3.27672    34.9563    34.9581    27.2108    1487.86    1488.66 0.0000e+00
       7081    288.000     8.1919   3.647814     8.1933   3.648098      96.31     1.4208     0.0479    70.5003 1.0000e-12    3.26901    34.9563    34.9580    27.2108    1487.87    1488.66 0.0000e+00
       7103    289.000     8.1920   3.647864     8.1934   3.648153      96.54     1.4195     0.0472    70.4345 1.0000e-12    3.23045    34.9563    34.9580    27.2108    1487.89    1488.66 0.0000e+00
       7127    290.000     8.1920   3.647921     8.1935   3.648223      55.60     1.4151     0.0492    70.4495 1.0000e-12    3.20486    34.9564    34.9581    27.2109    1487.91    1488.65 0.0000e+00
