_data/ctd/2016/Sta0957_2016.cnv
* Sea-Bird SBE 9 Data File:
* FileName = C:\Seabird\CTDDATA\sta0957.hex
* Software Version Seasave V 7.21f
* Temperature SN = 5458
* Conductivity SN = 044221
* Number of Bytes Per Scan = 41
* Number of Voltage Words = 4
* Number of Scans Averaged by the Deck Unit = 1
* NMEA Latitude = 61 21.31 N
* NMEA Longitude = 007 22.35 E
* NMEA UTC (Time) = Sep 27 2016 06:25:42
** Ship: 01 F/F "Håkon Mosby"
** Station: 0957
** Echodepth: 373
** Log: 3803.594
** Wind-Dir Force: 03 01
** Air-temp (dry): 9,6
** Weather Sky: 2 9
** Sea Ice: 1 0
** UNIS station:
# nquan = 18                                
# nvalues = 364                         
# units = specified
# name 0 = scan: Scan Count
# name 1 = prDM: Pressure, Digiquartz [db]
# name 2 = t068C: Temperature [ITS-68, deg C]
# name 3 = c0S/m: Conductivity [S/m]
# name 4 = t168C: Temperature, 2 [ITS-68, deg C]
# name 5 = c1S/m: Conductivity, 2 [S/m]
# name 6 = altM: Altimeter [m]
# name 7 = sbeox0V: Oxygen raw, SBE 43 [V]
# name 8 = flC: Fluorescence, Chelsea Aqua 3 Chl Con [ug/l]
# name 9 = xmiss: Beam Transmission, Chelsea/Seatech [%]
# name 10 = par: PAR/Irradiance, Biospherical/Licor
# name 11 = sbeox0ML/L: Oxygen, SBE 43 [ml/l], WS = 2
# name 12 = sal00: Salinity, Practical [PSU]
# name 13 = sal11: Salinity, Practical, 2 [PSU]
# name 14 = sigma-t00: Density [sigma-t, Kg/m^3 ]
# name 15 = svCM: Sound Velocity [Chen-Millero, m/s]
# name 16 = avgsvCM: Average Sound Velocity [Chen-Millero, m/s], minP = 0, minS = 0
# name 17 = flag: flag
# span 0 =        323,       9635       
# span 1 =      1.000,    364.000       
# span 2 =     7.5609,    14.3878       
# span 3 =   0.895991,   3.716991       
# span 4 =     7.5623,    14.3880       
# span 5 =   0.900666,   3.717160       
# span 6 =     -56.73,      97.08       
# span 7 =     1.4734,     2.6141       
# span 8 =     0.0277,     0.3956       
# span 9 =    19.2212,    71.9583       
# span 10 = -1.262e-06, 1.4037e+01      
# span 11 =    3.40530,    7.47966      
# span 12 =     6.9245,    34.9992      
# span 13 =     6.9610,    35.0009      
# span 14 =     4.9347,    27.3385      
# span 15 =    1461.62,    1498.95      
# span 16 =    1461.62,    1494.00      
# span 17 = 0.0000e+00, 0.0000e+00      
# interval = decibars: 1                
# start_time = Sep 27 2016 06:25:43 [System UTC, first data scan.]
# bad_flag = -9.990e-29
*END*
        323      1.000    11.5176   0.895991    11.5304   0.900666     -56.73     2.4652     0.3731    59.1335 1.4037e+01    7.47109     6.9245     6.9610     4.9347    1461.62    1461.62 0.0000e+00
        400      2.000    11.6854   0.935884    11.6836   0.929804      95.96     2.4683     0.3711    60.7043 1.1734e+01    7.47966     7.2241     7.1740     5.1454    1462.62    1462.12 0.0000e+00
        440      3.000    12.2237   1.798128    12.2286   1.735778      96.45     2.4707     0.3956    48.5858 7.2942e+00    7.11402    14.4366    13.8909    10.6415    1473.21    1465.80 0.0000e+00
        471      4.000    12.3583   2.516099    12.3457   2.463907      96.56     2.4859     0.3953    23.2181 5.0849e+00    6.99266    20.7643    20.2992    15.5035    1481.20    1469.62 0.0000e+00
        501      5.000    12.5307   2.773230    12.5339   2.764525      96.56     2.5170     0.3926    19.2212 3.5599e+00    7.06506    23.0012    22.9198    17.2014    1484.47    1472.56 0.0000e+00
        528      6.000    12.7082   2.954104    12.7518   2.952377      96.56     2.5499     0.3789    22.1727 2.5144e+00    7.03698    24.5427    24.4987    18.3607    1486.92    1474.94 0.0000e+00
        553      7.000    13.1570   3.133619    13.1757   3.118987      96.44     2.5688     0.3628    31.0576 1.7773e+00    6.90673    25.8852    25.7391    19.3158    1490.06    1477.08 0.0000e+00
        577      8.000    13.6866   3.376632    13.6936   3.356689      73.16     2.5843     0.3381    39.4957 1.2520e+00    6.79644    27.7270    27.5407    20.6364    1494.03    1479.18 0.0000e+00
        602      9.000    14.1201   3.573754    14.1223   3.573591      69.73     2.6034     0.2735    40.8725 8.8975e-01    6.73569    29.1960    29.1928    21.6834    1497.20    1481.16 0.0000e+00
        626     10.000    14.1317   3.584419    14.1338   3.583379      96.31     2.6141     0.2207    46.9930 6.6727e-01    6.57410    29.2835    29.2725    21.7485    1497.36    1482.76 0.0000e+00
        650     11.000    14.2434   3.618705    14.2494   3.616520      96.56     2.5880     0.2000    55.3446 5.1658e-01    6.25561    29.5089    29.4845    21.8997    1498.00    1484.13 0.0000e+00
        675     12.000    14.3713   3.654123    14.3737   3.653224      96.56     2.5483     0.1763    63.9499 4.1051e-01    6.06682    29.7310    29.7210    22.0449    1498.70    1485.34 0.0000e+00
        699     13.000    14.3878   3.673141    14.3880   3.672596      96.56     2.5066     0.1614    66.0764 3.3325e-01    5.87830    29.8899    29.8848    22.1639    1498.95    1486.38 0.0000e+00
        723     14.000    14.3281   3.683586    14.3273   3.683847      96.56     2.4554     0.1554    67.1476 2.7065e-01    5.67659    30.0302    30.0332    22.2842    1498.94    1487.27 0.0000e+00
        747     15.000    14.2934   3.689742    14.2933   3.689980      51.92     2.4030     0.1457    67.7586 2.2497e-01    5.55133    30.1126    30.1148    22.3548    1498.94    1488.04 0.0000e+00
        771     16.000    14.2439   3.694468    14.2463   3.694588      96.92     2.3615     0.1358    68.2627 1.8590e-01    5.50980    30.1937    30.1929    22.4274    1498.89    1488.71 0.0000e+00
        795     17.000    14.2045   3.697790    14.2037   3.698149      96.55     2.3298     0.1275    68.6320 1.4838e-01    5.49251    30.2543    30.2582    22.4821    1498.85    1489.30 0.0000e+00
        819     18.000    14.1641   3.702554    14.1663   3.702445      96.56     2.3077     0.1220    68.9538 1.2142e-01    5.47409    30.3290    30.3262    22.5479    1498.82    1489.83 0.0000e+00
        843     19.000    14.1771   3.709732    14.1794   3.709695      96.56     2.2898     0.1335    69.1390 9.8497e-02    5.45403    30.3837    30.3816    22.5875    1498.94    1490.31 0.0000e+00
        867     20.000    14.1462   3.713355    14.1456   3.713728      96.56     2.2764     0.1275    69.4476 7.9172e-02    5.43297    30.4407    30.4446    22.6377    1498.92    1490.74 0.0000e+00
        892     21.000    14.0671   3.707940    14.0703   3.708554      95.25     2.2633     0.1240    69.5377 6.3738e-02    5.40144    30.4534    30.4564    22.6635    1498.70    1491.11 0.0000e+00
        916     22.000    14.1074   3.716991    14.1069   3.717160      88.56     2.2512     0.1210    69.5950 4.7034e-02    5.39103    30.5037    30.5057    22.6942    1498.90    1491.46 0.0000e+00
        941     23.000    13.7669   3.683504    13.7587   3.686277      46.32     2.2461     0.1181    69.6997 3.4498e-02    5.43677    30.4665    30.4985    22.7339    1497.76    1491.74 0.0000e+00
        965     24.000    13.6628   3.675311    13.6653   3.675539      95.95     2.2378     0.1100    69.4887 2.6466e-02    5.41092    30.4734    30.4735    22.7600    1497.44    1491.97 0.0000e+00
        990     25.000    13.6456   3.677609    13.6464   3.677910      49.24     2.2351     0.1037    69.5026 1.9943e-02    5.50865    30.5079    30.5100    22.7901    1497.44    1492.19 0.0000e+00
       1014     26.000    13.5698   3.676789    13.5676   3.677380      96.90     2.2472     0.0987    69.4610 1.2839e-02    5.59025    30.5604    30.5676    22.8456    1497.26    1492.39 0.0000e+00
       1039     27.000    13.4870   3.673629    13.4882   3.673965      96.56     2.2547     0.0959    69.5624 6.0363e-03    5.57949    30.5970    30.5992    22.8902    1497.05    1492.56 0.0000e+00
       1063     28.000    13.4830   3.676803    13.4837   3.677289      96.56     2.2575     0.0941    69.6076 6.9166e-04    5.57393    30.6292    30.6332    22.9159    1497.09    1492.72 0.0000e+00
       1087     29.000    13.3885   3.671783    13.3890   3.672533      96.56     2.2609     0.0910    69.6582 -1.262e-06    5.58969    30.6582    30.6647    22.9569    1496.82    1492.86 0.0000e+00
       1111     30.000    13.2908   3.665908    13.2924   3.666446      96.56     2.2619     0.0870    69.8018 1.0000e-12    5.59162    30.6818    30.6855    22.9942    1496.54    1492.98 0.0000e+00
       1136     31.000    13.2676   3.666017    13.2672   3.666704      74.95     2.2628     0.0821    69.8500 1.0000e-12    5.61328    30.7011    30.7078    23.0137    1496.50    1493.10 0.0000e+00
       1160     32.000    13.1653   3.659973    13.1650   3.660668      76.24     2.2677     0.0791    69.9736 1.0000e-12    5.65960    30.7270    30.7337    23.0536    1496.21    1493.19 0.0000e+00
       1184     33.000    13.1151   3.657875    13.1164   3.658004      96.82     2.2710     0.0765    70.0452 1.0000e-12    5.65272    30.7476    30.7478    23.0793    1496.08    1493.28 0.0000e+00
       1208     34.000    13.1636   3.666699    13.1681   3.666165      96.56     2.2730     0.0760    70.1517 1.0000e-12    5.66676    30.7904    30.7817    23.1029    1496.31    1493.37 0.0000e+00
       1233     35.000    13.2075   3.675931    13.2095   3.676823      96.56     2.2791     0.0743    70.2119 1.0000e-12    5.69477    30.8405    30.8472    23.1332    1496.53    1493.46 0.0000e+00
       1257     36.000    13.1514   3.674713    13.1532   3.674603      96.56     2.2820     0.0693    70.3327 1.0000e-12    5.63601    30.8743    30.8718    23.1702    1496.40    1493.54 0.0000e+00
       1281     37.000    13.0590   3.668943    13.0589   3.669824      96.56     2.2736     0.0669    70.4645 1.0000e-12    5.58089    30.8951    30.9034    23.2042    1496.13    1493.61 0.0000e+00
       1305     38.000    13.0085   3.667748    13.0102   3.668218      91.01     2.2665     0.0663    70.5432 1.0000e-12    5.58209    30.9247    30.9277    23.2368    1496.01    1493.67 0.0000e+00
       1329     39.000    12.9941   3.670427    12.9951   3.670153      43.68     2.2624     0.0651    70.6699 1.0000e-12    5.60690    30.9611    30.9578    23.2678    1496.02    1493.73 0.0000e+00
       1354     40.000    12.9497   3.670019    12.9498   3.670767      93.46     2.2635     0.0637    70.7407 1.0000e-12    5.63321    30.9932    31.0001    23.3012    1495.93    1493.79 0.0000e+00
       1378     41.000    12.8927   3.665211    12.8928   3.665781      96.57     2.2629     0.0657    70.7753 1.0000e-12    5.62037    30.9943    30.9996    23.3130    1495.75    1493.84 0.0000e+00
       1403     42.000    12.8233   3.659922    12.8251   3.660722      96.56     2.2610     0.0622    70.8642 1.0000e-12    5.62739    31.0010    31.0071    23.3315    1495.54    1493.88 0.0000e+00
       1427     43.000    12.7817   3.659300    12.7833   3.659474      96.56     2.2609     0.0603    70.8668 1.0000e-12    5.64582    31.0289    31.0292    23.3610    1495.45    1493.91 0.0000e+00
       1452     44.000    12.7357   3.661964    12.7329   3.662774      96.56     2.2628     0.0604    70.9065 1.0000e-12    5.67625    31.0914    31.1014    23.4182    1495.39    1493.95 0.0000e+00
       1477     45.000    12.5224   3.648510    12.5216   3.649333      87.67     2.2656     0.0566    71.0076 1.0000e-12    5.67726    31.1398    31.1482    23.4961    1494.74    1493.97 0.0000e+00
       1502     46.000    12.4292   3.644745    12.4298   3.645194      72.15     2.2622     0.0599    70.9823 1.0000e-12    5.67302    31.1808    31.1846    23.5455    1494.49    1493.98 0.0000e+00
       1527     47.000    12.3597   3.641866    12.3607   3.642393      96.63     2.2633     0.0607    71.0667 1.0000e-12    5.71878    31.2108    31.2149    23.5817    1494.30    1493.98 0.0000e+00
       1551     48.000    12.3376   3.640966    12.3391   3.641343      96.56     2.2674     0.0570    71.1032 1.0000e-12    5.75195    31.2202    31.2225    23.5931    1494.25    1493.99 0.0000e+00
       1576     49.000    12.3299   3.640981    12.3315   3.641309      96.56     2.2728     0.0550    71.1153 1.0000e-12    5.78433    31.2263    31.2281    23.5993    1494.25    1493.99 0.0000e+00
       1601     50.000    12.3197   3.641400    12.3207   3.641740      96.56     2.2791     0.0566    71.1121 1.0000e-12    5.79484    31.2384    31.2408    23.6106    1494.25    1494.00 0.0000e+00
       1625     51.000    12.2802   3.639053    12.2816   3.639472      96.56     2.2824     0.0563    71.1892 1.0000e-12    5.78780    31.2485    31.2514    23.6258    1494.14    1494.00 0.0000e+00
       1650     52.000    12.2282   3.637247    12.2269   3.637776      96.56     2.2831     0.0564    71.1680 1.0000e-12    5.77015    31.2742    31.2804    23.6554    1494.01    1494.00 0.0000e+00
       1675     53.000    12.1018   3.632557    12.1025   3.633085      67.02     2.2805     0.0523    71.2043 1.0000e-12    5.76303    31.3347    31.3391    23.7257    1493.66    1494.00 0.0000e+00
       1700     54.000    11.9940   3.627202    11.9948   3.628012      94.62     2.2796     0.0516    71.2626 1.0000e-12    5.78670    31.3733    31.3804    23.7755    1493.35    1493.98 0.0000e+00
       1725     55.000    11.8835   3.622503    11.8847   3.622991      96.54     2.2785     0.0512    71.2900 1.0000e-12    5.79789    31.4207    31.4244    23.8326    1493.04    1493.97 0.0000e+00
       1749     56.000    11.8412   3.621900    11.8423   3.622143      96.56     2.2784     0.0511    71.3288 1.0000e-12    5.81558    31.4502    31.4516    23.8632    1492.95    1493.95 0.0000e+00
       1775     57.000    11.7918   3.621415    11.7928   3.621880      96.56     2.2804     0.0542    71.3505 1.0000e-12    5.83869    31.4868    31.4905    23.9006    1492.84    1493.93 0.0000e+00
       1800     58.000    11.7118   3.620536    11.7124   3.620803      96.56     2.2821     0.0498    71.4327 1.0000e-12    5.83547    31.5457    31.5478    23.9609    1492.65    1493.91 0.0000e+00
       1824     59.000    11.6140   3.618565    11.6154   3.619059      88.07     2.2804     0.0485    71.4451 1.0000e-12    5.81391    31.6094    31.6130    24.0280    1492.40    1493.88 0.0000e+00
       1850     60.000    11.5716   3.619705    11.5732   3.619956      82.99     2.2774     0.0522    71.4920 1.0000e-12    5.82105    31.6562    31.6573    24.0720    1492.33    1493.86 0.0000e+00
       1874     61.000    11.4937   3.618035    11.4936   3.618526      96.67     2.2767     0.0490    71.5196 1.0000e-12    5.82274    31.7061    31.7110    24.1248    1492.13    1493.83 0.0000e+00
       1899     62.000    11.2853   3.606468    11.2817   3.607827      96.56     2.2733     0.0483    71.5513 1.0000e-12    5.80963    31.7717    31.7881    24.2129    1491.50    1493.79 0.0000e+00
       1924     63.000    11.0532   3.591651    11.0488   3.592823      96.56     2.2670     0.0491    71.6118 1.0000e-12    5.80021    31.8261    31.8414    24.2961    1490.76    1493.74 0.0000e+00
       1949     64.000    10.8866   3.582058    10.8879   3.582431      96.56     2.2606     0.0525    71.6604 1.0000e-12    5.81794    31.8755    31.8780    24.3636    1490.25    1493.69 0.0000e+00
       1974     65.000    10.8513   3.582478    10.8532   3.583182      96.56     2.2583     0.0521    71.7074 1.0000e-12    5.86224    31.9099    31.9152    24.3965    1490.18    1493.63 0.0000e+00
       1999     66.000    10.6712   3.573371    10.6667   3.573808      87.80     2.2604     0.0509    71.7473 1.0000e-12    5.89029    31.9763    31.9846    24.4793    1489.64    1493.57 0.0000e+00
       2024     67.000    10.5722   3.570155    10.5704   3.570636      37.28     2.2584     0.0532    71.5776 1.0000e-12    5.87352    32.0306    32.0370    24.5385    1489.37    1493.51 0.0000e+00
       2049     68.000    10.4421   3.562281    10.4432   3.563149      96.76     2.2572     0.0538    71.7968 1.0000e-12    5.88317    32.0659    32.0736    24.5882    1488.96    1493.44 0.0000e+00
       2073     69.000    10.3215   3.557229    10.3222   3.557763      96.56     2.2534     0.0504    71.8169 1.0000e-12    5.86172    32.1212    32.1260    24.6516    1488.61    1493.37 0.0000e+00
       2098     70.000    10.2201   3.558776    10.2213   3.558965      96.56     2.2483     0.0469    71.8635 1.0000e-12    5.85148    32.2262    32.2270    24.7505    1488.39    1493.30 0.0000e+00
       2122     71.000    10.0970   3.556063    10.0973   3.556607      96.56     2.2439     0.0483    71.8300 1.0000e-12    5.84201    32.3079    32.3132    24.8348    1488.06    1493.23 0.0000e+00
       2147     72.000     9.9705   3.552411     9.9695   3.552798      90.11     2.2360     0.0503    71.8189 1.0000e-12    5.78351    32.3837    32.3885    24.9149    1487.72    1493.15 0.0000e+00
       2170     73.000     9.8225   3.551915     9.8225   3.552203      66.96     2.2245     0.0535    71.8190 1.0000e-12    5.72667    32.5112    32.5142    25.0388    1487.35    1493.07 0.0000e+00
       2194     74.000     9.7085   3.552610     9.7091   3.552851      60.87     2.2106     0.0551    71.7966 1.0000e-12    5.66623    32.6209    32.6228    25.1431    1487.09    1492.99 0.0000e+00
       2219     75.000     9.5948   3.554180     9.5940   3.554652      96.28     2.1928     0.0534    71.8495 1.0000e-12    5.56751    32.7399    32.7454    25.2545    1486.83    1492.91 0.0000e+00
       2243     76.000     9.5005   3.556115     9.5020   3.555769      96.56     2.1706     0.0531    71.7893 1.0000e-12    5.44903    32.8454    32.8405    25.3522    1486.63    1492.82 0.0000e+00
       2268     77.000     9.4530   3.561125     9.4537   3.560988      96.56     2.1423     0.0546    71.8055 1.0000e-12    5.28428    32.9400    32.9380    25.4338    1486.59    1492.74 0.0000e+00
       2293     78.000     9.3261   3.579313     9.3264   3.578242      96.56     2.1068     0.0549    71.6336 1.0000e-12    5.09987    33.2443    33.2330    25.6921    1486.52    1492.66 0.0000e+00
       2318     79.000     9.2968   3.586013     9.2982   3.586023      96.56     2.0661     0.0510    71.5952 1.0000e-12    4.86494    33.3404    33.3392    25.7719    1486.54    1492.58 0.0000e+00
       2343     80.000     9.2842   3.589275     9.2857   3.589181      68.25     2.0114     0.0511    71.7281 1.0000e-12    4.54163    33.3854    33.3830    25.8091    1486.57    1492.51 0.0000e+00
