_data/ctd/2016/Sta0953_2016.cnv
* Sea-Bird SBE 9 Data File:
* FileName = C:\Seabird\CTDDATA\sta0953.hex
* Software Version Seasave V 7.21f
* Temperature SN = 5458
* Conductivity SN = 044221
* Number of Bytes Per Scan = 41
* Number of Voltage Words = 4
* Number of Scans Averaged by the Deck Unit = 1
* NMEA Latitude = 61 14.70 N
* NMEA Longitude = 007 21.41 E
* NMEA UTC (Time) = Sep 26 2016 08:18:36
** Ship: 01 F/F "Håkon Mosby"
** Station: 0953
** Echodepth: 652
** Log: 3752
** Wind-Dir Force: 05 01
** Air-temp (dry): 12.6
** Weather Sky: 1 9
** Sea Ice: 1 0
** UNIS station:
# nquan = 18                                
# nvalues = 644                         
# units = specified
# name 0 = scan: Scan Count
# name 1 = prDM: Pressure, Digiquartz [db]
# name 2 = t068C: Temperature [ITS-68, deg C]
# name 3 = c0S/m: Conductivity [S/m]
# name 4 = t168C: Temperature, 2 [ITS-68, deg C]
# name 5 = c1S/m: Conductivity, 2 [S/m]
# name 6 = altM: Altimeter [m]
# name 7 = sbeox0V: Oxygen raw, SBE 43 [V]
# name 8 = flC: Fluorescence, Chelsea Aqua 3 Chl Con [ug/l]
# name 9 = xmiss: Beam Transmission, Chelsea/Seatech [%]
# name 10 = par: PAR/Irradiance, Biospherical/Licor
# name 11 = sbeox0ML/L: Oxygen, SBE 43 [ml/l], WS = 2
# name 12 = sal00: Salinity, Practical [PSU]
# name 13 = sal11: Salinity, Practical, 2 [PSU]
# name 14 = sigma-t00: Density [sigma-t, Kg/m^3 ]
# name 15 = svCM: Sound Velocity [Chen-Millero, m/s]
# name 16 = avgsvCM: Average Sound Velocity [Chen-Millero, m/s], minP = 0, minS = 0
# name 17 = flag: flag
# span 0 =        746,      18925       
# span 1 =      3.000,    646.000       
# span 2 =     7.4057,    14.6125       
# span 3 =   1.234995,   3.759109       
# span 4 =     7.4070,    14.6138       
# span 5 =   1.016611,   3.757436       
# span 6 =       9.56,      96.80       
# span 7 =     1.4805,     2.7294       
# span 8 =     0.0255,     0.7681       
# span 9 =    23.3077,    78.2864       
# span 10 = 1.0000e-12, 1.1342e+02      
# span 11 =    3.70520,    7.25611      
# span 12 =     9.4388,    35.0401      
# span 13 =     7.6415,    35.0212      
# span 14 =     6.6905,    27.3929      
# span 15 =    1469.67,    1500.31      
# span 16 =    1469.67,    1495.52      
# span 17 = 0.0000e+00, 0.0000e+00      
# interval = decibars: 1                
# start_time = Sep 26 2016 08:18:37 [System UTC, first data scan.]
# bad_flag = -9.990e-29
*END*
[from data line 403]
      11783    406.000     7.4988   3.594474     7.5003   3.592802      96.56     1.5519     0.0326    72.1546 1.0000e-12    3.86438    35.0183    34.9986    27.3626    1487.27    1487.11 0.0000e+00
      11810    407.000     7.4986   3.594519     7.5002   3.592834      96.56     1.5519     0.0302    72.1555 1.0000e-12    3.85961    35.0185    34.9986    27.3627    1487.28    1487.11 0.0000e+00
      11837    408.000     7.4984   3.594544     7.4998   3.592853      96.56     1.5508     0.0272    72.1593 1.0000e-12    3.85218    35.0185    34.9987    27.3628    1487.30    1487.11 0.0000e+00
      11864    409.000     7.4972   3.594500     7.4987   3.592832      96.56     1.5506     0.0303    72.1461 1.0000e-12    3.86130    35.0187    34.9991    27.3631    1487.31    1487.11 0.0000e+00
      11891    410.000     7.4968   3.594527     7.4984   3.592846      96.56     1.5506     0.0307    72.1603 1.0000e-12    3.86209    35.0189    34.9991    27.3634    1487.33    1487.11 0.0000e+00
      11918    411.000     7.4952   3.594452     7.4967   3.592785      96.56     1.5506     0.0313    72.1711 1.0000e-12    3.86341    35.0192    34.9996    27.3638    1487.34    1487.11 0.0000e+00
      11946    412.000     7.4931   3.594337     7.4945   3.592659      96.56     1.5508     0.0286    72.1718 1.0000e-12    3.86991    35.0196    35.0000    27.3644    1487.34    1487.11 0.0000e+00
      11973    413.000     7.4921   3.594311     7.4935   3.592627      96.56     1.5516     0.0310    72.1344 1.0000e-12    3.87600    35.0199    35.0002    27.3648    1487.36    1487.11 0.0000e+00
      12000    414.000     7.4911   3.594291     7.4925   3.592600      96.56     1.5519     0.0295    72.1434 1.0000e-12    3.87032    35.0202    35.0004    27.3652    1487.37    1487.11 0.0000e+00
      12028    415.000     7.4898   3.594236     7.4912   3.592563      96.56     1.5519     0.0306    72.1152 1.0000e-12    3.86461    35.0204    35.0008    27.3655    1487.38    1487.11 0.0000e+00
      12055    416.000     7.4888   3.594212     7.4903   3.592533      96.56     1.5510     0.0307    72.0641 1.0000e-12    3.85146    35.0207    35.0009    27.3659    1487.40    1487.11 0.0000e+00
      12082    417.000     7.4877   3.594179     7.4892   3.592500      96.55     1.5495     0.0287    72.0974 1.0000e-12    3.85030    35.0209    35.0012    27.3662    1487.41    1487.11 0.0000e+00
      12109    418.000     7.4861   3.594112     7.4875   3.592442      96.56     1.5488     0.0299    72.1047 1.0000e-12    3.85022    35.0213    35.0018    27.3668    1487.42    1487.11 0.0000e+00
      12136    419.000     7.4856   3.594114     7.4870   3.592430      96.56     1.5482     0.0309    72.1388 1.0000e-12    3.85651    35.0214    35.0017    27.3669    1487.43    1487.11 0.0000e+00
      12164    420.000     7.4842   3.594055     7.4856   3.592390      96.56     1.5482     0.0286    72.1197 1.0000e-12    3.86051    35.0216    35.0022    27.3673    1487.45    1487.11 0.0000e+00
      12191    421.000     7.4819   3.593937     7.4834   3.592277      96.56     1.5484     0.0281    72.1528 1.0000e-12    3.86594    35.0222    35.0027    27.3681    1487.45    1487.12 0.0000e+00
      12218    422.000     7.4809   3.593910     7.4824   3.592233      96.56     1.5491     0.0317    72.1459 1.0000e-12    3.87099    35.0224    35.0027    27.3684    1487.47    1487.12 0.0000e+00
      12246    423.000     7.4805   3.593933     7.4820   3.592261      96.56     1.5495     0.0318    72.1490 1.0000e-12    3.87221    35.0226    35.0029    27.3686    1487.48    1487.12 0.0000e+00
      12273    424.000     7.4799   3.593932     7.4814   3.592260      96.56     1.5501     0.0367    72.1499 1.0000e-12    3.87155    35.0227    35.0030    27.3688    1487.50    1487.12 0.0000e+00
      12301    425.000     7.4782   3.593853     7.4798   3.592199      96.56     1.5498     0.0338    72.1554 1.0000e-12    3.86402    35.0231    35.0035    27.3693    1487.51    1487.12 0.0000e+00
      12328    426.000     7.4773   3.593822     7.4787   3.592162      96.56     1.5496     0.0309    72.1445 1.0000e-12    3.86704    35.0231    35.0037    27.3695    1487.52    1487.12 0.0000e+00
      12356    427.000     7.4762   3.593798     7.4777   3.592130      96.56     1.5499     0.0303    72.1544 1.0000e-12    3.87839    35.0235    35.0039    27.3699    1487.53    1487.12 0.0000e+00
      12383    428.000     7.4754   3.593776     7.4768   3.592111      96.56     1.5507     0.0293    72.1517 1.0000e-12    3.87670    35.0236    35.0041    27.3701    1487.55    1487.12 0.0000e+00
      12410    429.000     7.4750   3.593792     7.4763   3.592121      96.56     1.5503     0.0299    72.1517 1.0000e-12    3.86225    35.0237    35.0042    27.3702    1487.56    1487.12 0.0000e+00
      12438    430.000     7.4743   3.593787     7.4757   3.592119      96.56     1.5494     0.0285    72.1678 1.0000e-12    3.85896    35.0238    35.0043    27.3705    1487.57    1487.12 0.0000e+00
      12465    431.000     7.4741   3.593817     7.4755   3.592145      96.56     1.5485     0.0308    72.1638 1.0000e-12    3.85936    35.0239    35.0043    27.3705    1487.59    1487.13 0.0000e+00
      12493    432.000     7.4735   3.593824     7.4750   3.592159      96.56     1.5482     0.0317    72.1537 1.0000e-12    3.86621    35.0241    35.0045    27.3708    1487.61    1487.13 0.0000e+00
      12521    433.000     7.4732   3.593834     7.4746   3.592175      96.56     1.5485     0.0301    72.1880 1.0000e-12    3.87345    35.0240    35.0046    27.3708    1487.62    1487.13 0.0000e+00
      12549    434.000     7.4728   3.593861     7.4742   3.592182      96.56     1.5489     0.0299    72.1850 1.0000e-12    3.86722    35.0242    35.0046    27.3710    1487.64    1487.13 0.0000e+00
      12576    435.000     7.4725   3.593880     7.4738   3.592216      96.56     1.5484     0.0306    72.1721 1.0000e-12    3.86345    35.0242    35.0049    27.3711    1487.65    1487.13 0.0000e+00
      12605    436.000     7.4714   3.593847     7.4728   3.592186      96.56     1.5477     0.0300    72.2056 1.0000e-12    3.85565    35.0245    35.0051    27.3714    1487.66    1487.13 0.0000e+00
      12632    437.000     7.4709   3.593863     7.4724   3.592199      96.56     1.5470     0.0316    72.1667 1.0000e-12    3.86197    35.0247    35.0051    27.3716    1487.68    1487.13 0.0000e+00
      12660    438.000     7.4710   3.593912     7.4724   3.592241      96.56     1.5470     0.0324    72.1510 1.0000e-12    3.86455    35.0247    35.0051    27.3716    1487.70    1487.13 0.0000e+00
      12688    439.000     7.4699   3.593876     7.4714   3.592214      96.56     1.5470     0.0317    72.1431 1.0000e-12    3.86452    35.0249    35.0053    27.3719    1487.71    1487.13 0.0000e+00
      12716    440.000     7.4691   3.593867     7.4706   3.592206      96.56     1.5467     0.0275    72.1248 1.0000e-12    3.85869    35.0251    35.0056    27.3722    1487.72    1487.14 0.0000e+00
      12744    441.000     7.4666   3.593718     7.4680   3.592066      96.56     1.5461     0.0293    72.1268 1.0000e-12    3.85744    35.0255    35.0062    27.3729    1487.73    1487.14 0.0000e+00
      12771    442.000     7.4654   3.593686     7.4669   3.592022      96.56     1.5458     0.0309    72.1040 1.0000e-12    3.85741    35.0259    35.0063    27.3734    1487.74    1487.14 0.0000e+00
      12799    443.000     7.4649   3.593679     7.4663   3.592010      96.56     1.5449     0.0308    72.1036 1.0000e-12    3.84937    35.0258    35.0063    27.3734    1487.76    1487.14 0.0000e+00
      12827    444.000     7.4644   3.593692     7.4659   3.592024      96.56     1.5441     0.0305    72.1082 1.0000e-12    3.84518    35.0260    35.0064    27.3736    1487.77    1487.14 0.0000e+00
      12856    445.000     7.4642   3.593716     7.4657   3.592052      96.56     1.5430     0.0312    72.0507 1.0000e-12    3.84223    35.0260    35.0064    27.3736    1487.79    1487.14 0.0000e+00
      12884    446.000     7.4637   3.593724     7.4650   3.592060      96.56     1.5422     0.0282    72.0846 1.0000e-12    3.84766    35.0261    35.0067    27.3738    1487.80    1487.14 0.0000e+00
      12912    447.000     7.4631   3.593732     7.4645   3.592070      96.56     1.5421     0.0275    72.0768 1.0000e-12    3.85079    35.0263    35.0068    27.3740    1487.82    1487.15 0.0000e+00
      12940    448.000     7.4626   3.593738     7.4639   3.592071      96.56     1.5417     0.0307    72.0768 1.0000e-12    3.84029    35.0264    35.0070    27.3742    1487.83    1487.15 0.0000e+00
      12968    449.000     7.4617   3.593720     7.4631   3.592062      96.56     1.5408     0.0270    72.0786 1.0000e-12    3.84388    35.0266    35.0072    27.3745    1487.84    1487.15 0.0000e+00
      12997    450.000     7.4606   3.593681     7.4620   3.592027      96.56     1.5409     0.0295    72.0579 1.0000e-12    3.84981    35.0268    35.0074    27.3748    1487.86    1487.15 0.0000e+00
      13025    451.000     7.4597   3.593662     7.4612   3.592006      96.56     1.5409     0.0297    72.0355 1.0000e-12    3.85082    35.0270    35.0075    27.3751    1487.87    1487.15 0.0000e+00
      13054    452.000     7.4584   3.593615     7.4599   3.591961      96.56     1.5413     0.0276    72.0837 1.0000e-12    3.86029    35.0273    35.0079    27.3755    1487.88    1487.15 0.0000e+00
      13082    453.000     7.4566   3.593521     7.4580   3.591864      96.56     1.5420     0.0305    72.1017 1.0000e-12    3.85695    35.0276    35.0082    27.3760    1487.89    1487.16 0.0000e+00
      13111    454.000     7.4556   3.593496     7.4571   3.591834      96.56     1.5418     0.0322    72.1117 1.0000e-12    3.85081    35.0279    35.0083    27.3764    1487.90    1487.16 0.0000e+00
      13140    455.000     7.4554   3.593522     7.4569   3.591855      96.56     1.5413     0.0310    72.1125 1.0000e-12    3.85130    35.0279    35.0083    27.3764    1487.92    1487.16 0.0000e+00
      13169    456.000     7.4551   3.593540     7.4565   3.591882      96.56     1.5417     0.0309    72.1160 1.0000e-12    3.86353    35.0279    35.0085    27.3765    1487.94    1487.16 0.0000e+00
      13197    457.000     7.4534   3.593467     7.4550   3.591828      96.56     1.5422     0.0296    72.1258 1.0000e-12    3.86276    35.0283    35.0089    27.3770    1487.95    1487.16 0.0000e+00
      13226    458.000     7.4509   3.593324     7.4524   3.591675      96.56     1.5428     0.0321    72.1156 1.0000e-12    3.86751    35.0288    35.0094    27.3778    1487.95    1487.16 0.0000e+00
      13254    459.000     7.4489   3.593218     7.4504   3.591568      96.55     1.5432     0.0301    72.1161 1.0000e-12    3.86518    35.0292    35.0098    27.3784    1487.96    1487.17 0.0000e+00
      13283    460.000     7.4471   3.593121     7.4485   3.591461      96.56     1.5431     0.0301    72.1356 1.0000e-12    3.86232    35.0295    35.0100    27.3788    1487.97    1487.17 0.0000e+00
      13312    461.000     7.4458   3.593067     7.4473   3.591415      96.56     1.5434     0.0282    72.1081 1.0000e-12    3.86766    35.0297    35.0103    27.3792    1487.98    1487.17 0.0000e+00
      13341    462.000     7.4449   3.593048     7.4463   3.591384      96.55     1.5434     0.0285    72.0982 1.0000e-12    3.86586    35.0299    35.0104    27.3795    1488.00    1487.17 0.0000e+00
      13370    463.000     7.4439   3.593020     7.4453   3.591358      96.56     1.5434     0.0275    72.1112 1.0000e-12    3.86595    35.0301    35.0107    27.3798    1488.01    1487.17 0.0000e+00
      13400    464.000     7.4424   3.592938     7.4438   3.591296      96.56     1.5432     0.0284    72.1081 1.0000e-12    3.86275    35.0303    35.0110    27.3802    1488.02    1487.17 0.0000e+00
      13429    465.000     7.4418   3.592945     7.4432   3.591289      96.56     1.5430     0.0304    72.1018 1.0000e-12    3.86774    35.0305    35.0111    27.3804    1488.04    1487.18 0.0000e+00
      13458    466.000     7.4413   3.592948     7.4426   3.591291      96.56     1.5434     0.0308    72.0847 1.0000e-12    3.86386    35.0305    35.0112    27.3805    1488.05    1487.18 0.0000e+00
      13487    467.000     7.4409   3.592973     7.4423   3.591321      96.56     1.5423     0.0319    72.0936 1.0000e-12    3.85399    35.0307    35.0114    27.3807    1488.07    1487.18 0.0000e+00
      13516    468.000     7.4401   3.592961     7.4414   3.591301      96.56     1.5416     0.0300    72.0963 1.0000e-12    3.85752    35.0309    35.0116    27.3810    1488.08    1487.18 0.0000e+00
      13544    469.000     7.4397   3.592982     7.4412   3.591341      96.56     1.5417     0.0325    72.1027 1.0000e-12    3.86768    35.0311    35.0117    27.3812    1488.09    1487.18 0.0000e+00
      13573    470.000     7.4386   3.592949     7.4402   3.591306      96.56     1.5420     0.0338    72.1009 1.0000e-12    3.86578    35.0313    35.0119    27.3815    1488.11    1487.19 0.0000e+00
      13602    471.000     7.4381   3.592950     7.4397   3.591311      96.56     1.5422     0.0326    72.1036 1.0000e-12    3.86829    35.0314    35.0119    27.3816    1488.12    1487.19 0.0000e+00
      13631    472.000     7.4354   3.592780     7.4369   3.591145      96.56     1.5422     0.0319    72.0664 1.0000e-12    3.86848    35.0317    35.0125    27.3823    1488.13    1487.19 0.0000e+00
      13661    473.000     7.4347   3.592780     7.4361   3.591130      96.56     1.5425     0.0312    72.0909 1.0000e-12    3.87482    35.0320    35.0126    27.3826    1488.14    1487.19 0.0000e+00
      13690    474.000     7.4345   3.592811     7.4359   3.591152      96.56     1.5433     0.0266    72.1000 1.0000e-12    3.87860    35.0320    35.0126    27.3827    1488.16    1487.19 0.0000e+00
      13720    475.000     7.4341   3.592824     7.4356   3.591176      96.56     1.5435     0.0298    72.1000 1.0000e-12    3.87409    35.0321    35.0127    27.3828    1488.17    1487.20 0.0000e+00
      13749    476.000     7.4339   3.592857     7.4354   3.591203      96.56     1.5435     0.0310    72.0955 1.0000e-12    3.87397    35.0322    35.0127    27.3829    1488.19    1487.20 0.0000e+00
      13778    477.000     7.4337   3.592883     7.4351   3.591231      96.56     1.5435     0.0321    72.1054 1.0000e-12    3.87449    35.0322    35.0128    27.3829    1488.20    1487.20 0.0000e+00
      13807    478.000     7.4332   3.592887     7.4345   3.591235      96.56     1.5435     0.0325    72.0778 1.0000e-12    3.87503    35.0322    35.0130    27.3830    1488.22    1487.20 0.0000e+00
      13836    479.000     7.4327   3.592902     7.4341   3.591248      96.56     1.5435     0.0335    72.0874 1.0000e-12    3.87596    35.0324    35.0130    27.3832    1488.23    1487.20 0.0000e+00
      13864    480.000     7.4302   3.592753     7.4317   3.591136      96.56     1.5435     0.0353    72.0778 1.0000e-12    3.87606    35.0328    35.0138    27.3839    1488.24    1487.21 0.0000e+00
      13893    481.000     7.4269   3.592548     7.4283   3.590898      96.56     1.5434     0.0319    72.0669 1.0000e-12    3.87096    35.0334    35.0141    27.3849    1488.25    1487.21 0.0000e+00
      13922    482.000     7.4265   3.592554     7.4278   3.590909      96.56     1.5428     0.0308    72.0216 1.0000e-12    3.87391    35.0334    35.0142    27.3849    1488.26    1487.21 0.0000e+00
      13950    483.000     7.4244   3.592446     7.4259   3.590813      96.56     1.5431     0.0284    72.0399 1.0000e-12    3.87524    35.0339    35.0146    27.3856    1488.27    1487.21 0.0000e+00
      13978    484.000     7.4225   3.592354     7.4239   3.590703      96.56     1.5425     0.0291    72.0220 1.0000e-12    3.86884    35.0343    35.0150    27.3862    1488.28    1487.22 0.0000e+00
