_data/ctd/2016/Sta0957_2016.cnv
* Sea-Bird SBE 9 Data File:
* FileName = C:\Seabird\CTDDATA\sta0957.hex
* Software Version Seasave V 7.21f
* Temperature SN = 5458
* Conductivity SN = 044221
* Number of Bytes Per Scan = 41
* Number of Voltage Words = 4
* Number of Scans Averaged by the Deck Unit = 1
* NMEA Latitude = 61 21.31 N
* NMEA Longitude = 007 22.35 E
* NMEA UTC (Time) = Sep 27 2016 06:25:42
** Ship: 01 F/F "Håkon Mosby"
** Station: 0957
** Echodepth: 373
** Log: 3803.594
** Wind-Dir Force: 03 01
** Air-temp (dry): 9,6
** Weather Sky: 2 9
** Sea Ice: 1 0
** UNIS station:
# nquan = 18                                
# nvalues = 364                         
# units = specified
# name 0 = scan: Scan Count
# name 1 = prDM: Pressure, Digiquartz [db]
# name 2 = t068C: Temperature [ITS-68, deg C]
# name 3 = c0S/m: Conductivity [S/m]
# name 4 = t168C: Temperature, 2 [ITS-68, deg C]
# name 5 = c1S/m: Conductivity, 2 [S/m]
# name 6 = altM: Altimeter [m]
# name 7 = sbeox0V: Oxygen raw, SBE 43 [V]
# name 8 = flC: Fluorescence, Chelsea Aqua 3 Chl Con [ug/l]
# name 9 = xmiss: Beam Transmission, Chelsea/Seatech [%]
# name 10 = par: PAR/Irradiance, Biospherical/Licor
# name 11 = sbeox0ML/L: Oxygen, SBE 43 [ml/l], WS = 2
# name 12 = sal00: Salinity, Practical [PSU]
# name 13 = sal11: Salinity, Practical, 2 [PSU]
# name 14 = sigma-t00: Density [sigma-t, Kg/m^3 ]
# name 15 = svCM: Sound Velocity [Chen-Millero, m/s]
# name 16 = avgsvCM: Average Sound Velocity [Chen-Millero, m/s], minP = 0, minS = 0
# name 17 = flag: flag
# span 0 =        323,       9635       
# span 1 =      1.000,    364.000       
# span 2 =     7.5609,    14.3878       
# span 3 =   0.895991,   3.716991       
# span 4 =     7.5623,    14.3880       
# span 5 =   0.900666,   3.717160       
# span 6 =     -56.73,      97.08       
# span 7 =     1.4734,     2.6141       
# span 8 =     0.0277,     0.3956       
# span 9 =    19.2212,    71.9583       
# span 10 = -1.262e-06, 1.4037e+01      
# span 11 =    3.40530,    7.47966      
# span 12 =     6.9245,    34.9992      
# span 13 =     6.9610,    35.0009      
# span 14 =     4.9347,    27.3385      
# span 15 =    1461.62,    1498.95      
# span 16 =    1461.62,    1494.00      
# span 17 = 0.0000e+00, 0.0000e+00      
# interval = decibars: 1                
# start_time = Sep 27 2016 06:25:43 [System UTC, first data scan.]
# bad_flag = -9.990e-29
*END*
[from data line 242]
       6483    243.000     7.6608   3.597090     7.6622   3.597369      96.56     1.6496     0.0351    71.5938 1.0000e-12    4.11993    34.9631    34.9648    27.2956    1485.13    1487.43 0.0000e+00
       6508    244.000     7.6601   3.597092     7.6615   3.597362      91.73     1.6487     0.0312    71.6052 1.0000e-12    4.10218    34.9634    34.9649    27.2959    1485.15    1487.42 0.0000e+00
       6533    245.000     7.6587   3.597051     7.6602   3.597334      42.31     1.6465     0.0330    71.6105 1.0000e-12    4.11045    34.9639    34.9654    27.2964    1485.16    1487.41 0.0000e+00
       6558    246.000     7.6577   3.597026     7.6591   3.597305      95.65     1.6477     0.0337    71.5961 1.0000e-12    4.11389    34.9641    34.9657    27.2968    1485.17    1487.40 0.0000e+00
       6583    247.000     7.6558   3.596942     7.6573   3.597240      45.63     1.6453     0.0325    71.5991 1.0000e-12    4.09873    34.9646    34.9663    27.2975    1485.18    1487.39 0.0000e+00
       6609    248.000     7.6543   3.596900     7.6558   3.597177      96.85     1.6456     0.0320    71.5706 1.0000e-12    4.09759    34.9652    34.9667    27.2981    1485.19    1487.38 0.0000e+00
       6634    249.000     7.6533   3.596859     7.6548   3.597142      96.56     1.6428     0.0314    71.5732 1.0000e-12    4.07209    34.9652    34.9668    27.2983    1485.20    1487.37 0.0000e+00
       6659    250.000     7.6516   3.596763     7.6530   3.597040      96.56     1.6403     0.0342    71.5835 1.0000e-12    4.06572    34.9654    34.9670    27.2987    1485.21    1487.37 0.0000e+00
       6684    251.000     7.6504   3.596716     7.6519   3.597004      96.56     1.6378     0.0337    71.5473 1.0000e-12    4.05299    34.9656    34.9672    27.2990    1485.23    1487.36 0.0000e+00
       6709    252.000     7.6478   3.596599     7.6493   3.596874      96.56     1.6343     0.0328    71.5309 1.0000e-12    4.02116    34.9665    34.9680    27.3001    1485.23    1487.35 0.0000e+00
       6733    253.000     7.6462   3.596550     7.6477   3.596823      86.28     1.6290     0.0335    71.5404 1.0000e-12    3.98798    34.9671    34.9685    27.3008    1485.25    1487.34 0.0000e+00
       6758    254.000     7.6441   3.596448     7.6456   3.596737      86.86     1.6244     0.0304    71.5296 1.0000e-12    3.99592    34.9676    34.9692    27.3015    1485.25    1487.33 0.0000e+00
       6782    255.000     7.6431   3.596440     7.6446   3.596712      96.65     1.6209     0.0326    71.5255 1.0000e-12    3.98446    34.9680    34.9695    27.3020    1485.27    1487.32 0.0000e+00
       6807    256.000     7.6424   3.596462     7.6440   3.596731      96.56     1.6176     0.0302    71.5547 1.0000e-12    3.98016    34.9685    34.9698    27.3025    1485.28    1487.32 0.0000e+00
       6832    257.000     7.6418   3.596464     7.6434   3.596743      96.56     1.6149     0.0307    71.5566 1.0000e-12    3.98089    34.9686    34.9700    27.3026    1485.30    1487.31 0.0000e+00
       6857    258.000     7.6410   3.596447     7.6424   3.596713      96.56     1.6133     0.0326    71.5097 1.0000e-12    3.98510    34.9687    34.9702    27.3029    1485.31    1487.30 0.0000e+00
       6882    259.000     7.6407   3.596465     7.6422   3.596744      95.91     1.6119     0.0341    71.4661 1.0000e-12    3.96884    34.9687    34.9703    27.3029    1485.33    1487.29 0.0000e+00
       6907    260.000     7.6398   3.596453     7.6413   3.596737      46.30     1.6086     0.0344    71.3269 1.0000e-12    3.96482    34.9690    34.9706    27.3033    1485.34    1487.29 0.0000e+00
       6932    261.000     7.6379   3.596373     7.6394   3.596661      96.01     1.6082     0.0337    71.4773 1.0000e-12    3.97265    34.9696    34.9712    27.3040    1485.35    1487.28 0.0000e+00
       6957    262.000     7.6363   3.596330     7.6378   3.596615      96.56     1.6062     0.0320    71.5017 1.0000e-12    3.95704    34.9702    34.9718    27.3047    1485.36    1487.27 0.0000e+00
       6982    263.000     7.6352   3.596294     7.6367   3.596569      96.56     1.6046     0.0323    71.5185 1.0000e-12    3.95843    34.9705    34.9719    27.3051    1485.37    1487.26 0.0000e+00
       7007    264.000     7.6346   3.596298     7.6360   3.596578      96.55     1.6035     0.0356    71.5142 1.0000e-12    3.95236    34.9706    34.9722    27.3053    1485.39    1487.26 0.0000e+00
       7032    265.000     7.6331   3.596241     7.6347   3.596532      96.55     1.6016     0.0365    71.5058 1.0000e-12    3.93845    34.9710    34.9726    27.3058    1485.40    1487.25 0.0000e+00
       7057    266.000     7.6321   3.596217     7.6337   3.596495      73.15     1.5989     0.0376    71.4902 1.0000e-12    3.92334    34.9713    34.9727    27.3062    1485.41    1487.24 0.0000e+00
       7082    267.000     7.6310   3.596205     7.6326   3.596488      85.84     1.5974     0.0354    71.4550 1.0000e-12    3.93836    34.9718    34.9732    27.3067    1485.42    1487.24 0.0000e+00
       7107    268.000     7.6298   3.596152     7.6315   3.596461      96.69     1.5958     0.0343    71.4782 1.0000e-12    3.92226    34.9719    34.9735    27.3070    1485.44    1487.23 0.0000e+00
       7132    269.000     7.6289   3.596124     7.6304   3.596394      96.56     1.5942     0.0328    71.4376 1.0000e-12    3.92388    34.9720    34.9734    27.3072    1485.45    1487.22 0.0000e+00
       7157    270.000     7.6287   3.596156     7.6302   3.596431      96.55     1.5931     0.0339    71.4355 1.0000e-12    3.92203    34.9721    34.9736    27.3073    1485.46    1487.22 0.0000e+00
       7182    271.000     7.6283   3.596217     7.6298   3.596492      96.56     1.5916     0.0305    71.4160 1.0000e-12    3.90913    34.9727    34.9741    27.3078    1485.48    1487.21 0.0000e+00
       7207    272.000     7.6270   3.596175     7.6284   3.596454      93.30     1.5892     0.0321    71.4513 1.0000e-12    3.88110    34.9730    34.9746    27.3083    1485.49    1487.20 0.0000e+00
       7232    273.000     7.6242   3.596012     7.6256   3.596288      75.56     1.5860     0.0312    71.4256 1.0000e-12    3.90384    34.9736    34.9752    27.3091    1485.50    1487.20 0.0000e+00
       7256    274.000     7.6223   3.595933     7.6237   3.596217      96.47     1.5864     0.0336    71.4174 1.0000e-12    3.90508    34.9741    34.9758    27.3099    1485.51    1487.19 0.0000e+00
       7281    275.000     7.6204   3.595828     7.6218   3.596109      96.56     1.5847     0.0317    71.4084 1.0000e-12    3.88305    34.9744    34.9761    27.3104    1485.52    1487.18 0.0000e+00
       7307    276.000     7.6197   3.595813     7.6211   3.596093      96.56     1.5819     0.0310    71.4033 1.0000e-12    3.85908    34.9745    34.9761    27.3105    1485.53    1487.18 0.0000e+00
       7332    277.000     7.6187   3.595810     7.6201   3.596092      96.56     1.5785     0.0312    71.3756 1.0000e-12    3.84749    34.9750    34.9766    27.3110    1485.55    1487.17 0.0000e+00
       7357    278.000     7.6174   3.595777     7.6190   3.596055      96.56     1.5754     0.0325    71.3784 1.0000e-12    3.84440    34.9754    34.9768    27.3116    1485.56    1487.17 0.0000e+00
       7382    279.000     7.6165   3.595753     7.6179   3.596033      96.56     1.5730     0.0311    71.4074 1.0000e-12    3.83739    34.9756    34.9772    27.3118    1485.57    1487.16 0.0000e+00
       7407    280.000     7.6156   3.595780     7.6171   3.596045      78.75     1.5697     0.0289    71.4137 1.0000e-12    3.82489    34.9763    34.9777    27.3125    1485.58    1487.16 0.0000e+00
       7432    281.000     7.6152   3.595843     7.6167   3.596131      95.96     1.5686     0.0331    71.4063 1.0000e-12    3.83549    34.9769    34.9785    27.3131    1485.60    1487.15 0.0000e+00
       7458    282.000     7.6143   3.595852     7.6157   3.596120      96.03     1.5662     0.0339    71.4514 1.0000e-12    3.82073    34.9774    34.9789    27.3136    1485.61    1487.14 0.0000e+00
       7483    283.000     7.6135   3.595871     7.6149   3.596132      59.97     1.5642     0.0321    71.4593 1.0000e-12    3.83029    34.9779    34.9793    27.3141    1485.63    1487.14 0.0000e+00
       7508    284.000     7.6123   3.595797     7.6138   3.596074      74.00     1.5656     0.0339    71.4563 1.0000e-12    3.86913    34.9778    34.9793    27.3142    1485.64    1487.13 0.0000e+00
       7532    285.000     7.6111   3.595732     7.6130   3.596048      96.78     1.5669     0.0331    71.4488 1.0000e-12    3.85817    34.9778    34.9794    27.3144    1485.65    1487.13 0.0000e+00
       7557    286.000     7.6098   3.595644     7.6116   3.595948      96.56     1.5667     0.0335    71.4324 1.0000e-12    3.83893    34.9777    34.9792    27.3145    1485.66    1487.12 0.0000e+00
       7581    287.000     7.6097   3.595722     7.6112   3.595992      96.56     1.5653     0.0341    71.4411 1.0000e-12    3.81616    34.9782    34.9796    27.3149    1485.68    1487.12 0.0000e+00
       7606    288.000     7.6095   3.595805     7.6111   3.596089      96.56     1.5620     0.0336    71.4396 1.0000e-12    3.78602    34.9788    34.9803    27.3154    1485.70    1487.11 0.0000e+00
       7631    289.000     7.6086   3.595830     7.6102   3.596114      96.56     1.5581     0.0339    71.4592 1.0000e-12    3.77004    34.9795    34.9809    27.3161    1485.71    1487.11 0.0000e+00
       7656    290.000     7.6070   3.595807     7.6086   3.596076      60.92     1.5542     0.0332    71.4521 1.0000e-12    3.79219    34.9803    34.9817    27.3170    1485.72    1487.10 0.0000e+00
       7681    291.000     7.6057   3.595760     7.6072   3.596046      96.06     1.5553     0.0342    71.4285 1.0000e-12    3.81920    34.9807    34.9822    27.3174    1485.73    1487.10 0.0000e+00
       7705    292.000     7.6048   3.595756     7.6063   3.596039      96.56     1.5555     0.0368    71.4465 1.0000e-12    3.81740    34.9810    34.9826    27.3178    1485.75    1487.09 0.0000e+00
       7730    293.000     7.6036   3.595721     7.6050   3.596004      96.56     1.5559     0.0353    71.4521 1.0000e-12    3.81474    34.9814    34.9830    27.3183    1485.76    1487.09 0.0000e+00
       7755    294.000     7.6017   3.595592     7.6035   3.595911      96.56     1.5555     0.0343    71.4375 1.0000e-12    3.80532    34.9814    34.9830    27.3186    1485.77    1487.09 0.0000e+00
       7780    295.000     7.5996   3.595405     7.6014   3.595735      96.56     1.5544     0.0329    71.4282 1.0000e-12    3.79271    34.9810    34.9828    27.3186    1485.78    1487.08 0.0000e+00
       7805    296.000     7.5982   3.595338     7.5998   3.595626      96.56     1.5526     0.0293    71.3690 1.0000e-12    3.76536    34.9812    34.9827    27.3189    1485.79    1487.08 0.0000e+00
       7830    297.000     7.5973   3.595338     7.5988   3.595618      63.84     1.5474     0.0286    71.3267 1.0000e-12    3.71425    34.9816    34.9831    27.3194    1485.80    1487.07 0.0000e+00
       7855    298.000     7.5970   3.595427     7.5985   3.595707      82.47     1.5424     0.0306    71.3297 1.0000e-12    3.70644    34.9824    34.9839    27.3200    1485.82    1487.07 0.0000e+00
       7880    299.000     7.5961   3.595461     7.5976   3.595739      96.61     1.5367     0.0323    71.2933 1.0000e-12    3.68707    34.9832    34.9847    27.3208    1485.83    1487.06 0.0000e+00
       7905    300.000     7.5952   3.595465     7.5966   3.595741      96.56     1.5332     0.0340    71.3038 1.0000e-12    3.70677    34.9836    34.9852    27.3213    1485.85    1487.06 0.0000e+00
       7930    301.000     7.5945   3.595475     7.5960   3.595754      96.56     1.5320     0.0360    71.3288 1.0000e-12    3.72748    34.9839    34.9855    27.3216    1485.86    1487.06 0.0000e+00
       7955    302.000     7.5933   3.595449     7.5949   3.595741      96.56     1.5321     0.0373    71.3255 1.0000e-12    3.73502    34.9844    34.9859    27.3221    1485.87    1487.05 0.0000e+00
       7980    303.000     7.5918   3.595371     7.5933   3.595679      91.67     1.5322     0.0350    71.3120 1.0000e-12    3.72133    34.9846    34.9864    27.3225    1485.88    1487.05 0.0000e+00
       8005    304.000     7.5910   3.595387     7.5926   3.595671      70.51     1.5307     0.0330    71.2934 1.0000e-12    3.72466    34.9850    34.9865    27.3230    1485.90    1487.04 0.0000e+00
       8030    305.000     7.5906   3.595471     7.5921   3.595750      96.58     1.5304     0.0339    71.2965 1.0000e-12    3.71050    34.9859    34.9874    27.3237    1485.91    1487.04 0.0000e+00
       8055    306.000     7.5898   3.595484     7.5913   3.595764      96.55     1.5283     0.0310    71.3306 1.0000e-12    3.69851    34.9863    34.9879    27.3242    1485.93    1487.04 0.0000e+00
       8080    307.000     7.5886   3.595464     7.5901   3.595756      96.56     1.5273     0.0334    71.3358 1.0000e-12    3.71399    34.9868    34.9885    27.3248    1485.94    1487.03 0.0000e+00
       8105    308.000     7.5872   3.595438     7.5886   3.595721      96.56     1.5273     0.0351    71.3143 1.0000e-12    3.71897    34.9875    34.9891    27.3255    1485.95    1487.03 0.0000e+00
       8130    309.000     7.5856   3.595412     7.5871   3.595683      96.56     1.5272     0.0334    71.3390 1.0000e-12    3.71370    34.9883    34.9897    27.3264    1485.96    1487.03 0.0000e+00
       8155    310.000     7.5848   3.595416     7.5863   3.595699      96.56     1.5263     0.0326    71.3619 1.0000e-12    3.70104    34.9887    34.9902    27.3268    1485.98    1487.02 0.0000e+00
       8180    311.000     7.5839   3.595416     7.5855   3.595707      55.72     1.5247     0.0320    71.3618 1.0000e-12    3.71200    34.9891    34.9906    27.3272    1485.99    1487.02 0.0000e+00
       8205    312.000     7.5834   3.595448     7.5849   3.595731      94.90     1.5271     0.0340    71.3614 1.0000e-12    3.74099    34.9894    34.9910    27.3276    1486.01    1487.02 0.0000e+00
       8231    313.000     7.5830   3.595466     7.5845   3.595740      96.55     1.5274     0.0336    71.3515 1.0000e-12    3.72979    34.9896    34.9910    27.3277    1486.02    1487.01 0.0000e+00
       8256    314.000     7.5827   3.595486     7.5842   3.595781      96.56     1.5285     0.0320    71.3639 1.0000e-12    3.74143    34.9896    34.9913    27.3278    1486.04    1487.01 0.0000e+00
       8282    315.000     7.5821   3.595510     7.5837   3.595791      96.56     1.5297     0.0352    71.3494 1.0000e-12    3.73867    34.9900    34.9914    27.3282    1486.05    1487.01 0.0000e+00
       8307    316.000     7.5815   3.595527     7.5831   3.595803      96.56     1.5297     0.0337    71.3645 1.0000e-12    3.73031    34.9903    34.9917    27.3285    1486.06    1487.00 0.0000e+00
       8331    317.000     7.5811   3.595553     7.5826   3.595833      85.04     1.5289     0.0317    71.3326 1.0000e-12    3.71729    34.9905    34.9920    27.3287    1486.08    1487.00 0.0000e+00
       8357    318.000     7.5808   3.595583     7.5823   3.595866      86.54     1.5289     0.0307    71.3430 1.0000e-12    3.73842    34.9906    34.9922    27.3289    1486.10    1487.00 0.0000e+00
       8382    319.000     7.5806   3.595620     7.5821   3.595894      96.46     1.5290     0.0333    71.3360 1.0000e-12    3.72388    34.9907    34.9922    27.3290    1486.11    1487.00 0.0000e+00
       8407    320.000     7.5798   3.595617     7.5813   3.595900      96.56     1.5285     0.0325    71.3432 1.0000e-12    3.72829    34.9910    34.9926    27.3293    1486.12    1486.99 0.0000e+00
       8432    321.000     7.5779   3.595551     7.5795   3.595841      96.56     1.5286     0.0341    71.3473 1.0000e-12    3.73507    34.9917    34.9932    27.3302    1486.14    1486.99 0.0000e+00
