_data/ctd/2016/Sta0948_2016.cnv
* Sea-Bird SBE 9 Data File:
* FileName = C:\Seabird\CTDDATA\sta0948.hex
* Software Version Seasave V 7.21f
* Temperature SN = 5458
* Conductivity SN = 044221
* Number of Bytes Per Scan = 41
* Number of Voltage Words = 4
* Number of Scans Averaged by the Deck Unit = 1
* NMEA Latitude = 60 54.28 N
* NMEA Longitude = 005 30.65 E
* NMEA UTC (Time) = Sep 20 2016 04:24:15
** Ship: 01 F/F "Håkon Mosby"
** Station: 0948
** Echodepth: 124
** Log: 3303.101
** Wind-Dir Force: 13 01
** Air-temp (dry): 11.8
** Weather Sky: 2 9
** Sea Ice: 2 0
** UNIS station:
# nquan = 18                                
# nvalues = 113                         
# units = specified
# name 0 = scan: Scan Count
# name 1 = prDM: Pressure, Digiquartz [db]
# name 2 = t068C: Temperature [ITS-68, deg C]
# name 3 = c0S/m: Conductivity [S/m]
# name 4 = t168C: Temperature, 2 [ITS-68, deg C]
# name 5 = c1S/m: Conductivity, 2 [S/m]
# name 6 = altM: Altimeter [m]
# name 7 = sbeox0V: Oxygen raw, SBE 43 [V]
# name 8 = flC: Fluorescence, Chelsea Aqua 3 Chl Con [ug/l]
# name 9 = xmiss: Beam Transmission, Chelsea/Seatech [%]
# name 10 = par: PAR/Irradiance, Biospherical/Licor
# name 11 = sbeox0ML/L: Oxygen, SBE 43 [ml/l], WS = 2
# name 12 = sal00: Salinity, Practical [PSU]
# name 13 = sal11: Salinity, Practical, 2 [PSU]
# name 14 = sigma-t00: Density [sigma-t, Kg/m^3 ]
# name 15 = svCM: Sound Velocity [Chen-Millero, m/s]
# name 16 = avgsvCM: Average Sound Velocity [Chen-Millero, m/s], minP = 0, minS = 0
# name 17 = flag: flag
# span 0 =        582,       3489       
# span 1 =      3.000,    115.000       
# span 2 =     8.3817,    14.9675       
# span 3 =   2.988329,   3.689977       
# span 4 =     8.3830,    14.9725       
# span 5 =   2.965193,   3.690068       
# span 6 =       7.18,      98.00       
# span 7 =     0.5243,     2.3852       
# span 8 =     0.0502,     0.7241       
# span 9 =    62.3608,    72.0168       
# span 10 = -1.290e-04, 2.1924e-01      
# span 11 =    0.02634,    6.03252      
# span 12 =    23.4411,    34.7833      
# span 13 =    23.2382,    34.7853      
# span 14 =    17.0889,    27.0381      
# span 15 =    1484.64,    1499.30      
# span 16 =    1488.15,    1497.53      
# span 17 = 0.0000e+00, 0.0000e+00      
# interval = decibars: 1                
# start_time = Sep 20 2016 04:24:16 [System UTC, first data scan.]
# bad_flag = -9.990e-29
*END*
        582      3.000    14.9675   2.988329    14.9725   2.965193      98.00     2.3852     0.7241    64.7846 2.1924e-01    6.03252    23.4411    23.2382    17.0889    1493.19    1493.19 0.0000e+00
        646      4.000    14.8176   3.309607    14.8201   3.280385      85.23     2.3684     0.6050    62.3608 1.0295e-01    5.79077    26.3392    26.0805    19.3445    1496.07    1493.91 0.0000e+00
        706      5.000    14.6785   3.545734    14.6590   3.553117      88.31     2.3334     0.4974    63.1224 4.2886e-02    5.57848    28.5297    28.6100    21.0572    1498.18    1494.76 0.0000e+00
        754      6.000    14.6920   3.603412    14.7178   3.592807      64.35     2.3004     0.4168    66.9281 1.9996e-02    5.49734    29.0347    28.9207    21.4430    1498.83    1495.44 0.0000e+00
        788      7.000    14.5928   3.669098    14.5935   3.669024      96.58     2.2892     0.4065    69.1873 3.3108e-03    5.47919    29.6982    29.6970    21.9742    1499.30    1495.99 0.0000e+00
        820      8.000    14.4386   3.670798    14.4487   3.671354      49.30     2.2768     0.3877    69.2665 -1.290e-04    5.44421    29.8314    29.8286    22.1084    1498.97    1496.36 0.0000e+00
        845      9.000    14.3559   3.670467    14.3557   3.670382      96.64     2.2696     0.3493    69.6024 1.0000e-12    5.44215    29.8917    29.8911    22.1718    1498.79    1496.63 0.0000e+00
        870     10.000    14.2575   3.672276    14.2567   3.672605      56.94     2.2610     0.3191    70.0669 1.0000e-12    5.41690    29.9839    29.9875    22.2629    1498.59    1496.82 0.0000e+00
        893     11.000    14.2019   3.674580    14.2026   3.674382      96.38     2.2528     0.2859    70.2399 1.0000e-12    5.39535    30.0476    30.0452    22.3233    1498.50    1496.98 0.0000e+00
        917     12.000    14.1795   3.680144    14.1791   3.680376      96.55     2.2453     0.2493    70.3842 1.0000e-12    5.38857    30.1152    30.1176    22.3800    1498.52    1497.11 0.0000e+00
        941     13.000    14.1269   3.681652    14.1276   3.681806      60.49     2.2407     0.2148    70.6071 1.0000e-12    5.42000    30.1696    30.1705    22.4326    1498.43    1497.21 0.0000e+00
        965     14.000    14.1077   3.687661    14.1085   3.687708      28.79     2.2432     0.1871    70.8295 1.0000e-12    5.47778    30.2390    30.2388    22.4900    1498.46    1497.30 0.0000e+00
        988     15.000    14.0277   3.685390    14.0284   3.685931      95.69     2.2513     0.1597    70.9651 1.0000e-12    5.52688    30.2807    30.2851    22.5383    1498.27    1497.36 0.0000e+00
       1012     16.000    13.9824   3.685993    13.9835   3.685913      65.42     2.2570     0.1373    71.1212 1.0000e-12    5.52636    30.3215    30.3199    22.5789    1498.18    1497.41 0.0000e+00
       1036     17.000    13.9454   3.688231    13.9466   3.688529      32.57     2.2580     0.1218    71.2230 1.0000e-12    5.47391    30.3708    30.3725    22.6243    1498.13    1497.45 0.0000e+00
       1061     18.000    13.8909   3.688144    13.8916   3.688499      96.49     2.2536     0.1095    71.3629 1.0000e-12    5.48626    30.4126    30.4153    22.6676    1498.02    1497.49 0.0000e+00
       1085     19.000    13.8357   3.689977    13.8369   3.690068      70.58     2.2569     0.0986    71.4818 1.0000e-12    5.54549    30.4728    30.4727    22.7251    1497.92    1497.51 0.0000e+00
       1110     20.000    13.7614   3.687666    13.7625   3.688402      35.18     2.2621     0.0893    71.4942 1.0000e-12    5.55080    30.5102    30.5161    22.7688    1497.74    1497.52 0.0000e+00
       1134     21.000    13.7046   3.686963    13.7058   3.686950      97.31     2.2623     0.0847    71.5365 1.0000e-12    5.50526    30.5486    30.5475    22.8097    1497.61    1497.53 0.0000e+00
       1158     22.000    13.6760   3.689003    13.6767   3.689442      73.33     2.2538     0.0818    71.6269 1.0000e-12    5.42604    30.5898    30.5933    22.8473    1497.58    1497.53 0.0000e+00
       1181     23.000    13.6063   3.686983    13.6072   3.687261      35.06     2.2426     0.0761    71.5902 1.0000e-12    5.42668    30.6265    30.6283    22.8894    1497.41    1497.52 0.0000e+00
       1205     24.000    13.5222   3.685297    13.5225   3.685851      97.20     2.2400     0.0735    71.6943 1.0000e-12    5.44615    30.6779    30.6828    22.9458    1497.21    1497.51 0.0000e+00
       1229     25.000    13.4040   3.683264    13.4041   3.683664      77.93     2.2324     0.0747    71.7362 1.0000e-12    5.40494    30.7537    30.7574    23.0277    1496.92    1497.49 0.0000e+00
       1252     26.000    13.2770   3.681206    13.2775   3.681657      41.64     2.2241     0.0696    71.7691 1.0000e-12    5.40930    30.8368    30.8406    23.1168    1496.61    1497.45 0.0000e+00
       1277     27.000    13.0820   3.675667    13.0816   3.676625      96.40     2.2217     0.0629    71.7791 1.0000e-12    5.46999    30.9431    30.9524    23.2369    1496.10    1497.40 0.0000e+00
       1300     28.000    12.7316   3.663555    12.7272   3.665575      83.35     2.2236     0.0644    71.8260 1.0000e-12    5.54539    31.1161    31.1388    23.4381    1495.14    1497.32 0.0000e+00
       1324     29.000    12.0199   3.635773    12.0102   3.638721      45.64     2.2283     0.0628    71.7517 1.0000e-12    5.63911    31.4439    31.4804    23.8255    1493.11    1497.18 0.0000e+00
       1349     30.000    10.6876   3.592799    10.6746   3.595544      96.40     2.2317     0.0633    71.5354 1.0000e-12    5.74054    32.1704    32.2091    24.6276    1489.34    1496.91 0.0000e+00
       1372     31.000     9.6864   3.589121     9.6794   3.590087      86.72     2.2253     0.0587    71.0117 1.0000e-12    5.74899    33.0332    33.0496    25.4687    1486.80    1496.59 0.0000e+00
       1397     32.000     9.1770   3.581736     9.1722   3.582400      46.60     2.2149     0.0557    70.9135 1.0000e-12    5.68683    33.4295    33.4409    25.8607    1485.44    1496.23 0.0000e+00
       1421     33.000     8.9812   3.583935     8.9787   3.584042      96.60     2.1931     0.0579    70.9556 1.0000e-12    5.42705    33.6363    33.6398    26.0537    1484.99    1495.89 0.0000e+00
       1445     34.000     8.8642   3.589108     8.8633   3.588973      90.80     2.1474     0.0554    71.3741 1.0000e-12    5.06691    33.8011    33.8005    26.2011    1484.77    1495.56 0.0000e+00
       1469     35.000     8.7833   3.595465     8.7828   3.595408      51.01     2.0874     0.0567    71.5442 1.0000e-12    4.75848    33.9446    33.9445    26.3261    1484.67    1495.25 0.0000e+00
       1493     36.000     8.7398   3.600224     8.7396   3.600098      95.14     2.0235     0.0593    71.7121 1.0000e-12    4.48795    34.0359    34.0348    26.4045    1484.64    1494.95 0.0000e+00
       1518     37.000     8.7102   3.605630     8.7109   3.605497      96.25     1.9528     0.0598    71.8521 1.0000e-12    4.20859    34.1208    34.1187    26.4756    1484.65    1494.67 0.0000e+00
       1542     38.000     8.6829   3.611200     8.6835   3.611022      54.97     1.8818     0.0559    71.8707 1.0000e-12    3.98480    34.2054    34.2029    26.5462    1484.67    1494.41 0.0000e+00
       1567     39.000     8.6695   3.616957     8.6703   3.616781      95.94     1.8148     0.0532    71.9542 1.0000e-12    3.78608    34.2786    34.2760    26.6056    1484.72    1494.16 0.0000e+00
       1592     40.000     8.6630   3.621933     8.6640   3.621818      96.55     1.7484     0.0529    72.0005 1.0000e-12    3.57898    34.3369    34.3347    26.6523    1484.79    1493.92 0.0000e+00
       1616     41.000     8.6587   3.624645     8.6597   3.624675      58.85     1.6854     0.0540    72.0168 1.0000e-12    3.38840    34.3692    34.3686    26.6784    1484.83    1493.70 0.0000e+00
       1641     42.000     8.6544   3.626554     8.6556   3.626545      96.79     1.6237     0.0551    72.0115 1.0000e-12    3.17982    34.3931    34.3918    26.6977    1484.86    1493.49 0.0000e+00
       1666     43.000     8.6499   3.628162     8.6510   3.628193      96.55     1.5618     0.0561    72.0099 1.0000e-12    2.97548    34.4140    34.4132    26.7148    1484.88    1493.28 0.0000e+00
       1690     44.000     8.6432   3.628769     8.6443   3.628871      61.89     1.5039     0.0553    71.9706 1.0000e-12    2.86442    34.4264    34.4264    26.7256    1484.89    1493.09 0.0000e+00
       1715     45.000     8.6341   3.628819     8.6353   3.628925      96.52     1.4575     0.0537    71.9877 1.0000e-12    2.80890    34.4353    34.4353    26.7340    1484.88    1492.91 0.0000e+00
       1739     46.000     8.6251   3.628609     8.6262   3.628734      96.55     1.4197     0.0523    71.9725 1.0000e-12    2.76191    34.4414    34.4417    26.7402    1484.87    1492.73 0.0000e+00
       1764     47.000     8.6215   3.628871     8.6226   3.628965      64.70     1.3880     0.0502    71.9516 1.0000e-12    2.76499    34.4472    34.4471    26.7453    1484.88    1492.57 0.0000e+00
       1788     48.000     8.6146   3.628853     8.6156   3.628948      96.52     1.3693     0.0538    71.9549 1.0000e-12    2.80339    34.4533    34.4533    26.7511    1484.88    1492.41 0.0000e+00
       1813     49.000     8.6045   3.628631     8.6056   3.628738      94.55     1.3555     0.0575    71.9431 1.0000e-12    2.76171    34.4603    34.4604    26.7582    1484.87    1492.25 0.0000e+00
       1839     50.000     8.5936   3.628296     8.5947   3.628410      68.49     1.3394     0.0538    71.9002 1.0000e-12    2.72376    34.4669    34.4671    26.7651    1484.85    1492.10 0.0000e+00
       1864     51.000     8.5870   3.628136     8.5882   3.628311      96.35     1.3264     0.0519    71.9017 1.0000e-12    2.69085    34.4712    34.4719    26.7695    1484.85    1491.96 0.0000e+00
       1890     52.000     8.5817   3.628164     8.5829   3.628260      86.58     1.3144     0.0553    71.9055 1.0000e-12    2.66460    34.4762    34.4761    26.7742    1484.85    1491.82 0.0000e+00
       1914     53.000     8.5759   3.628161     8.5771   3.628233      78.59     1.3033     0.0566    71.8902 1.0000e-12    2.62343    34.4814    34.4810    26.7791    1484.85    1491.69 0.0000e+00
       1938     54.000     8.5687   3.628173     8.5698   3.628266      96.47     1.2913     0.0575    71.8719 1.0000e-12    2.56026    34.4880    34.4880    26.7855    1484.85    1491.56 0.0000e+00
       1962     55.000     8.5616   3.628253     8.5627   3.628337      89.27     1.2772     0.0598    71.8613 1.0000e-12    2.45536    34.4954    34.4952    26.7923    1484.85    1491.44 0.0000e+00
       1985     56.000     8.5553   3.628306     8.5564   3.628402      77.12     1.2567     0.0615    71.7955 1.0000e-12    2.31195    34.5016    34.5015    26.7982    1484.85    1491.32 0.0000e+00
       2010     57.000     8.5473   3.628356     8.5483   3.628459      96.40     1.2264     0.0643    71.7117 1.0000e-12    2.10253    34.5095    34.5096    26.8056    1484.85    1491.21 0.0000e+00
       2035     58.000     8.5387   3.628404     8.5398   3.628519      86.60     1.1873     0.0604    71.6627 1.0000e-12    1.89493    34.5179    34.5181    26.8136    1484.84    1491.10 0.0000e+00
       2060     59.000     8.5314   3.628470     8.5325   3.628588      83.20     1.1436     0.0590    71.6062 1.0000e-12    1.71222    34.5253    34.5255    26.8205    1484.84    1490.99 0.0000e+00
       2085     60.000     8.5220   3.628613     8.5231   3.628715      84.82     1.0965     0.0569    71.5123 1.0000e-12    1.50495    34.5355    34.5355    26.8300    1484.84    1490.89 0.0000e+00
       2109     61.000     8.5102   3.628748     8.5112   3.628850      86.69     1.0494     0.0590    71.4399 1.0000e-12    1.32532    34.5480    34.5481    26.8416    1484.82    1490.79 0.0000e+00
       2134     62.000     8.4978   3.628909     8.4988   3.628854      96.47     0.9987     0.0637    71.3266 1.0000e-12    1.09732    34.5614    34.5598    26.8540    1484.81    1490.69 0.0000e+00
       2158     63.000     8.4868   3.629073     8.4879   3.629186      54.41     0.9417     0.0652    71.1967 1.0000e-12    0.82632    34.5734    34.5736    26.8652    1484.80    1490.60 0.0000e+00
       2183     64.000     8.4742   3.629270     8.4750   3.629392      74.87     0.8799     0.0817    69.9521 1.0000e-12    0.56815    34.5874    34.5879    26.8781    1484.79    1490.51 0.0000e+00
       2207     65.000     8.4553   3.629619     8.4561   3.629709      96.33     0.8128     0.0825    70.0270 1.0000e-12    0.27594    34.6092    34.6094    26.8981    1484.76    1490.42 0.0000e+00
       2231     66.000     8.4377   3.630621     8.4384   3.630709      52.74     0.7436     0.0858    69.0090 1.0000e-12    0.06582    34.6367    34.6369    26.9223    1484.74    1490.33 0.0000e+00
       2256     67.000     8.4209   3.631033     8.4216   3.631168      57.57     0.6840     0.0900    69.3396 1.0000e-12    0.02634    34.6571    34.6578    26.9409    1484.72    1490.25 0.0000e+00
       2280     68.000     8.4099   3.631547     8.4109   3.631641      92.08     0.6403     0.0929    69.7155 1.0000e-12    0.02713    34.6729    34.6729    26.9550    1484.72    1490.17 0.0000e+00
       2305     69.000     8.4031   3.632058     8.4042   3.632168      33.52     0.6086     0.0957    69.8557 1.0000e-12    0.04419    34.6845    34.6846    26.9652    1484.72    1490.09 0.0000e+00
       2329     70.000     8.3926   3.633116     8.3937   3.633210      69.44     0.5877     0.0972    70.1919 1.0000e-12    0.06750    34.7056    34.7056    26.9834    1484.73    1490.01 0.0000e+00
       2353     71.000     8.3853   3.633448     8.3863   3.633590      63.63     0.5729     0.0984    70.5902 1.0000e-12    0.07685    34.7159    34.7164    26.9926    1484.73    1489.94 0.0000e+00
       2378     72.000     8.3817   3.633996     8.3830   3.634112      96.14     0.5629     0.0999    70.9491 1.0000e-12    0.08358    34.7248    34.7247    27.0001    1484.74    1489.86 0.0000e+00
       2402     73.000     8.3838   3.634840     8.3851   3.634948      55.26     0.5552     0.1015    71.1056 1.0000e-12    0.07921    34.7312    34.7311    27.0048    1484.78    1489.79 0.0000e+00
       2426     74.000     8.3875   3.635738     8.3887   3.635848      62.76     0.5501     0.1010    71.3008 1.0000e-12    0.09035    34.7366    34.7366    27.0085    1484.81    1489.73 0.0000e+00
       2451     75.000     8.3923   3.636849     8.3936   3.636950      85.39     0.5464     0.1034    71.3193 1.0000e-12    0.08239    34.7432    34.7430    27.0129    1484.85    1489.66 0.0000e+00
       2475     76.000     8.3954   3.637588     8.3967   3.637732      46.39     0.5427     0.1060    71.3573 1.0000e-12    0.07590    34.7476    34.7478    27.0158    1484.89    1489.60 0.0000e+00
       2500     77.000     8.3978   3.638171     8.3991   3.638335      45.16     0.5402     0.1053    71.4344 1.0000e-12    0.07658    34.7509    34.7514    27.0181    1484.92    1489.54 0.0000e+00
       2524     78.000     8.3997   3.638604     8.4009   3.638781      43.87     0.5381     0.1068    71.4379 1.0000e-12    0.07459    34.7532    34.7539    27.0196    1484.94    1489.48 0.0000e+00
       2548     79.000     8.4023   3.639209     8.4036   3.639382      43.11     0.5366     0.1085    71.4282 1.0000e-12    0.07527    34.7565    34.7571    27.0218    1484.97    1489.42 0.0000e+00
       2573     80.000     8.4049   3.639810     8.4062   3.639990      43.03     0.5353     0.1098    71.4345 1.0000e-12    0.07053    34.7599    34.7605    27.0240    1485.00    1489.37 0.0000e+00
       2597     81.000     8.4078   3.640436     8.4091   3.640630      41.52     0.5341     0.1096    71.4239 1.0000e-12    0.06741    34.7632    34.7640    27.0262    1485.04    1489.31 0.0000e+00
       2622     82.000     8.4092   3.640734     8.4104   3.640945      40.08     0.5328     0.1050    71.4074 1.0000e-12    0.06370    34.7645    34.7656    27.0270    1485.06    1489.26 0.0000e+00
