_data/ctd/2016/Sta0954_2016.cnv
* Sea-Bird SBE 9 Data File:
* FileName = C:\Seabird\CTDDATA\sta0954.hex
* Software Version Seasave V 7.21f
* Temperature SN = 5458
* Conductivity SN = 044221
* Number of Bytes Per Scan = 41
* Number of Voltage Words = 4
* Number of Scans Averaged by the Deck Unit = 1
* NMEA Latitude = 61 14.78 N
* NMEA Longitude = 007 21.55 E
* NMEA UTC (Time) = Sep 26 2016 15:18:30
** Ship: 01 F/F "Håkon Mosby"
** Station: 0954
** Echodepth: 652
** Log: 3766,75
** Wind-Dir Force: 22 01
** Air-temp (dry): 14.8
** Weather Sky: 2 9
** Sea Ice: 1 0
** UNIS station:
# nquan = 18                                
# nvalues = 638                         
# units = specified
# name 0 = scan: Scan Count
# name 1 = prDM: Pressure, Digiquartz [db]
# name 2 = t068C: Temperature [ITS-68, deg C]
# name 3 = c0S/m: Conductivity [S/m]
# name 4 = t168C: Temperature, 2 [ITS-68, deg C]
# name 5 = c1S/m: Conductivity, 2 [S/m]
# name 6 = altM: Altimeter [m]
# name 7 = sbeox0V: Oxygen raw, SBE 43 [V]
# name 8 = flC: Fluorescence, Chelsea Aqua 3 Chl Con [ug/l]
# name 9 = xmiss: Beam Transmission, Chelsea/Seatech [%]
# name 10 = par: PAR/Irradiance, Biospherical/Licor
# name 11 = sbeox0ML/L: Oxygen, SBE 43 [ml/l], WS = 2
# name 12 = sal00: Salinity, Practical [PSU]
# name 13 = sal11: Salinity, Practical, 2 [PSU]
# name 14 = sigma-t00: Density [sigma-t, Kg/m^3 ]
# name 15 = svCM: Sound Velocity [Chen-Millero, m/s]
# name 16 = avgsvCM: Average Sound Velocity [Chen-Millero, m/s], minP = 0, minS = 0
# name 17 = flag: flag
# span 0 =        309,      15573       
# span 1 =      3.000,    640.000       
# span 2 =     7.4062,    14.6344       
# span 3 =   1.384895,   3.766126       
# span 4 =     7.4077,    14.6369       
# span 5 =   1.387079,   3.765434       
# span 6 =      27.10,      97.26       
# span 7 =     1.5005,     2.7120       
# span 8 =     0.0257,     0.9182       
# span 9 =    23.5184,    72.1100       
# span 10 = -6.167e-06, 4.2454e+01      
# span 11 =    3.76185,    7.30371      
# span 12 =    10.6732,    35.0416      
# span 13 =    10.6883,    35.0346      
# span 14 =     7.6354,    27.3941      
# span 15 =    1471.27,    1500.25      
# span 16 =    1471.27,    1495.24      
# span 17 = 0.0000e+00, 0.0000e+00      
# interval = decibars: 1                
# start_time = Sep 26 2016 15:18:31 [System UTC, first data scan.]
# bad_flag = -9.990e-29
*END*
[from data line 483]
      11874    486.000     7.4341   3.593468     7.4357   3.592947      96.37     1.5415     0.0326    71.9846 1.0000e-12    3.87369    35.0338    35.0265    27.3841    1488.36    1487.32 0.0000e+00
      11898    487.000     7.4313   3.593306     7.4329   3.592791      77.41     1.5409     0.0335    71.9614 1.0000e-12    3.84988    35.0343    35.0271    27.3850    1488.36    1487.32 0.0000e+00
      11921    488.000     7.4292   3.593181     7.4306   3.592656      69.26     1.5400     0.0324    71.9272 1.0000e-12    3.87567    35.0346    35.0275    27.3855    1488.37    1487.32 0.0000e+00
      11945    489.000     7.4289   3.593207     7.4304   3.592667      96.99     1.5410     0.0316    71.9214 1.0000e-12    3.87436    35.0347    35.0273    27.3856    1488.39    1487.32 0.0000e+00
      11969    490.000     7.4276   3.593162     7.4291   3.592626      96.56     1.5408     0.0313    71.9420 1.0000e-12    3.87221    35.0351    35.0277    27.3860    1488.40    1487.33 0.0000e+00
      11993    491.000     7.4267   3.593134     7.4282   3.592598      96.55     1.5409     0.0299    71.9333 1.0000e-12    3.87280    35.0352    35.0278    27.3863    1488.41    1487.33 0.0000e+00
      12017    492.000     7.4261   3.593126     7.4276   3.592600      96.56     1.5409     0.0285    71.9617 1.0000e-12    3.86799    35.0352    35.0280    27.3864    1488.43    1487.33 0.0000e+00
      12041    493.000     7.4259   3.593164     7.4274   3.592626      96.56     1.5403     0.0297    71.9816 1.0000e-12    3.85891    35.0353    35.0280    27.3865    1488.44    1487.33 0.0000e+00
      12065    494.000     7.4256   3.593184     7.4271   3.592651      76.92     1.5389     0.0296    71.9787 1.0000e-12    3.85836    35.0354    35.0281    27.3866    1488.46    1487.33 0.0000e+00
      12089    495.000     7.4247   3.593173     7.4264   3.592641      55.30     1.5393     0.0313    71.9734 1.0000e-12    3.86975    35.0357    35.0282    27.3870    1488.47    1487.34 0.0000e+00
      12113    496.000     7.4244   3.593196     7.4260   3.592661      79.39     1.5397     0.0345    71.9711 1.0000e-12    3.88386    35.0358    35.0283    27.3871    1488.49    1487.34 0.0000e+00
      12136    497.000     7.4240   3.593212     7.4256   3.592670      96.31     1.5404     0.0335    71.9589 1.0000e-12    3.87830    35.0358    35.0283    27.3872    1488.50    1487.34 0.0000e+00
      12159    498.000     7.4235   3.593213     7.4250   3.592674      96.56     1.5405     0.0320    71.9576 1.0000e-12    3.87681    35.0359    35.0285    27.3873    1488.52    1487.34 0.0000e+00
      12182    499.000     7.4217   3.593134     7.4233   3.592603      96.56     1.5407     0.0302    71.9542 1.0000e-12    3.87392    35.0363    35.0290    27.3879    1488.53    1487.35 0.0000e+00
      12206    500.000     7.4213   3.593140     7.4228   3.592604      96.56     1.5404     0.0270    71.9430 1.0000e-12    3.87286    35.0363    35.0290    27.3880    1488.54    1487.35 0.0000e+00
      12229    501.000     7.4214   3.593199     7.4230   3.592663      96.56     1.5402     0.0274    71.9388 1.0000e-12    3.86597    35.0364    35.0290    27.3880    1488.56    1487.35 0.0000e+00
      12253    502.000     7.4215   3.593250     7.4230   3.592713      82.45     1.5391     0.0322    71.9504 1.0000e-12    3.86373    35.0364    35.0290    27.3880    1488.58    1487.35 0.0000e+00
      12277    503.000     7.4215   3.593304     7.4231   3.592770      53.89     1.5389     0.0341    71.9527 1.0000e-12    3.87030    35.0365    35.0291    27.3880    1488.59    1487.36 0.0000e+00
      12301    504.000     7.4218   3.593367     7.4232   3.592824      82.40     1.5398     0.0300    71.9430 1.0000e-12    3.89229    35.0364    35.0291    27.3879    1488.61    1487.36 0.0000e+00
      12325    505.000     7.4218   3.593412     7.4234   3.592881      96.71     1.5404     0.0308    71.9442 1.0000e-12    3.88298    35.0364    35.0290    27.3879    1488.63    1487.36 0.0000e+00
      12348    506.000     7.4217   3.593463     7.4234   3.592936      96.56     1.5407     0.0317    71.9549 1.0000e-12    3.88046    35.0365    35.0291    27.3881    1488.64    1487.36 0.0000e+00
      12372    507.000     7.4216   3.593493     7.4232   3.592967      96.56     1.5407     0.0288    71.9418 1.0000e-12    3.87783    35.0365    35.0292    27.3880    1488.66    1487.37 0.0000e+00
      12395    508.000     7.4198   3.593398     7.4213   3.592883      96.56     1.5404     0.0261    71.9452 1.0000e-12    3.87625    35.0368    35.0297    27.3885    1488.67    1487.37 0.0000e+00
      12418    509.000     7.4189   3.593380     7.4203   3.592839      96.56     1.5402     0.0265    71.9269 1.0000e-12    3.87648    35.0370    35.0297    27.3888    1488.68    1487.37 0.0000e+00
      12442    510.000     7.4186   3.593414     7.4202   3.592855      96.56     1.5401     0.0282    71.9461 1.0000e-12    3.87182    35.0372    35.0295    27.3890    1488.70    1487.37 0.0000e+00
      12465    511.000     7.4183   3.593424     7.4197   3.592884      67.88     1.5387     0.0298    71.9399 1.0000e-12    3.86507    35.0371    35.0299    27.3890    1488.71    1487.38 0.0000e+00
      12489    512.000     7.4176   3.593421     7.4192   3.592890      88.96     1.5397     0.0315    71.9181 1.0000e-12    3.89331    35.0373    35.0300    27.3893    1488.73    1487.38 0.0000e+00
      12512    513.000     7.4165   3.593380     7.4180   3.592847      96.56     1.5398     0.0316    71.8783 1.0000e-12    3.87951    35.0375    35.0302    27.3896    1488.74    1487.38 0.0000e+00
      12536    514.000     7.4159   3.593379     7.4174   3.592850      96.56     1.5397     0.0324    71.9079 1.0000e-12    3.88374    35.0376    35.0304    27.3898    1488.75    1487.38 0.0000e+00
      12560    515.000     7.4160   3.593427     7.4175   3.592901      96.56     1.5404     0.0312    71.9313 1.0000e-12    3.88872    35.0376    35.0303    27.3897    1488.77    1487.39 0.0000e+00
      12583    516.000     7.4158   3.593464     7.4174   3.592938      96.22     1.5406     0.0290    71.9192 1.0000e-12    3.87264    35.0377    35.0304    27.3898    1488.79    1487.39 0.0000e+00
      12606    517.000     7.4152   3.593455     7.4167   3.592924      50.82     1.5387     0.0287    71.9290 1.0000e-12    3.87214    35.0377    35.0304    27.3899    1488.80    1487.39 0.0000e+00
      12630    518.000     7.4145   3.593467     7.4161   3.592931      96.00     1.5397     0.0323    71.9138 1.0000e-12    3.88194    35.0381    35.0306    27.3903    1488.81    1487.40 0.0000e+00
      12653    519.000     7.4141   3.593467     7.4156   3.592936      96.56     1.5388     0.0317    71.9080 1.0000e-12    3.87165    35.0380    35.0307    27.3903    1488.83    1487.40 0.0000e+00
      12676    520.000     7.4141   3.593517     7.4157   3.592987      96.56     1.5388     0.0296    71.9182 1.0000e-12    3.88433    35.0380    35.0307    27.3903    1488.85    1487.40 0.0000e+00
      12699    521.000     7.4137   3.593530     7.4153   3.593011      96.56     1.5392     0.0333    71.8888 1.0000e-12    3.88414    35.0381    35.0309    27.3904    1488.86    1487.40 0.0000e+00
      12722    522.000     7.4132   3.593542     7.4147   3.593011      96.55     1.5390     0.0342    71.9046 1.0000e-12    3.87600    35.0383    35.0310    27.3906    1488.88    1487.41 0.0000e+00
      12745    523.000     7.4130   3.593563     7.4145   3.593046      96.56     1.5385     0.0319    71.8957 1.0000e-12    3.86381    35.0382    35.0311    27.3906    1488.89    1487.41 0.0000e+00
      12767    524.000     7.4119   3.593531     7.4135   3.593014      76.45     1.5370     0.0309    71.8956 1.0000e-12    3.85907    35.0385    35.0313    27.3910    1488.90    1487.41 0.0000e+00
      12790    525.000     7.4116   3.593548     7.4132   3.593027      40.88     1.5359     0.0310    71.8855 1.0000e-12    3.87404    35.0385    35.0312    27.3911    1488.92    1487.41 0.0000e+00
      12813    526.000     7.4111   3.593559     7.4127   3.593034      93.75     1.5381     0.0303    71.8550 1.0000e-12    3.90150    35.0386    35.0313    27.3912    1488.93    1487.42 0.0000e+00
      12836    527.000     7.4107   3.593578     7.4123   3.593055      96.55     1.5381     0.0296    71.8326 1.0000e-12    3.87780    35.0388    35.0315    27.3914    1488.95    1487.42 0.0000e+00
      12859    528.000     7.4107   3.593624     7.4123   3.593098      96.55     1.5378     0.0323    71.8066 1.0000e-12    3.87401    35.0388    35.0314    27.3914    1488.97    1487.42 0.0000e+00
      12882    529.000     7.4107   3.593670     7.4123   3.593134      96.56     1.5373     0.0343    71.7707 1.0000e-12    3.87268    35.0388    35.0314    27.3914    1488.98    1487.43 0.0000e+00
      12905    530.000     7.4108   3.593713     7.4123   3.593190      96.56     1.5367     0.0307    71.7695 1.0000e-12    3.86648    35.0387    35.0315    27.3913    1489.00    1487.43 0.0000e+00
      12928    531.000     7.4107   3.593766     7.4122   3.593237      96.56     1.5361     0.0308    71.7033 1.0000e-12    3.86507    35.0389    35.0316    27.3915    1489.02    1487.43 0.0000e+00
      12951    532.000     7.4101   3.593769     7.4117   3.593248      88.92     1.5352     0.0305    71.7767 1.0000e-12    3.85867    35.0390    35.0318    27.3917    1489.03    1487.44 0.0000e+00
      12974    533.000     7.4101   3.593813     7.4117   3.593280      45.18     1.5341     0.0312    71.7851 1.0000e-12    3.86037    35.0390    35.0316    27.3917    1489.05    1487.44 0.0000e+00
      12996    534.000     7.4103   3.593869     7.4119   3.593341      79.59     1.5347     0.0290    71.7791 1.0000e-12    3.88317    35.0390    35.0316    27.3916    1489.06    1487.44 0.0000e+00
      13019    535.000     7.4105   3.593929     7.4121   3.593410      96.47     1.5349     0.0281    71.8005 1.0000e-12    3.87281    35.0389    35.0317    27.3916    1489.08    1487.44 0.0000e+00
      13042    536.000     7.4106   3.593984     7.4121   3.593451      96.56     1.5348     0.0284    71.8015 1.0000e-12    3.87361    35.0389    35.0316    27.3916    1489.10    1487.45 0.0000e+00
      13065    537.000     7.4104   3.594013     7.4119   3.593498      96.56     1.5351     0.0322    71.7704 1.0000e-12    3.88609    35.0390    35.0319    27.3916    1489.11    1487.45 0.0000e+00
      13088    538.000     7.4099   3.594029     7.4116   3.593500      96.55     1.5362     0.0302    71.7865 1.0000e-12    3.88737    35.0392    35.0317    27.3918    1489.13    1487.45 0.0000e+00
      13111    539.000     7.4098   3.594061     7.4114   3.593537      96.55     1.5362     0.0306    71.8056 1.0000e-12    3.87756    35.0391    35.0318    27.3918    1489.14    1487.46 0.0000e+00
      13134    540.000     7.4094   3.594085     7.4110   3.593562      88.14     1.5357     0.0323    71.8122 1.0000e-12    3.87117    35.0393    35.0320    27.3920    1489.16    1487.46 0.0000e+00
      13156    541.000     7.4092   3.594117     7.4109   3.593591      70.56     1.5352     0.0334    71.7792 1.0000e-12    3.87517    35.0394    35.0320    27.3921    1489.18    1487.46 0.0000e+00
      13179    542.000     7.4092   3.594166     7.4108   3.593633      67.28     1.5361     0.0311    71.8100 1.0000e-12    3.90155    35.0394    35.0320    27.3921    1489.19    1487.47 0.0000e+00
      13202    543.000     7.4091   3.594199     7.4107   3.593668      96.25     1.5370     0.0320    71.8178 1.0000e-12    3.88723    35.0394    35.0320    27.3921    1489.21    1487.47 0.0000e+00
      13224    544.000     7.4091   3.594242     7.4107   3.593715      96.55     1.5370     0.0323    71.8215 1.0000e-12    3.88790    35.0394    35.0321    27.3921    1489.22    1487.47 0.0000e+00
      13247    545.000     7.4090   3.594295     7.4107   3.593769      96.56     1.5371     0.0305    71.8133 1.0000e-12    3.88395    35.0396    35.0322    27.3923    1489.24    1487.48 0.0000e+00
      13270    546.000     7.4090   3.594340     7.4107   3.593810      96.56     1.5367     0.0313    71.8259 1.0000e-12    3.88170    35.0396    35.0321    27.3923    1489.26    1487.48 0.0000e+00
      13293    547.000     7.4091   3.594381     7.4107   3.593852      96.55     1.5367     0.0304    71.8269 1.0000e-12    3.88475    35.0395    35.0321    27.3922    1489.27    1487.48 0.0000e+00
      13316    548.000     7.4089   3.594415     7.4106   3.593890      86.70     1.5361     0.0302    71.8168 1.0000e-12    3.86947    35.0396    35.0321    27.3923    1489.29    1487.49 0.0000e+00
      13339    549.000     7.4089   3.594454     7.4104   3.593920      86.50     1.5357     0.0316    71.8246 1.0000e-12    3.88987    35.0395    35.0322    27.3922    1489.31    1487.49 0.0000e+00
      13362    550.000     7.4089   3.594491     7.4105   3.593969      96.55     1.5362     0.0333    71.8056 1.0000e-12    3.88148    35.0394    35.0321    27.3922    1489.32    1487.49 0.0000e+00
      13385    551.000     7.4084   3.594501     7.4100   3.593986      96.56     1.5353     0.0333    71.7740 1.0000e-12    3.87258    35.0396    35.0324    27.3924    1489.34    1487.50 0.0000e+00
      13408    552.000     7.4080   3.594521     7.4096   3.593995      96.55     1.5351     0.0322    71.7482 1.0000e-12    3.87631    35.0397    35.0324    27.3925    1489.35    1487.50 0.0000e+00
      13431    553.000     7.4078   3.594552     7.4094   3.594034      96.56     1.5344     0.0309    71.7570 1.0000e-12    3.87002    35.0398    35.0325    27.3926    1489.37    1487.50 0.0000e+00
      13454    554.000     7.4075   3.594579     7.4092   3.594048      96.55     1.5338     0.0308    71.7603 1.0000e-12    3.87437    35.0399    35.0324    27.3927    1489.38    1487.51 0.0000e+00
      13476    555.000     7.4075   3.594627     7.4092   3.594101      96.55     1.5338     0.0300    71.7651 1.0000e-12    3.87817    35.0399    35.0325    27.3928    1489.40    1487.51 0.0000e+00
      13499    556.000     7.4075   3.594668     7.4092   3.594149      93.82     1.5335     0.0309    71.7762 1.0000e-12    3.86541    35.0399    35.0325    27.3927    1489.42    1487.51 0.0000e+00
      13522    557.000     7.4075   3.594712     7.4091   3.594186      85.93     1.5327     0.0316    71.7751 1.0000e-12    3.86524    35.0399    35.0325    27.3927    1489.43    1487.52 0.0000e+00
      13544    558.000     7.4074   3.594746     7.4090   3.594214      31.05     1.5316     0.0301    71.7522 1.0000e-12    3.88205    35.0399    35.0325    27.3927    1489.45    1487.52 0.0000e+00
      13567    559.000     7.4073   3.594786     7.4090   3.594263      96.57     1.5338     0.0274    71.7492 1.0000e-12    3.89589    35.0399    35.0325    27.3928    1489.47    1487.52 0.0000e+00
      13589    560.000     7.4073   3.594835     7.4089   3.594319      96.55     1.5337     0.0276    71.7193 1.0000e-12    3.87426    35.0400    35.0328    27.3928    1489.48    1487.53 0.0000e+00
      13612    561.000     7.4073   3.594876     7.4090   3.594351      96.56     1.5329     0.0301    71.7214 1.0000e-12    3.86899    35.0399    35.0325    27.3928    1489.50    1487.53 0.0000e+00
      13634    562.000     7.4073   3.594935     7.4089   3.594402      96.55     1.5326     0.0294    71.7199 1.0000e-12    3.87532    35.0401    35.0327    27.3929    1489.52    1487.53 0.0000e+00
      13657    563.000     7.4073   3.594972     7.4090   3.594446      96.56     1.5325     0.0300    71.7166 1.0000e-12    3.86991    35.0400    35.0326    27.3929    1489.53    1487.54 0.0000e+00
      13679    564.000     7.4071   3.595004     7.4087   3.594478      96.56     1.5315     0.0286    71.7119 1.0000e-12    3.85277    35.0401    35.0328    27.3930    1489.55    1487.54 0.0000e+00
