_data/ctd/2016/Sta0958_2016.cnv
* Sea-Bird SBE 9 Data File:
* FileName = C:\Seabird\CTDDATA\sta0958.hex
* Software Version Seasave V 7.21f
* Temperature SN = 5458
* Conductivity SN = 044221
* Number of Bytes Per Scan = 41
* Number of Voltage Words = 4
* Number of Scans Averaged by the Deck Unit = 1
* NMEA Latitude = 61 21.35 N
* NMEA Longitude = 007 22.37 E
* NMEA UTC (Time) = Sep 27 2016 10:03:53
** Ship: 01 F/F "Håkon Mosby"
** Station: 0958
** Echodepth: 373
** Log: 3812,52
** Wind-Dir Force: 06 02
** Air-temp (dry): 10,0
** Weather Sky: 2 9
** Sea Ice: 1 0
** UNIS station:
# nquan = 18                                
# nvalues = 359                         
# units = specified
# name 0 = scan: Scan Count
# name 1 = prDM: Pressure, Digiquartz [db]
# name 2 = t068C: Temperature [ITS-68, deg C]
# name 3 = c0S/m: Conductivity [S/m]
# name 4 = t168C: Temperature, 2 [ITS-68, deg C]
# name 5 = c1S/m: Conductivity, 2 [S/m]
# name 6 = altM: Altimeter [m]
# name 7 = sbeox0V: Oxygen raw, SBE 43 [V]
# name 8 = flC: Fluorescence, Chelsea Aqua 3 Chl Con [ug/l]
# name 9 = xmiss: Beam Transmission, Chelsea/Seatech [%]
# name 10 = par: PAR/Irradiance, Biospherical/Licor
# name 11 = sbeox0ML/L: Oxygen, SBE 43 [ml/l], WS = 2
# name 12 = sal00: Salinity, Practical [PSU]
# name 13 = sal11: Salinity, Practical, 2 [PSU]
# name 14 = sigma-t00: Density [sigma-t, Kg/m^3 ]
# name 15 = svCM: Sound Velocity [Chen-Millero, m/s]
# name 16 = avgsvCM: Average Sound Velocity [Chen-Millero, m/s], minP = 0, minS = 0
# name 17 = flag: flag
# span 0 =        241,       9743       
# span 1 =      2.000,    360.000       
# span 2 =     7.5619,    14.3264       
# span 3 =   0.616464,   3.702539       
# span 4 =     7.5636,    14.3287       
# span 5 =   0.614555,   3.702807       
# span 6 =       4.81,      97.50       
# span 7 =     1.4741,     2.6607       
# span 8 =     0.0285,     0.4716       
# span 9 =    16.0753,    71.9173       
# span 10 = -1.820e-07, 8.8154e+01      
# span 11 =    3.37070,    7.68714      
# span 12 =     4.5788,    34.9990      
# span 13 =     4.5669,    35.0005      
# span 14 =     3.0605,    27.3382      
# span 15 =    1460.55,    1498.77      
# span 16 =    1460.55,    1493.65      
# span 17 = 0.0000e+00, 0.0000e+00      
# interval = decibars: 1                
# start_time = Sep 27 2016 10:03:55 [System UTC, first data scan.]
# bad_flag = -9.990e-29
*END*
[from data line 242]
       6304    244.000     7.6653   3.597422     7.6668   3.597677      60.99     1.6327     0.0333    71.3867 1.0000e-12    4.04641    34.9617    34.9630    27.2938    1485.16    1487.33 0.0000e+00
       6329    245.000     7.6639   3.597387     7.6653   3.597668      72.98     1.6329     0.0307    71.4032 1.0000e-12    4.08306    34.9623    34.9639    27.2944    1485.18    1487.32 0.0000e+00
       6355    246.000     7.6629   3.597366     7.6642   3.597620      70.68     1.6343     0.0347    71.4690 1.0000e-12    4.08378    34.9626    34.9640    27.2948    1485.19    1487.32 0.0000e+00
       6380    247.000     7.6614   3.597305     7.6628   3.597580      65.03     1.6361     0.0331    71.4942 1.0000e-12    4.11139    34.9629    34.9645    27.2953    1485.20    1487.31 0.0000e+00
       6405    248.000     7.6598   3.597244     7.6612   3.597506      96.28     1.6385     0.0323    71.4770 1.0000e-12    4.10266    34.9634    34.9648    27.2959    1485.21    1487.30 0.0000e+00
       6430    249.000     7.6582   3.597201     7.6595   3.597466      96.48     1.6393     0.0308    71.4996 1.0000e-12    4.09697    34.9640    34.9656    27.2966    1485.22    1487.29 0.0000e+00
       6455    250.000     7.6579   3.597259     7.6594   3.597520      91.38     1.6388     0.0306    71.5150 1.0000e-12    4.06095    34.9645    34.9658    27.2970    1485.24    1487.28 0.0000e+00
       6479    251.000     7.6575   3.597282     7.6589   3.597552      50.46     1.6358     0.0337    71.5113 1.0000e-12    4.06567    34.9646    34.9661    27.2972    1485.25    1487.27 0.0000e+00
       6504    252.000     7.6537   3.597044     7.6550   3.597326      96.31     1.6354     0.0330    71.5307 1.0000e-12    4.06954    34.9654    34.9671    27.2984    1485.26    1487.27 0.0000e+00
       6529    253.000     7.6508   3.596877     7.6523   3.597169      96.56     1.6349     0.0357    71.5205 1.0000e-12    4.07429    34.9660    34.9676    27.2993    1485.26    1487.26 0.0000e+00
       6553    254.000     7.6490   3.596791     7.6504   3.597063      96.56     1.6346     0.0302    71.5178 1.0000e-12    4.05671    34.9664    34.9679    27.2998    1485.27    1487.25 0.0000e+00
       6578    255.000     7.6474   3.596764     7.6488   3.597034      96.56     1.6311     0.0298    71.5099 1.0000e-12    4.01355    34.9672    34.9687    27.3007    1485.28    1487.24 0.0000e+00
       6603    256.000     7.6461   3.596728     7.6474   3.596994      96.56     1.6267     0.0340    71.5102 1.0000e-12    3.99806    34.9676    34.9692    27.3013    1485.30    1487.24 0.0000e+00
       6628    257.000     7.6439   3.596636     7.6454   3.596890      96.56     1.6226     0.0357    71.4955 1.0000e-12    3.98816    34.9684    34.9696    27.3021    1485.30    1487.23 0.0000e+00
       6653    258.000     7.6438   3.596665     7.6453   3.596936      96.56     1.6190     0.0355    71.5141 1.0000e-12    3.98297    34.9683    34.9697    27.3021    1485.32    1487.22 0.0000e+00
       6678    259.000     7.6435   3.596701     7.6449   3.596959      96.56     1.6162     0.0335    71.5113 1.0000e-12    3.98495    34.9685    34.9699    27.3023    1485.34    1487.21 0.0000e+00
       6702    260.000     7.6412   3.596602     7.6426   3.596883      96.56     1.6144     0.0293    71.4985 1.0000e-12    3.98950    34.9692    34.9709    27.3032    1485.34    1487.21 0.0000e+00
       6727    261.000     7.6396   3.596537     7.6410   3.596797      94.78     1.6131     0.0311    71.4999 1.0000e-12    3.98641    34.9697    34.9711    27.3038    1485.36    1487.20 0.0000e+00
       6752    262.000     7.6391   3.596569     7.6406   3.596826      78.46     1.6111     0.0307    71.4962 1.0000e-12    3.96601    34.9700    34.9713    27.3042    1485.37    1487.19 0.0000e+00
       6778    263.000     7.6385   3.596590     7.6400   3.596850      67.44     1.6091     0.0288    71.4860 1.0000e-12    3.97978    34.9704    34.9717    27.3045    1485.38    1487.18 0.0000e+00
       6803    264.000     7.6368   3.596519     7.6384   3.596797      96.17     1.6083     0.0292    71.4811 1.0000e-12    3.96967    34.9708    34.9722    27.3051    1485.40    1487.18 0.0000e+00
       6828    265.000     7.6349   3.596421     7.6365   3.596701      96.56     1.6066     0.0303    71.5096 1.0000e-12    3.96582    34.9712    34.9726    27.3057    1485.40    1487.17 0.0000e+00
       6852    266.000     7.6336   3.596371     7.6351   3.596644      96.56     1.6056     0.0316    71.5145 1.0000e-12    3.97031    34.9714    34.9729    27.3061    1485.42    1487.16 0.0000e+00
       6877    267.000     7.6328   3.596355     7.6342   3.596620      96.56     1.6047     0.0335    71.5006 1.0000e-12    3.95481    34.9716    34.9730    27.3063    1485.43    1487.16 0.0000e+00
       6902    268.000     7.6315   3.596308     7.6330   3.596582      96.56     1.6022     0.0327    71.4673 1.0000e-12    3.92587    34.9719    34.9734    27.3067    1485.44    1487.15 0.0000e+00
       6927    269.000     7.6295   3.596210     7.6309   3.596479      71.59     1.5982     0.0300    71.4676 1.0000e-12    3.93127    34.9723    34.9739    27.3074    1485.45    1487.15 0.0000e+00
       6952    270.000     7.6278   3.596141     7.6293   3.596408      96.82     1.5979     0.0325    71.4561 1.0000e-12    3.93443    34.9728    34.9742    27.3080    1485.46    1487.14 0.0000e+00
       6977    271.000     7.6265   3.596108     7.6280   3.596381      96.55     1.5949     0.0296    71.4260 1.0000e-12    3.89903    34.9733    34.9747    27.3086    1485.47    1487.13 0.0000e+00
       7002    272.000     7.6258   3.596118     7.6273   3.596388      96.56     1.5911     0.0294    71.4200 1.0000e-12    3.88818    34.9736    34.9750    27.3089    1485.49    1487.13 0.0000e+00
       7027    273.000     7.6253   3.596133     7.6268   3.596401      96.56     1.5878     0.0316    71.4158 1.0000e-12    3.87959    34.9738    34.9752    27.3091    1485.50    1487.12 0.0000e+00
       7052    274.000     7.6250   3.596174     7.6264   3.596436      96.56     1.5848     0.0304    71.4321 1.0000e-12    3.87383    34.9740    34.9755    27.3094    1485.52    1487.12 0.0000e+00
       7077    275.000     7.6242   3.596173     7.6257   3.596448      88.71     1.5820     0.0299    71.2778 1.0000e-12    3.87454    34.9743    34.9758    27.3097    1485.53    1487.11 0.0000e+00
       7102    276.000     7.6232   3.596142     7.6247   3.596412      94.83     1.5812     0.0338    71.1453 1.0000e-12    3.88652    34.9745    34.9759    27.3100    1485.55    1487.10 0.0000e+00
       7127    277.000     7.6228   3.596174     7.6242   3.596437      96.56     1.5799     0.0315    71.3979 1.0000e-12    3.87783    34.9748    34.9762    27.3103    1485.56    1487.10 0.0000e+00
       7152    278.000     7.6218   3.596166     7.6232   3.596438      96.56     1.5788     0.0309    71.4084 1.0000e-12    3.87683    34.9752    34.9768    27.3108    1485.57    1487.09 0.0000e+00
       7176    279.000     7.6209   3.596149     7.6223   3.596427      96.56     1.5779     0.0315    71.4098 1.0000e-12    3.87556    34.9755    34.9771    27.3111    1485.59    1487.09 0.0000e+00
       7201    280.000     7.6198   3.596109     7.6212   3.596374      96.56     1.5773     0.0337    71.3869 1.0000e-12    3.88202    34.9756    34.9771    27.3114    1485.60    1487.08 0.0000e+00
       7225    281.000     7.6191   3.596105     7.6206   3.596380      96.05     1.5771     0.0326    71.4055 1.0000e-12    3.87519    34.9758    34.9773    27.3116    1485.61    1487.08 0.0000e+00
       7250    282.000     7.6181   3.596087     7.6196   3.596363      91.94     1.5758     0.0310    71.3855 1.0000e-12    3.85022    34.9761    34.9776    27.3120    1485.63    1487.07 0.0000e+00
       7275    283.000     7.6171   3.596070     7.6186   3.596346      47.48     1.5726     0.0311    71.3888 1.0000e-12    3.85480    34.9765    34.9779    27.3124    1485.64    1487.07 0.0000e+00
       7300    284.000     7.6163   3.596072     7.6177   3.596335      96.98     1.5726     0.0312    71.4076 1.0000e-12    3.85546    34.9768    34.9782    27.3128    1485.65    1487.06 0.0000e+00
       7326    285.000     7.6153   3.596038     7.6166   3.596308      96.56     1.5706     0.0316    71.3882 1.0000e-12    3.83791    34.9769    34.9786    27.3131    1485.67    1487.06 0.0000e+00
       7351    286.000     7.6139   3.595972     7.6152   3.596235      96.56     1.5684     0.0317    71.3702 1.0000e-12    3.83139    34.9772    34.9787    27.3135    1485.68    1487.05 0.0000e+00
       7376    287.000     7.6126   3.595918     7.6141   3.596207      96.56     1.5665     0.0307    71.3794 1.0000e-12    3.82266    34.9774    34.9790    27.3138    1485.69    1487.05 0.0000e+00
       7401    288.000     7.6113   3.595882     7.6128   3.596153      96.56     1.5641     0.0314    71.4000 1.0000e-12    3.80115    34.9778    34.9792    27.3144    1485.70    1487.04 0.0000e+00
       7425    289.000     7.6107   3.595909     7.6122   3.596169      74.29     1.5597     0.0305    71.3990 1.0000e-12    3.78111    34.9782    34.9795    27.3148    1485.72    1487.04 0.0000e+00
       7450    290.000     7.6106   3.595998     7.6122   3.596266      96.13     1.5580     0.0301    71.3752 1.0000e-12    3.79661    34.9788    34.9801    27.3152    1485.73    1487.03 0.0000e+00
       7475    291.000     7.6098   3.595990     7.6112   3.596264      96.55     1.5555     0.0324    71.3650 1.0000e-12    3.78652    34.9790    34.9806    27.3155    1485.75    1487.03 0.0000e+00
       7499    292.000     7.6084   3.595958     7.6099   3.596229      96.56     1.5541     0.0330    71.3472 1.0000e-12    3.79557    34.9796    34.9810    27.3162    1485.76    1487.02 0.0000e+00
       7524    293.000     7.6062   3.595799     7.6078   3.596087      96.56     1.5533     0.0325    71.3692 1.0000e-12    3.79568    34.9796    34.9811    27.3165    1485.77    1487.02 0.0000e+00
       7549    294.000     7.6047   3.595738     7.6061   3.596001      96.56     1.5528     0.0302    71.3416 1.0000e-12    3.79260    34.9800    34.9814    27.3170    1485.78    1487.02 0.0000e+00
       7573    295.000     7.6055   3.595929     7.6069   3.596190      90.89     1.5507     0.0300    71.3442 1.0000e-12    3.75893    34.9807    34.9822    27.3175    1485.80    1487.01 0.0000e+00
       7598    296.000     7.6047   3.595955     7.6062   3.596235      74.33     1.5475     0.0331    71.3588 1.0000e-12    3.74772    34.9813    34.9829    27.3181    1485.81    1487.01 0.0000e+00
       7623    297.000     7.6034   3.595948     7.6048   3.596206      45.83     1.5450     0.0354    71.3577 1.0000e-12    3.76807    34.9821    34.9835    27.3189    1485.83    1487.00 0.0000e+00
       7648    298.000     7.6018   3.595901     7.6033   3.596179      96.84     1.5456     0.0364    71.3702 1.0000e-12    3.78324    34.9827    34.9842    27.3196    1485.84    1487.00 0.0000e+00
       7673    299.000     7.6009   3.595913     7.6023   3.596182      96.56     1.5456     0.0345    71.3826 1.0000e-12    3.78121    34.9832    34.9847    27.3201    1485.85    1487.00 0.0000e+00
       7698    300.000     7.5999   3.595892     7.6013   3.596166      96.56     1.5460     0.0343    71.4221 1.0000e-12    3.79288    34.9835    34.9851    27.3205    1485.86    1486.99 0.0000e+00
       7723    301.000     7.5992   3.595876     7.6006   3.596155      96.56     1.5471     0.0321    71.3941 1.0000e-12    3.80096    34.9836    34.9852    27.3206    1485.88    1486.99 0.0000e+00
       7748    302.000     7.5956   3.595575     7.5969   3.595862      96.56     1.5479     0.0329    71.4104 1.0000e-12    3.79572    34.9834    34.9852    27.3211    1485.88    1486.99 0.0000e+00
       7772    303.000     7.5942   3.595513     7.5956   3.595787      92.23     1.5479     0.0330    71.3377 1.0000e-12    3.78199    34.9837    34.9852    27.3215    1485.89    1486.98 0.0000e+00
       7797    304.000     7.5941   3.595628     7.5955   3.595884      96.54     1.5461     0.0324    71.3411 1.0000e-12    3.74198    34.9845    34.9859    27.3222    1485.91    1486.98 0.0000e+00
       7822    305.000     7.5932   3.595660     7.5946   3.595933      96.56     1.5413     0.0328    71.3104 1.0000e-12    3.70300    34.9853    34.9869    27.3229    1485.92    1486.97 0.0000e+00
       7846    306.000     7.5918   3.595622     7.5933   3.595886      96.56     1.5365     0.0319    71.3142 1.0000e-12    3.70711    34.9858    34.9872    27.3235    1485.93    1486.97 0.0000e+00
       7871    307.000     7.5913   3.595648     7.5927   3.595923      96.56     1.5342     0.0322    71.2984 1.0000e-12    3.72319    34.9861    34.9877    27.3238    1485.95    1486.97 0.0000e+00
       7896    308.000     7.5906   3.595665     7.5920   3.595937      96.56     1.5330     0.0364    71.3049 1.0000e-12    3.72434    34.9865    34.9881    27.3242    1485.96    1486.96 0.0000e+00
       7921    309.000     7.5894   3.595646     7.5908   3.595925      93.92     1.5317     0.0358    71.2985 1.0000e-12    3.71702    34.9870    34.9886    27.3248    1485.98    1486.96 0.0000e+00
       7946    310.000     7.5882   3.595618     7.5896   3.595892      77.05     1.5301     0.0333    71.3112 1.0000e-12    3.70444    34.9874    34.9890    27.3253    1485.99    1486.96 0.0000e+00
       7971    311.000     7.5864   3.595571     7.5878   3.595841      56.14     1.5284     0.0328    71.3373 1.0000e-12    3.72207    34.9883    34.9898    27.3262    1486.00    1486.96 0.0000e+00
       7996    312.000     7.5846   3.595547     7.5861   3.595818      96.88     1.5285     0.0344    71.3369 1.0000e-12    3.71441    34.9893    34.9907    27.3273    1486.01    1486.95 0.0000e+00
       8021    313.000     7.5840   3.595572     7.5855   3.595837      96.56     1.5273     0.0373    71.3359 1.0000e-12    3.71427    34.9897    34.9911    27.3277    1486.02    1486.95 0.0000e+00
       8046    314.000     7.5841   3.595622     7.5856   3.595894      96.56     1.5272     0.0346    71.3514 1.0000e-12    3.72817    34.9897    34.9911    27.3276    1486.04    1486.95 0.0000e+00
       8071    315.000     7.5839   3.595660     7.5853   3.595929      96.55     1.5284     0.0345    71.3319 1.0000e-12    3.74461    34.9898    34.9913    27.3278    1486.06    1486.94 0.0000e+00
       8096    316.000     7.5826   3.595610     7.5840   3.595894      96.56     1.5301     0.0337    71.3245 1.0000e-12    3.74766    34.9901    34.9917    27.3282    1486.07    1486.94 0.0000e+00
       8120    317.000     7.5807   3.595545     7.5822   3.595823      86.61     1.5303     0.0325    71.3305 1.0000e-12    3.73839    34.9908    34.9923    27.3290    1486.08    1486.94 0.0000e+00
       8146    318.000     7.5799   3.595559     7.5813   3.595831      96.52     1.5309     0.0317    71.3245 1.0000e-12    3.74231    34.9912    34.9928    27.3295    1486.09    1486.94 0.0000e+00
       8171    319.000     7.5796   3.595591     7.5809   3.595863      96.56     1.5309     0.0313    71.3245 1.0000e-12    3.72966    34.9914    34.9931    27.3297    1486.11    1486.93 0.0000e+00
       8197    320.000     7.5787   3.595577     7.5801   3.595860      96.56     1.5297     0.0337    71.3335 1.0000e-12    3.72041    34.9917    34.9933    27.3300    1486.12    1486.93 0.0000e+00
       8222    321.000     7.5772   3.595534     7.5788   3.595825      96.56     1.5287     0.0322    71.2968 1.0000e-12    3.72342    34.9922    34.9938    27.3307    1486.13    1486.93 0.0000e+00
       8247    322.000     7.5767   3.595561     7.5782   3.595832      96.56     1.5285     0.0324    71.2934 1.0000e-12    3.72633    34.9925    34.9940    27.3310    1486.15    1486.93 0.0000e+00
