_data/ctd/2016/Sta0944_2016.cnv
* Sea-Bird SBE 9 Data File:
* FileName = C:\Seabird\CTDDATA\sta0944.hex
* Software Version Seasave V 7.21f
* Temperature SN = 5458
* Conductivity SN = 044221
* Number of Bytes Per Scan = 41
* Number of Voltage Words = 4
* Number of Scans Averaged by the Deck Unit = 1
* NMEA Latitude = 60 45.82 N
* NMEA Longitude = 005 14.22 E
* NMEA UTC (Time) = Sep 20 2016 01:24:09
** Ship: 01 F/F "Håkon Mosby"
** Station: 0944
** Echodepth: 508
** Log: 3292,1
** Wind-Dir Force: 02 02
** Air-temp (dry): 13
** Weather Sky: 2 9
** Sea Ice: 2 0
** UNIS station:
# nquan = 18                                
# nvalues = 450                         
# units = specified
# name 0 = scan: Scan Count
# name 1 = prDM: Pressure, Digiquartz [db]
# name 2 = t068C: Temperature [ITS-68, deg C]
# name 3 = c0S/m: Conductivity [S/m]
# name 4 = t168C: Temperature, 2 [ITS-68, deg C]
# name 5 = c1S/m: Conductivity, 2 [S/m]
# name 6 = altM: Altimeter [m]
# name 7 = sbeox0V: Oxygen raw, SBE 43 [V]
# name 8 = flC: Fluorescence, Chelsea Aqua 3 Chl Con [ug/l]
# name 9 = xmiss: Beam Transmission, Chelsea/Seatech [%]
# name 10 = par: PAR/Irradiance, Biospherical/Licor
# name 11 = sbeox0ML/L: Oxygen, SBE 43 [ml/l], WS = 2
# name 12 = sal00: Salinity, Practical [PSU]
# name 13 = sal11: Salinity, Practical, 2 [PSU]
# name 14 = sigma-t00: Density [sigma-t, Kg/m^3 ]
# name 15 = svCM: Sound Velocity [Chen-Millero, m/s]
# name 16 = avgsvCM: Average Sound Velocity [Chen-Millero, m/s], minP = 0, minS = 0
# name 17 = flag: flag
# span 0 =        578,      10221       
# span 1 =      3.000,    452.000       
# span 2 =     7.7142,    15.7116       
# span 3 =   3.585001,   3.902324       
# span 4 =     7.7162,    15.7207       
# span 5 =   3.584864,   3.902039       
# span 6 =      32.03,      97.35       
# span 7 =     1.8848,     2.3646       
# span 8 =     0.0258,     1.0810       
# span 9 =    64.2289,    71.9800       
# span 10 = 1.0000e-12, 2.7446e-01      
# span 11 =    4.83068,    5.68148      
# span 12 =    28.8518,    35.1519      
# span 13 =    28.8020,    35.1536      
# span 14 =    21.0896,    27.4362      
# span 15 =    1484.31,    1504.35      
# span 16 =    1488.64,    1503.01      
# span 17 = 0.0000e+00, 0.0000e+00      
# interval = decibars: 1                
# start_time = Sep 20 2016 01:24:11 [System UTC, first data scan.]
# bad_flag = -9.990e-29
*END*
[from data line 403]
       9253    406.000     7.7397   3.628979     7.7413   3.629279      96.56     2.0234     0.0333    71.5286 1.0000e-12    5.57712    35.1495    35.1511    27.4305    1488.35    1488.65 0.0000e+00
       9273    407.000     7.7392   3.628976     7.7406   3.629274      96.56     2.0232     0.0331    71.5070 1.0000e-12    5.57058    35.1495    35.1513    27.4305    1488.36    1488.64 0.0000e+00
       9294    408.000     7.7381   3.628929     7.7399   3.629257      96.56     2.0226     0.0324    71.5124 1.0000e-12    5.57121    35.1496    35.1513    27.4308    1488.37    1488.64 0.0000e+00
       9314    409.000     7.7385   3.629004     7.7398   3.629294      96.55     2.0226     0.0334    71.4748 1.0000e-12    5.57480    35.1495    35.1513    27.4307    1488.39    1488.64 0.0000e+00
       9335    410.000     7.7390   3.629092     7.7405   3.629378      96.55     2.0224     0.0330    71.4995 1.0000e-12    5.56355    35.1495    35.1510    27.4306    1488.41    1488.64 0.0000e+00
       9355    411.000     7.7395   3.629181     7.7410   3.629483      32.78     2.0206     0.0297    71.4853 1.0000e-12    5.56463    35.1494    35.1512    27.4305    1488.43    1488.64 0.0000e+00
       9376    412.000     7.7393   3.629219     7.7407   3.629512      85.33     2.0221     0.0286    71.4924 1.0000e-12    5.59445    35.1496    35.1513    27.4306    1488.45    1488.64 0.0000e+00
       9397    413.000     7.7379   3.629142     7.7396   3.629468      96.53     2.0225     0.0302    71.4788 1.0000e-12    5.57730    35.1497    35.1515    27.4309    1488.46    1488.64 0.0000e+00
       9418    414.000     7.7371   3.629108     7.7386   3.629430      79.14     2.0217     0.0310    71.4739 1.0000e-12    5.55505    35.1496    35.1516    27.4310    1488.47    1488.64 0.0000e+00
       9438    415.000     7.7340   3.628882     7.7356   3.629196      53.33     2.0200     0.0346    71.4786 1.0000e-12    5.55867    35.1498    35.1516    27.4316    1488.48    1488.64 0.0000e+00
       9459    416.000     7.7325   3.628790     7.7342   3.629119      96.71     2.0198     0.0340    71.4891 1.0000e-12    5.56126    35.1498    35.1517    27.4318    1488.49    1488.64 0.0000e+00
       9479    417.000     7.7292   3.628554     7.7305   3.628855      96.56     2.0188     0.0323    71.4849 1.0000e-12    5.55328    35.1501    35.1521    27.4325    1488.49    1488.64 0.0000e+00
       9500    418.000     7.7278   3.628469     7.7292   3.628764      63.89     2.0174     0.0317    71.4461 1.0000e-12    5.56543    35.1501    35.1519    27.4328    1488.50    1488.64 0.0000e+00
       9520    419.000     7.7276   3.628495     7.7290   3.628788      90.58     2.0193     0.0310    71.4718 1.0000e-12    5.59951    35.1501    35.1519    27.4328    1488.52    1488.64 0.0000e+00
       9541    420.000     7.7273   3.628505     7.7287   3.628808      96.64     2.0205     0.0305    71.4614 1.0000e-12    5.59207    35.1501    35.1519    27.4328    1488.53    1488.64 0.0000e+00
       9562    421.000     7.7273   3.628565     7.7287   3.628857      93.67     2.0210     0.0310    71.4565 1.0000e-12    5.58280    35.1502    35.1520    27.4329    1488.55    1488.64 0.0000e+00
       9583    422.000     7.7271   3.628593     7.7285   3.628892      85.99     2.0211     0.0298    71.4814 1.0000e-12    5.59620    35.1502    35.1521    27.4329    1488.56    1488.64 0.0000e+00
       9604    423.000     7.7261   3.628544     7.7274   3.628839      96.17     2.0224     0.0311    71.4614 1.0000e-12    5.59746    35.1502    35.1521    27.4331    1488.58    1488.64 0.0000e+00
       9625    424.000     7.7260   3.628578     7.7276   3.628872      96.56     2.0225     0.0314    71.4914 1.0000e-12    5.58018    35.1502    35.1518    27.4331    1488.59    1488.64 0.0000e+00
       9646    425.000     7.7255   3.628564     7.7269   3.628888      96.56     2.0213     0.0324    71.4723 1.0000e-12    5.56979    35.1501    35.1522    27.4331    1488.61    1488.64 0.0000e+00
       9667    426.000     7.7259   3.628660     7.7270   3.628907      96.56     2.0206     0.0333    71.4701 1.0000e-12    5.57426    35.1502    35.1518    27.4331    1488.63    1488.64 0.0000e+00
       9688    427.000     7.7266   3.628762     7.7282   3.629085      96.56     2.0201     0.0312    71.4788 1.0000e-12    5.57838    35.1502    35.1520    27.4330    1488.65    1488.64 0.0000e+00
       9709    428.000     7.7236   3.628545     7.7249   3.628865      96.56     2.0201     0.0309    71.4959 1.0000e-12    5.58335    35.1504    35.1525    27.4335    1488.65    1488.64 0.0000e+00
       9730    429.000     7.7220   3.628448     7.7234   3.628747      96.56     2.0202     0.0312    71.4642 1.0000e-12    5.58435    35.1504    35.1523    27.4338    1488.66    1488.64 0.0000e+00
       9750    430.000     7.7217   3.628463     7.7230   3.628762      96.56     2.0202     0.0329    71.4665 1.0000e-12    5.57344    35.1504    35.1523    27.4339    1488.68    1488.64 0.0000e+00
       9772    431.000     7.7216   3.628508     7.7231   3.628816      38.66     2.0185     0.0322    71.4517 1.0000e-12    5.57773    35.1505    35.1523    27.4340    1488.69    1488.64 0.0000e+00
       9793    432.000     7.7211   3.628507     7.7225   3.628802      95.63     2.0201     0.0312    71.4589 1.0000e-12    5.59875    35.1505    35.1523    27.4341    1488.71    1488.64 0.0000e+00
       9814    433.000     7.7207   3.628518     7.7218   3.628786      96.56     2.0201     0.0311    71.4711 1.0000e-12    5.58176    35.1506    35.1524    27.4341    1488.72    1488.64 0.0000e+00
       9835    434.000     7.7201   3.628513     7.7213   3.628786      68.16     2.0192     0.0290    71.4543 1.0000e-12    5.57502    35.1506    35.1524    27.4343    1488.74    1488.64 0.0000e+00
       9856    435.000     7.7184   3.628407     7.7198   3.628718      72.05     2.0194     0.0271    71.4504 1.0000e-12    5.59266    35.1507    35.1527    27.4346    1488.75    1488.64 0.0000e+00
       9877    436.000     7.7180   3.628412     7.7194   3.628728      96.57     2.0194     0.0313    71.4504 1.0000e-12    5.58594    35.1507    35.1527    27.4346    1488.76    1488.64 0.0000e+00
       9898    437.000     7.7174   3.628427     7.7190   3.628732      96.56     2.0198     0.0304    71.4293 1.0000e-12    5.58175    35.1510    35.1527    27.4350    1488.78    1488.64 0.0000e+00
       9919    438.000     7.7176   3.628498     7.7191   3.628781      53.97     2.0182     0.0267    71.4232 1.0000e-12    5.58085    35.1511    35.1526    27.4350    1488.79    1488.64 0.0000e+00
       9940    439.000     7.7173   3.628520     7.7186   3.628812      97.35     2.0191     0.0295    71.4120 1.0000e-12    5.59098    35.1511    35.1530    27.4351    1488.81    1488.64 0.0000e+00
       9962    440.000     7.7168   3.628522     7.7180   3.628804      96.56     2.0189     0.0306    71.3669 1.0000e-12    5.58280    35.1512    35.1530    27.4352    1488.82    1488.64 0.0000e+00
       9983    441.000     7.7165   3.628544     7.7179   3.628840      72.24     2.0182     0.0299    71.3591 1.0000e-12    5.58175    35.1512    35.1530    27.4353    1488.84    1488.64 0.0000e+00
      10004    442.000     7.7161   3.628554     7.7175   3.628855      89.28     2.0187     0.0303    71.3159 1.0000e-12    5.59284    35.1512    35.1531    27.4354    1488.85    1488.64 0.0000e+00
      10026    443.000     7.7160   3.628598     7.7175   3.628899      96.56     2.0182     0.0322    71.3163 1.0000e-12    5.57666    35.1513    35.1531    27.4354    1488.87    1488.64 0.0000e+00
      10047    444.000     7.7158   3.628634     7.7172   3.628934      91.76     2.0173     0.0312    71.3146 1.0000e-12    5.57103    35.1515    35.1533    27.4356    1488.89    1488.64 0.0000e+00
      10068    445.000     7.7151   3.628620     7.7168   3.628933      81.03     2.0168     0.0304    71.3208 1.0000e-12    5.58949    35.1515    35.1532    27.4357    1488.90    1488.64 0.0000e+00
      10090    446.000     7.7152   3.628674     7.7171   3.628997      96.67     2.0176     0.0281    71.3079 1.0000e-12    5.59178    35.1515    35.1531    27.4357    1488.92    1488.64 0.0000e+00
      10111    447.000     7.7158   3.628768     7.7175   3.629084      96.55     2.0174     0.0299    71.2789 1.0000e-12    5.57461    35.1515    35.1532    27.4356    1488.94    1488.64 0.0000e+00
      10133    448.000     7.7157   3.628806     7.7169   3.629101      85.49     2.0158     0.0299    71.2592 1.0000e-12    5.57022    35.1515    35.1535    27.4356    1488.95    1488.65 0.0000e+00
      10155    449.000     7.7151   3.628802     7.7165   3.629101      96.64     2.0159     0.0311    71.2586 1.0000e-12    5.58163    35.1516    35.1534    27.4357    1488.97    1488.65 0.0000e+00
      10176    450.000     7.7155   3.628872     7.7171   3.629167      96.56     2.0157     0.0329    71.2703 1.0000e-12    5.58275    35.1514    35.1530    27.4356    1488.98    1488.65 0.0000e+00
      10198    451.000     7.7154   3.628908     7.7168   3.629211      93.97     2.0155     0.0335    71.2727 1.0000e-12    5.58376    35.1514    35.1533    27.4356    1489.00    1488.65 0.0000e+00
      10221    452.000     7.7142   3.628888     7.7162   3.629226      92.20     2.0153     0.0316    71.2607 1.0000e-12    5.59651    35.1519    35.1536    27.4362    1489.01    1488.65 0.0000e+00
