_data/ctd/2016/Sta0955_2016.cnv
* Sea-Bird SBE 9 Data File:
* FileName = C:\Seabird\CTDDATA\sta0955.hex
* Software Version Seasave V 7.21f
* Temperature SN = 5458
* Conductivity SN = 044221
* Number of Bytes Per Scan = 41
* Number of Voltage Words = 4
* Number of Scans Averaged by the Deck Unit = 1
* NMEA Latitude = 61 21.31 N
* NMEA Longitude = 007 22.41 E
* NMEA UTC (Time) = Sep 26 2016 21:05:44
** Ship: 01 F/F "Håkon Mosby"
** Station: 0955
** Echodepth: 373
** Log: 3782.463
** Wind-Dir Force: 01 01
** Air-temp (dry): 11.7
** Weather Sky: 2 9
** Sea Ice: 1 0
** UNIS station:
# nquan = 18                                
# nvalues = 365                         
# units = specified
# name 0 = scan: Scan Count
# name 1 = prDM: Pressure, Digiquartz [db]
# name 2 = t068C: Temperature [ITS-68, deg C]
# name 3 = c0S/m: Conductivity [S/m]
# name 4 = t168C: Temperature, 2 [ITS-68, deg C]
# name 5 = c1S/m: Conductivity, 2 [S/m]
# name 6 = altM: Altimeter [m]
# name 7 = sbeox0V: Oxygen raw, SBE 43 [V]
# name 8 = flC: Fluorescence, Chelsea Aqua 3 Chl Con [ug/l]
# name 9 = xmiss: Beam Transmission, Chelsea/Seatech [%]
# name 10 = par: PAR/Irradiance, Biospherical/Licor
# name 11 = sbeox0ML/L: Oxygen, SBE 43 [ml/l], WS = 2
# name 12 = sal00: Salinity, Practical [PSU]
# name 13 = sal11: Salinity, Practical, 2 [PSU]
# name 14 = sigma-t00: Density [sigma-t, Kg/m^3 ]
# name 15 = svCM: Sound Velocity [Chen-Millero, m/s]
# name 16 = avgsvCM: Average Sound Velocity [Chen-Millero, m/s], minP = 0, minS = 0
# name 17 = flag: flag
# span 0 =        392,       9513       
# span 1 =      1.000,    365.000       
# span 2 =     7.5561,    14.2875       
# span 3 =   0.642950,   3.686298       
# span 4 =     7.5577,    14.2910       
# span 5 =   0.612837,   3.686963       
# span 6 =      10.36,      97.33       
# span 7 =     1.4633,     2.6357       
# span 8 =     0.0253,     0.4307       
# span 9 =    18.2263,    71.9033       
# span 10 = 1.0000e-12, 7.4342e-01      
# span 11 =    3.42428,    7.70182      
# span 12 =     4.9374,    35.0013      
# span 13 =     4.7078,    35.0023      
# span 14 =     3.4726,    27.3409      
# span 15 =    1456.69,    1498.76      
# span 16 =    1456.69,    1493.09      
# span 17 = 0.0000e+00, 0.0000e+00      
# interval = decibars: 1                
# start_time = Sep 26 2016 21:05:45 [System UTC, first data scan.]
# bad_flag = -9.990e-29
*END*
[from data line 242]
       6520    243.000     7.6664   3.597398     7.6677   3.597628      96.56     1.6473     0.0316    71.5858 1.0000e-12    4.10820    34.9609    34.9620    27.2930    1485.15    1487.23 0.0000e+00
       6545    244.000     7.6659   3.597443     7.6674   3.597654      96.56     1.6468     0.0306    71.5879 1.0000e-12    4.11301    34.9614    34.9621    27.2934    1485.17    1487.22 0.0000e+00
       6569    245.000     7.6651   3.597443     7.6665   3.597674      96.56     1.6465     0.0293    71.5825 1.0000e-12    4.10619    34.9617    34.9628    27.2938    1485.18    1487.21 0.0000e+00
       6594    246.000     7.6631   3.597366     7.6645   3.597603      96.56     1.6459     0.0300    71.5784 1.0000e-12    4.11439    34.9624    34.9635    27.2946    1485.19    1487.20 0.0000e+00
       6619    247.000     7.6617   3.597331     7.6631   3.597555      88.10     1.6461     0.0317    71.5579 1.0000e-12    4.11233    34.9629    34.9639    27.2952    1485.20    1487.19 0.0000e+00
       6644    248.000     7.6608   3.597346     7.6622   3.597567      65.27     1.6459     0.0325    71.5801 1.0000e-12    4.10978    34.9635    34.9645    27.2958    1485.21    1487.18 0.0000e+00
       6668    249.000     7.6604   3.597354     7.6618   3.597589      59.87     1.6459     0.0320    71.5729 1.0000e-12    4.12444    34.9635    34.9646    27.2959    1485.23    1487.18 0.0000e+00
       6693    250.000     7.6587   3.597262     7.6601   3.597499      96.86     1.6465     0.0314    71.5728 1.0000e-12    4.11511    34.9637    34.9649    27.2963    1485.24    1487.17 0.0000e+00
       6717    251.000     7.6533   3.596899     7.6547   3.597160      96.55     1.6459     0.0305    71.5806 1.0000e-12    4.10420    34.9647    34.9661    27.2979    1485.24    1487.16 0.0000e+00
       6742    252.000     7.6498   3.596671     7.6511   3.596898      96.53     1.6443     0.0325    71.5598 1.0000e-12    4.06940    34.9653    34.9664    27.2988    1485.24    1487.15 0.0000e+00
       6766    253.000     7.6496   3.596712     7.6511   3.596940      48.07     1.6391     0.0303    71.4956 1.0000e-12    4.02738    34.9654    34.9664    27.2990    1485.26    1487.15 0.0000e+00
       6791    254.000     7.6494   3.596755     7.6509   3.596986      97.04     1.6337     0.0253    71.4809 1.0000e-12    3.98541    34.9656    34.9666    27.2992    1485.27    1487.14 0.0000e+00
       6815    255.000     7.6491   3.596815     7.6505   3.597030      96.56     1.6257     0.0266    71.4529 1.0000e-12    3.95019    34.9661    34.9670    27.2996    1485.29    1487.13 0.0000e+00
       6839    256.000     7.6485   3.596846     7.6499   3.597064      96.56     1.6190     0.0290    71.4934 1.0000e-12    3.95293    34.9665    34.9675    27.3000    1485.30    1487.12 0.0000e+00
       6863    257.000     7.6471   3.596813     7.6486   3.597034      96.55     1.6148     0.0308    71.5111 1.0000e-12    3.97204    34.9671    34.9680    27.3007    1485.31    1487.12 0.0000e+00
       6887    258.000     7.6468   3.596837     7.6483   3.597062      96.55     1.6133     0.0311    71.4865 1.0000e-12    3.98363    34.9671    34.9681    27.3008    1485.33    1487.11 0.0000e+00
       6912    259.000     7.6462   3.596873     7.6476   3.597102      81.68     1.6112     0.0321    71.4914 1.0000e-12    3.97257    34.9676    34.9687    27.3012    1485.34    1487.10 0.0000e+00
       6936    260.000     7.6446   3.596821     7.6460   3.597055      86.89     1.6110     0.0324    71.4422 1.0000e-12    4.00672    34.9682    34.9693    27.3019    1485.36    1487.10 0.0000e+00
       6961    261.000     7.6433   3.596768     7.6446   3.597008      96.62     1.6117     0.0279    71.4948 1.0000e-12    4.00534    34.9684    34.9697    27.3023    1485.37    1487.09 0.0000e+00
       6986    262.000     7.6394   3.596499     7.6408   3.596750      96.56     1.6125     0.0311    71.4767 1.0000e-12    4.00729    34.9690    34.9703    27.3033    1485.37    1487.08 0.0000e+00
       7010    263.000     7.6366   3.596355     7.6380   3.596591      96.56     1.6122     0.0331    71.4674 1.0000e-12    3.98669    34.9697    34.9709    27.3043    1485.38    1487.08 0.0000e+00
       7035    264.000     7.6347   3.596276     7.6360   3.596489      96.55     1.6097     0.0349    71.4441 1.0000e-12    3.93982    34.9703    34.9713    27.3050    1485.39    1487.07 0.0000e+00
       7059    265.000     7.6339   3.596257     7.6353   3.596485      96.56     1.6043     0.0343    71.4562 1.0000e-12    3.89974    34.9704    34.9715    27.3052    1485.40    1487.06 0.0000e+00
       7083    266.000     7.6327   3.596236     7.6341   3.596461      81.76     1.5981     0.0352    71.4530 1.0000e-12    3.88152    34.9709    34.9719    27.3058    1485.41    1487.06 0.0000e+00
       7107    267.000     7.6323   3.596262     7.6337   3.596478      33.83     1.5930     0.0353    71.4433 1.0000e-12    3.88954    34.9711    34.9720    27.3060    1485.43    1487.05 0.0000e+00
       7132    268.000     7.6320   3.596288     7.6335   3.596522      97.33     1.5914     0.0344    71.4662 1.0000e-12    3.90617    34.9712    34.9722    27.3061    1485.44    1487.05 0.0000e+00
       7156    269.000     7.6303   3.596209     7.6318   3.596454      96.55     1.5890     0.0346    71.4616 1.0000e-12    3.89357    34.9715    34.9727    27.3066    1485.45    1487.04 0.0000e+00
       7180    270.000     7.6284   3.596151     7.6300   3.596380      96.56     1.5870     0.0329    71.4519 1.0000e-12    3.89311    34.9723    34.9732    27.3075    1485.46    1487.03 0.0000e+00
       7205    271.000     7.6271   3.596117     7.6285   3.596357      96.55     1.5856     0.0331    71.4300 1.0000e-12    3.89405    34.9728    34.9740    27.3081    1485.48    1487.03 0.0000e+00
       7229    272.000     7.6259   3.596089     7.6273   3.596312      96.56     1.5844     0.0320    71.4521 1.0000e-12    3.89281    34.9732    34.9742    27.3086    1485.49    1487.02 0.0000e+00
       7253    273.000     7.6250   3.596047     7.6264   3.596275      83.24     1.5831     0.0321    71.4520 1.0000e-12    3.88237    34.9732    34.9742    27.3087    1485.50    1487.02 0.0000e+00
       7277    274.000     7.6241   3.596047     7.6256   3.596282      70.55     1.5824     0.0327    71.4573 1.0000e-12    3.90310    34.9736    34.9746    27.3091    1485.51    1487.01 0.0000e+00
       7302    275.000     7.6236   3.596051     7.6251   3.596284      96.62     1.5823     0.0330    71.4097 1.0000e-12    3.88903    34.9736    34.9746    27.3093    1485.53    1487.01 0.0000e+00
       7326    276.000     7.6230   3.596077     7.6244   3.596308      96.55     1.5810     0.0364    71.4365 1.0000e-12    3.87726    34.9740    34.9751    27.3097    1485.54    1487.00 0.0000e+00
       7350    277.000     7.6214   3.596001     7.6228   3.596245      96.56     1.5792     0.0353    71.4379 1.0000e-12    3.86387    34.9743    34.9756    27.3101    1485.55    1487.00 0.0000e+00
       7375    278.000     7.6200   3.595932     7.6214   3.596168      96.56     1.5770     0.0324    71.4292 1.0000e-12    3.85834    34.9745    34.9756    27.3105    1485.57    1486.99 0.0000e+00
       7399    279.000     7.6193   3.595947     7.6207   3.596183      96.56     1.5753     0.0324    71.4207 1.0000e-12    3.84879    34.9749    34.9760    27.3109    1485.58    1486.99 0.0000e+00
       7424    280.000     7.6179   3.595908     7.6194   3.596147      69.18     1.5723     0.0307    71.3515 1.0000e-12    3.84357    34.9754    34.9764    27.3115    1485.59    1486.98 0.0000e+00
       7449    281.000     7.6171   3.595914     7.6185   3.596141      96.93     1.5722     0.0346    71.4050 1.0000e-12    3.85666    34.9757    34.9768    27.3119    1485.61    1486.98 0.0000e+00
       7473    282.000     7.6167   3.595935     7.6182   3.596173      96.56     1.5701     0.0350    71.3960 1.0000e-12    3.83642    34.9759    34.9770    27.3120    1485.62    1486.97 0.0000e+00
       7498    283.000     7.6148   3.595859     7.6162   3.596098      96.56     1.5685     0.0345    71.4132 1.0000e-12    3.83852    34.9765    34.9777    27.3128    1485.63    1486.97 0.0000e+00
       7522    284.000     7.6139   3.595857     7.6154   3.596092      96.56     1.5675     0.0330    71.4043 1.0000e-12    3.83838    34.9769    34.9779    27.3132    1485.64    1486.96 0.0000e+00
       7546    285.000     7.6118   3.595759     7.6133   3.596006      96.56     1.5661     0.0333    71.4204 1.0000e-12    3.82235    34.9774    34.9786    27.3140    1485.65    1486.96 0.0000e+00
       7570    286.000     7.6093   3.595612     7.6108   3.595845      94.66     1.5639     0.0345    71.3924 1.0000e-12    3.80619    34.9779    34.9789    27.3147    1485.66    1486.95 0.0000e+00
       7593    287.000     7.6074   3.595504     7.6089   3.595746      87.52     1.5611     0.0295    71.3159 1.0000e-12    3.78826    34.9781    34.9792    27.3152    1485.67    1486.95 0.0000e+00
       7618    288.000     7.6065   3.595475     7.6079   3.595716      38.62     1.5576     0.0323    71.2681 1.0000e-12    3.79112    34.9782    34.9794    27.3154    1485.68    1486.94 0.0000e+00
       7641    289.000     7.6050   3.595442     7.6065   3.595669      96.29     1.5563     0.0329    71.3511 1.0000e-12    3.77954    34.9789    34.9798    27.3161    1485.70    1486.94 0.0000e+00
       7665    290.000     7.6037   3.595426     7.6052   3.595671      96.55     1.5525     0.0306    71.3450 1.0000e-12    3.74897    34.9795    34.9807    27.3168    1485.71    1486.94 0.0000e+00
       7690    291.000     7.6002   3.595239     7.6016   3.595486      96.56     1.5485     0.0303    71.3234 1.0000e-12    3.73876    34.9805    34.9818    27.3181    1485.71    1486.93 0.0000e+00
       7713    292.000     7.5983   3.595210     7.5998   3.595440      96.56     1.5449     0.0307    71.3277 1.0000e-12    3.73020    34.9816    34.9826    27.3193    1485.72    1486.93 0.0000e+00
       7738    293.000     7.5980   3.595339     7.5995   3.595562      96.56     1.5418     0.0328    71.2803 1.0000e-12    3.71948    34.9829    34.9838    27.3203    1485.74    1486.92 0.0000e+00
       7762    294.000     7.5964   3.595290     7.5978   3.595537      75.05     1.5375     0.0331    71.3026 1.0000e-12    3.70638    34.9834    34.9847    27.3210    1485.75    1486.92 0.0000e+00
       7787    295.000     7.5933   3.595072     7.5947   3.595326      84.61     1.5365     0.0318    71.2942 1.0000e-12    3.75176    34.9837    34.9850    27.3216    1485.76    1486.92 0.0000e+00
       7811    296.000     7.5924   3.595091     7.5938   3.595312      96.66     1.5371     0.0298    71.2682 1.0000e-12    3.75030    34.9843    34.9853    27.3222    1485.77    1486.91 0.0000e+00
       7834    297.000     7.5908   3.595035     7.5922   3.595265      96.56     1.5369     0.0333    71.2533 1.0000e-12    3.73612    34.9848    34.9859    27.3229    1485.78    1486.91 0.0000e+00
       7859    298.000     7.5903   3.595097     7.5918   3.595339      96.56     1.5352     0.0344    71.2478 1.0000e-12    3.72427    34.9855    34.9866    27.3235    1485.80    1486.90 0.0000e+00
       7883    299.000     7.5884   3.595081     7.5898   3.595310      96.56     1.5341     0.0354    71.2544 1.0000e-12    3.71982    34.9868    34.9879    27.3247    1485.81    1486.90 0.0000e+00
       7907    300.000     7.5875   3.595067     7.5889   3.595300      96.56     1.5324     0.0350    71.2869 1.0000e-12    3.71461    34.9870    34.9882    27.3251    1485.82    1486.90 0.0000e+00
       7931    301.000     7.5868   3.595076     7.5882   3.595313      96.56     1.5311     0.0361    71.2851 1.0000e-12    3.71933    34.9874    34.9885    27.3254    1485.83    1486.89 0.0000e+00
       7956    302.000     7.5868   3.595140     7.5883   3.595370      96.55     1.5305     0.0356    71.2986 1.0000e-12    3.71435    34.9876    34.9885    27.3256    1485.85    1486.89 0.0000e+00
       7980    303.000     7.5865   3.595188     7.5880   3.595417      96.56     1.5291     0.0349    71.3265 1.0000e-12    3.70831    34.9879    34.9889    27.3259    1485.87    1486.89 0.0000e+00
       8004    304.000     7.5854   3.595172     7.5869   3.595408      96.56     1.5285     0.0361    71.3128 1.0000e-12    3.71909    34.9883    34.9894    27.3264    1485.88    1486.88 0.0000e+00
       8029    305.000     7.5843   3.595144     7.5857   3.595376      96.56     1.5286     0.0359    71.3305 1.0000e-12    3.73282    34.9887    34.9898    27.3268    1485.89    1486.88 0.0000e+00
       8053    306.000     7.5837   3.595181     7.5852   3.595413      96.56     1.5302     0.0376    71.3246 1.0000e-12    3.74626    34.9892    34.9902    27.3273    1485.91    1486.88 0.0000e+00
       8077    307.000     7.5831   3.595192     7.5846   3.595428      96.56     1.5309     0.0367    71.3395 1.0000e-12    3.73545    34.9894    34.9905    27.3276    1485.92    1486.87 0.0000e+00
       8102    308.000     7.5822   3.595181     7.5836   3.595420      96.56     1.5309     0.0346    71.3577 1.0000e-12    3.73396    34.9897    34.9909    27.3280    1485.93    1486.87 0.0000e+00
       8126    309.000     7.5815   3.595199     7.5830   3.595439      96.56     1.5311     0.0303    71.3484 1.0000e-12    3.73948    34.9901    34.9912    27.3284    1485.95    1486.87 0.0000e+00
       8150    310.000     7.5811   3.595216     7.5825   3.595454      96.56     1.5317     0.0319    71.3396 1.0000e-12    3.74408    34.9902    34.9914    27.3285    1485.96    1486.86 0.0000e+00
       8175    311.000     7.5806   3.595252     7.5821   3.595482      96.56     1.5321     0.0357    71.3462 1.0000e-12    3.74059    34.9906    34.9916    27.3289    1485.98    1486.86 0.0000e+00
       8199    312.000     7.5800   3.595256     7.5814   3.595483      96.56     1.5323     0.0356    71.3505 1.0000e-12    3.73074    34.9908    34.9918    27.3291    1485.99    1486.86 0.0000e+00
       8224    313.000     7.5797   3.595289     7.5810   3.595519      73.70     1.5306     0.0355    71.3017 1.0000e-12    3.73255    34.9910    34.9921    27.3293    1486.01    1486.86 0.0000e+00
       8248    314.000     7.5792   3.595304     7.5807   3.595545      96.24     1.5321     0.0370    71.3210 1.0000e-12    3.74586    34.9911    34.9922    27.3295    1486.02    1486.85 0.0000e+00
       8273    315.000     7.5789   3.595340     7.5803   3.595568      96.56     1.5313     0.0381    71.3430 1.0000e-12    3.72828    34.9913    34.9924    27.3297    1486.04    1486.85 0.0000e+00
       8297    316.000     7.5784   3.595351     7.5798   3.595590      96.56     1.5309     0.0374    71.3248 1.0000e-12    3.73631    34.9915    34.9927    27.3299    1486.05    1486.85 0.0000e+00
       8321    317.000     7.5779   3.595372     7.5794   3.595610      96.56     1.5312     0.0345    71.3298 1.0000e-12    3.74413    34.9917    34.9928    27.3302    1486.07    1486.85 0.0000e+00
       8346    318.000     7.5775   3.595392     7.5789   3.595626      96.56     1.5314     0.0320    71.3183 1.0000e-12    3.73388    34.9919    34.9930    27.3303    1486.08    1486.84 0.0000e+00
       8370    319.000     7.5768   3.595401     7.5782   3.595628      83.56     1.5302     0.0318    71.3116 1.0000e-12    3.71677    34.9922    34.9932    27.3307    1486.10    1486.84 0.0000e+00
       8395    320.000     7.5759   3.595393     7.5773   3.595624      63.69     1.5290     0.0360    71.2985 1.0000e-12    3.71421    34.9925    34.9936    27.3311    1486.11    1486.84 0.0000e+00
       8420    321.000     7.5758   3.595430     7.5772   3.595664      56.89     1.5277     0.0355    71.2832 1.0000e-12    3.72512    34.9925    34.9936    27.3311    1486.13    1486.84 0.0000e+00
