_data/ctd/2016/Sta0953_2016.cnv
* Sea-Bird SBE 9 Data File:
* FileName = C:\Seabird\CTDDATA\sta0953.hex
* Software Version Seasave V 7.21f
* Temperature SN = 5458
* Conductivity SN = 044221
* Number of Bytes Per Scan = 41
* Number of Voltage Words = 4
* Number of Scans Averaged by the Deck Unit = 1
* NMEA Latitude = 61 14.70 N
* NMEA Longitude = 007 21.41 E
* NMEA UTC (Time) = Sep 26 2016 08:18:36
** Ship: 01 F/F "Håkon Mosby"
** Station: 0953
** Echodepth: 652
** Log: 3752
** Wind-Dir Force: 05 01
** Air-temp (dry): 12.6
** Weather Sky: 1 9
** Sea Ice: 1 0
** UNIS station:
# nquan = 18                                
# nvalues = 644                         
# units = specified
# name 0 = scan: Scan Count
# name 1 = prDM: Pressure, Digiquartz [db]
# name 2 = t068C: Temperature [ITS-68, deg C]
# name 3 = c0S/m: Conductivity [S/m]
# name 4 = t168C: Temperature, 2 [ITS-68, deg C]
# name 5 = c1S/m: Conductivity, 2 [S/m]
# name 6 = altM: Altimeter [m]
# name 7 = sbeox0V: Oxygen raw, SBE 43 [V]
# name 8 = flC: Fluorescence, Chelsea Aqua 3 Chl Con [ug/l]
# name 9 = xmiss: Beam Transmission, Chelsea/Seatech [%]
# name 10 = par: PAR/Irradiance, Biospherical/Licor
# name 11 = sbeox0ML/L: Oxygen, SBE 43 [ml/l], WS = 2
# name 12 = sal00: Salinity, Practical [PSU]
# name 13 = sal11: Salinity, Practical, 2 [PSU]
# name 14 = sigma-t00: Density [sigma-t, Kg/m^3 ]
# name 15 = svCM: Sound Velocity [Chen-Millero, m/s]
# name 16 = avgsvCM: Average Sound Velocity [Chen-Millero, m/s], minP = 0, minS = 0
# name 17 = flag: flag
# span 0 =        746,      18925       
# span 1 =      3.000,    646.000       
# span 2 =     7.4057,    14.6125       
# span 3 =   1.234995,   3.759109       
# span 4 =     7.4070,    14.6138       
# span 5 =   1.016611,   3.757436       
# span 6 =       9.56,      96.80       
# span 7 =     1.4805,     2.7294       
# span 8 =     0.0255,     0.7681       
# span 9 =    23.3077,    78.2864       
# span 10 = 1.0000e-12, 1.1342e+02      
# span 11 =    3.70520,    7.25611      
# span 12 =     9.4388,    35.0401      
# span 13 =     7.6415,    35.0212      
# span 14 =     6.6905,    27.3929      
# span 15 =    1469.67,    1500.31      
# span 16 =    1469.67,    1495.52      
# span 17 = 0.0000e+00, 0.0000e+00      
# interval = decibars: 1                
# start_time = Sep 26 2016 08:18:37 [System UTC, first data scan.]
# bad_flag = -9.990e-29
*END*
[from data line 81]
       3025     84.000     9.1899   3.610913     9.1915   3.608371      96.56     1.8861     0.0486    72.2155 1.0000e-12    4.45250    33.6964    33.6685    26.0675    1486.67    1493.07 0.0000e+00
       3052     85.000     9.1610   3.620158     9.1625   3.617564      96.56     1.8574     0.0452    72.1844 1.0000e-12    4.35977    33.8193    33.7910    26.1683    1486.73    1493.00 0.0000e+00
       3077     86.000     9.1461   3.624458     9.1475   3.622356      96.56     1.8283     0.0481    72.2002 1.0000e-12    4.18432    33.8777    33.8545    26.2164    1486.76    1492.92 0.0000e+00
       3103     87.000     9.1256   3.625922     9.1275   3.623871      96.56     1.7860     0.0481    72.1679 1.0000e-12    3.92375    33.9120    33.8888    26.2465    1486.75    1492.85 0.0000e+00
       3129     88.000     9.0987   3.628548     9.1002   3.626365      96.56     1.7375     0.0489    72.1605 1.0000e-12    3.76633    33.9645    33.9403    26.2919    1486.73    1492.78 0.0000e+00
       3155     89.000     9.0735   3.631298     9.0750   3.629177      96.56     1.6970     0.0504    72.1466 1.0000e-12    3.76145    34.0167    33.9932    26.3368    1486.72    1492.71 0.0000e+00
       3181     90.000     9.0459   3.632542     9.0474   3.630610      96.56     1.6710     0.0474    72.1698 1.0000e-12    3.79797    34.0556    34.0341    26.3717    1486.68    1492.65 0.0000e+00
       3207     91.000     9.0302   3.633389     9.0318   3.631347      96.56     1.6542     0.0461    72.1671 1.0000e-12    3.80462    34.0790    34.0562    26.3925    1486.67    1492.58 0.0000e+00
       3233     92.000     9.0040   3.634783     9.0057   3.632733      96.56     1.6420     0.0449    72.1784 1.0000e-12    3.82393    34.1183    34.0952    26.4274    1486.63    1492.51 0.0000e+00
       3260     93.000     8.9628   3.635692     8.9642   3.633739      96.56     1.6355     0.0447    72.1566 1.0000e-12    3.83025    34.1668    34.1451    26.4720    1486.56    1492.45 0.0000e+00
       3286     94.000     8.9359   3.635833     8.9376   3.634000      96.56     1.6293     0.0445    72.1440 1.0000e-12    3.82331    34.1937    34.1729    26.4973    1486.51    1492.39 0.0000e+00
       3312     95.000     8.9097   3.635702     8.9106   3.633629      96.56     1.6254     0.0440    72.1443 1.0000e-12    3.83029    34.2171    34.1945    26.5197    1486.46    1492.32 0.0000e+00
       3338     96.000     8.9044   3.636858     8.9059   3.634850      96.56     1.6233     0.0449    72.1526 1.0000e-12    3.86359    34.2339    34.2114    26.5337    1486.48    1492.26 0.0000e+00
       3364     97.000     8.8635   3.636771     8.8660   3.634902      96.56     1.6263     0.0479    72.1338 1.0000e-12    3.88724    34.2720    34.2499    26.5700    1486.39    1492.20 0.0000e+00
       3390     98.000     8.8182   3.636419     8.8198   3.634523      96.56     1.6249     0.0489    72.0673 1.0000e-12    3.81974    34.3116    34.2901    26.6082    1486.28    1492.14 0.0000e+00
       3417     99.000     8.7600   3.635532     8.7625   3.633713      96.55     1.6174     0.0450    72.0720 1.0000e-12    3.77744    34.3582    34.3366    26.6538    1486.14    1492.08 0.0000e+00
       3443    100.000     8.7141   3.634631     8.7161   3.632807      96.56     1.6126     0.0422    72.0655 1.0000e-12    3.81761    34.3928    34.3716    26.6881    1486.03    1492.02 0.0000e+00
       3469    101.000     8.6563   3.633206     8.6586   3.631433      96.56     1.6132     0.0426    72.0538 1.0000e-12    3.85489    34.4335    34.4125    26.7291    1485.88    1491.96 0.0000e+00
       3495    102.000     8.6149   3.632318     8.6166   3.630462      96.56     1.6146     0.0444    72.0799 1.0000e-12    3.86416    34.4640    34.4427    26.7594    1485.78    1491.90 0.0000e+00
       3521    103.000     8.5928   3.631797     8.5944   3.629970      96.56     1.6157     0.0404    72.0510 1.0000e-12    3.87109    34.4795    34.4587    26.7751    1485.74    1491.84 0.0000e+00
       3547    104.000     8.5654   3.630759     8.5667   3.628922      96.56     1.6175     0.0402    72.0807 1.0000e-12    3.89068    34.4948    34.4741    26.7913    1485.67    1491.78 0.0000e+00
       3573    105.000     8.5287   3.629141     8.5304   3.627419      96.55     1.6203     0.0413    72.0424 1.0000e-12    3.90547    34.5131    34.4932    26.8114    1485.57    1491.72 0.0000e+00
       3599    106.000     8.4673   3.627037     8.4691   3.625269      96.56     1.6224     0.0403    72.0263 1.0000e-12    3.90828    34.5504    34.5299    26.8501    1485.41    1491.66 0.0000e+00
       3625    107.000     8.4372   3.625843     8.4386   3.624018      96.56     1.6230     0.0417    72.0429 1.0000e-12    3.89187    34.5668    34.5461    26.8676    1485.33    1491.60 0.0000e+00
       3651    108.000     8.4290   3.625902     8.4307   3.624086      96.56     1.6224     0.0412    72.0251 1.0000e-12    3.89304    34.5750    34.5540    26.8753    1485.33    1491.54 0.0000e+00
       3678    109.000     8.3944   3.624234     8.3960   3.622450      96.56     1.6226     0.0418    72.0042 1.0000e-12    3.90900    34.5908    34.5702    26.8930    1485.23    1491.48 0.0000e+00
       3704    110.000     8.3765   3.623654     8.3779   3.621778      96.56     1.6242     0.0421    71.9363 1.0000e-12    3.92359    34.6017    34.5804    26.9043    1485.20    1491.43 0.0000e+00
       3730    111.000     8.3593   3.623112     8.3606   3.621208      96.56     1.6254     0.0411    71.9502 1.0000e-12    3.92059    34.6124    34.5908    26.9153    1485.16    1491.37 0.0000e+00
       3757    112.000     8.3486   3.623117     8.3501   3.621318      96.56     1.6259     0.0410    71.8985 1.0000e-12    3.92507    34.6225    34.6019    26.9249    1485.15    1491.31 0.0000e+00
       3783    113.000     8.3233   3.621855     8.3245   3.620027      96.56     1.6271     0.0422    71.9192 1.0000e-12    3.93186    34.6335    34.6128    26.9374    1485.09    1491.26 0.0000e+00
       3810    114.000     8.2814   3.620256     8.2832   3.618618      96.56     1.6279     0.0459    71.9128 1.0000e-12    3.93886    34.6572    34.6380    26.9624    1484.97    1491.20 0.0000e+00
       3836    115.000     8.2050   3.615766     8.2067   3.614234      96.56     1.6285     0.0439    71.9174 1.0000e-12    3.94490    34.6842    34.6662    26.9952    1484.74    1491.15 0.0000e+00
       3862    116.000     8.1498   3.612703     8.1517   3.611069      96.56     1.6295     0.0421    71.9224 1.0000e-12    3.95391    34.7056    34.6862    27.0204    1484.57    1491.09 0.0000e+00
       3889    117.000     8.1302   3.611572     8.1313   3.609717      96.55     1.6291     0.0433    71.8303 1.0000e-12    3.92607    34.7124    34.6915    27.0287    1484.52    1491.03 0.0000e+00
       3915    118.000     8.1268   3.611959     8.1279   3.610043      96.56     1.6258     0.0445    71.9187 1.0000e-12    3.89839    34.7194    34.6978    27.0347    1484.54    1490.98 0.0000e+00
       3942    119.000     8.1157   3.611374     8.1170   3.609605      96.56     1.6224     0.0423    71.8929 1.0000e-12    3.89559    34.7237    34.7034    27.0397    1484.52    1490.92 0.0000e+00
       3968    120.000     8.1008   3.610871     8.1021   3.608959      96.56     1.6204     0.0371    71.8090 1.0000e-12    3.90397    34.7326    34.7108    27.0490    1484.49    1490.87 0.0000e+00
       3994    121.000     8.0988   3.611082     8.1000   3.609226      96.56     1.6191     0.0362    71.8808 1.0000e-12    3.90325    34.7363    34.7153    27.0522    1484.50    1490.82 0.0000e+00
       4021    122.000     8.0923   3.610729     8.0937   3.608916      96.55     1.6183     0.0354    71.9240 1.0000e-12    3.91865    34.7385    34.7177    27.0549    1484.50    1490.77 0.0000e+00
       4047    123.000     8.0789   3.609991     8.0801   3.608147      96.56     1.6195     0.0376    71.9146 1.0000e-12    3.93571    34.7434    34.7224    27.0608    1484.47    1490.71 0.0000e+00
       4074    124.000     8.0708   3.609665     8.0721   3.607804      96.56     1.6207     0.0397    71.8767 1.0000e-12    3.92760    34.7474    34.7262    27.0652    1484.46    1490.66 0.0000e+00
       4100    125.000     8.0652   3.609742     8.0667   3.607918      96.56     1.6195     0.0369    71.8924 1.0000e-12    3.90438    34.7533    34.7323    27.0706    1484.46    1490.61 0.0000e+00
       4126    126.000     8.0377   3.607983     8.0397   3.606335      96.56     1.6180     0.0352    71.8717 1.0000e-12    3.90950    34.7613    34.7416    27.0810    1484.38    1490.56 0.0000e+00
       4153    127.000     8.0188   3.606872     8.0201   3.605024      96.56     1.6176     0.0370    71.8082 1.0000e-12    3.91970    34.7676    34.7465    27.0888    1484.34    1490.51 0.0000e+00
       4179    128.000     8.0118   3.606715     8.0131   3.604880      96.56     1.6173     0.0355    71.7100 1.0000e-12    3.90773    34.7724    34.7514    27.0936    1484.33    1490.47 0.0000e+00
       4206    129.000     8.0065   3.606915     8.0080   3.605058      96.56     1.6152     0.0342    71.6429 1.0000e-12    3.88765    34.7794    34.7579    27.0999    1484.34    1490.42 0.0000e+00
       4233    130.000     7.9995   3.606774     8.0010   3.604946      96.56     1.6125     0.0332    71.6072 1.0000e-12    3.88418    34.7843    34.7632    27.1048    1484.33    1490.37 0.0000e+00
       4259    131.000     7.9879   3.606171     7.9893   3.604355      96.55     1.6116     0.0344    71.6390 1.0000e-12    3.90567    34.7889    34.7680    27.1101    1484.31    1490.33 0.0000e+00
       4286    132.000     7.9758   3.605892     7.9772   3.604037      96.56     1.6126     0.0355    71.5945 1.0000e-12    3.91591    34.7974    34.7761    27.1187    1484.29    1490.28 0.0000e+00
       4312    133.000     7.9698   3.606016     7.9710   3.604131      96.55     1.6128     0.0358    71.5761 1.0000e-12    3.91757    34.8042    34.7828    27.1249    1484.30    1490.23 0.0000e+00
       4339    134.000     7.9684   3.606391     7.9697   3.604533      96.56     1.6138     0.0344    71.5863 1.0000e-12    3.92591    34.8092    34.7879    27.1290    1484.31    1490.19 0.0000e+00
       4365    135.000     7.9606   3.606295     7.9619   3.604473      96.55     1.6152     0.0351    71.6468 1.0000e-12    3.95337    34.8154    34.7945    27.1351    1484.31    1490.15 0.0000e+00
       4392    136.000     7.9487   3.605779     7.9502   3.604014      96.56     1.6195     0.0338    71.6507 1.0000e-12    3.98781    34.8212    34.8008    27.1414    1484.29    1490.10 0.0000e+00
       4419    137.000     7.9383   3.605080     7.9396   3.603237      96.56     1.6242     0.0352    71.6165 1.0000e-12    4.00038    34.8236    34.8025    27.1448    1484.27    1490.06 0.0000e+00
       4445    138.000     7.9348   3.605132     7.9361   3.603279      96.56     1.6275     0.0343    71.5937 1.0000e-12    3.99615    34.8271    34.8059    27.1482    1484.27    1490.02 0.0000e+00
       4472    139.000     7.9284   3.604962     7.9296   3.603128      96.55     1.6293     0.0322    71.5594 1.0000e-12    3.98685    34.8312    34.8103    27.1523    1484.27    1489.98 0.0000e+00
       4499    140.000     7.9258   3.605273     7.9270   3.603396      96.56     1.6297     0.0322    71.5386 1.0000e-12    3.98357    34.8367    34.8153    27.1570    1484.29    1489.94 0.0000e+00
       4525    141.000     7.9176   3.605005     7.9190   3.603200      96.56     1.6307     0.0351    71.5517 1.0000e-12    3.99830    34.8415    34.8206    27.1620    1484.28    1489.90 0.0000e+00
       4552    142.000     7.9101   3.604595     7.9114   3.602780      96.56     1.6329     0.0378    71.5736 1.0000e-12    4.02683    34.8440    34.8232    27.1651    1484.27    1489.86 0.0000e+00
       4579    143.000     7.9036   3.604403     7.9050   3.602586      96.55     1.6367     0.0409    71.5352 1.0000e-12    4.04417    34.8480    34.8270    27.1692    1484.26    1489.82 0.0000e+00
       4606    144.000     7.8987   3.604324     7.9001   3.602488      96.56     1.6396     0.0383    71.5483 1.0000e-12    4.03755    34.8515    34.8304    27.1727    1484.27    1489.78 0.0000e+00
       4633    145.000     7.8946   3.604256     7.8960   3.602421      96.56     1.6406     0.0358    71.5946 1.0000e-12    4.02871    34.8544    34.8332    27.1755    1484.27    1489.74 0.0000e+00
       4660    146.000     7.8897   3.604124     7.8911   3.602306      96.56     1.6412     0.0501    71.5787 1.0000e-12    4.03665    34.8574    34.8364    27.1786    1484.27    1489.70 0.0000e+00
       4687    147.000     7.8832   3.603873     7.8847   3.602063      96.56     1.6428     0.0444    71.5394 1.0000e-12    4.05156    34.8607    34.8397    27.1822    1484.27    1489.67 0.0000e+00
       4714    148.000     7.8776   3.603736     7.8789   3.601905      96.56     1.6449     0.0385    71.5585 1.0000e-12    4.06312    34.8643    34.8433    27.1858    1484.27    1489.63 0.0000e+00
       4741    149.000     7.8753   3.603718     7.8767   3.601892      96.56     1.6468     0.0345    71.5644 1.0000e-12    4.06042    34.8659    34.8448    27.1875    1484.28    1489.59 0.0000e+00
       4768    150.000     7.8729   3.603637     7.8742   3.601809      96.56     1.6477     0.0346    71.5424 1.0000e-12    4.06815    34.8669    34.8459    27.1886    1484.29    1489.56 0.0000e+00
       4795    151.000     7.8747   3.604255     7.8759   3.602359      96.56     1.6498     0.0319    71.5443 1.0000e-12    4.07761    34.8713    34.8497    27.1918    1484.32    1489.52 0.0000e+00
       4822    152.000     7.8723   3.604331     7.8737   3.602534      96.56     1.6510     0.0310    71.5577 1.0000e-12    4.08728    34.8740    34.8533    27.1943    1484.33    1489.49 0.0000e+00
       4849    153.000     7.8655   3.604083     7.8668   3.602269      96.56     1.6548     0.0325    71.5901 1.0000e-12    4.13766    34.8777    34.8568    27.1982    1484.32    1489.45 0.0000e+00
       4876    154.000     7.8599   3.603827     7.8613   3.602028      96.55     1.6614     0.0328    71.5923 1.0000e-12    4.17347    34.8800    34.8592    27.2008    1484.32    1489.42 0.0000e+00
       4903    155.000     7.8535   3.603540     7.8548   3.601739      96.56     1.6674     0.0319    71.6096 1.0000e-12    4.18185    34.8828    34.8621    27.2040    1484.32    1489.39 0.0000e+00
       4931    156.000     7.8503   3.603440     7.8516   3.601625      96.56     1.6717     0.0332    71.5871 1.0000e-12    4.17723    34.8844    34.8636    27.2058    1484.32    1489.36 0.0000e+00
       4958    157.000     7.8472   3.603297     7.8485   3.601488      96.56     1.6740     0.0340    71.6078 1.0000e-12    4.16688    34.8855    34.8647    27.2071    1484.33    1489.32 0.0000e+00
       4986    158.000     7.8443   3.603198     7.8457   3.601387      96.56     1.6754     0.0354    71.5937 1.0000e-12    4.17177    34.8869    34.8659    27.2085    1484.34    1489.29 0.0000e+00
       5013    159.000     7.8401   3.602985     7.8415   3.601186      96.55     1.6763     0.0338    71.5827 1.0000e-12    4.16401    34.8883    34.8675    27.2103    1484.34    1489.26 0.0000e+00
       5040    160.000     7.8334   3.602636     7.8348   3.600844      96.56     1.6763     0.0325    71.5703 1.0000e-12    4.16323    34.8907    34.8700    27.2132    1484.33    1489.23 0.0000e+00
       5067    161.000     7.8307   3.602586     7.8321   3.600784      96.56     1.6767     0.0334    71.5740 1.0000e-12    4.16451    34.8924    34.8716    27.2149    1484.34    1489.20 0.0000e+00
       5094    162.000     7.8265   3.602474     7.8279   3.600680      96.56     1.6760     0.0338    71.5559 1.0000e-12    4.15029    34.8949    34.8741    27.2175    1484.34    1489.17 0.0000e+00
