_data/ctd/2016/Sta0941_2016.cnv
* Sea-Bird SBE 9 Data File:
* FileName = C:\Seabird\CTDDATA\sta0941.hex
* Software Version Seasave V 7.21f
* Temperature SN = 5458
* Conductivity SN = 044221
* Number of Bytes Per Scan = 41
* Number of Voltage Words = 4
* Number of Scans Averaged by the Deck Unit = 1
* NMEA Latitude = 59 57.18 N
* NMEA Longitude = 005 47.33 E
* NMEA UTC (Time) = Sep 19 2016 06:10:14
** Ship: 01 F/F "Håkon Mosby"
** Station: 0941
** Echodepth: 429
** Log: 3194.182
** Wind-Dir Force: 19 02
** Air-temp (dry): 14.7
** Weather Sky: 1 3
** Sea Ice: 2 0
** UNIS station:
# nquan = 18                                
# nvalues = 418                         
# units = specified
# name 0 = scan: Scan Count
# name 1 = prDM: Pressure, Digiquartz [db]
# name 2 = t068C: Temperature [ITS-68, deg C]
# name 3 = c0S/m: Conductivity [S/m]
# name 4 = t168C: Temperature, 2 [ITS-68, deg C]
# name 5 = c1S/m: Conductivity, 2 [S/m]
# name 6 = altM: Altimeter [m]
# name 7 = sbeox0V: Oxygen raw, SBE 43 [V]
# name 8 = flC: Fluorescence, Chelsea Aqua 3 Chl Con [ug/l]
# name 9 = xmiss: Beam Transmission, Chelsea/Seatech [%]
# name 10 = par: PAR/Irradiance, Biospherical/Licor
# name 11 = sbeox0ML/L: Oxygen, SBE 43 [ml/l], WS = 2
# name 12 = sal00: Salinity, Practical [PSU]
# name 13 = sal11: Salinity, Practical, 2 [PSU]
# name 14 = sigma-t00: Density [sigma-t, Kg/m^3 ]
# name 15 = svCM: Sound Velocity [Chen-Millero, m/s]
# name 16 = avgsvCM: Average Sound Velocity [Chen-Millero, m/s], minP = 0, minS = 0
# name 17 = flag: flag
# span 0 =        445,      11901       
# span 1 =      3.000,    420.000       
# span 2 =     7.5024,    16.7418       
# span 3 =   2.235433,   3.916308       
# span 4 =     7.5036,    16.7411       
# span 5 =   2.235549,   3.915833       
# span 6 =     -35.75,      97.25       
# span 7 =     1.7682,     2.4871       
# span 8 =     0.0263,     1.0125       
# span 9 =    27.1527,    72.2813       
# span 10 = -6.171e-06, 3.7715e+01      
# span 11 =    4.68620,    6.39110      
# span 12 =    16.3028,    35.0250      
# span 13 =    16.3040,    35.0224      
# span 14 =    11.2735,    27.3673      
# span 15 =    1484.00,    1504.67      
# span 16 =    1487.57,    1501.96      
# span 17 = 0.0000e+00, 0.0000e+00      
# interval = decibars: 1                
# start_time = Sep 19 2016 06:10:15 [System UTC, first data scan.]
# bad_flag = -9.990e-29
*END*
[from data line 403]
      10304    406.000     7.5172   3.596674     7.5185   3.596530      95.84     1.7989     0.0563    70.4674 1.0000e-12    4.75411    35.0236    35.0208    27.3641    1487.34    1487.58 0.0000e+00
      10329    407.000     7.5166   3.596666     7.5179   3.596523      56.34     1.7969     0.0421    70.4726 1.0000e-12    4.77058    35.0237    35.0208    27.3642    1487.36    1487.58 0.0000e+00
      10355    408.000     7.5153   3.596605     7.5166   3.596465      96.14     1.7976     0.0383    70.4399 1.0000e-12    4.77628    35.0238    35.0210    27.3645    1487.37    1487.58 0.0000e+00
      10380    409.000     7.5144   3.596573     7.5157   3.596427      87.63     1.7970     0.0346    70.4283 1.0000e-12    4.75400    35.0239    35.0210    27.3647    1487.38    1487.57 0.0000e+00
      10405    410.000     7.5142   3.596588     7.5153   3.596435      68.32     1.7953     0.0339    70.3704 1.0000e-12    4.75845    35.0238    35.0210    27.3647    1487.40    1487.57 0.0000e+00
      10430    411.000     7.5138   3.596607     7.5151   3.596465      96.37     1.7945     0.0316    70.3525 1.0000e-12    4.74497    35.0239    35.0211    27.3648    1487.41    1487.57 0.0000e+00
      10455    412.000     7.5141   3.596680     7.5153   3.596524      81.00     1.7919     0.0332    70.3470 1.0000e-12    4.72095    35.0239    35.0210    27.3648    1487.43    1487.57 0.0000e+00
      10481    413.000     7.5141   3.596726     7.5154   3.596581      78.94     1.7904     0.0354    70.3390 1.0000e-12    4.75362    35.0239    35.0211    27.3648    1487.45    1487.57 0.0000e+00
      10506    414.000     7.5142   3.596783     7.5154   3.596631      96.46     1.7904     0.0358    70.3321 1.0000e-12    4.74337    35.0240    35.0211    27.3648    1487.46    1487.57 0.0000e+00
      10532    415.000     7.5141   3.596811     7.5154   3.596676      73.58     1.7889     0.0330    70.3162 1.0000e-12    4.73580    35.0239    35.0211    27.3648    1487.48    1487.57 0.0000e+00
      10558    416.000     7.5136   3.596814     7.5149   3.596684      90.37     1.7897     0.0318    70.2962 1.0000e-12    4.76527    35.0239    35.0212    27.3649    1487.49    1487.57 0.0000e+00
      10585    417.000     7.5115   3.596684     7.5122   3.596515      68.96     1.7893     0.0317    70.2968 1.0000e-12    4.73304    35.0242    35.0216    27.3653    1487.50    1487.57 0.0000e+00
      10612    418.000     7.5086   3.596480     7.5099   3.596359      57.97     1.7885     0.0343    70.2664 1.0000e-12    4.75233    35.0244    35.0218    27.3659    1487.51    1487.57 0.0000e+00
      10639    419.000     7.5069   3.596375     7.5083   3.596261      96.15     1.7884     0.0332    70.2163 1.0000e-12    4.73881    35.0245    35.0218    27.3662    1487.52    1487.57 0.0000e+00
      11901    420.000     7.5024   3.596053     7.5036   3.595926     -35.75     1.7682     0.0387    70.0450 1.0000e-12    4.68620    35.0250    35.0224    27.3673    1487.52    1487.57 0.0000e+00
