_data/ctd/2016/Sta0943_2016.cnv
* Sea-Bird SBE 9 Data File:
* FileName = C:\Seabird\CTDDATA\sta0943.hex
* Software Version Seasave V 7.21f
* Temperature SN = 5458
* Conductivity SN = 044221
* Number of Bytes Per Scan = 41
* Number of Voltage Words = 4
* Number of Scans Averaged by the Deck Unit = 1
* NMEA Latitude = 60 50.22 N
* NMEA Longitude = 004 59.75 E
* NMEA UTC (Time) = Sep 20 2016 00:16:06
** Ship: 01 F/F "Håkon Mosby"
** Station: 0943
** Echodepth: 357
** Log: 3285.3
** Wind-Dir Force: 03 01
** Air-temp (dry): 13
** Weather Sky: 2 9
** Sea Ice: 2 0
** UNIS station:
# nquan = 18                                
# nvalues = 344                         
# units = specified
# name 0 = scan: Scan Count
# name 1 = prDM: Pressure, Digiquartz [db]
# name 2 = t068C: Temperature [ITS-68, deg C]
# name 3 = c0S/m: Conductivity [S/m]
# name 4 = t168C: Temperature, 2 [ITS-68, deg C]
# name 5 = c1S/m: Conductivity, 2 [S/m]
# name 6 = altM: Altimeter [m]
# name 7 = sbeox0V: Oxygen raw, SBE 43 [V]
# name 8 = flC: Fluorescence, Chelsea Aqua 3 Chl Con [ug/l]
# name 9 = xmiss: Beam Transmission, Chelsea/Seatech [%]
# name 10 = par: PAR/Irradiance, Biospherical/Licor
# name 11 = sbeox0ML/L: Oxygen, SBE 43 [ml/l], WS = 2
# name 12 = sal00: Salinity, Practical [PSU]
# name 13 = sal11: Salinity, Practical, 2 [PSU]
# name 14 = sigma-t00: Density [sigma-t, Kg/m^3 ]
# name 15 = svCM: Sound Velocity [Chen-Millero, m/s]
# name 16 = avgsvCM: Average Sound Velocity [Chen-Millero, m/s], minP = 0, minS = 0
# name 17 = flag: flag
# span 0 =        404,       8594       
# span 1 =      3.000,    346.000       
# span 2 =     7.7658,    15.9636       
# span 3 =   3.349345,   3.927780       
# span 4 =     7.7672,    16.0463       
# span 5 =   3.364749,   3.928771       
# span 6 =      18.29,      98.02       
# span 7 =     1.9061,     2.3704       
# span 8 =     0.0264,     0.8404       
# span 9 =    63.7287,    71.9139       
# span 10 = -5.836e-05, 2.5942e-01      
# span 11 =    4.91640,    5.74022      
# span 12 =    25.9250,    35.1271      
# span 13 =    26.0029,    35.1286      
# span 14 =    18.7892,    27.4088      
# span 15 =    1484.12,    1505.12      
# span 16 =    1488.72,    1503.67      
# span 17 = 0.0000e+00, 0.0000e+00      
# interval = decibars: 1                
# start_time = Sep 20 2016 00:16:08 [System UTC, first data scan.]
# bad_flag = -9.990e-29
*END*
[from data line 161]
       4361    164.000     7.9137   3.620229     7.9148   3.620454      85.40     2.0263     0.0391    71.2737 1.0000e-12    5.40493    34.9980    34.9993    27.2855    1484.83    1491.58 0.0000e+00
       4386    165.000     7.9114   3.620235     7.9125   3.620479      96.49     2.0280     0.0389    71.2902 1.0000e-12    5.41701    34.9999    35.0014    27.2874    1484.85    1491.54 0.0000e+00
       4410    166.000     7.9104   3.620256     7.9116   3.620485      96.55     2.0279     0.0372    71.3166 1.0000e-12    5.40999    35.0006    35.0019    27.2881    1484.86    1491.50 0.0000e+00
       4435    167.000     7.9100   3.620297     7.9113   3.620539      89.10     2.0283     0.0358    71.3040 1.0000e-12    5.42370    35.0010    35.0023    27.2884    1484.87    1491.46 0.0000e+00
       4458    168.000     7.9093   3.620335     7.9104   3.620565      96.58     2.0303     0.0340    71.2885 1.0000e-12    5.43898    35.0016    35.0030    27.2890    1484.89    1491.42 0.0000e+00
       4482    169.000     7.9077   3.620396     7.9088   3.620634      96.56     2.0315     0.0350    71.2835 1.0000e-12    5.42621    35.0034    35.0048    27.2907    1484.90    1491.38 0.0000e+00
       4506    170.000     7.9068   3.620474     7.9079   3.620707      92.24     2.0309     0.0367    71.3019 1.0000e-12    5.42196    35.0046    35.0060    27.2918    1484.92    1491.35 0.0000e+00
       4530    171.000     7.9052   3.620583     7.9064   3.620819      95.88     2.0317     0.0402    70.6954 1.0000e-12    5.42891    35.0069    35.0082    27.2938    1484.93    1491.31 0.0000e+00
       4556    172.000     7.9043   3.620843     7.9054   3.621033      96.19     2.0317     0.0394    71.2676 1.0000e-12    5.42654    35.0101    35.0111    27.2965    1484.95    1491.27 0.0000e+00
       4581    173.000     7.9062   3.621525     7.9074   3.621740      96.56     2.0318     0.0364    71.3408 1.0000e-12    5.43390    35.0151    35.0162    27.3001    1484.98    1491.24 0.0000e+00
       4605    174.000     7.9117   3.622420     7.9125   3.622524      96.56     2.0332     0.0394    71.3211 1.0000e-12    5.44753    35.0187    35.0190    27.3021    1485.02    1491.20 0.0000e+00
       4629    175.000     7.9167   3.623143     7.9177   3.623298      96.56     2.0342     0.0402    71.3363 1.0000e-12    5.44648    35.0210    35.0217    27.3032    1485.06    1491.16 0.0000e+00
       4654    176.000     7.9182   3.623481     7.9192   3.623699      96.55     2.0353     0.0403    71.3524 1.0000e-12    5.45326    35.0226    35.0240    27.3042    1485.08    1491.13 0.0000e+00
       4679    177.000     7.9176   3.623556     7.9189   3.623788      96.55     2.0365     0.0386    71.3634 1.0000e-12    5.45288    35.0236    35.0248    27.3050    1485.10    1491.10 0.0000e+00
       4703    178.000     7.9278   3.625235     7.9289   3.625321      96.55     2.0367     0.0385    71.3961 1.0000e-12    5.44443    35.0309    35.0307    27.3093    1485.16    1491.06 0.0000e+00
       4729    179.000     7.9322   3.625892     7.9333   3.626158      96.55     2.0367     0.0366    71.3965 1.0000e-12    5.44080    35.0331    35.0349    27.3104    1485.20    1491.03 0.0000e+00
       4756    180.000     7.9448   3.627487     7.9465   3.627639      96.56     2.0360     0.0357    71.4167 1.0000e-12    5.43767    35.0372    35.0371    27.3117    1485.26    1491.00 0.0000e+00
       4782    181.000     7.9564   3.629027     7.9579   3.629149      96.56     2.0366     0.0349    71.4399 1.0000e-12    5.44785    35.0416    35.0414    27.3134    1485.33    1490.97 0.0000e+00
       4806    182.000     7.9750   3.631262     7.9766   3.631220      96.55     2.0368     0.0377    71.4770 1.0000e-12    5.44025    35.0465    35.0445    27.3145    1485.42    1490.93 0.0000e+00
       4829    183.000     8.0109   3.635449     8.0118   3.635453      96.55     2.0367     0.0361    71.5040 1.0000e-12    5.43511    35.0551    35.0542    27.3158    1485.59    1490.91 0.0000e+00
       4853    184.000     8.0237   3.636994     8.0248   3.637199      96.55     2.0366     0.0351    71.5186 1.0000e-12    5.42639    35.0584    35.0595    27.3165    1485.65    1490.88 0.0000e+00
       4876    185.000     8.0148   3.636121     8.0158   3.636472      96.55     2.0351     0.0360    71.5275 1.0000e-12    5.39726    35.0574    35.0602    27.3171    1485.64    1490.85 0.0000e+00
       4900    186.000     8.0062   3.635274     8.0070   3.635552      96.55     2.0314     0.0334    71.5422 1.0000e-12    5.37299    35.0565    35.0586    27.3176    1485.62    1490.82 0.0000e+00
       4926    187.000     7.9948   3.634098     7.9957   3.634395      96.56     2.0277     0.0318    71.5348 1.0000e-12    5.37497    35.0547    35.0570    27.3180    1485.59    1490.79 0.0000e+00
       4952    188.000     7.9886   3.633471     7.9895   3.633730      96.55     2.0254     0.0348    71.5453 1.0000e-12    5.38407    35.0537    35.0556    27.3181    1485.58    1490.76 0.0000e+00
       4978    189.000     7.9886   3.633541     7.9897   3.633786      96.55     2.0245     0.0353    71.5607 1.0000e-12    5.39516    35.0540    35.0555    27.3183    1485.60    1490.74 0.0000e+00
       5004    190.000     7.9898   3.633760     7.9908   3.633986      96.55     2.0245     0.0362    71.5629 1.0000e-12    5.39632    35.0547    35.0561    27.3187    1485.62    1490.71 0.0000e+00
       5029    191.000     7.9920   3.634164     7.9933   3.634395      96.55     2.0237     0.0363    71.5383 1.0000e-12    5.38783    35.0563    35.0575    27.3196    1485.65    1490.68 0.0000e+00
       5053    192.000     7.9793   3.632979     7.9791   3.633253      96.56     2.0234     0.0333    71.5411 1.0000e-12    5.40061    35.0558    35.0590    27.3211    1485.62    1490.66 0.0000e+00
       5078    193.000     7.9717   3.632216     7.9723   3.632432      96.56     2.0240     0.0320    71.5690 1.0000e-12    5.41254    35.0547    35.0565    27.3214    1485.60    1490.63 0.0000e+00
       5103    194.000     7.9676   3.632033     7.9689   3.632305      96.55     2.0251     0.0338    71.5370 1.0000e-12    5.42740    35.0564    35.0580    27.3234    1485.60    1490.60 0.0000e+00
       5128    195.000     7.9676   3.632138     7.9694   3.632470      96.55     2.0272     0.0367    71.5307 1.0000e-12    5.43396    35.0570    35.0588    27.3239    1485.62    1490.58 0.0000e+00
       5153    196.000     7.9676   3.632247     7.9687   3.632514      96.55     2.0282     0.0358    71.5657 1.0000e-12    5.42543    35.0577    35.0595    27.3244    1485.64    1490.55 0.0000e+00
       5177    197.000     7.9659   3.632180     7.9671   3.632414      96.55     2.0282     0.0349    71.5403 1.0000e-12    5.42081    35.0582    35.0595    27.3250    1485.65    1490.53 0.0000e+00
       5202    198.000     7.9697   3.632741     7.9705   3.632958      96.55     2.0282     0.0349    71.5751 1.0000e-12    5.41903    35.0599    35.0615    27.3258    1485.68    1490.50 0.0000e+00
       5226    199.000     7.9713   3.633004     7.9722   3.633221      48.10     2.0276     0.0356    71.5836 1.0000e-12    5.41797    35.0607    35.0621    27.3262    1485.71    1490.48 0.0000e+00
       5249    200.000     7.9708   3.633049     7.9721   3.633386      79.94     2.0287     0.0375    71.5927 1.0000e-12    5.44199    35.0612    35.0635    27.3266    1485.72    1490.46 0.0000e+00
       5271    201.000     7.9504   3.631092     7.9513   3.631545      96.51     2.0296     0.0382    71.6024 1.0000e-12    5.43696    35.0601    35.0641    27.3288    1485.66    1490.43 0.0000e+00
       5293    202.000     7.9432   3.630615     7.9443   3.630862      70.00     2.0299     0.0368    71.5924 1.0000e-12    5.42929    35.0617    35.0632    27.3312    1485.65    1490.41 0.0000e+00
       5314    203.000     7.9386   3.630449     7.9398   3.630779      55.13     2.0297     0.0344    71.5984 1.0000e-12    5.45715    35.0640    35.0664    27.3337    1485.65    1490.39 0.0000e+00
       5335    204.000     7.9222   3.628953     7.9234   3.629389      96.19     2.0324     0.0329    71.6131 1.0000e-12    5.47893    35.0639    35.0674    27.3360    1485.61    1490.36 0.0000e+00
       5356    205.000     7.9055   3.627357     7.9066   3.627711      96.55     2.0345     0.0346    71.6132 1.0000e-12    5.47113    35.0630    35.0657    27.3378    1485.56    1490.34 0.0000e+00
       5377    206.000     7.9035   3.627364     7.9047   3.627577      35.29     2.0344     0.0339    71.6217 1.0000e-12    5.47972    35.0645    35.0656    27.3394    1485.57    1490.31 0.0000e+00
       5398    207.000     7.9051   3.627651     7.9064   3.627937      95.96     2.0377     0.0332    71.6073 1.0000e-12    5.50231    35.0655    35.0673    27.3399    1485.59    1490.29 0.0000e+00
       5420    208.000     7.8997   3.627167     7.9007   3.627455      96.55     2.0394     0.0343    71.6257 1.0000e-12    5.49967    35.0653    35.0674    27.3405    1485.59    1490.27 0.0000e+00
       5443    209.000     7.8958   3.626855     7.8971   3.627111      55.91     2.0407     0.0350    71.6023 1.0000e-12    5.50517    35.0653    35.0668    27.3411    1485.59    1490.25 0.0000e+00
       5467    210.000     7.9042   3.627927     7.9054   3.628030      89.33     2.0436     0.0348    71.6005 1.0000e-12    5.52598    35.0680    35.0679    27.3419    1485.64    1490.22 0.0000e+00
       5491    211.000     7.9122   3.629087     7.9133   3.629325      96.63     2.0453     0.0335    71.6462 1.0000e-12    5.50895    35.0719    35.0734    27.3439    1485.69    1490.20 0.0000e+00
       5516    212.000     7.9132   3.629485     7.9144   3.629690      59.60     2.0451     0.0333    71.6462 1.0000e-12    5.49745    35.0747    35.0757    27.3459    1485.72    1490.18 0.0000e+00
       5538    213.000     7.9158   3.629869     7.9170   3.630097      89.46     2.0463     0.0349    71.6659 1.0000e-12    5.51738    35.0758    35.0770    27.3464    1485.75    1490.16 0.0000e+00
       5560    214.000     7.9184   3.630283     7.9196   3.630514      96.50     2.0466     0.0337    71.6711 1.0000e-12    5.50509    35.0771    35.0784    27.3470    1485.77    1490.14 0.0000e+00
       5581    215.000     7.9057   3.629139     7.9071   3.629631      81.65     2.0463     0.0335    71.6528 1.0000e-12    5.48902    35.0771    35.0810    27.3489    1485.74    1490.12 0.0000e+00
       5602    216.000     7.8958   3.628165     7.8970   3.628450      70.69     2.0448     0.0306    71.4866 1.0000e-12    5.49464    35.0760    35.0779    27.3495    1485.72    1490.10 0.0000e+00
       5624    217.000     7.8844   3.626999     7.8855   3.627474      96.32     2.0446     0.0323    71.6504 1.0000e-12    5.49557    35.0744    35.0784    27.3500    1485.69    1490.08 0.0000e+00
       5647    218.000     7.8669   3.625320     7.8689   3.625741      93.65     2.0440     0.0359    71.6696 1.0000e-12    5.49565    35.0734    35.0759    27.3518    1485.64    1490.06 0.0000e+00
       5672    219.000     7.8587   3.624775     7.8596   3.625043      69.02     2.0437     0.0336    71.6727 1.0000e-12    5.52711    35.0753    35.0773    27.3545    1485.63    1490.04 0.0000e+00
       5697    220.000     7.8561   3.624557     7.8568   3.624821      96.02     2.0468     0.0329    71.6341 1.0000e-12    5.54715    35.0750    35.0772    27.3547    1485.63    1490.02 0.0000e+00
       5721    221.000     7.8503   3.624006     7.8517   3.624323      90.25     2.0487     0.0344    71.6300 1.0000e-12    5.54116    35.0744    35.0764    27.3551    1485.63    1490.00 0.0000e+00
       5745    222.000     7.8474   3.623740     7.8496   3.624130      71.38     2.0497     0.0334    71.6283 1.0000e-12    5.55948    35.0740    35.0760    27.3552    1485.63    1489.98 0.0000e+00
       5767    223.000     7.8427   3.623319     7.8438   3.623615      96.61     2.0524     0.0332    71.6342 1.0000e-12    5.56032    35.0737    35.0758    27.3556    1485.63    1489.96 0.0000e+00
       5788    224.000     7.8282   3.621965     7.8258   3.622071      96.55     2.0527     0.0340    71.6319 1.0000e-12    5.53777    35.0731    35.0767    27.3574    1485.59    1489.94 0.0000e+00
       5810    225.000     7.8165   3.620963     7.8175   3.621217      71.04     2.0515     0.0344    71.5736 1.0000e-12    5.54536    35.0736    35.0753    27.3594    1485.56    1489.92 0.0000e+00
       5834    226.000     7.8139   3.620839     7.8143   3.621084      96.76     2.0531     0.0351    71.5891 1.0000e-12    5.56664    35.0744    35.0766    27.3604    1485.57    1489.90 0.0000e+00
       5858    227.000     7.8110   3.620676     7.8120   3.620931      96.55     2.0539     0.0339    71.6097 1.0000e-12    5.55617    35.0751    35.0768    27.3614    1485.58    1489.88 0.0000e+00
       5881    228.000     7.8106   3.620691     7.8120   3.620976      77.12     2.0538     0.0312    71.5912 1.0000e-12    5.57728    35.0751    35.0768    27.3615    1485.59    1489.86 0.0000e+00
       5904    229.000     7.8105   3.620740     7.8117   3.621002      96.76     2.0574     0.0306    71.5767 1.0000e-12    5.60393    35.0753    35.0769    27.3616    1485.61    1489.84 0.0000e+00
       5927    230.000     7.8107   3.620801     7.8118   3.621065      96.55     2.0588     0.0319    71.5768 1.0000e-12    5.58351    35.0752    35.0770    27.3616    1485.63    1489.83 0.0000e+00
       5949    231.000     7.8114   3.620903     7.8125   3.621158      83.25     2.0589     0.0344    71.5742 1.0000e-12    5.58174    35.0751    35.0768    27.3614    1485.65    1489.81 0.0000e+00
       5972    232.000     7.8103   3.620883     7.8116   3.621158      95.25     2.0602     0.0359    71.5836 1.0000e-12    5.59369    35.0756    35.0772    27.3619    1485.66    1489.79 0.0000e+00
       5995    233.000     7.8101   3.620926     7.8113   3.621195      96.56     2.0606     0.0333    71.5745 1.0000e-12    5.58100    35.0757    35.0774    27.3621    1485.67    1489.77 0.0000e+00
       6019    234.000     7.8097   3.620947     7.8110   3.621221      89.68     2.0598     0.0343    71.5750 1.0000e-12    5.57385    35.0759    35.0775    27.3622    1485.69    1489.75 0.0000e+00
       6043    235.000     7.8099   3.621009     7.8109   3.621269      94.56     2.0603     0.0367    71.5848 1.0000e-12    5.59018    35.0759    35.0777    27.3622    1485.71    1489.74 0.0000e+00
       6067    236.000     7.8094   3.621035     7.8109   3.621315      96.59     2.0602     0.0351    71.5891 1.0000e-12    5.57566    35.0761    35.0777    27.3625    1485.72    1489.72 0.0000e+00
       6090    237.000     7.8088   3.621053     7.8101   3.621315      92.56     2.0595     0.0373    71.5926 1.0000e-12    5.57764    35.0765    35.0780    27.3628    1485.74    1489.70 0.0000e+00
       6113    238.000     7.8080   3.621061     7.8093   3.621318      94.76     2.0599     0.0368    71.5948 1.0000e-12    5.59075    35.0769    35.0783    27.3633    1485.75    1489.69 0.0000e+00
       6135    239.000     7.8082   3.621112     7.8094   3.621381      96.54     2.0603     0.0364    71.5989 1.0000e-12    5.58639    35.0767    35.0784    27.3631    1485.77    1489.67 0.0000e+00
       6158    240.000     7.8069   3.621111     7.8086   3.621400      96.31     2.0599     0.0343    71.5914 1.0000e-12    5.57355    35.0775    35.0789    27.3640    1485.78    1489.65 0.0000e+00
       6181    241.000     7.8070   3.621165     7.8082   3.621427      96.15     2.0588     0.0327    71.6029 1.0000e-12    5.57552    35.0775    35.0791    27.3639    1485.80    1489.64 0.0000e+00
       6204    242.000     7.8057   3.621166     7.8071   3.621436      96.40     2.0588     0.0315    71.6048 1.0000e-12    5.58365    35.0784    35.0799    27.3648    1485.81    1489.62 0.0000e+00
       6226    243.000     7.8056   3.621219     7.8069   3.621484      96.56     2.0590     0.0343    71.5868 1.0000e-12    5.59239    35.0785    35.0801    27.3649    1485.83    1489.61 0.0000e+00
