_data/ctd/2016/Sta0944_2016.cnv
* Sea-Bird SBE 9 Data File:
* FileName = C:\Seabird\CTDDATA\sta0944.hex
* Software Version Seasave V 7.21f
* Temperature SN = 5458
* Conductivity SN = 044221
* Number of Bytes Per Scan = 41
* Number of Voltage Words = 4
* Number of Scans Averaged by the Deck Unit = 1
* NMEA Latitude = 60 45.82 N
* NMEA Longitude = 005 14.22 E
* NMEA UTC (Time) = Sep 20 2016 01:24:09
** Ship: 01 F/F "Håkon Mosby"
** Station: 0944
** Echodepth: 508
** Log: 3292,1
** Wind-Dir Force: 02 02
** Air-temp (dry): 13
** Weather Sky: 2 9
** Sea Ice: 2 0
** UNIS station:
# nquan = 18                                
# nvalues = 450                         
# units = specified
# name 0 = scan: Scan Count
# name 1 = prDM: Pressure, Digiquartz [db]
# name 2 = t068C: Temperature [ITS-68, deg C]
# name 3 = c0S/m: Conductivity [S/m]
# name 4 = t168C: Temperature, 2 [ITS-68, deg C]
# name 5 = c1S/m: Conductivity, 2 [S/m]
# name 6 = altM: Altimeter [m]
# name 7 = sbeox0V: Oxygen raw, SBE 43 [V]
# name 8 = flC: Fluorescence, Chelsea Aqua 3 Chl Con [ug/l]
# name 9 = xmiss: Beam Transmission, Chelsea/Seatech [%]
# name 10 = par: PAR/Irradiance, Biospherical/Licor
# name 11 = sbeox0ML/L: Oxygen, SBE 43 [ml/l], WS = 2
# name 12 = sal00: Salinity, Practical [PSU]
# name 13 = sal11: Salinity, Practical, 2 [PSU]
# name 14 = sigma-t00: Density [sigma-t, Kg/m^3 ]
# name 15 = svCM: Sound Velocity [Chen-Millero, m/s]
# name 16 = avgsvCM: Average Sound Velocity [Chen-Millero, m/s], minP = 0, minS = 0
# name 17 = flag: flag
# span 0 =        578,      10221       
# span 1 =      3.000,    452.000       
# span 2 =     7.7142,    15.7116       
# span 3 =   3.585001,   3.902324       
# span 4 =     7.7162,    15.7207       
# span 5 =   3.584864,   3.902039       
# span 6 =      32.03,      97.35       
# span 7 =     1.8848,     2.3646       
# span 8 =     0.0258,     1.0810       
# span 9 =    64.2289,    71.9800       
# span 10 = 1.0000e-12, 2.7446e-01      
# span 11 =    4.83068,    5.68148      
# span 12 =    28.8518,    35.1519      
# span 13 =    28.8020,    35.1536      
# span 14 =    21.0896,    27.4362      
# span 15 =    1484.31,    1504.35      
# span 16 =    1488.64,    1503.01      
# span 17 = 0.0000e+00, 0.0000e+00      
# interval = decibars: 1                
# start_time = Sep 20 2016 01:24:11 [System UTC, first data scan.]
# bad_flag = -9.990e-29
*END*
[from data line 322]
       7605    325.000     7.9032   3.639297     7.9041   3.639541      96.56     2.0149     0.0312    71.7497 1.0000e-12    5.45747    35.1355    35.1373    27.3952    1487.62    1488.82 0.0000e+00
       7624    326.000     7.9003   3.639081     7.9017   3.639377      96.56     2.0142     0.0300    71.7482 1.0000e-12    5.45567    35.1356    35.1374    27.3957    1487.62    1488.81 0.0000e+00
       7645    327.000     7.8996   3.639073     7.9010   3.639366      96.56     2.0137     0.0316    71.7247 1.0000e-12    5.45932    35.1358    35.1375    27.3959    1487.64    1488.81 0.0000e+00
       7665    328.000     7.8980   3.638987     7.8991   3.639245      96.56     2.0133     0.0337    71.7209 1.0000e-12    5.45424    35.1360    35.1376    27.3963    1487.65    1488.80 0.0000e+00
       7685    329.000     7.8966   3.638904     7.8979   3.639182      96.56     2.0125     0.0337    71.7644 1.0000e-12    5.44953    35.1360    35.1377    27.3966    1487.66    1488.80 0.0000e+00
       7706    330.000     7.8916   3.638513     7.8933   3.638901      96.55     2.0114     0.0326    71.7378 1.0000e-12    5.43640    35.1363    35.1388    27.3976    1487.66    1488.80 0.0000e+00
       7726    331.000     7.8826   3.637747     7.8844   3.638130      36.19     2.0094     0.0342    71.7326 1.0000e-12    5.43723    35.1366    35.1389    27.3991    1487.64    1488.79 0.0000e+00
       7747    332.000     7.8797   3.637500     7.8812   3.637798      77.49     2.0095     0.0337    71.7665 1.0000e-12    5.46003    35.1364    35.1381    27.3994    1487.64    1488.79 0.0000e+00
       7768    333.000     7.8777   3.637353     7.8797   3.637743      96.61     2.0094     0.0351    71.7624 1.0000e-12    5.44762    35.1363    35.1385    27.3996    1487.65    1488.79 0.0000e+00
       7788    334.000     7.8733   3.637044     7.8746   3.637360      88.83     2.0085     0.0336    71.7762 1.0000e-12    5.42989    35.1370    35.1390    27.4008    1487.65    1488.78 0.0000e+00
       7809    335.000     7.8734   3.637117     7.8748   3.637392      45.69     2.0065     0.0323    71.7702 1.0000e-12    5.44315    35.1372    35.1387    27.4009    1487.67    1488.78 0.0000e+00
       7829    336.000     7.8739   3.637202     7.8753   3.637487      97.25     2.0076     0.0342    71.7662 1.0000e-12    5.45771    35.1371    35.1387    27.4008    1487.69    1488.78 0.0000e+00
       7850    337.000     7.8737   3.637249     7.8751   3.637525      96.56     2.0071     0.0350    71.7712 1.0000e-12    5.43107    35.1373    35.1389    27.4010    1487.70    1488.77 0.0000e+00
       7871    338.000     7.8732   3.637267     7.8746   3.637553      78.23     2.0049     0.0314    71.7937 1.0000e-12    5.42690    35.1375    35.1392    27.4012    1487.72    1488.77 0.0000e+00
       7891    339.000     7.8726   3.637260     7.8738   3.637535      89.76     2.0052     0.0306    71.7736 1.0000e-12    5.45177    35.1376    35.1393    27.4014    1487.73    1488.77 0.0000e+00
       7911    340.000     7.8714   3.637196     7.8726   3.637519      96.46     2.0053     0.0305    71.7843 1.0000e-12    5.44677    35.1376    35.1399    27.4016    1487.75    1488.76 0.0000e+00
       7932    341.000     7.8665   3.636807     7.8679   3.637108      96.56     2.0052     0.0312    71.8013 1.0000e-12    5.44305    35.1378    35.1397    27.4025    1487.74    1488.76 0.0000e+00
       7952    342.000     7.8654   3.636734     7.8668   3.637025      96.25     2.0046     0.0315    71.7828 1.0000e-12    5.43281    35.1377    35.1394    27.4025    1487.76    1488.76 0.0000e+00
       7972    343.000     7.8609   3.636388     7.8618   3.636715      96.55     2.0035     0.0319    71.7909 1.0000e-12    5.42855    35.1380    35.1406    27.4034    1487.76    1488.76 0.0000e+00
       7992    344.000     7.8557   3.636038     7.8573   3.636329      96.56     2.0027     0.0334    71.7883 1.0000e-12    5.43643    35.1390    35.1405    27.4050    1487.75    1488.75 0.0000e+00
       8013    345.000     7.8556   3.636092     7.8570   3.636373      96.56     2.0026     0.0331    71.7752 1.0000e-12    5.44103    35.1392    35.1408    27.4052    1487.77    1488.75 0.0000e+00
       8033    346.000     7.8551   3.636099     7.8567   3.636409      96.56     2.0024     0.0329    71.7563 1.0000e-12    5.43866    35.1392    35.1410    27.4053    1487.78    1488.75 0.0000e+00
       8053    347.000     7.8534   3.635967     7.8553   3.636361      96.55     2.0020     0.0327    71.7326 1.0000e-12    5.43578    35.1390    35.1414    27.4054    1487.79    1488.74 0.0000e+00
       8074    348.000     7.8492   3.635599     7.8506   3.635920      96.56     2.0016     0.0336    71.7768 1.0000e-12    5.43402    35.1388    35.1409    27.4058    1487.79    1488.74 0.0000e+00
       8094    349.000     7.8475   3.635519     7.8488   3.635835      96.56     2.0008     0.0310    71.7843 1.0000e-12    5.41912    35.1392    35.1413    27.4064    1487.80    1488.74 0.0000e+00
       8114    350.000     7.8415   3.635086     7.8430   3.635395      56.29     1.9988     0.0333    71.7637 1.0000e-12    5.41939    35.1401    35.1419    27.4080    1487.80    1488.74 0.0000e+00
       8135    351.000     7.8411   3.635099     7.8424   3.635393      79.12     1.9994     0.0310    71.7675 1.0000e-12    5.44552    35.1401    35.1420    27.4081    1487.81    1488.73 0.0000e+00
       8155    352.000     7.8411   3.635142     7.8425   3.635424      96.41     1.9993     0.0283    71.7689 1.0000e-12    5.43367    35.1401    35.1417    27.4081    1487.83    1488.73 0.0000e+00
       8175    353.000     7.8386   3.634929     7.8404   3.635300      96.56     1.9992     0.0266    71.7728 1.0000e-12    5.42939    35.1398    35.1420    27.4082    1487.84    1488.73 0.0000e+00
       8196    354.000     7.8368   3.634804     7.8382   3.635081      96.56     1.9981     0.0273    71.7415 1.0000e-12    5.42504    35.1398    35.1414    27.4085    1487.85    1488.73 0.0000e+00
       8216    355.000     7.8358   3.634733     7.8373   3.635019      96.56     1.9978     0.0287    71.7771 1.0000e-12    5.42635    35.1396    35.1411    27.4084    1487.86    1488.72 0.0000e+00
       8236    356.000     7.8364   3.634856     7.8377   3.635142      96.56     1.9970     0.0307    71.7673 1.0000e-12    5.42251    35.1398    35.1416    27.4085    1487.88    1488.72 0.0000e+00
       8257    357.000     7.8336   3.634649     7.8350   3.634959      96.55     1.9966     0.0288    71.7518 1.0000e-12    5.42924    35.1399    35.1418    27.4090    1487.88    1488.72 0.0000e+00
       8277    358.000     7.8306   3.634410     7.8320   3.634718      96.55     1.9965     0.0276    71.8010 1.0000e-12    5.42886    35.1399    35.1418    27.4094    1487.89    1488.72 0.0000e+00
       8297    359.000     7.8282   3.634258     7.8296   3.634559      96.55     1.9962     0.0266    71.7818 1.0000e-12    5.42741    35.1401    35.1420    27.4100    1487.90    1488.71 0.0000e+00
       8318    360.000     7.8265   3.634166     7.8278   3.634459      96.56     1.9957     0.0258    71.7831 1.0000e-12    5.42202    35.1404    35.1422    27.4105    1487.91    1488.71 0.0000e+00
       8338    361.000     7.8240   3.634000     7.8255   3.634323      96.56     1.9949     0.0279    71.8118 1.0000e-12    5.41509    35.1406    35.1426    27.4110    1487.92    1488.71 0.0000e+00
       8358    362.000     7.8217   3.633867     7.8231   3.634165      96.56     1.9939     0.0306    71.7786 1.0000e-12    5.41302    35.1410    35.1428    27.4117    1487.92    1488.71 0.0000e+00
       8378    363.000     7.8204   3.633817     7.8218   3.634117      96.55     1.9930     0.0305    71.7677 1.0000e-12    5.41802    35.1413    35.1431    27.4121    1487.94    1488.71 0.0000e+00
       8399    364.000     7.8198   3.633820     7.8212   3.634108      96.56     1.9930     0.0307    71.7990 1.0000e-12    5.41686    35.1415    35.1431    27.4123    1487.95    1488.70 0.0000e+00
       8419    365.000     7.8196   3.633850     7.8211   3.634145      96.56     1.9918     0.0342    71.8057 1.0000e-12    5.41316    35.1415    35.1432    27.4124    1487.97    1488.70 0.0000e+00
       8440    366.000     7.8185   3.633808     7.8199   3.634124      96.56     1.9918     0.0366    71.7898 1.0000e-12    5.42226    35.1417    35.1437    27.4126    1487.98    1488.70 0.0000e+00
       8460    367.000     7.8140   3.633502     7.8153   3.633802      96.56     1.9918     0.0352    71.8075 1.0000e-12    5.42410    35.1424    35.1443    27.4139    1487.98    1488.70 0.0000e+00
       8481    368.000     7.8112   3.633314     7.8126   3.633610      96.56     1.9918     0.0347    71.7923 1.0000e-12    5.42551    35.1427    35.1445    27.4146    1487.98    1488.70 0.0000e+00
       8501    369.000     7.8084   3.633127     7.8098   3.633450      96.56     1.9919     0.0345    71.7717 1.0000e-12    5.42695    35.1430    35.1451    27.4152    1487.99    1488.69 0.0000e+00
       8522    370.000     7.8047   3.632852     7.8061   3.633147      96.55     1.9919     0.0341    71.8040 1.0000e-12    5.42708    35.1433    35.1451    27.4160    1487.99    1488.69 0.0000e+00
       8542    371.000     7.8022   3.632714     7.8037   3.633025      96.56     1.9917     0.0327    71.8120 1.0000e-12    5.42711    35.1438    35.1457    27.4168    1488.00    1488.69 0.0000e+00
       8563    372.000     7.8015   3.632705     7.8030   3.633014      96.55     1.9918     0.0335    71.7960 1.0000e-12    5.42406    35.1440    35.1458    27.4170    1488.02    1488.69 0.0000e+00
       8583    373.000     7.8015   3.632765     7.8030   3.633065      63.94     1.9911     0.0349    71.7986 1.0000e-12    5.44784    35.1441    35.1458    27.4171    1488.03    1488.69 0.0000e+00
       8603    374.000     7.8009   3.632777     7.8023   3.633073      96.59     1.9943     0.0336    71.8086 1.0000e-12    5.47611    35.1444    35.1462    27.4174    1488.05    1488.68 0.0000e+00
       8623    375.000     7.8001   3.632762     7.8016   3.633054      96.56     1.9955     0.0308    71.8209 1.0000e-12    5.45992    35.1445    35.1462    27.4176    1488.06    1488.68 0.0000e+00
       8643    376.000     7.7983   3.632657     7.7997   3.632973      88.71     1.9962     0.0303    71.7851 1.0000e-12    5.45395    35.1447    35.1467    27.4181    1488.07    1488.68 0.0000e+00
       8663    377.000     7.7960   3.632524     7.7973   3.632807      81.84     1.9966     0.0317    71.8143 1.0000e-12    5.46886    35.1451    35.1469    27.4187    1488.08    1488.68 0.0000e+00
       8683    378.000     7.7938   3.632364     7.7949   3.632658      96.61     1.9979     0.0324    71.7947 1.0000e-12    5.47134    35.1451    35.1472    27.4190    1488.09    1488.68 0.0000e+00
       8703    379.000     7.7902   3.632117     7.7914   3.632407      96.56     1.9987     0.0281    71.7896 1.0000e-12    5.47344    35.1456    35.1475    27.4199    1488.09    1488.68 0.0000e+00
       8723    380.000     7.7870   3.631924     7.7884   3.632246      85.33     1.9992     0.0283    71.7638 1.0000e-12    5.48146    35.1462    35.1483    27.4209    1488.10    1488.68 0.0000e+00
       8743    381.000     7.7796   3.631333     7.7811   3.631677      95.64     2.0014     0.0321    71.7844 1.0000e-12    5.50368    35.1468    35.1490    27.4225    1488.08    1488.67 0.0000e+00
       8764    382.000     7.7779   3.631226     7.7793   3.631535      96.55     2.0030     0.0332    71.7762 1.0000e-12    5.50599    35.1469    35.1488    27.4228    1488.09    1488.67 0.0000e+00
       8784    383.000     7.7773   3.631213     7.7786   3.631518      96.46     2.0045     0.0322    71.7430 1.0000e-12    5.50852    35.1469    35.1489    27.4229    1488.11    1488.67 0.0000e+00
       8805    384.000     7.7737   3.630958     7.7752   3.631280      96.04     2.0059     0.0287    71.7574 1.0000e-12    5.51201    35.1473    35.1492    27.4237    1488.11    1488.67 0.0000e+00
       8825    385.000     7.7688   3.630566     7.7706   3.630940      96.56     2.0068     0.0287    71.7427 1.0000e-12    5.51148    35.1475    35.1497    27.4246    1488.11    1488.67 0.0000e+00
       8846    386.000     7.7640   3.630190     7.7653   3.630519      96.56     2.0077     0.0282    71.7300 1.0000e-12    5.51907    35.1478    35.1500    27.4255    1488.11    1488.67 0.0000e+00
       8866    387.000     7.7604   3.629933     7.7622   3.630270      96.56     2.0092     0.0289    71.7379 1.0000e-12    5.53676    35.1481    35.1499    27.4263    1488.11    1488.66 0.0000e+00
       8886    388.000     7.7592   3.629873     7.7607   3.630164      96.56     2.0111     0.0296    71.6772 1.0000e-12    5.54722    35.1482    35.1498    27.4266    1488.12    1488.66 0.0000e+00
       8906    389.000     7.7595   3.629940     7.7610   3.630233      96.56     2.0130     0.0307    71.7070 1.0000e-12    5.55144    35.1481    35.1498    27.4265    1488.14    1488.66 0.0000e+00
       8926    390.000     7.7599   3.630020     7.7614   3.630305      96.56     2.0145     0.0307    71.6949 1.0000e-12    5.55994    35.1481    35.1497    27.4264    1488.16    1488.66 0.0000e+00
       8946    391.000     7.7602   3.630101     7.7617   3.630380      96.56     2.0167     0.0306    71.6937 1.0000e-12    5.57119    35.1482    35.1497    27.4264    1488.18    1488.66 0.0000e+00
       8966    392.000     7.7607   3.630176     7.7621   3.630462      96.56     2.0184     0.0314    71.6810 1.0000e-12    5.57271    35.1480    35.1497    27.4262    1488.20    1488.66 0.0000e+00
       8986    393.000     7.7605   3.630210     7.7617   3.630490      96.56     2.0201     0.0326    71.6949 1.0000e-12    5.57290    35.1481    35.1499    27.4263    1488.21    1488.66 0.0000e+00
       9007    394.000     7.7594   3.630166     7.7608   3.630455      96.56     2.0211     0.0333    71.6788 1.0000e-12    5.56866    35.1483    35.1500    27.4266    1488.22    1488.66 0.0000e+00
       9027    395.000     7.7583   3.630110     7.7598   3.630409      96.56     2.0214     0.0285    71.6768 1.0000e-12    5.56370    35.1483    35.1500    27.4268    1488.24    1488.66 0.0000e+00
       9048    396.000     7.7567   3.630019     7.7582   3.630339      96.56     2.0215     0.0292    71.6562 1.0000e-12    5.55373    35.1484    35.1504    27.4271    1488.25    1488.65 0.0000e+00
       9069    397.000     7.7517   3.629631     7.7537   3.629992      96.56     2.0205     0.0301    71.6625 1.0000e-12    5.54597    35.1488    35.1507    27.4282    1488.24    1488.65 0.0000e+00
       9090    398.000     7.7510   3.629596     7.7524   3.629908      96.56     2.0200     0.0304    71.6163 1.0000e-12    5.55457    35.1486    35.1506    27.4281    1488.26    1488.65 0.0000e+00
       9110    399.000     7.7496   3.629514     7.7509   3.629824      96.56     2.0200     0.0293    71.6261 1.0000e-12    5.55850    35.1487    35.1507    27.4284    1488.27    1488.65 0.0000e+00
       9130    400.000     7.7478   3.629415     7.7492   3.629703      96.56     2.0200     0.0312    71.6289 1.0000e-12    5.56039    35.1489    35.1506    27.4288    1488.28    1488.65 0.0000e+00
       9151    401.000     7.7470   3.629381     7.7483   3.629689      96.55     2.0202     0.0326    71.6224 1.0000e-12    5.57134    35.1489    35.1509    27.4289    1488.29    1488.65 0.0000e+00
       9171    402.000     7.7443   3.629186     7.7456   3.629488      96.56     2.0213     0.0310    71.6014 1.0000e-12    5.58183    35.1490    35.1510    27.4294    1488.30    1488.65 0.0000e+00
       9191    403.000     7.7434   3.629167     7.7449   3.629463      96.55     2.0221     0.0289    71.5897 1.0000e-12    5.58028    35.1492    35.1509    27.4297    1488.31    1488.65 0.0000e+00
       9211    404.000     7.7424   3.629112     7.7437   3.629419      96.56     2.0225     0.0296    71.5746 1.0000e-12    5.58103    35.1491    35.1512    27.4298    1488.32    1488.65 0.0000e+00
