_data/ctd/2016/Sta0941_2016.cnv
* Sea-Bird SBE 9 Data File:
* FileName = C:\Seabird\CTDDATA\sta0941.hex
* Software Version Seasave V 7.21f
* Temperature SN = 5458
* Conductivity SN = 044221
* Number of Bytes Per Scan = 41
* Number of Voltage Words = 4
* Number of Scans Averaged by the Deck Unit = 1
* NMEA Latitude = 59 57.18 N
* NMEA Longitude = 005 47.33 E
* NMEA UTC (Time) = Sep 19 2016 06:10:14
** Ship: 01 F/F "Håkon Mosby"
** Station: 0941
** Echodepth: 429
** Log: 3194.182
** Wind-Dir Force: 19 02
** Air-temp (dry): 14.7
** Weather Sky: 1 3
** Sea Ice: 2 0
** UNIS station:
# nquan = 18                                
# nvalues = 418                         
# units = specified
# name 0 = scan: Scan Count
# name 1 = prDM: Pressure, Digiquartz [db]
# name 2 = t068C: Temperature [ITS-68, deg C]
# name 3 = c0S/m: Conductivity [S/m]
# name 4 = t168C: Temperature, 2 [ITS-68, deg C]
# name 5 = c1S/m: Conductivity, 2 [S/m]
# name 6 = altM: Altimeter [m]
# name 7 = sbeox0V: Oxygen raw, SBE 43 [V]
# name 8 = flC: Fluorescence, Chelsea Aqua 3 Chl Con [ug/l]
# name 9 = xmiss: Beam Transmission, Chelsea/Seatech [%]
# name 10 = par: PAR/Irradiance, Biospherical/Licor
# name 11 = sbeox0ML/L: Oxygen, SBE 43 [ml/l], WS = 2
# name 12 = sal00: Salinity, Practical [PSU]
# name 13 = sal11: Salinity, Practical, 2 [PSU]
# name 14 = sigma-t00: Density [sigma-t, Kg/m^3 ]
# name 15 = svCM: Sound Velocity [Chen-Millero, m/s]
# name 16 = avgsvCM: Average Sound Velocity [Chen-Millero, m/s], minP = 0, minS = 0
# name 17 = flag: flag
# span 0 =        445,      11901       
# span 1 =      3.000,    420.000       
# span 2 =     7.5024,    16.7418       
# span 3 =   2.235433,   3.916308       
# span 4 =     7.5036,    16.7411       
# span 5 =   2.235549,   3.915833       
# span 6 =     -35.75,      97.25       
# span 7 =     1.7682,     2.4871       
# span 8 =     0.0263,     1.0125       
# span 9 =    27.1527,    72.2813       
# span 10 = -6.171e-06, 3.7715e+01      
# span 11 =    4.68620,    6.39110      
# span 12 =    16.3028,    35.0250      
# span 13 =    16.3040,    35.0224      
# span 14 =    11.2735,    27.3673      
# span 15 =    1484.00,    1504.67      
# span 16 =    1487.57,    1501.96      
# span 17 = 0.0000e+00, 0.0000e+00      
# interval = decibars: 1                
# start_time = Sep 19 2016 06:10:15 [System UTC, first data scan.]
# bad_flag = -9.990e-29
*END*
[from data line 81]
       2432     84.000     8.5969   3.603270     8.5979   3.602822      96.54     1.9596     0.0474    72.1672 1.0000e-12    5.01006    34.1832    34.1775    26.5421    1485.07    1495.98 0.0000e+00
       2456     85.000     8.5652   3.603313     8.5652   3.602842      96.54     1.9567     0.0472    72.2586 1.0000e-12    5.01525    34.2139    34.2089    26.5711    1485.01    1495.85 0.0000e+00
       2480     86.000     8.4874   3.604280     8.4879   3.603789      96.53     1.9536     0.0442    72.2495 1.0000e-12    5.00064    34.2992    34.2935    26.6500    1484.84    1495.72 0.0000e+00
       2504     87.000     8.4615   3.604630     8.4625   3.604180      96.53     1.9489     0.0404    72.2606 1.0000e-12    4.95262    34.3276    34.3219    26.6762    1484.80    1495.60 0.0000e+00
       2528     88.000     8.4084   3.604975     8.4088   3.604527      96.53     1.9399     0.0392    72.2813 1.0000e-12    4.87709    34.3826    34.3774    26.7275    1484.68    1495.47 0.0000e+00
       2552     89.000     8.3449   3.605198     8.3457   3.604765      96.54     1.9278     0.0409    72.0958 1.0000e-12    4.83261    34.4465    34.4411    26.7874    1484.54    1495.35 0.0000e+00
       2576     90.000     8.3214   3.605703     8.3223   3.605253      96.53     1.9175     0.0393    72.0602 1.0000e-12    4.85421    34.4744    34.4688    26.8129    1484.50    1495.23 0.0000e+00
       2600     91.000     8.2940   3.606217     8.2949   3.605765      96.54     1.9143     0.0397    72.0770 1.0000e-12    4.90296    34.5063    34.5006    26.8421    1484.46    1495.11 0.0000e+00
       2623     92.000     8.2845   3.606273     8.2856   3.605870      96.54     1.9128     0.0411    72.0159 1.0000e-12    4.89330    34.5158    34.5104    26.8509    1484.45    1494.99 0.0000e+00
       2647     93.000     8.2805   3.606227     8.2816   3.605817      96.54     1.9097     0.0406    71.9924 1.0000e-12    4.87119    34.5187    34.5133    26.8539    1484.45    1494.88 0.0000e+00
       2671     94.000     8.2759   3.606425     8.2770   3.605992      96.53     1.9061     0.0415    71.9679 1.0000e-12    4.86124    34.5249    34.5192    26.8594    1484.46    1494.76 0.0000e+00
       2694     95.000     8.2702   3.606891     8.2713   3.606443      96.54     1.9033     0.0400    71.9666 1.0000e-12    4.85938    34.5349    34.5291    26.8682    1484.47    1494.66 0.0000e+00
       2718     96.000     8.2620   3.607335     8.2625   3.606922      96.53     1.9008     0.0394    71.9625 1.0000e-12    4.85510    34.5473    34.5424    26.8791    1484.47    1494.55 0.0000e+00
       2741     97.000     8.2570   3.607565     8.2581   3.607138      83.93     1.8981     0.0410    71.7844 1.0000e-12    4.82922    34.5541    34.5485    26.8852    1484.48    1494.44 0.0000e+00
       2765     98.000     8.2476   3.608103     8.2478   3.607642      48.80     1.8940     0.0402    71.9510 1.0000e-12    4.82856    34.5686    34.5635    26.8980    1484.47    1494.34 0.0000e+00
       2789     99.000     8.2170   3.608197     8.2178   3.607798      96.02     1.8916     0.0412    71.9645 1.0000e-12    4.81912    34.5993    34.5942    26.9268    1484.41    1494.24 0.0000e+00
       2814    100.000     8.2045   3.608406     8.2052   3.608020      85.35     1.8878     0.0437    71.9629 1.0000e-12    4.80043    34.6134    34.6086    26.9397    1484.40    1494.14 0.0000e+00
       2838    101.000     8.2025   3.608458     8.2038   3.608045      60.95     1.8845     0.0390    71.9476 1.0000e-12    4.81476    34.6154    34.6097    26.9416    1484.41    1494.05 0.0000e+00
       2862    102.000     8.1977   3.608365     8.1995   3.608064      95.96     1.8839     0.0375    71.9527 1.0000e-12    4.81997    34.6187    34.6137    26.9449    1484.42    1493.95 0.0000e+00
       2886    103.000     8.1762   3.607994     8.1773   3.607601      89.15     1.8824     0.0357    71.9237 1.0000e-12    4.80484    34.6354    34.6302    26.9613    1484.37    1493.86 0.0000e+00
       2910    104.000     8.1590   3.608129     8.1600   3.607752      61.92     1.8801     0.0364    71.8617 1.0000e-12    4.81623    34.6534    34.6484    26.9780    1484.35    1493.76 0.0000e+00
       2933    105.000     8.1540   3.608201     8.1550   3.607813      96.39     1.8805     0.0378    71.8461 1.0000e-12    4.82722    34.6586    34.6535    26.9829    1484.35    1493.67 0.0000e+00
       2956    106.000     8.1504   3.608330     8.1515   3.607943      95.33     1.8806     0.0375    71.8154 1.0000e-12    4.82599    34.6631    34.6578    26.9869    1484.36    1493.59 0.0000e+00
       2979    107.000     8.1443   3.608297     8.1454   3.607930      62.27     1.8806     0.0379    71.8243 1.0000e-12    4.84780    34.6682    34.6632    26.9919    1484.36    1493.50 0.0000e+00
       3003    108.000     8.1331   3.608351     8.1338   3.607981      96.40     1.8827     0.0399    71.7506 1.0000e-12    4.84569    34.6794    34.6748    27.0024    1484.35    1493.41 0.0000e+00
       3026    109.000     8.1161   3.608322     8.1169   3.607957      96.53     1.8822     0.0413    71.8047 1.0000e-12    4.81667    34.6954    34.6907    27.0175    1484.32    1493.33 0.0000e+00
       3050    110.000     8.1101   3.608318     8.1112   3.607951      65.54     1.8796     0.0384    71.8303 1.0000e-12    4.82129    34.7009    34.6958    27.0227    1484.32    1493.25 0.0000e+00
       3074    111.000     8.1060   3.608339     8.1070   3.607992      96.66     1.8803     0.0379    71.8297 1.0000e-12    4.83883    34.7047    34.6999    27.0263    1484.32    1493.17 0.0000e+00
       3097    112.000     8.0936   3.608237     8.0946   3.607908      96.53     1.8806     0.0365    71.8158 1.0000e-12    4.83412    34.7154    34.7108    27.0365    1484.31    1493.09 0.0000e+00
       3121    113.000     8.0746   3.608003     8.0757   3.607654      72.91     1.8801     0.0347    71.8061 1.0000e-12    4.85112    34.7312    34.7264    27.0518    1484.27    1493.01 0.0000e+00
       3145    114.000     8.0602   3.607878     8.0612   3.607574      96.27     1.8825     0.0353    71.7978 1.0000e-12    4.87125    34.7436    34.7394    27.0638    1484.25    1492.93 0.0000e+00
       3168    115.000     8.0301   3.607147     8.0309   3.606860      96.54     1.8842     0.0367    71.7814 1.0000e-12    4.87119    34.7652    34.7613    27.0852    1484.18    1492.86 0.0000e+00
       3192    116.000     8.0046   3.606523     8.0055   3.606237      76.14     1.8849     0.0385    71.7528 1.0000e-12    4.89716    34.7833    34.7794    27.1033    1484.12    1492.78 0.0000e+00
       3215    117.000     7.9883   3.606048     7.9893   3.605729      96.74     1.8899     0.0375    71.7469 1.0000e-12    4.94059    34.7940    34.7895    27.1141    1484.09    1492.70 0.0000e+00
       3239    118.000     7.9725   3.605455     7.9737   3.605183      96.53     1.8942     0.0337    71.7291 1.0000e-12    4.94906    34.8028    34.7987    27.1234    1484.06    1492.63 0.0000e+00
       3262    119.000     7.9575   3.605089     7.9584   3.604784      84.99     1.8978     0.0345    71.7304 1.0000e-12    4.96075    34.8133    34.8091    27.1339    1484.03    1492.56 0.0000e+00
       3286    120.000     7.9423   3.604787     7.9438   3.604475      96.49     1.9017     0.0345    71.7229 1.0000e-12    4.95815    34.8247    34.8199    27.1451    1484.00    1492.49 0.0000e+00
       3311    121.000     7.9407   3.604793     7.9416   3.604455      96.54     1.9022     0.0332    71.7012 1.0000e-12    4.92997    34.8259    34.8214    27.1463    1484.02    1492.42 0.0000e+00
       3335    122.000     7.9382   3.604624     7.9392   3.604274      89.76     1.9016     0.0336    71.7089 1.0000e-12    4.93980    34.8261    34.8213    27.1468    1484.02    1492.35 0.0000e+00
       3359    123.000     7.9376   3.604615     7.9388   3.604305      96.67     1.9037     0.0385    71.7165 1.0000e-12    4.95934    34.8261    34.8216    27.1469    1484.04    1492.28 0.0000e+00
       3383    124.000     7.9369   3.604681     7.9370   3.604318      96.54     1.9045     0.0355    71.6867 1.0000e-12    4.94598    34.8270    34.8230    27.1477    1484.05    1492.21 0.0000e+00
       3407    125.000     7.9371   3.604743     7.9377   3.604399      96.07     1.9040     0.0346    71.6752 1.0000e-12    4.93074    34.8270    34.8227    27.1477    1484.07    1492.15 0.0000e+00
       3431    126.000     7.9291   3.604730     7.9290   3.604423      96.49     1.9027     0.0365    71.6840 1.0000e-12    4.92667    34.8343    34.8311    27.1547    1484.07    1492.08 0.0000e+00
       3454    127.000     7.9244   3.604682     7.9251   3.604357      96.53     1.9023     0.0362    71.6743 1.0000e-12    4.93841    34.8380    34.8338    27.1582    1484.07    1492.02 0.0000e+00
       3478    128.000     7.9210   3.604583     7.9221   3.604270      96.54     1.9026     0.0356    71.6453 1.0000e-12    4.95616    34.8399    34.8354    27.1602    1484.07    1491.96 0.0000e+00
       3502    129.000     7.9198   3.604577     7.9211   3.604270      96.53     1.9047     0.0369    71.6568 1.0000e-12    4.97610    34.8405    34.8359    27.1609    1484.09    1491.90 0.0000e+00
       3526    130.000     7.9166   3.604472     7.9176   3.604182      96.54     1.9070     0.0319    71.6141 1.0000e-12    4.98316    34.8421    34.8380    27.1626    1484.09    1491.84 0.0000e+00
       3550    131.000     7.9100   3.604238     7.9111   3.603945      96.54     1.9087     0.0322    71.6248 1.0000e-12    4.97943    34.8456    34.8414    27.1664    1484.09    1491.78 0.0000e+00
       3574    132.000     7.9072   3.604145     7.9081   3.603835      96.53     1.9093     0.0364    71.6224 1.0000e-12    4.97060    34.8470    34.8427    27.1678    1484.10    1491.72 0.0000e+00
       3598    133.000     7.9045   3.604089     7.9056   3.603792      96.53     1.9092     0.0387    71.5960 1.0000e-12    4.96505    34.8486    34.8443    27.1695    1484.10    1491.66 0.0000e+00
       3622    134.000     7.9006   3.603996     7.9015   3.603700      96.54     1.9086     0.0399    71.6073 1.0000e-12    4.95623    34.8510    34.8469    27.1720    1484.11    1491.60 0.0000e+00
       3647    135.000     7.8958   3.603858     7.8969   3.603574      96.53     1.9071     0.0393    71.6074 1.0000e-12    4.94556    34.8538    34.8496    27.1749    1484.11    1491.55 0.0000e+00
       3671    136.000     7.8946   3.603865     7.8957   3.603568      96.54     1.9058     0.0371    71.6163 1.0000e-12    4.94075    34.8546    34.8503    27.1757    1484.12    1491.49 0.0000e+00
       3695    137.000     7.8898   3.603755     7.8909   3.603473      96.54     1.9040     0.0367    71.6116 1.0000e-12    4.93475    34.8577    34.8535    27.1788    1484.13    1491.44 0.0000e+00
       3719    138.000     7.8845   3.603636     7.8855   3.603349      96.54     1.9027     0.0361    71.6233 1.0000e-12    4.94649    34.8612    34.8571    27.1824    1484.13    1491.39 0.0000e+00
       3743    139.000     7.8810   3.603591     7.8820   3.603296      96.54     1.9031     0.0365    71.6017 1.0000e-12    4.95975    34.8637    34.8595    27.1849    1484.13    1491.33 0.0000e+00
       3767    140.000     7.8770   3.603522     7.8782   3.603241      96.54     1.9035     0.0388    71.6041 1.0000e-12    4.95346    34.8665    34.8622    27.1877    1484.14    1491.28 0.0000e+00
       3791    141.000     7.8670   3.603229     7.8682   3.602975      96.54     1.9028     0.0371    71.5867 1.0000e-12    4.94973    34.8728    34.8689    27.1941    1484.12    1491.23 0.0000e+00
       3815    142.000     7.8604   3.603027     7.8615   3.602742      96.53     1.9025     0.0372    71.5486 1.0000e-12    4.95092    34.8767    34.8726    27.1982    1484.12    1491.18 0.0000e+00
       3839    143.000     7.8599   3.603052     7.8609   3.602765      96.54     1.9023     0.0371    71.6176 1.0000e-12    4.94800    34.8770    34.8729    27.1985    1484.14    1491.13 0.0000e+00
       3864    144.000     7.8582   3.603053     7.8594   3.602772      96.53     1.9013     0.0382    71.6300 1.0000e-12    4.94477    34.8782    34.8740    27.1997    1484.15    1491.08 0.0000e+00
       3888    145.000     7.8530   3.602950     7.8540   3.602664      96.53     1.9011     0.0355    71.6492 1.0000e-12    4.95246    34.8818    34.8778    27.2033    1484.15    1491.03 0.0000e+00
       3912    146.000     7.8492   3.602867     7.8504   3.602598      96.53     1.9011     0.0319    71.6484 1.0000e-12    4.94723    34.8842    34.8801    27.2058    1484.15    1490.99 0.0000e+00
       3937    147.000     7.8415   3.602703     7.8425   3.602440      31.00     1.8999     0.0301    71.6623 1.0000e-12    4.94863    34.8897    34.8858    27.2112    1484.15    1490.94 0.0000e+00
       3962    148.000     7.8336   3.602525     7.8347   3.602273      96.66     1.9011     0.0316    71.6365 1.0000e-12    4.96592    34.8952    34.8914    27.2167    1484.14    1490.89 0.0000e+00
       3986    149.000     7.8304   3.602477     7.8315   3.602212      96.53     1.9011     0.0342    71.6478 1.0000e-12    4.95022    34.8974    34.8934    27.2189    1484.15    1490.85 0.0000e+00
       4010    150.000     7.8247   3.602378     7.8257   3.602112      34.51     1.8998     0.0361    71.6611 1.0000e-12    4.95465    34.9015    34.8976    27.2230    1484.15    1490.80 0.0000e+00
       4034    151.000     7.8166   3.602191     7.8178   3.601934      96.24     1.9014     0.0357    71.6602 1.0000e-12    4.97696    34.9071    34.9031    27.2286    1484.14    1490.76 0.0000e+00
       4059    152.000     7.8136   3.602146     7.8146   3.601873      96.54     1.9022     0.0320    71.6695 1.0000e-12    4.96817    34.9091    34.9052    27.2306    1484.15    1490.72 0.0000e+00
       4083    153.000     7.8068   3.602000     7.8079   3.601745      38.46     1.9021     0.0315    71.6839 1.0000e-12    4.98411    34.9139    34.9100    27.2353    1484.14    1490.67 0.0000e+00
       4108    154.000     7.8032   3.601939     7.8044   3.601669      96.03     1.9050     0.0295    71.6636 1.0000e-12    5.00743    34.9163    34.9122    27.2378    1484.15    1490.63 0.0000e+00
       4133    155.000     7.8011   3.601928     7.8022   3.601658      96.53     1.9074     0.0319    71.6757 1.0000e-12    5.00709    34.9178    34.9138    27.2393    1484.16    1490.59 0.0000e+00
       4158    156.000     7.7976   3.601861     7.7987   3.601610      57.75     1.9083     0.0333    71.6789 1.0000e-12    5.01492    34.9201    34.9163    27.2416    1484.17    1490.55 0.0000e+00
       4183    157.000     7.7948   3.601681     7.7960   3.601552      95.91     1.9112     0.0336    71.6779 1.0000e-12    5.02507    34.9205    34.9179    27.2423    1484.17    1490.51 0.0000e+00
       4207    158.000     7.7943   3.601852     7.7954   3.601590      96.53     1.9123     0.0299    71.6710 1.0000e-12    5.00991    34.9223    34.9184    27.2438    1484.19    1490.47 0.0000e+00
       4232    159.000     7.7942   3.601907     7.7953   3.601627      61.65     1.9123     0.0321    71.6099 1.0000e-12    5.02886    34.9225    34.9184    27.2440    1484.21    1490.43 0.0000e+00
       4257    160.000     7.7932   3.601915     7.7943   3.601659      97.04     1.9149     0.0345    71.6452 1.0000e-12    5.03657    34.9231    34.9193    27.2446    1484.22    1490.39 0.0000e+00
       4282    161.000     7.7914   3.601911     7.7925   3.601651      92.32     1.9158     0.0332    71.6036 1.0000e-12    5.02200    34.9244    34.9205    27.2459    1484.23    1490.35 0.0000e+00
       4306    162.000     7.7903   3.601924     7.7915   3.601675      70.70     1.9154     0.0304    71.6127 1.0000e-12    5.03295    34.9252    34.9213    27.2466    1484.24    1490.31 0.0000e+00
