_data/ctd/2016/Sta0957_2016.cnv
* Sea-Bird SBE 9 Data File:
* FileName = C:\Seabird\CTDDATA\sta0957.hex
* Software Version Seasave V 7.21f
* Temperature SN = 5458
* Conductivity SN = 044221
* Number of Bytes Per Scan = 41
* Number of Voltage Words = 4
* Number of Scans Averaged by the Deck Unit = 1
* NMEA Latitude = 61 21.31 N
* NMEA Longitude = 007 22.35 E
* NMEA UTC (Time) = Sep 27 2016 06:25:42
** Ship: 01 F/F "Håkon Mosby"
** Station: 0957
** Echodepth: 373
** Log: 3803.594
** Wind-Dir Force: 03 01
** Air-temp (dry): 9,6
** Weather Sky: 2 9
** Sea Ice: 1 0
** UNIS station:
# nquan = 18                                
# nvalues = 364                         
# units = specified
# name 0 = scan: Scan Count
# name 1 = prDM: Pressure, Digiquartz [db]
# name 2 = t068C: Temperature [ITS-68, deg C]
# name 3 = c0S/m: Conductivity [S/m]
# name 4 = t168C: Temperature, 2 [ITS-68, deg C]
# name 5 = c1S/m: Conductivity, 2 [S/m]
# name 6 = altM: Altimeter [m]
# name 7 = sbeox0V: Oxygen raw, SBE 43 [V]
# name 8 = flC: Fluorescence, Chelsea Aqua 3 Chl Con [ug/l]
# name 9 = xmiss: Beam Transmission, Chelsea/Seatech [%]
# name 10 = par: PAR/Irradiance, Biospherical/Licor
# name 11 = sbeox0ML/L: Oxygen, SBE 43 [ml/l], WS = 2
# name 12 = sal00: Salinity, Practical [PSU]
# name 13 = sal11: Salinity, Practical, 2 [PSU]
# name 14 = sigma-t00: Density [sigma-t, Kg/m^3 ]
# name 15 = svCM: Sound Velocity [Chen-Millero, m/s]
# name 16 = avgsvCM: Average Sound Velocity [Chen-Millero, m/s], minP = 0, minS = 0
# name 17 = flag: flag
# span 0 =        323,       9635       
# span 1 =      1.000,    364.000       
# span 2 =     7.5609,    14.3878       
# span 3 =   0.895991,   3.716991       
# span 4 =     7.5623,    14.3880       
# span 5 =   0.900666,   3.717160       
# span 6 =     -56.73,      97.08       
# span 7 =     1.4734,     2.6141       
# span 8 =     0.0277,     0.3956       
# span 9 =    19.2212,    71.9583       
# span 10 = -1.262e-06, 1.4037e+01      
# span 11 =    3.40530,    7.47966      
# span 12 =     6.9245,    34.9992      
# span 13 =     6.9610,    35.0009      
# span 14 =     4.9347,    27.3385      
# span 15 =    1461.62,    1498.95      
# span 16 =    1461.62,    1494.00      
# span 17 = 0.0000e+00, 0.0000e+00      
# interval = decibars: 1                
# start_time = Sep 27 2016 06:25:43 [System UTC, first data scan.]
# bad_flag = -9.990e-29
*END*
[from data line 161]
       4375    162.000     7.8420   3.602062     7.8435   3.602318      96.56     1.5960     0.0364    71.2660 1.0000e-12    3.90518    34.8750    34.8762    27.1995    1484.38    1488.79 0.0000e+00
       4401    163.000     7.8375   3.601922     7.8390   3.602169      96.56     1.5982     0.0345    71.2438 1.0000e-12    3.90262    34.8775    34.8786    27.2022    1484.38    1488.77 0.0000e+00
       4426    164.000     7.8361   3.601917     7.8376   3.602158      96.56     1.5992     0.0344    71.2162 1.0000e-12    3.88720    34.8783    34.8794    27.2030    1484.39    1488.74 0.0000e+00
       4452    165.000     7.8359   3.601962     7.8374   3.602199      76.03     1.5976     0.0345    71.1784 1.0000e-12    3.87972    34.8785    34.8796    27.2032    1484.41    1488.71 0.0000e+00
       4477    166.000     7.8351   3.602023     7.8366   3.602264      96.61     1.5994     0.0345    71.1472 1.0000e-12    3.90115    34.8795    34.8806    27.2041    1484.42    1488.69 0.0000e+00
       4503    167.000     7.8257   3.601667     7.8271   3.601942      96.56     1.5991     0.0347    71.1325 1.0000e-12    3.89080    34.8845    34.8861    27.2095    1484.41    1488.66 0.0000e+00
       4529    168.000     7.8202   3.601623     7.8217   3.601868      96.56     1.5995     0.0355    71.1728 1.0000e-12    3.90087    34.8891    34.8902    27.2139    1484.41    1488.64 0.0000e+00
       4554    169.000     7.8175   3.601611     7.8189   3.601859      96.56     1.6003     0.0369    71.2259 1.0000e-12    3.90432    34.8912    34.8924    27.2159    1484.42    1488.61 0.0000e+00
       4580    170.000     7.8146   3.601531     7.8160   3.601775      96.55     1.6013     0.0376    71.2199 1.0000e-12    3.92666    34.8927    34.8939    27.2175    1484.43    1488.59 0.0000e+00
       4606    171.000     7.8115   3.601479     7.8130   3.601741      96.17     1.6049     0.0358    71.1231 1.0000e-12    3.96287    34.8948    34.8961    27.2196    1484.43    1488.56 0.0000e+00
       4632    172.000     7.8050   3.601220     7.8065   3.601491      66.55     1.6092     0.0352    71.0977 1.0000e-12    3.98841    34.8980    34.8994    27.2231    1484.43    1488.54 0.0000e+00
       4658    173.000     7.8004   3.601030     7.8019   3.601286      83.89     1.6160     0.0338    71.1209 1.0000e-12    4.03618    34.9000    34.9013    27.2254    1484.43    1488.51 0.0000e+00
       4684    174.000     7.7970   3.600932     7.7984   3.601185      96.48     1.6216     0.0361    71.1351 1.0000e-12    4.01987    34.9019    34.9032    27.2274    1484.44    1488.49 0.0000e+00
       4711    175.000     7.7945   3.600874     7.7960   3.601129      96.56     1.6242     0.0326    71.1352 1.0000e-12    4.00784    34.9033    34.9045    27.2288    1484.45    1488.47 0.0000e+00
       4737    176.000     7.7919   3.600782     7.7933   3.601034      96.56     1.6259     0.0325    71.0943 1.0000e-12    4.02102    34.9044    34.9057    27.2301    1484.45    1488.44 0.0000e+00
       4763    177.000     7.7905   3.600843     7.7920   3.601083      96.56     1.6290     0.0345    71.1063 1.0000e-12    4.04218    34.9060    34.9071    27.2315    1484.47    1488.42 0.0000e+00
       4790    178.000     7.7892   3.600939     7.7906   3.601187      87.27     1.6318     0.0331    71.2054 1.0000e-12    4.04709    34.9078    34.9091    27.2332    1484.48    1488.40 0.0000e+00
       4816    179.000     7.7865   3.600844     7.7878   3.601110      90.44     1.6355     0.0330    71.2355 1.0000e-12    4.07840    34.9090    34.9106    27.2345    1484.49    1488.38 0.0000e+00
       4842    180.000     7.7805   3.600544     7.7820   3.600813      96.55     1.6395     0.0373    71.2876 1.0000e-12    4.08182    34.9113    34.9127    27.2372    1484.49    1488.36 0.0000e+00
       4869    181.000     7.7782   3.600477     7.7798   3.600744      96.55     1.6419     0.0346    71.2651 1.0000e-12    4.07554    34.9124    34.9137    27.2384    1484.49    1488.34 0.0000e+00
       4896    182.000     7.7765   3.600458     7.7780   3.600728      96.56     1.6436     0.0326    71.3066 1.0000e-12    4.07908    34.9134    34.9148    27.2394    1484.51    1488.31 0.0000e+00
       4922    183.000     7.7724   3.600263     7.7738   3.600523      96.56     1.6451     0.0338    71.2976 1.0000e-12    4.08414    34.9149    34.9163    27.2412    1484.51    1488.29 0.0000e+00
       4949    184.000     7.7708   3.600328     7.7723   3.600576      94.69     1.6465     0.0339    71.3053 1.0000e-12    4.08339    34.9167    34.9179    27.2429    1484.52    1488.27 0.0000e+00
       4975    185.000     7.7674   3.600190     7.7690   3.600458      74.18     1.6461     0.0364    71.3294 1.0000e-12    4.07046    34.9181    34.9194    27.2445    1484.53    1488.25 0.0000e+00
       5002    186.000     7.7632   3.599981     7.7649   3.600269      79.32     1.6482     0.0370    71.3688 1.0000e-12    4.12188    34.9196    34.9210    27.2463    1484.53    1488.23 0.0000e+00
       5029    187.000     7.7608   3.599831     7.7621   3.600090      96.68     1.6514     0.0361    71.3694 1.0000e-12    4.11790    34.9199    34.9214    27.2469    1484.54    1488.21 0.0000e+00
       5055    188.000     7.7574   3.599667     7.7587   3.599933      96.56     1.6530     0.0355    71.3458 1.0000e-12    4.10811    34.9210    34.9226    27.2483    1484.54    1488.19 0.0000e+00
       5082    189.000     7.7566   3.599728     7.7581   3.599986      96.56     1.6529     0.0341    71.3603 1.0000e-12    4.09398    34.9220    34.9233    27.2491    1484.56    1488.17 0.0000e+00
       5109    190.000     7.7563   3.599821     7.7577   3.600089      96.56     1.6522     0.0374    71.3736 1.0000e-12    4.09230    34.9228    34.9243    27.2498    1484.57    1488.15 0.0000e+00
       5136    191.000     7.7542   3.599763     7.7556   3.600018      80.61     1.6514     0.0367    71.4115 1.0000e-12    4.10070    34.9238    34.9252    27.2509    1484.58    1488.14 0.0000e+00
       5163    192.000     7.7528   3.599753     7.7543   3.600021      90.92     1.6546     0.0368    71.4034 1.0000e-12    4.15117    34.9246    34.9260    27.2517    1484.59    1488.12 0.0000e+00
       5191    193.000     7.7496   3.599590     7.7510   3.599850      96.53     1.6576     0.0359    71.4185 1.0000e-12    4.14839    34.9256    34.9270    27.2530    1484.60    1488.10 0.0000e+00
       5218    194.000     7.7484   3.599561     7.7499   3.599818      96.56     1.6603     0.0326    71.4436 1.0000e-12    4.15507    34.9260    34.9272    27.2535    1484.61    1488.08 0.0000e+00
       5245    195.000     7.7472   3.599546     7.7487   3.599798      96.56     1.6617     0.0350    71.4077 1.0000e-12    4.14046    34.9265    34.9277    27.2541    1484.62    1488.06 0.0000e+00
       5272    196.000     7.7444   3.599439     7.7459   3.599717      96.56     1.6616     0.0341    71.4506 1.0000e-12    4.13568    34.9277    34.9292    27.2554    1484.63    1488.05 0.0000e+00
       5299    197.000     7.7415   3.599309     7.7429   3.599579      96.20     1.6616     0.0329    71.4512 1.0000e-12    4.13975    34.9287    34.9302    27.2566    1484.64    1488.03 0.0000e+00
       5326    198.000     7.7384   3.599171     7.7399   3.599444      64.08     1.6615     0.0330    71.4377 1.0000e-12    4.13643    34.9298    34.9313    27.2580    1484.64    1488.01 0.0000e+00
       5353    199.000     7.7352   3.599012     7.7366   3.599269      91.59     1.6627     0.0336    71.4140 1.0000e-12    4.15240    34.9308    34.9322    27.2592    1484.65    1487.99 0.0000e+00
       5379    200.000     7.7329   3.598935     7.7343   3.599206      96.54     1.6624     0.0337    71.4301 1.0000e-12    4.13710    34.9318    34.9333    27.2603    1484.66    1487.98 0.0000e+00
       5406    201.000     7.7303   3.598835     7.7318   3.599107      96.56     1.6621     0.0351    71.4014 1.0000e-12    4.14554    34.9328    34.9343    27.2615    1484.67    1487.96 0.0000e+00
       5433    202.000     7.7272   3.598723     7.7286   3.598992      96.56     1.6629     0.0350    71.3553 1.0000e-12    4.14970    34.9342    34.9357    27.2631    1484.67    1487.95 0.0000e+00
       5459    203.000     7.7260   3.598704     7.7275   3.598967      96.56     1.6629     0.0363    71.3456 1.0000e-12    4.14139    34.9347    34.9361    27.2637    1484.69    1487.93 0.0000e+00
       5485    204.000     7.7220   3.598445     7.7236   3.598803      75.04     1.6615     0.0333    71.3296 1.0000e-12    4.13270    34.9355    34.9377    27.2648    1484.69    1487.91 0.0000e+00
       5512    205.000     7.7173   3.598279     7.7188   3.598550      94.50     1.6625     0.0325    71.2982 1.0000e-12    4.15473    34.9379    34.9393    27.2674    1484.69    1487.90 0.0000e+00
       5538    206.000     7.7137   3.598148     7.7152   3.598417      96.56     1.6619     0.0321    71.2966 1.0000e-12    4.13311    34.9396    34.9410    27.2693    1484.69    1487.88 0.0000e+00
       5563    207.000     7.7099   3.597953     7.7115   3.598250      96.56     1.6607     0.0329    71.2903 1.0000e-12    4.13164    34.9408    34.9424    27.2708    1484.70    1487.87 0.0000e+00
       5589    208.000     7.7055   3.597722     7.7071   3.597999      96.56     1.6604     0.0343    71.2816 1.0000e-12    4.14114    34.9422    34.9436    27.2726    1484.70    1487.85 0.0000e+00
       5614    209.000     7.7034   3.597633     7.7049   3.597915      96.56     1.6604     0.0349    71.3348 1.0000e-12    4.13834    34.9429    34.9444    27.2734    1484.71    1487.84 0.0000e+00
       5640    210.000     7.7017   3.597606     7.7032   3.597873      96.56     1.6595     0.0376    71.3774 1.0000e-12    4.12571    34.9438    34.9452    27.2744    1484.72    1487.82 0.0000e+00
       5665    211.000     7.7004   3.597591     7.7019   3.597850      81.56     1.6577     0.0351    71.3913 1.0000e-12    4.10791    34.9445    34.9458    27.2751    1484.73    1487.81 0.0000e+00
       5691    212.000     7.6988   3.597562     7.7002   3.597841      78.84     1.6564     0.0332    71.4181 1.0000e-12    4.13153    34.9453    34.9469    27.2759    1484.74    1487.79 0.0000e+00
       5717    213.000     7.6972   3.597555     7.6987   3.597829      96.57     1.6568     0.0340    71.4406 1.0000e-12    4.13183    34.9463    34.9478    27.2770    1484.76    1487.78 0.0000e+00
       5743    214.000     7.6966   3.597579     7.6981   3.597852      96.56     1.6565     0.0330    71.4397 1.0000e-12    4.12611    34.9467    34.9481    27.2774    1484.77    1487.76 0.0000e+00
       5769    215.000     7.6957   3.597594     7.6972   3.597863      96.56     1.6561     0.0315    71.4965 1.0000e-12    4.12831    34.9473    34.9487    27.2780    1484.78    1487.75 0.0000e+00
       5795    216.000     7.6938   3.597517     7.6953   3.597788      96.56     1.6558     0.0312    71.5009 1.0000e-12    4.12620    34.9478    34.9493    27.2787    1484.79    1487.74 0.0000e+00
       5822    217.000     7.6935   3.597535     7.6949   3.597798      91.09     1.6552     0.0343    71.4878 1.0000e-12    4.11250    34.9478    34.9493    27.2787    1484.81    1487.72 0.0000e+00
       5848    218.000     7.6929   3.597548     7.6944   3.597820      82.54     1.6539     0.0342    71.4870 1.0000e-12    4.12487    34.9481    34.9495    27.2790    1484.82    1487.71 0.0000e+00
       5874    219.000     7.6916   3.597545     7.6930   3.597818      96.77     1.6543     0.0348    71.4991 1.0000e-12    4.12488    34.9489    34.9504    27.2798    1484.84    1487.70 0.0000e+00
       5900    220.000     7.6901   3.597525     7.6915   3.597800      96.56     1.6538     0.0310    71.5059 1.0000e-12    4.11917    34.9497    34.9513    27.2807    1484.85    1487.68 0.0000e+00
       5925    221.000     7.6888   3.597514     7.6903   3.597789      96.54     1.6534     0.0301    71.5138 1.0000e-12    4.12114    34.9504    34.9519    27.2814    1484.86    1487.67 0.0000e+00
       5951    222.000     7.6878   3.597505     7.6893   3.597773      95.65     1.6531     0.0316    71.5275 1.0000e-12    4.10914    34.9508    34.9522    27.2819    1484.87    1487.66 0.0000e+00
       5976    223.000     7.6869   3.597511     7.6884   3.597776      49.23     1.6515     0.0306    71.5533 1.0000e-12    4.12469    34.9513    34.9526    27.2824    1484.89    1487.65 0.0000e+00
       6001    224.000     7.6853   3.597454     7.6868   3.597739      97.08     1.6532     0.0332    71.5242 1.0000e-12    4.13429    34.9518    34.9534    27.2830    1484.90    1487.63 0.0000e+00
       6027    225.000     7.6839   3.597426     7.6854   3.597700      96.56     1.6532     0.0333    71.5298 1.0000e-12    4.12634    34.9524    34.9538    27.2837    1484.91    1487.62 0.0000e+00
       6052    226.000     7.6803   3.597270     7.6818   3.597546      96.56     1.6531     0.0321    71.5762 1.0000e-12    4.12404    34.9538    34.9553    27.2854    1484.91    1487.61 0.0000e+00
       6078    227.000     7.6795   3.597330     7.6810   3.597612      96.56     1.6525     0.0320    71.5661 1.0000e-12    4.11236    34.9548    34.9563    27.2863    1484.93    1487.60 0.0000e+00
       6104    228.000     7.6774   3.597276     7.6790   3.597561      96.56     1.6511     0.0321    71.5767 1.0000e-12    4.10900    34.9558    34.9573    27.2874    1484.94    1487.59 0.0000e+00
       6130    229.000     7.6752   3.597163     7.6768   3.597440      96.56     1.6507     0.0324    71.5616 1.0000e-12    4.11926    34.9563    34.9577    27.2881    1484.95    1487.57 0.0000e+00
       6155    230.000     7.6747   3.597185     7.6762   3.597453      96.56     1.6507     0.0320    71.5361 1.0000e-12    4.12055    34.9566    34.9580    27.2884    1484.96    1487.56 0.0000e+00
       6180    231.000     7.6740   3.597212     7.6755   3.597474      96.56     1.6504     0.0328    71.5339 1.0000e-12    4.10831    34.9571    34.9584    27.2889    1484.98    1487.55 0.0000e+00
       6205    232.000     7.6735   3.597237     7.6750   3.597510      96.56     1.6488     0.0334    71.5229 1.0000e-12    4.09511    34.9574    34.9588    27.2892    1484.99    1487.54 0.0000e+00
       6231    233.000     7.6723   3.597232     7.6738   3.597500      96.56     1.6472     0.0340    71.5102 1.0000e-12    4.09278    34.9580    34.9594    27.2899    1485.00    1487.53 0.0000e+00
       6256    234.000     7.6716   3.597257     7.6731   3.597522      96.56     1.6460     0.0347    71.5361 1.0000e-12    4.09649    34.9585    34.9599    27.2903    1485.02    1487.52 0.0000e+00
       6282    235.000     7.6706   3.597260     7.6721   3.597536      96.05     1.6456     0.0351    71.5248 1.0000e-12    4.10365    34.9591    34.9605    27.2909    1485.03    1487.51 0.0000e+00
       6307    236.000     7.6687   3.597214     7.6701   3.597486      67.54     1.6451     0.0317    71.5486 1.0000e-12    4.10204    34.9600    34.9615    27.2919    1485.04    1487.50 0.0000e+00
       6333    237.000     7.6677   3.597204     7.6692   3.597482      80.09     1.6464     0.0327    71.5617 1.0000e-12    4.13426    34.9604    34.9619    27.2924    1485.06    1487.49 0.0000e+00
       6358    238.000     7.6667   3.597179     7.6681   3.597455      96.55     1.6481     0.0316    71.5546 1.0000e-12    4.13284    34.9606    34.9622    27.2927    1485.07    1487.48 0.0000e+00
       6383    239.000     7.6663   3.597206     7.6677   3.597473      96.56     1.6493     0.0325    71.5556 1.0000e-12    4.13019    34.9608    34.9623    27.2929    1485.08    1487.47 0.0000e+00
       6408    240.000     7.6658   3.597228     7.6672   3.597506      96.56     1.6496     0.0311    71.5659 1.0000e-12    4.12474    34.9611    34.9627    27.2932    1485.10    1487.46 0.0000e+00
       6433    241.000     7.6649   3.597232     7.6663   3.597513      96.56     1.6495     0.0319    71.5732 1.0000e-12    4.12263    34.9615    34.9632    27.2937    1485.11    1487.45 0.0000e+00
