_data/ctd/2016/Sta0943_2016.cnv
* Sea-Bird SBE 9 Data File:
* FileName = C:\Seabird\CTDDATA\sta0943.hex
* Software Version Seasave V 7.21f
* Temperature SN = 5458
* Conductivity SN = 044221
* Number of Bytes Per Scan = 41
* Number of Voltage Words = 4
* Number of Scans Averaged by the Deck Unit = 1
* NMEA Latitude = 60 50.22 N
* NMEA Longitude = 004 59.75 E
* NMEA UTC (Time) = Sep 20 2016 00:16:06
** Ship: 01 F/F "Håkon Mosby"
** Station: 0943
** Echodepth: 357
** Log: 3285.3
** Wind-Dir Force: 03 01
** Air-temp (dry): 13
** Weather Sky: 2 9
** Sea Ice: 2 0
** UNIS station:
# nquan = 18                                
# nvalues = 344                         
# units = specified
# name 0 = scan: Scan Count
# name 1 = prDM: Pressure, Digiquartz [db]
# name 2 = t068C: Temperature [ITS-68, deg C]
# name 3 = c0S/m: Conductivity [S/m]
# name 4 = t168C: Temperature, 2 [ITS-68, deg C]
# name 5 = c1S/m: Conductivity, 2 [S/m]
# name 6 = altM: Altimeter [m]
# name 7 = sbeox0V: Oxygen raw, SBE 43 [V]
# name 8 = flC: Fluorescence, Chelsea Aqua 3 Chl Con [ug/l]
# name 9 = xmiss: Beam Transmission, Chelsea/Seatech [%]
# name 10 = par: PAR/Irradiance, Biospherical/Licor
# name 11 = sbeox0ML/L: Oxygen, SBE 43 [ml/l], WS = 2
# name 12 = sal00: Salinity, Practical [PSU]
# name 13 = sal11: Salinity, Practical, 2 [PSU]
# name 14 = sigma-t00: Density [sigma-t, Kg/m^3 ]
# name 15 = svCM: Sound Velocity [Chen-Millero, m/s]
# name 16 = avgsvCM: Average Sound Velocity [Chen-Millero, m/s], minP = 0, minS = 0
# name 17 = flag: flag
# span 0 =        404,       8594       
# span 1 =      3.000,    346.000       
# span 2 =     7.7658,    15.9636       
# span 3 =   3.349345,   3.927780       
# span 4 =     7.7672,    16.0463       
# span 5 =   3.364749,   3.928771       
# span 6 =      18.29,      98.02       
# span 7 =     1.9061,     2.3704       
# span 8 =     0.0264,     0.8404       
# span 9 =    63.7287,    71.9139       
# span 10 = -5.836e-05, 2.5942e-01      
# span 11 =    4.91640,    5.74022      
# span 12 =    25.9250,    35.1271      
# span 13 =    26.0029,    35.1286      
# span 14 =    18.7892,    27.4088      
# span 15 =    1484.12,    1505.12      
# span 16 =    1488.72,    1503.67      
# span 17 = 0.0000e+00, 0.0000e+00      
# interval = decibars: 1                
# start_time = Sep 20 2016 00:16:08 [System UTC, first data scan.]
# bad_flag = -9.990e-29
*END*
[from data line 81]
       2437     84.000     8.9817   3.633192     8.9795   3.636832      56.25     2.0291     0.0521    71.8628 1.0000e-12    5.22691    34.1267    34.1669    26.4376    1486.43    1498.31 0.0000e+00
       2459     85.000     8.6907   3.607292     8.6907   3.608111      95.88     2.0250     0.0510    71.8857 1.0000e-12    5.18604    34.1346    34.1432    26.4894    1485.38    1498.16 0.0000e+00
       2482     86.000     8.6339   3.603752     8.6348   3.604690      96.55     2.0157     0.0511    71.8765 1.0000e-12    5.16094    34.1516    34.1606    26.5116    1485.21    1498.00 0.0000e+00
       2505     87.000     8.5453   3.597030     8.5464   3.597356      70.48     2.0103     0.0509    71.8256 1.0000e-12    5.19746    34.1658    34.1682    26.5365    1484.91    1497.85 0.0000e+00
       2529     88.000     8.4690   3.594345     8.4697   3.594638      89.82     2.0089     0.0483    71.8471 1.0000e-12    5.22083    34.2109    34.2133    26.5836    1484.70    1497.70 0.0000e+00
       2552     89.000     8.4494   3.594677     8.4518   3.594808      96.54     2.0059     0.0483    71.8416 1.0000e-12    5.19758    34.2330    34.2320    26.6039    1484.67    1497.55 0.0000e+00
       2576     90.000     8.4472   3.594992     8.4483   3.595082      76.72     2.0025     0.0506    71.8897 1.0000e-12    5.19301    34.2380    34.2379    26.6081    1484.68    1497.41 0.0000e+00
       2599     91.000     8.4335   3.594597     8.4351   3.594790      88.72     2.0013     0.0528    71.9139 1.0000e-12    5.21318    34.2466    34.2471    26.6170    1484.66    1497.27 0.0000e+00
       2623     92.000     8.4087   3.593591     8.4097   3.593772      96.56     2.0002     0.0537    71.9042 1.0000e-12    5.19697    34.2596    34.2605    26.6310    1484.60    1497.13 0.0000e+00
       2645     93.000     8.3781   3.594108     8.3787   3.594140      84.40     1.9971     0.0518    71.8992 1.0000e-12    5.17907    34.2944    34.2941    26.6629    1484.54    1496.99 0.0000e+00
       2668     94.000     8.3417   3.592364     8.3430   3.592593      86.20     1.9952     0.0516    71.9137 1.0000e-12    5.18627    34.3108    34.3120    26.6814    1484.44    1496.86 0.0000e+00
       2692     95.000     8.3166   3.591639     8.3175   3.591736      96.38     1.9922     0.0519    71.9107 1.0000e-12    5.15758    34.3271    34.3273    26.6980    1484.39    1496.73 0.0000e+00
       2716     96.000     8.2861   3.592690     8.2871   3.592489      89.18     1.9873     0.0486    71.9047 1.0000e-12    5.12636    34.3676    34.3645    26.7344    1484.34    1496.60 0.0000e+00
       2740     97.000     8.2834   3.594689     8.2842   3.594826      88.34     1.9822     0.0477    71.9124 1.0000e-12    5.12872    34.3911    34.3918    26.7533    1484.37    1496.47 0.0000e+00
       2765     98.000     8.2579   3.594616     8.2600   3.594460      96.47     1.9786     0.0478    71.9022 1.0000e-12    5.11671    34.4148    34.4111    26.7757    1484.32    1496.34 0.0000e+00
       2789     99.000     8.2930   3.599576     8.2943   3.599518      89.80     1.9744     0.0490    71.9053 1.0000e-12    5.10539    34.4328    34.4309    26.7845    1484.49    1496.22 0.0000e+00
       2813    100.000     8.2684   3.597712     8.2686   3.598032      91.43     1.9728     0.0484    71.8754 1.0000e-12    5.12867    34.4365    34.4397    26.7912    1484.42    1496.10 0.0000e+00
       2837    101.000     8.2136   3.593936     8.2141   3.594177      96.46     1.9712     0.0481    71.8889 1.0000e-12    5.11896    34.4495    34.4516    26.8097    1484.25    1495.99 0.0000e+00
       2862    102.000     8.1553   3.594984     8.1563   3.594943      92.25     1.9686     0.0470    71.8885 1.0000e-12    5.10085    34.5175    34.5161    26.8719    1484.13    1495.87 0.0000e+00
       2888    103.000     8.1393   3.596309     8.1405   3.596377      94.60     1.9647     0.0465    71.8800 1.0000e-12    5.07953    34.5469    34.5465    26.8974    1484.12    1495.75 0.0000e+00
       2913    104.000     8.1324   3.597524     8.1334   3.597555      96.58     1.9594     0.0484    71.8769 1.0000e-12    5.03482    34.5662    34.5656    26.9136    1484.14    1495.64 0.0000e+00
       2938    105.000     8.1236   3.598499     8.1246   3.598543      96.15     1.9518     0.0458    71.8695 1.0000e-12    4.99225    34.5849    34.5843    26.9295    1484.14    1495.53 0.0000e+00
       2961    106.000     8.1226   3.599200     8.1238   3.599257      96.44     1.9443     0.0430    71.8572 1.0000e-12    4.97863    34.5929    34.5923    26.9360    1484.17    1495.42 0.0000e+00
       2984    107.000     8.1235   3.599654     8.1245   3.599706      96.54     1.9391     0.0439    71.8417 1.0000e-12    4.98346    34.5964    34.5959    26.9386    1484.19    1495.32 0.0000e+00
       3007    108.000     8.1226   3.599967     8.1238   3.600068      96.55     1.9354     0.0463    71.8416 1.0000e-12    4.98936    34.6001    34.6000    26.9417    1484.21    1495.21 0.0000e+00
       3030    109.000     8.1208   3.600434     8.1219   3.600514      96.55     1.9326     0.0465    71.8395 1.0000e-12    4.98310    34.6064    34.6062    26.9469    1484.23    1495.11 0.0000e+00
       3055    110.000     8.1162   3.601913     8.1173   3.601889      96.55     1.9296     0.0480    71.8294 1.0000e-12    4.97569    34.6263    34.6249    26.9632    1484.25    1495.01 0.0000e+00
       3079    111.000     8.1121   3.602358     8.1132   3.602558      96.55     1.9269     0.0455    71.8341 1.0000e-12    4.96997    34.6346    34.6357    26.9703    1484.26    1494.92 0.0000e+00
       3105    112.000     8.0898   3.600485     8.0910   3.600681      96.56     1.9245     0.0458    71.8237 1.0000e-12    4.97025    34.6361    34.6370    26.9749    1484.20    1494.82 0.0000e+00
       3129    113.000     8.0788   3.600416     8.0802   3.600531      96.56     1.9227     0.0460    71.8103 1.0000e-12    4.97914    34.6458    34.6456    26.9841    1484.18    1494.72 0.0000e+00
       3153    114.000     8.0960   3.603882     8.0972   3.603658      96.55     1.9228     0.0477    71.7999 1.0000e-12    5.00614    34.6654    34.6618    26.9969    1484.29    1494.63 0.0000e+00
       3176    115.000     8.1181   3.607294     8.1192   3.607083      96.55     1.9254     0.0463    71.7564 1.0000e-12    5.02145    34.6796    34.6762    27.0047    1484.41    1494.54 0.0000e+00
       3200    116.000     8.1249   3.610058     8.1260   3.610032      96.55     1.9268     0.0443    71.7403 1.0000e-12    4.99676    34.7019    34.7006    27.0213    1484.47    1494.46 0.0000e+00
       3224    117.000     8.1230   3.610972     8.1242   3.611066      96.55     1.9248     0.0451    71.7575 1.0000e-12    4.95062    34.7131    34.7129    27.0303    1484.50    1494.37 0.0000e+00
       3248    118.000     8.1248   3.612428     8.1259   3.612490      96.55     1.9200     0.0427    71.7178 1.0000e-12    4.92098    34.7264    34.7260    27.0405    1484.54    1494.29 0.0000e+00
       3273    119.000     8.1200   3.612536     8.1204   3.612642      96.56     1.9158     0.0432    71.7019 1.0000e-12    4.91841    34.7318    34.7326    27.0455    1484.54    1494.20 0.0000e+00
       3298    120.000     8.1211   3.613112     8.1224   3.613180      96.56     1.9125     0.0408    71.7038 1.0000e-12    4.91640    34.7364    34.7359    27.0489    1484.57    1494.12 0.0000e+00
       3322    121.000     8.1284   3.614200     8.1294   3.614330      96.56     1.9100     0.0423    71.7002 1.0000e-12    4.92229    34.7404    34.7408    27.0509    1484.62    1494.04 0.0000e+00
       3346    122.000     8.1250   3.614055     8.1258   3.614188      96.56     1.9091     0.0409    71.6883 1.0000e-12    4.92529    34.7417    34.7423    27.0525    1484.62    1493.97 0.0000e+00
       3370    123.000     8.1239   3.616463     8.1250   3.616429      96.55     1.9078     0.0415    71.6828 1.0000e-12    4.91970    34.7681    34.7666    27.0734    1484.67    1493.89 0.0000e+00
       3394    124.000     8.1138   3.617468     8.1149   3.617575      96.55     1.9068     0.0413    71.6500 1.0000e-12    4.92101    34.7884    34.7884    27.0908    1484.67    1493.82 0.0000e+00
       3418    125.000     8.1024   3.617098     8.1032   3.617274      96.56     1.9061     0.0425    71.6430 1.0000e-12    4.93011    34.7952    34.7963    27.0979    1484.65    1493.74 0.0000e+00
       3443    126.000     8.0902   3.616477     8.0911   3.616759      96.55     1.9066     0.0452    71.5918 1.0000e-12    4.94828    34.8002    34.8023    27.1037    1484.63    1493.67 0.0000e+00
       3467    127.000     8.0768   3.615923     8.0778   3.616060      96.56     1.9085     0.0434    71.5815 1.0000e-12    4.97458    34.8071    34.8076    27.1111    1484.60    1493.60 0.0000e+00
       3491    128.000     8.0746   3.616845     8.0758   3.616947      96.56     1.9116     0.0432    71.5711 1.0000e-12    4.99330    34.8187    34.8186    27.1205    1484.63    1493.53 0.0000e+00
       3514    129.000     8.0838   3.619312     8.0846   3.619069      96.55     1.9149     0.0431    71.5529 1.0000e-12    5.01241    34.8355    34.8321    27.1323    1484.70    1493.46 0.0000e+00
       3538    130.000     8.0953   3.622786     8.0964   3.622728      96.55     1.9192     0.0432    71.5261 1.0000e-12    5.02745    34.8608    34.8591    27.1505    1484.79    1493.39 0.0000e+00
       3561    131.000     8.0942   3.624279     8.0953   3.624379      59.93     1.9221     0.0416    71.5171 1.0000e-12    5.01884    34.8774    34.8774    27.1637    1484.82    1493.33 0.0000e+00
       3585    132.000     8.0844   3.624062     8.0854   3.624367      64.30     1.9249     0.0421    71.5025 1.0000e-12    5.04239    34.8843    34.8866    27.1706    1484.81    1493.26 0.0000e+00
       3609    133.000     8.0617   3.622577     8.0621   3.622835      96.92     1.9280     0.0430    71.5112 1.0000e-12    5.03881    34.8905    34.8929    27.1789    1484.75    1493.20 0.0000e+00
       3634    134.000     8.0405   3.621266     8.0417   3.621543      59.27     1.9289     0.0436    71.5008 1.0000e-12    5.03761    34.8971    34.8989    27.1873    1484.69    1493.13 0.0000e+00
       3659    135.000     8.0270   3.620286     8.0283   3.620576      73.52     1.9321     0.0407    71.4951 1.0000e-12    5.09750    34.8996    34.9014    27.1912    1484.66    1493.07 0.0000e+00
       3683    136.000     8.0215   3.619968     8.0226   3.620147      96.60     1.9383     0.0391    71.4486 1.0000e-12    5.13366    34.9011    34.9020    27.1933    1484.66    1493.01 0.0000e+00
       3706    137.000     8.0244   3.620629     8.0254   3.620778      64.10     1.9443     0.0416    71.4529 1.0000e-12    5.15978    34.9049    34.9055    27.1958    1484.69    1492.95 0.0000e+00
       3729    138.000     8.0261   3.620992     8.0272   3.621159      71.33     1.9517     0.0417    71.4032 1.0000e-12    5.19595    34.9066    34.9073    27.1969    1484.72    1492.89 0.0000e+00
       3752    139.000     8.0287   3.621603     8.0298   3.621659      96.51     1.9577     0.0379    71.4195 1.0000e-12    5.18804    34.9100    34.9096    27.1992    1484.75    1492.83 0.0000e+00
       3777    140.000     8.0322   3.622877     8.0332   3.623074      68.48     1.9615     0.0370    71.3905 1.0000e-12    5.17510    34.9197    34.9209    27.2063    1484.79    1492.77 0.0000e+00
       3803    141.000     8.0033   3.620713     8.0046   3.621161      79.05     1.9647     0.0397    71.3943 1.0000e-12    5.18714    34.9249    34.9284    27.2147    1484.70    1492.71 0.0000e+00
       3829    142.000     7.9886   3.619516     7.9896   3.619755      96.59     1.9658     0.0414    71.4064 1.0000e-12    5.16970    34.9262    34.9277    27.2179    1484.67    1492.65 0.0000e+00
       3854    143.000     7.9793   3.618876     7.9802   3.619147      61.87     1.9668     0.0381    71.3793 1.0000e-12    5.20258    34.9281    34.9301    27.2208    1484.65    1492.60 0.0000e+00
       3877    144.000     7.9740   3.618611     7.9750   3.618828      87.22     1.9717     0.0377    71.3482 1.0000e-12    5.24825    34.9300    34.9314    27.2231    1484.65    1492.54 0.0000e+00
       3900    145.000     7.9727   3.618728     7.9738   3.618936      96.59     1.9759     0.0366    71.3244 1.0000e-12    5.25546    34.9321    34.9333    27.2250    1484.66    1492.49 0.0000e+00
       3923    146.000     7.9692   3.618962     7.9703   3.619156      71.87     1.9799     0.0392    71.2996 1.0000e-12    5.26387    34.9376    34.9386    27.2298    1484.67    1492.43 0.0000e+00
       3947    147.000     7.9647   3.619018     7.9658   3.619233      81.92     1.9841     0.0402    71.2757 1.0000e-12    5.28546    34.9422    34.9435    27.2341    1484.68    1492.38 0.0000e+00
       3972    148.000     7.9646   3.619465     7.9656   3.619651      96.45     1.9875     0.0405    71.2172 1.0000e-12    5.27401    34.9467    34.9477    27.2376    1484.70    1492.33 0.0000e+00
       3996    149.000     7.9589   3.619168     7.9600   3.619413      72.72     1.9890     0.0395    71.2413 1.0000e-12    5.27643    34.9487    34.9502    27.2400    1484.70    1492.28 0.0000e+00
       4021    150.000     7.9520   3.619190     7.9531   3.619439      87.82     1.9924     0.0404    71.2364 1.0000e-12    5.30596    34.9553    34.9569    27.2463    1484.70    1492.23 0.0000e+00
       4045    151.000     7.9411   3.618767     7.9422   3.619035      96.48     1.9948     0.0377    71.2499 1.0000e-12    5.29738    34.9612    34.9630    27.2525    1484.68    1492.18 0.0000e+00
       4070    152.000     7.9317   3.618192     7.9326   3.618440      72.22     1.9957     0.0382    71.2572 1.0000e-12    5.29918    34.9639    34.9657    27.2561    1484.66    1492.13 0.0000e+00
       4095    153.000     7.9282   3.618002     7.9293   3.618236      92.14     1.9990     0.0403    71.2239 1.0000e-12    5.34663    34.9649    34.9663    27.2574    1484.67    1492.08 0.0000e+00
       4119    154.000     7.9251   3.617940     7.9264   3.618181      96.53     2.0033     0.0404    71.2323 1.0000e-12    5.35277    34.9668    34.9681    27.2593    1484.67    1492.03 0.0000e+00
       4144    155.000     7.9198   3.617954     7.9209   3.618184      74.15     2.0060     0.0372    71.2241 1.0000e-12    5.36332    34.9718    34.9732    27.2640    1484.68    1491.98 0.0000e+00
       4168    156.000     7.9162   3.617924     7.9174   3.618169      95.77     2.0109     0.0392    71.2113 1.0000e-12    5.38961    34.9746    34.9760    27.2668    1484.68    1491.94 0.0000e+00
       4193    157.000     7.9128   3.617986     7.9139   3.618188      96.55     2.0136     0.0401    71.2033 1.0000e-12    5.37314    34.9782    34.9792    27.2701    1484.69    1491.89 0.0000e+00
       4218    158.000     7.9110   3.618239     7.9122   3.618459      77.26     2.0147     0.0409    71.2264 1.0000e-12    5.38112    34.9822    34.9834    27.2735    1484.71    1491.84 0.0000e+00
       4242    159.000     7.9111   3.618507     7.9123   3.618730      96.46     2.0184     0.0419    71.2302 1.0000e-12    5.41038    34.9845    34.9857    27.2753    1484.73    1491.80 0.0000e+00
       4266    160.000     7.9122   3.618735     7.9134   3.618953      96.55     2.0212     0.0423    71.2455 1.0000e-12    5.40380    34.9854    34.9865    27.2758    1484.75    1491.75 0.0000e+00
       4290    161.000     7.9128   3.618946     7.9140   3.619171      81.20     2.0221     0.0393    71.2312 1.0000e-12    5.40666    34.9865    34.9878    27.2767    1484.77    1491.71 0.0000e+00
       4314    162.000     7.9140   3.619259     7.9152   3.619447      96.76     2.0255     0.0385    71.2404 1.0000e-12    5.42886    34.9882    34.9890    27.2778    1484.79    1491.67 0.0000e+00
