_data/ctd/2016/Sta0950_2016.cnv
* Sea-Bird SBE 9 Data File:
* FileName = C:\Seabird\CTDDATA\sta0950.hex
* Software Version Seasave V 7.21f
* Temperature SN = 5458
* Conductivity SN = 044221
* Number of Bytes Per Scan = 41
* Number of Voltage Words = 4
* Number of Scans Averaged by the Deck Unit = 1
* NMEA Latitude = 60 52.14 N
* NMEA Longitude = 005 22.02 E
* NMEA UTC (Time) = Sep 20 2016 07:09:29
** Ship: 01 F/F "Håkon Mosby"
** Station: 0950
** Echodepth: 474
** Log: 3317.740
** Wind-Dir Force: 27 01
** Air-temp (dry): 12
** Weather Sky: 2 9
** Sea Ice: 1 0
** UNIS station:
# nquan = 18                                
# nvalues = 460                         
# units = specified
# name 0 = scan: Scan Count
# name 1 = prDM: Pressure, Digiquartz [db]
# name 2 = t068C: Temperature [ITS-68, deg C]
# name 3 = c0S/m: Conductivity [S/m]
# name 4 = t168C: Temperature, 2 [ITS-68, deg C]
# name 5 = c1S/m: Conductivity, 2 [S/m]
# name 6 = altM: Altimeter [m]
# name 7 = sbeox0V: Oxygen raw, SBE 43 [V]
# name 8 = flC: Fluorescence, Chelsea Aqua 3 Chl Con [ug/l]
# name 9 = xmiss: Beam Transmission, Chelsea/Seatech [%]
# name 10 = par: PAR/Irradiance, Biospherical/Licor
# name 11 = sbeox0ML/L: Oxygen, SBE 43 [ml/l], WS = 2
# name 12 = sal00: Salinity, Practical [PSU]
# name 13 = sal11: Salinity, Practical, 2 [PSU]
# name 14 = sigma-t00: Density [sigma-t, Kg/m^3 ]
# name 15 = svCM: Sound Velocity [Chen-Millero, m/s]
# name 16 = avgsvCM: Average Sound Velocity [Chen-Millero, m/s], minP = 0, minS = 0
# name 17 = flag: flag
# span 0 =        642,      12456       
# span 1 =      5.000,    464.000       
# span 2 =     8.1519,    14.9719       
# span 3 =   3.581377,   3.803187       
# span 4 =     8.1534,    14.9735       
# span 5 =   3.582184,   3.803507       
# span 6 =      35.03,      97.73       
# span 7 =     1.0189,     2.2535       
# span 8 =     0.0349,     0.5117       
# span 9 =    67.2580,    72.1107       
# span 10 = 1.0000e-12, 1.2208e+01      
# span 11 =    1.84106,    5.57116      
# span 12 =    29.1888,    35.0503      
# span 13 =    29.0028,    35.0528      
# span 14 =    21.5148,    27.2842      
# span 15 =    1484.50,    1501.74      
# span 16 =    1488.48,    1500.76      
# span 17 = 0.0000e+00, 0.0000e+00      
# interval = decibars: 1                
# start_time = Sep 20 2016 07:09:30 [System UTC, first data scan.]
# bad_flag = -9.990e-29
*END*
        642      5.000    14.9176   3.639499    14.9235   3.619093      96.55     2.2535     0.5117    68.2070 1.2208e+01    5.39641    29.1888    29.0028    21.5148    1499.72    1499.72 0.0000e+00
        698      6.000    14.9174   3.658769    14.9163   3.686451      96.56     2.2458     0.4796    67.2580 8.8243e+00    5.35183    29.3602    29.6079    21.6468    1499.94    1499.76 0.0000e+00
        756      7.000    14.9038   3.691804    14.9186   3.708525      96.56     2.2370     0.4527    68.3437 6.4143e+00    5.31116    29.6648    29.8028    21.8839    1500.26    1499.83 0.0000e+00
        799      8.000    14.9055   3.720964    14.9026   3.722249      96.56     2.2273     0.4185    68.6347 4.9677e+00    5.25968    29.9236    29.9373    22.0827    1500.59    1499.93 0.0000e+00
        832      9.000    14.8843   3.733676    14.8858   3.733047      96.56     2.2194     0.3961    68.8616 3.8043e+00    5.24078    30.0532    30.0464    22.1869    1500.69    1500.01 0.0000e+00
        864     10.000    14.8522   3.740611    14.8529   3.740830      96.56     2.2134     0.3380    69.2711 2.9316e+00    5.22640    30.1397    30.1411    22.2601    1500.70    1500.08 0.0000e+00
        897     11.000    14.8145   3.742174    14.8243   3.742724      96.38     2.2049     0.2926    69.5008 2.3066e+00    5.18501    30.1825    30.1798    22.3009    1500.64    1500.13 0.0000e+00
        930     12.000    14.7961   3.746445    14.8037   3.745988      96.56     2.1954     0.2574    69.7335 1.8502e+00    5.16998    30.2347    30.2247    22.3450    1500.66    1500.17 0.0000e+00
        961     13.000    14.7646   3.755246    14.7738   3.754419      96.56     2.1908     0.2288    69.9723 1.4994e+00    5.17795    30.3378    30.3232    22.4309    1500.70    1500.21 0.0000e+00
        992     14.000    14.7666   3.759723    14.7510   3.755331      96.56     2.1870     0.2115    70.1771 1.2365e+00    5.15639    30.3761    30.3488    22.4600    1500.77    1500.25 0.0000e+00
       1021     15.000    14.7641   3.761671    14.7603   3.759870      96.56     2.1827     0.1927    70.3757 1.0376e+00    5.15423    30.3952    30.3819    22.4752    1500.80    1500.29 0.0000e+00
       1047     16.000    14.8963   3.785035    14.9019   3.783925      96.56     2.1810     0.1715    70.4637 8.7718e-01    5.14577    30.5013    30.4870    22.5292    1501.36    1500.36 0.0000e+00
       1074     17.000    14.9558   3.796199    14.9574   3.796343      96.56     2.1822     0.1609    70.5476 7.5099e-01    5.15620    30.5544    30.5545    22.5575    1501.63    1500.43 0.0000e+00
       1099     18.000    14.9719   3.801670    14.9735   3.801389      96.56     2.1829     0.1440    70.6794 6.3930e-01    5.15002    30.5904    30.5867    22.5819    1501.74    1500.50 0.0000e+00
       1125     19.000    14.9241   3.802366    14.9228   3.803063      91.25     2.1836     0.1345    70.7536 5.5571e-01    5.14588    30.6338    30.6410    22.6253    1501.65    1500.57 0.0000e+00
       1150     20.000    14.8230   3.796038    14.8239   3.796786      68.97     2.1811     0.1250    70.8097 4.8340e-01    5.13446    30.6560    30.6620    22.6637    1501.37    1500.61 0.0000e+00
       1175     21.000    14.7479   3.791171    14.7506   3.791793      96.34     2.1774     0.1152    70.9319 4.2284e-01    5.12650    30.6709    30.6744    22.6909    1501.16    1500.63 0.0000e+00
       1201     22.000    14.7290   3.791936    14.7302   3.792253      96.13     2.1747     0.1065    71.0322 3.7041e-01    5.12880    30.6923    30.6942    22.7114    1501.14    1500.66 0.0000e+00
       1227     23.000    14.7364   3.797618    14.7372   3.797220      96.41     2.1721     0.1052    71.0743 3.2650e-01    5.12107    30.7373    30.7331    22.7445    1501.24    1500.68 0.0000e+00
       1252     24.000    14.7344   3.801310    14.7358   3.801543      96.56     2.1710     0.0982    71.1091 2.8340e-01    5.12897    30.7717    30.7727    22.7714    1501.29    1500.71 0.0000e+00
       1278     25.000    14.7215   3.803187    14.7228   3.803507      96.56     2.1709     0.0945    71.1391 2.4781e-01    5.13267    30.7985    30.8003    22.7947    1501.29    1500.73 0.0000e+00
       1304     26.000    14.6774   3.801940    14.6789   3.802516      96.56     2.1703     0.0902    71.1710 2.1873e-01    5.12417    30.8218    30.8258    22.8219    1501.20    1500.75 0.0000e+00
       1330     27.000    14.6118   3.799066    14.6133   3.799634      96.56     2.1679     0.0898    71.2321 1.9213e-01    5.11600    30.8475    30.8514    22.8554    1501.03    1500.76 0.0000e+00
       1355     28.000    14.5648   3.797317    14.5661   3.797689      96.56     2.1648     0.0875    71.2774 1.6308e-01    5.10924    30.8686    30.8709    22.8814    1500.92    1500.76 0.0000e+00
       1380     29.000    14.5073   3.794902    14.5079   3.796090      96.56     2.1624     0.0837    71.3121 1.3881e-01    5.11421    30.8921    30.9024    22.9115    1500.78    1500.76 0.0000e+00
       1406     30.000    14.3781   3.784165    14.3790   3.784747      96.56     2.1607     0.0824    71.3618 1.2079e-01    5.12431    30.8973    30.9019    22.9422    1500.38    1500.75 0.0000e+00
       1431     31.000    14.2868   3.777261    14.2876   3.778529      96.56     2.1583     0.0806    71.3879 1.0298e-01    5.11133    30.9070    30.9179    22.9685    1500.11    1500.73 0.0000e+00
       1457     32.000    14.1360   3.763298    14.1370   3.764710      65.21     2.1526     0.0809    71.4288 8.5703e-02    5.10181    30.9000    30.9120    22.9939    1499.63    1500.70 0.0000e+00
       1483     33.000    14.0198   3.754140    14.0210   3.755067      96.24     2.1480     0.0779    71.4469 7.1715e-02    5.10174    30.9090    30.9165    23.0245    1499.27    1500.65 0.0000e+00
       1509     34.000    13.9497   3.749411    13.9510   3.750153      96.56     2.1431     0.0745    71.4765 6.0165e-02    5.10410    30.9215    30.9273    23.0484    1499.07    1500.61 0.0000e+00
       1535     35.000    13.8194   3.737216    13.8198   3.738267      96.56     2.1411     0.0729    71.4769 4.7388e-02    5.12198    30.9139    30.9233    23.0688    1498.65    1500.55 0.0000e+00
       1561     36.000    13.7517   3.734950    13.7534   3.735728      96.56     2.1380     0.0753    71.5081 3.8605e-02    5.11426    30.9472    30.9530    23.1081    1498.49    1500.49 0.0000e+00
       1587     37.000    13.6172   3.725316    13.6184   3.726339      96.55     2.1359     0.0720    71.5489 2.6494e-02    5.12824    30.9666    30.9750    23.1499    1498.08    1500.43 0.0000e+00
       1612     38.000    13.5201   3.718252    13.5219   3.719291      84.90     2.1337     0.0672    71.5945 2.1530e-02    5.12916    30.9794    30.9876    23.1791    1497.79    1500.36 0.0000e+00
       1638     39.000    13.3657   3.708502    13.3657   3.709465      75.41     2.1316     0.0665    71.6249 1.3946e-02    5.15135    31.0139    31.0228    23.2362    1497.33    1500.28 0.0000e+00
       1664     40.000    13.2783   3.707587    13.2802   3.707933      96.94     2.1316     0.0653    71.6731 7.8590e-03    5.16889    31.0762    31.0778    23.3015    1497.13    1500.20 0.0000e+00
       1690     41.000    13.1688   3.703487    13.1698   3.704078      96.55     2.1334     0.0623    71.6833 3.6205e-03    5.20584    31.1270    31.1317    23.3622    1496.84    1500.12 0.0000e+00
       1716     42.000    13.0707   3.701077    13.0719   3.701640      96.56     2.1373     0.0642    71.7344 1.2054e-03    5.23815    31.1845    31.1888    23.4258    1496.60    1500.04 0.0000e+00
       1743     43.000    12.9977   3.700294    12.9991   3.700722      96.56     2.1421     0.0611    71.7612 1.1158e-05    5.25601    31.2368    31.2397    23.4804    1496.43    1499.95 0.0000e+00
       1769     44.000    12.9249   3.699070    12.9274   3.699541      96.56     2.1447     0.0622    71.7668 7.3847e-08    5.25632    31.2850    31.2874    23.5317    1496.26    1499.87 0.0000e+00
       1797     45.000    12.8480   3.698631    12.8497   3.699190      82.52     2.1460     0.0597    71.7979 1.0000e-12    5.27035    31.3441    31.3480    23.5923    1496.08    1499.78 0.0000e+00
       1823     46.000    12.6458   3.690596    12.6487   3.691618      96.53     2.1494     0.0601    71.8129 1.0000e-12    5.29004    31.4358    31.4431    23.7020    1495.53    1499.69 0.0000e+00
       1849     47.000    12.5258   3.691406    12.5273   3.691343      96.56     2.1467     0.0588    71.8049 1.0000e-12    5.27125    31.5434    31.5416    23.8081    1495.26    1499.60 0.0000e+00
       1875     48.000    12.4480   3.692394    12.4498   3.692849      96.56     2.1478     0.0584    71.8147 1.0000e-12    5.32971    31.6177    31.6206    23.8804    1495.10    1499.50 0.0000e+00
       1901     49.000    12.3965   3.703651    12.3968   3.703559      96.55     2.1528     0.0610    71.8109 1.0000e-12    5.34905    31.7681    31.7670    24.0066    1495.12    1499.41 0.0000e+00
       1928     50.000    12.0344   3.683465    12.0326   3.685139      96.56     2.1554     0.0580    71.7556 1.0000e-12    5.33798    31.8819    31.8996    24.1626    1494.03    1499.30 0.0000e+00
       1954     51.000    11.6560   3.669886    11.6529   3.671351      95.89     2.1468     0.0582    71.7269 1.0000e-12    5.29494    32.0752    32.0921    24.3821    1492.97    1499.18 0.0000e+00
       1981     52.000    11.4353   3.660335    11.4344   3.661173      87.68     2.1409     0.0565    71.7588 1.0000e-12    5.39142    32.1730    32.1820    24.4980    1492.34    1499.05 0.0000e+00
       2008     53.000    11.2050   3.652583    11.2044   3.653458      96.53     2.1481     0.0524    71.7870 1.0000e-12    5.49076    32.2977    32.3068    24.6361    1491.70    1498.91 0.0000e+00
       2035     54.000    10.9333   3.642474    10.9325   3.643828      96.56     2.1558     0.0542    71.7863 1.0000e-12    5.53107    32.4366    32.4507    24.7921    1490.93    1498.76 0.0000e+00
       2063     55.000    10.6404   3.631905    10.6381   3.632586      96.56     2.1598     0.0531    71.7330 1.0000e-12    5.53401    32.5913    32.6001    24.9635    1490.09    1498.60 0.0000e+00
       2090     56.000    10.3611   3.623519    10.3611   3.624320      96.56     2.1592     0.0547    71.7869 1.0000e-12    5.54877    32.7573    32.7653    25.1407    1489.31    1498.43 0.0000e+00
       2118     57.000    10.2156   3.619616    10.2146   3.620340      96.56     2.1595     0.0558    71.8223 1.0000e-12    5.57116    32.8490    32.8572    25.2369    1488.92    1498.27 0.0000e+00
       2144     58.000    10.0323   3.614764    10.0312   3.615465      96.56     2.1591     0.0526    71.8089 1.0000e-12    5.56166    32.9660    32.9741    25.3590    1488.42    1498.10 0.0000e+00
       2171     59.000     9.8236   3.608717     9.8244   3.609163      96.56     2.1545     0.0536    71.8309 1.0000e-12    5.54426    33.0950    33.0988    25.4943    1487.84    1497.92 0.0000e+00
       2197     60.000     9.6818   3.608182     9.6831   3.608679      95.30     2.1490     0.0548    71.7963 1.0000e-12    5.51838    33.2196    33.2235    25.6151    1487.49    1497.75 0.0000e+00
       2222     61.000     9.5515   3.602522     9.5522   3.603503      45.11     2.1408     0.0543    71.8147 1.0000e-12    5.50222    33.2818    33.2912    25.6849    1487.11    1497.57 0.0000e+00
       2248     62.000     9.4592   3.601390     9.4612   3.601700      96.51     2.1327     0.0535    71.8307 1.0000e-12    5.46483    33.3554    33.3568    25.7575    1486.88    1497.40 0.0000e+00
       2275     63.000     9.3858   3.604097     9.3868   3.604064      96.56     2.1232     0.0556    71.8586 1.0000e-12    5.44317    33.4514    33.4501    25.8444    1486.74    1497.23 0.0000e+00
       2301     64.000     9.2278   3.600240     9.2289   3.600577      96.56     2.1139     0.0546    71.8486 1.0000e-12    5.41048    33.5591    33.5616    25.9540    1486.31    1497.05 0.0000e+00
       2327     65.000     9.1804   3.602140     9.1811   3.602512      96.55     2.1013     0.0541    71.8566 1.0000e-12    5.34736    33.6230    33.6262    26.0116    1486.23    1496.89 0.0000e+00
       2353     66.000     9.0104   3.594251     9.0110   3.594958      96.56     2.0877     0.0555    71.8972 1.0000e-12    5.30278    33.7011    33.7079    26.0997    1485.72    1496.72 0.0000e+00
       2380     67.000     8.9392   3.593105     8.9407   3.593260      82.66     2.0720     0.0539    71.9237 1.0000e-12    5.25833    33.7562    33.7564    26.1541    1485.54    1496.55 0.0000e+00
       2406     68.000     8.8837   3.592713     8.8847   3.593156      86.87     2.0602     0.0553    71.9495 1.0000e-12    5.26199    33.8045    33.8081    26.2006    1485.41    1496.38 0.0000e+00
       2432     69.000     8.7286   3.581377     8.7287   3.582184      96.63     2.0495     0.0572    71.9904 1.0000e-12    5.22963    33.8331    33.8415    26.2473    1484.89    1496.21 0.0000e+00
       2458     70.000     8.7138   3.591310     8.7156   3.590820      96.56     2.0367     0.0581    71.9992 1.0000e-12    5.16993    33.9512    33.9443    26.3421    1484.99    1496.05 0.0000e+00
       2483     71.000     8.6698   3.593580     8.6716   3.593408      96.56     2.0237     0.0582    72.0040 1.0000e-12    5.11770    34.0169    34.0133    26.4004    1484.93    1495.90 0.0000e+00
       2509     72.000     8.7237   3.605553     8.7251   3.604876      96.56     2.0091     0.0558    72.0228 1.0000e-12    5.06006    34.0906    34.0821    26.4498    1485.23    1495.75 0.0000e+00
       2535     73.000     8.6672   3.602794     8.6676   3.603470      96.56     1.9957     0.0511    72.0085 1.0000e-12    5.00649    34.1155    34.1222    26.4781    1485.07    1495.60 0.0000e+00
       2561     74.000     8.6524   3.606391     8.6535   3.605831      72.37     1.9785     0.0512    72.0291 1.0000e-12    4.93668    34.1672    34.1602    26.5210    1485.10    1495.46 0.0000e+00
       2587     75.000     8.6090   3.610651     8.6100   3.610738      97.13     1.9644     0.0496    71.9995 1.0000e-12    4.91551    34.2537    34.2536    26.5955    1485.06    1495.32 0.0000e+00
       2613     76.000     8.5638   3.611659     8.5648   3.611788      96.56     1.9502     0.0503    71.9800 1.0000e-12    4.86861    34.3077    34.3081    26.6449    1484.97    1495.18 0.0000e+00
       2639     77.000     8.4824   3.607367     8.4820   3.607995      96.56     1.9361     0.0484    71.9934 1.0000e-12    4.82186    34.3410    34.3481    26.6835    1484.73    1495.04 0.0000e+00
       2665     78.000     8.4147   3.603705     8.4160   3.603806      96.56     1.9207     0.0472    72.0257 1.0000e-12    4.75208    34.3677    34.3675    26.7149    1484.52    1494.91 0.0000e+00
       2691     79.000     8.3855   3.606416     8.3868   3.606306      96.56     1.9028     0.0507    72.0456 1.0000e-12    4.64343    34.4245    34.4221    26.7639    1484.50    1494.77 0.0000e+00
       2717     80.000     8.3748   3.608743     8.3762   3.608789      96.56     1.8783     0.0471    72.0792 1.0000e-12    4.49692    34.4592    34.4584    26.7928    1484.52    1494.65 0.0000e+00
       2742     81.000     8.3718   3.611108     8.3732   3.611009      96.31     1.8510     0.0488    72.1064 1.0000e-12    4.40740    34.4868    34.4844    26.8149    1484.56    1494.52 0.0000e+00
       2768     82.000     8.3611   3.615405     8.3625   3.615300      96.56     1.8270     0.0465    72.0791 1.0000e-12    4.38310    34.5425    34.5400    26.8602    1484.61    1494.40 0.0000e+00
       2795     83.000     8.3350   3.619243     8.3363   3.619216      70.48     1.8092     0.0438    72.0309 1.0000e-12    4.40160    34.6085    34.6070    26.9160    1484.61    1494.28 0.0000e+00
       2821     84.000     8.3263   3.621566     8.3276   3.621586      67.85     1.8011     0.0432    72.0573 1.0000e-12    4.45365    34.6413    34.6403    26.9431    1484.63    1494.16 0.0000e+00
