_data/ctd/2016/Sta0953_2016.cnv
* Sea-Bird SBE 9 Data File:
* FileName = C:\Seabird\CTDDATA\sta0953.hex
* Software Version Seasave V 7.21f
* Temperature SN = 5458
* Conductivity SN = 044221
* Number of Bytes Per Scan = 41
* Number of Voltage Words = 4
* Number of Scans Averaged by the Deck Unit = 1
* NMEA Latitude = 61 14.70 N
* NMEA Longitude = 007 21.41 E
* NMEA UTC (Time) = Sep 26 2016 08:18:36
** Ship: 01 F/F "Håkon Mosby"
** Station: 0953
** Echodepth: 652
** Log: 3752
** Wind-Dir Force: 05 01
** Air-temp (dry): 12.6
** Weather Sky: 1 9
** Sea Ice: 1 0
** UNIS station:
# nquan = 18                                
# nvalues = 644                         
# units = specified
# name 0 = scan: Scan Count
# name 1 = prDM: Pressure, Digiquartz [db]
# name 2 = t068C: Temperature [ITS-68, deg C]
# name 3 = c0S/m: Conductivity [S/m]
# name 4 = t168C: Temperature, 2 [ITS-68, deg C]
# name 5 = c1S/m: Conductivity, 2 [S/m]
# name 6 = altM: Altimeter [m]
# name 7 = sbeox0V: Oxygen raw, SBE 43 [V]
# name 8 = flC: Fluorescence, Chelsea Aqua 3 Chl Con [ug/l]
# name 9 = xmiss: Beam Transmission, Chelsea/Seatech [%]
# name 10 = par: PAR/Irradiance, Biospherical/Licor
# name 11 = sbeox0ML/L: Oxygen, SBE 43 [ml/l], WS = 2
# name 12 = sal00: Salinity, Practical [PSU]
# name 13 = sal11: Salinity, Practical, 2 [PSU]
# name 14 = sigma-t00: Density [sigma-t, Kg/m^3 ]
# name 15 = svCM: Sound Velocity [Chen-Millero, m/s]
# name 16 = avgsvCM: Average Sound Velocity [Chen-Millero, m/s], minP = 0, minS = 0
# name 17 = flag: flag
# span 0 =        746,      18925       
# span 1 =      3.000,    646.000       
# span 2 =     7.4057,    14.6125       
# span 3 =   1.234995,   3.759109       
# span 4 =     7.4070,    14.6138       
# span 5 =   1.016611,   3.757436       
# span 6 =       9.56,      96.80       
# span 7 =     1.4805,     2.7294       
# span 8 =     0.0255,     0.7681       
# span 9 =    23.3077,    78.2864       
# span 10 = 1.0000e-12, 1.1342e+02      
# span 11 =    3.70520,    7.25611      
# span 12 =     9.4388,    35.0401      
# span 13 =     7.6415,    35.0212      
# span 14 =     6.6905,    27.3929      
# span 15 =    1469.67,    1500.31      
# span 16 =    1469.67,    1495.52      
# span 17 = 0.0000e+00, 0.0000e+00      
# interval = decibars: 1                
# start_time = Sep 26 2016 08:18:37 [System UTC, first data scan.]
# bad_flag = -9.990e-29
*END*
[from data line 242]
       7422    245.000     7.6716   3.598201     7.6729   3.596459      96.56     1.7289     0.0311    72.0926 1.0000e-12    4.41255    34.9634    34.9432    27.2942    1485.21    1487.67 0.0000e+00
       7449    246.000     7.6693   3.598116     7.6707   3.596381      96.56     1.7287     0.0326    72.1113 1.0000e-12    4.40426    34.9643    34.9441    27.2952    1485.21    1487.66 0.0000e+00
       7476    247.000     7.6665   3.597927     7.6679   3.596204      96.56     1.7276     0.0328    72.0807 1.0000e-12    4.39532    34.9645    34.9445    27.2958    1485.22    1487.65 0.0000e+00
       7503    248.000     7.6632   3.597716     7.6646   3.595985      96.56     1.7264     0.0330    72.0777 1.0000e-12    4.39037    34.9651    34.9449    27.2967    1485.23    1487.64 0.0000e+00
       7530    249.000     7.6606   3.597548     7.6619   3.595807      96.56     1.7240     0.0325    72.0564 1.0000e-12    4.35246    34.9654    34.9452    27.2974    1485.23    1487.63 0.0000e+00
       7557    250.000     7.6591   3.597499     7.6604   3.595763      96.56     1.7186     0.0334    72.0185 1.0000e-12    4.30137    34.9659    34.9458    27.2980    1485.24    1487.62 0.0000e+00
       7584    251.000     7.6585   3.597526     7.6598   3.595785      96.55     1.7107     0.0299    71.9895 1.0000e-12    4.25443    34.9663    34.9461    27.2984    1485.26    1487.61 0.0000e+00
       7611    252.000     7.6567   3.597468     7.6580   3.595734      96.56     1.7020     0.0315    71.9769 1.0000e-12    4.23232    34.9670    34.9469    27.2992    1485.27    1487.60 0.0000e+00
       7638    253.000     7.6557   3.597476     7.6571   3.595738      96.56     1.6959     0.0339    71.9994 1.0000e-12    4.24620    34.9676    34.9473    27.2998    1485.28    1487.59 0.0000e+00
       7665    254.000     7.6535   3.597387     7.6547   3.595643      96.56     1.6926     0.0321    72.0126 1.0000e-12    4.26406    34.9683    34.9482    27.3007    1485.29    1487.58 0.0000e+00
       7692    255.000     7.6518   3.597320     7.6531   3.595581      96.56     1.6913     0.0300    72.0203 1.0000e-12    4.27326    34.9688    34.9487    27.3013    1485.30    1487.57 0.0000e+00
       7719    256.000     7.6503   3.597269     7.6516   3.595531      96.56     1.6910     0.0290    72.0085 1.0000e-12    4.28172    34.9693    34.9492    27.3019    1485.31    1487.56 0.0000e+00
       7747    257.000     7.6479   3.597142     7.6493   3.595406      96.56     1.6905     0.0300    72.0083 1.0000e-12    4.27209    34.9698    34.9496    27.3027    1485.32    1487.55 0.0000e+00
       7774    258.000     7.6462   3.597079     7.6476   3.595351      96.56     1.6893     0.0331    72.0087 1.0000e-12    4.25551    34.9704    34.9503    27.3034    1485.33    1487.54 0.0000e+00
       7801    259.000     7.6444   3.597014     7.6457   3.595284      96.56     1.6862     0.0322    72.0110 1.0000e-12    4.22468    34.9710    34.9509    27.3041    1485.34    1487.54 0.0000e+00
       7829    260.000     7.6439   3.597034     7.6452   3.595288      96.56     1.6821     0.0297    71.9982 1.0000e-12    4.21045    34.9712    34.9510    27.3044    1485.36    1487.53 0.0000e+00
       7856    261.000     7.6436   3.597064     7.6450   3.595313      96.56     1.6786     0.0310    72.0067 1.0000e-12    4.20531    34.9713    34.9510    27.3045    1485.37    1487.52 0.0000e+00
       7883    262.000     7.6431   3.597081     7.6444   3.595343      96.56     1.6758     0.0305    72.0019 1.0000e-12    4.20695    34.9715    34.9514    27.3048    1485.39    1487.51 0.0000e+00
       7910    263.000     7.6424   3.597096     7.6437   3.595351      96.56     1.6740     0.0308    71.9914 1.0000e-12    4.20653    34.9719    34.9517    27.3052    1485.40    1487.50 0.0000e+00
       7937    264.000     7.6420   3.597132     7.6432   3.595396      96.56     1.6726     0.0297    72.0059 1.0000e-12    4.20845    34.9722    34.9522    27.3055    1485.42    1487.50 0.0000e+00
       7964    265.000     7.6418   3.597174     7.6431   3.595431      96.56     1.6715     0.0326    72.0397 1.0000e-12    4.21356    34.9724    34.9522    27.3056    1485.43    1487.49 0.0000e+00
       7990    266.000     7.6416   3.597204     7.6428   3.595468      96.56     1.6720     0.0317    72.0380 1.0000e-12    4.23168    34.9724    34.9524    27.3057    1485.45    1487.48 0.0000e+00
       8017    267.000     7.6402   3.597175     7.6416   3.595449      96.56     1.6731     0.0348    72.0584 1.0000e-12    4.23713    34.9730    34.9529    27.3064    1485.46    1487.47 0.0000e+00
       8043    268.000     7.6367   3.596980     7.6381   3.595254      96.55     1.6739     0.0361    72.0609 1.0000e-12    4.23211    34.9739    34.9539    27.3076    1485.46    1487.46 0.0000e+00
       8070    269.000     7.6353   3.596939     7.6366   3.595195      96.56     1.6739     0.0336    72.0093 1.0000e-12    4.22079    34.9744    34.9542    27.3082    1485.48    1487.46 0.0000e+00
       8097    270.000     7.6345   3.596932     7.6358   3.595189      96.56     1.6719     0.0307    71.8952 1.0000e-12    4.19146    34.9747    34.9545    27.3085    1485.49    1487.45 0.0000e+00
       8124    271.000     7.6328   3.596873     7.6343   3.595138      96.56     1.6688     0.0293    72.0290 1.0000e-12    4.17539    34.9752    34.9550    27.3092    1485.50    1487.44 0.0000e+00
       8151    272.000     7.6320   3.596853     7.6332   3.595102      96.56     1.6658     0.0302    72.0385 1.0000e-12    4.17043    34.9753    34.9552    27.3094    1485.51    1487.44 0.0000e+00
       8178    273.000     7.6318   3.596883     7.6331   3.595143      96.56     1.6631     0.0293    72.0144 1.0000e-12    4.15747    34.9754    34.9552    27.3094    1485.53    1487.43 0.0000e+00
       8205    274.000     7.6307   3.596860     7.6322   3.595127      96.56     1.6596     0.0292    72.0183 1.0000e-12    4.14208    34.9757    34.9555    27.3099    1485.54    1487.42 0.0000e+00
       8232    275.000     7.6290   3.596773     7.6303   3.595038      96.56     1.6567     0.0333    71.9844 1.0000e-12    4.14213    34.9760    34.9559    27.3104    1485.55    1487.42 0.0000e+00
       8259    276.000     7.6271   3.596653     7.6284   3.594912      96.55     1.6544     0.0347    71.9552 1.0000e-12    4.13042    34.9761    34.9560    27.3107    1485.56    1487.41 0.0000e+00
       8286    277.000     7.6267   3.596686     7.6279   3.594924      96.56     1.6506     0.0328    71.9023 1.0000e-12    4.09062    34.9764    34.9561    27.3110    1485.58    1487.40 0.0000e+00
       8313    278.000     7.6271   3.596780     7.6284   3.595034      96.56     1.6443     0.0339    71.8869 1.0000e-12    4.05130    34.9765    34.9563    27.3110    1485.60    1487.40 0.0000e+00
       8340    279.000     7.6269   3.596831     7.6283   3.595094      96.56     1.6379     0.0298    71.8936 1.0000e-12    4.04430    34.9768    34.9566    27.3113    1485.61    1487.39 0.0000e+00
       8367    280.000     7.6266   3.596849     7.6280   3.595102      96.56     1.6342     0.0300    71.9074 1.0000e-12    4.06851    34.9768    34.9565    27.3113    1485.63    1487.38 0.0000e+00
       8395    281.000     7.6261   3.596878     7.6276   3.595126      96.56     1.6335     0.0312    71.8956 1.0000e-12    4.08158    34.9772    34.9567    27.3117    1485.64    1487.38 0.0000e+00
       8422    282.000     7.6267   3.597022     7.6282   3.595268      96.56     1.6321     0.0295    71.9088 1.0000e-12    4.06706    34.9776    34.9571    27.3119    1485.66    1487.37 0.0000e+00
       8449    283.000     7.6257   3.597027     7.6272   3.595284      96.56     1.6308     0.0300    72.0001 1.0000e-12    4.07774    34.9782    34.9578    27.3125    1485.67    1487.36 0.0000e+00
       8475    284.000     7.6242   3.596971     7.6257   3.595229      96.56     1.6319     0.0302    72.0818 1.0000e-12    4.11675    34.9786    34.9582    27.3131    1485.69    1487.36 0.0000e+00
       8502    285.000     7.6233   3.596956     7.6248   3.595218      96.56     1.6358     0.0303    72.0819 1.0000e-12    4.14853    34.9789    34.9585    27.3134    1485.70    1487.35 0.0000e+00
       8528    286.000     7.6225   3.596933     7.6239   3.595207      96.56     1.6392     0.0274    72.0739 1.0000e-12    4.13641    34.9789    34.9588    27.3136    1485.71    1487.35 0.0000e+00
       8555    287.000     7.6218   3.596931     7.6232   3.595205      96.56     1.6398     0.0292    72.0711 1.0000e-12    4.11624    34.9791    34.9590    27.3138    1485.73    1487.34 0.0000e+00
       8582    288.000     7.6208   3.596913     7.6223   3.595175      96.56     1.6394     0.0276    72.0473 1.0000e-12    4.10584    34.9794    34.9591    27.3142    1485.74    1487.34 0.0000e+00
       8609    289.000     7.6200   3.596916     7.6216   3.595182      96.56     1.6382     0.0260    72.0347 1.0000e-12    4.09342    34.9798    34.9594    27.3146    1485.75    1487.33 0.0000e+00
       8635    290.000     7.6190   3.596904     7.6205   3.595176      96.56     1.6364     0.0305    72.0320 1.0000e-12    4.08048    34.9802    34.9600    27.3151    1485.77    1487.32 0.0000e+00
       8662    291.000     7.6184   3.596919     7.6199   3.595182      96.56     1.6338     0.0329    72.0462 1.0000e-12    4.06984    34.9805    34.9601    27.3154    1485.78    1487.32 0.0000e+00
       8689    292.000     7.6178   3.596926     7.6193   3.595200      96.56     1.6318     0.0304    72.0597 1.0000e-12    4.06662    34.9806    34.9605    27.3156    1485.80    1487.31 0.0000e+00
       8716    293.000     7.6170   3.596923     7.6185   3.595194      96.56     1.6301     0.0308    72.0537 1.0000e-12    4.07119    34.9809    34.9607    27.3160    1485.81    1487.31 0.0000e+00
       8743    294.000     7.6163   3.596933     7.6178   3.595206      96.56     1.6292     0.0324    72.0596 1.0000e-12    4.07128    34.9813    34.9611    27.3163    1485.82    1487.30 0.0000e+00
       8770    295.000     7.6160   3.596960     7.6175   3.595233      96.56     1.6283     0.0323    72.0470 1.0000e-12    4.06832    34.9814    34.9612    27.3165    1485.84    1487.30 0.0000e+00
       8797    296.000     7.6149   3.596934     7.6164   3.595212      96.56     1.6273     0.0289    72.0554 1.0000e-12    4.06213    34.9817    34.9615    27.3169    1485.85    1487.29 0.0000e+00
       8824    297.000     7.6139   3.596906     7.6153   3.595190      96.56     1.6260     0.0339    72.0719 1.0000e-12    4.05746    34.9819    34.9619    27.3172    1485.87    1487.29 0.0000e+00
       8851    298.000     7.6134   3.596932     7.6149   3.595202      96.56     1.6248     0.0321    72.0691 1.0000e-12    4.04944    34.9822    34.9620    27.3175    1485.88    1487.28 0.0000e+00
       8879    299.000     7.6125   3.596913     7.6140   3.595191      96.56     1.6227     0.0317    72.0711 1.0000e-12    4.03798    34.9824    34.9623    27.3178    1485.89    1487.28 0.0000e+00
       8905    300.000     7.6107   3.596840     7.6123   3.595125      96.56     1.6209     0.0296    72.0779 1.0000e-12    4.03193    34.9830    34.9628    27.3185    1485.90    1487.28 0.0000e+00
       8933    301.000     7.6086   3.596749     7.6101   3.595034      96.56     1.6188     0.0304    72.0749 1.0000e-12    4.02547    34.9836    34.9635    27.3193    1485.91    1487.27 0.0000e+00
       8959    302.000     7.6078   3.596744     7.6093   3.595019      96.56     1.6167     0.0321    72.0561 1.0000e-12    4.01214    34.9839    34.9637    27.3196    1485.93    1487.27 0.0000e+00
       8986    303.000     7.6078   3.596790     7.6093   3.595066      96.56     1.6140     0.0315    72.0490 1.0000e-12    3.99594    34.9839    34.9637    27.3196    1485.94    1487.26 0.0000e+00
       9013    304.000     7.6068   3.596763     7.6083   3.595049      96.56     1.6107     0.0329    72.0442 1.0000e-12    3.98598    34.9841    34.9640    27.3199    1485.96    1487.26 0.0000e+00
       9039    305.000     7.6061   3.596770     7.6075   3.595046      96.56     1.6080     0.0335    72.0419 1.0000e-12    3.97677    34.9844    34.9643    27.3203    1485.97    1487.25 0.0000e+00
       9067    306.000     7.6049   3.596741     7.6063   3.595022      96.56     1.6051     0.0331    72.0202 1.0000e-12    3.97701    34.9848    34.9648    27.3208    1485.98    1487.25 0.0000e+00
       9093    307.000     7.6041   3.596723     7.6054   3.595013      96.56     1.6035     0.0313    72.0230 1.0000e-12    3.97059    34.9849    34.9651    27.3210    1486.00    1487.25 0.0000e+00
       9121    308.000     7.6033   3.596721     7.6047   3.594999      96.56     1.6012     0.0296    71.9974 1.0000e-12    3.96204    34.9852    34.9651    27.3213    1486.01    1487.24 0.0000e+00
       9148    309.000     7.6021   3.596687     7.6034   3.594973      96.56     1.5988     0.0294    71.9991 1.0000e-12    3.95135    34.9856    34.9657    27.3218    1486.02    1487.24 0.0000e+00
       9175    310.000     7.6004   3.596610     7.6018   3.594892      96.56     1.5965     0.0317    71.9886 1.0000e-12    3.94764    34.9859    34.9659    27.3223    1486.03    1487.23 0.0000e+00
       9202    311.000     7.5998   3.596618     7.6012   3.594894      96.56     1.5944     0.0323    71.8985 1.0000e-12    3.94119    34.9861    34.9661    27.3226    1486.05    1487.23 0.0000e+00
       9229    312.000     7.5992   3.596625     7.6006   3.594907      96.56     1.5926     0.0313    71.8848 1.0000e-12    3.93393    34.9863    34.9663    27.3228    1486.06    1487.23 0.0000e+00
       9256    313.000     7.5987   3.596629     7.6000   3.594915      96.56     1.5900     0.0272    71.8677 1.0000e-12    3.91810    34.9864    34.9665    27.3229    1486.08    1487.22 0.0000e+00
       9284    314.000     7.5982   3.596652     7.5996   3.594924      96.56     1.5872     0.0294    71.8515 1.0000e-12    3.90806    34.9867    34.9665    27.3232    1486.09    1487.22 0.0000e+00
       9311    315.000     7.5981   3.596700     7.5995   3.594977      96.55     1.5847     0.0303    71.8198 1.0000e-12    3.90983    34.9868    34.9667    27.3233    1486.11    1487.22 0.0000e+00
       9339    316.000     7.5980   3.596750     7.5995   3.595026      96.56     1.5834     0.0299    71.8715 1.0000e-12    3.91387    34.9869    34.9668    27.3235    1486.12    1487.21 0.0000e+00
       9366    317.000     7.5983   3.596813     7.5996   3.595088      96.56     1.5821     0.0317    71.8811 1.0000e-12    3.90696    34.9868    34.9669    27.3234    1486.14    1487.21 0.0000e+00
       9394    318.000     7.5982   3.596851     7.5995   3.595133      96.56     1.5809     0.0354    71.8853 1.0000e-12    3.90944    34.9869    34.9670    27.3234    1486.16    1487.21 0.0000e+00
       9421    319.000     7.5975   3.596851     7.5990   3.595142      96.56     1.5800     0.0338    71.8745 1.0000e-12    3.90568    34.9871    34.9671    27.3237    1486.17    1487.20 0.0000e+00
       9448    320.000     7.5960   3.596777     7.5973   3.595062      96.56     1.5793     0.0312    71.8292 1.0000e-12    3.90818    34.9873    34.9674    27.3241    1486.18    1487.20 0.0000e+00
       9476    321.000     7.5952   3.596776     7.5965   3.595061      96.56     1.5787     0.0297    71.7716 1.0000e-12    3.90023    34.9876    34.9677    27.3244    1486.20    1487.20 0.0000e+00
       9503    322.000     7.5952   3.596819     7.5965   3.595103      96.56     1.5771     0.0308    71.7789 1.0000e-12    3.89154    34.9876    34.9677    27.3244    1486.21    1487.19 0.0000e+00
       9530    323.000     7.5945   3.596821     7.5958   3.595107      96.56     1.5761     0.0310    71.7280 1.0000e-12    3.89505    34.9878    34.9680    27.3247    1486.23    1487.19 0.0000e+00
