_data/ctd/2016/Sta0958_2016.cnv
* Sea-Bird SBE 9 Data File:
* FileName = C:\Seabird\CTDDATA\sta0958.hex
* Software Version Seasave V 7.21f
* Temperature SN = 5458
* Conductivity SN = 044221
* Number of Bytes Per Scan = 41
* Number of Voltage Words = 4
* Number of Scans Averaged by the Deck Unit = 1
* NMEA Latitude = 61 21.35 N
* NMEA Longitude = 007 22.37 E
* NMEA UTC (Time) = Sep 27 2016 10:03:53
** Ship: 01 F/F "Håkon Mosby"
** Station: 0958
** Echodepth: 373
** Log: 3812,52
** Wind-Dir Force: 06 02
** Air-temp (dry): 10,0
** Weather Sky: 2 9
** Sea Ice: 1 0
** UNIS station:
# nquan = 18                                
# nvalues = 359                         
# units = specified
# name 0 = scan: Scan Count
# name 1 = prDM: Pressure, Digiquartz [db]
# name 2 = t068C: Temperature [ITS-68, deg C]
# name 3 = c0S/m: Conductivity [S/m]
# name 4 = t168C: Temperature, 2 [ITS-68, deg C]
# name 5 = c1S/m: Conductivity, 2 [S/m]
# name 6 = altM: Altimeter [m]
# name 7 = sbeox0V: Oxygen raw, SBE 43 [V]
# name 8 = flC: Fluorescence, Chelsea Aqua 3 Chl Con [ug/l]
# name 9 = xmiss: Beam Transmission, Chelsea/Seatech [%]
# name 10 = par: PAR/Irradiance, Biospherical/Licor
# name 11 = sbeox0ML/L: Oxygen, SBE 43 [ml/l], WS = 2
# name 12 = sal00: Salinity, Practical [PSU]
# name 13 = sal11: Salinity, Practical, 2 [PSU]
# name 14 = sigma-t00: Density [sigma-t, Kg/m^3 ]
# name 15 = svCM: Sound Velocity [Chen-Millero, m/s]
# name 16 = avgsvCM: Average Sound Velocity [Chen-Millero, m/s], minP = 0, minS = 0
# name 17 = flag: flag
# span 0 =        241,       9743       
# span 1 =      2.000,    360.000       
# span 2 =     7.5619,    14.3264       
# span 3 =   0.616464,   3.702539       
# span 4 =     7.5636,    14.3287       
# span 5 =   0.614555,   3.702807       
# span 6 =       4.81,      97.50       
# span 7 =     1.4741,     2.6607       
# span 8 =     0.0285,     0.4716       
# span 9 =    16.0753,    71.9173       
# span 10 = -1.820e-07, 8.8154e+01      
# span 11 =    3.37070,    7.68714      
# span 12 =     4.5788,    34.9990      
# span 13 =     4.5669,    35.0005      
# span 14 =     3.0605,    27.3382      
# span 15 =    1460.55,    1498.77      
# span 16 =    1460.55,    1493.65      
# span 17 = 0.0000e+00, 0.0000e+00      
# interval = decibars: 1                
# start_time = Sep 27 2016 10:03:55 [System UTC, first data scan.]
# bad_flag = -9.990e-29
*END*
[from data line 161]
       4212    163.000     7.8357   3.601884     7.8371   3.602133      96.28     1.5951     0.0354    71.1713 1.0000e-12    3.91984    34.8788    34.8801    27.2035    1484.38    1488.64 0.0000e+00
       4237    164.000     7.8302   3.601707     7.8316   3.601966      96.56     1.5974     0.0341    71.1941 1.0000e-12    3.90046    34.8819    34.8833    27.2068    1484.37    1488.62 0.0000e+00
       4263    165.000     7.8256   3.601598     7.8269   3.601834      96.01     1.5981     0.0347    71.2090 1.0000e-12    3.88500    34.8849    34.8861    27.2098    1484.38    1488.59 0.0000e+00
       4288    166.000     7.8206   3.601679     7.8220   3.601922      48.15     1.5970     0.0337    71.1428 1.0000e-12    3.87442    34.8903    34.8915    27.2147    1484.38    1488.56 0.0000e+00
       4313    167.000     7.8155   3.601494     7.8170   3.601760      88.21     1.5979     0.0356    71.0358 1.0000e-12    3.91553    34.8929    34.8942    27.2175    1484.38    1488.54 0.0000e+00
       4339    168.000     7.8111   3.601338     7.8125   3.601594      96.58     1.6020     0.0367    70.9996 1.0000e-12    3.98278    34.8951    34.8965    27.2199    1484.38    1488.51 0.0000e+00
       4364    169.000     7.8079   3.601225     7.8093   3.601479      96.56     1.6113     0.0358    70.9494 1.0000e-12    4.04763    34.8966    34.8979    27.2216    1484.39    1488.49 0.0000e+00
       4390    170.000     7.8030   3.601042     7.8046   3.601305      96.56     1.6204     0.0338    71.0154 1.0000e-12    4.05410    34.8990    34.9003    27.2242    1484.39    1488.47 0.0000e+00
       4415    171.000     7.7991   3.600909     7.8006   3.601157      96.56     1.6255     0.0325    71.0086 1.0000e-12    4.02667    34.9010    34.9022    27.2264    1484.40    1488.44 0.0000e+00
       4441    172.000     7.7962   3.600831     7.7976   3.601086      74.10     1.6268     0.0334    70.9957 1.0000e-12    4.00154    34.9026    34.9039    27.2280    1484.40    1488.42 0.0000e+00
       4467    173.000     7.7932   3.600730     7.7946   3.600980      79.30     1.6283     0.0349    71.0167 1.0000e-12    4.03279    34.9040    34.9053    27.2296    1484.41    1488.39 0.0000e+00
       4493    174.000     7.7909   3.600677     7.7924   3.600923      96.72     1.6313     0.0356    71.0508 1.0000e-12    4.04150    34.9052    34.9064    27.2309    1484.42    1488.37 0.0000e+00
       4518    175.000     7.7890   3.600675     7.7904   3.600906      96.56     1.6334     0.0328    71.0375 1.0000e-12    4.03805    34.9066    34.9077    27.2323    1484.43    1488.35 0.0000e+00
       4544    176.000     7.7889   3.600845     7.7903   3.601089      96.56     1.6346     0.0315    71.1116 1.0000e-12    4.03616    34.9081    34.9093    27.2334    1484.45    1488.33 0.0000e+00
       4570    177.000     7.7862   3.600756     7.7875   3.601015      96.56     1.6357     0.0321    71.1904 1.0000e-12    4.05150    34.9093    34.9108    27.2348    1484.46    1488.31 0.0000e+00
       4596    178.000     7.7823   3.600563     7.7838   3.600816      93.43     1.6380     0.0331    71.1742 1.0000e-12    4.06667    34.9107    34.9119    27.2364    1484.46    1488.28 0.0000e+00
       4623    179.000     7.7809   3.600535     7.7824   3.600784      77.16     1.6408     0.0334    71.2564 1.0000e-12    4.07239    34.9113    34.9125    27.2371    1484.47    1488.26 0.0000e+00
       4649    180.000     7.7786   3.600469     7.7800   3.600720      54.77     1.6420     0.0354    71.1693 1.0000e-12    4.07189    34.9124    34.9137    27.2383    1484.48    1488.24 0.0000e+00
       4675    181.000     7.7765   3.600450     7.7779   3.600692      96.63     1.6433     0.0347    71.2883 1.0000e-12    4.06425    34.9138    34.9150    27.2397    1484.49    1488.22 0.0000e+00
       4701    182.000     7.7733   3.600330     7.7748   3.600594      96.56     1.6433     0.0324    71.2882 1.0000e-12    4.05887    34.9152    34.9166    27.2413    1484.50    1488.20 0.0000e+00
       4727    183.000     7.7712   3.600276     7.7727   3.600525      96.56     1.6431     0.0312    71.3206 1.0000e-12    4.06253    34.9162    34.9174    27.2424    1484.51    1488.18 0.0000e+00
       4753    184.000     7.7703   3.600318     7.7717   3.600572      96.55     1.6439     0.0324    71.3136 1.0000e-12    4.08323    34.9171    34.9184    27.2433    1484.52    1488.16 0.0000e+00
       4779    185.000     7.7688   3.600270     7.7703   3.600536      91.86     1.6459     0.0360    71.3362 1.0000e-12    4.08497    34.9176    34.9190    27.2439    1484.53    1488.14 0.0000e+00
       4806    186.000     7.7669   3.600225     7.7684   3.600482      59.23     1.6472     0.0336    71.3375 1.0000e-12    4.11232    34.9185    34.9198    27.2449    1484.54    1488.12 0.0000e+00
       4832    187.000     7.7643   3.600124     7.7657   3.600390      96.54     1.6505     0.0345    71.3427 1.0000e-12    4.10882    34.9195    34.9210    27.2461    1484.55    1488.10 0.0000e+00
       4859    188.000     7.7608   3.599916     7.7622   3.600169      96.56     1.6515     0.0315    71.3380 1.0000e-12    4.10833    34.9203    34.9216    27.2472    1484.55    1488.08 0.0000e+00
       4886    189.000     7.7576   3.599790     7.7591   3.600042      96.56     1.6531     0.0314    71.3341 1.0000e-12    4.11943    34.9217    34.9229    27.2487    1484.56    1488.06 0.0000e+00
       4912    190.000     7.7565   3.599781     7.7579   3.600035      96.56     1.6543     0.0330    71.3325 1.0000e-12    4.11013    34.9222    34.9235    27.2493    1484.57    1488.05 0.0000e+00
       4939    191.000     7.7557   3.599825     7.7571   3.600076      92.28     1.6540     0.0333    71.3608 1.0000e-12    4.09354    34.9230    34.9243    27.2500    1484.59    1488.03 0.0000e+00
       4965    192.000     7.7543   3.599822     7.7559   3.600101      75.08     1.6532     0.0315    71.3753 1.0000e-12    4.11848    34.9239    34.9253    27.2509    1484.60    1488.01 0.0000e+00
       4992    193.000     7.7526   3.599744     7.7541   3.599998      96.73     1.6556     0.0307    71.3415 1.0000e-12    4.13225    34.9242    34.9255    27.2515    1484.61    1487.99 0.0000e+00
       5019    194.000     7.7512   3.599713     7.7526   3.599972      96.56     1.6572     0.0304    71.3989 1.0000e-12    4.13474    34.9248    34.9262    27.2521    1484.62    1487.97 0.0000e+00
       5046    195.000     7.7480   3.599598     7.7494   3.599858      96.56     1.6583     0.0324    71.3909 1.0000e-12    4.13570    34.9263    34.9277    27.2538    1484.63    1487.96 0.0000e+00
       5072    196.000     7.7464   3.599557     7.7478   3.599819      96.56     1.6592     0.0352    71.4072 1.0000e-12    4.13667    34.9269    34.9284    27.2545    1484.64    1487.94 0.0000e+00
       5099    197.000     7.7435   3.599444     7.7450   3.599707      92.65     1.6599     0.0354    71.4119 1.0000e-12    4.12936    34.9281    34.9295    27.2559    1484.65    1487.92 0.0000e+00
       5125    198.000     7.7404   3.599305     7.7418   3.599581      84.39     1.6600     0.0328    71.4043 1.0000e-12    4.15388    34.9293    34.9308    27.2572    1484.65    1487.91 0.0000e+00
       5152    199.000     7.7356   3.599066     7.7370   3.599344      96.64     1.6624     0.0304    71.3772 1.0000e-12    4.15666    34.9310    34.9326    27.2593    1484.65    1487.89 0.0000e+00
       5178    200.000     7.7317   3.598887     7.7331   3.599164      96.56     1.6633     0.0323    71.3889 1.0000e-12    4.15583    34.9325    34.9341    27.2610    1484.66    1487.87 0.0000e+00
       5204    201.000     7.7271   3.598659     7.7285   3.598937      95.51     1.6638     0.0292    71.3863 1.0000e-12    4.14583    34.9341    34.9357    27.2630    1484.66    1487.86 0.0000e+00
       5230    202.000     7.7230   3.598488     7.7244   3.598765      85.07     1.6630     0.0285    71.3843 1.0000e-12    4.13071    34.9359    34.9375    27.2650    1484.66    1487.84 0.0000e+00
       5256    203.000     7.7200   3.598353     7.7214   3.598616      48.29     1.6617     0.0309    71.3764 1.0000e-12    4.14613    34.9370    34.9384    27.2663    1484.67    1487.83 0.0000e+00
       5282    204.000     7.7168   3.598223     7.7182   3.598491      96.59     1.6629     0.0344    71.3693 1.0000e-12    4.15195    34.9383    34.9398    27.2678    1484.67    1487.81 0.0000e+00
       5308    205.000     7.7157   3.598225     7.7171   3.598482      96.56     1.6625     0.0358    71.2853 1.0000e-12    4.13746    34.9389    34.9403    27.2685    1484.69    1487.80 0.0000e+00
       5334    206.000     7.7137   3.598170     7.7151   3.598438      96.56     1.6617     0.0360    71.3764 1.0000e-12    4.13893    34.9398    34.9413    27.2695    1484.70    1487.78 0.0000e+00
       5360    207.000     7.7080   3.597869     7.7094   3.598160      96.56     1.6614     0.0377    71.3581 1.0000e-12    4.14385    34.9418    34.9435    27.2719    1484.69    1487.77 0.0000e+00
       5386    208.000     7.7038   3.597671     7.7052   3.597948      96.56     1.6615     0.0360    71.4137 1.0000e-12    4.13457    34.9434    34.9450    27.2737    1484.69    1487.75 0.0000e+00
       5412    209.000     7.6995   3.597473     7.7009   3.597746      77.27     1.6600     0.0317    71.4142 1.0000e-12    4.14035    34.9451    34.9466    27.2757    1484.70    1487.74 0.0000e+00
       5438    210.000     7.6972   3.597404     7.6986   3.597664      96.64     1.6602     0.0315    71.4012 1.0000e-12    4.12646    34.9461    34.9475    27.2769    1484.71    1487.72 0.0000e+00
       5464    211.000     7.6964   3.597428     7.6979   3.597690      96.56     1.6579     0.0327    71.4163 1.0000e-12    4.11377    34.9467    34.9480    27.2774    1484.72    1487.71 0.0000e+00
       5489    212.000     7.6958   3.597474     7.6973   3.597727      96.56     1.6567     0.0323    71.4461 1.0000e-12    4.12021    34.9473    34.9486    27.2780    1484.74    1487.69 0.0000e+00
       5515    213.000     7.6953   3.597500     7.6967   3.597753      96.56     1.6558     0.0316    71.4500 1.0000e-12    4.12080    34.9476    34.9489    27.2783    1484.75    1487.68 0.0000e+00
       5541    214.000     7.6946   3.597518     7.6960   3.597786      96.56     1.6556     0.0340    71.4819 1.0000e-12    4.12825    34.9480    34.9495    27.2787    1484.76    1487.67 0.0000e+00
       5567    215.000     7.6921   3.597454     7.6935   3.597719      96.56     1.6556     0.0324    71.4613 1.0000e-12    4.12535    34.9493    34.9508    27.2801    1484.77    1487.65 0.0000e+00
       5593    216.000     7.6907   3.597435     7.6922   3.597694      86.49     1.6549     0.0317    71.5056 1.0000e-12    4.11846    34.9501    34.9514    27.2809    1484.78    1487.64 0.0000e+00
       5620    217.000     7.6894   3.597393     7.6908   3.597656      38.23     1.6540     0.0321    71.5029 1.0000e-12    4.12895    34.9504    34.9519    27.2814    1484.80    1487.63 0.0000e+00
       5645    218.000     7.6888   3.597405     7.6903   3.597669      95.24     1.6564     0.0330    71.5099 1.0000e-12    4.15598    34.9507    34.9520    27.2817    1484.81    1487.61 0.0000e+00
       5671    219.000     7.6880   3.597406     7.6894   3.597667      96.55     1.6570     0.0347    71.5415 1.0000e-12    4.14368    34.9510    34.9524    27.2820    1484.83    1487.60 0.0000e+00
       5697    220.000     7.6872   3.597416     7.6886   3.597677      96.56     1.6576     0.0338    71.5463 1.0000e-12    4.14533    34.9514    34.9528    27.2825    1484.84    1487.59 0.0000e+00
       5722    221.000     7.6856   3.597374     7.6871   3.597638      96.56     1.6580     0.0325    71.5136 1.0000e-12    4.14118    34.9521    34.9534    27.2832    1484.85    1487.58 0.0000e+00
       5747    222.000     7.6845   3.597357     7.6860   3.597619      91.45     1.6573     0.0324    71.5560 1.0000e-12    4.12855    34.9525    34.9538    27.2837    1484.86    1487.56 0.0000e+00
       5772    223.000     7.6840   3.597375     7.6854   3.597623      61.21     1.6561     0.0326    71.5546 1.0000e-12    4.12032    34.9527    34.9540    27.2840    1484.88    1487.55 0.0000e+00
       5797    224.000     7.6839   3.597423     7.6853   3.597671      74.69     1.6556     0.0306    71.5535 1.0000e-12    4.13748    34.9528    34.9541    27.2841    1484.89    1487.54 0.0000e+00
       5822    225.000     7.6833   3.597432     7.6847   3.597684      96.42     1.6556     0.0311    71.5309 1.0000e-12    4.13023    34.9531    34.9544    27.2843    1484.91    1487.53 0.0000e+00
       5848    226.000     7.6829   3.597447     7.6843   3.597714      96.56     1.6550     0.0335    71.5339 1.0000e-12    4.12364    34.9531    34.9546    27.2845    1484.92    1487.52 0.0000e+00
       5873    227.000     7.6819   3.597437     7.6834   3.597689      96.56     1.6541     0.0341    71.4993 1.0000e-12    4.11718    34.9535    34.9548    27.2849    1484.94    1487.51 0.0000e+00
       5899    228.000     7.6796   3.597358     7.6812   3.597634      96.56     1.6526     0.0340    71.5272 1.0000e-12    4.10956    34.9545    34.9559    27.2860    1484.95    1487.49 0.0000e+00
       5925    229.000     7.6783   3.597341     7.6799   3.597601      93.94     1.6512     0.0329    71.5099 1.0000e-12    4.09632    34.9551    34.9563    27.2867    1484.96    1487.48 0.0000e+00
       5950    230.000     7.6765   3.597281     7.6782   3.597556      78.53     1.6487     0.0295    71.4991 1.0000e-12    4.08917    34.9558    34.9571    27.2875    1484.97    1487.47 0.0000e+00
       5976    231.000     7.6745   3.597217     7.6761   3.597485      44.40     1.6470     0.0289    71.4976 1.0000e-12    4.10088    34.9566    34.9579    27.2884    1484.98    1487.46 0.0000e+00
       6001    232.000     7.6719   3.597130     7.6739   3.597421      96.44     1.6470     0.0299    71.4900 1.0000e-12    4.10067    34.9578    34.9589    27.2897    1484.99    1487.45 0.0000e+00
       6027    233.000     7.6701   3.597082     7.6716   3.597343      96.56     1.6459     0.0322    71.4402 1.0000e-12    4.09654    34.9586    34.9599    27.2906    1485.00    1487.44 0.0000e+00
       6052    234.000     7.6693   3.597086     7.6708   3.597352      96.56     1.6453     0.0327    71.4776 1.0000e-12    4.09111    34.9590    34.9603    27.2910    1485.01    1487.43 0.0000e+00
       6077    235.000     7.6692   3.597124     7.6706   3.597384      96.56     1.6439     0.0326    71.4675 1.0000e-12    4.07393    34.9590    34.9604    27.2911    1485.03    1487.42 0.0000e+00
       6103    236.000     7.6688   3.597146     7.6702   3.597408      91.24     1.6413     0.0336    71.4650 1.0000e-12    4.06177    34.9591    34.9606    27.2912    1485.04    1487.41 0.0000e+00
       6128    237.000     7.6687   3.597190     7.6700   3.597449      41.07     1.6391     0.0327    71.4676 1.0000e-12    4.07535    34.9592    34.9607    27.2913    1485.06    1487.40 0.0000e+00
       6154    238.000     7.6689   3.597256     7.6704   3.597517      96.79     1.6399     0.0325    71.4360 1.0000e-12    4.09068    34.9593    34.9606    27.2913    1485.08    1487.39 0.0000e+00
       6179    239.000     7.6682   3.597278     7.6699   3.597552      96.56     1.6397     0.0356    71.4646 1.0000e-12    4.08086    34.9597    34.9610    27.2918    1485.09    1487.38 0.0000e+00
       6204    240.000     7.6670   3.597249     7.6685   3.597516      96.56     1.6388     0.0332    71.4362 1.0000e-12    4.07413    34.9601    34.9615    27.2923    1485.10    1487.37 0.0000e+00
       6229    241.000     7.6663   3.597245     7.6677   3.597490      96.56     1.6383     0.0322    71.3373 1.0000e-12    4.07522    34.9603    34.9615    27.2925    1485.12    1487.36 0.0000e+00
       6254    242.000     7.6660   3.597297     7.6675   3.597550      96.56     1.6375     0.0337    71.3504 1.0000e-12    4.06621    34.9607    34.9619    27.2929    1485.13    1487.35 0.0000e+00
