_data/ctd/2016/Sta0950_2016.cnv
* Sea-Bird SBE 9 Data File:
* FileName = C:\Seabird\CTDDATA\sta0950.hex
* Software Version Seasave V 7.21f
* Temperature SN = 5458
* Conductivity SN = 044221
* Number of Bytes Per Scan = 41
* Number of Voltage Words = 4
* Number of Scans Averaged by the Deck Unit = 1
* NMEA Latitude = 60 52.14 N
* NMEA Longitude = 005 22.02 E
* NMEA UTC (Time) = Sep 20 2016 07:09:29
** Ship: 01 F/F "Håkon Mosby"
** Station: 0950
** Echodepth: 474
** Log: 3317.740
** Wind-Dir Force: 27 01
** Air-temp (dry): 12
** Weather Sky: 2 9
** Sea Ice: 1 0
** UNIS station:
# nquan = 18                                
# nvalues = 460                         
# units = specified
# name 0 = scan: Scan Count
# name 1 = prDM: Pressure, Digiquartz [db]
# name 2 = t068C: Temperature [ITS-68, deg C]
# name 3 = c0S/m: Conductivity [S/m]
# name 4 = t168C: Temperature, 2 [ITS-68, deg C]
# name 5 = c1S/m: Conductivity, 2 [S/m]
# name 6 = altM: Altimeter [m]
# name 7 = sbeox0V: Oxygen raw, SBE 43 [V]
# name 8 = flC: Fluorescence, Chelsea Aqua 3 Chl Con [ug/l]
# name 9 = xmiss: Beam Transmission, Chelsea/Seatech [%]
# name 10 = par: PAR/Irradiance, Biospherical/Licor
# name 11 = sbeox0ML/L: Oxygen, SBE 43 [ml/l], WS = 2
# name 12 = sal00: Salinity, Practical [PSU]
# name 13 = sal11: Salinity, Practical, 2 [PSU]
# name 14 = sigma-t00: Density [sigma-t, Kg/m^3 ]
# name 15 = svCM: Sound Velocity [Chen-Millero, m/s]
# name 16 = avgsvCM: Average Sound Velocity [Chen-Millero, m/s], minP = 0, minS = 0
# name 17 = flag: flag
# span 0 =        642,      12456       
# span 1 =      5.000,    464.000       
# span 2 =     8.1519,    14.9719       
# span 3 =   3.581377,   3.803187       
# span 4 =     8.1534,    14.9735       
# span 5 =   3.582184,   3.803507       
# span 6 =      35.03,      97.73       
# span 7 =     1.0189,     2.2535       
# span 8 =     0.0349,     0.5117       
# span 9 =    67.2580,    72.1107       
# span 10 = 1.0000e-12, 1.2208e+01      
# span 11 =    1.84106,    5.57116      
# span 12 =    29.1888,    35.0503      
# span 13 =    29.0028,    35.0528      
# span 14 =    21.5148,    27.2842      
# span 15 =    1484.50,    1501.74      
# span 16 =    1488.48,    1500.76      
# span 17 = 0.0000e+00, 0.0000e+00      
# interval = decibars: 1                
# start_time = Sep 20 2016 07:09:30 [System UTC, first data scan.]
# bad_flag = -9.990e-29
*END*
[from data line 322]
       9036    327.000     8.1782   3.656710     8.1797   3.657059      96.56     1.0760     0.0499    70.7765 1.0000e-12    2.02543    35.0463    35.0485    27.2836    1488.57    1488.48 0.0000e+00
       9061    328.000     8.1785   3.656788     8.1800   3.657139      96.56     1.0745     0.0515    70.6705 1.0000e-12    2.01543    35.0463    35.0486    27.2836    1488.59    1488.48 0.0000e+00
       9085    329.000     8.1787   3.656870     8.1802   3.657209      96.56     1.0723     0.0535    70.5846 1.0000e-12    1.99794    35.0465    35.0486    27.2837    1488.61    1488.48 0.0000e+00
       9110    330.000     8.1790   3.656949     8.1804   3.657299      96.56     1.0695     0.0507    70.4802 1.0000e-12    1.98299    35.0466    35.0489    27.2837    1488.63    1488.48 0.0000e+00
       9135    331.000     8.1791   3.657014     8.1806   3.657360      96.56     1.0662     0.0496    70.4056 1.0000e-12    1.96772    35.0467    35.0489    27.2838    1488.64    1488.48 0.0000e+00
       9159    332.000     8.1793   3.657069     8.1807   3.657407      96.55     1.0629     0.0506    70.3602 1.0000e-12    1.95723    35.0466    35.0488    27.2837    1488.66    1488.48 0.0000e+00
       9184    333.000     8.1793   3.657122     8.1808   3.657473      96.56     1.0601     0.0479    70.3471 1.0000e-12    1.96021    35.0467    35.0490    27.2837    1488.68    1488.48 0.0000e+00
       9209    334.000     8.1795   3.657189     8.1809   3.657531      96.56     1.0583     0.0479    70.3322 1.0000e-12    1.96063    35.0467    35.0490    27.2837    1488.70    1488.48 0.0000e+00
       9235    335.000     8.1796   3.657244     8.1811   3.657597      96.56     1.0569     0.0499    70.3133 1.0000e-12    1.95836    35.0467    35.0490    27.2837    1488.71    1488.48 0.0000e+00
       9260    336.000     8.1797   3.657305     8.1812   3.657660      96.21     1.0556     0.0493    70.2987 1.0000e-12    1.95901    35.0468    35.0491    27.2838    1488.73    1488.48 0.0000e+00
       9285    337.000     8.1798   3.657368     8.1813   3.657712      96.56     1.0546     0.0518    70.2693 1.0000e-12    1.95765    35.0469    35.0491    27.2838    1488.75    1488.48 0.0000e+00
       9310    338.000     8.1800   3.657433     8.1815   3.657771      96.56     1.0541     0.0512    70.2830 1.0000e-12    1.96292    35.0469    35.0490    27.2838    1488.76    1488.48 0.0000e+00
       9334    339.000     8.1802   3.657502     8.1816   3.657850      96.55     1.0538     0.0499    70.2440 1.0000e-12    1.95672    35.0470    35.0493    27.2838    1488.78    1488.49 0.0000e+00
       9358    340.000     8.1804   3.657584     8.1819   3.657929      96.56     1.0529     0.0497    70.2174 1.0000e-12    1.95120    35.0472    35.0494    27.2840    1488.80    1488.49 0.0000e+00
       9382    341.000     8.1805   3.657644     8.1820   3.657993      96.56     1.0520     0.0528    70.1860 1.0000e-12    1.94986    35.0473    35.0495    27.2840    1488.82    1488.49 0.0000e+00
       9407    342.000     8.1806   3.657712     8.1822   3.658055      96.56     1.0513     0.0520    70.1836 1.0000e-12    1.95084    35.0474    35.0495    27.2841    1488.83    1488.49 0.0000e+00
       9431    343.000     8.1807   3.657771     8.1823   3.658123      90.06     1.0510     0.0505    70.1696 1.0000e-12    1.94965    35.0475    35.0496    27.2841    1488.85    1488.49 0.0000e+00
       9456    344.000     8.1810   3.657832     8.1824   3.658182      96.50     1.0504     0.0523    70.1342 1.0000e-12    1.95115    35.0473    35.0497    27.2840    1488.87    1488.49 0.0000e+00
       9481    345.000     8.1810   3.657883     8.1825   3.658234      93.19     1.0503     0.0517    70.1360 1.0000e-12    1.94025    35.0474    35.0497    27.2840    1488.88    1488.49 0.0000e+00
       9505    346.000     8.1812   3.657945     8.1827   3.658295      39.63     1.0486     0.0489    70.1233 1.0000e-12    1.94468    35.0474    35.0496    27.2840    1488.90    1488.49 0.0000e+00
       9531    347.000     8.1813   3.657996     8.1828   3.658357      97.73     1.0493     0.0499    70.0949 1.0000e-12    1.95253    35.0473    35.0497    27.2839    1488.92    1488.49 0.0000e+00
       9555    348.000     8.1814   3.658074     8.1830   3.658430      96.56     1.0490     0.0473    70.0934 1.0000e-12    1.94218    35.0476    35.0498    27.2841    1488.93    1488.49 0.0000e+00
       9580    349.000     8.1816   3.658134     8.1831   3.658480      96.56     1.0481     0.0471    70.0289 1.0000e-12    1.93789    35.0476    35.0498    27.2841    1488.95    1488.50 0.0000e+00
       9605    350.000     8.1818   3.658195     8.1832   3.658546      96.56     1.0473     0.0506    69.9996 1.0000e-12    1.93311    35.0475    35.0499    27.2840    1488.97    1488.50 0.0000e+00
       9629    351.000     8.1819   3.658253     8.1834   3.658598      96.56     1.0462     0.0527    70.0085 1.0000e-12    1.92729    35.0476    35.0498    27.2840    1488.99    1488.50 0.0000e+00
       9654    352.000     8.1820   3.658304     8.1835   3.658653      90.53     1.0452     0.0510    70.0084 1.0000e-12    1.92004    35.0476    35.0498    27.2840    1489.00    1488.50 0.0000e+00
       9679    353.000     8.1821   3.658371     8.1837   3.658720      49.15     1.0438     0.0500    69.9847 1.0000e-12    1.93164    35.0477    35.0498    27.2841    1489.02    1488.50 0.0000e+00
       9704    354.000     8.1822   3.658432     8.1837   3.658774      96.68     1.0444     0.0509    69.9838 1.0000e-12    1.93575    35.0478    35.0499    27.2841    1489.04    1488.50 0.0000e+00
       9728    355.000     8.1824   3.658487     8.1839   3.658844      96.56     1.0442     0.0510    69.9365 1.0000e-12    1.93106    35.0477    35.0500    27.2840    1489.05    1488.50 0.0000e+00
       9753    356.000     8.1825   3.658549     8.1840   3.658897      96.56     1.0437     0.0501    69.9428 1.0000e-12    1.92411    35.0478    35.0500    27.2841    1489.07    1488.51 0.0000e+00
       9777    357.000     8.1826   3.658602     8.1841   3.658952      96.56     1.0430     0.0456    69.9369 1.0000e-12    1.92753    35.0477    35.0500    27.2841    1489.09    1488.51 0.0000e+00
       9801    358.000     8.1827   3.658658     8.1842   3.659008      96.56     1.0431     0.0459    69.9502 1.0000e-12    1.93128    35.0478    35.0500    27.2841    1489.10    1488.51 0.0000e+00
       9826    359.000     8.1828   3.658717     8.1844   3.659064      95.53     1.0430     0.0473    69.9358 1.0000e-12    1.91651    35.0478    35.0499    27.2841    1489.12    1488.51 0.0000e+00
       9851    360.000     8.1830   3.658778     8.1845   3.659133      58.36     1.0411     0.0478    69.9277 1.0000e-12    1.92176    35.0478    35.0501    27.2840    1489.14    1488.51 0.0000e+00
       9875    361.000     8.1831   3.658837     8.1847   3.659185      96.85     1.0420     0.0487    69.8733 1.0000e-12    1.92843    35.0479    35.0500    27.2841    1489.16    1488.52 0.0000e+00
       9900    362.000     8.1832   3.658899     8.1848   3.659259      96.56     1.0415     0.0492    69.8904 1.0000e-12    1.92316    35.0479    35.0502    27.2841    1489.17    1488.52 0.0000e+00
       9925    363.000     8.1834   3.658959     8.1848   3.659305      96.56     1.0411     0.0511    69.8605 1.0000e-12    1.91760    35.0479    35.0502    27.2841    1489.19    1488.52 0.0000e+00
       9950    364.000     8.1835   3.659021     8.1850   3.659365      96.56     1.0407     0.0530    69.8405 1.0000e-12    1.92128    35.0480    35.0502    27.2841    1489.21    1488.52 0.0000e+00
       9975    365.000     8.1836   3.659075     8.1852   3.659429      96.56     1.0406     0.0540    69.8457 1.0000e-12    1.92395    35.0480    35.0502    27.2841    1489.22    1488.52 0.0000e+00
      10000    366.000     8.1837   3.659135     8.1853   3.659491      92.60     1.0405     0.0513    69.8283 1.0000e-12    1.91090    35.0480    35.0503    27.2841    1489.24    1488.52 0.0000e+00
      10024    367.000     8.1838   3.659194     8.1853   3.659541      59.02     1.0391     0.0517    69.8273 1.0000e-12    1.92256    35.0481    35.0503    27.2841    1489.26    1488.53 0.0000e+00
      10049    368.000     8.1838   3.659244     8.1853   3.659591      96.59     1.0402     0.0508    69.9040 1.0000e-12    1.92369    35.0482    35.0504    27.2842    1489.27    1488.53 0.0000e+00
      10073    369.000     8.1840   3.659300     8.1855   3.659659      96.56     1.0400     0.0526    69.9391 1.0000e-12    1.92932    35.0481    35.0504    27.2841    1489.29    1488.53 0.0000e+00
      10097    370.000     8.1841   3.659372     8.1856   3.659713      96.56     1.0409     0.0539    69.9933 1.0000e-12    1.94058    35.0483    35.0504    27.2842    1489.31    1488.53 0.0000e+00
      10122    371.000     8.1842   3.659416     8.1857   3.659766      96.56     1.0423     0.0508    70.0166 1.0000e-12    1.94687    35.0482    35.0504    27.2841    1489.32    1488.53 0.0000e+00
      10146    372.000     8.1843   3.659480     8.1857   3.659825      96.56     1.0431     0.0522    70.0652 1.0000e-12    1.94432    35.0483    35.0506    27.2842    1489.34    1488.54 0.0000e+00
      10171    373.000     8.1844   3.659529     8.1859   3.659885      96.56     1.0440     0.0507    70.0388 1.0000e-12    1.93831    35.0482    35.0505    27.2841    1489.36    1488.54 0.0000e+00
      10195    374.000     8.1845   3.659585     8.1860   3.659942      71.59     1.0433     0.0488    70.0822 1.0000e-12    1.94205    35.0482    35.0506    27.2842    1489.38    1488.54 0.0000e+00
      10219    375.000     8.1846   3.659648     8.1862   3.659993      96.23     1.0447     0.0475    70.0778 1.0000e-12    1.95409    35.0483    35.0504    27.2842    1489.39    1488.54 0.0000e+00
      10244    376.000     8.1849   3.659717     8.1863   3.660064      96.56     1.0454     0.0490    70.0984 1.0000e-12    1.94886    35.0483    35.0506    27.2841    1489.41    1488.55 0.0000e+00
      10268    377.000     8.1850   3.659779     8.1865   3.660137      96.55     1.0455     0.0485    70.0765 1.0000e-12    1.94645    35.0484    35.0507    27.2842    1489.43    1488.55 0.0000e+00
      10292    378.000     8.1851   3.659841     8.1866   3.660197      96.56     1.0456     0.0504    70.0799 1.0000e-12    1.94579    35.0485    35.0508    27.2842    1489.44    1488.55 0.0000e+00
      10316    379.000     8.1853   3.659906     8.1868   3.660256      96.56     1.0456     0.0532    70.0232 1.0000e-12    1.94422    35.0485    35.0507    27.2842    1489.46    1488.55 0.0000e+00
      10340    380.000     8.1855   3.659968     8.1869   3.660319      96.56     1.0453     0.0530    70.0280 1.0000e-12    1.92497    35.0485    35.0508    27.2842    1489.48    1488.56 0.0000e+00
      10365    381.000     8.1858   3.660040     8.1873   3.660403      71.13     1.0429     0.0508    69.8672 1.0000e-12    1.92217    35.0485    35.0508    27.2841    1489.50    1488.56 0.0000e+00
      10389    382.000     8.1860   3.660107     8.1874   3.660457      96.42     1.0430     0.0513    69.7803 1.0000e-12    1.92802    35.0485    35.0508    27.2841    1489.51    1488.56 0.0000e+00
      10414    383.000     8.1861   3.660166     8.1876   3.660518      96.56     1.0411     0.0512    69.6344 1.0000e-12    1.89896    35.0486    35.0508    27.2842    1489.53    1488.56 0.0000e+00
      10439    384.000     8.1863   3.660226     8.1878   3.660572      96.56     1.0383     0.0510    69.4916 1.0000e-12    1.88487    35.0485    35.0507    27.2841    1489.55    1488.57 0.0000e+00
      10463    385.000     8.1864   3.660284     8.1879   3.660646      96.56     1.0357     0.0492    69.4159 1.0000e-12    1.88013    35.0486    35.0509    27.2841    1489.56    1488.57 0.0000e+00
      10488    386.000     8.1865   3.660354     8.1881   3.660703      96.55     1.0334     0.0515    69.3898 1.0000e-12    1.87510    35.0487    35.0509    27.2842    1489.58    1488.57 0.0000e+00
      10512    387.000     8.1867   3.660409     8.1882   3.660756      96.56     1.0314     0.0538    69.3159 1.0000e-12    1.86996    35.0487    35.0509    27.2841    1489.60    1488.57 0.0000e+00
      10536    388.000     8.1868   3.660461     8.1883   3.660814      84.17     1.0295     0.0552    69.2846 1.0000e-12    1.86827    35.0486    35.0509    27.2841    1489.61    1488.58 0.0000e+00
      10561    389.000     8.1869   3.660516     8.1884   3.660866      96.60     1.0279     0.0523    69.2789 1.0000e-12    1.86618    35.0486    35.0509    27.2841    1489.63    1488.58 0.0000e+00
      10585    390.000     8.1871   3.660582     8.1885   3.660922      96.56     1.0269     0.0523    69.2532 1.0000e-12    1.86816    35.0487    35.0509    27.2841    1489.65    1488.58 0.0000e+00
      10609    391.000     8.1872   3.660635     8.1886   3.660987      96.56     1.0261     0.0519    69.2337 1.0000e-12    1.86989    35.0487    35.0510    27.2841    1489.67    1488.58 0.0000e+00
      10634    392.000     8.1872   3.660693     8.1888   3.661041      96.56     1.0256     0.0500    69.2261 1.0000e-12    1.86806    35.0488    35.0509    27.2842    1489.68    1488.59 0.0000e+00
      10659    393.000     8.1873   3.660741     8.1889   3.661103      96.56     1.0250     0.0507    69.2321 1.0000e-12    1.87088    35.0487    35.0510    27.2841    1489.70    1488.59 0.0000e+00
      10683    394.000     8.1875   3.660805     8.1890   3.661159      96.56     1.0251     0.0531    69.2282 1.0000e-12    1.87257    35.0487    35.0510    27.2841    1489.72    1488.59 0.0000e+00
      10708    395.000     8.1875   3.660864     8.1891   3.661208      79.21     1.0247     0.0517    69.2354 1.0000e-12    1.87171    35.0489    35.0510    27.2842    1489.73    1488.60 0.0000e+00
      10733    396.000     8.1876   3.660913     8.1891   3.661272      96.78     1.0248     0.0533    69.2353 1.0000e-12    1.87542    35.0488    35.0512    27.2842    1489.75    1488.60 0.0000e+00
      10758    397.000     8.1877   3.660966     8.1892   3.661326      96.56     1.0249     0.0545    69.3080 1.0000e-12    1.87511    35.0488    35.0512    27.2841    1489.77    1488.60 0.0000e+00
      10782    398.000     8.1878   3.661015     8.1893   3.661370      96.56     1.0250     0.0498    69.3540 1.0000e-12    1.87725    35.0488    35.0511    27.2841    1489.78    1488.60 0.0000e+00
      10807    399.000     8.1879   3.661076     8.1894   3.661424      96.56     1.0255     0.0481    69.3751 1.0000e-12    1.88565    35.0489    35.0511    27.2841    1489.80    1488.61 0.0000e+00
      10831    400.000     8.1880   3.661130     8.1895   3.661480      96.56     1.0260     0.0484    69.4654 1.0000e-12    1.88847    35.0489    35.0511    27.2841    1489.82    1488.61 0.0000e+00
      10856    401.000     8.1881   3.661182     8.1896   3.661544      96.56     1.0271     0.0528    69.5036 1.0000e-12    1.89637    35.0488    35.0512    27.2841    1489.83    1488.61 0.0000e+00
      10880    402.000     8.1882   3.661253     8.1897   3.661606      95.90     1.0282     0.0531    69.5099 1.0000e-12    1.89831    35.0490    35.0513    27.2842    1489.85    1488.62 0.0000e+00
      10904    403.000     8.1884   3.661310     8.1899   3.661663      96.56     1.0285     0.0506    69.5302 1.0000e-12    1.88954    35.0490    35.0512    27.2841    1489.87    1488.62 0.0000e+00
      10929    404.000     8.1885   3.661374     8.1901   3.661730      96.56     1.0285     0.0497    69.5195 1.0000e-12    1.88188    35.0491    35.0513    27.2842    1489.89    1488.62 0.0000e+00
      10953    405.000     8.1887   3.661434     8.1901   3.661781      35.11     1.0273     0.0508    69.3815 1.0000e-12    1.88323    35.0490    35.0513    27.2841    1489.90    1488.63 0.0000e+00
      10978    406.000     8.1888   3.661488     8.1903   3.661847      96.66     1.0285     0.0502    69.4385 1.0000e-12    1.89820    35.0490    35.0514    27.2841    1489.92    1488.63 0.0000e+00
