_data/ctd/2016/Sta0953_2016.cnv
* Sea-Bird SBE 9 Data File:
* FileName = C:\Seabird\CTDDATA\sta0953.hex
* Software Version Seasave V 7.21f
* Temperature SN = 5458
* Conductivity SN = 044221
* Number of Bytes Per Scan = 41
* Number of Voltage Words = 4
* Number of Scans Averaged by the Deck Unit = 1
* NMEA Latitude = 61 14.70 N
* NMEA Longitude = 007 21.41 E
* NMEA UTC (Time) = Sep 26 2016 08:18:36
** Ship: 01 F/F "Håkon Mosby"
** Station: 0953
** Echodepth: 652
** Log: 3752
** Wind-Dir Force: 05 01
** Air-temp (dry): 12.6
** Weather Sky: 1 9
** Sea Ice: 1 0
** UNIS station:
# nquan = 18                                
# nvalues = 644                         
# units = specified
# name 0 = scan: Scan Count
# name 1 = prDM: Pressure, Digiquartz [db]
# name 2 = t068C: Temperature [ITS-68, deg C]
# name 3 = c0S/m: Conductivity [S/m]
# name 4 = t168C: Temperature, 2 [ITS-68, deg C]
# name 5 = c1S/m: Conductivity, 2 [S/m]
# name 6 = altM: Altimeter [m]
# name 7 = sbeox0V: Oxygen raw, SBE 43 [V]
# name 8 = flC: Fluorescence, Chelsea Aqua 3 Chl Con [ug/l]
# name 9 = xmiss: Beam Transmission, Chelsea/Seatech [%]
# name 10 = par: PAR/Irradiance, Biospherical/Licor
# name 11 = sbeox0ML/L: Oxygen, SBE 43 [ml/l], WS = 2
# name 12 = sal00: Salinity, Practical [PSU]
# name 13 = sal11: Salinity, Practical, 2 [PSU]
# name 14 = sigma-t00: Density [sigma-t, Kg/m^3 ]
# name 15 = svCM: Sound Velocity [Chen-Millero, m/s]
# name 16 = avgsvCM: Average Sound Velocity [Chen-Millero, m/s], minP = 0, minS = 0
# name 17 = flag: flag
# span 0 =        746,      18925       
# span 1 =      3.000,    646.000       
# span 2 =     7.4057,    14.6125       
# span 3 =   1.234995,   3.759109       
# span 4 =     7.4070,    14.6138       
# span 5 =   1.016611,   3.757436       
# span 6 =       9.56,      96.80       
# span 7 =     1.4805,     2.7294       
# span 8 =     0.0255,     0.7681       
# span 9 =    23.3077,    78.2864       
# span 10 = 1.0000e-12, 1.1342e+02      
# span 11 =    3.70520,    7.25611      
# span 12 =     9.4388,    35.0401      
# span 13 =     7.6415,    35.0212      
# span 14 =     6.6905,    27.3929      
# span 15 =    1469.67,    1500.31      
# span 16 =    1469.67,    1495.52      
# span 17 = 0.0000e+00, 0.0000e+00      
# interval = decibars: 1                
# start_time = Sep 26 2016 08:18:37 [System UTC, first data scan.]
# bad_flag = -9.990e-29
*END*
[from data line 161]
       5150    164.000     7.8166   3.602237     7.8179   3.600453      96.56     1.6751     0.0350    71.5112 1.0000e-12    4.16843    34.9013    34.8807    27.2240    1484.35    1489.11 0.0000e+00
       5177    165.000     7.8105   3.601905     7.8119   3.600130      96.56     1.6766     0.0348    71.5114 1.0000e-12    4.19414    34.9033    34.8827    27.2265    1484.34    1489.08 0.0000e+00
       5206    166.000     7.8086   3.601784     7.8100   3.599983      96.56     1.6799     0.0334    71.5105 1.0000e-12    4.21219    34.9034    34.8826    27.2268    1484.35    1489.05 0.0000e+00
       5233    167.000     7.8085   3.601834     7.8098   3.600018      96.56     1.6822     0.0338    71.4640 1.0000e-12    4.20783    34.9035    34.8827    27.2270    1484.37    1489.02 0.0000e+00
       5261    168.000     7.8072   3.601820     7.8086   3.600023      96.56     1.6835     0.0323    71.4637 1.0000e-12    4.20249    34.9042    34.8834    27.2277    1484.38    1489.00 0.0000e+00
       5289    169.000     7.8040   3.601738     7.8053   3.599945      96.56     1.6842     0.0322    71.4448 1.0000e-12    4.20649    34.9060    34.8854    27.2296    1484.39    1488.97 0.0000e+00
       5316    170.000     7.7997   3.601614     7.8010   3.599817      96.56     1.6848     0.0326    71.4675 1.0000e-12    4.20220    34.9085    34.8878    27.2322    1484.39    1488.94 0.0000e+00
       5344    171.000     7.7967   3.601515     7.7982   3.599724      96.56     1.6848     0.0332    71.4456 1.0000e-12    4.20137    34.9099    34.8891    27.2337    1484.40    1488.92 0.0000e+00
       5371    172.000     7.7929   3.601356     7.7941   3.599559      96.55     1.6851     0.0337    71.4714 1.0000e-12    4.21290    34.9115    34.8910    27.2356    1484.40    1488.89 0.0000e+00
       5399    173.000     7.7915   3.601302     7.7928   3.599501      96.56     1.6865     0.0334    71.4523 1.0000e-12    4.22238    34.9119    34.8911    27.2360    1484.41    1488.86 0.0000e+00
       5427    174.000     7.7921   3.601477     7.7933   3.599634      96.56     1.6875     0.0329    71.4851 1.0000e-12    4.22354    34.9127    34.8916    27.2366    1484.43    1488.84 0.0000e+00
       5455    175.000     7.7872   3.601219     7.7885   3.599458      96.56     1.6886     0.0344    71.4719 1.0000e-12    4.22947    34.9143    34.8940    27.2386    1484.43    1488.81 0.0000e+00
       5483    176.000     7.7839   3.601116     7.7851   3.599309      96.56     1.6900     0.0356    71.4867 1.0000e-12    4.24222    34.9160    34.8953    27.2404    1484.44    1488.79 0.0000e+00
       5511    177.000     7.7866   3.601658     7.7879   3.599826      96.56     1.6917     0.0327    71.5363 1.0000e-12    4.24520    34.9187    34.8976    27.2421    1484.47    1488.76 0.0000e+00
       5539    178.000     7.7857   3.601755     7.7870   3.599961      96.56     1.6931     0.0333    71.5496 1.0000e-12    4.26825    34.9201    34.8995    27.2434    1484.48    1488.74 0.0000e+00
       5567    179.000     7.7820   3.601582     7.7833   3.599808      96.56     1.6984     0.0322    71.5425 1.0000e-12    4.32878    34.9215    34.9010    27.2450    1484.49    1488.71 0.0000e+00
       5595    180.000     7.7772   3.601293     7.7785   3.599537      96.56     1.7064     0.0302    71.6411 1.0000e-12    4.36718    34.9227    34.9024    27.2466    1484.49    1488.69 0.0000e+00
       5623    181.000     7.7730   3.601086     7.7743   3.599292      96.56     1.7136     0.0292    71.6419 1.0000e-12    4.37605    34.9242    34.9035    27.2484    1484.49    1488.67 0.0000e+00
       5652    182.000     7.7703   3.600986     7.7717   3.599226      96.56     1.7181     0.0301    71.6283 1.0000e-12    4.35763    34.9253    34.9049    27.2497    1484.50    1488.65 0.0000e+00
       5680    183.000     7.7657   3.600693     7.7670   3.598907      96.56     1.7193     0.0339    71.6142 1.0000e-12    4.34478    34.9262    34.9057    27.2511    1484.50    1488.62 0.0000e+00
       5709    184.000     7.7632   3.600518     7.7646   3.598761      96.56     1.7203     0.0354    71.6059 1.0000e-12    4.34216    34.9264    34.9060    27.2516    1484.50    1488.60 0.0000e+00
       5739    185.000     7.7600   3.600241     7.7615   3.598473      96.56     1.7199     0.0325    71.6571 1.0000e-12    4.32968    34.9261    34.9055    27.2518    1484.51    1488.58 0.0000e+00
       5768    186.000     7.7605   3.600401     7.7618   3.598614      96.56     1.7186     0.0314    71.6257 1.0000e-12    4.30624    34.9268    34.9062    27.2524    1484.53    1488.56 0.0000e+00
       5798    187.000     7.7584   3.600298     7.7596   3.598505      96.56     1.7145     0.0318    71.6172 1.0000e-12    4.28157    34.9273    34.9068    27.2531    1484.54    1488.53 0.0000e+00
       5826    188.000     7.7579   3.600352     7.7591   3.598544      96.56     1.7116     0.0347    71.6649 1.0000e-12    4.28456    34.9279    34.9072    27.2536    1484.55    1488.51 0.0000e+00
       5855    189.000     7.7609   3.600819     7.7622   3.598994      96.56     1.7095     0.0313    71.6892 1.0000e-12    4.28310    34.9295    34.9085    27.2544    1484.58    1488.49 0.0000e+00
       5883    190.000     7.7597   3.600906     7.7610   3.599132      96.56     1.7081     0.0323    71.6881 1.0000e-12    4.30125    34.9311    34.9107    27.2559    1484.60    1488.47 0.0000e+00
       5911    191.000     7.7574   3.600809     7.7587   3.599024      96.56     1.7109     0.0324    71.7006 1.0000e-12    4.36575    34.9319    34.9113    27.2568    1484.60    1488.45 0.0000e+00
       5940    192.000     7.7569   3.600875     7.7581   3.599076      96.56     1.7179     0.0320    71.7103 1.0000e-12    4.40332    34.9326    34.9120    27.2574    1484.62    1488.43 0.0000e+00
       5968    193.000     7.7559   3.600918     7.7572   3.599128      96.56     1.7233     0.0324    71.7006 1.0000e-12    4.40331    34.9336    34.9130    27.2584    1484.63    1488.41 0.0000e+00
       5997    194.000     7.7549   3.600908     7.7562   3.599128      96.56     1.7277     0.0336    71.7292 1.0000e-12    4.41701    34.9340    34.9135    27.2588    1484.65    1488.39 0.0000e+00
       6026    195.000     7.7539   3.600898     7.7552   3.599123      96.56     1.7319     0.0347    71.7266 1.0000e-12    4.42704    34.9344    34.9139    27.2593    1484.66    1488.37 0.0000e+00
       6054    196.000     7.7526   3.600879     7.7539   3.599106      96.56     1.7351     0.0366    71.7594 1.0000e-12    4.42728    34.9350    34.9146    27.2600    1484.67    1488.35 0.0000e+00
       6083    197.000     7.7507   3.600829     7.7520   3.599054      96.55     1.7377     0.0317    71.7408 1.0000e-12    4.43450    34.9359    34.9154    27.2609    1484.68    1488.34 0.0000e+00
       6112    198.000     7.7444   3.600436     7.7456   3.598679      96.56     1.7395     0.0327    71.7604 1.0000e-12    4.43153    34.9375    34.9173    27.2631    1484.68    1488.32 0.0000e+00
       6140    199.000     7.7393   3.600112     7.7407   3.598340      96.56     1.7406     0.0314    71.7604 1.0000e-12    4.43087    34.9386    34.9180    27.2647    1484.68    1488.30 0.0000e+00
       6168    200.000     7.7371   3.600014     7.7384   3.598249      96.56     1.7410     0.0325    71.7436 1.0000e-12    4.42077    34.9392    34.9189    27.2656    1484.68    1488.28 0.0000e+00
       6196    201.000     7.7340   3.599894     7.7354   3.598126      96.56     1.7398     0.0337    71.7640 1.0000e-12    4.39982    34.9406    34.9201    27.2671    1484.69    1488.26 0.0000e+00
       6225    202.000     7.7320   3.599840     7.7333   3.598085      96.56     1.7372     0.0343    71.7412 1.0000e-12    4.38267    34.9415    34.9212    27.2681    1484.70    1488.25 0.0000e+00
       6253    203.000     7.7253   3.599443     7.7266   3.597679      96.56     1.7346     0.0326    71.7751 1.0000e-12    4.38561    34.9434    34.9231    27.2706    1484.69    1488.23 0.0000e+00
       6282    204.000     7.7233   3.599330     7.7247   3.597582      96.56     1.7338     0.0346    71.8021 1.0000e-12    4.39954    34.9437    34.9234    27.2711    1484.70    1488.21 0.0000e+00
       6310    205.000     7.7211   3.599204     7.7225   3.597456      96.56     1.7338     0.0347    71.7810 1.0000e-12    4.40348    34.9441    34.9238    27.2717    1484.71    1488.19 0.0000e+00
       6338    206.000     7.7179   3.598965     7.7192   3.597205      96.56     1.7339     0.0321    71.7926 1.0000e-12    4.40080    34.9442    34.9239    27.2723    1484.72    1488.18 0.0000e+00
       6367    207.000     7.7159   3.598860     7.7172   3.597097      96.56     1.7328     0.0329    71.7847 1.0000e-12    4.37050    34.9446    34.9242    27.2729    1484.73    1488.16 0.0000e+00
       6395    208.000     7.7144   3.598817     7.7158   3.597050      96.55     1.7282     0.0351    71.7853 1.0000e-12    4.32858    34.9452    34.9246    27.2736    1484.74    1488.14 0.0000e+00
       6424    209.000     7.7140   3.598871     7.7153   3.597100      96.55     1.7228     0.0346    71.7515 1.0000e-12    4.31425    34.9456    34.9252    27.2740    1484.75    1488.13 0.0000e+00
       6453    210.000     7.7143   3.598993     7.7156   3.597221      96.56     1.7183     0.0352    71.7436 1.0000e-12    4.31169    34.9462    34.9257    27.2744    1484.77    1488.11 0.0000e+00
       6482    211.000     7.7136   3.599011     7.7149   3.597239      96.56     1.7158     0.0319    71.7444 1.0000e-12    4.33186    34.9466    34.9261    27.2748    1484.79    1488.10 0.0000e+00
       6511    212.000     7.7126   3.598971     7.7138   3.597194      96.56     1.7164     0.0341    71.7669 1.0000e-12    4.35839    34.9467    34.9263    27.2750    1484.80    1488.08 0.0000e+00
       6539    213.000     7.7101   3.598820     7.7114   3.597065      96.56     1.7180     0.0352    71.7808 1.0000e-12    4.36785    34.9471    34.9268    27.2757    1484.81    1488.06 0.0000e+00
       6567    214.000     7.7091   3.598794     7.7103   3.597018      96.56     1.7186     0.0316    71.7359 1.0000e-12    4.34469    34.9473    34.9269    27.2760    1484.82    1488.05 0.0000e+00
       6595    215.000     7.7087   3.598837     7.7101   3.597070      96.56     1.7167     0.0322    71.7121 1.0000e-12    4.32290    34.9477    34.9272    27.2764    1484.83    1488.03 0.0000e+00
       6622    216.000     7.7087   3.598955     7.7100   3.597192      96.55     1.7142     0.0324    71.6844 1.0000e-12    4.31206    34.9485    34.9281    27.2770    1484.85    1488.02 0.0000e+00
       6650    217.000     7.7075   3.598942     7.7088   3.597178      96.56     1.7121     0.0341    71.7426 1.0000e-12    4.32280    34.9490    34.9287    27.2776    1484.86    1488.00 0.0000e+00
       6678    218.000     7.7065   3.598951     7.7078   3.597178      96.56     1.7127     0.0358    71.7658 1.0000e-12    4.35370    34.9496    34.9292    27.2782    1484.88    1487.99 0.0000e+00
       6707    219.000     7.7055   3.598958     7.7071   3.597229      96.56     1.7148     0.0336    71.7757 1.0000e-12    4.36324    34.9502    34.9299    27.2789    1484.89    1487.98 0.0000e+00
       6735    220.000     7.7028   3.598761     7.7042   3.597022      96.56     1.7165     0.0330    71.7933 1.0000e-12    4.37446    34.9503    34.9301    27.2793    1484.90    1487.96 0.0000e+00
       6763    221.000     7.7010   3.598702     7.7023   3.596941      96.56     1.7190     0.0339    71.8055 1.0000e-12    4.37494    34.9510    34.9307    27.2801    1484.91    1487.95 0.0000e+00
       6791    222.000     7.6994   3.598667     7.7008   3.596910      96.56     1.7191     0.0298    71.7929 1.0000e-12    4.34794    34.9517    34.9313    27.2809    1484.92    1487.93 0.0000e+00
       6818    223.000     7.6982   3.598689     7.6994   3.596905      96.56     1.7166     0.0301    71.7475 1.0000e-12    4.32169    34.9527    34.9322    27.2819    1484.93    1487.92 0.0000e+00
       6846    224.000     7.6976   3.598856     7.6991   3.597090      96.56     1.7142     0.0320    71.7446 1.0000e-12    4.32609    34.9546    34.9340    27.2835    1484.95    1487.91 0.0000e+00
       6873    225.000     7.6962   3.598829     7.6976   3.597078      96.55     1.7132     0.0299    71.8435 1.0000e-12    4.35654    34.9552    34.9349    27.2842    1484.96    1487.89 0.0000e+00
       6900    226.000     7.6965   3.598933     7.6976   3.597139      96.56     1.7174     0.0295    71.8427 1.0000e-12    4.42685    34.9556    34.9351    27.2844    1484.98    1487.88 0.0000e+00
       6928    227.000     7.6963   3.598963     7.6976   3.597200      96.56     1.7245     0.0299    71.9084 1.0000e-12    4.46003    34.9556    34.9352    27.2844    1484.99    1487.87 0.0000e+00
       6955    228.000     7.6952   3.598914     7.6966   3.597173      96.55     1.7311     0.0329    71.9836 1.0000e-12    4.46643    34.9557    34.9355    27.2847    1485.01    1487.86 0.0000e+00
       6983    229.000     7.6927   3.598759     7.6940   3.597005      96.56     1.7348     0.0347    71.9992 1.0000e-12    4.45448    34.9560    34.9358    27.2853    1485.01    1487.84 0.0000e+00
       7011    230.000     7.6917   3.598730     7.6930   3.596977      96.56     1.7373     0.0329    72.0093 1.0000e-12    4.44798    34.9562    34.9360    27.2856    1485.03    1487.83 0.0000e+00
       7038    231.000     7.6902   3.598701     7.6915   3.596945      96.56     1.7371     0.0355    71.9604 1.0000e-12    4.42175    34.9569    34.9366    27.2864    1485.04    1487.82 0.0000e+00
       7065    232.000     7.6875   3.598556     7.6889   3.596812      96.56     1.7361     0.0358    71.9494 1.0000e-12    4.41899    34.9576    34.9373    27.2873    1485.05    1487.81 0.0000e+00
       7093    233.000     7.6861   3.598521     7.6875   3.596765      96.56     1.7352     0.0334    71.9723 1.0000e-12    4.42013    34.9581    34.9377    27.2879    1485.06    1487.80 0.0000e+00
       7120    234.000     7.6852   3.598506     7.6865   3.596750      96.56     1.7350     0.0306    72.0099 1.0000e-12    4.42324    34.9584    34.9381    27.2882    1485.07    1487.78 0.0000e+00
       7148    235.000     7.6839   3.598470     7.6851   3.596708      96.56     1.7343     0.0303    72.0393 1.0000e-12    4.41711    34.9588    34.9385    27.2888    1485.08    1487.77 0.0000e+00
       7175    236.000     7.6823   3.598399     7.6836   3.596656      96.55     1.7335     0.0275    72.0538 1.0000e-12    4.41154    34.9592    34.9390    27.2893    1485.09    1487.76 0.0000e+00
       7202    237.000     7.6810   3.598363     7.6823   3.596611      96.56     1.7327     0.0324    72.0909 1.0000e-12    4.41569    34.9596    34.9393    27.2898    1485.11    1487.75 0.0000e+00
       7229    238.000     7.6799   3.598360     7.6813   3.596599      96.56     1.7322     0.0328    72.0932 1.0000e-12    4.40761    34.9602    34.9397    27.2904    1485.12    1487.74 0.0000e+00
       7256    239.000     7.6795   3.598385     7.6809   3.596640      96.56     1.7308     0.0320    72.0834 1.0000e-12    4.40055    34.9603    34.9401    27.2906    1485.13    1487.73 0.0000e+00
       7284    240.000     7.6786   3.598390     7.6800   3.596638      96.56     1.7300     0.0346    72.0991 1.0000e-12    4.40981    34.9608    34.9405    27.2911    1485.15    1487.72 0.0000e+00
       7311    241.000     7.6772   3.598381     7.6785   3.596639      96.56     1.7299     0.0324    72.0795 1.0000e-12    4.40588    34.9616    34.9415    27.2920    1485.16    1487.71 0.0000e+00
       7339    242.000     7.6750   3.598308     7.6764   3.596554      96.56     1.7289     0.0315    72.0972 1.0000e-12    4.40552    34.9626    34.9422    27.2930    1485.17    1487.70 0.0000e+00
       7366    243.000     7.6741   3.598296     7.6754   3.596558      96.56     1.7289     0.0338    72.0917 1.0000e-12    4.41139    34.9629    34.9427    27.2934    1485.18    1487.69 0.0000e+00
