_data/ctd/2016/Sta0949_2016.cnv
* Sea-Bird SBE 9 Data File:
* FileName = C:\Seabird\CTDDATA\sta0949.hex
* Software Version Seasave V 7.21f
* Temperature SN = 5458
* Conductivity SN = 044221
* Number of Bytes Per Scan = 41
* Number of Voltage Words = 4
* Number of Scans Averaged by the Deck Unit = 1
* NMEA Latitude = 60 52.34 N
* NMEA Longitude = 005 34.66 E
* NMEA UTC (Time) = Sep 20 2016 06:07:17
** Ship: 01 F/F "Håkon Mosby"
** Station: 0949
** Echodepth: 29
** Log: 3312.453
** Wind-Dir Force: 14 01
** Air-temp (dry): 10.8
** Weather Sky: 2 9
** Sea Ice: 2 0
** UNIS station:
# nquan = 18                                
# nvalues = 20                          
# units = specified
# name 0 = scan: Scan Count
# name 1 = prDM: Pressure, Digiquartz [db]
# name 2 = t068C: Temperature [ITS-68, deg C]
# name 3 = c0S/m: Conductivity [S/m]
# name 4 = t168C: Temperature, 2 [ITS-68, deg C]
# name 5 = c1S/m: Conductivity, 2 [S/m]
# name 6 = altM: Altimeter [m]
# name 7 = sbeox0V: Oxygen raw, SBE 43 [V]
# name 8 = flC: Fluorescence, Chelsea Aqua 3 Chl Con [ug/l]
# name 9 = xmiss: Beam Transmission, Chelsea/Seatech [%]
# name 10 = par: PAR/Irradiance, Biospherical/Licor
# name 11 = sbeox0ML/L: Oxygen, SBE 43 [ml/l], WS = 2
# name 12 = sal00: Salinity, Practical [PSU]
# name 13 = sal11: Salinity, Practical, 2 [PSU]
# name 14 = sigma-t00: Density [sigma-t, Kg/m^3 ]
# name 15 = svCM: Sound Velocity [Chen-Millero, m/s]
# name 16 = avgsvCM: Average Sound Velocity [Chen-Millero, m/s], minP = 0, minS = 0
# name 17 = flag: flag
# span 0 =        423,       1533       
# span 1 =      1.000,     20.000       
# span 2 =    12.6394,    14.5986       
# span 3 =   1.126801,   3.661159       
# span 4 =    12.6853,    14.6626       
# span 5 =   1.189197,   3.661594       
# span 6 =       7.31,     101.16       
# span 7 =     2.1371,     2.3205       
# span 8 =     0.1586,     0.7320       
# span 9 =    13.3169,    72.6511       
# span 10 = 1.4862e-01, 2.7509e+01      
# span 11 =    5.11362,    6.53900      
# span 12 =     8.6040,    30.2598      
# span 13 =     9.1087,    30.2627      
# span 14 =     6.0824,    22.5796      
# span 15 =    1467.76,    1499.01      
# span 16 =    1467.76,    1494.86      
# span 17 = 0.0000e+00, 0.0000e+00      
# interval = decibars: 1                
# start_time = Sep 20 2016 06:07:18 [System UTC, first data scan.]
# bad_flag = -9.990e-29
*END*
        423      1.000    12.6394   1.126801    12.6853   1.189197      96.54     2.2882     0.3391    72.6511 2.7509e+01    6.53900     8.6040     9.1087     6.0824    1467.76    1467.76 0.0000e+00
        450      2.000    13.3548   1.871152    13.3500   1.812270      96.56     2.2881     0.3463    62.4442 2.1726e+01    6.24847    14.6338    14.1348    10.6158    1477.44    1472.59 0.0000e+00
        472      3.000    14.1243   2.938987    14.0956   2.804555      62.67     2.2922     0.4015    43.2788 5.9590e+00    5.89168    23.5186    22.3535    17.3118    1490.49    1478.51 0.0000e+00
        495      4.000    14.5986   3.566747    14.5259   3.569753      55.48     2.3054     0.5406    13.3169 5.8075e+00    5.73891    28.7767    28.8575    21.2636    1498.19    1483.38 0.0000e+00
        519      5.000    14.4603   3.572003    14.4726   3.570790     101.16     2.3205     0.6282    20.7717 4.6782e+00    5.67459    28.9262    28.9061    21.4068    1497.93    1486.27 0.0000e+00
        681      6.000    14.5558   3.596824    14.6626   3.615796      96.56     2.2459     0.6716    62.6106 4.0237e+00    5.41642    29.0774    29.1675    21.5038    1498.44    1488.28 0.0000e+00
        763      7.000    14.5633   3.612681    14.6262   3.628404      88.26     2.2398     0.6943    65.5008 2.8520e+00    5.40169    29.2137    29.3075    21.6072    1498.64    1489.75 0.0000e+00
        825      8.000    14.5297   3.653898    14.5305   3.654699      96.63     2.2377     0.7320    65.4632 2.0279e+00    5.37492    29.6093    29.6159    21.9187    1499.01    1490.90 0.0000e+00
        882      9.000    14.3435   3.652814    14.3466   3.653433      72.72     2.2217     0.7067    65.7784 1.4836e+00    5.26316    29.7416    29.7448    22.0587    1498.57    1491.75 0.0000e+00
        937     10.000    13.9382   3.617589    13.9426   3.618852      96.44     2.1934     0.5624    66.3732 1.1009e+00    5.21798    29.7334    29.7415    22.1341    1497.25    1492.30 0.0000e+00
        994     11.000    13.8014   3.609621    13.8034   3.609930      96.56     2.1656     0.3936    67.3956 8.3861e-01    5.15066    29.7660    29.7673    22.1865    1496.85    1492.71 0.0000e+00
       1052     12.000    13.9647   3.638142    13.9608   3.637474      96.56     2.1445     0.3000    67.8943 6.6219e-01    5.11362    29.8997    29.8966    22.2571    1497.56    1493.11 0.0000e+00
       1109     13.000    14.0114   3.651030    14.0147   3.651743      37.78     2.1457     0.2817    67.8450 5.4076e-01    5.18046    29.9806    29.9846    22.3101    1497.83    1493.48 0.0000e+00
       1168     14.000    13.8697   3.640236    13.8625   3.640217      46.92     2.1544     0.2543    68.2375 4.4405e-01    5.20225    29.9920    29.9975    22.3473    1497.39    1493.75 0.0000e+00
       1225     15.000    13.7631   3.631115    13.7614   3.631170      50.28     2.1498     0.2352    69.2053 3.6814e-01    5.14872    29.9913    29.9932    22.3680    1497.05    1493.97 0.0000e+00
       1284     16.000    13.8084   3.640354    13.8113   3.640843      67.33     2.1379     0.2163    69.4992 3.0704e-01    5.12275    30.0403    30.0425    22.3968    1497.28    1494.18 0.0000e+00
       1344     17.000    13.8989   3.657854    13.9018   3.658229      11.54     2.1371     0.2042    69.7142 2.5659e-01    5.15593    30.1293    30.1305    22.4474    1497.70    1494.39 0.0000e+00
       1401     18.000    13.8740   3.661130    13.8758   3.661527       9.74     2.1517     0.1885    69.9566 2.1774e-01    5.23139    30.1785    30.1807    22.4903    1497.69    1494.57 0.0000e+00
       1459     19.000    13.8281   3.661159    13.8289   3.661594       8.44     2.1634     0.1682    70.2303 1.8173e-01    5.25319    30.2144    30.2178    22.5272    1497.60    1494.73 0.0000e+00
       1533     20.000    13.7410   3.658668    13.7419   3.659062       7.31     2.1672     0.1586    70.3811 1.4862e-01    5.22045    30.2598    30.2627    22.5796    1497.38    1494.86 0.0000e+00
