_data/ctd/2016/Sta0958_2016.cnv
* Sea-Bird SBE 9 Data File:
* FileName = C:\Seabird\CTDDATA\sta0958.hex
* Software Version Seasave V 7.21f
* Temperature SN = 5458
* Conductivity SN = 044221
* Number of Bytes Per Scan = 41
* Number of Voltage Words = 4
* Number of Scans Averaged by the Deck Unit = 1
* NMEA Latitude = 61 21.35 N
* NMEA Longitude = 007 22.37 E
* NMEA UTC (Time) = Sep 27 2016 10:03:53
** Ship: 01 F/F "Håkon Mosby"
** Station: 0958
** Echodepth: 373
** Log: 3812,52
** Wind-Dir Force: 06 02
** Air-temp (dry): 10,0
** Weather Sky: 2 9
** Sea Ice: 1 0
** UNIS station:
# nquan = 18                                
# nvalues = 359                         
# units = specified
# name 0 = scan: Scan Count
# name 1 = prDM: Pressure, Digiquartz [db]
# name 2 = t068C: Temperature [ITS-68, deg C]
# name 3 = c0S/m: Conductivity [S/m]
# name 4 = t168C: Temperature, 2 [ITS-68, deg C]
# name 5 = c1S/m: Conductivity, 2 [S/m]
# name 6 = altM: Altimeter [m]
# name 7 = sbeox0V: Oxygen raw, SBE 43 [V]
# name 8 = flC: Fluorescence, Chelsea Aqua 3 Chl Con [ug/l]
# name 9 = xmiss: Beam Transmission, Chelsea/Seatech [%]
# name 10 = par: PAR/Irradiance, Biospherical/Licor
# name 11 = sbeox0ML/L: Oxygen, SBE 43 [ml/l], WS = 2
# name 12 = sal00: Salinity, Practical [PSU]
# name 13 = sal11: Salinity, Practical, 2 [PSU]
# name 14 = sigma-t00: Density [sigma-t, Kg/m^3 ]
# name 15 = svCM: Sound Velocity [Chen-Millero, m/s]
# name 16 = avgsvCM: Average Sound Velocity [Chen-Millero, m/s], minP = 0, minS = 0
# name 17 = flag: flag
# span 0 =        241,       9743       
# span 1 =      2.000,    360.000       
# span 2 =     7.5619,    14.3264       
# span 3 =   0.616464,   3.702539       
# span 4 =     7.5636,    14.3287       
# span 5 =   0.614555,   3.702807       
# span 6 =       4.81,      97.50       
# span 7 =     1.4741,     2.6607       
# span 8 =     0.0285,     0.4716       
# span 9 =    16.0753,    71.9173       
# span 10 = -1.820e-07, 8.8154e+01      
# span 11 =    3.37070,    7.68714      
# span 12 =     4.5788,    34.9990      
# span 13 =     4.5669,    35.0005      
# span 14 =     3.0605,    27.3382      
# span 15 =    1460.55,    1498.77      
# span 16 =    1460.55,    1493.65      
# span 17 = 0.0000e+00, 0.0000e+00      
# interval = decibars: 1                
# start_time = Sep 27 2016 10:03:55 [System UTC, first data scan.]
# bad_flag = -9.990e-29
*END*
[from data line 322]
       8297    324.000     7.5758   3.595578     7.5773   3.595859      61.59     1.5251     0.0338    71.2832 1.0000e-12    3.68968    34.9927    34.9942    27.3312    1486.18    1486.92 0.0000e+00
       8322    325.000     7.5736   3.595505     7.5753   3.595795      73.65     1.5239     0.0359    71.3076 1.0000e-12    3.70856    34.9936    34.9950    27.3323    1486.19    1486.92 0.0000e+00
       8346    326.000     7.5720   3.595460     7.5734   3.595741      96.37     1.5231     0.0352    71.2955 1.0000e-12    3.69336    34.9942    34.9959    27.3330    1486.20    1486.92 0.0000e+00
       8371    327.000     7.5709   3.595432     7.5723   3.595712      96.56     1.5209     0.0338    71.2887 1.0000e-12    3.67454    34.9945    34.9962    27.3334    1486.21    1486.91 0.0000e+00
       8397    328.000     7.5703   3.595447     7.5717   3.595710      96.56     1.5183     0.0324    71.2737 1.0000e-12    3.66477    34.9948    34.9963    27.3337    1486.23    1486.91 0.0000e+00
       8421    329.000     7.5699   3.595463     7.5713   3.595737      96.56     1.5158     0.0328    71.2638 1.0000e-12    3.65646    34.9949    34.9965    27.3338    1486.24    1486.91 0.0000e+00
       8447    330.000     7.5697   3.595495     7.5712   3.595766      94.87     1.5130     0.0335    71.2613 1.0000e-12    3.62661    34.9950    34.9964    27.3339    1486.26    1486.91 0.0000e+00
       8472    331.000     7.5694   3.595537     7.5709   3.595810      65.11     1.5083     0.0336    71.2243 1.0000e-12    3.62519    34.9952    34.9967    27.3342    1486.27    1486.91 0.0000e+00
       8498    332.000     7.5692   3.595568     7.5706   3.595842      96.40     1.5063     0.0328    71.2436 1.0000e-12    3.62161    34.9953    34.9969    27.3342    1486.29    1486.90 0.0000e+00
       8523    333.000     7.5689   3.595608     7.5704   3.595868      96.56     1.5035     0.0322    71.2353 1.0000e-12    3.61223    34.9955    34.9969    27.3345    1486.30    1486.90 0.0000e+00
       8548    334.000     7.5689   3.595656     7.5703   3.595921      96.56     1.5011     0.0333    71.1980 1.0000e-12    3.60832    34.9956    34.9970    27.3345    1486.32    1486.90 0.0000e+00
       8574    335.000     7.5688   3.595695     7.5699   3.595947      96.56     1.4988     0.0336    71.2312 1.0000e-12    3.60391    34.9956    34.9972    27.3345    1486.34    1486.90 0.0000e+00
       8599    336.000     7.5685   3.595722     7.5698   3.595997      96.56     1.4971     0.0353    71.2126 1.0000e-12    3.59790    34.9957    34.9974    27.3347    1486.35    1486.90 0.0000e+00
       8625    337.000     7.5680   3.595748     7.5695   3.596027      77.19     1.4948     0.0350    71.2239 1.0000e-12    3.60216    34.9960    34.9975    27.3350    1486.37    1486.90 0.0000e+00
       8650    338.000     7.5676   3.595783     7.5689   3.596047      96.63     1.4955     0.0362    71.2042 1.0000e-12    3.62581    34.9963    34.9979    27.3353    1486.38    1486.89 0.0000e+00
       8676    339.000     7.5671   3.595794     7.5685   3.596071      96.56     1.4956     0.0360    71.1960 1.0000e-12    3.62317    34.9964    34.9980    27.3355    1486.40    1486.89 0.0000e+00
       8701    340.000     7.5665   3.595805     7.5679   3.596080      96.55     1.4963     0.0366    71.1900 1.0000e-12    3.63049    34.9967    34.9983    27.3357    1486.41    1486.89 0.0000e+00
       8727    341.000     7.5660   3.595830     7.5674   3.596093      96.56     1.4967     0.0377    71.1969 1.0000e-12    3.62549    34.9970    34.9984    27.3360    1486.43    1486.89 0.0000e+00
       8753    342.000     7.5654   3.595838     7.5667   3.596104      96.56     1.4967     0.0368    71.1888 1.0000e-12    3.62097    34.9972    34.9988    27.3363    1486.44    1486.89 0.0000e+00
       8779    343.000     7.5652   3.595868     7.5666   3.596140      96.20     1.4962     0.0351    71.1521 1.0000e-12    3.61205    34.9972    34.9988    27.3363    1486.46    1486.89 0.0000e+00
       8804    344.000     7.5650   3.595902     7.5664   3.596179      58.14     1.4941     0.0345    71.1631 1.0000e-12    3.59021    34.9973    34.9989    27.3364    1486.47    1486.89 0.0000e+00
       8830    345.000     7.5643   3.595911     7.5656   3.596185      88.26     1.4934     0.0322    71.1140 1.0000e-12    3.60313    34.9976    34.9993    27.3368    1486.49    1486.88 0.0000e+00
       8856    346.000     7.5639   3.595940     7.5653   3.596213      96.59     1.4913     0.0320    71.0633 1.0000e-12    3.57788    34.9978    34.9994    27.3370    1486.50    1486.88 0.0000e+00
       8881    347.000     7.5641   3.595997     7.5655   3.596271      96.56     1.4892     0.0338    71.1123 1.0000e-12    3.57905    34.9978    34.9993    27.3369    1486.52    1486.88 0.0000e+00
       8906    348.000     7.5641   3.596049     7.5656   3.596330      96.56     1.4881     0.0332    71.1006 1.0000e-12    3.58822    34.9979    34.9994    27.3370    1486.53    1486.88 0.0000e+00
       8931    349.000     7.5638   3.596082     7.5653   3.596359      93.62     1.4877     0.0315    71.1070 1.0000e-12    3.58327    34.9980    34.9995    27.3372    1486.55    1486.88 0.0000e+00
       8956    350.000     7.5638   3.596131     7.5653   3.596405      72.94     1.4863     0.0331    71.0341 1.0000e-12    3.57205    34.9981    34.9995    27.3372    1486.57    1486.88 0.0000e+00
       8981    351.000     7.5639   3.596183     7.5653   3.596457      63.17     1.4858     0.0342    71.0551 1.0000e-12    3.60235    34.9981    34.9996    27.3372    1486.58    1486.88 0.0000e+00
       9006    352.000     7.5637   3.596217     7.5652   3.596491      82.53     1.4869     0.0328    71.0584 1.0000e-12    3.58776    34.9981    34.9996    27.3373    1486.60    1486.88 0.0000e+00
       9032    353.000     7.5632   3.596237     7.5647   3.596516      61.63     1.4863     0.0320    71.0692 1.0000e-12    3.59917    34.9984    34.9999    27.3375    1486.61    1486.88 0.0000e+00
       9058    354.000     7.5631   3.596281     7.5645   3.596550      95.97     1.4871     0.0285    71.0802 1.0000e-12    3.59516    34.9985    35.0000    27.3376    1486.63    1486.88 0.0000e+00
       9084    355.000     7.5629   3.596314     7.5644   3.596589      96.51     1.4867     0.0300    71.0614 1.0000e-12    3.58437    34.9985    35.0000    27.3377    1486.65    1486.88 0.0000e+00
       9110    356.000     7.5627   3.596349     7.5641   3.596619      92.06     1.4856     0.0332    70.9536 1.0000e-12    3.56822    34.9986    35.0002    27.3378    1486.66    1486.88 0.0000e+00
       9135    357.000     7.5626   3.596397     7.5640   3.596664      59.27     1.4838     0.0348    70.7918 1.0000e-12    3.58136    34.9988    35.0003    27.3379    1486.68    1486.88 0.0000e+00
       9161    358.000     7.5626   3.596440     7.5640   3.596713      95.93     1.4841     0.0350    70.7511 1.0000e-12    3.57356    34.9987    35.0003    27.3379    1486.69    1486.87 0.0000e+00
       9203    359.000     7.5625   3.596485     7.5641   3.596767      96.56     1.4810     0.0329    70.7111 1.0000e-12    3.55429    34.9989    35.0003    27.3380    1486.71    1486.87 0.0000e+00
       9743    360.000     7.5619   3.596486     7.5636   3.596783       4.81     1.4741     0.0348    70.4430 1.0000e-12    3.52736    34.9990    35.0005    27.3382    1486.73    1486.87 0.0000e+00
