_data/ctd/2016/Sta0947_2016.cnv
* Sea-Bird SBE 9 Data File:
* FileName = C:\Seabird\CTDDATA\sta0947.hex
* Software Version Seasave V 7.21f
* Temperature SN = 5458
* Conductivity SN = 044221
* Number of Bytes Per Scan = 41
* Number of Voltage Words = 4
* Number of Scans Averaged by the Deck Unit = 1
* NMEA Latitude = 60 53.02 N
* NMEA Longitude = 005 28.01 E
* NMEA UTC (Time) = Sep 20 2016 03:41:38
** Ship: 01 F/F "Håkon Mosby"
** Station: 0947
** Echodepth: 223
** Log: 3301,1
** Wind-Dir Force: 13 03
** Air-temp (dry): 13
** Weather Sky: 2 9
** Sea Ice: 2 0
** UNIS station:
# nquan = 18                                
# nvalues = 209                         
# units = specified
# name 0 = scan: Scan Count
# name 1 = prDM: Pressure, Digiquartz [db]
# name 2 = t068C: Temperature [ITS-68, deg C]
# name 3 = c0S/m: Conductivity [S/m]
# name 4 = t168C: Temperature, 2 [ITS-68, deg C]
# name 5 = c1S/m: Conductivity, 2 [S/m]
# name 6 = altM: Altimeter [m]
# name 7 = sbeox0V: Oxygen raw, SBE 43 [V]
# name 8 = flC: Fluorescence, Chelsea Aqua 3 Chl Con [ug/l]
# name 9 = xmiss: Beam Transmission, Chelsea/Seatech [%]
# name 10 = par: PAR/Irradiance, Biospherical/Licor
# name 11 = sbeox0ML/L: Oxygen, SBE 43 [ml/l], WS = 2
# name 12 = sal00: Salinity, Practical [PSU]
# name 13 = sal11: Salinity, Practical, 2 [PSU]
# name 14 = sigma-t00: Density [sigma-t, Kg/m^3 ]
# name 15 = svCM: Sound Velocity [Chen-Millero, m/s]
# name 16 = avgsvCM: Average Sound Velocity [Chen-Millero, m/s], minP = 0, minS = 0
# name 17 = flag: flag
# span 0 =        488,       5222       
# span 1 =      3.000,    211.000       
# span 2 =     8.1734,    14.9923       
# span 3 =   3.221084,   3.749372       
# span 4 =     8.1750,    14.9997       
# span 5 =   3.183106,   3.749397       
# span 6 =      27.49,      97.48       
# span 7 =     1.3696,     2.3562       
# span 8 =     0.0400,     0.6417       
# span 9 =    58.1040,    72.1904       
# span 10 = -2.605e-06, 2.7111e-01      
# span 11 =    3.02001,    5.85770      
# span 12 =    25.6153,    34.9472      
# span 13 =    25.2831,    34.9488      
# span 14 =    18.8046,    27.2065      
# span 15 =    1484.52,    1499.88      
# span 16 =    1488.49,    1498.81      
# span 17 = 0.0000e+00, 0.0000e+00      
# interval = decibars: 1                
# start_time = Sep 20 2016 03:41:39 [System UTC, first data scan.]
# bad_flag = -9.990e-29
*END*
[from data line 81]
       2296     84.000     8.3456   3.623140     8.3466   3.623140      96.55     1.8076     0.0484    72.1904 1.0000e-12    4.23043    34.6391    34.6381    26.9384    1484.70    1492.95 0.0000e+00
       2318     85.000     8.3426   3.625555     8.3440   3.625511      65.73     1.7847     0.0481    72.1830 1.0000e-12    4.20689    34.6673    34.6654    26.9610    1484.74    1492.85 0.0000e+00
       2339     86.000     8.3321   3.627596     8.3333   3.627547      82.91     1.7693     0.0476    72.1869 1.0000e-12    4.22554    34.6989    34.6972    26.9874    1484.76    1492.76 0.0000e+00
       2361     87.000     8.3189   3.630011     8.3199   3.630015      96.66     1.7564     0.0438    72.1688 1.0000e-12    4.19182    34.7371    34.7362    27.0194    1484.77    1492.67 0.0000e+00
       2382     88.000     8.3071   3.630392     8.3084   3.630468      88.61     1.7434     0.0439    72.1586 1.0000e-12    4.13099    34.7524    34.7519    27.0332    1484.76    1492.58 0.0000e+00
       2403     89.000     8.2997   3.630912     8.3010   3.631034      66.47     1.7287     0.0441    72.1595 1.0000e-12    4.09565    34.7648    34.7648    27.0440    1484.77    1492.49 0.0000e+00
       2425     90.000     8.2937   3.631515     8.2950   3.631583      96.21     1.7170     0.0455    72.1573 1.0000e-12    4.07818    34.7766    34.7761    27.0543    1484.77    1492.40 0.0000e+00
       2446     91.000     8.2867   3.632320     8.2879   3.632400      96.56     1.7066     0.0452    72.1400 1.0000e-12    4.05887    34.7917    34.7913    27.0671    1484.78    1492.32 0.0000e+00
       2468     92.000     8.2769   3.632985     8.2782   3.633027      64.61     1.6971     0.0452    72.1371 1.0000e-12    4.06816    34.8080    34.8071    27.0814    1484.78    1492.23 0.0000e+00
       2489     93.000     8.2740   3.634063     8.2753   3.634126      96.30     1.6930     0.0478    72.1301 1.0000e-12    4.09105    34.8219    34.8213    27.0928    1484.81    1492.15 0.0000e+00
       2511     94.000     8.2696   3.635109     8.2709   3.635178      96.56     1.6892     0.0477    72.1139 1.0000e-12    4.09003    34.8369    34.8364    27.1053    1484.82    1492.08 0.0000e+00
       2533     95.000     8.2665   3.635641     8.2680   3.635754      79.31     1.6860     0.0442    72.1166 1.0000e-12    4.07348    34.8452    34.8449    27.1122    1484.84    1492.00 0.0000e+00
       2554     96.000     8.2644   3.636276     8.2658   3.636358      86.58     1.6825     0.0413    72.1253 1.0000e-12    4.04599    34.8535    34.8530    27.1191    1484.86    1491.92 0.0000e+00
       2576     97.000     8.2595   3.636980     8.2609   3.637102      96.41     1.6758     0.0442    72.1126 1.0000e-12    3.97430    34.8654    34.8654    27.1292    1484.87    1491.85 0.0000e+00
       2598     98.000     8.2577   3.637303     8.2591   3.637443      92.96     1.6657     0.0437    72.1006 1.0000e-12    3.90458    34.8702    34.8703    27.1332    1484.89    1491.78 0.0000e+00
       2619     99.000     8.2527   3.637470     8.2539   3.637621      78.57     1.6539     0.0415    72.0842 1.0000e-12    3.87457    34.8765    34.8769    27.1389    1484.89    1491.71 0.0000e+00
       2641    100.000     8.2469   3.637294     8.2482   3.637457      96.58     1.6445     0.0440    72.0907 1.0000e-12    3.85433    34.8798    34.8803    27.1424    1484.89    1491.64 0.0000e+00
       2662    101.000     8.2437   3.637618     8.2451   3.637758      96.56     1.6352     0.0440    72.0291 1.0000e-12    3.81628    34.8860    34.8861    27.1477    1484.90    1491.57 0.0000e+00
       2684    102.000     8.2376   3.637646     8.2389   3.637816      96.56     1.6246     0.0419    72.0289 1.0000e-12    3.75674    34.8919    34.8924    27.1533    1484.90    1491.51 0.0000e+00
       2705    103.000     8.2335   3.637639     8.2349   3.637816      96.55     1.6123     0.0408    71.9980 1.0000e-12    3.69635    34.8954    34.8959    27.1567    1484.91    1491.44 0.0000e+00
       2726    104.000     8.2320   3.637687     8.2335   3.637856      27.49     1.5990     0.0423    71.9510 1.0000e-12    3.67021    34.8969    34.8972    27.1581    1484.92    1491.38 0.0000e+00
       2748    105.000     8.2303   3.637769     8.2318   3.637921      95.97     1.5897     0.0452    71.9439 1.0000e-12    3.65534    34.8990    34.8991    27.1600    1484.93    1491.32 0.0000e+00
       2769    106.000     8.2294   3.637860     8.2309   3.638036      96.55     1.5787     0.0459    71.9609 1.0000e-12    3.61295    34.9004    34.9008    27.1612    1484.95    1491.26 0.0000e+00
       2790    107.000     8.2301   3.638225     8.2317   3.638336      63.94     1.5687     0.0442    71.9511 1.0000e-12    3.60408    34.9031    34.9027    27.1632    1484.97    1491.20 0.0000e+00
       2812    108.000     8.2330   3.638862     8.2342   3.639034      68.06     1.5625     0.0465    71.9914 1.0000e-12    3.63600    34.9065    34.9072    27.1655    1485.00    1491.14 0.0000e+00
       2833    109.000     8.2258   3.638432     8.2270   3.638625      96.51     1.5589     0.0483    71.9769 1.0000e-12    3.65721    34.9086    34.9095    27.1682    1485.00    1491.09 0.0000e+00
       2855    110.000     8.2239   3.638544     8.2253   3.638714      88.64     1.5594     0.0454    71.9711 1.0000e-12    3.71169    34.9112    34.9116    27.1706    1485.01    1491.03 0.0000e+00
       2877    111.000     8.2212   3.638529     8.2224   3.638713      49.53     1.5626     0.0425    71.9660 1.0000e-12    3.73972    34.9132    34.9140    27.1726    1485.02    1490.98 0.0000e+00
       2899    112.000     8.2182   3.638506     8.2194   3.638702      96.36     1.5650     0.0427    71.9509 1.0000e-12    3.70802    34.9155    34.9164    27.1748    1485.02    1490.92 0.0000e+00
       2921    113.000     8.2155   3.638537     8.2168   3.638700      96.55     1.5633     0.0459    71.9475 1.0000e-12    3.65923    34.9180    34.9185    27.1772    1485.03    1490.87 0.0000e+00
       2943    114.000     8.2152   3.638657     8.2166   3.638864      49.66     1.5583     0.0464    71.9405 1.0000e-12    3.62917    34.9191    34.9199    27.1781    1485.05    1490.82 0.0000e+00
       2966    115.000     8.2115   3.638389     8.2128   3.638609      96.22     1.5550     0.0460    71.9273 1.0000e-12    3.62344    34.9195    34.9205    27.1789    1485.05    1490.77 0.0000e+00
       2988    116.000     8.2059   3.638002     8.2072   3.638214      96.56     1.5506     0.0437    71.8893 1.0000e-12    3.59974    34.9204    34.9214    27.1805    1485.05    1490.72 0.0000e+00
       3011    117.000     8.2040   3.637937     8.2054   3.638140      62.69     1.5452     0.0440    71.8473 1.0000e-12    3.56079    34.9211    34.9219    27.1814    1485.06    1490.67 0.0000e+00
       3033    118.000     8.2036   3.638036     8.2050   3.638233      89.02     1.5383     0.0442    71.8063 1.0000e-12    3.49571    34.9221    34.9228    27.1822    1485.08    1490.62 0.0000e+00
       3056    119.000     8.2030   3.638094     8.2045   3.638297      96.51     1.5256     0.0419    71.7899 1.0000e-12    3.40257    34.9228    34.9235    27.1829    1485.09    1490.58 0.0000e+00
       3079    120.000     8.2014   3.638060     8.2027   3.638254      75.19     1.5113     0.0424    71.7449 1.0000e-12    3.36356    34.9236    34.9243    27.1837    1485.10    1490.53 0.0000e+00
       3102    121.000     8.2013   3.638171     8.2027   3.638385      83.04     1.5011     0.0451    71.7369 1.0000e-12    3.38659    34.9244    34.9253    27.1843    1485.12    1490.49 0.0000e+00
       3125    122.000     8.2013   3.638296     8.2027   3.638508      96.41     1.4942     0.0449    71.7380 1.0000e-12    3.38128    34.9252    34.9261    27.1850    1485.14    1490.44 0.0000e+00
       3147    123.000     8.1994   3.638202     8.2007   3.638422      85.40     1.4879     0.0429    71.7532 1.0000e-12    3.37309    34.9256    34.9267    27.1856    1485.15    1490.40 0.0000e+00
       3170    124.000     8.1982   3.638153     8.1995   3.638376      77.12     1.4842     0.0441    71.7663 1.0000e-12    3.41504    34.9258    34.9269    27.1859    1485.16    1490.36 0.0000e+00
       3193    125.000     8.1976   3.638196     8.1989   3.638408      96.86     1.4845     0.0431    71.7410 1.0000e-12    3.41959    34.9264    34.9273    27.1865    1485.17    1490.32 0.0000e+00
       3216    126.000     8.1968   3.638182     8.1981   3.638413      92.68     1.4824     0.0441    71.7053 1.0000e-12    3.37253    34.9265    34.9277    27.1867    1485.19    1490.27 0.0000e+00
       3239    127.000     8.1954   3.638105     8.1968   3.638348      75.49     1.4772     0.0451    71.7041 1.0000e-12    3.36260    34.9266    34.9278    27.1870    1485.20    1490.23 0.0000e+00
       3261    128.000     8.1940   3.638040     8.1953   3.638274      96.40     1.4749     0.0460    71.6932 1.0000e-12    3.35548    34.9268    34.9280    27.1874    1485.21    1490.20 0.0000e+00
       3284    129.000     8.1925   3.637962     8.1937   3.638204      96.55     1.4703     0.0433    71.6655 1.0000e-12    3.30912    34.9270    34.9284    27.1877    1485.22    1490.16 0.0000e+00
       3307    130.000     8.1914   3.637909     8.1925   3.638149      75.37     1.4635     0.0428    71.6498 1.0000e-12    3.29167    34.9271    34.9285    27.1879    1485.23    1490.12 0.0000e+00
       3330    131.000     8.1884   3.637686     8.1897   3.637911      96.55     1.4591     0.0421    71.6061 1.0000e-12    3.27418    34.9272    34.9283    27.1885    1485.24    1490.08 0.0000e+00
       3353    132.000     8.1875   3.637661     8.1888   3.637900      96.56     1.4524     0.0408    71.5654 1.0000e-12    3.22054    34.9273    34.9286    27.1887    1485.25    1490.04 0.0000e+00
       3376    133.000     8.1869   3.637673     8.1882   3.637906      80.61     1.4426     0.0419    71.5169 1.0000e-12    3.16368    34.9276    34.9288    27.1890    1485.27    1490.01 0.0000e+00
       3399    134.000     8.1867   3.637742     8.1881   3.637972      96.46     1.4329     0.0420    71.5006 1.0000e-12    3.12997    34.9280    34.9291    27.1894    1485.28    1489.97 0.0000e+00
       3423    135.000     8.1866   3.637772     8.1880   3.638019      96.56     1.4228     0.0416    71.4988 1.0000e-12    3.10200    34.9279    34.9292    27.1894    1485.30    1489.94 0.0000e+00
       3445    136.000     8.1866   3.637851     8.1881   3.638093      83.79     1.4142     0.0425    71.4718 1.0000e-12    3.10452    34.9283    34.9294    27.1897    1485.32    1489.90 0.0000e+00
       3468    137.000     8.1864   3.637887     8.1878   3.638142      96.39     1.4095     0.0430    71.4563 1.0000e-12    3.11536    34.9284    34.9297    27.1898    1485.33    1489.87 0.0000e+00
       3491    138.000     8.1859   3.637922     8.1873   3.638172      96.56     1.4052     0.0417    71.4422 1.0000e-12    3.11290    34.9288    34.9301    27.1902    1485.35    1489.84 0.0000e+00
       3513    139.000     8.1853   3.637929     8.1867   3.638175      90.79     1.4025     0.0408    71.4223 1.0000e-12    3.12419    34.9290    34.9302    27.1904    1485.36    1489.81 0.0000e+00
       3536    140.000     8.1850   3.637955     8.1864   3.638212      94.30     1.4014     0.0425    71.4338 1.0000e-12    3.13023    34.9291    34.9304    27.1905    1485.38    1489.77 0.0000e+00
       3559    141.000     8.1845   3.637982     8.1859   3.638229      96.52     1.3999     0.0422    71.4138 1.0000e-12    3.11639    34.9294    34.9306    27.1908    1485.39    1489.74 0.0000e+00
       3582    142.000     8.1841   3.638015     8.1855   3.638268      96.21     1.3978     0.0414    71.3531 1.0000e-12    3.10208    34.9296    34.9310    27.1911    1485.41    1489.71 0.0000e+00
       3605    143.000     8.1841   3.638058     8.1854   3.638307      96.04     1.3951     0.0455    71.3014 1.0000e-12    3.08357    34.9296    34.9310    27.1911    1485.42    1489.68 0.0000e+00
       3628    144.000     8.1840   3.638101     8.1854   3.638363      96.34     1.3912     0.0438    71.3187 1.0000e-12    3.05636    34.9297    34.9311    27.1911    1485.44    1489.65 0.0000e+00
       3651    145.000     8.1838   3.638164     8.1852   3.638411      96.56     1.3866     0.0400    71.2758 1.0000e-12    3.04409    34.9301    34.9313    27.1915    1485.46    1489.62 0.0000e+00
       3674    146.000     8.1837   3.638200     8.1851   3.638464      96.56     1.3831     0.0409    71.2363 1.0000e-12    3.04131    34.9301    34.9315    27.1915    1485.47    1489.60 0.0000e+00
       3698    147.000     8.1837   3.638268     8.1851   3.638539      96.56     1.3797     0.0434    71.1949 1.0000e-12    3.02598    34.9303    34.9318    27.1917    1485.49    1489.57 0.0000e+00
       3721    148.000     8.1838   3.638322     8.1852   3.638585      96.56     1.3762     0.0444    71.1750 1.0000e-12    3.02001    34.9303    34.9317    27.1917    1485.51    1489.54 0.0000e+00
       3743    149.000     8.1839   3.638379     8.1853   3.638640      96.55     1.3735     0.0433    71.1644 1.0000e-12    3.02159    34.9303    34.9317    27.1917    1485.52    1489.51 0.0000e+00
       3766    150.000     8.1839   3.638435     8.1853   3.638704      96.56     1.3717     0.0454    71.1407 1.0000e-12    3.02502    34.9305    34.9319    27.1918    1485.54    1489.49 0.0000e+00
       3789    151.000     8.1841   3.638492     8.1855   3.638766      96.55     1.3705     0.0445    71.1499 1.0000e-12    3.02716    34.9304    34.9319    27.1917    1485.56    1489.46 0.0000e+00
       3812    152.000     8.1842   3.638561     8.1856   3.638836      96.56     1.3697     0.0446    71.1274 1.0000e-12    3.03133    34.9305    34.9321    27.1918    1485.57    1489.43 0.0000e+00
       3835    153.000     8.1843   3.638631     8.1857   3.638903      96.55     1.3696     0.0471    71.1083 1.0000e-12    3.03715    34.9307    34.9322    27.1919    1485.59    1489.41 0.0000e+00
       3858    154.000     8.1843   3.638694     8.1856   3.638968      96.56     1.3696     0.0478    71.1044 1.0000e-12    3.04019    34.9309    34.9325    27.1920    1485.61    1489.38 0.0000e+00
       3882    155.000     8.1837   3.638758     8.1852   3.639027      96.55     1.3702     0.0473    71.1272 1.0000e-12    3.05100    34.9317    34.9331    27.1928    1485.62    1489.36 0.0000e+00
       3905    156.000     8.1836   3.638799     8.1851   3.639082      96.56     1.3712     0.0440    71.1320 1.0000e-12    3.06037    34.9318    34.9333    27.1928    1485.64    1489.34 0.0000e+00
       3929    157.000     8.1836   3.638860     8.1850   3.639135      96.55     1.3729     0.0436    71.1237 1.0000e-12    3.07457    34.9319    34.9335    27.1930    1485.65    1489.31 0.0000e+00
       3952    158.000     8.1835   3.638906     8.1850   3.639181      96.56     1.3749     0.0448    71.1400 1.0000e-12    3.07765    34.9320    34.9335    27.1931    1485.67    1489.29 0.0000e+00
       3976    159.000     8.1836   3.638967     8.1850   3.639243      96.55     1.3762     0.0455    71.1259 1.0000e-12    3.07586    34.9321    34.9337    27.1931    1485.69    1489.27 0.0000e+00
       3999    160.000     8.1835   3.639018     8.1849   3.639287      96.56     1.3768     0.0450    71.1443 1.0000e-12    3.07004    34.9323    34.9337    27.1932    1485.70    1489.24 0.0000e+00
       4022    161.000     8.1831   3.639069     8.1846   3.639345      96.55     1.3770     0.0454    71.1421 1.0000e-12    3.06736    34.9327    34.9342    27.1937    1485.72    1489.22 0.0000e+00
       4045    162.000     8.1829   3.639118     8.1843   3.639391      96.56     1.3770     0.0451    71.1443 1.0000e-12    3.07066    34.9330    34.9345    27.1939    1485.74    1489.20 0.0000e+00
