_data/ctd/2016/Sta0955_2016.cnv
* Sea-Bird SBE 9 Data File:
* FileName = C:\Seabird\CTDDATA\sta0955.hex
* Software Version Seasave V 7.21f
* Temperature SN = 5458
* Conductivity SN = 044221
* Number of Bytes Per Scan = 41
* Number of Voltage Words = 4
* Number of Scans Averaged by the Deck Unit = 1
* NMEA Latitude = 61 21.31 N
* NMEA Longitude = 007 22.41 E
* NMEA UTC (Time) = Sep 26 2016 21:05:44
** Ship: 01 F/F "Håkon Mosby"
** Station: 0955
** Echodepth: 373
** Log: 3782.463
** Wind-Dir Force: 01 01
** Air-temp (dry): 11.7
** Weather Sky: 2 9
** Sea Ice: 1 0
** UNIS station:
# nquan = 18                                
# nvalues = 365                         
# units = specified
# name 0 = scan: Scan Count
# name 1 = prDM: Pressure, Digiquartz [db]
# name 2 = t068C: Temperature [ITS-68, deg C]
# name 3 = c0S/m: Conductivity [S/m]
# name 4 = t168C: Temperature, 2 [ITS-68, deg C]
# name 5 = c1S/m: Conductivity, 2 [S/m]
# name 6 = altM: Altimeter [m]
# name 7 = sbeox0V: Oxygen raw, SBE 43 [V]
# name 8 = flC: Fluorescence, Chelsea Aqua 3 Chl Con [ug/l]
# name 9 = xmiss: Beam Transmission, Chelsea/Seatech [%]
# name 10 = par: PAR/Irradiance, Biospherical/Licor
# name 11 = sbeox0ML/L: Oxygen, SBE 43 [ml/l], WS = 2
# name 12 = sal00: Salinity, Practical [PSU]
# name 13 = sal11: Salinity, Practical, 2 [PSU]
# name 14 = sigma-t00: Density [sigma-t, Kg/m^3 ]
# name 15 = svCM: Sound Velocity [Chen-Millero, m/s]
# name 16 = avgsvCM: Average Sound Velocity [Chen-Millero, m/s], minP = 0, minS = 0
# name 17 = flag: flag
# span 0 =        392,       9513       
# span 1 =      1.000,    365.000       
# span 2 =     7.5561,    14.2875       
# span 3 =   0.642950,   3.686298       
# span 4 =     7.5577,    14.2910       
# span 5 =   0.612837,   3.686963       
# span 6 =      10.36,      97.33       
# span 7 =     1.4633,     2.6357       
# span 8 =     0.0253,     0.4307       
# span 9 =    18.2263,    71.9033       
# span 10 = 1.0000e-12, 7.4342e-01      
# span 11 =    3.42428,    7.70182      
# span 12 =     4.9374,    35.0013      
# span 13 =     4.7078,    35.0023      
# span 14 =     3.4726,    27.3409      
# span 15 =    1456.69,    1498.76      
# span 16 =    1456.69,    1493.09      
# span 17 = 0.0000e+00, 0.0000e+00      
# interval = decibars: 1                
# start_time = Sep 26 2016 21:05:45 [System UTC, first data scan.]
# bad_flag = -9.990e-29
*END*
[from data line 322]
       8469    323.000     7.5759   3.595542     7.5773   3.595772      96.56     1.5261     0.0310    71.2665 1.0000e-12    3.71104    34.9927    34.9937    27.3312    1486.16    1486.83 0.0000e+00
       8493    324.000     7.5757   3.595577     7.5772   3.595809      96.56     1.5258     0.0311    71.2575 1.0000e-12    3.71365    34.9927    34.9938    27.3313    1486.18    1486.83 0.0000e+00
       8517    325.000     7.5746   3.595553     7.5761   3.595796      96.56     1.5249     0.0309    71.2928 1.0000e-12    3.71246    34.9931    34.9942    27.3317    1486.19    1486.83 0.0000e+00
       8542    326.000     7.5737   3.595538     7.5751   3.595782      96.56     1.5246     0.0307    71.2845 1.0000e-12    3.70137    34.9934    34.9946    27.3321    1486.20    1486.83 0.0000e+00
       8566    327.000     7.5730   3.595550     7.5745   3.595788      62.31     1.5219     0.0298    71.2290 1.0000e-12    3.69282    34.9937    34.9948    27.3324    1486.22    1486.82 0.0000e+00
       8591    328.000     7.5727   3.595572     7.5741   3.595812      96.52     1.5224     0.0355    71.2509 1.0000e-12    3.69565    34.9938    34.9950    27.3325    1486.23    1486.82 0.0000e+00
       8615    329.000     7.5720   3.595585     7.5735   3.595819      96.56     1.5195     0.0359    71.2619 1.0000e-12    3.66398    34.9941    34.9951    27.3329    1486.25    1486.82 0.0000e+00
       8640    330.000     7.5714   3.595599     7.5728   3.595839      96.56     1.5167     0.0324    71.2708 1.0000e-12    3.66341    34.9944    34.9956    27.3332    1486.26    1486.82 0.0000e+00
       8665    331.000     7.5709   3.595625     7.5724   3.595861      96.56     1.5150     0.0283    71.2372 1.0000e-12    3.66853    34.9947    34.9957    27.3335    1486.28    1486.82 0.0000e+00
       8690    332.000     7.5699   3.595606     7.5713   3.595853      96.56     1.5137     0.0308    71.2167 1.0000e-12    3.66473    34.9950    34.9963    27.3339    1486.29    1486.82 0.0000e+00
       8715    333.000     7.5688   3.595591     7.5703   3.595835      86.83     1.5121     0.0334    71.1762 1.0000e-12    3.65642    34.9955    34.9966    27.3344    1486.30    1486.81 0.0000e+00
       8740    334.000     7.5678   3.595586     7.5692   3.595820      66.53     1.5112     0.0351    71.1438 1.0000e-12    3.66860    34.9959    34.9971    27.3349    1486.32    1486.81 0.0000e+00
       8765    335.000     7.5675   3.595612     7.5689   3.595836      53.77     1.5111     0.0323    71.1081 1.0000e-12    3.68014    34.9960    34.9970    27.3351    1486.33    1486.81 0.0000e+00
       8790    336.000     7.5670   3.595624     7.5685   3.595869      96.36     1.5116     0.0302    71.1245 1.0000e-12    3.66998    34.9962    34.9973    27.3352    1486.35    1486.81 0.0000e+00
       8815    337.000     7.5665   3.595641     7.5679   3.595876      96.55     1.5104     0.0276    71.1287 1.0000e-12    3.65031    34.9964    34.9975    27.3355    1486.36    1486.81 0.0000e+00
       8840    338.000     7.5660   3.595654     7.5674   3.595894      96.32     1.5083     0.0345    71.1474 1.0000e-12    3.62798    34.9965    34.9977    27.3357    1486.38    1486.81 0.0000e+00
       8865    339.000     7.5656   3.595681     7.5671   3.595916      53.32     1.5050     0.0367    71.1184 1.0000e-12    3.63533    34.9967    34.9978    27.3359    1486.39    1486.81 0.0000e+00
       8890    340.000     7.5651   3.595712     7.5667   3.595943      96.61     1.5046     0.0332    71.1183 1.0000e-12    3.63867    34.9971    34.9980    27.3362    1486.41    1486.81 0.0000e+00
       8915    341.000     7.5652   3.595754     7.5667   3.595989      96.56     1.5032     0.0340    71.1398 1.0000e-12    3.62974    34.9970    34.9980    27.3361    1486.42    1486.80 0.0000e+00
       8940    342.000     7.5651   3.595804     7.5666   3.596032      96.56     1.5018     0.0357    71.1637 1.0000e-12    3.62484    34.9971    34.9981    27.3363    1486.44    1486.80 0.0000e+00
       8965    343.000     7.5649   3.595846     7.5665   3.596067      96.56     1.5002     0.0376    71.1373 1.0000e-12    3.61788    34.9973    34.9981    27.3364    1486.45    1486.80 0.0000e+00
       8990    344.000     7.5648   3.595880     7.5663   3.596109      96.56     1.4989     0.0351    71.1309 1.0000e-12    3.61364    34.9973    34.9982    27.3364    1486.47    1486.80 0.0000e+00
       9015    345.000     7.5646   3.595915     7.5660   3.596152      75.96     1.4966     0.0341    71.1267 1.0000e-12    3.60659    34.9974    34.9985    27.3365    1486.49    1486.80 0.0000e+00
       9040    346.000     7.5645   3.595955     7.5660   3.596193      95.16     1.4967     0.0336    71.1082 1.0000e-12    3.62556    34.9974    34.9985    27.3366    1486.50    1486.80 0.0000e+00
       9065    347.000     7.5645   3.596006     7.5659   3.596237      96.55     1.4958     0.0304    71.0625 1.0000e-12    3.61296    34.9975    34.9986    27.3366    1486.52    1486.80 0.0000e+00
       9090    348.000     7.5645   3.596057     7.5659   3.596284      96.56     1.4952     0.0298    71.0407 1.0000e-12    3.61024    34.9975    34.9986    27.3367    1486.54    1486.80 0.0000e+00
       9115    349.000     7.5644   3.596091     7.5658   3.596324      96.56     1.4938     0.0371    71.0519 1.0000e-12    3.60021    34.9975    34.9986    27.3367    1486.55    1486.80 0.0000e+00
       9140    350.000     7.5642   3.596126     7.5656   3.596364      96.56     1.4927     0.0399    71.0460 1.0000e-12    3.59835    34.9976    34.9988    27.3368    1486.57    1486.80 0.0000e+00
       9164    351.000     7.5639   3.596157     7.5654   3.596398      96.56     1.4915     0.0373    71.0748 1.0000e-12    3.59469    34.9978    34.9989    27.3370    1486.58    1486.80 0.0000e+00
       9189    352.000     7.5636   3.596189     7.5650   3.596430      95.74     1.4903     0.0355    71.0655 1.0000e-12    3.58357    34.9979    34.9991    27.3371    1486.60    1486.80 0.0000e+00
       9213    353.000     7.5634   3.596229     7.5650   3.596468      83.68     1.4884     0.0349    71.0558 1.0000e-12    3.57227    34.9981    34.9991    27.3373    1486.61    1486.79 0.0000e+00
       9238    354.000     7.5632   3.596263     7.5647   3.596502      32.06     1.4861     0.0342    71.0468 1.0000e-12    3.58281    34.9982    34.9993    27.3374    1486.63    1486.79 0.0000e+00
       9263    355.000     7.5625   3.596275     7.5640   3.596500      96.97     1.4869     0.0341    71.0471 1.0000e-12    3.59732    34.9985    34.9994    27.3378    1486.64    1486.79 0.0000e+00
       9288    356.000     7.5616   3.596267     7.5631   3.596498      96.56     1.4863     0.0343    71.0435 1.0000e-12    3.58239    34.9988    34.9998    27.3381    1486.66    1486.79 0.0000e+00
       9313    357.000     7.5603   3.596237     7.5617   3.596471      96.56     1.4856     0.0373    70.9933 1.0000e-12    3.57955    34.9993    35.0005    27.3387    1486.67    1486.79 0.0000e+00
       9338    358.000     7.5598   3.596253     7.5613   3.596500      96.56     1.4843     0.0348    70.9580 1.0000e-12    3.56340    34.9995    35.0007    27.3389    1486.69    1486.79 0.0000e+00
       9363    359.000     7.5590   3.596260     7.5605   3.596501      96.56     1.4819     0.0341    70.9461 1.0000e-12    3.54310    34.9999    35.0010    27.3394    1486.70    1486.79 0.0000e+00
       9388    360.000     7.5586   3.596277     7.5600   3.596517      80.40     1.4785     0.0346    70.8888 1.0000e-12    3.52925    35.0000    35.0012    27.3395    1486.71    1486.79 0.0000e+00
       9413    361.000     7.5579   3.596285     7.5594   3.596519      93.84     1.4770     0.0366    70.8684 1.0000e-12    3.52718    35.0003    35.0014    27.3399    1486.73    1486.79 0.0000e+00
       9438    362.000     7.5572   3.596294     7.5586   3.596539      23.43     1.4724     0.0355    70.8092 1.0000e-12    3.49289    35.0007    35.0019    27.3402    1486.74    1486.79 0.0000e+00
       9463    363.000     7.5563   3.596299     7.5577   3.596535      12.07     1.4696     0.0353    70.7186 1.0000e-12    3.49939    35.0011    35.0023    27.3407    1486.76    1486.79 0.0000e+00
       9488    364.000     7.5561   3.596339     7.5577   3.596577      10.94     1.4665     0.0333    70.4658 1.0000e-12    3.48140    35.0013    35.0022    27.3409    1486.77    1486.79 0.0000e+00
       9513    365.000     7.5568   3.596420     7.5582   3.596656      10.36     1.4633     0.0329    67.7115 1.0000e-12    3.45700    35.0010    35.0021    27.3405    1486.79    1486.79 0.0000e+00
