_data/ctd/2016/Sta0951_2016.cnv
* Sea-Bird SBE 9 Data File:
* FileName = C:\Seabird\CTDDATA\sta0951.hex
* Software Version Seasave V 7.21f
* Temperature SN = 5458
* Conductivity SN = 044221
* Number of Bytes Per Scan = 41
* Number of Voltage Words = 4
* Number of Scans Averaged by the Deck Unit = 1
* NMEA Latitude = 60 52.14 N
* NMEA Longitude = 005 21.97 E
* NMEA UTC (Time) = Sep 20 2016 18:42:04
** Ship: 01 F/F "Håkon Mosby"
** Station: 0951
** Echodepth: 471
** Log: 3336.700
** Wind-Dir Force: 24 04
** Air-temp (dry): 15.4
** Weather Sky: 2 9
** Sea Ice: 1 0
** UNIS station:
# nquan = 18                                
# nvalues = 460                         
# units = specified
# name 0 = scan: Scan Count
# name 1 = prDM: Pressure, Digiquartz [db]
# name 2 = t068C: Temperature [ITS-68, deg C]
# name 3 = c0S/m: Conductivity [S/m]
# name 4 = t168C: Temperature, 2 [ITS-68, deg C]
# name 5 = c1S/m: Conductivity, 2 [S/m]
# name 6 = altM: Altimeter [m]
# name 7 = sbeox0V: Oxygen raw, SBE 43 [V]
# name 8 = flC: Fluorescence, Chelsea Aqua 3 Chl Con [ug/l]
# name 9 = xmiss: Beam Transmission, Chelsea/Seatech [%]
# name 10 = par: PAR/Irradiance, Biospherical/Licor
# name 11 = sbeox0ML/L: Oxygen, SBE 43 [ml/l], WS = 2
# name 12 = sal00: Salinity, Practical [PSU]
# name 13 = sal11: Salinity, Practical, 2 [PSU]
# name 14 = sigma-t00: Density [sigma-t, Kg/m^3 ]
# name 15 = svCM: Sound Velocity [Chen-Millero, m/s]
# name 16 = avgsvCM: Average Sound Velocity [Chen-Millero, m/s], minP = 0, minS = 0
# name 17 = flag: flag
# span 0 =        785,      12327       
# span 1 =      5.000,    464.000       
# span 2 =     8.1519,    14.9408       
# span 3 =   3.585012,   3.805558       
# span 4 =     8.1532,    14.9354       
# span 5 =   3.584601,   3.805749       
# span 6 =      33.85,      97.90       
# span 7 =     1.0234,     2.2386       
# span 8 =     0.0360,     0.6451       
# span 9 =    67.6768,    72.0713       
# span 10 = -8.261e-05, 2.4758e-02      
# span 11 =    1.85832,    5.60826      
# span 12 =    29.5631,    35.0505      
# span 13 =    29.5511,    35.0530      
# span 14 =    21.8016,    27.2844      
# span 15 =    1484.48,    1501.57      
# span 16 =    1488.49,    1500.93      
# span 17 = 0.0000e+00, 0.0000e+00      
# interval = decibars: 1                
# start_time = Sep 20 2016 18:42:06 [System UTC, first data scan.]
# bad_flag = -9.990e-29
*END*
        785      5.000    14.9234   3.681996    14.9208   3.680420      96.56     2.2386     0.5376    67.6768 2.4758e-02    5.35119    29.5631    29.5511    21.8016    1500.18    1500.18 0.0000e+00
        885      6.000    14.9183   3.715117    14.9195   3.716623      96.56     2.2269     0.5041    68.0773 1.5074e-02    5.27182    29.8623    29.8748    22.0328    1500.52    1500.23 0.0000e+00
        940      7.000    14.9299   3.727371    14.9251   3.727273      66.88     2.2159     0.5679    68.0788 1.3650e-03    5.22777    29.9625    29.9653    22.1075    1500.69    1500.30 0.0000e+00
        979      8.000    14.9351   3.733212    14.9320   3.734074      97.90     2.2100     0.6092    68.0260 -8.261e-05    5.22268    30.0104    30.0204    22.1432    1500.78    1500.36 0.0000e+00
       1011      9.000    14.9408   3.731293    14.9354   3.732291      70.28     2.2058     0.6451    67.8396 1.0000e-12    5.22265    29.9885    30.0015    22.1252    1500.79    1500.41 0.0000e+00
       1041     10.000    14.9270   3.735440    14.9297   3.735013      96.52     2.2067     0.6076    67.9929 1.0000e-12    5.24509    30.0358    30.0299    22.1645    1500.82    1500.45 0.0000e+00
       1070     11.000    14.8548   3.741630    14.8588   3.741957      92.59     2.2070     0.5069    68.3883 1.0000e-12    5.23105    30.1464    30.1463    22.2648    1500.73    1500.48 0.0000e+00
       1100     12.000    14.8022   3.744413    14.8022   3.744467      92.39     2.2024     0.3801    68.8738 1.0000e-12    5.19136    30.2117    30.2122    22.3260    1500.66    1500.49 0.0000e+00
       1129     13.000    14.7080   3.742114    14.7115   3.742295      96.43     2.1951     0.3108    69.1915 1.0000e-12    5.17646    30.2638    30.2627    22.3858    1500.43    1500.49 0.0000e+00
       1159     14.000    14.8652   3.771413    14.8703   3.771020      96.55     2.1892     0.2577    69.6253 1.0000e-12    5.16263    30.4042    30.3967    22.4610    1501.12    1500.53 0.0000e+00
       1189     15.000    14.8875   3.779802    14.8900   3.779900      96.56     2.1885     0.2169    69.8459 1.0000e-12    5.16536    30.4616    30.4605    22.5005    1501.27    1500.58 0.0000e+00
       1219     16.000    14.8962   3.784036    14.8981   3.783783      96.56     2.1855     0.1875    70.1040 1.0000e-12    5.13830    30.4924    30.4887    22.5224    1501.35    1500.63 0.0000e+00
       1247     17.000    14.9247   3.794591    14.9268   3.794526      57.19     2.1802     0.1710    70.2067 1.0000e-12    5.11805    30.5643    30.5621    22.5717    1501.54    1500.68 0.0000e+00
       1273     18.000    14.8830   3.795890    14.8846   3.796687      79.07     2.1793     0.1551    70.3817 1.0000e-12    5.14176    30.6083    30.6142    22.6144    1501.48    1500.73 0.0000e+00
       1296     19.000    14.8571   3.794178    14.8584   3.794700      96.33     2.1777     0.1435    70.5420 1.0000e-12    5.11875    30.6129    30.6165    22.6233    1501.41    1500.76 0.0000e+00
       1320     20.000    14.8014   3.789339    14.8029   3.790034      74.02     2.1738     0.1357    70.6163 1.0000e-12    5.11076    30.6128    30.6178    22.6349    1501.25    1500.79 0.0000e+00
       1343     21.000    14.8008   3.791577    14.8017   3.791336      83.61     2.1718     0.1276    70.7357 1.0000e-12    5.12667    30.6330    30.6301    22.6506    1501.29    1500.81 0.0000e+00
       1368     22.000    14.8596   3.803441    14.8620   3.803242      96.59     2.1720     0.1245    70.8142 1.0000e-12    5.11907    30.6930    30.6893    22.6845    1501.57    1500.84 0.0000e+00
       1391     23.000    14.8389   3.805558    14.8390   3.805749      88.92     2.1707     0.1190    70.8618 1.0000e-12    5.11772    30.7279    30.7295    22.7157    1501.56    1500.88 0.0000e+00
       1415     24.000    14.7615   3.799973    14.7602   3.800598      91.43     2.1716     0.1110    70.9138 1.0000e-12    5.13879    30.7383    30.7450    22.7400    1501.34    1500.89 0.0000e+00
       1439     25.000    14.7428   3.803103    14.7439   3.803294      96.31     2.1715     0.1050    70.9293 1.0000e-12    5.12729    30.7809    30.7817    22.7767    1501.34    1500.91 0.0000e+00
       1463     26.000    14.6814   3.802477    14.6844   3.803095      96.41     2.1705     0.1007    70.9811 1.0000e-12    5.12469    30.8235    30.8267    22.8223    1501.21    1500.92 0.0000e+00
       1487     27.000    14.5961   3.796686    14.5973   3.797229      96.56     2.1679     0.0958    71.0473 1.0000e-12    5.10656    30.8384    30.8424    22.8517    1500.97    1500.93 0.0000e+00
       1511     28.000    14.5704   3.796361    14.5703   3.796491      96.55     2.1633     0.0914    71.0950 1.0000e-12    5.10316    30.8555    30.8568    22.8702    1500.92    1500.93 0.0000e+00
       1534     29.000    14.5156   3.793626    14.5180   3.794523      96.55     2.1623     0.0827    71.1202 1.0000e-12    5.12193    30.8740    30.8802    22.8958    1500.78    1500.92 0.0000e+00
       1558     30.000    14.4258   3.786720    14.4271   3.788036      96.55     2.1609     0.0783    71.1468 1.0000e-12    5.11366    30.8825    30.8934    22.9209    1500.52    1500.91 0.0000e+00
       1580     31.000    14.2547   3.771989    14.2556   3.773530      96.56     2.1574     0.0778    71.1906 1.0000e-12    5.10647    30.8847    30.8980    22.9579    1499.98    1500.88 0.0000e+00
       1604     32.000    14.1685   3.764363    14.1696   3.764995      96.55     2.1522     0.0795    71.2152 1.0000e-12    5.09626    30.8837    30.8886    22.9747    1499.71    1500.84 0.0000e+00
       1627     33.000    14.0918   3.758415    14.0919   3.759582      96.56     2.1480     0.0761    71.2715 1.0000e-12    5.09826    30.8904    30.9009    22.9955    1499.49    1500.80 0.0000e+00
       1651     34.000    13.8984   3.742029    13.8969   3.743413      96.55     2.1440     0.0762    71.3063 1.0000e-12    5.09953    30.8950    30.9089    23.0383    1498.87    1500.74 0.0000e+00
       1674     35.000    13.7597   3.731501    13.7601   3.732376      91.88     2.1381     0.0757    71.3105 1.0000e-12    5.09473    30.9094    30.9171    23.0773    1498.45    1500.68 0.0000e+00
       1698     36.000    13.7126   3.729970    13.7149   3.730601      40.45     2.1348     0.0769    71.3741 1.0000e-12    5.12336    30.9328    30.9368    23.1048    1498.34    1500.61 0.0000e+00
       1723     37.000    13.5944   3.724127    13.5966   3.725073      96.89     2.1353     0.0731    71.4111 1.0000e-12    5.13658    30.9740    30.9810    23.1602    1498.01    1500.54 0.0000e+00
       1747     38.000    13.4602   3.714777    13.4612   3.715973      93.86     2.1334     0.0684    71.4412 1.0000e-12    5.13801    30.9958    31.0061    23.2036    1497.61    1500.46 0.0000e+00
       1771     39.000    13.3765   3.712591    13.3778   3.713012      47.54     2.1325     0.0675    71.4596 1.0000e-12    5.16854    31.0431    31.0460    23.2567    1497.40    1500.39 0.0000e+00
       1795     40.000    13.2330   3.705563    13.2336   3.706406      97.21     2.1352     0.0704    71.5000 1.0000e-12    5.19170    31.0943    31.1016    23.3244    1497.00    1500.30 0.0000e+00
       1818     41.000    13.1691   3.705811    13.1703   3.706033      95.25     2.1350     0.0653    71.5540 1.0000e-12    5.18891    31.1485    31.1496    23.3788    1496.87    1500.22 0.0000e+00
       1842     42.000    13.1137   3.706919    13.1153   3.707197      53.83     2.1371     0.0639    71.5793 1.0000e-12    5.23340    31.2039    31.2052    23.4324    1496.76    1500.14 0.0000e+00
       1866     43.000    13.0136   3.704744    13.0149   3.705587      96.65     2.1411     0.0639    71.5836 1.0000e-12    5.23311    31.2655    31.2723    23.4995    1496.52    1500.05 0.0000e+00
       1889     44.000    12.7786   3.694885    12.7786   3.695806      96.56     2.1408     0.0628    71.6114 1.0000e-12    5.22690    31.3667    31.3754    23.6231    1495.86    1499.96 0.0000e+00
       1913     45.000    12.6431   3.693331    12.6443   3.693595      62.17     2.1378     0.0612    71.6038 1.0000e-12    5.24886    31.4644    31.4659    23.7246    1495.53    1499.86 0.0000e+00
       1937     46.000    12.6041   3.699845    12.6054   3.700120      96.84     2.1417     0.0612    71.6106 1.0000e-12    5.30447    31.5583    31.5599    23.8048    1495.53    1499.76 0.0000e+00
       1961     47.000    12.4843   3.696553    12.4862   3.697192      96.56     2.1475     0.0590    71.5990 1.0000e-12    5.32629    31.6272    31.6317    23.8809    1495.22    1499.67 0.0000e+00
       1986     48.000    12.3599   3.691727    12.3564   3.692745      72.09     2.1497     0.0565    71.5965 1.0000e-12    5.33373    31.6856    31.6983    23.9496    1494.88    1499.57 0.0000e+00
       2010     49.000    12.0959   3.685173    12.0954   3.685748      96.62     2.1521     0.0534    71.6366 1.0000e-12    5.34323    31.8463    31.8523    24.1236    1494.19    1499.46 0.0000e+00
       2034     50.000    11.9747   3.681495    11.9742   3.682297      96.55     2.1502     0.0548    71.6235 1.0000e-12    5.33877    31.9140    31.9221    24.1985    1493.87    1499.34 0.0000e+00
       2058     51.000    11.7257   3.673121    11.7244   3.674309      78.72     2.1498     0.0559    71.6171 1.0000e-12    5.38650    32.0464    32.0591    24.3471    1493.18    1499.22 0.0000e+00
       2083     52.000    11.4427   3.660667    11.4420   3.661893      96.55     2.1514     0.0597    71.6126 1.0000e-12    5.40668    32.1698    32.1824    24.4942    1492.36    1499.09 0.0000e+00
       2107     53.000    11.2452   3.651663    11.2442   3.652488      96.55     2.1499     0.0578    71.5815 1.0000e-12    5.43297    32.2534    32.2624    24.5945    1491.79    1498.95 0.0000e+00
       2131     54.000    11.0004   3.646886    11.0007   3.647887      96.37     2.1529     0.0537    71.5978 1.0000e-12    5.50194    32.4210    32.4306    24.7682    1491.14    1498.81 0.0000e+00
       2155     55.000    10.7015   3.629635    10.6996   3.631282      96.55     2.1576     0.0524    71.5889 1.0000e-12    5.54196    32.5142    32.5323    24.8929    1490.22    1498.65 0.0000e+00
       2178     56.000    10.4794   3.623208    10.4794   3.623899      96.56     2.1588     0.0535    71.6276 1.0000e-12    5.55284    32.6479    32.6548    25.0353    1489.60    1498.49 0.0000e+00
       2202     57.000    10.2412   3.616116    10.2389   3.617193      96.55     2.1612     0.0554    71.6510 1.0000e-12    5.60278    32.7905    32.8034    25.1870    1488.94    1498.32 0.0000e+00
       2226     58.000    10.0554   3.612421    10.0538   3.612926      96.55     2.1637     0.0566    71.6067 1.0000e-12    5.60826    32.9212    32.9278    25.3201    1488.45    1498.15 0.0000e+00
       2250     59.000     9.7843   3.602853     9.7841   3.603983      96.56     2.1626     0.0547    71.6384 1.0000e-12    5.59190    33.0712    33.0829    25.4823    1487.66    1497.97 0.0000e+00
       2274     60.000     9.6968   3.603856     9.6972   3.603830      96.56     2.1570     0.0519    71.6867 1.0000e-12    5.55247    33.1615    33.1609    25.5672    1487.47    1497.79 0.0000e+00
       2298     61.000     9.5965   3.601949     9.5944   3.602723      96.56     2.1511     0.0528    71.7584 1.0000e-12    5.54288    33.2342    33.2441    25.6404    1487.21    1497.62 0.0000e+00
       2322     62.000     9.4992   3.599500     9.4999   3.599294      96.56     2.1443     0.0531    71.7155 1.0000e-12    5.50833    33.2988    33.2960    25.7067    1486.95    1497.44 0.0000e+00
       2346     63.000     9.3677   3.602617     9.3676   3.603072      96.56     2.1350     0.0537    71.7196 1.0000e-12    5.47258    33.4530    33.4578    25.8486    1486.68    1497.27 0.0000e+00
       2370     64.000     9.2759   3.601414     9.2762   3.602087      96.56     2.1254     0.0552    71.7925 1.0000e-12    5.43769    33.5261    33.5328    25.9205    1486.45    1497.10 0.0000e+00
       2394     65.000     9.2122   3.599910     9.2126   3.600088      96.56     2.1137     0.0549    71.8155 1.0000e-12    5.37336    33.5699    33.5714    25.9650    1486.28    1496.93 0.0000e+00
       2418     66.000     9.0942   3.599258     9.0932   3.599573      89.25     2.0986     0.0512    71.8413 1.0000e-12    5.32227    33.6740    33.6782    26.0652    1485.99    1496.77 0.0000e+00
       2443     67.000     8.9680   3.593261     8.9677   3.593910      91.18     2.0858     0.0527    71.8589 1.0000e-12    5.31657    33.7305    33.7376    26.1295    1485.61    1496.60 0.0000e+00
       2467     68.000     8.9014   3.593562     8.9025   3.594054      96.57     2.0735     0.0520    71.8848 1.0000e-12    5.27105    33.7965    33.8006    26.1916    1485.47    1496.43 0.0000e+00
       2490     69.000     8.8089   3.589764     8.8094   3.590520      96.56     2.0605     0.0515    71.9085 1.0000e-12    5.23294    33.8444    33.8519    26.2437    1485.20    1496.27 0.0000e+00
       2514     70.000     8.6857   3.585012     8.6875   3.584601      96.56     2.0471     0.0527    71.9103 1.0000e-12    5.19114    33.9119    33.9058    26.3157    1484.84    1496.11 0.0000e+00
       2538     71.000     8.7076   3.596124     8.7073   3.596363      96.55     2.0335     0.0508    71.9327 1.0000e-12    5.14153    34.0073    34.0101    26.3871    1485.06    1495.95 0.0000e+00
       2562     72.000     8.6498   3.597164     8.6523   3.596848      96.56     2.0197     0.0497    71.9334 1.0000e-12    5.08226    34.0734    34.0677    26.4479    1484.94    1495.79 0.0000e+00
       2586     73.000     8.6388   3.601527     8.6392   3.601638      79.39     2.0038     0.0488    71.9085 1.0000e-12    5.00612    34.1295    34.1303    26.4936    1484.98    1495.65 0.0000e+00
       2609     74.000     8.6358   3.606158     8.6371   3.605769      52.63     1.9875     0.0489    71.9417 1.0000e-12    4.96026    34.1808    34.1754    26.5342    1485.05    1495.50 0.0000e+00
       2632     75.000     8.6240   3.610694     8.6251   3.610698      96.52     1.9722     0.0491    71.9301 1.0000e-12    4.90393    34.2396    34.2386    26.5821    1485.10    1495.36 0.0000e+00
       2656     76.000     8.5845   3.610499     8.5842   3.610680      91.68     1.9565     0.0495    71.9172 1.0000e-12    4.85310    34.2754    34.2776    26.6163    1485.01    1495.22 0.0000e+00
       2679     77.000     8.5296   3.610705     8.5298   3.611071      63.76     1.9417     0.0499    71.9182 1.0000e-12    4.84070    34.3304    34.3341    26.6679    1484.89    1495.09 0.0000e+00
       2703     78.000     8.4215   3.602279     8.4213   3.602914      96.21     1.9300     0.0512    71.9204 1.0000e-12    4.81102    34.3459    34.3529    26.6968    1484.52    1494.95 0.0000e+00
       2727     79.000     8.3969   3.602582     8.3979   3.602668      96.44     1.9157     0.0516    72.0004 1.0000e-12    4.72019    34.3727    34.3726    26.7215    1484.48    1494.82 0.0000e+00
       2751     80.000     8.3890   3.605066     8.3902   3.605005      82.73     1.8965     0.0481    72.0340 1.0000e-12    4.61292    34.4063    34.4045    26.7491    1484.51    1494.69 0.0000e+00
       2774     81.000     8.3855   3.608520     8.3868   3.608446      96.42     1.8750     0.0473    72.0465 1.0000e-12    4.51266    34.4459    34.4439    26.7807    1484.56    1494.56 0.0000e+00
       2798     82.000     8.3845   3.611466     8.3855   3.611440      96.46     1.8530     0.0442    72.0713 1.0000e-12    4.46448    34.4777    34.4765    26.8058    1484.61    1494.44 0.0000e+00
       2822     83.000     8.3657   3.613911     8.3667   3.613895      96.56     1.8356     0.0483    72.0598 1.0000e-12    4.47002    34.5217    34.5205    26.8432    1484.61    1494.32 0.0000e+00
       2846     84.000     8.3489   3.616957     8.3496   3.616860      96.55     1.8241     0.0490    72.0428 1.0000e-12    4.47100    34.5701    34.5683    26.8837    1484.63    1494.21 0.0000e+00
