_data/ctd/2016/Sta0950_2016.cnv
* Sea-Bird SBE 9 Data File:
* FileName = C:\Seabird\CTDDATA\sta0950.hex
* Software Version Seasave V 7.21f
* Temperature SN = 5458
* Conductivity SN = 044221
* Number of Bytes Per Scan = 41
* Number of Voltage Words = 4
* Number of Scans Averaged by the Deck Unit = 1
* NMEA Latitude = 60 52.14 N
* NMEA Longitude = 005 22.02 E
* NMEA UTC (Time) = Sep 20 2016 07:09:29
** Ship: 01 F/F "Håkon Mosby"
** Station: 0950
** Echodepth: 474
** Log: 3317.740
** Wind-Dir Force: 27 01
** Air-temp (dry): 12
** Weather Sky: 2 9
** Sea Ice: 1 0
** UNIS station:
# nquan = 18                                
# nvalues = 460                         
# units = specified
# name 0 = scan: Scan Count
# name 1 = prDM: Pressure, Digiquartz [db]
# name 2 = t068C: Temperature [ITS-68, deg C]
# name 3 = c0S/m: Conductivity [S/m]
# name 4 = t168C: Temperature, 2 [ITS-68, deg C]
# name 5 = c1S/m: Conductivity, 2 [S/m]
# name 6 = altM: Altimeter [m]
# name 7 = sbeox0V: Oxygen raw, SBE 43 [V]
# name 8 = flC: Fluorescence, Chelsea Aqua 3 Chl Con [ug/l]
# name 9 = xmiss: Beam Transmission, Chelsea/Seatech [%]
# name 10 = par: PAR/Irradiance, Biospherical/Licor
# name 11 = sbeox0ML/L: Oxygen, SBE 43 [ml/l], WS = 2
# name 12 = sal00: Salinity, Practical [PSU]
# name 13 = sal11: Salinity, Practical, 2 [PSU]
# name 14 = sigma-t00: Density [sigma-t, Kg/m^3 ]
# name 15 = svCM: Sound Velocity [Chen-Millero, m/s]
# name 16 = avgsvCM: Average Sound Velocity [Chen-Millero, m/s], minP = 0, minS = 0
# name 17 = flag: flag
# span 0 =        642,      12456       
# span 1 =      5.000,    464.000       
# span 2 =     8.1519,    14.9719       
# span 3 =   3.581377,   3.803187       
# span 4 =     8.1534,    14.9735       
# span 5 =   3.582184,   3.803507       
# span 6 =      35.03,      97.73       
# span 7 =     1.0189,     2.2535       
# span 8 =     0.0349,     0.5117       
# span 9 =    67.2580,    72.1107       
# span 10 = 1.0000e-12, 1.2208e+01      
# span 11 =    1.84106,    5.57116      
# span 12 =    29.1888,    35.0503      
# span 13 =    29.0028,    35.0528      
# span 14 =    21.5148,    27.2842      
# span 15 =    1484.50,    1501.74      
# span 16 =    1488.48,    1500.76      
# span 17 = 0.0000e+00, 0.0000e+00      
# interval = decibars: 1                
# start_time = Sep 20 2016 07:09:30 [System UTC, first data scan.]
# bad_flag = -9.990e-29
*END*
[from data line 81]
       2874     86.000     8.3126   3.625826     8.3139   3.625922      96.56     1.7845     0.0489    72.0962 1.0000e-12    4.34247    34.6993    34.6990    26.9907    1484.68    1493.94 0.0000e+00
       2900     87.000     8.3074   3.627033     8.3087   3.627109      92.76     1.7726     0.0472    72.0888 1.0000e-12    4.28471    34.7168    34.7163    27.0052    1484.70    1493.84 0.0000e+00
       2925     88.000     8.2999   3.628087     8.3011   3.628184      94.57     1.7607     0.0443    72.0862 1.0000e-12    4.25537    34.7349    34.7348    27.0206    1484.71    1493.73 0.0000e+00
       2951     89.000     8.2919   3.629412     8.2931   3.629527      96.56     1.7502     0.0441    72.0888 1.0000e-12    4.23202    34.7565    34.7565    27.0387    1484.73    1493.63 0.0000e+00
       2976     90.000     8.2786   3.630324     8.2799   3.630422      35.03     1.7406     0.0449    72.1107 1.0000e-12    4.22436    34.7789    34.7786    27.0583    1484.72    1493.53 0.0000e+00
       3002     91.000     8.2744   3.631838     8.2757   3.631945      94.91     1.7352     0.0418    72.0805 1.0000e-12    4.23303    34.7987    34.7986    27.0745    1484.75    1493.43 0.0000e+00
       3027     92.000     8.2683   3.632688     8.2695   3.632806      96.56     1.7299     0.0431    72.0789 1.0000e-12    4.22265    34.8133    34.8134    27.0869    1484.76    1493.34 0.0000e+00
       3054     93.000     8.2625   3.633513     8.2638   3.633669      96.56     1.7257     0.0425    72.0978 1.0000e-12    4.21128    34.8274    34.8278    27.0989    1484.77    1493.25 0.0000e+00
       3080     94.000     8.2633   3.634005     8.2646   3.634164      96.56     1.7212     0.0406    72.0998 1.0000e-12    4.20192    34.8314    34.8318    27.1019    1484.79    1493.15 0.0000e+00
       3106     95.000     8.2624   3.634884     8.2637   3.635034      96.56     1.7180     0.0399    72.0970 1.0000e-12    4.20469    34.8412    34.8415    27.1097    1484.82    1493.07 0.0000e+00
       3132     96.000     8.2613   3.635587     8.2626   3.635733      96.56     1.7157     0.0431    72.0862 1.0000e-12    4.18530    34.8493    34.8495    27.1162    1484.84    1492.98 0.0000e+00
       3158     97.000     8.2613   3.636233     8.2625   3.636375      55.61     1.7110     0.0443    72.0899 1.0000e-12    4.16831    34.8557    34.8560    27.1213    1484.87    1492.90 0.0000e+00
       3183     98.000     8.2528   3.636794     8.2540   3.636985      97.09     1.7077     0.0434    72.0862 1.0000e-12    4.14235    34.8696    34.8705    27.1335    1484.87    1492.81 0.0000e+00
       3208     99.000     8.2491   3.637144     8.2503   3.637329      96.56     1.7009     0.0471    72.0739 1.0000e-12    4.09334    34.8765    34.8773    27.1395    1484.88    1492.73 0.0000e+00
       3234    100.000     8.2474   3.637582     8.2487   3.637768      96.56     1.6938     0.0483    72.0644 1.0000e-12    4.09320    34.8824    34.8831    27.1444    1484.90    1492.65 0.0000e+00
       3259    101.000     8.2444   3.637905     8.2456   3.638099      96.56     1.6904     0.0427    72.0549 1.0000e-12    4.10742    34.8884    34.8892    27.1495    1484.91    1492.58 0.0000e+00
       3285    102.000     8.2430   3.638238     8.2443   3.638429      96.56     1.6875     0.0417    72.0448 1.0000e-12    4.09342    34.8928    34.8936    27.1532    1484.92    1492.50 0.0000e+00
       3311    103.000     8.2416   3.638723     8.2429   3.638935      90.97     1.6841     0.0405    72.0429 1.0000e-12    4.08558    34.8989    34.8999    27.1582    1484.94    1492.43 0.0000e+00
       3336    104.000     8.2393   3.638832     8.2406   3.639043      80.36     1.6821     0.0408    72.0479 1.0000e-12    4.10833    34.9019    34.9028    27.1609    1484.96    1492.36 0.0000e+00
       3363    105.000     8.2390   3.639162     8.2403   3.639364      95.93     1.6824     0.0394    72.0399 1.0000e-12    4.11227    34.9052    34.9061    27.1636    1484.97    1492.29 0.0000e+00
       3389    106.000     8.2398   3.639534     8.2411   3.639724      96.56     1.6823     0.0427    72.0329 1.0000e-12    4.11186    34.9079    34.9087    27.1655    1485.00    1492.22 0.0000e+00
       3415    107.000     8.2391   3.639750     8.2405   3.639990      80.41     1.6817     0.0440    72.0613 1.0000e-12    4.09571    34.9104    34.9116    27.1676    1485.01    1492.15 0.0000e+00
       3441    108.000     8.2391   3.639979     8.2404   3.640196      53.60     1.6802     0.0438    72.0427 1.0000e-12    4.10787    34.9124    34.9134    27.1692    1485.03    1492.08 0.0000e+00
       3467    109.000     8.2374   3.640219     8.2387   3.640448      96.57     1.6808     0.0445    72.0699 1.0000e-12    4.10676    34.9162    34.9173    27.1724    1485.05    1492.02 0.0000e+00
       3492    110.000     8.2362   3.640337     8.2375   3.640582      96.56     1.6801     0.0412    72.0669 1.0000e-12    4.10310    34.9181    34.9195    27.1741    1485.06    1491.95 0.0000e+00
       3518    111.000     8.2353   3.640469     8.2366   3.640704      96.56     1.6799     0.0383    72.0468 1.0000e-12    4.10728    34.9200    34.9212    27.1757    1485.08    1491.89 0.0000e+00
       3544    112.000     8.2351   3.640674     8.2364   3.640917      96.56     1.6799     0.0420    72.0539 1.0000e-12    4.10301    34.9219    34.9232    27.1772    1485.10    1491.83 0.0000e+00
       3570    113.000     8.2342   3.640711     8.2355   3.640961      96.56     1.6788     0.0426    72.0701 1.0000e-12    4.10165    34.9227    34.9240    27.1780    1485.11    1491.77 0.0000e+00
       3596    114.000     8.2336   3.640745     8.2349   3.640995      93.19     1.6796     0.0429    72.0699 1.0000e-12    4.12238    34.9231    34.9245    27.1784    1485.12    1491.71 0.0000e+00
       3622    115.000     8.2313   3.640660     8.2325   3.640927      94.88     1.6813     0.0431    72.0469 1.0000e-12    4.13405    34.9240    34.9257    27.1795    1485.13    1491.66 0.0000e+00
       3649    116.000     8.2302   3.640650     8.2315   3.640916      96.57     1.6827     0.0408    72.0218 1.0000e-12    4.12433    34.9245    34.9261    27.1801    1485.15    1491.60 0.0000e+00
       3675    117.000     8.2306   3.640786     8.2319   3.641041      44.87     1.6819     0.0379    72.0056 1.0000e-12    4.11456    34.9251    34.9265    27.1804    1485.17    1491.54 0.0000e+00
       3702    118.000     8.2305   3.640906     8.2318   3.641163      96.46     1.6825     0.0424    72.0019 1.0000e-12    4.12005    34.9260    34.9275    27.1812    1485.18    1491.49 0.0000e+00
       3728    119.000     8.2299   3.640986     8.2313   3.641243      96.56     1.6814     0.0448    71.9857 1.0000e-12    4.10917    34.9270    34.9283    27.1820    1485.20    1491.44 0.0000e+00
       3754    120.000     8.2300   3.641141     8.2314   3.641407      96.56     1.6811     0.0419    71.9576 1.0000e-12    4.11041    34.9280    34.9295    27.1828    1485.22    1491.38 0.0000e+00
       3780    121.000     8.2286   3.641149     8.2298   3.641420      96.56     1.6801     0.0412    71.9999 1.0000e-12    4.10853    34.9290    34.9307    27.1838    1485.23    1491.33 0.0000e+00
       3806    122.000     8.2276   3.641136     8.2289   3.641408      96.56     1.6801     0.0422    72.0021 1.0000e-12    4.11489    34.9294    34.9310    27.1843    1485.24    1491.28 0.0000e+00
       3832    123.000     8.2264   3.641108     8.2277   3.641376      89.06     1.6798     0.0417    72.0251 1.0000e-12    4.09822    34.9298    34.9314    27.1848    1485.25    1491.23 0.0000e+00
       3858    124.000     8.2256   3.641101     8.2269   3.641381      59.60     1.6781     0.0405    72.0340 1.0000e-12    4.10452    34.9301    34.9318    27.1851    1485.27    1491.19 0.0000e+00
       3884    125.000     8.2239   3.641018     8.2252   3.641311      96.90     1.6775     0.0398    72.0138 1.0000e-12    4.08183    34.9304    34.9322    27.1856    1485.28    1491.14 0.0000e+00
       3910    126.000     8.2229   3.640996     8.2243   3.641294      96.10     1.6743     0.0407    72.0221 1.0000e-12    4.06360    34.9307    34.9324    27.1860    1485.29    1491.09 0.0000e+00
       3936    127.000     8.2226   3.641024     8.2240   3.641306      96.44     1.6709     0.0349    72.0144 1.0000e-12    4.04010    34.9308    34.9324    27.1861    1485.31    1491.05 0.0000e+00
       3962    128.000     8.2213   3.640947     8.2226   3.641234      96.56     1.6662     0.0397    71.9991 1.0000e-12    4.01149    34.9308    34.9325    27.1863    1485.32    1491.00 0.0000e+00
       3989    129.000     8.2206   3.640933     8.2219   3.641219      42.75     1.6604     0.0413    71.9762 1.0000e-12    4.00253    34.9308    34.9326    27.1865    1485.33    1490.96 0.0000e+00
       4015    130.000     8.2192   3.640862     8.2206   3.641163      96.51     1.6571     0.0406    71.9334 1.0000e-12    3.98946    34.9310    34.9328    27.1868    1485.34    1490.91 0.0000e+00
       4042    131.000     8.2155   3.640526     8.2166   3.640836      96.56     1.6511     0.0399    71.9384 1.0000e-12    3.95030    34.9306    34.9328    27.1870    1485.35    1490.87 0.0000e+00
       4068    132.000     8.2119   3.640223     8.2132   3.640520      96.56     1.6444     0.0392    71.9300 1.0000e-12    3.90710    34.9304    34.9323    27.1875    1485.35    1490.83 0.0000e+00
       4094    133.000     8.2114   3.640282     8.2127   3.640563      84.82     1.6346     0.0392    71.9323 1.0000e-12    3.84136    34.9311    34.9328    27.1881    1485.36    1490.79 0.0000e+00
       4120    134.000     8.2119   3.640416     8.2132   3.640689      96.58     1.6223     0.0420    71.9422 1.0000e-12    3.77141    34.9315    34.9331    27.1883    1485.38    1490.75 0.0000e+00
       4146    135.000     8.2111   3.640383     8.2124   3.640674      96.56     1.6089     0.0417    71.9281 1.0000e-12    3.74657    34.9315    34.9333    27.1884    1485.40    1490.71 0.0000e+00
       4172    136.000     8.2113   3.640476     8.2127   3.640775      96.56     1.5997     0.0452    71.8988 1.0000e-12    3.75849    34.9318    34.9336    27.1886    1485.41    1490.67 0.0000e+00
       4198    137.000     8.2104   3.640446     8.2118   3.640755      96.56     1.5932     0.0479    71.9154 1.0000e-12    3.75741    34.9319    34.9338    27.1888    1485.43    1490.63 0.0000e+00
       4225    138.000     8.2102   3.640495     8.2116   3.640785      96.56     1.5887     0.0457    71.9098 1.0000e-12    3.76104    34.9321    34.9338    27.1891    1485.44    1490.59 0.0000e+00
       4251    139.000     8.2107   3.640624     8.2120   3.640921      96.56     1.5852     0.0456    71.8996 1.0000e-12    3.75089    34.9325    34.9344    27.1893    1485.46    1490.56 0.0000e+00
       4278    140.000     8.2098   3.640599     8.2110   3.640909      96.56     1.5816     0.0450    71.9298 1.0000e-12    3.74744    34.9327    34.9348    27.1896    1485.47    1490.52 0.0000e+00
       4304    141.000     8.2081   3.640497     8.2094   3.640789      96.56     1.5797     0.0457    71.9214 1.0000e-12    3.76237    34.9328    34.9346    27.1899    1485.48    1490.48 0.0000e+00
       4330    142.000     8.2070   3.640438     8.2084   3.640749      40.83     1.5787     0.0416    71.9127 1.0000e-12    3.75668    34.9328    34.9347    27.1901    1485.50    1490.45 0.0000e+00
       4356    143.000     8.2062   3.640419     8.2076   3.640734      95.76     1.5780     0.0410    71.9036 1.0000e-12    3.73999    34.9329    34.9348    27.1903    1485.51    1490.41 0.0000e+00
       4382    144.000     8.2053   3.640415     8.2067   3.640725      96.55     1.5735     0.0417    71.9054 1.0000e-12    3.70047    34.9332    34.9352    27.1907    1485.52    1490.38 0.0000e+00
       4409    145.000     8.2043   3.640378     8.2057   3.640688      96.56     1.5687     0.0437    71.8955 1.0000e-12    3.68467    34.9334    34.9353    27.1909    1485.54    1490.35 0.0000e+00
       4435    146.000     8.2034   3.640358     8.2047   3.640657      96.56     1.5640     0.0413    71.8746 1.0000e-12    3.67090    34.9336    34.9355    27.1912    1485.55    1490.31 0.0000e+00
       4462    147.000     8.2032   3.640411     8.2046   3.640710      96.56     1.5593     0.0431    71.8640 1.0000e-12    3.64651    34.9338    34.9356    27.1915    1485.57    1490.28 0.0000e+00
       4490    148.000     8.2027   3.640435     8.2041   3.640738      85.64     1.5530     0.0429    71.8986 1.0000e-12    3.61296    34.9341    34.9360    27.1918    1485.58    1490.25 0.0000e+00
       4516    149.000     8.2015   3.640365     8.2029   3.640676      55.23     1.5480     0.0423    71.8838 1.0000e-12    3.64390    34.9341    34.9360    27.1919    1485.59    1490.22 0.0000e+00
       4543    150.000     8.2005   3.640351     8.2019   3.640654      96.97     1.5473     0.0404    71.9043 1.0000e-12    3.63999    34.9344    34.9363    27.1924    1485.61    1490.19 0.0000e+00
       4570    151.000     8.1999   3.640356     8.2013   3.640667      96.56     1.5440     0.0422    71.9115 1.0000e-12    3.61002    34.9346    34.9365    27.1926    1485.62    1490.16 0.0000e+00
       4596    152.000     8.1980   3.640233     8.1994   3.640552      96.56     1.5399     0.0433    71.9089 1.0000e-12    3.59347    34.9347    34.9367    27.1929    1485.63    1490.13 0.0000e+00
       4622    153.000     8.1977   3.640255     8.1991   3.640563      96.55     1.5360     0.0431    71.9134 1.0000e-12    3.57925    34.9347    34.9366    27.1930    1485.65    1490.10 0.0000e+00
       4648    154.000     8.1971   3.640264     8.1985   3.640563      96.56     1.5313     0.0420    71.9114 1.0000e-12    3.54566    34.9349    34.9368    27.1933    1485.66    1490.07 0.0000e+00
       4675    155.000     8.1964   3.640272     8.1977   3.640582      64.99     1.5242     0.0411    71.9175 1.0000e-12    3.51750    34.9352    34.9373    27.1936    1485.67    1490.04 0.0000e+00
       4702    156.000     8.1947   3.640176     8.1961   3.640503      95.76     1.5203     0.0446    71.9284 1.0000e-12    3.53126    34.9354    34.9375    27.1940    1485.68    1490.01 0.0000e+00
       4728    157.000     8.1933   3.640108     8.1946   3.640428      96.57     1.5161     0.0463    71.9290 1.0000e-12    3.51225    34.9356    34.9377    27.1944    1485.70    1489.98 0.0000e+00
       4755    158.000     8.1929   3.640141     8.1943   3.640454      96.56     1.5118     0.0441    71.9097 1.0000e-12    3.48786    34.9359    34.9378    27.1946    1485.71    1489.96 0.0000e+00
       4782    159.000     8.1925   3.640158     8.1939   3.640477      96.56     1.5063     0.0413    71.9070 1.0000e-12    3.46475    34.9360    34.9380    27.1948    1485.73    1489.93 0.0000e+00
       4809    160.000     8.1925   3.640213     8.1938   3.640518      96.56     1.5010     0.0438    71.8849 1.0000e-12    3.44863    34.9361    34.9380    27.1949    1485.74    1489.90 0.0000e+00
       4835    161.000     8.1929   3.640321     8.1943   3.640639      92.75     1.4957     0.0421    71.8895 1.0000e-12    3.42184    34.9364    34.9384    27.1950    1485.76    1489.88 0.0000e+00
       4862    162.000     8.1933   3.640454     8.1947   3.640769      75.72     1.4904     0.0412    71.9017 1.0000e-12    3.44217    34.9369    34.9389    27.1954    1485.78    1489.85 0.0000e+00
       4885    163.000     8.1940   3.640613     8.1955   3.640904      96.55     1.4897     0.0417    71.8886 1.0000e-12    3.45654    34.9374    34.9390    27.1957    1485.80    1489.83 0.0000e+00
       4908    164.000     8.1949   3.640759     8.1963   3.641074      96.56     1.4896     0.0431    71.8862 1.0000e-12    3.47462    34.9376    34.9396    27.1957    1485.82    1489.80 0.0000e+00
