_data/ctd/2016/Sta0946_2016.cnv
* Sea-Bird SBE 9 Data File:
* FileName = C:\Seabird\CTDDATA\sta0946.hex
* Software Version Seasave V 7.21f
* Temperature SN = 5458
* Conductivity SN = 044221
* Number of Bytes Per Scan = 41
* Number of Voltage Words = 4
* Number of Scans Averaged by the Deck Unit = 1
* NMEA Latitude = 60 49.51 N
* NMEA Longitude = 005 20.56 E
* NMEA UTC (Time) = Sep 20 2016 02:42:27
** Ship: 01 F/F "Håkon Mosby"
** Station: 0946
** Echodepth: 299
** Log: 3296,2
** Wind-Dir Force: 11 03
** Air-temp (dry): 13
** Weather Sky: 2 9
** Sea Ice: 2 0
** UNIS station:
# nquan = 18                                
# nvalues = 288                         
# units = specified
# name 0 = scan: Scan Count
# name 1 = prDM: Pressure, Digiquartz [db]
# name 2 = t068C: Temperature [ITS-68, deg C]
# name 3 = c0S/m: Conductivity [S/m]
# name 4 = t168C: Temperature, 2 [ITS-68, deg C]
# name 5 = c1S/m: Conductivity, 2 [S/m]
# name 6 = altM: Altimeter [m]
# name 7 = sbeox0V: Oxygen raw, SBE 43 [V]
# name 8 = flC: Fluorescence, Chelsea Aqua 3 Chl Con [ug/l]
# name 9 = xmiss: Beam Transmission, Chelsea/Seatech [%]
# name 10 = par: PAR/Irradiance, Biospherical/Licor
# name 11 = sbeox0ML/L: Oxygen, SBE 43 [ml/l], WS = 2
# name 12 = sal00: Salinity, Practical [PSU]
# name 13 = sal11: Salinity, Practical, 2 [PSU]
# name 14 = sigma-t00: Density [sigma-t, Kg/m^3 ]
# name 15 = svCM: Sound Velocity [Chen-Millero, m/s]
# name 16 = avgsvCM: Average Sound Velocity [Chen-Millero, m/s], minP = 0, minS = 0
# name 17 = flag: flag
# span 0 =        589,       7127       
# span 1 =      3.000,    290.000       
# span 2 =     8.1908,    15.4439       
# span 3 =   3.283546,   3.844652       
# span 4 =     8.1920,    15.4651       
# span 5 =   3.264342,   3.844932       
# span 6 =      20.39,      97.68       
# span 7 =     1.4151,     2.3837       
# span 8 =     0.0374,     0.8189       
# span 9 =    63.8229,    71.9520       
# span 10 = -1.632e-06, 2.3235e-01      
# span 11 =    3.20486,    5.86275      
# span 12 =    25.7535,    34.9564      
# span 13 =    25.5775,    34.9581      
# span 14 =    18.7845,    27.2109      
# span 15 =    1484.65,    1502.50      
# span 16 =    1488.65,    1501.24      
# span 17 = 0.0000e+00, 0.0000e+00      
# interval = decibars: 1                
# start_time = Sep 20 2016 02:42:28 [System UTC, first data scan.]
# bad_flag = -9.990e-29
*END*
[from data line 161]
       4395    164.000     8.2041   3.641659     8.2055   3.641932      96.40     1.5797     0.0460    71.1695 1.0000e-12    3.76076    34.9381    34.9396    27.1947    1485.85    1490.02 0.0000e+00
       4418    165.000     8.2041   3.641720     8.2055   3.641979      89.74     1.5776     0.0444    71.1403 1.0000e-12    3.74640    34.9382    34.9396    27.1948    1485.87    1490.00 0.0000e+00
       4441    166.000     8.2039   3.641778     8.2051   3.642049      86.71     1.5757     0.0420    71.1342 1.0000e-12    3.76057    34.9386    34.9403    27.1951    1485.89    1489.97 0.0000e+00
       4464    167.000     8.2035   3.641844     8.2048   3.642107      96.68     1.5751     0.0437    71.0371 1.0000e-12    3.75093    34.9392    34.9407    27.1956    1485.90    1489.95 0.0000e+00
       4488    168.000     8.2032   3.641890     8.2046   3.642164      93.50     1.5730     0.0439    70.9091 1.0000e-12    3.73617    34.9395    34.9410    27.1959    1485.92    1489.92 0.0000e+00
       4511    169.000     8.2030   3.641950     8.2043   3.642214      87.97     1.5710     0.0432    70.8774 1.0000e-12    3.73272    34.9399    34.9414    27.1962    1485.93    1489.90 0.0000e+00
       4534    170.000     8.2027   3.641989     8.2040   3.642260      96.41     1.5691     0.0425    70.8253 1.0000e-12    3.72167    34.9401    34.9417    27.1965    1485.95    1489.88 0.0000e+00
       4557    171.000     8.2022   3.642025     8.2036   3.642299      96.12     1.5669     0.0437    70.7811 1.0000e-12    3.70944    34.9405    34.9420    27.1968    1485.97    1489.85 0.0000e+00
       4580    172.000     8.2022   3.642074     8.2034   3.642349      88.38     1.5640     0.0454    70.7852 1.0000e-12    3.70837    34.9405    34.9423    27.1969    1485.98    1489.83 0.0000e+00
       4603    173.000     8.2021   3.642137     8.2034   3.642404      96.55     1.5629     0.0449    70.7902 1.0000e-12    3.70686    34.9408    34.9424    27.1971    1486.00    1489.81 0.0000e+00
       4626    174.000     8.2018   3.642182     8.2031   3.642464      96.54     1.5607     0.0427    70.7088 1.0000e-12    3.69136    34.9411    34.9428    27.1974    1486.01    1489.79 0.0000e+00
       4649    175.000     8.2013   3.642219     8.2025   3.642484      92.49     1.5581     0.0420    70.6904 1.0000e-12    3.68339    34.9415    34.9432    27.1978    1486.03    1489.77 0.0000e+00
       4672    176.000     8.2010   3.642253     8.2023   3.642527      95.93     1.5560     0.0440    70.7349 1.0000e-12    3.68016    34.9417    34.9433    27.1980    1486.04    1489.75 0.0000e+00
       4696    177.000     8.2005   3.642295     8.2017   3.642574      96.24     1.5540     0.0443    70.7320 1.0000e-12    3.67440    34.9422    34.9440    27.1984    1486.06    1489.72 0.0000e+00
       4719    178.000     8.2003   3.642343     8.2017   3.642619      96.54     1.5517     0.0446    70.7716 1.0000e-12    3.66439    34.9424    34.9439    27.1986    1486.08    1489.70 0.0000e+00
       4743    179.000     8.2004   3.642398     8.2017   3.642679      96.55     1.5498     0.0436    70.7817 1.0000e-12    3.66033    34.9424    34.9441    27.1986    1486.09    1489.68 0.0000e+00
       4767    180.000     8.2003   3.642444     8.2015   3.642726      96.54     1.5476     0.0398    70.7935 1.0000e-12    3.65526    34.9425    34.9443    27.1987    1486.11    1489.66 0.0000e+00
       4791    181.000     8.1998   3.642474     8.2011   3.642759      96.54     1.5462     0.0390    70.8508 1.0000e-12    3.65623    34.9428    34.9446    27.1991    1486.12    1489.64 0.0000e+00
       4814    182.000     8.1993   3.642499     8.2004   3.642782      96.55     1.5447     0.0427    70.9001 1.0000e-12    3.65005    34.9431    34.9451    27.1994    1486.14    1489.62 0.0000e+00
       4838    183.000     8.1985   3.642502     8.1998   3.642786      96.55     1.5431     0.0436    70.9281 1.0000e-12    3.64284    34.9435    34.9452    27.1998    1486.15    1489.61 0.0000e+00
       4862    184.000     8.1982   3.642544     8.1995   3.642820      96.54     1.5413     0.0410    71.0031 1.0000e-12    3.63383    34.9437    34.9454    27.2000    1486.17    1489.59 0.0000e+00
       4886    185.000     8.1982   3.642588     8.1994   3.642866      96.54     1.5391     0.0436    71.0336 1.0000e-12    3.62148    34.9437    34.9455    27.2000    1486.18    1489.57 0.0000e+00
       4910    186.000     8.1975   3.642630     8.1988   3.642907      96.54     1.5367     0.0427    71.0460 1.0000e-12    3.61373    34.9444    34.9461    27.2006    1486.20    1489.55 0.0000e+00
       4935    187.000     8.1970   3.642676     8.1983   3.642950      96.55     1.5344     0.0438    71.0447 1.0000e-12    3.60909    34.9449    34.9465    27.2011    1486.21    1489.53 0.0000e+00
       4959    188.000     8.1966   3.642716     8.1979   3.642994      96.55     1.5323     0.0437    71.0632 1.0000e-12    3.59754    34.9452    34.9469    27.2014    1486.23    1489.52 0.0000e+00
       4983    189.000     8.1965   3.642763     8.1978   3.643046      96.54     1.5295     0.0417    71.0719 1.0000e-12    3.58540    34.9454    34.9471    27.2015    1486.25    1489.50 0.0000e+00
       5007    190.000     8.1957   3.642809     8.1970   3.643093      96.55     1.5269     0.0420    71.0687 1.0000e-12    3.57683    34.9462    34.9479    27.2023    1486.26    1489.48 0.0000e+00
       5031    191.000     8.1951   3.642838     8.1964   3.643121      96.55     1.5242     0.0430    71.0365 1.0000e-12    3.56919    34.9466    34.9483    27.2027    1486.28    1489.46 0.0000e+00
       5055    192.000     8.1950   3.642884     8.1962   3.643167      96.55     1.5215     0.0432    71.0107 1.0000e-12    3.55501    34.9467    34.9485    27.2028    1486.29    1489.45 0.0000e+00
       5079    193.000     8.1948   3.642933     8.1961   3.643206      96.54     1.5185     0.0436    71.0533 1.0000e-12    3.54494    34.9469    34.9486    27.2030    1486.31    1489.43 0.0000e+00
       5103    194.000     8.1947   3.642979     8.1960   3.643264      96.55     1.5155     0.0446    71.0514 1.0000e-12    3.53980    34.9470    34.9488    27.2031    1486.32    1489.42 0.0000e+00
       5128    195.000     8.1948   3.643035     8.1961   3.643323      96.55     1.5132     0.0408    71.0666 1.0000e-12    3.53487    34.9471    34.9488    27.2031    1486.34    1489.40 0.0000e+00
       5151    196.000     8.1949   3.643091     8.1962   3.643370      96.54     1.5110     0.0415    71.0595 1.0000e-12    3.53265    34.9471    34.9488    27.2031    1486.36    1489.38 0.0000e+00
       5171    197.000     8.1949   3.643145     8.1962   3.643430      96.54     1.5098     0.0421    71.0474 1.0000e-12    3.53692    34.9472    34.9489    27.2032    1486.37    1489.37 0.0000e+00
       5191    198.000     8.1948   3.643183     8.1960   3.643469      96.55     1.5089     0.0432    71.0587 1.0000e-12    3.53553    34.9472    34.9491    27.2032    1486.39    1489.35 0.0000e+00
       5211    199.000     8.1939   3.643197     8.1951   3.643483      96.54     1.5078     0.0441    71.0577 1.0000e-12    3.53086    34.9478    34.9496    27.2038    1486.40    1489.34 0.0000e+00
       5232    200.000     8.1936   3.643244     8.1948   3.643515      96.55     1.5068     0.0436    71.0605 1.0000e-12    3.52746    34.9481    34.9498    27.2041    1486.42    1489.32 0.0000e+00
       5252    201.000     8.1936   3.643303     8.1949   3.643580      96.55     1.5057     0.0415    71.0499 1.0000e-12    3.52171    34.9482    34.9499    27.2042    1486.44    1489.31 0.0000e+00
       5273    202.000     8.1936   3.643359     8.1949   3.643624      96.54     1.5043     0.0451    71.0543 1.0000e-12    3.50802    34.9483    34.9499    27.2043    1486.45    1489.30 0.0000e+00
       5294    203.000     8.1937   3.643408     8.1950   3.643691      96.54     1.5019     0.0456    71.0283 1.0000e-12    3.49819    34.9483    34.9500    27.2043    1486.47    1489.28 0.0000e+00
       5315    204.000     8.1938   3.643457     8.1950   3.643742      96.55     1.5002     0.0448    71.0533 1.0000e-12    3.49978    34.9482    34.9501    27.2042    1486.49    1489.27 0.0000e+00
       5337    205.000     8.1933   3.643497     8.1945   3.643778      96.55     1.4988     0.0450    71.0501 1.0000e-12    3.49481    34.9487    34.9505    27.2046    1486.50    1489.25 0.0000e+00
       5358    206.000     8.1928   3.643531     8.1941   3.643809      69.31     1.4968     0.0468    71.0555 1.0000e-12    3.48052    34.9490    34.9507    27.2050    1486.52    1489.24 0.0000e+00
       5379    207.000     8.1929   3.643582     8.1942   3.643866      49.98     1.4953     0.0469    71.0332 1.0000e-12    3.50323    34.9490    34.9508    27.2050    1486.53    1489.23 0.0000e+00
       5400    208.000     8.1928   3.643632     8.1942   3.643920      97.05     1.4957     0.0446    71.0633 1.0000e-12    3.49776    34.9492    34.9508    27.2051    1486.55    1489.21 0.0000e+00
       5421    209.000     8.1926   3.643679     8.1939   3.643958      96.55     1.4943     0.0431    71.0490 1.0000e-12    3.46829    34.9494    34.9511    27.2053    1486.57    1489.20 0.0000e+00
       5443    210.000     8.1926   3.643735     8.1939   3.644005      28.09     1.4907     0.0442    71.0395 1.0000e-12    3.47118    34.9495    34.9511    27.2054    1486.58    1489.19 0.0000e+00
       5464    211.000     8.1926   3.643783     8.1939   3.644064      97.06     1.4916     0.0455    71.0321 1.0000e-12    3.48947    34.9495    34.9512    27.2054    1486.60    1489.18 0.0000e+00
       5485    212.000     8.1926   3.643830     8.1939   3.644115      96.54     1.4901     0.0441    70.9617 1.0000e-12    3.46254    34.9496    34.9513    27.2054    1486.62    1489.17 0.0000e+00
       5505    213.000     8.1928   3.643892     8.1940   3.644170      64.20     1.4877     0.0428    71.0358 1.0000e-12    3.44458    34.9495    34.9513    27.2054    1486.63    1489.15 0.0000e+00
       5526    214.000     8.1926   3.643934     8.1939   3.644223      68.12     1.4858     0.0427    71.0542 1.0000e-12    3.46475    34.9497    34.9515    27.2055    1486.65    1489.14 0.0000e+00
       5547    215.000     8.1922   3.643975     8.1935   3.644263      96.55     1.4856     0.0442    71.0420 1.0000e-12    3.46161    34.9501    34.9518    27.2059    1486.66    1489.13 0.0000e+00
       5568    216.000     8.1919   3.644019     8.1932   3.644301      96.43     1.4844     0.0428    71.0188 1.0000e-12    3.44154    34.9503    34.9521    27.2062    1486.68    1489.12 0.0000e+00
       5589    217.000     8.1923   3.644112     8.1935   3.644391      42.27     1.4814     0.0455    70.9890 1.0000e-12    3.44718    34.9505    34.9522    27.2062    1486.70    1489.11 0.0000e+00
       5610    218.000     8.1925   3.644178     8.1938   3.644451      96.68     1.4823     0.0472    71.0681 1.0000e-12    3.46279    34.9505    34.9521    27.2062    1486.71    1489.10 0.0000e+00
       5632    219.000     8.1929   3.644275     8.1943   3.644564      96.55     1.4814     0.0433    71.1259 1.0000e-12    3.44139    34.9506    34.9523    27.2062    1486.73    1489.09 0.0000e+00
       5653    220.000     8.1931   3.644342     8.1944   3.644633      59.54     1.4793     0.0435    71.1321 1.0000e-12    3.43961    34.9507    34.9525    27.2062    1486.75    1489.08 0.0000e+00
       5675    221.000     8.1930   3.644390     8.1943   3.644685      85.95     1.4800     0.0456    71.1374 1.0000e-12    3.46876    34.9508    34.9527    27.2064    1486.77    1489.06 0.0000e+00
       5696    222.000     8.1931   3.644451     8.1945   3.644733      96.69     1.4805     0.0441    71.1620 1.0000e-12    3.45997    34.9509    34.9525    27.2064    1486.78    1489.05 0.0000e+00
       5718    223.000     8.1929   3.644496     8.1943   3.644774      83.28     1.4802     0.0408    71.1632 1.0000e-12    3.44993    34.9511    34.9527    27.2066    1486.80    1489.04 0.0000e+00
       5739    224.000     8.1927   3.644538     8.1941   3.644822      67.95     1.4799     0.0397    71.1716 1.0000e-12    3.47440    34.9512    34.9529    27.2067    1486.82    1489.03 0.0000e+00
       5760    225.000     8.1926   3.644589     8.1938   3.644868      96.42     1.4818     0.0447    71.1773 1.0000e-12    3.47527    34.9514    34.9532    27.2069    1486.83    1489.02 0.0000e+00
       5782    226.000     8.1924   3.644632     8.1937   3.644921      96.55     1.4818     0.0448    71.2072 1.0000e-12    3.44945    34.9516    34.9534    27.2071    1486.85    1489.01 0.0000e+00
       5804    227.000     8.1923   3.644688     8.1936   3.644984      61.68     1.4795     0.0438    71.2162 1.0000e-12    3.44510    34.9518    34.9537    27.2072    1486.86    1489.01 0.0000e+00
       5825    228.000     8.1923   3.644746     8.1936   3.645031      96.18     1.4799     0.0454    71.2196 1.0000e-12    3.45258    34.9519    34.9537    27.2073    1486.88    1489.00 0.0000e+00
       5846    229.000     8.1922   3.644793     8.1935   3.645080      96.54     1.4786     0.0451    71.2259 1.0000e-12    3.42811    34.9521    34.9538    27.2075    1486.90    1488.99 0.0000e+00
       5867    230.000     8.1922   3.644850     8.1935   3.645139      76.35     1.4759     0.0444    71.1675 1.0000e-12    3.41590    34.9522    34.9540    27.2076    1486.91    1488.98 0.0000e+00
       5888    231.000     8.1923   3.644900     8.1936   3.645188      84.56     1.4750     0.0416    71.1964 1.0000e-12    3.43888    34.9521    34.9539    27.2075    1486.93    1488.97 0.0000e+00
       5909    232.000     8.1923   3.644955     8.1934   3.645220      96.56     1.4746     0.0401    71.2111 1.0000e-12    3.43050    34.9522    34.9540    27.2076    1486.95    1488.96 0.0000e+00
       5930    233.000     8.1917   3.644955     8.1931   3.645235      95.52     1.4735     0.0420    71.1766 1.0000e-12    3.41089    34.9524    34.9540    27.2078    1486.96    1488.95 0.0000e+00
       5951    234.000     8.1913   3.644958     8.1927   3.645252      69.10     1.4707     0.0445    71.1248 1.0000e-12    3.41941    34.9523    34.9541    27.2078    1486.98    1488.94 0.0000e+00
       5971    235.000     8.1909   3.644959     8.1922   3.645249      96.97     1.4718     0.0426    71.0670 1.0000e-12    3.43051    34.9522    34.9540    27.2078    1486.99    1488.93 0.0000e+00
       5992    236.000     8.1909   3.645020     8.1922   3.645293      96.55     1.4706     0.0422    71.0265 1.0000e-12    3.40399    34.9524    34.9540    27.2079    1487.01    1488.93 0.0000e+00
       6013    237.000     8.1908   3.645044     8.1920   3.645330      79.35     1.4678     0.0411    71.0242 1.0000e-12    3.38588    34.9523    34.9541    27.2079    1487.02    1488.92 0.0000e+00
       6035    238.000     8.1908   3.645090     8.1922   3.645394      92.14     1.4663     0.0419    70.9955 1.0000e-12    3.39657    34.9523    34.9542    27.2079    1487.04    1488.91 0.0000e+00
       6056    239.000     8.1910   3.645179     8.1923   3.645464      96.50     1.4646     0.0435    70.9855 1.0000e-12    3.38519    34.9526    34.9543    27.2080    1487.06    1488.90 0.0000e+00
       6078    240.000     8.1913   3.645274     8.1925   3.645552      91.98     1.4628     0.0449    70.9670 1.0000e-12    3.37441    34.9528    34.9546    27.2082    1487.08    1488.90 0.0000e+00
       6099    241.000     8.1912   3.645321     8.1925   3.645611      84.39     1.4607     0.0415    70.9580 1.0000e-12    3.38375    34.9529    34.9547    27.2083    1487.09    1488.89 0.0000e+00
       6120    242.000     8.1911   3.645371     8.1924   3.645646      96.70     1.4605     0.0410    70.9294 1.0000e-12    3.38633    34.9531    34.9547    27.2084    1487.11    1488.88 0.0000e+00
       6141    243.000     8.1911   3.645421     8.1924   3.645690      96.55     1.4595     0.0428    70.9334 1.0000e-12    3.37479    34.9531    34.9547    27.2085    1487.12    1488.87 0.0000e+00
