_data/ctd/2016/Sta0942_2016.cnv
* Sea-Bird SBE 9 Data File:
* FileName = C:\Seabird\CTDDATA\sta0942.hex
* Software Version Seasave V 7.21f
* Temperature SN = 5458
* Conductivity SN = 044221
* Number of Bytes Per Scan = 41
* Number of Voltage Words = 4
* Number of Scans Averaged by the Deck Unit = 1
* NMEA Latitude = 60 51.40 N
* NMEA Longitude = 004 47.26 E
* NMEA UTC (Time) = Sep 19 2016 23:16:30
** Ship: 01 F/F "Håkon Mosby"
** Station: 0942
** Echodepth: 395
** Log: 3279,1
** Wind-Dir Force: 01 05
** Air-temp (dry): 14
** Weather Sky: 2 9
** Sea Ice: 2 0
** UNIS station:
# nquan = 18                                
# nvalues = 414                         
# units = specified
# name 0 = scan: Scan Count
# name 1 = prDM: Pressure, Digiquartz [db]
# name 2 = t068C: Temperature [ITS-68, deg C]
# name 3 = c0S/m: Conductivity [S/m]
# name 4 = t168C: Temperature, 2 [ITS-68, deg C]
# name 5 = c1S/m: Conductivity, 2 [S/m]
# name 6 = altM: Altimeter [m]
# name 7 = sbeox0V: Oxygen raw, SBE 43 [V]
# name 8 = flC: Fluorescence, Chelsea Aqua 3 Chl Con [ug/l]
# name 9 = xmiss: Beam Transmission, Chelsea/Seatech [%]
# name 10 = par: PAR/Irradiance, Biospherical/Licor
# name 11 = sbeox0ML/L: Oxygen, SBE 43 [ml/l], WS = 2
# name 12 = sal00: Salinity, Practical [PSU]
# name 13 = sal11: Salinity, Practical, 2 [PSU]
# name 14 = sigma-t00: Density [sigma-t, Kg/m^3 ]
# name 15 = svCM: Sound Velocity [Chen-Millero, m/s]
# name 16 = avgsvCM: Average Sound Velocity [Chen-Millero, m/s], minP = 0, minS = 0
# name 17 = flag: flag
# span 0 =        153,      11126       
# span 1 =      2.000,    415.000       
# span 2 =     7.7193,    16.3006       
# span 3 =   3.606850,   3.974835       
# span 4 =     7.7220,    16.3025       
# span 5 =   3.606916,   3.975333       
# span 6 =      34.59,      97.34       
# span 7 =     1.9621,     2.3694       
# span 8 =     0.0282,     0.9758       
# span 9 =    64.0804,    71.9787       
# span 10 = -1.694e-05, 3.6243e-01      
# span 11 =    4.95875,    5.63904      
# span 12 =    29.6943,    35.1312      
# span 13 =    29.6960,    35.1330      
# span 14 =    21.6876,    27.4132      
# span 15 =    1484.33,    1506.34      
# span 16 =    1488.94,    1505.21      
# span 17 = 0.0000e+00, 0.0000e+00      
# interval = decibars: 1                
# start_time = Sep 19 2016 23:16:32 [System UTC, first data scan.]
# bad_flag = -9.990e-29
*END*
        153      2.000    15.9931   3.790146    15.9647   3.787333      96.55     2.3651     0.8645    64.9514 3.1981e-01    5.60277    29.7130    29.7098    21.6876    1503.69    1503.69 0.0000e+00
        459      3.000    15.9239   3.783262    15.9236   3.783315      96.55     2.3618     0.8751    64.1902 3.6243e-01    5.61101    29.7044    29.7051    21.6962    1503.48    1503.62 0.0000e+00
        504      4.000    15.9069   3.781021    15.9084   3.781316      96.55     2.3628     0.8701    64.0804 1.4387e-01    5.61876    29.6973    29.6987    21.6944    1503.44    1503.58 0.0000e+00
        537      5.000    15.9033   3.780410    15.9050   3.780754      96.55     2.3639     0.8699    64.6250 9.0003e-02    5.62808    29.6943    29.6960    21.6929    1503.44    1503.55 0.0000e+00
        565      6.000    15.9123   3.781604    15.9124   3.781715      95.69     2.3648     0.9002    64.5036 4.8994e-02    5.61699    29.6976    29.6985    21.6935    1503.49    1503.54 0.0000e+00
        593      7.000    15.9109   3.781510    15.9127   3.781830      94.56     2.3640     0.9233    64.5961 2.0575e-02    5.62689    29.6975    29.6989    21.6937    1503.50    1503.53 0.0000e+00
        624      8.000    15.9184   3.782744    15.9216   3.783166      96.31     2.3670     0.9540    64.5701 4.6522e-03    5.63904    29.7023    29.7036    21.6958    1503.55    1503.54 0.0000e+00
        658      9.000    15.9845   3.794999    15.9864   3.793907      96.55     2.3668     0.9666    64.5799 -1.694e-05    5.61511    29.7594    29.7484    21.7251    1503.84    1503.57 0.0000e+00
        690     10.000    16.0450   3.813851    16.0462   3.812971      96.55     2.3677     0.9758    64.6597 1.0000e-12    5.62547    29.8779    29.8694    21.8028    1504.18    1503.63 0.0000e+00
        718     11.000    16.0329   3.857180    16.0377   3.855524      96.55     2.3694     0.9036    65.1593 1.0000e-12    5.59743    30.2646    30.2465    22.1022    1504.60    1503.72 0.0000e+00
        744     12.000    16.0394   3.875644    16.0426   3.875594      96.55     2.3655     0.7094    66.1729 1.0000e-12    5.53180    30.4205    30.4176    22.2204    1504.82    1503.81 0.0000e+00
        767     13.000    16.1171   3.912178    16.1210   3.907433      96.55     2.3523     0.6000    66.8334 1.0000e-12    5.42902    30.6795    30.6351    22.4020    1505.38    1503.93 0.0000e+00
        792     14.000    16.2228   3.943760    16.2244   3.943366      96.55     2.3374     0.5210    67.4230 1.0000e-12    5.39797    30.8729    30.8683    22.5269    1505.94    1504.07 0.0000e+00
        815     15.000    16.2661   3.952898    16.2685   3.952277      96.55     2.3297     0.4709    67.8950 1.0000e-12    5.39223    30.9187    30.9114    22.5523    1506.15    1504.21 0.0000e+00
        838     16.000    16.3006   3.963275    16.3025   3.962933      96.55     2.3238     0.4504    67.9770 1.0000e-12    5.38566    30.9819    30.9774    22.5931    1506.34    1504.35 0.0000e+00
        859     17.000    16.1992   3.958011    16.1981   3.958374      96.55     2.3203     0.4313    68.2784 1.0000e-12    5.38983    31.0145    31.0185    22.6408    1506.08    1504.45 0.0000e+00
        878     18.000    16.1827   3.961563    16.1840   3.961766      96.55     2.3166     0.4015    68.6324 1.0000e-12    5.38454    31.0580    31.0588    22.6779    1506.10    1504.54 0.0000e+00
        899     19.000    16.1582   3.960802    16.1593   3.961370      96.56     2.3142     0.3732    68.7704 1.0000e-12    5.38412    31.0701    31.0743    22.6927    1506.05    1504.62 0.0000e+00
        922     20.000    16.1218   3.959140    16.1230   3.959390      96.55     2.3110     0.3528    69.0743 1.0000e-12    5.36135    31.0837    31.0849    22.7112    1505.97    1504.69 0.0000e+00
        946     21.000    16.1200   3.959482    16.1212   3.959696      96.55     2.3034     0.3314    69.2171 1.0000e-12    5.32650    31.0877    31.0887    22.7147    1505.99    1504.75 0.0000e+00
        969     22.000    16.1172   3.960048    16.1184   3.960212      96.55     2.2968     0.3206    69.3104 1.0000e-12    5.31573    31.0945    31.0950    22.7206    1506.00    1504.81 0.0000e+00
        990     23.000    16.1147   3.960735    16.1166   3.960896      96.55     2.2918     0.3148    69.2050 1.0000e-12    5.31908    31.1021    31.1020    22.7269    1506.02    1504.86 0.0000e+00
       1011     24.000    16.1373   3.964518    16.1387   3.964153      96.55     2.2906     0.3136    69.3624 1.0000e-12    5.33604    31.1172    31.1129    22.7335    1506.12    1504.91 0.0000e+00
       1031     25.000    16.1578   3.970402    16.1589   3.970073      96.55     2.2913     0.3186    69.3871 1.0000e-12    5.34094    31.1522    31.1485    22.7558    1506.25    1504.96 0.0000e+00
       1053     26.000    16.1463   3.972465    16.1487   3.973125      96.55     2.2913     0.3118    69.4437 1.0000e-12    5.33460    31.1789    31.1828    22.7788    1506.26    1505.01 0.0000e+00
       1076     27.000    16.1072   3.973865    16.1067   3.973536      96.55     2.2906     0.2989    69.5256 1.0000e-12    5.33318    31.2215    31.2190    22.8202    1506.20    1505.06 0.0000e+00
       1097     28.000    16.0759   3.974835    16.0763   3.975333      96.55     2.2893     0.2862    69.6336 1.0000e-12    5.32145    31.2542    31.2582    22.8523    1506.16    1505.10 0.0000e+00
       1118     29.000    16.0442   3.972443    16.0439   3.972629      96.55     2.2864     0.2797    69.6715 1.0000e-12    5.30464    31.2578    31.2597    22.8622    1506.08    1505.13 0.0000e+00
       1139     30.000    16.0100   3.969155    16.0111   3.969967      96.55     2.2819     0.2762    69.6899 1.0000e-12    5.29008    31.2555    31.2618    22.8680    1505.99    1505.16 0.0000e+00
       1161     31.000    15.9515   3.964700    15.9497   3.965147      96.55     2.2770     0.2735    69.7677 1.0000e-12    5.27982    31.2621    31.2675    22.8861    1505.83    1505.18 0.0000e+00
       1184     32.000    15.8826   3.960816    15.8829   3.961306      96.55     2.2726     0.2666    69.8657 1.0000e-12    5.28365    31.2819    31.2860    22.9166    1505.65    1505.20 0.0000e+00
       1207     33.000    15.7569   3.957234    15.7569   3.957624      96.55     2.2689     0.2499    69.9240 1.0000e-12    5.27144    31.3494    31.3529    22.9962    1505.36    1505.20 0.0000e+00
       1230     34.000    15.7328   3.958815    15.7341   3.958878      96.55     2.2622     0.2327    70.0038 1.0000e-12    5.23761    31.3821    31.3817    23.0266    1505.33    1505.20 0.0000e+00
       1251     35.000    15.6961   3.960267    15.6968   3.960489      96.55     2.2547     0.2225    70.1004 1.0000e-12    5.23029    31.4238    31.4252    23.0667    1505.28    1505.21 0.0000e+00
       1271     36.000    15.6969   3.962439    15.6978   3.962380      96.55     2.2517     0.2155    70.1557 1.0000e-12    5.24022    31.4420    31.4407    23.0805    1505.32    1505.21 0.0000e+00
       1293     37.000    15.6331   3.960198    15.6340   3.960537      67.62     2.2482     0.2092    70.1777 1.0000e-12    5.22331    31.4726    31.4749    23.1180    1505.18    1505.21 0.0000e+00
       1315     38.000    15.6534   3.971017    15.6647   3.972147      59.54     2.2429     0.2032    70.2158 1.0000e-12    5.21740    31.5518    31.5528    23.1744    1505.35    1505.21 0.0000e+00
       1337     39.000    15.4929   3.965455    15.4954   3.966362      96.49     2.2419     0.1910    70.3081 1.0000e-12    5.22705    31.6306    31.6367    23.2702    1504.95    1505.21 0.0000e+00
       1359     40.000    15.2243   3.944808    15.2195   3.947139      89.45     2.2359     0.1723    70.4116 1.0000e-12    5.19594    31.6624    31.6871    23.3529    1504.15    1505.18 0.0000e+00
       1381     41.000    15.0150   3.927678    15.0155   3.928581      41.34     2.2260     0.1512    70.5544 1.0000e-12    5.17615    31.6777    31.6854    23.4096    1503.52    1505.14 0.0000e+00
       1403     42.000    14.9785   3.924443    14.9820   3.924970      97.01     2.2169     0.1324    70.7040 1.0000e-12    5.14613    31.6778    31.6797    23.4175    1503.42    1505.10 0.0000e+00
       1425     43.000    14.8919   3.920648    14.8932   3.921801      96.55     2.2051     0.1193    70.8012 1.0000e-12    5.11052    31.7136    31.7229    23.4635    1503.20    1505.05 0.0000e+00
       1449     44.000    14.7807   3.918661    14.7785   3.919025      50.04     2.1931     0.1105    70.9127 1.0000e-12    5.10086    31.7858    31.7909    23.5427    1502.95    1505.01 0.0000e+00
       1473     45.000    14.6047   3.914933    14.6054   3.915631      96.54     2.1853     0.1078    70.9078 1.0000e-12    5.11167    31.8956    31.9014    23.6645    1502.53    1504.95 0.0000e+00
       1497     46.000    14.4475   3.910664    14.4492   3.911143      96.55     2.1775     0.1003    70.9700 1.0000e-12    5.09571    31.9858    31.9888    23.7670    1502.14    1504.89 0.0000e+00
       1519     47.000    14.3862   3.909672    14.3877   3.909980      48.32     2.1698     0.0944    71.0395 1.0000e-12    5.09009    32.0270    32.0286    23.8115    1502.01    1504.83 0.0000e+00
       1539     48.000    14.1603   3.904655    14.1680   3.904810      96.23     2.1662     0.0913    70.9207 1.0000e-12    5.09972    32.1683    32.1633    23.9674    1501.46    1504.76 0.0000e+00
       1558     49.000    14.2767   3.939047    14.2877   3.937167      96.54     2.1594     0.0909    71.0962 1.0000e-12    5.05477    32.3860    32.3596    24.1113    1502.11    1504.70 0.0000e+00
       1579     50.000    14.0682   3.936734    14.0666   3.938825      85.63     2.1546     0.0993    71.0248 1.0000e-12    5.06654    32.5398    32.5604    24.2731    1501.62    1504.64 0.0000e+00
       1601     51.000    14.0810   3.957421    14.0885   3.957487      68.47     2.1485     0.0964    71.0147 1.0000e-12    5.02854    32.7192    32.7134    24.4090    1501.89    1504.59 0.0000e+00
       1625     52.000    13.7290   3.926944    13.7269   3.925903      96.89     2.1400     0.0934    71.0431 1.0000e-12    4.99830    32.7365    32.7286    24.4946    1500.78    1504.51 0.0000e+00
       1648     53.000    13.6410   3.931628    13.6377   3.933103      90.80     2.1248     0.0910    71.1327 1.0000e-12    4.95875    32.8550    32.8716    24.6041    1500.64    1504.44 0.0000e+00
       1672     54.000    13.4693   3.922096    13.4659   3.922977      71.34     2.1169     0.0863    71.0538 1.0000e-12    4.99622    32.9134    32.9245    24.6839    1500.16    1504.36 0.0000e+00
       1697     55.000    13.1336   3.903424    13.1277   3.905547      97.08     2.1103     0.0832    71.2388 1.0000e-12    4.98647    33.0283    33.0535    24.8399    1499.20    1504.27 0.0000e+00
       1720     56.000    12.7475   3.881093    12.7491   3.882709      94.12     2.0995     0.0751    71.2333 1.0000e-12    4.96744    33.1538    33.1678    25.0130    1498.07    1504.16 0.0000e+00
       1742     57.000    12.4088   3.861794    12.4101   3.864318      72.58     2.0902     0.0726    71.2666 1.0000e-12    5.00890    33.2677    33.2908    25.1668    1497.08    1504.03 0.0000e+00
       1762     58.000    11.9622   3.833053    11.9599   3.835938      96.74     2.0866     0.0660    71.2769 1.0000e-12    5.03337    33.3877    33.4178    25.3447    1495.72    1503.89 0.0000e+00
       1782     59.000    11.7215   3.816749    11.7197   3.817573      96.55     2.0776     0.0636    71.3644 1.0000e-12    4.99129    33.4448    33.4544    25.4339    1494.97    1503.74 0.0000e+00
       1802     60.000    11.6504   3.811245    11.6518   3.812091      83.23     2.0676     0.0583    71.4425 1.0000e-12    4.98695    33.4546    33.4616    25.4547    1494.75    1503.59 0.0000e+00
       1824     61.000    11.4330   3.794705    11.4358   3.796724      90.74     2.0615     0.0567    71.5388 1.0000e-12    5.01201    33.4885    33.5058    25.5209    1494.06    1503.43 0.0000e+00
       1849     62.000    11.3084   3.786196    11.3108   3.786717      96.52     2.0528     0.0597    71.4258 1.0000e-12    4.99056    33.5173    33.5203    25.5660    1493.68    1503.27 0.0000e+00
       1875     63.000    11.2289   3.781493    11.2297   3.782683      86.06     2.0462     0.0591    71.6161 1.0000e-12    5.00756    33.5428    33.5538    25.6002    1493.45    1503.11 0.0000e+00
       1900     64.000    10.9976   3.769267    10.9973   3.769799      94.89     2.0429     0.0566    71.6354 1.0000e-12    5.02168    33.6324    33.6380    25.7115    1492.76    1502.95 0.0000e+00
       1922     65.000    10.7657   3.756647    10.7670   3.758961      96.55     2.0377     0.0560    71.6663 1.0000e-12    5.01579    33.7193    33.7412    25.8203    1492.06    1502.78 0.0000e+00
       1943     66.000    10.4646   3.738551    10.4659   3.739422      92.79     2.0327     0.0528    71.6310 1.0000e-12    5.01586    33.8158    33.8234    25.9482    1491.13    1502.60 0.0000e+00
       1963     67.000    10.4596   3.742716    10.4611   3.742593      91.11     2.0264     0.0522    71.6913 1.0000e-12    5.02457    33.8620    33.8594    25.9851    1491.18    1502.43 0.0000e+00
       1984     68.000    10.4189   3.742510    10.4204   3.742934      96.45     2.0261     0.0536    71.7067 1.0000e-12    5.06549    33.8974    33.9003    26.0197    1491.10    1502.26 0.0000e+00
       2005     69.000    10.3444   3.739063    10.3456   3.739384      96.55     2.0259     0.0509    71.7474 1.0000e-12    5.06352    33.9316    33.9338    26.0593    1490.89    1502.10 0.0000e+00
       2027     70.000    10.2965   3.736465    10.2983   3.736878      95.84     2.0244     0.0496    71.7844 1.0000e-12    5.05511    33.9497    33.9522    26.0816    1490.76    1501.93 0.0000e+00
       2049     71.000    10.2776   3.735866    10.2785   3.736112      96.29     2.0220     0.0506    71.7640 1.0000e-12    5.03790    33.9608    33.9625    26.0936    1490.72    1501.78 0.0000e+00
       2071     72.000    10.1132   3.724903    10.1182   3.726548      96.55     2.0188     0.0503    71.8070 1.0000e-12    5.03561    34.0033    34.0153    26.1549    1490.20    1501.61 0.0000e+00
       2093     73.000     9.9692   3.715419     9.9724   3.716101      96.55     2.0145     0.0519    71.7945 1.0000e-12    5.02596    34.0417    34.0457    26.2093    1489.75    1501.45 0.0000e+00
       2115     74.000     9.8402   3.707021     9.8445   3.708650      96.55     2.0101     0.0568    71.8216 1.0000e-12    5.04230    34.0772    34.0898    26.2587    1489.34    1501.29 0.0000e+00
       2137     75.000     9.7112   3.698715     9.7117   3.699182      96.55     2.0081     0.0530    71.8414 1.0000e-12    5.06643    34.1138    34.1181    26.3088    1488.93    1501.12 0.0000e+00
       2160     76.000     9.6293   3.693682     9.6312   3.694351      96.55     2.0067     0.0538    71.8406 1.0000e-12    5.07607    34.1393    34.1444    26.3424    1488.69    1500.95 0.0000e+00
       2185     77.000     9.5339   3.688099     9.5357   3.688524      96.55     2.0054     0.0512    71.8569 1.0000e-12    5.08601    34.1721    34.1748    26.3838    1488.40    1500.79 0.0000e+00
       2208     78.000     9.3913   3.678535     9.3937   3.679829      96.55     2.0049     0.0499    71.8607 1.0000e-12    5.10114    34.2089    34.2200    26.4359    1487.94    1500.62 0.0000e+00
       2231     79.000     9.3374   3.676725     9.3386   3.676334      96.55     2.0032     0.0497    71.8722 1.0000e-12    5.08955    34.2413    34.2361    26.4700    1487.80    1500.46 0.0000e+00
       2252     80.000     9.3320   3.679515     9.3320   3.679739      96.55     2.0019     0.0523    71.9014 1.0000e-12    5.10489    34.2749    34.2772    26.4972    1487.83    1500.30 0.0000e+00
       2274     81.000     9.2140   3.673872     9.2167   3.674494      96.55     2.0025     0.0487    71.8970 1.0000e-12    5.12016    34.3292    34.3330    26.5588    1487.49    1500.14 0.0000e+00
