_data/ctd/2016/Sta0956_2016.cnv
* Sea-Bird SBE 9 Data File:
* FileName = C:\Seabird\CTDDATA\sta0956.hex
* Software Version Seasave V 7.21f
* Temperature SN = 5458
* Conductivity SN = 044221
* Number of Bytes Per Scan = 41
* Number of Voltage Words = 4
* Number of Scans Averaged by the Deck Unit = 1
* NMEA Latitude = 61 21.26 N
* NMEA Longitude = 007 22.32 E
* NMEA UTC (Time) = Sep 27 2016 00:42:59
** Ship: 01 F/F "Håkon Mosby"
** Station: 0956
** Echodepth: 373
** Log: 3789.8
** Wind-Dir Force: 34 01
** Air-temp (dry): 9,9
** Weather Sky: 2 9
** Sea Ice: 1 0
** UNIS station:
# nquan = 18                                
# nvalues = 358                         
# units = specified
# name 0 = scan: Scan Count
# name 1 = prDM: Pressure, Digiquartz [db]
# name 2 = t068C: Temperature [ITS-68, deg C]
# name 3 = c0S/m: Conductivity [S/m]
# name 4 = t168C: Temperature, 2 [ITS-68, deg C]
# name 5 = c1S/m: Conductivity, 2 [S/m]
# name 6 = altM: Altimeter [m]
# name 7 = sbeox0V: Oxygen raw, SBE 43 [V]
# name 8 = flC: Fluorescence, Chelsea Aqua 3 Chl Con [ug/l]
# name 9 = xmiss: Beam Transmission, Chelsea/Seatech [%]
# name 10 = par: PAR/Irradiance, Biospherical/Licor
# name 11 = sbeox0ML/L: Oxygen, SBE 43 [ml/l], WS = 2
# name 12 = sal00: Salinity, Practical [PSU]
# name 13 = sal11: Salinity, Practical, 2 [PSU]
# name 14 = sigma-t00: Density [sigma-t, Kg/m^3 ]
# name 15 = svCM: Sound Velocity [Chen-Millero, m/s]
# name 16 = avgsvCM: Average Sound Velocity [Chen-Millero, m/s], minP = 0, minS = 0
# name 17 = flag: flag
# span 0 =        420,       9055       
# span 1 =      3.000,    360.000       
# span 2 =     7.5598,    14.3338       
# span 3 =   1.825538,   3.686458       
# span 4 =     7.5612,    14.3356       
# span 5 =   1.814028,   3.685336       
# span 6 =      21.81,     102.65       
# span 7 =     1.4749,     2.6658       
# span 8 =     0.0287,     0.4561       
# span 9 =    41.0992,    71.9278       
# span 10 = 1.0000e-12, 2.5961e-01      
# span 11 =    3.42279,    7.61656      
# span 12 =    14.5532,    34.9999      
# span 13 =    14.4520,    35.0011      
# span 14 =    10.6830,    27.3392      
# span 15 =    1474.49,    1498.86      
# span 16 =    1474.49,    1494.07      
# span 17 = 0.0000e+00, 0.0000e+00      
# interval = decibars: 1                
# start_time = Sep 27 2016 00:43:01 [System UTC, first data scan.]
# bad_flag = -9.990e-29
*END*
[from data line 81]
       2417     84.000     9.2585   3.600764     9.2600   3.600711      83.81     1.9236     0.0538    71.7695 1.0000e-12    4.29329    33.5266    33.5246    25.9237    1486.71    1492.17 0.0000e+00
       2441     85.000     9.2469   3.604931     9.2479   3.604785      96.60     1.8704     0.0529    71.7964 1.0000e-12    4.08044    33.5802    33.5777    25.9675    1486.75    1492.11 0.0000e+00
       2464     86.000     9.2349   3.609374     9.2364   3.609228      96.56     1.8169     0.0524    71.8256 1.0000e-12    3.94504    33.6371    33.6342    26.0139    1486.80    1492.05 0.0000e+00
       2487     87.000     9.2267   3.612396     9.2280   3.612055      96.56     1.7716     0.0528    71.8542 1.0000e-12    3.88045    33.6757    33.6709    26.0454    1486.83    1491.99 0.0000e+00
       2511     88.000     9.2040   3.618815     9.2045   3.618664      96.56     1.7337     0.0526    71.7833 1.0000e-12    3.81756    33.7633    33.7612    26.1176    1486.87    1491.93 0.0000e+00
       2534     89.000     9.1757   3.624289     9.1771   3.624023      96.56     1.7006     0.0529    71.8164 1.0000e-12    3.74574    33.8465    33.8424    26.1872    1486.88    1491.87 0.0000e+00
       2557     90.000     9.1612   3.627592     9.1630   3.627541      96.56     1.6701     0.0500    71.8315 1.0000e-12    3.65214    33.8941    33.8919    26.2268    1486.91    1491.82 0.0000e+00
       2580     91.000     9.1180   3.630567     9.1198   3.630451      78.09     1.6388     0.0484    71.8086 1.0000e-12    3.54155    33.9657    33.9628    26.2898    1486.85    1491.76 0.0000e+00
       2604     92.000     9.0833   3.632106     9.0842   3.632179      74.02     1.6088     0.0491    71.8038 1.0000e-12    3.48017    34.0144    34.0143    26.3334    1486.80    1491.71 0.0000e+00
       2627     93.000     9.0605   3.633275     9.0609   3.633303      96.55     1.5826     0.0498    71.8632 1.0000e-12    3.43610    34.0479    34.0478    26.3633    1486.77    1491.65 0.0000e+00
       2651     94.000     9.0417   3.634623     9.0431   3.634672      96.56     1.5617     0.0486    71.8395 1.0000e-12    3.42279    34.0795    34.0787    26.3910    1486.76    1491.60 0.0000e+00
       2674     95.000     9.0312   3.635328     9.0329   3.635452      96.56     1.5456     0.0466    71.8793 1.0000e-12    3.42869    34.0965    34.0961    26.4060    1486.76    1491.55 0.0000e+00
       2697     96.000     9.0003   3.635132     9.0022   3.635400      96.56     1.5351     0.0470    71.8909 1.0000e-12    3.44386    34.1236    34.1246    26.4321    1486.69    1491.50 0.0000e+00
       2720     97.000     8.9481   3.633720     8.9491   3.633734      96.56     1.5278     0.0481    71.9278 1.0000e-12    3.45123    34.1585    34.1577    26.4677    1486.56    1491.45 0.0000e+00
       2744     98.000     8.9167   3.634918     8.9185   3.635134      78.26     1.5221     0.0466    71.9050 1.0000e-12    3.45225    34.2008    34.2013    26.5058    1486.51    1491.40 0.0000e+00
       2767     99.000     8.8548   3.634286     8.8564   3.634375      90.88     1.5189     0.0468    71.8834 1.0000e-12    3.46903    34.2533    34.2527    26.5568    1486.36    1491.35 0.0000e+00
       2790    100.000     8.8022   3.632565     8.8039   3.633067      96.60     1.5166     0.0448    71.8810 1.0000e-12    3.49348    34.2856    34.2893    26.5904    1486.23    1491.30 0.0000e+00
       2813    101.000     8.7579   3.630574     8.7595   3.630882      96.56     1.5184     0.0462    71.8924 1.0000e-12    3.54855    34.3071    34.3088    26.6141    1486.11    1491.24 0.0000e+00
       2837    102.000     8.7028   3.628713     8.7046   3.628935      96.56     1.5237     0.0437    71.8638 1.0000e-12    3.59034    34.3404    34.3410    26.6489    1485.96    1491.19 0.0000e+00
       2861    103.000     8.6883   3.628600     8.6896   3.628818      96.04     1.5285     0.0397    71.8859 1.0000e-12    3.58285    34.3529    34.3539    26.6609    1485.94    1491.14 0.0000e+00
       2884    104.000     8.6598   3.627603     8.6613   3.627836      37.61     1.5303     0.0417    71.8805 1.0000e-12    3.59915    34.3695    34.3705    26.6784    1485.87    1491.09 0.0000e+00
       2908    105.000     8.6386   3.626864     8.6401   3.627071      96.05     1.5359     0.0453    71.8741 1.0000e-12    3.63124    34.3819    34.3826    26.6914    1485.82    1491.04 0.0000e+00
       2932    106.000     8.6147   3.625822     8.6163   3.626157      96.56     1.5395     0.0425    71.8553 1.0000e-12    3.62983    34.3937    34.3956    26.7044    1485.76    1490.99 0.0000e+00
       2955    107.000     8.5603   3.623232     8.5618   3.623489      96.38     1.5423     0.0423    71.8630 1.0000e-12    3.63041    34.4188    34.4200    26.7325    1485.61    1490.94 0.0000e+00
       2979    108.000     8.5241   3.622750     8.5274   3.623271      71.69     1.5432     0.0408    71.8795 1.0000e-12    3.61756    34.4485    34.4508    26.7614    1485.53    1490.89 0.0000e+00
       3002    109.000     8.4589   3.619102     8.4605   3.619413      68.02     1.5440     0.0411    71.8061 1.0000e-12    3.63783    34.4731    34.4748    26.7907    1485.33    1490.84 0.0000e+00
       3025    110.000     8.4436   3.618281     8.4450   3.618522      96.61     1.5454     0.0385    71.7833 1.0000e-12    3.64069    34.4789    34.4801    26.7976    1485.30    1490.79 0.0000e+00
       3048    111.000     8.4291   3.617965     8.4306   3.618036      96.56     1.5465     0.0387    71.7819 1.0000e-12    3.64784    34.4892    34.4885    26.8080    1485.27    1490.74 0.0000e+00
       3071    112.000     8.4373   3.620513     8.4387   3.620449      96.56     1.5478     0.0355    71.7796 1.0000e-12    3.64449    34.5078    34.5057    26.8213    1485.34    1490.69 0.0000e+00
       3095    113.000     8.4113   3.620635     8.4126   3.620932      96.56     1.5479     0.0369    71.7098 1.0000e-12    3.64676    34.5340    34.5359    26.8459    1485.29    1490.64 0.0000e+00
       3118    114.000     8.3773   3.619002     8.3784   3.619452      96.56     1.5494     0.0389    71.7030 1.0000e-12    3.68309    34.5496    34.5533    26.8633    1485.20    1490.59 0.0000e+00
       3142    115.000     8.3150   3.614740     8.3159   3.615051      96.49     1.5538     0.0391    71.6591 1.0000e-12    3.72173    34.5649    34.5674    26.8849    1485.00    1490.54 0.0000e+00
       3165    116.000     8.2888   3.612991     8.2898   3.613271      75.22     1.5577     0.0403    71.6057 1.0000e-12    3.71429    34.5716    34.5736    26.8941    1484.93    1490.50 0.0000e+00
       3188    117.000     8.2639   3.612251     8.2652   3.612364      67.01     1.5594     0.0386    71.5988 1.0000e-12    3.71061    34.5877    34.5876    26.9105    1484.87    1490.45 0.0000e+00
       3212    118.000     8.2506   3.611929     8.2516   3.612235      96.10     1.5597     0.0395    71.6869 1.0000e-12    3.67893    34.5969    34.5992    26.9198    1484.85    1490.40 0.0000e+00
       3235    119.000     8.2225   3.610308     8.2238   3.610478      96.56     1.5573     0.0384    71.6540 1.0000e-12    3.65909    34.6068    34.6073    26.9318    1484.77    1490.35 0.0000e+00
       3258    120.000     8.2114   3.610451     8.2128   3.610633      96.56     1.5550     0.0358    71.6456 1.0000e-12    3.65837    34.6188    34.6193    26.9429    1484.76    1490.31 0.0000e+00
       3281    121.000     8.1786   3.609324     8.1798   3.609613      96.56     1.5533     0.0361    71.6039 1.0000e-12    3.65701    34.6386    34.6405    26.9634    1484.68    1490.26 0.0000e+00
       3304    122.000     8.1590   3.608838     8.1604   3.609056      96.56     1.5515     0.0355    71.5934 1.0000e-12    3.65610    34.6523    34.6532    26.9771    1484.64    1490.21 0.0000e+00
       3328    123.000     8.1410   3.608005     8.1424   3.608195      68.03     1.5497     0.0356    71.5747 1.0000e-12    3.65918    34.6607    34.6613    26.9864    1484.60    1490.17 0.0000e+00
       3351    124.000     8.1311   3.607794     8.1323   3.607972      82.74     1.5507     0.0370    71.5342 1.0000e-12    3.69124    34.6677    34.6684    26.9935    1484.59    1490.12 0.0000e+00
       3374    125.000     8.1178   3.607512     8.1191   3.607709      96.48     1.5513     0.0383    71.4266 1.0000e-12    3.67883    34.6774    34.6782    27.0031    1484.57    1490.08 0.0000e+00
       3398    126.000     8.1005   3.607096     8.1018   3.607289      96.56     1.5511     0.0393    71.2820 1.0000e-12    3.68321    34.6895    34.6903    27.0152    1484.53    1490.03 0.0000e+00
       3421    127.000     8.0877   3.606726     8.0890   3.606910      96.56     1.5516     0.0395    71.2117 1.0000e-12    3.68890    34.6978    34.6985    27.0236    1484.51    1489.99 0.0000e+00
       3445    128.000     8.0783   3.606508     8.0795   3.606681      96.56     1.5524     0.0367    71.1452 1.0000e-12    3.69910    34.7043    34.7049    27.0301    1484.50    1489.95 0.0000e+00
       3468    129.000     8.0595   3.606119     8.0611   3.606345      96.56     1.5535     0.0392    71.1592 1.0000e-12    3.69978    34.7182    34.7191    27.0439    1484.46    1489.90 0.0000e+00
       3492    130.000     8.0321   3.605047     8.0334   3.605274      77.65     1.5531     0.0401    71.2546 1.0000e-12    3.69473    34.7334    34.7346    27.0600    1484.39    1489.86 0.0000e+00
       3515    131.000     8.0238   3.604854     8.0251   3.605021      46.53     1.5540     0.0368    71.3112 1.0000e-12    3.71163    34.7391    34.7396    27.0657    1484.39    1489.82 0.0000e+00
       3539    132.000     8.0109   3.604685     8.0122   3.604870      78.04     1.5561     0.0353    71.3557 1.0000e-12    3.73666    34.7496    34.7503    27.0758    1484.37    1489.78 0.0000e+00
       3562    133.000     7.9963   3.604358     7.9975   3.604552      96.48     1.5577     0.0353    71.3999 1.0000e-12    3.72316    34.7601    34.7610    27.0863    1484.34    1489.74 0.0000e+00
       3586    134.000     7.9846   3.604196     7.9857   3.604369      96.56     1.5582     0.0351    71.4101 1.0000e-12    3.72729    34.7695    34.7703    27.0954    1484.33    1489.70 0.0000e+00
       3609    135.000     7.9789   3.604220     7.9802   3.604388      96.56     1.5591     0.0357    71.4400 1.0000e-12    3.73369    34.7749    34.7754    27.1005    1484.33    1489.66 0.0000e+00
       3633    136.000     7.9717   3.604107     7.9730   3.604285      96.56     1.5605     0.0332    71.4552 1.0000e-12    3.74880    34.7804    34.7810    27.1059    1484.32    1489.62 0.0000e+00
       3657    137.000     7.9574   3.603950     7.9587   3.604143      96.56     1.5626     0.0362    71.4279 1.0000e-12    3.75500    34.7924    34.7932    27.1175    1484.30    1489.58 0.0000e+00
       3681    138.000     7.9476   3.603739     7.9490   3.603880      52.69     1.5634     0.0344    71.4195 1.0000e-12    3.76534    34.7994    34.7996    27.1245    1484.29    1489.54 0.0000e+00
       3704    139.000     7.9458   3.604358     7.9470   3.604509      96.35     1.5670     0.0346    71.4120 1.0000e-12    3.78437    34.8074    34.8078    27.1310    1484.31    1489.50 0.0000e+00
       3728    140.000     7.9416   3.604332     7.9429   3.604495      96.56     1.5683     0.0360    71.4056 1.0000e-12    3.78439    34.8108    34.8113    27.1343    1484.31    1489.47 0.0000e+00
       3752    141.000     7.9382   3.604305     7.9396   3.604479      96.56     1.5716     0.0378    71.4227 1.0000e-12    3.82580    34.8134    34.8139    27.1369    1484.32    1489.43 0.0000e+00
       3776    142.000     7.9331   3.604200     7.9345   3.604393      96.56     1.5771     0.0384    71.4056 1.0000e-12    3.85798    34.8169    34.8176    27.1403    1484.32    1489.39 0.0000e+00
       3801    143.000     7.9271   3.604098     7.9284   3.604271      96.56     1.5825     0.0368    71.3860 1.0000e-12    3.87285    34.8213    34.8218    27.1447    1484.32    1489.36 0.0000e+00
       3824    144.000     7.9164   3.603771     7.9177   3.603986      94.32     1.5867     0.0327    71.3893 1.0000e-12    3.86285    34.8279    34.8289    27.1515    1484.30    1489.32 0.0000e+00
       3848    145.000     7.9104   3.603546     7.9117   3.603733      84.96     1.5887     0.0321    71.3774 1.0000e-12    3.85476    34.8310    34.8317    27.1548    1484.30    1489.29 0.0000e+00
       3872    146.000     7.9054   3.603414     7.9069   3.603593      28.42     1.5896     0.0344    71.3627 1.0000e-12    3.86042    34.8341    34.8345    27.1580    1484.30    1489.25 0.0000e+00
       3896    147.000     7.9044   3.603491     7.9058   3.603671      97.04     1.5915     0.0364    71.3514 1.0000e-12    3.84499    34.8354    34.8359    27.1592    1484.32    1489.22 0.0000e+00
       3919    148.000     7.8984   3.603375     7.8995   3.603563      96.56     1.5899     0.0390    71.3440 1.0000e-12    3.82000    34.8396    34.8406    27.1634    1484.32    1489.19 0.0000e+00
       3943    149.000     7.8843   3.602803     7.8855   3.602993      96.56     1.5878     0.0398    71.3291 1.0000e-12    3.81886    34.8471    34.8479    27.1713    1484.29    1489.15 0.0000e+00
       3967    150.000     7.8822   3.602776     7.8836   3.602937      96.56     1.5870     0.0377    71.3267 1.0000e-12    3.82234    34.8484    34.8487    27.1727    1484.30    1489.12 0.0000e+00
       3991    151.000     7.8815   3.602998     7.8829   3.603152      90.90     1.5855     0.0371    71.3223 1.0000e-12    3.79909    34.8510    34.8512    27.1748    1484.32    1489.09 0.0000e+00
       4015    152.000     7.8793   3.603076     7.8806   3.603250      66.84     1.5820     0.0369    71.3465 1.0000e-12    3.78396    34.8535    34.8541    27.1771    1484.33    1489.06 0.0000e+00
       4039    153.000     7.8728   3.602955     7.8743   3.603158      62.63     1.5812     0.0361    71.3318 1.0000e-12    3.83680    34.8582    34.8589    27.1818    1484.33    1489.03 0.0000e+00
       4063    154.000     7.8675   3.602846     7.8688   3.603030      88.31     1.5841     0.0345    71.3328 1.0000e-12    3.85541    34.8619    34.8625    27.1854    1484.33    1489.00 0.0000e+00
       4087    155.000     7.8603   3.602645     7.8616   3.602838      60.70     1.5871     0.0364    71.3502 1.0000e-12    3.89636    34.8664    34.8672    27.1901    1484.32    1488.97 0.0000e+00
       4111    156.000     7.8556   3.602449     7.8569   3.602655      96.06     1.5922     0.0390    71.3334 1.0000e-12    3.90637    34.8685    34.8694    27.1924    1484.32    1488.94 0.0000e+00
       4135    157.000     7.8502   3.602221     7.8514   3.602422      96.56     1.5954     0.0382    71.3256 1.0000e-12    3.90586    34.8709    34.8719    27.1951    1484.32    1488.91 0.0000e+00
       4160    158.000     7.8437   3.601991     7.8448   3.602186      96.56     1.5979     0.0371    71.2865 1.0000e-12    3.90241    34.8744    34.8755    27.1989    1484.32    1488.88 0.0000e+00
       4184    159.000     7.8353   3.601700     7.8367   3.601908      96.56     1.5992     0.0366    71.2175 1.0000e-12    3.90205    34.8792    34.8801    27.2039    1484.31    1488.85 0.0000e+00
       4208    160.000     7.8308   3.601543     7.8323   3.601741      96.56     1.6005     0.0361    71.2571 1.0000e-12    3.89726    34.8815    34.8822    27.2064    1484.31    1488.82 0.0000e+00
       4232    161.000     7.8286   3.601521     7.8300   3.601724      73.88     1.5996     0.0350    71.2385 1.0000e-12    3.88074    34.8830    34.8838    27.2078    1484.32    1488.79 0.0000e+00
       4256    162.000     7.8268   3.601706     7.8283   3.601874      91.53     1.6002     0.0343    71.2232 1.0000e-12    3.90119    34.8863    34.8866    27.2107    1484.33    1488.76 0.0000e+00
