_data/ctd/2016/Sta0956_2016.cnv
* Sea-Bird SBE 9 Data File:
* FileName = C:\Seabird\CTDDATA\sta0956.hex
* Software Version Seasave V 7.21f
* Temperature SN = 5458
* Conductivity SN = 044221
* Number of Bytes Per Scan = 41
* Number of Voltage Words = 4
* Number of Scans Averaged by the Deck Unit = 1
* NMEA Latitude = 61 21.26 N
* NMEA Longitude = 007 22.32 E
* NMEA UTC (Time) = Sep 27 2016 00:42:59
** Ship: 01 F/F "Håkon Mosby"
** Station: 0956
** Echodepth: 373
** Log: 3789.8
** Wind-Dir Force: 34 01
** Air-temp (dry): 9,9
** Weather Sky: 2 9
** Sea Ice: 1 0
** UNIS station:
# nquan = 18                                
# nvalues = 358                         
# units = specified
# name 0 = scan: Scan Count
# name 1 = prDM: Pressure, Digiquartz [db]
# name 2 = t068C: Temperature [ITS-68, deg C]
# name 3 = c0S/m: Conductivity [S/m]
# name 4 = t168C: Temperature, 2 [ITS-68, deg C]
# name 5 = c1S/m: Conductivity, 2 [S/m]
# name 6 = altM: Altimeter [m]
# name 7 = sbeox0V: Oxygen raw, SBE 43 [V]
# name 8 = flC: Fluorescence, Chelsea Aqua 3 Chl Con [ug/l]
# name 9 = xmiss: Beam Transmission, Chelsea/Seatech [%]
# name 10 = par: PAR/Irradiance, Biospherical/Licor
# name 11 = sbeox0ML/L: Oxygen, SBE 43 [ml/l], WS = 2
# name 12 = sal00: Salinity, Practical [PSU]
# name 13 = sal11: Salinity, Practical, 2 [PSU]
# name 14 = sigma-t00: Density [sigma-t, Kg/m^3 ]
# name 15 = svCM: Sound Velocity [Chen-Millero, m/s]
# name 16 = avgsvCM: Average Sound Velocity [Chen-Millero, m/s], minP = 0, minS = 0
# name 17 = flag: flag
# span 0 =        420,       9055       
# span 1 =      3.000,    360.000       
# span 2 =     7.5598,    14.3338       
# span 3 =   1.825538,   3.686458       
# span 4 =     7.5612,    14.3356       
# span 5 =   1.814028,   3.685336       
# span 6 =      21.81,     102.65       
# span 7 =     1.4749,     2.6658       
# span 8 =     0.0287,     0.4561       
# span 9 =    41.0992,    71.9278       
# span 10 = 1.0000e-12, 2.5961e-01      
# span 11 =    3.42279,    7.61656      
# span 12 =    14.5532,    34.9999      
# span 13 =    14.4520,    35.0011      
# span 14 =    10.6830,    27.3392      
# span 15 =    1474.49,    1498.86      
# span 16 =    1474.49,    1494.07      
# span 17 = 0.0000e+00, 0.0000e+00      
# interval = decibars: 1                
# start_time = Sep 27 2016 00:43:01 [System UTC, first data scan.]
# bad_flag = -9.990e-29
*END*
[from data line 161]
       4305    164.000     7.8212   3.601660     7.8226   3.601861      96.56     1.6025     0.0302    70.9648 1.0000e-12    3.95904    34.8904    34.8912    27.2148    1484.35    1488.71 0.0000e+00
       4330    165.000     7.8176   3.601522     7.8189   3.601726      96.56     1.6102     0.0342    70.9227 1.0000e-12    4.03765    34.8921    34.8930    27.2166    1484.36    1488.68 0.0000e+00
       4354    166.000     7.8133   3.601348     7.8148   3.601545      96.56     1.6195     0.0356    70.8706 1.0000e-12    4.06643    34.8940    34.8946    27.2187    1484.36    1488.66 0.0000e+00
       4379    167.000     7.8122   3.601395     7.8136   3.601598      95.70     1.6267     0.0334    70.8502 1.0000e-12    4.04912    34.8951    34.8959    27.2198    1484.37    1488.63 0.0000e+00
       4403    168.000     7.8099   3.601321     7.8112   3.601520      82.30     1.6298     0.0332    70.7856 1.0000e-12    4.04361    34.8961    34.8970    27.2209    1484.38    1488.61 0.0000e+00
       4428    169.000     7.8070   3.601190     7.8084   3.601396      96.63     1.6334     0.0358    70.8673 1.0000e-12    4.05769    34.8971    34.8979    27.2221    1484.39    1488.58 0.0000e+00
       4452    170.000     7.8045   3.601197     7.8060   3.601397      96.56     1.6369     0.0347    70.8319 1.0000e-12    4.06024    34.8992    34.8999    27.2241    1484.40    1488.56 0.0000e+00
       4477    171.000     7.7996   3.600980     7.8007   3.601189      96.56     1.6382     0.0347    70.8015 1.0000e-12    4.04210    34.9013    34.9024    27.2265    1484.40    1488.53 0.0000e+00
       4502    172.000     7.7942   3.600750     7.7955   3.600974      96.56     1.6387     0.0354    70.8196 1.0000e-12    4.05272    34.9037    34.9048    27.2292    1484.40    1488.51 0.0000e+00
       4526    173.000     7.7906   3.600623     7.7919   3.600826      96.56     1.6406     0.0354    70.9174 1.0000e-12    4.05967    34.9054    34.9063    27.2311    1484.40    1488.48 0.0000e+00
       4552    174.000     7.7894   3.600620     7.7908   3.600825      96.56     1.6411     0.0326    70.9937 1.0000e-12    4.04329    34.9061    34.9069    27.2318    1484.41    1488.46 0.0000e+00
       4576    175.000     7.7871   3.600544     7.7885   3.600759      71.81     1.6396     0.0337    71.0458 1.0000e-12    4.03033    34.9071    34.9080    27.2329    1484.42    1488.44 0.0000e+00
       4601    176.000     7.7847   3.600481     7.7862   3.600694      87.61     1.6400     0.0338    71.0426 1.0000e-12    4.04872    34.9084    34.9092    27.2343    1484.43    1488.41 0.0000e+00
       4626    177.000     7.7834   3.600494     7.7848   3.600705      96.56     1.6396     0.0356    71.0345 1.0000e-12    4.04534    34.9093    34.9102    27.2352    1484.44    1488.39 0.0000e+00
       4651    178.000     7.7814   3.600453     7.7828   3.600668      96.56     1.6405     0.0358    71.0706 1.0000e-12    4.06152    34.9104    34.9113    27.2363    1484.46    1488.37 0.0000e+00
       4676    179.000     7.7792   3.600431     7.7806   3.600628      91.66     1.6414     0.0352    71.0928 1.0000e-12    4.05467    34.9119    34.9126    27.2378    1484.47    1488.35 0.0000e+00
       4701    180.000     7.7774   3.600383     7.7789   3.600597      87.03     1.6415     0.0351    71.1345 1.0000e-12    4.06153    34.9126    34.9135    27.2387    1484.48    1488.33 0.0000e+00
       4726    181.000     7.7752   3.600313     7.7766   3.600533      96.52     1.6424     0.0341    71.1868 1.0000e-12    4.06576    34.9136    34.9146    27.2398    1484.48    1488.31 0.0000e+00
       4751    182.000     7.7710   3.600164     7.7724   3.600387      96.56     1.6433     0.0342    71.1692 1.0000e-12    4.07044    34.9157    34.9167    27.2421    1484.49    1488.28 0.0000e+00
       4776    183.000     7.7667   3.599965     7.7681   3.600195      96.56     1.6442     0.0330    71.2059 1.0000e-12    4.07392    34.9174    34.9185    27.2440    1484.49    1488.26 0.0000e+00
       4802    184.000     7.7630   3.599826     7.7644   3.600046      96.56     1.6445     0.0349    71.2249 1.0000e-12    4.06764    34.9191    34.9201    27.2459    1484.49    1488.24 0.0000e+00
       4827    185.000     7.7606   3.599750     7.7621   3.599975      96.56     1.6445     0.0338    71.2830 1.0000e-12    4.07398    34.9202    34.9211    27.2471    1484.50    1488.22 0.0000e+00
       4853    186.000     7.7590   3.599713     7.7604   3.599928      96.26     1.6456     0.0339    71.2916 1.0000e-12    4.07443    34.9209    34.9218    27.2479    1484.51    1488.20 0.0000e+00
       4878    187.000     7.7561   3.599614     7.7575   3.599829      52.57     1.6452     0.0323    71.3017 1.0000e-12    4.09486    34.9222    34.9232    27.2494    1484.52    1488.18 0.0000e+00
       4904    188.000     7.7542   3.599563     7.7556   3.599782      96.55     1.6493     0.0336    71.3424 1.0000e-12    4.12073    34.9231    34.9241    27.2504    1484.53    1488.16 0.0000e+00
       4929    189.000     7.7517   3.599481     7.7532   3.599688      96.56     1.6507     0.0354    71.3493 1.0000e-12    4.10222    34.9242    34.9250    27.2516    1484.54    1488.14 0.0000e+00
       4954    190.000     7.7499   3.599414     7.7513   3.599627      96.56     1.6512     0.0361    71.3622 1.0000e-12    4.10615    34.9248    34.9257    27.2523    1484.55    1488.13 0.0000e+00
       4980    191.000     7.7483   3.599374     7.7497   3.599597      96.56     1.6523     0.0356    71.3762 1.0000e-12    4.11096    34.9255    34.9265    27.2531    1484.56    1488.11 0.0000e+00
       5005    192.000     7.7473   3.599377     7.7486   3.599578      96.56     1.6531     0.0383    71.3803 1.0000e-12    4.10587    34.9261    34.9269    27.2537    1484.58    1488.09 0.0000e+00
       5032    193.000     7.7459   3.599400     7.7472   3.599625      74.66     1.6526     0.0371    71.3464 1.0000e-12    4.11141    34.9272    34.9283    27.2548    1484.59    1488.07 0.0000e+00
       5057    194.000     7.7442   3.599329     7.7457   3.599562      96.30     1.6555     0.0367    71.3632 1.0000e-12    4.14227    34.9277    34.9287    27.2554    1484.60    1488.05 0.0000e+00
       5083    195.000     7.7428   3.599328     7.7443   3.599538      96.56     1.6574     0.0347    71.3597 1.0000e-12    4.14569    34.9286    34.9293    27.2563    1484.61    1488.03 0.0000e+00
       5109    196.000     7.7405   3.599262     7.7419   3.599485      96.56     1.6596     0.0350    71.3715 1.0000e-12    4.14810    34.9297    34.9307    27.2575    1484.62    1488.02 0.0000e+00
       5135    197.000     7.7386   3.599191     7.7400   3.599407      96.55     1.6605     0.0372    71.3804 1.0000e-12    4.14436    34.9303    34.9312    27.2583    1484.63    1488.00 0.0000e+00
       5161    198.000     7.7358   3.599053     7.7372   3.599285      96.55     1.6618     0.0349    71.3510 1.0000e-12    4.15493    34.9311    34.9322    27.2594    1484.64    1487.98 0.0000e+00
       5186    199.000     7.7311   3.598822     7.7325   3.599055      96.56     1.6630     0.0323    71.3554 1.0000e-12    4.15330    34.9329    34.9340    27.2614    1484.64    1487.97 0.0000e+00
       5212    200.000     7.7270   3.598614     7.7284   3.598848      74.12     1.6630     0.0325    71.3514 1.0000e-12    4.13995    34.9342    34.9354    27.2631    1484.64    1487.95 0.0000e+00
       5237    201.000     7.7239   3.598474     7.7254   3.598706      80.24     1.6634     0.0293    71.3441 1.0000e-12    4.16012    34.9353    34.9363    27.2644    1484.65    1487.93 0.0000e+00
       5262    202.000     7.7206   3.598313     7.7221   3.598536      96.81     1.6638     0.0319    71.3600 1.0000e-12    4.14193    34.9364    34.9373    27.2658    1484.65    1487.92 0.0000e+00
       5287    203.000     7.7171   3.598173     7.7183   3.598412      96.56     1.6630     0.0328    71.3238 1.0000e-12    4.14227    34.9379    34.9393    27.2675    1484.66    1487.90 0.0000e+00
       5313    204.000     7.7098   3.597813     7.7112   3.598050      96.55     1.6627     0.0322    71.3526 1.0000e-12    4.13831    34.9409    34.9420    27.2709    1484.65    1487.88 0.0000e+00
       5338    205.000     7.7072   3.597733     7.7085   3.597967      96.56     1.6614     0.0312    71.3797 1.0000e-12    4.12838    34.9421    34.9433    27.2722    1484.66    1487.87 0.0000e+00
       5364    206.000     7.7053   3.597676     7.7067   3.597896      95.59     1.6603     0.0303    71.3833 1.0000e-12    4.12972    34.9429    34.9439    27.2731    1484.67    1487.85 0.0000e+00
       5389    207.000     7.7027   3.597566     7.7041   3.597798      86.86     1.6597     0.0314    71.3961 1.0000e-12    4.12901    34.9438    34.9449    27.2742    1484.67    1487.84 0.0000e+00
       5414    208.000     7.7009   3.597508     7.7023   3.597734      37.16     1.6589     0.0314    71.3611 1.0000e-12    4.14501    34.9445    34.9456    27.2750    1484.69    1487.82 0.0000e+00
       5438    209.000     7.6991   3.597443     7.7005   3.597665      96.21     1.6603     0.0340    71.3827 1.0000e-12    4.14480    34.9451    34.9461    27.2758    1484.70    1487.81 0.0000e+00
       5463    210.000     7.6970   3.597353     7.6984   3.597578      96.56     1.6595     0.0350    71.3774 1.0000e-12    4.12441    34.9458    34.9468    27.2766    1484.70    1487.79 0.0000e+00
       5487    211.000     7.6961   3.597398     7.6976   3.597623      96.56     1.6580     0.0346    71.3474 1.0000e-12    4.11689    34.9467    34.9476    27.2775    1484.72    1487.78 0.0000e+00
       5512    212.000     7.6948   3.597379     7.6963   3.597605      96.56     1.6564     0.0320    71.3898 1.0000e-12    4.11316    34.9473    34.9482    27.2781    1484.73    1487.76 0.0000e+00
       5537    213.000     7.6936   3.597387     7.6952   3.597600      96.56     1.6553     0.0302    71.3796 1.0000e-12    4.11187    34.9481    34.9488    27.2789    1484.74    1487.75 0.0000e+00
       5562    214.000     7.6932   3.597464     7.6947   3.597685      55.36     1.6535     0.0324    71.4113 1.0000e-12    4.10747    34.9488    34.9497    27.2796    1484.76    1487.74 0.0000e+00
       5587    215.000     7.6906   3.597395     7.6920   3.597625      88.78     1.6542     0.0316    71.4609 1.0000e-12    4.14220    34.9502    34.9513    27.2810    1484.77    1487.72 0.0000e+00
       5612    216.000     7.6879   3.597309     7.6894   3.597540      96.51     1.6555     0.0295    71.4418 1.0000e-12    4.14489    34.9515    34.9525    27.2824    1484.78    1487.71 0.0000e+00
       5637    217.000     7.6847   3.597137     7.6861   3.597370      96.56     1.6568     0.0319    71.4385 1.0000e-12    4.14678    34.9524    34.9535    27.2836    1484.78    1487.69 0.0000e+00
       5662    218.000     7.6818   3.596977     7.6833   3.597203      96.56     1.6573     0.0329    71.4531 1.0000e-12    4.14482    34.9531    34.9540    27.2846    1484.79    1487.68 0.0000e+00
       5687    219.000     7.6817   3.597017     7.6832   3.597254      96.56     1.6580     0.0351    71.4719 1.0000e-12    4.14331    34.9531    34.9542    27.2846    1484.80    1487.67 0.0000e+00
       5712    220.000     7.6805   3.597061     7.6821   3.597281      85.99     1.6571     0.0364    71.4717 1.0000e-12    4.11232    34.9543    34.9551    27.2857    1484.82    1487.66 0.0000e+00
       5737    221.000     7.6799   3.597101     7.6814   3.597318      73.95     1.6551     0.0332    71.4902 1.0000e-12    4.12872    34.9548    34.9557    27.2862    1484.83    1487.64 0.0000e+00
       5761    222.000     7.6790   3.597117     7.6805   3.597340      96.16     1.6556     0.0341    71.4855 1.0000e-12    4.13628    34.9554    34.9563    27.2868    1484.85    1487.63 0.0000e+00
       5785    223.000     7.6773   3.597035     7.6787   3.597269      96.56     1.6557     0.0332    71.5080 1.0000e-12    4.13569    34.9558    34.9569    27.2873    1484.86    1487.62 0.0000e+00
       5810    224.000     7.6765   3.597074     7.6781   3.597294      96.56     1.6556     0.0321    71.5048 1.0000e-12    4.13450    34.9565    34.9573    27.2880    1484.87    1487.61 0.0000e+00
       5834    225.000     7.6757   3.597075     7.6771   3.597303      96.56     1.6555     0.0324    71.5005 1.0000e-12    4.13276    34.9568    34.9579    27.2884    1484.88    1487.59 0.0000e+00
       5859    226.000     7.6745   3.597060     7.6759   3.597284      96.56     1.6551     0.0327    71.5318 1.0000e-12    4.11948    34.9574    34.9584    27.2890    1484.90    1487.58 0.0000e+00
       5883    227.000     7.6737   3.597063     7.6752   3.597293      75.75     1.6529     0.0328    71.5231 1.0000e-12    4.11780    34.9577    34.9587    27.2894    1484.91    1487.57 0.0000e+00
       5907    228.000     7.6733   3.597091     7.6747   3.597325      96.98     1.6543     0.0327    71.5035 1.0000e-12    4.14483    34.9579    34.9591    27.2896    1484.93    1487.56 0.0000e+00
       5932    229.000     7.6725   3.597102     7.6739   3.597334      96.56     1.6542     0.0359    71.5310 1.0000e-12    4.12878    34.9584    34.9595    27.2901    1484.94    1487.55 0.0000e+00
       5957    230.000     7.6722   3.597131     7.6737   3.597362      96.56     1.6536     0.0340    71.5452 1.0000e-12    4.12183    34.9585    34.9595    27.2902    1484.96    1487.54 0.0000e+00
       5981    231.000     7.6711   3.597117     7.6726   3.597345      88.21     1.6526     0.0307    71.5587 1.0000e-12    4.11853    34.9590    34.9599    27.2908    1484.97    1487.52 0.0000e+00
       6006    232.000     7.6692   3.597046     7.6706   3.597275      65.36     1.6521     0.0303    71.5653 1.0000e-12    4.11738    34.9596    34.9607    27.2916    1484.98    1487.51 0.0000e+00
       6030    233.000     7.6678   3.597006     7.6693   3.597236      56.23     1.6513     0.0310    71.5556 1.0000e-12    4.12684    34.9601    34.9611    27.2921    1484.99    1487.50 0.0000e+00
       6054    234.000     7.6671   3.597012     7.6686   3.597248      96.30     1.6515     0.0314    71.5491 1.0000e-12    4.11823    34.9604    34.9614    27.2925    1485.00    1487.49 0.0000e+00
       6079    235.000     7.6666   3.597027     7.6680   3.597246      96.56     1.6504     0.0321    71.5632 1.0000e-12    4.10866    34.9605    34.9615    27.2927    1485.02    1487.48 0.0000e+00
       6103    236.000     7.6657   3.597020     7.6671   3.597250      96.56     1.6490     0.0329    71.5702 1.0000e-12    4.10112    34.9609    34.9620    27.2931    1485.03    1487.47 0.0000e+00
       6127    237.000     7.6647   3.597025     7.6662   3.597264      96.56     1.6478     0.0310    71.5331 1.0000e-12    4.10094    34.9615    34.9625    27.2937    1485.05    1487.46 0.0000e+00
       6152    238.000     7.6635   3.597030     7.6650   3.597254      96.32     1.6468     0.0326    71.5394 1.0000e-12    4.08914    34.9622    34.9631    27.2945    1485.06    1487.45 0.0000e+00
       6175    239.000     7.6627   3.597029     7.6642   3.597259      46.00     1.6440     0.0305    71.5543 1.0000e-12    4.09289    34.9625    34.9635    27.2948    1485.07    1487.44 0.0000e+00
       6199    240.000     7.6620   3.597042     7.6636   3.597270      95.61     1.6458     0.0318    71.5502 1.0000e-12    4.12603    34.9629    34.9637    27.2952    1485.09    1487.43 0.0000e+00
       6223    241.000     7.6616   3.597054     7.6630   3.597284      96.56     1.6464     0.0331    71.5671 1.0000e-12    4.12154    34.9629    34.9640    27.2953    1485.10    1487.42 0.0000e+00
       6247    242.000     7.6602   3.597029     7.6616   3.597266      96.56     1.6470     0.0322    71.5757 1.0000e-12    4.11482    34.9636    34.9647    27.2960    1485.11    1487.41 0.0000e+00
       6271    243.000     7.6583   3.596964     7.6597   3.597194      96.56     1.6462     0.0343    71.5585 1.0000e-12    4.10618    34.9643    34.9654    27.2968    1485.12    1487.40 0.0000e+00
