_data/ctd/2016/Sta0952_2016.cnv
* Sea-Bird SBE 9 Data File:
* FileName = C:\Seabird\CTDDATA\sta0952.hex
* Software Version Seasave V 7.21f
* Temperature SN = 5458
* Conductivity SN = 044221
* Number of Bytes Per Scan = 41
* Number of Voltage Words = 4
* Number of Scans Averaged by the Deck Unit = 1
* NMEA Latitude = 60 52.08 N
* NMEA Longitude = 005 22.00 E
* NMEA UTC (Time) = Sep 21 2016 11:31:34
** Ship: 01 F/F "Håkon Mosby"
** Station: 0952
** Echodepth: 472
** Log: 3337,9
** Wind-Dir Force: 25 04
** Air-temp (dry): 18.0
** Weather Sky: 2 9
** Sea Ice: 1 0
** UNIS station:
# nquan = 18                                
# nvalues = 458                         
# units = specified
# name 0 = scan: Scan Count
# name 1 = prDM: Pressure, Digiquartz [db]
# name 2 = t068C: Temperature [ITS-68, deg C]
# name 3 = c0S/m: Conductivity [S/m]
# name 4 = t168C: Temperature, 2 [ITS-68, deg C]
# name 5 = c1S/m: Conductivity, 2 [S/m]
# name 6 = altM: Altimeter [m]
# name 7 = sbeox0V: Oxygen raw, SBE 43 [V]
# name 8 = flC: Fluorescence, Chelsea Aqua 3 Chl Con [ug/l]
# name 9 = xmiss: Beam Transmission, Chelsea/Seatech [%]
# name 10 = par: PAR/Irradiance, Biospherical/Licor
# name 11 = sbeox0ML/L: Oxygen, SBE 43 [ml/l], WS = 2
# name 12 = sal00: Salinity, Practical [PSU]
# name 13 = sal11: Salinity, Practical, 2 [PSU]
# name 14 = sigma-t00: Density [sigma-t, Kg/m^3 ]
# name 15 = svCM: Sound Velocity [Chen-Millero, m/s]
# name 16 = avgsvCM: Average Sound Velocity [Chen-Millero, m/s], minP = 0, minS = 0
# name 17 = flag: flag
# span 0 =        266,      10889       
# span 1 =      2.000,    459.000       
# span 2 =     8.1508,    15.1914       
# span 3 =   2.966640,   3.818082       
# span 4 =     8.1520,    15.1921       
# span 5 =   3.032096,   3.818326       
# span 6 =      25.28,      97.86       
# span 7 =     1.0125,     2.4417       
# span 8 =     0.0331,     1.0490       
# span 9 =    59.7061,    72.1029       
# span 10 = 1.0000e-12, 2.3220e+02      
# span 11 =    1.83005,    6.17034      
# span 12 =    23.1227,    35.0502      
# span 13 =    23.7056,    35.0532      
# span 14 =    16.8004,    27.2845      
# span 15 =    1484.53,    1501.80      
# span 16 =    1488.56,    1500.50      
# span 17 = 0.0000e+00, 0.0000e+00      
# interval = decibars: 1                
# start_time = Sep 21 2016 11:31:36 [System UTC, first data scan.]
# bad_flag = -9.990e-29
*END*
[from data line 161]
       3990    163.000     8.1938   3.640733     8.1950   3.641055      89.20     1.4870     0.0393    71.8271 1.0000e-12    3.45237    34.9389    34.9411    27.1969    1485.80    1489.99 0.0000e+00
       4013    164.000     8.1948   3.640927     8.1959   3.641256      92.01     1.4871     0.0403    71.8370 1.0000e-12    3.47324    34.9395    34.9419    27.1972    1485.82    1489.97 0.0000e+00
       4036    165.000     8.1955   3.641076     8.1966   3.641413      96.52     1.4893     0.0409    71.8181 1.0000e-12    3.50654    34.9399    34.9424    27.1974    1485.84    1489.94 0.0000e+00
       4059    166.000     8.1958   3.641172     8.1968   3.641516      96.56     1.4939     0.0403    71.8113 1.0000e-12    3.54547    34.9401    34.9428    27.1976    1485.86    1489.92 0.0000e+00
       4082    167.000     8.1958   3.641244     8.1969   3.641577      96.56     1.4994     0.0438    71.7943 1.0000e-12    3.57294    34.9404    34.9429    27.1978    1485.88    1489.89 0.0000e+00
       4105    168.000     8.1959   3.641305     8.1971   3.641647      96.55     1.5051     0.0425    71.8123 1.0000e-12    3.58979    34.9405    34.9430    27.1978    1485.89    1489.87 0.0000e+00
       4128    169.000     8.1963   3.641421     8.1973   3.641743      96.55     1.5103     0.0411    71.7942 1.0000e-12    3.60101    34.9409    34.9433    27.1980    1485.91    1489.85 0.0000e+00
       4152    170.000     8.1967   3.641540     8.1978   3.641876      93.39     1.5147     0.0394    71.7742 1.0000e-12    3.58638    34.9413    34.9437    27.1983    1485.93    1489.82 0.0000e+00
       4175    171.000     8.1964   3.641556     8.1975   3.641908      30.55     1.5157     0.0399    71.7898 1.0000e-12    3.59739    34.9412    34.9439    27.1983    1485.94    1489.80 0.0000e+00
       4199    172.000     8.1962   3.641625     8.1973   3.641960      97.38     1.5201     0.0410    71.7220 1.0000e-12    3.62182    34.9417    34.9442    27.1987    1485.96    1489.78 0.0000e+00
       4222    173.000     8.1964   3.641728     8.1976   3.642067      96.55     1.5230     0.0415    71.7815 1.0000e-12    3.59929    34.9421    34.9445    27.1990    1485.98    1489.76 0.0000e+00
       4246    174.000     8.1959   3.641745     8.1971   3.642095      57.58     1.5223     0.0395    71.7718 1.0000e-12    3.60288    34.9423    34.9449    27.1992    1485.99    1489.73 0.0000e+00
       4269    175.000     8.1959   3.641817     8.1971   3.642154      96.41     1.5254     0.0395    71.7607 1.0000e-12    3.62235    34.9426    34.9450    27.1995    1486.01    1489.71 0.0000e+00
       4293    176.000     8.1958   3.641862     8.1970   3.642212      96.56     1.5264     0.0377    71.7627 1.0000e-12    3.60264    34.9427    34.9452    27.1996    1486.03    1489.69 0.0000e+00
       4316    177.000     8.1950   3.641853     8.1962   3.642186      82.70     1.5259     0.0331    71.7477 1.0000e-12    3.60537    34.9429    34.9453    27.1998    1486.04    1489.67 0.0000e+00
       4340    178.000     8.1955   3.641980     8.1967   3.642325      96.46     1.5272     0.0355    71.7492 1.0000e-12    3.61146    34.9433    34.9458    27.2001    1486.06    1489.65 0.0000e+00
       4364    179.000     8.1949   3.641992     8.1961   3.642345      96.07     1.5267     0.0373    71.7456 1.0000e-12    3.58967    34.9435    34.9461    27.2004    1486.07    1489.63 0.0000e+00
       4387    180.000     8.1951   3.642098     8.1963   3.642442      96.55     1.5251     0.0412    71.7277 1.0000e-12    3.58507    34.9440    34.9465    27.2007    1486.09    1489.61 0.0000e+00
       4411    181.000     8.1953   3.642214     8.1965   3.642565      96.56     1.5246     0.0435    71.7382 1.0000e-12    3.59389    34.9445    34.9471    27.2011    1486.11    1489.59 0.0000e+00
       4435    182.000     8.1953   3.642277     8.1965   3.642623      96.56     1.5244     0.0433    71.7183 1.0000e-12    3.59748    34.9447    34.9472    27.2012    1486.13    1489.57 0.0000e+00
       4459    183.000     8.1959   3.642396     8.1970   3.642756      96.56     1.5248     0.0427    71.7153 1.0000e-12    3.60231    34.9449    34.9477    27.2013    1486.14    1489.55 0.0000e+00
       4483    184.000     8.1957   3.642465     8.1968   3.642804      96.55     1.5250     0.0412    71.6847 1.0000e-12    3.60564    34.9454    34.9479    27.2017    1486.16    1489.54 0.0000e+00
       4507    185.000     8.1955   3.642527     8.1966   3.642880      96.56     1.5258     0.0403    71.6769 1.0000e-12    3.60270    34.9458    34.9484    27.2020    1486.18    1489.52 0.0000e+00
       4531    186.000     8.1954   3.642583     8.1966   3.642936      46.37     1.5244     0.0415    71.6636 1.0000e-12    3.59646    34.9460    34.9485    27.2022    1486.19    1489.50 0.0000e+00
       4555    187.000     8.1957   3.642682     8.1969   3.643032      92.00     1.5266     0.0434    71.6581 1.0000e-12    3.62897    34.9462    34.9488    27.2024    1486.21    1489.48 0.0000e+00
       4580    188.000     8.1957   3.642753     8.1969   3.643099      96.55     1.5269     0.0426    71.6365 1.0000e-12    3.59500    34.9465    34.9490    27.2026    1486.23    1489.47 0.0000e+00
       4605    189.000     8.1954   3.642801     8.1966   3.643159      67.34     1.5245     0.0418    71.6311 1.0000e-12    3.59096    34.9469    34.9495    27.2029    1486.24    1489.45 0.0000e+00
       4629    190.000     8.1951   3.642837     8.1963   3.643194      96.39     1.5260     0.0413    71.6081 1.0000e-12    3.61718    34.9471    34.9497    27.2031    1486.26    1489.43 0.0000e+00
       4654    191.000     8.1950   3.642885     8.1961   3.643243      96.56     1.5259     0.0399    71.5931 1.0000e-12    3.60470    34.9472    34.9499    27.2032    1486.28    1489.41 0.0000e+00
       4678    192.000     8.1948   3.642934     8.1960   3.643286      89.69     1.5257     0.0388    71.6054 1.0000e-12    3.60602    34.9474    34.9500    27.2034    1486.29    1489.40 0.0000e+00
       4702    193.000     8.1948   3.642976     8.1959   3.643331      96.65     1.5260     0.0400    71.5844 1.0000e-12    3.60793    34.9474    34.9501    27.2034    1486.31    1489.38 0.0000e+00
       4726    194.000     8.1946   3.643022     8.1958   3.643379      96.56     1.5255     0.0401    71.5933 1.0000e-12    3.59748    34.9476    34.9502    27.2036    1486.32    1489.37 0.0000e+00
       4750    195.000     8.1940   3.643058     8.1952   3.643419      96.56     1.5248     0.0431    71.5955 1.0000e-12    3.59968    34.9481    34.9508    27.2041    1486.34    1489.35 0.0000e+00
       4774    196.000     8.1937   3.643095     8.1948   3.643467      96.55     1.5246     0.0439    71.5966 1.0000e-12    3.59771    34.9483    34.9512    27.2043    1486.35    1489.34 0.0000e+00
       4798    197.000     8.1936   3.643146     8.1947   3.643498      96.56     1.5238     0.0440    71.6063 1.0000e-12    3.59365    34.9485    34.9511    27.2044    1486.37    1489.32 0.0000e+00
       4822    198.000     8.1932   3.643174     8.1944   3.643537      96.56     1.5235     0.0423    71.6126 1.0000e-12    3.59398    34.9487    34.9514    27.2047    1486.39    1489.31 0.0000e+00
       4846    199.000     8.1927   3.643195     8.1939   3.643558      45.94     1.5220     0.0404    71.6106 1.0000e-12    3.58620    34.9489    34.9516    27.2049    1486.40    1489.29 0.0000e+00
       4870    200.000     8.1926   3.643255     8.1938   3.643603      84.54     1.5227     0.0408    71.6027 1.0000e-12    3.60064    34.9492    34.9517    27.2051    1486.42    1489.28 0.0000e+00
       4894    201.000     8.1925   3.643283     8.1937   3.643643      96.68     1.5214     0.0415    71.5943 1.0000e-12    3.57146    34.9491    34.9518    27.2051    1486.43    1489.26 0.0000e+00
       4918    202.000     8.1923   3.643320     8.1934   3.643683      61.32     1.5188     0.0424    71.6217 1.0000e-12    3.56264    34.9492    34.9520    27.2052    1486.45    1489.25 0.0000e+00
       4942    203.000     8.1918   3.643343     8.1930   3.643709      85.11     1.5186     0.0446    71.5907 1.0000e-12    3.58643    34.9495    34.9522    27.2055    1486.46    1489.23 0.0000e+00
       4966    204.000     8.1915   3.643378     8.1927   3.643741      96.59     1.5177     0.0432    71.6064 1.0000e-12    3.55948    34.9497    34.9524    27.2057    1486.48    1489.22 0.0000e+00
       4991    205.000     8.1914   3.643428     8.1926   3.643781      64.22     1.5146     0.0432    71.6073 1.0000e-12    3.54766    34.9498    34.9524    27.2058    1486.50    1489.21 0.0000e+00
       5014    206.000     8.1910   3.643457     8.1923   3.643818      88.83     1.5145     0.0439    71.6291 1.0000e-12    3.57356    34.9500    34.9526    27.2061    1486.51    1489.19 0.0000e+00
       5035    207.000     8.1908   3.643499     8.1920   3.643856      96.71     1.5139     0.0431    71.6341 1.0000e-12    3.55575    34.9502    34.9528    27.2062    1486.53    1489.18 0.0000e+00
       5054    208.000     8.1901   3.643497     8.1913   3.643860      92.76     1.5126     0.0411    71.6299 1.0000e-12    3.53980    34.9504    34.9531    27.2065    1486.54    1489.17 0.0000e+00
       5074    209.000     8.1895   3.643512     8.1908   3.643869      63.89     1.5105     0.0406    71.6342 1.0000e-12    3.55417    34.9507    34.9532    27.2068    1486.56    1489.16 0.0000e+00
       5094    210.000     8.1893   3.643544     8.1906   3.643902      96.90     1.5114     0.0412    71.6367 1.0000e-12    3.55801    34.9507    34.9533    27.2069    1486.57    1489.14 0.0000e+00
       5114    211.000     8.1887   3.643557     8.1900   3.643910      96.56     1.5098     0.0428    71.6393 1.0000e-12    3.53357    34.9510    34.9535    27.2072    1486.59    1489.13 0.0000e+00
       5134    212.000     8.1885   3.643587     8.1899   3.643943      80.68     1.5077     0.0429    71.6465 1.0000e-12    3.52349    34.9510    34.9534    27.2072    1486.60    1489.12 0.0000e+00
       5155    213.000     8.1882   3.643606     8.1894   3.643966      88.10     1.5066     0.0392    71.6705 1.0000e-12    3.54034    34.9511    34.9537    27.2073    1486.62    1489.11 0.0000e+00
       5176    214.000     8.1879   3.643633     8.1892   3.644000      96.78     1.5060     0.0381    71.6712 1.0000e-12    3.53139    34.9512    34.9538    27.2074    1486.63    1489.10 0.0000e+00
       5196    215.000     8.1867   3.643594     8.1879   3.643962      96.52     1.5045     0.0385    71.6850 1.0000e-12    3.51066    34.9515    34.9542    27.2078    1486.64    1489.09 0.0000e+00
       5217    216.000     8.1864   3.643614     8.1877   3.643976      83.39     1.5017     0.0408    71.6935 1.0000e-12    3.50347    34.9515    34.9541    27.2079    1486.66    1489.07 0.0000e+00
       5238    217.000     8.1857   3.643610     8.1871   3.643980      96.77     1.5002     0.0445    71.6934 1.0000e-12    3.50026    34.9517    34.9542    27.2081    1486.67    1489.06 0.0000e+00
       5259    218.000     8.1840   3.643514     8.1854   3.643887      96.55     1.4979     0.0457    71.7084 1.0000e-12    3.48100    34.9518    34.9544    27.2085    1486.68    1489.05 0.0000e+00
       5280    219.000     8.1833   3.643496     8.1846   3.643864      92.89     1.4946     0.0440    71.7031 1.0000e-12    3.45927    34.9519    34.9545    27.2087    1486.70    1489.04 0.0000e+00
       5301    220.000     8.1827   3.643485     8.1839   3.643856      95.17     1.4910     0.0430    71.7132 1.0000e-12    3.44060    34.9519    34.9546    27.2088    1486.71    1489.03 0.0000e+00
       5322    221.000     8.1812   3.643408     8.1826   3.643784      96.24     1.4866     0.0422    71.7319 1.0000e-12    3.42051    34.9521    34.9547    27.2091    1486.72    1489.02 0.0000e+00
       5343    222.000     8.1791   3.643260     8.1804   3.643638      96.46     1.4824     0.0428    71.7418 1.0000e-12    3.41005    34.9521    34.9548    27.2095    1486.73    1489.01 0.0000e+00
       5365    223.000     8.1781   3.643231     8.1794   3.643594      96.56     1.4784     0.0424    71.7652 1.0000e-12    3.39095    34.9523    34.9549    27.2098    1486.75    1489.00 0.0000e+00
       5386    224.000     8.1775   3.643237     8.1789   3.643597      96.56     1.4733     0.0392    71.7538 1.0000e-12    3.35810    34.9525    34.9549    27.2100    1486.76    1488.99 0.0000e+00
       5407    225.000     8.1773   3.643269     8.1786   3.643632      96.56     1.4673     0.0388    71.7544 1.0000e-12    3.32588    34.9525    34.9551    27.2101    1486.78    1488.98 0.0000e+00
       5429    226.000     8.1763   3.643231     8.1775   3.643602      96.55     1.4606     0.0397    71.7894 1.0000e-12    3.30192    34.9526    34.9554    27.2103    1486.79    1488.97 0.0000e+00
       5450    227.000     8.1748   3.643167     8.1760   3.643528      96.56     1.4543     0.0413    71.7991 1.0000e-12    3.28623    34.9530    34.9556    27.2108    1486.80    1488.96 0.0000e+00
       5472    228.000     8.1738   3.643126     8.1750   3.643492      96.56     1.4483     0.0404    71.7956 1.0000e-12    3.26222    34.9530    34.9557    27.2110    1486.81    1488.95 0.0000e+00
       5494    229.000     8.1730   3.643089     8.1743   3.643455      62.42     1.4413     0.0407    71.7898 1.0000e-12    3.23277    34.9529    34.9556    27.2111    1486.83    1488.94 0.0000e+00
       5516    230.000     8.1715   3.642971     8.1726   3.643361      59.07     1.4356     0.0387    71.7979 1.0000e-12    3.23886    34.9527    34.9558    27.2111    1486.84    1488.93 0.0000e+00
       5539    231.000     8.1704   3.642943     8.1716   3.643320      96.64     1.4305     0.0407    71.7683 1.0000e-12    3.20593    34.9530    34.9558    27.2115    1486.85    1488.92 0.0000e+00
       5562    232.000     8.1684   3.642806     8.1698   3.643205      90.60     1.4237     0.0412    71.8111 1.0000e-12    3.16083    34.9531    34.9559    27.2119    1486.86    1488.92 0.0000e+00
       5584    233.000     8.1669   3.642723     8.1681   3.643103      60.03     1.4155     0.0413    71.8055 1.0000e-12    3.14902    34.9532    34.9560    27.2122    1486.87    1488.91 0.0000e+00
       5607    234.000     8.1651   3.642613     8.1670   3.643072      96.48     1.4100     0.0422    71.7999 1.0000e-12    3.12681    34.9533    34.9563    27.2126    1486.88    1488.90 0.0000e+00
       5630    235.000     8.1615   3.642294     8.1629   3.642703      96.56     1.4024     0.0442    71.8144 1.0000e-12    3.08098    34.9530    34.9560    27.2129    1486.88    1488.89 0.0000e+00
       5653    236.000     8.1604   3.642271     8.1616   3.642640      79.10     1.3936     0.0433    71.8268 1.0000e-12    3.05048    34.9534    34.9561    27.2133    1486.89    1488.88 0.0000e+00
       5676    237.000     8.1603   3.642343     8.1615   3.642704      96.19     1.3856     0.0432    71.7486 1.0000e-12    3.01366    34.9538    34.9564    27.2136    1486.91    1488.87 0.0000e+00
       5699    238.000     8.1599   3.642415     8.1611   3.642789      96.56     1.3760     0.0436    71.8119 1.0000e-12    2.97612    34.9544    34.9573    27.2142    1486.93    1488.86 0.0000e+00
       5722    239.000     8.1602   3.642517     8.1614   3.642877      96.56     1.3671     0.0413    71.8168 1.0000e-12    2.95683    34.9548    34.9574    27.2144    1486.94    1488.86 0.0000e+00
       5745    240.000     8.1614   3.642731     8.1627   3.643085      96.56     1.3594     0.0422    71.8247 1.0000e-12    2.94814    34.9554    34.9579    27.2147    1486.97    1488.85 0.0000e+00
       5768    241.000     8.1601   3.642714     8.1613   3.643089      96.56     1.3533     0.0451    71.8383 1.0000e-12    2.94945    34.9560    34.9588    27.2154    1486.98    1488.84 0.0000e+00
       5792    242.000     8.1586   3.642623     8.1598   3.643007      96.56     1.3492     0.0446    71.8320 1.0000e-12    2.95518    34.9560    34.9590    27.2157    1486.99    1488.83 0.0000e+00
