_data/ctd/2016/Sta0957_2016.cnv
* Sea-Bird SBE 9 Data File:
* FileName = C:\Seabird\CTDDATA\sta0957.hex
* Software Version Seasave V 7.21f
* Temperature SN = 5458
* Conductivity SN = 044221
* Number of Bytes Per Scan = 41
* Number of Voltage Words = 4
* Number of Scans Averaged by the Deck Unit = 1
* NMEA Latitude = 61 21.31 N
* NMEA Longitude = 007 22.35 E
* NMEA UTC (Time) = Sep 27 2016 06:25:42
** Ship: 01 F/F "Håkon Mosby"
** Station: 0957
** Echodepth: 373
** Log: 3803.594
** Wind-Dir Force: 03 01
** Air-temp (dry): 9,6
** Weather Sky: 2 9
** Sea Ice: 1 0
** UNIS station:
# nquan = 18                                
# nvalues = 364                         
# units = specified
# name 0 = scan: Scan Count
# name 1 = prDM: Pressure, Digiquartz [db]
# name 2 = t068C: Temperature [ITS-68, deg C]
# name 3 = c0S/m: Conductivity [S/m]
# name 4 = t168C: Temperature, 2 [ITS-68, deg C]
# name 5 = c1S/m: Conductivity, 2 [S/m]
# name 6 = altM: Altimeter [m]
# name 7 = sbeox0V: Oxygen raw, SBE 43 [V]
# name 8 = flC: Fluorescence, Chelsea Aqua 3 Chl Con [ug/l]
# name 9 = xmiss: Beam Transmission, Chelsea/Seatech [%]
# name 10 = par: PAR/Irradiance, Biospherical/Licor
# name 11 = sbeox0ML/L: Oxygen, SBE 43 [ml/l], WS = 2
# name 12 = sal00: Salinity, Practical [PSU]
# name 13 = sal11: Salinity, Practical, 2 [PSU]
# name 14 = sigma-t00: Density [sigma-t, Kg/m^3 ]
# name 15 = svCM: Sound Velocity [Chen-Millero, m/s]
# name 16 = avgsvCM: Average Sound Velocity [Chen-Millero, m/s], minP = 0, minS = 0
# name 17 = flag: flag
# span 0 =        323,       9635       
# span 1 =      1.000,    364.000       
# span 2 =     7.5609,    14.3878       
# span 3 =   0.895991,   3.716991       
# span 4 =     7.5623,    14.3880       
# span 5 =   0.900666,   3.717160       
# span 6 =     -56.73,      97.08       
# span 7 =     1.4734,     2.6141       
# span 8 =     0.0277,     0.3956       
# span 9 =    19.2212,    71.9583       
# span 10 = -1.262e-06, 1.4037e+01      
# span 11 =    3.40530,    7.47966      
# span 12 =     6.9245,    34.9992      
# span 13 =     6.9610,    35.0009      
# span 14 =     4.9347,    27.3385      
# span 15 =    1461.62,    1498.95      
# span 16 =    1461.62,    1494.00      
# span 17 = 0.0000e+00, 0.0000e+00      
# interval = decibars: 1                
# start_time = Sep 27 2016 06:25:43 [System UTC, first data scan.]
# bad_flag = -9.990e-29
*END*
[from data line 81]
       2392     82.000     9.2571   3.601362     9.2587   3.600880      96.56     1.8950     0.0592    71.8179 1.0000e-12    4.22524    33.5350    33.5285    25.9305    1486.69    1492.37 0.0000e+00
       2416     83.000     9.2355   3.609238     9.2369   3.609052      96.56     1.8477     0.0547    71.8333 1.0000e-12    4.10614    33.6365    33.6332    26.0133    1486.75    1492.30 0.0000e+00
       2440     84.000     9.2225   3.614498     9.2239   3.614330      96.56     1.8017     0.0485    71.8604 1.0000e-12    3.95085    33.7028    33.6998    26.0673    1486.80    1492.23 0.0000e+00
       2465     85.000     9.2143   3.616816     9.2159   3.616958      96.56     1.7554     0.0480    71.8904 1.0000e-12    3.81040    33.7342    33.7341    26.0932    1486.82    1492.17 0.0000e+00
       2489     86.000     9.2093   3.618042     9.2109   3.617973      96.56     1.7127     0.0525    71.8986 1.0000e-12    3.70848    33.7512    33.7489    26.1073    1486.84    1492.11 0.0000e+00
       2514     87.000     9.1983   3.621236     9.1999   3.621212      87.39     1.6747     0.0525    71.9385 1.0000e-12    3.64106    33.7943    33.7925    26.1428    1486.87    1492.05 0.0000e+00
       2538     88.000     9.1895   3.623590     9.1910   3.623618      72.08     1.6440     0.0486    71.9143 1.0000e-12    3.62396    33.8266    33.8255    26.1695    1486.89    1491.99 0.0000e+00
       2562     89.000     9.1666   3.626290     9.1680   3.626265      96.49     1.6205     0.0499    71.9355 1.0000e-12    3.58308    33.8759    33.8743    26.2117    1486.89    1491.93 0.0000e+00
       2587     90.000     9.1365   3.630635     9.1378   3.630442      96.56     1.5988     0.0519    71.9401 1.0000e-12    3.54004    33.9493    33.9460    26.2740    1486.88    1491.87 0.0000e+00
       2612     91.000     9.0934   3.632906     9.0946   3.632989      96.56     1.5809     0.0524    71.9366 1.0000e-12    3.52763    34.0136    34.0133    26.3312    1486.82    1491.82 0.0000e+00
       2636     92.000     9.0530   3.634125     9.0541   3.634214      96.56     1.5664     0.0500    71.9045 1.0000e-12    3.48255    34.0644    34.0643    26.3774    1486.75    1491.76 0.0000e+00
       2661     93.000     9.0213   3.634961     9.0226   3.635141      96.56     1.5497     0.0453    71.8482 1.0000e-12    3.41235    34.1031    34.1037    26.4127    1486.70    1491.71 0.0000e+00
       2686     94.000     8.9961   3.634545     8.9976   3.634720      78.80     1.5334     0.0426    71.9583 1.0000e-12    3.40530    34.1224    34.1228    26.4319    1486.64    1491.65 0.0000e+00
       2711     95.000     8.9712   3.635244     8.9728   3.635374      96.49     1.5256     0.0418    71.9423 1.0000e-12    3.44119    34.1532    34.1530    26.4599    1486.61    1491.60 0.0000e+00
       2735     96.000     8.9402   3.635301     8.9414   3.635490      96.56     1.5191     0.0449    71.9463 1.0000e-12    3.43806    34.1831    34.1839    26.4883    1486.54    1491.55 0.0000e+00
       2760     97.000     8.9152   3.634324     8.9168   3.634608      96.56     1.5158     0.0470    71.9484 1.0000e-12    3.47196    34.1965    34.1979    26.5027    1486.49    1491.49 0.0000e+00
       2784     98.000     8.8859   3.633829     8.8871   3.634002      96.56     1.5164     0.0481    71.9295 1.0000e-12    3.50140    34.2190    34.2197    26.5250    1486.42    1491.44 0.0000e+00
       2808     99.000     8.8276   3.633156     8.8287   3.633493      96.56     1.5174     0.0422    71.9078 1.0000e-12    3.49762    34.2678    34.2702    26.5724    1486.28    1491.39 0.0000e+00
       2833    100.000     8.7760   3.630906     8.7775   3.631221      94.84     1.5165     0.0440    71.9224 1.0000e-12    3.49384    34.2935    34.2954    26.6007    1486.14    1491.34 0.0000e+00
       2857    101.000     8.7354   3.629379     8.7373   3.629690      84.26     1.5172     0.0442    71.9204 1.0000e-12    3.51907    34.3163    34.3178    26.6249    1486.03    1491.29 0.0000e+00
       2882    102.000     8.6953   3.627876     8.6969   3.628217      51.16     1.5196     0.0409    71.9402 1.0000e-12    3.56490    34.3389    34.3409    26.6489    1485.93    1491.23 0.0000e+00
       2907    103.000     8.6624   3.626726     8.6638   3.626945      96.23     1.5248     0.0407    71.9483 1.0000e-12    3.57776    34.3582    34.3592    26.6692    1485.85    1491.18 0.0000e+00
       2931    104.000     8.6415   3.626400     8.6430   3.626585      96.56     1.5277     0.0419    71.9485 1.0000e-12    3.58111    34.3746    34.3751    26.6853    1485.81    1491.13 0.0000e+00
       2956    105.000     8.6171   3.625852     8.6182   3.626124      96.56     1.5306     0.0402    71.9328 1.0000e-12    3.59249    34.3921    34.3939    26.7028    1485.75    1491.08 0.0000e+00
       2980    106.000     8.5691   3.623561     8.5705   3.623852      96.56     1.5334     0.0393    71.9419 1.0000e-12    3.60441    34.4142    34.4159    26.7275    1485.62    1491.03 0.0000e+00
       3004    107.000     8.5432   3.623331     8.5444   3.623640      96.56     1.5359     0.0414    71.9236 1.0000e-12    3.60742    34.4365    34.4386    26.7490    1485.57    1490.97 0.0000e+00
       3029    108.000     8.4968   3.620478     8.4980   3.620896      75.61     1.5369     0.0426    71.8957 1.0000e-12    3.61405    34.4511    34.4544    26.7677    1485.43    1490.92 0.0000e+00
       3053    109.000     8.4759   3.619655     8.4774   3.619869      95.54     1.5407     0.0417    71.8132 1.0000e-12    3.64869    34.4623    34.4631    26.7797    1485.38    1490.87 0.0000e+00
       3078    110.000     8.4586   3.619421     8.4600   3.619635      96.56     1.5433     0.0381    71.7526 1.0000e-12    3.64120    34.4763    34.4772    26.7933    1485.35    1490.82 0.0000e+00
       3103    111.000     8.4570   3.621462     8.4588   3.621444      96.56     1.5447     0.0392    71.7915 1.0000e-12    3.63824    34.4990    34.4971    26.8114    1485.39    1490.77 0.0000e+00
       3128    112.000     8.4317   3.620770     8.4327   3.621173      96.56     1.5461     0.0391    71.8195 1.0000e-12    3.64940    34.5160    34.5193    26.8286    1485.33    1490.72 0.0000e+00
       3152    113.000     8.3888   3.618365     8.3896   3.618668      96.56     1.5482     0.0399    71.7974 1.0000e-12    3.68308    34.5320    34.5344    26.8477    1485.21    1490.67 0.0000e+00
       3177    114.000     8.3700   3.619110     8.3715   3.619263      91.65     1.5529     0.0407    71.8160 1.0000e-12    3.70494    34.5579    34.5580    26.8709    1485.18    1490.63 0.0000e+00
       3202    115.000     8.3268   3.616365     8.3275   3.616906      84.12     1.5566     0.0388    71.8095 1.0000e-12    3.72738    34.5706    34.5757    26.8875    1485.05    1490.58 0.0000e+00
       3227    116.000     8.2820   3.613843     8.2836   3.614027      96.62     1.5610     0.0383    71.8288 1.0000e-12    3.73657    34.5873    34.5877    26.9075    1484.92    1490.53 0.0000e+00
       3251    117.000     8.2691   3.613878     8.2705   3.614157      96.56     1.5637     0.0363    71.7303 1.0000e-12    3.72133    34.5999    34.6015    26.9193    1484.91    1490.48 0.0000e+00
       3276    118.000     8.2439   3.612799     8.2454   3.613047      96.56     1.5632     0.0370    71.7945 1.0000e-12    3.69721    34.6128    34.6139    26.9332    1484.84    1490.43 0.0000e+00
       3300    119.000     8.2155   3.611520     8.2166   3.611850      96.05     1.5626     0.0379    71.7856 1.0000e-12    3.69277    34.6266    34.6291    26.9484    1484.77    1490.38 0.0000e+00
       3325    120.000     8.1886   3.610114     8.1896   3.610380      46.67     1.5601     0.0344    71.7590 1.0000e-12    3.68764    34.6377    34.6395    26.9612    1484.70    1490.34 0.0000e+00
       3349    121.000     8.1767   3.609759     8.1782   3.609963      96.29     1.5605     0.0330    71.7499 1.0000e-12    3.70113    34.6451    34.6458    26.9688    1484.68    1490.29 0.0000e+00
       3374    122.000     8.1673   3.609289     8.1690   3.609585      96.56     1.5591     0.0335    71.6926 1.0000e-12    3.68372    34.6489    34.6504    26.9732    1484.67    1490.24 0.0000e+00
       3399    123.000     8.1569   3.608683     8.1583   3.608934      96.56     1.5577     0.0364    71.7263 1.0000e-12    3.68865    34.6522    34.6535    26.9774    1484.65    1490.20 0.0000e+00
       3423    124.000     8.1362   3.607982     8.1373   3.608236      96.56     1.5572     0.0337    71.6900 1.0000e-12    3.68550    34.6647    34.6663    26.9903    1484.60    1490.15 0.0000e+00
       3448    125.000     8.1152   3.607405     8.1167   3.607630      96.56     1.5557     0.0343    71.6254 1.0000e-12    3.66829    34.6788    34.6797    27.0046    1484.56    1490.11 0.0000e+00
       3473    126.000     8.1080   3.607243     8.1094   3.607469      72.11     1.5524     0.0330    71.5574 1.0000e-12    3.65353    34.6837    34.6847    27.0095    1484.55    1490.06 0.0000e+00
       3498    127.000     8.0907   3.606890     8.0921   3.607131      74.76     1.5519     0.0327    71.4269 1.0000e-12    3.69271    34.6966    34.6977    27.0222    1484.52    1490.02 0.0000e+00
       3523    128.000     8.0772   3.606562     8.0782   3.606776      96.60     1.5525     0.0351    71.3990 1.0000e-12    3.68951    34.7059    34.7072    27.0316    1484.50    1489.98 0.0000e+00
       3547    129.000     8.0521   3.605765     8.0527   3.606037      96.55     1.5528     0.0376    71.3670 1.0000e-12    3.69474    34.7218    34.7241    27.0478    1484.44    1489.93 0.0000e+00
       3572    130.000     8.0367   3.605188     8.0379   3.605400      96.56     1.5533     0.0384    71.3608 1.0000e-12    3.70429    34.7304    34.7314    27.0569    1484.41    1489.89 0.0000e+00
       3596    131.000     8.0284   3.604992     8.0298   3.605223      96.56     1.5544     0.0372    71.4109 1.0000e-12    3.71211    34.7360    34.7371    27.0626    1484.40    1489.85 0.0000e+00
       3621    132.000     8.0193   3.604788     8.0206   3.605011      96.56     1.5553     0.0384    71.4127 1.0000e-12    3.69955    34.7424    34.7435    27.0689    1484.39    1489.81 0.0000e+00
       3646    133.000     8.0105   3.604563     8.0119   3.604790      64.83     1.5543     0.0432    71.4681 1.0000e-12    3.71097    34.7482    34.7492    27.0748    1484.38    1489.77 0.0000e+00
       3671    134.000     8.0009   3.604433     8.0024   3.604649      96.35     1.5565     0.0399    71.4768 1.0000e-12    3.72657    34.7558    34.7567    27.0823    1484.37    1489.73 0.0000e+00
       3696    135.000     7.9928   3.604317     7.9943   3.604536      96.56     1.5575     0.0378    71.4861 1.0000e-12    3.72251    34.7622    34.7630    27.0884    1484.36    1489.69 0.0000e+00
       3721    136.000     7.9856   3.604220     7.9871   3.604440      96.56     1.5578     0.0349    71.5027 1.0000e-12    3.72451    34.7678    34.7687    27.0939    1484.36    1489.65 0.0000e+00
       3745    137.000     7.9723   3.604065     7.9736   3.604288      96.56     1.5589     0.0357    71.5091 1.0000e-12    3.72923    34.7789    34.7800    27.1046    1484.34    1489.61 0.0000e+00
       3770    138.000     7.9530   3.603836     7.9544   3.604073      96.56     1.5589     0.0351    71.4745 1.0000e-12    3.72099    34.7951    34.7963    27.1203    1484.30    1489.57 0.0000e+00
       3795    139.000     7.9455   3.604068     7.9468   3.604244      86.31     1.5583     0.0345    71.4863 1.0000e-12    3.72283    34.8046    34.8052    27.1288    1484.30    1489.53 0.0000e+00
       3820    140.000     7.9440   3.604318     7.9454   3.604543      54.22     1.5593     0.0348    71.4873 1.0000e-12    3.75351    34.8083    34.8093    27.1319    1484.32    1489.49 0.0000e+00
       3845    141.000     7.9400   3.604314     7.9413   3.604537      72.80     1.5639     0.0366    71.4465 1.0000e-12    3.81938    34.8117    34.8128    27.1353    1484.32    1489.46 0.0000e+00
       3870    142.000     7.9328   3.604176     7.9342   3.604403      96.47     1.5711     0.0372    71.4769 1.0000e-12    3.85077    34.8169    34.8180    27.1404    1484.32    1489.42 0.0000e+00
       3896    143.000     7.9264   3.604033     7.9277   3.604279      96.56     1.5779     0.0357    71.4483 1.0000e-12    3.86707    34.8213    34.8226    27.1448    1484.32    1489.39 0.0000e+00
       3921    144.000     7.9180   3.603551     7.9194   3.603794      96.56     1.5834     0.0403    71.4138 1.0000e-12    3.87004    34.8240    34.8252    27.1482    1484.31    1489.35 0.0000e+00
       3946    145.000     7.9152   3.603508     7.9167   3.603748      96.56     1.5872     0.0406    71.4252 1.0000e-12    3.85727    34.8258    34.8269    27.1500    1484.31    1489.31 0.0000e+00
       3971    146.000     7.9120   3.603416     7.9136   3.603661      96.56     1.5876     0.0381    71.4351 1.0000e-12    3.81509    34.8275    34.8286    27.1518    1484.32    1489.28 0.0000e+00
       3997    147.000     7.9063   3.603236     7.9078   3.603471      70.91     1.5842     0.0382    71.3324 1.0000e-12    3.78844    34.8308    34.8318    27.1552    1484.32    1489.25 0.0000e+00
       4022    148.000     7.9021   3.603124     7.9035   3.603360      91.85     1.5833     0.0369    71.3881 1.0000e-12    3.80816    34.8333    34.8344    27.1578    1484.32    1489.21 0.0000e+00
       4047    149.000     7.8962   3.602935     7.8977   3.603170      96.50     1.5812     0.0348    71.3806 1.0000e-12    3.77865    34.8366    34.8377    27.1613    1484.32    1489.18 0.0000e+00
       4072    150.000     7.8934   3.603024     7.8949   3.603244      96.56     1.5779     0.0374    71.3568 1.0000e-12    3.76202    34.8399    34.8408    27.1643    1484.33    1489.15 0.0000e+00
       4097    151.000     7.8898   3.603067     7.8912   3.603297      96.56     1.5748     0.0344    71.3371 1.0000e-12    3.76168    34.8434    34.8445    27.1677    1484.34    1489.12 0.0000e+00
       4122    152.000     7.8876   3.603173     7.8890   3.603413      96.56     1.5731     0.0360    71.3557 1.0000e-12    3.78015    34.8463    34.8475    27.1702    1484.35    1489.08 0.0000e+00
       4147    153.000     7.8850   3.603253     7.8864   3.603474      94.32     1.5736     0.0376    71.3454 1.0000e-12    3.80319    34.8493    34.8502    27.1729    1484.36    1489.05 0.0000e+00
       4173    154.000     7.8837   3.603248     7.8852   3.603486      80.27     1.5758     0.0354    71.3657 1.0000e-12    3.82344    34.8500    34.8511    27.1737    1484.37    1489.02 0.0000e+00
       4198    155.000     7.8801   3.603101     7.8815   3.603351      53.05     1.5788     0.0332    71.3298 1.0000e-12    3.86041    34.8515    34.8528    27.1755    1484.38    1488.99 0.0000e+00
       4224    156.000     7.8713   3.602804     7.8727   3.603061      96.56     1.5834     0.0371    71.3396 1.0000e-12    3.85687    34.8566    34.8580    27.1808    1484.37    1488.96 0.0000e+00
       4249    157.000     7.8684   3.602852     7.8698   3.603090      96.55     1.5846     0.0373    71.3645 1.0000e-12    3.84004    34.8596    34.8607    27.1835    1484.38    1488.93 0.0000e+00
       4274    158.000     7.8651   3.602899     7.8666   3.603133      96.10     1.5855     0.0375    71.3070 1.0000e-12    3.83213    34.8629    34.8639    27.1866    1484.38    1488.91 0.0000e+00
       4299    159.000     7.8634   3.602904     7.8648   3.603143      45.83     1.5846     0.0335    71.3505 1.0000e-12    3.85770    34.8641    34.8653    27.1878    1484.40    1488.88 0.0000e+00
       4324    160.000     7.8559   3.602577     7.8572   3.602834      96.10     1.5895     0.0367    71.3425 1.0000e-12    3.90063    34.8676    34.8691    27.1917    1484.39    1488.85 0.0000e+00
